HB2403/ctd021.cnv
* Sea-Bird SBE 9 Data File:
* FileName = C:\cruise\data\ctd021.hex
* Software Version Seasave V 7.26.7.121
* Temperature SN = 6650
* Conductivity SN = 6035
* Number of Bytes Per Scan = 37
* Number of Voltage Words = 4
* Number of Scans Averaged by the Deck Unit = 1
* NMEA Latitude = 42 59.77 N
* NMEA Longitude = 070 25.09 W
* NMEA UTC (Time) = Jun 12 2024 02:30:42
* NMEA baud rate = 4800
** Ship: Pisces PC2305
** Program:  Fall ECOMON
** Chief Scientist: Harvey Walsh
# nquan = 6
# nvalues = 194                         
# units = specified
# name 0 = depSM: Depth [salt water, m]
# name 1 = t090C: Temperature [ITS-90, deg C]
# name 2 = c0S/m: Conductivity [S/m]
# name 3 = sal00: Salinity, Practical [PSU]
# name 4 = scan: Scan Count
# name 5 = flag: flag
# span 0 =      1.000,     98.000       
# span 1 =     5.3514,    15.7433       
# span 2 =   3.110880,   3.883224       
# span 3 =    30.6971,    32.0161       
# span 4 =        156,      23448       
# span 5 = 0.0000e+00, 0.0000e+00       
# interval = meters: 1                  
# start_time = Jun 12 2024 02:30:42 [NMEA time, header]
# bad_flag = -9.990e-29
*END*
      2.000    15.7302   3.880525    30.7023        156 0.0000e+00
      3.000    15.6923   3.876627    30.6971        356 0.0000e+00
      4.000    15.4159   3.854541    30.7166        390 0.0000e+00
      5.000    14.4692   3.791396    30.8968        417 0.0000e+00
      6.000    14.3638   3.785007    30.9225        444 0.0000e+00
      7.000    14.2922   3.780675    30.9399        470 0.0000e+00
      8.000    14.1682   3.773954    30.9777        496 0.0000e+00
      9.000    13.9149   3.758145    31.0364        521 0.0000e+00
     10.000    13.0223   3.691322    31.1425        546 0.0000e+00
     11.000    11.7120   3.595299    31.3178        571 0.0000e+00
     12.000    10.7550   3.522035    31.4143        598 0.0000e+00
     13.000     9.5448   3.428751    31.5274        626 0.0000e+00
     14.000     8.7545   3.367913    31.5999        653 0.0000e+00
     15.000     8.5835   3.354207    31.6094        679 0.0000e+00
     16.000     8.4356   3.340304    31.5959        704 0.0000e+00
     17.000     8.0998   3.311484    31.5936        728 0.0000e+00
     18.000     7.6958   3.279079    31.6143        753 0.0000e+00
     19.000     7.5235   3.265115    31.6210        782 0.0000e+00
     20.000     7.4831   3.261337    31.6168        812 0.0000e+00
     21.000     7.4513   3.258412    31.6139        840 0.0000e+00
     22.000     7.4038   3.254300    31.6125        864 0.0000e+00
     23.000     7.1611   3.234635    31.6216        886 0.0000e+00
     24.000     7.0119   3.223102    31.6329        911 0.0000e+00
     25.000     6.9085   3.214360    31.6323        941 0.0000e+00
     26.000     6.7229   3.199456    31.6401        973 0.0000e+00
     27.000     6.5457   3.185648    31.6519       1000 0.0000e+00
     28.000     6.4285   3.178194    31.6781       1023 0.0000e+00
     29.000     6.3769   3.174474    31.6844       1045 0.0000e+00
     30.000     6.2914   3.167127    31.6823       1071 0.0000e+00
     31.000     6.1857   3.158444    31.6840       1100 0.0000e+00
     32.000     6.1719   3.157937    31.6907       1129 0.0000e+00
     33.000     6.1850   3.159890    31.6997       1155 0.0000e+00
     34.000     6.1857   3.160636    31.7069       1179 0.0000e+00
     35.000     6.1515   3.157615    31.7047       1205 0.0000e+00
     36.000     6.1290   3.155395    31.7006       1234 0.0000e+00
     37.000     6.0667   3.149442    31.6920       1262 0.0000e+00
     38.000     5.9445   3.139029    31.6898       1288 0.0000e+00
     39.000     5.9313   3.137934    31.6894       1313 0.0000e+00
     40.000     5.9122   3.136441    31.6901       1339 0.0000e+00
     41.000     5.8929   3.134928    31.6908       1365 0.0000e+00
     42.000     5.8687   3.132842    31.6897       1391 0.0000e+00
     43.000     5.7884   3.126373    31.6921       1417 0.0000e+00
     44.000     5.7437   3.123121    31.6971       1445 0.0000e+00
     45.000     5.7006   3.119774    31.6995       1474 0.0000e+00
     46.000     5.7741   3.127502    31.7167       1500 0.0000e+00
     47.000     5.7971   3.129707    31.7193       1525 0.0000e+00
     48.000     5.7922   3.129503    31.7211       1550 0.0000e+00
     49.000     5.7566   3.126513    31.7206       1577 0.0000e+00
     50.000     5.7504   3.126131    31.7217       1604 0.0000e+00
     51.000     5.7385   3.125178    31.7216       1631 0.0000e+00
     52.000     5.7419   3.126427    31.7320       1656 0.0000e+00
     53.000     5.7002   3.123238    31.7349       1683 0.0000e+00
     54.000     5.6667   3.120513    31.7353       1710 0.0000e+00
     55.000     5.6225   3.116672    31.7333       1736 0.0000e+00
     56.000     5.5897   3.113631    31.7294       1762 0.0000e+00
     57.000     5.5555   3.110880    31.7301       1788 0.0000e+00
     58.000     5.6267   3.118288    31.7460       1816 0.0000e+00
     59.000     5.6744   3.123404    31.7581       1844 0.0000e+00
     60.000     5.7464   3.130876    31.7739       1870 0.0000e+00
     61.000     5.7520   3.132627    31.7877       1896 0.0000e+00
     62.000     5.7425   3.132622    31.7962       1922 0.0000e+00
     63.000     5.7300   3.132373    31.8047       1948 0.0000e+00
     64.000     5.7216   3.132147    31.8095       1973 0.0000e+00
     65.000     5.7181   3.132541    31.8168       1999 0.0000e+00
     66.000     5.7152   3.132786    31.8218       2028 0.0000e+00
     67.000     5.7121   3.132739    31.8238       2058 0.0000e+00
     68.000     5.6945   3.131597    31.8270       2085 0.0000e+00
     69.000     5.6706   3.130002    31.8312       2109 0.0000e+00
     70.000     5.6135   3.125565    31.8347       2131 0.0000e+00
     71.000     5.5854   3.123590    31.8385       2155 0.0000e+00
     72.000     5.5606   3.122373    31.8477       2185 0.0000e+00
     73.000     5.5166   3.119286    31.8541       2217 0.0000e+00
     74.000     5.4974   3.118413    31.8619       2244 0.0000e+00
     75.000     5.5086   3.120000    31.8687       2268 0.0000e+00
     76.000     5.5206   3.121566    31.8746       2292 0.0000e+00
     77.000     5.5144   3.121925    31.8840       2319 0.0000e+00
     78.000     5.5348   3.124989    31.8988       2348 0.0000e+00
     79.000     5.5675   3.128421    31.9061       2374 0.0000e+00
     80.000     5.6070   3.132777    31.9172       2397 0.0000e+00
     81.000     5.6572   3.138275    31.9311       2422 0.0000e+00
     82.000     5.6496   3.138712    31.9428       2450 0.0000e+00
     83.000     5.6355   3.137999    31.9476       2481 0.0000e+00
     84.000     5.6220   3.137294    31.9519       2510 0.0000e+00
     85.000     5.6400   3.140155    31.9667       2536 0.0000e+00
     86.000     5.6578   3.142418    31.9747       2559 0.0000e+00
     87.000     5.6568   3.142536    31.9766       2583 0.0000e+00
     88.000     5.6422   3.141582    31.9792       2609 0.0000e+00
     89.000     5.6079   3.138945    31.9815       2639 0.0000e+00
     90.000     5.5905   3.137735    31.9839       2668 0.0000e+00
     91.000     5.5864   3.137513    31.9848       2693 0.0000e+00
     92.000     5.5761   3.136700    31.9849       2717 0.0000e+00
     93.000     5.5305   3.133033    31.9865       2743 0.0000e+00
     94.000     5.4823   3.130073    31.9983       2773 0.0000e+00
     95.000     5.4672   3.129233    32.0028       2803 0.0000e+00
     96.000     5.4296   3.126375    32.0057       2828 0.0000e+00
     97.000     5.3804   3.122851    32.0121       2851 0.0000e+00
     98.000     5.3514   3.120802    32.0161       4846 0.0000e+00
     97.000     5.3577   3.120876    32.0114       6685 0.0000e+00
     96.000     5.3723   3.121861    32.0091       6744 0.0000e+00
     95.000     5.4101   3.124730    32.0061       6775 0.0000e+00
     94.000     5.4503   3.127571    32.0004       6806 0.0000e+00
     93.000     5.4626   3.128369    31.9983       6831 0.0000e+00
     92.000     5.5070   3.131118    31.9876       6851 0.0000e+00
     91.000     5.5655   3.135511    31.9821       6872 0.0000e+00
     90.000     5.6008   3.138112    31.9784       6896 0.0000e+00
     89.000     5.6065   3.138572    31.9787       6927 0.0000e+00
     88.000     5.6279   3.140177    31.9769       6959 0.0000e+00
     87.000     5.6112   3.138945    31.9794       6986 0.0000e+00
     86.000     5.6402   3.141197    31.9777       7008 0.0000e+00
     85.000     5.6333   3.139225    31.9626       7029 0.0000e+00
     84.000     5.6258   3.137734    31.9533       7053 0.0000e+00
     83.000     5.6373   3.137962    31.9455       7081 0.0000e+00
     82.000     5.6464   3.138286    31.9410       7112 0.0000e+00
     81.000     5.6549   3.138505    31.9359       7138 0.0000e+00
     80.000     5.6321   3.135465    31.9238       7161 0.0000e+00
     79.000     5.5880   3.130294    31.9077       7186 0.0000e+00
     78.000     5.5406   3.125125    31.8948       7213 0.0000e+00
     77.000     5.5248   3.122557    31.8813       7241 0.0000e+00
     76.000     5.5277   3.122297    31.8760       7267 0.0000e+00
     75.000     5.5092   3.119615    31.8638       7290 0.0000e+00
     74.000     5.5009   3.118287    31.8572       7314 0.0000e+00
     73.000     5.5302   3.119997    31.8492       7340 0.0000e+00
     72.000     5.5670   3.122299    31.8408       7369 0.0000e+00
     71.000     5.5973   3.124185    31.8339       7398 0.0000e+00
     70.000     5.6319   3.127014    31.8336       7423 0.0000e+00
     69.000     5.6741   3.129784    31.8254       7446 0.0000e+00
     68.000     5.6937   3.131053    31.8217       7469 0.0000e+00
     67.000     5.7039   3.131568    31.8183       7495 0.0000e+00
     66.000     5.7100   3.131410    31.8113       7523 0.0000e+00
     65.000     5.7161   3.131221    31.8038       7551 0.0000e+00
     64.000     5.7230   3.131326    31.7990       7577 0.0000e+00
     63.000     5.7388   3.131909    31.7911       7602 0.0000e+00
     62.000     5.7434   3.131012    31.7772       7627 0.0000e+00
     61.000     5.7342   3.129448    31.7688       7653 0.0000e+00
     60.000     5.7325   3.129174    31.7678       7679 0.0000e+00
     59.000     5.6726   3.122360    31.7481       7705 0.0000e+00
     58.000     5.5985   3.114562    31.7306       7731 0.0000e+00
     57.000     5.5751   3.112005    31.7243       7756 0.0000e+00
     56.000     5.6049   3.114489    31.7247       7781 0.0000e+00
     55.000     5.6600   3.119247    31.7269       7809 0.0000e+00
     54.000     5.6957   3.122210    31.7272       7837 0.0000e+00
     53.000     5.7399   3.125616    31.7243       7864 0.0000e+00
     52.000     5.7495   3.125448    31.7139       7888 0.0000e+00
     51.000     5.7678   3.126427    31.7081      10743 0.0000e+00
     50.000     5.7615   3.125970    31.7094      11769 0.0000e+00
     49.000     5.7862   3.128018    31.7097      11786 0.0000e+00
     48.000     5.7887   3.127874    31.7062      11813 0.0000e+00
     47.000     5.7878   3.127585    31.7043      11841 0.0000e+00
     46.000     5.7058   3.118719    31.6823      11868 0.0000e+00
     45.000     5.7214   3.120146    31.6841      11892 0.0000e+00
     44.000     5.7627   3.123204    31.6801      11917 0.0000e+00
     43.000     5.8358   3.128906    31.6759      11944 0.0000e+00
     42.000     5.8945   3.133516    31.6730      11973 0.0000e+00
     41.000     5.9045   3.134291    31.6728      11998 0.0000e+00
     40.000     5.9098   3.134236    31.6677      12020 0.0000e+00
     39.000     5.9261   3.135705    31.6693      12042 0.0000e+00
     38.000     6.0157   3.143661    31.6749      12068 0.0000e+00
     37.000     6.0757   3.148524    31.6735      12100 0.0000e+00
     36.000     6.0873   3.149880    31.6782      12129 0.0000e+00
     35.000     6.1619   3.156030    31.6774      12152 0.0000e+00
     34.000     6.1782   3.156044    31.6629      12174 0.0000e+00
     33.000     6.1757   3.155394    31.6585      12198 0.0000e+00
     32.000     6.1722   3.154807    31.6556      12225 0.0000e+00
     31.000     6.1646   3.153850    31.6527      12253 0.0000e+00
     30.000     6.2068   3.157393    31.6531      12281 0.0000e+00
     29.000     6.3182   3.166501    31.6508      12307 0.0000e+00
     28.000     6.4233   3.174125    31.6380      12331 0.0000e+00
     27.000     6.6099   3.187174    31.6093      12355 0.0000e+00
     26.000     6.7797   3.200333    31.5973      12380 0.0000e+00
     25.000     6.9037   3.209763    31.5866      12408 0.0000e+00
     24.000     6.9798   3.216251    31.5879      12436 0.0000e+00
     23.000     7.0243   3.219470    31.5825      12462 0.0000e+00
     22.000     7.0926   3.225284    31.5835      12486 0.0000e+00
     21.000     7.2937   3.241133    31.5715      12509 0.0000e+00
     20.000     7.4121   3.249970    31.5592      12534 0.0000e+00
     19.000     7.4964   3.257273    31.5615      13168 0.0000e+00
     18.000     7.4655   3.255194    31.5678      15758 0.0000e+00
     17.000     7.6621   3.271383    31.5631      15810 0.0000e+00
     16.000     8.0865   3.305985    31.5480      15836 0.0000e+00
     15.000     8.5256   3.342331    31.5370      15861 0.0000e+00
     14.000     8.8349   3.366885    31.5177      15887 0.0000e+00
     13.000     9.4196   3.413021    31.4768      15914 0.0000e+00
     12.000    10.6578   3.510048    31.3791      15940 0.0000e+00
     11.000    11.8047   3.596248    31.2488      15964 0.0000e+00
     10.000    13.2971   3.707031    31.0646      15987 0.0000e+00
      9.000    13.9478   3.752326    30.9564      16011 0.0000e+00
      8.000    14.2908   3.777098    30.9080      19243 0.0000e+00
      7.000    14.3890   3.784918    30.9012      19948 0.0000e+00
      6.000    14.4890   3.790557    30.8730      19991 0.0000e+00
      5.000    14.7033   3.804390    30.8283      20017 0.0000e+00
      4.000    15.3312   3.851415    30.7551      20042 0.0000e+00
      3.000    15.6764   3.875896    30.7030      20067 0.0000e+00
      2.000    15.7358   3.881875    30.7098      21898 0.0000e+00
      1.000    15.7433   3.883224    30.7162      23448 0.0000e+00
