HB2403/ctd017.cnv
* Sea-Bird SBE 9 Data File:
* FileName = C:\cruise\data\ctd017.hex
* Software Version Seasave V 7.26.7.121
* Temperature SN = 6650
* Conductivity SN = 6035
* Number of Bytes Per Scan = 37
* Number of Voltage Words = 4
* Number of Scans Averaged by the Deck Unit = 1
* NMEA Latitude = 42 23.08 N
* NMEA Longitude = 067 03.30 W
* NMEA UTC (Time) = Jun 10 2024 10:15:18
* NMEA baud rate = 4800
** Ship: Pisces PC2305
** Program:  Fall ECOMON
** Chief Scientist: Harvey Walsh
# nquan = 6
# nvalues = 669                         
# units = specified
# name 0 = depSM: Depth [salt water, m]
# name 1 = t090C: Temperature [ITS-90, deg C]
# name 2 = c0S/m: Conductivity [S/m]
# name 3 = sal00: Salinity, Practical [PSU]
# name 4 = scan: Scan Count
# name 5 = flag: flag
# span 0 =      2.000,    336.000       
# span 1 =     5.3838,    13.4323       
# span 2 =   3.116440,   3.749071       
# span 3 =    31.3434,    34.7906       
# span 4 =       -102,      34360       
# span 5 = 0.0000e+00, 0.0000e+00       
# interval = meters: 1                  
# start_time = Jun 10 2024 10:15:18 [NMEA time, header]
# bad_flag = -9.990e-29
*END*
      2.000    13.4210   3.747708    31.3449       -102 0.0000e+00
      3.000    13.4315   3.748516    31.3434        432 0.0000e+00
      4.000    13.4323   3.748704    31.3441        568 0.0000e+00
      5.000    13.4320   3.748904    31.3458        585 0.0000e+00
      6.000    13.4320   3.748798    31.3444        608 0.0000e+00
      7.000    13.4311   3.749071    31.3473        638 0.0000e+00
      8.000    13.3672   3.745031    31.3619        670 0.0000e+00
      9.000    13.1487   3.729966    31.4010        693 0.0000e+00
     10.000    12.9950   3.719470    31.4294        717 0.0000e+00
     11.000    12.9303   3.716933    31.4589        746 0.0000e+00
     12.000    12.7225   3.698946    31.4617        775 0.0000e+00
     13.000    11.7484   3.616850    31.4946        802 0.0000e+00
     14.000     9.8989   3.469428    31.6293        830 0.0000e+00
     15.000     8.3516   3.337868    31.6462        857 0.0000e+00
     16.000     7.6841   3.288366    31.7251        881 0.0000e+00
     17.000     7.3802   3.264142    31.7423        904 0.0000e+00
     18.000     7.1832   3.249656    31.7663        929 0.0000e+00
     19.000     6.8535   3.224137    31.7925        960 0.0000e+00
     20.000     6.5663   3.201588    31.8115        989 0.0000e+00
     21.000     6.2586   3.177564    31.8328       1013 0.0000e+00
     22.000     5.9995   3.157915    31.8568       1036 0.0000e+00
     23.000     5.8190   3.144337    31.8744       1062 0.0000e+00
     24.000     5.7732   3.139993    31.8685       1094 0.0000e+00
     25.000     5.6750   3.131658    31.8671       1122 0.0000e+00
     26.000     5.6065   3.126345    31.8715       1146 0.0000e+00
     27.000     5.5864   3.124496    31.8693       1170 0.0000e+00
     28.000     5.5050   3.119802    31.8929       1195 0.0000e+00
     29.000     5.4876   3.118762    31.8972       1222 0.0000e+00
     30.000     5.4672   3.117676    31.9038       1250 0.0000e+00
     31.000     5.4563   3.117406    31.9107       1281 0.0000e+00
     32.000     5.4518   3.117543    31.9159       1310 0.0000e+00
     33.000     5.4346   3.117379    31.9300       1333 0.0000e+00
     34.000     5.4159   3.117779    31.9518       1354 0.0000e+00
     35.000     5.4183   3.118251    31.9544       1377 0.0000e+00
     36.000     5.4142   3.118500    31.9607       1408 0.0000e+00
     37.000     5.3967   3.119687    31.9903       1442 0.0000e+00
     38.000     5.3917   3.120441    32.0031       1468 0.0000e+00
     39.000     5.3838   3.121005    32.0165       1491 0.0000e+00
     40.000     5.3843   3.121752    32.0241       1516 0.0000e+00
     41.000     5.3944   3.124197    32.0417       1542 0.0000e+00
     42.000     5.3992   3.125587    32.0524       1571 0.0000e+00
     43.000     5.4043   3.126760    32.0603       1598 0.0000e+00
     44.000     5.4193   3.129192    32.0731       1623 0.0000e+00
     45.000     5.4229   3.129876    32.0769       1646 0.0000e+00
     46.000     5.4211   3.130082    32.0805       1671 0.0000e+00
     47.000     5.4300   3.131382    32.0863       1705 0.0000e+00
     48.000     5.4891   3.138339    32.1080       1737 0.0000e+00
     49.000     5.5473   3.144633    32.1231       1761 0.0000e+00
     50.000     5.6100   3.153131    32.1588       1782 0.0000e+00
     51.000     5.6532   3.159650    32.1906       1803 0.0000e+00
     52.000     5.6976   3.166092    32.2202       1828 0.0000e+00
     53.000     5.7647   3.175374    32.2601       1860 0.0000e+00
     54.000     5.7983   3.181073    32.2916       1892 0.0000e+00
     55.000     5.8614   3.189802    32.3287       1919 0.0000e+00
     56.000     5.9331   3.199422    32.3676       1941 0.0000e+00
     57.000     6.0201   3.212185    32.4267       1964 0.0000e+00
     58.000     6.0617   3.217896    32.4503       1990 0.0000e+00
     59.000     6.0684   3.219620    32.4626       2021 0.0000e+00
     60.000     6.0705   3.220994    32.4754       2051 0.0000e+00
     61.000     6.0776   3.222148    32.4810       2078 0.0000e+00
     62.000     6.0917   3.224161    32.4895       2101 0.0000e+00
     63.000     6.1001   3.225064    32.4911       2124 0.0000e+00
     64.000     6.1136   3.226467    32.4933       2151 0.0000e+00
     65.000     6.1072   3.225880    32.4924       2184 0.0000e+00
     66.000     6.1316   3.228609    32.4989       2212 0.0000e+00
     67.000     6.1506   3.230803    32.5048       2237 0.0000e+00
     68.000     6.1506   3.230866    32.5049       2261 0.0000e+00
     69.000     6.1578   3.232221    32.5127       2285 0.0000e+00
     70.000     6.1626   3.233371    32.5205       2311 0.0000e+00
     71.000     6.1689   3.234356    32.5249       2341 0.0000e+00
     72.000     6.1747   3.235022    32.5263       2373 0.0000e+00
     73.000     6.1850   3.236288    32.5300       2401 0.0000e+00
     74.000     6.2048   3.238353    32.5336       2425 0.0000e+00
     75.000     6.2037   3.238314    32.5337       2448 0.0000e+00
     76.000     6.2119   3.239391    32.5374       2472 0.0000e+00
     77.000     6.2200   3.240429    32.5406       2500 0.0000e+00
     78.000     6.2289   3.241566    32.5444       2533 0.0000e+00
     79.000     6.2351   3.242371    32.5468       2563 0.0000e+00
     80.000     6.2507   3.244468    32.5548       2587 0.0000e+00
     81.000     6.2630   3.246140    32.5611       2609 0.0000e+00
     82.000     6.2766   3.248131    32.5698       2634 0.0000e+00
     83.000     6.2930   3.250292    32.5776       2665 0.0000e+00
     84.000     6.2976   3.251106    32.5817       2695 0.0000e+00
     85.000     6.3212   3.254968    32.6015       2720 0.0000e+00
     86.000     6.3611   3.261372    32.6339       2745 0.0000e+00
     87.000     6.3760   3.263793    32.6460       2771 0.0000e+00
     88.000     6.3824   3.265258    32.6556       2798 0.0000e+00
     89.000     6.4111   3.270650    32.6874       2824 0.0000e+00
     90.000     6.4247   3.272794    32.6976       2851 0.0000e+00
     91.000     6.4300   3.273559    32.7005       2879 0.0000e+00
     92.000     6.4426   3.275745    32.7122       2906 0.0000e+00
     93.000     6.4538   3.277498    32.7204       2931 0.0000e+00
     94.000     6.4557   3.277739    32.7207       2955 0.0000e+00
     95.000     6.4561   3.277792    32.7205       2982 0.0000e+00
     96.000     6.4560   3.277791    32.7201       3012 0.0000e+00
     97.000     6.4559   3.277863    32.7205       3039 0.0000e+00
     98.000     6.4556   3.277915    32.7208       3063 0.0000e+00
     99.000     6.4554   3.277960    32.7210       3088 0.0000e+00
    100.000     6.4559   3.278105    32.7217       3116 0.0000e+00
    101.000     6.4560   3.278217    32.7223       3146 0.0000e+00
    102.000     6.4561   3.278199    32.7216       3172 0.0000e+00
    103.000     6.4576   3.278484    32.7228       3195 0.0000e+00
    104.000     6.4600   3.279009    32.7259       3220 0.0000e+00
    105.000     6.4670   3.280277    32.7326       3250 0.0000e+00
    106.000     6.4659   3.280095    32.7312       3279 0.0000e+00
    107.000     6.4739   3.281594    32.7396       3304 0.0000e+00
    108.000     6.4796   3.282538    32.7442       3327 0.0000e+00
    109.000     6.4796   3.282638    32.7447       3353 0.0000e+00
    110.000     6.4931   3.284991    32.7574       3384 0.0000e+00
    111.000     6.4994   3.286023    32.7623       3415 0.0000e+00
    112.000     6.5094   3.287900    32.7729       3440 0.0000e+00
    113.000     6.5148   3.289146    32.7811       3461 0.0000e+00
    114.000     6.5175   3.290318    32.7909       3485 0.0000e+00
    115.000     6.5181   3.291185    32.7994       3515 0.0000e+00
    116.000     6.5178   3.291415    32.8018       3546 0.0000e+00
    117.000     6.5198   3.293405    32.8214       3572 0.0000e+00
    118.000     6.5487   3.299308    32.8583       3598 0.0000e+00
    119.000     6.5561   3.300535    32.8642       3625 0.0000e+00
    120.000     6.5579   3.300869    32.8658       3651 0.0000e+00
    121.000     6.5615   3.301554    32.8694       3675 0.0000e+00
    122.000     6.5723   3.303482    32.8798       3699 0.0000e+00
    123.000     6.5895   3.306551    32.8967       3728 0.0000e+00
    124.000     6.6009   3.308495    32.9067       3760 0.0000e+00
    125.000     6.6181   3.311734    32.9254       3788 0.0000e+00
    126.000     6.6362   3.315039    32.9439       3813 0.0000e+00
    127.000     6.6401   3.315900    32.9492       3836 0.0000e+00
    128.000     6.6512   3.318204    32.9634       3858 0.0000e+00
    129.000     6.6692   3.321701    32.9841       3884 0.0000e+00
    130.000     6.6922   3.326075    33.0096       3916 0.0000e+00
    131.000     6.7243   3.332507    33.0490       3947 0.0000e+00
    132.000     6.7325   3.334094    33.0581       3972 0.0000e+00
    133.000     6.7322   3.334231    33.0594       3995 0.0000e+00
    134.000     6.7320   3.334398    33.0610       4019 0.0000e+00
    135.000     6.7321   3.334688    33.0636       4046 0.0000e+00
    136.000     6.7644   3.341637    33.1084       4077 0.0000e+00
    137.000     6.7795   3.344480    33.1246       4105 0.0000e+00
    138.000     6.7955   3.347592    33.1429       4131 0.0000e+00
    139.000     6.8018   3.349050    33.1523       4154 0.0000e+00
    140.000     6.8181   3.352442    33.1733       4176 0.0000e+00
    141.000     6.8674   3.362604    33.2368       4201 0.0000e+00
    142.000     6.9009   3.369226    33.2766       4234 0.0000e+00
    143.000     6.9509   3.380114    33.3470       4267 0.0000e+00
    144.000     6.9626   3.382321    33.3593       4292 0.0000e+00
    145.000     6.9655   3.383049    33.3641       4314 0.0000e+00
    146.000     6.9691   3.383863    33.3690       4336 0.0000e+00
    147.000     6.9722   3.384617    33.3737       4363 0.0000e+00
    148.000     6.9767   3.385824    33.3820       4397 0.0000e+00
    149.000     6.9852   3.388075    33.3980       4429 0.0000e+00
    150.000     6.9936   3.389982    33.4102       4452 0.0000e+00
    151.000     7.0003   3.391530    33.4201       4472 0.0000e+00
    152.000     7.0014   3.392368    33.4278       4496 0.0000e+00
    153.000     7.0015   3.392644    33.4302       4525 0.0000e+00
    154.000     7.0101   3.394547    33.4423       4557 0.0000e+00
    155.000     7.0324   3.399017    33.4690       4584 0.0000e+00
    156.000     7.0455   3.401900    33.4873       4607 0.0000e+00
    157.000     7.0636   3.405133    33.5046       4630 0.0000e+00
    158.000     7.0820   3.408054    33.5182       4656 0.0000e+00
    159.000     7.1071   3.411631    33.5324       4685 0.0000e+00
    160.000     7.1439   3.416843    33.5530       4716 0.0000e+00
    161.000     7.1629   3.419737    33.5656       4743 0.0000e+00
    162.000     7.2421   3.433625    33.6394       4769 0.0000e+00
    163.000     7.3145   3.445501    33.6977       4794 0.0000e+00
    164.000     7.3641   3.454741    33.7493       4818 0.0000e+00
    165.000     7.3912   3.459455    33.7736       4843 0.0000e+00
    166.000     7.4401   3.467420    33.8119       4870 0.0000e+00
    167.000     7.4649   3.471243    33.8286       4900 0.0000e+00
    168.000     7.4736   3.472677    33.8351       4932 0.0000e+00
    169.000     7.4757   3.473052    33.8367       4959 0.0000e+00
    170.000     7.4757   3.473178    33.8376       4980 0.0000e+00
    171.000     7.4887   3.475516    33.8498       5000 0.0000e+00
    172.000     7.5064   3.478290    33.8620       5024 0.0000e+00
    173.000     7.5176   3.480053    33.8697       5057 0.0000e+00
    174.000     7.5438   3.484792    33.8949       5093 0.0000e+00
    175.000     7.5820   3.490524    33.9192       5121 0.0000e+00
    176.000     7.6098   3.494713    33.9368       5143 0.0000e+00
    177.000     7.7062   3.509126    33.9977       5164 0.0000e+00
    178.000     7.7579   3.516412    34.0253       5186 0.0000e+00
    179.000     7.7822   3.520202    34.0419       5213 0.0000e+00
    180.000     7.8093   3.524444    34.0606       5246 0.0000e+00
    181.000     7.8596   3.533221    34.1053       5276 0.0000e+00
    182.000     7.8830   3.537228    34.1250       5301 0.0000e+00
    183.000     7.9228   3.543560    34.1536       5324 0.0000e+00
    184.000     8.0022   3.555762    34.2063       5349 0.0000e+00
    185.000     8.0244   3.559102    34.2199       5377 0.0000e+00
    186.000     8.0276   3.559717    34.2229       5407 0.0000e+00
    187.000     8.0372   3.561238    34.2292       5433 0.0000e+00
    188.000     8.0475   3.562846    34.2359       5458 0.0000e+00
    189.000     8.0719   3.566628    34.2520       5483 0.0000e+00
    190.000     8.0926   3.569859    34.2659       5508 0.0000e+00
    191.000     8.1133   3.573061    34.2793       5533 0.0000e+00
    192.000     8.1317   3.576079    34.2931       5558 0.0000e+00
    193.000     8.1992   3.586735    34.3402       5591 0.0000e+00
    194.000     8.2207   3.590242    34.3561       5623 0.0000e+00
    195.000     8.2116   3.590001    34.3620       5647 0.0000e+00
    196.000     8.2137   3.590691    34.3668       5668 0.0000e+00
    197.000     8.1783   3.587183    34.3636       5691 0.0000e+00
    198.000     8.1395   3.584181    34.3690       5720 0.0000e+00
    199.000     8.1102   3.584515    34.4008       5750 0.0000e+00
    200.000     8.0876   3.587284    34.4521       5776 0.0000e+00
    201.000     8.0475   3.587654    34.4950       5802 0.0000e+00
    202.000     8.0161   3.588308    34.5324       5830 0.0000e+00
    203.000     8.0092   3.590728    34.5647       5855 0.0000e+00
    204.000     8.0356   3.596794    34.6031       5879 0.0000e+00
    205.000     8.0899   3.604242    34.6288       5907 0.0000e+00
    206.000     8.1177   3.608142    34.6426       5936 0.0000e+00
    207.000     8.1304   3.610044    34.6498       5964 0.0000e+00
    208.000     8.1256   3.611536    34.6701       5989 0.0000e+00
    209.000     8.0929   3.609745    34.6827       6013 0.0000e+00
    210.000     8.0508   3.608550    34.7111       6040 0.0000e+00
    211.000     8.0317   3.607673    34.7201       6070 0.0000e+00
    212.000     7.9964   3.605127    34.7274       6097 0.0000e+00
    213.000     7.9580   3.602007    34.7315       6123 0.0000e+00
    214.000     7.9303   3.599672    34.7333       6149 0.0000e+00
    215.000     7.9184   3.598656    34.7338       6174 0.0000e+00
    216.000     7.8996   3.597079    34.7350       6198 0.0000e+00
    217.000     7.8690   3.594978    34.7424       6224 0.0000e+00
    218.000     7.8503   3.594089    34.7509       6258 0.0000e+00
    219.000     7.8491   3.594117    34.7519       6288 0.0000e+00
    220.000     7.8465   3.594124    34.7540       6311 0.0000e+00
    221.000     7.8411   3.594198    34.7597       6333 0.0000e+00
    222.000     7.8359   3.594021    34.7625       6358 0.0000e+00
    223.000     7.8337   3.593990    34.7639       6390 0.0000e+00
    224.000     7.8336   3.594050    34.7641       6422 0.0000e+00
    225.000     7.8331   3.594092    34.7646       6445 0.0000e+00
    226.000     7.8294   3.594014    34.7669       6469 0.0000e+00
    227.000     7.8279   3.593990    34.7677       6496 0.0000e+00
    228.000     7.8244   3.593908    34.7698       6525 0.0000e+00
    229.000     7.8209   3.593846    34.7721       6550 0.0000e+00
    230.000     7.8196   3.593839    34.7728       6574 0.0000e+00
    231.000     7.8179   3.593791    34.7735       6603 0.0000e+00
    232.000     7.8164   3.593782    34.7745       6633 0.0000e+00
    233.000     7.8159   3.593817    34.7748       6659 0.0000e+00
    234.000     7.8159   3.593858    34.7748       6684 0.0000e+00
    235.000     7.8151   3.593866    34.7752       6713 0.0000e+00
    236.000     7.8148   3.593631    34.7725       6741 0.0000e+00
    237.000     7.8144   3.593928    34.7756       6765 0.0000e+00
    238.000     7.8141   3.593955    34.7757       6789 0.0000e+00
    239.000     7.8138   3.593990    34.7759       6818 0.0000e+00
