HB2403/ctd009.cnv
* Sea-Bird SBE 9 Data File:
* FileName = C:\cruise\data\ctd009.hex
* Software Version Seasave V 7.26.7.121
* Temperature SN = 6650
* Conductivity SN = 6035
* Number of Bytes Per Scan = 37
* Number of Voltage Words = 4
* Number of Scans Averaged by the Deck Unit = 1
* NMEA Latitude = 40 02.77 N
* NMEA Longitude = 070 35.77 W
* NMEA UTC (Time) = Jun 06 2024 14:53:13
* NMEA baud rate = 4800
** Ship: Pisces PC2305
** Program:  Fall ECOMON
** Chief Scientist: Harvey Walsh
# nquan = 6
# nvalues = 293                         
# units = specified
# name 0 = depSM: Depth [salt water, m]
# name 1 = t090C: Temperature [ITS-90, deg C]
# name 2 = c0S/m: Conductivity [S/m]
# name 3 = sal00: Salinity, Practical [PSU]
# name 4 = scan: Scan Count
# name 5 = flag: flag
# span 0 =      2.000,    148.000       
# span 1 =    11.7371,    17.3956       
# span 2 =   3.908249,   4.373715       
# span 3 =    32.6623,    35.2922       
# span 4 =       -300,      20831       
# span 5 = 0.0000e+00, 0.0000e+00       
# interval = meters: 1                  
# start_time = Jun 06 2024 14:53:13 [NMEA time, header]
# bad_flag = -9.990e-29
*END*
      2.000    17.3056   4.268494    32.8252       -300 0.0000e+00
      3.000    17.3503   4.263311    32.7440        376 0.0000e+00
      4.000    17.3826   4.256856    32.6623        431 0.0000e+00
      5.000    17.3519   4.261854    32.7295        494 0.0000e+00
      6.000    17.3607   4.260342    32.7091        529 0.0000e+00
      7.000    17.2605   4.273190    32.9004        551 0.0000e+00
      8.000    17.0959   4.288416    33.1661        572 0.0000e+00
      9.000    17.1523   4.314746    33.3465        594 0.0000e+00
     10.000    17.3956   4.364474    33.5734        623 0.0000e+00
     11.000    17.3129   4.365616    33.6517        662 0.0000e+00
     12.000    17.1210   4.353903    33.7103        694 0.0000e+00
     13.000    16.5842   4.313541    33.8096        719 0.0000e+00
     14.000    16.3710   4.290121    33.7839        742 0.0000e+00
     15.000    16.0197   4.254520    33.7675        763 0.0000e+00
     16.000    15.7652   4.228123    33.7493        786 0.0000e+00
     17.000    15.1787   4.186385    33.8786        820 0.0000e+00
     18.000    14.9755   4.171692    33.9212        866 0.0000e+00
     19.000    14.8819   4.164443    33.9363        890 0.0000e+00
     20.000    14.8496   4.162660    33.9479        910 0.0000e+00
     21.000    14.8223   4.159856    33.9457        930 0.0000e+00
     22.000    14.5981   4.139394    33.9541        958 0.0000e+00
     23.000    14.1719   4.102478    33.9883       1002 0.0000e+00
     24.000    14.0505   4.092687    34.0043       1033 0.0000e+00
     25.000    13.8848   4.076350    33.9987       1054 0.0000e+00
     26.000    13.5771   4.051252    34.0371       1074 0.0000e+00
     27.000    13.3376   4.032557    34.0748       1100 0.0000e+00
     28.000    13.1406   4.018261    34.1161       1142 0.0000e+00
     29.000    13.0455   4.013980    34.1607       1175 0.0000e+00
     30.000    12.9810   4.011182    34.1919       1195 0.0000e+00
     31.000    12.9778   4.012702    34.2088       1215 0.0000e+00
     32.000    12.9653   4.013143    34.2239       1242 0.0000e+00
     33.000    12.9778   4.020445    34.2816       1288 0.0000e+00
     34.000    12.9234   4.018602    34.3130       1317 0.0000e+00
     35.000    12.5908   3.982415    34.2687       1338 0.0000e+00
     36.000    12.5461   3.980180    34.2876       1360 0.0000e+00
     37.000    12.9454   4.034119    34.4390       1386 0.0000e+00
     38.000    13.2780   4.072688    34.5031       1419 0.0000e+00
     39.000    13.3677   4.083646    34.5249       1452 0.0000e+00
     40.000    13.3539   4.081627    34.5179       1480 0.0000e+00
     41.000    13.1582   4.061665    34.5061       1504 0.0000e+00
     42.000    13.2086   4.068645    34.5261       1529 0.0000e+00
     43.000    13.0739   4.053971    34.5090       1561 0.0000e+00
     44.000    13.0205   4.049712    34.5167       1593 0.0000e+00
     45.000    13.0001   4.048617    34.5244       1622 0.0000e+00
     46.000    13.0960   4.062601    34.5696       1649 0.0000e+00
     47.000    13.3491   4.093926    34.6355       1675 0.0000e+00
     48.000    13.4067   4.100252    34.6424       1702 0.0000e+00
     49.000    13.4377   4.104435    34.6532       1731 0.0000e+00
     50.000    13.4574   4.106844    34.6576       1761 0.0000e+00
     51.000    13.4628   4.108052    34.6637       1794 0.0000e+00
     52.000    13.3404   4.094469    34.6463       1823 0.0000e+00
     53.000    12.8968   4.046261    34.5929       1849 0.0000e+00
     54.000    12.6872   4.025119    34.5823       1876 0.0000e+00
     55.000    12.4698   4.001898    34.5585       1903 0.0000e+00
     56.000    12.2838   3.982260    34.5397       1930 0.0000e+00
     57.000    12.0989   3.963171    34.5249       1961 0.0000e+00
     58.000    12.0427   3.958727    34.5332       1994 0.0000e+00
     59.000    12.0819   3.966154    34.5688       2023 0.0000e+00
     60.000    11.9998   3.958482    34.5697       2047 0.0000e+00
     61.000    11.9586   3.954729    34.5709       2073 0.0000e+00
     62.000    11.7593   3.939595    34.6079       2102 0.0000e+00
     63.000    11.7503   3.940467    34.6244       2137 0.0000e+00
     64.000    11.8216   3.949573    34.6467       2165 0.0000e+00
     65.000    11.9080   3.961066    34.6781       2189 0.0000e+00
     66.000    11.9886   3.970841    34.6980       2217 0.0000e+00
     67.000    12.0333   3.976879    34.7148       2250 0.0000e+00
     68.000    12.0346   3.977049    34.7148       2280 0.0000e+00
     69.000    12.0372   3.977477    34.7161       2310 0.0000e+00
     70.000    12.0571   3.980582    34.7274       2340 0.0000e+00
     71.000    12.2102   4.001746    34.7903       2367 0.0000e+00
     72.000    12.2994   4.013639    34.8222       2393 0.0000e+00
     73.000    12.3455   4.020185    34.8422       2418 0.0000e+00
     74.000    12.3893   4.026945    34.8665       2448 0.0000e+00
     75.000    12.4291   4.032482    34.8825       2482 0.0000e+00
     76.000    12.5326   4.047595    34.9318       2514 0.0000e+00
     77.000    12.6561   4.065380    34.9878       2541 0.0000e+00
     78.000    12.6857   4.069836    35.0027       2569 0.0000e+00
     79.000    12.6881   4.070717    35.0086       2598 0.0000e+00
     80.000    12.6677   4.069355    35.0140       2629 0.0000e+00
     81.000    12.6590   4.069087    35.0190       2660 0.0000e+00
     82.000    12.6594   4.069738    35.0245       2689 0.0000e+00
     83.000    12.6784   4.073440    35.0420       2714 0.0000e+00
     84.000    12.7086   4.078519    35.0622       2740 0.0000e+00
     85.000    12.7747   4.089960    35.1101       2773 0.0000e+00
     86.000    12.8645   4.108577    35.2045       2811 0.0000e+00
     87.000    12.8957   4.115597    35.2422       2841 0.0000e+00
     88.000    12.9070   4.118148    35.2556       2864 0.0000e+00
     89.000    12.9118   4.120045    35.2689       2886 0.0000e+00
     90.000    12.9075   4.121651    35.2878       2917 0.0000e+00
     91.000    12.8453   4.115846    35.2899       2957 0.0000e+00
     92.000    12.7283   4.102992    35.2755       2986 0.0000e+00
     93.000    12.6731   4.096936    35.2685       3010 0.0000e+00
     94.000    12.5887   4.086858    35.2500       3037 0.0000e+00
     95.000    12.5364   4.081163    35.2437       3066 0.0000e+00
     96.000    12.5016   4.077040    35.2362       3094 0.0000e+00
     97.000    12.4543   4.071544    35.2269       3127 0.0000e+00
     98.000    12.4231   4.068089    35.2224       3164 0.0000e+00
     99.000    12.4113   4.066900    35.2215       3192 0.0000e+00
    100.000    12.3949   4.065384    35.2218       3215 0.0000e+00
    101.000    12.3858   4.065108    35.2272       3238 0.0000e+00
    102.000    12.3651   4.063109    35.2269       3265 0.0000e+00
    103.000    12.3661   4.063958    35.2337       3302 0.0000e+00
    104.000    12.3556   4.062961    35.2336       3339 0.0000e+00
    105.000    12.3438   4.061798    35.2329       3364 0.0000e+00
    106.000    12.3343   4.060784    35.2316       3387 0.0000e+00
    107.000    12.3221   4.059260    35.2278       3411 0.0000e+00
    108.000    12.2712   4.053553    35.2199       3443 0.0000e+00
    109.000    12.2168   4.047272    35.2097       3477 0.0000e+00
    110.000    12.1172   4.036708    35.2002       3505 0.0000e+00
    111.000    12.1493   4.042088    35.2219       3530 0.0000e+00
    112.000    12.1523   4.042572    35.2234       3556 0.0000e+00
    113.000    12.1253   4.039874    35.2221       3586 0.0000e+00
    114.000    12.0894   4.036033    35.2181       3618 0.0000e+00
    115.000    12.0698   4.035193    35.2280       3647 0.0000e+00
    116.000    12.1114   4.041681    35.2515       3674 0.0000e+00
    117.000    12.0689   4.037268    35.2481       3697 0.0000e+00
    118.000    12.0304   4.033572    35.2480       3720 0.0000e+00
    119.000    12.0234   4.032798    35.2466       3747 0.0000e+00
    120.000    12.0073   4.031290    35.2466       3783 0.0000e+00
    121.000    11.9715   4.027393    35.2420       3815 0.0000e+00
    122.000    11.9129   4.021445    35.2388       3838 0.0000e+00
    123.000    11.8591   4.016432    35.2402       3858 0.0000e+00
    124.000    11.8205   4.012854    35.2413       3881 0.0000e+00
    125.000    11.8024   4.011577    35.2455       3915 0.0000e+00
    126.000    11.7966   4.011537    35.2502       3951 0.0000e+00
    127.000    11.7650   4.008041    35.2454       3974 0.0000e+00
    128.000    11.7447   4.005928    35.2434       3994 0.0000e+00
    129.000    11.7386   4.005278    35.2423       4015 0.0000e+00
    130.000    11.7522   4.007257    35.2484       4043 0.0000e+00
    131.000    11.7930   4.012049    35.2564       4078 0.0000e+00
    132.000    11.7531   4.007598    35.2501       4108 0.0000e+00
    133.000    11.7404   4.006204    35.2480       4131 0.0000e+00
    134.000    11.7376   4.005844    35.2466       4152 0.0000e+00
    135.000    11.7480   4.007705    35.2546       4175 0.0000e+00
    136.000    11.7474   4.007745    35.2551       4203 0.0000e+00
    137.000    11.7442   4.007769    35.2579       4237 0.0000e+00
    138.000    11.7568   4.009661    35.2641       4265 0.0000e+00
    139.000    11.7562   4.009963    35.2672       4286 0.0000e+00
    140.000    11.7521   4.010260    35.2736       4309 0.0000e+00
    141.000    11.7530   4.010422    35.2738       4334 0.0000e+00
    142.000    11.7545   4.010555    35.2733       4362 0.0000e+00
    143.000    11.7508   4.010740    35.2781       4390 0.0000e+00
    144.000    11.7469   4.010469    35.2788       4419 0.0000e+00
    145.000    11.7481   4.010518    35.2776       4611 0.0000e+00
    146.000    11.7489   4.010507    35.2763       4896 0.0000e+00
    147.000    11.7441   4.010243    35.2779       5187 0.0000e+00
    148.000    11.7476   4.010493    35.2766       5442 0.0000e+00
    147.000    11.7478   4.010470    35.2766       5503 0.0000e+00
    146.000    11.7439   4.010062    35.2767       5629 0.0000e+00
    145.000    11.7454   4.010125    35.2764       5928 0.0000e+00
    144.000    11.7448   4.010216    35.2783       6357 0.0000e+00
    143.000    11.7407   4.009956    35.2800       7248 0.0000e+00
    142.000    11.7372   4.009915    35.2835       8680 0.0000e+00
    141.000    11.7371   4.009870    35.2835       8710 0.0000e+00
    140.000    11.7389   4.009937    35.2829       8732 0.0000e+00
    139.000    11.7480   4.010465    35.2799       8758 0.0000e+00
    138.000    11.7507   4.010632    35.2795       8789 0.0000e+00
    137.000    11.7588   4.011180    35.2775       8817 0.0000e+00
    136.000    11.7626   4.011428    35.2768       8841 0.0000e+00
    135.000    11.7646   4.011569    35.2768       8865 0.0000e+00
    134.000    11.7701   4.011958    35.2758       8890 0.0000e+00
    133.000    11.7746   4.012281    35.2752       8915 0.0000e+00
    132.000    11.7799   4.012922    35.2768       8940 0.0000e+00
    131.000    11.7791   4.012650    35.2754       8966 0.0000e+00
    130.000    11.7818   4.012784    35.2746       8995 0.0000e+00
    129.000    11.7906   4.012364    35.2626       9022 0.0000e+00
    128.000    11.7889   4.011438    35.2556       9046 0.0000e+00
    127.000    11.8118   4.013810    35.2576       9069 0.0000e+00
    126.000    11.8448   4.017162    35.2596       9093 0.0000e+00
    125.000    11.8295   4.014260    35.2461       9119 0.0000e+00
    124.000    11.8341   4.014153    35.2411       9145 0.0000e+00
    123.000    11.8640   4.016955    35.2407       9173 0.0000e+00
    122.000    11.8788   4.018443    35.2417       9201 0.0000e+00
    121.000    11.9038   4.021096    35.2445       9228 0.0000e+00
    120.000    11.9295   4.023527    35.2444       9253 0.0000e+00
    119.000    11.9393   4.024130    35.2414       9277 0.0000e+00
    118.000    11.9461   4.024584    35.2399       9301 0.0000e+00
    117.000    11.9695   4.026867    35.2405       9327 0.0000e+00
    116.000    12.0023   4.030193    35.2424       9355 0.0000e+00
    115.000    12.0490   4.035052    35.2462       9383 0.0000e+00
    114.000    12.1187   4.041352    35.2423       9408 0.0000e+00
    113.000    12.1441   4.042835    35.2332       9433 0.0000e+00
    112.000    12.1694   4.045248    35.2333       9459 0.0000e+00
    111.000    12.1829   4.046349    35.2317       9487 0.0000e+00
    110.000    12.1769   4.044944    35.2242       9512 0.0000e+00
    109.000    12.1247   4.037565    35.2019       9536 0.0000e+00
    108.000    12.1361   4.038290    35.1987       9561 0.0000e+00
    107.000    12.1952   4.044962    35.2084       9590 0.0000e+00
    106.000    12.2704   4.053205    35.2182       9618 0.0000e+00
    105.000    12.3228   4.059017    35.2257       9645 0.0000e+00
    104.000    12.3628   4.063142    35.2285       9671 0.0000e+00
    103.000    12.3793   4.064865    35.2301       9698 0.0000e+00
    102.000    12.4021   4.067314    35.2329       9726 0.0000e+00
    101.000    12.4363   4.070546    35.2325       9751 0.0000e+00
    100.000    12.4580   4.072502    35.2315       9774 0.0000e+00
     99.000    12.4671   4.072969    35.2279       9796 0.0000e+00
     98.000    12.4748   4.073715    35.2283       9822 0.0000e+00
     97.000    12.4851   4.074770    35.2292       9860 0.0000e+00
     96.000    12.5004   4.076609    35.2331       9890 0.0000e+00
     95.000    12.5215   4.078977    35.2366       9912 0.0000e+00
     94.000    12.5390   4.080895    35.2392       9934 0.0000e+00
     93.000    12.5762   4.085354    35.2478       9957 0.0000e+00
     92.000    12.6385   4.092576    35.2594       9982 0.0000e+00
     91.000    12.7130   4.101072    35.2718      10013 0.0000e+00
     90.000    12.8472   4.116230    35.2922      10045 0.0000e+00
     89.000    12.9148   4.120882    35.2741      10072 0.0000e+00
     88.000    12.9127   4.119812    35.2662      10096 0.0000e+00
     87.000    12.9034   4.117037    35.2488      10119 0.0000e+00
     86.000    12.8979   4.115767    35.2422      10142 0.0000e+00
     85.000    12.8826   4.112205    35.2228      10166 0.0000e+00
     84.000    12.8448   4.103075    35.1710      10200 0.0000e+00
     83.000    12.7564   4.086194    35.0919      10235 0.0000e+00
     82.000    12.7155   4.078999    35.0613      10259 0.0000e+00
     81.000    12.6845   4.074099    35.0435      10280 0.0000e+00
     80.000    12.6659   4.070995    35.0314      10302 0.0000e+00
     79.000    12.6593   4.069382    35.0224      10325 0.0000e+00
     78.000    12.6633   4.069261    35.0180      10352 0.0000e+00
     77.000    12.6701   4.069335    35.0129      10385 0.0000e+00
     76.000    12.6733   4.069217    35.0092      10415 0.0000e+00
     75.000    12.6632   4.067484    35.0024      12037 0.0000e+00
     74.000    12.6575   4.066279    34.9965      13174 0.0000e+00
     73.000    12.5879   4.056182    34.9645      13204 0.0000e+00
     72.000    12.4797   4.040829    34.9175      13223 0.0000e+00
     71.000    12.3874   4.027949    34.8793      13248 0.0000e+00
     70.000    12.3275   4.017958    34.8388      13286 0.0000e+00
     69.000    12.2196   4.002165    34.7864      13320 0.0000e+00
     68.000    12.1639   3.995006    34.7692      13341 0.0000e+00
     67.000    12.1127   3.987910    34.7483      13361 0.0000e+00
     66.000    12.0828   3.983858    34.7371      13384 0.0000e+00
     65.000    12.0192   3.974783    34.7084      13412 0.0000e+00
     64.000    11.8910   3.958599    34.6703      13441 0.0000e+00
     63.000    11.8392   3.952209    34.6565      13468 0.0000e+00
     62.000    11.7870   3.944987    34.6349      13496 0.0000e+00
     61.000    11.7991   3.943181    34.6063      13522 0.0000e+00
     60.000    11.9668   3.955059    34.5670      13546 0.0000e+00
     59.000    11.9699   3.954621    34.5603      13571 0.0000e+00
     58.000    11.9999   3.954335    34.5301      13598 0.0000e+00
     57.000    11.9912   3.951334    34.5093      13625 0.0000e+00
