HB2403/ctd025.cnv
* Sea-Bird SBE 9 Data File:
* FileName = C:\cruise\data\ctd025.hex
* Software Version Seasave V 7.26.7.121
* Temperature SN = 6650
* Conductivity SN = 6035
* Number of Bytes Per Scan = 37
* Number of Voltage Words = 4
* Number of Scans Averaged by the Deck Unit = 1
* NMEA Latitude = 42 29.31 N
* NMEA Longitude = 069 40.70 W
* NMEA UTC (Time) = Jun 12 2024 19:11:50
* NMEA baud rate = 4800
** Ship: Pisces PC2305
** Program:  Fall ECOMON
** Chief Scientist: Harvey Walsh
# nquan = 6
# nvalues = 507                         
# units = specified
# name 0 = depSM: Depth [salt water, m]
# name 1 = t090C: Temperature [ITS-90, deg C]
# name 2 = c0S/m: Conductivity [S/m]
# name 3 = sal00: Salinity, Practical [PSU]
# name 4 = scan: Scan Count
# name 5 = flag: flag
# span 0 =      2.000,    255.000       
# span 1 =     5.0561,    17.9649       
# span 2 =   3.076847,   4.012245       
# span 3 =    30.1136,    34.2061       
# span 4 =       -175,      28892       
# span 5 = 0.0000e+00, 0.0000e+00       
# interval = meters: 1                  
# start_time = Jun 12 2024 19:11:50 [NMEA time, header]
# bad_flag = -9.990e-29
*END*
      2.000    17.9649   4.012245    30.1425       -175 0.0000e+00
      3.000    17.5917   3.980384    30.1502        327 0.0000e+00
      4.000    17.1408   3.940842    30.1501        450 0.0000e+00
      5.000    17.0287   3.931084    30.1503        485 0.0000e+00
      6.000    16.9047   3.920285    30.1504        515 0.0000e+00
      7.000    16.6262   3.897623    30.1646        543 0.0000e+00
      8.000    16.2878   3.869385    30.1754        567 0.0000e+00
      9.000    15.7151   3.823588    30.2105        592 0.0000e+00
     10.000    14.9270   3.761796    30.2686        620 0.0000e+00
     11.000    13.9000   3.681353    30.3431        651 0.0000e+00
     12.000    12.8777   3.602738    30.4284        679 0.0000e+00
     13.000    12.1199   3.544412    30.4894        702 0.0000e+00
     14.000    10.6119   3.437058    30.6937        725 0.0000e+00
     15.000    10.2831   3.415770    30.7588        751 0.0000e+00
     16.000     9.9238   3.391807    30.8233        782 0.0000e+00
     17.000     9.1335   3.331173    30.8856        811 0.0000e+00
     18.000     8.6102   3.297650    30.9944        834 0.0000e+00
     19.000     8.3922   3.284429    31.0475        856 0.0000e+00
     20.000     8.3652   3.284048    31.0669        882 0.0000e+00
     21.000     8.2743   3.278398    31.0874        914 0.0000e+00
     22.000     8.0934   3.266234    31.1192        944 0.0000e+00
     23.000     7.8194   3.247263    31.1617        967 0.0000e+00
     24.000     7.4389   3.229564    31.3142        990 0.0000e+00
     25.000     7.2037   3.228470    31.5150       1016 0.0000e+00
     26.000     7.1495   3.225912    31.5364       1049 0.0000e+00
     27.000     6.8743   3.203655    31.5462       1077 0.0000e+00
     28.000     6.7385   3.203719    31.6714       1099 0.0000e+00
     29.000     6.8175   3.213355    31.7033       1119 0.0000e+00
     30.000     6.8367   3.217403    31.7293       1141 0.0000e+00
     31.000     6.7520   3.213675    31.7665       1174 0.0000e+00
     32.000     6.5695   3.200683    31.7928       1214 0.0000e+00
     33.000     6.3381   3.182627    31.8089       1239 0.0000e+00
     34.000     6.1453   3.166735    31.8123       1259 0.0000e+00
     35.000     5.9198   3.148847    31.8241       1277 0.0000e+00
     36.000     5.8957   3.148058    31.8375       1299 0.0000e+00
     37.000     5.8591   3.144354    31.8300       1335 0.0000e+00
     38.000     5.7121   3.130776    31.8157       1374 0.0000e+00
     39.000     5.4135   3.105222    31.8093       1397 0.0000e+00
     40.000     5.2880   3.094810    31.8097       1417 0.0000e+00
     41.000     5.1680   3.084735    31.8087       1437 0.0000e+00
     42.000     5.1460   3.083069    31.8101       1461 0.0000e+00
     43.000     5.1357   3.082160    31.8090       1493 0.0000e+00
     44.000     5.1207   3.080785    31.8072       1527 0.0000e+00
     45.000     5.0806   3.078152    31.8149       1555 0.0000e+00
     46.000     5.0656   3.077203    31.8178       1579 0.0000e+00
     47.000     5.0561   3.076847    31.8223       1602 0.0000e+00
     48.000     5.0631   3.078785    31.8373       1625 0.0000e+00
     49.000     5.1228   3.086830    31.8717       1652 0.0000e+00
     50.000     5.1952   3.095658    31.9029       1681 0.0000e+00
     51.000     5.1952   3.096283    31.9095       1709 0.0000e+00
     52.000     5.1953   3.096535    31.9118       1737 0.0000e+00
     53.000     5.1838   3.096164    31.9180       1764 0.0000e+00
     54.000     5.1193   3.092864    31.9416       1790 0.0000e+00
     55.000     5.1006   3.092090    31.9501       1815 0.0000e+00
     56.000     5.1047   3.092817    31.9540       1838 0.0000e+00
     57.000     5.1070   3.093449    31.9586       1862 0.0000e+00
     58.000     5.1070   3.094388    31.9687       1888 0.0000e+00
     59.000     5.1138   3.096129    31.9816       1920 0.0000e+00
     60.000     5.1143   3.096534    31.9853       1954 0.0000e+00
     61.000     5.1124   3.096810    31.9898       1981 0.0000e+00
     62.000     5.1203   3.098408    31.9999       2003 0.0000e+00
     63.000     5.1378   3.100967    32.0119       2023 0.0000e+00
     64.000     5.1539   3.103095    32.0203       2045 0.0000e+00
     65.000     5.1868   3.106683    32.0292       2072 0.0000e+00
     66.000     5.2584   3.114789    32.0525       2107 0.0000e+00
     67.000     5.3262   3.122481    32.0745       2137 0.0000e+00
     68.000     5.4033   3.131251    32.0999       2161 0.0000e+00
     69.000     5.3561   3.127923    32.1068       2184 0.0000e+00
     70.000     5.3633   3.130092    32.1240       2208 0.0000e+00
     71.000     5.4151   3.135959    32.1405       2235 0.0000e+00
     72.000     5.5189   3.147258    32.1687       2263 0.0000e+00
     73.000     5.5931   3.155594    32.1914       2292 0.0000e+00
     74.000     5.6187   3.158631    32.2007       2320 0.0000e+00
     75.000     5.6629   3.164375    32.2228       2345 0.0000e+00
     76.000     5.7069   3.170068    32.2443       2369 0.0000e+00
     77.000     5.7222   3.172134    32.2524       2392 0.0000e+00
     78.000     5.7431   3.174992    32.2642       2419 0.0000e+00
     79.000     5.7750   3.179470    32.2836       2452 0.0000e+00
     80.000     5.8171   3.185464    32.3102       2482 0.0000e+00
     81.000     5.8290   3.187842    32.3250       2505 0.0000e+00
     82.000     5.8200   3.188560    32.3412       2527 0.0000e+00
     83.000     5.8686   3.194309    32.3587       2551 0.0000e+00
     84.000     5.9083   3.199057    32.3735       2579 0.0000e+00
     85.000     5.9102   3.200094    32.3827       2609 0.0000e+00
     86.000     5.9049   3.200041    32.3867       2637 0.0000e+00
     87.000     5.9041   3.200200    32.3888       2664 0.0000e+00
     88.000     5.9206   3.202335    32.3964       2689 0.0000e+00
     89.000     5.9017   3.201243    32.4018       2715 0.0000e+00
     90.000     5.9324   3.205883    32.4239       2742 0.0000e+00
     91.000     5.9916   3.212589    32.4418       2770 0.0000e+00
     92.000     6.0215   3.216269    32.4539       2794 0.0000e+00
     93.000     6.0409   3.218545    32.4603       2818 0.0000e+00
     94.000     6.0962   3.225232    32.4815       2845 0.0000e+00
     95.000     6.1969   3.238197    32.5291       2875 0.0000e+00
     96.000     6.2807   3.249730    32.5768       2902 0.0000e+00
     97.000     6.3201   3.255651    32.6043       2926 0.0000e+00
     98.000     6.3301   3.257426    32.6140       2952 0.0000e+00
     99.000     6.3448   3.259826    32.6261       2981 0.0000e+00
    100.000     6.3732   3.265109    32.6570       3010 0.0000e+00
    101.000     6.4502   3.276329    32.7070       3038 0.0000e+00
    102.000     6.5025   3.284014    32.7414       3062 0.0000e+00
    103.000     6.5339   3.288943    32.7653       3084 0.0000e+00
    104.000     6.5676   3.293817    32.7863       3107 0.0000e+00
    105.000     6.5918   3.297051    32.7983       3136 0.0000e+00
    106.000     6.6005   3.298336    32.8037       3172 0.0000e+00
    107.000     6.6145   3.300307    32.8115       3201 0.0000e+00
    108.000     6.6271   3.301956    32.8171       3222 0.0000e+00
    109.000     6.6348   3.303035    32.8211       3241 0.0000e+00
    110.000     6.6423   3.304101    32.8253       3264 0.0000e+00
    111.000     6.6547   3.305885    32.8325       3297 0.0000e+00
    112.000     6.6847   3.310064    32.8493       3335 0.0000e+00
    113.000     6.7456   3.318006    32.8778       3361 0.0000e+00
    114.000     6.7750   3.321791    32.8908       3382 0.0000e+00
    115.000     6.8224   3.328215    32.9154       3403 0.0000e+00
    116.000     6.8752   3.335254    32.9414       3426 0.0000e+00
    117.000     6.9353   3.343080    32.9691       3454 0.0000e+00
    118.000     6.9579   3.346235    32.9815       3485 0.0000e+00
    119.000     6.9790   3.349263    32.9939       3514 0.0000e+00
    120.000     7.0077   3.353369    33.0109       3542 0.0000e+00
    121.000     7.0753   3.362601    33.0463       3569 0.0000e+00
    122.000     7.1206   3.368795    33.0700       3594 0.0000e+00
    123.000     7.1739   3.377156    33.1095       3618 0.0000e+00
    124.000     7.2096   3.382045    33.1280       3644 0.0000e+00
    125.000     7.2230   3.383860    33.1344       3671 0.0000e+00
    126.000     7.2338   3.385501    33.1414       3700 0.0000e+00
    127.000     7.2396   3.386872    33.1502       3727 0.0000e+00
    128.000     7.2365   3.387147    33.1557       3752 0.0000e+00
    129.000     7.2648   3.391615    33.1767       3775 0.0000e+00
    130.000     7.2952   3.396003    33.1946       3800 0.0000e+00
    131.000     7.3391   3.402087    33.2181       3828 0.0000e+00
    132.000     7.4218   3.414078    33.2682       3861 0.0000e+00
    133.000     7.4641   3.420070    33.2920       3891 0.0000e+00
    134.000     7.4855   3.423179    33.3046       3916 0.0000e+00
    135.000     7.4905   3.423939    33.3075       3938 0.0000e+00
    136.000     7.4921   3.424429    33.3108       3961 0.0000e+00
    137.000     7.5006   3.426139    33.3206       3985 0.0000e+00
    138.000     7.5125   3.428486    33.3340       4012 0.0000e+00
    139.000     7.5051   3.428927    33.3454       4043 0.0000e+00
    140.000     7.5264   3.432969    33.3682       4072 0.0000e+00
    141.000     7.5543   3.438303    33.3985       4100 0.0000e+00
    142.000     7.5629   3.440417    33.4126       4126 0.0000e+00
    143.000     7.5620   3.441811    33.4280       4151 0.0000e+00
    144.000     7.5940   3.448521    33.4691       4175 0.0000e+00
    145.000     7.6371   3.457262    33.5214       4200 0.0000e+00
    146.000     7.6610   3.463641    33.5666       4225 0.0000e+00
    147.000     7.6702   3.467128    33.5948       4252 0.0000e+00
    148.000     7.6741   3.468929    33.6099       4281 0.0000e+00
    149.000     7.6848   3.470530    33.6164       4314 0.0000e+00
    150.000     7.7075   3.474079    33.6322       4342 0.0000e+00
    151.000     7.7220   3.477163    33.6509       4364 0.0000e+00
    152.000     7.7338   3.479900    33.6684       4384 0.0000e+00
    153.000     7.7421   3.481896    33.6814       4406 0.0000e+00
    154.000     7.7431   3.482646    33.6880       4435 0.0000e+00
    155.000     7.7410   3.483076    33.6943       4471 0.0000e+00
    156.000     7.7427   3.483757    33.6994       4501 0.0000e+00
    157.000     7.8422   3.496358    33.7381       4524 0.0000e+00
    158.000     7.8575   3.500090    33.7629       4546 0.0000e+00
    159.000     7.8465   3.501697    33.7903       4569 0.0000e+00
    160.000     7.8503   3.504689    33.8182       4594 0.0000e+00
    161.000     7.8911   3.509454    33.8293       4625 0.0000e+00
    162.000     7.9414   3.516251    33.8530       4658 0.0000e+00
    163.000     7.9790   3.522033    33.8780       4685 0.0000e+00
    164.000     7.9894   3.523950    33.8880       4707 0.0000e+00
    165.000     8.0058   3.527649    33.9112       4729 0.0000e+00
    166.000     8.0124   3.529558    33.9247       4752 0.0000e+00
    167.000     8.0124   3.530532    33.9347       4782 0.0000e+00
    168.000     8.0159   3.531767    33.9440       4816 0.0000e+00
    169.000     8.0251   3.533534    33.9534       4844 0.0000e+00
    170.000     8.0291   3.534865    33.9633       4867 0.0000e+00
    171.000     8.0315   3.536398    33.9769       4888 0.0000e+00
    172.000     8.0324   3.536934    33.9813       4912 0.0000e+00
    173.000     8.0331   3.537360    33.9847       4940 0.0000e+00
    174.000     8.0321   3.537687    33.9887       4972 0.0000e+00
    175.000     8.0337   3.538361    33.9938       5001 0.0000e+00
    176.000     8.0363   3.539523    34.0032       5025 0.0000e+00
    177.000     8.0391   3.541966    34.0262       5049 0.0000e+00
    178.000     8.0149   3.540890    34.0377       5073 0.0000e+00
    179.000     7.9866   3.539804    34.0531       5100 0.0000e+00
    180.000     7.9847   3.540525    34.0622       5129 0.0000e+00
    181.000     7.9816   3.540564    34.0652       5158 0.0000e+00
    182.000     7.9748   3.540314    34.0686       5184 0.0000e+00
    183.000     7.9741   3.540547    34.0713       5210 0.0000e+00
    184.000     7.9744   3.540778    34.0730       5237 0.0000e+00
    185.000     7.9755   3.541071    34.0746       5262 0.0000e+00
    186.000     7.9749   3.541345    34.0776       5286 0.0000e+00
    187.000     7.9596   3.540248    34.0803       5310 0.0000e+00
    188.000     7.9380   3.538630    34.0835       5337 0.0000e+00
    189.000     7.9034   3.535433    34.0825       5368 0.0000e+00
    190.000     7.8969   3.535166    34.0855       5401 0.0000e+00
    191.000     7.9315   3.539179    34.0943       5426 0.0000e+00
    192.000     7.9270   3.539058    34.0969       5447 0.0000e+00
    193.000     7.9225   3.538765    34.0976       5468 0.0000e+00
    194.000     7.9262   3.539340    34.0998       5493 0.0000e+00
    195.000     7.9161   3.538626    34.1015       5531 0.0000e+00
    196.000     7.8885   3.536439    34.1044       5563 0.0000e+00
    197.000     7.8907   3.537232    34.1103       5584 0.0000e+00
    198.000     7.8753   3.536104    34.1127       5604 0.0000e+00
    199.000     7.8590   3.534641    34.1125       5625 0.0000e+00
    200.000     7.8846   3.537946    34.1224       5652 0.0000e+00
    201.000     7.8749   3.537331    34.1248       5687 0.0000e+00
    202.000     7.8647   3.536716    34.1278       5718 0.0000e+00
    203.000     7.8652   3.537404    34.1342       5745 0.0000e+00
    204.000     7.8774   3.539569    34.1450       5769 0.0000e+00
    205.000     7.8853   3.540939    34.1515       5793 0.0000e+00
    206.000     7.8873   3.541347    34.1534       5815 0.0000e+00
    207.000     7.8888   3.541775    34.1562       5839 0.0000e+00
    208.000     7.8928   3.542513    34.1597       5865 0.0000e+00
    209.000     7.8944   3.543073    34.1636       5898 0.0000e+00
    210.000     7.8954   3.543653    34.1683       5933 0.0000e+00
    211.000     7.8964   3.543925    34.1698       5959 0.0000e+00
    212.000     7.8965   3.544229    34.1725       5981 0.0000e+00
    213.000     7.8939   3.544458    34.1770       6001 0.0000e+00
    214.000     7.8858   3.544324    34.1831       6023 0.0000e+00
    215.000     7.8764   3.543857    34.1867       6051 0.0000e+00
    216.000     7.8684   3.543493    34.1901       6085 0.0000e+00
    217.000     7.8663   3.543575    34.1926       6117 0.0000e+00
    218.000     7.8666   3.543733    34.1935       6142 0.0000e+00
    219.000     7.8650   3.543757    34.1949       6164 0.0000e+00
    220.000     7.8636   3.543736    34.1956       6186 0.0000e+00
    221.000     7.8629   3.543744    34.1958       6210 0.0000e+00
    222.000     7.8627   3.543786    34.1960       6237 0.0000e+00
    223.000     7.8624   3.543829    34.1962       6272 0.0000e+00
    224.000     7.8626   3.543887    34.1962       6307 0.0000e+00
    225.000     7.8625   3.543938    34.1964       6331 0.0000e+00
    226.000     7.8621   3.543997    34.1970       6351 0.0000e+00
    227.000     7.8617   3.544028    34.1972       6369 0.0000e+00
    228.000     7.8608   3.544081    34.1981       6390 0.0000e+00
    229.000     7.8598   3.544164    34.1995       6420 0.0000e+00
    230.000     7.8599   3.544270    34.2001       6462 0.0000e+00
    231.000     7.8603   3.544390    34.2005       6492 0.0000e+00
    232.000     7.8593   3.544519    34.2024       6515 0.0000e+00
    233.000     7.8550   3.544487    34.2057       6536 0.0000e+00
    234.000     7.8564   3.544604    34.2051       6558 0.0000e+00
    235.000     7.8559   3.544616    34.2053       6583 0.0000e+00
    236.000     7.8556   3.544634    34.2053       6609 0.0000e+00
    237.000     7.8558   3.544680    34.2051       6637 0.0000e+00
    238.000     7.8555   3.544742    34.2056       6668 0.0000e+00
    239.000     7.8554   3.544806    34.2059       6697 0.0000e+00
