HB2403/ctd018.cnv
* Sea-Bird SBE 9 Data File:
* FileName = C:\cruise\data\ctd018.hex
* Software Version Seasave V 7.26.7.121
* Temperature SN = 6650
* Conductivity SN = 6035
* Number of Bytes Per Scan = 37
* Number of Voltage Words = 4
* Number of Scans Averaged by the Deck Unit = 1
* NMEA Latitude = 42 41.89 N
* NMEA Longitude = 067 42.03 W
* NMEA UTC (Time) = Jun 10 2024 17:02:54
* NMEA baud rate = 4800
** Ship: Pisces PC2305
** Program:  Fall ECOMON
** Chief Scientist: Harvey Walsh
# nquan = 6
# nvalues = 373                         
# units = specified
# name 0 = depSM: Depth [salt water, m]
# name 1 = t090C: Temperature [ITS-90, deg C]
# name 2 = c0S/m: Conductivity [S/m]
# name 3 = sal00: Salinity, Practical [PSU]
# name 4 = scan: Scan Count
# name 5 = flag: flag
# span 0 =      2.000,    188.000       
# span 1 =     5.6026,    12.3013       
# span 2 =   3.159856,   3.686204       
# span 3 =    31.6703,    34.0643       
# span 4 =         30,      24112       
# span 5 = 0.0000e+00, 0.0000e+00       
# interval = meters: 1                  
# start_time = Jun 10 2024 17:02:54 [NMEA time, header]
# bad_flag = -9.990e-29
*END*
      2.000    12.3006   3.685958    31.6965         30 0.0000e+00
      3.000    12.2991   3.685881    31.6966        171 0.0000e+00
      4.000    12.2978   3.685817    31.6967        276 0.0000e+00
      5.000    12.2991   3.685964    31.6966        307 0.0000e+00
      6.000    12.3013   3.686204    31.6966        332 0.0000e+00
      7.000    12.3006   3.686119    31.6960        357 0.0000e+00
      8.000    12.2683   3.683413    31.6971        387 0.0000e+00
      9.000    12.2426   3.681250    31.6977        412 0.0000e+00
     10.000    12.1905   3.676374    31.6947        433 0.0000e+00
     11.000    12.1190   3.670292    31.6965        456 0.0000e+00
     12.000    12.0782   3.666718    31.6965        486 0.0000e+00
     13.000    12.0486   3.664056    31.6955        521 0.0000e+00
     14.000    12.0049   3.660247    31.6956        548 0.0000e+00
     15.000    11.9734   3.657469    31.6952        571 0.0000e+00
     16.000    11.9637   3.656628    31.6950        595 0.0000e+00
     17.000    11.9396   3.654381    31.6934        620 0.0000e+00
     18.000    11.8886   3.650025    31.6943        650 0.0000e+00
     19.000    11.8560   3.647305    31.6954        682 0.0000e+00
     20.000    11.7674   3.639769    31.6976        711 0.0000e+00
     21.000    11.3446   3.602524    31.6964        737 0.0000e+00
     22.000    10.6586   3.545995    31.7313        762 0.0000e+00
     23.000    10.4860   3.530862    31.7302        788 0.0000e+00
     24.000    10.1280   3.500703    31.7403        815 0.0000e+00
     25.000    10.0264   3.491998    31.7412        844 0.0000e+00
     26.000     9.8750   3.478801    31.7404        874 0.0000e+00
     27.000     9.4164   3.440377    31.7537        904 0.0000e+00
     28.000     9.1966   3.422598    31.7659        930 0.0000e+00
     29.000     8.9889   3.405412    31.7733        954 0.0000e+00
     30.000     8.6981   3.382123    31.7913        979 0.0000e+00
     31.000     8.6374   3.376878    31.7907       1010 0.0000e+00
     32.000     8.5717   3.371093    31.7889       1044 0.0000e+00
     33.000     8.4533   3.360874    31.7880       1070 0.0000e+00
     34.000     8.2376   3.343360    31.7982       1090 0.0000e+00
     35.000     8.0664   3.329415    31.8056       1111 0.0000e+00
     36.000     7.8346   3.310240    31.8123       1139 0.0000e+00
     37.000     7.5797   3.289337    31.8212       1181 0.0000e+00
     38.000     7.4087   3.275648    31.8304       1212 0.0000e+00
     39.000     7.2091   3.259187    31.8358       1233 0.0000e+00
     40.000     6.8960   3.235061    31.8626       1255 0.0000e+00
     41.000     6.7019   3.220454    31.8825       1282 0.0000e+00
     42.000     6.4336   3.201995    31.9293       1315 0.0000e+00
     43.000     6.3467   3.196505    31.9496       1346 0.0000e+00
     44.000     6.3172   3.194534    31.9550       1376 0.0000e+00
     45.000     6.2591   3.191163    31.9716       1405 0.0000e+00
     46.000     6.1133   3.182030    32.0069       1430 0.0000e+00
     47.000     6.0262   3.176603    32.0282       1454 0.0000e+00
     48.000     5.9493   3.171894    32.0478       1483 0.0000e+00
     49.000     5.9021   3.169003    32.0597       1519 0.0000e+00
     50.000     5.8585   3.166500    32.0725       1550 0.0000e+00
     51.000     5.8060   3.163759    32.0911       1575 0.0000e+00
     52.000     5.7839   3.162945    32.1025       1600 0.0000e+00
     53.000     5.7563   3.162202    32.1199       1630 0.0000e+00
     54.000     5.7457   3.161878    32.1259       1662 0.0000e+00
     55.000     5.7222   3.161745    32.1463       1691 0.0000e+00
     56.000     5.6981   3.162487    32.1771       1719 0.0000e+00
     57.000     5.6100   3.160064    32.2336       1751 0.0000e+00
     58.000     5.6026   3.161074    32.2517       1780 0.0000e+00
     59.000     5.6057   3.162213    32.2610       1808 0.0000e+00
     60.000     5.6085   3.163007    32.2668       1835 0.0000e+00
     61.000     5.6105   3.163612    32.2712       1863 0.0000e+00
     62.000     5.6193   3.165497    32.2835       1893 0.0000e+00
     63.000     5.6506   3.171886    32.3251       1925 0.0000e+00
     64.000     5.6522   3.173687    32.3434       1952 0.0000e+00
     65.000     5.6589   3.176034    32.3631       1980 0.0000e+00
     66.000     5.6733   3.179613    32.3890       2009 0.0000e+00
     67.000     5.6849   3.182187    32.4064       2039 0.0000e+00
     68.000     5.7041   3.185246    32.4220       2068 0.0000e+00
     69.000     5.7304   3.189309    32.4420       2096 0.0000e+00
     70.000     5.7351   3.190028    32.4451       2122 0.0000e+00
     71.000     5.7362   3.190298    32.4465       2149 0.0000e+00
     72.000     5.7371   3.190558    32.4481       2183 0.0000e+00
     73.000     5.7405   3.191481    32.4547       2216 0.0000e+00
     74.000     5.7465   3.192898    32.4644       2241 0.0000e+00
     75.000     5.7487   3.193519    32.4688       2264 0.0000e+00
     76.000     5.7501   3.193979    32.4722       2292 0.0000e+00
     77.000     5.7571   3.195935    32.4870       2327 0.0000e+00
     78.000     5.7626   3.197598    32.4999       2358 0.0000e+00
     79.000     5.7654   3.198624    32.5082       2383 0.0000e+00
     80.000     5.7685   3.199541    32.5151       2407 0.0000e+00
     81.000     5.7711   3.200198    32.5195       2432 0.0000e+00
     82.000     5.7746   3.200914    32.5238       2462 0.0000e+00
     83.000     5.7764   3.201312    32.5259       2496 0.0000e+00
     84.000     5.7780   3.201603    32.5272       2526 0.0000e+00
     85.000     5.7786   3.201743    32.5277       2551 0.0000e+00
     86.000     5.7794   3.201909    32.5283       2576 0.0000e+00
     87.000     5.7803   3.202124    32.5293       2605 0.0000e+00
     88.000     5.7838   3.202785    32.5329       2634 0.0000e+00
     89.000     5.7882   3.203515    32.5364       2660 0.0000e+00
     90.000     5.7941   3.204560    32.5420       2686 0.0000e+00
     91.000     5.7989   3.205338    32.5456       2714 0.0000e+00
     92.000     5.8118   3.207525    32.5573       2745 0.0000e+00
     93.000     5.8661   3.216512    32.6054       2776 0.0000e+00
     94.000     5.9860   3.235106    32.6978       2804 0.0000e+00
     95.000     6.0337   3.242423    32.7332       2830 0.0000e+00
     96.000     6.0446   3.244238    32.7425       2854 0.0000e+00
     97.000     6.0452   3.244488    32.7442       2881 0.0000e+00
     98.000     6.0523   3.245776    32.7513       2914 0.0000e+00
     99.000     6.0983   3.253347    32.7910       2945 0.0000e+00
    100.000     6.1347   3.258859    32.8169       2969 0.0000e+00
    101.000     6.1696   3.264304    32.8435       2992 0.0000e+00
    102.000     6.1946   3.268171    32.8619       3019 0.0000e+00
    103.000     6.2389   3.274927    32.8938       3051 0.0000e+00
    104.000     6.2466   3.276089    32.8989       3086 0.0000e+00
    105.000     6.2923   3.283229    32.9336       3112 0.0000e+00
    106.000     6.3279   3.288228    32.9543       3134 0.0000e+00
    107.000     6.3299   3.288601    32.9560       3157 0.0000e+00
    108.000     6.3348   3.289459    32.9603       3191 0.0000e+00
    109.000     6.3371   3.289879    32.9623       3229 0.0000e+00
    110.000     6.3383   3.290095    32.9630       3255 0.0000e+00
    111.000     6.3428   3.290872    32.9668       3278 0.0000e+00
    112.000     6.3667   3.294546    32.9840       3305 0.0000e+00
    113.000     6.3927   3.298379    33.0009       3336 0.0000e+00
    114.000     6.3986   3.299315    33.0051       3363 0.0000e+00
    115.000     6.4091   3.300867    33.0117       3387 0.0000e+00
    116.000     6.4195   3.302489    33.0191       3418 0.0000e+00
    117.000     6.4243   3.303316    33.0231       3451 0.0000e+00
    118.000     6.4562   3.308121    33.0450       3478 0.0000e+00
    119.000     6.4920   3.313354    33.0678       3503 0.0000e+00
    120.000     6.4978   3.314307    33.0722       3533 0.0000e+00
    121.000     6.5177   3.317320    33.0858       3563 0.0000e+00
    122.000     6.5386   3.320779    33.1034       3588 0.0000e+00
    123.000     6.6145   3.333307    33.1678       3613 0.0000e+00
    124.000     6.6614   3.340875    33.2054       3641 0.0000e+00
    125.000     6.7015   3.347281    33.2367       3670 0.0000e+00
    126.000     6.7598   3.356229    33.2782       3697 0.0000e+00
    127.000     6.8010   3.362996    33.3122       3724 0.0000e+00
    128.000     6.8264   3.367017    33.3313       3755 0.0000e+00
    129.000     6.8675   3.375927    33.3887       3783 0.0000e+00
    130.000     6.9302   3.385024    33.4271       3805 0.0000e+00
    131.000     6.9504   3.387766    33.4371       3829 0.0000e+00
    132.000     6.9753   3.391607    33.4545       3861 0.0000e+00
    133.000     7.0145   3.397745    33.4831       3898 0.0000e+00
    134.000     7.0490   3.403446    33.5115       3923 0.0000e+00
    135.000     7.0785   3.408258    33.5349       3944 0.0000e+00
    136.000     7.1049   3.412830    33.5587       3965 0.0000e+00
    137.000     7.1217   3.415645    33.5727       3993 0.0000e+00
    138.000     7.1369   3.418452    33.5880       4032 0.0000e+00
    139.000     7.1570   3.421939    33.6060       4061 0.0000e+00
    140.000     7.1860   3.427295    33.6357       4083 0.0000e+00
    141.000     7.2055   3.430798    33.6544       4105 0.0000e+00
    142.000     7.2128   3.432290    33.6631       4131 0.0000e+00
    143.000     7.2268   3.434875    33.6771       4162 0.0000e+00
    144.000     7.2440   3.438524    33.6997       4193 0.0000e+00
    145.000     7.2541   3.441152    33.7179       4221 0.0000e+00
    146.000     7.2649   3.443071    33.7278       4247 0.0000e+00
    147.000     7.3017   3.449622    33.7627       4273 0.0000e+00
    148.000     7.3600   3.459917    33.8173       4299 0.0000e+00
    149.000     7.3973   3.466603    33.8530       4327 0.0000e+00
    150.000     7.4039   3.467969    33.8608       4355 0.0000e+00
    151.000     7.4140   3.469882    33.8713       4381 0.0000e+00
    152.000     7.4342   3.473672    33.8922       4409 0.0000e+00
    153.000     7.4462   3.475791    33.9029       4439 0.0000e+00
    154.000     7.4608   3.478706    33.9197       4468 0.0000e+00
    155.000     7.4860   3.483230    33.9437       4494 0.0000e+00
    156.000     7.4945   3.484970    33.9537       4519 0.0000e+00
    157.000     7.5316   3.492188    33.9951       4543 0.0000e+00
    158.000     7.5477   3.495307    34.0126       4571 0.0000e+00
    159.000     7.5653   3.498715    34.0318       4607 0.0000e+00
    160.000     7.5754   3.500687    34.0427       4637 0.0000e+00
    161.000     7.5800   3.501533    34.0469       4661 0.0000e+00
    162.000     7.5820   3.501969    34.0491       4686 0.0000e+00
    163.000     7.5827   3.502144    34.0499       4715 0.0000e+00
    164.000     7.5829   3.502246    34.0503       4744 0.0000e+00
    165.000     7.5850   3.502654    34.0522       4771 0.0000e+00
    166.000     7.5860   3.502860    34.0529       4799 0.0000e+00
    167.000     7.5867   3.503054    34.0538       4834 0.0000e+00
    168.000     7.5892   3.503511    34.0558       4866 0.0000e+00
    169.000     7.5916   3.503933    34.0576       4889 0.0000e+00
    170.000     7.5923   3.504078    34.0579       4910 0.0000e+00
    171.000     7.5921   3.504113    34.0580       4938 0.0000e+00
    172.000     7.5930   3.504304    34.0588       4977 0.0000e+00
    173.000     7.5931   3.504362    34.0588       5008 0.0000e+00
    174.000     7.5938   3.504519    34.0593       5034 0.0000e+00
    175.000     7.5947   3.504714    34.0601       5063 0.0000e+00
    176.000     7.5958   3.504935    34.0609       5092 0.0000e+00
    177.000     7.5951   3.504847    34.0602       5118 0.0000e+00
    178.000     7.5954   3.504939    34.0604       5142 0.0000e+00
    179.000     7.5974   3.505324    34.0621       5171 0.0000e+00
    180.000     7.5991   3.505638    34.0633       5214 0.0000e+00
    181.000     7.5992   3.505681    34.0632       5245 0.0000e+00
    182.000     7.5993   3.505750    34.0633       5268 0.0000e+00
    183.000     7.5990   3.505744    34.0631       5290 0.0000e+00
    184.000     7.5995   3.505850    34.0633       5319 0.0000e+00
    185.000     7.5992   3.505866    34.0632       6785 0.0000e+00
    186.000     7.5998   3.506002    34.0637       8178 0.0000e+00
    187.000     7.6000   3.506087    34.0639       8495 0.0000e+00
    188.000     7.6008   3.506238    34.0643       8717 0.0000e+00
    187.000     7.6007   3.506180    34.0643       8703 0.0000e+00
    186.000     7.6002   3.506070    34.0640       8741 0.0000e+00
    185.000     7.5999   3.505990    34.0639       8769 0.0000e+00
    184.000     7.5998   3.505930    34.0639       8789 0.0000e+00
    183.000     7.5988   3.505729    34.0632       8813 0.0000e+00
    182.000     7.5982   3.505602    34.0628       8848 0.0000e+00
    181.000     7.5978   3.505505    34.0627       8884 0.0000e+00
    180.000     7.5977   3.505455    34.0627       8911 0.0000e+00
    179.000     7.5976   3.505404    34.0628       8934 0.0000e+00
    178.000     7.5976   3.505358    34.0627       8957 0.0000e+00
    177.000     7.5977   3.505319    34.0628       8984 0.0000e+00
    176.000     7.5977   3.505286    34.0629       9016 0.0000e+00
    175.000     7.5979   3.505283    34.0630       9050 0.0000e+00
    174.000     7.5980   3.505250    34.0631       9075 0.0000e+00
    173.000     7.5964   3.504988    34.0623       9098 0.0000e+00
    172.000     7.5967   3.504994    34.0625       9122 0.0000e+00
    171.000     7.5970   3.504977    34.0626       9150 0.0000e+00
    170.000     7.5966   3.504892    34.0626       9183 0.0000e+00
    169.000     7.5969   3.504929    34.0631       9213 0.0000e+00
    168.000     7.5969   3.504864    34.0629       9238 0.0000e+00
    167.000     7.5967   3.504795    34.0629       9262 0.0000e+00
    166.000     7.5963   3.504664    34.0624       9285 0.0000e+00
    165.000     7.5924   3.503949    34.0589       9310 0.0000e+00
    164.000     7.5894   3.503454    34.0570       9338 0.0000e+00
    163.000     7.5950   3.504372    34.0619       9373 0.0000e+00
    162.000     7.5941   3.504132    34.0607       9404 0.0000e+00
    161.000     7.5929   3.503954    34.0603       9428 0.0000e+00
    160.000     7.5887   3.503056    34.0553       9448 0.0000e+00
    159.000     7.5762   3.500984    34.0456       9470 0.0000e+00
    158.000     7.5761   3.500915    34.0455       9493 0.0000e+00
    157.000     7.5761   3.500916    34.0459       9522 0.0000e+00
    156.000     7.5815   3.501825    34.0510       9557 0.0000e+00
    155.000     7.5861   3.502441    34.0536       9589 0.0000e+00
    154.000     7.5474   3.494672    34.0080       9612 0.0000e+00
    153.000     7.4881   3.483636    33.9470       9633 0.0000e+00
    152.000     7.4693   3.480447    33.9313       9652 0.0000e+00
    151.000     7.4419   3.475064    33.9001       9674 0.0000e+00
    150.000     7.3970   3.467095    33.8581       9701 0.0000e+00
    149.000     7.3985   3.467599    33.8626       9736 0.0000e+00
    148.000     7.3891   3.465521    33.8497       9769 0.0000e+00
    147.000     7.3855   3.464988    33.8479       9790 0.0000e+00
    146.000     7.3800   3.463623    33.8389       9809 0.0000e+00
    145.000     7.3181   3.452020    33.7738       9831 0.0000e+00
    144.000     7.2671   3.443719    33.7336       9859 0.0000e+00
    143.000     7.2446   3.438676    33.7012       9888 0.0000e+00
    142.000     7.2230   3.435035    33.6831       9912 0.0000e+00
    141.000     7.2058   3.431882    33.6660       9936 0.0000e+00
    140.000     7.1824   3.427468    33.6411       9965 0.0000e+00
    139.000     7.1678   3.424590    33.6244       9993 0.0000e+00
    138.000     7.1473   3.420835    33.6038      10017 0.0000e+00
    137.000     7.1332   3.418198    33.5893      10038 0.0000e+00
