HB2403/ctd011.cnv
* Sea-Bird SBE 9 Data File:
* FileName = C:\cruise\data\ctd011.hex
* Software Version Seasave V 7.26.7.121
* Temperature SN = 6650
* Conductivity SN = 6035
* Number of Bytes Per Scan = 37
* Number of Voltage Words = 4
* Number of Scans Averaged by the Deck Unit = 1
* NMEA Latitude = 40 22.88 N
* NMEA Longitude = 067 41.47 W
* NMEA UTC (Time) = Jun 07 2024 11:41:35
* NMEA baud rate = 4800
** Ship: Pisces PC2305
** Program:  Fall ECOMON
** Chief Scientist: Harvey Walsh
# nquan = 6
# nvalues = 525                         
# units = specified
# name 0 = depSM: Depth [salt water, m]
# name 1 = t090C: Temperature [ITS-90, deg C]
# name 2 = c0S/m: Conductivity [S/m]
# name 3 = sal00: Salinity, Practical [PSU]
# name 4 = scan: Scan Count
# name 5 = flag: flag
# span 0 =      2.000,    264.000       
# span 1 =     8.3855,    14.3761       
# span 2 =   3.673945,   4.121115       
# span 3 =    32.5159,    35.1616       
# span 4 =       -116,      28809       
# span 5 = 0.0000e+00, 0.0000e+00       
# interval = meters: 1                  
# start_time = Jun 07 2024 11:41:35 [NMEA time, header]
# bad_flag = -9.990e-29
*END*
      2.000    13.4671   3.877693    32.5181       -116 0.0000e+00
      3.000    13.4716   3.879904    32.5345        293 0.0000e+00
      4.000    13.4659   3.877432    32.5159        388 0.0000e+00
      5.000    13.4643   3.877405    32.5166        408 0.0000e+00
      6.000    13.4949   3.888106    32.5900        433 0.0000e+00
      7.000    13.6083   3.916196    32.7548        464 0.0000e+00
      8.000    13.7645   3.945884    32.8966        491 0.0000e+00
      9.000    13.9706   3.982023    33.0544        516 0.0000e+00
     10.000    14.1353   4.005707    33.1313        546 0.0000e+00
     11.000    14.2006   4.016232    33.1718        578 0.0000e+00
     12.000    14.2903   4.050721    33.4116        603 0.0000e+00
     13.000    14.3695   4.092116    33.7234        624 0.0000e+00
     14.000    14.3761   4.117772    33.9534        647 0.0000e+00
     15.000    14.3627   4.121115    33.9956        683 0.0000e+00
     16.000    14.3138   4.117961    34.0091        721 0.0000e+00
     17.000    14.1763   4.107764    34.0358        744 0.0000e+00
     18.000    14.0611   4.099181    34.0576        765 0.0000e+00
     19.000    14.0060   4.094403    34.0617        786 0.0000e+00
     20.000    13.8636   4.081594    34.0684        814 0.0000e+00
     21.000    13.8361   4.081737    34.0938        852 0.0000e+00
     22.000    13.8793   4.087537    34.1091        887 0.0000e+00
     23.000    13.8734   4.088477    34.1226        914 0.0000e+00
     24.000    13.8331   4.085442    34.1298        940 0.0000e+00
     25.000    13.7896   4.081806    34.1342        965 0.0000e+00
     26.000    13.6530   4.067279    34.1196        987 0.0000e+00
     27.000    13.5211   4.055402    34.1257       1008 0.0000e+00
     28.000    13.4093   4.043594    34.1142       1034 0.0000e+00
     29.000    13.3558   4.037556    34.1049       1075 0.0000e+00
     30.000    13.3442   4.036749    34.1071       1116 0.0000e+00
     31.000    13.2960   4.033038    34.1150       1141 0.0000e+00
     32.000    13.2727   4.030862    34.1149       1160 0.0000e+00
     33.000    13.1106   4.015228    34.1121       1179 0.0000e+00
     34.000    12.7675   3.982496    34.1096       1198 0.0000e+00
     35.000    12.6496   3.971673    34.1123       1222 0.0000e+00
     36.000    12.5840   3.967796    34.1342       1256 0.0000e+00
     37.000    12.3901   3.947670    34.1163       1298 0.0000e+00
     38.000    12.3743   3.947867    34.1322       1329 0.0000e+00
     39.000    12.4497   3.957573    34.1567       1353 0.0000e+00
     40.000    12.4980   3.963892    34.1731       1375 0.0000e+00
     41.000    12.5519   3.970802    34.1901       1396 0.0000e+00
     42.000    12.5708   3.974152    34.2046       1418 0.0000e+00
     43.000    12.5355   3.970971    34.2058       1445 0.0000e+00
     44.000    12.5298   3.971679    34.2174       1477 0.0000e+00
     45.000    12.5627   3.976950    34.2376       1511 0.0000e+00
     46.000    12.5745   3.979178    34.2479       1544 0.0000e+00
     47.000    12.5692   3.980336    34.2633       1575 0.0000e+00
     48.000    12.5172   3.975869    34.2673       1600 0.0000e+00
     49.000    12.4117   3.964584    34.2546       1619 0.0000e+00
     50.000    12.3441   3.959290    34.2648       1638 0.0000e+00
     51.000    12.3487   3.962023    34.2866       1658 0.0000e+00
     52.000    12.3466   3.962888    34.2964       1693 0.0000e+00
     53.000    12.3398   3.962177    34.2953       1743 0.0000e+00
     54.000    12.3326   3.961807    34.2980       1773 0.0000e+00
     55.000    12.3128   3.960185    34.3000       1793 0.0000e+00
     56.000    12.2602   3.955220    34.2997       1811 0.0000e+00
     57.000    12.1626   3.947097    34.3101       1827 0.0000e+00
     58.000    12.1303   3.943898    34.3083       1847 0.0000e+00
     59.000    12.0997   3.940644    34.3044       1886 0.0000e+00
     60.000    12.0503   3.935166    34.2961       1933 0.0000e+00
     61.000    11.9733   3.927016    34.2872       1956 0.0000e+00
     62.000    11.7289   3.899918    34.2472       1976 0.0000e+00
     63.000    11.4795   3.873776    34.2204       1996 0.0000e+00
     64.000    11.1622   3.845171    34.2317       2020 0.0000e+00
     65.000    11.0779   3.838526    34.2437       2054 0.0000e+00
     66.000    11.0538   3.836578    34.2464       2086 0.0000e+00
     67.000    11.0306   3.834837    34.2502       2108 0.0000e+00
     68.000    11.0081   3.832937    34.2518       2129 0.0000e+00
     69.000    10.9840   3.831504    34.2596       2154 0.0000e+00
     70.000    10.9669   3.832788    34.2879       2188 0.0000e+00
     71.000    11.0234   3.845280    34.3591       2227 0.0000e+00
     72.000    11.1033   3.857389    34.4044       2255 0.0000e+00
     73.000    11.1588   3.869836    34.4758       2275 0.0000e+00
     74.000    11.1760   3.874281    34.5033       2294 0.0000e+00
     75.000    11.2023   3.883173    34.5666       2312 0.0000e+00
     76.000    11.2142   3.888908    34.6119       2338 0.0000e+00
     77.000    11.2349   3.893746    34.6399       2389 0.0000e+00
     78.000    11.3182   3.906701    34.6896       2427 0.0000e+00
     79.000    11.3986   3.920176    34.7469       2446 0.0000e+00
     80.000    11.4061   3.922113    34.7586       2463 0.0000e+00
     81.000    11.3919   3.921359    34.7640       2480 0.0000e+00
     82.000    11.3874   3.921745    34.7716       2500 0.0000e+00
     83.000    11.3932   3.923259    34.7807       2526 0.0000e+00
     84.000    11.4070   3.925703    34.7914       2567 0.0000e+00
     85.000    11.3713   3.923570    34.8035       2608 0.0000e+00
     86.000    11.3543   3.922009    34.8037       2638 0.0000e+00
     87.000    11.3047   3.916782    34.7983       2660 0.0000e+00
     88.000    11.2786   3.914094    34.7958       2679 0.0000e+00
     89.000    11.2653   3.912998    34.7969       2697 0.0000e+00
     90.000    11.2454   3.911333    34.7988       2716 0.0000e+00
     91.000    11.2338   3.910526    34.8013       2743 0.0000e+00
     92.000    11.2326   3.910290    34.7996       2791 0.0000e+00
     93.000    11.2287   3.910297    34.8030       2831 0.0000e+00
     94.000    11.2427   3.912244    34.8086       2854 0.0000e+00
     95.000    11.2578   3.914074    34.8121       2873 0.0000e+00
     96.000    11.2660   3.915236    34.8154       2892 0.0000e+00
     97.000    11.2832   3.917659    34.8227       2912 0.0000e+00
     98.000    11.3216   3.922392    34.8329       2935 0.0000e+00
     99.000    11.3161   3.922868    34.8424       2966 0.0000e+00
    100.000    11.3039   3.922393    34.8488       3005 0.0000e+00
    101.000    11.3059   3.923303    34.8555       3041 0.0000e+00
    102.000    11.3155   3.927079    34.8834       3068 0.0000e+00
    103.000    11.2653   3.923735    34.8972       3090 0.0000e+00
    104.000    11.1620   3.915777    34.9156       3112 0.0000e+00
    105.000    11.1358   3.913401    34.9164       3135 0.0000e+00
    106.000    11.1242   3.912491    34.9179       3157 0.0000e+00
    107.000    11.1145   3.911451    34.9163       3180 0.0000e+00
    108.000    11.0909   3.909023    34.9141       3204 0.0000e+00
    109.000    11.0370   3.903443    34.9092       3240 0.0000e+00
    110.000    10.9583   3.895591    34.9052       3295 0.0000e+00
    111.000    10.9349   3.893503    34.9061       3324 0.0000e+00
    112.000    10.8940   3.888938    34.8989       3341 0.0000e+00
    113.000    10.8296   3.882120    34.8915       3357 0.0000e+00
    114.000    10.7878   3.877878    34.8883       3371 0.0000e+00
    115.000    10.7712   3.876439    34.8893       3386 0.0000e+00
    116.000    10.7649   3.875871    34.8891       3408 0.0000e+00
    117.000    10.7596   3.875324    34.8883       3460 0.0000e+00
    118.000    10.7466   3.874182    34.8887       3512 0.0000e+00
    119.000    10.7433   3.874012    34.8897       3535 0.0000e+00
    120.000    10.7418   3.874035    34.8909       3553 0.0000e+00
    121.000    10.7273   3.873032    34.8942       3568 0.0000e+00
    122.000    10.7217   3.873304    34.9019       3582 0.0000e+00
    123.000    10.7281   3.874304    34.9054       3598 0.0000e+00
    124.000    10.7361   3.875530    34.9096       3633 0.0000e+00
    125.000    10.7453   3.876696    34.9121       3696 0.0000e+00
    126.000    10.7543   3.878070    34.9167       3722 0.0000e+00
    127.000    10.7943   3.882965    34.9273       3742 0.0000e+00
    128.000    10.8047   3.884162    34.9289       3760 0.0000e+00
    129.000    10.7437   3.877170    34.9165       3778 0.0000e+00
    130.000    10.7424   3.878208    34.9277       3798 0.0000e+00
    131.000    10.7724   3.881337    34.9300       3825 0.0000e+00
    132.000    10.7550   3.880268    34.9355       3865 0.0000e+00
    133.000    10.7939   3.885312    34.9485       3906 0.0000e+00
    134.000    10.7775   3.883665    34.9471       3932 0.0000e+00
    135.000    10.7200   3.877419    34.9389       3950 0.0000e+00
    136.000    10.6564   3.870320    34.9278       3968 0.0000e+00
    137.000    10.5806   3.862875    34.9249       3988 0.0000e+00
    138.000    10.5590   3.861155    34.9278       4029 0.0000e+00
    139.000    10.5450   3.859992    34.9290       4082 0.0000e+00
    140.000    10.5388   3.859618    34.9307       4102 0.0000e+00
    141.000    10.5331   3.859194    34.9314       4119 0.0000e+00
    142.000    10.5316   3.859292    34.9334       4135 0.0000e+00
    143.000    10.5144   3.857797    34.9344       4153 0.0000e+00
    144.000    10.4895   3.855874    34.9383       4185 0.0000e+00
    145.000    10.4733   3.855044    34.9450       4237 0.0000e+00
    146.000    10.4693   3.855199    34.9500       4267 0.0000e+00
    147.000    10.4805   3.857083    34.9578       4290 0.0000e+00
    148.000    10.5016   3.860094    34.9675       4311 0.0000e+00
    149.000    10.5425   3.865612    34.9836       4332 0.0000e+00
    150.000    10.6381   3.877957    35.0159       4356 0.0000e+00
    151.000    10.7207   3.888367    35.0410       4388 0.0000e+00
    152.000    10.7821   3.896381    35.0623       4432 0.0000e+00
    153.000    10.8027   3.899269    35.0711       4462 0.0000e+00
    154.000    10.7972   3.899055    35.0737       4482 0.0000e+00
    155.000    10.7899   3.898731    35.0770       4501 0.0000e+00
    156.000    10.7826   3.898370    35.0799       4523 0.0000e+00
    157.000    10.7806   3.898293    35.0806       4566 0.0000e+00
    158.000    10.7777   3.898094    35.0809       4613 0.0000e+00
    159.000    10.7701   3.898403    35.0909       4635 0.0000e+00
    160.000    10.7703   3.899357    35.0998       4656 0.0000e+00
    161.000    10.7693   3.899603    35.1028       4684 0.0000e+00
    162.000    10.7613   3.899106    35.1050       4729 0.0000e+00
    163.000    10.7153   3.895226    35.1097       4766 0.0000e+00
    164.000    10.7023   3.893987    35.1093       4793 0.0000e+00
    165.000    10.6058   3.883277    35.0937       4819 0.0000e+00
    166.000    10.5978   3.883050    35.0987       4852 0.0000e+00
    167.000    10.5609   3.878455    35.0873       4895 0.0000e+00
    168.000    10.3991   3.862415    35.0805       4931 0.0000e+00
    169.000    10.3871   3.861873    35.0861       4953 0.0000e+00
    170.000    10.3748   3.861848    35.0973       4974 0.0000e+00
    171.000    10.3699   3.861976    35.1028       5005 0.0000e+00
    172.000    10.3612   3.861384    35.1048       5070 0.0000e+00
    173.000    10.3649   3.861947    35.1064       5098 0.0000e+00
    174.000    10.3732   3.863293    35.1116       5117 0.0000e+00
    175.000    10.3892   3.865730    35.1204       5135 0.0000e+00
    176.000    10.3998   3.867194    35.1246       5156 0.0000e+00
    177.000    10.4368   3.872094    35.1380       5203 0.0000e+00
    178.000    10.4654   3.875627    35.1457       5267 0.0000e+00
    179.000    10.4667   3.875901    35.1468       5291 0.0000e+00
    180.000    10.4647   3.875724    35.1465       5310 0.0000e+00
    181.000    10.4643   3.875747    35.1466       5329 0.0000e+00
    182.000    10.4652   3.876048    35.1484       5352 0.0000e+00
    183.000    10.4700   3.876878    35.1516       5400 0.0000e+00
    184.000    10.4651   3.876203    35.1491       5453 0.0000e+00
    185.000    10.4680   3.876630    35.1501       5485 0.0000e+00
    186.000    10.4700   3.877030    35.1518       5511 0.0000e+00
    187.000    10.4795   3.878598    35.1581       5533 0.0000e+00
    188.000    10.4869   3.879601    35.1605       5555 0.0000e+00
    189.000    10.4870   3.879692    35.1609       5582 0.0000e+00
    190.000    10.4837   3.879456    35.1613       5657 0.0000e+00
    191.000    10.4802   3.879199    35.1616       5688 0.0000e+00
    192.000    10.4621   3.877359    35.1600       5708 0.0000e+00
    193.000    10.4250   3.873777    35.1591       5728 0.0000e+00
    194.000    10.3600   3.866743    35.1501       5754 0.0000e+00
    195.000    10.2908   3.860131    35.1496       5800 0.0000e+00
    196.000    10.2811   3.859049    35.1474       5851 0.0000e+00
    197.000    10.2445   3.855478    35.1461       5882 0.0000e+00
    198.000    10.1842   3.848924    35.1373       5908 0.0000e+00
    199.000     9.9001   3.820704    35.1242       5933 0.0000e+00
    200.000     9.7493   3.806235    35.1221       5958 0.0000e+00
    201.000     9.7721   3.808129    35.1188       5988 0.0000e+00
    202.000     9.7232   3.803112    35.1145       6046 0.0000e+00
    203.000     9.7141   3.802298    35.1145       6089 0.0000e+00
    204.000     9.6596   3.796158    35.1038       6115 0.0000e+00
    205.000     9.4226   3.773350    35.0992       6139 0.0000e+00
    206.000     9.4256   3.773464    35.0970       6165 0.0000e+00
    207.000     9.4288   3.773697    35.0958       6192 0.0000e+00
    208.000     9.4311   3.773816    35.0944       6226 0.0000e+00
    209.000     9.4280   3.773439    35.0930       6275 0.0000e+00
    210.000     9.4235   3.772985    35.0922       6316 0.0000e+00
    211.000     9.4210   3.772724    35.0915       6345 0.0000e+00
    212.000     9.4227   3.772919    35.0914       6371 0.0000e+00
    213.000     9.4218   3.772791    35.0905       6397 0.0000e+00
    214.000     9.4214   3.772752    35.0900       6428 0.0000e+00
    215.000     9.4192   3.772505    35.0892       6464 0.0000e+00
    216.000     9.3914   3.769893    35.0888       6498 0.0000e+00
    217.000     9.3833   3.769136    35.0884       6529 0.0000e+00
    218.000     9.3871   3.769526    35.0883       6566 0.0000e+00
    219.000     9.3983   3.770617    35.0881       6610 0.0000e+00
    220.000     9.3934   3.770138    35.0875       6644 0.0000e+00
    221.000     9.3925   3.770157    35.0881       6667 0.0000e+00
    222.000     9.3780   3.768724    35.0869       6685 0.0000e+00
    223.000     9.4068   3.771540    35.0875       6706 0.0000e+00
    224.000     9.4121   3.772037    35.0870       6753 0.0000e+00
    225.000     9.3934   3.770183    35.0855       6817 0.0000e+00
    226.000     9.3889   3.769900    35.0866       6840 0.0000e+00
    227.000     9.3870   3.769770    35.0867       6860 0.0000e+00
    228.000     9.3983   3.770923    35.0871       6880 0.0000e+00
    229.000     9.4022   3.771264    35.0863       6904 0.0000e+00
    230.000     9.3759   3.768754    35.0855       6949 0.0000e+00
    231.000     9.3337   3.764739    35.0847       6993 0.0000e+00
    232.000     9.3364   3.765122    35.0856       7018 0.0000e+00
    233.000     9.3349   3.764831    35.0836       7042 0.0000e+00
    234.000     9.3201   3.763527    35.0841       7068 0.0000e+00
    235.000     9.3107   3.762599    35.0831       7104 0.0000e+00
    236.000     9.2944   3.761097    35.0831       7143 0.0000e+00
    237.000     9.2679   3.758556    35.0822       7176 0.0000e+00
    238.000     9.2472   3.756712    35.0828       7205 0.0000e+00
    239.000     9.2260   3.754553    35.0806       7232 0.0000e+00
