HB2403/ctd010.cnv
* Sea-Bird SBE 9 Data File:
* FileName = C:\cruise\data\ctd010.hex
* Software Version Seasave V 7.26.7.121
* Temperature SN = 6650
* Conductivity SN = 6035
* Number of Bytes Per Scan = 37
* Number of Voltage Words = 4
* Number of Scans Averaged by the Deck Unit = 1
* NMEA Latitude = 40 15.26 N
* NMEA Longitude = 067 41.77 W
* NMEA UTC (Time) = Jun 07 2024 10:21:29
* NMEA baud rate = 4800
** Ship: Pisces PC2305
** Program:  Fall ECOMON
** Chief Scientist: Harvey Walsh
# nquan = 6
# nvalues = 1002                        
# units = specified
# name 0 = depSM: Depth [salt water, m]
# name 1 = t090C: Temperature [ITS-90, deg C]
# name 2 = c0S/m: Conductivity [S/m]
# name 3 = sal00: Salinity, Practical [PSU]
# name 4 = scan: Scan Count
# name 5 = flag: flag
# span 0 =      2.000,    503.000       
# span 1 =     5.2146,    16.4697       
# span 2 =   3.384107,   4.363761       
# span 3 =    33.3828,    35.5067       
# span 4 =        203,      40365       
# span 5 = 0.0000e+00, 0.0000e+00       
# interval = meters: 1                  
# start_time = Jun 07 2024 10:21:29 [NMEA time, header]
# bad_flag = -9.990e-29
*END*
[from data line 478]
    481.000     5.4400   3.403776    34.9572      13205 0.0000e+00
    482.000     5.4366   3.403513    34.9573      13224 0.0000e+00
    483.000     5.4333   3.403283    34.9576      13244 0.0000e+00
    484.000     5.4293   3.402960    34.9575      13268 0.0000e+00
    485.000     5.4012   3.400381    34.9567      13302 0.0000e+00
    486.000     5.3981   3.400136    34.9565      13344 0.0000e+00
    487.000     5.3974   3.400117    34.9565      13374 0.0000e+00
    488.000     5.3869   3.399154    34.9560      13397 0.0000e+00
    489.000     5.3836   3.398898    34.9559      13421 0.0000e+00
    490.000     5.3832   3.398885    34.9557      13445 0.0000e+00
    491.000     5.3816   3.398772    34.9555      13469 0.0000e+00
    492.000     5.3743   3.398172    34.9557      13490 0.0000e+00
    493.000     5.3695   3.397777    34.9557      13510 0.0000e+00
    494.000     5.3638   3.397292    34.9555      13534 0.0000e+00
    495.000     5.3522   3.396256    34.9552      13583 0.0000e+00
    496.000     5.3485   3.395997    34.9556      13624 0.0000e+00
    497.000     5.3467   3.395815    34.9548      13644 0.0000e+00
    498.000     5.3329   3.394598    34.9548      13660 0.0000e+00
    499.000     5.3002   3.391624    34.9541      13675 0.0000e+00
    500.000     5.2619   3.388245    34.9547      13695 0.0000e+00
    501.000     5.2316   3.385556    34.9548      14019 0.0000e+00
    502.000     5.2146   3.384107    34.9554      14611 0.0000e+00
    503.000     5.2155   3.384246    34.9555      14819 0.0000e+00
    502.000     5.2223   3.384707    34.9543      14894 0.0000e+00
    501.000     5.2249   3.384890    34.9542      14912 0.0000e+00
    500.000     5.2258   3.384876    34.9536      16415 0.0000e+00
    499.000     5.2440   3.386370    34.9523      17241 0.0000e+00
    498.000     5.2621   3.387934    34.9520      17353 0.0000e+00
    497.000     5.2914   3.390647    34.9531      17933 0.0000e+00
    496.000     5.3262   3.393681    34.9522      18014 0.0000e+00
    495.000     5.3376   3.394727    34.9529      18035 0.0000e+00
    494.000     5.3419   3.395082    34.9530      18077 0.0000e+00
    493.000     5.3520   3.396024    34.9538      18140 0.0000e+00
    492.000     5.3657   3.397113    34.9526      18163 0.0000e+00
    491.000     5.3701   3.397553    34.9535      18180 0.0000e+00
    490.000     5.3799   3.398437    34.9539      18195 0.0000e+00
    489.000     5.3914   3.399429    34.9539      18210 0.0000e+00
    488.000     5.3943   3.399614    34.9535      18226 0.0000e+00
    487.000     5.3894   3.399120    34.9535      18253 0.0000e+00
    486.000     5.3928   3.399427    34.9540      18308 0.0000e+00
    485.000     5.3947   3.399538    34.9538      18339 0.0000e+00
    484.000     5.4003   3.400103    34.9549      18359 0.0000e+00
    483.000     5.4092   3.400823    34.9544      18378 0.0000e+00
    482.000     5.4204   3.401817    34.9547      18402 0.0000e+00
    481.000     5.4289   3.402538    34.9547      18429 0.0000e+00
    480.000     5.4327   3.402845    34.9547      18454 0.0000e+00
    479.000     5.4362   3.403121    34.9548      18476 0.0000e+00
    478.000     5.4390   3.403320    34.9547      18499 0.0000e+00
    477.000     5.4439   3.403725    34.9547      18530 0.0000e+00
    476.000     5.4469   3.403960    34.9548      18569 0.0000e+00
    475.000     5.4513   3.404330    34.9550      18597 0.0000e+00
    474.000     5.4535   3.404543    34.9557      18619 0.0000e+00
    473.000     5.4562   3.404742    34.9556      18640 0.0000e+00
    472.000     5.4603   3.405097    34.9559      18660 0.0000e+00
    471.000     5.4643   3.405416    34.9559      18682 0.0000e+00
    470.000     5.4673   3.405637    34.9558      18711 0.0000e+00
    469.000     5.4728   3.406130    34.9563      18749 0.0000e+00
    468.000     5.4772   3.406480    34.9562      18778 0.0000e+00
    467.000     5.4793   3.406658    34.9566      18801 0.0000e+00
    466.000     5.4841   3.407053    34.9567      18823 0.0000e+00
    465.000     5.4884   3.407423    34.9570      18847 0.0000e+00
    464.000     5.4920   3.407718    34.9571      18874 0.0000e+00
    463.000     5.4961   3.408058    34.9572      18906 0.0000e+00
    462.000     5.4965   3.408048    34.9573      18936 0.0000e+00
    461.000     5.4995   3.408333    34.9579      18963 0.0000e+00
    460.000     5.5129   3.409494    34.9577      18985 0.0000e+00
    459.000     5.5174   3.409878    34.9579      19005 0.0000e+00
    458.000     5.5202   3.410084    34.9580      19025 0.0000e+00
    457.000     5.5248   3.410492    34.9583      19050 0.0000e+00
    456.000     5.5243   3.410403    34.9583      19105 0.0000e+00
    455.000     5.5355   3.411385    34.9584      19137 0.0000e+00
    454.000     5.5365   3.411445    34.9586      19154 0.0000e+00
    453.000     5.5452   3.412164    34.9583      19168 0.0000e+00
    452.000     5.5531   3.412906    34.9591      19182 0.0000e+00
    451.000     5.5844   3.416007    34.9625      19199 0.0000e+00
    450.000     5.6051   3.417776    34.9617      19228 0.0000e+00
    449.000     5.6657   3.423323    34.9625      19289 0.0000e+00
    448.000     5.6775   3.424008    34.9587      19317 0.0000e+00
    447.000     5.6790   3.424069    34.9583      19338 0.0000e+00
    446.000     5.6806   3.424166    34.9583      19360 0.0000e+00
    445.000     5.6827   3.424283    34.9580      19382 0.0000e+00
    444.000     5.6841   3.424432    34.9587      19400 0.0000e+00
    443.000     5.6902   3.424889    34.9581      19416 0.0000e+00
    442.000     5.6948   3.425234    34.9578      19434 0.0000e+00
    441.000     5.6989   3.425551    34.9577      19468 0.0000e+00
    440.000     5.7080   3.426303    34.9573      19543 0.0000e+00
    439.000     5.7242   3.427841    34.9585      19564 0.0000e+00
    438.000     5.7316   3.428357    34.9572      19580 0.0000e+00
    437.000     5.7340   3.428528    34.9572      19594 0.0000e+00
    436.000     5.7364   3.428690    34.9571      19608 0.0000e+00
    435.000     5.7372   3.428734    34.9572      19621 0.0000e+00
    434.000     5.7408   3.429035    34.9575      19636 0.0000e+00
    433.000     5.7464   3.429462    34.9571      19657 0.0000e+00
    432.000     5.7482   3.429625    34.9575      19746 0.0000e+00
    431.000     5.7506   3.429834    34.9580      19780 0.0000e+00
    430.000     5.7537   3.430067    34.9579      19794 0.0000e+00
    429.000     5.7534   3.429976    34.9576      19807 0.0000e+00
    428.000     5.7537   3.429987    34.9580      19820 0.0000e+00
    427.000     5.7811   3.432620    34.9601      19835 0.0000e+00
    426.000     5.8144   3.435385    34.9576      19852 0.0000e+00
    425.000     5.8213   3.435924    34.9571      19877 0.0000e+00
    424.000     5.8256   3.436300    34.9574      19924 0.0000e+00
    423.000     5.8250   3.436262    34.9581      19983 0.0000e+00
    422.000     5.8301   3.436810    34.9595      20005 0.0000e+00
    421.000     5.8504   3.438500    34.9581      20023 0.0000e+00
    420.000     5.8506   3.438440    34.9578      20039 0.0000e+00
    419.000     5.8518   3.438505    34.9579      20058 0.0000e+00
    418.000     5.8567   3.438896    34.9577      20083 0.0000e+00
    417.000     5.8620   3.439323    34.9576      20115 0.0000e+00
    416.000     5.8680   3.439885    34.9583      20143 0.0000e+00
    415.000     5.8758   3.440578    34.9585      20165 0.0000e+00
    414.000     5.8798   3.440909    34.9587      20189 0.0000e+00
    413.000     5.8868   3.441526    34.9590      20224 0.0000e+00
    412.000     5.8909   3.441861    34.9590      20271 0.0000e+00
    411.000     5.8913   3.441864    34.9592      20299 0.0000e+00
    410.000     5.8905   3.441740    34.9591      20317 0.0000e+00
    409.000     5.8963   3.442380    34.9609      20332 0.0000e+00
    408.000     5.9327   3.445830    34.9628      20348 0.0000e+00
    407.000     5.9494   3.447199    34.9616      20367 0.0000e+00
    406.000     5.9567   3.447780    34.9612      20400 0.0000e+00
    405.000     5.9601   3.448020    34.9609      20443 0.0000e+00
    404.000     5.9645   3.448397    34.9611      20469 0.0000e+00
    403.000     5.9856   3.450499    34.9636      20494 0.0000e+00
    402.000     6.0156   3.453251    34.9642      20525 0.0000e+00
    401.000     6.0169   3.453307    34.9640      20560 0.0000e+00
    400.000     6.0107   3.452610    34.9630      20584 0.0000e+00
    399.000     6.0146   3.452978    34.9637      20602 0.0000e+00
    398.000     6.0245   3.453755    34.9628      20620 0.0000e+00
    397.000     6.0293   3.454176    34.9631      20643 0.0000e+00
    396.000     6.0459   3.455665    34.9633      20678 0.0000e+00
    395.000     6.0472   3.455682    34.9626      20713 0.0000e+00
    394.000     6.0606   3.457076    34.9651      20743 0.0000e+00
    393.000     6.0968   3.460508    34.9670      20773 0.0000e+00
    392.000     6.1191   3.462610    34.9682      20797 0.0000e+00
    391.000     6.1277   3.463374    34.9685      20816 0.0000e+00
    390.000     6.1306   3.463559    34.9681      20836 0.0000e+00
    389.000     6.1436   3.464763    34.9687      20875 0.0000e+00
    388.000     6.1670   3.467150    34.9720      20919 0.0000e+00
    387.000     6.1879   3.469127    34.9733      20938 0.0000e+00
    386.000     6.2166   3.472096    34.9776      20956 0.0000e+00
    385.000     6.2672   3.476911    34.9801      20975 0.0000e+00
    384.000     6.2919   3.479243    34.9814      21001 0.0000e+00
    383.000     6.3114   3.481043    34.9821      21040 0.0000e+00
    382.000     6.3284   3.482837    34.9853      21075 0.0000e+00
    381.000     6.3491   3.484882    34.9873      21097 0.0000e+00
    380.000     6.3770   3.487602    34.9897      21118 0.0000e+00
    379.000     6.4622   3.495767    34.9941      21147 0.0000e+00
    378.000     6.5031   3.499540    34.9948      21190 0.0000e+00
    377.000     6.5275   3.502023    34.9980      21217 0.0000e+00
    376.000     6.5571   3.504699    34.9980      21235 0.0000e+00
    375.000     6.5721   3.505911    34.9967      21252 0.0000e+00
    374.000     6.5781   3.506306    34.9954      21269 0.0000e+00
    373.000     6.5812   3.506486    34.9947      21292 0.0000e+00
    372.000     6.5916   3.507517    34.9961      21357 0.0000e+00
    371.000     6.6658   3.514606    34.9995      21398 0.0000e+00
    370.000     6.6815   3.515895    34.9984      21414 0.0000e+00
    369.000     6.6906   3.516739    34.9990      21429 0.0000e+00
    368.000     6.7003   3.517630    34.9995      21443 0.0000e+00
    367.000     6.7105   3.518545    34.9997      21459 0.0000e+00
    366.000     6.7419   3.521464    35.0005      21480 0.0000e+00
    365.000     6.8096   3.527427    34.9981      21533 0.0000e+00
    364.000     6.9022   3.535755    34.9963      21581 0.0000e+00
    363.000     6.9245   3.537462    34.9930      21608 0.0000e+00
    362.000     6.9266   3.537643    34.9934      21633 0.0000e+00
    361.000     6.9292   3.537798    34.9928      21652 0.0000e+00
    360.000     6.9328   3.538099    34.9930      21669 0.0000e+00
    359.000     6.9339   3.538110    34.9925      21685 0.0000e+00
    358.000     6.9348   3.538042    34.9914      21703 0.0000e+00
    357.000     6.9371   3.538149    34.9907      21769 0.0000e+00
    356.000     6.9402   3.538293    34.9897      21812 0.0000e+00
    355.000     6.9424   3.538461    34.9897      21826 0.0000e+00
    354.000     6.9764   3.541209    34.9861      21840 0.0000e+00
    353.000     7.0051   3.543143    34.9787      21854 0.0000e+00
    352.000     7.0131   3.543823    34.9786      21874 0.0000e+00
    351.000     7.0661   3.548636    34.9782      21937 0.0000e+00
    350.000     7.0854   3.550676    34.9816      21964 0.0000e+00
    349.000     7.1121   3.553239    34.9831      21983 0.0000e+00
    348.000     7.1407   3.555953    34.9845      22004 0.0000e+00
    347.000     7.1777   3.559555    34.9871      22036 0.0000e+00
    346.000     7.1945   3.561081    34.9872      22070 0.0000e+00
    345.000     7.1985   3.561521    34.9884      22092 0.0000e+00
    344.000     7.2291   3.564571    34.9914      22114 0.0000e+00
    343.000     7.2814   3.569509    34.9930      22140 0.0000e+00
    342.000     7.3099   3.572185    34.9940      22175 0.0000e+00
    341.000     7.3288   3.574048    34.9957      22207 0.0000e+00
    340.000     7.3341   3.574510    34.9959      22235 0.0000e+00
    339.000     7.3381   3.574888    34.9965      22269 0.0000e+00
    338.000     7.3417   3.575244    34.9972      22297 0.0000e+00
    337.000     7.3436   3.575400    34.9975      22315 0.0000e+00
    336.000     7.3478   3.575784    34.9979      22330 0.0000e+00
    335.000     7.3565   3.576612    34.9987      22347 0.0000e+00
    334.000     7.3799   3.578872    35.0002      22386 0.0000e+00
    333.000     7.4155   3.582366    35.0028      22450 0.0000e+00
    332.000     7.4235   3.583169    35.0040      22467 0.0000e+00
    331.000     7.4404   3.584861    35.0059      22483 0.0000e+00
    330.000     7.4634   3.587102    35.0076      22499 0.0000e+00
    329.000     7.4905   3.589625    35.0082      22518 0.0000e+00
    328.000     7.5080   3.591355    35.0098      22543 0.0000e+00
    327.000     7.5337   3.593866    35.0118      22582 0.0000e+00
    326.000     7.5430   3.594815    35.0132      22622 0.0000e+00
    325.000     7.5502   3.595484    35.0137      22649 0.0000e+00
    324.000     7.5508   3.595512    35.0139      22673 0.0000e+00
    323.000     7.5647   3.596906    35.0155      22700 0.0000e+00
    322.000     7.5721   3.597601    35.0161      22725 0.0000e+00
    321.000     7.5781   3.598146    35.0165      22746 0.0000e+00
    320.000     7.5842   3.598705    35.0168      22765 0.0000e+00
    319.000     7.5898   3.599234    35.0174      22788 0.0000e+00
    318.000     7.5962   3.599820    35.0179      22836 0.0000e+00
    317.000     7.5990   3.600016    35.0177      22878 0.0000e+00
    316.000     7.5973   3.599809    35.0176      22896 0.0000e+00
    315.000     7.5942   3.599411    35.0170      22912 0.0000e+00
    314.000     7.5947   3.599445    35.0173      22928 0.0000e+00
    313.000     7.6148   3.601288    35.0175      22951 0.0000e+00
    312.000     7.6260   3.601843    35.0128      22995 0.0000e+00
    311.000     7.6298   3.602026    35.0115      23031 0.0000e+00
    310.000     7.6404   3.602878    35.0105      23051 0.0000e+00
    309.000     7.6441   3.603175    35.0105      23069 0.0000e+00
    308.000     7.6713   3.605537    35.0093      23091 0.0000e+00
    307.000     7.7075   3.608691    35.0075      23124 0.0000e+00
    306.000     7.7357   3.611294    35.0079      23161 0.0000e+00
    305.000     7.7520   3.612938    35.0097      23187 0.0000e+00
    304.000     7.7805   3.615643    35.0109      23211 0.0000e+00
    303.000     7.8055   3.617692    35.0083      23235 0.0000e+00
    302.000     7.8084   3.617989    35.0091      23262 0.0000e+00
    301.000     7.8198   3.619051    35.0096      23286 0.0000e+00
    300.000     7.8272   3.619694    35.0097      23308 0.0000e+00
    299.000     7.8254   3.619456    35.0094      23332 0.0000e+00
    298.000     7.8259   3.619767    35.0127      23375 0.0000e+00
    297.000     7.8745   3.624544    35.0160      23417 0.0000e+00
    296.000     7.8766   3.624733    35.0164      23435 0.0000e+00
    295.000     7.8846   3.625644    35.0187      23449 0.0000e+00
    294.000     7.9103   3.628462    35.0238      23464 0.0000e+00
    293.000     7.9328   3.630655    35.0253      23481 0.0000e+00
    292.000     7.9458   3.631920    35.0264      23516 0.0000e+00
    291.000     7.9617   3.633569    35.0287      23560 0.0000e+00
    290.000     7.9603   3.633451    35.0293      23582 0.0000e+00
    289.000     7.9625   3.633624    35.0295      23605 0.0000e+00
    288.000     7.9662   3.634044    35.0308      23636 0.0000e+00
