HB2403/ctd020.cnv
* Sea-Bird SBE 9 Data File:
* FileName = C:\cruise\data\ctd020.hex
* Software Version Seasave V 7.26.7.121
* Temperature SN = 6650
* Conductivity SN = 6035
* Number of Bytes Per Scan = 37
* Number of Voltage Words = 4
* Number of Scans Averaged by the Deck Unit = 1
* NMEA Latitude = 43 46.37 N
* NMEA Longitude = 068 39.45 W
* NMEA UTC (Time) = Jun 11 2024 08:41:10
* NMEA baud rate = 4800
** Ship: Pisces PC2305
** Program:  Fall ECOMON
** Chief Scientist: Harvey Walsh
# nquan = 6
# nvalues = 217                         
# units = specified
# name 0 = depSM: Depth [salt water, m]
# name 1 = t090C: Temperature [ITS-90, deg C]
# name 2 = c0S/m: Conductivity [S/m]
# name 3 = sal00: Salinity, Practical [PSU]
# name 4 = scan: Scan Count
# name 5 = flag: flag
# span 0 =      2.000,    110.000       
# span 1 =     6.2991,     9.7036       
# span 2 =   3.226161,   3.438996       
# span 3 =    31.4969,    32.3858       
# span 4 =         13,      21055       
# span 5 = 0.0000e+00, 0.0000e+00       
# interval = meters: 1                  
# start_time = Jun 11 2024 08:41:10 [NMEA time, header]
# bad_flag = -9.990e-29
*END*
      2.000     9.5685   3.430742    31.5319         13 0.0000e+00
      3.000     9.7036   3.438996    31.4969        299 0.0000e+00
      4.000     9.6456   3.436849    31.5256        322 0.0000e+00
      5.000     9.4129   3.422955    31.5880        351 0.0000e+00
      6.000     9.4534   3.425170    31.5745        379 0.0000e+00
      7.000     9.1497   3.405342    31.6391        404 0.0000e+00
      8.000     8.8548   3.386895    31.7104        429 0.0000e+00
      9.000     8.8104   3.383520    31.7146        455 0.0000e+00
     10.000     8.7307   3.377255    31.7203        481 0.0000e+00
     11.000     8.6375   3.369940    31.7271        506 0.0000e+00
     12.000     8.5829   3.365026    31.7244        529 0.0000e+00
     13.000     8.5312   3.360871    31.7269        555 0.0000e+00
     14.000     8.5144   3.359305    31.7251        586 0.0000e+00
     15.000     8.4074   3.350526    31.7289        617 0.0000e+00
     16.000     8.3415   3.345286    31.7328        641 0.0000e+00
     17.000     8.2833   3.340557    31.7351        662 0.0000e+00
     18.000     8.1822   3.332472    31.7407        684 0.0000e+00
     19.000     8.0496   3.321683    31.7462        711 0.0000e+00
     20.000     7.8601   3.306357    31.7550        745 0.0000e+00
     21.000     7.6637   3.291598    31.7760        775 0.0000e+00
     22.000     7.6527   3.290794    31.7769        799 0.0000e+00
     23.000     7.6303   3.288976    31.7775        822 0.0000e+00
     24.000     7.5848   3.285405    31.7804        845 0.0000e+00
     25.000     7.5091   3.279482    31.7856        872 0.0000e+00
     26.000     7.4073   3.271305    31.7905        903 0.0000e+00
     27.000     7.3499   3.267112    31.7976        932 0.0000e+00
     28.000     7.2985   3.263200    31.8021        958 0.0000e+00
     29.000     7.1992   3.256025    31.8154        983 0.0000e+00
     30.000     7.1482   3.254960    31.8504       1009 0.0000e+00
     31.000     7.1240   3.253807    31.8597       1034 0.0000e+00
     32.000     7.0842   3.250844    31.8639       1059 0.0000e+00
     33.000     7.0150   3.246819    31.8837       1085 0.0000e+00
     34.000     6.9900   3.244996    31.8866       1114 0.0000e+00
     35.000     6.9795   3.244125    31.8864       1147 0.0000e+00
     36.000     6.9678   3.243143    31.8860       1174 0.0000e+00
     37.000     6.9419   3.241292    31.8894       1196 0.0000e+00
     38.000     6.8871   3.237729    31.9009       1218 0.0000e+00
     39.000     6.8353   3.234345    31.9116       1242 0.0000e+00
     40.000     6.8091   3.232516    31.9155       1273 0.0000e+00
     41.000     6.7592   3.229456    31.9279       1306 0.0000e+00
     42.000     6.7056   3.227203    31.9527       1332 0.0000e+00
     43.000     6.6901   3.229262    31.9893       1354 0.0000e+00
     44.000     6.6900   3.231552    32.0140       1376 0.0000e+00
     45.000     6.6872   3.232371    32.0251       1401 0.0000e+00
     46.000     6.6658   3.232027    32.0408       1435 0.0000e+00
     47.000     6.6415   3.231914    32.0619       1465 0.0000e+00
     48.000     6.6383   3.231924    32.0646       1489 0.0000e+00
     49.000     6.6315   3.231830    32.0694       1511 0.0000e+00
     50.000     6.6231   3.231476    32.0729       1537 0.0000e+00
     51.000     6.6225   3.231474    32.0729       1569 0.0000e+00
     52.000     6.6217   3.231475    32.0732       1597 0.0000e+00
     53.000     6.6193   3.231409    32.0743       1621 0.0000e+00
     54.000     6.6115   3.231109    32.0778       1642 0.0000e+00
     55.000     6.6000   3.230472    32.0812       1666 0.0000e+00
     56.000     6.5928   3.229994    32.0821       1696 0.0000e+00
     57.000     6.5846   3.229519    32.0842       1732 0.0000e+00
     58.000     6.5766   3.229504    32.0910       1757 0.0000e+00
     59.000     6.5748   3.229570    32.0929       1779 0.0000e+00
     60.000     6.5669   3.229442    32.0984       1800 0.0000e+00
     61.000     6.5612   3.229538    32.1044       1827 0.0000e+00
     62.000     6.5589   3.229734    32.1082       1860 0.0000e+00
     63.000     6.5554   3.229863    32.1125       1890 0.0000e+00
     64.000     6.5472   3.230273    32.1242       1913 0.0000e+00
     65.000     6.5275   3.231581    32.1566       1935 0.0000e+00
     66.000     6.5156   3.231845    32.1703       1961 0.0000e+00
     67.000     6.5105   3.231917    32.1754       1992 0.0000e+00
     68.000     6.5065   3.232007    32.1797       2020 0.0000e+00
     69.000     6.5029   3.232113    32.1838       2044 0.0000e+00
     70.000     6.4916   3.231981    32.1925       2068 0.0000e+00
     71.000     6.4853   3.231843    32.1965       2095 0.0000e+00
     72.000     6.4796   3.231663    32.1994       2125 0.0000e+00
     73.000     6.4765   3.231657    32.2017       2153 0.0000e+00
     74.000     6.4748   3.231881    32.2053       2180 0.0000e+00
     75.000     6.4723   3.232041    32.2089       2205 0.0000e+00
     76.000     6.4685   3.232552    32.2177       2228 0.0000e+00
     77.000     6.4609   3.232687    32.2259       2252 0.0000e+00
     78.000     6.4590   3.232639    32.2267       2280 0.0000e+00
     79.000     6.4586   3.232712    32.2273       2311 0.0000e+00
     80.000     6.4588   3.232836    32.2280       2340 0.0000e+00
     81.000     6.4580   3.232851    32.2285       2366 0.0000e+00
     82.000     6.4529   3.232689    32.2311       2388 0.0000e+00
     83.000     6.4490   3.232596    32.2332       2410 0.0000e+00
     84.000     6.4433   3.232663    32.2389       2438 0.0000e+00
     85.000     6.4401   3.232704    32.2419       2473 0.0000e+00
     86.000     6.4404   3.232716    32.2412       2502 0.0000e+00
     87.000     6.4396   3.232833    32.2428       2523 0.0000e+00
     88.000     6.4357   3.233386    32.2521       2544 0.0000e+00
     89.000     6.4111   3.234393    32.2860       2569 0.0000e+00
     90.000     6.3846   3.233801    32.3041       2604 0.0000e+00
     91.000     6.3688   3.233500    32.3153       2635 0.0000e+00
     92.000     6.3592   3.233312    32.3218       2658 0.0000e+00
     93.000     6.3581   3.233417    32.3235       2678 0.0000e+00
     94.000     6.3417   3.233175    32.3359       2700 0.0000e+00
     95.000     6.3295   3.233020    32.3453       2732 0.0000e+00
     96.000     6.3263   3.233014    32.3478       2770 0.0000e+00
     97.000     6.3196   3.233345    32.3574       2795 0.0000e+00
     98.000     6.3185   3.233375    32.3582       2815 0.0000e+00
     99.000     6.3197   3.233473    32.3577       2835 0.0000e+00
    100.000     6.3197   3.233440    32.3568       2862 0.0000e+00
    101.000     6.3198   3.233516    32.3571       2895 0.0000e+00
    102.000     6.3231   3.233573    32.3541       2923 0.0000e+00
    103.000     6.3242   3.233643    32.3533       2946 0.0000e+00
    104.000     6.3227   3.233668    32.3546       2969 0.0000e+00
    105.000     6.3221   3.233784    32.3559       2997 0.0000e+00
    106.000     6.3229   3.233889    32.3558       3033 0.0000e+00
    107.000     6.3132   3.234237    32.3684       3066 0.0000e+00
    108.000     6.3029   3.234421    32.3798       3091 0.0000e+00
    109.000     6.2991   3.234672    32.3858       3116 0.0000e+00
    110.000     6.3011   3.234706    32.3837       6703 0.0000e+00
    109.000     6.3085   3.234344    32.3732      10465 0.0000e+00
    108.000     6.3063   3.234353    32.3758      10096 0.0000e+00
    107.000     6.3070   3.234211    32.3741      10121 0.0000e+00
    106.000     6.3092   3.234116    32.3714      10147 0.0000e+00
    105.000     6.3151   3.233900    32.3639      10180 0.0000e+00
    104.000     6.3181   3.233744    32.3598      10214 0.0000e+00
    103.000     6.3185   3.233676    32.3591      10240 0.0000e+00
    102.000     6.3249   3.233325    32.3496      10266 0.0000e+00
    101.000     6.3272   3.233221    32.3467      10296 0.0000e+00
    100.000     6.3386   3.233313    32.3375      10328 0.0000e+00
     99.000     6.3484   3.233472    32.3305      10358 0.0000e+00
     98.000     6.3627   3.233597    32.3188      10385 0.0000e+00
     97.000     6.3684   3.233596    32.3138      10413 0.0000e+00
     96.000     6.3741   3.233593    32.3088      10443 0.0000e+00
     95.000     6.3835   3.233589    32.3004      10474 0.0000e+00
     94.000     6.3809   3.233541    32.3028      10502 0.0000e+00
     93.000     6.4223   3.233177    32.2601      10530 0.0000e+00
     92.000     6.4388   3.232989    32.2429      10559 0.0000e+00
     91.000     6.4413   3.232958    32.2406      10590 0.0000e+00
     90.000     6.4414   3.232902    32.2404      10620 0.0000e+00
     89.000     6.4410   3.232863    32.2409      10648 0.0000e+00
     88.000     6.4426   3.232826    32.2394      10676 0.0000e+00
     87.000     6.4447   3.232784    32.2374      10708 0.0000e+00
     86.000     6.4468   3.232730    32.2353      10740 0.0000e+00
     85.000     6.4464   3.232711    32.2360      10765 0.0000e+00
     84.000     6.4496   3.232727    32.2336      10788 0.0000e+00
     83.000     6.4509   3.232755    32.2331      10817 0.0000e+00
     82.000     6.4447   3.232745    32.2394      10859 0.0000e+00
     81.000     6.4539   3.232747    32.2312      10889 0.0000e+00
     80.000     6.4550   3.232689    32.2300      10911 0.0000e+00
     79.000     6.4575   3.232671    32.2279      10933 0.0000e+00
     78.000     6.4574   3.232592    32.2276      10964 0.0000e+00
     77.000     6.4586   3.232490    32.2259      11002 0.0000e+00
     76.000     6.4621   3.232415    32.2222      11031 0.0000e+00
     75.000     6.4724   3.231978    32.2082      11056 0.0000e+00
     74.000     6.4775   3.231676    32.2005      11082 0.0000e+00
     73.000     6.4846   3.231724    32.1948      11113 0.0000e+00
     72.000     6.4915   3.231815    32.1898      11146 0.0000e+00
     71.000     6.5020   3.231814    32.1804      11175 0.0000e+00
     70.000     6.5109   3.231756    32.1718      11201 0.0000e+00
     69.000     6.5146   3.231659    32.1677      11226 0.0000e+00
     68.000     6.5254   3.231340    32.1545      11256 0.0000e+00
     67.000     6.5303   3.230833    32.1448      11297 0.0000e+00
     66.000     6.5424   3.230109    32.1259      11325 0.0000e+00
     65.000     6.5493   3.229544    32.1137      11347 0.0000e+00
     64.000     6.5536   3.229423    32.1088      11370 0.0000e+00
     63.000     6.5543   3.229418    32.1085      11405 0.0000e+00
     62.000     6.5587   3.229308    32.1037      11445 0.0000e+00
     61.000     6.5621   3.229260    32.1005      11470 0.0000e+00
     60.000     6.5695   3.229291    32.0944      11492 0.0000e+00
     59.000     6.5743   3.229253    32.0899      11517 0.0000e+00
     58.000     6.5619   3.229244    32.1019      13676 0.0000e+00
     57.000     6.5667   3.229120    32.0965      13930 0.0000e+00
     56.000     6.5694   3.229136    32.0946      14009 0.0000e+00
     55.000     6.5740   3.228997    32.0893      14058 0.0000e+00
     54.000     6.5764   3.229044    32.0881      14088 0.0000e+00
     53.000     6.5815   3.229230    32.0858      14124 0.0000e+00
     52.000     6.5917   3.229764    32.0825      14166 0.0000e+00
     51.000     6.5930   3.229790    32.0821      14203 0.0000e+00
     50.000     6.6008   3.230172    32.0794      14245 0.0000e+00
     49.000     6.6138   3.230651    32.0730      14283 0.0000e+00
     48.000     6.6153   3.230672    32.0723      14314 0.0000e+00
     47.000     6.6195   3.230782    32.0700      14349 0.0000e+00
     46.000     6.6179   3.230654    32.0706      14397 0.0000e+00
     45.000     6.6319   3.231064    32.0625      14433 0.0000e+00
     44.000     6.6397   3.231017    32.0552      14463 0.0000e+00
     43.000     6.6545   3.231037    32.0420      14504 0.0000e+00
     42.000     6.6785   3.231290    32.0228      14547 0.0000e+00
     41.000     6.6843   3.230828    32.0128      14578 0.0000e+00
     40.000     6.6874   3.228138    31.9809      14616 0.0000e+00
     39.000     6.6991   3.226161    31.9487      14661 0.0000e+00
     38.000     6.7317   3.227336    31.9317      14697 0.0000e+00
     37.000     6.7820   3.229832    31.9127      14726 0.0000e+00
     36.000     6.8159   3.231909    31.9044      14761 0.0000e+00
     35.000     6.8372   3.233520    31.9027      14808 0.0000e+00
     34.000     6.8830   3.236376    31.8918      14846 0.0000e+00
     33.000     6.9186   3.238728    31.8849      14877 0.0000e+00
     32.000     6.9441   3.240309    31.8790      14915 0.0000e+00
     31.000     6.9651   3.241711    31.8753      14958 0.0000e+00
     30.000     6.9801   3.242910    31.8749      14994 0.0000e+00
     29.000     6.9878   3.243467    31.8743      15029 0.0000e+00
     28.000     6.9907   3.243698    31.8746      15067 0.0000e+00
     27.000     7.0040   3.244680    31.8735      15104 0.0000e+00
     26.000     7.0275   3.246179    31.8685      15139 0.0000e+00
     25.000     7.0704   3.248508    31.8546      15179 0.0000e+00
     24.000     7.1248   3.252636    31.8496      15222 0.0000e+00
     23.000     7.1429   3.252830    31.8355      15258 0.0000e+00
     22.000     7.1396   3.251007    31.8192      15289 0.0000e+00
     21.000     7.2311   3.256936    31.7996      15327 0.0000e+00
     20.000     7.3534   3.266046    31.7861      15375 0.0000e+00
     19.000     7.4144   3.270776    31.7815      15409 0.0000e+00
     18.000     7.4892   3.276149    31.7713      15440 0.0000e+00
     17.000     7.5326   3.279363    31.7665      15474 0.0000e+00
     16.000     7.6012   3.284758    31.7622      15519 0.0000e+00
     15.000     7.9167   3.309871    31.7433      15562 0.0000e+00
     14.000     8.0591   3.320906    31.7316      15595 0.0000e+00
     13.000     8.2112   3.333167    31.7241      15628 0.0000e+00
     12.000     8.1892   3.332188    31.7341      18219 0.0000e+00
     11.000     8.3860   3.348041    31.7239      18530 0.0000e+00
     10.000     8.5290   3.359890    31.7200      19820 0.0000e+00
      9.000     8.5469   3.361270    31.7188      19807 0.0000e+00
      8.000     8.5923   3.365091    31.7184      19830 0.0000e+00
      7.000     8.6297   3.368225    31.7180      19857 0.0000e+00
      6.000     8.7327   3.376299    31.7103      19898 0.0000e+00
      5.000     8.9478   3.392272    31.6845      19944 0.0000e+00
      4.000     9.2223   3.409463    31.6184      19969 0.0000e+00
      3.000     9.6277   3.433399    31.5065      19991 0.0000e+00
      2.000     9.5717   3.430620    31.5278      21055 0.0000e+00
