HB2403/ctd013.cnv
* Sea-Bird SBE 9 Data File:
* FileName = C:\cruise\data\ctd013.hex
* Software Version Seasave V 7.26.7.121
* Temperature SN = 6650
* Conductivity SN = 6035
* Number of Bytes Per Scan = 37
* Number of Voltage Words = 4
* Number of Scans Averaged by the Deck Unit = 1
* NMEA Latitude = 41 28.14 N
* NMEA Longitude = 067 41.05 W
* NMEA UTC (Time) = Jun 08 2024 14:30:13
* NMEA baud rate = 4800
** Ship: Pisces PC2305
** Program:  Fall ECOMON
** Chief Scientist: Harvey Walsh
# nquan = 6
# nvalues = 64                          
# units = specified
# name 0 = depSM: Depth [salt water, m]
# name 1 = t090C: Temperature [ITS-90, deg C]
# name 2 = c0S/m: Conductivity [S/m]
# name 3 = sal00: Salinity, Practical [PSU]
# name 4 = scan: Scan Count
# name 5 = flag: flag
# span 0 =      2.000,     34.000       
# span 1 =    10.8792,    10.9068       
# span 2 =   3.583459,   3.585500       
# span 3 =    31.9142,    31.9153       
# span 4 =        196,      15591       
# span 5 = 0.0000e+00, 0.0000e+00       
# interval = meters: 1                  
# start_time = Jun 08 2024 14:30:13 [NMEA time, header]
# bad_flag = -9.990e-29
*END*
      3.000    10.9068   3.585500    31.9152        196 0.0000e+00
      4.000    10.9056   3.585446    31.9152        347 0.0000e+00
      5.000    10.9017   3.585109    31.9149        366 0.0000e+00
      6.000    10.8950   3.584589    31.9152        398 0.0000e+00
      7.000    10.8896   3.584166    31.9153        433 0.0000e+00
      8.000    10.8878   3.584053    31.9153        462 0.0000e+00
      9.000    10.8873   3.584046    31.9152        486 0.0000e+00
     10.000    10.8871   3.584078    31.9153        505 0.0000e+00
     11.000    10.8878   3.584181    31.9152        526 0.0000e+00
     12.000    10.8882   3.584254    31.9152        565 0.0000e+00
     13.000    10.8888   3.584347    31.9152        604 0.0000e+00
     14.000    10.8888   3.584380    31.9151        625 0.0000e+00
     15.000    10.8892   3.584462    31.9151        646 0.0000e+00
     16.000    10.8889   3.584485    31.9152        673 0.0000e+00
     17.000    10.8887   3.584501    31.9151        709 0.0000e+00
     18.000    10.8846   3.584188    31.9152        740 0.0000e+00
     19.000    10.8839   3.584174    31.9152        765 0.0000e+00
     20.000    10.8838   3.584215    31.9153        790 0.0000e+00
     21.000    10.8836   3.584229    31.9151        818 0.0000e+00
     22.000    10.8842   3.584327    31.9152        848 0.0000e+00
     23.000    10.8844   3.584384    31.9151        879 0.0000e+00
     24.000    10.8842   3.584410    31.9152        911 0.0000e+00
     25.000    10.8878   3.584753    31.9150        940 0.0000e+00
     26.000    10.8856   3.584605    31.9151        965 0.0000e+00
     27.000    10.8842   3.584526    31.9151        990 0.0000e+00
     28.000    10.8847   3.584614    31.9151       1021 0.0000e+00
     29.000    10.8847   3.584648    31.9150       1058 0.0000e+00
     30.000    10.8845   3.584684    31.9151       1086 0.0000e+00
     31.000    10.8842   3.584691    31.9150       1111 0.0000e+00
     32.000    10.8844   3.584753    31.9150       1142 0.0000e+00
     33.000    10.8865   3.584955    31.9148       2095 0.0000e+00
     34.000    10.8839   3.584768    31.9148       5387 0.0000e+00
     33.000    10.8826   3.584611    31.9147       4993 0.0000e+00
     32.000    10.8806   3.584376    31.9146       5870 0.0000e+00
     31.000    10.8804   3.584325    31.9147       6068 0.0000e+00
     30.000    10.8802   3.584257    31.9146       6093 0.0000e+00
     29.000    10.8803   3.584219    31.9146       6126 0.0000e+00
     28.000    10.8796   3.584103    31.9144       6168 0.0000e+00
     27.000    10.8796   3.584065    31.9145       6196 0.0000e+00
     26.000    10.8795   3.584019    31.9146       6222 0.0000e+00
     25.000    10.8792   3.583958    31.9146       6261 0.0000e+00
     24.000    10.8810   3.584028    31.9142       6309 0.0000e+00
     23.000    10.8823   3.584148    31.9146       6334 0.0000e+00
     22.000    10.8832   3.584158    31.9144       6356 0.0000e+00
     21.000    10.8811   3.583938    31.9144       6379 0.0000e+00
     20.000    10.8802   3.583823    31.9145       6411 0.0000e+00
     19.000    10.8829   3.584020    31.9146       6486 0.0000e+00
     18.000    10.8820   3.583895    31.9145       8629 0.0000e+00
     17.000    10.8807   3.583737    31.9145      11967 0.0000e+00
     16.000    10.8807   3.583704    31.9146      11836 0.0000e+00
     15.000    10.8806   3.583651    31.9146      11870 0.0000e+00
     14.000    10.8798   3.583535    31.9146      11933 0.0000e+00
     13.000    10.8796   3.583472    31.9145      11972 0.0000e+00
     12.000    10.8800   3.583459    31.9145      12014 0.0000e+00
     11.000    10.8845   3.583816    31.9146      12065 0.0000e+00
     10.000    10.8863   3.583927    31.9144      13202 0.0000e+00
      9.000    10.8843   3.583712    31.9145      14257 0.0000e+00
      8.000    10.8872   3.583912    31.9144      14251 0.0000e+00
      7.000    10.8888   3.584021    31.9145      14289 0.0000e+00
      6.000    10.8872   3.583838    31.9145      14340 0.0000e+00
      5.000    10.8935   3.584392    31.9149      14381 0.0000e+00
      4.000    10.9015   3.584991    31.9143      14408 0.0000e+00
      3.000    10.9012   3.584914    31.9142      14435 0.0000e+00
      2.000    10.8942   3.584296    31.9146      15591 0.0000e+00
