HB2403/ctd023.cnv
* Sea-Bird SBE 9 Data File:
* FileName = C:\cruise\data\ctd023.hex
* Software Version Seasave V 7.26.7.121
* Temperature SN = 6650
* Conductivity SN = 6035
* Number of Bytes Per Scan = 37
* Number of Voltage Words = 4
* Number of Scans Averaged by the Deck Unit = 1
* NMEA Latitude = 42 21.57 N
* NMEA Longitude = 070 27.74 W
* NMEA UTC (Time) = Jun 12 2024 13:59:34
* NMEA baud rate = 4800
** Ship: Pisces PC2305
** Program:  Fall ECOMON
** Chief Scientist: Harvey Walsh
# nquan = 6
# nvalues = 116                         
# units = specified
# name 0 = depSM: Depth [salt water, m]
# name 1 = t090C: Temperature [ITS-90, deg C]
# name 2 = c0S/m: Conductivity [S/m]
# name 3 = sal00: Salinity, Practical [PSU]
# name 4 = scan: Scan Count
# name 5 = flag: flag
# span 0 =      2.000,     60.000       
# span 1 =     5.0756,    17.3648       
# span 2 =   3.060596,   3.934654       
# span 3 =    29.7836,    31.6791       
# span 4 =        220,      13539       
# span 5 = 0.0000e+00, 0.0000e+00       
# interval = meters: 1                  
# start_time = Jun 12 2024 13:59:34 [NMEA time, header]
# bad_flag = -9.990e-29
*END*
      3.000    16.9804   3.896065    29.8880        220 0.0000e+00
      4.000    16.9649   3.893966    29.8813        389 0.0000e+00
      5.000    16.6658   3.861730    29.8268        422 0.0000e+00
      6.000    16.4215   3.837498    29.7995        455 0.0000e+00
      7.000    15.8121   3.784875    29.7982        486 0.0000e+00
      8.000    15.3462   3.751508    29.8564        516 0.0000e+00
      9.000    14.2913   3.675539    29.9849        546 0.0000e+00
     10.000    12.9261   3.580336    30.1810        575 0.0000e+00
     11.000    11.4259   3.484015    30.4783        602 0.0000e+00
     12.000     9.8732   3.390125    30.8515        628 0.0000e+00
     13.000     9.7087   3.377514    30.8644        656 0.0000e+00
     14.000     9.2233   3.345775    30.9590        685 0.0000e+00
     15.000     8.9510   3.325835    30.9900        715 0.0000e+00
     16.000     8.7115   3.308847    31.0230        742 0.0000e+00
     17.000     8.2855   3.280274    31.0990        769 0.0000e+00
     18.000     7.7205   3.245486    31.2336        796 0.0000e+00
     19.000     7.2918   3.210996    31.2490        823 0.0000e+00
     20.000     6.5225   3.147768    31.2599        853 0.0000e+00
     21.000     5.8839   3.102361    31.3447        882 0.0000e+00
     22.000     5.8025   3.099691    31.3899        910 0.0000e+00
     23.000     5.5958   3.083552    31.4007        937 0.0000e+00
     24.000     5.5144   3.076305    31.3946        964 0.0000e+00
     25.000     5.4324   3.069482    31.3937        993 0.0000e+00
     26.000     5.3793   3.067737    31.4232       1022 0.0000e+00
     27.000     5.2705   3.064971    31.4935       1049 0.0000e+00
     28.000     5.2577   3.064823    31.5034       1076 0.0000e+00
     29.000     5.2528   3.064544    31.5044       1105 0.0000e+00
     30.000     5.2457   3.064249    31.5073       1135 0.0000e+00
     31.000     5.2317   3.063921    31.5162       1163 0.0000e+00
     32.000     5.2219   3.063655    31.5219       1190 0.0000e+00
     33.000     5.2067   3.063348    31.5323       1217 0.0000e+00
     34.000     5.1891   3.063012    31.5446       1245 0.0000e+00
     35.000     5.1841   3.062817    31.5465       1275 0.0000e+00
     36.000     5.1791   3.062564    31.5479       1304 0.0000e+00
     37.000     5.1745   3.062399    31.5498       1330 0.0000e+00
     38.000     5.1675   3.062218    31.5540       1357 0.0000e+00
     39.000     5.1616   3.062047    31.5571       1385 0.0000e+00
     40.000     5.1596   3.061957    31.5575       1414 0.0000e+00
     41.000     5.1499   3.062013    31.5668       1443 0.0000e+00
     42.000     5.1393   3.062053    31.5768       1471 0.0000e+00
     43.000     5.1397   3.061921    31.5744       1500 0.0000e+00
     44.000     5.1272   3.062316    31.5902       1527 0.0000e+00
     45.000     5.1200   3.062596    31.5997       1554 0.0000e+00
     46.000     5.1191   3.062572    31.5998       1580 0.0000e+00
     47.000     5.1179   3.062577    31.6005       1608 0.0000e+00
     48.000     5.1128   3.062680    31.6060       1639 0.0000e+00
     49.000     5.1087   3.062757    31.6103       1670 0.0000e+00
     50.000     5.1042   3.063526    31.6228       1697 0.0000e+00
     51.000     5.0981   3.064857    31.6433       1723 0.0000e+00
     52.000     5.0980   3.064940    31.6439       1750 0.0000e+00
     53.000     5.0985   3.065012    31.6437       1781 0.0000e+00
     54.000     5.0976   3.065270    31.6471       1815 0.0000e+00
     55.000     5.0898   3.066072    31.6631       1847 0.0000e+00
     56.000     5.0867   3.066309    31.6683       1876 0.0000e+00
     57.000     5.0856   3.066417    31.6701       1903 0.0000e+00
     58.000     5.0842   3.066529    31.6721       1931 0.0000e+00
     59.000     5.0832   3.066465    31.6718       2166 0.0000e+00
     60.000     5.0831   3.066018    31.6665       3068 0.0000e+00
     59.000     5.0756   3.066468    31.6791       5256 0.0000e+00
     58.000     5.0810   3.066294    31.6726       4423 0.0000e+00
     57.000     5.0821   3.066274    31.6717       4446 0.0000e+00
     56.000     5.0818   3.066150    31.6711       4483 0.0000e+00
     55.000     5.0840   3.065920    31.6669       4517 0.0000e+00
     54.000     5.0878   3.065420    31.6581       4550 0.0000e+00
     53.000     5.0904   3.065096    31.6524       4582 0.0000e+00
     52.000     5.0932   3.064840    31.6473       4614 0.0000e+00
     51.000     5.0973   3.064384    31.6387       4645 0.0000e+00
     50.000     5.1028   3.063621    31.6252       4674 0.0000e+00
     49.000     5.1110   3.062439    31.6045       4703 0.0000e+00
     48.000     5.1150   3.062049    31.5967       4733 0.0000e+00
     47.000     5.1185   3.061805    31.5912       4765 0.0000e+00
     46.000     5.1292   3.061396    31.5768       4795 0.0000e+00
     45.000     5.1381   3.061139    31.5660       4825 0.0000e+00
     44.000     5.1441   3.060902    31.5581       4854 0.0000e+00
     43.000     5.1511   3.060656    31.5492       4883 0.0000e+00
     42.000     5.1523   3.060596    31.5478       4912 0.0000e+00
     41.000     5.1591   3.060607    31.5421       4943 0.0000e+00
     40.000     5.1704   3.060649    31.5323       4974 0.0000e+00
     39.000     5.1731   3.060641    31.5302       5004 0.0000e+00
     38.000     5.1769   3.060672    31.5275       5032 0.0000e+00
     37.000     5.1766   3.060630    31.5277       5062 0.0000e+00
     36.000     5.1852   3.060746    31.5214       5093 0.0000e+00
     35.000     5.1937   3.060881    31.5155       5123 0.0000e+00
     34.000     5.2048   3.060880    31.5055       5151 0.0000e+00
     33.000     5.2144   3.060962    31.4979       6497 0.0000e+00
     32.000     5.2088   3.060893    31.5029       7356 0.0000e+00
     31.000     5.2169   3.060826    31.4950       7370 0.0000e+00
     30.000     5.2244   3.060826    31.4883       7414 0.0000e+00
     29.000     5.2294   3.060839    31.4843       7458 0.0000e+00
     28.000     5.2586   3.060851    31.4574       7500 0.0000e+00
     27.000     5.2711   3.060621    31.4435       7541 0.0000e+00
     26.000     5.3417   3.061842    31.3917       7580 0.0000e+00
     25.000     5.4260   3.065200    31.3513       7617 0.0000e+00
     24.000     5.6955   3.085255    31.3265       7657 0.0000e+00
     23.000     5.9467   3.100363    31.2633       7701 0.0000e+00
     22.000     6.2203   3.118124    31.2091       7742 0.0000e+00
     21.000     6.8962   3.173321    31.1983       7778 0.0000e+00
     20.000     7.4249   3.215057    31.1725       7814 0.0000e+00
     19.000     7.8883   3.247347    31.1030       7855 0.0000e+00
     18.000     8.6600   3.297489    30.9491       7898 0.0000e+00
     17.000     8.9952   3.320429    30.8949       7935 0.0000e+00
     16.000     9.2226   3.336526    30.8639       7972 0.0000e+00
     15.000     9.5205   3.356828    30.8150       8012 0.0000e+00
     14.000     9.7736   3.372199    30.7546       8053 0.0000e+00
     13.000    10.1411   3.397676    30.6992       9126 0.0000e+00
     12.000    10.8784   3.444856    30.5494      10074 0.0000e+00
     11.000    11.9410   3.510470    30.3112      10119 0.0000e+00
     10.000    12.5038   3.549725    30.2306      11594 0.0000e+00
      9.000    13.9045   3.644031    29.9987      12016 0.0000e+00
      8.000    14.9517   3.719417    29.8717      12034 0.0000e+00
      7.000    15.5811   3.763380    29.7836      12071 0.0000e+00
      6.000    15.9275   3.794565    29.7962      12109 0.0000e+00
      5.000    16.3086   3.835385    29.8659      12143 0.0000e+00
      4.000    17.1402   3.909851    29.8868      12177 0.0000e+00
      3.000    17.0598   3.900866    29.8700      12224 0.0000e+00
      2.000    17.3648   3.934654    29.9321      13539 0.0000e+00
