HB2403/ctd022.cnv
* Sea-Bird SBE 9 Data File:
* FileName = C:\cruise\data\ctd022.hex
* Software Version Seasave V 7.26.7.121
* Temperature SN = 6650
* Conductivity SN = 6035
* Number of Bytes Per Scan = 37
* Number of Voltage Words = 4
* Number of Scans Averaged by the Deck Unit = 1
* NMEA Latitude = 42 24.99 N
* NMEA Longitude = 070 36.57 W
* NMEA UTC (Time) = Jun 12 2024 12:45:29
* NMEA baud rate = 4800
** Ship: Pisces PC2305
** Program:  Fall ECOMON
** Chief Scientist: Harvey Walsh
# nquan = 6
# nvalues = 153                         
# units = specified
# name 0 = depSM: Depth [salt water, m]
# name 1 = t090C: Temperature [ITS-90, deg C]
# name 2 = c0S/m: Conductivity [S/m]
# name 3 = sal00: Salinity, Practical [PSU]
# name 4 = scan: Scan Count
# name 5 = flag: flag
# span 0 =      2.000,     78.000       
# span 1 =     5.1002,    16.5541       
# span 2 =   3.052183,   3.847917       
# span 3 =    29.7560,    31.6973       
# span 4 =       -319,      14912       
# span 5 = 0.0000e+00, 0.0000e+00       
# interval = meters: 1                  
# start_time = Jun 12 2024 12:45:29 [NMEA time, header]
# bad_flag = -9.990e-29
*END*
      2.000    16.1288   3.807598    29.7606       -319 0.0000e+00
      3.000    16.2674   3.821035    29.7733        399 0.0000e+00
      4.000    16.1783   3.813248    29.7719        374 0.0000e+00
      5.000    16.1752   3.813161    29.7731        403 0.0000e+00
      6.000    16.1547   3.811029    29.7696        433 0.0000e+00
      7.000    16.1137   3.806925    29.7643        462 0.0000e+00
      8.000    16.0897   3.805168    29.7666        489 0.0000e+00
      9.000    15.9876   3.799310    29.7917        514 0.0000e+00
     10.000    15.6440   3.778333    29.8665        537 0.0000e+00
     11.000    14.5590   3.704585    30.0396        561 0.0000e+00
     12.000    14.0753   3.672341    30.1229        589 0.0000e+00
     13.000    13.5467   3.635430    30.1991        619 0.0000e+00
     14.000    13.0927   3.602341    30.2519        646 0.0000e+00
     15.000    12.6646   3.572336    30.3128        670 0.0000e+00
     16.000    12.2667   3.546785    30.3917        694 0.0000e+00
     17.000    11.5233   3.493089    30.4830        720 0.0000e+00
     18.000    10.9197   3.452167    30.5833        749 0.0000e+00
     19.000    10.5325   3.428618    30.6748        777 0.0000e+00
     20.000     9.2666   3.356263    31.0264        802 0.0000e+00
     21.000     8.8032   3.328943    31.1490        827 0.0000e+00
     22.000     8.6152   3.317851    31.1987        854 0.0000e+00
     23.000     8.4541   3.308296    31.2409        881 0.0000e+00
     24.000     8.1039   3.288694    31.3461        908 0.0000e+00
     25.000     7.5236   3.248103    31.4356        935 0.0000e+00
     26.000     7.0101   3.204272    31.4289        962 0.0000e+00
     27.000     6.5728   3.168798    31.4417        990 0.0000e+00
     28.000     6.4533   3.159127    31.4448       1016 0.0000e+00
     29.000     6.3573   3.150806    31.4411       1041 0.0000e+00
     30.000     6.1146   3.131820    31.4547       1067 0.0000e+00
     31.000     5.6016   3.091606    31.4821       1095 0.0000e+00
     32.000     5.4545   3.080109    31.4897       1123 0.0000e+00
     33.000     5.3844   3.074478    31.4914       1149 0.0000e+00
     34.000     5.3781   3.074623    31.4985       1176 0.0000e+00
     35.000     5.3665   3.074395    31.5063       1203 0.0000e+00
     36.000     5.2619   3.065116    31.4989       1229 0.0000e+00
     37.000     5.1687   3.057068    31.4947       1254 0.0000e+00
     38.000     5.1319   3.054807    31.5031       1281 0.0000e+00
     39.000     5.1263   3.054948    31.5095       1310 0.0000e+00
     40.000     5.1216   3.055101    31.5152       1338 0.0000e+00
     41.000     5.1211   3.055702    31.5220       1363 0.0000e+00
     42.000     5.1194   3.056929    31.5372       1388 0.0000e+00
     43.000     5.1185   3.057234    31.5410       1413 0.0000e+00
     44.000     5.1201   3.057527    31.5423       1442 0.0000e+00
     45.000     5.1197   3.058129    31.5491       1470 0.0000e+00
     46.000     5.1224   3.059602    31.5629       1496 0.0000e+00
     47.000     5.1196   3.060152    31.5713       1521 0.0000e+00
     48.000     5.1148   3.060371    31.5778       1548 0.0000e+00
     49.000     5.1115   3.060555    31.5826       1576 0.0000e+00
     50.000     5.1107   3.060773    31.5853       1603 0.0000e+00
     51.000     5.1106   3.060979    31.5873       1630 0.0000e+00
     52.000     5.1107   3.061222    31.5894       1656 0.0000e+00
     53.000     5.1112   3.061644    31.5932       1682 0.0000e+00
     54.000     5.1118   3.062856    31.6061       1708 0.0000e+00
     55.000     5.1145   3.064243    31.6188       1735 0.0000e+00
     56.000     5.1126   3.064864    31.6272       1762 0.0000e+00
     57.000     5.1141   3.065332    31.6306       1790 0.0000e+00
     58.000     5.1159   3.066771    31.6449       1817 0.0000e+00
     59.000     5.1147   3.067311    31.6517       1842 0.0000e+00
     60.000     5.1094   3.067846    31.6623       1868 0.0000e+00
     61.000     5.1060   3.068538    31.6729       1895 0.0000e+00
     62.000     5.1064   3.068845    31.6756       1924 0.0000e+00
     63.000     5.1053   3.069338    31.6817       1951 0.0000e+00
     64.000     5.1042   3.069583    31.6851       1977 0.0000e+00
     65.000     5.1029   3.069875    31.6892       2002 0.0000e+00
     66.000     5.1017   3.070038    31.6917       2027 0.0000e+00
     67.000     5.1016   3.070106    31.6920       2054 0.0000e+00
     68.000     5.1014   3.070163    31.6924       2082 0.0000e+00
     69.000     5.1013   3.070204    31.6925       2112 0.0000e+00
     70.000     5.1008   3.070304    31.6936       2140 0.0000e+00
     71.000     5.1008   3.070376    31.6939       2165 0.0000e+00
     72.000     5.1005   3.070480    31.6949       2189 0.0000e+00
     73.000     5.1002   3.070582    31.6958       2213 0.0000e+00
     74.000     5.1002   3.070641    31.6960       2239 0.0000e+00
     75.000     5.1003   3.070696    31.6961       2269 0.0000e+00
     76.000     5.1004   3.070777    31.6964       2300 0.0000e+00
     77.000     5.1007   3.070915    31.6973       2328 0.0000e+00
     78.000     5.1007   3.070725    31.6946       3934 0.0000e+00
     77.000     5.1008   3.070667    31.6943       4734 0.0000e+00
     76.000     5.1009   3.070601    31.6940       4822 0.0000e+00
     75.000     5.1007   3.070457    31.6930       4864 0.0000e+00
     74.000     5.1006   3.070369    31.6926       4896 0.0000e+00
     73.000     5.1005   3.070281    31.6922       4925 0.0000e+00
     72.000     5.1005   3.070183    31.6916       4955 0.0000e+00
     71.000     5.1007   3.070027    31.6901       4988 0.0000e+00
     70.000     5.1008   3.069937    31.6894       5025 0.0000e+00
     69.000     5.1012   3.069824    31.6882       5058 0.0000e+00
     68.000     5.1013   3.069734    31.6876       5088 0.0000e+00
     67.000     5.1016   3.069652    31.6869       5119 0.0000e+00
     66.000     5.1016   3.069546    31.6862       5151 0.0000e+00
     65.000     5.1016   3.069461    31.6857       5183 0.0000e+00
     64.000     5.1024   3.069347    31.6842       5217 0.0000e+00
     63.000     5.1041   3.069069    31.6798       5251 0.0000e+00
     62.000     5.1053   3.068675    31.6747       5283 0.0000e+00
     61.000     5.1063   3.068270    31.6695       5314 0.0000e+00
     60.000     5.1060   3.067889    31.6660       5344 0.0000e+00
     59.000     5.1064   3.067454    31.6611       5373 0.0000e+00
     58.000     5.1114   3.066784    31.6493       5403 0.0000e+00
     57.000     5.1140   3.066475    31.6438       5434 0.0000e+00
     56.000     5.1150   3.065803    31.6356       5466 0.0000e+00
     55.000     5.1131   3.064509    31.6232       5495 0.0000e+00
     54.000     5.1126   3.064038    31.6187       5522 0.0000e+00
     53.000     5.1156   3.063388    31.6090       5546 0.0000e+00
     52.000     5.1123   3.061845    31.5950       5572 0.0000e+00
     51.000     5.1110   3.060669    31.5833       5602 0.0000e+00
     50.000     5.1103   3.059960    31.5763       5637 0.0000e+00
     49.000     5.1104   3.059584    31.5725       5671 0.0000e+00
     48.000     5.1107   3.059401    31.5706       5700 0.0000e+00
     47.000     5.1114   3.059141    31.5675       5725 0.0000e+00
     46.000     5.1129   3.058649    31.5609       5753 0.0000e+00
     45.000     5.1198   3.058179    31.5496       5788 0.0000e+00
     44.000     5.1165   3.056924    31.5388       5829 0.0000e+00
     43.000     5.1156   3.056337    31.5334       5858 0.0000e+00
     42.000     5.1191   3.055314    31.5190       7267 0.0000e+00
     41.000     5.1195   3.054520    31.5100       7982 0.0000e+00
     40.000     5.1218   3.053809    31.5002       8020 0.0000e+00
     39.000     5.1223   3.053011    31.4912       8056 0.0000e+00
     38.000     5.1246   3.052676    31.4857       8090 0.0000e+00
     37.000     5.1280   3.052285    31.4785       8126 0.0000e+00
     36.000     5.1421   3.052183    31.4645       8166 0.0000e+00
     35.000     5.1854   3.054983    31.4562       8204 0.0000e+00
     34.000     5.2562   3.061426    31.4633       8236 0.0000e+00
     33.000     5.3521   3.069048    31.4601       8269 0.0000e+00
     32.000     5.3699   3.069579    31.4499       8306 0.0000e+00
     31.000     5.3900   3.070601    31.4432       8346 0.0000e+00
     30.000     5.4415   3.074261    31.4368       8379 0.0000e+00
     29.000     5.5646   3.083764    31.4294       8408 0.0000e+00
     28.000     5.9474   3.114591    31.4190       8440 0.0000e+00
     27.000     6.3199   3.142019    31.3795       8477 0.0000e+00
     26.000     6.4476   3.152360    31.3765       8515 0.0000e+00
     25.000     6.5948   3.164552    31.3758       8547 0.0000e+00
     24.000     7.0020   3.198078    31.3700       8577 0.0000e+00
     23.000     7.4917   3.239371    31.3717       8612 0.0000e+00
     22.000     8.0990   3.281314    31.2735       9463 0.0000e+00
     21.000     8.1728   3.286712    31.2651      10694 0.0000e+00
     20.000     8.5115   3.306296    31.1706      10664 0.0000e+00
     19.000     8.7211   3.317375    31.1019      10719 0.0000e+00
     18.000     9.0550   3.337263    31.0160      10779 0.0000e+00
     17.000     9.9401   3.389322    30.7847      10824 0.0000e+00
     16.000    10.8263   3.439515    30.5376      10869 0.0000e+00
     15.000    11.2914   3.470989    30.4603      10919 0.0000e+00
     14.000    12.0395   3.525417    30.3732      10961 0.0000e+00
     13.000    12.5562   3.559115    30.2760      10998 0.0000e+00
     12.000    13.1238   3.600043    30.2065      11044 0.0000e+00
     11.000    13.6868   3.639891    30.1306      11101 0.0000e+00
     10.000    14.7559   3.716951    29.9992      13330 0.0000e+00
      9.000    15.6588   3.777482    29.8484      13356 0.0000e+00
      8.000    16.0062   3.798656    29.7724      13441 0.0000e+00
      7.000    16.0463   3.800673    29.7603      13485 0.0000e+00
      6.000    16.0810   3.803123    29.7560      13538 0.0000e+00
      5.000    16.1171   3.806652    29.7600      13593 0.0000e+00
      4.000    16.1261   3.807074    29.7573      13639 0.0000e+00
      3.000    16.1791   3.812197    29.7626      13695 0.0000e+00
      2.000    16.5541   3.847917    29.7922      14912 0.0000e+00
