HB2403/ctd001.cnv
* Sea-Bird SBE 9 Data File:
* FileName = C:\cruise\data\ctd001.hex
* Software Version Seasave V 7.26.7.121
* Temperature SN = 6650
* Conductivity SN = 6035
* Number of Bytes Per Scan = 37
* Number of Voltage Words = 4
* Number of Scans Averaged by the Deck Unit = 1
* NMEA Latitude = 39 21.30 N
* NMEA Longitude = 073 23.54 W
* NMEA UTC (Time) = May 27 2024 08:03:52
* NMEA baud rate = 4800
** Ship: Pisces PC2305
** Program:  Fall ECOMON
** Chief Scientist: Harvey Walsh
# nquan = 6
# nvalues = 82                          
# units = specified
# name 0 = depSM: Depth [salt water, m]
# name 1 = t090C: Temperature [ITS-90, deg C]
# name 2 = c0S/m: Conductivity [S/m]
# name 3 = sal00: Salinity, Practical [PSU]
# name 4 = scan: Scan Count
# name 5 = flag: flag
# span 0 =      2.000,     43.000       
# span 1 =     8.5383,    16.1852       
# span 2 =   3.291745,   3.830701       
# span 3 =    29.9187,    31.7861       
# span 4 =        171,      12554       
# span 5 = 0.0000e+00, 0.0000e+00       
# interval = meters: 1                  
# start_time = May 27 2024 08:03:52 [NMEA time, header]
# bad_flag = -9.990e-29
*END*
      3.000    15.4920   3.791323    30.0990        171 0.0000e+00
      4.000    15.1349   3.768386    30.1691        294 0.0000e+00
      5.000    13.0876   3.610824    30.3373        318 0.0000e+00
      6.000    10.9235   3.464917    30.7104        341 0.0000e+00
      7.000    10.1512   3.398956    30.7055        363 0.0000e+00
      8.000     9.7449   3.371097    30.7705        390 0.0000e+00
      9.000     9.6957   3.369315    30.7941        422 0.0000e+00
     10.000     9.7714   3.382583    30.8631        450 0.0000e+00
     11.000     9.8280   3.394709    30.9369        475 0.0000e+00
     12.000     9.7194   3.386941    30.9511        497 0.0000e+00
     13.000     9.4127   3.360184    30.9429        521 0.0000e+00
     14.000     9.1171   3.332671    30.9164        549 0.0000e+00
     15.000     8.7948   3.302339    30.8830        577 0.0000e+00
     16.000     8.6774   3.293529    30.8937        603 0.0000e+00
     17.000     8.6586   3.293878    30.9132        628 0.0000e+00
     18.000     8.6782   3.297492    30.9333        655 0.0000e+00
     19.000     8.7310   3.303694    30.9510        684 0.0000e+00
     20.000     8.9791   3.340719    31.1163        712 0.0000e+00
     21.000     9.2774   3.383107    31.2917        737 0.0000e+00
     22.000     9.3348   3.390188    31.3137        763 0.0000e+00
     23.000     9.3682   3.394556    31.3287        789 0.0000e+00
     24.000     9.3856   3.397214    31.3402        817 0.0000e+00
     25.000     9.4341   3.403493    31.3616        845 0.0000e+00
     26.000     9.2820   3.388901    31.3449        871 0.0000e+00
     27.000     8.9480   3.359937    31.3399        897 0.0000e+00
     28.000     9.0261   3.371416    31.3892        924 0.0000e+00
     29.000     9.0672   3.376313    31.4031        950 0.0000e+00
     30.000     9.1261   3.382854    31.4181        976 0.0000e+00
     31.000     9.1453   3.384791    31.4207       1003 0.0000e+00
     32.000     9.1243   3.382653    31.4168       1031 0.0000e+00
     33.000     9.1878   3.389809    31.4341       1059 0.0000e+00
     34.000     9.1740   3.389163    31.4391       1087 0.0000e+00
     35.000     8.7590   3.357324    31.4765       1113 0.0000e+00
     36.000     8.6160   3.348667    31.5131       1137 0.0000e+00
     37.000     8.6561   3.359658    31.5916       1160 0.0000e+00
     38.000     8.6362   3.371090    31.7283       1187 0.0000e+00
     39.000     8.6592   3.376474    31.7633       1217 0.0000e+00
     40.000     8.6347   3.374551    31.7649       1245 0.0000e+00
     41.000     8.5753   3.369736    31.7675       1271 0.0000e+00
     42.000     8.5859   3.372473    31.7861       1296 0.0000e+00
     43.000     8.5580   3.369648    31.7812       2917 0.0000e+00
     42.000     8.5630   3.369448    31.7750       3855 0.0000e+00
     41.000     8.5383   3.366218    31.7639       3874 0.0000e+00
     40.000     8.6072   3.372435    31.7674       3905 0.0000e+00
     39.000     8.6364   3.374521    31.7635       3941 0.0000e+00
     38.000     8.6540   3.374732    31.7503       3974 0.0000e+00
     37.000     8.6299   3.367189    31.6936       4003 0.0000e+00
     36.000     8.6431   3.357774    31.5840       4030 0.0000e+00
     35.000     8.6120   3.349445    31.5253       4058 0.0000e+00
     34.000     8.8655   3.366234    31.4750       4087 0.0000e+00
     33.000     9.1679   3.390910    31.4629       4116 0.0000e+00
     32.000     9.2851   3.400856    31.4623       4145 0.0000e+00
     31.000     9.2843   3.400756    31.4624       4178 0.0000e+00
     30.000     9.3148   3.401797    31.4467       4215 0.0000e+00
     29.000     9.2589   3.396305    31.4399       4245 0.0000e+00
     28.000     9.0965   3.378121    31.3963       4273 0.0000e+00
     27.000     8.9837   3.362670    31.3367       4305 0.0000e+00
     26.000     9.1440   3.377202    31.3458       4344 0.0000e+00
     25.000     9.3775   3.398417    31.3592       4379 0.0000e+00
     24.000     9.4690   3.405828    31.3553       5688 0.0000e+00
     23.000     9.4613   3.405256    31.3566       6658 0.0000e+00
     22.000     9.3927   3.396817    31.3308       6734 0.0000e+00
     21.000     9.3442   3.390405    31.3081       6794 0.0000e+00
     20.000     9.3345   3.388738    31.2999       6841 0.0000e+00
     19.000     9.2278   3.369833    31.1995       6881 0.0000e+00
     18.000     8.7349   3.301988    30.9304       6920 0.0000e+00
     17.000     8.6583   3.291745    30.8913       8119 0.0000e+00
     16.000     8.6961   3.293369    30.8756       8767 0.0000e+00
     15.000     8.7909   3.299704    30.8592       8874 0.0000e+00
     14.000     9.2807   3.344090    30.8919       8951 0.0000e+00
     13.000     9.7115   3.377692    30.8637       8998 0.0000e+00
     12.000     9.7307   3.372635    30.7965       9056 0.0000e+00
     11.000     9.7798   3.366361    30.6916       9997 0.0000e+00
     10.000     9.7658   3.365862    30.6989      11121 0.0000e+00
      9.000    10.1015   3.393888    30.6960      11117 0.0000e+00
      8.000    10.9510   3.451740    30.5571      11170 0.0000e+00
      7.000    11.6815   3.505696    30.4780      11220 0.0000e+00
      6.000    13.6547   3.652264    30.2716      11266 0.0000e+00
      5.000    14.2404   3.699519    30.2435      11305 0.0000e+00
      4.000    15.2467   3.772857    30.1240      11352 0.0000e+00
      3.000    16.1852   3.830701    29.9187      11400 0.0000e+00
      2.000    16.0114   3.827091    30.0185      12554 0.0000e+00
