HB2403/ctd008.cnv
* Sea-Bird SBE 9 Data File:
* FileName = C:\cruise\data\ctd008.hex
* Software Version Seasave V 7.26.7.121
* Temperature SN = 6650
* Conductivity SN = 6035
* Number of Bytes Per Scan = 37
* Number of Voltage Words = 4
* Number of Scans Averaged by the Deck Unit = 1
* NMEA Latitude = 39 49.51 N
* NMEA Longitude = 070 36.70 W
* NMEA UTC (Time) = Jun 06 2024 11:57:46
* NMEA baud rate = 4800
** Ship: Pisces PC2305
** Program:  Fall ECOMON
** Chief Scientist: Harvey Walsh
# nquan = 6
# nvalues = 1017                        
# units = specified
# name 0 = depSM: Depth [salt water, m]
# name 1 = t090C: Temperature [ITS-90, deg C]
# name 2 = c0S/m: Conductivity [S/m]
# name 3 = sal00: Salinity, Practical [PSU]
# name 4 = scan: Scan Count
# name 5 = flag: flag
# span 0 =      2.000,    510.000       
# span 1 =     5.3810,    17.8917       
# span 2 =   3.401314,   4.396348       
# span 3 =    33.3394,    35.5402       
# span 4 =       -443,      45299       
# span 5 = 0.0000e+00, 0.0000e+00       
# interval = meters: 1                  
# start_time = Jun 06 2024 11:57:46 [NMEA time, header]
# bad_flag = -9.990e-29
*END*
      2.000    17.8917   4.394759    33.4266       -443 0.0000e+00
      3.000    17.8858   4.393453    33.4199        461 0.0000e+00
      4.000    17.8845   4.393625    33.4221        434 0.0000e+00
      5.000    17.8873   4.393408    33.4175        451 0.0000e+00
      6.000    17.8837   4.394702    33.4312        472 0.0000e+00
      7.000    17.8651   4.396348    33.4600        501 0.0000e+00
      8.000    17.7701   4.393102    33.5101        543 0.0000e+00
      9.000    17.5896   4.383755    33.5788        569 0.0000e+00
     10.000    17.3790   4.371502    33.6478        590 0.0000e+00
     11.000    17.3290   4.368614    33.6641        613 0.0000e+00
     12.000    17.2518   4.362401    33.6745        642 0.0000e+00
     13.000    17.0907   4.349362    33.6958        677 0.0000e+00
     14.000    16.8444   4.325424    33.6938        709 0.0000e+00
     15.000    16.5637   4.295777    33.6705        735 0.0000e+00
     16.000    16.3731   4.275573    33.6534        760 0.0000e+00
     17.000    16.1922   4.254880    33.6235        787 0.0000e+00
     18.000    16.0498   4.239857    33.6108        819 0.0000e+00
     19.000    15.9736   4.233222    33.6162        850 0.0000e+00
     20.000    15.8901   4.224982    33.6135        877 0.0000e+00
     21.000    15.6299   4.201132    33.6219        902 0.0000e+00
     22.000    15.5619   4.194448    33.6197        929 0.0000e+00
     23.000    15.4951   4.187701    33.6159        959 0.0000e+00
     24.000    15.3365   4.173869    33.6270        991 0.0000e+00
     25.000    15.0000   4.147654    33.6790       1019 0.0000e+00
     26.000    14.6002   4.109794    33.6796       1045 0.0000e+00
     27.000    14.1439   4.067542    33.6881       1074 0.0000e+00
     28.000    13.8794   4.042340    33.6857       1104 0.0000e+00
     29.000    13.6840   4.025363    33.6989       1131 0.0000e+00
     30.000    13.5717   4.014002    33.6911       1158 0.0000e+00
     31.000    13.2029   3.991945    33.8101       1186 0.0000e+00
     32.000    13.1591   3.997075    33.8971       1215 0.0000e+00
     33.000    13.1765   4.006212    33.9676       1243 0.0000e+00
     34.000    13.2876   4.026917    34.0634       1270 0.0000e+00
     35.000    13.3281   4.039981    34.1500       1298 0.0000e+00
     36.000    13.4382   4.058693    34.2272       1325 0.0000e+00
     37.000    13.5370   4.074308    34.2848       1353 0.0000e+00
     38.000    13.4922   4.072148    34.3044       1380 0.0000e+00
     39.000    13.5044   4.076398    34.3330       1406 0.0000e+00
     40.000    13.5584   4.088579    34.3985       1431 0.0000e+00
     41.000    13.5815   4.093095    34.4197       1457 0.0000e+00
     42.000    13.5880   4.096350    34.4439       1486 0.0000e+00
     43.000    13.6940   4.115114    34.5239       1516 0.0000e+00
     44.000    13.7417   4.125018    34.5733       1544 0.0000e+00
     45.000    13.6868   4.120281    34.5781       1569 0.0000e+00
     46.000    13.5196   4.102124    34.5584       1595 0.0000e+00
     47.000    13.3602   4.084035    34.5319       1623 0.0000e+00
     48.000    13.2167   4.068086    34.5109       1652 0.0000e+00
     49.000    13.1552   4.061986    34.5085       1678 0.0000e+00
     50.000    13.1175   4.058186    34.5064       1706 0.0000e+00
     51.000    13.1566   4.063935    34.5249       1737 0.0000e+00
     52.000    13.2386   4.074003    34.5454       1767 0.0000e+00
     53.000    13.1648   4.066034    34.5365       1793 0.0000e+00
     54.000    13.1063   4.062623    34.5570       1817 0.0000e+00
     55.000    13.2225   4.077910    34.5957       1843 0.0000e+00
     56.000    13.0921   4.063515    34.5776       1873 0.0000e+00
     57.000    12.9396   4.047669    34.5656       1905 0.0000e+00
     58.000    12.7937   4.031795    34.5469       1933 0.0000e+00
     59.000    12.6674   4.019273    34.5423       1957 0.0000e+00
     60.000    12.5792   4.010968    34.5431       1982 0.0000e+00
     61.000    12.2698   3.978185    34.5110       2012 0.0000e+00
     62.000    12.0691   3.956819    34.4885       2044 0.0000e+00
     63.000    11.9749   3.946361    34.4733       2069 0.0000e+00
     64.000    11.8237   3.928859    34.4420       2093 0.0000e+00
     65.000    11.6651   3.911700    34.4205       2117 0.0000e+00
     66.000    11.6535   3.913322    34.4467       2146 0.0000e+00
     67.000    11.9635   3.959027    34.6057       2180 0.0000e+00
     68.000    11.8604   3.948796    34.6010       2211 0.0000e+00
     69.000    11.5013   3.913001    34.5842       2235 0.0000e+00
     70.000    11.4035   3.902859    34.5751       2256 0.0000e+00
     71.000    11.4082   3.904003    34.5815       2279 0.0000e+00
     72.000    11.4204   3.905331    34.5828       2308 0.0000e+00
     73.000    11.4300   3.906728    34.5872       2341 0.0000e+00
     74.000    11.4086   3.904883    34.5885       2372 0.0000e+00
     75.000    11.3951   3.903476    34.5869       2398 0.0000e+00
     76.000    11.3001   3.892837    34.5701       2420 0.0000e+00
     77.000    11.1519   3.877981    34.5614       2441 0.0000e+00
     78.000    11.2250   3.896743    34.6785       2465 0.0000e+00
     79.000    11.3920   3.918022    34.7318       2495 0.0000e+00
     80.000    11.4180   3.921146    34.7378       2530 0.0000e+00
     81.000    11.4642   3.927881    34.7604       2559 0.0000e+00
     82.000    11.6099   3.947700    34.8184       2582 0.0000e+00
     83.000    11.9428   3.994416    34.9635       2605 0.0000e+00
     84.000    12.0434   4.007468    34.9961       2629 0.0000e+00
     85.000    12.0543   4.009455    35.0048       2656 0.0000e+00
     86.000    12.0381   4.009043    35.0155       2684 0.0000e+00
     87.000    12.0662   4.015415    35.0509       2711 0.0000e+00
     88.000    12.1231   4.024021    35.0808       2739 0.0000e+00
     89.000    12.1589   4.029559    35.1006       2765 0.0000e+00
     90.000    12.3009   4.051386    35.1788       2790 0.0000e+00
     91.000    12.4230   4.069235    35.2367       2815 0.0000e+00
     92.000    12.4485   4.072609    35.2449       2842 0.0000e+00
     93.000    12.4151   4.069111    35.2420       2871 0.0000e+00
     94.000    12.4446   4.073821    35.2594       2897 0.0000e+00
     95.000    12.5116   4.082859    35.2834       2921 0.0000e+00
     96.000    12.5500   4.088338    35.2998       2944 0.0000e+00
     97.000    12.6036   4.095537    35.3184       2972 0.0000e+00
     98.000    12.6404   4.101107    35.3372       3005 0.0000e+00
     99.000    12.7336   4.114848    35.3815       3032 0.0000e+00
    100.000    12.7915   4.122702    35.4021       3054 0.0000e+00
    101.000    12.8087   4.125285    35.4103       3075 0.0000e+00
    102.000    12.7948   4.123590    35.4066       3100 0.0000e+00
    103.000    12.7206   4.115607    35.3992       3132 0.0000e+00
    104.000    12.6740   4.111086    35.3990       3165 0.0000e+00
    105.000    12.6734   4.112653    35.4143       3192 0.0000e+00
    106.000    12.6545   4.111709    35.4225       3215 0.0000e+00
    107.000    12.6211   4.108404    35.4216       3236 0.0000e+00
    108.000    12.5892   4.104497    35.4135       3257 0.0000e+00
    109.000    12.5089   4.095335    35.4003       3285 0.0000e+00
    110.000    12.4281   4.086671    35.3922       3326 0.0000e+00
    111.000    12.3767   4.079981    35.3755       3357 0.0000e+00
    112.000    12.2303   4.063757    35.3559       3377 0.0000e+00
    113.000    12.2264   4.063822    35.3597       3394 0.0000e+00
    114.000    12.1864   4.058218    35.3425       3414 0.0000e+00
    115.000    12.0116   4.038853    35.3187       3443 0.0000e+00
    116.000    11.9463   4.031535    35.3086       3484 0.0000e+00
    117.000    11.8929   4.026414    35.3087       3511 0.0000e+00
    118.000    11.8454   4.021886    35.3089       3531 0.0000e+00
    119.000    11.8181   4.018951    35.3056       3551 0.0000e+00
    120.000    11.7600   4.013033    35.3022       3575 0.0000e+00
    121.000    11.7064   4.008461    35.3078       3608 0.0000e+00
    122.000    11.7092   4.009784    35.3177       3644 0.0000e+00
    123.000    11.7101   4.010316    35.3216       3668 0.0000e+00
    124.000    11.7117   4.012713    35.3433       3688 0.0000e+00
    125.000    11.7336   4.015756    35.3519       3708 0.0000e+00
    126.000    11.7241   4.014905    35.3521       3731 0.0000e+00
    127.000    11.7184   4.014560    35.3537       3765 0.0000e+00
    128.000    11.6789   4.009898    35.3450       3799 0.0000e+00
    129.000    11.5741   3.998137    35.3285       3823 0.0000e+00
    130.000    11.4801   3.987445    35.3121       3845 0.0000e+00
    131.000    11.4238   3.981205    35.3037       3869 0.0000e+00
    132.000    11.4089   3.979515    35.3008       3896 0.0000e+00
    133.000    11.3941   3.977630    35.2958       3926 0.0000e+00
    134.000    11.3804   3.976346    35.2957       3955 0.0000e+00
    135.000    11.3862   3.977615    35.3023       3979 0.0000e+00
    136.000    11.4014   3.980091    35.3118       4002 0.0000e+00
    137.000    11.3988   3.979690    35.3099       4027 0.0000e+00
    138.000    11.3716   3.976789    35.3067       4055 0.0000e+00
    139.000    11.3590   3.975478    35.3054       4086 0.0000e+00
    140.000    11.3460   3.974135    35.3039       4113 0.0000e+00
    141.000    11.3375   3.973249    35.3028       4138 0.0000e+00
    142.000    11.2818   3.966886    35.2925       4162 0.0000e+00
    143.000    11.1385   3.950818    35.2694       4187 0.0000e+00
    144.000    11.0335   3.939854    35.2603       4212 0.0000e+00
    145.000    10.9900   3.935267    35.2557       4240 0.0000e+00
    146.000    10.9399   3.929844    35.2492       4270 0.0000e+00
    147.000    11.0034   3.940324    35.2926       4298 0.0000e+00
    148.000    11.0364   3.943802    35.2951       4324 0.0000e+00
    149.000    11.0387   3.944085    35.2953       4348 0.0000e+00
    150.000    11.0317   3.943058    35.2913       4375 0.0000e+00
    151.000    10.9656   3.935624    35.2801       4403 0.0000e+00
    152.000    10.9362   3.932606    35.2776       4431 0.0000e+00
    153.000    10.8898   3.927096    35.2666       4456 0.0000e+00
    154.000    10.8380   3.921671    35.2616       4480 0.0000e+00
    155.000    10.8247   3.920194    35.2591       4506 0.0000e+00
    156.000    10.8199   3.919825    35.2596       4534 0.0000e+00
    157.000    10.7641   3.912826    35.2425       4565 0.0000e+00
    158.000    10.6099   3.895691    35.2182       4594 0.0000e+00
    159.000    10.5702   3.892083    35.2196       4620 0.0000e+00
    160.000    10.5499   3.889311    35.2107       4644 0.0000e+00
    161.000    10.3623   3.868411    35.1800       4666 0.0000e+00
    162.000    10.2382   3.854958    35.1631       4690 0.0000e+00
    163.000    10.1890   3.849796    35.1578       4720 0.0000e+00
    164.000    10.1829   3.849134    35.1565       4757 0.0000e+00
    165.000    10.1531   3.845883    35.1517       4788 0.0000e+00
    166.000    10.1430   3.844775    35.1498       4810 0.0000e+00
    167.000    10.1378   3.844426    35.1508       4830 0.0000e+00
    168.000    10.2100   3.853795    35.1758       4852 0.0000e+00
    169.000    10.2435   3.858107    35.1867       4882 0.0000e+00
    170.000    10.2795   3.862433    35.1954       4917 0.0000e+00
    171.000    10.2889   3.863576    35.1974       4945 0.0000e+00
    172.000    10.2881   3.863605    35.1980       4968 0.0000e+00
    173.000    10.2865   3.863545    35.1985       4990 0.0000e+00
    174.000    10.2639   3.861367    35.1978       5014 0.0000e+00
    175.000    10.2408   3.858953    35.1952       5045 0.0000e+00
    176.000    10.2095   3.855804    35.1930       5081 0.0000e+00
    177.000    10.2084   3.855896    35.1945       5111 0.0000e+00
    178.000    10.2599   3.862627    35.2127       5133 0.0000e+00
    179.000    10.2878   3.865672    35.2161       5153 0.0000e+00
    180.000    10.2641   3.862893    35.2103       5176 0.0000e+00
    181.000    10.2299   3.859144    35.2049       5205 0.0000e+00
    182.000    10.1992   3.855845    35.2007       5240 0.0000e+00
    183.000    10.1653   3.851877    35.1927       5271 0.0000e+00
    184.000    10.0569   3.839554    35.1717       5296 0.0000e+00
    185.000     9.9235   3.826511    35.1676       5317 0.0000e+00
    186.000     9.9210   3.826521    35.1697       5340 0.0000e+00
    187.000     9.9174   3.826031    35.1677       5370 0.0000e+00
    188.000     9.8350   3.817061    35.1554       5401 0.0000e+00
    189.000     9.8119   3.814874    35.1550       5428 0.0000e+00
    190.000     9.8037   3.813886    35.1524       5453 0.0000e+00
    191.000     9.7900   3.812311    35.1491       5479 0.0000e+00
    192.000     9.7498   3.808164    35.1451       5507 0.0000e+00
    193.000     9.6922   3.801540    35.1327       5536 0.0000e+00
    194.000     9.6383   3.796835    35.1364       5563 0.0000e+00
    195.000     9.6734   3.801014    35.1447       5587 0.0000e+00
    196.000     9.6572   3.799303    35.1425       5612 0.0000e+00
    197.000     9.6928   3.803888    35.1545       5641 0.0000e+00
    198.000     9.6386   3.797845    35.1446       5673 0.0000e+00
    199.000     9.6517   3.799829    35.1518       5698 0.0000e+00
    200.000     9.6505   3.799723    35.1514       5720 0.0000e+00
    201.000     9.6228   3.796602    35.1458       5744 0.0000e+00
    202.000     9.5406   3.787596    35.1327       5776 0.0000e+00
    203.000     9.5197   3.785886    35.1350       5807 0.0000e+00
    204.000     9.5080   3.784530    35.1320       5834 0.0000e+00
    205.000     9.4915   3.783308    35.1350       5860 0.0000e+00
    206.000     9.5176   3.786570    35.1428       5887 0.0000e+00
    207.000     9.5169   3.786710    35.1444       5913 0.0000e+00
    208.000     9.4751   3.782624    35.1425       5940 0.0000e+00
    209.000     9.4562   3.781193    35.1458       5966 0.0000e+00
    210.000     9.4341   3.778843    35.1426       5993 0.0000e+00
    211.000     9.4056   3.775598    35.1364       6023 0.0000e+00
    212.000     9.3636   3.771219    35.1317       6056 0.0000e+00
    213.000     9.3300   3.767788    35.1286       6082 0.0000e+00
    214.000     9.3007   3.764752    35.1253       6105 0.0000e+00
    215.000     9.2686   3.761296    35.1203       6129 0.0000e+00
    216.000     9.2360   3.757997    35.1176       6160 0.0000e+00
    217.000     9.2174   3.756025    35.1148       6193 0.0000e+00
    218.000     9.1676   3.750968    35.1106       6220 0.0000e+00
    219.000     9.1054   3.745049    35.1095       6244 0.0000e+00
    220.000     9.0791   3.742416    35.1074       6269 0.0000e+00
    221.000     9.0627   3.740763    35.1058       6296 0.0000e+00
    222.000     9.0506   3.739493    35.1039       6329 0.0000e+00
    223.000     9.0204   3.736395    35.1008       6362 0.0000e+00
    224.000     8.9783   3.732155    35.0974       6387 0.0000e+00
    225.000     8.9346   3.727811    35.0945       6409 0.0000e+00
    226.000     8.9084   3.725219    35.0927       6435 0.0000e+00
    227.000     8.8916   3.723358    35.0892       6466 0.0000e+00
    228.000     8.8665   3.720891    35.0876       6497 0.0000e+00
    229.000     8.8486   3.719154    35.0866       6524 0.0000e+00
    230.000     8.8377   3.718047    35.0852       6549 0.0000e+00
    231.000     8.8200   3.715970    35.0803       6577 0.0000e+00
    232.000     8.7502   3.708571    35.0710       6608 0.0000e+00
    233.000     8.7282   3.706637    35.0719       6637 0.0000e+00
    234.000     8.7193   3.705775    35.0711       6664 0.0000e+00
    235.000     8.7169   3.705513    35.0703       6692 0.0000e+00
    236.000     8.7080   3.704489    35.0678       6722 0.0000e+00
    237.000     8.6894   3.702695    35.0668       6750 0.0000e+00
    238.000     8.6771   3.701486    35.0657       6777 0.0000e+00
    239.000     8.6668   3.700315    35.0630       6805 0.0000e+00
