HB2403/ctd015.cnv
* Sea-Bird SBE 9 Data File:
* FileName = C:\cruise\data\ctd015.hex
* Software Version Seasave V 7.26.7.121
* Temperature SN = 6650
* Conductivity SN = 6035
* Number of Bytes Per Scan = 37
* Number of Voltage Words = 4
* Number of Scans Averaged by the Deck Unit = 1
* NMEA Latitude = 41 45.63 N
* NMEA Longitude = 065 26.97 W
* NMEA UTC (Time) = Jun 09 2024 16:00:10
* NMEA baud rate = 4800
** Ship: Pisces PC2305
** Program:  Fall ECOMON
** Chief Scientist: Harvey Walsh
# nquan = 6
# nvalues = 999                         
# units = specified
# name 0 = depSM: Depth [salt water, m]
# name 1 = t090C: Temperature [ITS-90, deg C]
# name 2 = c0S/m: Conductivity [S/m]
# name 3 = sal00: Salinity, Practical [PSU]
# name 4 = scan: Scan Count
# name 5 = flag: flag
# span 0 =      1.000,    501.000       
# span 1 =     5.6997,    11.1995       
# span 2 =   3.281341,   3.957779       
# span 3 =    31.4438,    35.2568       
# span 4 =        220,      42192       
# span 5 = 0.0000e+00, 0.0000e+00       
# interval = meters: 1                  
# start_time = Jun 09 2024 16:00:10 [NMEA time, header]
# bad_flag = -9.990e-29
*END*
[from data line 956]
     43.000     7.0470   3.349145    32.9642      31740 0.0000e+00
     42.000     7.0604   3.350286    32.9643      31767 0.0000e+00
     41.000     7.0626   3.350642    32.9665      31787 0.0000e+00
     40.000     7.0638   3.350573    32.9652      31807 0.0000e+00
     39.000     7.0679   3.350487    32.9607      31828 0.0000e+00
     38.000     7.0456   3.346591    32.9400      31852 0.0000e+00
     37.000     6.9578   3.334344    32.8907      31882 0.0000e+00
     36.000     6.8707   3.321845    32.8374      31917 0.0000e+00
     35.000     6.7564   3.305494    32.7677      31946 0.0000e+00
     34.000     6.6952   3.296637    32.7292      31969 0.0000e+00
     33.000     6.6466   3.289746    32.7003      31991 0.0000e+00
     32.000     6.6081   3.283858    32.6727      32015 0.0000e+00
     31.000     6.5993   3.281341    32.6538      32043 0.0000e+00
     30.000     6.9066   3.310971    32.6866      32071 0.0000e+00
     29.000     8.1406   3.416586    32.6644      32097 0.0000e+00
     28.000     8.3172   3.404049    32.3681      34471 0.0000e+00
     27.000     8.3242   3.410221    32.4277      35500 0.0000e+00
     26.000     8.3827   3.415242    32.4272      35518 0.0000e+00
     25.000     8.4095   3.415020    32.4006      35539 0.0000e+00
     24.000     8.5093   3.421882    32.3816      35561 0.0000e+00
     23.000     9.3430   3.485711    32.2866      35587 0.0000e+00
     22.000     9.8260   3.520504    32.2087      35618 0.0000e+00
     21.000    10.0070   3.533210    32.1766      35649 0.0000e+00
     20.000    10.2219   3.545569    32.1109      35676 0.0000e+00
     19.000    10.3288   3.550494    32.0663      35700 0.0000e+00
     18.000    10.5794   3.564905    31.9904      35723 0.0000e+00
     17.000    10.7229   3.574396    31.9596      35745 0.0000e+00
     16.000    11.0053   3.594653    31.9144      35768 0.0000e+00
     15.000    11.1235   3.601530    31.8800      35793 0.0000e+00
     14.000    11.1314   3.601531    31.8736      35822 0.0000e+00
     13.000    11.1622   3.604606    31.8776      35854 0.0000e+00
     12.000    11.1730   3.604999    31.8725      35884 0.0000e+00
     11.000    11.1429   3.592870    31.7798      35908 0.0000e+00
     10.000    11.1324   3.585564    31.7174      35927 0.0000e+00
      9.000    11.1327   3.568091    31.5459      36452 0.0000e+00
      8.000    11.0726   3.558725    31.5057      39152 0.0000e+00
      7.000    11.1429   3.560749    31.4659      39162 0.0000e+00
      6.000    11.1688   3.562043    31.4569      39188 0.0000e+00
      5.000    11.1685   3.562267    31.4598      39215 0.0000e+00
      4.000    11.1722   3.562205    31.4564      39240 0.0000e+00
      3.000    11.1742   3.562288    31.4559      39293 0.0000e+00
      2.000    11.1808   3.562499    31.4528      39357 0.0000e+00
      1.000    11.1995   3.564917    31.4609      42192 0.0000e+00
