HB2403/ctd006.cnv
* Sea-Bird SBE 9 Data File:
* FileName = C:\cruise\data\ctd006.hex
* Software Version Seasave V 7.26.7.121
* Temperature SN = 6650
* Conductivity SN = 6035
* Number of Bytes Per Scan = 37
* Number of Voltage Words = 4
* Number of Scans Averaged by the Deck Unit = 1
* NMEA Latitude = 37 50.99 N
* NMEA Longitude = 074 35.11 W
* NMEA UTC (Time) = Jun 05 2024 04:27:07
* NMEA baud rate = 4800
** Ship: Pisces PC2305
** Program:  Fall ECOMON
** Chief Scientist: Harvey Walsh
# nquan = 6
# nvalues = 91                          
# units = specified
# name 0 = depSM: Depth [salt water, m]
# name 1 = t090C: Temperature [ITS-90, deg C]
# name 2 = c0S/m: Conductivity [S/m]
# name 3 = sal00: Salinity, Practical [PSU]
# name 4 = scan: Scan Count
# name 5 = flag: flag
# span 0 =      2.000,     47.000       
# span 1 =     8.0137,    18.7694       
# span 2 =   3.347334,   4.126659       
# span 3 =    30.4920,    32.0381       
# span 4 =        -92,      13378       
# span 5 = 0.0000e+00, 0.0000e+00       
# interval = meters: 1                  
# start_time = Jun 05 2024 04:27:07 [NMEA time, header]
# bad_flag = -9.990e-29
*END*
      2.000    18.7592   4.124845    30.4920        -92 0.0000e+00
      3.000    18.7694   4.126659    30.4991        348 0.0000e+00
      4.000    18.6804   4.118651    30.4984        350 0.0000e+00
      5.000    18.3224   4.087292    30.5030        383 0.0000e+00
      6.000    17.8505   4.046763    30.5153        409 0.0000e+00
      7.000    17.6009   4.028457    30.5478        431 0.0000e+00
      8.000    16.6528   3.961608    30.6960        456 0.0000e+00
      9.000    15.2966   3.868698    30.9342        484 0.0000e+00
     10.000    14.8945   3.841664    31.0102        513 0.0000e+00
     11.000    14.4942   3.817718    31.1132        538 0.0000e+00
     12.000    13.6929   3.748998    31.1305        562 0.0000e+00
     13.000    12.8617   3.675550    31.1252        587 0.0000e+00
     14.000    12.0891   3.614718    31.1873        613 0.0000e+00
     15.000    11.6183   3.586845    31.3134        639 0.0000e+00
     16.000    11.2918   3.568882    31.4148        666 0.0000e+00
     17.000    10.9244   3.540260    31.4472        693 0.0000e+00
     18.000    10.7252   3.524407    31.4611        721 0.0000e+00
     19.000    10.6158   3.516120    31.4726        747 0.0000e+00
     20.000    10.4966   3.507508    31.4894        771 0.0000e+00
     21.000    10.4279   3.503261    31.5060        797 0.0000e+00
     22.000    10.2365   3.488106    31.5199        824 0.0000e+00
     23.000    10.0010   3.469670    31.5390        854 0.0000e+00
     24.000     9.9344   3.465359    31.5532        881 0.0000e+00
     25.000     9.8953   3.462579    31.5589        906 0.0000e+00
     26.000     9.8335   3.458309    31.5692        930 0.0000e+00
     27.000     9.7302   3.450006    31.5751        955 0.0000e+00
     28.000     9.7406   3.453866    31.6048        981 0.0000e+00
     29.000     9.9291   3.476267    31.6659       1008 0.0000e+00
     30.000    10.1665   3.506466    31.7619       1039 0.0000e+00
     31.000     9.8766   3.482699    31.7763       1070 0.0000e+00
     32.000     9.9090   3.490643    31.8278       1095 0.0000e+00
     33.000    10.0538   3.514576    31.9415       1117 0.0000e+00
     34.000     9.5679   3.470381    31.9229       1138 0.0000e+00
     35.000     9.2937   3.447361    31.9310       1163 0.0000e+00
     36.000     8.9273   3.419423    31.9706       1194 0.0000e+00
     37.000     8.6744   3.399873    31.9948       1227 0.0000e+00
     38.000     8.4086   3.379163    32.0184       1256 0.0000e+00
     39.000     8.2642   3.368518    32.0373       1281 0.0000e+00
     40.000     8.2490   3.367222    32.0369       1303 0.0000e+00
     41.000     8.2433   3.366595    32.0351       1326 0.0000e+00
     42.000     8.2411   3.366230    32.0327       1351 0.0000e+00
     43.000     8.2354   3.365652    32.0314       1380 0.0000e+00
     44.000     8.2228   3.364623    32.0315       1409 0.0000e+00
     45.000     8.2046   3.363171    32.0323       1437 0.0000e+00
     46.000     8.1598   3.359674    32.0358       1464 0.0000e+00
     47.000     8.0137   3.347334    32.0381       4099 0.0000e+00
     46.000     8.0891   3.353024    32.0300       5179 0.0000e+00
     45.000     8.1538   3.357641    32.0202       5162 0.0000e+00
     44.000     8.1946   3.360653    32.0153       5209 0.0000e+00
     43.000     8.2191   3.362384    32.0117       5245 0.0000e+00
     42.000     8.2263   3.362808    32.0101       5298 0.0000e+00
     41.000     8.2300   3.363155    32.0109       5356 0.0000e+00
     40.000     8.2352   3.363471    32.0099       5399 0.0000e+00
     39.000     8.2426   3.363987    32.0091       5443 0.0000e+00
     38.000     8.2422   3.363960    32.0096       5498 0.0000e+00
     37.000     8.2524   3.364671    32.0082       5550 0.0000e+00
     36.000     8.3337   3.370834    31.9997       5597 0.0000e+00
     35.000     8.4688   3.380832    31.9825       5638 0.0000e+00
     34.000     8.6048   3.392205    31.9789       5695 0.0000e+00
     33.000     8.9048   3.414535    31.9415       5751 0.0000e+00
     32.000     9.1503   3.433795    31.9209       5784 0.0000e+00
     31.000     9.1522   3.433348    31.9151       5836 0.0000e+00
     30.000     9.2535   3.443413    31.9286       5897 0.0000e+00
     29.000     9.5412   3.468158    31.9262       5935 0.0000e+00
     28.000     9.6064   3.468211    31.8692       5984 0.0000e+00
     27.000    10.2085   3.499671    31.6574       8908 0.0000e+00
     26.000     9.8966   3.470202    31.6344       9272 0.0000e+00
     25.000     9.7272   3.449452    31.5729       9344 0.0000e+00
     24.000     9.7167   3.446618    31.5539       9391 0.0000e+00
     23.000     9.8122   3.454099    31.5465       9427 0.0000e+00
     22.000     9.8792   3.458427    31.5322       9459 0.0000e+00
     21.000     9.9083   3.460424    31.5274       9501 0.0000e+00
     20.000     9.9405   3.462447    31.5202       9542 0.0000e+00
     19.000     9.9897   3.465594    31.5095       9573 0.0000e+00
     18.000    10.2192   3.483755    31.4930       9607 0.0000e+00
     17.000    10.4205   3.498038    31.4619       9651 0.0000e+00
     16.000    10.4949   3.502561    31.4433       9694 0.0000e+00
     15.000    10.6161   3.510909    31.4222       9735 0.0000e+00
     14.000    10.7219   3.518688    31.4089       9779 0.0000e+00
     13.000    10.8850   3.531579    31.3969       9822 0.0000e+00
     12.000    11.3268   3.564548    31.3444       9861 0.0000e+00
     11.000    13.4957   3.727354    31.0904       9998 0.0000e+00
     10.000    13.4510   3.723923    31.0960      12349 0.0000e+00
      9.000    14.2515   3.787830    31.0370      12085 0.0000e+00
      8.000    14.8059   3.830153    30.9779      12113 0.0000e+00
      7.000    15.2165   3.858555    30.9077      12154 0.0000e+00
      6.000    15.7647   3.898932    30.8361      12199 0.0000e+00
      5.000    17.4822   4.019400    30.5612      12235 0.0000e+00
      4.000    17.7093   4.036590    30.5362      12269 0.0000e+00
      3.000    18.0092   4.058730    30.4983      12318 0.0000e+00
      2.000    17.9583   4.058011    30.5306      13378 0.0000e+00
