HB2403/ctd002.cnv
* Sea-Bird SBE 9 Data File:
* FileName = C:\cruise\data\ctd002.hex
* Software Version Seasave V 7.26.7.121
* Temperature SN = 6650
* Conductivity SN = 6035
* Number of Bytes Per Scan = 37
* Number of Voltage Words = 4
* Number of Scans Averaged by the Deck Unit = 1
* NMEA Latitude = 39 02.81 N
* NMEA Longitude = 072 45.75 W
* NMEA UTC (Time) = May 27 2024 12:24:14
* NMEA baud rate = 4800
** Ship: Pisces PC2305
** Program:  Fall ECOMON
** Chief Scientist: Harvey Walsh
# nquan = 6
# nvalues = 480                         
# units = specified
# name 0 = depSM: Depth [salt water, m]
# name 1 = t090C: Temperature [ITS-90, deg C]
# name 2 = c0S/m: Conductivity [S/m]
# name 3 = sal00: Salinity, Practical [PSU]
# name 4 = scan: Scan Count
# name 5 = flag: flag
# span 0 =      2.000,    242.000       
# span 1 =     6.8912,    13.4198       
# span 2 =   3.281783,   4.088097       
# span 3 =    32.3200,    35.3349       
# span 4 =        354,      24380       
# span 5 = 0.0000e+00, 0.0000e+00       
# interval = meters: 1                  
# start_time = May 27 2024 12:24:14 [NMEA time, header]
# bad_flag = -9.990e-29
*END*
      3.000    12.5454   3.789159    32.4726        354 0.0000e+00
      4.000    12.4968   3.786518    32.4890        571 0.0000e+00
      5.000    12.4333   3.783001    32.5099        602 0.0000e+00
      6.000    12.4175   3.782134    32.5149        626 0.0000e+00
      7.000    12.3585   3.778954    32.5351        651 0.0000e+00
      8.000    12.2789   3.774037    32.5567        677 0.0000e+00
      9.000    12.0234   3.757727    32.6220        704 0.0000e+00
     10.000    11.5944   3.731614    32.7450        732 0.0000e+00
     11.000    11.4241   3.718938    32.7713        759 0.0000e+00
     12.000    11.4402   3.724777    32.8139        783 0.0000e+00
     13.000    11.5513   3.740831    32.8721        807 0.0000e+00
     14.000    11.3289   3.726251    32.9266        831 0.0000e+00
     15.000    11.3152   3.729761    32.9729        859 0.0000e+00
     16.000    11.3853   3.742736    33.0374        888 0.0000e+00
     17.000    10.8604   3.689704    32.9838        914 0.0000e+00
     18.000     9.9689   3.595630    32.8429        940 0.0000e+00
     19.000     8.3347   3.429585    32.6247        966 0.0000e+00
     20.000     7.4019   3.336492    32.5010        992 0.0000e+00
     21.000     7.1447   3.310417    32.4601       1019 0.0000e+00
     22.000     6.9879   3.294703    32.4360       1046 0.0000e+00
     23.000     6.9569   3.291679    32.4318       1072 0.0000e+00
     24.000     6.9666   3.293371    32.4406       1099 0.0000e+00
     25.000     6.9344   3.290900    32.4435       1125 0.0000e+00
     26.000     6.9072   3.288836    32.4461       1151 0.0000e+00
     27.000     6.9540   3.296170    32.4817       1179 0.0000e+00
     28.000     7.0206   3.304220    32.5062       1206 0.0000e+00
     29.000     7.0128   3.303450    32.5046       1232 0.0000e+00
     30.000     7.0196   3.304258    32.5065       1257 0.0000e+00
     31.000     7.0553   3.308169    32.5150       1283 0.0000e+00
     32.000     7.1683   3.320015    32.5369       1310 0.0000e+00
     33.000     7.2826   3.332306    32.5620       1336 0.0000e+00
     34.000     7.5511   3.361173    32.6208       1364 0.0000e+00
     35.000     7.9763   3.407804    32.7215       1392 0.0000e+00
     36.000     7.9982   3.410572    32.7300       1421 0.0000e+00
     37.000     8.0502   3.416693    32.7461       1448 0.0000e+00
     38.000     8.0505   3.417454    32.7534       1472 0.0000e+00
     39.000     7.9967   3.413251    32.7585       1494 0.0000e+00
     40.000     7.9586   3.410486    32.7643       1517 0.0000e+00
     41.000     7.9003   3.404925    32.7591       1544 0.0000e+00
     42.000     7.8315   3.398664    32.7563       1575 0.0000e+00
     43.000     7.7212   3.389025    32.7562       1605 0.0000e+00
     44.000     7.7531   3.394633    32.7858       1633 0.0000e+00
     45.000     8.3447   3.464245    32.9703       1660 0.0000e+00
     46.000     8.7933   3.513721    33.0712       1686 0.0000e+00
     47.000     8.5892   3.494667    33.0617       1711 0.0000e+00
     48.000     8.3473   3.470400    33.0321       1735 0.0000e+00
     49.000     8.1121   3.447212    33.0069       1757 0.0000e+00
     50.000     7.9319   3.431553    33.0096       1781 0.0000e+00
     51.000     8.2407   3.468241    33.1082       1810 0.0000e+00
     52.000     8.5859   3.508207    33.2047       1842 0.0000e+00
     53.000     8.8166   3.534388    33.2623       1873 0.0000e+00
     54.000     9.0922   3.567147    33.3449       1899 0.0000e+00
     55.000     9.8343   3.655052    33.5571       1921 0.0000e+00
     56.000    10.6734   3.756904    33.8074       1944 0.0000e+00
     57.000    11.2041   3.819585    33.9421       1970 0.0000e+00
     58.000    11.2329   3.824119    33.9601       1999 0.0000e+00
     59.000    11.2487   3.826711    33.9708       2029 0.0000e+00
     60.000    11.2511   3.827393    33.9749       2056 0.0000e+00
     61.000    11.2552   3.828276    33.9794       2081 0.0000e+00
     62.000    11.2580   3.828936    33.9829       2106 0.0000e+00
     63.000    11.2792   3.831838    33.9916       2130 0.0000e+00
     64.000    11.3165   3.837868    34.0164       2154 0.0000e+00
     65.000    11.3738   3.850001    34.0829       2180 0.0000e+00
     66.000    11.1558   3.829998    34.0861       2213 0.0000e+00
     67.000    10.8540   3.797962    34.0468       2248 0.0000e+00
     68.000    10.5531   3.766781    34.0142       2276 0.0000e+00
     69.000    10.4998   3.761625    34.0115       2297 0.0000e+00
     70.000    10.4909   3.760769    34.0108       2317 0.0000e+00
     71.000    10.4727   3.759272    34.0123       2338 0.0000e+00
     72.000    10.4792   3.760471    34.0178       2362 0.0000e+00
     73.000    10.4913   3.762077    34.0222       2393 0.0000e+00
     74.000    10.5118   3.764977    34.0319       2429 0.0000e+00
     75.000    10.5254   3.767215    34.0413       2459 0.0000e+00
     76.000    10.5567   3.771535    34.0550       2482 0.0000e+00
     77.000    10.5735   3.774114    34.0649       2504 0.0000e+00
     78.000    10.5902   3.776310    34.0709       2527 0.0000e+00
     79.000    10.5980   3.777813    34.0782       2555 0.0000e+00
     80.000    10.6130   3.780112    34.0868       2586 0.0000e+00
     81.000    10.6315   3.782797    34.0961       2615 0.0000e+00
     82.000    10.6525   3.785910    34.1073       2641 0.0000e+00
     83.000    10.6945   3.792227    34.1310       2665 0.0000e+00
     84.000    10.8612   3.813867    34.1914       2688 0.0000e+00
     85.000    11.1032   3.843115    34.2568       2712 0.0000e+00
     86.000    11.2514   3.860962    34.2954       2740 0.0000e+00
     87.000    11.3293   3.870013    34.3121       2770 0.0000e+00
     88.000    11.3437   3.871948    34.3174       2800 0.0000e+00
     89.000    11.3863   3.877259    34.3298       2827 0.0000e+00
     90.000    11.4163   3.880921    34.3377       2852 0.0000e+00
     91.000    11.4140   3.880683    34.3371       2877 0.0000e+00
     92.000    11.4202   3.881772    34.3416       2903 0.0000e+00
     93.000    11.4441   3.885128    34.3521       2930 0.0000e+00
     94.000    11.4613   3.888091    34.3647       2956 0.0000e+00
     95.000    11.4609   3.888649    34.3702       2981 0.0000e+00
     96.000    11.4633   3.889817    34.3791       3006 0.0000e+00
     97.000    11.4616   3.892311    34.4048       3033 0.0000e+00
     98.000    11.4700   3.893961    34.4128       3064 0.0000e+00
     99.000    11.4528   3.892575    34.4147       3095 0.0000e+00
    100.000    11.4116   3.888553    34.4129       3122 0.0000e+00
    101.000    11.3909   3.886955    34.4160       3145 0.0000e+00
    102.000    11.3792   3.886559    34.4225       3168 0.0000e+00
    103.000    11.3927   3.888649    34.4302       3193 0.0000e+00
    104.000    11.3819   3.888605    34.4394       3219 0.0000e+00
    105.000    11.3490   3.886636    34.4502       3246 0.0000e+00
    106.000    11.3381   3.887738    34.4708       3275 0.0000e+00
    107.000    11.3451   3.890055    34.4868       3306 0.0000e+00
    108.000    11.3358   3.889981    34.4942       3333 0.0000e+00
    109.000    11.3434   3.891471    34.5015       3357 0.0000e+00
    110.000    11.3663   3.894977    34.5143       3379 0.0000e+00
    111.000    11.3820   3.897751    34.5265       3403 0.0000e+00
    112.000    11.3754   3.898909    34.5437       3433 0.0000e+00
    113.000    11.3806   3.901438    34.5634       3468 0.0000e+00
    114.000    11.3896   3.903984    34.5798       3498 0.0000e+00
    115.000    11.3990   3.905993    34.5903       3520 0.0000e+00
    116.000    11.4034   3.906795    34.5936       3541 0.0000e+00
    117.000    11.4044   3.907035    34.5947       3563 0.0000e+00
    118.000    11.4060   3.907366    34.5960       3588 0.0000e+00
    119.000    11.4143   3.908818    34.6021       3620 0.0000e+00
    120.000    11.4301   3.912090    34.6192       3653 0.0000e+00
    121.000    11.5040   3.925499    34.6818       3681 0.0000e+00
    122.000    11.5275   3.931228    34.7158       3705 0.0000e+00
    123.000    11.5869   3.944568    34.7910       3729 0.0000e+00
    124.000    11.7424   3.969883    34.8933       3754 0.0000e+00
    125.000    11.7696   3.974813    34.9158       3781 0.0000e+00
    126.000    11.7585   3.975805    34.9355       3811 0.0000e+00
    127.000    11.7799   3.979471    34.9508       3841 0.0000e+00
    128.000    11.7931   3.981721    34.9600       3868 0.0000e+00
    129.000    11.8165   3.985311    34.9728       3892 0.0000e+00
    130.000    11.8514   3.990323    34.9886       3914 0.0000e+00
    131.000    11.9583   4.003748    35.0190       3936 0.0000e+00
    132.000    12.0126   4.011492    35.0431       3962 0.0000e+00
    133.000    11.9599   4.009220    35.0700       3995 0.0000e+00
    134.000    11.9556   4.011631    35.0972       4030 0.0000e+00
    135.000    12.2014   4.045331    35.1936       4058 0.0000e+00
    136.000    12.4256   4.072358    35.2447       4082 0.0000e+00
    137.000    12.4734   4.078597    35.2597       4104 0.0000e+00
    138.000    12.4959   4.081824    35.2693       4128 0.0000e+00
    139.000    12.5171   4.085158    35.2811       4154 0.0000e+00
    140.000    12.5141   4.085038    35.2824       4182 0.0000e+00
    141.000    12.5094   4.084760    35.2837       4210 0.0000e+00
    142.000    12.5021   4.084398    35.2866       4238 0.0000e+00
    143.000    12.4996   4.084439    35.2889       4266 0.0000e+00
    144.000    12.4872   4.083510    35.2911       4294 0.0000e+00
    145.000    12.4653   4.082195    35.2986       4320 0.0000e+00
    146.000    12.4483   4.081992    35.3121       4344 0.0000e+00
    147.000    12.4491   4.082849    35.3192       4368 0.0000e+00
    148.000    12.4544   4.084145    35.3264       4395 0.0000e+00
    149.000    12.4527   4.084522    35.3311       4426 0.0000e+00
    150.000    12.4424   4.083561    35.3312       4456 0.0000e+00
    151.000    12.4088   4.080087    35.3287       4483 0.0000e+00
    152.000    12.3964   4.078619    35.3257       4508 0.0000e+00
    153.000    12.4030   4.079627    35.3289       4531 0.0000e+00
    154.000    12.3738   4.075970    35.3205       4555 0.0000e+00
    155.000    12.3217   4.070703    35.3181       4580 0.0000e+00
    156.000    12.3700   4.077178    35.3349       4609 0.0000e+00
    157.000    12.3102   4.070492    35.3260       4639 0.0000e+00
    158.000    12.2709   4.066328    35.3222       4667 0.0000e+00
    159.000    12.2185   4.060927    35.3187       4693 0.0000e+00
    160.000    12.2191   4.061687    35.3251       4718 0.0000e+00
    161.000    12.2059   4.060570    35.3263       4745 0.0000e+00
    162.000    12.1753   4.057321    35.3232       4772 0.0000e+00
    163.000    12.1308   4.052475    35.3176       4798 0.0000e+00
    164.000    12.0973   4.048961    35.3146       4823 0.0000e+00
    165.000    12.0529   4.043933    35.3070       4850 0.0000e+00
    166.000    11.9358   4.031055    35.2916       4877 0.0000e+00
    167.000    11.8774   4.024771    35.2851       4907 0.0000e+00
    168.000    11.7628   4.011992    35.2679       4935 0.0000e+00
    169.000    11.6101   3.996537    35.2606       4957 0.0000e+00
    170.000    11.5410   3.989245    35.2539       4979 0.0000e+00
    171.000    11.4119   3.975458    35.2402       5004 0.0000e+00
    172.000    11.3791   3.972008    35.2368       5037 0.0000e+00
    173.000    11.3656   3.970653    35.2358       5069 0.0000e+00
    174.000    11.3668   3.970766    35.2354       5094 0.0000e+00
    175.000    11.3639   3.970388    35.2340       5119 0.0000e+00
    176.000    11.3566   3.969675    35.2334       5143 0.0000e+00
    177.000    11.3139   3.965038    35.2277       5169 0.0000e+00
    178.000    11.2392   3.957614    35.2249       5195 0.0000e+00
    179.000    11.1790   3.951353    35.2197       5221 0.0000e+00
    180.000    11.0940   3.942715    35.2146       5248 0.0000e+00
    181.000    11.0658   3.939862    35.2126       5279 0.0000e+00
    182.000    11.0490   3.937876    35.2085       5309 0.0000e+00
    183.000    10.9258   3.925376    35.2012       5333 0.0000e+00
    184.000    10.9035   3.923438    35.2026       5354 0.0000e+00
    185.000    10.8742   3.920263    35.1985       5376 0.0000e+00
    186.000    10.8272   3.915594    35.1964       5402 0.0000e+00
    187.000    10.7775   3.909786    35.1854       5436 0.0000e+00
    188.000    10.6061   3.893341    35.1844       5470 0.0000e+00
    189.000    10.5573   3.888596    35.1831       5496 0.0000e+00
    190.000    10.5314   3.886017    35.1816       5517 0.0000e+00
    191.000    10.4582   3.878711    35.1779       5539 0.0000e+00
    192.000    10.3842   3.871564    35.1766       5563 0.0000e+00
    193.000    10.3458   3.867789    35.1750       5593 0.0000e+00
    194.000    10.3265   3.865791    35.1729       5626 0.0000e+00
    195.000    10.3185   3.865034    35.1725       5653 0.0000e+00
    196.000    10.3172   3.864867    35.1717       5676 0.0000e+00
    197.000    10.2869   3.861801    35.1694       5699 0.0000e+00
    198.000    10.2510   3.858395    35.1690       5723 0.0000e+00
    199.000    10.2393   3.857286    35.1686       5751 0.0000e+00
    200.000    10.2285   3.856117    35.1667       5782 0.0000e+00
    201.000    10.2015   3.853462    35.1654       5811 0.0000e+00
    202.000    10.1840   3.851827    35.1652       5838 0.0000e+00
    203.000    10.1737   3.850834    35.1647       5862 0.0000e+00
    204.000    10.1665   3.850116    35.1639       5884 0.0000e+00
    205.000    10.1537   3.848878    35.1633       5908 0.0000e+00
    206.000    10.1576   3.849230    35.1626       5939 0.0000e+00
    207.000    10.1574   3.849228    35.1622       5974 0.0000e+00
    208.000    10.1173   3.845263    35.1603       6002 0.0000e+00
    209.000    10.1121   3.844938    35.1615       6024 0.0000e+00
    210.000    10.1087   3.844609    35.1610       6045 0.0000e+00
    211.000    10.1004   3.843758    35.1600       6067 0.0000e+00
    212.000    10.0963   3.843371    35.1594       6093 0.0000e+00
    213.000    10.0938   3.843157    35.1593       6125 0.0000e+00
    214.000    10.0954   3.843330    35.1590       6158 0.0000e+00
    215.000    10.0953   3.843331    35.1587       6185 0.0000e+00
    216.000    10.0895   3.842778    35.1582       6209 0.0000e+00
    217.000    10.0917   3.843030    35.1582       6232 0.0000e+00
    218.000    10.0865   3.842545    35.1578       6256 0.0000e+00
    219.000    10.0607   3.840011    35.1565       6283 0.0000e+00
    220.000    10.0580   3.839872    35.1573       6313 0.0000e+00
    221.000    10.0669   3.840722    35.1569       6345 0.0000e+00
    222.000    10.0575   3.839631    35.1543       6374 0.0000e+00
    223.000    10.0131   3.835436    35.1541       6397 0.0000e+00
    224.000     9.9967   3.833912    35.1540       6419 0.0000e+00
    225.000     9.9870   3.832956    35.1532       6440 0.0000e+00
    226.000     9.9883   3.833089    35.1529       6464 0.0000e+00
    227.000     9.9856   3.832823    35.1523       6497 0.0000e+00
    228.000     9.9822   3.832478    35.1516       6531 0.0000e+00
    229.000     9.9761   3.831925    35.1514       6558 0.0000e+00
    230.000     9.9755   3.831913    35.1514       6582 0.0000e+00
    231.000     9.9764   3.832029    35.1512       6606 0.0000e+00
    232.000     9.9783   3.832228    35.1509       6632 0.0000e+00
    233.000     9.9701   3.831473    35.1508       6658 0.0000e+00
    234.000     9.9790   3.832438    35.1516       6684 0.0000e+00
    235.000     9.9763   3.832135    35.1506       6711 0.0000e+00
    236.000     9.9914   3.833753    35.1520       6737 0.0000e+00
    237.000     9.9964   3.834208    35.1513       6764 0.0000e+00
    238.000     9.9956   3.834182    35.1514       6792 0.0000e+00
    239.000     9.9958   3.834220    35.1511       6818 0.0000e+00
    240.000     9.9988   3.834606    35.1517       6844 0.0000e+00
