HB2403/ctd003.cnv
* Sea-Bird SBE 9 Data File:
* FileName = C:\cruise\data\ctd003.hex
* Software Version Seasave V 7.26.7.121
* Temperature SN = 6650
* Conductivity SN = 6035
* Number of Bytes Per Scan = 37
* Number of Voltage Words = 4
* Number of Scans Averaged by the Deck Unit = 1
* NMEA Latitude = 39 00.76 N
* NMEA Longitude = 072 35.35 W
* NMEA UTC (Time) = May 27 2024 14:29:33
* NMEA baud rate = 4800
** Ship: Pisces PC2305
** Program:  Fall ECOMON
** Chief Scientist: Harvey Walsh
# nquan = 6
# nvalues = 999                         
# units = specified
# name 0 = depSM: Depth [salt water, m]
# name 1 = t090C: Temperature [ITS-90, deg C]
# name 2 = c0S/m: Conductivity [S/m]
# name 3 = sal00: Salinity, Practical [PSU]
# name 4 = scan: Scan Count
# name 5 = flag: flag
# span 0 =      2.000,    501.000       
# span 1 =     5.8466,    17.7151       
# span 2 =   3.441698,   4.396733       
# span 3 =    33.5881,    35.4641       
# span 4 =       -247,      37476       
# span 5 = 0.0000e+00, 0.0000e+00       
# interval = meters: 1                  
# start_time = May 27 2024 14:29:33 [NMEA time, header]
# bad_flag = -9.990e-29
*END*
      2.000    16.8976   4.322881    33.6317       -247 0.0000e+00
      3.000    17.2885   4.358561    33.6141        434 0.0000e+00
      4.000    16.7561   4.311493    33.6503        428 0.0000e+00
      5.000    16.5323   4.296411    33.7063        449 0.0000e+00
      6.000    15.9104   4.241016    33.7442        476 0.0000e+00
      7.000    15.4878   4.212271    33.8489        504 0.0000e+00
      8.000    15.4579   4.214681    33.8959        531 0.0000e+00
      9.000    15.4421   4.214119    33.9042        556 0.0000e+00
     10.000    15.4642   4.219752    33.9353        580 0.0000e+00
     11.000    15.4805   4.224086    33.9598        606 0.0000e+00
     12.000    15.4117   4.220040    33.9825        633 0.0000e+00
     13.000    15.4159   4.222846    34.0037        662 0.0000e+00
     14.000    15.5067   4.234825    34.0324        688 0.0000e+00
     15.000    15.3651   4.219489    34.0166        713 0.0000e+00
     16.000    14.9519   4.177723    33.9974        738 0.0000e+00
     17.000    14.5957   4.142706    33.9886        766 0.0000e+00
     18.000    14.6307   4.156927    34.0878        795 0.0000e+00
     19.000    14.4898   4.147483    34.1247        822 0.0000e+00
     20.000    14.3955   4.138873    34.1282        848 0.0000e+00
     21.000    14.4797   4.153408    34.1873        873 0.0000e+00
     22.000    14.3618   4.143972    34.2042        899 0.0000e+00
     23.000    14.2331   4.131436    34.2020        926 0.0000e+00
     24.000    14.1955   4.128441    34.2073        952 0.0000e+00
     25.000    14.1214   4.121501    34.2083        979 0.0000e+00
     26.000    14.0898   4.118011    34.2036       1006 0.0000e+00
     27.000    13.7881   4.084170    34.1567       1035 0.0000e+00
     28.000    13.1246   4.017685    34.1250       1061 0.0000e+00
     29.000    12.9843   4.012374    34.2006       1086 0.0000e+00
     30.000    13.1967   4.043805    34.3064       1111 0.0000e+00
     31.000    13.3663   4.073748    34.4360       1138 0.0000e+00
     32.000    13.2113   4.060450    34.4503       1169 0.0000e+00
     33.000    13.1682   4.060703    34.4913       1196 0.0000e+00
     34.000    13.1589   4.061537    34.5073       1220 0.0000e+00
     35.000    13.1025   4.056562    34.5110       1243 0.0000e+00
     36.000    13.0298   4.049143    34.5062       1267 0.0000e+00
     37.000    12.9706   4.043187    34.5031       1294 0.0000e+00
     38.000    12.9182   4.038506    34.5058       1322 0.0000e+00
     39.000    12.8619   4.032979    34.5041       1353 0.0000e+00
     40.000    12.8361   4.030904    34.5074       1383 0.0000e+00
     41.000    12.8394   4.033004    34.5240       1409 0.0000e+00
     42.000    12.8238   4.032566    34.5337       1432 0.0000e+00
     43.000    12.6859   4.020284    34.5419       1455 0.0000e+00
     44.000    12.4705   3.997618    34.5213       1480 0.0000e+00
     45.000    12.4328   3.993652    34.5173       1508 0.0000e+00
     46.000    12.4259   3.992801    34.5151       1535 0.0000e+00
     47.000    12.4327   3.993493    34.5150       1562 0.0000e+00
     48.000    12.4341   3.993612    34.5144       1589 0.0000e+00
     49.000    12.4317   3.993361    34.5138       1617 0.0000e+00
     50.000    12.4224   3.992533    34.5139       1644 0.0000e+00
     51.000    12.4112   3.991454    34.5134       1669 0.0000e+00
     52.000    12.3967   3.990376    34.5159       1694 0.0000e+00
     53.000    12.4006   3.991477    34.5225       1721 0.0000e+00
     54.000    12.3789   3.990452    34.5322       1749 0.0000e+00
     55.000    12.3646   3.989980    34.5403       1775 0.0000e+00
     56.000    12.3543   3.989328    34.5431       1801 0.0000e+00
     57.000    12.3462   3.988479    34.5419       1826 0.0000e+00
     58.000    12.3360   3.987379    34.5402       1852 0.0000e+00
     59.000    12.2962   3.984365    34.5473       1881 0.0000e+00
     60.000    12.2263   3.978135    34.5512       1911 0.0000e+00
     61.000    12.0941   3.963255    34.5284       1939 0.0000e+00
     62.000    11.7743   3.929108    34.4912       1964 0.0000e+00
     63.000    11.7723   3.930820    34.5093       1987 0.0000e+00
     64.000    11.6503   3.917412    34.4908       2011 0.0000e+00
     65.000    11.5842   3.910428    34.4833       2038 0.0000e+00
     66.000    11.4634   3.897364    34.4666       2067 0.0000e+00
     67.000    11.3178   3.882684    34.4571       2097 0.0000e+00
     68.000    11.3215   3.884674    34.4729       2123 0.0000e+00
     69.000    11.3453   3.888473    34.4878       2148 0.0000e+00
     70.000    11.3367   3.888310    34.4937       2172 0.0000e+00
     71.000    11.3759   3.895291    34.5256       2198 0.0000e+00
     72.000    11.3884   3.898089    34.5412       2227 0.0000e+00
     73.000    11.2532   3.885064    34.5385       2258 0.0000e+00
     74.000    11.1843   3.877844    34.5309       2287 0.0000e+00
     75.000    10.9778   3.855538    34.5023       2312 0.0000e+00
     76.000    10.8308   3.841339    34.4985       2334 0.0000e+00
     77.000    10.7761   3.837101    34.5071       2356 0.0000e+00
     78.000    10.6234   3.821018    34.4893       2381 0.0000e+00
     79.000    10.5171   3.809637    34.4748       2411 0.0000e+00
     80.000    10.5411   3.812657    34.4820       2444 0.0000e+00
     81.000    10.8169   3.847096    34.5669       2474 0.0000e+00
     82.000    10.9408   3.862050    34.5992       2498 0.0000e+00
     83.000    10.9601   3.865229    34.6122       2521 0.0000e+00
     84.000    10.9393   3.863361    34.6128       2544 0.0000e+00
     85.000    10.8685   3.856938    34.6149       2567 0.0000e+00
     86.000    10.9731   3.869923    34.6455       2596 0.0000e+00
     87.000    11.0550   3.881345    34.6816       2628 0.0000e+00
     88.000    11.2227   3.903746    34.7458       2659 0.0000e+00
     89.000    11.1160   3.893200    34.7412       2684 0.0000e+00
     90.000    11.1383   3.898474    34.7722       2708 0.0000e+00
     91.000    11.0470   3.888433    34.7581       2732 0.0000e+00
     92.000    10.9013   3.872575    34.7372       2757 0.0000e+00
     93.000    10.8168   3.863314    34.7241       2783 0.0000e+00
     94.000    10.7533   3.856739    34.7181       2809 0.0000e+00
     95.000    10.7567   3.857154    34.7185       2837 0.0000e+00
     96.000    10.7803   3.859954    34.7238       2866 0.0000e+00
     97.000    10.8858   3.873132    34.7552       2895 0.0000e+00
     98.000    11.0553   3.893322    34.7958       2922 0.0000e+00
     99.000    11.0472   3.893521    34.8050       2946 0.0000e+00
    100.000    11.0636   3.895781    34.8116       2971 0.0000e+00
    101.000    10.9868   3.887011    34.7964       2996 0.0000e+00
    102.000    10.9047   3.878555    34.7893       3023 0.0000e+00
    103.000    10.9774   3.887249    34.8068       3050 0.0000e+00
    104.000    10.9833   3.888071    34.8090       3077 0.0000e+00
    105.000    11.0163   3.892270    34.8191       3102 0.0000e+00
    106.000    11.0813   3.901113    34.8453       3128 0.0000e+00
    107.000    11.1188   3.906001    34.8580       3156 0.0000e+00
    108.000    11.1771   3.913486    34.8767       3184 0.0000e+00
    109.000    11.2396   3.921406    34.8958       3211 0.0000e+00
    110.000    11.2904   3.927641    34.9092       3237 0.0000e+00
    111.000    11.2879   3.927536    34.9100       3264 0.0000e+00
    112.000    11.2915   3.928197    34.9127       3291 0.0000e+00
    113.000    11.3077   3.930488    34.9197       3317 0.0000e+00
    114.000    11.2929   3.929082    34.9192       3343 0.0000e+00
    115.000    11.2413   3.922990    34.9072       3369 0.0000e+00
    116.000    11.1961   3.917919    34.8992       3396 0.0000e+00
    117.000    11.1731   3.915224    34.8938       3422 0.0000e+00
    118.000    11.1796   3.916845    34.9033       3448 0.0000e+00
    119.000    11.3499   3.939632    34.9676       3475 0.0000e+00
    120.000    11.4859   3.957767    35.0177       3502 0.0000e+00
    121.000    11.6996   3.986621    35.0994       3530 0.0000e+00
    122.000    11.7371   3.991797    35.1144       3558 0.0000e+00
    123.000    11.7801   3.998346    35.1376       3586 0.0000e+00
    124.000    11.7817   4.000016    35.1520       3611 0.0000e+00
    125.000    11.8069   4.004643    35.1732       3634 0.0000e+00
    126.000    11.8739   4.014774    35.2086       3660 0.0000e+00
    127.000    11.9308   4.023751    35.2422       3687 0.0000e+00
    128.000    11.9738   4.031031    35.2723       3716 0.0000e+00
    129.000    12.0076   4.036715    35.2954       3743 0.0000e+00
    130.000    12.0727   4.045186    35.3161       3771 0.0000e+00
    131.000    12.1102   4.050697    35.3338       3799 0.0000e+00
    132.000    12.1359   4.054781    35.3489       3826 0.0000e+00
    133.000    12.1518   4.057297    35.3580       3851 0.0000e+00
    134.000    12.1644   4.059060    35.3627       3875 0.0000e+00
    135.000    12.1669   4.059474    35.3640       3899 0.0000e+00
    136.000    12.1678   4.059686    35.3647       3925 0.0000e+00
    137.000    12.1681   4.059806    35.3652       3955 0.0000e+00
    138.000    12.1687   4.059972    35.3658       3984 0.0000e+00
    139.000    12.1704   4.060246    35.3664       4010 0.0000e+00
    140.000    12.1847   4.062083    35.3703       4035 0.0000e+00
    141.000    12.1861   4.062299    35.3707       4061 0.0000e+00
    142.000    12.1952   4.063526    35.3735       4090 0.0000e+00
    143.000    12.2082   4.065240    35.3775       4119 0.0000e+00
    144.000    12.2186   4.066560    35.3800       4145 0.0000e+00
    145.000    12.2385   4.069240    35.3868       4170 0.0000e+00
    146.000    12.2725   4.073306    35.3938       4194 0.0000e+00
    147.000    12.2672   4.073223    35.3975       4220 0.0000e+00
    148.000    12.2293   4.070615    35.4076       4249 0.0000e+00
    149.000    12.3016   4.080785    35.4375       4279 0.0000e+00
    150.000    12.3176   4.083028    35.4437       4306 0.0000e+00
    151.000    12.2906   4.080389    35.4432       4329 0.0000e+00
    152.000    12.2821   4.079807    35.4451       4352 0.0000e+00
    153.000    12.2686   4.079362    35.4532       4378 0.0000e+00
    154.000    12.2255   4.076326    35.4641       4407 0.0000e+00
    155.000    12.1252   4.064779    35.4463       4438 0.0000e+00
    156.000    11.9531   4.045141    35.4174       4466 0.0000e+00
    157.000    11.8878   4.037930    35.4085       4490 0.0000e+00
    158.000    11.9179   4.041603    35.4154       4514 0.0000e+00
    159.000    11.8385   4.032341    35.3997       4539 0.0000e+00
    160.000    11.8119   4.029431    35.3961       4568 0.0000e+00
    161.000    11.8069   4.028787    35.3941       4598 0.0000e+00
    162.000    11.7483   4.021859    35.3813       4626 0.0000e+00
    163.000    11.6921   4.015859    35.3754       4652 0.0000e+00
    164.000    11.6902   4.015686    35.3750       4676 0.0000e+00
    165.000    11.6868   4.015352    35.3746       4700 0.0000e+00
    166.000    11.6844   4.015187    35.3748       4724 0.0000e+00
    167.000    11.6696   4.013667    35.3735       4750 0.0000e+00
    168.000    11.6326   4.009854    35.3708       4781 0.0000e+00
    169.000    11.6208   4.008659    35.3698       4813 0.0000e+00
    170.000    11.5988   4.006396    35.3681       4842 0.0000e+00
    171.000    11.5401   4.000296    35.3634       4867 0.0000e+00
    172.000    11.3564   3.980570    35.3434       4889 0.0000e+00
    173.000    11.1909   3.963745    35.3344       4911 0.0000e+00
    174.000    11.1783   3.962229    35.3309       4937 0.0000e+00
    175.000    11.1574   3.959845    35.3268       4966 0.0000e+00
    176.000    11.1303   3.956914    35.3231       4995 0.0000e+00
    177.000    11.1218   3.955939    35.3211       5024 0.0000e+00
    178.000    11.0793   3.951191    35.3141       5051 0.0000e+00
    179.000    11.0471   3.947704    35.3098       5076 0.0000e+00
    180.000    10.9806   3.940477    35.3010       5099 0.0000e+00
    181.000    10.9703   3.939239    35.2981       5125 0.0000e+00
    182.000    10.9385   3.935694    35.2927       5154 0.0000e+00
    183.000    10.9377   3.935503    35.2910       5182 0.0000e+00
    184.000    10.9198   3.933503    35.2879       5208 0.0000e+00
    185.000    10.8909   3.930151    35.2816       5233 0.0000e+00
    186.000    10.8350   3.923922    35.2725       5259 0.0000e+00
    187.000    10.8153   3.921746    35.2691       5286 0.0000e+00
    188.000    10.7672   3.916488    35.2623       5313 0.0000e+00
    189.000    10.7546   3.915362    35.2626       5339 0.0000e+00
    190.000    10.7463   3.914569    35.2622       5365 0.0000e+00
    191.000    10.7470   3.914725    35.2626       5393 0.0000e+00
    192.000    10.7446   3.914672    35.2639       5422 0.0000e+00
    193.000    10.7337   3.913881    35.2660       5449 0.0000e+00
    194.000    10.6951   3.909671    35.2604       5473 0.0000e+00
    195.000    10.6765   3.907978    35.2609       5496 0.0000e+00
    196.000    10.7032   3.911240    35.2674       5521 0.0000e+00
    197.000    10.7090   3.912119    35.2702       5550 0.0000e+00
    198.000    10.7557   3.917646    35.2804       5582 0.0000e+00
    199.000    10.7598   3.918214    35.2817       5609 0.0000e+00
    200.000    10.7732   3.919946    35.2857       5634 0.0000e+00
    201.000    10.7812   3.920917    35.2873       5658 0.0000e+00
    202.000    10.7794   3.920760    35.2870       5683 0.0000e+00
    203.000    10.7609   3.918741    35.2841       5710 0.0000e+00
    204.000    10.7483   3.917370    35.2820       5737 0.0000e+00
    205.000    10.7210   3.914352    35.2775       5764 0.0000e+00
    206.000    10.7022   3.912243    35.2740       5791 0.0000e+00
    207.000    10.6387   3.905087    35.2627       5817 0.0000e+00
    208.000    10.6060   3.901575    35.2584       5843 0.0000e+00
    209.000    10.5710   3.897691    35.2526       5870 0.0000e+00
    210.000    10.5278   3.892854    35.2450       5899 0.0000e+00
    211.000    10.4497   3.884311    35.2336       5926 0.0000e+00
    212.000    10.4249   3.881397    35.2277       5953 0.0000e+00
    213.000    10.3673   3.874881    35.2169       5978 0.0000e+00
    214.000    10.3069   3.868548    35.2106       6003 0.0000e+00
    215.000    10.2644   3.863798    35.2032       6028 0.0000e+00
    216.000    10.2319   3.860231    35.1979       6053 0.0000e+00
    217.000    10.1935   3.855998    35.1916       6080 0.0000e+00
    218.000    10.1379   3.850693    35.1910       6109 0.0000e+00
    219.000    10.1170   3.848695    35.1905       6138 0.0000e+00
    220.000    10.1155   3.848683    35.1913       6165 0.0000e+00
    221.000    10.1143   3.848551    35.1907       6191 0.0000e+00
    222.000    10.1156   3.848826    35.1918       6218 0.0000e+00
    223.000    10.1345   3.851200    35.1972       6245 0.0000e+00
    224.000    10.1450   3.852488    35.1996       6270 0.0000e+00
    225.000    10.1464   3.852821    35.2012       6294 0.0000e+00
    226.000    10.1416   3.852495    35.2021       6319 0.0000e+00
    227.000    10.1398   3.852448    35.2029       6345 0.0000e+00
    228.000    10.1402   3.852573    35.2034       6374 0.0000e+00
    229.000    10.1390   3.852482    35.2031       6404 0.0000e+00
    230.000    10.1895   3.859271    35.2228       6432 0.0000e+00
    231.000    10.3300   3.876335    35.2595       6456 0.0000e+00
    232.000    10.3434   3.878022    35.2632       6480 0.0000e+00
    233.000    10.3488   3.878785    35.2652       6505 0.0000e+00
    234.000    10.3493   3.878902    35.2655       6533 0.0000e+00
    235.000    10.3510   3.879194    35.2663       6562 0.0000e+00
    236.000    10.3524   3.879407    35.2666       6591 0.0000e+00
    237.000    10.3487   3.879024    35.2659       6618 0.0000e+00
    238.000    10.3510   3.879400    35.2670       6644 0.0000e+00
    239.000    10.3617   3.880821    35.2707       6668 0.0000e+00
