HB2403/ctd007.cnv
* Sea-Bird SBE 9 Data File:
* FileName = C:\cruise\data\ctd007.hex
* Software Version Seasave V 7.26.7.121
* Temperature SN = 6650
* Conductivity SN = 6035
* Number of Bytes Per Scan = 37
* Number of Voltage Words = 4
* Number of Scans Averaged by the Deck Unit = 1
* NMEA Latitude = 37 42.44 N
* NMEA Longitude = 074 15.32 W
* NMEA UTC (Time) = Jun 05 2024 06:49:14
* NMEA baud rate = 4800
** Ship: Pisces PC2305
** Program:  Fall ECOMON
** Chief Scientist: Harvey Walsh
# nquan = 6
# nvalues = 201                         
# units = specified
# name 0 = depSM: Depth [salt water, m]
# name 1 = t090C: Temperature [ITS-90, deg C]
# name 2 = c0S/m: Conductivity [S/m]
# name 3 = sal00: Salinity, Practical [PSU]
# name 4 = scan: Scan Count
# name 5 = flag: flag
# span 0 =      2.000,    102.000       
# span 1 =     7.7591,    17.4449       
# span 2 =   3.367578,   4.193613       
# span 3 =    32.0453,    34.2982       
# span 4 =        140,      15612       
# span 5 = 0.0000e+00, 0.0000e+00       
# interval = meters: 1                  
# start_time = Jun 05 2024 06:49:14 [NMEA time, header]
# bad_flag = -9.990e-29
*END*
      2.000    17.3986   4.188053    32.0615        140 0.0000e+00
      3.000    17.3440   4.183515    32.0655        379 0.0000e+00
      4.000    17.1711   4.167534    32.0652        393 0.0000e+00
      5.000    16.7006   4.123021    32.0555        416 0.0000e+00
      6.000    15.5499   4.021982    32.0965        439 0.0000e+00
      7.000    15.2092   3.995096    32.1343        464 0.0000e+00
      8.000    15.0825   3.984658    32.1442        492 0.0000e+00
      9.000    14.8945   3.967097    32.1403        521 0.0000e+00
     10.000    13.3874   3.835760    32.1889        549 0.0000e+00
     11.000    10.9386   3.633796    32.3618        574 0.0000e+00
     12.000    10.5145   3.593867    32.3393        597 0.0000e+00
     13.000    10.4113   3.583415    32.3260        622 0.0000e+00
     14.000     9.7528   3.522976    32.3026        647 0.0000e+00
     15.000     9.2404   3.482225    32.3469        676 0.0000e+00
     16.000     9.2598   3.488624    32.3949        705 0.0000e+00
     17.000     9.4082   3.506093    32.4398        732 0.0000e+00
     18.000     9.5602   3.527208    32.5181        757 0.0000e+00
     19.000     9.5908   3.531258    32.5314        780 0.0000e+00
     20.000     9.5161   3.525926    32.5442        804 0.0000e+00
     21.000     9.5145   3.527355    32.5598        830 0.0000e+00
     22.000     9.4940   3.526270    32.5668        860 0.0000e+00
     23.000     9.4680   3.525134    32.5784        891 0.0000e+00
     24.000     9.4737   3.528372    32.6060        919 0.0000e+00
     25.000     9.4737   3.529234    32.6144        943 0.0000e+00
     26.000     9.4713   3.529384    32.6177        965 0.0000e+00
     27.000     9.4648   3.529799    32.6274        988 0.0000e+00
     28.000     9.4532   3.530993    32.6498       1016 0.0000e+00
     29.000     9.1268   3.498390    32.6109       1050 0.0000e+00
     30.000     8.7121   3.458706    32.5784       1078 0.0000e+00
     31.000     8.5321   3.441428    32.5627       1103 0.0000e+00
     32.000     8.5327   3.442287    32.5707       1126 0.0000e+00
     33.000     8.4035   3.430037    32.5607       1151 0.0000e+00
     34.000     8.3508   3.426406    32.5707       1177 0.0000e+00
     35.000     8.4318   3.435231    32.5884       1205 0.0000e+00
     36.000     8.2064   3.411213    32.5428       1234 0.0000e+00
     37.000     7.8820   3.380050    32.5126       1262 0.0000e+00
     38.000     7.7707   3.369192    32.4998       1288 0.0000e+00
     39.000     7.7743   3.370229    32.5070       1313 0.0000e+00
     40.000     7.7625   3.369816    32.5131       1339 0.0000e+00
     41.000     7.7926   3.373209    32.5209       1366 0.0000e+00
     42.000     7.8672   3.381578    32.5403       1392 0.0000e+00
     43.000     7.8988   3.386062    32.5582       1418 0.0000e+00
     44.000     7.9342   3.390154    32.5684       1445 0.0000e+00
     45.000     7.9600   3.393108    32.5755       1476 0.0000e+00
     46.000     7.9676   3.394031    32.5777       1503 0.0000e+00
     47.000     7.9811   3.395525    32.5806       1526 0.0000e+00
     48.000     7.9905   3.396684    32.5838       1547 0.0000e+00
     49.000     7.9998   3.397755    32.5860       1572 0.0000e+00
     50.000     8.0190   3.399878    32.5902       1605 0.0000e+00
     51.000     8.0259   3.400590    32.5910       1639 0.0000e+00
     52.000     8.0311   3.401152    32.5916       1665 0.0000e+00
     53.000     8.0628   3.404667    32.5990       1687 0.0000e+00
     54.000     8.0772   3.406296    32.6025       1708 0.0000e+00
     55.000     8.0900   3.408627    32.6148       1732 0.0000e+00
     56.000     8.1494   3.416492    32.6426       1761 0.0000e+00
     57.000     8.1633   3.419993    32.6663       1793 0.0000e+00
     58.000     8.1026   3.415948    32.6795       1823 0.0000e+00
     59.000     8.1364   3.421144    32.7027       1849 0.0000e+00
     60.000     8.1435   3.422250    32.7073       1874 0.0000e+00
     61.000     8.1547   3.425404    32.7299       1897 0.0000e+00
     62.000     8.1529   3.426188    32.7394       1920 0.0000e+00
     63.000     8.1576   3.427215    32.7454       1947 0.0000e+00
     64.000     8.1285   3.425135    32.7500       1979 0.0000e+00
     65.000     8.1217   3.425424    32.7590       2009 0.0000e+00
     66.000     8.1337   3.427502    32.7694       2034 0.0000e+00
     67.000     8.2267   3.439414    32.8083       2057 0.0000e+00
     68.000     8.8025   3.506620    32.9778       2083 0.0000e+00
     69.000     9.5117   3.585778    33.1401       2114 0.0000e+00
     70.000     9.8801   3.627276    33.2249       2142 0.0000e+00
     71.000     9.9942   3.642343    33.2724       2166 0.0000e+00
     72.000    10.8752   3.744835    33.4950       2189 0.0000e+00
     73.000    11.1257   3.772779    33.5435       2213 0.0000e+00
     74.000    11.1548   3.777030    33.5587       2242 0.0000e+00
     75.000    11.2439   3.788004    33.5856       2278 0.0000e+00
     76.000    11.2614   3.790473    33.5935       2308 0.0000e+00
     77.000    11.2659   3.791183    33.5960       2329 0.0000e+00
     78.000    11.2720   3.793617    33.6141       2350 0.0000e+00
     79.000    11.3524   3.805198    33.6546       2373 0.0000e+00
     80.000    11.2742   3.799138    33.6657       2402 0.0000e+00
     81.000    11.2074   3.792961    33.6652       2434 0.0000e+00
     82.000    10.9290   3.765046    33.6427       2464 0.0000e+00
     83.000    10.8379   3.756010    33.6359       2491 0.0000e+00
     84.000    10.8469   3.756728    33.6343       2515 0.0000e+00
     85.000    10.7445   3.745579    33.6166       2540 0.0000e+00
     86.000    10.7106   3.742523    33.6169       2564 0.0000e+00
     87.000    10.6844   3.739794    33.6133       2591 0.0000e+00
     88.000    10.7883   3.751350    33.6328       2622 0.0000e+00
     89.000    10.6550   3.735463    33.5959       2654 0.0000e+00
     90.000    10.4874   3.719098    33.5857       2679 0.0000e+00
     91.000    10.5054   3.720951    33.5873       2700 0.0000e+00
     92.000    10.4998   3.720173    33.5842       2723 0.0000e+00
     93.000    10.4551   3.715053    33.5735       2754 0.0000e+00
     94.000     9.9962   3.673256    33.5749       2786 0.0000e+00
     95.000     9.7578   3.657578    33.6365       2814 0.0000e+00
     96.000     9.7674   3.663796    33.6907       2839 0.0000e+00
     97.000    10.0618   3.698572    33.7691       2862 0.0000e+00
     98.000    10.6722   3.772289    33.9441       2887 0.0000e+00
     99.000    11.3337   3.854224    34.1458       2915 0.0000e+00
    100.000    11.7550   3.904531    34.2518       2946 0.0000e+00
    101.000    11.5061   3.882218    34.2623       3022 0.0000e+00
    102.000    11.6175   3.896396    34.2982       5240 0.0000e+00
    101.000    12.0220   3.928923    34.2438       6946 0.0000e+00
    100.000    10.7971   3.783225    33.9369       6151 0.0000e+00
     99.000     9.8743   3.670023    33.6535       6192 0.0000e+00
     98.000     9.7835   3.651254    33.5465       6223 0.0000e+00
     97.000     9.7567   3.646305    33.5213       6247 0.0000e+00
     96.000     9.6923   3.638091    33.4976       6270 0.0000e+00
     95.000     9.5304   3.619482    33.4579       6293 0.0000e+00
     94.000     9.6343   3.630215    33.4718       6320 0.0000e+00
     93.000     9.7263   3.639164    33.4783       6348 0.0000e+00
     92.000     9.7127   3.635969    33.4586       6374 0.0000e+00
     91.000     9.4616   3.611674    33.4435       6397 0.0000e+00
     90.000     9.6159   3.629680    33.4849       6422 0.0000e+00
     89.000     9.8831   3.654901    33.4951       6448 0.0000e+00
     88.000    10.2728   3.698471    33.5767       6474 0.0000e+00
     87.000    10.5852   3.729062    33.5969       6500 0.0000e+00
     86.000    10.6275   3.733065    33.5986       6530 0.0000e+00
     85.000    10.6501   3.735676    33.6045       6560 0.0000e+00
     84.000    10.6535   3.735973    33.6047       6586 0.0000e+00
     83.000    10.6359   3.734294    33.6046       6609 0.0000e+00
     82.000    10.7144   3.743870    33.6286       6630 0.0000e+00
     81.000    10.8526   3.758462    33.6477       6652 0.0000e+00
     80.000    11.0516   3.779715    33.6770       6677 0.0000e+00
     79.000    11.1173   3.785197    33.6716       6709 0.0000e+00
     78.000    11.3552   3.811351    33.7130       6740 0.0000e+00
     77.000    11.4379   3.815508    33.6791       6767 0.0000e+00
     76.000    11.3953   3.808742    33.6517       6791 0.0000e+00
     75.000    11.4033   3.809088    33.6482       6814 0.0000e+00
     74.000    11.3412   3.800812    33.6237       6838 0.0000e+00
     73.000    11.2349   3.788156    33.5961       6865 0.0000e+00
     72.000    11.1326   3.776119    33.5708       6893 0.0000e+00
     71.000    10.7680   3.730498    33.4502       6919 0.0000e+00
     70.000    10.1447   3.658868    33.3018       6946 0.0000e+00
     69.000     9.7469   3.614245    33.2151       6973 0.0000e+00
     68.000     9.2711   3.557050    33.0673       6999 0.0000e+00
     67.000     8.5455   3.474842    32.8845       7022 0.0000e+00
     66.000     8.1901   3.436507    32.8121       7047 0.0000e+00
     65.000     8.1634   3.432275    32.7928       7075 0.0000e+00
     64.000     8.1625   3.430394    32.7741       7103 0.0000e+00
     63.000     8.1803   3.430903    32.7634       7129 0.0000e+00
     62.000     8.1881   3.430804    32.7555       7155 0.0000e+00
     61.000     8.1686   3.427422    32.7383       7181 0.0000e+00
     60.000     8.1627   3.424621    32.7146       7206 0.0000e+00
     59.000     8.0924   3.416489    32.6943       7231 0.0000e+00
     58.000     8.1216   3.419162    32.6959       7256 0.0000e+00
     57.000     8.1941   3.423597    32.6758       7284 0.0000e+00
     56.000     8.1928   3.422422    32.6651       7312 0.0000e+00
     55.000     8.1612   3.417366    32.6413       7337 0.0000e+00
     54.000     8.1075   3.410839    32.6226       7361 0.0000e+00
     53.000     8.0553   3.403303    32.5915       8446 0.0000e+00
     52.000     8.0315   3.400528    32.5846       9447 0.0000e+00
     51.000     8.0213   3.399361    32.5821       9417 0.0000e+00
     50.000     8.0035   3.397402    32.5783       9443 0.0000e+00
     49.000     7.9947   3.396434    32.5767       9470 0.0000e+00
     48.000     7.9884   3.395602    32.5742       9504 0.0000e+00
     47.000     7.9828   3.394860    32.5719       9542 0.0000e+00
     46.000     7.9837   3.394850    32.5715       9573 0.0000e+00
     45.000     7.9476   3.390317    32.5573       9601 0.0000e+00
     44.000     7.8854   3.383054    32.5381       9628 0.0000e+00
     43.000     7.8417   3.378111    32.5266       9659 0.0000e+00
     42.000     7.8429   3.377388    32.5182       9697 0.0000e+00
     41.000     7.8110   3.373463    32.5065       9729 0.0000e+00
     40.000     7.7591   3.367578    32.4923       9758 0.0000e+00
     39.000     7.7834   3.369329    32.4889       9787 0.0000e+00
     38.000     7.9100   3.380814    32.4942       9816 0.0000e+00
     37.000     8.0170   3.391914    32.5134       9848 0.0000e+00
     36.000     8.2250   3.412249    32.5367       9882 0.0000e+00
     35.000     8.2646   3.415059    32.5302       9918 0.0000e+00
     34.000     8.3341   3.421577    32.5352       9949 0.0000e+00
     33.000     8.4946   3.435551    32.5347       9977 0.0000e+00
     32.000     8.5822   3.443891    32.5419      10004 0.0000e+00
     31.000     8.7552   3.460692    32.5590      10031 0.0000e+00
     30.000     8.6478   3.450742    32.5541      10064 0.0000e+00
     29.000     8.9235   3.478100    32.5866      10109 0.0000e+00
     28.000     8.9588   3.480873    32.5837      10140 0.0000e+00
     27.000     9.4260   3.522022    32.5828      10998 0.0000e+00
     26.000     9.4541   3.524613    32.5843      11927 0.0000e+00
     25.000     9.4624   3.523970    32.5706      11937 0.0000e+00
     24.000     9.4652   3.522153    32.5498      11962 0.0000e+00
     23.000     9.5089   3.524822    32.5380      11987 0.0000e+00
     22.000     9.5174   3.523675    32.5189      12014 0.0000e+00
     21.000     9.5295   3.523719    32.5090      12045 0.0000e+00
     20.000     9.5657   3.526840    32.5085      12073 0.0000e+00
     19.000     9.5614   3.524780    32.4918      12095 0.0000e+00
     18.000     9.4914   3.511915    32.4237      12116 0.0000e+00
     17.000     9.3660   3.495553    32.3696      12139 0.0000e+00
     16.000     9.2973   3.488038    32.3548      12169 0.0000e+00
     15.000     9.3081   3.490282    32.3687      12205 0.0000e+00
     14.000     9.6297   3.516726    32.3498      12231 0.0000e+00
     13.000    10.4337   3.578942    32.2613      12252 0.0000e+00
     12.000    10.6286   3.595356    32.2532      12272 0.0000e+00
     11.000    10.7849   3.609219    32.2536      12295 0.0000e+00
     10.000    15.7546   4.037999    32.0860      13682 0.0000e+00
      9.000    14.9238   3.967869    32.1232      14231 0.0000e+00
      8.000    14.9922   3.973999    32.1225      14241 0.0000e+00
      7.000    15.0469   3.977591    32.1103      14288 0.0000e+00
      6.000    15.3508   4.002930    32.0888      14345 0.0000e+00
      5.000    16.4447   4.101400    32.0723      14376 0.0000e+00
      4.000    17.3060   4.177699    32.0453      14419 0.0000e+00
      3.000    17.4107   4.187588    32.0475      14477 0.0000e+00
      2.000    17.4449   4.193613    32.0723      15612 0.0000e+00
