HB2403/ctd019.cnv
* Sea-Bird SBE 9 Data File:
* FileName = C:\cruise\data\ctd019.hex
* Software Version Seasave V 7.26.7.121
* Temperature SN = 6650
* Conductivity SN = 6035
* Number of Bytes Per Scan = 37
* Number of Voltage Words = 4
* Number of Scans Averaged by the Deck Unit = 1
* NMEA Latitude = 43 23.36 N
* NMEA Longitude = 067 41.18 W
* NMEA UTC (Time) = Jun 10 2024 22:38:42
* NMEA baud rate = 4800
** Ship: Pisces PC2305
** Program:  Fall ECOMON
** Chief Scientist: Harvey Walsh
# nquan = 6
# nvalues = 482                         
# units = specified
# name 0 = depSM: Depth [salt water, m]
# name 1 = t090C: Temperature [ITS-90, deg C]
# name 2 = c0S/m: Conductivity [S/m]
# name 3 = sal00: Salinity, Practical [PSU]
# name 4 = scan: Scan Count
# name 5 = flag: flag
# span 0 =      1.000,    242.000       
# span 1 =     5.4023,    13.3599       
# span 2 =   3.151219,   3.774156       
# span 3 =    31.6183,    34.2031       
# span 4 =        -12,      28949       
# span 5 = 0.0000e+00, 0.0000e+00       
# interval = meters: 1                  
# start_time = Jun 10 2024 22:38:42 [NMEA time, header]
# bad_flag = -9.990e-29
*END*
      2.000    13.3599   3.774156    31.6417        -12 0.0000e+00
      3.000    13.3524   3.773595    31.6423        327 0.0000e+00
      4.000    13.3507   3.773536    31.6428        421 0.0000e+00
      5.000    13.3535   3.773825    31.6428        444 0.0000e+00
      6.000    13.3369   3.772228    31.6413        469 0.0000e+00
      7.000    13.0957   3.750937    31.6423        493 0.0000e+00
      8.000    12.2028   3.673408    31.6564        519 0.0000e+00
      9.000    11.6226   3.624432    31.6769        549 0.0000e+00
     10.000    11.1725   3.582700    31.6544        575 0.0000e+00
     11.000     9.6705   3.454355    31.6785        599 0.0000e+00
     12.000     8.8148   3.383783    31.7120        625 0.0000e+00
     13.000     8.5655   3.363210    31.7205        654 0.0000e+00
     14.000     8.2108   3.332442    31.7163        681 0.0000e+00
     15.000     8.0771   3.321899    31.7254        704 0.0000e+00
     16.000     8.0220   3.316872    31.7215        728 0.0000e+00
     17.000     7.9806   3.313088    31.7185        761 0.0000e+00
     18.000     7.9640   3.311277    31.7139        798 0.0000e+00
     19.000     7.8756   3.303315    31.7090        821 0.0000e+00
     20.000     7.7078   3.290990    31.7298        839 0.0000e+00
     21.000     7.6745   3.289233    31.7409        861 0.0000e+00
     22.000     7.6244   3.285808    31.7495        898 0.0000e+00
     23.000     7.5807   3.282573    31.7543        936 0.0000e+00
     24.000     7.5199   3.278102    31.7614        956 0.0000e+00
     25.000     7.3610   3.267195    31.7891        975 0.0000e+00
     26.000     7.0364   3.244631    31.8434        997 0.0000e+00
     27.000     6.9258   3.236330    31.8549       1032 0.0000e+00
     28.000     6.9946   3.245148    31.8867       1072 0.0000e+00
     29.000     6.9894   3.245812    31.8983       1096 0.0000e+00
     30.000     6.6906   3.227869    31.9797       1116 0.0000e+00
     31.000     6.7019   3.231909    32.0130       1138 0.0000e+00
     32.000     6.7185   3.235405    32.0353       1166 0.0000e+00
     33.000     6.6114   3.231002    32.0868       1200 0.0000e+00
     34.000     6.5572   3.227650    32.1003       1232 0.0000e+00
     35.000     6.5143   3.223734    32.0969       1259 0.0000e+00
     36.000     6.4204   3.215130    32.0897       1284 0.0000e+00
     37.000     6.3529   3.211767    32.1157       1308 0.0000e+00
     38.000     6.4049   3.218981    32.1460       1334 0.0000e+00
     39.000     6.4361   3.222939    32.1598       1364 0.0000e+00
     40.000     6.4243   3.222941    32.1705       1394 0.0000e+00
     41.000     6.3671   3.221608    32.2093       1424 0.0000e+00
     42.000     6.2063   3.211748    32.2517       1451 0.0000e+00
     43.000     6.0914   3.202441    32.2566       1476 0.0000e+00
     44.000     5.8453   3.178414    32.2216       1501 0.0000e+00
     45.000     5.5798   3.156967    32.2334       1529 0.0000e+00
     46.000     5.4620   3.151219    32.2810       1560 0.0000e+00
     47.000     5.4457   3.151406    32.2983       1591 0.0000e+00
     48.000     5.4485   3.151678    32.2982       1620 0.0000e+00
     49.000     5.4597   3.153062    32.3026       1643 0.0000e+00
     50.000     5.4609   3.153305    32.3037       1665 0.0000e+00
     51.000     5.4595   3.153459    32.3063       1689 0.0000e+00
     52.000     5.4572   3.153350    32.3068       1727 0.0000e+00
     53.000     5.4583   3.153783    32.3101       1763 0.0000e+00
     54.000     5.4236   3.152313    32.3264       1785 0.0000e+00
     55.000     5.4023   3.152290    32.3461       1804 0.0000e+00
     56.000     5.4053   3.154325    32.3659       1824 0.0000e+00
     57.000     5.4083   3.155186    32.3723       1855 0.0000e+00
     58.000     5.4147   3.156495    32.3805       1897 0.0000e+00
     59.000     5.4664   3.164407    32.4199       1925 0.0000e+00
     60.000     5.5246   3.173649    32.4679       1944 0.0000e+00
     61.000     5.5667   3.182242    32.5240       1963 0.0000e+00
     62.000     5.6094   3.188173    32.5493       1989 0.0000e+00
     63.000     5.6267   3.190659    32.5603       2029 0.0000e+00
     64.000     5.6913   3.200311    32.6062       2059 0.0000e+00
     65.000     5.8351   3.221736    32.7079       2081 0.0000e+00
     66.000     5.8878   3.229020    32.7383       2104 0.0000e+00
     67.000     5.9055   3.231561    32.7492       2130 0.0000e+00
     68.000     5.9170   3.233595    32.7605       2158 0.0000e+00
     69.000     5.9412   3.237770    32.7834       2185 0.0000e+00
     70.000     5.9536   3.239783    32.7934       2214 0.0000e+00
     71.000     5.9565   3.240325    32.7962       2247 0.0000e+00
     72.000     5.9602   3.241014    32.7998       2274 0.0000e+00
     73.000     5.9622   3.241385    32.8016       2296 0.0000e+00
     74.000     5.9663   3.242168    32.8059       2318 0.0000e+00
     75.000     5.9737   3.243452    32.8126       2348 0.0000e+00
     76.000     5.9873   3.245709    32.8243       2382 0.0000e+00
     77.000     6.0043   3.248320    32.8365       2407 0.0000e+00
     78.000     6.0185   3.250474    32.8464       2430 0.0000e+00
     79.000     6.0399   3.254013    32.8648       2456 0.0000e+00
     80.000     6.0617   3.257386    32.8810       2490 0.0000e+00
     81.000     6.0834   3.261751    32.9083       2519 0.0000e+00
     82.000     6.1324   3.271369    32.9677       2540 0.0000e+00
     83.000     6.1821   3.279667    33.0116       2561 0.0000e+00
     84.000     6.2417   3.287701    33.0428       2592 0.0000e+00
     85.000     6.3214   3.297788    33.0771       2630 0.0000e+00
     86.000     6.3644   3.302991    33.0928       2655 0.0000e+00
     87.000     6.3741   3.304861    33.1036       2677 0.0000e+00
     88.000     6.4495   3.314695    33.1391       2700 0.0000e+00
     89.000     6.4694   3.318429    33.1606       2727 0.0000e+00
     90.000     6.5050   3.323529    33.1821       2757 0.0000e+00
     91.000     6.5314   3.326559    33.1895       2785 0.0000e+00
     92.000     6.5375   3.327332    33.1916       2814 0.0000e+00
     93.000     6.5383   3.327544    33.1927       2844 0.0000e+00
     94.000     6.5400   3.327846    33.1939       2870 0.0000e+00
     95.000     6.5403   3.327982    33.1947       2893 0.0000e+00
     96.000     6.5418   3.329321    33.2075       2918 0.0000e+00
     97.000     6.5470   3.332643    33.2388       2949 0.0000e+00
     98.000     6.5555   3.334641    33.2521       2979 0.0000e+00
     99.000     6.5833   3.338567    33.2681       3004 0.0000e+00
    100.000     6.6233   3.344306    33.2920       3029 0.0000e+00
    101.000     6.6739   3.351865    33.3258       3055 0.0000e+00
    102.000     6.7517   3.364947    33.3938       3084 0.0000e+00
    103.000     6.8312   3.375675    33.4340       3114 0.0000e+00
    104.000     6.8661   3.380051    33.4476       3143 0.0000e+00
    105.000     6.8844   3.382540    33.4567       3168 0.0000e+00
    106.000     6.9013   3.385344    33.4706       3191 0.0000e+00
    107.000     6.9322   3.390310    33.4945       3218 0.0000e+00
    108.000     6.9623   3.394726    33.5130       3251 0.0000e+00
    109.000     7.0285   3.404193    33.5518       3282 0.0000e+00
    110.000     7.0539   3.407390    33.5615       3306 0.0000e+00
    111.000     7.0705   3.409833    33.5716       3329 0.0000e+00
    112.000     7.0862   3.413056    33.5910       3355 0.0000e+00
    113.000     7.2552   3.434071    33.6553       3386 0.0000e+00
    114.000     7.4773   3.458855    33.7080       3418 0.0000e+00
    115.000     7.5664   3.467615    33.7158       3445 0.0000e+00
    116.000     7.5822   3.469445    33.7198       3470 0.0000e+00
    117.000     7.5898   3.470569    33.7240       3497 0.0000e+00
    118.000     7.5981   3.471614    33.7268       3529 0.0000e+00
    119.000     7.5928   3.471252    33.7276       3556 0.0000e+00
    120.000     7.5914   3.471518    33.7313       3579 0.0000e+00
    121.000     7.5955   3.472237    33.7346       3611 0.0000e+00
    122.000     7.6090   3.474260    33.7428       3647 0.0000e+00
    123.000     7.6217   3.476523    33.7544       3673 0.0000e+00
    124.000     7.5753   3.472597    33.7566       3695 0.0000e+00
    125.000     7.5634   3.471422    33.7550       3718 0.0000e+00
    126.000     7.5525   3.470547    33.7556       3752 0.0000e+00
    127.000     7.5463   3.470133    33.7567       3788 0.0000e+00
    128.000     7.5462   3.470253    33.7576       3815 0.0000e+00
    129.000     7.5562   3.471938    33.7656       3838 0.0000e+00
    130.000     7.5818   3.475640    33.7803       3865 0.0000e+00
    131.000     7.6010   3.478334    33.7903       3899 0.0000e+00
    132.000     7.6123   3.480172    33.7986       3933 0.0000e+00
    133.000     7.6264   3.482360    33.8081       3960 0.0000e+00
    134.000     7.6577   3.486485    33.8217       3985 0.0000e+00
    135.000     7.6672   3.487736    33.8255       4013 0.0000e+00
    136.000     7.6798   3.489404    33.8307       4044 0.0000e+00
    137.000     7.6834   3.490174    33.8350       4080 0.0000e+00
    138.000     7.6849   3.490974    33.8417       4111 0.0000e+00
    139.000     7.6789   3.490695    33.8440       4134 0.0000e+00
    140.000     7.6935   3.492607    33.8500       4158 0.0000e+00
    141.000     7.7168   3.495372    33.8566       4194 0.0000e+00
    142.000     7.7304   3.497446    33.8652       4232 0.0000e+00
    143.000     7.7466   3.499757    33.8739       4255 0.0000e+00
    144.000     7.7451   3.500006    33.8776       4279 0.0000e+00
    145.000     7.7458   3.500446    33.8812       4317 0.0000e+00
    146.000     7.7501   3.501215    33.8848       4357 0.0000e+00
    147.000     7.7565   3.502354    33.8904       4380 0.0000e+00
    148.000     7.7525   3.502615    33.8966       4399 0.0000e+00
    149.000     7.7708   3.505618    33.9106       4426 0.0000e+00
    150.000     7.8135   3.511044    33.9269       4481 0.0000e+00
    151.000     7.8369   3.514011    33.9356       4510 0.0000e+00
    152.000     7.8384   3.514502    33.9389       4529 0.0000e+00
    153.000     7.8489   3.516503    33.9497       4553 0.0000e+00
    154.000     7.8575   3.517957    33.9565       4592 0.0000e+00
    155.000     7.8653   3.519144    33.9611       4630 0.0000e+00
    156.000     7.8733   3.520238    33.9646       4655 0.0000e+00
    157.000     7.8739   3.520374    33.9650       4682 0.0000e+00
    158.000     7.8755   3.520669    33.9662       4722 0.0000e+00
    159.000     7.8801   3.521436    33.9695       4753 0.0000e+00
    160.000     7.8872   3.522545    33.9740       4776 0.0000e+00
    161.000     7.8949   3.523676    33.9781       4808 0.0000e+00
    162.000     7.9133   3.526346    33.9884       4853 0.0000e+00
    163.000     7.9161   3.526884    33.9909       4881 0.0000e+00
    164.000     7.9159   3.526960    33.9915       4905 0.0000e+00
    165.000     7.9160   3.527049    33.9918       4936 0.0000e+00
    166.000     7.9171   3.527293    33.9929       4973 0.0000e+00
    167.000     7.9202   3.526085    33.9765       5007 0.0000e+00
    168.000     7.9253   3.528424    33.9961       5037 0.0000e+00
    169.000     7.9310   3.529199    33.9984       5071 0.0000e+00
    170.000     7.9365   3.529961    34.0007       5104 0.0000e+00
    171.000     7.9633   3.533808    34.0154       5134 0.0000e+00
    172.000     7.9800   3.535917    34.0213       5164 0.0000e+00
    173.000     7.9856   3.536735    34.0241       5199 0.0000e+00
    174.000     7.9875   3.537060    34.0253       5235 0.0000e+00
    175.000     7.9880   3.537176    34.0256       5268 0.0000e+00
    176.000     7.9884   3.537284    34.0259       5299 0.0000e+00
    177.000     7.9891   3.537445    34.0264       5330 0.0000e+00
    178.000     7.9900   3.537630    34.0271       5361 0.0000e+00
    179.000     7.9908   3.537804    34.0276       5392 0.0000e+00
    180.000     7.9916   3.538004    34.0285       5432 0.0000e+00
    181.000     7.9920   3.538119    34.0288       5474 0.0000e+00
    182.000     7.9924   3.538225    34.0292       5513 0.0000e+00
    183.000     7.9923   3.538299    34.0296       5544 0.0000e+00
    184.000     7.9925   3.538464    34.0306       5589 0.0000e+00
    185.000     7.9924   3.538613    34.0318       5627 0.0000e+00
    186.000     7.9924   3.538646    34.0318       5656 0.0000e+00
    187.000     7.9886   3.538348    34.0317       5686 0.0000e+00
    188.000     7.9865   3.538300    34.0328       5720 0.0000e+00
    189.000     7.9863   3.538316    34.0327       5755 0.0000e+00
    190.000     7.9841   3.538176    34.0328       5787 0.0000e+00
    191.000     7.9819   3.538018    34.0328       5823 0.0000e+00
    192.000     7.9794   3.537827    34.0327       5859 0.0000e+00
    193.000     7.9771   3.537668    34.0328       5886 0.0000e+00
    194.000     7.9758   3.537583    34.0326       5913 0.0000e+00
    195.000     7.9737   3.537425    34.0325       5955 0.0000e+00
    196.000     7.9677   3.536917    34.0324       6001 0.0000e+00
    197.000     7.9581   3.536167    34.0333       6024 0.0000e+00
    198.000     7.9549   3.535978    34.0339       6046 0.0000e+00
    199.000     7.9546   3.535971    34.0336       6077 0.0000e+00
    200.000     7.9495   3.535577    34.0339       6117 0.0000e+00
    201.000     7.9427   3.535087    34.0348       6151 0.0000e+00
    202.000     7.9385   3.534763    34.0349       6187 0.0000e+00
    203.000     7.9312   3.534173    34.0352       6217 0.0000e+00
    204.000     7.9125   3.532814    34.0383       6245 0.0000e+00
    205.000     7.9075   3.532513    34.0395       6275 0.0000e+00
    206.000     7.9082   3.532657    34.0399       6310 0.0000e+00
    207.000     7.9042   3.532598    34.0427       6347 0.0000e+00
    208.000     7.9018   3.532532    34.0438       6377 0.0000e+00
    209.000     7.8974   3.532272    34.0449       6404 0.0000e+00
    210.000     7.8793   3.531010    34.0484       6440 0.0000e+00
    211.000     7.8588   3.529286    34.0495       6479 0.0000e+00
    212.000     7.8059   3.523853    34.0422       6506 0.0000e+00
    213.000     7.7605   3.520065    34.0452       6532 0.0000e+00
    214.000     7.7565   3.520332    34.0515       6564 0.0000e+00
    215.000     7.7588   3.521586    34.0623       6602 0.0000e+00
    216.000     7.7535   3.522368    34.0754       6638 0.0000e+00
    217.000     7.7583   3.523659    34.0841       6668 0.0000e+00
    218.000     7.7812   3.528087    34.1089       6698 0.0000e+00
    219.000     7.8108   3.533313    34.1357       6732 0.0000e+00
    220.000     7.8287   3.536521    34.1522       6759 0.0000e+00
    221.000     7.8362   3.537850    34.1586       6790 0.0000e+00
    222.000     7.8377   3.538139    34.1598       6831 0.0000e+00
    223.000     7.8424   3.539057    34.1645       6866 0.0000e+00
    224.000     7.8575   3.542082    34.1818       6894 0.0000e+00
    225.000     7.8736   3.544963    34.1965       6920 0.0000e+00
    226.000     7.8798   3.546005    34.2012       6948 0.0000e+00
    227.000     7.8805   3.546165    34.2017       6988 0.0000e+00
    228.000     7.8812   3.546330    34.2023       7028 0.0000e+00
    229.000     7.8813   3.546409    34.2026       7057 0.0000e+00
    230.000     7.8814   3.546469    34.2027       7084 0.0000e+00
    231.000     7.8815   3.546510    34.2025       7113 0.0000e+00
    232.000     7.8817   3.546570    34.2025       7149 0.0000e+00
    233.000     7.8818   3.546650    34.2027       7189 0.0000e+00
    234.000     7.8820   3.546718    34.2028       7222 0.0000e+00
    235.000     7.8821   3.546775    34.2029       7251 0.0000e+00
    236.000     7.8823   3.546852    34.2030       7283 0.0000e+00
    237.000     7.8823   3.546889    34.2029       7317 0.0000e+00
    238.000     7.8824   3.546939    34.2028       7352 0.0000e+00
    239.000     7.8824   3.546960    34.2026       7390 0.0000e+00
