HB2403/ctd016.cnv
* Sea-Bird SBE 9 Data File:
* FileName = C:\cruise\data\ctd016.hex
* Software Version Seasave V 7.26.7.121
* Temperature SN = 6650
* Conductivity SN = 6035
* Number of Bytes Per Scan = 37
* Number of Voltage Words = 4
* Number of Scans Averaged by the Deck Unit = 1
* NMEA Latitude = 42 12.94 N
* NMEA Longitude = 065 45.74 W
* NMEA UTC (Time) = Jun 09 2024 20:12:15
* NMEA baud rate = 4800
** Ship: Pisces PC2305
** Program:  Fall ECOMON
** Chief Scientist: Harvey Walsh
# nquan = 6
# nvalues = 438                         
# units = specified
# name 0 = depSM: Depth [salt water, m]
# name 1 = t090C: Temperature [ITS-90, deg C]
# name 2 = c0S/m: Conductivity [S/m]
# name 3 = sal00: Salinity, Practical [PSU]
# name 4 = scan: Scan Count
# name 5 = flag: flag
# span 0 =      1.000,    221.000       
# span 1 =     7.0612,    11.9353       
# span 2 =   3.542442,   3.776228       
# span 3 =    32.4008,    35.0422       
# span 4 =        218,      28916       
# span 5 = 0.0000e+00, 0.0000e+00       
# interval = meters: 1                  
# start_time = Jun 09 2024 20:12:15 [NMEA time, header]
# bad_flag = -9.990e-29
*END*
      4.000    11.8858   3.722241    32.4008        218 0.0000e+00
      5.000    11.8863   3.723301    32.4102        311 0.0000e+00
      6.000    11.8896   3.724476    32.4183        337 0.0000e+00
      7.000    11.7982   3.735843    32.6081        372 0.0000e+00
      8.000    11.6266   3.748149    32.8788        402 0.0000e+00
      9.000    11.6002   3.751318    32.9328        426 0.0000e+00
     10.000    11.5727   3.750932    32.9531        461 0.0000e+00
     11.000    11.5460   3.749968    32.9670        496 0.0000e+00
     12.000    11.5333   3.749645    32.9747        516 0.0000e+00
     13.000    11.4867   3.748562    33.0052        532 0.0000e+00
     14.000    11.4495   3.746573    33.0185        550 0.0000e+00
     15.000    11.3856   3.742210    33.0324        593 0.0000e+00
     16.000    11.3815   3.742203    33.0356        648 0.0000e+00
     17.000    11.3666   3.741961    33.0461        666 0.0000e+00
     18.000    11.3559   3.741579    33.0514        683 0.0000e+00
     19.000    11.3388   3.740869    33.0594        699 0.0000e+00
     20.000    11.3245   3.740294    33.0661        718 0.0000e+00
     21.000    11.2983   3.739331    33.0797        762 0.0000e+00
     22.000    11.2819   3.738714    33.0879        826 0.0000e+00
     23.000    11.2590   3.737949    33.1005        844 0.0000e+00
     24.000    11.2129   3.736190    33.1241        860 0.0000e+00
     25.000    11.1183   3.732788    33.1753        875 0.0000e+00
     26.000    11.0401   3.729655    33.2145        893 0.0000e+00
     27.000    10.9700   3.727297    33.2541        938 0.0000e+00
     28.000    10.9489   3.726159    33.2615        997 0.0000e+00
     29.000    10.9313   3.725936    33.2749       1015 0.0000e+00
     30.000    10.8981   3.725635    33.3016       1033 0.0000e+00
     31.000    10.8380   3.723255    33.3321       1057 0.0000e+00
     32.000    10.7043   3.717955    33.4008       1090 0.0000e+00
     33.000    10.6083   3.713904    33.4477       1120 0.0000e+00
     34.000    10.5472   3.710207    33.4662       1148 0.0000e+00
     35.000    10.4374   3.701356    33.4776       1185 0.0000e+00
     36.000    10.3215   3.691850    33.4882       1219 0.0000e+00
     37.000    10.2327   3.686752    33.5182       1245 0.0000e+00
     38.000    10.1441   3.681482    33.5464       1271 0.0000e+00
     39.000    10.0833   3.680108    33.5884       1299 0.0000e+00
     40.000    10.0359   3.678155    33.6122       1329 0.0000e+00
     41.000     9.9912   3.675900    33.6303       1359 0.0000e+00
     42.000     9.9635   3.673778    33.6341       1390 0.0000e+00
     43.000     9.9635   3.674804    33.6441       1425 0.0000e+00
     44.000     9.9876   3.679318    33.6671       1458 0.0000e+00
     45.000     9.9886   3.680975    33.6826       1481 0.0000e+00
     46.000    10.0400   3.690419    33.7304       1503 0.0000e+00
     47.000    10.0439   3.693604    33.7586       1528 0.0000e+00
     48.000    10.0371   3.694822    33.7770       1578 0.0000e+00
     49.000    10.0165   3.695528    33.8030       1618 0.0000e+00
     50.000     9.9979   3.701784    33.8837       1637 0.0000e+00
     51.000    10.0180   3.707709    33.9247       1654 0.0000e+00
     52.000     9.9932   3.712702    33.9985       1675 0.0000e+00
     53.000     9.9825   3.717825    34.0603       1721 0.0000e+00
     54.000     9.9830   3.721508    34.0970       1764 0.0000e+00
     55.000     9.9870   3.727098    34.1499       1791 0.0000e+00
     56.000     9.9907   3.732307    34.1990       1815 0.0000e+00
     57.000     9.9879   3.733560    34.2140       1837 0.0000e+00
     58.000     9.9864   3.736189    34.2418       1864 0.0000e+00
     59.000     9.9950   3.739014    34.2620       1915 0.0000e+00
     60.000    10.0002   3.741657    34.2837       1953 0.0000e+00
     61.000     9.9959   3.744249    34.3137       1972 0.0000e+00
     62.000    10.0006   3.746701    34.3338       1992 0.0000e+00
     63.000    10.0052   3.749466    34.3572       2025 0.0000e+00
     64.000    10.0052   3.751738    34.3799       2072 0.0000e+00
     65.000    10.0036   3.752954    34.3934       2103 0.0000e+00
     66.000    10.0085   3.756127    34.4207       2129 0.0000e+00
     67.000    10.0125   3.757757    34.4331       2154 0.0000e+00
     68.000    10.0190   3.760250    34.4518       2190 0.0000e+00
     69.000    10.0226   3.762216    34.4680       2225 0.0000e+00
     70.000    10.0238   3.763503    34.4796       2252 0.0000e+00
     71.000    10.0240   3.764091    34.4849       2283 0.0000e+00
     72.000    10.0241   3.764644    34.4899       2318 0.0000e+00
     73.000    10.0239   3.765276    34.4961       2347 0.0000e+00
     74.000    10.0214   3.766452    34.5101       2377 0.0000e+00
     75.000    10.0191   3.767875    34.5264       2408 0.0000e+00
     76.000    10.0218   3.770663    34.5518       2438 0.0000e+00
     77.000    10.0251   3.771725    34.5590       2470 0.0000e+00
     78.000    10.0332   3.773284    34.5668       2502 0.0000e+00
     79.000    10.0374   3.773942    34.5690       2528 0.0000e+00
     80.000    10.0411   3.774703    34.5727       2558 0.0000e+00
     81.000    10.0449   3.775350    34.5753       2602 0.0000e+00
     82.000    10.0422   3.775754    34.5815       2631 0.0000e+00
     83.000    10.0362   3.776228    34.5916       2653 0.0000e+00
     84.000    10.0289   3.776207    34.5979       2675 0.0000e+00
     85.000    10.0116   3.775390    34.6057       2704 0.0000e+00
     86.000    10.0017   3.774538    34.6061       2755 0.0000e+00
     87.000     9.9945   3.773883    34.6057       2792 0.0000e+00
     88.000     9.9716   3.771613    34.6040       2816 0.0000e+00
     89.000     9.9659   3.771012    34.6028       2840 0.0000e+00
     90.000     9.9314   3.767499    34.5995       2865 0.0000e+00
     91.000     9.9271   3.767143    34.5995       2889 0.0000e+00
     92.000     9.9287   3.767300    34.5992       2938 0.0000e+00
     93.000     9.9241   3.766847    34.5985       2989 0.0000e+00
     94.000     9.9216   3.766653    34.5984       3008 0.0000e+00
     95.000     9.9062   3.765115    34.5970       3026 0.0000e+00
     96.000     9.8854   3.763289    34.5977       3044 0.0000e+00
     97.000     9.8770   3.762685    34.5992       3071 0.0000e+00
     98.000     9.8650   3.761657    34.5998       3122 0.0000e+00
     99.000     9.8574   3.761483    34.6047       3161 0.0000e+00
    100.000     9.8562   3.761604    34.6067       3183 0.0000e+00
    101.000     9.8505   3.762479    34.6207       3204 0.0000e+00
    102.000     9.8409   3.762608    34.6307       3226 0.0000e+00
    103.000     9.8254   3.763629    34.6556       3256 0.0000e+00
    104.000     9.8268   3.765534    34.6734       3294 0.0000e+00
    105.000     9.8337   3.767799    34.6895       3326 0.0000e+00
    106.000     9.8315   3.768850    34.7020       3351 0.0000e+00
    107.000     9.8318   3.769670    34.7096       3374 0.0000e+00
    108.000     9.8181   3.768662    34.7121       3401 0.0000e+00
    109.000     9.7869   3.767089    34.7255       3436 0.0000e+00
    110.000     9.7668   3.766607    34.7395       3467 0.0000e+00
    111.000     9.7512   3.765689    34.7446       3490 0.0000e+00
    112.000     9.7372   3.764670    34.7472       3515 0.0000e+00
    113.000     9.7170   3.763401    34.7532       3544 0.0000e+00
    114.000     9.6607   3.760237    34.7746       3576 0.0000e+00
    115.000     9.6256   3.760610    34.8120       3606 0.0000e+00
    116.000     9.6346   3.762855    34.8259       3633 0.0000e+00
    117.000     9.6311   3.763605    34.8365       3657 0.0000e+00
    118.000     9.6000   3.762778    34.8577       3681 0.0000e+00
    119.000     9.5842   3.763068    34.8756       3708 0.0000e+00
    120.000     9.5331   3.759978    34.8929       3738 0.0000e+00
    121.000     9.5289   3.761566    34.9130       3767 0.0000e+00
    122.000     9.5496   3.765171    34.9296       3794 0.0000e+00
    123.000     9.5668   3.768351    34.9452       3823 0.0000e+00
    124.000     9.5701   3.770283    34.9615       3850 0.0000e+00
    125.000     9.5250   3.766769    34.9686       3873 0.0000e+00
    126.000     9.4826   3.762875    34.9692       3895 0.0000e+00
    127.000     9.4177   3.756624    34.9673       3921 0.0000e+00
    128.000     9.3823   3.753259    34.9665       3952 0.0000e+00
    129.000     9.3379   3.748753    34.9627       3983 0.0000e+00
    130.000     9.2848   3.743533    34.9598       4012 0.0000e+00
    131.000     9.1701   3.733069    34.9626       4037 0.0000e+00
    132.000     9.0521   3.725578    34.9997       4059 0.0000e+00
    133.000     9.0329   3.725081    35.0129       4082 0.0000e+00
    134.000     9.0139   3.724119    35.0211       4106 0.0000e+00
    135.000     8.9689   3.721027    35.0325       4132 0.0000e+00
    136.000     8.9274   3.717825    35.0393       4160 0.0000e+00
    137.000     8.8899   3.714628    35.0422       4196 0.0000e+00
    138.000     8.8509   3.710895    35.0410       4226 0.0000e+00
    139.000     8.7924   3.705310    35.0396       4248 0.0000e+00
    140.000     8.7038   3.696762    35.0365       4269 0.0000e+00
    141.000     8.5886   3.685731    35.0335       4291 0.0000e+00
    142.000     8.4722   3.674133    35.0255       4317 0.0000e+00
    143.000     8.3461   3.662530    35.0271       4346 0.0000e+00
    144.000     8.2808   3.656328    35.0254       4383 0.0000e+00
    145.000     8.2094   3.649202    35.0200       4420 0.0000e+00
    146.000     8.1551   3.644528    35.0238       4443 0.0000e+00
    147.000     8.1462   3.643586    35.0220       4461 0.0000e+00
    148.000     8.1074   3.639723    35.0190       4478 0.0000e+00
    149.000     7.9714   3.627048    35.0183       4498 0.0000e+00
    150.000     7.9198   3.622141    35.0168       4548 0.0000e+00
    151.000     7.8657   3.616933    35.0144       4596 0.0000e+00
    152.000     7.7887   3.609513    35.0111       4614 0.0000e+00
    153.000     7.7458   3.605621    35.0117       4632 0.0000e+00
    154.000     7.6950   3.600954    35.0117       4650 0.0000e+00
    155.000     7.6748   3.598938    35.0096       4672 0.0000e+00
    156.000     7.6345   3.595036    35.0074       4709 0.0000e+00
    157.000     7.6315   3.594700    35.0063       4756 0.0000e+00
    158.000     7.6209   3.593576    35.0043       4784 0.0000e+00
    159.000     7.5803   3.589836    35.0041       4807 0.0000e+00
    160.000     7.5635   3.588334    35.0042       4828 0.0000e+00
    161.000     7.5124   3.583508    35.0028       4849 0.0000e+00
    162.000     7.5052   3.582935    35.0033       4872 0.0000e+00
    163.000     7.5074   3.583074    35.0020       4913 0.0000e+00
    164.000     7.5268   3.584927    35.0021       4967 0.0000e+00
    165.000     7.5375   3.585819    35.0006       4988 0.0000e+00
    166.000     7.5342   3.585559    35.0006       5006 0.0000e+00
    167.000     7.5130   3.583582    35.0000       5025 0.0000e+00
    168.000     7.4919   3.581724    35.0006       5049 0.0000e+00
    169.000     7.5107   3.583491    35.0003       5083 0.0000e+00
    170.000     7.5050   3.582844    34.9985       5139 0.0000e+00
    171.000     7.4685   3.579517    34.9987       5174 0.0000e+00
    172.000     7.4596   3.578636    34.9976       5192 0.0000e+00
    173.000     7.4168   3.574885    34.9993       5208 0.0000e+00
    174.000     7.4345   3.576588    34.9995       5226 0.0000e+00
    175.000     7.3950   3.572868    34.9984       5268 0.0000e+00
    176.000     7.3976   3.572913    34.9958       5339 0.0000e+00
    177.000     7.3307   3.566919    34.9974       5358 0.0000e+00
    178.000     7.3096   3.565001    34.9972       5376 0.0000e+00
    179.000     7.3049   3.564664    34.9979       5394 0.0000e+00
    180.000     7.2997   3.564122    34.9966       5414 0.0000e+00
    181.000     7.2824   3.562490    34.9958       5462 0.0000e+00
    182.000     7.2558   3.559957    34.9945       5539 0.0000e+00
    183.000     7.2294   3.557605    34.9951       5552 0.0000e+00
    184.000     7.2150   3.556282    34.9945       5567 0.0000e+00
    185.000     7.1812   3.552959    34.9919       5581 0.0000e+00
    186.000     7.1383   3.549155    34.9931       5601 0.0000e+00
    187.000     7.1307   3.548249    34.9904       5691 0.0000e+00
    188.000     7.1271   3.548001    34.9908       5723 0.0000e+00
    189.000     7.1312   3.548428    34.9909       5739 0.0000e+00
    190.000     7.1309   3.548411    34.9905       5756 0.0000e+00
    191.000     7.1309   3.548427    34.9902       5778 0.0000e+00
    192.000     7.1330   3.548636    34.9898       5824 0.0000e+00
    193.000     7.1315   3.548514    34.9895       5881 0.0000e+00
    194.000     7.1294   3.548362    34.9894       5912 0.0000e+00
    195.000     7.1292   3.548378    34.9894       5936 0.0000e+00
    196.000     7.1342   3.548944    34.9900       5957 0.0000e+00
    197.000     7.1417   3.549615    34.9892       5980 0.0000e+00
    198.000     7.1435   3.549819    34.9892       6023 0.0000e+00
    199.000     7.1278   3.548418    34.9892       6080 0.0000e+00
    200.000     7.1355   3.549156    34.9890       6108 0.0000e+00
    201.000     7.1327   3.548905    34.9886       6131 0.0000e+00
    202.000     7.1316   3.548856    34.9886       6154 0.0000e+00
    203.000     7.1278   3.548487    34.9880       6184 0.0000e+00
    204.000     7.1201   3.547757    34.9873       6245 0.0000e+00
    205.000     7.1201   3.547847    34.9877       6285 0.0000e+00
    206.000     7.1193   3.547727    34.9867       6307 0.0000e+00
    207.000     7.1082   3.546739    34.9866       6330 0.0000e+00
    208.000     7.1043   3.546458    34.9869       6360 0.0000e+00
    209.000     7.0999   3.546023    34.9861       6417 0.0000e+00
    210.000     7.1003   3.546148    34.9866       6463 0.0000e+00
    211.000     7.1012   3.546188    34.9857       6487 0.0000e+00
    212.000     7.0913   3.545399    34.9864       6510 0.0000e+00
    213.000     7.0928   3.545564    34.9862       6535 0.0000e+00
    214.000     7.0876   3.545086    34.9858       6605 0.0000e+00
    215.000     7.0886   3.545211    34.9857       6651 0.0000e+00
    216.000     7.0843   3.544882    34.9859       6671 0.0000e+00
    217.000     7.0818   3.544710    34.9860       6693 0.0000e+00
    218.000     7.0829   3.544826    34.9857       6733 0.0000e+00
    219.000     7.0800   3.544593    34.9856       6799 0.0000e+00
    220.000     7.0804   3.544700    34.9858       6830 0.0000e+00
    221.000     7.0804   3.544696    34.9853       6912 0.0000e+00
    220.000     7.0811   3.544714    34.9853       7009 0.0000e+00
    219.000     7.0815   3.544702    34.9853       7121 0.0000e+00
    218.000     7.0840   3.544897    34.9853       7208 0.0000e+00
    217.000     7.0781   3.544300    34.9853       7331 0.0000e+00
    216.000     7.0779   3.544210    34.9851       7441 0.0000e+00
    215.000     7.0770   3.544089    34.9851       7549 0.0000e+00
    214.000     7.0733   3.543709    34.9852       7659 0.0000e+00
    213.000     7.0698   3.543319    34.9849       7760 0.0000e+00
    212.000     7.0612   3.542477    34.9849       7911 0.0000e+00
    211.000     7.0614   3.542442    34.9848       8107 0.0000e+00
    210.000     7.0691   3.543124    34.9850       8934 0.0000e+00
    209.000     7.0797   3.544003    34.9844      10428 0.0000e+00
    208.000     7.0964   3.545588    34.9854      10436 0.0000e+00
    207.000     7.1021   3.546090    34.9857      10460 0.0000e+00
    206.000     7.1068   3.546467    34.9856      10489 0.0000e+00
    205.000     7.1251   3.548082    34.9852      10529 0.0000e+00
    204.000     7.1216   3.547641    34.9844      10561 0.0000e+00
    203.000     7.1190   3.547524    34.9863      10580 0.0000e+00
    202.000     7.1308   3.548481    34.9853      10598 0.0000e+00
    201.000     7.1308   3.548437    34.9854      10617 0.0000e+00
