HB2403/ctd014.cnv
* Sea-Bird SBE 9 Data File:
* FileName = C:\cruise\data\ctd014.hex
* Software Version Seasave V 7.26.7.121
* Temperature SN = 6650
* Conductivity SN = 6035
* Number of Bytes Per Scan = 37
* Number of Voltage Words = 4
* Number of Scans Averaged by the Deck Unit = 1
* NMEA Latitude = 42 00.03 N
* NMEA Longitude = 067 41.89 W
* NMEA UTC (Time) = Jun 09 2024 00:35:27
* NMEA baud rate = 4800
** Ship: Pisces PC2305
** Program:  Fall ECOMON
** Chief Scientist: Harvey Walsh
# nquan = 6
# nvalues = 99                          
# units = specified
# name 0 = depSM: Depth [salt water, m]
# name 1 = t090C: Temperature [ITS-90, deg C]
# name 2 = c0S/m: Conductivity [S/m]
# name 3 = sal00: Salinity, Practical [PSU]
# name 4 = scan: Scan Count
# name 5 = flag: flag
# span 0 =      1.000,     51.000       
# span 1 =     6.9422,    14.2947       
# span 2 =   3.243799,   3.808747       
# span 3 =    31.1889,    32.0901       
# span 4 =        132,      15294       
# span 5 = 0.0000e+00, 0.0000e+00       
# interval = meters: 1                  
# start_time = Jun 09 2024 00:35:27 [NMEA time, header]
# bad_flag = -9.990e-29
*END*
      3.000    14.2947   3.808747    31.1951        132 0.0000e+00
      4.000    14.2910   3.808555    31.1960        268 0.0000e+00
      5.000    14.2898   3.808506    31.1961        289 0.0000e+00
      6.000    14.2903   3.808593    31.1961        327 0.0000e+00
      7.000    14.2888   3.808536    31.1965        353 0.0000e+00
      8.000    14.2822   3.808157    31.1979        372 0.0000e+00
      9.000    14.2859   3.808431    31.1971        391 0.0000e+00
     10.000    14.2193   3.804307    31.2129        425 0.0000e+00
     11.000    13.7180   3.774514    31.3466        464 0.0000e+00
     12.000    13.3512   3.757132    31.4863        486 0.0000e+00
     13.000    13.0855   3.744434    31.5875        505 0.0000e+00
     14.000    12.5243   3.706665    31.7003        530 0.0000e+00
     15.000    12.2286   3.682427    31.7183        571 0.0000e+00
     16.000    11.0927   3.590852    31.8011        599 0.0000e+00
     17.000    10.2056   3.523078    31.9003        617 0.0000e+00
     18.000     9.9103   3.499576    31.9232        635 0.0000e+00
     19.000     9.8361   3.493223    31.9240        665 0.0000e+00
     20.000     9.7196   3.482619    31.9191        708 0.0000e+00
     21.000     9.6706   3.478733    31.9226        731 0.0000e+00
     22.000     9.5179   3.466743    31.9355        749 0.0000e+00
     23.000     9.1840   3.440818    31.9672        773 0.0000e+00
     24.000     8.9329   3.420706    31.9842        808 0.0000e+00
     25.000     8.6992   3.402278    32.0029        836 0.0000e+00
     26.000     8.5807   3.393051    32.0132        855 0.0000e+00
     27.000     8.4765   3.384588    32.0186        885 0.0000e+00
     28.000     8.4116   3.378113    32.0091        935 0.0000e+00
     29.000     8.3190   3.369329    32.0004        958 0.0000e+00
     30.000     8.1813   3.356657    31.9916        974 0.0000e+00
     31.000     7.8098   3.323120    31.9744        989 0.0000e+00
     32.000     7.4485   3.293182    31.9853       1012 0.0000e+00
     33.000     7.1903   3.269799    31.9709       1066 0.0000e+00
     34.000     7.0553   3.257219    31.9590       1100 0.0000e+00
     35.000     6.9677   3.249758    31.9586       1120 0.0000e+00
     36.000     6.9422   3.248820    31.9716       1139 0.0000e+00
     37.000     6.9793   3.252859    31.9807       1163 0.0000e+00
     38.000     7.0945   3.265364    32.0093       1193 0.0000e+00
     39.000     7.2243   3.278614    32.0321       1225 0.0000e+00
     40.000     7.3571   3.292691    32.0609       1257 0.0000e+00
     41.000     7.4020   3.297741    32.0732       1283 0.0000e+00
     42.000     7.3552   3.293790    32.0735       1305 0.0000e+00
     43.000     7.3107   3.290088    32.0743       1335 0.0000e+00
     44.000     7.2475   3.284381    32.0707       1370 0.0000e+00
     45.000     7.2263   3.282601    32.0706       1396 0.0000e+00
     46.000     7.2121   3.281514    32.0716       1417 0.0000e+00
     47.000     7.1799   3.278630    32.0697       1438 0.0000e+00
     48.000     7.1367   3.275781    32.0784       1464 0.0000e+00
     49.000     7.1204   3.274639    32.0808       1504 0.0000e+00
     50.000     7.0794   3.272027    32.0901       1572 0.0000e+00
     51.000     7.1112   3.273797    32.0792       3264 0.0000e+00
     50.000     7.1246   3.275122    32.0817       4412 0.0000e+00
     49.000     7.1459   3.276150    32.0735       4308 0.0000e+00
     48.000     7.1531   3.276263    32.0685       4325 0.0000e+00
     47.000     7.1532   3.276111    32.0672       4346 0.0000e+00
     46.000     7.1704   3.277566    32.0675       4377 0.0000e+00
     45.000     7.2441   3.281832    32.0458       4412 0.0000e+00
     44.000     7.2507   3.281645    32.0381       4435 0.0000e+00
     43.000     7.2285   3.279137    32.0320       4454 0.0000e+00
     42.000     7.2224   3.278705    32.0334       4476 0.0000e+00
     41.000     7.2138   3.277317    32.0269       4508 0.0000e+00
     40.000     7.2435   3.279555    32.0241       4539 0.0000e+00
     39.000     7.3200   3.286667    32.0306       4562 0.0000e+00
     38.000     7.3373   3.287698    32.0262       4582 0.0000e+00
     37.000     7.2778   3.281380    32.0134       4604 0.0000e+00
     36.000     7.1959   3.271560    31.9835       4636 0.0000e+00
     35.000     7.1256   3.263265    31.9590       4668 0.0000e+00
     34.000     6.9438   3.243799    31.9164       4691 0.0000e+00
     33.000     6.9520   3.244278    31.9144       4712 0.0000e+00
     32.000     6.9931   3.247715    31.9143       4736 0.0000e+00
     31.000     7.2158   3.268772    31.9370       4765 0.0000e+00
     30.000     8.0928   3.346033    31.9593       4949 0.0000e+00
     29.000     8.3821   3.372782    31.9795       7607 0.0000e+00
     28.000     8.3596   3.370809    31.9795       7375 0.0000e+00
     27.000     8.4437   3.378068    31.9799       7389 0.0000e+00
     26.000     8.5480   3.386759    31.9770       7432 0.0000e+00
     25.000     8.6451   3.394714    31.9728       7470 0.0000e+00
     24.000     8.7406   3.401981    31.9628       7489 0.0000e+00
     23.000     8.7923   3.406286    31.9615       7505 0.0000e+00
     22.000     9.0336   3.425584    31.9451       7522 0.0000e+00
     21.000     9.3600   3.450389    31.9091       7555 0.0000e+00
     20.000     9.5747   3.467242    31.8910       7603 0.0000e+00
     19.000     9.7181   3.477875    31.8726       7628 0.0000e+00
     18.000     9.7258   3.478654    31.8741       7652 0.0000e+00
     17.000     9.7958   3.484964    31.8767      10387 0.0000e+00
     16.000     9.8452   3.489094    31.8753      10561 0.0000e+00
     15.000     9.9711   3.499042    31.8654      10595 0.0000e+00
     14.000    10.2069   3.518335    31.8528      10623 0.0000e+00
     13.000    10.9072   3.575986    31.8164      10650 0.0000e+00
     12.000    11.9208   3.654495    31.7125      10675 0.0000e+00
     11.000    12.3521   3.689456    31.6827      10698 0.0000e+00
     10.000    13.0678   3.737525    31.5387      10721 0.0000e+00
      9.000    13.6604   3.767381    31.3282      11871 0.0000e+00
      8.000    14.2433   3.804324    31.1945      14382 0.0000e+00
      7.000    14.2790   3.806835    31.1889      14486 0.0000e+00
      6.000    14.2817   3.807191    31.1903      14514 0.0000e+00
      5.000    14.2867   3.807635    31.1907      14541 0.0000e+00
      4.000    14.2889   3.807843    31.1912      14569 0.0000e+00
      3.000    14.2882   3.807806    31.1918      14592 0.0000e+00
      2.000    14.2883   3.807830    31.1923      14612 0.0000e+00
      1.000    14.2843   3.807944    31.1969      15294 0.0000e+00
