HB2403/ctd012.cnv
* Sea-Bird SBE 9 Data File:
* FileName = C:\cruise\data\ctd012.hex
* Software Version Seasave V 7.26.7.121
* Temperature SN = 6650
* Conductivity SN = 6035
* Number of Bytes Per Scan = 37
* Number of Voltage Words = 4
* Number of Scans Averaged by the Deck Unit = 1
* NMEA Latitude = 40 55.64 N
* NMEA Longitude = 067 42.90 W
* NMEA UTC (Time) = Jun 07 2024 20:52:35
* NMEA baud rate = 4800
** Ship: Pisces PC2305
** Program:  Fall ECOMON
** Chief Scientist: Harvey Walsh
# nquan = 6
# nvalues = 116                         
# units = specified
# name 0 = depSM: Depth [salt water, m]
# name 1 = t090C: Temperature [ITS-90, deg C]
# name 2 = c0S/m: Conductivity [S/m]
# name 3 = sal00: Salinity, Practical [PSU]
# name 4 = scan: Scan Count
# name 5 = flag: flag
# span 0 =      1.000,     59.000       
# span 1 =     8.3195,     9.8833       
# span 2 =   3.362841,   3.491293       
# span 3 =    31.8706,    31.9209       
# span 4 =          2,      19741       
# span 5 = 0.0000e+00, 0.0000e+00       
# interval = meters: 1                  
# start_time = Jun 07 2024 20:52:35 [NMEA time, header]
# bad_flag = -9.990e-29
*END*
      1.000     9.8833   3.491293    31.8706          2 0.0000e+00
      2.000     9.3604   3.447439    31.8868         41 0.0000e+00
      3.000     9.2367   3.437218    31.8918        304 0.0000e+00
      4.000     9.1493   3.429948    31.8946        457 0.0000e+00
      5.000     9.0717   3.423471    31.8967        480 0.0000e+00
      6.000     9.0100   3.418703    31.9022        501 0.0000e+00
      7.000     8.9640   3.414710    31.9017        527 0.0000e+00
      8.000     8.9996   3.417698    31.9003        571 0.0000e+00
      9.000     9.0166   3.419071    31.8988        601 0.0000e+00
     10.000     9.0210   3.419176    31.8954        621 0.0000e+00
     11.000     8.8981   3.409517    31.9052        639 0.0000e+00
     12.000     8.8276   3.403708    31.9078        659 0.0000e+00
     13.000     8.8047   3.401949    31.9097        687 0.0000e+00
     14.000     8.7956   3.401148    31.9091        726 0.0000e+00
     15.000     8.7908   3.400746    31.9088        755 0.0000e+00
     16.000     8.7845   3.400270    31.9090        776 0.0000e+00
     17.000     8.7807   3.399975    31.9089        798 0.0000e+00
     18.000     8.7755   3.399538    31.9086        825 0.0000e+00
     19.000     8.7687   3.398976    31.9084        859 0.0000e+00
     20.000     8.7607   3.398369    31.9088        885 0.0000e+00
     21.000     8.7409   3.396712    31.9090        908 0.0000e+00
     22.000     8.7007   3.393403    31.9102        940 0.0000e+00
     23.000     8.6776   3.391560    31.9114        975 0.0000e+00
     24.000     8.6763   3.391486    31.9113        996 0.0000e+00
     25.000     8.6733   3.391235    31.9110       1013 0.0000e+00
     26.000     8.6632   3.390349    31.9104       1031 0.0000e+00
     27.000     8.6430   3.388845    31.9124       1060 0.0000e+00
     28.000     8.6531   3.389616    31.9109       1105 0.0000e+00
     29.000     8.6266   3.387367    31.9109       1143 0.0000e+00
     30.000     8.6159   3.386641    31.9125       1167 0.0000e+00
     31.000     8.5948   3.384905    31.9130       1185 0.0000e+00
     32.000     8.6116   3.386402    31.9130       1201 0.0000e+00
     33.000     8.6119   3.386341    31.9117       1218 0.0000e+00
     34.000     8.5951   3.384989    31.9122       1251 0.0000e+00
     35.000     8.5796   3.383724    31.9125       1305 0.0000e+00
     36.000     8.5740   3.383297    31.9127       1327 0.0000e+00
     37.000     8.5428   3.380806    31.9143       1345 0.0000e+00
     38.000     8.5273   3.379547    31.9148       1363 0.0000e+00
     39.000     8.5090   3.378082    31.9155       1384 0.0000e+00
     40.000     8.4789   3.375571    31.9160       1408 0.0000e+00
     41.000     8.4890   3.376432    31.9154       1446 0.0000e+00
     42.000     8.4631   3.374323    31.9162       1494 0.0000e+00
     43.000     8.4574   3.373949    31.9170       1516 0.0000e+00
     44.000     8.4605   3.374168    31.9161       1533 0.0000e+00
     45.000     8.4483   3.373227    31.9168       1547 0.0000e+00
     46.000     8.4434   3.372819    31.9165       1562 0.0000e+00
     47.000     8.4031   3.369566    31.9183       1583 0.0000e+00
     48.000     8.3747   3.367136    31.9181       1651 0.0000e+00
     49.000     8.3661   3.366551    31.9193       1677 0.0000e+00
     50.000     8.3763   3.367476    31.9193       1693 0.0000e+00
     51.000     8.3461   3.364952    31.9197       1709 0.0000e+00
     52.000     8.3331   3.363986    31.9209       1727 0.0000e+00
     53.000     8.3350   3.364126    31.9202       1753 0.0000e+00
     54.000     8.3332   3.363978    31.9198       1799 0.0000e+00
     55.000     8.3289   3.363674    31.9200       1834 0.0000e+00
     56.000     8.3284   3.363658    31.9198       1857 0.0000e+00
     57.000     8.3292   3.363748    31.9197       1885 0.0000e+00
     58.000     8.3272   3.363354    31.9169       3387 0.0000e+00
     59.000     8.3195   3.362924    31.9189       4512 0.0000e+00
     58.000     8.3213   3.362990    31.9184       4131 0.0000e+00
     57.000     8.3258   3.363329    31.9183       4153 0.0000e+00
     56.000     8.3208   3.362841    31.9181       5258 0.0000e+00
     55.000     8.3217   3.362899    31.9185       5530 0.0000e+00
     54.000     8.3267   3.363227    31.9178       5543 0.0000e+00
     53.000     8.3305   3.363562    31.9183       5593 0.0000e+00
     52.000     8.3489   3.364966    31.9169       5671 0.0000e+00
     51.000     8.3435   3.364469    31.9169       5686 0.0000e+00
     50.000     8.3425   3.364418    31.9178       5702 0.0000e+00
     49.000     8.3594   3.365787    31.9174       5716 0.0000e+00
     48.000     8.3690   3.366520    31.9168       5733 0.0000e+00
     47.000     8.3929   3.368379    31.9151       5807 0.0000e+00
     46.000     8.4111   3.369784    31.9139       5859 0.0000e+00
     45.000     8.4156   3.370250    31.9151       5879 0.0000e+00
     44.000     8.4226   3.370733    31.9143       5906 0.0000e+00
     43.000     8.4301   3.371353    31.9145       5952 0.0000e+00
     42.000     8.4383   3.372005    31.9144       5983 0.0000e+00
     41.000     8.4501   3.372907    31.9137       6007 0.0000e+00
     40.000     8.4744   3.374884    31.9128       6057 0.0000e+00
     39.000     8.5093   3.377719    31.9114       6110 0.0000e+00
     38.000     8.5158   3.378187    31.9109       6139 0.0000e+00
     37.000     8.5175   3.378300    31.9110       6162 0.0000e+00
     36.000     8.5341   3.379690    31.9110       6187 0.0000e+00
     35.000     8.5395   3.380091    31.9108       6222 0.0000e+00
     34.000     8.5545   3.381263    31.9099       6274 0.0000e+00
     33.000     8.5688   3.382442    31.9098       6328 0.0000e+00
     32.000     8.5628   3.382012    31.9112       7973 0.0000e+00
     31.000     8.5665   3.382250    31.9108       8728 0.0000e+00
     30.000     8.5773   3.383079    31.9102       8869 0.0000e+00
     29.000     8.5774   3.383095    31.9107       8896 0.0000e+00
     28.000     8.5834   3.383517    31.9102       8923 0.0000e+00
     27.000     8.5972   3.384669    31.9102       8948 0.0000e+00
     26.000     8.6086   3.385500    31.9090       8973 0.0000e+00
     25.000     8.6090   3.385549    31.9096       9001 0.0000e+00
     24.000     8.6307   3.387272    31.9085       9046 0.0000e+00
     23.000     8.6435   3.388300    31.9081       9087 0.0000e+00
     22.000     8.6431   3.388370    31.9096       9109 0.0000e+00
     21.000     8.6695   3.390398    31.9075       9127 0.0000e+00
     20.000     8.6885   3.391935    31.9068       9151 0.0000e+00
     19.000     8.6970   3.392689    31.9075      11253 0.0000e+00
     18.000     8.7471   3.396846    31.9061      12453 0.0000e+00
     17.000     8.7470   3.396766    31.9058      12499 0.0000e+00
     16.000     8.7645   3.398218    31.9057      12554 0.0000e+00
     15.000     8.7757   3.399081    31.9050      12590 0.0000e+00
     14.000     8.8004   3.401101    31.9042      12629 0.0000e+00
     13.000     8.8541   3.405476    31.9019      12675 0.0000e+00
     12.000     8.9195   3.410615    31.8969      12704 0.0000e+00
     11.000     8.9405   3.412395    31.8970      12734 0.0000e+00
     10.000     8.9919   3.416508    31.8939      12764 0.0000e+00
      9.000     8.8164   3.402493    31.9066      14703 0.0000e+00
      8.000     8.9253   3.411033    31.8979      15932 0.0000e+00
      7.000     8.8929   3.408449    31.9006      16022 0.0000e+00
      6.000     8.9355   3.412363    31.9034      16077 0.0000e+00
      5.000     8.9522   3.413303    31.8985      16094 0.0000e+00
      4.000     8.9524   3.413291    31.8987      16108 0.0000e+00
      3.000     8.8876   3.407983    31.9023      16469 0.0000e+00
      2.000     9.0511   3.421451    31.8956      19741 0.0000e+00
