HB2403/ctd005.cnv
* Sea-Bird SBE 9 Data File:
* FileName = C:\cruise\data\ctd005.hex
* Software Version Seasave V 7.26.7.121
* Temperature SN = 6650
* Conductivity SN = 6035
* Number of Bytes Per Scan = 37
* Number of Voltage Words = 4
* Number of Scans Averaged by the Deck Unit = 1
* NMEA Latitude = 38 00.41 N
* NMEA Longitude = 074 56.44 W
* NMEA UTC (Time) = Jun 05 2024 01:57:10
* NMEA baud rate = 4800
** Ship: Pisces PC2305
** Program:  Fall ECOMON
** Chief Scientist: Harvey Walsh
# nquan = 6
# nvalues = 35                          
# units = specified
# name 0 = depSM: Depth [salt water, m]
# name 1 = t090C: Temperature [ITS-90, deg C]
# name 2 = c0S/m: Conductivity [S/m]
# name 3 = sal00: Salinity, Practical [PSU]
# name 4 = scan: Scan Count
# name 5 = flag: flag
# span 0 =      2.000,     19.000       
# span 1 =    11.3177,    19.7914       
# span 2 =   3.562937,   4.076474       
# span 3 =    29.3578,    31.3857       
# span 4 =         -5,      20133       
# span 5 = 0.0000e+00, 0.0000e+00       
# interval = meters: 1                  
# start_time = Jun 05 2024 01:57:10 [NMEA time, header]
# bad_flag = -9.990e-29
*END*
      2.000    18.2301   3.957671    29.4949         -5 0.0000e+00
      3.000    18.4529   3.976331    29.4894        304 0.0000e+00
      4.000    19.0378   4.019351    29.4258        359 0.0000e+00
      5.000    18.9293   4.014588    29.4634        390 0.0000e+00
      6.000    18.5683   3.986592    29.4904        418 0.0000e+00
      7.000    18.0031   3.945857    29.5585        442 0.0000e+00
      8.000    18.1742   3.958353    29.5388        466 0.0000e+00
      9.000    17.7848   3.929770    29.5813        494 0.0000e+00
     10.000    17.0261   3.879933    29.7145        528 0.0000e+00
     11.000    16.6615   3.861875    29.8294        563 0.0000e+00
     12.000    15.6150   3.800498    30.0833        598 0.0000e+00
     13.000    13.0640   3.656216    30.7792        633 0.0000e+00
     14.000    11.7584   3.594374    31.2693        663 0.0000e+00
     15.000    11.3886   3.574288    31.3857        692 0.0000e+00
     16.000    11.3547   3.570747    31.3795        724 0.0000e+00
     17.000    11.3342   3.568501    31.3746        763 0.0000e+00
     18.000    11.3214   3.566992    31.3704        803 0.0000e+00
     19.000    11.3177   3.563131    31.3354       3742 0.0000e+00
     18.000    11.3179   3.562937    31.3337       6615 0.0000e+00
     17.000    11.3194   3.562982    31.3333       6706 0.0000e+00
     16.000    11.3242   3.563242    31.3321       6823 0.0000e+00
     15.000    11.3449   3.564480    31.3271       9421 0.0000e+00
     14.000    11.3981   3.567803    31.3148       9813 0.0000e+00
     13.000    12.0896   3.602722    31.0735       9856 0.0000e+00
     12.000    14.1323   3.708972    30.4124      12026 0.0000e+00
     11.000    15.6716   3.799771    30.0356      13435 0.0000e+00
     10.000    16.9788   3.875855    29.7136      17693 0.0000e+00
      9.000    16.9743   3.876814    29.7263      17519 0.0000e+00
      8.000    17.2651   3.895547    29.6721      17553 0.0000e+00
      7.000    17.7195   3.925246    29.5914      17587 0.0000e+00
      6.000    17.8325   3.934815    29.5900      17617 0.0000e+00
      5.000    18.7704   4.000385    29.4602      17648 0.0000e+00
      4.000    19.7914   4.076474    29.3578      17683 0.0000e+00
      3.000    19.6105   4.063067    29.3769      17720 0.0000e+00
      2.000    19.5716   4.062236    29.3979      20133 0.0000e+00
