HB2403/ctd024.cnv
* Sea-Bird SBE 9 Data File:
* FileName = C:\cruise\data\ctd024.hex
* Software Version Seasave V 7.26.7.121
* Temperature SN = 6650
* Conductivity SN = 6035
* Number of Bytes Per Scan = 37
* Number of Voltage Words = 4
* Number of Scans Averaged by the Deck Unit = 1
* NMEA Latitude = 42 19.24 N
* NMEA Longitude = 070 17.19 W
* NMEA UTC (Time) = Jun 12 2024 15:16:47
* NMEA baud rate = 4800
** Ship: Pisces PC2305
** Program:  Fall ECOMON
** Chief Scientist: Harvey Walsh
# nquan = 6
# nvalues = 54                          
# units = specified
# name 0 = depSM: Depth [salt water, m]
# name 1 = t090C: Temperature [ITS-90, deg C]
# name 2 = c0S/m: Conductivity [S/m]
# name 3 = sal00: Salinity, Practical [PSU]
# name 4 = scan: Scan Count
# name 5 = flag: flag
# span 0 =      2.000,     29.000       
# span 1 =     5.6087,    16.5302       
# span 2 =   3.084756,   3.867445       
# span 3 =    29.9783,    31.4316       
# span 4 =        489,      13183       
# span 5 = 0.0000e+00, 0.0000e+00       
# interval = meters: 1                  
# start_time = Jun 12 2024 15:16:47 [NMEA time, header]
# bad_flag = -9.990e-29
*END*
      3.000    15.8044   3.814456    30.0646        489 0.0000e+00
      4.000    15.6355   3.806308    30.1211        772 0.0000e+00
      5.000    15.4858   3.796834    30.1516        802 0.0000e+00
      6.000    15.4333   3.793859    30.1652        835 0.0000e+00
      7.000    15.3175   3.786006    30.1841        869 0.0000e+00
      8.000    14.7239   3.741182    30.2421        905 0.0000e+00
      9.000    13.9756   3.686385    30.3304        937 0.0000e+00
     10.000    13.5826   3.661449    30.4120        971 0.0000e+00
     11.000    12.8231   3.612588    30.5653       1002 0.0000e+00
     12.000    11.6555   3.523809    30.6731       1031 0.0000e+00
     13.000    10.6625   3.445865    30.7382       1060 0.0000e+00
     14.000     9.8500   3.382915    30.7976       1091 0.0000e+00
     15.000     8.8984   3.309159    30.8633       1127 0.0000e+00
     16.000     7.3979   3.201050    31.0480       1161 0.0000e+00
     17.000     6.1036   3.118324    31.3213       1190 0.0000e+00
     18.000     5.8496   3.104020    31.3965       1218 0.0000e+00
     19.000     5.7195   3.096216    31.4296       1248 0.0000e+00
     20.000     5.6797   3.093121    31.4316       1285 0.0000e+00
     21.000     5.6594   3.091347    31.4301       1320 0.0000e+00
     22.000     5.6465   3.090442    31.4314       1349 0.0000e+00
     23.000     5.6411   3.089826    31.4291       1377 0.0000e+00
     24.000     5.6371   3.089378    31.4273       1407 0.0000e+00
     25.000     5.6370   3.089051    31.4233       1443 0.0000e+00
     26.000     5.6358   3.088744    31.4204       1477 0.0000e+00
     27.000     5.6313   3.088531    31.4217       1507 0.0000e+00
     28.000     5.6246   3.088116    31.4228       1538 0.0000e+00
     29.000     5.6087   3.084756    31.3994       3103 0.0000e+00
     28.000     5.6176   3.085147    31.3959       4158 0.0000e+00
     27.000     5.6216   3.085335    31.3948       4171 0.0000e+00
     26.000     5.6283   3.085652    31.3927       4207 0.0000e+00
     25.000     5.6360   3.085988    31.3897       4246 0.0000e+00
     24.000     5.6444   3.086377    31.3867       4283 0.0000e+00
     23.000     5.6471   3.086422    31.3852       4317 0.0000e+00
     22.000     5.6463   3.086273    31.3847       4351 0.0000e+00
     21.000     5.6430   3.085935    31.3845       4390 0.0000e+00
     20.000     5.6466   3.086062    31.3831       4428 0.0000e+00
     19.000     5.6771   3.087662    31.3731       4462 0.0000e+00
     18.000     5.7728   3.092752    31.3417       4497 0.0000e+00
     17.000     5.8329   3.095871    31.3213       4534 0.0000e+00
     16.000     6.3604   3.126854    31.1802       5639 0.0000e+00
     15.000     8.1403   3.246641    30.8738       7023 0.0000e+00
     14.000     9.7438   3.369020    30.7482       8132 0.0000e+00
     13.000     9.8404   3.376745    30.7438       9223 0.0000e+00
     12.000    10.6651   3.440793    30.6866       9247 0.0000e+00
     11.000    11.2797   3.488824    30.6453       9302 0.0000e+00
     10.000    12.5157   3.584404    30.5494      10740 0.0000e+00
      9.000    12.9011   3.613141    30.5084      11513 0.0000e+00
      8.000    13.9162   3.681905    30.3367      11559 0.0000e+00
      7.000    15.1400   3.769693    30.1756      11638 0.0000e+00
      6.000    15.3373   3.784023    30.1517      11680 0.0000e+00
      5.000    15.4207   3.789188    30.1338      11726 0.0000e+00
      4.000    15.5554   3.798224    30.1110      11784 0.0000e+00
      3.000    15.7572   3.812398    30.0823      11832 0.0000e+00
      2.000    16.5302   3.867445    29.9783      13183 0.0000e+00
