HB2403/sbe048.cnv
* Sea-Bird SBE 19plus V2 Data File:
* FileName = C:\cruise\data\sbe048.hex
* Software Version Seasave V 7.26.7.121
* Temperature SN = 6128
* Conductivity SN = 6128
* System UpLoad Time = Jun 05 2024 21:27:36
* NMEA Latitude = 39 14.83 N
* NMEA Longitude = 073 07.88 W
* NMEA UTC (Time) = Jun 05 2024  21:28:08
** Ship: Henry Bigelow
** Cruise:  HB2403
** Program:  ECOMON
# nquan = 7
# nvalues = 1582                                  
# units = specified
# name 0 = depSM: Depth [salt water, m]
# name 1 = tv290C: Temperature [ITS-90, deg C]
# name 2 = c0S/m: Conductivity [S/m]
# name 3 = sal00: Salinity, Practical [PSU]
# name 4 = scan: Scan Count
# name 5 = timeM: Time, Elapsed [minutes]
# name 6 = flag:  0.000e+00
# span 0 =     -0.239,     62.245                 
# span 1 =     6.5916,    20.5708                 
# span 2 =   0.000040,   4.244883                 
# span 3 =     0.0102,    34.5484                 
# span 4 =         11,       1592                 
# span 5 =     0.0417,     6.6292                 
# span 6 = 0.0000e+00, 0.0000e+00                 
# interval = seconds: 0.25
# start_time = Jun 05 2024 21:28:08 [NMEA time, header]
# bad_flag = -9.990e-29
*END*
[from data line 616]
     52.328     6.6349   3.235619    32.1063        627     2.6083  0.000e+00
     52.229     6.6361   3.235951    32.1089        628     2.6125  0.000e+00
     52.118     6.6386   3.235871    32.1057        629     2.6167  0.000e+00
     52.017     6.6398   3.235232    32.0976        630     2.6208  0.000e+00
     51.910     6.6391   3.235846    32.1050        631     2.6250  0.000e+00
     51.806     6.6394   3.235987    32.1064        632     2.6292  0.000e+00
     51.699     6.6407   3.235969    32.1049        633     2.6333  0.000e+00
     51.596     6.6416   3.235889    32.1033        634     2.6375  0.000e+00
     51.487     6.6419   3.235889    32.1031        635     2.6417  0.000e+00
     51.383     6.6420   3.235950    32.1037        636     2.6458  0.000e+00
     51.272     6.6421   3.235852    32.1026        637     2.6500  0.000e+00
     51.171     6.6423   3.235864    32.1026        638     2.6542  0.000e+00
     51.061     6.6423   3.235827    32.1022        639     2.6583  0.000e+00
     50.958     6.6420   3.235557    32.0996        640     2.6625  0.000e+00
     50.851     6.6413   3.235661    32.1015        641     2.6667  0.000e+00
     50.746     6.6407   3.235538    32.1007        642     2.6708  0.000e+00
     50.643     6.6404   3.235643    32.1022        643     2.6750  0.000e+00
     50.540     6.6404   3.235502    32.1007        644     2.6792  0.000e+00
     50.442     6.6400   3.234899    32.0945        645     2.6833  0.000e+00
     50.341     6.6381   3.233732    32.0835        646     2.6875  0.000e+00
     50.238     6.6336   3.233732    32.0878        647     2.6917  0.000e+00
     50.142     6.6299   3.233689    32.0908        648     2.6958  0.000e+00
     50.044     6.6277   3.233646    32.0924        649     2.7000  0.000e+00
     49.950     6.6263   3.233646    32.0938        650     2.7042  0.000e+00
     49.854     6.6256   3.233591    32.0939        651     2.7083  0.000e+00
     49.762     6.6250   3.233627    32.0949        652     2.7125  0.000e+00
     49.668     6.6248   3.233584    32.0946        653     2.7167  0.000e+00
     49.576     6.6246   3.233461    32.0935        654     2.7208  0.000e+00
     49.480     6.6243   3.233339    32.0926        655     2.7250  0.000e+00
     49.386     6.6238   3.233320    32.0929        656     2.7292  0.000e+00
     49.283     6.6234   3.233216    32.0921        657     2.7333  0.000e+00
     49.183     6.6230   3.232988    32.0901        658     2.7375  0.000e+00
     49.086     6.6223   3.232847    32.0892        659     2.7417  0.000e+00
     48.981     6.6214   3.232988    32.0916        660     2.7458  0.000e+00
     48.872     6.6210   3.232884    32.0909        661     2.7500  0.000e+00
     48.766     6.6207   3.232620    32.0883        662     2.7542  0.000e+00
     48.661     6.6201   3.232435    32.0869        663     2.7583  0.000e+00
     48.550     6.6194   3.232454    32.0879        664     2.7625  0.000e+00
     48.436     6.6190   3.232392    32.0875        665     2.7667  0.000e+00
     48.330     6.6189   3.232202    32.0857        666     2.7708  0.000e+00
     48.217     6.6184   3.232251    32.0867        667     2.7750  0.000e+00
     48.111     6.6177   3.232103    32.0857        668     2.7792  0.000e+00
     48.002     6.6173   3.232355    32.0889        669     2.7833  0.000e+00
     47.890     6.6175   3.232331    32.0886        670     2.7875  0.000e+00
     47.783     6.6177   3.232294    32.0880        671     2.7917  0.000e+00
     47.681     6.6182   3.232392    32.0887        672     2.7958  0.000e+00
     47.583     6.6186   3.232269    32.0870        673     2.8000  0.000e+00
     47.491     6.6189   3.232245    32.0865        674     2.8042  0.000e+00
     47.398     6.6189   3.232251    32.0866        675     2.8083  0.000e+00
     47.311     6.6191   3.232269    32.0866        676     2.8125  0.000e+00
     47.221     6.6195   3.232269    32.0864        677     2.8167  0.000e+00
     47.136     6.6197   3.232269    32.0862        678     2.8208  0.000e+00
     47.057     6.6200   3.232294    32.0862        679     2.8250  0.000e+00
     46.973     6.6204   3.232373    32.0868        680     2.8292  0.000e+00
     46.887     6.6212   3.232373    32.0861        681     2.8333  0.000e+00
     46.802     6.6219   3.232379    32.0855        682     2.8375  0.000e+00
     46.715     6.6223   3.232373    32.0850        683     2.8417  0.000e+00
     46.627     6.6227   3.232355    32.0845        684     2.8458  0.000e+00
     46.536     6.6229   3.232453    32.0855        685     2.8500  0.000e+00
     46.444     6.6237   3.232453    32.0848        686     2.8542  0.000e+00
     46.348     6.6244   3.232496    32.0847        687     2.8583  0.000e+00
     46.252     6.6248   3.232496    32.0844        688     2.8625  0.000e+00
     46.149     6.6250   3.232269    32.0816        689     2.8667  0.000e+00
     46.052     6.6253   3.232514    32.0841        690     2.8708  0.000e+00
     45.947     6.6254   3.232514    32.0841        691     2.8750  0.000e+00
     45.842     6.6254   3.232539    32.0844        692     2.8792  0.000e+00
     45.739     6.6257   3.232434    32.0830        693     2.8833  0.000e+00
     45.637     6.6258   3.232373    32.0823        694     2.8875  0.000e+00
     45.532     6.6260   3.232311    32.0815        695     2.8917  0.000e+00
     45.431     6.6259   3.232330    32.0818        696     2.8958  0.000e+00
     45.334     6.6259   3.232336    32.0819        697     2.9000  0.000e+00
     45.243     6.6259   3.232293    32.0815        698     2.9042  0.000e+00
     45.142     6.6258   3.232250    32.0812        699     2.9083  0.000e+00
     45.053     6.6257   3.232250    32.0814        700     2.9125  0.000e+00
     44.965     6.6257   3.232231    32.0812        701     2.9167  0.000e+00
     44.881     6.6257   3.232207    32.0810        702     2.9208  0.000e+00
     44.798     6.6256   3.232188    32.0809        703     2.9250  0.000e+00
     44.711     6.6255   3.232188    32.0810        704     2.9292  0.000e+00
     44.626     6.6256   3.232164    32.0807        705     2.9333  0.000e+00
     44.541     6.6253   3.232102    32.0803        706     2.9375  0.000e+00
     44.460     6.6255   3.232127    32.0805        707     2.9417  0.000e+00
     44.386     6.6253   3.232041    32.0797        708     2.9458  0.000e+00
     44.304     6.6254   3.231820    32.0773        709     2.9500  0.000e+00
     44.221     6.6253   3.231574    32.0747        710     2.9542  0.000e+00
     44.142     6.6250   3.231322    32.0722        711     2.9583  0.000e+00
     44.062     6.6250   3.231261    32.0716        712     2.9625  0.000e+00
     43.979     6.6249   3.231187    32.0709        713     2.9667  0.000e+00
     43.898     6.6248   3.231383    32.0732        714     2.9708  0.000e+00
     43.813     6.6245   3.231039    32.0698        715     2.9750  0.000e+00
     43.726     6.6245   3.230996    32.0693        716     2.9792  0.000e+00
     43.639     6.6249   3.231015    32.0692        717     2.9833  0.000e+00
     43.551     6.6253   3.231058    32.0693        718     2.9875  0.000e+00
     43.460     6.6259   3.231076    32.0690        719     2.9917  0.000e+00
     43.364     6.6267   3.231224    32.0699        720     2.9958  0.000e+00
     43.272     6.6281   3.231438    32.0710        721     3.0000  0.000e+00
     43.169     6.6311   3.231451    32.0684        722     3.0042  0.000e+00
     43.075     6.6347   3.231795    32.0689        723     3.0083  0.000e+00
     42.972     6.6392   3.231917    32.0661        724     3.0125  0.000e+00
     42.865     6.6431   3.231979    32.0631        725     3.0167  0.000e+00
     42.767     6.6467   3.232390    32.0643        726     3.0208  0.000e+00
     42.673     6.6508   3.232163    32.0580        727     3.0250  0.000e+00
     42.573     6.6534   3.234092    32.0768        728     3.0292  0.000e+00
     42.488     6.6614   3.234159    32.0701        729     3.0333  0.000e+00
     42.409     6.6717   3.233539    32.0537        730     3.0375  0.000e+00
     42.331     6.6771   3.232390    32.0360        731     3.0417  0.000e+00
     42.257     6.6761   3.231407    32.0262        732     3.0458  0.000e+00
     42.188     6.6712   3.229540    32.0103        733     3.0500  0.000e+00
     42.124     6.6624   3.229006    32.0128        734     3.0542  0.000e+00
     42.061     6.6540   3.229024    32.0208        735     3.0583  0.000e+00
     41.992     6.6487   3.228981    32.0253        736     3.0625  0.000e+00
     41.931     6.6455   3.228945    32.0279        737     3.0667  0.000e+00
     41.869     6.6435   3.228085    32.0204        738     3.0708  0.000e+00
     41.802     6.6400   3.226569    32.0070        739     3.0750  0.000e+00
     41.737     6.6328   3.224562    31.9918        740     3.0792  0.000e+00
     41.666     6.6222   3.223985    31.9954        741     3.0833  0.000e+00
     41.592     6.6127   3.223887    32.0032        742     3.0875  0.000e+00
     41.514     6.6066   3.223660    32.0065        743     3.0917  0.000e+00
     41.444     6.6025   3.223230    32.0056        744     3.0958  0.000e+00
     41.366     6.5990   3.222739    32.0035        745     3.1000  0.000e+00
     41.286     6.5959   3.222696    32.0060        746     3.1042  0.000e+00
     41.198     6.5937   3.222696    32.0081        747     3.1083  0.000e+00
     41.111     6.5923   3.222678    32.0092        748     3.1125  0.000e+00
     41.032     6.5917   3.222512    32.0080        749     3.1167  0.000e+00
     40.950     6.5916   3.222469    32.0077        750     3.1208  0.000e+00
     40.870     6.5918   3.222469    32.0076        751     3.1250  0.000e+00
     40.789     6.5918   3.222469    32.0075        752     3.1292  0.000e+00
     40.706     6.5921   3.222635    32.0091        753     3.1333  0.000e+00
     40.630     6.5932   3.223905    32.0221        754     3.1375  0.000e+00
     40.558     6.5983   3.225715    32.0373        755     3.1417  0.000e+00
     40.479     6.6088   3.226789    32.0393        756     3.1458  0.000e+00
     40.399     6.6208   3.227937    32.0408        757     3.1500  0.000e+00
     40.325     6.6325   3.229497    32.0469        758     3.1542  0.000e+00
     40.252     6.6458   3.233151    32.0747        759     3.1583  0.000e+00
     40.169     6.6681   3.235265    32.0771        760     3.1625  0.000e+00
     40.090     6.6914   3.237753    32.0826        761     3.1667  0.000e+00
     40.005     6.7168   3.241749    32.1028        762     3.1708  0.000e+00
     39.921     6.7485   3.243668    32.0941        763     3.1750  0.000e+00
     39.840     6.7776   3.245212    32.0839        764     3.1792  0.000e+00
     39.755     6.8016   3.247457    32.0860        765     3.1833  0.000e+00
     39.670     6.8247   3.249938    32.0916        766     3.1875  0.000e+00
     39.589     6.8490   3.252622    32.0983        767     3.1917  0.000e+00
     39.509     6.8757   3.260069    32.1548        768     3.1958  0.000e+00
     39.433     6.9196   3.267715    32.1973        769     3.2000  0.000e+00
     39.361     6.9804   3.272441    32.1920        770     3.2042  0.000e+00
     39.288     7.0412   3.275169    32.1649        771     3.2083  0.000e+00
     39.212     7.0914   3.277002    32.1381        772     3.2125  0.000e+00
     39.147     7.1294   3.278243    32.1162        773     3.2167  0.000e+00
     39.076     7.1570   3.280028    32.1099        774     3.2208  0.000e+00
     39.009     7.1797   3.281239    32.1020        775     3.2250  0.000e+00
     38.942     7.1987   3.283012    32.1035        776     3.2292  0.000e+00
     38.870     7.2165   3.284019    32.0980        777     3.2333  0.000e+00
     38.797     7.2319   3.284748    32.0916        778     3.2375  0.000e+00
     38.728     7.2444   3.286170    32.0954        779     3.2417  0.000e+00
     38.651     7.2578   3.289583    32.1200        780     3.2458  0.000e+00
     38.574     7.2780   3.291241    32.1192        781     3.2500  0.000e+00
     38.507     7.2990   3.291135    32.0986        782     3.2542  0.000e+00
     38.429     7.3130   3.291216    32.0865        783     3.2583  0.000e+00
     38.352     7.3211   3.291673    32.0840        784     3.2625  0.000e+00
     38.278     7.3267   3.291030    32.0719        785     3.2667  0.000e+00
     38.209     7.3289   3.291444    32.0743        786     3.2708  0.000e+00
     38.133     7.3302   3.291092    32.0693        787     3.2750  0.000e+00
     38.055     7.3303   3.291512    32.0738        788     3.2792  0.000e+00
     37.973     7.3310   3.290275    32.0598        789     3.2833  0.000e+00
     37.897     7.3291   3.291469    32.0745        790     3.2875  0.000e+00
     37.820     7.3287   3.290318    32.0625        791     3.2917  0.000e+00
     37.742     7.3257   3.277228    31.9240        792     3.2958  0.000e+00
     37.664     7.2886   3.263122    31.8059        793     3.3000  0.000e+00
     37.590     7.2136   3.262352    31.8667        794     3.3042  0.000e+00
     37.514     7.1537   3.262149    31.9198        795     3.3083  0.000e+00
     37.445     7.1176   3.262507    31.9571        796     3.3125  0.000e+00
     37.369     7.0982   3.262809    31.9784        797     3.3167  0.000e+00
     37.290     7.0892   3.263457    31.9939        798     3.3208  0.000e+00
     37.221     7.0872   3.263099    31.9919        799     3.3250  0.000e+00
     37.139     7.0852   3.262581    31.9881        800     3.3292  0.000e+00
     37.065     7.0829   3.261761    31.9814        801     3.3333  0.000e+00
     36.991     7.0779   3.262002    31.9887        802     3.3375  0.000e+00
     36.921     7.0748   3.262212    31.9938        803     3.3417  0.000e+00
     36.847     7.0742   3.262212    31.9944        804     3.3458  0.000e+00
     36.780     7.0741   3.262248    31.9949        805     3.3500  0.000e+00
     36.711     7.0743   3.262902    32.0019        806     3.3542  0.000e+00
     36.644     7.0764   3.263001    32.0011        807     3.3583  0.000e+00
     36.579     7.0791   3.263414    32.0031        808     3.3625  0.000e+00
     36.515     7.0823   3.263722    32.0035        809     3.3667  0.000e+00
     36.448     7.0863   3.264412    32.0073        810     3.3708  0.000e+00
     36.381     7.0913   3.264758    32.0064        811     3.3750  0.000e+00
     36.320     7.0963   3.265072    32.0052        812     3.3792  0.000e+00
     36.258     7.1006   3.265430    32.0052        813     3.3833  0.000e+00
     36.189     7.1046   3.265571    32.0030        814     3.3875  0.000e+00
     36.117     7.1079   3.265645    32.0008        815     3.3917  0.000e+00
     36.035     7.1103   3.265781    32.0001        816     3.3958  0.000e+00
     35.950     7.1123   3.266256    32.0034        817     3.4000  0.000e+00
     35.869     7.1151   3.266052    31.9987        818     3.4042  0.000e+00
     35.782     7.1180   3.268791    32.0257        819     3.4083  0.000e+00
     35.690     7.1276   3.269137    32.0206        820     3.4125  0.000e+00
     35.596     7.1385   3.269254    32.0118        821     3.4167  0.000e+00
     35.507     7.1461   3.269087    32.0030        822     3.4208  0.000e+00
     35.417     7.1504   3.269062    31.9988        823     3.4250  0.000e+00
     35.326     7.1523   3.269334    32.0000        824     3.4292  0.000e+00
     35.256     7.1541   3.269000    31.9947        825     3.4333  0.000e+00
     35.183     7.1546   3.270457    32.0101        826     3.4375  0.000e+00
     35.121     7.1592   3.271771    32.0202        827     3.4417  0.000e+00
     35.056     7.1682   3.271808    32.0122        828     3.4458  0.000e+00
     35.000     7.1746   3.271530    32.0033        829     3.4500  0.000e+00
     34.948     7.1777   3.271351    31.9985        830     3.4542  0.000e+00
