HB2403/sbe002.cnv
* Sea-Bird SBE 19plus V2 Data File:
* FileName = C:\cruise\data\sbe002.hex
* Software Version Seasave V 7.26.7.121
* Temperature SN = 6128
* Conductivity SN = 6128
* System UpLoad Time = May 26 2024 02:50:10
* NMEA Latitude = 40 58.80 N
* NMEA Longitude = 070 31.32 W
* NMEA UTC (Time) = May 26 2024  02:50:33
** Ship: Henry Bigelow
** Cruise:  HB2403
** Program:  ECOMON
# nquan = 7
# nvalues = 1302                                  
# units = specified
# name 0 = depSM: Depth [salt water, m]
# name 1 = tv290C: Temperature [ITS-90, deg C]
# name 2 = c0S/m: Conductivity [S/m]
# name 3 = sal00: Salinity, Practical [PSU]
# name 4 = scan: Scan Count
# name 5 = timeM: Time, Elapsed [minutes]
# name 6 = flag:  0.000e+00
# span 0 =     -0.126,     42.911                 
# span 1 =     8.1444,    12.9727                 
# span 2 =  -0.000050,   3.684315                 
# span 3 =     0.0000,    31.8254                 
# span 4 =         11,       1312                 
# span 5 =     0.0417,     5.4625                 
# span 6 = 0.0000e+00, 0.0000e+00                 
# interval = seconds: 0.25
# start_time = May 26 2024 02:50:33 [NMEA time, header]
# bad_flag = -9.990e-29
*END*
[from data line 1026]
      8.965    10.7882   3.526153    31.4280       1037     4.3167  0.000e+00
      8.923    10.7899   3.525594    31.4210       1038     4.3208  0.000e+00
      8.891    10.7898   3.524704    31.4123       1039     4.3250  0.000e+00
      8.854    10.7874   3.524278    31.4102       1040     4.3292  0.000e+00
      8.831    10.7840   3.524221    31.4126       1041     4.3333  0.000e+00
      8.807    10.7815   3.524100    31.4135       1042     4.3375  0.000e+00
      8.793    10.7799   3.523567    31.4096       1043     4.3417  0.000e+00
      8.779    10.7782   3.523414    31.4095       1044     4.3458  0.000e+00
      8.768    10.7766   3.523325    31.4100       1045     4.3500  0.000e+00
      8.757    10.7759   3.523459    31.4120       1046     4.3542  0.000e+00
      8.739    10.7764   3.523535    31.4123       1047     4.3583  0.000e+00
      8.726    10.7776   3.523567    31.4116       1048     4.3625  0.000e+00
      8.702    10.7790   3.523566    31.4104       1049     4.3667  0.000e+00
      8.675    10.7800   3.523783    31.4117       1050     4.3708  0.000e+00
      8.646    10.7815   3.524386    31.4164       1051     4.3750  0.000e+00
      8.610    10.7848   3.524945    31.4191       1052     4.3792  0.000e+00
      8.574    10.7894   3.524920    31.4149       1053     4.3833  0.000e+00
      8.528    10.7927   3.524647    31.4094       1054     4.3875  0.000e+00
      8.492    10.7941   3.523109    31.3930       1055     4.3917  0.000e+00
      8.447    10.7914   3.522810    31.3924       1056     4.3958  0.000e+00
      8.409    10.7877   3.522594    31.3935       1057     4.4000  0.000e+00
      8.366    10.7845   3.521324    31.3837       1058     4.4042  0.000e+00
      8.326    10.7796   3.520244    31.3771       1059     4.4083  0.000e+00
      8.283    10.7725   3.519704    31.3779       1060     4.4125  0.000e+00
      8.246    10.7653   3.519533    31.3824       1061     4.4167  0.000e+00
      8.212    10.7602   3.518028    31.3719       1062     4.4208  0.000e+00
      8.181    10.7532   3.517793    31.3756       1063     4.4250  0.000e+00
      8.154    10.7476   3.519253    31.3949       1064     4.4292  0.000e+00
      8.129    10.7493   3.521407    31.4147       1065     4.4333  0.000e+00
      8.104    10.7590   3.522315    31.4155       1066     4.4375  0.000e+00
      8.075    10.7706   3.524748    31.4296       1067     4.4417  0.000e+00
      8.048    10.7868   3.526712    31.4351       1068     4.4458  0.000e+00
      8.023    10.8060   3.528485    31.4362       1069     4.4500  0.000e+00
      7.996    10.8252   3.529973    31.4345       1070     4.4542  0.000e+00
      7.958    10.8428   3.530666    31.4262       1071     4.4583  0.000e+00
      7.927    10.8572   3.531206    31.4192       1072     4.4625  0.000e+00
      7.894    10.8677   3.531785    31.4159       1073     4.4667  0.000e+00
      7.860    10.8765   3.532783    31.4183       1074     4.4708  0.000e+00
      7.827    10.8861   3.534011    31.4222       1075     4.4750  0.000e+00
      7.798    10.8974   3.535678    31.4289       1076     4.4792  0.000e+00
      7.767    10.9106   3.536307    31.4239       1077     4.4833  0.000e+00
      7.739    10.9226   3.536784    31.4183       1078     4.4875  0.000e+00
      7.717    10.9323   3.537020    31.4123       1079     4.4917  0.000e+00
      7.696    10.9394   3.537115    31.4072       1080     4.4958  0.000e+00
      7.677    10.9440   3.537128    31.4034       1081     4.5000  0.000e+00
      7.656    10.9470   3.537153    31.4011       1082     4.5042  0.000e+00
      7.638    10.9487   3.537172    31.3998       1083     4.5083  0.000e+00
      7.614    10.9498   3.537191    31.3991       1084     4.5125  0.000e+00
      7.598    10.9509   3.537109    31.3973       1085     4.5167  0.000e+00
      7.571    10.9515   3.536892    31.3947       1086     4.5208  0.000e+00
      7.546    10.9513   3.536867    31.3946       1087     4.5250  0.000e+00
      7.517    10.9510   3.536930    31.3955       1088     4.5292  0.000e+00
      7.481    10.9515   3.536612    31.3919       1089     4.5333  0.000e+00
      7.448    10.9515   3.536218    31.3881       1090     4.5375  0.000e+00
      7.407    10.9505   3.535677    31.3836       1091     4.5417  0.000e+00
      7.367    10.9487   3.536046    31.3888       1092     4.5458  0.000e+00
      7.323    10.9495   3.538560    31.4129       1093     4.5500  0.000e+00
      7.276    10.9588   3.541010    31.4291       1094     4.5542  0.000e+00
      7.233    10.9754   3.542175    31.4264       1095     4.5583  0.000e+00
      7.190    10.9925   3.542977    31.4197       1096     4.5625  0.000e+00
      7.148    11.0071   3.543436    31.4117       1097     4.5667  0.000e+00
      7.103    11.0188   3.543677    31.4041       1098     4.5708  0.000e+00
      7.065    11.0274   3.544238    31.4023       1099     4.5750  0.000e+00
      7.030    11.0347   3.544499    31.3987       1100     4.5792  0.000e+00
      7.004    11.0404   3.544633    31.3951       1101     4.5833  0.000e+00
      6.974    11.0449   3.544652    31.3915       1102     4.5875  0.000e+00
      6.951    11.0480   3.544652    31.3888       1103     4.5917  0.000e+00
      6.925    11.0504   3.544671    31.3870       1104     4.5958  0.000e+00
      6.905    11.0518   3.544639    31.3855       1105     4.6000  0.000e+00
      6.885    11.0529   3.544741    31.3856       1106     4.6042  0.000e+00
      6.865    11.0535   3.544696    31.3846       1107     4.6083  0.000e+00
      6.842    11.0542   3.544651    31.3836       1108     4.6125  0.000e+00
      6.814    11.0544   3.544670    31.3836       1109     4.6167  0.000e+00
      6.778    11.0547   3.544670    31.3834       1110     4.6208  0.000e+00
      6.742    11.0550   3.544651    31.3830       1111     4.6250  0.000e+00
      6.700    11.0553   3.544588    31.3821       1112     4.6292  0.000e+00
      6.650    11.0554   3.544588    31.3821       1113     4.6333  0.000e+00
      6.600    11.0558   3.544562    31.3815       1114     4.6375  0.000e+00
      6.543    11.0557   3.544320    31.3792       1115     4.6417  0.000e+00
      6.497    11.0559   3.544588    31.3817       1116     4.6458  0.000e+00
      6.445    11.0570   3.544868    31.3835       1117     4.6500  0.000e+00
      6.401    11.0593   3.545779    31.3905       1118     4.6542  0.000e+00
      6.360    11.0641   3.546951    31.3980       1119     4.6583  0.000e+00
      6.325    11.0727   3.548862    31.4094       1120     4.6625  0.000e+00
      6.297    11.0860   3.549276    31.4021       1121     4.6667  0.000e+00
      6.268    11.0973   3.549320    31.3929       1122     4.6708  0.000e+00
      6.243    11.1048   3.549492    31.3883       1123     4.6750  0.000e+00
      6.215    11.1097   3.549582    31.3850       1124     4.6792  0.000e+00
      6.190    11.1132   3.549779    31.3839       1125     4.6833  0.000e+00
      6.165    11.1157   3.549862    31.3826       1126     4.6875  0.000e+00
      6.136    11.1180   3.550079    31.3828       1127     4.6917  0.000e+00
      6.103    11.1203   3.550302    31.3830       1128     4.6958  0.000e+00
      6.068    11.1227   3.550384    31.3818       1129     4.7000  0.000e+00
      6.027    11.1245   3.550429    31.3807       1130     4.7042  0.000e+00
      5.988    11.1259   3.550671    31.3819       1131     4.7083  0.000e+00
      5.945    11.1277   3.551844    31.3919       1132     4.7125  0.000e+00
      5.903    11.1333   3.552889    31.3974       1133     4.7167  0.000e+00
      5.863    11.1422   3.553954    31.4003       1134     4.7208  0.000e+00
      5.824    11.1526   3.555216    31.4038       1135     4.7250  0.000e+00
      5.794    11.1646   3.556549    31.4067       1136     4.7292  0.000e+00
      5.767    11.1780   3.559885    31.4279       1137     4.7333  0.000e+00
      5.741    11.1998   3.567442    31.4834       1138     4.7375  0.000e+00
      5.721    11.2404   3.571752    31.4910       1139     4.7417  0.000e+00
      5.700    11.2863   3.575106    31.4847       1140     4.7458  0.000e+00
      5.678    11.3283   3.577957    31.4767       1141     4.7500  0.000e+00
      5.657    11.3670   3.583424    31.4971       1142     4.7542  0.000e+00
      5.628    11.4079   3.583909    31.4670       1143     4.7583  0.000e+00
      5.608    11.4404   3.586922    31.4687       1144     4.7625  0.000e+00
      5.576    11.4683   3.589296    31.4681       1145     4.7667  0.000e+00
      5.550    11.4944   3.591018    31.4628       1146     4.7708  0.000e+00
      5.520    11.5193   3.592779    31.4587       1147     4.7750  0.000e+00
      5.484    11.5408   3.593400    31.4465       1148     4.7792  0.000e+00
      5.449    11.5575   3.592759    31.4261       1149     4.7833  0.000e+00
      5.416    11.5649   3.594040    31.4323       1150     4.7875  0.000e+00
      5.372    11.5722   3.596909    31.4540       1151     4.7917  0.000e+00
      5.333    11.5873   3.596838    31.4405       1152     4.7958  0.000e+00
      5.286    11.5996   3.601394    31.4743       1153     4.8000  0.000e+00
      5.241    11.6206   3.605266    31.4941       1154     4.8042  0.000e+00
      5.187    11.6495   3.605997    31.4767       1155     4.8083  0.000e+00
      5.136    11.6737   3.606862    31.4646       1156     4.8125  0.000e+00
      5.084    11.6904   3.606791    31.4498       1157     4.8167  0.000e+00
      5.037    11.7005   3.606214    31.4356       1158     4.8208  0.000e+00
      4.995    11.7041   3.604842    31.4193       1159     4.8250  0.000e+00
      4.955    11.7018   3.605663    31.4293       1160     4.8292  0.000e+00
      4.923    11.7008   3.605836    31.4317       1161     4.8333  0.000e+00
      4.881    11.7022   3.605707    31.4294       1162     4.8375  0.000e+00
      4.855    11.7023   3.605374    31.4261       1163     4.8417  0.000e+00
      4.824    11.7010   3.605861    31.4319       1164     4.8458  0.000e+00
      4.799    11.7014   3.605906    31.4320       1165     4.8500  0.000e+00
      4.779    11.7025   3.606637    31.4382       1166     4.8542  0.000e+00
      4.758    11.7052   3.606592    31.4354       1167     4.8583  0.000e+00
      4.740    11.7074   3.607105    31.4385       1168     4.8625  0.000e+00
      4.720    11.7103   3.607349    31.4385       1169     4.8667  0.000e+00
      4.693    11.7133   3.607567    31.4381       1170     4.8708  0.000e+00
      4.664    11.7159   3.607477    31.4350       1171     4.8750  0.000e+00
      4.629    11.7170   3.607189    31.4313       1172     4.8792  0.000e+00
      4.596    11.7170   3.607278    31.4322       1173     4.8833  0.000e+00
      4.549    11.7170   3.607766    31.4369       1174     4.8875  0.000e+00
      4.503    11.7185   3.608099    31.4389       1175     4.8917  0.000e+00
      4.458    11.7209   3.609632    31.4517       1176     4.8958  0.000e+00
      4.409    11.7275   3.609786    31.4477       1177     4.9000  0.000e+00
      4.365    11.7340   3.610139    31.4456       1178     4.9042  0.000e+00
      4.310    11.7378   3.608099    31.4226       1179     4.9083  0.000e+00
      4.270    11.7353   3.607458    31.4185       1180     4.9125  0.000e+00
      4.238    11.7291   3.607233    31.4216       1181     4.9167  0.000e+00
      4.201    11.7240   3.606701    31.4208       1182     4.9208  0.000e+00
      4.174    11.7192   3.607477    31.4324       1183     4.9250  0.000e+00
      4.150    11.7182   3.609940    31.4571       1184     4.9292  0.000e+00
      4.126    11.7275   3.615132    31.4995       1185     4.9333  0.000e+00
      4.107    11.7517   3.617468    31.5016       1186     4.9375  0.000e+00
      4.099    11.7773   3.616197    31.4676       1187     4.9417  0.000e+00
      4.088    11.7931   3.614354    31.4364       1188     4.9458  0.000e+00
      4.082    11.7935   3.614066    31.4333       1189     4.9500  0.000e+00
      4.061    11.7913   3.614444    31.4389       1190     4.9542  0.000e+00
      4.039    11.7901   3.613558    31.4313       1191     4.9583  0.000e+00
      4.000    11.7878   3.617821    31.4745       1192     4.9625  0.000e+00
      3.959    11.7983   3.619176    31.4787       1193     4.9667  0.000e+00
      3.904    11.8137   3.619844    31.4722       1194     4.9708  0.000e+00
      3.844    11.8265   3.621115    31.4736       1195     4.9750  0.000e+00
      3.787    11.8389   3.621404    31.4660       1196     4.9792  0.000e+00
      3.736    11.8490   3.621494    31.4583       1197     4.9833  0.000e+00
      3.689    11.8545   3.620376    31.4429       1198     4.9875  0.000e+00
      3.653    11.8544   3.620492    31.4441       1199     4.9917  0.000e+00
      3.628    11.8531   3.620421    31.4445       1200     4.9958  0.000e+00
      3.604    11.8527   3.619445    31.4354       1201     5.0000  0.000e+00
      3.587    11.8488   3.617820    31.4230       1202     5.0042  0.000e+00
      3.569    11.8403   3.616575    31.4183       1203     5.0083  0.000e+00
      3.549    11.8304   3.618552    31.4457       1204     5.0125  0.000e+00
      3.528    11.8283   3.619464    31.4563       1205     5.0167  0.000e+00
      3.487    11.8324   3.618263    31.4412       1206     5.0208  0.000e+00
      3.444    11.8328   3.618154    31.4399       1207     5.0250  0.000e+00
      3.386    11.8298   3.617352    31.4346       1208     5.0292  0.000e+00
      3.319    11.8275   3.619843    31.4607       1209     5.0333  0.000e+00
      3.247    11.8316   3.620023    31.4590       1210     5.0375  0.000e+00
      3.166    11.8390   3.624032    31.4915       1211     5.0417  0.000e+00
      3.103    11.8559   3.624385    31.4806       1212     5.0458  0.000e+00
      3.050    11.8717   3.627154    31.4940       1213     5.0500  0.000e+00
      3.009    11.8916   3.636659    31.5689       1214     5.0542  0.000e+00
      2.981    11.9366   3.637071    31.5348       1215     5.0583  0.000e+00
      2.953    11.9748   3.636935    31.5012       1216     5.0625  0.000e+00
      2.950    11.9969   3.636266    31.4761       1217     5.0667  0.000e+00
      2.948    12.0065   3.638724    31.4916       1218     5.0708  0.000e+00
      2.950    12.0191   3.640294    31.4961       1219     5.0750  0.000e+00
      2.956    12.0330   3.635345    31.4368       1220     5.0792  0.000e+00
      2.952    12.0264   3.629428    31.3855       1221     5.0833  0.000e+00
      2.943    11.9987   3.632149    31.4349       1222     5.0875  0.000e+00
      2.925    11.9848   3.635590    31.4798       1223     5.0917  0.000e+00
      2.894    11.9901   3.637495    31.4936       1224     5.0958  0.000e+00
      2.860    12.0053   3.641253    31.5170       1225     5.1000  0.000e+00
      2.818    12.0257   3.639373    31.4817       1226     5.1042  0.000e+00
      2.769    12.0377   3.638144    31.4598       1227     5.1083  0.000e+00
      2.711    12.0385   3.638028    31.4580       1228     5.1125  0.000e+00
      2.658    12.0365   3.637874    31.4583       1229     5.1167  0.000e+00
      2.602    12.0349   3.639598    31.4762       1230     5.1208  0.000e+00
      2.543    12.0396   3.639727    31.4735       1231     5.1250  0.000e+00
      2.475    12.0454   3.644414    31.5137       1232     5.1292  0.000e+00
      2.402    12.0632   3.650585    31.5579       1233     5.1333  0.000e+00
      2.334    12.0976   3.650456    31.5277       1234     5.1375  0.000e+00
      2.279    12.1271   3.650005    31.4985       1235     5.1417  0.000e+00
      2.244    12.1421   3.651893    31.5040       1236     5.1458  0.000e+00
      2.212    12.1565   3.654658    31.5184       1237     5.1500  0.000e+00
      2.191    12.1747   3.656102    31.5169       1238     5.1542  0.000e+00
      2.176    12.1937   3.657540    31.5147       1239     5.1583  0.000e+00
      2.167    12.2105   3.658778    31.5124       1240     5.1625  0.000e+00
