HB2403/sbe007.cnv
* Sea-Bird SBE 19plus V2 Data File:
* FileName = C:\cruise\data\sbe007.hex
* Software Version Seasave V 7.26.7.121
* Temperature SN = 6128
* Conductivity SN = 6128
* System UpLoad Time = May 26 2024 09:40:37
* NMEA Latitude = 40 55.93 N
* NMEA Longitude = 070 53.06 W
* NMEA UTC (Time) = May 26 2024  09:40:59
** Ship: Henry Bigelow
** Cruise:  HB2403
** Program:  ECOMON
# nquan = 7
# nvalues = 1839                                  
# units = specified
# name 0 = depSM: Depth [salt water, m]
# name 1 = tv290C: Temperature [ITS-90, deg C]
# name 2 = c0S/m: Conductivity [S/m]
# name 3 = sal00: Salinity, Practical [PSU]
# name 4 = scan: Scan Count
# name 5 = timeM: Time, Elapsed [minutes]
# name 6 = flag:  0.000e+00
# span 0 =      0.023,     47.331                 
# span 1 =     7.1761,    13.4208                 
# span 2 =   0.000013,   3.768113                 
# span 3 =     0.0069,    32.1526                 
# span 4 =         11,       1849                 
# span 5 =     0.0417,     7.7000                 
# span 6 = 0.0000e+00, 0.0000e+00                 
# interval = seconds: 0.25
# start_time = May 26 2024 09:40:59 [NMEA time, header]
# bad_flag = -9.990e-29
*END*
[from data line 1026]
     19.104     8.6543   3.371316    31.7228       1037     4.3167  0.000e+00
     19.068     8.6538   3.371178    31.7218       1038     4.3208  0.000e+00
     19.033     8.6529   3.371010    31.7209       1039     4.3250  0.000e+00
     18.999     8.6519   3.370810    31.7197       1040     4.3292  0.000e+00
     18.974     8.6507   3.370741    31.7201       1041     4.3333  0.000e+00
     18.942     8.6498   3.370747    31.7210       1042     4.3375  0.000e+00
     18.906     8.6491   3.370722    31.7214       1043     4.3417  0.000e+00
     18.873     8.6487   3.370660    31.7211       1044     4.3458  0.000e+00
     18.850     8.6484   3.370541    31.7202       1045     4.3500  0.000e+00
     18.828     8.6477   3.370441    31.7197       1046     4.3542  0.000e+00
     18.794     8.6470   3.370417    31.7201       1047     4.3583  0.000e+00
     18.776     8.6463   3.370360    31.7201       1048     4.3625  0.000e+00
     18.754     8.6459   3.370273    31.7196       1049     4.3667  0.000e+00
     18.734     8.6453   3.370317    31.7206       1050     4.3708  0.000e+00
     18.709     8.6451   3.370292    31.7206       1051     4.3750  0.000e+00
     18.685     8.6450   3.370142    31.7191       1052     4.3792  0.000e+00
     18.672     8.6444   3.370054    31.7187       1053     4.3833  0.000e+00
     18.645     8.6438   3.369986    31.7185       1054     4.3875  0.000e+00
     18.631     8.6434   3.369930    31.7183       1055     4.3917  0.000e+00
     18.610     8.6428   3.369842    31.7179       1056     4.3958  0.000e+00
     18.586     8.6422   3.369842    31.7185       1057     4.4000  0.000e+00
     18.563     8.6416   3.369867    31.7193       1058     4.4042  0.000e+00
     18.547     8.6416   3.369842    31.7191       1059     4.4083  0.000e+00
     18.514     8.6418   3.369823    31.7187       1060     4.4125  0.000e+00
     18.493     8.6417   3.369798    31.7186       1061     4.4167  0.000e+00
     18.467     8.6417   3.369661    31.7171       1062     4.4208  0.000e+00
     18.443     8.6415   3.369474    31.7154       1063     4.4250  0.000e+00
     18.417     8.6405   3.369374    31.7152       1064     4.4292  0.000e+00
     18.389     8.6396   3.368849    31.7105       1065     4.4333  0.000e+00
     18.365     8.6377   3.368306    31.7066       1066     4.4375  0.000e+00
     18.340     8.6346   3.367364    31.6995       1067     4.4417  0.000e+00
     18.305     8.6299   3.366977    31.6997       1068     4.4458  0.000e+00
     18.284     8.6253   3.366571    31.6996       1069     4.4500  0.000e+00
     18.251     8.6212   3.366203    31.6995       1070     4.4542  0.000e+00
     18.226     8.6176   3.365735    31.6978       1071     4.4583  0.000e+00
     18.199     8.6141   3.365492    31.6985       1072     4.4625  0.000e+00
     18.172     8.6109   3.365367    31.7000       1073     4.4667  0.000e+00
     18.137     8.6088   3.365280    31.7010       1074     4.4708  0.000e+00
     18.108     8.6070   3.365180    31.7016       1075     4.4750  0.000e+00
     18.079     8.6059   3.365086    31.7017       1076     4.4792  0.000e+00
     18.055     8.6046   3.364855    31.7004       1077     4.4833  0.000e+00
     18.029     8.6035   3.364674    31.6995       1078     4.4875  0.000e+00
     17.996     8.6023   3.364362    31.6974       1079     4.4917  0.000e+00
     17.978     8.6008   3.364225    31.6973       1080     4.4958  0.000e+00
     17.960     8.5995   3.364050    31.6966       1081     4.5000  0.000e+00
     17.928     8.5983   3.363957    31.6967       1082     4.5042  0.000e+00
     17.908     8.5971   3.363838    31.6965       1083     4.5083  0.000e+00
     17.887     8.5962   3.363714    31.6961       1084     4.5125  0.000e+00
     17.867     8.5957   3.363620    31.6955       1085     4.5167  0.000e+00
     17.845     8.5951   3.363545    31.6954       1086     4.5208  0.000e+00
     17.824     8.5950   3.363539    31.6954       1087     4.5250  0.000e+00
     17.802     8.5949   3.363632    31.6964       1088     4.5292  0.000e+00
     17.783     8.5955   3.363732    31.6970       1089     4.5333  0.000e+00
     17.771     8.5965   3.363976    31.6985       1090     4.5375  0.000e+00
     17.749     8.5982   3.364094    31.6983       1091     4.5417  0.000e+00
     17.735     8.6006   3.363882    31.6939       1092     4.5458  0.000e+00
     17.722     8.6022   3.363713    31.6907       1093     4.5500  0.000e+00
     17.698     8.6031   3.363601    31.6888       1094     4.5542  0.000e+00
     17.684     8.6033   3.363320    31.6857       1095     4.5583  0.000e+00
     17.664     8.6029   3.363364    31.6865       1096     4.5625  0.000e+00
     17.635     8.6031   3.363832    31.6912       1097     4.5667  0.000e+00
     17.629     8.6051   3.364587    31.6973       1098     4.5708  0.000e+00
     17.605     8.6096   3.365180    31.6995       1099     4.5750  0.000e+00
     17.584     8.6151   3.365298    31.6958       1100     4.5792  0.000e+00
     17.572     8.6197   3.364874    31.6873       1101     4.5833  0.000e+00
     17.550     8.6219   3.364437    31.6808       1102     4.5875  0.000e+00
     17.532     8.6218   3.364331    31.6797       1103     4.5917  0.000e+00
     17.506     8.6210   3.364406    31.6813       1104     4.5958  0.000e+00
     17.490     8.6209   3.364418    31.6815       1105     4.6000  0.000e+00
     17.471     8.6212   3.364468    31.6817       1106     4.6042  0.000e+00
     17.460     8.6220   3.364393    31.6803       1107     4.6083  0.000e+00
     17.436     8.6229   3.364568    31.6812       1108     4.6125  0.000e+00
     17.428     8.6242   3.364630    31.6808       1109     4.6167  0.000e+00
     17.410     8.6254   3.364693    31.6803       1110     4.6208  0.000e+00
     17.393     8.6268   3.364718    31.6793       1111     4.6250  0.000e+00
     17.377     8.6279   3.364711    31.6783       1112     4.6292  0.000e+00
     17.357     8.6287   3.364699    31.6775       1113     4.6333  0.000e+00
     17.337     8.6296   3.364805    31.6778       1114     4.6375  0.000e+00
     17.321     8.6306   3.364917    31.6780       1115     4.6417  0.000e+00
     17.299     8.6320   3.365104    31.6788       1116     4.6458  0.000e+00
     17.265     8.6339   3.365485    31.6811       1117     4.6500  0.000e+00
     17.245     8.6368   3.365728    31.6810       1118     4.6542  0.000e+00
     17.222     8.6398   3.366103    31.6822       1119     4.6583  0.000e+00
     17.194     8.6433   3.366352    31.6817       1120     4.6625  0.000e+00
     17.165     8.6467   3.366652    31.6818       1121     4.6667  0.000e+00
     17.141     8.6499   3.366914    31.6817       1122     4.6708  0.000e+00
     17.109     8.6533   3.367326    31.6830       1123     4.6750  0.000e+00
     17.087     8.6569   3.367582    31.6824       1124     4.6792  0.000e+00
     17.060     8.6604   3.367856    31.6821       1125     4.6833  0.000e+00
     17.032     8.6639   3.368206    31.6827       1126     4.6875  0.000e+00
     17.010     8.6673   3.368505    31.6827       1127     4.6917  0.000e+00
     16.981     8.6710   3.368799    31.6826       1128     4.6958  0.000e+00
     16.959     8.6746   3.369105    31.6825       1129     4.7000  0.000e+00
     16.939     8.6781   3.369310    31.6815       1130     4.7042  0.000e+00
     16.912     8.6814   3.369454    31.6800       1131     4.7083  0.000e+00
     16.899     8.6841   3.369579    31.6789       1132     4.7125  0.000e+00
     16.879     8.6864   3.369648    31.6776       1133     4.7167  0.000e+00
     16.864     8.6881   3.369741    31.6771       1134     4.7208  0.000e+00
     16.851     8.6894   3.369754    31.6760       1135     4.7250  0.000e+00
     16.835     8.6904   3.369779    31.6754       1136     4.7292  0.000e+00
     16.829     8.6910   3.369772    31.6748       1137     4.7333  0.000e+00
     16.821     8.6914   3.369779    31.6745       1138     4.7375  0.000e+00
     16.808     8.6917   3.369816    31.6747       1139     4.7417  0.000e+00
     16.806     8.6920   3.369866    31.6750       1140     4.7458  0.000e+00
     16.813     8.6921   3.369903    31.6752       1141     4.7500  0.000e+00
     16.803     8.6926   3.369928    31.6751       1142     4.7542  0.000e+00
     16.793     8.6929   3.369947    31.6750       1143     4.7583  0.000e+00
     16.791     8.6933   3.369754    31.6726       1144     4.7625  0.000e+00
     16.782     8.6936   3.370028    31.6752       1145     4.7667  0.000e+00
     16.769     8.6942   3.370097    31.6754       1146     4.7708  0.000e+00
     16.754     8.6948   3.370109    31.6750       1147     4.7750  0.000e+00
     16.740     8.6959   3.370122    31.6742       1148     4.7792  0.000e+00
     16.718     8.6969   3.370209    31.6742       1149     4.7833  0.000e+00
     16.699     8.6980   3.370247    31.6736       1150     4.7875  0.000e+00
     16.676     8.6990   3.370290    31.6732       1151     4.7917  0.000e+00
     16.654     8.7000   3.370290    31.6723       1152     4.7958  0.000e+00
     16.620     8.7008   3.370272    31.6714       1153     4.8000  0.000e+00
     16.591     8.7012   3.370334    31.6717       1154     4.8042  0.000e+00
     16.565     8.7015   3.370371    31.6718       1155     4.8083  0.000e+00
     16.540     8.7020   3.370484    31.6726       1156     4.8125  0.000e+00
     16.511     8.7027   3.370553    31.6726       1157     4.8167  0.000e+00
     16.478     8.7035   3.370577    31.6722       1158     4.8208  0.000e+00
     16.452     8.7046   3.370615    31.6716       1159     4.8250  0.000e+00
     16.440     8.7057   3.370721    31.6717       1160     4.8292  0.000e+00
     16.409     8.7065   3.370702    31.6708       1161     4.8333  0.000e+00
     16.389     8.7073   3.370783    31.6710       1162     4.8375  0.000e+00
     16.366     8.7078   3.370896    31.6717       1163     4.8417  0.000e+00
     16.340     8.7090   3.370927    31.6710       1164     4.8458  0.000e+00
     16.326     8.7099   3.371002    31.6710       1165     4.8500  0.000e+00
     16.307     8.7108   3.371133    31.6715       1166     4.8542  0.000e+00
     16.293     8.7120   3.371133    31.6705       1167     4.8583  0.000e+00
     16.282     8.7134   3.371171    31.6696       1168     4.8625  0.000e+00
     16.265     8.7143   3.371152    31.6686       1169     4.8667  0.000e+00
     16.256     8.7147   3.371152    31.6683       1170     4.8708  0.000e+00
     16.253     8.7150   3.371327    31.6698       1171     4.8750  0.000e+00
     16.248     8.7163   3.371377    31.6692       1172     4.8792  0.000e+00
     16.243     8.7176   3.371414    31.6684       1173     4.8833  0.000e+00
     16.233     8.7185   3.371339    31.6668       1174     4.8875  0.000e+00
     16.226     8.7187   3.371495    31.6683       1175     4.8917  0.000e+00
     16.218     8.7196   3.371520    31.6678       1176     4.8958  0.000e+00
     16.209     8.7203   3.371601    31.6679       1177     4.9000  0.000e+00
     16.194     8.7212   3.371520    31.6663       1178     4.9042  0.000e+00
     16.182     8.7215   3.371520    31.6660       1179     4.9083  0.000e+00
     16.164     8.7214   3.371389    31.6648       1180     4.9125  0.000e+00
     16.144     8.7208   3.371501    31.6665       1181     4.9167  0.000e+00
     16.117     8.7206   3.371564    31.6674       1182     4.9208  0.000e+00
     16.089     8.7214   3.371745    31.6686       1183     4.9250  0.000e+00
     16.066     8.7225   3.371776    31.6679       1184     4.9292  0.000e+00
     16.034     8.7237   3.371888    31.6680       1185     4.9333  0.000e+00
     16.003     8.7251   3.371926    31.6672       1186     4.9375  0.000e+00
     15.970     8.7261   3.372032    31.6673       1187     4.9417  0.000e+00
     15.941     8.7273   3.371995    31.6659       1188     4.9458  0.000e+00
     15.907     8.7280   3.371970    31.6650       1189     4.9500  0.000e+00
     15.881     8.7281   3.372038    31.6657       1190     4.9542  0.000e+00
     15.840     8.7285   3.372051    31.6655       1191     4.9583  0.000e+00
     15.814     8.7289   3.372082    31.6654       1192     4.9625  0.000e+00
     15.791     8.7293   3.372076    31.6650       1193     4.9667  0.000e+00
     15.761     8.7295   3.372126    31.6654       1194     4.9708  0.000e+00
     15.744     8.7298   3.372082    31.6647       1195     4.9750  0.000e+00
     15.722     8.7301   3.372132    31.6649       1196     4.9792  0.000e+00
     15.710     8.7303   3.372163    31.6651       1197     4.9833  0.000e+00
     15.688     8.7305   3.372157    31.6648       1198     4.9875  0.000e+00
     15.677     8.7308   3.372126    31.6642       1199     4.9917  0.000e+00
     15.665     8.7308   3.372238    31.6655       1200     4.9958  0.000e+00
     15.652     8.7311   3.372250    31.6653       1201     5.0000  0.000e+00
     15.649     8.7314   3.372238    31.6649       1202     5.0042  0.000e+00
     15.641     8.7316   3.372232    31.6647       1203     5.0083  0.000e+00
     15.636     8.7318   3.372175    31.6639       1204     5.0125  0.000e+00
     15.630     8.7316   3.372232    31.6647       1205     5.0167  0.000e+00
     15.620     8.7318   3.372275    31.6649       1206     5.0208  0.000e+00
     15.611     8.7320   3.372232    31.6643       1207     5.0250  0.000e+00
     15.602     8.7320   3.372194    31.6639       1208     5.0292  0.000e+00
     15.587     8.7319   3.372294    31.6651       1209     5.0333  0.000e+00
     15.565     8.7320   3.372300    31.6651       1210     5.0375  0.000e+00
     15.533     8.7323   3.372275    31.6645       1211     5.0417  0.000e+00
     15.507     8.7326   3.372382    31.6654       1212     5.0458  0.000e+00
     15.477     8.7332   3.372469    31.6658       1213     5.0500  0.000e+00
     15.448     8.7338   3.372619    31.6668       1214     5.0542  0.000e+00
     15.414     8.7348   3.372769    31.6675       1215     5.0583  0.000e+00
     15.379     8.7362   3.372962    31.6683       1216     5.0625  0.000e+00
     15.346     8.7380   3.373012    31.6672       1217     5.0667  0.000e+00
     15.306     8.7394   3.373112    31.6670       1218     5.0708  0.000e+00
     15.288     8.7408   3.373037    31.6650       1219     5.0750  0.000e+00
     15.257     8.7415   3.373068    31.6647       1220     5.0792  0.000e+00
     15.223     8.7421   3.373262    31.6662       1221     5.0833  0.000e+00
     15.203     8.7431   3.373349    31.6662       1222     5.0875  0.000e+00
     15.183     8.7443   3.373630    31.6681       1223     5.0917  0.000e+00
     15.165     8.7460   3.373718    31.6675       1224     5.0958  0.000e+00
     15.151     8.7480   3.373712    31.6657       1225     5.1000  0.000e+00
     15.131     8.7490   3.373762    31.6652       1226     5.1042  0.000e+00
     15.115     8.7501   3.373874    31.6655       1227     5.1083  0.000e+00
     15.099     8.7511   3.373974    31.6656       1228     5.1125  0.000e+00
     15.082     8.7521   3.374124    31.6663       1229     5.1167  0.000e+00
     15.061     8.7538   3.374236    31.6660       1230     5.1208  0.000e+00
     15.052     8.7554   3.374305    31.6653       1231     5.1250  0.000e+00
     15.037     8.7571   3.374411    31.6649       1232     5.1292  0.000e+00
     15.014     8.7585   3.374573    31.6653       1233     5.1333  0.000e+00
     14.996     8.7602   3.374711    31.6652       1234     5.1375  0.000e+00
     14.975     8.7623   3.374898    31.6653       1235     5.1417  0.000e+00
     14.959     8.7644   3.375098    31.6655       1236     5.1458  0.000e+00
     14.935     8.7668   3.375204    31.6645       1237     5.1500  0.000e+00
     14.911     8.7690   3.375373    31.6643       1238     5.1542  0.000e+00
     14.886     8.7710   3.375510    31.6639       1239     5.1583  0.000e+00
     14.864     8.7731   3.375885    31.6660       1240     5.1625  0.000e+00
