HB2403/sbe058.cnv
* Sea-Bird SBE 19plus V2 Data File:
* FileName = C:\cruise\data\sbe058.hex
* Software Version Seasave V 7.26.7.121
* Temperature SN = 6128
* Conductivity SN = 6128
* System UpLoad Time = Jun 06 2024 23:35:47
* NMEA Latitude = 40 15.72 N
* NMEA Longitude = 069 03.20 W
* NMEA UTC (Time) = Jun 06 2024  23:36:20
** Ship: Henry Bigelow
** Cruise:  HB2403
** Program:  ECOMON
# nquan = 7
# nvalues = 2246                                  
# units = specified
# name 0 = depSM: Depth [salt water, m]
# name 1 = tv290C: Temperature [ITS-90, deg C]
# name 2 = c0S/m: Conductivity [S/m]
# name 3 = sal00: Salinity, Practical [PSU]
# name 4 = scan: Scan Count
# name 5 = timeM: Time, Elapsed [minutes]
# name 6 = flag:  0.000e+00
# span 0 =     -0.313,     96.625                 
# span 1 =     7.8598,    15.8307                 
# span 2 =   0.000067,   3.890649                 
# span 3 =     0.0081,    33.4712                 
# span 4 =         11,       2256                 
# span 5 =     0.0417,     9.3958                 
# span 6 = 0.0000e+00, 0.0000e+00                 
# interval = seconds: 0.25
# start_time = Jun 06 2024 23:36:20 [NMEA time, header]
# bad_flag = -9.990e-29
*END*
[from data line 1847]
     17.585    11.4167   3.682340    32.4164       1858     7.7375  0.000e+00
     17.493    11.4517   3.685787    32.4195       1859     7.7417  0.000e+00
     17.392    11.4875   3.687837    32.4082       1860     7.7458  0.000e+00
     17.293    11.5192   3.688697    32.3889       1861     7.7500  0.000e+00
     17.202    11.5423   3.689221    32.3739       1862     7.7542  0.000e+00
     17.123    11.5592   3.690567    32.3723       1863     7.7583  0.000e+00
     17.045    11.5728   3.691719    32.3717       1864     7.7625  0.000e+00
     16.982    11.5871   3.693344    32.3750       1865     7.7667  0.000e+00
     16.927    11.6017   3.693823    32.3669       1866     7.7708  0.000e+00
     16.880    11.6138   3.694710    32.3651       1867     7.7750  0.000e+00
     16.828    11.6247   3.697255    32.3804       1868     7.7792  0.000e+00
     16.791    11.6420   3.699911    32.3912       1869     7.7833  0.000e+00
     16.747    11.6628   3.698608    32.3603       1870     7.7875  0.000e+00
     16.709    11.6735   3.699023    32.3551       1871     7.7917  0.000e+00
     16.665    11.6799   3.700228    32.3612       1872     7.7958  0.000e+00
     16.622    11.6881   3.702606    32.3772       1873     7.8000  0.000e+00
     16.573    11.7021   3.704135    32.3799       1874     7.8042  0.000e+00
     16.521    11.7184   3.704342    32.3677       1875     7.8083  0.000e+00
     16.457    11.7319   3.705431    32.3665       1876     7.8125  0.000e+00
     16.399    11.7436   3.706241    32.3643       1877     7.8167  0.000e+00
     16.336    11.7538   3.706306    32.3561       1878     7.8208  0.000e+00
     16.274    11.7615   3.708186    32.3676       1879     7.8250  0.000e+00
     16.223    11.7719   3.710313    32.3792       1880     7.8292  0.000e+00
     16.165    11.7913   3.717146    32.4287       1881     7.8333  0.000e+00
     16.120    11.8266   3.717840    32.4046       1882     7.8375  0.000e+00
     16.078    11.8590   3.719794    32.3954       1883     7.8417  0.000e+00
     16.042    11.8851   3.720085    32.3755       1884     7.8458  0.000e+00
     16.003    11.9029   3.720728    32.3663       1885     7.8500  0.000e+00
     15.972    11.9148   3.720734    32.3560       1886     7.8542  0.000e+00
     15.934    11.9223   3.721351    32.3555       1887     7.8583  0.000e+00
     15.898    11.9287   3.721650    32.3528       1888     7.8625  0.000e+00
     15.855    11.9334   3.721832    32.3505       1889     7.8667  0.000e+00
     15.811    11.9374   3.722825    32.3567       1890     7.8708  0.000e+00
     15.764    11.9428   3.723143    32.3551       1891     7.8750  0.000e+00
     15.710    11.9484   3.722572    32.3447       1892     7.8792  0.000e+00
     15.654    11.9501   3.723975    32.3568       1893     7.8833  0.000e+00
     15.597    11.9543   3.725034    32.3634       1894     7.8875  0.000e+00
     15.532    11.9627   3.725696    32.3625       1895     7.8917  0.000e+00
     15.474    11.9707   3.726476    32.3632       1896     7.8958  0.000e+00
     15.413    11.9794   3.729822    32.3880       1897     7.9000  0.000e+00
     15.359    11.9973   3.731207    32.3858       1898     7.9042  0.000e+00
     15.303    12.0174   3.732273    32.3787       1899     7.9083  0.000e+00
     15.249    12.0352   3.733209    32.3724       1900     7.9125  0.000e+00
     15.205    12.0506   3.733768    32.3644       1901     7.9167  0.000e+00
     15.149    12.0632   3.734470    32.3602       1902     7.9208  0.000e+00
     15.101    12.0739   3.734275    32.3491       1903     7.9250  0.000e+00
     15.046    12.0805   3.735660    32.3567       1904     7.9292  0.000e+00
     14.999    12.0895   3.736603    32.3581       1905     7.9333  0.000e+00
     14.947    12.1001   3.736440    32.3473       1906     7.9375  0.000e+00
     14.889    12.1077   3.737214    32.3483       1907     7.9417  0.000e+00
     14.832    12.1141   3.737988    32.3502       1908     7.9458  0.000e+00
     14.769    12.1220   3.738151    32.3449       1909     7.9500  0.000e+00
     14.711    12.1286   3.738339    32.3411       1910     7.9542  0.000e+00
     14.653    12.1333   3.738404    32.3376       1911     7.9583  0.000e+00
     14.597    12.1364   3.738820    32.3390       1912     7.9625  0.000e+00
     14.543    12.1398   3.738846    32.3363       1913     7.9667  0.000e+00
     14.503    12.1427   3.738983    32.3351       1914     7.9708  0.000e+00
     14.465    12.1447   3.738729    32.3310       1915     7.9750  0.000e+00
     14.432    12.1447   3.738846    32.3321       1916     7.9792  0.000e+00
     14.408    12.1451   3.739263    32.3358       1917     7.9833  0.000e+00
     14.390    12.1469   3.739516    32.3366       1918     7.9875  0.000e+00
     14.374    12.1495   3.739770    32.3369       1919     7.9917  0.000e+00
     14.355    12.1527   3.739770    32.3341       1920     7.9958  0.000e+00
     14.344    12.1545   3.740024    32.3350       1921     8.0000  0.000e+00
     14.324    12.1563   3.740167    32.3348       1922     8.0042  0.000e+00
     14.299    12.1588   3.740531    32.3362       1923     8.0083  0.000e+00
     14.263    12.1620   3.740629    32.3344       1924     8.0125  0.000e+00
     14.222    12.1643   3.740902    32.3350       1925     8.0167  0.000e+00
     14.170    12.1669   3.741553    32.3391       1926     8.0208  0.000e+00
     14.114    12.1720   3.741774    32.3368       1927     8.0250  0.000e+00
     14.058    12.1768   3.741644    32.3314       1928     8.0292  0.000e+00
     13.995    12.1791   3.742060    32.3335       1929     8.0333  0.000e+00
     13.926    12.1819   3.742392    32.3342       1930     8.0375  0.000e+00
     13.856    12.1857   3.742451    32.3316       1931     8.0417  0.000e+00
     13.778    12.1884   3.742314    32.3280       1932     8.0458  0.000e+00
     13.707    12.1899   3.742457    32.3280       1933     8.0500  0.000e+00
     13.640    12.1909   3.742705    32.3296       1934     8.0542  0.000e+00
     13.587    12.1931   3.742867    32.3293       1935     8.0583  0.000e+00
     13.537    12.1956   3.743381    32.3321       1936     8.0625  0.000e+00
     13.495    12.1992   3.743355    32.3288       1937     8.0667  0.000e+00
     13.464    12.2020   3.742965    32.3226       1938     8.0708  0.000e+00
     13.448    12.2020   3.743030    32.3233       1939     8.0750  0.000e+00
     13.430    12.2010   3.742958    32.3234       1940     8.0792  0.000e+00
     13.431    12.2003   3.743271    32.3270       1941     8.0833  0.000e+00
     13.434    12.2011   3.743518    32.3287       1942     8.0875  0.000e+00
     13.440    12.2032   3.743564    32.3273       1943     8.0917  0.000e+00
     13.445    12.2050   3.743557    32.3257       1944     8.0958  0.000e+00
     13.456    12.2060   3.743537    32.3246       1945     8.1000  0.000e+00
     13.476    12.2065   3.743375    32.3226       1946     8.1042  0.000e+00
     13.492    12.2060   3.743472    32.3240       1947     8.1083  0.000e+00
     13.508    12.2056   3.743472    32.3243       1948     8.1125  0.000e+00
     13.525    12.2053   3.743537    32.3252       1949     8.1167  0.000e+00
     13.532    12.2054   3.743401    32.3239       1950     8.1208  0.000e+00
     13.528    12.2050   3.743492    32.3251       1951     8.1250  0.000e+00
     13.510    12.2049   3.743759    32.3277       1952     8.1292  0.000e+00
     13.476    12.2063   3.743583    32.3248       1953     8.1333  0.000e+00
     13.427    12.2069   3.743726    32.3257       1954     8.1375  0.000e+00
     13.363    12.2077   3.744221    32.3298       1955     8.1417  0.000e+00
     13.293    12.2106   3.745184    32.3366       1956     8.1458  0.000e+00
     13.203    12.2167   3.747620    32.3547       1957     8.1500  0.000e+00
     13.112    12.2334   3.754095    32.4025       1958     8.1542  0.000e+00
     13.017    12.2734   3.760203    32.4266       1959     8.1583  0.000e+00
     12.914    12.3296   3.769369    32.4659       1960     8.1625  0.000e+00
     12.823    12.4024   3.773684    32.4443       1961     8.1667  0.000e+00
     12.736    12.4818   3.775557    32.3937       1962     8.1708  0.000e+00
     12.641    12.5425   3.777379    32.3588       1963     8.1750  0.000e+00
     12.564    12.5920   3.778757    32.3294       1964     8.1792  0.000e+00
     12.505    12.6386   3.779116    32.2929       1965     8.1833  0.000e+00
     12.452    12.6808   3.779880    32.2640       1966     8.1875  0.000e+00
     12.414    12.7193   3.781010    32.2418       1967     8.1917  0.000e+00
     12.379    12.7576   3.781944    32.2179       1968     8.1958  0.000e+00
     12.352    12.7920   3.782264    32.1917       1969     8.2000  0.000e+00
     12.336    12.8173   3.783466    32.1815       1970     8.2042  0.000e+00
     12.318    12.8420   3.784048    32.1660       1971     8.2083  0.000e+00
     12.317    12.8673   3.784499    32.1487       1972     8.2125  0.000e+00
     12.323    12.8861   3.784806    32.1356       1973     8.2167  0.000e+00
     12.333    12.8991   3.784354    32.1204       1974     8.2208  0.000e+00
     12.349    12.9024   3.783393    32.1084       1975     8.2250  0.000e+00
     12.366    12.8918   3.782995    32.1136       1976     8.2292  0.000e+00
     12.380    12.8778   3.783041    32.1260       1977     8.2333  0.000e+00
     12.392    12.8686   3.782956    32.1330       1978     8.2375  0.000e+00
     12.399    12.8629   3.783276    32.1409       1979     8.2417  0.000e+00
     12.394    12.8621   3.783400    32.1427       1980     8.2458  0.000e+00
     12.376    12.8635   3.783557    32.1431       1981     8.2500  0.000e+00
     12.359    12.8693   3.784538    32.1474       1982     8.2542  0.000e+00
     12.336    12.8822   3.786094    32.1511       1983     8.2583  0.000e+00
     12.312    12.9073   3.786636    32.1349       1984     8.2625  0.000e+00
     12.289    12.9338   3.787002    32.1159       1985     8.2667  0.000e+00
     12.269    12.9536   3.787571    32.1044       1986     8.2708  0.000e+00
     12.242    12.9698   3.788002    32.0948       1987     8.2750  0.000e+00
     12.214    12.9871   3.789121    32.0907       1988     8.2792  0.000e+00
     12.178    13.0095   3.789676    32.0770       1989     8.2833  0.000e+00
     12.140    13.0314   3.790618    32.0674       1990     8.2875  0.000e+00
     12.087    13.0505   3.791246    32.0571       1991     8.2917  0.000e+00
     12.026    13.0736   3.791704    32.0419       1992     8.2958  0.000e+00
     11.948    13.0946   3.793418    32.0404       1993     8.3000  0.000e+00
     11.867    13.1182   3.796592    32.0503       1994     8.3042  0.000e+00
     11.780    13.1560   3.799918    32.0497       1995     8.3083  0.000e+00
     11.700    13.2042   3.800598    32.0155       1996     8.3125  0.000e+00
     11.617    13.2427   3.803192    32.0073       1997     8.3167  0.000e+00
     11.543    13.2806   3.804154    31.9845       1998     8.3208  0.000e+00
     11.488    13.3136   3.805464    31.9691       1999     8.3250  0.000e+00
     11.446    13.3419   3.805949    31.9499       2000     8.3292  0.000e+00
     11.423    13.3626   3.806361    31.9364       2001     8.3333  0.000e+00
     11.421    13.3772   3.806020    31.9210       2002     8.3375  0.000e+00
     11.423    13.3838   3.806027    31.9155       2003     8.3417  0.000e+00
     11.451    13.3865   3.806138    31.9142       2004     8.3458  0.000e+00
     11.480    13.3888   3.806112    31.9121       2005     8.3500  0.000e+00
     11.523    13.3898   3.805929    31.9095       2006     8.3542  0.000e+00
     11.572    13.3894   3.805509    31.9059       2007     8.3583  0.000e+00
     11.626    13.3859   3.804507    31.8995       2008     8.3625  0.000e+00
     11.675    13.3761   3.803033    31.8939       2009     8.3667  0.000e+00
     11.720    13.3591   3.801775    31.8964       2010     8.3708  0.000e+00
     11.757    13.3382   3.800498    31.9020       2011     8.3750  0.000e+00
     11.774    13.3171   3.800361    31.9183       2012     8.3792  0.000e+00
     11.772    13.3003   3.800388    31.9326       2013     8.3833  0.000e+00
     11.738    13.2904   3.800434    31.9414       2014     8.3875  0.000e+00
     11.681    13.2865   3.801776    31.9573       2015     8.3917  0.000e+00
     11.602    13.2927   3.804868    31.9811       2016     8.3958  0.000e+00
     11.506    13.3163   3.806251    31.9742       2017     8.4000  0.000e+00
     11.401    13.3454   3.807364    31.9602       2018     8.4042  0.000e+00
     11.289    13.3719   3.808341    31.9471       2019     8.4083  0.000e+00
     11.179    13.3951   3.809022    31.9341       2020     8.4125  0.000e+00
     11.069    13.4140   3.809376    31.9216       2021     8.4167  0.000e+00
     10.978    13.4286   3.809965    31.9149       2022     8.4208  0.000e+00
     10.908    13.4408   3.810234    31.9073       2023     8.4250  0.000e+00
     10.861    13.4499   3.810273    31.9000       2024     8.4292  0.000e+00
     10.827    13.4559   3.810457    31.8967       2025     8.4333  0.000e+00
     10.810    13.4605   3.810680    31.8950       2026     8.4375  0.000e+00
     10.810    13.4643   3.810601    31.8910       2027     8.4417  0.000e+00
     10.819    13.4665   3.810614    31.8893       2028     8.4458  0.000e+00
     10.839    13.4673   3.810601    31.8886       2029     8.4500  0.000e+00
     10.860    13.4677   3.810660    31.8887       2030     8.4542  0.000e+00
     10.886    13.4681   3.810653    31.8883       2031     8.4583  0.000e+00
     10.909    13.4686   3.810634    31.8877       2032     8.4625  0.000e+00
     10.929    13.4688   3.810627    31.8874       2033     8.4667  0.000e+00
     10.952    13.4685   3.810634    31.8878       2034     8.4708  0.000e+00
     10.961    13.4679   3.810745    31.8893       2035     8.4750  0.000e+00
     10.952    13.4680   3.810614    31.8880       2036     8.4792  0.000e+00
     10.930    13.4678   3.810981    31.8916       2037     8.4833  0.000e+00
     10.891    13.4689   3.810975    31.8906       2038     8.4875  0.000e+00
     10.834    13.4702   3.810837    31.8883       2039     8.4917  0.000e+00
     10.767    13.4701   3.811020    31.8901       2040     8.4958  0.000e+00
     10.691    13.4709   3.811027    31.8895       2041     8.5000  0.000e+00
     10.607    13.4723   3.811335    31.8913       2042     8.5042  0.000e+00
     10.541    13.4745   3.811289    31.8890       2043     8.5083  0.000e+00
     10.470    13.4761   3.811381    31.8886       2044     8.5125  0.000e+00
     10.417    13.4778   3.811551    31.8888       2045     8.5167  0.000e+00
     10.372    13.4804   3.811669    31.8877       2046     8.5208  0.000e+00
     10.343    13.4821   3.811551    31.8852       2047     8.5250  0.000e+00
     10.317    13.4826   3.811538    31.8847       2048     8.5292  0.000e+00
     10.300    13.4825   3.811381    31.8833       2049     8.5333  0.000e+00
     10.281    13.4819   3.811466    31.8847       2050     8.5375  0.000e+00
     10.265    13.4810   3.811446    31.8852       2051     8.5417  0.000e+00
     10.252    13.4806   3.811525    31.8863       2052     8.5458  0.000e+00
     10.241    13.4811   3.811853    31.8889       2053     8.5500  0.000e+00
     10.243    13.4832   3.812023    31.8887       2054     8.5542  0.000e+00
     10.241    13.4864   3.811984    31.8857       2055     8.5583  0.000e+00
     10.236    13.4882   3.811741    31.8819       2056     8.5625  0.000e+00
     10.233    13.4878   3.811649    31.8814       2057     8.5667  0.000e+00
     10.226    13.4861   3.811787    31.8841       2058     8.5708  0.000e+00
     10.219    13.4857   3.811807    31.8846       2059     8.5750  0.000e+00
     10.197    13.4863   3.811925    31.8852       2060     8.5792  0.000e+00
     10.175    13.4868   3.811984    31.8854       2061     8.5833  0.000e+00
