HB2403/sbe075.cnv
* Sea-Bird SBE 19plus V2 Data File:
* FileName = C:\cruise\data\sbe075.hex
* Software Version Seasave V 7.26.7.121
* Temperature SN = 6128
* Conductivity SN = 6128
* System UpLoad Time = Jun 08 2024 07:39:09
* NMEA Latitude = 41 18.88 N
* NMEA Longitude = 066 27.30 W
* NMEA UTC (Time) = Jun 08 2024  07:39:44
** Ship: Henry Bigelow
** Cruise:  HB2403
** Program:  ECOMON
# nquan = 7
# nvalues = 2035                                  
# units = specified
# name 0 = depSM: Depth [salt water, m]
# name 1 = tv290C: Temperature [ITS-90, deg C]
# name 2 = c0S/m: Conductivity [S/m]
# name 3 = sal00: Salinity, Practical [PSU]
# name 4 = scan: Scan Count
# name 5 = timeM: Time, Elapsed [minutes]
# name 6 = flag:  0.000e+00
# span 0 =     -0.050,     90.924                 
# span 1 =     6.1272,    12.7506                 
# span 2 =   0.000120,   3.710984                 
# span 3 =     0.0067,    33.7829                 
# span 4 =         11,       2045                 
# span 5 =     0.0417,     8.5167                 
# span 6 = 0.0000e+00, 0.0000e+00                 
# interval = seconds: 0.25
# start_time = Jun 08 2024 07:39:44 [NMEA time, header]
# bad_flag = -9.990e-29
*END*
[from data line 1231]
     49.359     6.1672   3.197163    32.1228       1242     5.1708  0.000e+00
     49.321     6.1644   3.196881    32.1225       1243     5.1750  0.000e+00
     49.268     6.1613   3.196270    32.1186       1244     5.1792  0.000e+00
     49.212     6.1574   3.196147    32.1209       1245     5.1833  0.000e+00
     49.152     6.1541   3.196129    32.1239       1246     5.1875  0.000e+00
     49.085     6.1522   3.196086    32.1253       1247     5.1917  0.000e+00
     49.015     6.1510   3.196111    32.1266       1248     5.1958  0.000e+00
     48.942     6.1506   3.196111    32.1271       1249     5.2000  0.000e+00
     48.875     6.1504   3.196068    32.1268       1250     5.2042  0.000e+00
     48.792     6.1503   3.196086    32.1272       1251     5.2083  0.000e+00
     48.710     6.1503   3.196111    32.1275       1252     5.2125  0.000e+00
     48.629     6.1504   3.196111    32.1274       1253     5.2167  0.000e+00
     48.546     6.1504   3.196129    32.1277       1254     5.2208  0.000e+00
     48.457     6.1505   3.196355    32.1301       1255     5.2250  0.000e+00
     48.363     6.1518   3.196471    32.1303       1256     5.2292  0.000e+00
     48.269     6.1535   3.196514    32.1292       1257     5.2333  0.000e+00
     48.164     6.1548   3.197530    32.1393       1258     5.2375  0.000e+00
     48.061     6.1584   3.197652    32.1373       1259     5.2417  0.000e+00
     47.946     6.1615   3.197792    32.1359       1260     5.2458  0.000e+00
     47.839     6.1639   3.197811    32.1339       1261     5.2500  0.000e+00
     47.724     6.1655   3.197505    32.1291       1262     5.2542  0.000e+00
     47.601     6.1655   3.197450    32.1286       1263     5.2583  0.000e+00
     47.486     6.1648   3.196820    32.1223       1264     5.2625  0.000e+00
     47.378     6.1631   3.197364    32.1299       1265     5.2667  0.000e+00
     47.273     6.1626   3.197511    32.1321       1266     5.2708  0.000e+00
     47.177     6.1634   3.197040    32.1262       1267     5.2750  0.000e+00
     47.094     6.1625   3.196716    32.1235       1268     5.2792  0.000e+00
     47.024     6.1608   3.196471    32.1224       1269     5.2833  0.000e+00
     46.971     6.1589   3.196434    32.1238       1270     5.2875  0.000e+00
     46.935     6.1571   3.196434    32.1255       1271     5.2917  0.000e+00
     46.921     6.1561   3.196416    32.1263       1272     5.2958  0.000e+00
     46.912     6.1556   3.196373    32.1263       1273     5.3000  0.000e+00
     46.922     6.1551   3.196391    32.1269       1274     5.3042  0.000e+00
     46.935     6.1548   3.196434    32.1277       1275     5.3083  0.000e+00
     46.949     6.1548   3.196453    32.1279       1276     5.3125  0.000e+00
     46.967     6.1550   3.196453    32.1277       1277     5.3167  0.000e+00
     46.977     6.1550   3.196434    32.1275       1278     5.3208  0.000e+00
     46.986     6.1551   3.196453    32.1276       1279     5.3250  0.000e+00
     46.988     6.1550   3.196471    32.1278       1280     5.3292  0.000e+00
     46.962     6.1550   3.196434    32.1274       1281     5.3333  0.000e+00
     46.921     6.1551   3.196557    32.1288       1282     5.3375  0.000e+00
     46.865     6.1558   3.196856    32.1315       1283     5.3417  0.000e+00
     46.793     6.1578   3.196881    32.1299       1284     5.3458  0.000e+00
     46.695     6.1590   3.196777    32.1277       1285     5.3500  0.000e+00
     46.586     6.1594   3.196819    32.1278       1286     5.3542  0.000e+00
     46.458     6.1603   3.196654    32.1251       1287     5.3583  0.000e+00
     46.324     6.1612   3.196636    32.1242       1288     5.3625  0.000e+00
     46.186     6.1621   3.196654    32.1235       1289     5.3667  0.000e+00
     46.051     6.1630   3.196550    32.1216       1290     5.3708  0.000e+00
     45.923     6.1632   3.196373    32.1195       1291     5.3750  0.000e+00
     45.794     6.1623   3.196311    32.1198       1292     5.3792  0.000e+00
     45.686     6.1613   3.196978    32.1282       1293     5.3833  0.000e+00
     45.594     6.1609   3.196574    32.1241       1294     5.3875  0.000e+00
     45.514     6.1602   3.196758    32.1269       1295     5.3917  0.000e+00
     45.445     6.1599   3.197266    32.1328       1296     5.3958  0.000e+00
     45.388     6.1609   3.197125    32.1303       1297     5.4000  0.000e+00
     45.348     6.1614   3.196978    32.1282       1298     5.4042  0.000e+00
     45.310     6.1615   3.197082    32.1293       1299     5.4083  0.000e+00
     45.281     6.1615   3.197223    32.1309       1300     5.4125  0.000e+00
     45.256     6.1619   3.197223    32.1305       1301     5.4167  0.000e+00
     45.223     6.1624   3.197327    32.1312       1302     5.4208  0.000e+00
     45.196     6.1630   3.197265    32.1300       1303     5.4250  0.000e+00
     45.163     6.1631   3.197143    32.1285       1304     5.4292  0.000e+00
     45.131     6.1626   3.197002    32.1275       1305     5.4333  0.000e+00
     45.091     6.1619   3.196917    32.1272       1306     5.4375  0.000e+00
     45.058     6.1612   3.196856    32.1272       1307     5.4417  0.000e+00
     45.018     6.1604   3.196776    32.1271       1308     5.4458  0.000e+00
     44.980     6.1598   3.196776    32.1277       1309     5.4500  0.000e+00
     44.947     6.1593   3.196819    32.1287       1310     5.4542  0.000e+00
     44.911     6.1592   3.196697    32.1274       1311     5.4583  0.000e+00
     44.878     6.1590   3.196635    32.1270       1312     5.4625  0.000e+00
     44.839     6.1586   3.196837    32.1295       1313     5.4667  0.000e+00
     44.791     6.1589   3.196666    32.1274       1314     5.4708  0.000e+00
     44.744     6.1588   3.196372    32.1243       1315     5.4750  0.000e+00
     44.670     6.1585   3.196452    32.1254       1316     5.4792  0.000e+00
     44.587     6.1588   3.196372    32.1244       1317     5.4833  0.000e+00
     44.484     6.1584   3.196415    32.1252       1318     5.4875  0.000e+00
     44.369     6.1580   3.196592    32.1277       1319     5.4917  0.000e+00
     44.243     6.1595   3.196959    32.1304       1320     5.4958  0.000e+00
     44.111     6.1633   3.197143    32.1289       1321     5.5000  0.000e+00
     43.975     6.1669   3.197345    32.1278       1322     5.5042  0.000e+00
     43.831     6.1704   3.197589    32.1273       1323     5.5083  0.000e+00
     43.697     6.1739   3.197687    32.1252       1324     5.5125  0.000e+00
     43.566     6.1769   3.197791    32.1235       1325     5.5167  0.000e+00
     43.452     6.1791   3.197870    32.1224       1326     5.5208  0.000e+00
     43.356     6.1810   3.197950    32.1215       1327     5.5250  0.000e+00
     43.282     6.1824   3.197950    32.1202       1328     5.5292  0.000e+00
     43.232     6.1835   3.198011    32.1199       1329     5.5333  0.000e+00
     43.202     6.1843   3.197974    32.1187       1330     5.5375  0.000e+00
     43.190     6.1850   3.198011    32.1185       1331     5.5417  0.000e+00
     43.197     6.1853   3.198011    32.1182       1332     5.5458  0.000e+00
     43.215     6.1855   3.198035    32.1182       1333     5.5500  0.000e+00
     43.229     6.1856   3.197993    32.1177       1334     5.5542  0.000e+00
     43.251     6.1856   3.198011    32.1179       1335     5.5583  0.000e+00
     43.270     6.1857   3.198011    32.1178       1336     5.5625  0.000e+00
     43.279     6.1857   3.197993    32.1175       1337     5.5667  0.000e+00
     43.277     6.1855   3.197993    32.1177       1338     5.5708  0.000e+00
     43.254     6.1853   3.197993    32.1180       1339     5.5750  0.000e+00
     43.207     6.1852   3.197993    32.1181       1340     5.5792  0.000e+00
     43.145     6.1854   3.198011    32.1182       1341     5.5833  0.000e+00
     43.068     6.1853   3.198035    32.1185       1342     5.5875  0.000e+00
     42.972     6.1856   3.198011    32.1180       1343     5.5917  0.000e+00
     42.864     6.1856   3.198035    32.1183       1344     5.5958  0.000e+00
     42.752     6.1857   3.198011    32.1180       1345     5.6000  0.000e+00
     42.629     6.1857   3.198072    32.1187       1346     5.6042  0.000e+00
     42.510     6.1861   3.198115    32.1189       1347     5.6083  0.000e+00
     42.387     6.1869   3.198157    32.1187       1348     5.6125  0.000e+00
     42.259     6.1873   3.198219    32.1191       1349     5.6167  0.000e+00
     42.138     6.1880   3.198219    32.1184       1350     5.6208  0.000e+00
     42.020     6.1886   3.198255    32.1183       1351     5.6250  0.000e+00
     41.913     6.1891   3.198255    32.1179       1352     5.6292  0.000e+00
     41.813     6.1894   3.198237    32.1175       1353     5.6333  0.000e+00
     41.728     6.1896   3.198218    32.1172       1354     5.6375  0.000e+00
     41.656     6.1895   3.198194    32.1170       1355     5.6417  0.000e+00
     41.607     6.1894   3.198194    32.1172       1356     5.6458  0.000e+00
     41.574     6.1891   3.198194    32.1174       1357     5.6500  0.000e+00
     41.558     6.1891   3.198194    32.1174       1358     5.6542  0.000e+00
     41.568     6.1892   3.198194    32.1173       1359     5.6583  0.000e+00
     41.575     6.1892   3.198224    32.1176       1360     5.6625  0.000e+00
     41.595     6.1892   3.198194    32.1173       1361     5.6667  0.000e+00
     41.617     6.1892   3.198218    32.1175       1362     5.6708  0.000e+00
     41.640     6.1894   3.198218    32.1174       1363     5.6750  0.000e+00
     41.660     6.1895   3.198218    32.1173       1364     5.6792  0.000e+00
     41.661     6.1895   3.198176    32.1168       1365     5.6833  0.000e+00
     41.657     6.1894   3.198176    32.1169       1366     5.6875  0.000e+00
     41.631     6.1891   3.198298    32.1186       1367     5.6917  0.000e+00
     41.575     6.1894   3.198218    32.1174       1368     5.6958  0.000e+00
     41.503     6.1898   3.198457    32.1197       1369     5.7000  0.000e+00
     41.401     6.1907   3.198481    32.1191       1370     5.7042  0.000e+00
     41.275     6.1918   3.198640    32.1200       1371     5.7083  0.000e+00
     41.129     6.1928   3.198640    32.1191       1372     5.7125  0.000e+00
     40.968     6.1941   3.198781    32.1195       1373     5.7167  0.000e+00
     40.801     6.1957   3.199026    32.1208       1374     5.7208  0.000e+00
     40.625     6.1978   3.199595    32.1252       1375     5.7250  0.000e+00
     40.458     6.2016   3.199858    32.1247       1376     5.7292  0.000e+00
     40.306     6.2060   3.199594    32.1177       1377     5.7333  0.000e+00
     40.180     6.2080   3.199717    32.1171       1378     5.7375  0.000e+00
     40.066     6.2094   3.199998    32.1190       1379     5.7417  0.000e+00
     39.985     6.2117   3.200041    32.1173       1380     5.7458  0.000e+00
     39.930     6.2135   3.200053    32.1158       1381     5.7500  0.000e+00
     39.899     6.2146   3.200023    32.1145       1382     5.7542  0.000e+00
     39.892     6.2150   3.199998    32.1138       1383     5.7583  0.000e+00
     39.901     6.2152   3.199900    32.1125       1384     5.7625  0.000e+00
     39.926     6.2148   3.199814    32.1119       1385     5.7667  0.000e+00
     39.956     6.2143   3.199857    32.1129       1386     5.7708  0.000e+00
     39.994     6.2138   3.199876    32.1136       1387     5.7750  0.000e+00
     40.041     6.2136   3.199876    32.1137       1388     5.7792  0.000e+00
     40.080     6.2136   3.199839    32.1133       1389     5.7833  0.000e+00
     40.118     6.2134   3.199698    32.1119       1390     5.7875  0.000e+00
     40.145     6.2125   3.199490    32.1104       1391     5.7917  0.000e+00
     40.155     6.2110   3.199454    32.1114       1392     5.7958  0.000e+00
     40.154     6.2094   3.199454    32.1130       1393     5.8000  0.000e+00
     40.119     6.2087   3.199429    32.1133       1394     5.8042  0.000e+00
     40.059     6.2082   3.199429    32.1138       1395     5.8083  0.000e+00
     39.972     6.2081   3.199637    32.1163       1396     5.8125  0.000e+00
     39.865     6.2087   3.199796    32.1175       1397     5.8167  0.000e+00
     39.741     6.2099   3.199857    32.1172       1398     5.8208  0.000e+00
     39.598     6.2115   3.199814    32.1152       1399     5.8250  0.000e+00
     39.442     6.2123   3.199814    32.1145       1400     5.8292  0.000e+00
     39.278     6.2126   3.199814    32.1143       1401     5.8333  0.000e+00
     39.111     6.2128   3.199918    32.1154       1402     5.8375  0.000e+00
     38.953     6.2135   3.199900    32.1146       1403     5.8417  0.000e+00
     38.806     6.2140   3.199857    32.1137       1404     5.8458  0.000e+00
     38.680     6.2142   3.199918    32.1143       1405     5.8500  0.000e+00
     38.582     6.2145   3.199857    32.1134       1406     5.8542  0.000e+00
     38.508     6.2146   3.199900    32.1138       1407     5.8583  0.000e+00
     38.466     6.2145   3.199857    32.1134       1408     5.8625  0.000e+00
     38.453     6.2145   3.199875    32.1136       1409     5.8667  0.000e+00
     38.469     6.2146   3.199857    32.1133       1410     5.8708  0.000e+00
     38.496     6.2145   3.199918    32.1140       1411     5.8750  0.000e+00
     38.540     6.2148   3.199900    32.1136       1412     5.8792  0.000e+00
     38.594     6.2148   3.199900    32.1136       1413     5.8833  0.000e+00
     38.646     6.2148   3.199900    32.1135       1414     5.8875  0.000e+00
     38.693     6.2148   3.199857    32.1130       1415     5.8917  0.000e+00
     38.723     6.2144   3.199814    32.1129       1416     5.8958  0.000e+00
     38.745     6.2140   3.199759    32.1126       1417     5.9000  0.000e+00
     38.746     6.2136   3.199716    32.1125       1418     5.9042  0.000e+00
     38.714     6.2131   3.199612    32.1118       1419     5.9083  0.000e+00
     38.661     6.2124   3.199612    32.1126       1420     5.9125  0.000e+00
     38.589     6.2119   3.199594    32.1129       1421     5.9167  0.000e+00
     38.504     6.2115   3.199747    32.1150       1422     5.9208  0.000e+00
     38.407     6.2116   3.199551    32.1128       1423     5.9250  0.000e+00
     38.298     6.2114   3.199514    32.1126       1424     5.9292  0.000e+00
     38.188     6.2111   3.199838    32.1166       1425     5.9333  0.000e+00
     38.063     6.2117   3.199875    32.1164       1426     5.9375  0.000e+00
     37.942     6.2128   3.200059    32.1175       1427     5.9417  0.000e+00
     37.818     6.2145   3.200083    32.1162       1428     5.9458  0.000e+00
     37.692     6.2157   3.199979    32.1140       1429     5.9500  0.000e+00
     37.569     6.2161   3.200040    32.1143       1430     5.9542  0.000e+00
     37.453     6.2166   3.200101    32.1146       1431     5.9583  0.000e+00
     37.343     6.2173   3.200224    32.1154       1432     5.9625  0.000e+00
     37.245     6.2179   3.200181    32.1144       1433     5.9667  0.000e+00
     37.149     6.2185   3.200162    32.1137       1434     5.9708  0.000e+00
     37.069     6.2187   3.200364    32.1157       1435     5.9750  0.000e+00
     37.006     6.2198   3.200468    32.1159       1436     5.9792  0.000e+00
     36.948     6.2211   3.200566    32.1158       1437     5.9833  0.000e+00
     36.897     6.2223   3.200627    32.1153       1438     5.9875  0.000e+00
     36.863     6.2236   3.200591    32.1137       1439     5.9917  0.000e+00
     36.834     6.2243   3.200646    32.1137       1440     5.9958  0.000e+00
     36.810     6.2249   3.200627    32.1130       1441     6.0000  0.000e+00
     36.792     6.2250   3.200670    32.1133       1442     6.0042  0.000e+00
     36.781     6.2254   3.200688    32.1132       1443     6.0083  0.000e+00
     36.771     6.2255   3.200646    32.1126       1444     6.0125  0.000e+00
     36.764     6.2258   3.200627    32.1121       1445     6.0167  0.000e+00
