HB2403/sbe037.cnv
* Sea-Bird SBE 19plus V2 Data File:
* FileName = C:\cruise\data\sbe037.hex
* Software Version Seasave V 7.26.7.121
* Temperature SN = 6128
* Conductivity SN = 6128
* System UpLoad Time = Jun 04 2024 21:04:39
* NMEA Latitude = 38 44.40 N
* NMEA Longitude = 074 41.69 W
* NMEA UTC (Time) = Jun 04 2024  21:05:11
** Ship: Henry Bigelow
** Cruise:  HB2403
** Program:  ECOMON
# nquan = 7
# nvalues = 1244                                  
# units = specified
# name 0 = depSM: Depth [salt water, m]
# name 1 = tv290C: Temperature [ITS-90, deg C]
# name 2 = c0S/m: Conductivity [S/m]
# name 3 = sal00: Salinity, Practical [PSU]
# name 4 = scan: Scan Count
# name 5 = timeM: Time, Elapsed [minutes]
# name 6 = flag:  0.000e+00
# span 0 =     -0.128,     17.804                 
# span 1 =    10.7005,    27.4721                 
# span 2 =  -0.000002,   4.435820                 
# span 3 =     0.0000,    31.4004                 
# span 4 =         11,       1254                 
# span 5 =     0.0417,     5.2208                 
# span 6 = 0.0000e+00, 0.0000e+00                 
# interval = seconds: 0.25
# start_time = Jun 04 2024 21:05:11 [NMEA time, header]
# bad_flag = -9.990e-29
*END*
[from data line 1026]
      3.602    17.6853   3.878858    29.2283       1037     4.3167  0.000e+00
      3.541    17.6924   3.879043    29.2248       1038     4.3208  0.000e+00
      3.477    17.6979   3.879379    29.2237       1039     4.3250  0.000e+00
      3.429    17.7036   3.879848    29.2235       1040     4.3292  0.000e+00
      3.389    17.7135   3.881182    29.2276       1041     4.3333  0.000e+00
      3.369    17.7310   3.881651    29.2190       1042     4.3375  0.000e+00
      3.363    17.7468   3.881736    29.2084       1043     4.3417  0.000e+00
      3.365    17.7568   3.881802    29.2018       1044     4.3458  0.000e+00
      3.376    17.7626   3.881796    29.1976       1045     4.3500  0.000e+00
      3.402    17.7658   3.881551    29.1933       1046     4.3542  0.000e+00
      3.438    17.7662   3.881162    29.1897       1047     4.3583  0.000e+00
      3.478    17.7629   3.880660    29.1878       1048     4.3625  0.000e+00
      3.514    17.7558   3.879828    29.1859       1049     4.3667  0.000e+00
      3.557    17.7437   3.879293    29.1901       1050     4.3708  0.000e+00
      3.579    17.7302   3.878943    29.1968       1051     4.3750  0.000e+00
      3.571    17.7188   3.879022    29.2057       1052     4.3792  0.000e+00
      3.560    17.7123   3.879273    29.2124       1053     4.3833  0.000e+00
      3.533    17.7114   3.879524    29.2152       1054     4.3875  0.000e+00
      3.504    17.7167   3.881552    29.2284       1055     4.3917  0.000e+00
      3.469    17.7346   3.882589    29.2242       1056     4.3958  0.000e+00
      3.422    17.7675   3.884696    29.2184       1057     4.4000  0.000e+00
      3.375    17.8137   3.888720    29.2189       1058     4.4042  0.000e+00
      3.335    17.8721   3.889731    29.1856       1059     4.4083  0.000e+00
      3.294    17.9363   3.892269    29.1610       1060     4.4125  0.000e+00
      3.248    17.9920   3.894021    29.1360       1061     4.4167  0.000e+00
      3.210    18.0356   3.895594    29.1180       1062     4.4208  0.000e+00
      3.178    18.0702   3.897400    29.1085       1063     4.4250  0.000e+00
      3.154    18.1004   3.898101    29.0929       1064     4.4292  0.000e+00
      3.149    18.1235   3.898696    29.0814       1065     4.4333  0.000e+00
      3.147    18.1396   3.899040    29.0728       1066     4.4375  0.000e+00
      3.163    18.1510   3.899272    29.0667       1067     4.4417  0.000e+00
      3.182    18.1592   3.899338    29.0614       1068     4.4458  0.000e+00
      3.209    18.1642   3.899318    29.0578       1069     4.4500  0.000e+00
      3.233    18.1669   3.899205    29.0549       1070     4.4542  0.000e+00
      3.254    18.1677   3.899066    29.0532       1071     4.4583  0.000e+00
      3.263    18.1673   3.899073    29.0535       1072     4.4625  0.000e+00
      3.270    18.1666   3.899252    29.0555       1073     4.4667  0.000e+00
      3.259    18.1665   3.899298    29.0559       1074     4.4708  0.000e+00
      3.245    18.1674   3.899510    29.0570       1075     4.4750  0.000e+00
      3.223    18.1692   3.899715    29.0575       1076     4.4792  0.000e+00
      3.203    18.1713   3.900198    29.0600       1077     4.4833  0.000e+00
      3.176    18.1764   3.901104    29.0639       1078     4.4875  0.000e+00
      3.145    18.1854   3.901601    29.0617       1079     4.4917  0.000e+00
      3.110    18.1955   3.901865    29.0567       1080     4.4958  0.000e+00
      3.081    18.2047   3.902031    29.0516       1081     4.5000  0.000e+00
      3.047    18.2117   3.902216    29.0482       1082     4.5042  0.000e+00
      3.020    18.2177   3.902183    29.0437       1083     4.5083  0.000e+00
      2.994    18.2237   3.902540    29.0424       1084     4.5125  0.000e+00
      2.965    18.2298   3.902931    29.0413       1085     4.5167  0.000e+00
      2.936    18.2364   3.903156    29.0386       1086     4.5208  0.000e+00
      2.911    18.2432   3.903838    29.0394       1087     4.5250  0.000e+00
      2.889    18.2502   3.904228    29.0377       1088     4.5292  0.000e+00
      2.875    18.2569   3.904393    29.0343       1089     4.5333  0.000e+00
      2.866    18.2623   3.904466    29.0311       1090     4.5375  0.000e+00
      2.856    18.2664   3.904645    29.0297       1091     4.5417  0.000e+00
      2.851    18.2702   3.904830    29.0285       1092     4.5458  0.000e+00
      2.851    18.2736   3.904877    29.0265       1093     4.5500  0.000e+00
      2.852    18.2762   3.904810    29.0242       1094     4.5542  0.000e+00
      2.841    18.2784   3.904969    29.0239       1095     4.5583  0.000e+00
      2.839    18.2798   3.905016    29.0233       1096     4.5625  0.000e+00
      2.828    18.2813   3.905108    29.0230       1097     4.5667  0.000e+00
      2.812    18.2831   3.905320    29.0235       1098     4.5708  0.000e+00
      2.779    18.2853   3.905320    29.0220       1099     4.5750  0.000e+00
      2.747    18.2884   3.905479    29.0211       1100     4.5792  0.000e+00
      2.712    18.2925   3.906201    29.0242       1101     4.5833  0.000e+00
      2.687    18.2992   3.906949    29.0257       1102     4.5875  0.000e+00
      2.660    18.3082   3.908194    29.0296       1103     4.5917  0.000e+00
      2.636    18.3206   3.908777    29.0257       1104     4.5958  0.000e+00
      2.612    18.3321   3.909148    29.0206       1105     4.6000  0.000e+00
      2.583    18.3406   3.909512    29.0177       1106     4.6042  0.000e+00
      2.563    18.3483   3.909777    29.0144       1107     4.6083  0.000e+00
      2.545    18.3547   3.910121    29.0127       1108     4.6125  0.000e+00
      2.549    18.3601   3.910399    29.0112       1109     4.6167  0.000e+00
      2.552    18.3647   3.910658    29.0101       1110     4.6208  0.000e+00
      2.565    18.3687   3.910724    29.0079       1111     4.6250  0.000e+00
      2.579    18.3716   3.910797    29.0064       1112     4.6292  0.000e+00
      2.584    18.3736   3.910770    29.0048       1113     4.6333  0.000e+00
      2.590    18.3744   3.910704    29.0036       1114     4.6375  0.000e+00
      2.593    18.3745   3.910677    29.0034       1115     4.6417  0.000e+00
      2.579    18.3742   3.910982    29.0061       1116     4.6458  0.000e+00
      2.555    18.3753   3.911817    29.0122       1117     4.6500  0.000e+00
      2.531    18.3811   3.912804    29.0163       1118     4.6542  0.000e+00
      2.501    18.3911   3.913818    29.0177       1119     4.6583  0.000e+00
      2.462    18.4036   3.915190    29.0202       1120     4.6625  0.000e+00
      2.419    18.4173   3.916933    29.0249       1121     4.6667  0.000e+00
      2.368    18.4338   3.917808    29.0205       1122     4.6708  0.000e+00
      2.323    18.4502   3.921800    29.0419       1123     4.6750  0.000e+00
      2.299    18.4772   3.926510    29.0616       1124     4.6792  0.000e+00
      2.270    18.5180   3.931535    29.0742       1125     4.6833  0.000e+00
      2.245    18.5692   3.934476    29.0624       1126     4.6875  0.000e+00
      2.223    18.6178   3.936953    29.0485       1127     4.6917  0.000e+00
      2.212    18.6580   3.938527    29.0332       1128     4.6958  0.000e+00
      2.205    18.6897   3.939158    29.0162       1129     4.7000  0.000e+00
      2.197    18.7110   3.939556    29.0045       1130     4.7042  0.000e+00
      2.185    18.7246   3.940028    28.9988       1131     4.7083  0.000e+00
      2.183    18.7346   3.940467    28.9955       1132     4.7125  0.000e+00
      2.172    18.7421   3.940566    28.9910       1133     4.7167  0.000e+00
      2.152    18.7471   3.940586    28.9876       1134     4.7208  0.000e+00
      2.144    18.7503   3.939443    28.9761       1135     4.7250  0.000e+00
      2.146    18.7464   3.935623    28.9475       1136     4.7292  0.000e+00
      2.151    18.7265   3.932349    28.9346       1137     4.7333  0.000e+00
      2.157    18.6965   3.929826    28.9350       1138     4.7375  0.000e+00
      2.160    18.6647   3.928725    28.9482       1139     4.7417  0.000e+00
      2.158    18.6388   3.927955    28.9600       1140     4.7458  0.000e+00
      2.156    18.6196   3.927696    28.9713       1141     4.7500  0.000e+00
      2.143    18.6069   3.928115    28.9837       1142     4.7542  0.000e+00
      2.120    18.6016   3.928958    28.9943       1143     4.7583  0.000e+00
      2.098    18.6029   3.929708    28.9996       1144     4.7625  0.000e+00
      2.083    18.6081   3.930246    29.0004       1145     4.7667  0.000e+00
      2.060    18.6142   3.931089    29.0030       1146     4.7708  0.000e+00
      2.029    18.6221   3.931865    29.0038       1147     4.7750  0.000e+00
      1.995    18.6314   3.934409    29.0182       1148     4.7792  0.000e+00
      1.956    18.6499   3.939537    29.0473       1149     4.7833  0.000e+00
      1.917    18.6865   3.944342    29.0610       1150     4.7875  0.000e+00
      1.870    18.7336   3.946243    29.0435       1151     4.7917  0.000e+00
      1.824    18.7747   3.947839    29.0278       1152     4.7958  0.000e+00
      1.786    18.8060   3.950992    29.0316       1153     4.8000  0.000e+00
      1.763    18.8414   3.958619    29.0691       1154     4.8042  0.000e+00
      1.737    18.8969   3.961441    29.0533       1155     4.8083  0.000e+00
      1.719    18.9510   3.965997    29.0527       1156     4.8125  0.000e+00
      1.699    19.0048   3.968762    29.0376       1157     4.8167  0.000e+00
      1.674    19.0510   3.972882    29.0388       1158     4.8208  0.000e+00
      1.652    19.0949   3.975529    29.0298       1159     4.8250  0.000e+00
      1.650    19.1340   3.977143    29.0156       1160     4.8292  0.000e+00
      1.663    19.1640   3.975435    28.9809       1161     4.8333  0.000e+00
      1.690    19.1756   3.973087    28.9537       1162     4.8375  0.000e+00
      1.727    19.1693   3.969280    28.9273       1163     4.8417  0.000e+00
      1.771    19.1470   3.965762    28.9142       1164     4.8458  0.000e+00
      1.805    19.1153   3.961912    28.9049       1165     4.8500  0.000e+00
      1.826    19.0757   3.957131    28.8936       1166     4.8542  0.000e+00
      1.832    19.0299   3.954283    28.9022       1167     4.8583  0.000e+00
      1.815    18.9876   3.958211    28.9636       1168     4.8625  0.000e+00
      1.775    18.9766   3.964898    29.0258       1169     4.8667  0.000e+00
      1.719    19.0076   3.978092    29.1116       1170     4.8708  0.000e+00
      1.634    19.0841   3.988898    29.1459       1171     4.8750  0.000e+00
      1.536    19.1847   3.995017    29.1253       1172     4.8792  0.000e+00
      1.446    19.2787   4.000979    29.1081       1173     4.8833  0.000e+00
      1.370    19.3614   4.007854    29.1061       1174     4.8875  0.000e+00
      1.308    19.4418   4.008529    29.0556       1175     4.8917  0.000e+00
      1.285    19.4972   4.009626    29.0260       1176     4.8958  0.000e+00
      1.303    19.5329   4.010677    29.0098       1177     4.9000  0.000e+00
      1.346    19.5561   4.010844    28.9950       1178     4.9042  0.000e+00
      1.387    19.5710   4.009792    28.9762       1179     4.9083  0.000e+00
      1.429    19.5749   4.008072    28.9597       1180     4.9125  0.000e+00
      1.477    19.5692   4.005965    28.9467       1181     4.9167  0.000e+00
      1.515    19.5536   4.000828    28.9162       1182     4.9208  0.000e+00
      1.528    19.5249   4.003169    28.9548       1183     4.9250  0.000e+00
      1.506    19.5095   4.004768    28.9783       1184     4.9292  0.000e+00
      1.453    19.5108   4.007304    28.9978       1185     4.9333  0.000e+00
      1.401    19.5244   4.011687    29.0237       1186     4.9375  0.000e+00
      1.352    19.5498   4.008668    28.9819       1187     4.9417  0.000e+00
      1.316    19.5630   4.011754    28.9976       1188     4.9458  0.000e+00
      1.276    19.5748   4.011252    28.9854       1189     4.9500  0.000e+00
      1.249    19.5829   4.010703    28.9754       1190     4.9542  0.000e+00
      1.234    19.5849   4.010247    28.9703       1191     4.9583  0.000e+00
      1.216    19.5827   4.008594    28.9586       1192     4.9625  0.000e+00
      1.229    19.5755   4.009598    28.9717       1193     4.9667  0.000e+00
      1.265    19.5721   4.008809    28.9676       1194     4.9708  0.000e+00
      1.290    19.5686   4.008213    28.9652       1195     4.9750  0.000e+00
      1.308    19.5638   4.008574    28.9715       1196     4.9792  0.000e+00
      1.329    19.5608   4.006754    28.9589       1197     4.9833  0.000e+00
      1.353    19.5528   4.005175    28.9517       1198     4.9875  0.000e+00
      1.358    19.5406   4.003597    28.9474       1199     4.9917  0.000e+00
      1.345    19.5255   4.003931    28.9606       1200     4.9958  0.000e+00
      1.311    19.5161   4.004962    28.9754       1201     5.0000  0.000e+00
      1.283    19.5138   4.004253    28.9713       1202     5.0042  0.000e+00
      1.231    19.5125   4.008789    29.0087       1203     5.0083  0.000e+00
      1.173    19.5300   4.013743    29.0365       1204     5.0125  0.000e+00
      1.115    19.5657   4.012497    29.0018       1205     5.0167  0.000e+00
      1.050    19.5842   4.011399    28.9802       1206     5.0208  0.000e+00
      0.983    19.5893   4.013240    28.9915       1207     5.0250  0.000e+00
      0.957    19.5976   4.013454    28.9874       1208     5.0292  0.000e+00
      0.936    19.6063   4.014632    28.9909       1209     5.0333  0.000e+00
      0.912    19.6161   4.014893    28.9863       1210     5.0375  0.000e+00
      0.921    19.6225   4.014297    28.9770       1211     5.0417  0.000e+00
      0.928    19.6232   4.013119    28.9670       1212     5.0458  0.000e+00
      0.921    19.6191   4.012998    28.9689       1213     5.0500  0.000e+00
      0.935    19.6150   4.012570    28.9684       1214     5.0542  0.000e+00
      0.985    19.6113   4.012041    28.9666       1215     5.0583  0.000e+00
      1.038    19.6061   4.011974    28.9697       1216     5.0625  0.000e+00
      1.083    19.6022   4.012376    28.9755       1217     5.0667  0.000e+00
      1.133    19.6015   4.012041    28.9734       1218     5.0708  0.000e+00
      1.160    19.6003   4.011064    28.9663       1219     5.0750  0.000e+00
      1.178    19.5953   4.007376    28.9401       1220     5.0792  0.000e+00
      1.176    19.5783   4.005918    28.9401       1221     5.0833  0.000e+00
      1.149    19.5591   4.008762    28.9763       1222     5.0875  0.000e+00
      1.095    19.5582   4.011921    29.0023       1223     5.0917  0.000e+00
      1.041    19.5715   4.015711    29.0236       1224     5.0958  0.000e+00
      0.992    19.5956   4.014485    28.9971       1225     5.1000  0.000e+00
      0.905    19.6133   4.017941    29.0127       1226     5.1042  0.000e+00
      0.814    19.6326   4.018014    29.0000       1227     5.1083  0.000e+00
      0.756    19.6483   4.019334    28.9997       1228     5.1125  0.000e+00
      0.727    19.6630   4.020700    29.0006       1229     5.1167  0.000e+00
      0.711    19.6781   4.021538    28.9968       1230     5.1208  0.000e+00
      0.707    19.6906   4.021833    28.9906       1231     5.1250  0.000e+00
      0.704    19.6998   4.021350    28.9804       1232     5.1292  0.000e+00
      0.718    19.7035   4.020847    28.9738       1233     5.1333  0.000e+00
      0.739    19.7025   4.020077    28.9683       1234     5.1375  0.000e+00
      0.802    19.6985   4.019119    28.9633       1235     5.1417  0.000e+00
      0.869    19.6918   4.017578    28.9556       1236     5.1458  0.000e+00
      0.930    19.6807   4.016259    28.9526       1237     5.1500  0.000e+00
      1.002    19.6675   4.014919    28.9509       1238     5.1542  0.000e+00
      1.058    19.6532   4.014652    28.9586       1239     5.1583  0.000e+00
      1.073    19.6422   4.013842    28.9597       1240     5.1625  0.000e+00
