HB2403/sbe088.cnv
* Sea-Bird SBE 19plus V2 Data File:
* FileName = C:\cruise\data\sbe088.hex
* Software Version Seasave V 7.26.7.121
* Temperature SN = 6128
* Conductivity SN = 6128
* System UpLoad Time = Jun 09 2024 08:51:43
* NMEA Latitude = 41 54.58 N
* NMEA Longitude = 066 42.69 W
* NMEA UTC (Time) = Jun 09 2024  08:52:18
** Ship: Henry Bigelow
** Cruise:  HB2403
** Program:  ECOMON
# nquan = 7
# nvalues = 1629                                  
# units = specified
# name 0 = depSM: Depth [salt water, m]
# name 1 = tv290C: Temperature [ITS-90, deg C]
# name 2 = c0S/m: Conductivity [S/m]
# name 3 = sal00: Salinity, Practical [PSU]
# name 4 = scan: Scan Count
# name 5 = timeM: Time, Elapsed [minutes]
# name 6 = flag:  0.000e+00
# span 0 =     -0.192,     66.629                 
# span 1 =     9.0993,    10.9873                 
# span 2 =   0.002630,   3.591240                 
# span 3 =     0.0195,    32.7079                 
# span 4 =         11,       1639                 
# span 5 =     0.0417,     6.8250                 
# span 6 = 0.0000e+00, 0.0000e+00                 
# interval = seconds: 0.25
# start_time = Jun 09 2024 08:52:18 [NMEA time, header]
# bad_flag = -9.990e-29
*END*
[from data line 1231]
     20.615     9.1452   3.428694    31.8779       1242     5.1708  0.000e+00
     20.594     9.1446   3.428750    31.8790       1243     5.1750  0.000e+00
     20.583     9.1447   3.428794    31.8794       1244     5.1792  0.000e+00
     20.585     9.1446   3.428782    31.8794       1245     5.1833  0.000e+00
     20.592     9.1449   3.428750    31.8787       1246     5.1875  0.000e+00
     20.610     9.1448   3.428694    31.8783       1247     5.1917  0.000e+00
     20.627     9.1445   3.428650    31.8781       1248     5.1958  0.000e+00
     20.636     9.1441   3.428587    31.8778       1249     5.2000  0.000e+00
     20.647     9.1433   3.428411    31.8767       1250     5.2042  0.000e+00
     20.652     9.1422   3.428254    31.8761       1251     5.2083  0.000e+00
     20.654     9.1406   3.428436    31.8794       1252     5.2125  0.000e+00
     20.645     9.1406   3.429109    31.8863       1253     5.2167  0.000e+00
     20.618     9.1437   3.429002    31.8824       1254     5.2208  0.000e+00
     20.576     9.1453   3.428562    31.8765       1255     5.2250  0.000e+00
     20.532     9.1444   3.428543    31.8771       1256     5.2292  0.000e+00
     20.476     9.1434   3.429253    31.8854       1257     5.2333  0.000e+00
     20.400     9.1452   3.429442    31.8857       1258     5.2375  0.000e+00
     20.319     9.1493   3.430341    31.8913       1259     5.2417  0.000e+00
     20.224     9.1551   3.430737    31.8903       1260     5.2458  0.000e+00
     20.127     9.1592   3.429838    31.8774       1261     5.2500  0.000e+00
     20.022     9.1619   3.431240    31.8895       1262     5.2542  0.000e+00
     19.921     9.1661   3.432214    31.8958       1263     5.2583  0.000e+00
     19.810     9.1743   3.432472    31.8912       1264     5.2625  0.000e+00
     19.712     9.1815   3.432931    31.8896       1265     5.2667  0.000e+00
     19.624     9.1879   3.432302    31.8774       1266     5.2708  0.000e+00
     19.537     9.1899   3.431528    31.8676       1267     5.2750  0.000e+00
     19.464     9.1876   3.432654    31.8813       1268     5.2792  0.000e+00
     19.399     9.1882   3.432660    31.8809       1269     5.2833  0.000e+00
     19.350     9.1910   3.434270    31.8950       1270     5.2875  0.000e+00
     19.306     9.1989   3.434434    31.8897       1271     5.2917  0.000e+00
     19.276     9.2072   3.434792    31.8859       1272     5.2958  0.000e+00
     19.250     9.2133   3.435314    31.8859       1273     5.3000  0.000e+00
     19.228     9.2193   3.434591    31.8731       1274     5.3042  0.000e+00
     19.205     9.2206   3.434522    31.8712       1275     5.3083  0.000e+00
     19.181     9.2188   3.433817    31.8655       1276     5.3125  0.000e+00
     19.152     9.2157   3.433245    31.8624       1277     5.3167  0.000e+00
     19.115     9.2098   3.432050    31.8554       1278     5.3208  0.000e+00
     19.074     9.2016   3.433182    31.8744       1279     5.3250  0.000e+00
     19.033     9.1984   3.433559    31.8812       1280     5.3292  0.000e+00
     18.991     9.2015   3.433559    31.8785       1281     5.3333  0.000e+00
     18.955     9.2035   3.434018    31.8814       1282     5.3375  0.000e+00
     18.928     9.2063   3.432949    31.8679       1283     5.3417  0.000e+00
     18.894     9.2045   3.431880    31.8585       1284     5.3458  0.000e+00
     18.873     9.1989   3.435126    31.8970       1285     5.3500  0.000e+00
     18.852     9.2064   3.435207    31.8911       1286     5.3542  0.000e+00
     18.834     9.2151   3.435578    31.8872       1287     5.3583  0.000e+00
     18.815     9.2220   3.435899    31.8843       1288     5.3625  0.000e+00
     18.794     9.2273   3.434729    31.8675       1289     5.3667  0.000e+00
     18.758     9.2268   3.434786    31.8686       1290     5.3708  0.000e+00
     18.717     9.2249   3.434370    31.8660       1291     5.3750  0.000e+00
     18.655     9.2219   3.433974    31.8647       1292     5.3792  0.000e+00
     18.590     9.2179   3.434245    31.8710       1293     5.3833  0.000e+00
     18.514     9.2158   3.433999    31.8704       1294     5.3875  0.000e+00
     18.422     9.2144   3.433754    31.8692       1295     5.3917  0.000e+00
     18.330     9.2123   3.433578    31.8693       1296     5.3958  0.000e+00
     18.233     9.2100   3.433496    31.8706       1297     5.4000  0.000e+00
     18.144     9.2083   3.434062    31.8780       1298     5.4042  0.000e+00
     18.052     9.2093   3.433704    31.8734       1299     5.4083  0.000e+00
     17.967     9.2092   3.433553    31.8719       1300     5.4125  0.000e+00
     17.899     9.2082   3.433471    31.8720       1301     5.4167  0.000e+00
     17.838     9.2073   3.433244    31.8705       1302     5.4208  0.000e+00
     17.787     9.2054   3.433553    31.8754       1303     5.4250  0.000e+00
     17.744     9.2051   3.434289    31.8833       1304     5.4292  0.000e+00
     17.709     9.2088   3.434917    31.8865       1305     5.4333  0.000e+00
     17.687     9.2139   3.434370    31.8763       1306     5.4375  0.000e+00
     17.667     9.2157   3.433936    31.8702       1307     5.4417  0.000e+00
     17.656     9.2136   3.430779    31.8396       1308     5.4458  0.000e+00
     17.636     9.1990   3.429522    31.8397       1309     5.4500  0.000e+00
     17.622     9.1810   3.429000    31.8504       1310     5.4542  0.000e+00
     17.606     9.1673   3.429265    31.8653       1311     5.4583  0.000e+00
     17.586     9.1599   3.430296    31.8826       1312     5.4625  0.000e+00
     17.546     9.1608   3.432144    31.9009       1313     5.4667  0.000e+00
     17.514     9.1706   3.432075    31.8914       1314     5.4708  0.000e+00
     17.469     9.1783   3.431383    31.8775       1315     5.4750  0.000e+00
     17.422     9.1801   3.430692    31.8687       1316     5.4792  0.000e+00
     17.360     9.1770   3.430402    31.8685       1317     5.4833  0.000e+00
     17.299     9.1730   3.430780    31.8760       1318     5.4875  0.000e+00
     17.223     9.1719   3.431220    31.8816       1319     5.4917  0.000e+00
     17.145     9.1729   3.430503    31.8733       1320     5.4958  0.000e+00
     17.055     9.1721   3.430541    31.8745       1321     5.5000  0.000e+00
     16.969     9.1708   3.430754    31.8779       1322     5.5042  0.000e+00
     16.875     9.1711   3.430339    31.8734       1323     5.5083  0.000e+00
     16.780     9.1699   3.430541    31.8765       1324     5.5125  0.000e+00
     16.687     9.1691   3.430151    31.8733       1325     5.5167  0.000e+00
     16.593     9.1679   3.430188    31.8748       1326     5.5208  0.000e+00
     16.510     9.1662   3.430251    31.8770       1327     5.5250  0.000e+00
     16.436     9.1659   3.430528    31.8802       1328     5.5292  0.000e+00
     16.369     9.1670   3.431333    31.8875       1329     5.5333  0.000e+00
     16.313     9.1711   3.432049    31.8913       1330     5.5375  0.000e+00
     16.262     9.1772   3.431716    31.8824       1331     5.5417  0.000e+00
     16.217     9.1806   3.431377    31.8759       1332     5.5458  0.000e+00
     16.175     9.1809   3.431301    31.8748       1333     5.5500  0.000e+00
     16.132     9.1802   3.430628    31.8685       1334     5.5542  0.000e+00
     16.094     9.1769   3.430132    31.8664       1335     5.5583  0.000e+00
     16.054     9.1718   3.430213    31.8718       1336     5.5625  0.000e+00
     16.007     9.1687   3.430716    31.8798       1337     5.5667  0.000e+00
     15.957     9.1691   3.431213    31.8846       1338     5.5708  0.000e+00
     15.901     9.1722   3.432427    31.8943       1339     5.5750  0.000e+00
     15.848     9.1794   3.432037    31.8839       1340     5.5792  0.000e+00
     15.796     9.1840   3.431779    31.8771       1341     5.5833  0.000e+00
     15.741     9.1845   3.431596    31.8748       1342     5.5875  0.000e+00
     15.682     9.1840   3.431760    31.8770       1343     5.5917  0.000e+00
     15.628     9.1842   3.431697    31.8762       1344     5.5958  0.000e+00
     15.571     9.1840   3.431640    31.8759       1345     5.6000  0.000e+00
     15.495     9.1838   3.431609    31.8757       1346     5.6042  0.000e+00
     15.426     9.1835   3.431923    31.8793       1347     5.6083  0.000e+00
     15.352     9.1845   3.432156    31.8808       1348     5.6125  0.000e+00
     15.279     9.1866   3.432219    31.8796       1349     5.6167  0.000e+00
     15.201     9.1886   3.432451    31.8802       1350     5.6208  0.000e+00
     15.121     9.1905   3.432426    31.8783       1351     5.6250  0.000e+00
     15.029     9.1918   3.432596    31.8789       1352     5.6292  0.000e+00
     14.929     9.1933   3.432715    31.8789       1353     5.6333  0.000e+00
     14.828     9.1947   3.432426    31.8747       1354     5.6375  0.000e+00
     14.722     9.1948   3.432407    31.8744       1355     5.6417  0.000e+00
     14.623     9.1945   3.432445    31.8751       1356     5.6458  0.000e+00
     14.521     9.1942   3.432281    31.8738       1357     5.6500  0.000e+00
     14.430     9.1934   3.432231    31.8740       1358     5.6542  0.000e+00
     14.334     9.1927   3.432300    31.8754       1359     5.6583  0.000e+00
     14.249     9.1922   3.432281    31.8757       1360     5.6625  0.000e+00
     14.172     9.1920   3.431860    31.8716       1361     5.6667  0.000e+00
     14.109     9.1906   3.432822    31.8828       1362     5.6708  0.000e+00
     14.044     9.1926   3.433797    31.8910       1363     5.6750  0.000e+00
     13.989     9.1993   3.433784    31.8849       1364     5.6792  0.000e+00
     13.937     9.2048   3.433784    31.8800       1365     5.6833  0.000e+00
     13.897     9.2081   3.433841    31.8777       1366     5.6875  0.000e+00
     13.863     9.2099   3.434080    31.8786       1367     5.6917  0.000e+00
     13.842     9.2117   3.433702    31.8731       1368     5.6958  0.000e+00
     13.837     9.2117   3.433444    31.8705       1369     5.7000  0.000e+00
     13.837     9.2106   3.434017    31.8773       1370     5.7042  0.000e+00
     13.833     9.2117   3.434124    31.8774       1371     5.7083  0.000e+00
     13.832     9.2139   3.433891    31.8731       1372     5.7125  0.000e+00
     13.828     9.2138   3.433281    31.8669       1373     5.7167  0.000e+00
     13.819     9.2106   3.432847    31.8653       1374     5.7208  0.000e+00
     13.803     9.2059   3.432633    31.8673       1375     5.7250  0.000e+00
     13.781     9.2021   3.433180    31.8763       1376     5.7292  0.000e+00
     13.745     9.2015   3.433709    31.8823       1377     5.7333  0.000e+00
     13.699     9.2045   3.433432    31.8768       1378     5.7375  0.000e+00
     13.646     9.2065   3.433463    31.8754       1379     5.7417  0.000e+00
     13.577     9.2060   3.431608    31.8567       1380     5.7458  0.000e+00
     13.506     9.1993   3.432759    31.8746       1381     5.7500  0.000e+00
     13.428     9.1968   3.434061    31.8903       1382     5.7542  0.000e+00
     13.338     9.2026   3.433809    31.8825       1383     5.7583  0.000e+00
     13.247     9.2072   3.433312    31.8734       1384     5.7625  0.000e+00
     13.148     9.2078   3.433262    31.8724       1385     5.7667  0.000e+00
     13.058     9.2066   3.432947    31.8702       1386     5.7708  0.000e+00
     12.973     9.2051   3.433419    31.8764       1387     5.7750  0.000e+00
     12.889     9.2051   3.433136    31.8736       1388     5.7792  0.000e+00
     12.813     9.2050   3.432488    31.8670       1389     5.7833  0.000e+00
     12.748     9.2018   3.432582    31.8709       1390     5.7875  0.000e+00
     12.689     9.1996   3.432928    31.8765       1391     5.7917  0.000e+00
     12.638     9.1995   3.433004    31.8774       1392     5.7958  0.000e+00
     12.593     9.2005   3.432928    31.8757       1393     5.8000  0.000e+00
     12.550     9.2012   3.432909    31.8749       1394     5.8042  0.000e+00
     12.517     9.2009   3.432450    31.8704       1395     5.8083  0.000e+00
     12.485     9.1992   3.432362    31.8711       1396     5.8125  0.000e+00
     12.458     9.1971   3.432425    31.8736       1397     5.8167  0.000e+00
     12.426     9.1962   3.433180    31.8822       1398     5.8208  0.000e+00
     12.393     9.1984   3.433054    31.8789       1399     5.8250  0.000e+00
     12.361     9.2004   3.432784    31.8743       1400     5.8292  0.000e+00
     12.330     9.2003   3.432677    31.8734       1401     5.8333  0.000e+00
     12.301     9.2003   3.433746    31.8844       1402     5.8375  0.000e+00
     12.268     9.2030   3.431922    31.8632       1403     5.8417  0.000e+00
     12.234     9.2000   3.433117    31.8782       1404     5.8458  0.000e+00
     12.200     9.1998   3.433469    31.8821       1405     5.8500  0.000e+00
     12.159     9.2027   3.433136    31.8760       1406     5.8542  0.000e+00
     12.125     9.2040   3.432739    31.8708       1407     5.8583  0.000e+00
     12.083     9.2023   3.431727    31.8619       1408     5.8625  0.000e+00
     12.032     9.1968   3.431796    31.8675       1409     5.8667  0.000e+00
     11.984     9.1927   3.431840    31.8717       1410     5.8708  0.000e+00
     11.926     9.1903   3.431683    31.8722       1411     5.8750  0.000e+00
     11.855     9.1883   3.431067    31.8677       1412     5.8792  0.000e+00
     11.783     9.1846   3.431381    31.8743       1413     5.8833  0.000e+00
     11.698     9.1829   3.431243    31.8744       1414     5.8875  0.000e+00
     11.608     9.1828   3.433280    31.8955       1415     5.8917  0.000e+00
     11.513     9.1891   3.434456    31.9021       1416     5.8958  0.000e+00
     11.410     9.2014   3.433764    31.8840       1417     5.9000  0.000e+00
     11.302     9.2105   3.434456    31.8831       1418     5.9042  0.000e+00
     11.199     9.2154   3.434607    31.8803       1419     5.9083  0.000e+00
     11.112     9.2191   3.435771    31.8890       1420     5.9125  0.000e+00
     11.025     9.2255   3.434160    31.8667       1421     5.9167  0.000e+00
     10.957     9.2253   3.435909    31.8850       1422     5.9208  0.000e+00
     10.895     9.2282   3.436381    31.8873       1423     5.9250  0.000e+00
     10.847     9.2351   3.436809    31.8855       1424     5.9292  0.000e+00
     10.820     9.2418   3.437029    31.8818       1425     5.9333  0.000e+00
     10.800     9.2476   3.438539    31.8922       1426     5.9375  0.000e+00
     10.793     9.2568   3.438287    31.8814       1427     5.9417  0.000e+00
     10.789     9.2637   3.439206    31.8847       1428     5.9458  0.000e+00
     10.786     9.2711   3.439898    31.8852       1429     5.9500  0.000e+00
     10.782     9.2790   3.439961    31.8787       1430     5.9542  0.000e+00
     10.769     9.2842   3.439772    31.8722       1431     5.9583  0.000e+00
     10.757     9.2864   3.439394    31.8664       1432     5.9625  0.000e+00
     10.724     9.2863   3.440250    31.8753       1433     5.9667  0.000e+00
     10.672     9.2887   3.440275    31.8734       1434     5.9708  0.000e+00
     10.608     9.2915   3.440452    31.8728       1435     5.9750  0.000e+00
     10.537     9.2924   3.435921    31.8254       1436     5.9792  0.000e+00
     10.444     9.2777   3.436355    31.8430       1437     5.9833  0.000e+00
     10.354     9.2637   3.438048    31.8729       1438     5.9875  0.000e+00
     10.251     9.2622   3.437217    31.8658       1439     5.9917  0.000e+00
     10.151     9.2603   3.437739    31.8729       1440     5.9958  0.000e+00
     10.048     9.2611   3.438022    31.8751       1441     6.0000  0.000e+00
      9.956     9.2627   3.437632    31.8698       1442     6.0042  0.000e+00
      9.871     9.2629   3.438066    31.8741       1443     6.0083  0.000e+00
      9.791     9.2639   3.438054    31.8731       1444     6.0125  0.000e+00
      9.723     9.2653   3.438809    31.8796       1445     6.0167  0.000e+00
