HB2403/sbe043.cnv
* Sea-Bird SBE 19plus V2 Data File:
* FileName = C:\cruise\data\sbe043.hex
* Software Version Seasave V 7.26.7.121
* Temperature SN = 6128
* Conductivity SN = 6128
* System UpLoad Time = Jun 05 2024 10:43:22
* NMEA Latitude = 38 14.62 N
* NMEA Longitude = 074 13.70 W
* NMEA UTC (Time) = Jun 05 2024  10:43:53
** Ship: Henry Bigelow
** Cruise:  HB2403
** Program:  ECOMON
# nquan = 7
# nvalues = 1594                                  
# units = specified
# name 0 = depSM: Depth [salt water, m]
# name 1 = tv290C: Temperature [ITS-90, deg C]
# name 2 = c0S/m: Conductivity [S/m]
# name 3 = sal00: Salinity, Practical [PSU]
# name 4 = scan: Scan Count
# name 5 = timeM: Time, Elapsed [minutes]
# name 6 = flag:  0.000e+00
# span 0 =     -0.051,     49.909                 
# span 1 =     6.9644,    20.0891                 
# span 2 =   0.000046,   4.251675                 
# span 3 =     0.0097,    34.6741                 
# span 4 =         11,       1604                 
# span 5 =     0.0417,     6.6792                 
# span 6 = 0.0000e+00, 0.0000e+00                 
# interval = seconds: 0.25
# start_time = Jun 05 2024 10:43:53 [NMEA time, header]
# bad_flag = -9.990e-29
*END*
[from data line 1231]
     14.922    10.5878   3.577329    32.1082       1242     5.1708  0.000e+00
     14.887    10.6013   3.578646    32.1095       1243     5.1750  0.000e+00
     14.846    10.6147   3.580097    32.1121       1244     5.1792  0.000e+00
     14.809    10.6295   3.582335    32.1215       1245     5.1833  0.000e+00
     14.775    10.6481   3.585150    32.1331       1246     5.1875  0.000e+00
     14.733    10.6719   3.586691    32.1276       1247     5.1917  0.000e+00
     14.693    10.6946   3.587504    32.1157       1248     5.1958  0.000e+00
     14.655    10.7126   3.588099    32.1058       1249     5.2000  0.000e+00
     14.608    10.7261   3.588956    32.1025       1250     5.2042  0.000e+00
     14.570    10.7376   3.589903    32.1018       1251     5.2083  0.000e+00
     14.526    10.7488   3.591427    32.1072       1252     5.2125  0.000e+00
     14.487    10.7620   3.592483    32.1061       1253     5.2167  0.000e+00
     14.430    10.7755   3.593015    32.0995       1254     5.2208  0.000e+00
     14.378    10.7862   3.593386    32.0939       1255     5.2250  0.000e+00
     14.327    10.7942   3.593629    32.0893       1256     5.2292  0.000e+00
     14.272    10.8000   3.593898    32.0869       1257     5.2333  0.000e+00
     14.223    10.8045   3.594493    32.0888       1258     5.2375  0.000e+00
     14.172    10.8098   3.595928    32.0985       1259     5.2417  0.000e+00
     14.127    10.8190   3.598574    32.1167       1260     5.2458  0.000e+00
     14.080    10.8354   3.600342    32.1198       1261     5.2500  0.000e+00
     14.031    10.8551   3.601759    32.1166       1262     5.2542  0.000e+00
     13.984    10.8744   3.604323    32.1251       1263     5.2583  0.000e+00
     13.945    10.8969   3.608048    32.1424       1264     5.2625  0.000e+00
     13.902    10.9271   3.610530    32.1404       1265     5.2667  0.000e+00
     13.865    10.9589   3.612038    32.1275       1266     5.2708  0.000e+00
     13.824    10.9857   3.614303    32.1265       1267     5.2750  0.000e+00
     13.773    11.0126   3.618970    32.1490       1268     5.2792  0.000e+00
     13.735    11.0480   3.621481    32.1429       1269     5.2833  0.000e+00
     13.694    11.0836   3.622862    32.1254       1270     5.2875  0.000e+00
     13.641    11.1130   3.624731    32.1181       1271     5.2917  0.000e+00
     13.586    11.1389   3.626312    32.1111       1272     5.2958  0.000e+00
     13.545    11.1626   3.628613    32.1131       1273     5.3000  0.000e+00
     13.492    11.1865   3.631294    32.1186       1274     5.3042  0.000e+00
     13.452    11.2132   3.634040    32.1223       1275     5.3083  0.000e+00
     13.407    11.2431   3.636452    32.1200       1276     5.3125  0.000e+00
     13.365    11.2735   3.638356    32.1122       1277     5.3167  0.000e+00
     13.319    11.3017   3.639701    32.1009       1278     5.3208  0.000e+00
     13.280    11.3256   3.640956    32.0924       1279     5.3250  0.000e+00
     13.240    11.3462   3.642745    32.0921       1280     5.3292  0.000e+00
     13.195    11.3661   3.644948    32.0964       1281     5.3333  0.000e+00
     13.160    11.3881   3.646268    32.0901       1282     5.3375  0.000e+00
     13.120    11.4080   3.646982    32.0799       1283     5.3417  0.000e+00
     13.075    11.4237   3.647543    32.0718       1284     5.3458  0.000e+00
     13.033    11.4355   3.647974    32.0657       1285     5.3500  0.000e+00
     12.993    11.4445   3.648464    32.0627       1286     5.3542  0.000e+00
     12.957    11.4522   3.651318    32.0840       1287     5.3583  0.000e+00
     12.921    11.4673   3.653632    32.0935       1288     5.3625  0.000e+00
     12.881    11.4882   3.653612    32.0752       1289     5.3667  0.000e+00
     12.848    11.5035   3.654669    32.0723       1290     5.3708  0.000e+00
     12.814    11.5162   3.657616    32.0900       1291     5.3750  0.000e+00
     12.774    11.5357   3.659106    32.0877       1292     5.3792  0.000e+00
     12.749    11.5558   3.660544    32.0843       1293     5.3833  0.000e+00
     12.707    11.5752   3.661886    32.0805       1294     5.3875  0.000e+00
     12.673    11.5923   3.661221    32.0593       1295     5.3917  0.000e+00
     12.638    11.6029   3.664880    32.0857       1296     5.3958  0.000e+00
     12.594    11.6197   3.666416    32.0862       1297     5.4000  0.000e+00
     12.554    11.6407   3.670483    32.1076       1298     5.4042  0.000e+00
     12.507    11.6712   3.676866    32.1433       1299     5.4083  0.000e+00
     12.460    11.7169   3.677951    32.1143       1300     5.4125  0.000e+00
     12.416    11.7559   3.682399    32.1238       1301     5.4167  0.000e+00
     12.371    11.7952   3.685671    32.1216       1302     5.4208  0.000e+00
     12.321    11.8362   3.688148    32.1102       1303     5.4250  0.000e+00
     12.278    11.8739   3.689371    32.0895       1304     5.4292  0.000e+00
     12.227    11.9041   3.692082    32.0897       1305     5.4333  0.000e+00
     12.185    11.9315   3.693908    32.0838       1306     5.4375  0.000e+00
     12.136    11.9577   3.694568    32.0676       1307     5.4417  0.000e+00
     12.093    11.9770   3.695202    32.0572       1308     5.4458  0.000e+00
     12.045    11.9919   3.696666    32.0585       1309     5.4500  0.000e+00
     12.007    12.0058   3.697397    32.0536       1310     5.4542  0.000e+00
     11.965    12.0187   3.698239    32.0507       1311     5.4583  0.000e+00
     11.929    12.0303   3.699833    32.0561       1312     5.4625  0.000e+00
     11.890    12.0430   3.699975    32.0465       1313     5.4667  0.000e+00
     11.852    12.0537   3.701180    32.0489       1314     5.4708  0.000e+00
     11.812    12.0638   3.701504    32.0435       1315     5.4750  0.000e+00
     11.776    12.0729   3.703137    32.0514       1316     5.4792  0.000e+00
     11.738    12.0835   3.702482    32.0360       1317     5.4833  0.000e+00
     11.702    12.0898   3.703649    32.0419       1318     5.4875  0.000e+00
     11.667    12.0966   3.704654    32.0457       1319     5.4917  0.000e+00
     11.632    12.1063   3.706034    32.0506       1320     5.4958  0.000e+00
     11.603    12.1186   3.707953    32.0585       1321     5.5000  0.000e+00
     11.574    12.1344   3.707700    32.0426       1322     5.5042  0.000e+00
     11.549    12.1450   3.708913    32.0452       1323     5.5083  0.000e+00
     11.521    12.1550   3.709555    32.0428       1324     5.5125  0.000e+00
     11.489    12.1645   3.709256    32.0318       1325     5.5167  0.000e+00
     11.457    12.1697   3.709807    32.0326       1326     5.5208  0.000e+00
     11.431    12.1741   3.709957    32.0303       1327     5.5250  0.000e+00
     11.396    12.1779   3.710261    32.0300       1328     5.5292  0.000e+00
     11.354    12.1813   3.711131    32.0354       1329     5.5333  0.000e+00
     11.319    12.1868   3.711727    32.0365       1330     5.5375  0.000e+00
     11.274    12.1935   3.712895    32.0419       1331     5.5417  0.000e+00
     11.234    12.2029   3.713583    32.0406       1332     5.5458  0.000e+00
     11.191    12.2116   3.713861    32.0358       1333     5.5500  0.000e+00
     11.147    12.2186   3.714108    32.0322       1334     5.5542  0.000e+00
     11.106    12.2240   3.714205    32.0285       1335     5.5583  0.000e+00
     11.060    12.2275   3.714296    32.0264       1336     5.5625  0.000e+00
     11.024    12.2299   3.714497    32.0263       1337     5.5667  0.000e+00
     10.995    12.2321   3.714711    32.0265       1338     5.5708  0.000e+00
     10.964    12.2345   3.715237    32.0295       1339     5.5750  0.000e+00
     10.937    12.2379   3.715834    32.0323       1340     5.5792  0.000e+00
     10.922    12.2425   3.715198    32.0223       1341     5.5833  0.000e+00
     10.898    12.2444   3.715996    32.0284       1342     5.5875  0.000e+00
     10.882    12.2473   3.717417    32.0395       1343     5.5917  0.000e+00
     10.860    12.2555   3.718365    32.0415       1344     5.5958  0.000e+00
     10.840    12.2656   3.718677    32.0359       1345     5.6000  0.000e+00
     10.820    12.2735   3.719228    32.0344       1346     5.6042  0.000e+00
     10.786    12.2804   3.719923    32.0352       1347     5.6083  0.000e+00
     10.756    12.2881   3.721254    32.0414       1348     5.6125  0.000e+00
     10.715    12.2982   3.721670    32.0367       1349     5.6167  0.000e+00
     10.670    12.3074   3.722111    32.0332       1350     5.6208  0.000e+00
     10.624    12.3147   3.723644    32.0415       1351     5.6250  0.000e+00
     10.564    12.3265   3.730596    32.0981       1352     5.6292  0.000e+00
     10.508    12.3610   3.735473    32.1152       1353     5.6333  0.000e+00
     10.458    12.4083   3.740364    32.1215       1354     5.6375  0.000e+00
     10.406    12.4609   3.746710    32.1371       1355     5.6417  0.000e+00
     10.357    12.5208   3.750481    32.1219       1356     5.6458  0.000e+00
     10.310    12.5781   3.754481    32.1111       1357     5.6500  0.000e+00
     10.271    12.6297   3.756572    32.0870       1358     5.6542  0.000e+00
     10.241    12.6720   3.757739    32.0621       1359     5.6583  0.000e+00
     10.215    12.7030   3.759988    32.0571       1360     5.6625  0.000e+00
     10.199    12.7310   3.762681    32.0589       1361     5.6667  0.000e+00
     10.177    12.7610   3.765975    32.0646       1362     5.6708  0.000e+00
     10.165    12.7943   3.770877    32.0828       1363     5.6750  0.000e+00
     10.156    12.8365   3.778714    32.1211       1364     5.6792  0.000e+00
     10.147    12.8964   3.786466    32.1435       1365     5.6833  0.000e+00
     10.138    12.9705   3.795094    32.1620       1366     5.6875  0.000e+00
     10.122    13.0576   3.803429    32.1666       1367     5.6917  0.000e+00
     10.103    13.1530   3.811359    32.1603       1368     5.6958  0.000e+00
     10.088    13.2487   3.818776    32.1489       1369     5.7000  0.000e+00
     10.067    13.3450   3.829247    32.1657       1370     5.7042  0.000e+00
     10.033    13.4494   3.833142    32.1140       1371     5.7083  0.000e+00
      9.997    13.5376   3.836888    32.0748       1372     5.7125  0.000e+00
      9.960    13.6056   3.840089    32.0475       1373     5.7167  0.000e+00
      9.923    13.6614   3.842871    32.0266       1374     5.7208  0.000e+00
      9.886    13.7095   3.851564    32.0670       1375     5.7250  0.000e+00
      9.841    13.7726   3.856101    32.0563       1376     5.7292  0.000e+00
      9.801    13.8412   3.865473    32.0857       1377     5.7333  0.000e+00
      9.764    13.9208   3.875435    32.1112       1378     5.7375  0.000e+00
      9.721    14.0195   3.884296    32.1105       1379     5.7417  0.000e+00
      9.681    14.1269   3.900536    32.1702       1380     5.7458  0.000e+00
      9.643    14.2660   3.924563    32.2745       1381     5.7500  0.000e+00
      9.609    14.4678   3.953186    32.3678       1382     5.7542  0.000e+00
      9.572    14.7287   3.971327    32.3155       1383     5.7583  0.000e+00
      9.543    14.9802   3.976085    32.1505       1384     5.7625  0.000e+00
      9.518    15.1639   3.980947    32.0435       1385     5.7667  0.000e+00
      9.482    15.2928   3.988903    32.0096       1386     5.7708  0.000e+00
      9.452    15.4021   3.995089    31.9758       1387     5.7750  0.000e+00
      9.413    15.4949   4.000502    31.9487       1388     5.7792  0.000e+00
      9.380    15.5783   4.004588    31.9174       1389     5.7833  0.000e+00
      9.346    15.6459   4.007598    31.8894       1390     5.7875  0.000e+00
      9.302    15.6999   4.012912    31.8930       1391     5.7917  0.000e+00
      9.259    15.7532   4.015382    31.8718       1392     5.7958  0.000e+00
      9.224    15.8014   4.018309    31.8589       1393     5.8000  0.000e+00
      9.183    15.8410   4.021015    31.8509       1394     5.8042  0.000e+00
      9.144    15.8766   4.022174    31.8326       1395     5.8083  0.000e+00
      9.097    15.9051   4.023903    31.8249       1396     5.8125  0.000e+00
      9.062    15.9281   4.024600    31.8126       1397     5.8167  0.000e+00
      9.030    15.9449   4.026329    31.8144       1398     5.8208  0.000e+00
      8.990    15.9629   4.029313    31.8263       1399     5.8250  0.000e+00
      8.955    15.9861   4.030587    31.8188       1400     5.8292  0.000e+00
      8.920    16.0069   4.031646    31.8114       1401     5.8333  0.000e+00
      8.888    16.0246   4.031290    31.7942       1402     5.8375  0.000e+00
      8.846    16.0344   4.033263    31.8037       1403     5.8417  0.000e+00
      8.810    16.0472   4.036061    31.8181       1404     5.8458  0.000e+00
      8.776    16.0660   4.037436    31.8151       1405     5.8500  0.000e+00
      8.734    16.0862   4.039537    31.8173       1406     5.8542  0.000e+00
      8.685    16.1067   4.041370    31.8171       1407     5.8583  0.000e+00
      8.642    16.1289   4.043351    31.8167       1408     5.8625  0.000e+00
      8.599    16.1508   4.045527    31.8183       1409     5.8667  0.000e+00
      8.559    16.1742   4.046809    31.8108       1410     5.8708  0.000e+00
      8.512    16.1951   4.047199    31.7976       1411     5.8750  0.000e+00
      8.465    16.2097   4.048502    31.7973       1412     5.8792  0.000e+00
      8.416    16.2246   4.053012    31.8249       1413     5.8833  0.000e+00
      8.366    16.2514   4.055459    31.8249       1414     5.8875  0.000e+00
      8.317    16.2817   4.057671    31.8201       1415     5.8917  0.000e+00
      8.262    16.3111   4.060509    31.8214       1416     5.8958  0.000e+00
      8.212    16.3411   4.062965    31.8190       1417     5.9000  0.000e+00
      8.165    16.3711   4.064708    31.8102       1418     5.9042  0.000e+00
      8.112    16.3974   4.065932    31.8000       1419     5.9083  0.000e+00
      8.069    16.4191   4.067252    31.7942       1420     5.9125  0.000e+00
      8.022    16.4380   4.069345    31.7975       1421     5.9167  0.000e+00
      7.989    16.4580   4.070732    31.7936       1422     5.9208  0.000e+00
      7.943    16.4772   4.071587    31.7858       1423     5.9250  0.000e+00
      7.907    16.4934   4.073096    31.7861       1424     5.9292  0.000e+00
      7.871    16.5091   4.074537    31.7861       1425     5.9333  0.000e+00
      7.838    16.5255   4.076148    31.7871       1426     5.9375  0.000e+00
      7.809    16.5430   4.078391    31.7928       1427     5.9417  0.000e+00
      7.774    16.5626   4.079908    31.7903       1428     5.9458  0.000e+00
      7.740    16.5826   4.082011    31.7928       1429     5.9500  0.000e+00
      7.692    16.6041   4.087372    31.8223       1430     5.9542  0.000e+00
      7.643    16.6393   4.092986    31.8431       1431     5.9583  0.000e+00
      7.591    16.6886   4.098414    31.8509       1432     5.9625  0.000e+00
      7.540    16.7459   4.108089    31.8893       1433     5.9667  0.000e+00
      7.480    16.8222   4.114126    31.8809       1434     5.9708  0.000e+00
      7.426    16.9057   4.124013    31.9001       1435     5.9750  0.000e+00
      7.371    16.9996   4.129761    31.8752       1436     5.9792  0.000e+00
      7.316    17.0907   4.137120    31.8665       1437     5.9833  0.000e+00
      7.266    17.1795   4.141662    31.8355       1438     5.9875  0.000e+00
      7.217    17.2578   4.145046    31.8028       1439     5.9917  0.000e+00
      7.167    17.3219   4.147563    31.7740       1440     5.9958  0.000e+00
      7.115    17.3717   4.147861    31.7375       1441     6.0000  0.000e+00
      7.066    17.4046   4.151010    31.7387       1442     6.0042  0.000e+00
      7.015    17.4355   4.154181    31.7415       1443     6.0083  0.000e+00
      6.974    17.4711   4.157176    31.7392       1444     6.0125  0.000e+00
      6.919    17.5074   4.159003    31.7264       1445     6.0167  0.000e+00
