HB2403/sbe048.cnv
* Sea-Bird SBE 19plus V2 Data File:
* FileName = C:\cruise\data\sbe048.hex
* Software Version Seasave V 7.26.7.121
* Temperature SN = 6128
* Conductivity SN = 6128
* System UpLoad Time = Jun 05 2024 21:27:36
* NMEA Latitude = 39 14.83 N
* NMEA Longitude = 073 07.88 W
* NMEA UTC (Time) = Jun 05 2024  21:28:08
** Ship: Henry Bigelow
** Cruise:  HB2403
** Program:  ECOMON
# nquan = 7
# nvalues = 1582                                  
# units = specified
# name 0 = depSM: Depth [salt water, m]
# name 1 = tv290C: Temperature [ITS-90, deg C]
# name 2 = c0S/m: Conductivity [S/m]
# name 3 = sal00: Salinity, Practical [PSU]
# name 4 = scan: Scan Count
# name 5 = timeM: Time, Elapsed [minutes]
# name 6 = flag:  0.000e+00
# span 0 =     -0.239,     62.245                 
# span 1 =     6.5916,    20.5708                 
# span 2 =   0.000040,   4.244883                 
# span 3 =     0.0102,    34.5484                 
# span 4 =         11,       1592                 
# span 5 =     0.0417,     6.6292                 
# span 6 = 0.0000e+00, 0.0000e+00                 
# interval = seconds: 0.25
# start_time = Jun 05 2024 21:28:08 [NMEA time, header]
# bad_flag = -9.990e-29
*END*
[from data line 821]
     34.843     7.1840   3.272956    32.0101        832     3.4625  0.000e+00
     34.792     7.1900   3.275728    32.0347        833     3.4667  0.000e+00
     34.745     7.2022   3.278395    32.0522        834     3.4708  0.000e+00
     34.689     7.2217   3.279044    32.0412        835     3.4750  0.000e+00
     34.629     7.2389   3.280168    32.0375        836     3.4792  0.000e+00
     34.558     7.2534   3.281613    32.0397        837     3.4833  0.000e+00
     34.492     7.2678   3.282571    32.0367        838     3.4875  0.000e+00
     34.412     7.2811   3.282843    32.0275        839     3.4917  0.000e+00
     34.334     7.2907   3.284017    32.0313        840     3.4958  0.000e+00
     34.255     7.3008   3.286520    32.0490        841     3.5000  0.000e+00
     34.168     7.3163   3.289204    32.0637        842     3.5042  0.000e+00
     34.087     7.3374   3.291319    32.0670        843     3.5083  0.000e+00
     34.001     7.3600   3.291863    32.0520        844     3.5125  0.000e+00
     33.911     7.3773   3.291912    32.0366        845     3.5167  0.000e+00
     33.844     7.3880   3.292407    32.0320        846     3.5208  0.000e+00
     33.761     7.3954   3.292679    32.0281        847     3.5250  0.000e+00
     33.683     7.4015   3.292809    32.0240        848     3.5292  0.000e+00
     33.616     7.4055   3.293020    32.0226        849     3.5333  0.000e+00
     33.545     7.4086   3.293143    32.0211        850     3.5375  0.000e+00
     33.473     7.4108   3.293186    32.0195        851     3.5417  0.000e+00
     33.406     7.4123   3.291429    31.9993        852     3.5458  0.000e+00
     33.339     7.4086   3.290588    31.9937        853     3.5500  0.000e+00
     33.270     7.4026   3.290378    31.9969        854     3.5542  0.000e+00
     33.203     7.3982   3.290545    32.0028        855     3.5583  0.000e+00
     33.140     7.3959   3.291052    32.0105        856     3.5625  0.000e+00
     33.073     7.3964   3.291089    32.0105        857     3.5667  0.000e+00
     33.004     7.3979   3.291151    32.0098        858     3.5708  0.000e+00
     32.938     7.3989   3.291194    32.0093        859     3.5750  0.000e+00
     32.872     7.3996   3.290860    32.0051        860     3.5792  0.000e+00
     32.804     7.3990   3.289809    31.9943        861     3.5833  0.000e+00
     32.732     7.3949   3.287922    31.9778        862     3.5875  0.000e+00
     32.668     7.3863   3.287811    31.9846        863     3.5917  0.000e+00
     32.603     7.3790   3.287780    31.9911        864     3.5958  0.000e+00
     32.538     7.3743   3.286043    31.9766        865     3.6000  0.000e+00
     32.467     7.3673   3.283719    31.9581        866     3.6042  0.000e+00
     32.396     7.3556   3.282267    31.9533        867     3.6083  0.000e+00
     32.322     7.3434   3.281797    31.9595        868     3.6125  0.000e+00
     32.261     7.3346   3.281735    31.9670        869     3.6167  0.000e+00
     32.188     7.3290   3.281692    31.9717        870     3.6208  0.000e+00
     32.123     7.3261   3.281970    31.9775        871     3.6250  0.000e+00
     32.061     7.3254   3.282903    31.9882        872     3.6292  0.000e+00
     31.992     7.3291   3.283657    31.9929        873     3.6333  0.000e+00
     31.918     7.3345   3.284387    31.9959        874     3.6375  0.000e+00
     31.852     7.3418   3.287175    32.0192        875     3.6417  0.000e+00
     31.787     7.3559   3.290106    32.0378        876     3.6458  0.000e+00
     31.718     7.3777   3.291528    32.0331        877     3.6500  0.000e+00
     31.653     7.3985   3.293681    32.0371        878     3.6542  0.000e+00
     31.583     7.4198   3.296503    32.0479        879     3.6583  0.000e+00
     31.514     7.4443   3.299778    32.0605        880     3.6625  0.000e+00
     31.445     7.4728   3.303841    32.0779        881     3.6667  0.000e+00
     31.372     7.5058   3.306207    32.0729        882     3.6708  0.000e+00
     31.307     7.5381   3.308134    32.0638        883     3.6750  0.000e+00
     31.233     7.5658   3.309634    32.0544        884     3.6792  0.000e+00
     31.161     7.5890   3.310694    32.0444        885     3.6833  0.000e+00
     31.090     7.6074   3.311363    32.0347        886     3.6875  0.000e+00
     31.021     7.6211   3.312014    32.0291        887     3.6917  0.000e+00
     30.953     7.6317   3.312715    32.0269        888     3.6958  0.000e+00
     30.891     7.6410   3.313900    32.0311        889     3.7000  0.000e+00
     30.828     7.6510   3.315525    32.0393        890     3.7042  0.000e+00
     30.766     7.6638   3.317473    32.0484        891     3.7083  0.000e+00
     30.710     7.6798   3.319670    32.0572        892     3.7125  0.000e+00
     30.650     7.6989   3.321743    32.0619        893     3.7167  0.000e+00
     30.596     7.7194   3.323729    32.0643        894     3.7208  0.000e+00
     30.541     7.7402   3.326300    32.0727        895     3.7250  0.000e+00
     30.480     7.7628   3.328083    32.0709        896     3.7292  0.000e+00
     30.426     7.7849   3.330506    32.0765        897     3.7333  0.000e+00
     30.369     7.8077   3.332103    32.0726        898     3.7375  0.000e+00
     30.308     7.8291   3.337034    32.1056        899     3.7417  0.000e+00
     30.248     7.8588   3.340834    32.1188        900     3.7458  0.000e+00
     30.186     7.8945   3.343497    32.1144        901     3.7500  0.000e+00
     30.125     7.9282   3.345807    32.1081        902     3.7542  0.000e+00
     30.056     7.9600   3.353355    32.1592        903     3.7583  0.000e+00
     29.987     8.0062   3.361821    32.2067        904     3.7625  0.000e+00
     29.917     8.0708   3.369634    32.2303        905     3.7667  0.000e+00
     29.848     8.1453   3.373255    32.2002        906     3.7708  0.000e+00
     29.774     8.2099   3.374784    32.1572        907     3.7750  0.000e+00
     29.709     8.2563   3.376408    32.1319        908     3.7792  0.000e+00
     29.640     8.2900   3.377676    32.1145        909     3.7833  0.000e+00
     29.571     8.3154   3.378419    32.0992        910     3.7875  0.000e+00
     29.504     8.3338   3.378950    32.0881        911     3.7917  0.000e+00
     29.442     8.3471   3.379507    32.0818        912     3.7958  0.000e+00
     29.378     8.3575   3.380119    32.0788        913     3.8000  0.000e+00
     29.317     8.3658   3.380694    32.0773        914     3.8042  0.000e+00
     29.253     8.3733   3.381175    32.0755        915     3.8083  0.000e+00
     29.194     8.3802   3.381663    32.0744        916     3.8125  0.000e+00
     29.134     8.3863   3.382150    32.0740        917     3.8167  0.000e+00
     29.078     8.3921   3.382976    32.0774        918     3.8208  0.000e+00
     29.021     8.3991   3.383820    32.0800        919     3.8250  0.000e+00
     28.958     8.4069   3.384952    32.0848        920     3.8292  0.000e+00
     28.905     8.4165   3.386134    32.0885        921     3.8333  0.000e+00
     28.853     8.4274   3.386615    32.0837        922     3.8375  0.000e+00
     28.789     8.4373   3.387891    32.0881        923     3.8417  0.000e+00
     28.737     8.4479   3.389111    32.0914        924     3.8458  0.000e+00
     28.682     8.4596   3.389774    32.0877        925     3.8500  0.000e+00
     28.625     8.4700   3.390450    32.0853        926     3.8542  0.000e+00
     28.565     8.4799   3.391445    32.0867        927     3.8583  0.000e+00
     28.513     8.4909   3.392753    32.0905        928     3.8625  0.000e+00
     28.447     8.5041   3.394049    32.0921        929     3.8667  0.000e+00
     28.388     8.5188   3.395088    32.0897        930     3.8708  0.000e+00
     28.332     8.5328   3.395658    32.0830        931     3.8750  0.000e+00
     28.265     8.5444   3.396015    32.0762        932     3.8792  0.000e+00
     28.205     8.5538   3.396396    32.0717        933     3.8833  0.000e+00
     28.150     8.5609   3.395870    32.0597        934     3.8875  0.000e+00
     28.091     8.5646   3.393960    32.0364        935     3.8917  0.000e+00
     28.029     8.5623   3.393785    32.0367        936     3.8958  0.000e+00
     27.964     8.5588   3.393334    32.0352        937     3.9000  0.000e+00
     27.906     8.5550   3.393065    32.0358        938     3.9042  0.000e+00
     27.841     8.5518   3.392633    32.0342        939     3.9083  0.000e+00
     27.774     8.5481   3.391031    32.0208        940     3.9125  0.000e+00
     27.705     8.5411   3.389930    32.0157        941     3.9167  0.000e+00
     27.642     8.5320   3.387733    32.0010        942     3.9208  0.000e+00
     27.574     8.5198   3.387152    32.0060        943     3.9250  0.000e+00
     27.507     8.5085   3.386801    32.0126        944     3.9292  0.000e+00
     27.433     8.4985   3.378023    31.9296        945     3.9333  0.000e+00
     27.372     8.4742   3.373875    31.9081        946     3.9375  0.000e+00
     27.312     8.4426   3.372282    31.9201        947     3.9417  0.000e+00
     27.249     8.4161   3.372582    31.9472        948     3.9458  0.000e+00
     27.194     8.4002   3.372089    31.9565        949     3.9500  0.000e+00
     27.145     8.3906   3.372058    31.9649        950     3.9542  0.000e+00
     27.091     8.3850   3.372495    31.9746        951     3.9583  0.000e+00
     27.036     8.3839   3.373164    31.9826        952     3.9625  0.000e+00
     26.986     8.3870   3.374481    31.9937        953     3.9667  0.000e+00
     26.938     8.3946   3.374762    31.9898        954     3.9708  0.000e+00
     26.886     8.4014   3.374825    31.9843        955     3.9750  0.000e+00
     26.832     8.4061   3.374844    31.9802        956     3.9792  0.000e+00
     26.772     8.4089   3.375018    31.9796        957     3.9833  0.000e+00
     26.708     8.4110   3.375031    31.9778        958     3.9875  0.000e+00
     26.649     8.4126   3.375518    31.9815        959     3.9917  0.000e+00
     26.583     8.4151   3.375974    31.9841        960     3.9958  0.000e+00
     26.520     8.4191   3.376143    31.9823        961     4.0000  0.000e+00
     26.453     8.4223   3.376530    31.9834        962     4.0042  0.000e+00
     26.388     8.4259   3.377030    31.9854        963     4.0083  0.000e+00
     26.322     8.4302   3.377511    31.9867        964     4.0125  0.000e+00
     26.262     8.4351   3.377867    31.9859        965     4.0167  0.000e+00
     26.195     8.4397   3.378005    31.9832        966     4.0208  0.000e+00
     26.132     8.4434   3.378086    31.9808        967     4.0250  0.000e+00
     26.070     8.4458   3.378211    31.9799        968     4.0292  0.000e+00
     26.012     8.4480   3.378261    31.9785        969     4.0333  0.000e+00
     25.951     8.4501   3.381886    32.0147        970     4.0375  0.000e+00
     25.891     8.4649   3.388297    32.0686        971     4.0417  0.000e+00
     25.840     8.5010   3.389354    32.0469        972     4.0458  0.000e+00
     25.789     8.5344   3.391900    32.0433        973     4.0500  0.000e+00
     25.733     8.5638   3.393847    32.0371        974     4.0542  0.000e+00
     25.675     8.5907   3.394442    32.0189        975     4.0583  0.000e+00
     25.623     8.6103   3.394629    32.0031        976     4.0625  0.000e+00
     25.572     8.6229   3.394829    31.9939        977     4.0667  0.000e+00
     25.514     8.6306   3.395418    31.9931        978     4.0708  0.000e+00
     25.452     8.6374   3.396376    31.9969        979     4.0750  0.000e+00
     25.391     8.6451   3.396983    31.9963        980     4.0792  0.000e+00
     25.329     8.6531   3.397547    31.9950        981     4.0833  0.000e+00
     25.266     8.6603   3.397584    31.9889        982     4.0875  0.000e+00
     25.201     8.6653   3.397603    31.9846        983     4.0917  0.000e+00
     25.141     8.6685   3.398198    31.9880        984     4.0958  0.000e+00
     25.078     8.6716   3.398574    31.9891        985     4.1000  0.000e+00
     25.021     8.6763   3.399983    31.9996        986     4.1042  0.000e+00
     24.960     8.6845   3.402565    32.0191        987     4.1083  0.000e+00
     24.906     8.6999   3.404426    32.0247        988     4.1125  0.000e+00
     24.853     8.7188   3.406395    32.0282        989     4.1167  0.000e+00
     24.797     8.7391   3.408307    32.0297        990     4.1208  0.000e+00
     24.743     8.7594   3.409649    32.0254        991     4.1250  0.000e+00
     24.686     8.7779   3.410646    32.0191        992     4.1292  0.000e+00
     24.632     8.7937   3.411499    32.0138        993     4.1333  0.000e+00
     24.576     8.8069   3.413287    32.0205        994     4.1375  0.000e+00
     24.518     8.8211   3.414316    32.0184        995     4.1417  0.000e+00
     24.456     8.8350   3.414466    32.0075        996     4.1458  0.000e+00
     24.400     8.8448   3.414817    32.0023        997     4.1500  0.000e+00
     24.336     8.8517   3.415941    32.0078        998     4.1542  0.000e+00
     24.271     8.8596   3.417253    32.0143        999     4.1583  0.000e+00
     24.208     8.8700   3.418125    32.0141       1000     4.1625  0.000e+00
     24.146     8.8806   3.418646    32.0099       1001     4.1667  0.000e+00
     24.083     8.8895   3.419462    32.0104       1002     4.1708  0.000e+00
     24.020     8.8979   3.420668    32.0153       1003     4.1750  0.000e+00
     23.956     8.9080   3.421735    32.0174       1004     4.1792  0.000e+00
     23.898     8.9187   3.422583    32.0166       1005     4.1833  0.000e+00
     23.835     8.9289   3.423268    32.0145       1006     4.1875  0.000e+00
     23.779     8.9380   3.423890    32.0128       1007     4.1917  0.000e+00
     23.715     8.9461   3.424040    32.0071       1008     4.1958  0.000e+00
     23.657     8.9521   3.424373    32.0051       1009     4.2000  0.000e+00
     23.597     8.9569   3.424669    32.0039       1010     4.2042  0.000e+00
     23.534     8.9612   3.424788    32.0013       1011     4.2083  0.000e+00
     23.478     8.9645   3.424568    31.9960       1012     4.2125  0.000e+00
     23.412     8.9666   3.424580    31.9943       1013     4.2167  0.000e+00
     23.349     8.9679   3.425008    31.9976       1014     4.2208  0.000e+00
     23.289     8.9704   3.425586    32.0014       1015     4.2250  0.000e+00
     23.229     8.9742   3.426252    32.0049       1016     4.2292  0.000e+00
     23.169     8.9790   3.426453    32.0027       1017     4.2333  0.000e+00
     23.115     8.9834   3.426208    31.9962       1018     4.2375  0.000e+00
     23.057     8.9857   3.426314    31.9953       1019     4.2417  0.000e+00
     23.003     8.9870   3.426761    31.9988       1020     4.2458  0.000e+00
     22.954     8.9895   3.427062    31.9997       1021     4.2500  0.000e+00
     22.903     8.9925   3.427225    31.9987       1022     4.2542  0.000e+00
     22.852     8.9951   3.427420    31.9984       1023     4.2583  0.000e+00
     22.809     8.9976   3.428005    32.0022       1024     4.2625  0.000e+00
     22.756     9.0010   3.428803    32.0074       1025     4.2667  0.000e+00
     22.711     9.0066   3.429551    32.0102       1026     4.2708  0.000e+00
     22.664     9.0131   3.430280    32.0118       1027     4.2750  0.000e+00
     22.607     9.0206   3.431343    32.0161       1028     4.2792  0.000e+00
     22.557     9.0297   3.432808    32.0232       1029     4.2833  0.000e+00
     22.501     9.0412   3.434260    32.0279       1030     4.2875  0.000e+00
     22.452     9.0541   3.435757    32.0318       1031     4.2917  0.000e+00
     22.387     9.0688   3.437620    32.0379       1032     4.2958  0.000e+00
     22.323     9.0858   3.439614    32.0432       1033     4.3000  0.000e+00
     22.252     9.1047   3.441874    32.0496       1034     4.3042  0.000e+00
     22.193     9.1259   3.444254    32.0551       1035     4.3083  0.000e+00
