HB2403/sbe024.cnv
* Sea-Bird SBE 19plus V2 Data File:
* FileName = C:\cruise\data\sbe024.hex
* Software Version Seasave V 7.26.7.121
* Temperature SN = 6128
* Conductivity SN = 6128
* System UpLoad Time = May 27 2024 19:11:17
* NMEA Latitude = 38 47.83 N
* NMEA Longitude = 073 14.71 W
* NMEA UTC (Time) = May 27 2024  19:11:42
** Ship: Henry Bigelow
** Cruise:  HB2403
** Program:  ECOMON
# nquan = 7
# nvalues = 1780                                  
# units = specified
# name 0 = depSM: Depth [salt water, m]
# name 1 = tv290C: Temperature [ITS-90, deg C]
# name 2 = c0S/m: Conductivity [S/m]
# name 3 = sal00: Salinity, Practical [PSU]
# name 4 = scan: Scan Count
# name 5 = timeM: Time, Elapsed [minutes]
# name 6 = flag:  0.000e+00
# span 0 =     -0.214,     76.789                 
# span 1 =     7.1787,    19.5209                 
# span 2 =   0.000040,   4.044327                 
# span 3 =     0.0097,    34.1379                 
# span 4 =         11,       1790                 
# span 5 =     0.0417,     7.4542                 
# span 6 = 0.0000e+00, 0.0000e+00                 
# interval = seconds: 0.25
# start_time = May 27 2024 19:11:42 [NMEA time, header]
# bad_flag = -9.990e-29
*END*
[from data line 411]
     56.390    10.6301   3.685202    33.1300        422     1.7542  0.000e+00
     56.567    10.6183   3.684355    33.1322        423     1.7583  0.000e+00
     56.738    10.6076   3.682771    33.1260        424     1.7625  0.000e+00
     56.917    10.5953   3.681206    33.1214        425     1.7667  0.000e+00
     57.090    10.5815   3.679616    33.1179        426     1.7708  0.000e+00
     57.265    10.5678   3.680502    33.1391        427     1.7750  0.000e+00
     57.437    10.5597   3.678046    33.1218        428     1.7792  0.000e+00
     57.609    10.5488   3.675919    33.1103        429     1.7833  0.000e+00
     57.779    10.5342   3.674627    33.1106        430     1.7875  0.000e+00
     57.945    10.5188   3.673432    33.1125        431     1.7917  0.000e+00
     58.113    10.5052   3.673045    33.1209        432     1.7958  0.000e+00
     58.282    10.4948   3.671979    33.1196        433     1.8000  0.000e+00
     58.453    10.4851   3.671056    33.1190        434     1.8042  0.000e+00
     58.624    10.4757   3.669881    33.1157        435     1.8083  0.000e+00
     58.802    10.4653   3.664955    33.0757        436     1.8125  0.000e+00
     58.980    10.4425   3.659425    33.0407        437     1.8167  0.000e+00
     59.157    10.4066   3.652372    33.0023        438     1.8208  0.000e+00
     59.342    10.3598   3.647868    32.9995        439     1.8250  0.000e+00
     59.521    10.3110   3.645105    33.0159        440     1.8292  0.000e+00
     59.707    10.2702   3.641629    33.0179        441     1.8333  0.000e+00
     59.898    10.2339   3.640625    33.0407        442     1.8375  0.000e+00
     60.088    10.2060   3.640715    33.0670        443     1.8417  0.000e+00
     60.276    10.1887   3.640761    33.0831        444     1.8458  0.000e+00
     60.466    10.1799   3.638566    33.0689        445     1.8500  0.000e+00
     60.652    10.1677   3.637318    33.0673        446     1.8542  0.000e+00
     60.836    10.1551   3.636777    33.0733        447     1.8583  0.000e+00
     61.024    10.1445   3.635008    33.0649        448     1.8625  0.000e+00
     61.208    10.1328   3.634314    33.0686        449     1.8667  0.000e+00
     61.387    10.1218   3.632815    33.0634        450     1.8708  0.000e+00
     61.572    10.1094   3.630854    33.0547        451     1.8750  0.000e+00
     61.754    10.0949   3.629067    33.0498        452     1.8792  0.000e+00
     61.931    10.0778   3.624921    33.0233        453     1.8833  0.000e+00
     62.106    10.0528   3.620533    33.0016        454     1.8875  0.000e+00
     62.272    10.0202   3.617329    32.9988        455     1.8917  0.000e+00
     62.435     9.9856   3.612888    32.9852        456     1.8958  0.000e+00
     62.599     9.9479   3.609269    32.9828        457     1.9000  0.000e+00
     62.756     9.9104   3.608263    33.0067        458     1.9042  0.000e+00
     62.915     9.8822   3.607590    33.0256        459     1.9083  0.000e+00
     63.074     9.8639   3.605506    33.0211        460     1.9125  0.000e+00
     63.232     9.8452   3.598782    32.9697        461     1.9167  0.000e+00
     63.386     9.8110   3.588261    32.8936        462     1.9208  0.000e+00
     63.543     9.7527   3.581460    32.8774        463     1.9250  0.000e+00
     63.700     9.6872   3.575714    32.8785        464     1.9292  0.000e+00
     63.857     9.6232   3.567716    32.8552        465     1.9333  0.000e+00
     64.016     9.5528   3.556013    32.7996        466     1.9375  0.000e+00
     64.173     9.4696   3.548231    32.7957        467     1.9417  0.000e+00
     64.343     9.3862   3.546907    32.8584        468     1.9458  0.000e+00
     64.513     9.3264   3.549839    32.9436        469     1.9500  0.000e+00
     64.682     9.2996   3.542997    32.8976        470     1.9542  0.000e+00
     64.858     9.2666   3.529470    32.7883        471     1.9583  0.000e+00
     65.036     9.1998   3.518065    32.7316        472     1.9625  0.000e+00
     65.217     9.1090   3.503878    32.6679        473     1.9667  0.000e+00
     65.398     8.9999   3.489126    32.6150        474     1.9708  0.000e+00
     65.582     8.8747   3.472143    32.5531        475     1.9750  0.000e+00
     65.770     8.7324   3.451517    32.4684        476     1.9792  0.000e+00
     65.954     8.5723   3.435777    32.4504        477     1.9833  0.000e+00
     66.138     8.4016   3.419061    32.4316        478     1.9875  0.000e+00
     66.320     8.2311   3.405492    32.4456        479     1.9917  0.000e+00
     66.500     8.0775   3.395619    32.4830        480     1.9958  0.000e+00
     66.678     7.9419   3.390443    32.5538        481     2.0000  0.000e+00
     66.853     7.8392   3.388142    32.6250        482     2.0042  0.000e+00
     67.027     7.7653   3.388180    32.6945        483     2.0083  0.000e+00
     67.198     7.7152   3.377888    32.6311        484     2.0125  0.000e+00
     67.357     7.6588   3.376102    32.6647        485     2.0167  0.000e+00
     67.522     7.6081   3.372529    32.6738        486     2.0208  0.000e+00
     67.679     7.5654   3.368534    32.6709        487     2.0250  0.000e+00
     67.840     7.5230   3.365882    32.6822        488     2.0292  0.000e+00
     67.999     7.4861   3.365651    32.7144        489     2.0333  0.000e+00
     68.160     7.4611   3.363025    32.7095        490     2.0375  0.000e+00
     68.320     7.4386   3.363499    32.7358        491     2.0417  0.000e+00
     68.488     7.4230   3.362146    32.7358        492     2.0458  0.000e+00
     68.657     7.4102   3.363288    32.7601        493     2.0500  0.000e+00
     68.828     7.4055   3.363150    32.7631        494     2.0542  0.000e+00
     69.006     7.4036   3.363138    32.7646        495     2.0583  0.000e+00
     69.186     7.4029   3.362720    32.7606        496     2.0625  0.000e+00
     69.369     7.4013   3.361716    32.7513        497     2.0667  0.000e+00
     69.548     7.3968   3.361267    32.7506        498     2.0708  0.000e+00
     69.734     7.3912   3.360494    32.7474        499     2.0750  0.000e+00
     69.913     7.3839   3.359271    32.7410        500     2.0792  0.000e+00
     70.079     7.3751   3.358580    32.7417        501     2.0833  0.000e+00
     70.254     7.3662   3.357557    32.7390        502     2.0875  0.000e+00
     70.427     7.3569   3.356541    32.7367        503     2.0917  0.000e+00
     70.594     7.3465   3.355450    32.7347        504     2.0958  0.000e+00
     70.760     7.3355   3.354852    32.7385        505     2.1000  0.000e+00
     70.928     7.3255   3.353756    32.7360        506     2.1042  0.000e+00
     71.096     7.3149   3.352690    32.7344        507     2.1083  0.000e+00
     71.262     7.3031   3.351232    32.7297        508     2.1125  0.000e+00
     71.427     7.2893   3.350890    32.7390        509     2.1167  0.000e+00
     71.587     7.2772   3.350155    32.7424        510     2.1208  0.000e+00
     71.744     7.2677   3.349632    32.7456        511     2.1250  0.000e+00
     71.913     7.2586   3.349053    32.7479        512     2.1292  0.000e+00
     72.074     7.2497   3.348511    32.7503        513     2.1333  0.000e+00
     72.238     7.2419   3.348262    32.7550        514     2.1375  0.000e+00
     72.398     7.2357   3.348063    32.7587        515     2.1417  0.000e+00
     72.552     7.2310   3.347746    32.7596        516     2.1458  0.000e+00
     72.711     7.2269   3.347472    32.7603        517     2.1500  0.000e+00
     72.863     7.2227   3.347235    32.7618        518     2.1542  0.000e+00
     73.014     7.2190   3.347024    32.7628        519     2.1583  0.000e+00
     73.170     7.2153   3.346943    32.7654        520     2.1625  0.000e+00
     73.318     7.2121   3.346638    32.7650        521     2.1667  0.000e+00
     73.472     7.2086   3.346339    32.7651        522     2.1708  0.000e+00
     73.631     7.2049   3.346277    32.7679        523     2.1750  0.000e+00
     73.792     7.2015   3.346252    32.7707        524     2.1792  0.000e+00
     73.952     7.1994   3.346395    32.7742        525     2.1833  0.000e+00
     74.123     7.1990   3.347473    32.7862        526     2.1875  0.000e+00
     74.299     7.2017   3.348469    32.7944        527     2.1917  0.000e+00
     74.478     7.2076   3.349397    32.7988        528     2.1958  0.000e+00
     74.660     7.2143   3.350574    32.8051        529     2.2000  0.000e+00
     74.852     7.2222   3.351901    32.8119        530     2.2042  0.000e+00
     75.042     7.2312   3.352393    32.8086        531     2.2083  0.000e+00
     75.235     7.2391   3.353814    32.8165        532     2.2125  0.000e+00
     75.427     7.2480   3.355285    32.8239        533     2.2167  0.000e+00
     75.615     7.2583   3.356893    32.8314        534     2.2208  0.000e+00
     75.799     7.2703   3.359187    32.8449        535     2.2250  0.000e+00
     75.979     7.2847   3.360478    32.8451        536     2.2292  0.000e+00
     76.163     7.2995   3.361657    32.8438        537     2.2333  0.000e+00
     76.342     7.3126   3.362667    32.8422        538     2.2375  0.000e+00
     76.511     7.3252   3.364564    32.8507        539     2.2417  0.000e+00
     76.694     7.3386   3.364988    32.8425        540     2.2458  0.000e+00
     76.766     7.3487   3.363946    32.8216        541     2.2500  0.000e+00
     76.789     7.3528   3.366835    32.8490        542     2.2542  0.000e+00
     76.748     7.3625   3.367996    32.8524        543     2.2583  0.000e+00
     76.688     7.3745   3.370474    32.8679        544     2.2625  0.000e+00
     76.666     7.3891   3.371598    32.8662        545     2.2667  0.000e+00
     76.672     7.4033   3.371554    32.8523        546     2.2708  0.000e+00
     76.665     7.4129   3.371229    32.8396        547     2.2750  0.000e+00
     76.645     7.4173   3.370861    32.8315        548     2.2792  0.000e+00
     76.614     7.4184   3.370574    32.8274        549     2.2833  0.000e+00
     76.592     7.4176   3.370630    32.8287        550     2.2875  0.000e+00
     76.567     7.4170   3.370499    32.8279        551     2.2917  0.000e+00
     76.547     7.4165   3.370286    32.8261        552     2.2958  0.000e+00
     76.522     7.4154   3.369462    32.8182        553     2.3000  0.000e+00
     76.497     7.4146   3.370205    32.8270        554     2.3042  0.000e+00
     76.457     7.4136   3.369725    32.8228        555     2.3083  0.000e+00
     76.405     7.4116   3.368769    32.8144        556     2.3125  0.000e+00
     76.343     7.4074   3.367421    32.8039        557     2.3167  0.000e+00
     76.275     7.3998   3.366522    32.8014        558     2.3208  0.000e+00
     76.210     7.3913   3.366173    32.8056        559     2.3250  0.000e+00
     76.147     7.3845   3.365624    32.8062        560     2.3292  0.000e+00
     76.085     7.3785   3.365462    32.8102        561     2.3333  0.000e+00
     76.018     7.3738   3.365012    32.8097        562     2.3375  0.000e+00
     75.956     7.3698   3.364601    32.8091        563     2.3417  0.000e+00
     75.891     7.3661   3.364189    32.8082        564     2.3458  0.000e+00
     75.824     7.3623   3.364052    32.8103        565     2.3500  0.000e+00
     75.760     7.3588   3.363309    32.8056        566     2.3542  0.000e+00
     75.695     7.3548   3.362848    32.8045        567     2.3583  0.000e+00
     75.630     7.3505   3.362561    32.8055        568     2.3625  0.000e+00
     75.571     7.3463   3.361825    32.8015        569     2.3667  0.000e+00
     75.507     7.3417   3.361357    32.8008        570     2.3708  0.000e+00
     75.451     7.3370   3.360970    32.8011        571     2.3750  0.000e+00
     75.393     7.3327   3.360752    32.8028        572     2.3792  0.000e+00
     75.336     7.3290   3.360459    32.8032        573     2.3833  0.000e+00
     75.274     7.3258   3.359916    32.8004        574     2.3875  0.000e+00
     75.220     7.3224   3.359679    32.8011        575     2.3917  0.000e+00
     75.164     7.3190   3.359012    32.7971        576     2.3958  0.000e+00
     75.099     7.3147   3.358177    32.7921        577     2.4000  0.000e+00
     75.042     7.3092   3.357746    32.7927        578     2.4042  0.000e+00
     74.987     7.3039   3.357279    32.7927        579     2.4083  0.000e+00
     74.931     7.2991   3.356643    32.7904        580     2.4125  0.000e+00
     74.878     7.2941   3.356331    32.7918        581     2.4167  0.000e+00
     74.821     7.2895   3.355907    32.7915        582     2.4208  0.000e+00
     74.772     7.2852   3.355384    32.7900        583     2.4250  0.000e+00
     74.727     7.2809   3.354960    32.7895        584     2.4292  0.000e+00
     74.682     7.2768   3.354586    32.7893        585     2.4333  0.000e+00
     74.638     7.2727   3.353782    32.7845        586     2.4375  0.000e+00
     74.593     7.2681   3.353327    32.7840        587     2.4417  0.000e+00
     74.550     7.2634   3.352929    32.7841        588     2.4458  0.000e+00
     74.510     7.2590   3.352499    32.7837        589     2.4500  0.000e+00
     74.470     7.2550   3.351963    32.7817        590     2.4542  0.000e+00
     74.434     7.2508   3.351645    32.7822        591     2.4583  0.000e+00
     74.392     7.2469   3.351334    32.7825        592     2.4625  0.000e+00
     74.352     7.2437   3.351041    32.7824        593     2.4667  0.000e+00
     74.303     7.2406   3.350524    32.7797        594     2.4708  0.000e+00
     74.255     7.2373   3.349932    32.7765        595     2.4750  0.000e+00
     74.201     7.2330   3.348755    32.7679        596     2.4792  0.000e+00
     74.138     7.2267   3.347615    32.7614        597     2.4833  0.000e+00
     74.069     7.2194   3.346488    32.7561        598     2.4875  0.000e+00
     74.002     7.2111   3.345685    32.7554        599     2.4917  0.000e+00
     73.929     7.2026   3.344776    32.7535        600     2.4958  0.000e+00
     73.850     7.1945   3.344440    32.7576        601     2.5000  0.000e+00
     73.772     7.1885   3.344204    32.7608        602     2.5042  0.000e+00
     73.685     7.1840   3.344160    32.7647        603     2.5083  0.000e+00
     73.612     7.1812   3.344167    32.7674        604     2.5125  0.000e+00
     73.536     7.1800   3.344142    32.7683        605     2.5167  0.000e+00
     73.464     7.1793   3.344067    32.7682        606     2.5208  0.000e+00
     73.398     7.1789   3.344054    32.7685        607     2.5250  0.000e+00
     73.333     7.1787   3.344098    32.7692        608     2.5292  0.000e+00
     73.275     7.1788   3.344166    32.7698        609     2.5333  0.000e+00
     73.223     7.1792   3.344247    32.7703        610     2.5375  0.000e+00
     73.176     7.1797   3.344328    32.7708        611     2.5417  0.000e+00
     73.128     7.1807   3.344459    32.7713        612     2.5458  0.000e+00
     73.088     7.1822   3.344615    32.7716        613     2.5500  0.000e+00
     73.045     7.1835   3.344739    32.7717        614     2.5542  0.000e+00
     73.004     7.1851   3.344864    32.7715        615     2.5583  0.000e+00
     72.963     7.1869   3.344957    32.7709        616     2.5625  0.000e+00
     72.927     7.1884   3.344969    32.7696        617     2.5667  0.000e+00
     72.880     7.1896   3.345013    32.7689        618     2.5708  0.000e+00
     72.846     7.1908   3.345056    32.7683        619     2.5750  0.000e+00
     72.799     7.1917   3.345081    32.7677        620     2.5792  0.000e+00
     72.757     7.1926   3.345137    32.7675        621     2.5833  0.000e+00
     72.716     7.1933   3.345162    32.7672        622     2.5875  0.000e+00
     72.671     7.1940   3.345081    32.7656        623     2.5917  0.000e+00
     72.622     7.1944   3.345056    32.7650        624     2.5958  0.000e+00
     72.575     7.1947   3.345038    32.7645        625     2.6000  0.000e+00
