HB2403/sbe014.cnv
* Sea-Bird SBE 19plus V2 Data File:
* FileName = C:\cruise\data\sbe014.hex
* Software Version Seasave V 7.26.7.121
* Temperature SN = 6128
* Conductivity SN = 6128
* System UpLoad Time = May 26 2024 22:06:05
* NMEA Latitude = 39 52.23 N
* NMEA Longitude = 071 59.44 W
* NMEA UTC (Time) = May 26 2024  22:06:29
** Ship: Henry Bigelow
** Cruise:  HB2403
** Program:  ECOMON
# nquan = 7
# nvalues = 2953                                  
# units = specified
# name 0 = depSM: Depth [salt water, m]
# name 1 = tv290C: Temperature [ITS-90, deg C]
# name 2 = c0S/m: Conductivity [S/m]
# name 3 = sal00: Salinity, Practical [PSU]
# name 4 = scan: Scan Count
# name 5 = timeM: Time, Elapsed [minutes]
# name 6 = flag:  0.000e+00
# span 0 =     -0.266,    104.362                 
# span 1 =     6.4243,    18.4885                 
# span 2 =   0.000013,   4.124985                 
# span 3 =     0.0093,    35.1759                 
# span 4 =         11,       2963                 
# span 5 =     0.0417,    12.3417                 
# span 6 = 0.0000e+00, 0.0000e+00                 
# interval = seconds: 0.25
# start_time = May 26 2024 22:06:29 [NMEA time, header]
# bad_flag = -9.990e-29
*END*
[from data line 821]
     96.217     7.4472   3.384046    32.9363        832     3.4625  0.000e+00
     96.328     7.4522   3.384221    32.9334        833     3.4667  0.000e+00
     96.438     7.4564   3.384496    32.9324        834     3.4708  0.000e+00
     96.552     7.4596   3.384778    32.9323        835     3.4750  0.000e+00
     96.673     7.4625   3.385022    32.9321        836     3.4792  0.000e+00
     96.797     7.4650   3.384859    32.9280        837     3.4833  0.000e+00
     96.924     7.4661   3.385040    32.9288        838     3.4875  0.000e+00
     97.052     7.4673   3.385560    32.9332        839     3.4917  0.000e+00
     97.182     7.4694   3.386060    32.9366        840     3.4958  0.000e+00
     97.326     7.4722   3.386692    32.9407        841     3.5000  0.000e+00
     97.460     7.4759   3.388137    32.9527        842     3.5042  0.000e+00
     97.601     7.4824   3.389783    32.9643        843     3.5083  0.000e+00
     97.735     7.4916   3.392806    32.9881        844     3.5125  0.000e+00
     97.876     7.5056   3.396462    33.0141        845     3.5167  0.000e+00
     98.007     7.5249   3.394972    32.9797        846     3.5208  0.000e+00
     98.142     7.5384   3.398072    33.0002        847     3.5250  0.000e+00
     98.276     7.5504   3.399782    33.0071        848     3.5292  0.000e+00
     98.406     7.5637   3.400822    33.0056        849     3.5333  0.000e+00
     98.540     7.5756   3.401674    33.0036        850     3.5375  0.000e+00
     98.668     7.5852   3.402106    32.9990        851     3.5417  0.000e+00
     98.798     7.5929   3.402438    32.9952        852     3.5458  0.000e+00
     98.935     7.5977   3.401692    32.9826        853     3.5500  0.000e+00
     99.070     7.5984   3.401649    32.9813        854     3.5542  0.000e+00
     99.200     7.5986   3.405008    33.0172        855     3.5583  0.000e+00
     99.334     7.6077   3.414837    33.1143        856     3.5625  0.000e+00
     99.467     7.6383   3.419740    33.1380        857     3.5667  0.000e+00
     99.597     7.6792   3.436553    33.2798        858     3.5708  0.000e+00
     99.729     7.7460   3.437515    33.2262        859     3.5750  0.000e+00
     99.859     7.8022   3.434036    33.1354        860     3.5792  0.000e+00
     99.992     7.8309   3.443406    33.2084        861     3.5833  0.000e+00
    100.128     7.8640   3.447235    33.2179        862     3.5875  0.000e+00
    100.261     7.9028   3.460555    33.3234        863     3.5917  0.000e+00
    100.397     7.9585   3.470238    33.3738        864     3.5958  0.000e+00
    100.530     8.0308   3.486307    33.4763        865     3.6000  0.000e+00
    100.655     8.1204   3.483168    33.3573        866     3.6042  0.000e+00
    100.789     8.1801   3.489223    33.3649        867     3.6083  0.000e+00
    100.920     8.2300   3.501631    33.4492        868     3.6125  0.000e+00
    101.045     8.2956   3.535631    33.7473        869     3.6167  0.000e+00
    101.175     8.4181   3.548517    33.7664        870     3.6208  0.000e+00
    101.303     8.5607   3.535609    33.4941        871     3.6250  0.000e+00
    101.427     8.6229   3.528771    33.3632        872     3.6292  0.000e+00
    101.557     8.6385   3.561778    33.6955        873     3.6333  0.000e+00
    101.691     8.7175   3.576857    33.7786        874     3.6375  0.000e+00
    101.828     8.8211   3.595822    33.8786        875     3.6417  0.000e+00
    101.967     8.9439   3.629917    34.1180        876     3.6458  0.000e+00
    102.112     9.1180   3.642230    34.0796        877     3.6500  0.000e+00
    102.256     9.2752   3.640271    33.9094        878     3.6542  0.000e+00
    102.402     9.3775   3.680939    34.2332        879     3.6583  0.000e+00
    102.550     9.5222   3.703505    34.3280        880     3.6625  0.000e+00
    102.700     9.7022   3.715553    34.2800        881     3.6667  0.000e+00
    102.848     9.8570   3.726227    34.2422        882     3.6708  0.000e+00
    102.998     9.9906   3.762037    34.4811        883     3.6750  0.000e+00
    103.146    10.1545   3.779140    34.4991        884     3.6792  0.000e+00
    103.292    10.3175   3.776316    34.3157        885     3.6833  0.000e+00
    103.444    10.4239   3.793209    34.3860        886     3.6875  0.000e+00
    103.589    10.5268   3.820715    34.5662        887     3.6917  0.000e+00
    103.736    10.6579   3.831266    34.5482        888     3.6958  0.000e+00
    103.884    10.7803   3.837910    34.4991        889     3.7000  0.000e+00
    104.032    10.8783   3.854256    34.5703        890     3.7042  0.000e+00
    104.189    10.9717   3.857134    34.5109        891     3.7083  0.000e+00
    104.294    11.0460   3.874800    34.6171        892     3.7125  0.000e+00
    104.362    11.1318   3.922887    35.0150        893     3.7167  0.000e+00
    104.344    11.2959   3.954794    35.1759        894     3.7208  0.000e+00
    104.275    11.4951   3.958466    35.0230        895     3.7250  0.000e+00
    104.195    11.6443   3.959410    34.8915        896     3.7292  0.000e+00
    104.125    11.7362   3.959595    34.8070        897     3.7333  0.000e+00
    104.032    11.7890   3.961059    34.7720        898     3.7375  0.000e+00
    103.927    11.8219   3.961738    34.7479        899     3.7417  0.000e+00
    103.824    11.8439   3.962657    34.7364        900     3.7458  0.000e+00
    103.717    11.8591   3.963083    34.7264        901     3.7500  0.000e+00
    103.614    11.8701   3.963276    34.7181        902     3.7542  0.000e+00
    103.523    11.8776   3.963389    34.7122        903     3.7583  0.000e+00
    103.425    11.8824   3.962670    34.7008        904     3.7625  0.000e+00
    103.340    11.8856   3.960651    34.6781        905     3.7667  0.000e+00
    103.257    11.8854   3.956410    34.6369        906     3.7708  0.000e+00
    103.181    11.8795   3.952483    34.6040        907     3.7750  0.000e+00
    103.105    11.8694   3.951632    34.6051        908     3.7792  0.000e+00
    103.025    11.8609   3.950973    34.6066        909     3.7833  0.000e+00
    102.953    11.8546   3.949403    34.5972        910     3.7875  0.000e+00
    102.877    11.8482   3.948824    34.5975        911     3.7917  0.000e+00
    102.797    11.8423   3.948698    34.6017        912     3.7958  0.000e+00
    102.717    11.8385   3.948292    34.6014        913     3.8000  0.000e+00
    102.629    11.8350   3.947261    34.5945        914     3.8042  0.000e+00
    102.546    11.8315   3.945546    34.5811        915     3.8083  0.000e+00
    102.466    11.8256   3.936500    34.4982        916     3.8125  0.000e+00
    102.370    11.8052   3.926793    34.4221        917     3.8167  0.000e+00
    102.276    11.7683   3.922951    34.4188        918     3.8208  0.000e+00
    102.189    11.7317   3.921366    34.4372        919     3.8250  0.000e+00
    102.097    11.7035   3.920246    34.4524        920     3.8292  0.000e+00
    102.004    11.6839   3.920014    34.4684        921     3.8333  0.000e+00
    101.907    11.6712   3.920034    34.4805        922     3.8375  0.000e+00
    101.816    11.6633   3.920080    34.4883        923     3.8417  0.000e+00
    101.720    11.6592   3.919828    34.4897        924     3.8458  0.000e+00
    101.635    11.6563   3.916361    34.4584        925     3.8500  0.000e+00
    101.544    11.6470   3.909363    34.3983        926     3.8542  0.000e+00
    101.461    11.6235   3.903700    34.3645        927     3.8583  0.000e+00
    101.374    11.5917   3.903469    34.3918        928     3.8625  0.000e+00
    101.292    11.5644   3.884593    34.2316        929     3.8667  0.000e+00
    101.214    11.5035   3.848821    33.9361        930     3.8708  0.000e+00
    101.140    11.3692   3.834884    33.9221        931     3.8750  0.000e+00
    101.059    11.2226   3.797918    33.6916        932     3.8792  0.000e+00
    100.975    11.0439   3.757792    33.4574        933     3.8833  0.000e+00
    100.896    10.8126   3.725975    33.3518        934     3.8875  0.000e+00
    100.813    10.5705   3.715815    33.4715        935     3.8917  0.000e+00
    100.729    10.3774   3.707773    33.5684        936     3.8958  0.000e+00
    100.646    10.2370   3.699232    33.6120        937     3.9000  0.000e+00
    100.546    10.1258   3.688084    33.6023        938     3.9042  0.000e+00
    100.450    10.0268   3.680524    33.6175        939     3.9083  0.000e+00
    100.367     9.9426   3.677124    33.6613        940     3.9125  0.000e+00
    100.271     9.8788   3.668088    33.6287        941     3.9167  0.000e+00
    100.180     9.8178   3.662157    33.6250        942     3.9208  0.000e+00
    100.097     9.7600   3.658300    33.6396        943     3.9250  0.000e+00
    100.010     9.7085   3.633599    33.4347        944     3.9292  0.000e+00
     99.918     9.6201   3.621753    33.3955        945     3.9333  0.000e+00
     99.820     9.5115   3.590696    33.1774        946     3.9375  0.000e+00
     99.735     9.3655   3.572528    33.1256        947     3.9417  0.000e+00
     99.655     9.2066   3.570122    33.2483        948     3.9458  0.000e+00
     99.570     9.0924   3.573956    33.3947        949     3.9500  0.000e+00
     99.483     9.0325   3.570143    33.4113        950     3.9542  0.000e+00
     99.392     8.9923   3.566861    33.4149        951     3.9583  0.000e+00
     99.310     8.9592   3.565859    33.4357        952     3.9625  0.000e+00
     99.221     8.9329   3.548746    33.2820        953     3.9667  0.000e+00
     99.138     8.8799   3.545383    33.2966        954     3.9708  0.000e+00
     99.053     8.8230   3.533544    33.2263        955     3.9750  0.000e+00
     98.968     8.7563   3.521613    33.1639        956     3.9792  0.000e+00
     98.886     8.6757   3.514343    33.1633        957     3.9833  0.000e+00
     98.796     8.6013   3.514991    33.2399        958     3.9875  0.000e+00
     98.709     8.5518   3.506470    33.1970        959     3.9917  0.000e+00
     98.626     8.5024   3.495341    33.1262        960     3.9958  0.000e+00
     98.539     8.4367   3.488688    33.1178        961     4.0000  0.000e+00
     98.455     8.3688   3.473158    33.0177        962     4.0042  0.000e+00
     98.368     8.2863   3.453216    32.8842        963     4.0083  0.000e+00
     98.287     8.1784   3.436937    32.8128        964     4.0125  0.000e+00
     98.209     8.0623   3.430316    32.8511        965     4.0167  0.000e+00
     98.120     7.9626   3.426797    32.9073        966     4.0208  0.000e+00
     98.039     7.8886   3.423178    32.9383        967     4.0250  0.000e+00
     97.958     7.8344   3.419724    32.9526        968     4.0292  0.000e+00
     97.871     7.7921   3.419122    32.9862        969     4.0333  0.000e+00
     97.787     7.7638   3.418953    33.0111        970     4.0375  0.000e+00
     97.700     7.7462   3.418049    33.0181        971     4.0417  0.000e+00
     97.610     7.7344   3.417559    33.0242        972     4.0458  0.000e+00
     97.525     7.7253   3.416768    33.0243        973     4.0500  0.000e+00
     97.434     7.7173   3.413103    32.9926        974     4.0542  0.000e+00
     97.352     7.7052   3.411742    32.9894        975     4.0583  0.000e+00
     97.264     7.6918   3.411861    33.0035        976     4.0625  0.000e+00
     97.178     7.6833   3.411886    33.0119        977     4.0667  0.000e+00
     97.090     7.6785   3.411228    33.0093        978     4.0708  0.000e+00
     97.005     7.6744   3.410061    33.0007        979     4.0750  0.000e+00
     96.918     7.6685   3.406950    32.9730        980     4.0792  0.000e+00
     96.829     7.6562   3.403308    32.9455        981     4.0833  0.000e+00
     96.740     7.6384   3.402356    32.9521        982     4.0875  0.000e+00
     96.650     7.6223   3.400695    32.9496        983     4.0917  0.000e+00
     96.549     7.6077   3.398114    32.9357        984     4.0958  0.000e+00
     96.458     7.5921   3.395603    32.9235        985     4.1000  0.000e+00
     96.366     7.5749   3.393549    32.9177        986     4.1042  0.000e+00
     96.279     7.5577   3.391696    32.9140        987     4.1083  0.000e+00
     96.184     7.5418   3.390107    32.9121        988     4.1125  0.000e+00
     96.092     7.5266   3.388937    32.9139        989     4.1167  0.000e+00
     96.003     7.5137   3.388418    32.9206        990     4.1208  0.000e+00
     95.920     7.5036   3.387986    32.9255        991     4.1250  0.000e+00
     95.835     7.4963   3.387554    32.9278        992     4.1292  0.000e+00
     95.755     7.4907   3.387204    32.9294        993     4.1333  0.000e+00
     95.677     7.4862   3.386710    32.9284        994     4.1375  0.000e+00
     95.605     7.4822   3.386535    32.9303        995     4.1417  0.000e+00
     95.525     7.4788   3.386134    32.9292        996     4.1458  0.000e+00
     95.451     7.4759   3.385621    32.9264        997     4.1500  0.000e+00
     95.378     7.4721   3.385146    32.9250        998     4.1542  0.000e+00
     95.302     7.4686   3.384865    32.9253        999     4.1583  0.000e+00
     95.218     7.4653   3.384696    32.9267       1000     4.1625  0.000e+00
     95.133     7.4627   3.384521    32.9272       1001     4.1667  0.000e+00
     95.050     7.4608   3.384427    32.9281       1002     4.1708  0.000e+00
     94.969     7.4591   3.384389    32.9293       1003     4.1750  0.000e+00
     94.877     7.4579   3.384202    32.9285       1004     4.1792  0.000e+00
     94.793     7.4572   3.384195    32.9291       1005     4.1833  0.000e+00
     94.703     7.4565   3.384283    32.9308       1006     4.1875  0.000e+00
     94.623     7.4564   3.384239    32.9305       1007     4.1917  0.000e+00
     94.547     7.4565   3.384095    32.9289       1008     4.1958  0.000e+00
     94.458     7.4561   3.384020    32.9284       1009     4.2000  0.000e+00
     94.377     7.4557   3.383976    32.9284       1010     4.2042  0.000e+00
     94.304     7.4551   3.383420    32.9230       1011     4.2083  0.000e+00
     94.222     7.4538   3.383589    32.9261       1012     4.2125  0.000e+00
     94.137     7.4528   3.382882    32.9194       1013     4.2167  0.000e+00
     94.057     7.4506   3.381663    32.9084       1014     4.2208  0.000e+00
     93.976     7.4457   3.380581    32.9014       1015     4.2250  0.000e+00
     93.883     7.4391   3.379825    32.8995       1016     4.2292  0.000e+00
     93.795     7.4322   3.379263    32.9000       1017     4.2333  0.000e+00
     93.690     7.4264   3.378819    32.9008       1018     4.2375  0.000e+00
     93.599     7.4214   3.378594    32.9031       1019     4.2417  0.000e+00
     93.498     7.4176   3.378344    32.9041       1020     4.2458  0.000e+00
     93.393     7.4145   3.378206    32.9056       1021     4.2500  0.000e+00
     93.292     7.4121   3.378081    32.9066       1022     4.2542  0.000e+00
     93.186     7.4105   3.377900    32.9062       1023     4.2583  0.000e+00
     93.080     7.4090   3.377750    32.9061       1024     4.2625  0.000e+00
     92.980     7.4077   3.377600    32.9057       1025     4.2667  0.000e+00
     92.884     7.4068   3.377544    32.9060       1026     4.2708  0.000e+00
     92.795     7.4063   3.377469    32.9057       1027     4.2750  0.000e+00
     92.710     7.4064   3.377319    32.9040       1028     4.2792  0.000e+00
     92.620     7.4063   3.377300    32.9039       1029     4.2833  0.000e+00
     92.544     7.4064   3.377319    32.9041       1030     4.2875  0.000e+00
     92.459     7.4066   3.377363    32.9045       1031     4.2917  0.000e+00
     92.370     7.4071   3.377300    32.9033       1032     4.2958  0.000e+00
     92.294     7.4074   3.377231    32.9023       1033     4.3000  0.000e+00
     92.209     7.4076   3.377075    32.9005       1034     4.3042  0.000e+00
     92.115     7.4075   3.376931    32.8991       1035     4.3083  0.000e+00
