HB2403/sbe095.cnv
* Sea-Bird SBE 19plus V2 Data File:
* FileName = C:\cruise\data\sbe095.hex
* Software Version Seasave V 7.26.7.121
* Temperature SN = 6128
* Conductivity SN = 6128
* System UpLoad Time = Jun 10 2024 01:35:38
* NMEA Latitude = 42 21.54 N
* NMEA Longitude = 066 02.99 W
* NMEA UTC (Time) = Jun 10 2024  01:36:14
** Ship: Henry Bigelow
** Cruise:  HB2403
** Program:  ECOMON
# nquan = 7
# nvalues = 3135                                  
# units = specified
# name 0 = depSM: Depth [salt water, m]
# name 1 = tv290C: Temperature [ITS-90, deg C]
# name 2 = c0S/m: Conductivity [S/m]
# name 3 = sal00: Salinity, Practical [PSU]
# name 4 = scan: Scan Count
# name 5 = timeM: Time, Elapsed [minutes]
# name 6 = flag:  0.000e+00
# span 0 =     -0.311,    253.280                 
# span 1 =     4.4212,    10.3738                 
# span 2 =   1.420289,   3.846149                 
# span 3 =    11.8441,    35.2262                 
# span 4 =         11,       3145                 
# span 5 =     0.0417,    13.1000                 
# span 6 = 0.0000e+00, 0.0000e+00                 
# interval = seconds: 0.25
# start_time = Jun 10 2024 01:36:14 [NMEA time, header]
# bad_flag = -9.990e-29
*END*
[from data line 2052]
    157.987    10.0491   3.792992    34.7158       2063     8.5917  0.000e+00
    157.821    10.0497   3.791670    34.7018       2064     8.5958  0.000e+00
    157.636    10.0475   3.791061    34.6978       2065     8.6000  0.000e+00
    157.458    10.0436   3.789256    34.6832       2066     8.6042  0.000e+00
    157.257    10.0372   3.788360    34.6803       2067     8.6083  0.000e+00
    157.053    10.0301   3.788314    34.6867       2068     8.6125  0.000e+00
    156.839    10.0253   3.788458    34.6929       2069     8.6167  0.000e+00
    156.630    10.0231   3.788739    34.6979       2070     8.6208  0.000e+00
    156.405    10.0231   3.788785    34.6985       2071     8.6250  0.000e+00
    156.187    10.0240   3.788758    34.6975       2072     8.6292  0.000e+00
    155.979    10.0246   3.788850    34.6980       2073     8.6333  0.000e+00
    155.774    10.0251   3.788922    34.6983       2074     8.6375  0.000e+00
    155.565    10.0267   3.789831    34.7061       2075     8.6417  0.000e+00
    155.379    10.0303   3.790642    34.7111       2076     8.6458  0.000e+00
    155.210    10.0364   3.791872    34.7178       2077     8.6500  0.000e+00
    155.048    10.0443   3.792664    34.7184       2078     8.6542  0.000e+00
    154.898    10.0527   3.793082    34.7147       2079     8.6583  0.000e+00
    154.748    10.0601   3.793436    34.7112       2080     8.6625  0.000e+00
    154.603    10.0657   3.793481    34.7064       2081     8.6667  0.000e+00
    154.461    10.0699   3.793481    34.7024       2082     8.6708  0.000e+00
    154.303    10.0725   3.795412    34.7197       2083     8.6750  0.000e+00
    154.136    10.0793   3.796374    34.7230       2084     8.6792  0.000e+00
    153.975    10.0888   3.797356    34.7240       2085     8.6833  0.000e+00
    153.806    10.0981   3.799156    34.7335       2086     8.6875  0.000e+00
    153.629    10.1096   3.800165    34.7329       2087     8.6917  0.000e+00
    153.457    10.1215   3.801442    34.7346       2088     8.6958  0.000e+00
    153.271    10.1330   3.802968    34.7392       2089     8.7000  0.000e+00
    153.092    10.1453   3.804081    34.7388       2090     8.7042  0.000e+00
    152.899    10.1572   3.805038    34.7373       2091     8.7083  0.000e+00
    152.714    10.1680   3.806374    34.7406       2092     8.7125  0.000e+00
    152.528    10.1794   3.807219    34.7383       2093     8.7167  0.000e+00
    152.350    10.1908   3.805476    34.7098       2094     8.7208  0.000e+00
    152.167    10.1969   3.803753    34.6865       2095     8.7250  0.000e+00
    151.995    10.1962   3.803137    34.6810       2096     8.7292  0.000e+00
    151.812    10.1934   3.802901    34.6814       2097     8.7333  0.000e+00
    151.660    10.1910   3.802901    34.6837       2098     8.7375  0.000e+00
    151.495    10.1900   3.802652    34.6822       2099     8.7417  0.000e+00
    151.351    10.1892   3.801014    34.6664       2100     8.7458  0.000e+00
    151.208    10.1855   3.798611    34.6456       2101     8.7500  0.000e+00
    151.076    10.1766   3.795501    34.6224       2102     8.7542  0.000e+00
    150.954    10.1618   3.792785    34.6090       2103     8.7583  0.000e+00
    150.830    10.1441   3.792308    34.6211       2104     8.7625  0.000e+00
    150.694    10.1301   3.791915    34.6305       2105     8.7667  0.000e+00
    150.545    10.1206   3.791555    34.6360       2106     8.7708  0.000e+00
    150.384    10.1143   3.791065    34.6372       2107     8.7750  0.000e+00
    150.206    10.1091   3.790024    34.6316       2108     8.7792  0.000e+00
    150.010    10.1040   3.789494    34.6312       2109     8.7833  0.000e+00
    149.801    10.0991   3.788801    34.6289       2110     8.7875  0.000e+00
    149.581    10.0948   3.788101    34.6260       2111     8.7917  0.000e+00
    149.368    10.0904   3.787839    34.6276       2112     8.7958  0.000e+00
    149.148    10.0873   3.787722    34.6295       2113     8.8000  0.000e+00
    148.952    10.0852   3.788598    34.6405       2114     8.8042  0.000e+00
    148.763    10.0869   3.788990    34.6430       2115     8.8083  0.000e+00
    148.596    10.0908   3.788199    34.6312       2116     8.8125  0.000e+00
    148.426    10.0921   3.788055    34.6287       2117     8.8167  0.000e+00
    148.270    10.0922   3.788061    34.6287       2118     8.8208  0.000e+00
    148.119    10.0925   3.788101    34.6288       2119     8.8250  0.000e+00
    147.982    10.0927   3.788087    34.6286       2120     8.8292  0.000e+00
    147.830    10.0928   3.788100    34.6287       2121     8.8333  0.000e+00
    147.680    10.0931   3.788061    34.6281       2122     8.8375  0.000e+00
    147.527    10.0931   3.787839    34.6259       2123     8.8417  0.000e+00
    147.359    10.0928   3.787479    34.6226       2124     8.8458  0.000e+00
    147.181    10.0915   3.787302    34.6222       2125     8.8500  0.000e+00
    146.988    10.0899   3.787256    34.6233       2126     8.8542  0.000e+00
    146.795    10.0889   3.786831    34.6200       2127     8.8583  0.000e+00
    146.593    10.0872   3.786315    34.6165       2128     8.8625  0.000e+00
    146.393    10.0843   3.786249    34.6186       2129     8.8667  0.000e+00
    146.198    10.0822   3.785916    34.6173       2130     8.8708  0.000e+00
    145.994    10.0802   3.786635    34.6267       2131     8.8750  0.000e+00
    145.806    10.0810   3.787394    34.6337       2132     8.8792  0.000e+00
    145.629    10.0847   3.787191    34.6282       2133     8.8833  0.000e+00
    145.461    10.0877   3.786576    34.6191       2134     8.8875  0.000e+00
    145.297    10.0895   3.786118    34.6128       2135     8.8917  0.000e+00
    145.149    10.0913   3.786007    34.6100       2136     8.8958  0.000e+00
    144.984    10.0933   3.785758    34.6057       2137     8.9000  0.000e+00
    144.834    10.0942   3.784647    34.5935       2138     8.9042  0.000e+00
    144.686    10.0932   3.783502    34.5829       2139     8.9083  0.000e+00
    144.528    10.0896   3.781293    34.5639       2140     8.9125  0.000e+00
    144.389    10.0833   3.779777    34.5545       2141     8.9167  0.000e+00
    144.234    10.0757   3.778999    34.5540       2142     8.9208  0.000e+00
    144.100    10.0693   3.778718    34.5573       2143     8.9250  0.000e+00
    143.955    10.0648   3.778398    34.5584       2144     8.9292  0.000e+00
    143.811    10.0621   3.778019    34.5571       2145     8.9333  0.000e+00
    143.668    10.0603   3.777882    34.5575       2146     8.9375  0.000e+00
    143.513    10.0593   3.777738    34.5571       2147     8.9417  0.000e+00
    143.359    10.0583   3.777385    34.5545       2148     8.9458  0.000e+00
    143.178    10.0574   3.777261    34.5542       2149     8.9500  0.000e+00
    142.998    10.0566   3.777222    34.5546       2150     8.9542  0.000e+00
    142.788    10.0564   3.777124    34.5539       2151     8.9583  0.000e+00
    142.560    10.0565   3.776967    34.5523       2152     8.9625  0.000e+00
    142.325    10.0565   3.776901    34.5518       2153     8.9667  0.000e+00
    142.078    10.0564   3.776986    34.5528       2154     8.9708  0.000e+00
    141.825    10.0568   3.777078    34.5535       2155     8.9750  0.000e+00
    141.571    10.0578   3.776640    34.5482       2156     8.9792  0.000e+00
    141.318    10.0579   3.776215    34.5439       2157     8.9833  0.000e+00
    141.070    10.0571   3.775719    34.5397       2158     8.9875  0.000e+00
    140.843    10.0559   3.775300    34.5367       2159     8.9917  0.000e+00
    140.644    10.0546   3.774895    34.5339       2160     8.9958  0.000e+00
    140.471    10.0532   3.774510    34.5314       2161     9.0000  0.000e+00
    140.327    10.0520   3.773824    34.5256       2162     9.0042  0.000e+00
    140.208    10.0506   3.773060    34.5192       2163     9.0083  0.000e+00
    140.112    10.0482   3.772616    34.5170       2164     9.0125  0.000e+00
    140.042    10.0455   3.772022    34.5135       2165     9.0167  0.000e+00
    139.978    10.0427   3.771748    34.5134       2166     9.0208  0.000e+00
    139.907    10.0401   3.771513    34.5136       2167     9.0250  0.000e+00
    139.839    10.0380   3.771193    34.5124       2168     9.0292  0.000e+00
    139.748    10.0359   3.770135    34.5036       2169     9.0333  0.000e+00
    139.635    10.0321   3.768666    34.4923       2170     9.0375  0.000e+00
    139.513    10.0255   3.767713    34.4890       2171     9.0417  0.000e+00
    139.360    10.0177   3.765155    34.4703       2172     9.0458  0.000e+00
    139.180    10.0066   3.762559    34.4545       2173     9.0500  0.000e+00
    138.982     9.9936   3.762292    34.4643       2174     9.0542  0.000e+00
    138.759     9.9850   3.761326    34.4627       2175     9.0583  0.000e+00
    138.531     9.9794   3.758509    34.4394       2176     9.0625  0.000e+00
    138.281     9.9704   3.756156    34.4240       2177     9.0667  0.000e+00
    138.042     9.9580   3.754025    34.4142       2178     9.0708  0.000e+00
    137.800     9.9445   3.750630    34.3925       2179     9.0750  0.000e+00
    137.566     9.9283   3.747712    34.3782       2180     9.0792  0.000e+00
    137.344     9.9102   3.744027    34.3578       2181     9.0833  0.000e+00
    137.137     9.8899   3.741274    34.3491       2182     9.0875  0.000e+00
    136.936     9.8698   3.738730    34.3424       2183     9.0917  0.000e+00
    136.762     9.8509   3.737995    34.3529       2184     9.0958  0.000e+00
    136.585     9.8360   3.737637    34.3635       2185     9.1000  0.000e+00
    136.435     9.8261   3.736609    34.3624       2186     9.1042  0.000e+00
    136.284     9.8180   3.735659    34.3606       2187     9.1083  0.000e+00
    136.134     9.8102   3.735308    34.3644       2188     9.1125  0.000e+00
    135.994     9.8044   3.735172    34.3686       2189     9.1167  0.000e+00
    135.856     9.8003   3.734892    34.3697       2190     9.1208  0.000e+00
    135.712     9.7973   3.734203    34.3656       2191     9.1250  0.000e+00
    135.576     9.7940   3.733578    34.3624       2192     9.1292  0.000e+00
    135.435     9.7898   3.732122    34.3516       2193     9.1333  0.000e+00
    135.284     9.7840   3.731621    34.3520       2194     9.1375  0.000e+00
    135.141     9.7782   3.730744    34.3486       2195     9.1417  0.000e+00
    134.984     9.7720   3.727533    34.3217       2196     9.1458  0.000e+00
    134.825     9.7610   3.725194    34.3082       2197     9.1500  0.000e+00
    134.661     9.7466   3.722959    34.2990       2198     9.1542  0.000e+00
    134.488     9.7310   3.722154    34.3058       2199     9.1583  0.000e+00
    134.306     9.7183   3.721355    34.3097       2200     9.1625  0.000e+00
    134.119     9.7085   3.720615    34.3116       2201     9.1667  0.000e+00
    133.942     9.7006   3.720200    34.3149       2202     9.1708  0.000e+00
    133.765     9.6948   3.719602    34.3144       2203     9.1750  0.000e+00
    133.582     9.6893   3.718985    34.3133       2204     9.1792  0.000e+00
    133.421     9.6845   3.718570    34.3138       2205     9.1833  0.000e+00
    133.262     9.6802   3.718680    34.3191       2206     9.1875  0.000e+00
    133.110     9.6776   3.718317    34.3179       2207     9.1917  0.000e+00
    132.958     9.6750   3.714001    34.2761       2208     9.1958  0.000e+00
    132.825     9.6647   3.712411    34.2696       2209     9.2000  0.000e+00
    132.679     9.6512   3.711483    34.2730       2210     9.2042  0.000e+00
    132.542     9.6402   3.709259    34.2607       2211     9.2083  0.000e+00
    132.405     9.6285   3.707702    34.2559       2212     9.2125  0.000e+00
    132.266     9.6169   3.705148    34.2407       2213     9.2167  0.000e+00
    132.116     9.6045   3.703404    34.2347       2214     9.2208  0.000e+00
    131.969     9.5924   3.702763    34.2396       2215     9.2250  0.000e+00
    131.815     9.5837   3.702555    34.2458       2216     9.2292  0.000e+00
    131.651     9.5779   3.702082    34.2466       2217     9.2333  0.000e+00
    131.481     9.5740   3.701369    34.2431       2218     9.2375  0.000e+00
    131.316     9.5701   3.700754    34.2405       2219     9.2417  0.000e+00
    131.129     9.5664   3.700112    34.2375       2220     9.2458  0.000e+00
    130.938     9.5628   3.699646    34.2362       2221     9.2500  0.000e+00
    130.750     9.5593   3.699451    34.2376       2222     9.2542  0.000e+00
    130.557     9.5567   3.699089    34.2364       2223     9.2583  0.000e+00
    130.360     9.5548   3.698603    34.2333       2224     9.2625  0.000e+00
    130.172     9.5525   3.698376    34.2333       2225     9.2667  0.000e+00
    129.980     9.5505   3.698104    34.2325       2226     9.2708  0.000e+00
    129.793     9.5491   3.697994    34.2328       2227     9.2750  0.000e+00
    129.616     9.5480   3.697929    34.2332       2228     9.2792  0.000e+00
    129.436     9.5471   3.697922    34.2341       2229     9.2833  0.000e+00
    129.277     9.5469   3.697922    34.2344       2230     9.2875  0.000e+00
    129.124     9.5470   3.697993    34.2351       2231     9.2917  0.000e+00
    128.987     9.5472   3.698168    34.2368       2232     9.2958  0.000e+00
    128.857     9.5475   3.698149    34.2363       2233     9.3000  0.000e+00
    128.731     9.5479   3.698103    34.2356       2234     9.3042  0.000e+00
    128.608     9.5479   3.698103    34.2356       2235     9.3083  0.000e+00
    128.484     9.5480   3.697993    34.2344       2236     9.3125  0.000e+00
    128.348     9.5481   3.697967    34.2341       2237     9.3167  0.000e+00
    128.196     9.5480   3.697922    34.2339       2238     9.3208  0.000e+00
    128.040     9.5481   3.697922    34.2338       2239     9.3250  0.000e+00
    127.879     9.5481   3.697948    34.2341       2240     9.3292  0.000e+00
    127.698     9.5482   3.697896    34.2336       2241     9.3333  0.000e+00
    127.501     9.5480   3.697850    34.2334       2242     9.3375  0.000e+00
    127.306     9.5481   3.697805    34.2330       2243     9.3417  0.000e+00
    127.118     9.5479   3.697837    34.2336       2244     9.3458  0.000e+00
    126.921     9.5479   3.697785    34.2331       2245     9.3500  0.000e+00
    126.729     9.5480   3.697371    34.2289       2246     9.3542  0.000e+00
    126.540     9.5473   3.696781    34.2235       2247     9.3583  0.000e+00
    126.366     9.5458   3.695946    34.2164       2248     9.3625  0.000e+00
    126.196     9.5431   3.694799    34.2073       2249     9.3667  0.000e+00
    126.045     9.5393   3.694294    34.2057       2250     9.3708  0.000e+00
    125.881     9.5361   3.693906    34.2048       2251     9.3750  0.000e+00
    125.747     9.5332   3.692889    34.1972       2252     9.3792  0.000e+00
    125.606     9.5302   3.692676    34.1979       2253     9.3833  0.000e+00
    125.479     9.5273   3.692520    34.1991       2254     9.3875  0.000e+00
    125.354     9.5256   3.692242    34.1979       2255     9.3917  0.000e+00
    125.242     9.5240   3.692041    34.1974       2256     9.3958  0.000e+00
    125.130     9.5229   3.691925    34.1974       2257     9.4000  0.000e+00
    125.023     9.5219   3.691672    34.1958       2258     9.4042  0.000e+00
    124.921     9.5208   3.691381    34.1939       2259     9.4083  0.000e+00
    124.814     9.5198   3.691284    34.1938       2260     9.4125  0.000e+00
    124.705     9.5188   3.691174    34.1937       2261     9.4167  0.000e+00
    124.580     9.5182   3.690992    34.1925       2262     9.4208  0.000e+00
    124.423     9.5174   3.690921    34.1926       2263     9.4250  0.000e+00
    124.250     9.5171   3.690869    34.1924       2264     9.4292  0.000e+00
    124.068     9.5167   3.690876    34.1929       2265     9.4333  0.000e+00
    123.870     9.5165   3.690856    34.1930       2266     9.4375  0.000e+00
