HB2403/sbe085.cnv
* Sea-Bird SBE 19plus V2 Data File:
* FileName = C:\cruise\data\sbe085.hex
* Software Version Seasave V 7.26.7.121
* Temperature SN = 6128
* Conductivity SN = 6128
* System UpLoad Time = Jun 09 2024 03:32:07
* NMEA Latitude = 42 07.77 N
* NMEA Longitude = 067 16.71 W
* NMEA UTC (Time) = Jun 09 2024  03:32:42
** Ship: Henry Bigelow
** Cruise:  HB2403
** Program:  ECOMON
# nquan = 7
# nvalues = 1383                                  
# units = specified
# name 0 = depSM: Depth [salt water, m]
# name 1 = tv290C: Temperature [ITS-90, deg C]
# name 2 = c0S/m: Conductivity [S/m]
# name 3 = sal00: Salinity, Practical [PSU]
# name 4 = scan: Scan Count
# name 5 = timeM: Time, Elapsed [minutes]
# name 6 = flag:  0.000e+00
# span 0 =     -0.186,     83.332                 
# span 1 =     8.5110,    14.5766                 
# span 2 =   0.005499,   3.822124                 
# span 3 =     0.0354,    33.0871                 
# span 4 =         11,       1393                 
# span 5 =     0.0417,     5.8000                 
# span 6 = 0.0000e+00, 0.0000e+00                 
# interval = seconds: 0.25
# start_time = Jun 09 2024 03:32:42 [NMEA time, header]
# bad_flag = -9.990e-29
*END*
[from data line 1026]
     28.482    10.6762   3.548772    31.7408       1037     4.3167  0.000e+00
     28.329    10.6755   3.548810    31.7419       1038     4.3208  0.000e+00
     28.176    10.6761   3.548982    31.7432       1039     4.3250  0.000e+00
     28.033    10.6781   3.549027    31.7419       1040     4.3292  0.000e+00
     27.894    10.6804   3.549116    31.7409       1041     4.3333  0.000e+00
     27.755    10.6825   3.549116    31.7391       1042     4.3375  0.000e+00
     27.626    10.6840   3.549135    31.7380       1043     4.3417  0.000e+00
     27.502    10.6848   3.548963    31.7357       1044     4.3458  0.000e+00
     27.388    10.6841   3.548791    31.7347       1045     4.3500  0.000e+00
     27.285    10.6811   3.548810    31.7374       1046     4.3542  0.000e+00
     27.177    10.6788   3.548746    31.7388       1047     4.3583  0.000e+00
     27.085    10.6776   3.548791    31.7404       1048     4.3625  0.000e+00
     26.987    10.6769   3.548727    31.7404       1049     4.3667  0.000e+00
     26.889    10.6756   3.548746    31.7418       1050     4.3708  0.000e+00
     26.791    10.6745   3.548944    31.7447       1051     4.3750  0.000e+00
     26.704    10.6756   3.549160    31.7460       1052     4.3792  0.000e+00
     26.605    10.6788   3.548918    31.7408       1053     4.3833  0.000e+00
     26.495    10.6799   3.548835    31.7391       1054     4.3875  0.000e+00
     26.401    10.6790   3.549007    31.7416       1055     4.3917  0.000e+00
     26.299    10.6795   3.548982    31.7410       1056     4.3958  0.000e+00
     26.193    10.6811   3.549409    31.7438       1057     4.4000  0.000e+00
     26.086    10.6849   3.550333    31.7498       1058     4.4042  0.000e+00
     25.974    10.6943   3.550702    31.7453       1059     4.4083  0.000e+00
     25.867    10.7051   3.550721    31.7362       1060     4.4125  0.000e+00
     25.747    10.7119   3.550746    31.7306       1061     4.4167  0.000e+00
     25.629    10.7161   3.550574    31.7253       1062     4.4208  0.000e+00
     25.502    10.7185   3.550874    31.7262       1063     4.4250  0.000e+00
     25.380    10.7206   3.550574    31.7215       1064     4.4292  0.000e+00
     25.250    10.7216   3.549981    31.7148       1065     4.4333  0.000e+00
     25.122    10.7210   3.550071    31.7162       1066     4.4375  0.000e+00
     25.003    10.7217   3.550829    31.7232       1067     4.4417  0.000e+00
     24.886    10.7233   3.550963    31.7232       1068     4.4458  0.000e+00
     24.770    10.7253   3.550657    31.7185       1069     4.4500  0.000e+00
     24.673    10.7261   3.550746    31.7187       1070     4.4542  0.000e+00
     24.577    10.7263   3.550504    31.7162       1071     4.4583  0.000e+00
     24.486    10.7257   3.549981    31.7116       1072     4.4625  0.000e+00
     24.393    10.7241   3.549573    31.7089       1073     4.4667  0.000e+00
     24.311    10.7219   3.549637    31.7115       1074     4.4708  0.000e+00
     24.230    10.7207   3.549809    31.7143       1075     4.4750  0.000e+00
     24.144    10.7206   3.549809    31.7144       1076     4.4792  0.000e+00
     24.044    10.7206   3.549898    31.7153       1077     4.4833  0.000e+00
     23.947    10.7210   3.550051    31.7166       1078     4.4875  0.000e+00
     23.815    10.7212   3.550159    31.7175       1079     4.4917  0.000e+00
     23.676    10.7222   3.550070    31.7158       1080     4.4958  0.000e+00
     23.531    10.7241   3.549872    31.7123       1081     4.5000  0.000e+00
     23.385    10.7249   3.549611    31.7091       1082     4.5042  0.000e+00
     23.240    10.7240   3.549573    31.7095       1083     4.5083  0.000e+00
     23.092    10.7226   3.549611    31.7112       1084     4.5125  0.000e+00
     22.952    10.7220   3.550025    31.7159       1085     4.5167  0.000e+00
     22.822    10.7231   3.549439    31.7091       1086     4.5208  0.000e+00
     22.702    10.7222   3.549330    31.7089       1087     4.5250  0.000e+00
     22.586    10.7203   3.549706    31.7143       1088     4.5292  0.000e+00
     22.479    10.7217   3.550484    31.7209       1089     4.5333  0.000e+00
     22.379    10.7274   3.550548    31.7166       1090     4.5375  0.000e+00
     22.284    10.7325   3.550681    31.7135       1091     4.5417  0.000e+00
     22.185    10.7363   3.550764    31.7111       1092     4.5458  0.000e+00
     22.091    10.7388   3.550719    31.7085       1093     4.5500  0.000e+00
     21.998    10.7400   3.550458    31.7050       1094     4.5542  0.000e+00
     21.899    10.7393   3.550809    31.7090       1095     4.5583  0.000e+00
     21.796    10.7400   3.551548    31.7159       1096     4.5625  0.000e+00
     21.684    10.7454   3.552287    31.7185       1097     4.5667  0.000e+00
     21.570    10.7542   3.550502    31.6933       1098     4.5708  0.000e+00
     21.449    10.7509   3.550394    31.6951       1099     4.5750  0.000e+00
     21.319    10.7453   3.551089    31.7069       1100     4.5792  0.000e+00
     21.195    10.7446   3.550311    31.6998       1101     4.5833  0.000e+00
     21.072    10.7418   3.550177    31.7010       1102     4.5875  0.000e+00
     20.951    10.7380   3.550203    31.7046       1103     4.5917  0.000e+00
     20.832    10.7361   3.550764    31.7119       1104     4.5958  0.000e+00
     20.717    10.7375   3.550113    31.7042       1105     4.6000  0.000e+00
     20.607    10.7373   3.552835    31.7315       1106     4.6042  0.000e+00
     20.502    10.7498   3.555334    31.7454       1107     4.6083  0.000e+00
     20.399    10.7745   3.555812    31.7288       1108     4.6125  0.000e+00
     20.305    10.7939   3.555028    31.7043       1109     4.6167  0.000e+00
     20.212    10.8036   3.555589    31.7014       1110     4.6208  0.000e+00
     20.118    10.8104   3.560372    31.7430       1111     4.6250  0.000e+00
     20.014    10.8384   3.565765    31.7721       1112     4.6292  0.000e+00
     19.916    10.8894   3.568453    31.7545       1113     4.6333  0.000e+00
     19.796    10.9385   3.569812    31.7255       1114     4.6375  0.000e+00
     19.666    10.9779   3.570904    31.7023       1115     4.6417  0.000e+00
     19.531    11.0079   3.570073    31.6683       1116     4.6458  0.000e+00
     19.377    11.0226   3.568521    31.6404       1117     4.6500  0.000e+00
     19.210    11.0232   3.569000    31.6447       1118     4.6542  0.000e+00
     19.033    11.0206   3.566656    31.6239       1119     4.6583  0.000e+00
     18.857    11.0116   3.565871    31.6240       1120     4.6625  0.000e+00
     18.671    10.9997   3.565105    31.6268       1121     4.6667  0.000e+00
     18.492    10.9877   3.565744    31.6435       1122     4.6708  0.000e+00
     18.313    10.9829   3.568259    31.6725       1123     4.6750  0.000e+00
     18.147    10.9912   3.566701    31.6500       1124     4.6792  0.000e+00
     17.988    10.9921   3.563056    31.6134       1125     4.6833  0.000e+00
     17.845    10.9757   3.568234    31.6787       1126     4.6875  0.000e+00
     17.720    10.9818   3.569875    31.6896       1127     4.6917  0.000e+00
     17.599    11.0014   3.572130    31.6950       1128     4.6958  0.000e+00
     17.504    11.0256   3.573548    31.6881       1129     4.7000  0.000e+00
     17.421    11.0495   3.575528    31.6870       1130     4.7042  0.000e+00
     17.345    11.0725   3.579434    31.7057       1131     4.7083  0.000e+00
     17.284    11.1067   3.583520    31.7164       1132     4.7125  0.000e+00
     17.221    11.1475   3.579759    31.6444       1133     4.7167  0.000e+00
     17.165    11.1626   3.580814    31.6418       1134     4.7208  0.000e+00
     17.104    11.1692   3.580571    31.6338       1135     4.7250  0.000e+00
     17.035    11.1710   3.578378    31.6107       1136     4.7292  0.000e+00
     16.958    11.1637   3.578423    31.6174       1137     4.7333  0.000e+00
     16.875    11.1550   3.575220    31.5935       1138     4.7375  0.000e+00
     16.776    11.1371   3.576384    31.6203       1139     4.7417  0.000e+00
     16.649    11.1296   3.590828    31.7688       1140     4.7458  0.000e+00
     16.512    11.1883   3.605493    31.8622       1141     4.7500  0.000e+00
     16.354    11.3105   3.613697    31.8372       1142     4.7542  0.000e+00
     16.181    11.4397   3.617939    31.7675       1143     4.7583  0.000e+00
     15.997    11.5480   3.622703    31.7211       1144     4.7625  0.000e+00
     15.798    11.6365   3.627882    31.6958       1145     4.7667  0.000e+00
     15.599    11.7174   3.636447    31.7099       1146     4.7708  0.000e+00
     15.402    11.8087   3.648711    31.7508       1147     4.7750  0.000e+00
     15.208    11.9297   3.653582    31.6948       1148     4.7792  0.000e+00
     15.029    12.0468   3.671700    31.7698       1149     4.7833  0.000e+00
     14.859    12.2030   3.686100    31.7754       1150     4.7875  0.000e+00
     14.700    12.3911   3.702616    31.7740       1151     4.7917  0.000e+00
     14.553    12.5933   3.714591    31.7173       1152     4.7958  0.000e+00
     14.417    12.7884   3.727187    31.6727       1153     4.8000  0.000e+00
     14.305    12.9748   3.735772    31.5978       1154     4.8042  0.000e+00
     14.202    13.1356   3.739804    31.5019       1155     4.8083  0.000e+00
     14.117    13.2581   3.745335    31.4523       1156     4.8125  0.000e+00
     14.026    13.3576   3.750498    31.4183       1157     4.8167  0.000e+00
     13.947    13.4460   3.755260    31.3899       1158     4.8208  0.000e+00
     13.871    13.5245   3.758140    31.3522       1159     4.8250  0.000e+00
     13.797    13.5891   3.759770    31.3144       1160     4.8292  0.000e+00
     13.719    13.6373   3.761771    31.2935       1161     4.8333  0.000e+00
     13.640    13.6756   3.764315    31.2858       1162     4.8375  0.000e+00
     13.555    13.7112   3.765613    31.2687       1163     4.8417  0.000e+00
     13.456    13.7420   3.769378    31.2785       1164     4.8458  0.000e+00
     13.357    13.7769   3.773040    31.2838       1165     4.8500  0.000e+00
     13.245    13.8208   3.777834    31.2922       1166     4.8542  0.000e+00
     13.138    13.8743   3.783630    31.3021       1167     4.8583  0.000e+00
     13.009    13.9398   3.788213    31.2910       1168     4.8625  0.000e+00
     12.879    14.0074   3.795063    31.2989       1169     4.8667  0.000e+00
     12.743    14.0843   3.798204    31.2653       1170     4.8708  0.000e+00
     12.615    14.1542   3.800777    31.2323       1171     4.8750  0.000e+00
     12.493    14.2104   3.802872    31.2060       1172     4.8792  0.000e+00
     12.374    14.2565   3.805184    31.1900       1173     4.8833  0.000e+00
     12.262    14.2959   3.808251    31.1862       1174     4.8875  0.000e+00
     12.155    14.3363   3.809548    31.1654       1175     4.8917  0.000e+00
     12.054    14.3704   3.810354    31.1453       1176     4.8958  0.000e+00
     11.969    14.3946   3.811416    31.1356       1177     4.9000  0.000e+00
     11.891    14.4146   3.812294    31.1276       1178     4.9042  0.000e+00
     11.826    14.4313   3.813258    31.1229       1179     4.9083  0.000e+00
     11.770    14.4456   3.813927    31.1175       1180     4.9125  0.000e+00
     11.707    14.4583   3.815763    31.1240       1181     4.9167  0.000e+00
     11.653    14.4744   3.816504    31.1178       1182     4.9208  0.000e+00
     11.587    14.4901   3.816793    31.1079       1183     4.9250  0.000e+00
     11.505    14.5013   3.817094    31.1017       1184     4.9292  0.000e+00
     11.424    14.5086   3.817645    31.1008       1185     4.9333  0.000e+00
     11.313    14.5151   3.818039    31.0993       1186     4.9375  0.000e+00
     11.193    14.5215   3.818262    31.0962       1187     4.9417  0.000e+00
     11.060    14.5266   3.818557    31.0948       1188     4.9458  0.000e+00
     10.902    14.5311   3.819279    31.0978       1189     4.9500  0.000e+00
     10.739    14.5373   3.820027    31.0997       1190     4.9542  0.000e+00
     10.564    14.5454   3.820230    31.0951       1191     4.9583  0.000e+00
     10.387    14.5522   3.820322    31.0905       1192     4.9625  0.000e+00
     10.207    14.5563   3.820368    31.0877       1193     4.9667  0.000e+00
     10.030    14.5591   3.820341    31.0853       1194     4.9708  0.000e+00
      9.872    14.5606   3.820367    31.0844       1195     4.9750  0.000e+00
      9.727    14.5617   3.820394    31.0838       1196     4.9792  0.000e+00
      9.603    14.5623   3.820413    31.0836       1197     4.9833  0.000e+00
      9.496    14.5629   3.820420    31.0832       1198     4.9875  0.000e+00
      9.418    14.5632   3.820433    31.0831       1199     4.9917  0.000e+00
      9.375    14.5629   3.820348    31.0826       1200     4.9958  0.000e+00
      9.348    14.5630   3.820387    31.0829       1201     5.0000  0.000e+00
      9.337    14.5627   3.820085    31.0804       1202     5.0042  0.000e+00
      9.346    14.5609   3.819960    31.0807       1203     5.0083  0.000e+00
      9.351    14.5583   3.819514    31.0787       1204     5.0125  0.000e+00
      9.369    14.5545   3.819416    31.0809       1205     5.0167  0.000e+00
      9.356    14.5510   3.819442    31.0839       1206     5.0208  0.000e+00
      9.336    14.5489   3.819258    31.0839       1207     5.0250  0.000e+00
      9.284    14.5467   3.819442    31.0874       1208     5.0292  0.000e+00
      9.210    14.5457   3.819514    31.0889       1209     5.0333  0.000e+00
      9.114    14.5457   3.819665    31.0903       1210     5.0375  0.000e+00
      8.993    14.5467   3.819658    31.0895       1211     5.0417  0.000e+00
      8.837    14.5470   3.819370    31.0866       1212     5.0458  0.000e+00
      8.643    14.5453   3.819206    31.0866       1213     5.0500  0.000e+00
      8.415    14.5435   3.819573    31.0915       1214     5.0542  0.000e+00
      8.166    14.5434   3.820013    31.0957       1215     5.0583  0.000e+00
      7.919    14.5462   3.820275    31.0958       1216     5.0625  0.000e+00
      7.666    14.5492   3.820393    31.0946       1217     5.0667  0.000e+00
      7.421    14.5519   3.820432    31.0929       1218     5.0708  0.000e+00
      7.168    14.5541   3.820682    31.0935       1219     5.0750  0.000e+00
      6.940    14.5562   3.820609    31.0912       1220     5.0792  0.000e+00
      6.728    14.5579   3.820616    31.0900       1221     5.0833  0.000e+00
      6.558    14.5589   3.820747    31.0905       1222     5.0875  0.000e+00
      6.425    14.5604   3.820885    31.0905       1223     5.0917  0.000e+00
      6.362    14.5622   3.820727    31.0877       1224     5.0958  0.000e+00
      6.322    14.5629   3.820819    31.0880       1225     5.1000  0.000e+00
      6.318    14.5636   3.821127    31.0902       1226     5.1042  0.000e+00
      6.335    14.5655   3.821180    31.0892       1227     5.1083  0.000e+00
      6.363    14.5674   3.821154    31.0874       1228     5.1125  0.000e+00
      6.380    14.5681   3.821022    31.0857       1229     5.1167  0.000e+00
      6.384    14.5676   3.820747    31.0836       1230     5.1208  0.000e+00
      6.373    14.5657   3.820274    31.0808       1231     5.1250  0.000e+00
      6.349    14.5621   3.820793    31.0884       1232     5.1292  0.000e+00
      6.302    14.5615   3.820727    31.0883       1233     5.1333  0.000e+00
      6.226    14.5616   3.820386    31.0851       1234     5.1375  0.000e+00
      6.118    14.5601   3.820891    31.0910       1235     5.1417  0.000e+00
      5.991    14.5606   3.821042    31.0920       1236     5.1458  0.000e+00
      5.831    14.5626   3.821153    31.0915       1237     5.1500  0.000e+00
      5.638    14.5643   3.820950    31.0883       1238     5.1542  0.000e+00
      5.443    14.5648   3.821101    31.0893       1239     5.1583  0.000e+00
      5.247    14.5650   3.820930    31.0878       1240     5.1625  0.000e+00
