HB2403/sbe053.cnv
* Sea-Bird SBE 19plus V2 Data File:
* FileName = C:\cruise\data\sbe053.hex
* Software Version Seasave V 7.26.7.121
* Temperature SN = 6128
* Conductivity SN = 6128
* System UpLoad Time = Jun 06 2024 09:30:17
* NMEA Latitude = 40 03.88 N
* NMEA Longitude = 070 52.38 W
* NMEA UTC (Time) = Jun 06 2024  09:30:50
** Ship: Henry Bigelow
** Cruise:  HB2403
** Program:  ECOMON
# nquan = 7
# nvalues = 1805                                  
# units = specified
# name 0 = depSM: Depth [salt water, m]
# name 1 = tv290C: Temperature [ITS-90, deg C]
# name 2 = c0S/m: Conductivity [S/m]
# name 3 = sal00: Salinity, Practical [PSU]
# name 4 = scan: Scan Count
# name 5 = timeM: Time, Elapsed [minutes]
# name 6 = flag:  0.000e+00
# span 0 =     -0.223,    173.115                 
# span 1 =     6.9367,    15.4789                 
# span 2 =   0.007212,   4.007580                 
# span 3 =     0.0444,    35.4584                 
# span 4 =         11,       1815                 
# span 5 =     0.0417,     7.5583                 
# span 6 = 0.0000e+00, 0.0000e+00                 
# interval = seconds: 0.25
# start_time = Jun 06 2024 09:30:50 [NMEA time, header]
# bad_flag = -9.990e-29
*END*
[from data line 206]
     16.413    12.3780   3.750465    32.2417        217     0.9000  0.000e+00
     16.619    12.3647   3.747756    32.2270        218     0.9042  0.000e+00
     16.840    12.3516   3.746069    32.2221        219     0.9083  0.000e+00
     17.069    12.3383   3.743863    32.2123        220     0.9125  0.000e+00
     17.305    12.3230   3.738520    32.1742        221     0.9167  0.000e+00
     17.547    12.3040   3.734422    32.1511        222     0.9208  0.000e+00
     17.789    12.2833   3.731016    32.1361        223     0.9250  0.000e+00
     18.027    12.2623   3.727006    32.1156        224     0.9292  0.000e+00
     18.264    12.2420   3.722706    32.0917        225     0.9333  0.000e+00
     18.495    12.2215   3.720472    32.0877        226     0.9375  0.000e+00
     18.711    12.2002   3.718037    32.0825        227     0.9417  0.000e+00
     18.911    12.1802   3.716616    32.0860        228     0.9458  0.000e+00
     19.099    12.1601   3.715617    32.0936        229     0.9500  0.000e+00
     19.273    12.1418   3.715241    32.1056        230     0.9542  0.000e+00
     19.435    12.1271   3.715423    32.1199        231     0.9583  0.000e+00
     19.590    12.1141   3.715988    32.1365        232     0.9625  0.000e+00
     19.746    12.1008   3.716689    32.1546        233     0.9667  0.000e+00
     19.901    12.0874   3.716988    32.1689        234     0.9708  0.000e+00
     20.054    12.0722   3.717650    32.1883        235     0.9750  0.000e+00
     20.210    12.0560   3.718592    32.2113        236     0.9792  0.000e+00
     20.376    12.0402   3.718845    32.2273        237     0.9833  0.000e+00
     20.549    12.0241   3.718274    32.2357        238     0.9875  0.000e+00
     20.728    11.9981   3.717430    32.2499        239     0.9917  0.000e+00
     20.911    11.9647   3.715263    32.2578        240     0.9958  0.000e+00
     21.106    11.9281   3.710566    32.2440        241     1.0000  0.000e+00
     21.309    11.8918   3.704277    32.2145        242     1.0042  0.000e+00
     21.518    11.8448   3.700661    32.2201        243     1.0083  0.000e+00
     21.737    11.7788   3.695441    32.2266        244     1.0125  0.000e+00
     21.966    11.6896   3.686038    32.2126        245     1.0167  0.000e+00
     22.203    11.5949   3.675649    32.1936        246     1.0208  0.000e+00
     22.445    11.5038   3.667931    32.1974        247     1.0250  0.000e+00
     22.689    11.4181   3.658840    32.1831        248     1.0292  0.000e+00
     22.942    11.3211   3.648604    32.1673        249     1.0333  0.000e+00
     23.199    11.2111   3.635182    32.1313        250     1.0375  0.000e+00
     23.445    11.1005   3.622775    32.1057        251     1.0417  0.000e+00
     23.694    10.9875   3.613061    32.1084        252     1.0458  0.000e+00
     23.925    10.8762   3.601980    32.0961        253     1.0500  0.000e+00
     24.147    10.7443   3.588895    32.0819        254     1.0542  0.000e+00
     24.364    10.6002   3.578080    32.1007        255     1.0583  0.000e+00
     24.563    10.4696   3.569142    32.1264        256     1.0625  0.000e+00
     24.749    10.3406   3.559199    32.1407        257     1.0667  0.000e+00
     24.927    10.2252   3.551969    32.1702        258     1.0708  0.000e+00
     25.088    10.1256   3.546688    32.2054        259     1.0750  0.000e+00
     25.249    10.0465   3.542867    32.2372        260     1.0792  0.000e+00
     25.406     9.9838   3.541066    32.2748        261     1.0833  0.000e+00
     25.570     9.9219   3.538514    32.3042        262     1.0875  0.000e+00
     25.729     9.8541   3.533793    32.3170        263     1.0917  0.000e+00
     25.895     9.7764   3.530144    32.3495        264     1.0958  0.000e+00
     26.063     9.6974   3.526406    32.3825        265     1.1000  0.000e+00
     26.235     9.6150   3.522569    32.4174        266     1.1042  0.000e+00
     26.421     9.5423   3.518352    32.4399        267     1.1083  0.000e+00
     26.611     9.4785   3.514588    32.4590        268     1.1125  0.000e+00
     26.809     9.4014   3.509411    32.4756        269     1.1167  0.000e+00
     27.008     9.3132   3.502107    32.4805        270     1.1208  0.000e+00
     27.214     9.2098   3.491256    32.4625        271     1.1250  0.000e+00
     27.423     9.0863   3.479086    32.4489        272     1.1292  0.000e+00
     27.640     8.9609   3.469205    32.4608        273     1.1333  0.000e+00
     27.863     8.8302   3.461208    32.4970        274     1.1375  0.000e+00
     28.088     8.7060   3.448663    32.4798        275     1.1417  0.000e+00
     28.322     8.5926   3.433852    32.4287        276     1.1458  0.000e+00
     28.562     8.4777   3.423570    32.4263        277     1.1500  0.000e+00
     28.804     8.3666   3.412502    32.4119        278     1.1542  0.000e+00
     29.053     8.2631   3.402427    32.4008        279     1.1583  0.000e+00
     29.302     8.1636   3.391274    32.3744        280     1.1625  0.000e+00
     29.539     8.0700   3.379260    32.3333        281     1.1667  0.000e+00
     29.765     7.9801   3.371002    32.3285        282     1.1708  0.000e+00
     29.983     7.8952   3.364836    32.3413        283     1.1750  0.000e+00
     30.181     7.8228   3.360277    32.3596        284     1.1792  0.000e+00
     30.376     7.7660   3.357022    32.3774        285     1.1833  0.000e+00
     30.555     7.7203   3.356100    32.4099        286     1.1875  0.000e+00
     30.725     7.6811   3.352150    32.4040        287     1.1917  0.000e+00
     30.894     7.6441   3.307141    31.9558        288     1.1958  0.000e+00
     31.068     7.5863   3.293481    31.8623        289     1.2000  0.000e+00
     31.245     7.5224   3.288069    31.8628        290     1.2042  0.000e+00
     31.424     7.4644   3.283446    31.8662        291     1.2083  0.000e+00
     31.614     7.4088   3.281296    31.8941        292     1.2125  0.000e+00
     31.809     7.3621   3.279906    31.9221        293     1.2167  0.000e+00
     32.009     7.3282   3.279208    31.9457        294     1.2208  0.000e+00
     32.212     7.3061   3.278146    31.9545        295     1.2250  0.000e+00
     32.413     7.2877   3.277832    31.9681        296     1.2292  0.000e+00
     32.622     7.2749   3.276276    31.9630        297     1.2333  0.000e+00
     32.829     7.2623   3.274201    31.9521        298     1.2375  0.000e+00
     33.028     7.2450   3.272683    31.9516        299     1.2417  0.000e+00
     33.235     7.2266   3.270912    31.9493        300     1.2458  0.000e+00
     33.436     7.2069   3.270147    31.9591        301     1.2500  0.000e+00
     33.643     7.1906   3.269333    31.9653        302     1.2542  0.000e+00
     33.855     7.1769   3.268457    31.9684        303     1.2583  0.000e+00
     34.064     7.1640   3.268000    31.9753        304     1.2625  0.000e+00
     34.280     7.1546   3.267630    31.9799        305     1.2667  0.000e+00
     34.496     7.1470   3.266983    31.9798        306     1.2708  0.000e+00
     34.709     7.1402   3.267526    31.9919        307     1.2750  0.000e+00
     34.923     7.1368   3.267834    31.9983        308     1.2792  0.000e+00
     35.136     7.1362   3.268229    32.0031        309     1.2833  0.000e+00
     35.346     7.1374   3.268649    32.0064        310     1.2875  0.000e+00
     35.542     7.1395   3.269235    32.0107        311     1.2917  0.000e+00
     35.742     7.1435   3.270000    32.0152        312     1.2958  0.000e+00
     35.938     7.1487   3.270605    32.0169        313     1.3000  0.000e+00
     36.126     7.1539   3.270852    32.0146        314     1.3042  0.000e+00
     36.317     7.1580   3.271043    32.0128        315     1.3083  0.000e+00
     36.509     7.1614   3.272364    32.0238        316     1.3125  0.000e+00
     36.701     7.1677   3.273438    32.0296        317     1.3167  0.000e+00
     36.903     7.1762   3.274247    32.0303        318     1.3208  0.000e+00
     37.103     7.1851   3.275185    32.0322        319     1.3250  0.000e+00
     37.311     7.1936   3.275864    32.0316        320     1.3292  0.000e+00
     37.517     7.2012   3.276185    32.0279        321     1.3333  0.000e+00
     37.732     7.2077   3.276642    32.0268        322     1.3375  0.000e+00
     37.947     7.2126   3.276914    32.0250        323     1.3417  0.000e+00
     38.160     7.2168   3.277352    32.0258        324     1.3458  0.000e+00
     38.372     7.2207   3.277816    32.0271        325     1.3500  0.000e+00
     38.574     7.2246   3.278063    32.0261        326     1.3542  0.000e+00
     38.780     7.2280   3.278606    32.0287        327     1.3583  0.000e+00
     38.984     7.2315   3.278538    32.0247        328     1.3625  0.000e+00
     39.183     7.2335   3.277983    32.0166        329     1.3667  0.000e+00
     39.375     7.2329   3.278063    32.0180        330     1.3708  0.000e+00
     39.573     7.2326   3.278230    32.0200        331     1.3750  0.000e+00
     39.772     7.2331   3.278718    32.0247        332     1.3792  0.000e+00
     39.972     7.2342   3.278712    32.0235        333     1.3833  0.000e+00
     40.166     7.2355   3.278125    32.0159        334     1.3875  0.000e+00
     40.365     7.2341   3.277186    32.0070        335     1.3917  0.000e+00
     40.568     7.2292   3.276260    32.0014        336     1.3958  0.000e+00
     40.774     7.2216   3.274914    31.9937        337     1.4000  0.000e+00
     40.976     7.2113   3.274038    31.9937        338     1.4042  0.000e+00
     41.182     7.2012   3.273562    31.9977        339     1.4083  0.000e+00
     41.385     7.1927   3.273476    32.0047        340     1.4125  0.000e+00
     41.580     7.1872   3.273155    32.0061        341     1.4167  0.000e+00
     41.773     7.1838   3.274230    32.0209        342     1.4208  0.000e+00
     41.974     7.1832   3.274248    32.0215        343     1.4250  0.000e+00
     42.170     7.1842   3.274230    32.0203        344     1.4292  0.000e+00
     42.368     7.1849   3.274125    32.0184        345     1.4333  0.000e+00
     42.573     7.1845   3.273977    32.0171        346     1.4375  0.000e+00
     42.776     7.1829   3.273896    32.0176        347     1.4417  0.000e+00
     42.977     7.1808   3.273606    32.0164        348     1.4458  0.000e+00
     43.182     7.1769   3.273551    32.0192        349     1.4500  0.000e+00
     43.379     7.1725   3.273107    32.0184        350     1.4542  0.000e+00
     43.589     7.1684   3.272520    32.0158        351     1.4583  0.000e+00
     43.796     7.1633   3.271379    32.0080        352     1.4625  0.000e+00
     44.008     7.1548   3.270607    32.0074        353     1.4667  0.000e+00
     44.223     7.1454   3.270645    32.0164        354     1.4708  0.000e+00
     44.447     7.1384   3.270108    32.0171        355     1.4750  0.000e+00
     44.669     7.1319   3.270108    32.0229        356     1.4792  0.000e+00
     44.896     7.1269   3.270793    32.0349        357     1.4833  0.000e+00
     45.130     7.1255   3.271571    32.0446        358     1.4875  0.000e+00
     45.368     7.1273   3.272274    32.0504        359     1.4917  0.000e+00
     45.597     7.1308   3.273793    32.0635        360     1.4958  0.000e+00
     45.825     7.1380   3.277170    32.0934        361     1.5000  0.000e+00
     46.045     7.1517   3.279536    32.1062        362     1.5042  0.000e+00
     46.257     7.1684   3.281093    32.1075        363     1.5083  0.000e+00
     46.456     7.1829   3.284356    32.1293        364     1.5125  0.000e+00
     46.647     7.1980   3.288393    32.1589        365     1.5167  0.000e+00
     46.827     7.2153   3.287737    32.1357        366     1.5208  0.000e+00
     46.996     7.2252   3.286086    32.1085        367     1.5250  0.000e+00
     47.164     7.2245   3.285314    32.1006        368     1.5292  0.000e+00
     47.332     7.2173   3.282390    32.0756        369     1.5333  0.000e+00
     47.510     7.1950   3.280506    32.0759        370     1.5375  0.000e+00
     47.681     7.1650   3.280488    32.1034        371     1.5417  0.000e+00
     47.855     7.1487   3.281928    32.1341        372     1.5458  0.000e+00
     48.039     7.1434   3.278153    32.0980        373     1.5500  0.000e+00
     48.219     7.1243   3.272541    32.0548        374     1.5542  0.000e+00
     48.409     7.0828   3.271918    32.0865        375     1.5583  0.000e+00
     48.604     7.0446   3.273900    32.1435        376     1.5625  0.000e+00
     48.800     7.0252   3.277796    32.2039        377     1.5667  0.000e+00
     49.000     7.0250   3.282992    32.2607        378     1.5708  0.000e+00
     49.204     7.0420   3.287956    32.2987        379     1.5750  0.000e+00
     49.412     7.0709   3.291914    32.3146        380     1.5792  0.000e+00
     49.616     7.1036   3.294977    32.3171        381     1.5833  0.000e+00
     49.827     7.1356   3.299075    32.3317        382     1.5875  0.000e+00
     50.042     7.1676   3.306836    32.3859        383     1.5917  0.000e+00
     50.259     7.2121   3.317732    32.4623        384     1.5958  0.000e+00
     50.487     7.2741   3.322977    32.4607        385     1.6000  0.000e+00
     50.716     7.3335   3.326932    32.4477        386     1.6042  0.000e+00
     50.947     7.3808   3.326311    32.3966        387     1.6083  0.000e+00
     51.185     7.4087   3.326118    32.3683        388     1.6125  0.000e+00
     51.427     7.4199   3.328205    32.3804        389     1.6167  0.000e+00
     51.668     7.4289   3.329728    32.3882        390     1.6208  0.000e+00
     51.905     7.4384   3.332009    32.4038        391     1.6250  0.000e+00
     52.143     7.4505   3.335154    32.4263        392     1.6292  0.000e+00
     52.374     7.4683   3.339172    32.4529        393     1.6333  0.000e+00
     52.600     7.4915   3.344169    32.4849        394     1.6375  0.000e+00
     52.821     7.5205   3.350863    32.5298        395     1.6417  0.000e+00
     53.033     7.5625   3.358634    32.5740        396     1.6458  0.000e+00
     53.228     7.6141   3.361365    32.5550        397     1.6500  0.000e+00
     53.418     7.6582   3.359631    32.4950        398     1.6542  0.000e+00
     53.598     7.6800   3.366462    32.5479        399     1.6583  0.000e+00
     53.766     7.7094   3.370132    32.5596        400     1.6625  0.000e+00
     53.921     7.7438   3.369601    32.5218        401     1.6667  0.000e+00
     54.082     7.7659   3.373797    32.5460        402     1.6708  0.000e+00
     54.234     7.7920   3.383703    32.6275        403     1.6750  0.000e+00
     54.395     7.8352   3.387005    32.6224        404     1.6792  0.000e+00
     54.554     7.8773   3.387080    32.5838        405     1.6833  0.000e+00
     54.717     7.9075   3.389370    32.5800        406     1.6875  0.000e+00
     54.899     7.9305   3.392568    32.5926        407     1.6917  0.000e+00
     55.087     7.9562   3.399544    32.6428        408     1.6958  0.000e+00
     55.285     7.9931   3.403767    32.6534        409     1.7000  0.000e+00
     55.502     8.0340   3.408550    32.6660        410     1.7042  0.000e+00
     55.730     8.0748   3.411642    32.6607        411     1.7083  0.000e+00
     55.967     8.1129   3.415213    32.6630        412     1.7125  0.000e+00
     56.203     8.1479   3.421874    32.7010        413     1.7167  0.000e+00
     56.451     8.1881   3.424675    32.6931        414     1.7208  0.000e+00
     56.700     8.2265   3.428232    32.6949        415     1.7250  0.000e+00
     56.941     8.2612   3.431067    32.6925        416     1.7292  0.000e+00
     57.182     8.2929   3.433557    32.6892        417     1.7333  0.000e+00
     57.401     8.3209   3.434186    32.6698        418     1.7375  0.000e+00
     57.621     8.3417   3.438206    32.6928        419     1.7417  0.000e+00
     57.832     8.3646   3.440113    32.6916        420     1.7458  0.000e+00
