HB2403/sbe033.cnv
* Sea-Bird SBE 19plus V2 Data File:
* FileName = C:\cruise\data\sbe033.hex
* Software Version Seasave V 7.26.7.121
* Temperature SN = 6128
* Conductivity SN = 6128
* System UpLoad Time = Jun 04 2024 12:52:01
* NMEA Latitude = 39 24.11 N
* NMEA Longitude = 074 12.43 W
* NMEA UTC (Time) = Jun 04 2024  12:52:33
** Ship: Henry Bigelow
** Cruise:  HB2403
** Program:  ECOMON
# nquan = 7
# nvalues = 1382                                  
# units = specified
# name 0 = depSM: Depth [salt water, m]
# name 1 = tv290C: Temperature [ITS-90, deg C]
# name 2 = c0S/m: Conductivity [S/m]
# name 3 = sal00: Salinity, Practical [PSU]
# name 4 = scan: Scan Count
# name 5 = timeM: Time, Elapsed [minutes]
# name 6 = flag:  0.000e+00
# span 0 =     -0.014,     15.247                 
# span 1 =    11.4567,    18.8036                 
# span 2 =   0.000058,   3.993598                 
# span 3 =     0.0094,    30.6544                 
# span 4 =         11,       1392                 
# span 5 =     0.0417,     5.7958                 
# span 6 = 0.0000e+00, 0.0000e+00                 
# interval = seconds: 0.25
# start_time = Jun 04 2024 12:52:33 [NMEA time, header]
# bad_flag = -9.990e-29
*END*
[from data line 1026]
      7.495    14.8434   3.717430    29.9371       1037     4.3167  0.000e+00
      7.467    14.8271   3.717372    29.9490       1038     4.3208  0.000e+00
      7.438    14.8171   3.717801    29.9606       1039     4.3250  0.000e+00
      7.415    14.8134   3.719177    29.9758       1040     4.3292  0.000e+00
      7.399    14.8180   3.720261    29.9819       1041     4.3333  0.000e+00
      7.399    14.8271   3.720897    29.9806       1042     4.3375  0.000e+00
      7.394    14.8368   3.720670    29.9711       1043     4.3417  0.000e+00
      7.398    14.8425   3.720391    29.9643       1044     4.3458  0.000e+00
      7.410    14.8434   3.719177    29.9527       1045     4.3500  0.000e+00
      7.428    14.8383   3.716833    29.9356       1046     4.3542  0.000e+00
      7.444    14.8236   3.713829    29.9200       1047     4.3583  0.000e+00
      7.458    14.8000   3.710274    29.9063       1048     4.3625  0.000e+00
      7.468    14.7680   3.705722    29.8900       1049     4.3667  0.000e+00
      7.471    14.7268   3.701859    29.8870       1050     4.3708  0.000e+00
      7.473    14.6812   3.698536    29.8921       1051     4.3750  0.000e+00
      7.464    14.6372   3.696062    29.9038       1052     4.3792  0.000e+00
      7.457    14.5987   3.695079    29.9245       1053     4.3833  0.000e+00
      7.439    14.5692   3.694373    29.9409       1054     4.3875  0.000e+00
      7.422    14.5485   3.694367    29.9568       1055     4.3917  0.000e+00
      7.404    14.5359   3.694943    29.9717       1056     4.3958  0.000e+00
      7.388    14.5313   3.696200    29.9866       1057     4.4000  0.000e+00
      7.373    14.5346   3.697365    29.9945       1058     4.4042  0.000e+00
      7.353    14.5430   3.698713    30.0002       1059     4.4083  0.000e+00
      7.337    14.5547   3.699691    30.0000       1060     4.4125  0.000e+00
      7.317    14.5668   3.700695    29.9997       1061     4.4167  0.000e+00
      7.302    14.5795   3.701194    29.9944       1062     4.4208  0.000e+00
      7.286    14.5905   3.702256    29.9955       1063     4.4250  0.000e+00
      7.269    14.6014   3.703118    29.9949       1064     4.4292  0.000e+00
      7.253    14.6122   3.703643    29.9913       1065     4.4333  0.000e+00
      7.239    14.6215   3.703753    29.9851       1066     4.4375  0.000e+00
      7.225    14.6281   3.703630    29.9789       1067     4.4417  0.000e+00
      7.211    14.6318   3.703072    29.9710       1068     4.4458  0.000e+00
      7.202    14.6310   3.702658    29.9679       1069     4.4500  0.000e+00
      7.191    14.6281   3.701724    29.9617       1070     4.4542  0.000e+00
      7.182    14.6223   3.700824    29.9581       1071     4.4583  0.000e+00
      7.175    14.6141   3.699463    29.9522       1072     4.4625  0.000e+00
      7.166    14.6027   3.698433    29.9517       1073     4.4667  0.000e+00
      7.151    14.5901   3.696976    29.9483       1074     4.4708  0.000e+00
      7.138    14.5763   3.695972    29.9499       1075     4.4750  0.000e+00
      7.122    14.5622   3.695150    29.9534       1076     4.4792  0.000e+00
      7.109    14.5498   3.694509    29.9572       1077     4.4833  0.000e+00
      7.089    14.5389   3.693829    29.9595       1078     4.4875  0.000e+00
      7.067    14.5296   3.693694    29.9654       1079     4.4917  0.000e+00
      7.051    14.5229   3.694082    29.9741       1080     4.4958  0.000e+00
      7.029    14.5210   3.694924    29.9832       1081     4.5000  0.000e+00
      7.011    14.5231   3.695779    29.9892       1082     4.5042  0.000e+00
      6.991    14.5289   3.696769    29.9937       1083     4.5083  0.000e+00
      6.965    14.5375   3.698687    30.0044       1084     4.5125  0.000e+00
      6.938    14.5509   3.700533    30.0107       1085     4.5167  0.000e+00
      6.922    14.5684   3.702671    30.0164       1086     4.5208  0.000e+00
      6.898    14.5894   3.704855    30.0199       1087     4.5250  0.000e+00
      6.882    14.6136   3.707299    30.0232       1088     4.5292  0.000e+00
      6.862    14.6399   3.709932    30.0266       1089     4.5333  0.000e+00
      6.849    14.6689   3.712111    30.0238       1090     4.5375  0.000e+00
      6.844    14.6982   3.713921    30.0175       1091     4.5417  0.000e+00
      6.841    14.7257   3.714835    30.0045       1092     4.5458  0.000e+00
      6.844    14.7478   3.715147    29.9902       1093     4.5500  0.000e+00
      6.850    14.7620   3.714679    29.9752       1094     4.5542  0.000e+00
      6.848    14.7679   3.713368    29.9589       1095     4.5583  0.000e+00
      6.855    14.7652   3.711948    29.9482       1096     4.5625  0.000e+00
      6.850    14.7557   3.710819    29.9453       1097     4.5667  0.000e+00
      6.837    14.7443   3.709820    29.9452       1098     4.5708  0.000e+00
      6.819    14.7326   3.710346    29.9589       1099     4.5750  0.000e+00
      6.797    14.7263   3.711325    29.9725       1100     4.5792  0.000e+00
      6.770    14.7271   3.712473    29.9822       1101     4.5833  0.000e+00
      6.745    14.7341   3.714381    29.9940       1102     4.5875  0.000e+00
      6.715    14.7487   3.716672    30.0033       1103     4.5917  0.000e+00
      6.697    14.7709   3.719080    30.0078       1104     4.5958  0.000e+00
      6.672    14.7984   3.721729    30.0104       1105     4.6000  0.000e+00
      6.655    14.8303   3.724209    30.0081       1106     4.6042  0.000e+00
      6.640    14.8659   3.727380    30.0091       1107     4.6083  0.000e+00
      6.630    14.9065   3.729738    29.9990       1108     4.6125  0.000e+00
      6.620    14.9463   3.731811    29.9869       1109     4.6167  0.000e+00
      6.615    14.9830   3.733436    29.9733       1110     4.6208  0.000e+00
      6.607    15.0159   3.734951    29.9616       1111     4.6250  0.000e+00
      6.598    15.0457   3.736083    29.9489       1112     4.6292  0.000e+00
      6.585    15.0710   3.737617    29.9433       1113     4.6333  0.000e+00
      6.573    15.0959   3.739361    29.9397       1114     4.6375  0.000e+00
      6.556    15.1216   3.740610    29.9312       1115     4.6417  0.000e+00
      6.531    15.1458   3.742790    29.9321       1116     4.6458  0.000e+00
      6.509    15.1722   3.745055    29.9321       1117     4.6500  0.000e+00
      6.493    15.2025   3.747490    29.9306       1118     4.6542  0.000e+00
      6.474    15.2349   3.750590    29.9334       1119     4.6583  0.000e+00
      6.450    15.2708   3.753541    29.9322       1120     4.6625  0.000e+00
      6.425    15.3098   3.755997    29.9243       1121     4.6667  0.000e+00
      6.405    15.3479   3.759002    29.9219       1122     4.6708  0.000e+00
      6.373    15.3869   3.762178    29.9204       1123     4.6750  0.000e+00
      6.351    15.4266   3.765452    29.9191       1124     4.6792  0.000e+00
      6.333    15.4681   3.767833    29.9086       1125     4.6833  0.000e+00
      6.317    15.5069   3.771064    29.9077       1126     4.6875  0.000e+00
      6.309    15.5458   3.773199    29.8970       1127     4.6917  0.000e+00
      6.300    15.5829   3.776026    29.8938       1128     4.6958  0.000e+00
      6.300    15.6188   3.777783    29.8820       1129     4.7000  0.000e+00
      6.296    15.6508   3.779370    29.8718       1130     4.7042  0.000e+00
      6.294    15.6786   3.780873    29.8640       1131     4.7083  0.000e+00
      6.292    15.7025   3.781879    29.8548       1132     4.7125  0.000e+00
      6.294    15.7222   3.782245    29.8431       1133     4.7167  0.000e+00
      6.289    15.7363   3.782487    29.8346       1134     4.7208  0.000e+00
      6.277    15.7460   3.783337    29.8348       1135     4.7250  0.000e+00
      6.256    15.7550   3.783964    29.8335       1136     4.7292  0.000e+00
      6.236    15.7642   3.785304    29.8383       1137     4.7333  0.000e+00
      6.207    15.7757   3.787344    29.8475       1138     4.7375  0.000e+00
      6.175    15.7932   3.789555    29.8537       1139     4.7417  0.000e+00
      6.140    15.8159   3.792132    29.8591       1140     4.7458  0.000e+00
      6.113    15.8434   3.794233    29.8568       1141     4.7500  0.000e+00
      6.082    15.8718   3.796838    29.8582       1142     4.7542  0.000e+00
      6.063    15.9021   3.799928    29.8624       1143     4.7583  0.000e+00
      6.032    15.9370   3.803058    29.8635       1144     4.7625  0.000e+00
      6.013    15.9747   3.805875    29.8597       1145     4.7667  0.000e+00
      5.999    16.0128   3.808535    29.8543       1146     4.7708  0.000e+00
      5.981    16.0500   3.810849    29.8465       1147     4.7750  0.000e+00
      5.965    16.0843   3.813052    29.8399       1148     4.7792  0.000e+00
      5.951    16.1166   3.815334    29.8355       1149     4.7833  0.000e+00
      5.927    16.1464   3.817695    29.8338       1150     4.7875  0.000e+00
      5.903    16.1760   3.821836    29.8476       1151     4.7917  0.000e+00
      5.872    16.2111   3.825834    29.8560       1152     4.7958  0.000e+00
      5.844    16.2512   3.830457    29.8661       1153     4.8000  0.000e+00
      5.810    16.2961   3.835918    29.8798       1154     4.8042  0.000e+00
      5.789    16.3467   3.841737    29.8923       1155     4.8083  0.000e+00
      5.771    16.4040   3.848586    29.9086       1156     4.8125  0.000e+00
      5.769    16.4674   3.853649    29.9049       1157     4.8167  0.000e+00
      5.752    16.5299   3.857739    29.8935       1158     4.8208  0.000e+00
      5.743    16.5858   3.861119    29.8810       1159     4.8250  0.000e+00
      5.727    16.6341   3.863656    29.8668       1160     4.8292  0.000e+00
      5.710    16.6740   3.864783    29.8468       1161     4.8333  0.000e+00
      5.692    16.7038   3.865561    29.8313       1162     4.8375  0.000e+00
      5.666    16.7247   3.866616    29.8248       1163     4.8417  0.000e+00
      5.649    16.7411   3.867526    29.8205       1164     4.8458  0.000e+00
      5.616    16.7554   3.868442    29.8177       1165     4.8500  0.000e+00
      5.595    16.7692   3.869385    29.8156       1166     4.8542  0.000e+00
      5.569    16.7830   3.870283    29.8131       1167     4.8583  0.000e+00
      5.550    16.7964   3.870969    29.8090       1168     4.8625  0.000e+00
      5.534    16.8091   3.871311    29.8025       1169     4.8667  0.000e+00
      5.524    16.8195   3.871654    29.7977       1170     4.8708  0.000e+00
      5.524    16.8274   3.871839    29.7935       1171     4.8750  0.000e+00
      5.532    16.8334   3.871931    29.7899       1172     4.8792  0.000e+00
      5.534    16.8369   3.871931    29.7872       1173     4.8833  0.000e+00
      5.534    16.8387   3.872149    29.7877       1174     4.8875  0.000e+00
      5.541    16.8404   3.872347    29.7882       1175     4.8917  0.000e+00
      5.539    16.8423   3.872367    29.7870       1176     4.8958  0.000e+00
      5.529    16.8434   3.872202    29.7848       1177     4.9000  0.000e+00
      5.514    16.8434   3.872116    29.7840       1178     4.9042  0.000e+00
      5.507    16.8422   3.872162    29.7853       1179     4.9083  0.000e+00
      5.478    16.8405   3.872103    29.7860       1180     4.9125  0.000e+00
      5.444    16.8390   3.872347    29.7892       1181     4.9167  0.000e+00
      5.403    16.8397   3.872618    29.7911       1182     4.9208  0.000e+00
      5.351    16.8426   3.873093    29.7930       1183     4.9250  0.000e+00
      5.302    16.8478   3.874089    29.7977       1184     4.9292  0.000e+00
      5.257    16.8570   3.875376    29.8019       1185     4.9333  0.000e+00
      5.216    16.8696   3.876373    29.8011       1186     4.9375  0.000e+00
      5.179    16.8833   3.876987    29.7963       1187     4.9417  0.000e+00
      5.150    16.8956   3.877673    29.7930       1188     4.9458  0.000e+00
      5.132    16.9064   3.878254    29.7900       1189     4.9500  0.000e+00
      5.123    16.9166   3.878617    29.7856       1190     4.9542  0.000e+00
      5.121    16.9250   3.878802    29.7809       1191     4.9583  0.000e+00
      5.123    16.9310   3.878907    29.7774       1192     4.9625  0.000e+00
      5.132    16.9354   3.878987    29.7748       1193     4.9667  0.000e+00
      5.140    16.9379   3.879006    29.7731       1194     4.9708  0.000e+00
      5.145    16.9398   3.878980    29.7715       1195     4.9750  0.000e+00
      5.149    16.9403   3.878848    29.7700       1196     4.9792  0.000e+00
      5.140    16.9403   3.878802    29.7696       1197     4.9833  0.000e+00
      5.123    16.9395   3.878868    29.7708       1198     4.9875  0.000e+00
      5.090    16.9390   3.879026    29.7725       1199     4.9917  0.000e+00
      5.059    16.9392   3.879422    29.7758       1200     4.9958  0.000e+00
      5.014    16.9413   3.880756    29.7856       1201     5.0000  0.000e+00
      4.968    16.9473   3.882507    29.7961       1202     5.0042  0.000e+00
      4.918    16.9587   3.884092    29.8013       1203     5.0083  0.000e+00
      4.869    16.9737   3.885222    29.7998       1204     5.0125  0.000e+00
      4.824    16.9894   3.885962    29.7945       1205     5.0167  0.000e+00
      4.790    17.0043   3.886536    29.7884       1206     5.0208  0.000e+00
      4.771    17.0169   3.887230    29.7850       1207     5.0250  0.000e+00
      4.782    17.0276   3.888116    29.7847       1208     5.0292  0.000e+00
      4.800    17.0380   3.888658    29.7816       1209     5.0333  0.000e+00
      4.820    17.0469   3.888704    29.7754       1210     5.0375  0.000e+00
      4.844    17.0528   3.888730    29.7713       1211     5.0417  0.000e+00
      4.867    17.0569   3.888651    29.7676       1212     5.0458  0.000e+00
      4.870    17.0592   3.888406    29.7638       1213     5.0500  0.000e+00
      4.860    17.0598   3.888195    29.7616       1214     5.0542  0.000e+00
      4.836    17.0591   3.888552    29.7651       1215     5.0583  0.000e+00
      4.804    17.0599   3.889259    29.7706       1216     5.0625  0.000e+00
      4.753    17.0628   3.890528    29.7793       1217     5.0667  0.000e+00
      4.703    17.0700   3.892313    29.7892       1218     5.0708  0.000e+00
      4.640    17.0819   3.894225    29.7967       1219     5.0750  0.000e+00
      4.583    17.0989   3.897208    29.8095       1220     5.0792  0.000e+00
      4.533    17.1232   3.899378    29.8101       1221     5.0833  0.000e+00
      4.498    17.1496   3.900933    29.8039       1222     5.0875  0.000e+00
      4.473    17.1751   3.901925    29.7936       1223     5.0917  0.000e+00
      4.461    17.1965   3.902620    29.7837       1224     5.0958  0.000e+00
      4.460    17.2131   3.903527    29.7791       1225     5.1000  0.000e+00
      4.478    17.2270   3.904242    29.7750       1226     5.1042  0.000e+00
      4.494    17.2392   3.904731    29.7701       1227     5.1083  0.000e+00
      4.512    17.2490   3.904639    29.7621       1228     5.1125  0.000e+00
      4.529    17.2551   3.904460    29.7562       1229     5.1167  0.000e+00
      4.541    17.2576   3.904288    29.7528       1230     5.1208  0.000e+00
      4.537    17.2581   3.904268    29.7523       1231     5.1250  0.000e+00
      4.526    17.2578   3.904566    29.7550       1232     5.1292  0.000e+00
      4.493    17.2589   3.905360    29.7610       1233     5.1333  0.000e+00
      4.454    17.2627   3.906844    29.7708       1234     5.1375  0.000e+00
      4.394    17.2718   3.909791    29.7891       1235     5.1417  0.000e+00
      4.325    17.2901   3.914880    29.8188       1236     5.1458  0.000e+00
      4.262    17.3238   3.920124    29.8384       1237     5.1500  0.000e+00
      4.200    17.3719   3.926572    29.8576       1238     5.1542  0.000e+00
      4.158    17.4298   3.932433    29.8646       1239     5.1583  0.000e+00
      4.131    17.4923   3.935454    29.8442       1240     5.1625  0.000e+00
