HB2403/sbe087.cnv
* Sea-Bird SBE 19plus V2 Data File:
* FileName = C:\cruise\data\sbe087.hex
* Software Version Seasave V 7.26.7.121
* Temperature SN = 6128
* Conductivity SN = 6128
* System UpLoad Time = Jun 09 2024 07:33:54
* NMEA Latitude = 42 01.47 N
* NMEA Longitude = 066 59.20 W
* NMEA UTC (Time) = Jun 09 2024  07:34:30
** Ship: Henry Bigelow
** Cruise:  HB2403
** Program:  ECOMON
# nquan = 7
# nvalues = 1416                                  
# units = specified
# name 0 = depSM: Depth [salt water, m]
# name 1 = tv290C: Temperature [ITS-90, deg C]
# name 2 = c0S/m: Conductivity [S/m]
# name 3 = sal00: Salinity, Practical [PSU]
# name 4 = scan: Scan Count
# name 5 = timeM: Time, Elapsed [minutes]
# name 6 = flag:  0.000e+00
# span 0 =     -0.190,     50.188                 
# span 1 =     9.6346,    11.5393                 
# span 2 =   0.000547,   3.653969                 
# span 3 =     0.0080,    32.5120                 
# span 4 =         11,       1426                 
# span 5 =     0.0417,     5.9375                 
# span 6 = 0.0000e+00, 0.0000e+00                 
# interval = seconds: 0.25
# start_time = Jun 09 2024 07:34:30 [NMEA time, header]
# bad_flag = -9.990e-29
*END*
      0.024    11.5380   0.000559     0.0080         11     0.0417  0.000e+00
      0.026    11.5376   0.000559     0.0080         12     0.0458  0.000e+00
      0.024    11.5385   0.000559     0.0080         13     0.0500  0.000e+00
      0.024    11.5381   0.000559     0.0080         14     0.0542  0.000e+00
      0.017    11.5381   0.000547     0.0080         15     0.0583  0.000e+00
      0.012    11.5382   0.000550     0.0080         16     0.0625  0.000e+00
      0.014    11.5376   0.000559     0.0080         17     0.0667  0.000e+00
      0.010    11.5382   0.000553     0.0080         18     0.0708  0.000e+00
      0.005    11.5381   0.000559     0.0080         19     0.0750  0.000e+00
      0.012    11.5378   0.000559     0.0080         20     0.0792  0.000e+00
      0.010    11.5382   0.000547     0.0080         21     0.0833  0.000e+00
      0.010    11.5382   0.000553     0.0080         22     0.0875  0.000e+00
      0.010    11.5383   0.000550     0.0080         23     0.0917  0.000e+00
      0.005    11.5379   0.000559     0.0080         24     0.0958  0.000e+00
      0.006    11.5378   0.000559     0.0080         25     0.1000  0.000e+00
      0.008    11.5382   0.000559     0.0080         26     0.1042  0.000e+00
      0.006    11.5384   0.000559     0.0080         27     0.1083  0.000e+00
      0.006    11.5376   0.000553     0.0080         28     0.1125  0.000e+00
      0.003    11.5374   0.000553     0.0080         29     0.1167  0.000e+00
      0.006    11.5380   0.000559     0.0080         30     0.1208  0.000e+00
      0.003    11.5378   0.000559     0.0080         31     0.1250  0.000e+00
      0.003    11.5378   0.000559     0.0080         32     0.1292  0.000e+00
     -0.000    11.5381   0.000559     0.0080         33     0.1333  0.000e+00
      0.004    11.5379   0.000559     0.0080         34     0.1375  0.000e+00
      0.002    11.5378   0.000547     0.0080         35     0.1417  0.000e+00
      0.002    11.5375   0.000550     0.0080         36     0.1458  0.000e+00
     -0.005    11.5380   0.000553     0.0080         37     0.1500  0.000e+00
      0.006    11.5376   0.000559     0.0080         38     0.1542  0.000e+00
     -0.001    11.5384   0.000559     0.0080         39     0.1583  0.000e+00
     -0.003    11.5382   0.000559     0.0080         40     0.1625  0.000e+00
     -0.008    11.5376   0.000559     0.0080         41     0.1667  0.000e+00
      0.001    11.5382   0.000559     0.0080         42     0.1708  0.000e+00
      0.002    11.5384   0.000553     0.0080         43     0.1750  0.000e+00
      0.001    11.5380   0.000553     0.0080         44     0.1792  0.000e+00
     -0.004    11.5382   0.000559     0.0080         45     0.1833  0.000e+00
     -0.004    11.5383   0.000559     0.0080         46     0.1875  0.000e+00
     -0.001    11.5383   0.000559     0.0080         47     0.1917  0.000e+00
     -0.001    11.5388   0.000553     0.0080         48     0.1958  0.000e+00
     -0.005    11.5386   0.000553     0.0080         49     0.2000  0.000e+00
     -0.007    11.5382   0.000553     0.0080         50     0.2042  0.000e+00
     -0.005    11.5386   0.000559     0.0080         51     0.2083  0.000e+00
     -0.009    11.5386   0.000553     0.0080         52     0.2125  0.000e+00
     -0.008    11.5384   0.000559     0.0080         53     0.2167  0.000e+00
     -0.009    11.5388   0.000553     0.0080         54     0.2208  0.000e+00
     -0.007    11.5386   0.000565     0.0080         55     0.2250  0.000e+00
     -0.012    11.5386   0.000559     0.0080         56     0.2292  0.000e+00
     -0.010    11.5384   0.000559     0.0080         57     0.2333  0.000e+00
     -0.013    11.5383   0.000559     0.0080         58     0.2375  0.000e+00
     -0.012    11.5384   0.000559     0.0080         59     0.2417  0.000e+00
     -0.008    11.5391   0.000559     0.0080         60     0.2458  0.000e+00
     -0.010    11.5390   0.000553     0.0080         61     0.2500  0.000e+00
     -0.010    11.5390   0.000553     0.0080         62     0.2542  0.000e+00
     -0.013    11.5390   0.000553     0.0080         63     0.2583  0.000e+00
     -0.012    11.5388   0.000559     0.0080         64     0.2625  0.000e+00
     -0.008    11.5393   0.000553     0.0080         65     0.2667  0.000e+00
     -0.011    11.5388   0.000553     0.0080         66     0.2708  0.000e+00
     -0.011    11.5391   0.000559     0.0080         67     0.2750  0.000e+00
     -0.009    11.5384   0.000559     0.0080         68     0.2792  0.000e+00
     -0.006    11.5386   0.000559     0.0080         69     0.2833  0.000e+00
     -0.008    11.5389   0.000553     0.0080         70     0.2875  0.000e+00
     -0.008    11.5388   0.000553     0.0080         71     0.2917  0.000e+00
     -0.010    11.5388   0.000553     0.0080         72     0.2958  0.000e+00
     -0.008    11.5388   0.000559     0.0080         73     0.3000  0.000e+00
     -0.012    11.5385   0.000559     0.0080         74     0.3042  0.000e+00
     -0.010    11.5379   0.000559     0.0080         75     0.3083  0.000e+00
     -0.014    11.5382   0.000565     0.0080         76     0.3125  0.000e+00
     -0.010    11.5379   0.000553     0.0080         77     0.3167  0.000e+00
     -0.012    11.5376   0.000553     0.0080         78     0.3208  0.000e+00
     -0.010    11.5374   0.000559     0.0080         79     0.3250  0.000e+00
     -0.010    11.5377   0.000559     0.0080         80     0.3292  0.000e+00
     -0.017    11.5374   0.000565     0.0080         81     0.3333  0.000e+00
     -0.016    11.5373   0.000565     0.0080         82     0.3375  0.000e+00
     -0.014    11.5371   0.000553     0.0080         83     0.3417  0.000e+00
     -0.017    11.5373   0.000553     0.0080         84     0.3458  0.000e+00
     -0.020    11.5366   0.000553     0.0080         85     0.3500  0.000e+00
     -0.021    11.5367   0.000553     0.0080         86     0.3542  0.000e+00
     -0.020    11.5369   0.000553     0.0080         87     0.3583  0.000e+00
     -0.012    11.5368   0.000565     0.0080         88     0.3625  0.000e+00
     -0.020    11.5373   0.000553     0.0080         89     0.3667  0.000e+00
     -0.021    11.5372   0.000559     0.0080         90     0.3708  0.000e+00
     -0.016    11.5370   0.000553     0.0080         91     0.3750  0.000e+00
     -0.021    11.5367   0.000559     0.0080         92     0.3792  0.000e+00
     -0.019    11.5369   0.000559     0.0080         93     0.3833  0.000e+00
     -0.019    11.5365   0.000565     0.0080         94     0.3875  0.000e+00
     -0.017    11.5361   0.000565     0.0080         95     0.3917  0.000e+00
     -0.016    11.5363   0.000559     0.0080         96     0.3958  0.000e+00
     -0.021    11.5364   0.000559     0.0080         97     0.4000  0.000e+00
     -0.014    11.5358   0.000553     0.0080         98     0.4042  0.000e+00
     -0.016    11.5354   0.000559     0.0080         99     0.4083  0.000e+00
     -0.017    11.5354   0.000559     0.0080        100     0.4125  0.000e+00
     -0.016    11.5355   0.000559     0.0080        101     0.4167  0.000e+00
     -0.021    11.5351   0.000559     0.0080        102     0.4208  0.000e+00
     -0.021    11.5354   0.000565     0.0080        103     0.4250  0.000e+00
     -0.019    11.5347   0.000559     0.0080        104     0.4292  0.000e+00
     -0.021    11.5350   0.000559     0.0080        105     0.4333  0.000e+00
     -0.022    11.5352   0.000559     0.0080        106     0.4375  0.000e+00
     -0.019    11.5346   0.000553     0.0080        107     0.4417  0.000e+00
     -0.019    11.5348   0.000559     0.0080        108     0.4458  0.000e+00
     -0.026    11.5341   0.000565     0.0080        109     0.4500  0.000e+00
     -0.024    11.5342   0.000565     0.0080        110     0.4542  0.000e+00
     -0.021    11.5339   0.000565     0.0080        111     0.4583  0.000e+00
     -0.024    11.5338   0.000559     0.0080        112     0.4625  0.000e+00
     -0.024    11.5341   0.000559     0.0080        113     0.4667  0.000e+00
     -0.028    11.5338   0.000559     0.0080        114     0.4708  0.000e+00
     -0.021    11.5340   0.000559     0.0080        115     0.4750  0.000e+00
     -0.019    11.5340   0.000559     0.0080        116     0.4792  0.000e+00
     -0.024    11.5337   0.000559     0.0080        117     0.4833  0.000e+00
     -0.028    11.5333   0.000565     0.0080        118     0.4875  0.000e+00
     -0.024    11.5333   0.000559     0.0080        119     0.4917  0.000e+00
     -0.021    11.5335   0.000553     0.0080        120     0.4958  0.000e+00
     -0.026    11.5325   0.000559     0.0080        121     0.5000  0.000e+00
     -0.026    11.5325   0.000559     0.0080        122     0.5042  0.000e+00
     -0.023    11.5324   0.000553     0.0080        123     0.5083  0.000e+00
     -0.023    11.5331   0.000559     0.0080        124     0.5125  0.000e+00
     -0.023    11.5327   0.000559     0.0080        125     0.5167  0.000e+00
     -0.030    11.5324   0.000559     0.0080        126     0.5208  0.000e+00
     -0.034    11.5317   0.000559     0.0080        127     0.5250  0.000e+00
     -0.027    11.5312   0.000553     0.0080        128     0.5292  0.000e+00
     -0.029    11.5317   0.000559     0.0080        129     0.5333  0.000e+00
     -0.029    11.5323   0.000559     0.0080        130     0.5375  0.000e+00
     -0.027    11.5323   0.000565     0.0080        131     0.5417  0.000e+00
     -0.023    11.5316   0.000559     0.0080        132     0.5458  0.000e+00
     -0.023    11.5310   0.000559     0.0080        133     0.5500  0.000e+00
     -0.021    11.5307   0.000553     0.0080        134     0.5542  0.000e+00
     -0.023    11.5306   0.000559     0.0080        135     0.5583  0.000e+00
     -0.023    11.5305   0.000553     0.0080        136     0.5625  0.000e+00
     -0.021    11.5303   0.000565     0.0080        137     0.5667  0.000e+00
     -0.024    11.5300   0.000565     0.0080        138     0.5708  0.000e+00
     -0.025    11.5303   0.000559     0.0080        139     0.5750  0.000e+00
     -0.028    11.5296   0.000559     0.0080        140     0.5792  0.000e+00
     -0.026    11.5297   0.000553     0.0080        141     0.5833  0.000e+00
     -0.028    11.5292   0.000553     0.0080        142     0.5875  0.000e+00
     -0.033    11.5288   0.000559     0.0080        143     0.5917  0.000e+00
     -0.031    11.5290   0.000565     0.0080        144     0.5958  0.000e+00
     -0.024    11.5292   0.000565     0.0080        145     0.6000  0.000e+00
     -0.027    11.5289   0.000565     0.0080        146     0.6042  0.000e+00
     -0.034    11.5282   0.000565     0.0080        147     0.6083  0.000e+00
     -0.039    11.5278   0.000553     0.0080        148     0.6125  0.000e+00
     -0.032    11.5281   0.000559     0.0080        149     0.6167  0.000e+00
     -0.028    11.5285   0.000559     0.0080        150     0.6208  0.000e+00
     -0.028    11.5283   0.000571     0.0081        151     0.6250  0.000e+00
     -0.033    11.5278   0.000559     0.0080        152     0.6292  0.000e+00
     -0.033    11.5278   0.000565     0.0080        153     0.6333  0.000e+00
     -0.031    11.5280   0.000565     0.0080        154     0.6375  0.000e+00
     -0.031    11.5279   0.000559     0.0080        155     0.6417  0.000e+00
     -0.031    11.5280   0.000559     0.0080        156     0.6458  0.000e+00
     -0.031    11.5276   0.000565     0.0080        157     0.6500  0.000e+00
     -0.031    11.5271   0.000559     0.0080        158     0.6542  0.000e+00
     -0.030    11.5272   0.000565     0.0080        159     0.6583  0.000e+00
     -0.027    11.5274   0.000559     0.0080        160     0.6625  0.000e+00
     -0.027    11.5273   0.000559     0.0080        161     0.6667  0.000e+00
     -0.028    11.5270   0.000553     0.0080        162     0.6708  0.000e+00
     -0.028    11.5263   0.000559     0.0080        163     0.6750  0.000e+00
     -0.031    11.5265   0.000559     0.0080        164     0.6792  0.000e+00
     -0.030    11.5260   0.000565     0.0080        165     0.6833  0.000e+00
     -0.034    11.5256   0.000559     0.0080        166     0.6875  0.000e+00
     -0.032    11.5254   0.000565     0.0080        167     0.6917  0.000e+00
     -0.034    11.5254   0.000565     0.0080        168     0.6958  0.000e+00
     -0.034    11.5258   0.000553     0.0080        169     0.7000  0.000e+00
     -0.033    11.5254   0.000559     0.0080        170     0.7042  0.000e+00
     -0.037    11.5248   0.000559     0.0080        171     0.7083  0.000e+00
     -0.034    11.5247   0.000565     0.0080        172     0.7125  0.000e+00
     -0.040    11.5246   0.000559     0.0080        173     0.7167  0.000e+00
     -0.035    11.5249   0.000565     0.0080        174     0.7208  0.000e+00
     -0.037    11.5247   0.000559     0.0080        175     0.7250  0.000e+00
     -0.036    11.5244   0.000559     0.0080        176     0.7292  0.000e+00
     -0.035    11.5238   0.000559     0.0080        177     0.7333  0.000e+00
     -0.040    11.5234   0.000559     0.0080        178     0.7375  0.000e+00
     -0.031    11.5239   0.000559     0.0080        179     0.7417  0.000e+00
     -0.033    11.5239   0.000571     0.0081        180     0.7458  0.000e+00
     -0.035    11.5244   0.000565     0.0080        181     0.7500  0.000e+00
     -0.040    11.5229   0.000559     0.0080        182     0.7542  0.000e+00
     -0.035    11.5224   0.000553     0.0080        183     0.7583  0.000e+00
     -0.045    11.5231   0.000559     0.0080        184     0.7625  0.000e+00
     -0.039    11.5231   0.000559     0.0080        185     0.7667  0.000e+00
     -0.034    11.5233   0.000565     0.0080        186     0.7708  0.000e+00
     -0.037    11.5223   0.000568     0.0081        187     0.7750  0.000e+00
     -0.047    11.5212   0.000565     0.0080        188     0.7792  0.000e+00
     -0.042    11.5211   0.000559     0.0080        189     0.7833  0.000e+00
     -0.039    11.5206   0.000559     0.0080        190     0.7875  0.000e+00
     -0.035    11.5209   0.000553     0.0080        191     0.7917  0.000e+00
     -0.044    11.5209   0.000559     0.0080        192     0.7958  0.000e+00
     -0.046    11.5207   0.000559     0.0080        193     0.8000  0.000e+00
     -0.038    11.5209   0.000568     0.0081        194     0.8042  0.000e+00
     -0.044    11.5203   0.000559     0.0080        195     0.8083  0.000e+00
     -0.039    11.5199   0.000565     0.0080        196     0.8125  0.000e+00
     -0.042    11.5201   0.000559     0.0080        197     0.8167  0.000e+00
     -0.043    11.5205   0.000559     0.0080        198     0.8208  0.000e+00
     -0.046    11.5201   0.000553     0.0080        199     0.8250  0.000e+00
     -0.042    11.5197   0.000559     0.0080        200     0.8292  0.000e+00
     -0.047    11.5194   0.000571     0.0081        201     0.8333  0.000e+00
     -0.043    11.5188   0.000565     0.0080        202     0.8375  0.000e+00
     -0.048    11.5192   0.000559     0.0080        203     0.8417  0.000e+00
     -0.043    11.5197   0.000565     0.0080        204     0.8458  0.000e+00
     -0.041    11.5196   0.000559     0.0080        205     0.8500  0.000e+00
     -0.038    11.5186   0.000565     0.0080        206     0.8542  0.000e+00
     -0.039    11.5175   0.000565     0.0080        207     0.8583  0.000e+00
     -0.039    11.5175   0.000565     0.0080        208     0.8625  0.000e+00
     -0.041    11.5177   0.000565     0.0080        209     0.8667  0.000e+00
     -0.046    11.5175   0.000565     0.0080        210     0.8708  0.000e+00
     -0.049    11.5171   0.000565     0.0080        211     0.8750  0.000e+00
      0.013    11.5179   0.000559     0.0080        212     0.8792  0.000e+00
      0.162    11.5211   2.657809    22.5505        213     0.8833  0.000e+00
      0.292    11.4919   3.653969    32.0807        214     0.8875  0.000e+00
      0.453    11.2844   3.608546    31.8158        215     0.8917  0.000e+00
