HB2403/sbe020.cnv
* Sea-Bird SBE 19plus V2 Data File:
* FileName = C:\cruise\data\sbe020.hex
* Software Version Seasave V 7.26.7.121
* Temperature SN = 6128
* Conductivity SN = 6128
* System UpLoad Time = May 27 2024 11:58:20
* NMEA Latitude = 39 03.22 N
* NMEA Longitude = 072 45.64 W
* NMEA UTC (Time) = May 27 2024  11:58:44
** Ship: Henry Bigelow
** Cruise:  HB2403
** Program:  ECOMON
# nquan = 7
# nvalues = 3427                                  
# units = specified
# name 0 = depSM: Depth [salt water, m]
# name 1 = tv290C: Temperature [ITS-90, deg C]
# name 2 = c0S/m: Conductivity [S/m]
# name 3 = sal00: Salinity, Practical [PSU]
# name 4 = scan: Scan Count
# name 5 = timeM: Time, Elapsed [minutes]
# name 6 = flag:  0.000e+00
# span 0 =     -0.018,    141.437                 
# span 1 =     6.8703,    17.1810                 
# span 2 =  -0.006134,   4.092914                 
# span 3 =     0.0000,    35.3895                 
# span 4 =         11,       3437                 
# span 5 =     0.0417,    14.3167                 
# span 6 = 0.0000e+00, 0.0000e+00                 
# interval = seconds: 0.25
# start_time = May 27 2024 11:58:44 [NMEA time, header]
# bad_flag = -9.990e-29
*END*
[from data line 206]
      4.407    12.8037   3.782725    32.1893        217     0.9000  0.000e+00
      4.512    12.7771   3.723012    31.6467        218     0.9042  0.000e+00
      4.618    12.7570   3.710369    31.5439        219     0.9083  0.000e+00
      4.734    12.7442   3.775571    32.1721        220     0.9125  0.000e+00
      4.805    12.7345   3.834246    32.7376        221     0.9167  0.000e+00
      4.824    12.7147   3.828189    32.6972        222     0.9208  0.000e+00
      4.806    12.6740   3.820153    32.6560        223     0.9250  0.000e+00
      4.766    12.6212   3.786461    32.3809        224     0.9292  0.000e+00
      4.750    12.5739   3.780675    32.3664        225     0.9333  0.000e+00
      4.752    12.5388   3.806979    32.6477        226     0.9375  0.000e+00
      4.748    12.5113   3.805675    32.6591        227     0.9417  0.000e+00
      4.739    12.4869   3.796244    32.5901        228     0.9458  0.000e+00
      4.718    12.4666   3.781919    32.4708        229     0.9500  0.000e+00
      4.689    12.4503   3.801515    32.6724        230     0.9542  0.000e+00
      4.666    12.4382   3.801450    32.6824        231     0.9583  0.000e+00
      4.635    12.4287   3.790845    32.5891        232     0.9625  0.000e+00
      4.606    12.4215   3.790858    32.5955        233     0.9667  0.000e+00
      4.583    12.4162   3.788163    32.5743        234     0.9708  0.000e+00
      4.567    12.4125   3.789190    32.5873        235     0.9750  0.000e+00
      4.561    12.4108   3.788451    32.5818        236     0.9792  0.000e+00
      4.572    12.4105   3.774569    32.4491        237     0.9833  0.000e+00
      4.588    12.4115   3.765723    32.3636        238     0.9875  0.000e+00
      4.619    12.4132   3.777658    32.4764        239     0.9917  0.000e+00
      4.668    12.4149   3.782390    32.5201        240     0.9958  0.000e+00
      4.715    12.4170   3.778116    32.4773        241     1.0000  0.000e+00
      4.782    12.4187   3.768614    32.3850        242     1.0042  0.000e+00
      4.847    12.4204   3.760465    32.3056        243     1.0083  0.000e+00
      4.922    12.4220   3.762135    32.3202        244     1.0125  0.000e+00
      5.007    12.4234   3.764236    32.3389        245     1.0167  0.000e+00
      5.103    12.4250   3.765397    32.3487        246     1.0208  0.000e+00
      5.206    12.4263   3.765234    32.3459        247     1.0250  0.000e+00
      5.314    12.4271   3.764255    32.3359        248     1.0292  0.000e+00
      5.420    12.4266   3.792174    32.6033        249     1.0333  0.000e+00
      5.536    12.4246   3.791206    32.5957        250     1.0375  0.000e+00
      5.645    12.4209   3.787640    32.5648        251     1.0417  0.000e+00
      5.749    12.4152   3.783090    32.5261        252     1.0458  0.000e+00
      5.861    12.4095   3.784005    32.5398        253     1.0500  0.000e+00
      5.971    12.4042   3.779077    32.4971        254     1.0542  0.000e+00
      6.089    12.3998   3.768752    32.4021        255     1.0583  0.000e+00
      6.213    12.3953   3.771859    32.4357        256     1.0625  0.000e+00
      6.340    12.3915   3.769255    32.4140        257     1.0667  0.000e+00
      6.474    12.3885   3.769803    32.4217        258     1.0708  0.000e+00
      6.606    12.3859   3.764328    32.3715        259     1.0750  0.000e+00
      6.740    12.3838   3.763786    32.3681        260     1.0792  0.000e+00
      6.882    12.3823   3.765209    32.3829        261     1.0833  0.000e+00
      7.030    12.3813   3.765816    32.3895        262     1.0875  0.000e+00
      7.184    12.3804   3.766377    32.3957        263     1.0917  0.000e+00
      7.336    12.3798   3.771749    32.4475        264     1.0958  0.000e+00
      7.489    12.3790   3.773845    32.4682        265     1.1000  0.000e+00
      7.653    12.3777   3.778542    32.5143        266     1.1042  0.000e+00
      7.808    12.3762   3.776889    32.4997        267     1.1083  0.000e+00
      7.959    12.3747   3.772840    32.4621        268     1.1125  0.000e+00
      8.116    12.3726   3.773415    32.4694        269     1.1167  0.000e+00
      8.263    12.3704   3.780705    32.5411        270     1.1208  0.000e+00
      8.408    12.3675   3.782156    32.5575        271     1.1250  0.000e+00
      8.549    12.3621   3.781830    32.5590        272     1.1292  0.000e+00
      8.693    12.3562   3.782176    32.5673        273     1.1333  0.000e+00
      8.834    12.3491   3.780797    32.5602        274     1.1375  0.000e+00
      8.975    12.3301   3.779634    32.5655        275     1.1417  0.000e+00
      9.110    12.3041   3.777054    32.5633        276     1.1458  0.000e+00
      9.251    12.2803   3.772659    32.5418        277     1.1500  0.000e+00
      9.394    12.2509   3.766562    32.5086        278     1.1542  0.000e+00
      9.540    12.2112   3.764540    32.5237        279     1.1583  0.000e+00
      9.682    12.1694   3.761996    32.5355        280     1.1625  0.000e+00
      9.830    12.1338   3.760673    32.5536        281     1.1667  0.000e+00
      9.977    12.0996   3.760667    32.5834        282     1.1708  0.000e+00
     10.132    12.0746   3.762585    32.6236        283     1.1750  0.000e+00
     10.287    12.0573   3.765521    32.6670        284     1.1792  0.000e+00
     10.446    12.0435   3.783809    32.8559        285     1.1833  0.000e+00
     10.603    12.0302   3.771213    32.7457        286     1.1875  0.000e+00
     10.759    12.0176   3.773244    32.7763        287     1.1917  0.000e+00
     10.916    12.0070   3.773851    32.7915        288     1.1958  0.000e+00
     11.076    12.0003   3.771598    32.7754        289     1.2000  0.000e+00
     11.237    11.9950   3.782352    32.8842        290     1.2042  0.000e+00
     11.389    11.9845   3.791691    32.9837        291     1.2083  0.000e+00
     11.549    11.9667   3.788368    32.9673        292     1.2125  0.000e+00
     11.708    11.9466   3.784601    32.9485        293     1.2167  0.000e+00
     11.862    11.9244   3.781601    32.9389        294     1.2208  0.000e+00
     12.020    11.9031   3.778301    32.9257        295     1.2250  0.000e+00
     12.180    11.8840   3.775786    32.9182        296     1.2292  0.000e+00
     12.337    11.8677   3.774885    32.9238        297     1.2333  0.000e+00
     12.497    11.8547   3.775003    32.9363        298     1.2375  0.000e+00
     12.658    11.8449   3.775121    32.9461        299     1.2417  0.000e+00
     12.811    11.8376   3.774278    32.9443        300     1.2458  0.000e+00
     12.977    11.8322   3.774696    32.9531        301     1.2500  0.000e+00
     13.138    11.8278   3.775258    32.9624        302     1.2542  0.000e+00
     13.295    11.8234   3.775696    32.9704        303     1.2583  0.000e+00
     13.452    11.8195   3.776519    32.9819        304     1.2625  0.000e+00
     13.608    11.8152   3.777453    32.9947        305     1.2667  0.000e+00
     13.767    11.8093   3.777996    33.0052        306     1.2708  0.000e+00
     13.923    11.8023   3.777813    33.0095        307     1.2750  0.000e+00
     14.074    11.7961   3.777996    33.0167        308     1.2792  0.000e+00
     14.230    11.7875   3.778349    33.0277        309     1.2833  0.000e+00
     14.378    11.7760   3.777389    33.0286        310     1.2875  0.000e+00
     14.532    11.7632   3.775449    33.0210        311     1.2917  0.000e+00
     14.682    11.7507   3.773470    33.0128        312     1.2958  0.000e+00
     14.833    11.7373   3.772687    33.0170        313     1.3000  0.000e+00
     14.989    11.7219   3.772916    33.0329        314     1.3042  0.000e+00
     15.142    11.7076   3.773902    33.0551        315     1.3083  0.000e+00
     15.298    11.6952   3.775496    33.0817        316     1.3125  0.000e+00
     15.456    11.6860   3.777658    33.1109        317     1.3167  0.000e+00
     15.614    11.6800   3.779592    33.1351        318     1.3208  0.000e+00
     15.774    11.6756   3.781070    33.1533        319     1.3250  0.000e+00
     15.940    11.6733   3.781697    33.1615        320     1.3292  0.000e+00
     16.104    11.6715   3.781606    33.1621        321     1.3333  0.000e+00
     16.268    11.6700   3.780736    33.1549        322     1.3375  0.000e+00
     16.429    11.6683   3.779887    33.1481        323     1.3417  0.000e+00
     16.596    11.6668   3.779475    33.1453        324     1.3458  0.000e+00
     16.760    11.6649   3.779423    33.1464        325     1.3500  0.000e+00
     16.923    11.6630   3.779077    33.1446        326     1.3542  0.000e+00
     17.089    11.6611   3.777836    33.1342        327     1.3583  0.000e+00
     17.260    11.6586   3.776170    33.1200        328     1.3625  0.000e+00
     17.414    11.6521   3.775380    33.1180        329     1.3667  0.000e+00
     17.575    11.6424   3.774851    33.1215        330     1.3708  0.000e+00
     17.736    11.6288   3.774773    33.1328        331     1.3750  0.000e+00
     17.884    11.6057   3.774499    33.1508        332     1.3792  0.000e+00
     18.039    11.5787   3.772409    33.1544        333     1.3833  0.000e+00
     18.191    11.5463   3.770007    33.1598        334     1.3875  0.000e+00
     18.337    11.5077   3.767247    33.1673        335     1.3917  0.000e+00
     18.487    11.4694   3.764526    33.1750        336     1.3958  0.000e+00
     18.641    11.4316   3.762922    33.1931        337     1.4000  0.000e+00
     18.791    11.3977   3.761872    33.2131        338     1.4042  0.000e+00
     18.944    11.3683   3.760927    33.2302        339     1.4083  0.000e+00
     19.096    11.3392   3.759010    33.2375        340     1.4125  0.000e+00
     19.252    11.2886   3.756449    33.2579        341     1.4167  0.000e+00
     19.409    11.2304   3.754461    33.2907        342     1.4208  0.000e+00
     19.562    11.1750   3.751321    33.3097        343     1.4250  0.000e+00
     19.719    11.1233   3.740943    33.2537        344     1.4292  0.000e+00
     19.878    11.0323   3.550065    31.4502        345     1.4333  0.000e+00
     20.035    10.5028   3.433061    30.7433        346     1.4375  0.000e+00
     20.193     9.6715   3.408621    31.2089        347     1.4417  0.000e+00
     20.354     9.0179   3.396282    31.6568        348     1.4458  0.000e+00
     20.519     8.5698   3.375027    31.8369        349     1.4500  0.000e+00
     20.674     8.2407   3.357831    31.9541        350     1.4542  0.000e+00
     20.832     7.9772   3.350760    32.1200        351     1.4583  0.000e+00
     20.992     7.7882   3.345438    32.2374        352     1.4625  0.000e+00
     21.144     7.6558   3.332568    32.2220        353     1.4667  0.000e+00
     21.296     7.5420   3.328691    32.2860        354     1.4708  0.000e+00
     21.448     7.4496   3.321258    32.2918        355     1.4750  0.000e+00
     21.595     7.3703   3.314743    32.2953        356     1.4792  0.000e+00
     21.742     7.2965   3.310353    32.3167        357     1.4833  0.000e+00
     21.888     7.2361   3.308940    32.3578        358     1.4875  0.000e+00
     22.036     7.1912   3.305984    32.3677        359     1.4917  0.000e+00
     22.179     7.1568   3.306065    32.4008        360     1.4958  0.000e+00
     22.329     7.1343   3.307950    32.4424        361     1.5000  0.000e+00
     22.473     7.1257   3.303903    32.4064        362     1.5042  0.000e+00
     22.626     7.1111   3.304721    32.4289        363     1.5083  0.000e+00
     22.778     7.1016   3.305787    32.4494        364     1.5125  0.000e+00
     22.931     7.1002   3.305335    32.4457        365     1.5167  0.000e+00
     23.092     7.0995   3.305038    32.4431        366     1.5208  0.000e+00
     23.251     7.0973   3.304889    32.4434        367     1.5250  0.000e+00
     23.412     7.0965   3.303458    32.4286        368     1.5292  0.000e+00
     23.569     7.0906   3.301903    32.4171        369     1.5333  0.000e+00
     23.725     7.0803   3.300950    32.4163        370     1.5375  0.000e+00
     23.888     7.0702   3.299971    32.4151        371     1.5417  0.000e+00
     24.040     7.0598   3.298770    32.4117        372     1.5458  0.000e+00
     24.199     7.0484   3.297303    32.4064        373     1.5500  0.000e+00
     24.352     7.0359   3.297254    32.4175        374     1.5542  0.000e+00
     24.506     7.0264   3.295954    32.4122        375     1.5583  0.000e+00
     24.659     7.0168   3.295304    32.4141        376     1.5625  0.000e+00
     24.811     7.0079   3.295001    32.4191        377     1.5667  0.000e+00
     24.969     7.0008   3.294822    32.4238        378     1.5708  0.000e+00
     25.127     6.9955   3.294909    32.4296        379     1.5750  0.000e+00
     25.289     6.9928   3.294636    32.4291        380     1.5792  0.000e+00
     25.455     6.9899   3.293943    32.4242        381     1.5833  0.000e+00
     25.622     6.9851   3.292619    32.4142        382     1.5875  0.000e+00
     25.785     6.9775   3.292118    32.4158        383     1.5917  0.000e+00
     25.951     6.9706   3.291735    32.4181        384     1.5958  0.000e+00
     26.115     6.9647   3.291302    32.4189        385     1.6000  0.000e+00
     26.279     6.9594   3.291345    32.4242        386     1.6042  0.000e+00
     26.444     6.9564   3.291240    32.4258        387     1.6083  0.000e+00
     26.603     6.9539   3.290758    32.4228        388     1.6125  0.000e+00
     26.762     6.9508   3.291154    32.4299        389     1.6167  0.000e+00
     26.919     6.9498   3.291364    32.4332        390     1.6208  0.000e+00
     27.071     6.9501   3.292274    32.4427        391     1.6250  0.000e+00
     27.226     6.9530   3.293022    32.4481        392     1.6292  0.000e+00
     27.381     6.9562   3.294656    32.4629        393     1.6333  0.000e+00
     27.527     6.9602   3.295937    32.4730        394     1.6375  0.000e+00
     27.681     6.9649   3.296878    32.4788        395     1.6417  0.000e+00
     27.833     6.9699   3.297596    32.4818        396     1.6458  0.000e+00
     27.980     6.9755   3.298228    32.4834        397     1.6500  0.000e+00
     28.129     6.9803   3.299274    32.4901        398     1.6542  0.000e+00
     28.277     6.9867   3.303671    32.5321        399     1.6583  0.000e+00
     28.420     7.0029   3.306856    32.5514        400     1.6625  0.000e+00
     28.564     7.0254   3.308480    32.5478        401     1.6667  0.000e+00
     28.709     7.0458   3.309292    32.5373        402     1.6708  0.000e+00
     28.853     7.0616   3.311133    32.5425        403     1.6750  0.000e+00
     28.996     7.0767   3.313713    32.5562        404     1.6792  0.000e+00
     29.147     7.0941   3.314587    32.5492        405     1.6833  0.000e+00
     29.300     7.1091   3.315487    32.5448        406     1.6875  0.000e+00
     29.455     7.1216   3.316188    32.5406        407     1.6917  0.000e+00
     29.617     7.1320   3.316820    32.5375        408     1.6958  0.000e+00
     29.781     7.1401   3.317031    32.5321        409     1.7000  0.000e+00
     29.949     7.1457   3.317435    32.5312        410     1.7042  0.000e+00
     30.117     7.1507   3.317826    32.5306        411     1.7083  0.000e+00
     30.290     7.1552   3.318403    32.5326        412     1.7125  0.000e+00
     30.452     7.1594   3.319731    32.5429        413     1.7167  0.000e+00
     30.628     7.1659   3.320842    32.5488        414     1.7208  0.000e+00
     30.801     7.1737   3.321624    32.5499        415     1.7250  0.000e+00
     30.971     7.1823   3.323257    32.5595        416     1.7292  0.000e+00
     31.143     7.1927   3.324890    32.5673        417     1.7333  0.000e+00
     31.309     7.2045   3.326480    32.5734        418     1.7375  0.000e+00
     31.475     7.2174   3.328151    32.5793        419     1.7417  0.000e+00
     31.641     7.2312   3.330705    32.5938        420     1.7458  0.000e+00
