HB2403/sbe036.cnv
* Sea-Bird SBE 19plus V2 Data File:
* FileName = C:\cruise\data\sbe036.hex
* Software Version Seasave V 7.26.7.121
* Temperature SN = 6128
* Conductivity SN = 6128
* System UpLoad Time = Jun 04 2024 18:16:15
* NMEA Latitude = 39 01.90 N
* NMEA Longitude = 074 37.33 W
* NMEA UTC (Time) = Jun 04 2024  18:16:47
** Ship: Henry Bigelow
** Cruise:  HB2403
** Program:  ECOMON
# nquan = 7
# nvalues = 1127                                  
# units = specified
# name 0 = depSM: Depth [salt water, m]
# name 1 = tv290C: Temperature [ITS-90, deg C]
# name 2 = c0S/m: Conductivity [S/m]
# name 3 = sal00: Salinity, Practical [PSU]
# name 4 = scan: Scan Count
# name 5 = timeM: Time, Elapsed [minutes]
# name 6 = flag:  0.000e+00
# span 0 =     -0.121,     12.412                 
# span 1 =    12.0919,    20.8370                 
# span 2 =  -0.000103,   4.107089                 
# span 3 =     0.0000,    30.7187                 
# span 4 =         11,       1137                 
# span 5 =     0.0417,     4.7333                 
# span 6 = 0.0000e+00, 0.0000e+00                 
# interval = seconds: 0.25
# start_time = Jun 04 2024 18:16:47 [NMEA time, header]
# bad_flag = -9.990e-29
*END*
[from data line 1026]
      2.288    18.6727   4.046774    29.9121       1037     4.3167  0.000e+00
      2.274    18.6753   4.044383    29.8905       1038     4.3208  0.000e+00
      2.266    18.6734   4.047312    29.9160       1039     4.3250  0.000e+00
      2.248    18.6777   4.045148    29.8951       1040     4.3292  0.000e+00
      2.228    18.6777   4.046391    29.9053       1041     4.3333  0.000e+00
      2.199    18.6784   4.045128    29.8944       1042     4.3375  0.000e+00
      2.178    18.6767   4.047889    29.9184       1043     4.3417  0.000e+00
      2.151    18.6824   4.044456    29.8860       1044     4.3458  0.000e+00
      2.136    18.6752   4.042059    29.8715       1045     4.3500  0.000e+00
      2.134    18.6604   4.049657    29.9448       1046     4.3542  0.000e+00
      2.143    18.6763   4.052150    29.9538       1047     4.3583  0.000e+00
      2.150    18.7062   4.050698    29.9202       1048     4.3625  0.000e+00
      2.159    18.7235   4.048641    29.8907       1049     4.3667  0.000e+00
      2.154    18.7220   4.047116    29.8793       1050     4.3708  0.000e+00
      2.148    18.7105   4.049703    29.9089       1051     4.3750  0.000e+00
      2.114    18.7127   4.049367    29.9046       1052     4.3792  0.000e+00
      2.078    18.7208   4.050335    29.9067       1053     4.3833  0.000e+00
      2.031    18.7237   4.050019    29.9020       1054     4.3875  0.000e+00
      1.991    18.7292   4.054698    29.9365       1055     4.3917  0.000e+00
      1.957    18.7480   4.058389    29.9533       1056     4.3958  0.000e+00
      1.932    18.7787   4.060744    29.9504       1057     4.4000  0.000e+00
      1.912    18.8157   4.066019    29.9670       1058     4.4042  0.000e+00
      1.888    18.8597   4.068186    29.9530       1059     4.4083  0.000e+00
      1.863    18.9013   4.072402    29.9575       1060     4.4125  0.000e+00
      1.841    18.9420   4.071721    29.9226       1061     4.4167  0.000e+00
      1.819    18.9669   4.067747    29.8721       1062     4.4208  0.000e+00
      1.819    18.9636   4.063466    29.8395       1063     4.4250  0.000e+00
      1.824    18.9403   4.066556    29.8815       1064     4.4292  0.000e+00
      1.828    18.9301   4.066368    29.8873       1065     4.4333  0.000e+00
      1.842    18.9296   4.068165    29.9024       1066     4.4375  0.000e+00
      1.862    18.9365   4.062565    29.8516       1067     4.4417  0.000e+00
      1.867    18.9241   4.061105    29.8485       1068     4.4458  0.000e+00
      1.867    18.9024   4.062565    29.8761       1069     4.4500  0.000e+00
      1.845    18.8900   4.060574    29.8687       1070     4.4542  0.000e+00
      1.804    18.8800   4.063346    29.8986       1071     4.4583  0.000e+00
      1.758    18.8830   4.065197    29.9117       1072     4.4625  0.000e+00
      1.726    18.8956   4.069506    29.9379       1073     4.4667  0.000e+00
      1.721    18.9243   4.071364    29.9325       1074     4.4708  0.000e+00
      1.715    18.9529   4.073283    29.9275       1075     4.4750  0.000e+00
      1.715    18.9804   4.075553    29.9263       1076     4.4792  0.000e+00
      1.707    19.0074   4.077480    29.9226       1077     4.4833  0.000e+00
      1.696    19.0325   4.077359    29.9035       1078     4.4875  0.000e+00
      1.666    19.0475   4.076112    29.8826       1079     4.4917  0.000e+00
      1.630    19.0525   4.076651    29.8834       1080     4.4958  0.000e+00
      1.606    19.0526   4.072258    29.8475       1081     4.5000  0.000e+00
      1.579    19.0371   4.073855    29.8716       1082     4.5042  0.000e+00
      1.573    19.0304   4.079482    29.9225       1083     4.5083  0.000e+00
      1.579    19.0499   4.081362    29.9237       1084     4.5125  0.000e+00
      1.591    19.0762   4.080310    29.8962       1085     4.5167  0.000e+00
      1.602    19.0909   4.082906    29.9069       1086     4.5208  0.000e+00
      1.593    19.1068   4.089293    29.9476       1087     4.5250  0.000e+00
      1.573    19.1419   4.085940    29.8950       1088     4.5292  0.000e+00
      1.522    19.1608   4.086358    29.8848       1089     4.5333  0.000e+00
      1.443    19.1687   4.086843    29.8832       1090     4.5375  0.000e+00
      1.365    19.1733   4.086749    29.8791       1091     4.5417  0.000e+00
      1.291    19.1770   4.085231    29.8641       1092     4.5458  0.000e+00
      1.255    19.1723   4.083835    29.8561       1093     4.5500  0.000e+00
      1.255    19.1628   4.086526    29.8849       1094     4.5542  0.000e+00
      1.262    19.1671   4.088193    29.8954       1095     4.5583  0.000e+00
      1.269    19.1801   4.089771    29.8989       1096     4.5625  0.000e+00
      1.254    19.1943   4.088779    29.8806       1097     4.5667  0.000e+00
      1.241    19.2006   4.087828    29.8683       1098     4.5708  0.000e+00
      1.227    19.1995   4.087949    29.8702       1099     4.5750  0.000e+00
      1.222    19.1979   4.086452    29.8591       1100     4.5792  0.000e+00
      1.211    19.1909   4.085426    29.8558       1101     4.5833  0.000e+00
      1.205    19.1803   4.084253    29.8538       1102     4.5875  0.000e+00
      1.211    19.1682   4.084766    29.8667       1103     4.5917  0.000e+00
      1.218    19.1627   4.084786    29.8708       1104     4.5958  0.000e+00
      1.220    19.1608   4.086358    29.8850       1105     4.6000  0.000e+00
      1.229    19.1653   4.085643    29.8759       1106     4.6042  0.000e+00
      1.227    19.1677   4.084422    29.8642       1107     4.6083  0.000e+00
      1.213    19.1611   4.079406    29.8281       1108     4.6125  0.000e+00
      1.200    19.1369   4.077114    29.8268       1109     4.6167  0.000e+00
      1.203    19.1073   4.076650    29.8442       1110     4.6208  0.000e+00
      1.201    19.0856   4.077506    29.8668       1111     4.6250  0.000e+00
      1.174    19.0752   4.078234    29.8802       1112     4.6292  0.000e+00
      1.138    19.0762   4.080829    29.9007       1113     4.6333  0.000e+00
      1.093    19.0886   4.082609    29.9063       1114     4.6375  0.000e+00
      1.055    19.1063   4.086257    29.9233       1115     4.6417  0.000e+00
      0.999    19.1309   4.087485    29.9156       1116     4.6458  0.000e+00
      0.901    19.1589   4.087579    29.8963       1117     4.6500  0.000e+00
      0.785    19.1713   4.089272    29.9013       1118     4.6542  0.000e+00
      0.672    19.1878   4.096507    29.9484       1119     4.6583  0.000e+00
      0.545    19.2256   4.093759    29.8989       1120     4.6625  0.000e+00
      0.429    19.2469   4.091943    29.8689       1121     4.6667  0.000e+00
      0.355    19.2488   4.091997    29.8680       1122     4.6708  0.000e+00
      0.294    19.2465   4.093954    29.8856       1123     4.6750  0.000e+00
      0.229    19.2524   4.098451    29.9179       1124     4.6792  0.000e+00
      0.155    19.2765   4.096702    29.8865       1125     4.6833  0.000e+00
      0.115    19.2918   4.100071    29.9029       1126     4.6875  0.000e+00
      0.044    19.3091   4.100024    29.8902       1127     4.6917  0.000e+00
     -0.037    19.3228   4.099051    29.8725       1128     4.6958  0.000e+00
     -0.109    19.3280   2.678131    18.6604       1129     4.7000  0.000e+00
     -0.117    19.3288   0.907328     5.7635       1130     4.7042  0.000e+00
     -0.117    19.3286   0.484586     2.9458       1131     4.7083  0.000e+00
     -0.115    19.3266   0.347669     2.0701       1132     4.7125  0.000e+00
     -0.111    19.3227   0.287780     1.6948       1133     4.7167  0.000e+00
     -0.117    19.3194   0.225617     1.3110       1134     4.7208  0.000e+00
     -0.117    19.3168   0.208406     1.2060       1135     4.7250  0.000e+00
     -0.121    19.3141   0.198779     1.1475       1136     4.7292  0.000e+00
     -0.121    19.3114   0.183972     1.0579       1137     4.7333  0.000e+00
