HB2403/sbe061.cnv
* Sea-Bird SBE 19plus V2 Data File:
* FileName = C:\cruise\data\sbe061.hex
* Software Version Seasave V 7.26.7.121
* Temperature SN = 6128
* Conductivity SN = 6128
* System UpLoad Time = Jun 07 2024 03:33:26
* NMEA Latitude = 40 17.86 N
* NMEA Longitude = 068 39.62 W
* NMEA UTC (Time) = Jun 07 2024  03:33:59
** Ship: Henry Bigelow
** Cruise:  HB2403
** Program:  ECOMON
# nquan = 7
# nvalues = 2588                                  
# units = specified
# name 0 = depSM: Depth [salt water, m]
# name 1 = tv290C: Temperature [ITS-90, deg C]
# name 2 = c0S/m: Conductivity [S/m]
# name 3 = sal00: Salinity, Practical [PSU]
# name 4 = scan: Scan Count
# name 5 = timeM: Time, Elapsed [minutes]
# name 6 = flag:  0.000e+00
# span 0 =     -0.096,     99.136                 
# span 1 =     8.9355,    15.8606                 
# span 2 =   0.000073,   4.002775                 
# span 3 =     0.0080,    33.8964                 
# span 4 =         11,       2598                 
# span 5 =     0.0417,    10.8208                 
# span 6 = 0.0000e+00, 0.0000e+00                 
# interval = seconds: 0.25
# start_time = Jun 07 2024 03:33:59 [NMEA time, header]
# bad_flag = -9.990e-29
*END*
[from data line 1436]
     61.592     9.3112   3.595847    33.4342       1447     6.0250  0.000e+00
     61.540     9.3064   3.595783    33.4381       1448     6.0292  0.000e+00
     61.476     9.3013   3.596334    33.4485       1449     6.0333  0.000e+00
     61.415     9.2993   3.596334    33.4504       1450     6.0375  0.000e+00
     61.341     9.2993   3.597199    33.4594       1451     6.0417  0.000e+00
     61.268     9.3016   3.596244    33.4475       1452     6.0458  0.000e+00
     61.187     9.3009   3.594681    33.4320       1453     6.0500  0.000e+00
     61.104     9.2955   3.595206    33.4424       1454     6.0542  0.000e+00
     61.010     9.2927   3.596423    33.4578       1455     6.0583  0.000e+00
     60.916     9.2942   3.595847    33.4504       1456     6.0625  0.000e+00
     60.811     9.2949   3.595321    33.4443       1457     6.0667  0.000e+00
     60.717     9.2938   3.594835    33.4404       1458     6.0708  0.000e+00
     60.616     9.2912   3.594899    33.4436       1459     6.0750  0.000e+00
     60.520     9.2893   3.594726    33.4436       1460     6.0792  0.000e+00
     60.428     9.2877   3.595033    33.4483       1461     6.0833  0.000e+00
     60.343     9.2878   3.595161    33.4496       1462     6.0875  0.000e+00
     60.263     9.2887   3.595232    33.4495       1463     6.0917  0.000e+00
     60.196     9.2892   3.595142    33.4481       1464     6.0958  0.000e+00
     60.140     9.2895   3.594899    33.4454       1465     6.1000  0.000e+00
     60.090     9.2887   3.595123    33.4484       1466     6.1042  0.000e+00
     60.061     9.2887   3.594809    33.4453       1467     6.1083  0.000e+00
     60.039     9.2880   3.594565    33.4434       1468     6.1125  0.000e+00
     60.021     9.2867   3.594527    33.4442       1469     6.1167  0.000e+00
     60.011     9.2858   3.594636    33.4462       1470     6.1208  0.000e+00
     60.002     9.2856   3.594482    33.4448       1471     6.1250  0.000e+00
     59.993     9.2850   3.594457    33.4451       1472     6.1292  0.000e+00
     59.988     9.2845   3.594437    33.4454       1473     6.1333  0.000e+00
     59.973     9.2841   3.594149    33.4427       1474     6.1375  0.000e+00
     59.954     9.2832   3.593996    33.4420       1475     6.1417  0.000e+00
     59.922     9.2819   3.593733    33.4405       1476     6.1458  0.000e+00
     59.882     9.2801   3.593554    33.4403       1477     6.1500  0.000e+00
     59.832     9.2788   3.593733    33.4435       1478     6.1542  0.000e+00
     59.772     9.2783   3.593445    33.4410       1479     6.1583  0.000e+00
     59.708     9.2775   3.593490    33.4423       1480     6.1625  0.000e+00
     59.640     9.2768   3.593554    33.4436       1481     6.1667  0.000e+00
     59.571     9.2767   3.593534    33.4435       1482     6.1708  0.000e+00
     59.499     9.2767   3.593048    33.4385       1483     6.1750  0.000e+00
     59.426     9.2753   3.593067    33.4400       1484     6.1792  0.000e+00
     59.370     9.2742   3.593291    33.4434       1485     6.1833  0.000e+00
     59.316     9.2742   3.592894    33.4393       1486     6.1875  0.000e+00
     59.260     9.2733   3.593291    33.4443       1487     6.1917  0.000e+00
     59.213     9.2736   3.593067    33.4417       1488     6.1958  0.000e+00
     59.166     9.2733   3.593092    33.4423       1489     6.2000  0.000e+00
     59.124     9.2732   3.593067    33.4421       1490     6.2042  0.000e+00
     59.079     9.2731   3.593201    33.4436       1491     6.2083  0.000e+00
     59.037     9.2735   3.593156    33.4428       1492     6.2125  0.000e+00
     58.984     9.2736   3.592298    33.4339       1493     6.2167  0.000e+00
     58.926     9.2712   3.591812    33.4311       1494     6.2208  0.000e+00
     58.859     9.2677   3.591082    33.4268       1495     6.2250  0.000e+00
     58.790     9.2636   3.590864    33.4284       1496     6.2292  0.000e+00
     58.718     9.2600   3.590775    33.4310       1497     6.2333  0.000e+00
     58.642     9.2572   3.590467    33.4304       1498     6.2375  0.000e+00
     58.559     9.2547   3.589962    33.4275       1499     6.2417  0.000e+00
     58.472     9.2518   3.589782    33.4284       1500     6.2458  0.000e+00
     58.378     9.2494   3.590051    33.4335       1501     6.2500  0.000e+00
     58.285     9.2486   3.589693    33.4306       1502     6.2542  0.000e+00
     58.185     9.2474   3.589366    33.4284       1503     6.2583  0.000e+00
     58.097     9.2456   3.589673    33.4333       1504     6.2625  0.000e+00
     58.007     9.2452   3.589456    33.4315       1505     6.2667  0.000e+00
     57.919     9.2446   3.590006    33.4378       1506     6.2708  0.000e+00
     57.843     9.2456   3.589654    33.4333       1507     6.2750  0.000e+00
     57.771     9.2457   3.588041    33.4165       1508     6.2792  0.000e+00
     57.705     9.2410   3.588195    33.4225       1509     6.2833  0.000e+00
     57.653     9.2373   3.586569    33.4092       1510     6.2875  0.000e+00
     57.608     9.2314   3.586525    33.4142       1511     6.2917  0.000e+00
     57.577     9.2263   3.586307    33.4168       1512     6.2958  0.000e+00
     57.559     9.2226   3.586371    33.4209       1513     6.3000  0.000e+00
     57.546     9.2212   3.586704    33.4257       1514     6.3042  0.000e+00
     57.550     9.2212   3.587094    33.4297       1515     6.3083  0.000e+00
     57.564     9.2224   3.587209    33.4298       1516     6.3125  0.000e+00
     57.584     9.2237   3.587165    33.4281       1517     6.3167  0.000e+00
     57.614     9.2244   3.586966    33.4254       1518     6.3208  0.000e+00
     57.641     9.2244   3.587318    33.4290       1519     6.3250  0.000e+00
     57.676     9.2251   3.588067    33.4361       1520     6.3292  0.000e+00
     57.701     9.2278   3.588925    33.4424       1521     6.3333  0.000e+00
     57.715     9.2322   3.589475    33.4440       1522     6.3375  0.000e+00
     57.728     9.2369   3.589693    33.4419       1523     6.3417  0.000e+00
     57.722     9.2404   3.590134    33.4431       1524     6.3458  0.000e+00
     57.704     9.2437   3.589853    33.4372       1525     6.3500  0.000e+00
     57.661     9.2455   3.590115    33.4382       1526     6.3542  0.000e+00
     57.601     9.2468   3.590115    33.4370       1527     6.3583  0.000e+00
     57.520     9.2478   3.588905    33.4236       1528     6.3625  0.000e+00
     57.427     9.2452   3.586704    33.4032       1529     6.3667  0.000e+00
     57.321     9.2368   3.585379    33.3974       1530     6.3708  0.000e+00
     57.205     9.2264   3.584522    33.3983       1531     6.3750  0.000e+00
     57.078     9.2173   3.583818    33.3996       1532     6.3792  0.000e+00
     56.950     9.2096   3.582590    33.3941       1533     6.3833  0.000e+00
     56.812     9.2017   3.581970    33.3952       1534     6.3875  0.000e+00
     56.677     9.1945   3.581266    33.3946       1535     6.3917  0.000e+00
     56.539     9.1878   3.580435    33.3924       1536     6.3958  0.000e+00
     56.408     9.1813   3.578830    33.3819       1537     6.4000  0.000e+00
     56.296     9.1731   3.578306    33.3842       1538     6.4042  0.000e+00
     56.194     9.1655   3.577775    33.3859       1539     6.4083  0.000e+00
     56.106     9.1592   3.577098    33.3848       1540     6.4125  0.000e+00
     56.033     9.1534   3.576702    33.3861       1541     6.4167  0.000e+00
     55.977     9.1483   3.576682    33.3907       1542     6.4208  0.000e+00
     55.943     9.1451   3.576746    33.3944       1543     6.4250  0.000e+00
     55.924     9.1433   3.576484    33.3934       1544     6.4292  0.000e+00
     55.919     9.1418   3.576267    33.3925       1545     6.4333  0.000e+00
     55.926     9.1403   3.576082    33.3920       1546     6.4375  0.000e+00
     55.948     9.1386   3.575999    33.3927       1547     6.4417  0.000e+00
     55.966     9.1374   3.575916    33.3930       1548     6.4458  0.000e+00
     56.000     9.1364   3.575845    33.3932       1549     6.4500  0.000e+00
     56.032     9.1357   3.575807    33.3934       1550     6.4542  0.000e+00
     56.068     9.1348   3.575737    33.3935       1551     6.4583  0.000e+00
     56.094     9.1341   3.575647    33.3932       1552     6.4625  0.000e+00
     56.124     9.1336   3.575609    33.3933       1553     6.4667  0.000e+00
     56.140     9.1329   3.575539    33.3932       1554     6.4708  0.000e+00
     56.155     9.1323   3.575494    33.3933       1555     6.4750  0.000e+00
     56.164     9.1320   3.575494    33.3935       1556     6.4792  0.000e+00
     56.145     9.1317   3.575519    33.3941       1557     6.4833  0.000e+00
     56.120     9.1315   3.575366    33.3927       1558     6.4875  0.000e+00
     56.080     9.1312   3.575213    33.3915       1559     6.4917  0.000e+00
     56.026     9.1304   3.575059    33.3906       1560     6.4958  0.000e+00
     55.957     9.1293   3.574816    33.3892       1561     6.5000  0.000e+00
     55.870     9.1277   3.573264    33.3745       1562     6.5042  0.000e+00
     55.776     9.1231   3.572229    33.3682       1563     6.5083  0.000e+00
     55.667     9.1164   3.572273    33.3749       1564     6.5125  0.000e+00
     55.545     9.1109   3.572318    33.3806       1565     6.5167  0.000e+00
     55.425     9.1084   3.572823    33.3882       1566     6.5208  0.000e+00
     55.309     9.1087   3.571967    33.3792       1567     6.5250  0.000e+00
     55.199     9.1068   3.571730    33.3785       1568     6.5292  0.000e+00
     55.095     9.1042   3.571270    33.3762       1569     6.5333  0.000e+00
     54.997     9.1011   3.570350    33.3696       1570     6.5375  0.000e+00
     54.915     9.0972   3.570325    33.3731       1571     6.5417  0.000e+00
     54.845     9.0939   3.570108    33.3739       1572     6.5458  0.000e+00
     54.781     9.0917   3.569827    33.3731       1573     6.5500  0.000e+00
     54.736     9.0895   3.569865    33.3756       1574     6.5542  0.000e+00
     54.684     9.0880   3.569629    33.3745       1575     6.5583  0.000e+00
     54.640     9.0866   3.568664    33.3659       1576     6.5625  0.000e+00
     54.597     9.0839   3.569667    33.3789       1577     6.5667  0.000e+00
     54.563     9.0837   3.570152    33.3841       1578     6.5708  0.000e+00
     54.521     9.0854   3.570280    33.3838       1579     6.5750  0.000e+00
     54.480     9.0875   3.569910    33.3780       1580     6.5792  0.000e+00
     54.435     9.0881   3.570504    33.3836       1581     6.5833  0.000e+00
     54.395     9.0891   3.569756    33.3750       1582     6.5875  0.000e+00
     54.351     9.0884   3.569296    33.3709       1583     6.5917  0.000e+00
     54.313     9.0863   3.568862    33.3683       1584     6.5958  0.000e+00
     54.275     9.0839   3.568377    33.3656       1585     6.6000  0.000e+00
     54.235     9.0808   3.568026    33.3649       1586     6.6042  0.000e+00
     54.208     9.0777   3.567853    33.3659       1587     6.6083  0.000e+00
     54.174     9.0754   3.567655    33.3661       1588     6.6125  0.000e+00
     54.146     9.0736   3.567987    33.3713       1589     6.6167  0.000e+00
     54.106     9.0729   3.568051    33.3726       1590     6.6208  0.000e+00
     54.072     9.0732   3.567943    33.3712       1591     6.6250  0.000e+00
     54.029     9.0732   3.568294    33.3748       1592     6.6292  0.000e+00
     53.980     9.0739   3.568287    33.3741       1593     6.6333  0.000e+00
     53.933     9.0746   3.568466    33.3754       1594     6.6375  0.000e+00
     53.882     9.0754   3.567898    33.3687       1595     6.6417  0.000e+00
     53.833     9.0745   3.567266    33.3630       1596     6.6458  0.000e+00
     53.775     9.0719   3.567483    33.3677       1597     6.6500  0.000e+00
     53.732     9.0704   3.567304    33.3673       1598     6.6542  0.000e+00
     53.686     9.0693   3.566825    33.3634       1599     6.6583  0.000e+00
     53.635     9.0673   3.566806    33.3651       1600     6.6625  0.000e+00
     53.595     9.0656   3.566915    33.3678       1601     6.6667  0.000e+00
     53.546     9.0651   3.567349    33.3728       1602     6.6708  0.000e+00
     53.490     9.0662   3.567413    33.3725       1603     6.6750  0.000e+00
     53.442     9.0675   3.567221    33.3693       1604     6.6792  0.000e+00
     53.378     9.0674   3.567329    33.3706       1605     6.6833  0.000e+00
     53.317     9.0677   3.567457    33.3716       1606     6.6875  0.000e+00
     53.239     9.0682   3.567304    33.3696       1607     6.6917  0.000e+00
     53.157     9.0683   3.567042    33.3668       1608     6.6958  0.000e+00
     53.066     9.0676   3.566914    33.3662       1609     6.7000  0.000e+00
     52.967     9.0667   3.567393    33.3720       1610     6.7042  0.000e+00
     52.866     9.0674   3.567680    33.3744       1611     6.7083  0.000e+00
     52.763     9.0690   3.567706    33.3733       1612     6.7125  0.000e+00
     52.656     9.0704   3.567680    33.3717       1613     6.7167  0.000e+00
     52.554     9.0710   3.567699    33.3714       1614     6.7208  0.000e+00
     52.463     9.0714   3.567591    33.3699       1615     6.7250  0.000e+00
     52.374     9.0714   3.567565    33.3697       1616     6.7292  0.000e+00
     52.298     9.0714   3.567501    33.3690       1617     6.7333  0.000e+00
     52.237     9.0713   3.567457    33.3687       1618     6.7375  0.000e+00
     52.179     9.0710   3.567348    33.3679       1619     6.7417  0.000e+00
     52.128     9.0707   3.567348    33.3683       1620     6.7458  0.000e+00
     52.091     9.0704   3.567412    33.3692       1621     6.7500  0.000e+00
     52.056     9.0704   3.567284    33.3679       1622     6.7542  0.000e+00
     52.031     9.0700   3.567220    33.3676       1623     6.7583  0.000e+00
     52.013     9.0694   3.567348    33.3695       1624     6.7625  0.000e+00
     51.994     9.0694   3.567412    33.3702       1625     6.7667  0.000e+00
     51.982     9.0696   3.567412    33.3700       1626     6.7708  0.000e+00
     51.971     9.0698   3.567393    33.3696       1627     6.7750  0.000e+00
     51.958     9.0699   3.567348    33.3690       1628     6.7792  0.000e+00
     51.950     9.0699   3.567303    33.3686       1629     6.7833  0.000e+00
     51.947     9.0698   3.567131    33.3669       1630     6.7875  0.000e+00
     51.930     9.0692   3.567086    33.3670       1631     6.7917  0.000e+00
     51.918     9.0688   3.567022    33.3667       1632     6.7958  0.000e+00
     51.894     9.0682   3.566914    33.3662       1633     6.8000  0.000e+00
     51.861     9.0677   3.566844    33.3659       1634     6.8042  0.000e+00
     51.818     9.0671   3.566716    33.3651       1635     6.8083  0.000e+00
     51.765     9.0665   3.566716    33.3658       1636     6.8125  0.000e+00
     51.699     9.0662   3.566780    33.3667       1637     6.8167  0.000e+00
     51.625     9.0659   3.566582    33.3650       1638     6.8208  0.000e+00
     51.530     9.0654   3.566537    33.3650       1639     6.8250  0.000e+00
     51.435     9.0648   3.566607    33.3663       1640     6.8292  0.000e+00
     51.331     9.0644   3.566365    33.3642       1641     6.8333  0.000e+00
     51.226     9.0637   3.565841    33.3595       1642     6.8375  0.000e+00
     51.117     9.0616   3.565426    33.3572       1643     6.8417  0.000e+00
     51.016     9.0590   3.564877    33.3540       1644     6.8458  0.000e+00
     50.914     9.0558   3.564571    33.3538       1645     6.8500  0.000e+00
     50.826     9.0529   3.564966    33.3607       1646     6.8542  0.000e+00
     50.747     9.0523   3.565579    33.3677       1647     6.8583  0.000e+00
     50.672     9.0537   3.565777    33.3685       1648     6.8625  0.000e+00
     50.618     9.0550   3.566013    33.3697       1649     6.8667  0.000e+00
     50.571     9.0571   3.565994    33.3676       1650     6.8708  0.000e+00
     50.535     9.0582   3.566518    33.3720       1651     6.8750  0.000e+00
