HB2403/sbe091.cnv
* Sea-Bird SBE 19plus V2 Data File:
* FileName = C:\cruise\data\sbe091.hex
* Software Version Seasave V 7.26.7.121
* Temperature SN = 6128
* Conductivity SN = 6128
* System UpLoad Time = Jun 09 2024 19:32:06
* NMEA Latitude = 42 13.29 N
* NMEA Longitude = 065 46.21 W
* NMEA UTC (Time) = Jun 09 2024  19:32:41
** Ship: Henry Bigelow
** Cruise:  HB2403
** Program:  ECOMON
# nquan = 7
# nvalues = 5805                                  
# units = specified
# name 0 = depSM: Depth [salt water, m]
# name 1 = tv290C: Temperature [ITS-90, deg C]
# name 2 = c0S/m: Conductivity [S/m]
# name 3 = sal00: Salinity, Practical [PSU]
# name 4 = scan: Scan Count
# name 5 = timeM: Time, Elapsed [minutes]
# name 6 = flag:  0.000e+00
# span 0 =     -0.350,    199.625                 
# span 1 =     7.3105,    16.1516                 
# span 2 =   0.000165,   3.782518                 
# span 3 =     0.0084,    35.0792                 
# span 4 =         11,       5815                 
# span 5 =     0.0417,    24.2250                 
# span 6 = 0.0000e+00, 0.0000e+00                 
# interval = seconds: 0.25
# start_time = Jun 09 2024 19:32:41 [NMEA time, header]
# bad_flag = -9.990e-29
*END*
[from data line 1642]
    182.833     7.3930   3.572407    34.9914       1653     6.8833  0.000e+00
    182.907     7.3931   3.572446    34.9917       1654     6.8875  0.000e+00
    182.985     7.3931   3.572407    34.9913       1655     6.8917  0.000e+00
    183.082     7.3931   3.572363    34.9907       1656     6.8958  0.000e+00
    183.187     7.3931   3.572337    34.9904       1657     6.9000  0.000e+00
    183.291     7.3927   3.572337    34.9907       1658     6.9042  0.000e+00
    183.418     7.3926   3.572427    34.9917       1659     6.9083  0.000e+00
    183.548     7.3926   3.572427    34.9917       1660     6.9125  0.000e+00
    183.685     7.3927   3.572472    34.9920       1661     6.9167  0.000e+00
    183.826     7.3931   3.572625    34.9932       1662     6.9208  0.000e+00
    183.965     7.3939   3.572714    34.9933       1663     6.9250  0.000e+00
    184.096     7.3947   3.572778    34.9931       1664     6.9292  0.000e+00
    184.228     7.3953   3.572120    34.9853       1665     6.9333  0.000e+00
    184.355     7.3936   3.571399    34.9791       1666     6.9375  0.000e+00
    184.461     7.3895   3.570913    34.9779       1667     6.9417  0.000e+00
    184.557     7.3847   3.570830    34.9817       1668     6.9458  0.000e+00
    184.640     7.3812   3.570677    34.9835       1669     6.9500  0.000e+00
    184.719     7.3786   3.570479    34.9840       1670     6.9542  0.000e+00
    184.787     7.3762   3.570390    34.9854       1671     6.9583  0.000e+00
    184.851     7.3744   3.570332    34.9865       1672     6.9625  0.000e+00
    184.908     7.3730   3.570300    34.9876       1673     6.9667  0.000e+00
    184.964     7.3720   3.570262    34.9882       1674     6.9708  0.000e+00
    185.014     7.3713   3.570345    34.9897       1675     6.9750  0.000e+00
    185.073     7.3712   3.570524    34.9918       1676     6.9792  0.000e+00
    185.127     7.3718   3.570805    34.9942       1677     6.9833  0.000e+00
    185.194     7.3734   3.571112    34.9959       1678     6.9875  0.000e+00
    185.254     7.3755   3.571335    34.9962       1679     6.9917  0.000e+00
    185.323     7.3780   3.571418    34.9946       1680     6.9958  0.000e+00
    185.388     7.3796   3.571418    34.9929       1681     7.0000  0.000e+00
    185.452     7.3808   3.571444    34.9919       1682     7.0042  0.000e+00
    185.530     7.3817   3.571489    34.9915       1683     7.0083  0.000e+00
    185.611     7.3822   3.571444    34.9905       1684     7.0125  0.000e+00
    185.691     7.3822   3.571201    34.9878       1685     7.0167  0.000e+00
    185.785     7.3813   3.571003    34.9865       1686     7.0208  0.000e+00
    185.884     7.3803   3.571508    34.9929       1687     7.0250  0.000e+00
    185.996     7.3808   3.571751    34.9950       1688     7.0292  0.000e+00
    186.108     7.3826   3.571834    34.9941       1689     7.0333  0.000e+00
    186.232     7.3840   3.571706    34.9912       1690     7.0375  0.000e+00
    186.359     7.3844   3.571444    34.9879       1691     7.0417  0.000e+00
    186.491     7.3838   3.570850    34.9820       1692     7.0458  0.000e+00
    186.625     7.3810   3.570652    34.9825       1693     7.0500  0.000e+00
    186.761     7.3782   3.570678    34.9856       1694     7.0542  0.000e+00
    186.904     7.3763   3.570697    34.9876       1695     7.0583  0.000e+00
    187.030     7.3753   3.570652    34.9881       1696     7.0625  0.000e+00
    187.157     7.3746   3.570525    34.9873       1697     7.0667  0.000e+00
    187.271     7.3735   3.570020    34.9829       1698     7.0708  0.000e+00
    187.379     7.3711   3.569822    34.9831       1699     7.0750  0.000e+00
    187.463     7.3685   3.569650    34.9838       1700     7.0792  0.000e+00
    187.533     7.3662   3.569541    34.9849       1701     7.0833  0.000e+00
    187.596     7.3640   3.569407    34.9856       1702     7.0875  0.000e+00
    187.639     7.3622   3.569318    34.9864       1703     7.0917  0.000e+00
    187.686     7.3609   3.569299    34.9875       1704     7.0958  0.000e+00
    187.717     7.3598   3.569101    34.9864       1705     7.1000  0.000e+00
    187.752     7.3586   3.569235    34.9891       1706     7.1042  0.000e+00
    187.787     7.3581   3.569235    34.9896       1707     7.1083  0.000e+00
    187.829     7.3580   3.569235    34.9897       1708     7.1125  0.000e+00
    187.878     7.3579   3.569145    34.9888       1709     7.1167  0.000e+00
    187.931     7.3575   3.569120    34.9889       1710     7.1208  0.000e+00
    187.999     7.3570   3.569190    34.9901       1711     7.1250  0.000e+00
    188.084     7.3570   3.569235    34.9905       1712     7.1292  0.000e+00
    188.185     7.3570   3.569427    34.9926       1713     7.1333  0.000e+00
    188.288     7.3578   3.569478    34.9923       1714     7.1375  0.000e+00
    188.413     7.3587   3.569209    34.9884       1715     7.1417  0.000e+00
    188.550     7.3583   3.569363    34.9904       1716     7.1458  0.000e+00
    188.683     7.3583   3.569516    34.9920       1717     7.1500  0.000e+00
    188.837     7.3588   3.569388    34.9900       1718     7.1542  0.000e+00
    188.983     7.3590   3.569408    34.9900       1719     7.1583  0.000e+00
    189.137     7.3589   3.569146    34.9871       1720     7.1625  0.000e+00
    189.287     7.3579   3.568993    34.9864       1721     7.1667  0.000e+00
    189.433     7.3566   3.568884    34.9865       1722     7.1708  0.000e+00
    189.560     7.3552   3.568859    34.9875       1723     7.1750  0.000e+00
    189.670     7.3543   3.568839    34.9882       1724     7.1792  0.000e+00
    189.762     7.3536   3.568795    34.9883       1725     7.1833  0.000e+00
    189.838     7.3531   3.568750    34.9884       1726     7.1875  0.000e+00
    189.907     7.3523   3.568731    34.9889       1727     7.1917  0.000e+00
    189.957     7.3521   3.568686    34.9886       1728     7.1958  0.000e+00
    189.997     7.3516   3.568597    34.9881       1729     7.2000  0.000e+00
    190.034     7.3512   3.568750    34.9902       1730     7.2042  0.000e+00
    190.069     7.3510   3.568623    34.9890       1731     7.2083  0.000e+00
    190.101     7.3506   3.568182    34.9845       1732     7.2125  0.000e+00
    190.141     7.3493   3.568814    34.9928       1733     7.2167  0.000e+00
    190.186     7.3498   3.568999    34.9942       1734     7.2208  0.000e+00
    190.235     7.3515   3.569012    34.9926       1735     7.2250  0.000e+00
    190.291     7.3526   3.568993    34.9913       1736     7.2292  0.000e+00
    190.363     7.3534   3.569012    34.9906       1737     7.2333  0.000e+00
    190.444     7.3539   3.569038    34.9904       1738     7.2375  0.000e+00
    190.539     7.3540   3.568859    34.9883       1739     7.2417  0.000e+00
    190.648     7.3536   3.568642    34.9863       1740     7.2458  0.000e+00
    190.760     7.3521   3.568361    34.9846       1741     7.2500  0.000e+00
    190.892     7.3504   3.568399    34.9867       1742     7.2542  0.000e+00
    191.015     7.3490   3.567659    34.9799       1743     7.2583  0.000e+00
    191.143     7.3457   3.567397    34.9804       1744     7.2625  0.000e+00
    191.279     7.3423   3.567308    34.9828       1745     7.2667  0.000e+00
    191.410     7.3396   3.567308    34.9855       1746     7.2708  0.000e+00
    191.538     7.3378   3.567180    34.9858       1747     7.2750  0.000e+00
    191.669     7.3366   3.567091    34.9860       1748     7.2792  0.000e+00
    191.788     7.3351   3.566893    34.9852       1749     7.2833  0.000e+00
    191.891     7.3336   3.566759    34.9853       1750     7.2875  0.000e+00
    191.993     7.3320   3.566740    34.9866       1751     7.2917  0.000e+00
    192.082     7.3309   3.566804    34.9884       1752     7.2958  0.000e+00
    192.170     7.3305   3.566740    34.9881       1753     7.3000  0.000e+00
    192.246     7.3301   3.566759    34.9887       1754     7.3042  0.000e+00
    192.317     7.3300   3.566874    34.9900       1755     7.3083  0.000e+00
    192.376     7.3301   3.566938    34.9905       1756     7.3125  0.000e+00
    192.434     7.3305   3.566874    34.9894       1757     7.3167  0.000e+00
    192.488     7.3306   3.566785    34.9883       1758     7.3208  0.000e+00
    192.544     7.3302   3.566542    34.9860       1759     7.3250  0.000e+00
    192.607     7.3292   3.566478    34.9863       1760     7.3292  0.000e+00
    192.670     7.3282   3.566478    34.9873       1761     7.3333  0.000e+00
    192.737     7.3273   3.566459    34.9880       1762     7.3375  0.000e+00
    192.813     7.3268   3.566459    34.9884       1763     7.3417  0.000e+00
    192.903     7.3265   3.566542    34.9896       1764     7.3458  0.000e+00
    192.998     7.3267   3.566606    34.9900       1765     7.3500  0.000e+00
    193.109     7.3270   3.566721    34.9909       1766     7.3542  0.000e+00
    193.217     7.3277   3.566759    34.9906       1767     7.3583  0.000e+00
    193.335     7.3284   3.566804    34.9903       1768     7.3625  0.000e+00
    193.454     7.3289   3.566849    34.9903       1769     7.3667  0.000e+00
    193.568     7.3293   3.566651    34.9876       1770     7.3708  0.000e+00
    193.685     7.3291   3.566491    34.9860       1771     7.3750  0.000e+00
    193.798     7.3279   3.566542    34.9877       1772     7.3792  0.000e+00
    193.893     7.3274   3.566696    34.9898       1773     7.3833  0.000e+00
    193.985     7.3277   3.566804    34.9907       1774     7.3875  0.000e+00
    194.081     7.3282   3.566830    34.9904       1775     7.3917  0.000e+00
    194.168     7.3288   3.566849    34.9900       1776     7.3958  0.000e+00
    194.251     7.3293   3.566894    34.9899       1777     7.4000  0.000e+00
    194.329     7.3296   3.566913    34.9898       1778     7.4042  0.000e+00
    194.413     7.3300   3.566875    34.9890       1779     7.4083  0.000e+00
    194.505     7.3300   3.566830    34.9884       1780     7.4125  0.000e+00
    194.597     7.3297   3.566785    34.9881       1781     7.4167  0.000e+00
    194.692     7.3294   3.566830    34.9889       1782     7.4208  0.000e+00
    194.778     7.3293   3.566804    34.9887       1783     7.4250  0.000e+00
    194.873     7.3293   3.566875    34.9894       1784     7.4292  0.000e+00
    194.962     7.3293   3.567028    34.9910       1785     7.4333  0.000e+00
    195.040     7.3301   3.567264    34.9928       1786     7.4375  0.000e+00
    195.128     7.3314   3.567111    34.9897       1787     7.4417  0.000e+00
    195.210     7.3320   3.566958    34.9874       1788     7.4458  0.000e+00
    195.289     7.3315   3.566900    34.9873       1789     7.4500  0.000e+00
    195.359     7.3309   3.566849    34.9873       1790     7.4542  0.000e+00
    195.431     7.3300   3.566741    34.9869       1791     7.4583  0.000e+00
    195.512     7.3293   3.566722    34.9874       1792     7.4625  0.000e+00
    195.588     7.3286   3.566652    34.9873       1793     7.4667  0.000e+00
    195.671     7.3278   3.566543    34.9869       1794     7.4708  0.000e+00
    195.756     7.3271   3.566524    34.9873       1795     7.4750  0.000e+00
    195.846     7.3263   3.566543    34.9883       1796     7.4792  0.000e+00
    195.942     7.3261   3.566479    34.9878       1797     7.4833  0.000e+00
    196.037     7.3255   3.566415    34.9876       1798     7.4875  0.000e+00
    196.153     7.3252   3.566460    34.9884       1799     7.4917  0.000e+00
    196.267     7.3248   3.566460    34.9887       1800     7.4958  0.000e+00
    196.384     7.3245   3.566435    34.9887       1801     7.5000  0.000e+00
    196.504     7.3244   3.566499    34.9894       1802     7.5042  0.000e+00
    196.625     7.3246   3.566722    34.9916       1803     7.5083  0.000e+00
    196.748     7.3254   3.566761    34.9911       1804     7.5125  0.000e+00
    196.867     7.3263   3.566588    34.9883       1805     7.5167  0.000e+00
    196.979     7.3264   3.566633    34.9886       1806     7.5208  0.000e+00
    197.080     7.3262   3.566671    34.9892       1807     7.5250  0.000e+00
    197.170     7.3262   3.566499    34.9873       1808     7.5292  0.000e+00
    197.248     7.3257   3.566480    34.9876       1809     7.5333  0.000e+00
    197.315     7.3250   3.566480    34.9882       1810     7.5375  0.000e+00
    197.362     7.3247   3.566480    34.9885       1811     7.5417  0.000e+00
    197.408     7.3243   3.566525    34.9893       1812     7.5458  0.000e+00
    197.448     7.3243   3.566525    34.9893       1813     7.5500  0.000e+00
    197.486     7.3246   3.566525    34.9891       1814     7.5542  0.000e+00
    197.527     7.3246   3.566461    34.9883       1815     7.5583  0.000e+00
    197.565     7.3242   3.566416    34.9882       1816     7.5625  0.000e+00
    197.610     7.3238   3.566371    34.9881       1817     7.5667  0.000e+00
    197.655     7.3233   3.566371    34.9886       1818     7.5708  0.000e+00
    197.717     7.3233   3.566416    34.9890       1819     7.5750  0.000e+00
    197.785     7.3232   3.566391    34.9888       1820     7.5792  0.000e+00
    197.877     7.3233   3.566416    34.9890       1821     7.5833  0.000e+00
    197.972     7.3231   3.566416    34.9891       1822     7.5875  0.000e+00
    198.093     7.3231   3.566435    34.9892       1823     7.5917  0.000e+00
    198.225     7.3233   3.566652    34.9914       1824     7.5958  0.000e+00
    198.360     7.3242   3.566850    34.9926       1825     7.6000  0.000e+00
    198.505     7.3254   3.566850    34.9913       1826     7.6042  0.000e+00
    198.655     7.3263   3.566959    34.9914       1827     7.6083  0.000e+00
    198.805     7.3274   3.566914    34.9898       1828     7.6125  0.000e+00
    198.947     7.3278   3.566876    34.9889       1829     7.6167  0.000e+00
    199.079     7.3278   3.566832    34.9883       1830     7.6208  0.000e+00
    199.195     7.3275   3.566570    34.9857       1831     7.6250  0.000e+00
    199.294     7.3264   3.566436    34.9853       1832     7.6292  0.000e+00
    199.379     7.3248   3.566372    34.9862       1833     7.6333  0.000e+00
    199.444     7.3237   3.566066    34.9839       1834     7.6375  0.000e+00
    199.494     7.3216   3.565651    34.9815       1835     7.6417  0.000e+00
    199.543     7.3187   3.565453    34.9822       1836     7.6458  0.000e+00
    199.599     7.3157   3.565434    34.9850       1837     7.6500  0.000e+00
    199.625     7.3138   3.565472    34.9874       1838     7.6542  0.000e+00
    199.609     7.3125   3.565472    34.9887       1839     7.6583  0.000e+00
    199.542     7.3119   3.565625    34.9910       1840     7.6625  0.000e+00
    199.426     7.3122   3.565651    34.9911       1841     7.6667  0.000e+00
    199.324     7.3127   3.565504    34.9890       1842     7.6708  0.000e+00
    199.204     7.3126   3.565517    34.9893       1843     7.6750  0.000e+00
    199.087     7.3123   3.565472    34.9891       1844     7.6792  0.000e+00
    198.956     7.3123   3.565516    34.9897       1845     7.6833  0.000e+00
    198.838     7.3120   3.565433    34.9892       1846     7.6875  0.000e+00
    198.711     7.3120   3.565472    34.9896       1847     7.6917  0.000e+00
    198.574     7.3118   3.565389    34.9890       1848     7.6958  0.000e+00
    198.459     7.3115   3.565363    34.9891       1849     7.7000  0.000e+00
    198.347     7.3114   3.565299    34.9886       1850     7.7042  0.000e+00
    198.229     7.3110   3.565280    34.9888       1851     7.7083  0.000e+00
    198.110     7.3108   3.565280    34.9891       1852     7.7125  0.000e+00
    197.985     7.3105   3.565299    34.9896       1853     7.7167  0.000e+00
    197.858     7.3106   3.565408    34.9908       1854     7.7208  0.000e+00
    197.735     7.3111   3.565433    34.9906       1855     7.7250  0.000e+00
    197.612     7.3116   3.565344    34.9892       1856     7.7292  0.000e+00
