HB2403/sbe051.cnv
* Sea-Bird SBE 19plus V2 Data File:
* FileName = C:\cruise\data\sbe051.hex
* Software Version Seasave V 7.26.7.121
* Temperature SN = 6128
* Conductivity SN = 6128
* System UpLoad Time = Jun 06 2024 06:04:13
* NMEA Latitude = 40 03.12 N
* NMEA Longitude = 071 34.53 W
* NMEA UTC (Time) = Jun 06 2024  06:04:46
** Ship: Henry Bigelow
** Cruise:  HB2403
** Program:  ECOMON
# nquan = 7
# nvalues = 2148                                  
# units = specified
# name 0 = depSM: Depth [salt water, m]
# name 1 = tv290C: Temperature [ITS-90, deg C]
# name 2 = c0S/m: Conductivity [S/m]
# name 3 = sal00: Salinity, Practical [PSU]
# name 4 = scan: Scan Count
# name 5 = timeM: Time, Elapsed [minutes]
# name 6 = flag:  0.000e+00
# span 0 =     -0.240,     87.793                 
# span 1 =     7.7322,    17.4316                 
# span 2 =   0.000058,   4.151563                 
# span 3 =     0.0088,    34.5947                 
# span 4 =         11,       2158                 
# span 5 =     0.0417,     8.9875                 
# span 6 = 0.0000e+00, 0.0000e+00                 
# interval = seconds: 0.25
# start_time = Jun 06 2024 06:04:46 [NMEA time, header]
# bad_flag = -9.990e-29
*END*
[from data line 1231]
     50.666     8.0555   3.443035    33.0151       1242     5.1708  0.000e+00
     50.597     8.0537   3.446196    33.0505       1243     5.1750  0.000e+00
     50.534     8.0562   3.447878    33.0660       1244     5.1792  0.000e+00
     50.473     8.0678   3.448098    33.0575       1245     5.1833  0.000e+00
     50.415     8.0771   3.445150    33.0173       1246     5.1875  0.000e+00
     50.350     8.0751   3.450316    33.0742       1247     5.1917  0.000e+00
     50.290     8.0865   3.453455    33.0970       1248     5.1958  0.000e+00
     50.232     8.1071   3.454230    33.0857       1249     5.2000  0.000e+00
     50.171     8.1250   3.453813    33.0645       1250     5.2042  0.000e+00
     50.115     8.1354   3.456871    33.0872       1251     5.2083  0.000e+00
     50.055     8.1509   3.461041    33.1169       1252     5.2125  0.000e+00
     49.993     8.1743   3.463451    33.1205       1253     5.2167  0.000e+00
     49.935     8.2029   3.475658    33.2231       1254     5.2208  0.000e+00
     49.876     8.2632   3.487186    33.2884       1255     5.2250  0.000e+00
     49.818     8.3495   3.495156    33.2911       1256     5.2292  0.000e+00
     49.760     8.4383   3.498683    33.2445       1257     5.2333  0.000e+00
     49.702     8.5099   3.500501    33.1963       1258     5.2375  0.000e+00
     49.644     8.5608   3.503023    33.1750       1259     5.2417  0.000e+00
     49.591     8.5998   3.503879    33.1474       1260     5.2458  0.000e+00
     49.543     8.6273   3.504842    33.1317       1261     5.2500  0.000e+00
     49.488     8.6470   3.505590    33.1212       1262     5.2542  0.000e+00
     49.443     8.6617   3.505634    33.1079       1263     5.2583  0.000e+00
     49.392     8.6711   3.504664    33.0889       1264     5.2625  0.000e+00
     49.342     8.6738   3.505209    33.0921       1265     5.2667  0.000e+00
     49.297     8.6761   3.503725    33.0744       1266     5.2708  0.000e+00
     49.244     8.6723   3.498870    33.0271       1267     5.2750  0.000e+00
     49.195     8.6570   3.497572    33.0278       1268     5.2792  0.000e+00
     49.147     8.6407   3.496115    33.0277       1269     5.2833  0.000e+00
     49.089     8.6270   3.495773    33.0370       1270     5.2875  0.000e+00
     49.027     8.6162   3.492081    33.0083       1271     5.2917  0.000e+00
     48.966     8.5994   3.491378    33.0167       1272     5.2958  0.000e+00
     48.893     8.5854   3.491056    33.0264       1273     5.3000  0.000e+00
     48.810     8.5757   3.490650    33.0312       1274     5.3042  0.000e+00
     48.737     8.5694   3.491290    33.0439       1275     5.3083  0.000e+00
     48.649     8.5662   3.489100    33.0239       1276     5.3125  0.000e+00
     48.577     8.5605   3.488429    33.0222       1277     5.3167  0.000e+00
     48.502     8.5536   3.487372    33.0176       1278     5.3208  0.000e+00
     48.421     8.5464   3.486670    33.0170       1279     5.3250  0.000e+00
     48.347     8.5392   3.485645    33.0130       1280     5.3292  0.000e+00
     48.283     8.5313   3.484911    33.0126       1281     5.3333  0.000e+00
     48.231     8.5245   3.485221    33.0223       1282     5.3375  0.000e+00
     48.178     8.5205   3.483475    33.0077       1283     5.3417  0.000e+00
     48.133     8.5143   3.482520    33.0035       1284     5.3458  0.000e+00
     48.093     8.5067   3.482425    33.0096       1285     5.3500  0.000e+00
     48.055     8.5011   3.481755    33.0079       1286     5.3542  0.000e+00
     48.023     8.4960   3.481306    33.0079       1287     5.3583  0.000e+00
     47.992     8.4915   3.481287    33.0119       1288     5.3625  0.000e+00
     47.963     8.4883   3.481287    33.0149       1289     5.3667  0.000e+00
     47.934     8.4867   3.481331    33.0169       1290     5.3708  0.000e+00
     47.903     8.4859   3.481224    33.0165       1291     5.3750  0.000e+00
     47.872     8.4853   3.480945    33.0142       1292     5.3792  0.000e+00
     47.825     8.4841   3.480749    33.0132       1293     5.3833  0.000e+00
     47.782     8.4828   3.480629    33.0132       1294     5.3875  0.000e+00
     47.731     8.4814   3.480674    33.0150       1295     5.3917  0.000e+00
     47.675     8.4807   3.480838    33.0174       1296     5.3958  0.000e+00
     47.619     8.4811   3.481034    33.0191       1297     5.4000  0.000e+00
     47.548     8.4821   3.481268    33.0207       1298     5.4042  0.000e+00
     47.474     8.4836   3.481458    33.0214       1299     5.4083  0.000e+00
     47.398     8.4856   3.481578    33.0208       1300     5.4125  0.000e+00
     47.330     8.4873   3.481097    33.0141       1301     5.4167  0.000e+00
     47.252     8.4870   3.480224    33.0052       1302     5.4208  0.000e+00
     47.172     8.4836   3.479440    33.0002       1303     5.4250  0.000e+00
     47.093     8.4789   3.478492    32.9947       1304     5.4292  0.000e+00
     47.013     8.4725   3.478378    32.9995       1305     5.4333  0.000e+00
     46.940     8.4678   3.478378    33.0040       1306     5.4375  0.000e+00
     46.868     8.4651   3.478271    33.0054       1307     5.4417  0.000e+00
     46.801     8.4634   3.478043    33.0046       1308     5.4458  0.000e+00
     46.736     8.4615   3.477658    33.0024       1309     5.4500  0.000e+00
     46.672     8.4594   3.477588    33.0035       1310     5.4542  0.000e+00
     46.616     8.4575   3.477272    33.0021       1311     5.4583  0.000e+00
     46.562     8.4559   3.477196    33.0028       1312     5.4625  0.000e+00
     46.504     8.4544   3.477316    33.0054       1313     5.4667  0.000e+00
     46.457     8.4541   3.477354    33.0062       1314     5.4708  0.000e+00
     46.412     8.4543   3.477487    33.0074       1315     5.4750  0.000e+00
     46.370     8.4549   3.477613    33.0082       1316     5.4792  0.000e+00
     46.328     8.4558   3.477677    33.0080       1317     5.4833  0.000e+00
     46.290     8.4566   3.477822    33.0088       1318     5.4875  0.000e+00
     46.256     8.4578   3.477999    33.0096       1319     5.4917  0.000e+00
     46.223     8.4593   3.478182    33.0102       1320     5.4958  0.000e+00
     46.183     8.4612   3.478416    33.0109       1321     5.5000  0.000e+00
     46.155     8.4631   3.478568    33.0107       1322     5.5042  0.000e+00
     46.113     8.4649   3.478896    33.0125       1323     5.5083  0.000e+00
     46.078     8.4672   3.479162    33.0131       1324     5.5125  0.000e+00
     46.037     8.4697   3.479586    33.0153       1325     5.5167  0.000e+00
     45.990     8.4730   3.479965    33.0162       1326     5.5208  0.000e+00
     45.934     8.4765   3.479838    33.0116       1327     5.5250  0.000e+00
     45.876     8.4783   3.480331    33.0151       1328     5.5292  0.000e+00
     45.818     8.4812   3.480799    33.0174       1329     5.5333  0.000e+00
     45.749     8.4848   3.481261    33.0190       1330     5.5375  0.000e+00
     45.680     8.4888   3.481836    33.0213       1331     5.5417  0.000e+00
     45.608     8.4935   3.481881    33.0174       1332     5.5458  0.000e+00
     45.541     8.4964   3.481267    33.0082       1333     5.5500  0.000e+00
     45.471     8.4966   3.481824    33.0139       1334     5.5542  0.000e+00
     45.400     8.4978   3.481691    33.0115       1335     5.5583  0.000e+00
     45.333     8.4977   3.479035    32.9836       1336     5.5625  0.000e+00
     45.270     8.4914   3.478415    32.9830       1337     5.5667  0.000e+00
     45.205     8.4834   3.476393    32.9692       1338     5.5708  0.000e+00
     45.145     8.4724   3.475704    32.9723       1339     5.5750  0.000e+00
     45.089     8.4623   3.475660    32.9812       1340     5.5792  0.000e+00
     45.034     8.4558   3.475597    32.9868       1341     5.5833  0.000e+00
     44.985     8.4519   3.475540    32.9897       1342     5.5875  0.000e+00
     44.933     8.4495   3.475508    32.9917       1343     5.5917  0.000e+00
     44.893     8.4485   3.475445    32.9920       1344     5.5958  0.000e+00
     44.839     8.4474   3.475477    32.9934       1345     5.6000  0.000e+00
     44.792     8.4470   3.475508    32.9942       1346     5.6042  0.000e+00
     44.736     8.4468   3.475445    32.9936       1347     5.6083  0.000e+00
     44.685     8.4466   3.474131    32.9800       1348     5.6125  0.000e+00
     44.636     8.4428   3.471995    32.9611       1349     5.6167  0.000e+00
     44.582     8.4336   3.471888    32.9686       1350     5.6208  0.000e+00
     44.529     8.4264   3.472520    32.9821       1351     5.6250  0.000e+00
     44.475     8.4243   3.473625    32.9957       1352     5.6292  0.000e+00
     44.419     8.4275   3.473076    32.9869       1353     5.6333  0.000e+00
     44.368     8.4291   3.471780    32.9718       1354     5.6375  0.000e+00
     44.316     8.4265   3.470422    32.9599       1355     5.6417  0.000e+00
     44.262     8.4208   3.469854    32.9593       1356     5.6458  0.000e+00
     44.209     8.4148   3.469494    32.9611       1357     5.6500  0.000e+00
     44.153     8.4096   3.468162    32.9520       1358     5.6542  0.000e+00
     44.097     8.4024   3.467271    32.9493       1359     5.6583  0.000e+00
     44.045     8.3944   3.465283    32.9358       1360     5.6625  0.000e+00
     43.978     8.3844   3.464904    32.9412       1361     5.6667  0.000e+00
     43.925     8.3751   3.463781    32.9381       1362     5.6708  0.000e+00
     43.865     8.3666   3.463731    32.9455       1363     5.6750  0.000e+00
     43.800     8.3601   3.463402    32.9482       1364     5.6792  0.000e+00
     43.737     8.3557   3.463339    32.9516       1365     5.6833  0.000e+00
     43.668     8.3529   3.463043    32.9512       1366     5.6875  0.000e+00
     43.601     8.3503   3.462683    32.9498       1367     5.6917  0.000e+00
     43.532     8.3461   3.457491    32.8989       1368     5.6958  0.000e+00
     43.462     8.3305   3.456709    32.9053       1369     5.7000  0.000e+00
     43.397     8.3143   3.456653    32.9199       1370     5.7042  0.000e+00
     43.326     8.3040   3.456691    32.9300       1371     5.7083  0.000e+00
     43.259     8.2968   3.455026    32.9191       1372     5.7125  0.000e+00
     43.192     8.2879   3.454736    32.9244       1373     5.7167  0.000e+00
     43.127     8.2806   3.446550    32.8446       1374     5.7208  0.000e+00
     43.067     8.2540   3.444642    32.8494       1375     5.7250  0.000e+00
     43.004     8.2242   3.444472    32.8754       1376     5.7292  0.000e+00
     42.946     8.2053   3.444391    32.8923       1377     5.7333  0.000e+00
     42.890     8.1946   3.443188    32.8896       1378     5.7375  0.000e+00
     42.831     8.1841   3.442647    32.8938       1379     5.7417  0.000e+00
     42.778     8.1747   3.439814    32.8725       1380     5.7458  0.000e+00
     42.720     8.1615   3.441331    32.9011       1381     5.7500  0.000e+00
     42.670     8.1557   3.437303    32.8637       1382     5.7542  0.000e+00
     42.614     8.1377   3.422058    32.7187       1383     5.7583  0.000e+00
     42.560     8.0818   3.422015    32.7705       1384     5.7625  0.000e+00
     42.505     8.0365   3.420684    32.7988       1385     5.7667  0.000e+00
     42.442     8.0065   3.421054    32.8309       1386     5.7708  0.000e+00
     42.382     7.9892   3.419328    32.8288       1387     5.7750  0.000e+00
     42.328     7.9751   3.419058    32.8392       1388     5.7792  0.000e+00
     42.261     7.9675   3.427187    32.9331       1389     5.7833  0.000e+00
     42.198     7.9931   3.447580    33.1265       1390     5.7875  0.000e+00
     42.131     8.0835   3.452349    33.0918       1391     5.7917  0.000e+00
     42.055     8.1725   3.454775    33.0337       1392     5.7958  0.000e+00
     41.988     8.2372   3.456861    32.9950       1393     5.8000  0.000e+00
     41.915     8.2837   3.463043    33.0169       1394     5.8042  0.000e+00
     41.841     8.3306   3.465112    32.9948       1395     5.8083  0.000e+00
     41.769     8.3693   3.466002    32.9680       1396     5.8125  0.000e+00
     41.697     8.3969   3.466235    32.9446       1397     5.8167  0.000e+00
     41.633     8.4142   3.466469    32.9309       1398     5.8208  0.000e+00
     41.568     8.4249   3.466633    32.9227       1399     5.8250  0.000e+00
     41.499     8.4315   3.467100    32.9215       1400     5.8292  0.000e+00
     41.441     8.4364   3.466980    32.9157       1401     5.8333  0.000e+00
     41.389     8.4399   3.467441    32.9173       1402     5.8375  0.000e+00
     41.331     8.4433   3.468160    32.9217       1403     5.8417  0.000e+00
     41.286     8.4473   3.468514    32.9217       1404     5.8458  0.000e+00
     41.231     8.4512   3.468261    32.9154       1405     5.8500  0.000e+00
     41.180     8.4533   3.468457    32.9156       1406     5.8542  0.000e+00
     41.128     8.4547   3.468135    32.9109       1407     5.8583  0.000e+00
     41.070     8.4545   3.468406    32.9140       1408     5.8625  0.000e+00
     41.015     8.4552   3.469322    32.9230       1409     5.8667  0.000e+00
     40.963     8.4586   3.469853    32.9254       1410     5.8708  0.000e+00
     40.899     8.4634   3.469827    32.9208       1411     5.8750  0.000e+00
     40.836     8.4664   3.470212    32.9220       1412     5.8792  0.000e+00
     40.762     8.4692   3.470339    32.9207       1413     5.8833  0.000e+00
     40.693     8.4714   3.470825    32.9239       1414     5.8875  0.000e+00
     40.621     8.4744   3.470496    32.9176       1415     5.8917  0.000e+00
     40.548     8.4755   3.469764    32.9089       1416     5.8958  0.000e+00
     40.470     8.4738   3.469890    32.9119       1417     5.9000  0.000e+00
     40.393     8.4719   3.469517    32.9097       1418     5.9042  0.000e+00
     40.318     8.4701   3.466758    32.8824       1419     5.9083  0.000e+00
     40.241     8.4584   3.451890    32.7367       1420     5.9125  0.000e+00
     40.165     8.4107   3.445792    32.7168       1421     5.9167  0.000e+00
     40.092     8.3512   3.445685    32.7710       1422     5.9208  0.000e+00
     40.020     8.3106   3.445585    32.8079       1423     5.9250  0.000e+00
     39.948     8.2874   3.446259    32.8367       1424     5.9292  0.000e+00
     39.883     8.2766   3.446845    32.8530       1425     5.9333  0.000e+00
     39.814     8.2736   3.448609    32.8745       1426     5.9375  0.000e+00
     39.751     8.2775   3.447758    32.8619       1427     5.9417  0.000e+00
     39.689     8.2804   3.449365    32.8762       1428     5.9458  0.000e+00
     39.626     8.2859   3.449680    32.8745       1429     5.9500  0.000e+00
     39.564     8.2920   3.450020    32.8724       1430     5.9542  0.000e+00
     39.504     8.2970   3.450543    32.8733       1431     5.9583  0.000e+00
     39.448     8.3019   3.450902    32.8724       1432     5.9625  0.000e+00
     39.385     8.3067   3.451368    32.8729       1433     5.9667  0.000e+00
     39.319     8.3108   3.450209    32.8569       1434     5.9708  0.000e+00
     39.256     8.3103   3.449572    32.8506       1435     5.9750  0.000e+00
     39.198     8.3066   3.446630    32.8230       1436     5.9792  0.000e+00
     39.135     8.2954   3.446026    32.8271       1437     5.9833  0.000e+00
     39.081     8.2831   3.444722    32.8249       1438     5.9875  0.000e+00
     39.021     8.2727   3.444886    32.8363       1439     5.9917  0.000e+00
     38.966     8.2655   3.444030    32.8340       1440     5.9958  0.000e+00
     38.910     8.2593   3.444030    32.8398       1441     6.0000  0.000e+00
     38.852     8.2553   3.444552    32.8492       1442     6.0042  0.000e+00
     38.798     8.2542   3.443923    32.8435       1443     6.0083  0.000e+00
     38.748     8.2526   3.443967    32.8456       1444     6.0125  0.000e+00
     38.688     8.2510   3.444332    32.8509       1445     6.0167  0.000e+00
