HB2403/sbe093.cnv
* Sea-Bird SBE 19plus V2 Data File:
* FileName = C:\cruise\data\sbe093.hex
* Software Version Seasave V 7.26.7.121
* Temperature SN = 6128
* Conductivity SN = 6128
* System UpLoad Time = Jun 09 2024 22:38:45
* NMEA Latitude = 42 25.55 N
* NMEA Longitude = 065 29.95 W
* NMEA UTC (Time) = Jun 09 2024  22:39:21
** Ship: Henry Bigelow
** Cruise:  HB2403
** Program:  ECOMON
# nquan = 7
# nvalues = 1091                                  
# units = specified
# name 0 = depSM: Depth [salt water, m]
# name 1 = tv290C: Temperature [ITS-90, deg C]
# name 2 = c0S/m: Conductivity [S/m]
# name 3 = sal00: Salinity, Practical [PSU]
# name 4 = scan: Scan Count
# name 5 = timeM: Time, Elapsed [minutes]
# name 6 = flag:  0.000e+00
# span 0 =     -0.272,     96.280                 
# span 1 =     3.5498,    10.5062                 
# span 2 =   0.284488,   3.454369                 
# span 3 =     2.0919,    32.4587                 
# span 4 =         11,       1101                 
# span 5 =     0.0417,     4.5833                 
# span 6 = 0.0000e+00, 0.0000e+00                 
# interval = seconds: 0.25
# start_time = Jun 09 2024 22:39:21 [NMEA time, header]
# bad_flag = -9.990e-29
*END*
[from data line 616]
     86.775     4.2347   3.063812    32.4482        627     2.6083  0.000e+00
     86.571     4.2361   3.062633    32.4331        628     2.6125  0.000e+00
     86.379     4.2343   3.061556    32.4224        629     2.6167  0.000e+00
     86.188     4.2302   3.062886    32.4421        630     2.6208  0.000e+00
     85.998     4.2296   3.062886    32.4428        631     2.6250  0.000e+00
     85.817     4.2306   3.062308    32.4351        632     2.6292  0.000e+00
     85.646     4.2299   3.062019    32.4326        633     2.6333  0.000e+00
     85.490     4.2282   3.062711    32.4424        634     2.6375  0.000e+00
     85.322     4.2286   3.062825    32.4435        635     2.6417  0.000e+00
     85.164     4.2297   3.062266    32.4358        636     2.6458  0.000e+00
     85.013     4.2292   3.061730    32.4302        637     2.6500  0.000e+00
     84.849     4.2270   3.061225    32.4265        638     2.6542  0.000e+00
     84.688     4.2245   3.061592    32.4334        639     2.6583  0.000e+00
     84.506     4.2230   3.061826    32.4377        640     2.6625  0.000e+00
     84.315     4.2233   3.061285    32.4311        641     2.6667  0.000e+00
     84.092     4.2224   3.060942    32.4281        642     2.6708  0.000e+00
     83.853     4.2207   3.060743    32.4276        643     2.6750  0.000e+00
     83.610     4.2188   3.060262    32.4239        644     2.6792  0.000e+00
     83.339     4.2164   3.059991    32.4233        645     2.6833  0.000e+00
     83.067     4.2139   3.059883    32.4246        646     2.6875  0.000e+00
     82.793     4.2123   3.059606    32.4231        647     2.6917  0.000e+00
     82.515     4.2106   3.059239    32.4206        648     2.6958  0.000e+00
     82.239     4.2084   3.058722    32.4168        649     2.7000  0.000e+00
     81.988     4.2060   3.058951    32.4220        650     2.7042  0.000e+00
     81.737     4.2047   3.059257    32.4270        651     2.7083  0.000e+00
     81.509     4.2050   3.059071    32.4247        652     2.7125  0.000e+00
     81.281     4.2046   3.058445    32.4178        653     2.7167  0.000e+00
     81.077     4.2032   3.058313    32.4178        654     2.7208  0.000e+00
     80.874     4.2016   3.058481    32.4214        655     2.7250  0.000e+00
     80.698     4.2011   3.059335    32.4320        656     2.7292  0.000e+00
     80.514     4.2029   3.059125    32.4279        657     2.7333  0.000e+00
     80.350     4.2039   3.058986    32.4254        658     2.7375  0.000e+00
     80.180     4.2041   3.058926    32.4246        659     2.7417  0.000e+00
     80.009     4.2040   3.058812    32.4234        660     2.7458  0.000e+00
     79.834     4.2034   3.058679    32.4225        661     2.7500  0.000e+00
     79.662     4.2030   3.058806    32.4245        662     2.7542  0.000e+00
     79.480     4.2029   3.058794    32.4246        663     2.7583  0.000e+00
     79.282     4.2030   3.058601    32.4223        664     2.7625  0.000e+00
     79.078     4.2023   3.056689    32.4007        665     2.7667  0.000e+00
     78.869     4.1973   3.054188    32.3763        666     2.7708  0.000e+00
     78.643     4.1877   3.052229    32.3629        667     2.7750  0.000e+00
     78.394     4.1761   3.050108    32.3497        668     2.7792  0.000e+00
     78.149     4.1631   3.048733    32.3465        669     2.7833  0.000e+00
     77.917     4.1504   3.047694    32.3469        670     2.7875  0.000e+00
     77.687     4.1401   3.046847    32.3472        671     2.7917  0.000e+00
     77.462     4.1313   3.046157    32.3478        672     2.7958  0.000e+00
     77.256     4.1244   3.045676    32.3492        673     2.8000  0.000e+00
     77.057     4.1187   3.043785    32.3326        674     2.8042  0.000e+00
     76.878     4.1114   3.043341    32.3347        675     2.8083  0.000e+00
     76.701     4.1047   3.043245    32.3402        676     2.8125  0.000e+00
     76.531     4.1004   3.043605    32.3488        677     2.8167  0.000e+00
     76.362     4.0987   3.043972    32.3549        678     2.8208  0.000e+00
     76.196     4.0985   3.043647    32.3514        679     2.8250  0.000e+00
     76.025     4.0983   3.043605    32.3512        680     2.8292  0.000e+00
     75.843     4.0979   3.042687    32.3408        681     2.8333  0.000e+00
     75.657     4.0956   3.040677    32.3196        682     2.8375  0.000e+00
     75.459     4.0897   3.040857    32.3277        683     2.8417  0.000e+00
     75.264     4.0849   3.040485    32.3280        684     2.8458  0.000e+00
     75.047     4.0819   3.040101    32.3266        685     2.8500  0.000e+00
     74.831     4.0791   3.039399    32.3213        686     2.8542  0.000e+00
     74.613     4.0757   3.038511    32.3142        687     2.8583  0.000e+00
     74.379     4.0716   3.038037    32.3128        688     2.8625  0.000e+00
     74.135     4.0674   3.037581    32.3118        689     2.8667  0.000e+00
     73.899     4.0638   3.037329    32.3124        690     2.8708  0.000e+00
     73.650     4.0606   3.037017    32.3120        691     2.8750  0.000e+00
     73.404     4.0581   3.036141    32.3043        692     2.8792  0.000e+00
     73.157     4.0548   3.035608    32.3015        693     2.8833  0.000e+00
     72.923     4.0515   3.034714    32.2943        694     2.8875  0.000e+00
     72.685     4.0475   3.033024    32.2785        695     2.8917  0.000e+00
     72.458     4.0421   3.032910    32.2826        696     2.8958  0.000e+00
     72.234     4.0373   3.032334    32.2806        697     2.9000  0.000e+00
     72.030     4.0332   3.031843    32.2790        698     2.9042  0.000e+00
     71.835     4.0289   3.031609    32.2805        699     2.9083  0.000e+00
     71.645     4.0259   3.030812    32.2742        700     2.9125  0.000e+00
     71.469     4.0222   3.030105    32.2696        701     2.9167  0.000e+00
     71.302     4.0183   3.029374    32.2650        702     2.9208  0.000e+00
     71.142     4.0143   3.028655    32.2605        703     2.9250  0.000e+00
     70.986     4.0098   3.026373    32.2382        704     2.9292  0.000e+00
     70.839     4.0025   3.025977    32.2407        705     2.9333  0.000e+00
     70.687     3.9959   3.025816    32.2455        706     2.9375  0.000e+00
     70.533     3.9914   3.025798    32.2497        707     2.9417  0.000e+00
     70.371     3.9886   3.025858    32.2533        708     2.9458  0.000e+00
     70.197     3.9872   3.025875    32.2549        709     2.9500  0.000e+00
     70.010     3.9865   3.025654    32.2531        710     2.9542  0.000e+00
     69.789     3.9857   3.025857    32.2564        711     2.9583  0.000e+00
     69.572     3.9856   3.025594    32.2535        712     2.9625  0.000e+00
     69.332     3.9848   3.024941    32.2467        713     2.9667  0.000e+00
     69.074     3.9831   3.024049    32.2381        714     2.9708  0.000e+00
     68.809     3.9801   3.023306    32.2324        715     2.9750  0.000e+00
     68.545     3.9757   3.020816    32.2075        716     2.9792  0.000e+00
     68.265     3.9682   3.019128    32.1951        717     2.9833  0.000e+00
     68.000     3.9587   3.016562    32.1743        718     2.9875  0.000e+00
     67.743     3.9470   3.015461    32.1730        719     2.9917  0.000e+00
     67.492     3.9364   3.014863    32.1764        720     2.9958  0.000e+00
     67.270     3.9283   3.014361    32.1787        721     3.0000  0.000e+00
     67.066     3.9222   3.013918    32.1795        722     3.0042  0.000e+00
     66.882     3.9174   3.013637    32.1810        723     3.0083  0.000e+00
     66.717     3.9139   3.013506    32.1830        724     3.0125  0.000e+00
     66.573     3.9116   3.013123    32.1808        725     3.0167  0.000e+00
     66.431     3.9093   3.012860    32.1800        726     3.0208  0.000e+00
     66.301     3.9072   3.012220    32.1746        727     3.0250  0.000e+00
     66.184     3.9047   3.012160    32.1764        728     3.0292  0.000e+00
     66.050     3.9025   3.010624    32.1605        729     3.0333  0.000e+00
     65.909     3.8984   3.009679    32.1535        730     3.0375  0.000e+00
     65.759     3.8932   3.008753    32.1477        731     3.0417  0.000e+00
     65.594     3.8878   3.008460    32.1496        732     3.0458  0.000e+00
     65.408     3.8836   3.007767    32.1457        733     3.0500  0.000e+00
     65.200     3.8796   3.007247    32.1436        734     3.0542  0.000e+00
     64.983     3.8756   3.006441    32.1381        735     3.0583  0.000e+00
     64.743     3.8715   3.006011    32.1371        736     3.0625  0.000e+00
     64.490     3.8679   3.005801    32.1384        737     3.0667  0.000e+00
     64.241     3.8652   3.004690    32.1280        738     3.0708  0.000e+00
     63.981     3.8614   3.003120    32.1133        739     3.0750  0.000e+00
     63.737     3.8557   3.002911    32.1166        740     3.0792  0.000e+00
     63.500     3.8508   3.002439    32.1159        741     3.0833  0.000e+00
     63.271     3.8468   3.001155    32.1048        742     3.0875  0.000e+00
     63.066     3.8422   3.000110    32.0971        743     3.0917  0.000e+00
     62.878     3.8371   2.998439    32.0824        744     3.0958  0.000e+00
     62.702     3.8310   2.997777    32.0806        745     3.1000  0.000e+00
     62.541     3.8253   2.996929    32.0764        746     3.1042  0.000e+00
     62.387     3.8202   2.996768    32.0795        747     3.1083  0.000e+00
     62.237     3.8166   2.996667    32.0819        748     3.1125  0.000e+00
     62.095     3.8143   2.996070    32.0772        749     3.1167  0.000e+00
     61.952     3.8118   2.994877    32.0657        750     3.1208  0.000e+00
     61.791     3.8084   2.994537    32.0650        751     3.1250  0.000e+00
     61.616     3.8051   2.994370    32.0664        752     3.1292  0.000e+00
     61.432     3.8029   2.994203    32.0667        753     3.1333  0.000e+00
     61.241     3.8012   2.993940    32.0653        754     3.1375  0.000e+00
     61.024     3.7998   2.993469    32.0613        755     3.1417  0.000e+00
     60.802     3.7981   2.992312    32.0493        756     3.1458  0.000e+00
     60.579     3.7951   2.991495    32.0427        757     3.1500  0.000e+00
     60.347     3.7914   2.990648    32.0364        758     3.1542  0.000e+00
     60.122     3.7873   2.989819    32.0308        759     3.1583  0.000e+00
     59.907     3.7833   2.989140    32.0267        760     3.1625  0.000e+00
     59.700     3.7797   2.988675    32.0249        761     3.1667  0.000e+00
     59.507     3.7766   2.987989    32.0199        762     3.1708  0.000e+00
     59.319     3.7736   2.987268    32.0144        763     3.1750  0.000e+00
     59.143     3.7708   2.986445    32.0075        764     3.1792  0.000e+00
     58.977     3.7680   2.985951    32.0044        765     3.1833  0.000e+00
     58.805     3.7654   2.985313    31.9996        766     3.1875  0.000e+00
     58.634     3.7630   2.984491    31.9923        767     3.1917  0.000e+00
     58.460     3.7604   2.983854    31.9873        768     3.1958  0.000e+00
     58.277     3.7579   2.983419    31.9848        769     3.2000  0.000e+00
     58.089     3.7556   2.983198    31.9844        770     3.2042  0.000e+00
     57.891     3.7540   2.983061    31.9846        771     3.2083  0.000e+00
     57.676     3.7532   2.982841    31.9829        772     3.2125  0.000e+00
     57.446     3.7527   2.982596    31.9805        773     3.2167  0.000e+00
     57.217     3.7527   2.982370    31.9779        774     3.2208  0.000e+00
     56.978     3.7528   2.982257    31.9767        775     3.2250  0.000e+00
     56.720     3.7525   2.982191    31.9763        776     3.2292  0.000e+00
     56.473     3.7525   2.982126    31.9757        777     3.2333  0.000e+00
     56.235     3.7523   2.982108    31.9757        778     3.2375  0.000e+00
     55.999     3.7519   2.982054    31.9756        779     3.2417  0.000e+00
     55.785     3.7520   2.982012    31.9752        780     3.2458  0.000e+00
     55.590     3.7517   2.981941    31.9747        781     3.2500  0.000e+00
     55.418     3.7516   2.981911    31.9745        782     3.2542  0.000e+00
     55.271     3.7516   2.981923    31.9748        783     3.2583  0.000e+00
     55.145     3.7516   2.981893    31.9745        784     3.2625  0.000e+00
     55.032     3.7517   2.981863    31.9740        785     3.2667  0.000e+00
     54.931     3.7520   2.981851    31.9737        786     3.2708  0.000e+00
     54.838     3.7523   2.981810    31.9729        787     3.2750  0.000e+00
     54.748     3.7524   2.981792    31.9727        788     3.2792  0.000e+00
     54.647     3.7524   2.981696    31.9716        789     3.2833  0.000e+00
     54.528     3.7524   2.981672    31.9714        790     3.2875  0.000e+00
     54.394     3.7521   2.981637    31.9713        791     3.2917  0.000e+00
     54.240     3.7521   2.981577    31.9707        792     3.2958  0.000e+00
     54.059     3.7520   2.981547    31.9706        793     3.3000  0.000e+00
     53.855     3.7518   2.981476    31.9700        794     3.3042  0.000e+00
     53.614     3.7516   2.981303    31.9682        795     3.3083  0.000e+00
     53.360     3.7512   2.981160    31.9671        796     3.3125  0.000e+00
     53.082     3.7510   2.980981    31.9653        797     3.3167  0.000e+00
     52.784     3.7505   2.980886    31.9649        798     3.3208  0.000e+00
     52.468     3.7500   2.980648    31.9627        799     3.3250  0.000e+00
     52.166     3.7493   2.980624    31.9633        800     3.3292  0.000e+00
     51.843     3.7484   2.980588    31.9638        801     3.3333  0.000e+00
     51.540     3.7478   2.980391    31.9623        802     3.3375  0.000e+00
     51.226     3.7472   2.980290    31.9618        803     3.3417  0.000e+00
     50.946     3.7463   2.980093    31.9606        804     3.3458  0.000e+00
     50.686     3.7452   2.980010    31.9607        805     3.3500  0.000e+00
     50.451     3.7440   2.979855    31.9602        806     3.3542  0.000e+00
     50.251     3.7432   2.979748    31.9598        807     3.3583  0.000e+00
     50.065     3.7423   2.979718    31.9604        808     3.3625  0.000e+00
     49.912     3.7415   2.979557    31.9594        809     3.3667  0.000e+00
     49.780     3.7407   2.979498    31.9595        810     3.3708  0.000e+00
     49.672     3.7401   2.979486    31.9601        811     3.3750  0.000e+00
     49.563     3.7395   2.979462    31.9604        812     3.3792  0.000e+00
     49.474     3.7394   2.979444    31.9604        813     3.3833  0.000e+00
     49.376     3.7391   2.979182    31.9576        814     3.3875  0.000e+00
     49.279     3.7382   2.979129    31.9579        815     3.3917  0.000e+00
     49.169     3.7375   2.979123    31.9586        816     3.3958  0.000e+00
     49.039     3.7369   2.978849    31.9560        817     3.4000  0.000e+00
     48.889     3.7357   2.978652    31.9549        818     3.4042  0.000e+00
     48.722     3.7344   2.978456    31.9539        819     3.4083  0.000e+00
     48.531     3.7331   2.978277    31.9531        820     3.4125  0.000e+00
     48.316     3.7318   2.977872    31.9498        821     3.4167  0.000e+00
     48.078     3.7300   2.976872    31.9398        822     3.4208  0.000e+00
     47.821     3.7267   2.976200    31.9352        823     3.4250  0.000e+00
     47.544     3.7230   2.975723    31.9333        824     3.4292  0.000e+00
     47.254     3.7196   2.975509    31.9342        825     3.4333  0.000e+00
     46.949     3.7171   2.975444    31.9360        826     3.4375  0.000e+00
     46.642     3.7154   2.975449    31.9380        827     3.4417  0.000e+00
     46.324     3.7145   2.975443    31.9390        828     3.4458  0.000e+00
     46.008     3.7143   2.975592    31.9410        829     3.4500  0.000e+00
     45.710     3.7148   2.975634    31.9412        830     3.4542  0.000e+00
