HB2403/sbe083.cnv
* Sea-Bird SBE 19plus V2 Data File:
* FileName = C:\cruise\data\sbe083.hex
* Software Version Seasave V 7.26.7.121
* Temperature SN = 6128
* Conductivity SN = 6128
* System UpLoad Time = Jun 08 2024 21:54:34
* NMEA Latitude = 41 52.01 N
* NMEA Longitude = 068 09.33 W
* NMEA UTC (Time) = Jun 08 2024  21:55:09
** Ship: Henry Bigelow
** Cruise:  HB2403
** Program:  ECOMON
# nquan = 7
# nvalues = 2429                                  
# units = specified
# name 0 = depSM: Depth [salt water, m]
# name 1 = tv290C: Temperature [ITS-90, deg C]
# name 2 = c0S/m: Conductivity [S/m]
# name 3 = sal00: Salinity, Practical [PSU]
# name 4 = scan: Scan Count
# name 5 = timeM: Time, Elapsed [minutes]
# name 6 = flag:  0.000e+00
# span 0 =     -0.106,    155.687                 
# span 1 =     6.5360,    14.6497                 
# span 2 =   0.255566,   3.881292                 
# span 3 =     1.6759,    33.1797                 
# span 4 =         11,       2439                 
# span 5 =     0.0417,    10.1583                 
# span 6 = 0.0000e+00, 0.0000e+00                 
# interval = seconds: 0.25
# start_time = Jun 08 2024 21:55:09 [NMEA time, header]
# bad_flag = -9.990e-29
*END*
[from data line 1847]
     49.313     6.9778   3.267322    32.1339       1858     7.7375  0.000e+00
     49.180     6.9726   3.265392    32.1178       1859     7.7417  0.000e+00
     49.044     6.9642   3.264226    32.1130       1860     7.7458  0.000e+00
     48.883     6.9553   3.264726    32.1268       1861     7.7500  0.000e+00
     48.735     6.9527   3.267656    32.1612       1862     7.7542  0.000e+00
     48.574     6.9653   3.268093    32.1543       1863     7.7583  0.000e+00
     48.421     6.9805   3.267865    32.1377       1864     7.7625  0.000e+00
     48.262     6.9905   3.267680    32.1264       1865     7.7667  0.000e+00
     48.116     6.9964   3.267637    32.1205       1866     7.7708  0.000e+00
     47.978     7.0012   3.268235    32.1227       1867     7.7750  0.000e+00
     47.870     7.0081   3.269049    32.1251       1868     7.7792  0.000e+00
     47.760     7.0186   3.270190    32.1278       1869     7.7833  0.000e+00
     47.675     7.0330   3.272505    32.1396       1870     7.7875  0.000e+00
     47.582     7.0543   3.276128    32.1592       1871     7.7917  0.000e+00
     47.507     7.0857   3.280445    32.1769       1872     7.7958  0.000e+00
     47.432     7.1279   3.285506    32.1925       1873     7.8000  0.000e+00
     47.359     7.1773   3.289946    32.1947       1874     7.8042  0.000e+00
     47.264     7.2266   3.291263    32.1631       1875     7.8083  0.000e+00
     47.178     7.2645   3.293465    32.1517       1876     7.8125  0.000e+00
     47.084     7.2952   3.296218    32.1531       1877     7.8167  0.000e+00
     46.977     7.3249   3.298292    32.1479       1878     7.8208  0.000e+00
     46.865     7.3524   3.297134    32.1099       1879     7.8250  0.000e+00
     46.767     7.3681   3.296886    32.0927       1880     7.8292  0.000e+00
     46.657     7.3759   3.297517    32.0924       1881     7.8333  0.000e+00
     46.563     7.3825   3.298396    32.0958       1882     7.8375  0.000e+00
     46.447     7.3908   3.302558    32.1330       1883     7.8417  0.000e+00
     46.348     7.4108   3.305829    32.1499       1884     7.8458  0.000e+00
     46.248     7.4385   3.306876    32.1355       1885     7.8500  0.000e+00
     46.152     7.4618   3.307570    32.1215       1886     7.8542  0.000e+00
     46.042     7.4788   3.308251    32.1130       1887     7.8583  0.000e+00
     45.941     7.4913   3.307718    32.0958       1888     7.8625  0.000e+00
     45.839     7.4981   3.307358    32.0857       1889     7.8667  0.000e+00
     45.746     7.5001   3.306949    32.0795       1890     7.8708  0.000e+00
     45.641     7.4995   3.304917    32.0582       1891     7.8750  0.000e+00
     45.545     7.4942   3.304706    32.0609       1892     7.8792  0.000e+00
     45.446     7.4889   3.304917    32.0682       1893     7.8833  0.000e+00
     45.336     7.4861   3.305592    32.0780       1894     7.8875  0.000e+00
     45.234     7.4870   3.306181    32.0836       1895     7.8917  0.000e+00
     45.128     7.4904   3.306348    32.0823       1896     7.8958  0.000e+00
     45.014     7.4940   3.306571    32.0814       1897     7.9000  0.000e+00
     44.898     7.4972   3.306664    32.0795       1898     7.9042  0.000e+00
     44.786     7.5004   3.307358    32.0841       1899     7.9083  0.000e+00
     44.666     7.5047   3.307953    32.0866       1900     7.9125  0.000e+00
     44.545     7.5105   3.308647    32.0887       1901     7.9167  0.000e+00
     44.421     7.5172   3.309174    32.0882       1902     7.9208  0.000e+00
     44.287     7.5246   3.309595    32.0860       1903     7.9250  0.000e+00
     44.164     7.5313   3.309911    32.0832       1904     7.9292  0.000e+00
     44.043     7.5373   3.310482    32.0839       1905     7.9333  0.000e+00
     43.926     7.5435   3.310736    32.0810       1906     7.9375  0.000e+00
     43.824     7.5492   3.311536    32.0843       1907     7.9417  0.000e+00
     43.707     7.5559   3.312087    32.0841       1908     7.9458  0.000e+00
     43.616     7.5632   3.312298    32.0797       1909     7.9500  0.000e+00
     43.531     7.5692   3.312465    32.0760       1910     7.9542  0.000e+00
     43.445     7.5740   3.312614    32.0732       1911     7.9583  0.000e+00
     43.372     7.5779   3.312441    32.0678       1912     7.9625  0.000e+00
     43.293     7.5807   3.312509    32.0660       1913     7.9667  0.000e+00
     43.221     7.5832   3.312930    32.0682       1914     7.9708  0.000e+00
     43.147     7.5866   3.313302    32.0691       1915     7.9750  0.000e+00
     43.073     7.5908   3.314431    32.0773       1916     7.9792  0.000e+00
     42.991     7.5974   3.315548    32.0833       1917     7.9833  0.000e+00
     42.897     7.6066   3.316515    32.0853       1918     7.9875  0.000e+00
     42.792     7.6164   3.317198    32.0835       1919     7.9917  0.000e+00
     42.693     7.6260   3.317707    32.0802       1920     7.9958  0.000e+00
     42.579     7.6346   3.317824    32.0736       1921     8.0000  0.000e+00
     42.459     7.6411   3.317874    32.0682       1922     8.0042  0.000e+00
     42.333     7.6457   3.318023    32.0656       1923     8.0083  0.000e+00
     42.205     7.6495   3.318265    32.0648       1924     8.0125  0.000e+00
     42.078     7.6529   3.318805    32.0674       1925     8.0167  0.000e+00
     41.958     7.6572   3.319338    32.0693       1926     8.0208  0.000e+00
     41.835     7.6626   3.319729    32.0685       1927     8.0250  0.000e+00
     41.717     7.6691   3.319822    32.0636       1928     8.0292  0.000e+00
     41.609     7.6742   3.320033    32.0612       1929     8.0333  0.000e+00
     41.508     7.6789   3.321119    32.0686       1930     8.0375  0.000e+00
     41.424     7.6862   3.321411    32.0650       1931     8.0417  0.000e+00
     41.345     7.6936   3.321411    32.0582       1932     8.0458  0.000e+00
     41.280     7.6984   3.321380    32.0535       1933     8.0500  0.000e+00
     41.213     7.7011   3.321262    32.0498       1934     8.0542  0.000e+00
     41.144     7.7023   3.321305    32.0492       1935     8.0583  0.000e+00
     41.079     7.7031   3.321721    32.0529       1936     8.0625  0.000e+00
     41.007     7.7055   3.323062    32.0651       1937     8.0667  0.000e+00
     40.915     7.7124   3.324540    32.0746       1938     8.0708  0.000e+00
     40.833     7.7238   3.325142    32.0706       1939     8.0750  0.000e+00
     40.714     7.7348   3.326049    32.0702       1940     8.0792  0.000e+00
     40.618     7.7457   3.327304    32.0737       1941     8.0833  0.000e+00
     40.499     7.7585   3.328304    32.0726       1942     8.0875  0.000e+00
     40.399     7.7718   3.328515    32.0627       1943     8.0917  0.000e+00
     40.281     7.7821   3.328515    32.0532       1944     8.0958  0.000e+00
     40.178     7.7889   3.328428    32.0462       1945     8.1000  0.000e+00
     40.077     7.7928   3.328490    32.0433       1946     8.1042  0.000e+00
     39.976     7.7949   3.328956    32.0463       1947     8.1083  0.000e+00
     39.882     7.7983   3.329235    32.0462       1948     8.1125  0.000e+00
     39.784     7.8019   3.329421    32.0450       1949     8.1167  0.000e+00
     39.688     7.8049   3.329769    32.0459       1950     8.1208  0.000e+00
     39.585     7.8084   3.330254    32.0479       1951     8.1250  0.000e+00
     39.478     7.8136   3.332000    32.0619       1952     8.1292  0.000e+00
     39.366     7.8245   3.334338    32.0769       1953     8.1333  0.000e+00
     39.258     7.8438   3.338703    32.1057       1954     8.1375  0.000e+00
     39.124     7.8752   3.340781    32.0991       1955     8.1417  0.000e+00
     38.987     7.9083   3.342560    32.0877       1956     8.1458  0.000e+00
     38.862     7.9380   3.343680    32.0724       1957     8.1500  0.000e+00
     38.712     7.9611   3.344228    32.0571       1958     8.1542  0.000e+00
     38.581     7.9779   3.344501    32.0447       1959     8.1583  0.000e+00
     38.456     7.9891   3.345142    32.0413       1960     8.1625  0.000e+00
     38.337     7.9983   3.346406    32.0464       1961     8.1667  0.000e+00
     38.236     8.0097   3.346562    32.0376       1962     8.1708  0.000e+00
     38.163     8.0198   3.346300    32.0256       1963     8.1750  0.000e+00
     38.106     8.0253   3.345889    32.0163       1964     8.1792  0.000e+00
     38.069     8.0274   3.345522    32.0105       1965     8.1833  0.000e+00
     38.069     8.0273   3.345528    32.0106       1966     8.1875  0.000e+00
     38.073     8.0268   3.345503    32.0108       1967     8.1917  0.000e+00
     38.068     8.0264   3.345615    32.0124       1968     8.1958  0.000e+00
     38.051     8.0265   3.345727    32.0135       1969     8.2000  0.000e+00
     38.029     8.0268   3.345441    32.0102       1970     8.2042  0.000e+00
     37.980     8.0262   3.345397    32.0102       1971     8.2083  0.000e+00
     37.904     8.0254   3.345484    32.0120       1972     8.2125  0.000e+00
     37.799     8.0254   3.345889    32.0163       1973     8.2167  0.000e+00
     37.667     8.0269   3.346194    32.0182       1974     8.2208  0.000e+00
     37.514     8.0301   3.347452    32.0287       1975     8.2250  0.000e+00
     37.331     8.0369   3.348523    32.0339       1976     8.2292  0.000e+00
     37.153     8.0467   3.349257    32.0329       1977     8.2333  0.000e+00
     36.985     8.0565   3.348778    32.0189       1978     8.2375  0.000e+00
     36.802     8.0627   3.348815    32.0137       1979     8.2417  0.000e+00
     36.623     8.0674   3.351300    32.0359       1980     8.2458  0.000e+00
     36.469     8.0784   3.353711    32.0514       1981     8.2500  0.000e+00
     36.310     8.0960   3.355113    32.0502       1982     8.2542  0.000e+00
     36.187     8.1136   3.355007    32.0331       1983     8.2583  0.000e+00
     36.062     8.1256   3.354670    32.0186       1984     8.2625  0.000e+00
     35.981     8.1316   3.354490    32.0113       1985     8.2667  0.000e+00
     35.913     8.1340   3.353916    32.0031       1986     8.2708  0.000e+00
     35.862     8.1334   3.353224    31.9963       1987     8.2750  0.000e+00
     35.819     8.1305   3.353044    31.9970       1988     8.2792  0.000e+00
     35.795     8.1277   3.353031    31.9995       1989     8.2833  0.000e+00
     35.777     8.1260   3.352925    31.9999       1990     8.2875  0.000e+00
     35.770     8.1247   3.352919    32.0011       1991     8.2917  0.000e+00
     35.752     8.1238   3.352907    32.0017       1992     8.2958  0.000e+00
     35.728     8.1233   3.352938    32.0026       1993     8.3000  0.000e+00
     35.690     8.1234   3.353181    32.0050       1994     8.3042  0.000e+00
     35.643     8.1247   3.353468    32.0069       1995     8.3083  0.000e+00
     35.578     8.1275   3.353910    32.0091       1996     8.3125  0.000e+00
     35.497     8.1320   3.354533    32.0116       1997     8.3167  0.000e+00
     35.390     8.1375   3.354651    32.0079       1998     8.3208  0.000e+00
     35.284     8.1422   3.355025    32.0076       1999     8.3250  0.000e+00
     35.164     8.1470   3.356234    32.0161       2000     8.3292  0.000e+00
     35.031     8.1554   3.357793    32.0249       2001     8.3333  0.000e+00
     34.894     8.1696   3.359439    32.0294       2002     8.3375  0.000e+00
     34.748     8.1865   3.360842    32.0289       2003     8.3417  0.000e+00
     34.595     8.2046   3.362232    32.0271       2004     8.3458  0.000e+00
     34.445     8.2234   3.363311    32.0215       2005     8.3500  0.000e+00
     34.299     8.2406   3.364534    32.0188       2006     8.3542  0.000e+00
     34.154     8.2563   3.364927    32.0087       2007     8.3583  0.000e+00
     34.028     8.2685   3.365370    32.0023       2008     8.3625  0.000e+00
     33.915     8.2771   3.365438    31.9953       2009     8.3667  0.000e+00
     33.817     8.2829   3.365438    31.9900       2010     8.3708  0.000e+00
     33.742     8.2865   3.365638    31.9889       2011     8.3750  0.000e+00
     33.680     8.2892   3.365563    31.9857       2012     8.3792  0.000e+00
     33.644     8.2912   3.365681    31.9851       2013     8.3833  0.000e+00
     33.626     8.2927   3.365694    31.9839       2014     8.3875  0.000e+00
     33.607     8.2936   3.365800    31.9842       2015     8.3917  0.000e+00
     33.584     8.2946   3.365943    31.9849       2016     8.3958  0.000e+00
     33.564     8.2957   3.366037    31.9848       2017     8.4000  0.000e+00
     33.527     8.2969   3.366174    31.9852       2018     8.4042  0.000e+00
     33.477     8.2980   3.366730    31.9901       2019     8.4083  0.000e+00
     33.412     8.3007   3.367254    31.9932       2020     8.4125  0.000e+00
     33.334     8.3049   3.367547    31.9925       2021     8.4167  0.000e+00
     33.239     8.3090   3.368502    31.9989       2022     8.4208  0.000e+00
     33.134     8.3150   3.369270    32.0016       2023     8.4250  0.000e+00
     33.011     8.3228   3.369563    31.9976       2024     8.4292  0.000e+00
     32.890     8.3295   3.369956    31.9957       2025     8.4333  0.000e+00
     32.769     8.3351   3.370243    31.9937       2026     8.4375  0.000e+00
     32.648     8.3403   3.370643    31.9932       2027     8.4417  0.000e+00
     32.536     8.3454   3.371161    31.9940       2028     8.4458  0.000e+00
     32.435     8.3513   3.371529    31.9926       2029     8.4500  0.000e+00
     32.334     8.3573   3.371829    31.9903       2030     8.4542  0.000e+00
     32.256     8.3631   3.372023    31.9871       2031     8.4583  0.000e+00
     32.180     8.3675   3.372154    31.9846       2032     8.4625  0.000e+00
     32.120     8.3711   3.372328    31.9831       2033     8.4667  0.000e+00
     32.050     8.3743   3.372347    31.9805       2034     8.4708  0.000e+00
     31.989     8.3764   3.372410    31.9793       2035     8.4750  0.000e+00
     31.930     8.3781   3.372566    31.9794       2036     8.4792  0.000e+00
     31.874     8.3799   3.372653    31.9788       2037     8.4833  0.000e+00
     31.802     8.3816   3.372840    31.9792       2038     8.4875  0.000e+00
     31.721     8.3832   3.372965    31.9790       2039     8.4917  0.000e+00
     31.621     8.3857   3.373340    31.9808       2040     8.4958  0.000e+00
     31.522     8.3892   3.373702    31.9814       2041     8.5000  0.000e+00
     31.399     8.3944   3.373814    31.9780       2042     8.5042  0.000e+00
     31.287     8.3988   3.373821    31.9741       2043     8.5083  0.000e+00
     31.162     8.4021   3.373814    31.9711       2044     8.5125  0.000e+00
     31.034     8.4043   3.373702    31.9680       2045     8.5167  0.000e+00
     30.894     8.4057   3.373533    31.9650       2046     8.5208  0.000e+00
     30.779     8.4064   3.373227    31.9612       2047     8.5250  0.000e+00
     30.679     8.4065   3.373189    31.9608       2048     8.5292  0.000e+00
     30.574     8.4061   3.373083    31.9601       2049     8.5333  0.000e+00
     30.486     8.4060   3.372908    31.9583       2050     8.5375  0.000e+00
     30.428     8.4055   3.372671    31.9564       2051     8.5417  0.000e+00
     30.379     8.4046   3.372615    31.9565       2052     8.5458  0.000e+00
     30.343     8.4039   3.372584    31.9569       2053     8.5500  0.000e+00
     30.326     8.4034   3.372821    31.9599       2054     8.5542  0.000e+00
     30.297     8.4035   3.372777    31.9593       2055     8.5583  0.000e+00
     30.286     8.4037   3.372634    31.9576       2056     8.5625  0.000e+00
     30.263     8.4035   3.372371    31.9551       2057     8.5667  0.000e+00
     30.228     8.4027   3.372284    31.9549       2058     8.5708  0.000e+00
     30.183     8.4019   3.372046    31.9532       2059     8.5750  0.000e+00
     30.113     8.4006   3.371572    31.9494       2060     8.5792  0.000e+00
     30.035     8.3987   3.372065    31.9563       2061     8.5833  0.000e+00
