HB2403/sbe013.cnv
* Sea-Bird SBE 19plus V2 Data File:
* FileName = C:\cruise\data\sbe013.hex
* Software Version Seasave V 7.26.7.121
* Temperature SN = 6128
* Conductivity SN = 6128
* System UpLoad Time = May 26 2024 20:30:32
* NMEA Latitude = 40 05.91 N
* NMEA Longitude = 072 06.13 W
* NMEA UTC (Time) = May 26 2024  20:30:55
** Ship: Henry Bigelow
** Cruise:  HB2403
** Program:  ECOMON
# nquan = 7
# nvalues = 1854                                  
# units = specified
# name 0 = depSM: Depth [salt water, m]
# name 1 = tv290C: Temperature [ITS-90, deg C]
# name 2 = c0S/m: Conductivity [S/m]
# name 3 = sal00: Salinity, Practical [PSU]
# name 4 = scan: Scan Count
# name 5 = timeM: Time, Elapsed [minutes]
# name 6 = flag:  0.000e+00
# span 0 =     -0.202,     66.654                 
# span 1 =     6.4138,    17.9528                 
# span 2 =   0.000034,   4.159246                 
# span 3 =     0.0090,    32.1627                 
# span 4 =         11,       1864                 
# span 5 =     0.0417,     7.7625                 
# span 6 = 0.0000e+00, 0.0000e+00                 
# interval = seconds: 0.25
# start_time = May 26 2024 20:30:55 [NMEA time, header]
# bad_flag = -9.990e-29
*END*
[from data line 1436]
     15.595     9.0618   3.428756    31.9555       1447     6.0250  0.000e+00
     15.561     9.0645   3.429171    31.9573       1448     6.0292  0.000e+00
     15.521     9.0679   3.429441    31.9572       1449     6.0333  0.000e+00
     15.475     9.0711   3.429692    31.9568       1450     6.0375  0.000e+00
     15.439     9.0745   3.429919    31.9562       1451     6.0417  0.000e+00
     15.399     9.0778   3.430101    31.9551       1452     6.0458  0.000e+00
     15.366     9.0804   3.430214    31.9540       1453     6.0500  0.000e+00
     15.330     9.0827   3.430340    31.9532       1454     6.0542  0.000e+00
     15.299     9.0844   3.430503    31.9534       1455     6.0583  0.000e+00
     15.264     9.0862   3.430629    31.9531       1456     6.0625  0.000e+00
     15.222     9.0880   3.430717    31.9524       1457     6.0667  0.000e+00
     15.195     9.0895   3.430843    31.9523       1458     6.0708  0.000e+00
     15.158     9.0909   3.431025    31.9530       1459     6.0750  0.000e+00
     15.119     9.0926   3.431157    31.9529       1460     6.0792  0.000e+00
     15.093     9.0941   3.431302    31.9531       1461     6.0833  0.000e+00
     15.042     9.0957   3.431421    31.9529       1462     6.0875  0.000e+00
     15.008     9.0972   3.431591    31.9533       1463     6.0917  0.000e+00
     14.973     9.0989   3.431698    31.9529       1464     6.0958  0.000e+00
     14.935     9.1006   3.431880    31.9533       1465     6.1000  0.000e+00
     14.897     9.1020   3.432075    31.9541       1466     6.1042  0.000e+00
     14.855     9.1040   3.432364    31.9552       1467     6.1083  0.000e+00
     14.814     9.1065   3.432653    31.9560       1468     6.1125  0.000e+00
     14.774     9.1095   3.432911    31.9560       1469     6.1167  0.000e+00
     14.740     9.1122   3.433226    31.9568       1470     6.1208  0.000e+00
     14.705     9.1156   3.433452    31.9562       1471     6.1250  0.000e+00
     14.667     9.1185   3.433659    31.9557       1472     6.1292  0.000e+00
     14.628     9.1214   3.433886    31.9554       1473     6.1333  0.000e+00
     14.604     9.1241   3.434018    31.9544       1474     6.1375  0.000e+00
     14.567     9.1264   3.434169    31.9539       1475     6.1417  0.000e+00
     14.531     9.1285   3.434307    31.9535       1476     6.1458  0.000e+00
     14.502     9.1303   3.434433    31.9532       1477     6.1500  0.000e+00
     14.460     9.1321   3.434521    31.9525       1478     6.1542  0.000e+00
     14.424     9.1336   3.434603    31.9520       1479     6.1583  0.000e+00
     14.384     9.1350   3.434710    31.9519       1480     6.1625  0.000e+00
     14.338     9.1363   3.434917    31.9529       1481     6.1667  0.000e+00
     14.293     9.1379   3.435232    31.9547       1482     6.1708  0.000e+00
     14.255     9.1401   3.435565    31.9562       1483     6.1750  0.000e+00
     14.208     9.1434   3.435886    31.9566       1484     6.1792  0.000e+00
     14.162     9.1465   3.436068    31.9557       1485     6.1833  0.000e+00
     14.118     9.1494   3.436194    31.9544       1486     6.1875  0.000e+00
     14.075     9.1520   3.436276    31.9530       1487     6.1917  0.000e+00
     14.033     9.1537   3.436358    31.9523       1488     6.1958  0.000e+00
     14.002     9.1553   3.436483    31.9522       1489     6.2000  0.000e+00
     13.960     9.1568   3.436571    31.9518       1490     6.2042  0.000e+00
     13.926     9.1580   3.436697    31.9520       1491     6.2083  0.000e+00
     13.897     9.1593   3.436836    31.9523       1492     6.2125  0.000e+00
     13.859     9.1610   3.437012    31.9525       1493     6.2167  0.000e+00
     13.826     9.1624   3.437100    31.9522       1494     6.2208  0.000e+00
     13.793     9.1640   3.437200    31.9519       1495     6.2250  0.000e+00
     13.757     9.1653   3.437345    31.9522       1496     6.2292  0.000e+00
     13.717     9.1667   3.437496    31.9525       1497     6.2333  0.000e+00
     13.690     9.1683   3.437635    31.9525       1498     6.2375  0.000e+00
     13.654     9.1699   3.437723    31.9520       1499     6.2417  0.000e+00
     13.612     9.1714   3.437785    31.9513       1500     6.2458  0.000e+00
     13.569     9.1724   3.437867    31.9513       1501     6.2500  0.000e+00
     13.527     9.1735   3.437949    31.9512       1502     6.2542  0.000e+00
     13.483     9.1746   3.438094    31.9517       1503     6.2583  0.000e+00
     13.437     9.1758   3.438308    31.9529       1504     6.2625  0.000e+00
     13.399     9.1778   3.438534    31.9534       1505     6.2667  0.000e+00
     13.348     9.1796   3.438849    31.9551       1506     6.2708  0.000e+00
     13.303     9.1822   3.439100    31.9554       1507     6.2750  0.000e+00
     13.263     9.1849   3.439522    31.9573       1508     6.2792  0.000e+00
     13.223     9.1885   3.439982    31.9588       1509     6.2833  0.000e+00
     13.183     9.1927   3.440384    31.9592       1510     6.2875  0.000e+00
     13.144     9.1975   3.440781    31.9591       1511     6.2917  0.000e+00
     13.111     9.2021   3.441177    31.9590       1512     6.2958  0.000e+00
     13.077     9.2066   3.441618    31.9595       1513     6.3000  0.000e+00
     13.046     9.2114   3.441750    31.9566       1514     6.3042  0.000e+00
     13.011     9.2155   3.442184    31.9574       1515     6.3083  0.000e+00
     12.973     9.2193   3.442505    31.9573       1516     6.3125  0.000e+00
     12.937     9.2234   3.443003    31.9588       1517     6.3167  0.000e+00
     12.899     9.2281   3.443506    31.9598       1518     6.3208  0.000e+00
     12.868     9.2332   3.444048    31.9609       1519     6.3250  0.000e+00
     12.826     9.2389   3.444514    31.9606       1520     6.3292  0.000e+00
     12.784     9.2447   3.444973    31.9601       1521     6.3333  0.000e+00
     12.752     9.2502   3.445244    31.9580       1522     6.3375  0.000e+00
     12.707     9.2551   3.445565    31.9570       1523     6.3417  0.000e+00
     12.661     9.2594   3.445962    31.9572       1524     6.3458  0.000e+00
     12.618     9.2638   3.446283    31.9566       1525     6.3500  0.000e+00
     12.567     9.2681   3.446548    31.9555       1526     6.3542  0.000e+00
     12.527     9.2718   3.446781    31.9546       1527     6.3583  0.000e+00
     12.487     9.2752   3.446988    31.9537       1528     6.3625  0.000e+00
     12.441     9.2784   3.447266    31.9538       1529     6.3667  0.000e+00
     12.394     9.2813   3.447518    31.9537       1530     6.3708  0.000e+00
     12.353     9.2847   3.447851    31.9542       1531     6.3750  0.000e+00
     12.306     9.2881   3.448380    31.9566       1532     6.3792  0.000e+00
     12.269     9.2924   3.448670    31.9557       1533     6.3833  0.000e+00
     12.229     9.2968   3.448891    31.9541       1534     6.3875  0.000e+00
     12.195     9.3006   3.449111    31.9530       1535     6.3917  0.000e+00
     12.148     9.3041   3.449451    31.9534       1536     6.3958  0.000e+00
     12.115     9.3075   3.449754    31.9534       1537     6.4000  0.000e+00
     12.072     9.3107   3.449955    31.9526       1538     6.4042  0.000e+00
     12.035     9.3143   3.450188    31.9519       1539     6.4083  0.000e+00
     11.993     9.3172   3.450371    31.9512       1540     6.4125  0.000e+00
     11.959     9.3199   3.450692    31.9520       1541     6.4167  0.000e+00
     11.916     9.3229   3.451152    31.9541       1542     6.4208  0.000e+00
     11.870     9.3266   3.451877    31.9583       1543     6.4250  0.000e+00
     11.831     9.3321   3.452438    31.9591       1544     6.4292  0.000e+00
     11.794     9.3385   3.452923    31.9585       1545     6.4333  0.000e+00
     11.749     9.3448   3.453100    31.9546       1546     6.4375  0.000e+00
     11.709     9.3501   3.453112    31.9500       1547     6.4417  0.000e+00
     11.664     9.3534   3.453049    31.9464       1548     6.4458  0.000e+00
     11.620     9.3550   3.452835    31.9428       1549     6.4500  0.000e+00
     11.586     9.3557   3.452753    31.9414       1550     6.4542  0.000e+00
     11.553     9.3553   3.452123    31.9353       1551     6.4583  0.000e+00
     11.517     9.3537   3.451480    31.9302       1552     6.4625  0.000e+00
     11.475     9.3511   3.451259    31.9302       1553     6.4667  0.000e+00
     11.440     9.3484   3.450900    31.9289       1554     6.4708  0.000e+00
     11.404     9.3459   3.449797    31.9199       1555     6.4750  0.000e+00
     11.373     9.3420   3.448795    31.9131       1556     6.4792  0.000e+00
     11.335     9.3362   3.447769    31.9078       1557     6.4833  0.000e+00
     11.292     9.3296   3.447428    31.9101       1558     6.4875  0.000e+00
     11.255     9.3241   3.447328    31.9140       1559     6.4917  0.000e+00
     11.210     9.3204   3.447202    31.9161       1560     6.4958  0.000e+00
     11.175     9.3181   3.447189    31.9180       1561     6.5000  0.000e+00
     11.137     9.3172   3.447454    31.9216       1562     6.5042  0.000e+00
     11.096     9.3174   3.447706    31.9240       1563     6.5083  0.000e+00
     11.057     9.3190   3.447964    31.9252       1564     6.5125  0.000e+00
     11.012     9.3212   3.448191    31.9256       1565     6.5167  0.000e+00
     10.974     9.3236   3.448417    31.9258       1566     6.5208  0.000e+00
     10.934     9.3262   3.448644    31.9258       1567     6.5250  0.000e+00
     10.891     9.3289   3.448984    31.9269       1568     6.5292  0.000e+00
     10.856     9.3317   3.449022    31.9248       1569     6.5333  0.000e+00
     10.813     9.3341   3.449514    31.9278       1570     6.5375  0.000e+00
     10.782     9.3371   3.450125    31.9314       1571     6.5417  0.000e+00
     10.744     9.3415   3.450704    31.9334       1572     6.5458  0.000e+00
     10.705     9.3471   3.451297    31.9345       1573     6.5500  0.000e+00
     10.671     9.3533   3.451807    31.9342       1574     6.5542  0.000e+00
     10.636     9.3595   3.452280    31.9336       1575     6.5583  0.000e+00
     10.593     9.3657   3.452960    31.9350       1576     6.5625  0.000e+00
     10.549     9.3724   3.453490    31.9346       1577     6.5667  0.000e+00
     10.499     9.3788   3.454183    31.9359       1578     6.5708  0.000e+00
     10.453     9.3855   3.454606    31.9343       1579     6.5750  0.000e+00
     10.408     9.3918   3.454921    31.9320       1580     6.5792  0.000e+00
     10.363     9.3970   3.455173    31.9299       1581     6.5833  0.000e+00
     10.315     9.4015   3.455602    31.9303       1582     6.5875  0.000e+00
     10.270     9.4059   3.456182    31.9324       1583     6.5917  0.000e+00
     10.225     9.4110   3.456919    31.9354       1584     6.5958  0.000e+00
     10.181     9.4174   3.458086    31.9417       1585     6.6000  0.000e+00
     10.134     9.4263   3.459940    31.9528       1586     6.6042  0.000e+00
     10.098     9.4395   3.461328    31.9552       1587     6.6083  0.000e+00
     10.049     9.4545   3.462508    31.9540       1588     6.6125  0.000e+00
     10.004     9.4691   3.464243    31.9587       1589     6.6167  0.000e+00
      9.961     9.4853   3.466762    31.9701       1590     6.6208  0.000e+00
      9.926     9.5052   3.469609    31.9815       1591     6.6250  0.000e+00
      9.881     9.5305   3.473007    31.9937       1592     6.6292  0.000e+00
      9.841     9.5604   3.475743    31.9950       1593     6.6333  0.000e+00
      9.803     9.5917   3.478246    31.9927       1594     6.6375  0.000e+00
      9.770     9.6214   3.480344    31.9877       1595     6.6417  0.000e+00
      9.732     9.6496   3.482602    31.9856       1596     6.6458  0.000e+00
      9.701     9.6777   3.486751    32.0029       1597     6.6500  0.000e+00
      9.667     9.7115   3.491840    32.0247       1598     6.6542  0.000e+00
      9.634     9.7534   3.497121    32.0412       1599     6.6583  0.000e+00
      9.610     9.8014   3.497944    32.0068       1600     6.6625  0.000e+00
      9.575     9.8414   3.500339    31.9957       1601     6.6667  0.000e+00
      9.543     9.8730   3.502329    31.9878       1602     6.6708  0.000e+00
      9.517     9.9007   3.503147    31.9716       1603     6.6750  0.000e+00
      9.481     9.9217   3.504053    31.9622       1604     6.6792  0.000e+00
      9.454     9.9381   3.504687    31.9540       1605     6.6833  0.000e+00
      9.412     9.9511   3.505498    31.9508       1606     6.6875  0.000e+00
      9.386     9.9620   3.506487    31.9512       1607     6.6917  0.000e+00
      9.348     9.9731   3.508713    31.9638       1608     6.6958  0.000e+00
      9.317     9.9883   3.510801    31.9716       1609     6.7000  0.000e+00
      9.279    10.0082   3.513053    31.9767       1610     6.7042  0.000e+00
      9.248    10.0297   3.512900    31.9562       1611     6.7083  0.000e+00
      9.214    10.0452   3.514468    31.9583       1612     6.7125  0.000e+00
      9.175    10.0594   3.515756    31.9588       1613     6.7167  0.000e+00
      9.130    10.0731   3.518036    31.9697       1614     6.7208  0.000e+00
      9.096    10.0912   3.519071    31.9642       1615     6.7250  0.000e+00
      9.047    10.1093   3.522793    31.9858       1616     6.7292  0.000e+00
      9.009    10.1344   3.526288    31.9989       1617     6.7333  0.000e+00
      8.958    10.1642   3.528449    31.9943       1618     6.7375  0.000e+00
      8.918    10.1948   3.533008    32.0132       1619     6.7417  0.000e+00
      8.879    10.2320   3.533694    31.9873       1620     6.7458  0.000e+00
      8.837    10.2621   3.534661    31.9705       1621     6.7500  0.000e+00
      8.795    10.2837   3.536595    31.9709       1622     6.7542  0.000e+00
      8.755    10.3038   3.538873    31.9762       1623     6.7583  0.000e+00
      8.719    10.3263   3.540496    31.9726       1624     6.7625  0.000e+00
      8.686    10.3477   3.541037    31.9592       1625     6.7667  0.000e+00
      8.650    10.3641   3.541406    31.9485       1626     6.7708  0.000e+00
      8.628    10.3754   3.541559    31.9401       1627     6.7750  0.000e+00
      8.597    10.3827   3.541711    31.9353       1628     6.7792  0.000e+00
      8.570    10.3877   3.541890    31.9327       1629     6.7833  0.000e+00
      8.550    10.3911   3.542055    31.9313       1630     6.7875  0.000e+00
      8.530    10.3938   3.542252    31.9309       1631     6.7917  0.000e+00
      8.503    10.3962   3.542380    31.9301       1632     6.7958  0.000e+00
      8.478    10.3984   3.542577    31.9301       1633     6.8000  0.000e+00
      8.449    10.4003   3.542965    31.9324       1634     6.8042  0.000e+00
      8.416    10.4030   3.543532    31.9357       1635     6.8083  0.000e+00
      8.383    10.4071   3.544163    31.9385       1636     6.8125  0.000e+00
      8.345    10.4122   3.544640    31.9388       1637     6.8167  0.000e+00
      8.308    10.4176   3.545564    31.9433       1638     6.8208  0.000e+00
      8.264    10.4247   3.547507    31.9565       1639     6.8250  0.000e+00
      8.212    10.4370   3.550157    31.9722       1640     6.8292  0.000e+00
      8.163    10.4564   3.553529    31.9889       1641     6.8333  0.000e+00
      8.112    10.4830   3.556449    31.9948       1642     6.8375  0.000e+00
      8.069    10.5136   3.559715    32.0005       1643     6.8417  0.000e+00
      8.028    10.5464   3.562509    31.9997       1644     6.8458  0.000e+00
      7.992    10.5797   3.565521    32.0005       1645     6.8500  0.000e+00
      7.958    10.6131   3.567928    31.9952       1646     6.8542  0.000e+00
      7.924    10.6453   3.569633    31.9839       1647     6.8583  0.000e+00
      7.907    10.6730   3.570814    31.9715       1648     6.8625  0.000e+00
      7.884    10.6952   3.571695    31.9608       1649     6.8667  0.000e+00
      7.863    10.7122   3.572852    31.9575       1650     6.8708  0.000e+00
      7.850    10.7270   3.574123    31.9571       1651     6.8750  0.000e+00
