HB2403/sbe044.cnv
* Sea-Bird SBE 19plus V2 Data File:
* FileName = C:\cruise\data\sbe044.hex
* Software Version Seasave V 7.26.7.121
* Temperature SN = 6128
* Conductivity SN = 6128
* System UpLoad Time = Jun 05 2024 12:14:05
* NMEA Latitude = 38 08.45 N
* NMEA Longitude = 073 56.87 W
* NMEA UTC (Time) = Jun 05 2024  12:14:37
** Ship: Henry Bigelow
** Cruise:  HB2403
** Program:  ECOMON
# nquan = 7
# nvalues = 2353                                  
# units = specified
# name 0 = depSM: Depth [salt water, m]
# name 1 = tv290C: Temperature [ITS-90, deg C]
# name 2 = c0S/m: Conductivity [S/m]
# name 3 = sal00: Salinity, Practical [PSU]
# name 4 = scan: Scan Count
# name 5 = timeM: Time, Elapsed [minutes]
# name 6 = flag:  0.000e+00
# span 0 =     -0.028,    109.002                 
# span 1 =     6.5482,    19.2946                 
# span 2 =   0.000049,   4.313779                 
# span 3 =     0.0096,    34.5224                 
# span 4 =         11,       2363                 
# span 5 =     0.0417,     9.8417                 
# span 6 = 0.0000e+00, 0.0000e+00                 
# interval = seconds: 0.25
# start_time = Jun 05 2024 12:14:37 [NMEA time, header]
# bad_flag = -9.990e-29
*END*
[from data line 1026]
     84.069    10.4481   3.727240    33.7066       1037     4.3167  0.000e+00
     83.971    10.4449   3.727052    33.7077       1038     4.3208  0.000e+00
     83.879    10.4420   3.726038    33.7002       1039     4.3250  0.000e+00
     83.776    10.4379   3.725486    33.6985       1040     4.3292  0.000e+00
     83.681    10.4332   3.724778    33.6958       1041     4.3333  0.000e+00
     83.581    10.4285   3.723946    33.6918       1042     4.3375  0.000e+00
     83.478    10.4235   3.723491    33.6919       1043     4.3417  0.000e+00
     83.379    10.4185   3.722887    33.6905       1044     4.3458  0.000e+00
     83.274    10.4142   3.722290    33.6885       1045     4.3500  0.000e+00
     83.167    10.4100   3.721894    33.6884       1046     4.3542  0.000e+00
     83.058    10.4061   3.721575    33.6888       1047     4.3583  0.000e+00
     82.950    10.4031   3.720705    33.6829       1048     4.3625  0.000e+00
     82.837    10.3992   3.720011    33.6796       1049     4.3667  0.000e+00
     82.723    10.3945   3.719186    33.6757       1050     4.3708  0.000e+00
     82.606    10.3894   3.718361    33.6722       1051     4.3750  0.000e+00
     82.484    10.3837   3.717518    33.6690       1052     4.3792  0.000e+00
     82.367    10.3777   3.716778    33.6671       1053     4.3833  0.000e+00
     82.247    10.3715   3.715467    33.6597       1054     4.3875  0.000e+00
     82.120    10.3643   3.715032    33.6620       1055     4.3917  0.000e+00
     81.997    10.3579   3.714591    33.6635       1056     4.3958  0.000e+00
     81.872    10.3530   3.713176    33.6539       1057     4.4000  0.000e+00
     81.747    10.3465   3.711891    33.6470       1058     4.4042  0.000e+00
     81.625    10.3383   3.709874    33.6343       1059     4.4083  0.000e+00
     81.504    10.3284   3.707747    33.6220       1060     4.4125  0.000e+00
     81.385    10.3166   3.706120    33.6166       1061     4.4167  0.000e+00
     81.269    10.3043   3.702094    33.5873       1062     4.4208  0.000e+00
     81.162    10.2875   3.698227    33.5639       1063     4.4250  0.000e+00
     81.052    10.2664   3.691466    33.5151       1064     4.4292  0.000e+00
     80.947    10.2364   3.684692    33.4743       1065     4.4333  0.000e+00
     80.842    10.1991   3.683534    33.4971       1066     4.4375  0.000e+00
     80.743    10.1691   3.682810    33.5175       1067     4.4417  0.000e+00
     80.649    10.1487   3.678447    33.4923       1068     4.4458  0.000e+00
     80.549    10.1261   3.674098    33.4691       1069     4.4500  0.000e+00
     80.457    10.0993   3.668266    33.4347       1070     4.4542  0.000e+00
     80.366    10.0666   3.667427    33.4565       1071     4.4583  0.000e+00
     80.271    10.0411   3.664490    33.4503       1072     4.4625  0.000e+00
     80.179    10.0190   3.662664    33.4523       1073     4.4667  0.000e+00
     80.088    10.0000   3.662528    33.4685       1074     4.4708  0.000e+00
     79.993     9.9870   3.660477    33.4597       1075     4.4750  0.000e+00
     79.900     9.9748   3.656536    33.4310       1076     4.4792  0.000e+00
     79.803     9.9563   3.652932    33.4114       1077     4.4833  0.000e+00
     79.702     9.9328   3.653609    33.4401       1078     4.4875  0.000e+00
     79.597     9.9178   3.653306    33.4510       1079     4.4917  0.000e+00
     79.482     9.9084   3.652352    33.4501       1080     4.4958  0.000e+00
     79.364     9.9014   3.651089    33.4437       1081     4.5000  0.000e+00
     79.247     9.8941   3.650638    33.4459       1082     4.5042  0.000e+00
     79.124     9.8866   3.649723    33.4436       1083     4.5083  0.000e+00
     78.999     9.8798   3.648441    33.4369       1084     4.5125  0.000e+00
     78.879     9.8729   3.649272    33.4518       1085     4.5167  0.000e+00
     78.760     9.8693   3.648299    33.4453       1086     4.5208  0.000e+00
     78.646     9.8659   3.647339    33.4387       1087     4.5250  0.000e+00
     78.533     9.8608   3.646753    33.4375       1088     4.5292  0.000e+00
     78.434     9.8559   3.646309    33.4376       1089     4.5333  0.000e+00
     78.333     9.8518   3.646418    33.4425       1090     4.5375  0.000e+00
     78.244     9.8495   3.647024    33.4509       1091     4.5417  0.000e+00
     78.151     9.8497   3.646148    33.4417       1092     4.5458  0.000e+00
     78.059     9.8483   3.645201    33.4334       1093     4.5500  0.000e+00
     77.968     9.8447   3.645053    33.4354       1094     4.5542  0.000e+00
     77.871     9.8417   3.644583    33.4333       1095     4.5583  0.000e+00
     77.782     9.8392   3.644963    33.4396       1096     4.5625  0.000e+00
     77.679     9.8377   3.643391    33.4250       1097     4.5667  0.000e+00
     77.574     9.8340   3.644196    33.4367       1098     4.5708  0.000e+00
     77.464     9.8324   3.643662    33.4328       1099     4.5750  0.000e+00
     77.351     9.8316   3.642516    33.4218       1100     4.5792  0.000e+00
     77.239     9.8273   3.641209    33.4125       1101     4.5833  0.000e+00
     77.127     9.8218   3.640790    33.4134       1102     4.5875  0.000e+00
     77.011     9.8165   3.640565    33.4161       1103     4.5917  0.000e+00
     76.896     9.8127   3.640410    33.4181       1104     4.5958  0.000e+00
     76.778     9.8105   3.640346    33.4196       1105     4.6000  0.000e+00
     76.666     9.8098   3.640391    33.4207       1106     4.6042  0.000e+00
     76.550     9.8104   3.640455    33.4208       1107     4.6083  0.000e+00
     76.432     9.8117   3.640565    33.4208       1108     4.6125  0.000e+00
     76.317     9.8132   3.640674    33.4205       1109     4.6167  0.000e+00
     76.199     9.8155   3.640790    33.4196       1110     4.6208  0.000e+00
     76.078     9.8181   3.641170    33.4212       1111     4.6250  0.000e+00
     75.958     9.8224   3.641240    33.4180       1112     4.6292  0.000e+00
     75.848     9.8259   3.641530    33.4177       1113     4.6333  0.000e+00
     75.726     9.8294   3.641511    33.4144       1114     4.6375  0.000e+00
     75.614     9.8318   3.641305    33.4101       1115     4.6417  0.000e+00
     75.508     9.8326   3.641440    33.4107       1116     4.6458  0.000e+00
     75.398     9.8344   3.641549    33.4103       1117     4.6500  0.000e+00
     75.295     9.8358   3.641510    33.4086       1118     4.6542  0.000e+00
     75.195     9.8368   3.641594    33.4086       1119     4.6583  0.000e+00
     75.101     9.8378   3.641594    33.4077       1120     4.6625  0.000e+00
     75.004     9.8389   3.641639    33.4072       1121     4.6667  0.000e+00
     74.916     9.8402   3.641665    33.4063       1122     4.6708  0.000e+00
     74.838     9.8419   3.641195    33.3999       1123     4.6750  0.000e+00
     74.755     9.8427   3.640744    33.3946       1124     4.6792  0.000e+00
     74.673     9.8432   3.640461    33.3913       1125     4.6833  0.000e+00
     74.588     9.8435   3.640300    33.3895       1126     4.6875  0.000e+00
     74.507     9.8432   3.640319    33.3900       1127     4.6917  0.000e+00
     74.419     9.8435   3.640390    33.3905       1128     4.6958  0.000e+00
     74.331     9.8443   3.640255    33.3884       1129     4.7000  0.000e+00
     74.234     9.8455   3.640029    33.3850       1130     4.7042  0.000e+00
     74.138     9.8465   3.640029    33.3842       1131     4.7083  0.000e+00
     74.024     9.8473   3.640029    33.3834       1132     4.7125  0.000e+00
     73.915     9.8481   3.640164    33.3841       1133     4.7167  0.000e+00
     73.803     9.8494   3.640460    33.3860       1134     4.7208  0.000e+00
     73.687     9.8522   3.639939    33.3782       1135     4.7250  0.000e+00
     73.566     9.8546   3.638774    33.3640       1136     4.7292  0.000e+00
     73.449     9.8538   3.637609    33.3529       1137     4.7333  0.000e+00
     73.337     9.8502   3.636624    33.3463       1138     4.7375  0.000e+00
     73.224     9.8448   3.634926    33.3340       1139     4.7417  0.000e+00
     73.110     9.8379   3.633048    33.3213       1140     4.7458  0.000e+00
     73.013     9.8291   3.631241    33.3110       1141     4.7500  0.000e+00
     72.908     9.8184   3.629099    33.2991       1142     4.7542  0.000e+00
     72.801     9.8066   3.626882    33.2875       1143     4.7583  0.000e+00
     72.693     9.7936   3.625352    33.2838       1144     4.7625  0.000e+00
     72.586     9.7813   3.621427    33.2552       1145     4.7667  0.000e+00
     72.476     9.7652   3.613426    33.1883       1146     4.7708  0.000e+00
     72.366     9.7414   3.610610    33.1816       1147     4.7750  0.000e+00
     72.261     9.7198   3.609102    33.1861       1148     4.7792  0.000e+00
     72.149     9.7037   3.608878    33.1987       1149     4.7833  0.000e+00
     72.046     9.6935   3.608147    33.2007       1150     4.7875  0.000e+00
     71.938     9.6863   3.607505    33.2009       1151     4.7917  0.000e+00
     71.836     9.6806   3.606883    33.1998       1152     4.7958  0.000e+00
     71.737     9.6755   3.605511    33.1905       1153     4.8000  0.000e+00
     71.641     9.6705   3.604889    33.1887       1154     4.8042  0.000e+00
     71.554     9.6660   3.603805    33.1818       1155     4.8083  0.000e+00
     71.467     9.6612   3.602696    33.1750       1156     4.8125  0.000e+00
     71.382     9.6557   3.602216    33.1752       1157     4.8167  0.000e+00
     71.291     9.6510   3.602126    33.1786       1158     4.8208  0.000e+00
     71.206     9.6477   3.601748    33.1779       1159     4.8250  0.000e+00
     71.122     9.6450   3.601043    33.1731       1160     4.8292  0.000e+00
     71.032     9.6422   3.600773    33.1730       1161     4.8333  0.000e+00
     70.943     9.6396   3.600799    33.1757       1162     4.8375  0.000e+00
     70.861     9.6379   3.600421    33.1735       1163     4.8417  0.000e+00
     70.763     9.6362   3.599934    33.1701       1164     4.8458  0.000e+00
     70.672     9.6335   3.598255    33.1554       1165     4.8500  0.000e+00
     70.576     9.6278   3.597281    33.1507       1166     4.8542  0.000e+00
     70.475     9.6207   3.596820    33.1526       1167     4.8583  0.000e+00
     70.370     9.6151   3.596333    33.1528       1168     4.8625  0.000e+00
     70.262     9.6101   3.592298    33.1161       1169     4.8667  0.000e+00
     70.154     9.5960   3.586038    33.0650       1170     4.8708  0.000e+00
     70.049     9.5678   3.585028    33.0806       1171     4.8750  0.000e+00
     69.944     9.5439   3.584964    33.1021       1172     4.8792  0.000e+00
     69.829     9.5292   3.586327    33.1297       1173     4.8833  0.000e+00
     69.718     9.5246   3.585796    33.1286       1174     4.8875  0.000e+00
     69.617     9.5218   3.583269    33.1053       1175     4.8917  0.000e+00
     69.511     9.5132   3.580455    33.0843       1176     4.8958  0.000e+00
     69.411     9.4992   3.579598    33.0885       1177     4.9000  0.000e+00
     69.310     9.4870   3.579931    33.1032       1178     4.9042  0.000e+00
     69.218     9.4783   3.576926    33.0803       1179     4.9083  0.000e+00
     69.124     9.4666   3.574184    33.0630       1180     4.9125  0.000e+00
     69.037     9.4512   3.574798    33.0836       1181     4.9167  0.000e+00
     68.955     9.4425   3.577451    33.1189       1182     4.9208  0.000e+00
     68.874     9.4426   3.573744    33.0807       1183     4.9250  0.000e+00
     68.798     9.4363   3.572715    33.0760       1184     4.9292  0.000e+00
     68.722     9.4262   3.570741    33.0650       1185     4.9333  0.000e+00
     68.648     9.4148   3.572121    33.0898       1186     4.9375  0.000e+00
     68.568     9.4092   3.571156    33.0851       1187     4.9417  0.000e+00
     68.492     9.4049   3.570984    33.0873       1188     4.9458  0.000e+00
     68.406     9.4016   3.569847    33.0787       1189     4.9500  0.000e+00
     68.321     9.3961   3.567414    33.0587       1190     4.9542  0.000e+00
     68.237     9.3849   3.565671    33.0512       1191     4.9583  0.000e+00
     68.137     9.3725   3.564445    33.0500       1192     4.9625  0.000e+00
     68.045     9.3598   3.563813    33.0552       1193     4.9667  0.000e+00
     67.944     9.3496   3.563246    33.0589       1194     4.9708  0.000e+00
     67.848     9.3412   3.560859    33.0421       1195     4.9750  0.000e+00
     67.730     9.3304   3.557963    33.0222       1196     4.9792  0.000e+00
     67.634     9.3141   3.557701    33.0347       1197     4.9833  0.000e+00
     67.524     9.3012   3.556808    33.0374       1198     4.9875  0.000e+00
     67.419     9.2919   3.555916    33.0368       1199     4.9917  0.000e+00
     67.311     9.2834   3.553824    33.0231       1200     4.9958  0.000e+00
     67.206     9.2723   3.551472    33.0091       1201     5.0000  0.000e+00
     67.100     9.2575   3.550210    33.0098       1202     5.0042  0.000e+00
     67.002     9.2434   3.547101    32.9908       1203     5.0083  0.000e+00
     66.904     9.2265   3.546559    33.0009       1204     5.0125  0.000e+00
     66.817     9.2130   3.545668    33.0042       1205     5.0167  0.000e+00
     66.725     9.2017   3.545413    33.0120       1206     5.0208  0.000e+00
     66.649     9.1940   3.546649    33.0319       1207     5.0250  0.000e+00
     66.567     9.1927   3.542025    32.9853       1208     5.0292  0.000e+00
     66.493     9.1809   3.537124    32.9455       1209     5.0333  0.000e+00
     66.428     9.1552   3.535393    32.9514       1210     5.0375  0.000e+00
     66.362     9.1295   3.538620    33.0086       1211     5.0417  0.000e+00
     66.294     9.1235   3.540657    33.0353       1212     5.0458  0.000e+00
     66.223     9.1285   3.538187    33.0051       1213     5.0500  0.000e+00
     66.150     9.1272   3.538709    33.0117       1214     5.0542  0.000e+00
     66.085     9.1247   3.532391    32.9486       1215     5.0583  0.000e+00
     66.012     9.1057   3.532454    32.9668       1216     5.0625  0.000e+00
     65.941     9.0901   3.536654    33.0249       1217     5.0667  0.000e+00
     65.861     9.0946   3.536259    33.0167       1218     5.0708  0.000e+00
     65.783     9.0975   3.530877    32.9582       1219     5.0750  0.000e+00
     65.702     9.0845   3.526103    32.9207       1220     5.0792  0.000e+00
     65.615     9.0576   3.519445    32.8765       1221     5.0833  0.000e+00
     65.525     9.0171   3.516708    32.8856       1222     5.0875  0.000e+00
     65.431     8.9788   3.499817    32.7454       1223     5.0917  0.000e+00
     65.337     8.9082   3.490526    32.7137       1224     5.0958  0.000e+00
     65.243     8.8166   3.461839    32.4991       1225     5.1000  0.000e+00
     65.149     8.6915   3.455363    32.5463       1226     5.1042  0.000e+00
     65.053     8.5713   3.453750    32.6403       1227     5.1083  0.000e+00
     64.962     8.4916   3.453222    32.7086       1228     5.1125  0.000e+00
     64.871     8.4426   3.452081    32.7421       1229     5.1167  0.000e+00
     64.780     8.4102   3.447456    32.7235       1230     5.1208  0.000e+00
     64.699     8.3804   3.443993    32.7147       1231     5.1250  0.000e+00
     64.618     8.3493   3.431446    32.6112       1232     5.1292  0.000e+00
     64.535     8.2874   3.422874    32.5781       1233     5.1333  0.000e+00
     64.456     8.2166   3.418975    32.6026       1234     5.1375  0.000e+00
     64.376     8.1566   3.413389    32.5991       1235     5.1417  0.000e+00
     64.304     8.1030   3.410585    32.6192       1236     5.1458  0.000e+00
     64.230     8.0592   3.409400    32.6475       1237     5.1500  0.000e+00
     64.153     8.0292   3.409507    32.6766       1238     5.1542  0.000e+00
     64.085     8.0137   3.411037    32.7074       1239     5.1583  0.000e+00
     64.009     8.0130   3.412223    32.7207       1240     5.1625  0.000e+00
