HB2403/sbe090.cnv
* Sea-Bird SBE 19plus V2 Data File:
* FileName = C:\cruise\data\sbe090.hex
* Software Version Seasave V 7.26.7.121
* Temperature SN = 6128
* Conductivity SN = 6128
* System UpLoad Time = Jun 09 2024 13:08:17
* NMEA Latitude = 42 00.07 N
* NMEA Longitude = 065 54.07 W
* NMEA UTC (Time) = Jun 09 2024  13:08:53
** Ship: Henry Bigelow
** Cruise:  HB2403
** Program:  ECOMON
# nquan = 7
# nvalues = 3582                                  
# units = specified
# name 0 = depSM: Depth [salt water, m]
# name 1 = tv290C: Temperature [ITS-90, deg C]
# name 2 = c0S/m: Conductivity [S/m]
# name 3 = sal00: Salinity, Practical [PSU]
# name 4 = scan: Scan Count
# name 5 = timeM: Time, Elapsed [minutes]
# name 6 = flag:  0.000e+00
# span 0 =     -0.192,    164.844                 
# span 1 =     8.4016,    16.0323                 
# span 2 =   0.000103,   3.788528                 
# span 3 =     0.0079,    35.0045                 
# span 4 =         11,       3592                 
# span 5 =     0.0417,    14.9625                 
# span 6 = 0.0000e+00, 0.0000e+00                 
# interval = seconds: 0.25
# start_time = Jun 09 2024 13:08:53 [NMEA time, header]
# bad_flag = -9.990e-29
*END*
[from data line 1436]
    151.172     9.0471   3.718610    34.9226       1447     6.0250  0.000e+00
    151.089     9.0458   3.718610    34.9238       1448     6.0292  0.000e+00
    150.987     9.0448   3.718675    34.9255       1449     6.0333  0.000e+00
    150.864     9.0446   3.718701    34.9261       1450     6.0375  0.000e+00
    150.725     9.0448   3.718740    34.9263       1451     6.0417  0.000e+00
    150.564     9.0451   3.718720    34.9260       1452     6.0458  0.000e+00
    150.383     9.0452   3.718720    34.9259       1453     6.0500  0.000e+00
    150.191     9.0455   3.718804    34.9266       1454     6.0542  0.000e+00
    149.996     9.0458   3.718928    34.9277       1455     6.0583  0.000e+00
    149.780     9.0465   3.718817    34.9259       1456     6.0625  0.000e+00
    149.568     9.0469   3.718817    34.9257       1457     6.0667  0.000e+00
    149.358     9.0469   3.719044    34.9282       1458     6.0708  0.000e+00
    149.151     9.0477   3.719090    34.9280       1459     6.0750  0.000e+00
    148.968     9.0486   3.720193    34.9387       1460     6.0792  0.000e+00
    148.789     9.0540   3.722921    34.9620       1461     6.0833  0.000e+00
    148.635     9.0694   3.724701    34.9655       1462     6.0875  0.000e+00
    148.505     9.0885   3.724882    34.9488       1463     6.0917  0.000e+00
    148.398     9.1019   3.724759    34.9344       1464     6.0958  0.000e+00
    148.307     9.1095   3.724745    34.9268       1465     6.1000  0.000e+00
    148.231     9.1138   3.724817    34.9234       1466     6.1042  0.000e+00
    148.164     9.1163   3.724869    34.9216       1467     6.1083  0.000e+00
    148.100     9.1178   3.724927    34.9208       1468     6.1125  0.000e+00
    148.042     9.1187   3.724973    34.9203       1469     6.1167  0.000e+00
    147.986     9.1197   3.725024    34.9199       1470     6.1208  0.000e+00
    147.923     9.1204   3.724882    34.9178       1471     6.1250  0.000e+00
    147.853     9.1201   3.724765    34.9169       1472     6.1292  0.000e+00
    147.779     9.1195   3.724628    34.9161       1473     6.1333  0.000e+00
    147.706     9.1185   3.724765    34.9185       1474     6.1375  0.000e+00
    147.632     9.1181   3.724881    34.9201       1475     6.1417  0.000e+00
    147.561     9.1187   3.724862    34.9194       1476     6.1458  0.000e+00
    147.478     9.1189   3.725044    34.9211       1477     6.1500  0.000e+00
    147.385     9.1197   3.724998    34.9199       1478     6.1542  0.000e+00
    147.266     9.1205   3.725180    34.9211       1479     6.1583  0.000e+00
    147.188     9.1216   3.725089    34.9191       1480     6.1625  0.000e+00
    147.093     9.1223   3.725622    34.9240       1481     6.1667  0.000e+00
    146.998     9.1243   3.725433    34.9202       1482     6.1708  0.000e+00
    146.880     9.1256   3.725524    34.9199       1483     6.1750  0.000e+00
    146.757     9.1264   3.725596    34.9199       1484     6.1792  0.000e+00
    146.636     9.1273   3.725641    34.9196       1485     6.1833  0.000e+00
    146.515     9.1280   3.725414    34.9166       1486     6.1875  0.000e+00
    146.404     9.1278   3.725316    34.9158       1487     6.1917  0.000e+00
    146.301     9.1271   3.725570    34.9192       1488     6.1958  0.000e+00
    146.206     9.1274   3.725855    34.9219       1489     6.2000  0.000e+00
    146.125     9.1289   3.725758    34.9195       1490     6.2042  0.000e+00
    146.056     9.1299   3.725595    34.9168       1491     6.2083  0.000e+00
    146.008     9.1298   3.725550    34.9165       1492     6.2125  0.000e+00
    145.973     9.1292   3.725569    34.9172       1493     6.2167  0.000e+00
    145.948     9.1289   3.725595    34.9178       1494     6.2208  0.000e+00
    145.931     9.1288   3.725569    34.9177       1495     6.2250  0.000e+00
    145.920     9.1286   3.725569    34.9179       1496     6.2292  0.000e+00
    145.906     9.1286   3.725524    34.9174       1497     6.2333  0.000e+00
    145.893     9.1284   3.725504    34.9174       1498     6.2375  0.000e+00
    145.882     9.1283   3.725478    34.9173       1499     6.2417  0.000e+00
    145.869     9.1279   3.725459    34.9175       1500     6.2458  0.000e+00
    145.858     9.1276   3.725504    34.9182       1501     6.2500  0.000e+00
    145.833     9.1277   3.725589    34.9191       1502     6.2542  0.000e+00
    145.804     9.1279   3.725550    34.9184       1503     6.2583  0.000e+00
    145.762     9.1280   3.725504    34.9179       1504     6.2625  0.000e+00
    145.706     9.1278   3.725394    34.9169       1505     6.2667  0.000e+00
    145.633     9.1272   3.725296    34.9165       1506     6.2708  0.000e+00
    145.546     9.1266   3.726102    34.9256       1507     6.2750  0.000e+00
    145.432     9.1286   3.725504    34.9175       1508     6.2792  0.000e+00
    145.307     9.1289   3.725894    34.9213       1509     6.2833  0.000e+00
    145.162     9.1307   3.728337    34.9451       1510     6.2875  0.000e+00
    145.000     9.1398   3.727518    34.9277       1511     6.2917  0.000e+00
    144.830     9.1462   3.729071    34.9377       1512     6.2958  0.000e+00
    144.650     9.1543   3.729533    34.9347       1513     6.3000  0.000e+00
    144.457     9.1625   3.729805    34.9296       1514     6.3042  0.000e+00
    144.263     9.1689   3.729877    34.9242       1515     6.3083  0.000e+00
    144.058     9.1730   3.730176    34.9233       1516     6.3125  0.000e+00
    143.867     9.1770   3.730416    34.9221       1517     6.3167  0.000e+00
    143.688     9.1806   3.730917    34.9238       1518     6.3208  0.000e+00
    143.505     9.1843   3.730318    34.9140       1519     6.3250  0.000e+00
    143.344     9.1858   3.730351    34.9130       1520     6.3292  0.000e+00
    143.201     9.1859   3.730780    34.9174       1521     6.3333  0.000e+00
    143.082     9.1874   3.730962    34.9180       1522     6.3375  0.000e+00
    142.977     9.1897   3.730832    34.9143       1523     6.3417  0.000e+00
    142.890     9.1903   3.730734    34.9128       1524     6.3458  0.000e+00
    142.809     9.1906   3.730890    34.9142       1525     6.3500  0.000e+00
    142.734     9.1911   3.731339    34.9184       1526     6.3542  0.000e+00
    142.667     9.1937   3.732138    34.9242       1527     6.3583  0.000e+00
    142.600     9.1991   3.733133    34.9294       1528     6.3625  0.000e+00
    142.530     9.2085   3.734830    34.9379       1529     6.3667  0.000e+00
    142.450     9.2233   3.735136    34.9266       1530     6.3708  0.000e+00
    142.374     9.2352   3.734927    34.9128       1531     6.3750  0.000e+00
    142.290     9.2414   3.735207    34.9097       1532     6.3792  0.000e+00
    142.193     9.2449   3.735389    34.9082       1533     6.3833  0.000e+00
    142.096     9.2487   3.734374    34.8940       1534     6.3875  0.000e+00
    142.002     9.2468   3.733470    34.8865       1535     6.3917  0.000e+00
    141.898     9.2400   3.733080    34.8892       1536     6.3958  0.000e+00
    141.801     9.2333   3.733035    34.8953       1537     6.4000  0.000e+00
    141.699     9.2299   3.735974    34.9293       1538     6.4042  0.000e+00
    141.586     9.2395   3.736293    34.9232       1539     6.4083  0.000e+00
    141.459     9.2505   3.737054    34.9205       1540     6.4125  0.000e+00
    141.323     9.2605   3.737034    34.9106       1541     6.4167  0.000e+00
    141.175     9.2687   3.736800    34.9002       1542     6.4208  0.000e+00
    141.025     9.2721   3.738504    34.9147       1543     6.4250  0.000e+00
    140.865     9.2818   3.739135    34.9118       1544     6.4292  0.000e+00
    140.691     9.2922   3.739987    34.9106       1545     6.4333  0.000e+00
    140.520     9.3040   3.741191    34.9117       1546     6.4375  0.000e+00
    140.331     9.3173   3.741698    34.9041       1547     6.4417  0.000e+00
    140.141     9.3292   3.742141    34.8971       1548     6.4458  0.000e+00
    139.939     9.3388   3.742401    34.8905       1549     6.4500  0.000e+00
    139.733     9.3461   3.742694    34.8866       1550     6.4542  0.000e+00
    139.521     9.3520   3.743344    34.8877       1551     6.4583  0.000e+00
    139.304     9.3589   3.744099    34.8889       1552     6.4625  0.000e+00
    139.096     9.3680   3.744822    34.8877       1553     6.4667  0.000e+00
    138.879     9.3783   3.745518    34.8849       1554     6.4708  0.000e+00
    138.674     9.3887   3.745909    34.8789       1555     6.4750  0.000e+00
    138.478     9.3984   3.746397    34.8746       1556     6.4792  0.000e+00
    138.287     9.4067   3.746507    34.8678       1557     6.4833  0.000e+00
    138.111     9.4132   3.746930    34.8659       1558     6.4875  0.000e+00
    137.953     9.4192   3.747184    34.8628       1559     6.4917  0.000e+00
    137.801     9.4254   3.747894    34.8642       1560     6.4958  0.000e+00
    137.657     9.4330   3.748506    34.8632       1561     6.5000  0.000e+00
    137.526     9.4424   3.748597    34.8551       1562     6.5042  0.000e+00
    137.396     9.4494   3.748864    34.8511       1563     6.5083  0.000e+00
    137.275     9.4554   3.749085    34.8476       1564     6.5125  0.000e+00
    137.155     9.4604   3.749333    34.8454       1565     6.5167  0.000e+00
    137.032     9.4648   3.749502    34.8429       1566     6.5208  0.000e+00
    136.920     9.4690   3.749854    34.8425       1567     6.5250  0.000e+00
    136.808     9.4742   3.749906    34.8381       1568     6.5292  0.000e+00
    136.699     9.4781   3.750016    34.8354       1569     6.5333  0.000e+00
    136.590     9.4807   3.750108    34.8339       1570     6.5375  0.000e+00
    136.484     9.4832   3.750166    34.8321       1571     6.5417  0.000e+00
    136.379     9.4852   3.749990    34.8284       1572     6.5458  0.000e+00
    136.277     9.4853   3.750055    34.8290       1573     6.5500  0.000e+00
    136.174     9.4856   3.750270    34.8310       1574     6.5542  0.000e+00
    136.068     9.4873   3.750550    34.8323       1575     6.5583  0.000e+00
    135.959     9.4912   3.750654    34.8296       1576     6.5625  0.000e+00
    135.834     9.4948   3.750732    34.8270       1577     6.5667  0.000e+00
    135.696     9.4976   3.750654    34.8235       1578     6.5708  0.000e+00
    135.539     9.4995   3.750804    34.8233       1579     6.5750  0.000e+00
    135.359     9.5010   3.750849    34.8225       1580     6.5792  0.000e+00
    135.162     9.5027   3.750895    34.8213       1581     6.5833  0.000e+00
    134.932     9.5045   3.750940    34.8202       1582     6.5875  0.000e+00
    134.677     9.5073   3.751032    34.8185       1583     6.5917  0.000e+00
    134.409     9.5117   3.751051    34.8146       1584     6.5958  0.000e+00
    134.126     9.5154   3.751149    34.8121       1585     6.6000  0.000e+00
    133.825     9.5194   3.751318    34.8101       1586     6.6042  0.000e+00
    133.518     9.5244   3.751474    34.8070       1587     6.6083  0.000e+00
    133.222     9.5299   3.751545    34.8026       1588     6.6125  0.000e+00
    132.942     9.5349   3.751539    34.7978       1589     6.6167  0.000e+00
    132.679     9.5378   3.751519    34.7949       1590     6.6208  0.000e+00
    132.446     9.5402   3.751682    34.7944       1591     6.6250  0.000e+00
    132.250     9.5434   3.752021    34.7949       1592     6.6292  0.000e+00
    132.091     9.5496   3.752053    34.7892       1593     6.6333  0.000e+00
    131.973     9.5550   3.752046    34.7840       1594     6.6375  0.000e+00
    131.907     9.5582   3.752098    34.7814       1595     6.6417  0.000e+00
    131.872     9.5603   3.752079    34.7792       1596     6.6458  0.000e+00
    131.860     9.5614   3.752111    34.7785       1597     6.6500  0.000e+00
    131.869     9.5622   3.752098    34.7776       1598     6.6542  0.000e+00
    131.885     9.5626   3.752131    34.7775       1599     6.6583  0.000e+00
    131.903     9.5631   3.752144    34.7772       1600     6.6625  0.000e+00
    131.914     9.5636   3.752144    34.7767       1601     6.6667  0.000e+00
    131.903     9.5637   3.752131    34.7765       1602     6.6708  0.000e+00
    131.868     9.5635   3.752098    34.7763       1603     6.6750  0.000e+00
    131.810     9.5628   3.752144    34.7775       1604     6.6792  0.000e+00
    131.719     9.5624   3.752066    34.7771       1605     6.6833  0.000e+00
    131.602     9.5614   3.752124    34.7788       1606     6.6875  0.000e+00
    131.442     9.5610   3.752046    34.7784       1607     6.6917  0.000e+00
    131.262     9.5607   3.752189    34.7803       1608     6.6958  0.000e+00
    131.038     9.5614   3.752079    34.7785       1609     6.7000  0.000e+00
    130.781     9.5615   3.752020    34.7780       1610     6.7042  0.000e+00
    130.520     9.5607   3.752124    34.7799       1611     6.7083  0.000e+00
    130.241     9.5610   3.752111    34.7796       1612     6.7125  0.000e+00
    129.960     9.5621   3.752215    34.7798       1613     6.7167  0.000e+00
    129.674     9.5633   3.752169    34.7783       1614     6.7208  0.000e+00
    129.402     9.5641   3.752156    34.7775       1615     6.7250  0.000e+00
    129.128     9.5649   3.752143    34.7767       1616     6.7292  0.000e+00
    128.882     9.5653   3.752188    34.7769       1617     6.7333  0.000e+00
    128.662     9.5659   3.752175    34.7763       1618     6.7375  0.000e+00
    128.463     9.5664   3.752169    34.7759       1619     6.7417  0.000e+00
    128.298     9.5667   3.752221    34.7762       1620     6.7458  0.000e+00
    128.152     9.5671   3.752240    34.7760       1621     6.7500  0.000e+00
    128.028     9.5677   3.752286    34.7760       1622     6.7542  0.000e+00
    127.923     9.5685   3.752240    34.7748       1623     6.7583  0.000e+00
    127.829     9.5689   3.752188    34.7740       1624     6.7625  0.000e+00
    127.744     9.5686   3.752266    34.7751       1625     6.7667  0.000e+00
    127.654     9.5686   3.752260    34.7750       1626     6.7708  0.000e+00
    127.560     9.5686   3.752305    34.7755       1627     6.7750  0.000e+00
    127.462     9.5688   3.752331    34.7757       1628     6.7792  0.000e+00
    127.351     9.5695   3.752331    34.7750       1629     6.7833  0.000e+00
    127.237     9.5703   3.752286    34.7739       1630     6.7875  0.000e+00
    127.114     9.5707   3.752240    34.7731       1631     6.7917  0.000e+00
    126.985     9.5707   3.752188    34.7726       1632     6.7958  0.000e+00
    126.851     9.5702   3.752220    34.7735       1633     6.8000  0.000e+00
    126.716     9.5703   3.752240    34.7736       1634     6.8042  0.000e+00
    126.588     9.5706   3.752259    34.7736       1635     6.8083  0.000e+00
    126.462     9.5709   3.752240    34.7732       1636     6.8125  0.000e+00
    126.341     9.5711   3.752259    34.7732       1637     6.8167  0.000e+00
    126.221     9.5713   3.752376    34.7743       1638     6.8208  0.000e+00
    126.104     9.5720   3.752415    34.7741       1639     6.8250  0.000e+00
    125.984     9.5727   3.752402    34.7733       1640     6.8292  0.000e+00
    125.857     9.5731   3.752461    34.7736       1641     6.8333  0.000e+00
    125.722     9.5738   3.752702    34.7755       1642     6.8375  0.000e+00
    125.586     9.5744   3.752539    34.7732       1643     6.8417  0.000e+00
    125.440     9.5746   3.752220    34.7698       1644     6.8458  0.000e+00
    125.282     9.5734   3.752213    34.7710       1645     6.8500  0.000e+00
    125.111     9.5722   3.752415    34.7743       1646     6.8542  0.000e+00
    124.930     9.5725   3.752167    34.7715       1647     6.8583  0.000e+00
    124.745     9.5717   3.752141    34.7722       1648     6.8625  0.000e+00
    124.550     9.5706   3.752460    34.7766       1649     6.8667  0.000e+00
    124.347     9.5711   3.753770    34.7898       1650     6.8708  0.000e+00
    124.127     9.5751   3.753724    34.7856       1651     6.8750  0.000e+00
