HB2403/sbe023.cnv
* Sea-Bird SBE 19plus V2 Data File:
* FileName = C:\cruise\data\sbe023.hex
* Software Version Seasave V 7.26.7.121
* Temperature SN = 6128
* Conductivity SN = 6128
* System UpLoad Time = May 27 2024 18:00:47
* NMEA Latitude = 38 52.44 N
* NMEA Longitude = 073 04.07 W
* NMEA UTC (Time) = May 27 2024  18:01:11
** Ship: Henry Bigelow
** Cruise:  HB2403
** Program:  ECOMON
# nquan = 7
# nvalues = 1994                                  
# units = specified
# name 0 = depSM: Depth [salt water, m]
# name 1 = tv290C: Temperature [ITS-90, deg C]
# name 2 = c0S/m: Conductivity [S/m]
# name 3 = sal00: Salinity, Practical [PSU]
# name 4 = scan: Scan Count
# name 5 = timeM: Time, Elapsed [minutes]
# name 6 = flag:  0.000e+00
# span 0 =     -0.229,     80.370                 
# span 1 =     7.4143,    21.3047                 
# span 2 =   0.000022,   4.333463                 
# span 3 =     0.0104,    33.3056                 
# span 4 =         11,       2004                 
# span 5 =     0.0417,     8.3458                 
# span 6 = 0.0000e+00, 0.0000e+00                 
# interval = seconds: 0.25
# start_time = May 27 2024 18:01:11 [NMEA time, header]
# bad_flag = -9.990e-29
*END*
[from data line 1231]
     43.877    11.1977   3.748868    33.2544       1242     5.1708  0.000e+00
     43.837    11.2436   3.751258    33.2366       1243     5.1750  0.000e+00
     43.801    11.2760   3.751550    33.2103       1244     5.1792  0.000e+00
     43.755    11.2976   3.751837    33.1937       1245     5.1833  0.000e+00
     43.699    11.3113   3.752501    33.1879       1246     5.1875  0.000e+00
     43.645    11.3209   3.753231    33.1865       1247     5.1917  0.000e+00
     43.592    11.3282   3.752371    33.1715       1248     5.1958  0.000e+00
     43.534    11.3310   3.751484    33.1602       1249     5.2000  0.000e+00
     43.471    11.3297   3.751094    33.1576       1250     5.2042  0.000e+00
     43.402    11.3268   3.750755    33.1570       1251     5.2083  0.000e+00
     43.330    11.3238   3.750494    33.1570       1252     5.2125  0.000e+00
     43.259    11.3212   3.750768    33.1622       1253     5.2167  0.000e+00
     43.195    11.3203   3.752410    33.1791       1254     5.2208  0.000e+00
     43.125    11.3240   3.752416    33.1759       1255     5.2250  0.000e+00
     43.056    11.3287   3.752533    33.1729       1256     5.2292  0.000e+00
     42.989    11.3305   3.753185    33.1777       1257     5.2333  0.000e+00
     42.918    11.3349   3.756391    33.2053       1258     5.2375  0.000e+00
     42.862    11.3460   3.755772    33.1893       1259     5.2417  0.000e+00
     42.806    11.3536   3.759136    33.2156       1260     5.2458  0.000e+00
     42.753    11.3685   3.764771    33.2576       1261     5.2500  0.000e+00
     42.701    11.3954   3.765130    33.2369       1262     5.2542  0.000e+00
     42.647    11.4182   3.768059    33.2453       1263     5.2583  0.000e+00
     42.601    11.4390   3.769169    33.2374       1264     5.2625  0.000e+00
     42.557    11.4578   3.773099    33.2592       1265     5.2667  0.000e+00
     42.514    11.4805   3.776377    33.2709       1266     5.2708  0.000e+00
     42.473    11.5057   3.778644    33.2705       1267     5.2750  0.000e+00
     42.435    11.5303   3.777494    33.2371       1268     5.2792  0.000e+00
     42.391    11.5451   3.781911    33.2671       1269     5.2833  0.000e+00
     42.346    11.5623   3.785434    33.2862       1270     5.2875  0.000e+00
     42.300    11.5874   3.785794    33.2672       1271     5.2917  0.000e+00
     42.250    11.6072   3.788324    33.2742       1272     5.2958  0.000e+00
     42.194    11.6247   3.788566    33.2609       1273     5.3000  0.000e+00
     42.134    11.6375   3.786630    33.2305       1274     5.3042  0.000e+00
     42.074    11.6411   3.787847    33.2392       1275     5.3083  0.000e+00
     42.014    11.6432   3.786120    33.2205       1276     5.3125  0.000e+00
     41.951    11.6410   3.783492    33.1968       1277     5.3167  0.000e+00
     41.878    11.6316   3.785107    33.2210       1278     5.3208  0.000e+00
     41.824    11.6269   3.787114    33.2449       1279     5.3250  0.000e+00
     41.759    11.6312   3.783956    33.2102       1280     5.3292  0.000e+00
     41.699    11.6286   3.785950    33.2320       1281     5.3333  0.000e+00
     41.643    11.6289   3.788880    33.2605       1282     5.3375  0.000e+00
     41.594    11.6378   3.787827    33.2422       1283     5.3417  0.000e+00
     41.536    11.6435   3.788383    33.2425       1284     5.3458  0.000e+00
     41.489    11.6471   3.787899    33.2346       1285     5.3500  0.000e+00
     41.441    11.6488   3.788631    33.2402       1286     5.3542  0.000e+00
     41.387    11.6504   3.788441    33.2370       1287     5.3583  0.000e+00
     41.342    11.6519   3.788206    33.2333       1288     5.3625  0.000e+00
     41.293    11.6519   3.788134    33.2326       1289     5.3667  0.000e+00
     41.240    11.6512   3.788075    33.2327       1290     5.3708  0.000e+00
     41.184    11.6506   3.787781    33.2304       1291     5.3750  0.000e+00
     41.125    11.6494   3.786930    33.2232       1292     5.3792  0.000e+00
     41.065    11.6462   3.786702    33.2238       1293     5.3833  0.000e+00
     41.009    11.6434   3.787002    33.2294       1294     5.3875  0.000e+00
     40.945    11.6419   3.787009    33.2308       1295     5.3917  0.000e+00
     40.882    11.6413   3.786257    33.2240       1296     5.3958  0.000e+00
     40.826    11.6393   3.787604    33.2390       1297     5.4000  0.000e+00
     40.768    11.6409   3.787571    33.2373       1298     5.4042  0.000e+00
     40.717    11.6437   3.786420    33.2235       1299     5.4083  0.000e+00
     40.665    11.6428   3.788886    33.2485       1300     5.4125  0.000e+00
     40.614    11.6481   3.792746    33.2814       1301     5.4167  0.000e+00
     40.567    11.6626   3.791777    33.2590       1302     5.4208  0.000e+00
     40.527    11.6724   3.794696    33.2787       1303     5.4250  0.000e+00
     40.482    11.6852   3.796077    33.2807       1304     5.4292  0.000e+00
     40.438    11.7003   3.798532    33.2912       1305     5.4333  0.000e+00
     40.394    11.7159   3.801335    33.3045       1306     5.4375  0.000e+00
     40.351    11.7361   3.801832    33.2914       1307     5.4417  0.000e+00
     40.306    11.7512   3.800155    33.2615       1308     5.4458  0.000e+00
     40.251    11.7551   3.796914    33.2264       1309     5.4500  0.000e+00
     40.188    11.7480   3.797189    33.2355       1310     5.4542  0.000e+00
     40.123    11.7407   3.799946    33.2689       1311     5.4583  0.000e+00
     40.051    11.7432   3.803240    33.2989       1312     5.4625  0.000e+00
     39.976    11.7570   3.803017    33.2843       1313     5.4667  0.000e+00
     39.900    11.7683   3.803456    33.2785       1314     5.4708  0.000e+00
     39.815    11.7759   3.805042    33.2872       1315     5.4750  0.000e+00
     39.728    11.7849   3.805389    33.2825       1316     5.4792  0.000e+00
     39.640    11.7923   3.805467    33.2767       1317     5.4833  0.000e+00
     39.555    11.7973   3.805297    33.2706       1318     5.4875  0.000e+00
     39.475    11.7999   3.806732    33.2823       1319     5.4917  0.000e+00
     39.404    11.8047   3.807020    33.2809       1320     5.4958  0.000e+00
     39.337    11.8095   3.807335    33.2796       1321     5.5000  0.000e+00
     39.278    11.8138   3.807374    33.2762       1322     5.5042  0.000e+00
     39.221    11.8167   3.807918    33.2789       1323     5.5083  0.000e+00
     39.178    11.8194   3.807754    33.2750       1324     5.5125  0.000e+00
     39.136    11.8215   3.807852    33.2740       1325     5.5167  0.000e+00
     39.101    11.8224   3.807210    33.2670       1326     5.5208  0.000e+00
     39.067    11.8217   3.807269    33.2682       1327     5.5250  0.000e+00
     39.037    11.8205   3.806876    33.2655       1328     5.5292  0.000e+00
     39.005    11.8189   3.807046    33.2686       1329     5.5333  0.000e+00
     38.979    11.8178   3.807420    33.2732       1330     5.5375  0.000e+00
     38.947    11.8183   3.807288    33.2715       1331     5.5417  0.000e+00
     38.912    11.8190   3.807800    33.2759       1332     5.5458  0.000e+00
     38.884    11.8202   3.807243    33.2693       1333     5.5500  0.000e+00
     38.846    11.8201   3.807210    33.2691       1334     5.5542  0.000e+00
     38.799    11.8194   3.807203    33.2698       1335     5.5583  0.000e+00
     38.750    11.8189   3.807275    33.2709       1336     5.5625  0.000e+00
     38.697    11.8188   3.807446    33.2726       1337     5.5667  0.000e+00
     38.645    11.8193   3.807210    33.2699       1338     5.5708  0.000e+00
     38.587    11.8191   3.807046    33.2686       1339     5.5750  0.000e+00
     38.529    11.8183   3.807111    33.2699       1340     5.5792  0.000e+00
     38.469    11.8179   3.807131    33.2705       1341     5.5833  0.000e+00
     38.403    11.8176   3.807242    33.2718       1342     5.5875  0.000e+00
     38.332    11.8183   3.807917    33.2779       1343     5.5917  0.000e+00
     38.258    11.8201   3.808055    33.2776       1344     5.5958  0.000e+00
     38.176    11.8223   3.807137    33.2668       1345     5.6000  0.000e+00
     38.100    11.8213   3.806705    33.2635       1346     5.6042  0.000e+00
     38.011    11.8185   3.807393    33.2727       1347     5.6083  0.000e+00
     37.923    11.8182   3.807603    33.2750       1348     5.6125  0.000e+00
     37.830    11.8195   3.807137    33.2694       1349     5.6167  0.000e+00
     37.741    11.8193   3.807760    33.2757       1350     5.6208  0.000e+00
     37.653    11.8203   3.808035    33.2775       1351     5.6250  0.000e+00
     37.568    11.8223   3.808841    33.2836       1352     5.6292  0.000e+00
     37.494    11.8263   3.808697    33.2786       1353     5.6333  0.000e+00
     37.419    11.8291   3.808592    33.2751       1354     5.6375  0.000e+00
     37.349    11.8307   3.808599    33.2738       1355     5.6417  0.000e+00
     37.287    11.8313   3.808435    33.2717       1356     5.6458  0.000e+00
     37.231    11.8316   3.808526    33.2723       1357     5.6500  0.000e+00
     37.182    11.8318   3.808710    33.2740       1358     5.6542  0.000e+00
     37.140    11.8327   3.808743    33.2735       1359     5.6583  0.000e+00
     37.106    11.8334   3.808730    33.2728       1360     5.6625  0.000e+00
     37.066    11.8339   3.809025    33.2752       1361     5.6667  0.000e+00
     37.034    11.8351   3.809516    33.2789       1362     5.6708  0.000e+00
     37.002    11.8376   3.809523    33.2768       1363     5.6750  0.000e+00
     36.976    11.8397   3.809673    33.2763       1364     5.6792  0.000e+00
     36.944    11.8411   3.809903    33.2774       1365     5.6833  0.000e+00
     36.915    11.8428   3.810126    33.2780       1366     5.6875  0.000e+00
     36.881    11.8447   3.810204    33.2771       1367     5.6917  0.000e+00
     36.841    11.8462   3.810099    33.2748       1368     5.6958  0.000e+00
     36.795    11.8467   3.810204    33.2753       1369     5.7000  0.000e+00
     36.748    11.8475   3.810598    33.2785       1370     5.7042  0.000e+00
     36.690    11.8489   3.810801    33.2792       1371     5.7083  0.000e+00
     36.627    11.8510   3.810866    33.2781       1372     5.7125  0.000e+00
     36.564    11.8525   3.810893    33.2770       1373     5.7167  0.000e+00
     36.494    11.8534   3.810820    33.2755       1374     5.7208  0.000e+00
     36.427    11.8538   3.810755    33.2745       1375     5.7250  0.000e+00
     36.356    11.8539   3.810866    33.2756       1376     5.7292  0.000e+00
     36.278    11.8542   3.810552    33.2723       1377     5.7333  0.000e+00
     36.208    11.8537   3.810565    33.2729       1378     5.7375  0.000e+00
     36.132    11.8533   3.810460    33.2723       1379     5.7417  0.000e+00
     36.052    11.8525   3.810040    33.2689       1380     5.7458  0.000e+00
     35.976    11.8512   3.809902    33.2687       1381     5.7500  0.000e+00
     35.901    11.8495   3.810040    33.2716       1382     5.7542  0.000e+00
     35.833    11.8488   3.810034    33.2722       1383     5.7583  0.000e+00
     35.757    11.8486   3.809640    33.2686       1384     5.7625  0.000e+00
     35.686    11.8469   3.808775    33.2617       1385     5.7667  0.000e+00
     35.621    11.8438   3.808290    33.2598       1386     5.7708  0.000e+00
     35.559    11.8399   3.807851    33.2590       1387     5.7750  0.000e+00
     35.491    11.8357   3.802648    33.2122       1388     5.7792  0.000e+00
     35.431    11.8200   3.795543    33.1571       1389     5.7833  0.000e+00
     35.367    11.7900   3.793888    33.1678       1390     5.7875  0.000e+00
     35.307    11.7615   3.792566    33.1804       1391     5.7917  0.000e+00
     35.246    11.7401   3.792102    33.1951       1392     5.7958  0.000e+00
     35.186    11.7253   3.789903    33.1869       1393     5.8000  0.000e+00
     35.133    11.7112   3.789145    33.1921       1394     5.8042  0.000e+00
     35.075    11.6993   3.788360    33.1951       1395     5.8083  0.000e+00
     35.025    11.6893   3.787052    33.1913       1396     5.8125  0.000e+00
     34.970    11.6795   3.784286    33.1731       1397     5.8167  0.000e+00
     34.923    11.6652   3.782711    33.1705       1398     5.8208  0.000e+00
     34.867    11.6502   3.782266    33.1796       1399     5.8250  0.000e+00
     34.814    11.6392   3.782103    33.1879       1400     5.8292  0.000e+00
     34.765    11.6319   3.781685    33.1904       1401     5.8333  0.000e+00
     34.713    11.6266   3.781149    33.1898       1402     5.8375  0.000e+00
     34.664    11.6219   3.781005    33.1927       1403     5.8417  0.000e+00
     34.606    11.6179   3.780652    33.1928       1404     5.8458  0.000e+00
     34.555    11.6152   3.780842    33.1971       1405     5.8500  0.000e+00
     34.496    11.6137   3.781567    33.2056       1406     5.8542  0.000e+00
     34.436    11.6155   3.782267    33.2109       1407     5.8583  0.000e+00
     34.382    11.6194   3.782783    33.2124       1408     5.8625  0.000e+00
     34.315    11.6241   3.783358    33.2139       1409     5.8667  0.000e+00
     34.246    11.6291   3.784169    33.2173       1410     5.8708  0.000e+00
     34.174    11.6350   3.784469    33.2151       1411     5.8750  0.000e+00
     34.102    11.6401   3.784920    33.2149       1412     5.8792  0.000e+00
     34.030    11.6448   3.785882    33.2201       1413     5.8833  0.000e+00
     33.953    11.6506   3.786346    33.2195       1414     5.8875  0.000e+00
     33.874    11.6567   3.786437    33.2150       1415     5.8917  0.000e+00
     33.799    11.6609   3.785574    33.2028       1416     5.8958  0.000e+00
     33.725    11.6615   3.784874    33.1954       1417     5.9000  0.000e+00
     33.658    11.6597   3.784613    33.1945       1418     5.9042  0.000e+00
     33.591    11.6575   3.784430    33.1948       1419     5.9083  0.000e+00
     33.531    11.6553   3.784286    33.1954       1420     5.9125  0.000e+00
     33.470    11.6538   3.784234    33.1962       1421     5.9167  0.000e+00
     33.421    11.6529   3.784162    33.1964       1422     5.9208  0.000e+00
     33.381    11.6522   3.783887    33.1943       1423     5.9250  0.000e+00
     33.337    11.6511   3.783822    33.1947       1424     5.9292  0.000e+00
     33.299    11.6501   3.783769    33.1950       1425     5.9333  0.000e+00
     33.266    11.6496   3.783802    33.1958       1426     5.9375  0.000e+00
     33.223    11.6493   3.783841    33.1965       1427     5.9417  0.000e+00
     33.192    11.6491   3.783756    33.1958       1428     5.9458  0.000e+00
     33.141    11.6489   3.783697    33.1955       1429     5.9500  0.000e+00
     33.093    11.6487   3.783331    33.1921       1430     5.9542  0.000e+00
     33.040    11.6477   3.782808    33.1879       1431     5.9583  0.000e+00
     32.988    11.6460   3.782691    33.1883       1432     5.9625  0.000e+00
     32.925    11.6441   3.782593    33.1890       1433     5.9667  0.000e+00
     32.861    11.6428   3.782220    33.1867       1434     5.9708  0.000e+00
     32.794    11.6416   3.781566    33.1814       1435     5.9750  0.000e+00
     32.725    11.6405   3.781586    33.1825       1436     5.9792  0.000e+00
     32.650    11.6405   3.782416    33.1907       1437     5.9833  0.000e+00
     32.575    11.6430   3.782220    33.1866       1438     5.9875  0.000e+00
     32.500    11.6453   3.781122    33.1738       1439     5.9917  0.000e+00
     32.422    11.6443   3.780462    33.1683       1440     5.9958  0.000e+00
     32.344    11.6405   3.774014    33.1087       1441     6.0000  0.000e+00
     32.273    11.6219   3.768216    33.0687       1442     6.0042  0.000e+00
     32.203    11.5900   3.767564    33.0909       1443     6.0083  0.000e+00
     32.126    11.5647   3.766651    33.1045       1444     6.0125  0.000e+00
     32.059    11.5475   3.767395    33.1272       1445     6.0167  0.000e+00
