HB2403/sbe003.cnv
* Sea-Bird SBE 19plus V2 Data File:
* FileName = C:\cruise\data\sbe003.hex
* Software Version Seasave V 7.26.7.121
* Temperature SN = 6128
* Conductivity SN = 6128
* System UpLoad Time = May 26 2024 04:09:02
* NMEA Latitude = 40 50.38 N
* NMEA Longitude = 070 19.21 W
* NMEA UTC (Time) = May 26 2024  04:09:25
** Ship: Henry Bigelow
** Cruise:  HB2403
** Program:  ECOMON
# nquan = 7
# nvalues = 1416                                  
# units = specified
# name 0 = depSM: Depth [salt water, m]
# name 1 = tv290C: Temperature [ITS-90, deg C]
# name 2 = c0S/m: Conductivity [S/m]
# name 3 = sal00: Salinity, Practical [PSU]
# name 4 = scan: Scan Count
# name 5 = timeM: Time, Elapsed [minutes]
# name 6 = flag:  0.000e+00
# span 0 =      0.035,     42.129                 
# span 1 =     8.5011,    12.8222                 
# span 2 =  -0.000005,   3.698434                 
# span 3 =     0.0000,    32.0540                 
# span 4 =         11,       1426                 
# span 5 =     0.0417,     5.9375                 
# span 6 = 0.0000e+00, 0.0000e+00                 
# interval = seconds: 0.25
# start_time = May 26 2024 04:09:25 [NMEA time, header]
# bad_flag = -9.990e-29
*END*
      0.086    12.6768   0.000001     0.0067         11     0.0417  0.000e+00
      0.081    12.6769   0.000007     0.0066         12     0.0458  0.000e+00
      0.081    12.6770   0.000007     0.0066         13     0.0500  0.000e+00
      0.079    12.6770   0.000001     0.0067         14     0.0542  0.000e+00
      0.081    12.6770   0.000007     0.0066         15     0.0583  0.000e+00
      0.079    12.6770   0.000007     0.0066         16     0.0625  0.000e+00
      0.078    12.6770   0.000001     0.0067         17     0.0667  0.000e+00
      0.076    12.6770   0.000007     0.0066         18     0.0708  0.000e+00
      0.076    12.6770   0.000007     0.0066         19     0.0750  0.000e+00
      0.074    12.6770   0.000004     0.0067         20     0.0792  0.000e+00
      0.077    12.6770  -0.000005     0.0000         21     0.0833  0.000e+00
      0.072    12.6770   0.000007     0.0066         22     0.0875  0.000e+00
      0.074    12.6770  -0.000002     0.0000         23     0.0917  0.000e+00
      0.070    12.6769  -0.000005     0.0000         24     0.0958  0.000e+00
      0.071    12.6772   0.000013     0.0066         25     0.1000  0.000e+00
      0.063    12.6772   0.000004     0.0067         26     0.1042  0.000e+00
      0.069    12.6773   0.000007     0.0066         27     0.1083  0.000e+00
      0.066    12.6769   0.000007     0.0066         28     0.1125  0.000e+00
      0.067    12.6771   0.000007     0.0066         29     0.1167  0.000e+00
      0.068    12.6769   0.000007     0.0066         30     0.1208  0.000e+00
      0.066    12.6772   0.000013     0.0066         31     0.1250  0.000e+00
      0.066    12.6772   0.000013     0.0066         32     0.1292  0.000e+00
      0.062    12.6768   0.000007     0.0066         33     0.1333  0.000e+00
      0.064    12.6773   0.000007     0.0066         34     0.1375  0.000e+00
      0.066    12.6774   0.000007     0.0066         35     0.1417  0.000e+00
      0.066    12.6770   0.000007     0.0066         36     0.1458  0.000e+00
      0.065    12.6772   0.000013     0.0066         37     0.1500  0.000e+00
      0.063    12.6773   0.000013     0.0066         38     0.1542  0.000e+00
      0.061    12.6772   0.000007     0.0066         39     0.1583  0.000e+00
      0.059    12.6769   0.000007     0.0066         40     0.1625  0.000e+00
      0.060    12.6768   0.000019     0.0066         41     0.1667  0.000e+00
      0.061    12.6772   0.000013     0.0066         42     0.1708  0.000e+00
      0.060    12.6769   0.000013     0.0066         43     0.1750  0.000e+00
      0.060    12.6769   0.000019     0.0066         44     0.1792  0.000e+00
      0.062    12.6770   0.000007     0.0066         45     0.1833  0.000e+00
      0.058    12.6772   0.000013     0.0066         46     0.1875  0.000e+00
      0.058    12.6771   0.000019     0.0066         47     0.1917  0.000e+00
      0.058    12.6771   0.000007     0.0066         48     0.1958  0.000e+00
      0.058    12.6772   0.000007     0.0066         49     0.2000  0.000e+00
      0.060    12.6774   0.000019     0.0066         50     0.2042  0.000e+00
      0.055    12.6769   0.000013     0.0066         51     0.2083  0.000e+00
      0.059    12.6771   0.000007     0.0066         52     0.2125  0.000e+00
      0.060    12.6768   0.000013     0.0066         53     0.2167  0.000e+00
      0.057    12.6774   0.000007     0.0066         54     0.2208  0.000e+00
      0.056    12.6772   0.000007     0.0066         55     0.2250  0.000e+00
      0.057    12.6772   0.000013     0.0066         56     0.2292  0.000e+00
      0.056    12.6769   0.000007     0.0066         57     0.2333  0.000e+00
      0.055    12.6772   0.000007     0.0066         58     0.2375  0.000e+00
      0.053    12.6768   0.000013     0.0066         59     0.2417  0.000e+00
      0.058    12.6770   0.000007     0.0066         60     0.2458  0.000e+00
      0.058    12.6770   0.000013     0.0066         61     0.2500  0.000e+00
      0.057    12.6770   0.000013     0.0066         62     0.2542  0.000e+00
      0.053    12.6768   0.000007     0.0066         63     0.2583  0.000e+00
      0.055    12.6768   0.000013     0.0066         64     0.2625  0.000e+00
      0.053    12.6770   0.000013     0.0066         65     0.2667  0.000e+00
      0.053    12.6768   0.000007     0.0066         66     0.2708  0.000e+00
      0.051    12.6770   0.000013     0.0066         67     0.2750  0.000e+00
      0.053    12.6768   0.000013     0.0066         68     0.2792  0.000e+00
      0.050    12.6769   0.000013     0.0066         69     0.2833  0.000e+00
      0.049    12.6767   0.000013     0.0066         70     0.2875  0.000e+00
      0.050    12.6769   0.000013     0.0066         71     0.2917  0.000e+00
      0.048    12.6765   0.000013     0.0066         72     0.2958  0.000e+00
      0.049    12.6769   0.000007     0.0066         73     0.3000  0.000e+00
      0.051    12.6770   0.000013     0.0066         74     0.3042  0.000e+00
      0.044    12.6768   0.000013     0.0066         75     0.3083  0.000e+00
      0.049    12.6768   0.000001     0.0067         76     0.3125  0.000e+00
      0.048    12.6767   0.000013     0.0066         77     0.3167  0.000e+00
      0.048    12.6770   0.000019     0.0066         78     0.3208  0.000e+00
      0.050    12.6772   0.000007     0.0066         79     0.3250  0.000e+00
      0.048    12.6766   0.000013     0.0066         80     0.3292  0.000e+00
      0.048    12.6769   0.000019     0.0066         81     0.3333  0.000e+00
      0.045    12.6768   0.000004     0.0067         82     0.3375  0.000e+00
      0.046    12.6767   0.000013     0.0066         83     0.3417  0.000e+00
      0.048    12.6765   0.000013     0.0066         84     0.3458  0.000e+00
      0.051    12.6768   0.000013     0.0066         85     0.3500  0.000e+00
      0.049    12.6767   0.000013     0.0066         86     0.3542  0.000e+00
      0.053    12.6765   0.000013     0.0066         87     0.3583  0.000e+00
      0.047    12.6764   0.000019     0.0066         88     0.3625  0.000e+00
      0.049    12.6766   0.000013     0.0066         89     0.3667  0.000e+00
      0.048    12.6768   0.000013     0.0066         90     0.3708  0.000e+00
      0.050    12.6764   0.000019     0.0066         91     0.3750  0.000e+00
      0.045    12.6765   0.000013     0.0066         92     0.3792  0.000e+00
      0.048    12.6765   0.000013     0.0066         93     0.3833  0.000e+00
      0.046    12.6766   0.000013     0.0066         94     0.3875  0.000e+00
      0.044    12.6766   0.000007     0.0066         95     0.3917  0.000e+00
      0.044    12.6766   0.000013     0.0066         96     0.3958  0.000e+00
      0.040    12.6764   0.000019     0.0066         97     0.4000  0.000e+00
      0.044    12.6763   0.000013     0.0066         98     0.4042  0.000e+00
      0.048    12.6764   0.000013     0.0066         99     0.4083  0.000e+00
      0.046    12.6767   0.000013     0.0066        100     0.4125  0.000e+00
      0.044    12.6766   0.000013     0.0066        101     0.4167  0.000e+00
      0.042    12.6765   0.000013     0.0066        102     0.4208  0.000e+00
      0.041    12.6762   0.000019     0.0066        103     0.4250  0.000e+00
      0.039    12.6766   0.000007     0.0066        104     0.4292  0.000e+00
      0.043    12.6765   0.000019     0.0066        105     0.4333  0.000e+00
      0.043    12.6761   0.000013     0.0066        106     0.4375  0.000e+00
      0.043    12.6762   0.000007     0.0066        107     0.4417  0.000e+00
      0.041    12.6764   0.000013     0.0066        108     0.4458  0.000e+00
      0.045    12.6760   0.000013     0.0066        109     0.4500  0.000e+00
      0.047    12.6764   0.000013     0.0066        110     0.4542  0.000e+00
      0.046    12.6762   0.000007     0.0066        111     0.4583  0.000e+00
      0.043    12.6760   0.000019     0.0066        112     0.4625  0.000e+00
      0.045    12.6763   0.000013     0.0066        113     0.4667  0.000e+00
      0.037    12.6765   0.000007     0.0066        114     0.4708  0.000e+00
      0.035    12.6760   0.000019     0.0066        115     0.4750  0.000e+00
      0.039    12.6763   0.000013     0.0066        116     0.4792  0.000e+00
      0.042    12.6764   0.000004     0.0067        117     0.4833  0.000e+00
      0.044    12.6762   0.000013     0.0066        118     0.4875  0.000e+00
      0.041    12.6761   0.000019     0.0066        119     0.4917  0.000e+00
      0.037    12.6761   0.000013     0.0066        120     0.4958  0.000e+00
      0.044    12.6760   0.000013     0.0066        121     0.5000  0.000e+00
      0.043    12.6761   0.000007     0.0066        122     0.5042  0.000e+00
      0.045    12.6759   0.000007     0.0066        123     0.5083  0.000e+00
      0.043    12.6755   0.000019     0.0066        124     0.5125  0.000e+00
      0.043    12.6758   0.000019     0.0066        125     0.5167  0.000e+00
      0.043    12.6755   0.000019     0.0066        126     0.5208  0.000e+00
      0.043    12.6755   0.000013     0.0066        127     0.5250  0.000e+00
      0.043    12.6758   0.000013     0.0066        128     0.5292  0.000e+00
      0.041    12.6759   0.000013     0.0066        129     0.5333  0.000e+00
      0.041    12.6757   0.000013     0.0066        130     0.5375  0.000e+00
      0.047    12.6755   0.000019     0.0066        131     0.5417  0.000e+00
      0.045    12.6755   0.000007     0.0066        132     0.5458  0.000e+00
      0.043    12.6756   0.000007     0.0066        133     0.5500  0.000e+00
      0.039    12.6754   0.000019     0.0066        134     0.5542  0.000e+00
      0.045    12.6758   0.000013     0.0066        135     0.5583  0.000e+00
      0.042    12.6756   0.000013     0.0066        136     0.5625  0.000e+00
      0.036    12.6754   0.000013     0.0066        137     0.5667  0.000e+00
      0.041    12.6754   0.000013     0.0066        138     0.5708  0.000e+00
      0.048    12.6753   0.000013     0.0066        139     0.5750  0.000e+00
      0.046    12.6747   0.000007     0.0066        140     0.5792  0.000e+00
      0.063    12.6740   0.000019     0.0066        141     0.5833  0.000e+00
      0.227    12.6760   0.000022     0.0066        142     0.5875  0.000e+00
      0.387    12.6802   0.086977     0.5687        143     0.5917  0.000e+00
      0.559    12.6856   1.075093     8.1681        144     0.5958  0.000e+00
      0.720    12.6968   2.678687    22.0429        145     0.6000  0.000e+00
      0.877    12.7188   1.618009    12.7030        146     0.6042  0.000e+00
      1.019    12.7485   1.217175     9.3242        147     0.6083  0.000e+00
      1.141    12.7819   2.906531    24.0602        148     0.6125  0.000e+00
      1.262    12.8051   2.141100    17.1963        149     0.6167  0.000e+00
      1.391    12.8173   2.252407    18.1700        150     0.6208  0.000e+00
      1.524    12.8222   2.405979    19.5281        151     0.6250  0.000e+00
      1.663    12.8185   2.970917    24.6243        152     0.6292  0.000e+00
      1.784    12.7984   3.675492    31.1813        153     0.6333  0.000e+00
      1.905    12.7691   3.698434    31.4221        154     0.6375  0.000e+00
      2.030    12.7381   3.696498    31.4295        155     0.6417  0.000e+00
      2.169    12.7091   3.690568    31.3975        156     0.6458  0.000e+00
      2.313    12.6834   3.685340    31.3694        157     0.6500  0.000e+00
      2.475    12.6623   3.680865    31.3445        158     0.6542  0.000e+00
      2.632    12.6450   3.678066    31.3323        159     0.6583  0.000e+00
      2.791    12.6310   3.677530    31.3389        160     0.6625  0.000e+00
      2.939    12.6196   3.677304    31.3461        161     0.6667  0.000e+00
      3.089    12.6100   3.676735    31.3487        162     0.6708  0.000e+00
      3.243    12.6019   3.677465    31.3623        163     0.6750  0.000e+00
      3.369    12.5938   3.675262    31.3481        164     0.6792  0.000e+00
      3.498    12.5856   3.672503    31.3287        165     0.6833  0.000e+00
      3.606    12.5787   3.670895    31.3192        166     0.6875  0.000e+00
      3.712    12.5725   3.670308    31.3187        167     0.6917  0.000e+00
      3.799    12.5672   3.619501    30.8416        168     0.6958  0.000e+00
      3.891    12.5635   3.275284    27.6098        169     0.7000  0.000e+00
      3.982    12.5606   3.115682    26.1284        170     0.7042  0.000e+00
      4.074    12.5583   2.783514    23.0766        171     0.7083  0.000e+00
      4.169    12.5571   2.114017    17.0696        172     0.7125  0.000e+00
      4.282    12.5565   2.158582    17.4633        173     0.7167  0.000e+00
      4.392    12.5563   2.182425    17.6743        174     0.7208  0.000e+00
      4.516    12.5583   3.363379    28.4367        175     0.7250  0.000e+00
      4.646    12.5653   3.689250    31.5041        176     0.7292  0.000e+00
      4.787    12.5784   3.690117    31.5013        177     0.7333  0.000e+00
      4.937    12.5919   3.690460    31.4932        178     0.7375  0.000e+00
      5.092    12.6007   3.689593    31.4776        179     0.7417  0.000e+00
      5.256    12.6069   3.687781    31.4551        180     0.7458  0.000e+00
      5.417    12.6117   3.685432    31.4288        181     0.7500  0.000e+00
      5.577    12.6083   3.682567    31.4044        182     0.7542  0.000e+00
      5.727    12.5753   3.676762    31.3768        183     0.7583  0.000e+00
      5.874    12.5135   3.645910    31.1353        184     0.7625  0.000e+00
      5.998    12.4373   3.628261    31.0306        185     0.7667  0.000e+00
      6.117    12.3517   3.617192    30.9960        186     0.7708  0.000e+00
      6.229    12.2629   3.614882    31.0474        187     0.7750  0.000e+00
      6.337    12.1825   3.610314    31.0705        188     0.7792  0.000e+00
      6.427    12.1144   3.601119    31.0389        189     0.7833  0.000e+00
      6.530    12.0583   3.576913    30.8536        190     0.7875  0.000e+00
      6.629    12.0129   3.553970    30.6711        191     0.7917  0.000e+00
      6.723    11.9771   3.553855    30.6994        192     0.7958  0.000e+00
      6.828    11.9462   3.555775    30.7432        193     0.8000  0.000e+00
      6.933    11.9212   3.558531    30.7903        194     0.8042  0.000e+00
      7.048    11.9039   3.558894    30.8081        195     0.8083  0.000e+00
      7.162    11.8916   3.563278    30.8603        196     0.8125  0.000e+00
      7.286    11.8795   3.608541    31.3062        197     0.8167  0.000e+00
      7.413    11.8660   3.575886    31.0028        198     0.8208  0.000e+00
      7.554    11.8554   3.566343    30.9197        199     0.8250  0.000e+00
      7.695    11.8436   3.562756    30.8949        200     0.8292  0.000e+00
      7.841    11.8229   3.565092    30.9345        201     0.8333  0.000e+00
      7.987    11.7981   3.582978    31.1277        202     0.8375  0.000e+00
      8.141    11.7733   3.595889    31.2731        203     0.8417  0.000e+00
      8.281    11.7387   3.592073    31.2652        204     0.8458  0.000e+00
      8.426    11.6861   3.582896    31.2206        205     0.8500  0.000e+00
      8.565    11.6319   3.578478    31.2233        206     0.8542  0.000e+00
      8.703    11.5531   3.571641    31.2233        207     0.8583  0.000e+00
      8.838    11.4540   3.566061    31.2527        208     0.8625  0.000e+00
      8.966    11.3325   3.555917    31.2564        209     0.8667  0.000e+00
      9.093    11.2021   3.541072    31.2218        210     0.8708  0.000e+00
      9.210    11.0493   3.528197    31.2250        211     0.8750  0.000e+00
      9.335    10.9022   3.515563    31.2258        212     0.8792  0.000e+00
      9.458    10.7811   3.500138    31.1765        213     0.8833  0.000e+00
      9.579    10.6771   3.486183    31.1269        214     0.8875  0.000e+00
      9.700    10.5904   3.484166    31.1808        215     0.8917  0.000e+00
