HB2403/sbe045.cnv
* Sea-Bird SBE 19plus V2 Data File:
* FileName = C:\cruise\data\sbe045.hex
* Software Version Seasave V 7.26.7.121
* Temperature SN = 6128
* Conductivity SN = 6128
* System UpLoad Time = Jun 05 2024 14:30:45
* NMEA Latitude = 38 28.40 N
* NMEA Longitude = 073 44.83 W
* NMEA UTC (Time) = Jun 05 2024  14:31:17
** Ship: Henry Bigelow
** Cruise:  HB2403
** Program:  ECOMON
# nquan = 7
# nvalues = 1398                                  
# units = specified
# name 0 = depSM: Depth [salt water, m]
# name 1 = tv290C: Temperature [ITS-90, deg C]
# name 2 = c0S/m: Conductivity [S/m]
# name 3 = sal00: Salinity, Practical [PSU]
# name 4 = scan: Scan Count
# name 5 = timeM: Time, Elapsed [minutes]
# name 6 = flag:  0.000e+00
# span 0 =     -0.073,     62.550                 
# span 1 =     7.9850,    22.8478                 
# span 2 =   0.000049,   4.664347                 
# span 3 =     0.0110,    33.2362                 
# span 4 =         11,       1408                 
# span 5 =     0.0417,     5.8625                 
# span 6 = 0.0000e+00, 0.0000e+00                 
# interval = seconds: 0.25
# start_time = Jun 05 2024 14:31:17 [NMEA time, header]
# bad_flag = -9.990e-29
*END*
     -0.049    22.8340   0.000058     0.0111         11     0.0417  0.000e+00
     -0.056    22.8359   0.000052     0.0111         12     0.0458  0.000e+00
     -0.054    22.8384   0.000058     0.0111         13     0.0500  0.000e+00
     -0.054    22.8399   0.000052     0.0111         14     0.0542  0.000e+00
     -0.054    22.8388   0.000058     0.0111         15     0.0583  0.000e+00
     -0.055    22.8359   0.000052     0.0111         16     0.0625  0.000e+00
     -0.057    22.8354   0.000064     0.0111         17     0.0667  0.000e+00
     -0.057    22.8364   0.000052     0.0111         18     0.0708  0.000e+00
     -0.057    22.8369   0.000058     0.0111         19     0.0750  0.000e+00
     -0.059    22.8377   0.000052     0.0111         20     0.0792  0.000e+00
     -0.059    22.8393   0.000052     0.0111         21     0.0833  0.000e+00
     -0.059    22.8405   0.000052     0.0111         22     0.0875  0.000e+00
     -0.055    22.8406   0.000064     0.0111         23     0.0917  0.000e+00
     -0.059    22.8396   0.000052     0.0111         24     0.0958  0.000e+00
     -0.057    22.8406   0.000058     0.0111         25     0.1000  0.000e+00
     -0.057    22.8423   0.000064     0.0111         26     0.1042  0.000e+00
     -0.060    22.8425   0.000070     0.0111         27     0.1083  0.000e+00
     -0.062    22.8414   0.000052     0.0111         28     0.1125  0.000e+00
     -0.060    22.8392   0.000058     0.0111         29     0.1167  0.000e+00
     -0.060    22.8393   0.000058     0.0111         30     0.1208  0.000e+00
     -0.060    22.8411   0.000049     0.0111         31     0.1250  0.000e+00
     -0.064    22.8420   0.000064     0.0111         32     0.1292  0.000e+00
     -0.064    22.8427   0.000064     0.0111         33     0.1333  0.000e+00
     -0.062    22.8438   0.000052     0.0111         34     0.1375  0.000e+00
     -0.064    22.8447   0.000058     0.0111         35     0.1417  0.000e+00
     -0.059    22.8437   0.000052     0.0111         36     0.1458  0.000e+00
     -0.062    22.8431   0.000064     0.0111         37     0.1500  0.000e+00
     -0.058    22.8436   0.000058     0.0111         38     0.1542  0.000e+00
     -0.060    22.8451   0.000064     0.0111         39     0.1583  0.000e+00
     -0.062    22.8454   0.000058     0.0111         40     0.1625  0.000e+00
     -0.066    22.8452   0.000058     0.0111         41     0.1667  0.000e+00
     -0.066    22.8454   0.000058     0.0111         42     0.1708  0.000e+00
     -0.068    22.8450   0.000064     0.0111         43     0.1750  0.000e+00
     -0.060    22.8444   0.000058     0.0111         44     0.1792  0.000e+00
     -0.062    22.8457   0.000064     0.0111         45     0.1833  0.000e+00
     -0.069    22.8477   0.000064     0.0111         46     0.1875  0.000e+00
     -0.064    22.8478   0.000058     0.0111         47     0.1917  0.000e+00
     -0.062    22.8415   0.000052     0.0111         48     0.1958  0.000e+00
     -0.064    22.8329   0.000064     0.0111         49     0.2000  0.000e+00
     -0.067    22.8300   0.000058     0.0111         50     0.2042  0.000e+00
     -0.071    22.8307   0.000052     0.0111         51     0.2083  0.000e+00
     -0.065    22.8328   0.000064     0.0111         52     0.2125  0.000e+00
     -0.065    22.8325   0.000064     0.0111         53     0.2167  0.000e+00
     -0.069    22.8244   0.000058     0.0111         54     0.2208  0.000e+00
     -0.067    22.8161   0.000052     0.0111         55     0.2250  0.000e+00
     -0.067    22.8142   0.000064     0.0111         56     0.2292  0.000e+00
     -0.069    22.8151   0.000058     0.0111         57     0.2333  0.000e+00
     -0.069    22.8144   0.000058     0.0111         58     0.2375  0.000e+00
     -0.069    22.8070   0.000058     0.0111         59     0.2417  0.000e+00
     -0.067    22.8017   0.000058     0.0111         60     0.2458  0.000e+00
     -0.069    22.8017   0.000058     0.0111         61     0.2500  0.000e+00
     -0.067    22.8036   0.000058     0.0111         62     0.2542  0.000e+00
     -0.069    22.8021   0.000064     0.0110         63     0.2583  0.000e+00
     -0.069    22.7947   0.000052     0.0111         64     0.2625  0.000e+00
     -0.067    22.7879   0.000058     0.0110         65     0.2667  0.000e+00
     -0.067    22.7873   0.000058     0.0110         66     0.2708  0.000e+00
     -0.063    22.7888   0.000052     0.0111         67     0.2750  0.000e+00
     -0.063    22.7906   0.000058     0.0110         68     0.2792  0.000e+00
     -0.065    22.7874   0.000052     0.0111         69     0.2833  0.000e+00
     -0.063    22.7789   0.000058     0.0110         70     0.2875  0.000e+00
     -0.063    22.7732   0.000058     0.0110         71     0.2917  0.000e+00
     -0.067    22.7729   0.000064     0.0110         72     0.2958  0.000e+00
     -0.069    22.7753   0.000064     0.0110         73     0.3000  0.000e+00
     -0.067    22.7782   0.000052     0.0111         74     0.3042  0.000e+00
     -0.067    22.7796   0.000070     0.0110         75     0.3083  0.000e+00
     -0.070    22.7811   0.000064     0.0110         76     0.3125  0.000e+00
     -0.070    22.7799   0.000058     0.0110         77     0.3167  0.000e+00
     -0.072    22.7774   0.000064     0.0110         78     0.3208  0.000e+00
     -0.070    22.7762   0.000058     0.0110         79     0.3250  0.000e+00
     -0.072    22.7773   0.000058     0.0110         80     0.3292  0.000e+00
     -0.067    22.7801   0.000052     0.0111         81     0.3333  0.000e+00
     -0.065    22.7829   0.000070     0.0110         82     0.3375  0.000e+00
     -0.068    22.7838   0.000058     0.0110         83     0.3417  0.000e+00
     -0.066    22.7802   0.000058     0.0110         84     0.3458  0.000e+00
     -0.068    22.7774   0.000064     0.0110         85     0.3500  0.000e+00
     -0.068    22.7763   0.000064     0.0110         86     0.3542  0.000e+00
     -0.070    22.7763   0.000052     0.0111         87     0.3583  0.000e+00
     -0.068    22.7770   0.000064     0.0110         88     0.3625  0.000e+00
     -0.061    22.7784   0.000064     0.0110         89     0.3667  0.000e+00
     -0.072    22.7719   0.000064     0.0110         90     0.3708  0.000e+00
     -0.073    22.7523   0.000064     0.0110         91     0.3750  0.000e+00
     -0.068    22.7414   0.000058     0.0110         92     0.3792  0.000e+00
     -0.063    22.7395   0.000058     0.0110         93     0.3833  0.000e+00
     -0.068    22.7410   0.000058     0.0110         94     0.3875  0.000e+00
     -0.072    22.7414   0.000064     0.0110         95     0.3917  0.000e+00
     -0.072    22.7318   0.000052     0.0110         96     0.3958  0.000e+00
     -0.070    22.7231   0.000058     0.0110         97     0.4000  0.000e+00
     -0.066    22.7223   0.000070     0.0110         98     0.4042  0.000e+00
     -0.071    22.7241   0.000067     0.0110         99     0.4083  0.000e+00
     -0.063    22.7226   0.000058     0.0110        100     0.4125  0.000e+00
      0.161    22.7209   0.000070     0.0110        101     0.4167  0.000e+00
      0.447    22.7184   0.000049     0.0110        102     0.4208  0.000e+00
      0.709    22.2928   3.434483    22.9019        103     0.4250  0.000e+00
      0.992    21.3021   4.664347    32.9321        104     0.4292  0.000e+00
      1.268    20.5051   4.191871    29.7790        105     0.4333  0.000e+00
      1.499    19.8767   3.191032    22.3357        106     0.4375  0.000e+00
      1.716    19.3557   2.248145    15.3947        107     0.4417  0.000e+00
      1.915    18.9968   0.920307     5.8984        108     0.4458  0.000e+00
      2.101    18.7873   1.044717     6.7949        109     0.4500  0.000e+00
      2.271    18.6735   0.827334     5.3013        110     0.4542  0.000e+00
      2.413    18.6182   1.213818     8.0213        111     0.4583  0.000e+00
      2.549    18.5913   0.753037     4.8016        112     0.4625  0.000e+00
      2.673    18.5783   2.097911    14.5424        113     0.4667  0.000e+00
      2.798    18.5829   4.212736    31.3506        114     0.4708  0.000e+00
      2.941    18.6428   4.323175    32.2228        115     0.4750  0.000e+00
      3.098    18.7340   4.342890    32.3155        116     0.4792  0.000e+00
      3.271    18.7997   4.320377    32.0773        117     0.4833  0.000e+00
      3.472    18.8497   4.274757    31.6610        118     0.4875  0.000e+00
      3.674    18.9009   4.225349    31.2141        119     0.4917  0.000e+00
      3.878    18.8914   4.186231    30.8990        120     0.4958  0.000e+00
      4.079    18.7794   4.150698    30.6895        121     0.5000  0.000e+00
      4.270    18.6257   4.130782    30.6389        122     0.5042  0.000e+00
      4.463    18.4810   4.120179    30.6586        123     0.5083  0.000e+00
      4.644    18.3560   4.111068    30.6759        124     0.5125  0.000e+00
      4.821    18.2369   4.099865    30.6715        125     0.5167  0.000e+00
      4.967    18.1061   4.086751    30.6597        126     0.5208  0.000e+00
      5.087    17.9708   4.077448    30.6831        127     0.5250  0.000e+00
      5.175    17.8557   4.074027    30.7409        128     0.5292  0.000e+00
      5.257    17.7606   4.074931    30.8202        129     0.5333  0.000e+00
      5.356    17.6818   4.078402    30.9092        130     0.5375  0.000e+00
      5.479    17.6160   4.081066    30.9817        131     0.5417  0.000e+00
      5.627    17.5701   4.079678    31.0049        132     0.5458  0.000e+00
      5.795    17.5365   4.074274    30.9847        133     0.5500  0.000e+00
      5.968    17.5001   4.068475    30.9631        134     0.5542  0.000e+00
      6.143    17.4595   4.061832    30.9377        135     0.5583  0.000e+00
      6.333    17.4020   4.051544    30.8940        136     0.5625  0.000e+00
      6.514    17.3231   4.040003    30.8560        137     0.5667  0.000e+00
      6.704    17.2400   4.030234    30.8360        138     0.5708  0.000e+00
      6.897    17.1624   4.023718    30.8396        139     0.5750  0.000e+00
      7.095    17.0906   4.017206    30.8387        140     0.5792  0.000e+00
      7.287    17.0205   4.010089    30.8313        141     0.5833  0.000e+00
      7.474    16.9460   4.003854    30.8348        142     0.5875  0.000e+00
      7.657    16.8665   4.000103    30.8634        143     0.5917  0.000e+00
      7.834    16.7912   3.997811    30.9015        144     0.5958  0.000e+00
      8.011    16.7250   3.998052    30.9545        145     0.6000  0.000e+00
      8.197    16.6681   3.998601    31.0032        146     0.6042  0.000e+00
      8.385    16.6108   3.999197    31.0526        147     0.6083  0.000e+00
      8.585    16.5554   3.997814    31.0835        148     0.6125  0.000e+00
      8.789    16.4983   3.999346    31.1411        149     0.6167  0.000e+00
      9.004    16.4371   3.999206    31.1875        150     0.6208  0.000e+00
      9.208    16.3808   3.999582    31.2347        151     0.6250  0.000e+00
      9.409    16.3317   3.999850    31.2754        152     0.6292  0.000e+00
      9.609    16.2890   3.999703    31.3076        153     0.6333  0.000e+00
      9.789    16.2502   4.000419    31.3442        154     0.6375  0.000e+00
      9.959    16.2095   4.001617    31.3867        155     0.6417  0.000e+00
     10.113    16.1698   4.003029    31.4303        156     0.6458  0.000e+00
     10.246    16.1322   4.003765    31.4665        157     0.6500  0.000e+00
     10.369    16.0971   4.006134    31.5150        158     0.6542  0.000e+00
     10.474    16.0647   4.008644    31.5627        159     0.6583  0.000e+00
     10.576    16.0331   4.011663    31.6143        160     0.6625  0.000e+00
     10.686    15.9965   4.015380    31.6761        161     0.6667  0.000e+00
     10.800    15.9500   4.020250    31.7561        162     0.6708  0.000e+00
     10.930    15.8882   4.025104    31.8484        163     0.6750  0.000e+00
     11.063    15.8349   4.028712    31.9232        164     0.6792  0.000e+00
     11.217    15.7982   4.028880    31.9542        165     0.6833  0.000e+00
     11.383    15.7647   4.022290    31.9229        166     0.6875  0.000e+00
     11.562    15.7084   4.012886    31.8850        167     0.6917  0.000e+00
     11.755    15.5977   3.998784    31.8493        168     0.6958  0.000e+00
     11.961    15.4545   3.982245    31.8179        169     0.7000  0.000e+00
     12.183    15.2960   3.968441    31.8230        170     0.7042  0.000e+00
     12.423    15.1207   3.951582    31.8142        171     0.7083  0.000e+00
     12.664    14.8877   3.927795    31.7898        172     0.7125  0.000e+00
     12.913    14.6005   3.902742    31.7977        173     0.7167  0.000e+00
     13.156    14.2981   3.884869    31.8833        174     0.7208  0.000e+00
     13.393    14.0129   3.869858    31.9816        175     0.7250  0.000e+00
     13.633    13.7594   3.862060    32.1210        176     0.7292  0.000e+00
     13.852    13.5361   3.851338    32.2090        177     0.7333  0.000e+00
     14.057    13.3522   3.841758    32.2750        178     0.7375  0.000e+00
     14.249    13.2072   3.834960    32.3343        179     0.7417  0.000e+00
     14.430    13.0916   3.828299    32.3701        180     0.7458  0.000e+00
     14.594    12.9816   3.818781    32.3742        181     0.7500  0.000e+00
     14.755    12.8736   3.813639    32.4180        182     0.7542  0.000e+00
     14.901    12.7531   3.814611    32.5308        183     0.7583  0.000e+00
     15.051    12.6167   3.811596    32.6200        184     0.7625  0.000e+00
     15.188    12.4893   3.813316    32.7470        185     0.7667  0.000e+00
     15.331    12.3895   3.814800    32.8483        186     0.7708  0.000e+00
     15.468    12.2972   3.815969    32.9405        187     0.7750  0.000e+00
     15.613    12.2102   3.816967    33.0267        188     0.7792  0.000e+00
     15.763    12.1316   3.816968    33.0962        189     0.7833  0.000e+00
     15.913    12.0607   3.815749    33.1472        190     0.7875  0.000e+00
     16.067    11.9950   3.813014    33.1792        191     0.7917  0.000e+00
     16.224    11.9344   3.808812    33.1923        192     0.7958  0.000e+00
     16.386    11.8814   3.802031    33.1736        193     0.8000  0.000e+00
     16.558    11.8337   3.795608    33.1536        194     0.8042  0.000e+00
     16.724    11.7748   3.789582    33.1474        195     0.8083  0.000e+00
     16.893    11.7035   3.782521    33.1421        196     0.8125  0.000e+00
     17.067    11.6045   3.772435    33.1320        197     0.8167  0.000e+00
     17.242    11.4924   3.759686    33.1074        198     0.8208  0.000e+00
     17.419    11.3501   3.745333    33.0939        199     0.8250  0.000e+00
     17.602    11.1927   3.725362    33.0381        200     0.8292  0.000e+00
     17.783    10.9873   3.697153    32.9433        201     0.8333  0.000e+00
     17.976    10.7667   3.668436    32.8560        202     0.8375  0.000e+00
     18.169    10.5595   3.650409    32.8623        203     0.8417  0.000e+00
     18.364    10.3746   3.632038    32.8449        204     0.8458  0.000e+00
     18.554    10.1832   3.613448    32.8305        205     0.8500  0.000e+00
     18.750     9.9917   3.593973    32.8070        206     0.8542  0.000e+00
     18.939     9.8222   3.577691    32.7955        207     0.8583  0.000e+00
     19.125     9.6678   3.564885    32.8054        208     0.8625  0.000e+00
     19.302     9.5254   3.552517    32.8087        209     0.8667  0.000e+00
     19.479     9.3986   3.539969    32.7958        210     0.8708  0.000e+00
     19.653     9.2916   3.532456    32.8165        211     0.8750  0.000e+00
     19.812     9.1952   3.526111    32.8395        212     0.8792  0.000e+00
     19.969     9.1145   3.519454    32.8448        213     0.8833  0.000e+00
     20.118     9.0492   3.517816    32.8880        214     0.8875  0.000e+00
     20.273     8.9986   3.515195    32.9076        215     0.8917  0.000e+00
