HB2403/sbe057.cnv
* Sea-Bird SBE 19plus V2 Data File:
* FileName = C:\cruise\data\sbe057.hex
* Software Version Seasave V 7.26.7.121
* Temperature SN = 6128
* Conductivity SN = 6128
* System UpLoad Time = Jun 06 2024 21:58:57
* NMEA Latitude = 40 29.30 N
* NMEA Longitude = 069 05.63 W
* NMEA UTC (Time) = Jun 06 2024  21:59:30
** Ship: Henry Bigelow
** Cruise:  HB2403
** Program:  ECOMON
# nquan = 7
# nvalues = 1665                                  
# units = specified
# name 0 = depSM: Depth [salt water, m]
# name 1 = tv290C: Temperature [ITS-90, deg C]
# name 2 = c0S/m: Conductivity [S/m]
# name 3 = sal00: Salinity, Practical [PSU]
# name 4 = scan: Scan Count
# name 5 = timeM: Time, Elapsed [minutes]
# name 6 = flag:  0.000e+00
# span 0 =     -0.311,     76.381                 
# span 1 =     7.5075,    15.5417                 
# span 2 =  -0.082023,   3.931547                 
# span 3 =     0.0000,    33.0834                 
# span 4 =         11,       1675                 
# span 5 =     0.0417,     6.9750                 
# span 6 = 0.0000e+00, 0.0000e+00                 
# interval = seconds: 0.25
# start_time = Jun 06 2024 21:59:30 [NMEA time, header]
# bad_flag = -9.990e-29
*END*
[from data line 616]
     73.628     7.5116   3.327870    32.2809        627     2.6083  0.000e+00
     73.570     7.5125   3.327870    32.2801        628     2.6125  0.000e+00
     73.518     7.5126   3.327857    32.2799        629     2.6167  0.000e+00
     73.468     7.5128   3.327845    32.2796        630     2.6208  0.000e+00
     73.408     7.5125   3.327807    32.2794        631     2.6250  0.000e+00
     73.343     7.5117   3.327801    32.2802        632     2.6292  0.000e+00
     73.271     7.5108   3.327783    32.2808        633     2.6333  0.000e+00
     73.195     7.5102   3.327776    32.2814        634     2.6375  0.000e+00
     73.110     7.5098   3.327783    32.2818        635     2.6417  0.000e+00
     73.005     7.5092   3.327764    32.2823        636     2.6458  0.000e+00
     72.902     7.5091   3.327758    32.2824        637     2.6500  0.000e+00
     72.786     7.5094   3.327782    32.2824        638     2.6542  0.000e+00
     72.661     7.5101   3.327782    32.2818        639     2.6583  0.000e+00
     72.531     7.5104   3.327801    32.2818        640     2.6625  0.000e+00
     72.404     7.5111   3.327869    32.2819        641     2.6667  0.000e+00
     72.270     7.5123   3.327913    32.2813        642     2.6708  0.000e+00
     72.142     7.5144   3.328043    32.2808        643     2.6750  0.000e+00
     72.023     7.5172   3.328037    32.2782        644     2.6792  0.000e+00
     71.909     7.5195   3.328043    32.2762        645     2.6833  0.000e+00
     71.806     7.5211   3.328018    32.2745        646     2.6875  0.000e+00
     71.723     7.5214   3.327869    32.2727        647     2.6917  0.000e+00
     71.647     7.5200   3.327819    32.2735        648     2.6958  0.000e+00
     71.591     7.5182   3.327763    32.2746        649     2.7000  0.000e+00
     71.546     7.5158   3.327763    32.2768        650     2.7042  0.000e+00
     71.524     7.5137   3.327757    32.2787        651     2.7083  0.000e+00
     71.519     7.5127   3.327763    32.2797        652     2.7125  0.000e+00
     71.528     7.5120   3.327763    32.2803        653     2.7167  0.000e+00
     71.548     7.5115   3.327776    32.2809        654     2.7208  0.000e+00
     71.575     7.5113   3.327782    32.2812        655     2.7250  0.000e+00
     71.610     7.5108   3.327801    32.2819        656     2.7292  0.000e+00
     71.644     7.5107   3.327782    32.2817        657     2.7333  0.000e+00
     71.673     7.5105   3.327782    32.2819        658     2.7375  0.000e+00
     71.704     7.5107   3.327801    32.2819        659     2.7417  0.000e+00
     71.719     7.5108   3.327807    32.2818        660     2.7458  0.000e+00
     71.716     7.5109   3.327807    32.2817        661     2.7500  0.000e+00
     71.683     7.5112   3.327776    32.2811        662     2.7542  0.000e+00
     71.625     7.5116   3.327739    32.2804        663     2.7583  0.000e+00
     71.551     7.5118   3.327720    32.2801        664     2.7625  0.000e+00
     71.449     7.5117   3.327776    32.2808        665     2.7667  0.000e+00
     71.331     7.5124   3.327807    32.2805        666     2.7708  0.000e+00
     71.209     7.5141   3.327838    32.2793        667     2.7750  0.000e+00
     71.075     7.5151   3.327844    32.2786        668     2.7792  0.000e+00
     70.939     7.5159   3.327869    32.2781        669     2.7833  0.000e+00
     70.807     7.5168   3.327881    32.2775        670     2.7875  0.000e+00
     70.677     7.5176   3.327887    32.2768        671     2.7917  0.000e+00
     70.552     7.5183   3.327887    32.2763        672     2.7958  0.000e+00
     70.434     7.5190   3.327900    32.2759        673     2.8000  0.000e+00
     70.331     7.5195   3.327912    32.2755        674     2.8042  0.000e+00
     70.247     7.5202   3.327918    32.2750        675     2.8083  0.000e+00
     70.186     7.5207   3.327931    32.2747        676     2.8125  0.000e+00
     70.146     7.5211   3.327887    32.2739        677     2.8167  0.000e+00
     70.128     7.5211   3.327900    32.2740        678     2.8208  0.000e+00
     70.128     7.5210   3.327912    32.2742        679     2.8250  0.000e+00
     70.150     7.5209   3.327955    32.2748        680     2.8292  0.000e+00
     70.180     7.5212   3.328018    32.2752        681     2.8333  0.000e+00
     70.222     7.5217   3.328036    32.2749        682     2.8375  0.000e+00
     70.267     7.5224   3.328061    32.2745        683     2.8417  0.000e+00
     70.323     7.5231   3.328080    32.2740        684     2.8458  0.000e+00
     70.378     7.5237   3.328098    32.2736        685     2.8500  0.000e+00
     70.436     7.5243   3.327962    32.2715        686     2.8542  0.000e+00
     70.485     7.5246   3.328098    32.2728        687     2.8583  0.000e+00
     70.521     7.5248   3.328061    32.2721        688     2.8625  0.000e+00
     70.546     7.5244   3.328043    32.2722        689     2.8667  0.000e+00
     70.546     7.5239   3.328018    32.2725        690     2.8708  0.000e+00
     70.524     7.5231   3.327974    32.2728        691     2.8750  0.000e+00
     70.475     7.5224   3.327999    32.2737        692     2.8792  0.000e+00
     70.400     7.5217   3.327763    32.2718        693     2.8833  0.000e+00
     70.306     7.5194   3.327701    32.2734        694     2.8875  0.000e+00
     70.185     7.5165   3.327676    32.2759        695     2.8917  0.000e+00
     70.059     7.5144   3.327657    32.2777        696     2.8958  0.000e+00
     69.920     7.5129   3.327614    32.2786        697     2.9000  0.000e+00
     69.770     7.5121   3.327657    32.2799        698     2.9042  0.000e+00
     69.618     7.5120   3.327632    32.2798        699     2.9083  0.000e+00
     69.463     7.5118   3.327614    32.2798        700     2.9125  0.000e+00
     69.307     7.5118   3.327657    32.2804        701     2.9167  0.000e+00
     69.149     7.5121   3.327738    32.2811        702     2.9208  0.000e+00
     68.995     7.5138   3.327800    32.2802        703     2.9250  0.000e+00
     68.857     7.5159   3.327992    32.2804        704     2.9292  0.000e+00
     68.736     7.5191   3.328098    32.2786        705     2.9333  0.000e+00
     68.633     7.5235   3.328123    32.2749        706     2.9375  0.000e+00
     68.556     7.5269   3.328141    32.2720        707     2.9417  0.000e+00
     68.500     7.5285   3.328079    32.2698        708     2.9458  0.000e+00
     68.474     7.5290   3.328123    32.2698        709     2.9500  0.000e+00
     68.458     7.5293   3.328123    32.2696        710     2.9542  0.000e+00
     68.458     7.5298   3.328160    32.2695        711     2.9583  0.000e+00
     68.469     7.5303   3.328210    32.2696        712     2.9625  0.000e+00
     68.492     7.5309   3.328228    32.2692        713     2.9667  0.000e+00
     68.524     7.5314   3.328222    32.2686        714     2.9708  0.000e+00
     68.551     7.5315   3.328141    32.2677        715     2.9750  0.000e+00
     68.575     7.5304   3.328017    32.2674        716     2.9792  0.000e+00
     68.591     7.5277   3.327955    32.2692        717     2.9833  0.000e+00
     68.606     7.5252   3.327868    32.2706        718     2.9875  0.000e+00
     68.596     7.5229   3.327800    32.2719        719     2.9917  0.000e+00
     68.562     7.5208   3.327719    32.2731        720     2.9958  0.000e+00
     68.506     7.5188   3.327675    32.2745        721     3.0000  0.000e+00
     68.427     7.5172   3.327675    32.2760        722     3.0042  0.000e+00
     68.324     7.5162   3.327700    32.2773        723     3.0083  0.000e+00
     68.203     7.5160   3.327700    32.2775        724     3.0125  0.000e+00
     68.058     7.5163   3.327737    32.2777        725     3.0167  0.000e+00
     67.906     7.5169   3.327719    32.2770        726     3.0208  0.000e+00
     67.745     7.5174   3.327694    32.2763        727     3.0250  0.000e+00
     67.577     7.5173   3.327700    32.2765        728     3.0292  0.000e+00
     67.404     7.5176   3.327868    32.2782        729     3.0333  0.000e+00
     67.238     7.5196   3.328321    32.2813        730     3.0375  0.000e+00
     67.079     7.5256   3.328483    32.2775        731     3.0417  0.000e+00
     66.934     7.5324   3.328501    32.2715        732     3.0458  0.000e+00
     66.788     7.5370   3.328321    32.2653        733     3.0500  0.000e+00
     66.670     7.5380   3.328395    32.2652        734     3.0542  0.000e+00
     66.565     7.5386   3.328358    32.2643        735     3.0583  0.000e+00
     66.483     7.5387   3.328321    32.2639        736     3.0625  0.000e+00
     66.425     7.5383   3.328227    32.2633        737     3.0667  0.000e+00
     66.380     7.5370   3.328259    32.2648        738     3.0708  0.000e+00
     66.353     7.5365   3.328314    32.2660        739     3.0750  0.000e+00
     66.339     7.5367   3.328333    32.2660        740     3.0792  0.000e+00
     66.329     7.5370   3.328339    32.2657        741     3.0833  0.000e+00
     66.322     7.5375   3.328377    32.2657        742     3.0875  0.000e+00
     66.315     7.5380   3.328420    32.2657        743     3.0917  0.000e+00
     66.302     7.5389   3.328464    32.2653        744     3.0958  0.000e+00
     66.282     7.5398   3.328482    32.2647        745     3.1000  0.000e+00
     66.252     7.5409   3.328625    32.2653        746     3.1042  0.000e+00
     66.209     7.5426   3.328613    32.2635        747     3.1083  0.000e+00
     66.153     7.5441   3.328588    32.2619        748     3.1125  0.000e+00
     66.089     7.5447   3.328482    32.2602        749     3.1167  0.000e+00
     66.008     7.5441   3.328612    32.2622        750     3.1208  0.000e+00
     65.916     7.5448   3.328693    32.2625        751     3.1250  0.000e+00
     65.815     7.5463   3.328824    32.2625        752     3.1292  0.000e+00
     65.708     7.5484   3.328799    32.2604        753     3.1333  0.000e+00
     65.591     7.5495   3.328780    32.2592        754     3.1375  0.000e+00
     65.459     7.5501   3.328867    32.2597        755     3.1417  0.000e+00
     65.332     7.5510   3.329010    32.2604        756     3.1458  0.000e+00
     65.201     7.5532   3.329066    32.2590        757     3.1500  0.000e+00
     65.070     7.5555   3.329053    32.2568        758     3.1542  0.000e+00
     64.934     7.5567   3.329010    32.2553        759     3.1583  0.000e+00
     64.815     7.5571   3.328885    32.2537        760     3.1625  0.000e+00
     64.696     7.5559   3.328947    32.2555        761     3.1667  0.000e+00
     64.584     7.5558   3.328972    32.2559        762     3.1708  0.000e+00
     64.481     7.5560   3.329128    32.2574        763     3.1750  0.000e+00
     64.394     7.5574   3.329227    32.2573        764     3.1792  0.000e+00
     64.311     7.5595   3.329159    32.2546        765     3.1833  0.000e+00
     64.231     7.5604   3.329084    32.2530        766     3.1875  0.000e+00
     64.161     7.5601   3.329413    32.2568        767     3.1917  0.000e+00
     64.103     7.5624   3.329550    32.2562        768     3.1958  0.000e+00
     64.041     7.5658   3.329562    32.2532        769     3.2000  0.000e+00
     63.980     7.5681   3.329562    32.2511        770     3.2042  0.000e+00
     63.915     7.5695   3.329593    32.2501        771     3.2083  0.000e+00
     63.846     7.5703   3.329711    32.2507        772     3.2125  0.000e+00
     63.772     7.5719   3.329668    32.2488        773     3.2167  0.000e+00
     63.703     7.5729   3.329773    32.2491        774     3.2208  0.000e+00
     63.624     7.5738   3.329456    32.2448        775     3.2250  0.000e+00
     63.546     7.5742   3.329730    32.2475        776     3.2292  0.000e+00
     63.475     7.5743   3.329711    32.2472        777     3.2333  0.000e+00
     63.413     7.5747   3.329711    32.2468        778     3.2375  0.000e+00
     63.352     7.5748   3.329711    32.2468        779     3.2417  0.000e+00
     63.294     7.5751   3.329798    32.2475        780     3.2458  0.000e+00
     63.245     7.5758   3.329860    32.2475        781     3.2500  0.000e+00
     63.197     7.5771   3.329953    32.2474        782     3.2542  0.000e+00
     63.146     7.5784   3.329966    32.2462        783     3.2583  0.000e+00
     63.090     7.5797   3.330016    32.2456        784     3.2625  0.000e+00
     63.035     7.5808   3.329885    32.2432        785     3.2667  0.000e+00
     62.968     7.5805   3.329817    32.2428        786     3.2708  0.000e+00
     62.890     7.5791   3.329891    32.2449        787     3.2750  0.000e+00
     62.800     7.5789   3.330140    32.2478        788     3.2792  0.000e+00
     62.703     7.5811   3.330158    32.2460        789     3.2833  0.000e+00
     62.587     7.5830   3.330115    32.2439        790     3.2875  0.000e+00
     62.460     7.5839   3.330177    32.2438        791     3.2917  0.000e+00
     62.330     7.5848   3.330289    32.2442        792     3.2958  0.000e+00
     62.190     7.5863   3.330357    32.2436        793     3.3000  0.000e+00
     62.045     7.5879   3.330518    32.2439        794     3.3042  0.000e+00
     61.904     7.5904   3.330618    32.2427        795     3.3083  0.000e+00
     61.772     7.5927   3.330730    32.2418        796     3.3125  0.000e+00
     61.642     7.5955   3.330835    32.2405        797     3.3167  0.000e+00
     61.531     7.5978   3.330959    32.2397        798     3.3208  0.000e+00
     61.429     7.6005   3.331351    32.2415        799     3.3250  0.000e+00
     61.347     7.6046   3.331264    32.2367        800     3.3292  0.000e+00
     61.271     7.6074   3.331164    32.2331        801     3.3333  0.000e+00
     61.213     7.6081   3.331239    32.2333        802     3.3375  0.000e+00
     61.161     7.6088   3.331307    32.2334        803     3.3417  0.000e+00
     61.114     7.6099   3.331351    32.2329        804     3.3458  0.000e+00
     61.071     7.6110   3.331432    32.2327        805     3.3500  0.000e+00
     61.031     7.6124   3.331444    32.2316        806     3.3542  0.000e+00
     60.993     7.6132   3.331369    32.2301        807     3.3583  0.000e+00
     60.946     7.6133   3.331326    32.2295        808     3.3625  0.000e+00
     60.904     7.6127   3.331363    32.2305        809     3.3667  0.000e+00
     60.860     7.6125   3.331326    32.2303        810     3.3708  0.000e+00
     60.806     7.6124   3.331444    32.2317        811     3.3750  0.000e+00
     60.748     7.6132   3.331500    32.2316        812     3.3792  0.000e+00
     60.681     7.6142   3.331475    32.2304        813     3.3833  0.000e+00
     60.623     7.6148   3.331469    32.2298        814     3.3875  0.000e+00
     60.558     7.6150   3.331624    32.2314        815     3.3917  0.000e+00
     60.482     7.6163   3.331711    32.2312        816     3.3958  0.000e+00
     60.407     7.6175   3.331792    32.2309        817     3.4000  0.000e+00
     60.322     7.6191   3.331711    32.2286        818     3.4042  0.000e+00
     60.226     7.6201   3.332009    32.2309        819     3.4083  0.000e+00
     60.127     7.6221   3.332046    32.2295        820     3.4125  0.000e+00
     60.026     7.6240   3.332090    32.2282        821     3.4167  0.000e+00
     59.915     7.6258   3.332276    32.2287        822     3.4208  0.000e+00
     59.797     7.6279   3.332432    32.2284        823     3.4250  0.000e+00
     59.677     7.6307   3.332749    32.2292        824     3.4292  0.000e+00
     59.557     7.6346   3.332655    32.2247        825     3.4333  0.000e+00
     59.435     7.6368   3.332705    32.2233        826     3.4375  0.000e+00
     59.317     7.6385   3.333121    32.2262        827     3.4417  0.000e+00
     59.205     7.6420   3.333327    32.2252        828     3.4458  0.000e+00
     59.104     7.6461   3.333283    32.2210        829     3.4500  0.000e+00
     59.013     7.6487   3.333326    32.2192        830     3.4542  0.000e+00
