HB2403/sbe052.cnv
* Sea-Bird SBE 19plus V2 Data File:
* FileName = C:\cruise\data\sbe052.hex
* Software Version Seasave V 7.26.7.121
* Temperature SN = 6128
* Conductivity SN = 6128
* System UpLoad Time = Jun 06 2024 09:05:09
* NMEA Latitude = 40 04.59 N
* NMEA Longitude = 070 52.57 W
* NMEA UTC (Time) = Jun 06 2024  09:05:42
** Ship: Henry Bigelow
** Cruise:  HB2403
** Program:  ECOMON
# nquan = 7
# nvalues = 4006                                  
# units = specified
# name 0 = depSM: Depth [salt water, m]
# name 1 = tv290C: Temperature [ITS-90, deg C]
# name 2 = c0S/m: Conductivity [S/m]
# name 3 = sal00: Salinity, Practical [PSU]
# name 4 = scan: Scan Count
# name 5 = timeM: Time, Elapsed [minutes]
# name 6 = flag:  0.000e+00
# span 0 =     -0.325,    161.389                 
# span 1 =     6.8256,    16.6376                 
# span 2 =  -0.034272,   4.003471                 
# span 3 =     0.0000,    35.3447                 
# span 4 =         11,       4016                 
# span 5 =     0.0417,    16.7292                 
# span 6 = 0.0000e+00, 0.0000e+00                 
# interval = seconds: 0.25
# start_time = Jun 06 2024 09:05:42 [NMEA time, header]
# bad_flag = -9.990e-29
*END*
[from data line 2872]
     55.850     7.6416   3.349635    32.4021       2883    12.0083  0.000e+00
     55.815     7.6410   3.349511    32.4013       2884    12.0125  0.000e+00
     55.773     7.6407   3.349654    32.4032       2885    12.0167  0.000e+00
     55.741     7.6405   3.349642    32.4033       2886    12.0208  0.000e+00
     55.714     7.6406   3.349392    32.4005       2887    12.0250  0.000e+00
     55.688     7.6397   3.349237    32.3997       2888    12.0292  0.000e+00
     55.663     7.6385   3.349062    32.3989       2889    12.0333  0.000e+00
     55.641     7.6376   3.348844    32.3974       2890    12.0375  0.000e+00
     55.608     7.6364   3.348807    32.3982       2891    12.0417  0.000e+00
     55.576     7.6346   3.348844    32.4002       2892    12.0458  0.000e+00
     55.538     7.6335   3.348552    32.3982       2893    12.0500  0.000e+00
     55.500     7.6320   3.348489    32.3989       2894    12.0542  0.000e+00
     55.460     7.6304   3.348197    32.3973       2895    12.0583  0.000e+00
     55.409     7.6289   3.348122    32.3979       2896    12.0625  0.000e+00
     55.360     7.6275   3.347811    32.3959       2897    12.0667  0.000e+00
     55.302     7.6253   3.347611    32.3958       2898    12.0708  0.000e+00
     55.242     7.6230   3.347238    32.3939       2899    12.0750  0.000e+00
     55.179     7.6206   3.346758    32.3911       2900    12.0792  0.000e+00
     55.128     7.6167   3.344299    32.3683       2901    12.0833  0.000e+00
     55.071     7.6079   3.340969    32.3408       2902    12.0875  0.000e+00
     55.012     7.5922   3.335322    32.2948       2903    12.0917  0.000e+00
     54.962     7.5650   3.333152    32.2967       2904    12.0958  0.000e+00
     54.920     7.5369   3.333121    32.3226       2905    12.1000  0.000e+00
     54.880     7.5190   3.332941    32.3373       2906    12.1042  0.000e+00
     54.833     7.5085   3.333911    32.3576       2907    12.1083  0.000e+00
     54.795     7.5049   3.333003    32.3511       2908    12.1125  0.000e+00
     54.758     7.5020   3.332282    32.3461       2909    12.1167  0.000e+00
     54.718     7.4971   3.332456    32.3526       2910    12.1208  0.000e+00
     54.678     7.4942   3.332413    32.3548       2911    12.1250  0.000e+00
     54.645     7.4925   3.332195    32.3541       2912    12.1292  0.000e+00
     54.605     7.4908   3.331710    32.3504       2913    12.1333  0.000e+00
     54.567     7.4883   3.331474    32.3503       2914    12.1375  0.000e+00
     54.524     7.4854   3.331605    32.3544       2915    12.1417  0.000e+00
     54.493     7.4839   3.332177    32.3620       2916    12.1458  0.000e+00
     54.457     7.4852   3.332562    32.3649       2917    12.1500  0.000e+00
     54.424     7.4875   3.332456    32.3617       2918    12.1542  0.000e+00
     54.393     7.4892   3.332599    32.3617       2919    12.1583  0.000e+00
     54.359     7.4905   3.332556    32.3600       2920    12.1625  0.000e+00
     54.328     7.4914   3.332705    32.3607       2921    12.1667  0.000e+00
     54.295     7.4921   3.332643    32.3594       2922    12.1708  0.000e+00
     54.259     7.4926   3.332860    32.3613       2923    12.1750  0.000e+00
     54.217     7.4933   3.332985    32.3620       2924    12.1792  0.000e+00
     54.179     7.4945   3.332985    32.3610       2925    12.1833  0.000e+00
     54.139     7.4954   3.333059    32.3609       2926    12.1875  0.000e+00
     54.092     7.4963   3.333239    32.3621       2927    12.1917  0.000e+00
     54.045     7.4972   3.331605    32.3436       2928    12.1958  0.000e+00
     54.003     7.4933   3.326528    32.2927       2929    12.2000  0.000e+00
     53.944     7.4744   3.325826    32.3026       2930    12.2042  0.000e+00
     53.891     7.4580   3.328417    32.3459       2931    12.2083  0.000e+00
     53.841     7.4545   3.327522    32.3396       2932    12.2125  0.000e+00
     53.784     7.4518   3.325274    32.3179       2933    12.2167  0.000e+00
     53.735     7.4430   3.320784    32.2777       2934    12.2208  0.000e+00
     53.679     7.4246   3.317185    32.2560       2935    12.2250  0.000e+00
     53.630     7.3986   3.315262    32.2595       2936    12.2292  0.000e+00
     53.583     7.3747   3.311361    32.2396       2937    12.2333  0.000e+00
     53.535     7.3478   3.310109    32.2512       2938    12.2375  0.000e+00
     53.484     7.3259   3.309582    32.2659       2939    12.2417  0.000e+00
     53.435     7.3105   3.310320    32.2883       2940    12.2458  0.000e+00
     53.386     7.3040   3.310655    32.2980       2941    12.2500  0.000e+00
     53.344     7.3015   3.309855    32.2917       2942    12.2542  0.000e+00
     53.305     7.2978   3.307815    32.2731       2943    12.2583  0.000e+00
     53.268     7.2883   3.307493    32.2785       2944    12.2625  0.000e+00
     53.236     7.2807   3.307599    32.2868       2945    12.2667  0.000e+00
     53.205     7.2762   3.308597    32.3017       2946    12.2708  0.000e+00
     53.181     7.2770   3.309644    32.3124       2947    12.2750  0.000e+00
     53.163     7.2822   3.310636    32.3183       2948    12.2792  0.000e+00
     53.139     7.2892   3.311424    32.3203       2949    12.2833  0.000e+00
     53.114     7.2961   3.308590    32.2831       2950    12.2875  0.000e+00
     53.089     7.2934   3.307784    32.2770       2951    12.2917  0.000e+00
     53.058     7.2863   3.307437    32.2798       2952    12.2958  0.000e+00
     53.015     7.2800   3.307784    32.2895       2953    12.3000  0.000e+00
     52.978     7.2773   3.308063    32.2951       2954    12.3042  0.000e+00
     52.935     7.2769   3.307258    32.2868       2955    12.3083  0.000e+00
     52.897     7.2742   3.307735    32.2944       2956    12.3125  0.000e+00
     52.842     7.2734   3.307431    32.2920       2957    12.3167  0.000e+00
     52.799     7.2725   3.307220    32.2906       2958    12.3208  0.000e+00
     52.748     7.2712   3.307456    32.2943       2959    12.3250  0.000e+00
     52.701     7.2709   3.306731    32.2868       2960    12.3292  0.000e+00
     52.649     7.2684   3.306124    32.2825       2961    12.3333  0.000e+00
     52.602     7.2643   3.303496    32.2579       2962    12.3375  0.000e+00
     52.550     7.2536   3.299997    32.2301       2963    12.3417  0.000e+00
     52.494     7.2316   3.294512    32.1911       2964    12.3458  0.000e+00
     52.440     7.2005   3.287411    32.1432       2965    12.3500  0.000e+00
     52.389     7.1581   3.286843    32.1765       2966    12.3542  0.000e+00
     52.338     7.1248   3.285718    32.1955       2967    12.3583  0.000e+00
     52.295     7.1034   3.286324    32.2220       2968    12.3625  0.000e+00
     52.256     7.0896   3.282115    32.1892       2969    12.3667  0.000e+00
     52.213     7.0703   3.279174    32.1752       2970    12.3708  0.000e+00
     52.173     7.0474   3.277445    32.1778       2971    12.3750  0.000e+00
     52.133     7.0244   3.274735    32.1698       2972    12.3792  0.000e+00
     52.094     7.0022   3.273377    32.1757       2973    12.3833  0.000e+00
     52.068     6.9837   3.273161    32.1907       2974    12.3875  0.000e+00
     52.032     6.9711   3.272963    32.2003       2975    12.3917  0.000e+00
     51.997     6.9634   3.272982    32.2078       2976    12.3958  0.000e+00
     51.972     6.9590   3.272963    32.2117       2977    12.4000  0.000e+00
     51.941     6.9565   3.272920    32.2136       2978    12.4042  0.000e+00
     51.908     6.9551   3.272525    32.2106       2979    12.4083  0.000e+00
     51.874     6.9532   3.272612    32.2133       2980    12.4125  0.000e+00
     51.843     6.9519   3.272315    32.2114       2981    12.4167  0.000e+00
     51.808     6.9502   3.271698    32.2063       2982    12.4208  0.000e+00
     51.777     6.9477   3.271612    32.2076       2983    12.4250  0.000e+00
     51.738     6.9455   3.271402    32.2074       2984    12.4292  0.000e+00
     51.696     6.9434   3.271279    32.2081       2985    12.4333  0.000e+00
     51.651     6.9418   3.271130    32.2080       2986    12.4375  0.000e+00
     51.614     6.9403   3.271161    32.2097       2987    12.4417  0.000e+00
     51.571     6.9395   3.271069    32.2095       2988    12.4458  0.000e+00
     51.526     6.9387   3.271112    32.2107       2989    12.4500  0.000e+00
     51.479     6.9383   3.270051    32.1996       2990    12.4542  0.000e+00
     51.428     6.9357   3.268829    32.1887       2991    12.4583  0.000e+00
     51.385     6.9307   3.268508    32.1898       2992    12.4625  0.000e+00
     51.332     6.9262   3.268403    32.1930       2993    12.4667  0.000e+00
     51.280     6.9229   3.267675    32.1881       2994    12.4708  0.000e+00
     51.233     6.9188   3.266806    32.1825       2995    12.4750  0.000e+00
     51.184     6.9137   3.266540    32.1844       2996    12.4792  0.000e+00
     51.144     6.9093   3.266639    32.1896       2997    12.4833  0.000e+00
     51.097     6.9067   3.265665    32.1814       2998    12.4875  0.000e+00
     51.046     6.9025   3.264333    32.1708       2999    12.4917  0.000e+00
     51.006     6.8956   3.262495    32.1573       3000    12.4958  0.000e+00
     50.957     6.8855   3.261675    32.1577       3001    12.5000  0.000e+00
     50.917     6.8758   3.261139    32.1610       3002    12.5042  0.000e+00
     50.876     6.8682   3.260350    32.1595       3003    12.5083  0.000e+00
     50.841     6.8613   3.259253    32.1540       3004    12.5125  0.000e+00
     50.807     6.8536   3.258261    32.1504       3005    12.5167  0.000e+00
     50.776     6.8458   3.257842    32.1531       3006    12.5208  0.000e+00
     50.749     6.8400   3.257405    32.1538       3007    12.5250  0.000e+00
     50.721     6.8350   3.257220    32.1564       3008    12.5292  0.000e+00
     50.700     6.8314   3.257097    32.1585       3009    12.5333  0.000e+00
     50.676     6.8285   3.256992    32.1600       3010    12.5375  0.000e+00
     50.640     6.8268   3.257023    32.1620       3011    12.5417  0.000e+00
     50.608     6.8256   3.257282    32.1660       3012    12.5458  0.000e+00
     50.569     6.8258   3.257596    32.1692       3013    12.5500  0.000e+00
     50.522     6.8280   3.258237    32.1742       3014    12.5542  0.000e+00
     50.475     6.8317   3.259087    32.1801       3015    12.5583  0.000e+00
     50.419     6.8377   3.259734    32.1815       3016    12.5625  0.000e+00
     50.369     6.8443   3.259956    32.1778       3017    12.5667  0.000e+00
     50.314     6.8493   3.260018    32.1739       3018    12.5708  0.000e+00
     50.262     6.8528   3.260455    32.1753       3019    12.5750  0.000e+00
     50.220     6.8567   3.261324    32.1812       3020    12.5792  0.000e+00
     50.175     6.8629   3.261867    32.1814       3021    12.5833  0.000e+00
     50.133     6.8714   3.262526    32.1806       3022    12.5875  0.000e+00
     50.095     6.8793   3.262711    32.1753       3023    12.5917  0.000e+00
     50.055     6.8850   3.263192    32.1752       3024    12.5958  0.000e+00
     50.022     6.8903   3.263562    32.1743       3025    12.6000  0.000e+00
     49.984     6.8956   3.263833    32.1724       3026    12.6042  0.000e+00
     49.946     6.9003   3.265060    32.1814       3027    12.6083  0.000e+00
     49.903     6.9081   3.267971    32.2059       3028    12.6125  0.000e+00
     49.863     6.9242   3.269384    32.2063       3029    12.6167  0.000e+00
     49.820     6.9424   3.269069    32.1857       3030    12.6208  0.000e+00
     49.776     6.9552   3.269279    32.1761       3031    12.6250  0.000e+00
     49.725     6.9645   3.269797    32.1731       3032    12.6292  0.000e+00
     49.674     6.9726   3.270296    32.1710       3033    12.6333  0.000e+00
     49.633     6.9802   3.271568    32.1778       3034    12.6375  0.000e+00
     49.586     6.9897   3.273296    32.1877       3035    12.6417  0.000e+00
     49.546     7.0027   3.274339    32.1869       3036    12.6458  0.000e+00
     49.512     7.0161   3.276358    32.1965       3037    12.6500  0.000e+00
     49.482     7.0330   3.279989    32.2202       3038    12.6542  0.000e+00
     49.452     7.0588   3.283567    32.2350       3039    12.6583  0.000e+00
     49.420     7.0913   3.286657    32.2383       3040    12.6625  0.000e+00
     49.390     7.1252   3.290151    32.2446       3041    12.6667  0.000e+00
     49.361     7.1616   3.293213    32.2439       3042    12.6708  0.000e+00
     49.338     7.1978   3.294685    32.2261       3043    12.6750  0.000e+00
     49.311     7.2274   3.295520    32.2075       3044    12.6792  0.000e+00
     49.280     7.2489   3.295984    32.1925       3045    12.6833  0.000e+00
     49.247     7.2639   3.296479    32.1839       3046    12.6875  0.000e+00
     49.209     7.2746   3.296801    32.1775       3047    12.6917  0.000e+00
     49.173     7.2823   3.295291    32.1540       3048    12.6958  0.000e+00
     49.129     7.2832   3.292457    32.1225       3049    12.7000  0.000e+00
     49.083     7.2750   3.289667    32.1000       3050    12.7042  0.000e+00
     49.030     7.2602   3.287787    32.0934       3051    12.7083  0.000e+00
     48.981     7.2449   3.286655    32.0954       3052    12.7125  0.000e+00
     48.929     7.2324   3.286464    32.1049       3053    12.7167  0.000e+00
     48.876     7.2246   3.286551    32.1132       3054    12.7208  0.000e+00
     48.815     7.2221   3.286928    32.1196       3055    12.7250  0.000e+00
     48.757     7.2257   3.287218    32.1194       3056    12.7292  0.000e+00
     48.694     7.2325   3.288690    32.1291       3057    12.7333  0.000e+00
     48.637     7.2438   3.289568    32.1281       3058    12.7375  0.000e+00
     48.589     7.2559   3.289042    32.1112       3059    12.7417  0.000e+00
     48.539     7.2628   3.285524    32.0668       3060    12.7458  0.000e+00
     48.496     7.2575   3.283645    32.0513       3061    12.7500  0.000e+00
     48.465     7.2463   3.278757    32.0089       3062    12.7542  0.000e+00
     48.430     7.2263   3.276460    32.0026       3063    12.7583  0.000e+00
     48.405     7.2028   3.274645    32.0047       3064    12.7625  0.000e+00
     48.369     7.1815   3.272583    32.0021       3065    12.7667  0.000e+00
     48.336     7.1622   3.271417    32.0073       3066    12.7708  0.000e+00
     48.302     7.1464   3.271022    32.0178       3067    12.7750  0.000e+00
     48.264     7.1351   3.270294    32.0203       3068    12.7792  0.000e+00
     48.222     7.1265   3.270109    32.0263       3069    12.7833  0.000e+00
     48.175     7.1197   3.268826    32.0187       3070    12.7875  0.000e+00
     48.137     7.1122   3.266926    32.0050       3071    12.7917  0.000e+00
     48.088     7.1006   3.264767    31.9924       3072    12.7958  0.000e+00
     48.047     7.0855   3.264453    32.0030       3073    12.8000  0.000e+00
     47.996     7.0732   3.264108    32.0107       3074    12.8042  0.000e+00
     47.949     7.0652   3.264348    32.0208       3075    12.8083  0.000e+00
     47.905     7.0620   3.267241    32.0552       3076    12.8125  0.000e+00
     47.858     7.0700   3.268672    32.0634       3077    12.8167  0.000e+00
     47.815     7.0827   3.270023    32.0662       3078    12.8208  0.000e+00
     47.775     7.0959   3.270190    32.0558       3079    12.8250  0.000e+00
     47.729     7.1056   3.270214    32.0471       3080    12.8292  0.000e+00
     47.687     7.1112   3.269856    32.0380       3081    12.8333  0.000e+00
     47.653     7.1135   3.270152    32.0391       3082    12.8375  0.000e+00
     47.617     7.1154   3.270467    32.0408       3083    12.8417  0.000e+00
     47.584     7.1175   3.271004    32.0447       3084    12.8458  0.000e+00
     47.550     7.1204   3.270084    32.0320       3085    12.8500  0.000e+00
     47.521     7.1199   3.267900    32.0088       3086    12.8542  0.000e+00
