HB2403/sbe027.cnv
* Sea-Bird SBE 19plus V2 Data File:
* FileName = C:\cruise\data\sbe027.hex
* Software Version Seasave V 7.26.7.121
* Temperature SN = 6128
* Conductivity SN = 6128
* System UpLoad Time = Jun 03 2024 20:25:52
* NMEA Latitude = 40 51.53 N
* NMEA Longitude = 071 40.46 W
* NMEA UTC (Time) = Jun 03 2024  20:26:23
** Ship: Henry Bigelow
** Cruise:  HB2403
** Program:  ECOMON
# nquan = 7
# nvalues = 1370                                  
# units = specified
# name 0 = depSM: Depth [salt water, m]
# name 1 = tv290C: Temperature [ITS-90, deg C]
# name 2 = c0S/m: Conductivity [S/m]
# name 3 = sal00: Salinity, Practical [PSU]
# name 4 = scan: Scan Count
# name 5 = timeM: Time, Elapsed [minutes]
# name 6 = flag:  0.000e+00
# span 0 =     -0.194,     53.431                 
# span 1 =     6.8081,    24.7584                 
# span 2 =  -0.000005,   4.264170                 
# span 3 =     0.0000,    34.1837                 
# span 4 =         11,       1380                 
# span 5 =     0.0417,     5.7458                 
# span 6 = 0.0000e+00, 0.0000e+00                 
# interval = seconds: 0.25
# start_time = Jun 03 2024 20:26:23 [NMEA time, header]
# bad_flag = -9.990e-29
*END*
[from data line 616]
     41.953     6.9255   3.231423    31.7947        627     2.6083  0.000e+00
     41.859     6.9259   3.231484    31.7950        628     2.6125  0.000e+00
     41.765     6.9265   3.231527    31.7950        629     2.6167  0.000e+00
     41.671     6.9272   3.231650    31.7957        630     2.6208  0.000e+00
     41.579     6.9281   3.231693    31.7953        631     2.6250  0.000e+00
     41.487     6.9290   3.231730    31.7950        632     2.6292  0.000e+00
     41.394     6.9299   3.231834    31.7953        633     2.6333  0.000e+00
     41.311     6.9310   3.231852    31.7945        634     2.6375  0.000e+00
     41.233     6.9319   3.232080    31.7962        635     2.6417  0.000e+00
     41.165     6.9335   3.232080    31.7948        636     2.6458  0.000e+00
     41.107     6.9349   3.232080    31.7935        637     2.6500  0.000e+00
     41.051     6.9359   3.232116    31.7931        638     2.6542  0.000e+00
     41.009     6.9365   3.232098    31.7923        639     2.6583  0.000e+00
     40.966     6.9369   3.230255    31.7719        640     2.6625  0.000e+00
     40.939     6.9373   3.232122    31.7919        641     2.6667  0.000e+00
     40.887     6.9374   3.232184    31.7925        642     2.6708  0.000e+00
     40.832     6.9379   3.232245    31.7927        643     2.6750  0.000e+00
     40.762     6.9387   3.232288    31.7924        644     2.6792  0.000e+00
     40.677     6.9394   3.232288    31.7918        645     2.6833  0.000e+00
     40.585     6.9398   3.232288    31.7915        646     2.6875  0.000e+00
     40.483     6.9401   3.232331    31.7918        647     2.6917  0.000e+00
     40.380     6.9404   3.232386    31.7921        648     2.6958  0.000e+00
     40.256     6.9411   3.232571    31.7935        649     2.7000  0.000e+00
     40.138     6.9428   3.232841    31.7950        650     2.7042  0.000e+00
     40.012     6.9449   3.232939    31.7941        651     2.7083  0.000e+00
     39.881     6.9474   3.233228    31.7950        652     2.7125  0.000e+00
     39.740     6.9507   3.233535    31.7954        653     2.7167  0.000e+00
     39.597     6.9544   3.233725    31.7942        654     2.7208  0.000e+00
     39.465     6.9581   3.233873    31.7924        655     2.7250  0.000e+00
     39.328     6.9615   3.233946    31.7901        656     2.7292  0.000e+00
     39.190     6.9639   3.234094    31.7895        657     2.7333  0.000e+00
     39.069     6.9663   3.234339    31.7901        658     2.7375  0.000e+00
     38.939     6.9691   3.234628    31.7907        659     2.7417  0.000e+00
     38.818     6.9725   3.234812    31.7896        660     2.7458  0.000e+00
     38.713     6.9761   3.235101    31.7895        661     2.7500  0.000e+00
     38.608     6.9798   3.235242    31.7877        662     2.7542  0.000e+00
     38.509     6.9833   3.235445    31.7867        663     2.7583  0.000e+00
     38.409     6.9865   3.235611    31.7856        664     2.7625  0.000e+00
     38.322     6.9895   3.235900    31.7860        665     2.7667  0.000e+00
     38.230     6.9933   3.236231    31.7861        666     2.7708  0.000e+00
     38.142     6.9980   3.236600    31.7859        667     2.7750  0.000e+00
     38.048     7.0030   3.236926    31.7848        668     2.7792  0.000e+00
     37.961     7.0084   3.237270    31.7836        669     2.7833  0.000e+00
     37.872     7.0137   3.237546    31.7817        670     2.7875  0.000e+00
     37.786     7.0189   3.237768    31.7794        671     2.7917  0.000e+00
     37.694     7.0234   3.238143    31.7794        672     2.7958  0.000e+00
     37.605     7.0282   3.238388    31.7776        673     2.8000  0.000e+00
     37.515     7.0331   3.238653    31.7761        674     2.8042  0.000e+00
     37.419     7.0376   3.238966    31.7753        675     2.8083  0.000e+00
     37.321     7.0421   3.239261    31.7745        676     2.8125  0.000e+00
     37.216     7.0471   3.239476    31.7723        677     2.8167  0.000e+00
     37.099     7.0513   3.239722    31.7711        678     2.8208  0.000e+00
     36.976     7.0554   3.240035    31.7708        679     2.8250  0.000e+00
     36.846     7.0596   3.240238    31.7692        680     2.8292  0.000e+00
     36.703     7.0637   3.240281    31.7660        681     2.8333  0.000e+00
     36.551     7.0666   3.240300    31.7635        682     2.8375  0.000e+00
     36.405     7.0685   3.240318    31.7620        683     2.8417  0.000e+00
     36.271     7.0698   3.240386    31.7617        684     2.8458  0.000e+00
     36.126     7.0706   3.240447    31.7616        685     2.8500  0.000e+00
     36.001     7.0717   3.240465    31.7609        686     2.8542  0.000e+00
     35.891     7.0725   3.240527    31.7609        687     2.8583  0.000e+00
     35.784     7.0735   3.240650    31.7613        688     2.8625  0.000e+00
     35.699     7.0745   3.240693    31.7609        689     2.8667  0.000e+00
     35.631     7.0756   3.240908    31.7623        690     2.8708  0.000e+00
     35.567     7.0775   3.241369    31.7656        691     2.8750  0.000e+00
     35.513     7.0809   3.241886    31.7681        692     2.8792  0.000e+00
     35.466     7.0863   3.241929    31.7636        693     2.8833  0.000e+00
     35.412     7.0905   3.242095    31.7616        694     2.8875  0.000e+00
     35.356     7.0937   3.242218    31.7600        695     2.8917  0.000e+00
     35.296     7.0964   3.242746    31.7632        696     2.8958  0.000e+00
     35.224     7.1003   3.243823    31.7714        697     2.9000  0.000e+00
     35.139     7.1082   3.245041    31.7774        698     2.9042  0.000e+00
     35.048     7.1205   3.245268    31.7685        699     2.9083  0.000e+00
     34.951     7.1303   3.245453    31.7615        700     2.9125  0.000e+00
     34.844     7.1374   3.245945    31.7604        701     2.9167  0.000e+00
     34.734     7.1438   3.246603    31.7617        702     2.9208  0.000e+00
     34.626     7.1509   3.246874    31.7581        703     2.9250  0.000e+00
     34.503     7.1574   3.247286    31.7566        704     2.9292  0.000e+00
     34.421     7.1633   3.247618    31.7549        705     2.9333  0.000e+00
     34.353     7.1688   3.247760    31.7514        706     2.9375  0.000e+00
     34.307     7.1732   3.247803    31.7478        707     2.9417  0.000e+00
     34.275     7.1760   3.247821    31.7454        708     2.9458  0.000e+00
     34.235     7.1777   3.247759    31.7433        709     2.9500  0.000e+00
     34.200     7.1784   3.247889    31.7440        710     2.9542  0.000e+00
     34.169     7.1795   3.247950    31.7437        711     2.9583  0.000e+00
     34.146     7.1804   3.247784    31.7411        712     2.9625  0.000e+00
     34.127     7.1801   3.247907    31.7427        713     2.9667  0.000e+00
     34.109     7.1802   3.247993    31.7436        714     2.9708  0.000e+00
     34.082     7.1808   3.248196    31.7452        715     2.9750  0.000e+00
     34.056     7.1821   3.248073    31.7427        716     2.9792  0.000e+00
     34.038     7.1827   3.248049    31.7419        717     2.9833  0.000e+00
     34.009     7.1827   3.247987    31.7412        718     2.9875  0.000e+00
     33.971     7.1826   3.248172    31.7433        719     2.9917  0.000e+00
     33.924     7.1832   3.248289    31.7441        720     2.9958  0.000e+00
     33.866     7.1843   3.248399    31.7443        721     3.0000  0.000e+00
     33.803     7.1857   3.248689    31.7462        722     3.0042  0.000e+00
     33.732     7.1878   3.248713    31.7445        723     3.0083  0.000e+00
     33.651     7.1895   3.248732    31.7432        724     3.0125  0.000e+00
     33.575     7.1908   3.248959    31.7445        725     3.0167  0.000e+00
     33.490     7.1924   3.249052    31.7441        726     3.0208  0.000e+00
     33.406     7.1940   3.249101    31.7431        727     3.0250  0.000e+00
     33.334     7.1956   3.249187    31.7426        728     3.0292  0.000e+00
     33.258     7.1966   3.249205    31.7420        729     3.0333  0.000e+00
     33.189     7.1976   3.249248    31.7415        730     3.0375  0.000e+00
     33.135     7.1983   3.249291    31.7414        731     3.0417  0.000e+00
     33.085     7.1991   3.249464    31.7425        732     3.0458  0.000e+00
     33.032     7.2003   3.249765    31.7447        733     3.0500  0.000e+00
     32.983     7.2028   3.250055    31.7456        734     3.0542  0.000e+00
     32.938     7.2057   3.250301    31.7457        735     3.0583  0.000e+00
     32.891     7.2087   3.250387    31.7438        736     3.0625  0.000e+00
     32.848     7.2114   3.250405    31.7415        737     3.0667  0.000e+00
     32.797     7.2132   3.250430    31.7402        738     3.0708  0.000e+00
     32.743     7.2142   3.250510    31.7402        739     3.0750  0.000e+00
     32.676     7.2152   3.250898    31.7435        740     3.0792  0.000e+00
     32.591     7.2175   3.251187    31.7445        741     3.0833  0.000e+00
     32.491     7.2208   3.251643    31.7465        742     3.0875  0.000e+00
     32.383     7.2255   3.252511    31.7516        743     3.0917  0.000e+00
     32.282     7.2331   3.252843    31.7483        744     3.0958  0.000e+00
     32.175     7.2405   3.253132    31.7446        745     3.1000  0.000e+00
     32.083     7.2473   3.254167    31.7496        746     3.1042  0.000e+00
     31.990     7.2566   3.256027    31.7612        747     3.1083  0.000e+00
     31.907     7.2719   3.259342    31.7830        748     3.1125  0.000e+00
     31.837     7.2980   3.261597    31.7835        749     3.1167  0.000e+00
     31.772     7.3283   3.263656    31.7779        750     3.1208  0.000e+00
     31.701     7.3587   3.266690    31.7827        751     3.1250  0.000e+00
     31.643     7.3920   3.269558    31.7831        752     3.1292  0.000e+00
     31.590     7.4309   3.277089    31.8286        753     3.1333  0.000e+00
     31.522     7.4900   3.281795    31.8249        754     3.1375  0.000e+00
     31.455     7.5562   3.285138    31.8002        755     3.1417  0.000e+00
     31.377     7.6160   3.288173    31.7782        756     3.1458  0.000e+00
     31.297     7.6671   3.290851    31.7602        757     3.1500  0.000e+00
     31.200     7.7108   3.292991    31.7432        758     3.1542  0.000e+00
     31.100     7.7482   3.294061    31.7207        759     3.1583  0.000e+00
     31.004     7.7766   3.294877    31.7036        760     3.1625  0.000e+00
     30.903     7.7980   3.296233    31.6987        761     3.1667  0.000e+00
     30.807     7.8165   3.297631    31.6968        762     3.1708  0.000e+00
     30.718     7.8351   3.298448    31.6886        763     3.1750  0.000e+00
     30.633     7.8512   3.299241    31.6825        764     3.1792  0.000e+00
     30.543     7.8647   3.300405    31.6827        765     3.1833  0.000e+00
     30.464     7.8777   3.301117    31.6785        766     3.1875  0.000e+00
     30.384     7.8896   3.301600    31.6729        767     3.1917  0.000e+00
     30.314     7.8989   3.301959    31.6683        768     3.1958  0.000e+00
     30.250     7.9062   3.302336    31.6657        769     3.2000  0.000e+00
     30.187     7.9123   3.302615    31.6632        770     3.2042  0.000e+00
     30.118     7.9173   3.303018    31.6629        771     3.2083  0.000e+00
     30.064     7.9220   3.303414    31.6630        772     3.2125  0.000e+00
     30.003     7.9266   3.303730    31.6621        773     3.2167  0.000e+00
     29.945     7.9311   3.303941    31.6604        774     3.2208  0.000e+00
     29.889     7.9345   3.304126    31.6592        775     3.2250  0.000e+00
     29.827     7.9378   3.304362    31.6588        776     3.2292  0.000e+00
     29.771     7.9407   3.304678    31.6596        777     3.2333  0.000e+00
     29.713     7.9438   3.305012    31.6603        778     3.2375  0.000e+00
     29.656     7.9473   3.305452    31.6618        779     3.2417  0.000e+00
     29.599     7.9515   3.305960    31.6635        780     3.2458  0.000e+00
     29.534     7.9563   3.306716    31.6671        781     3.2500  0.000e+00
     29.458     7.9624   3.307522    31.6703        782     3.2542  0.000e+00
     29.376     7.9699   3.308259    31.6714        783     3.2583  0.000e+00
     29.288     7.9779   3.309164    31.6737        784     3.2625  0.000e+00
     29.186     7.9868   3.310261    31.6774        785     3.2667  0.000e+00
     29.073     7.9972   3.311123    31.6771        786     3.2708  0.000e+00
     28.959     8.0081   3.311669    31.6731        787     3.2750  0.000e+00
     28.835     8.0177   3.312543    31.6737        788     3.2792  0.000e+00
     28.713     8.0281   3.313870    31.6784        789     3.2833  0.000e+00
     28.588     8.0400   3.315824    31.6885        790     3.2875  0.000e+00
     28.466     8.0556   3.317592    31.6931        791     3.2917  0.000e+00
     28.358     8.0739   3.318479    31.6860        792     3.2958  0.000e+00
     28.262     8.0910   3.319019    31.6763        793     3.3000  0.000e+00
     28.184     8.1051   3.319112    31.6646        794     3.3042  0.000e+00
     28.108     8.1149   3.319112    31.6558        795     3.3083  0.000e+00
     28.051     8.1210   3.319161    31.6508        796     3.3125  0.000e+00
     28.002     8.1250   3.319285    31.6486        797     3.3167  0.000e+00
     27.969     8.1282   3.319397    31.6468        798     3.3208  0.000e+00
     27.940     8.1308   3.319366    31.6442        799     3.3250  0.000e+00
     27.915     8.1328   3.319391    31.6427        800     3.3292  0.000e+00
     27.893     8.1344   3.319701    31.6445        801     3.3333  0.000e+00
     27.859     8.1367   3.319682    31.6423        802     3.3375  0.000e+00
     27.826     8.1383   3.319707    31.6410        803     3.3417  0.000e+00
     27.786     8.1394   3.319980    31.6430        804     3.3458  0.000e+00
     27.725     8.1411   3.320365    31.6455        805     3.3500  0.000e+00
     27.660     8.1442   3.320576    31.6450        806     3.3542  0.000e+00
     27.568     8.1479   3.320948    31.6457        807     3.3583  0.000e+00
     27.472     8.1519   3.321656    31.6495        808     3.3625  0.000e+00
     27.356     8.1574   3.322606    31.6547        809     3.3667  0.000e+00
     27.244     8.1650   3.323562    31.6579        810     3.3708  0.000e+00
     27.134     8.1741   3.324046    31.6550        811     3.3750  0.000e+00
     27.020     8.1828   3.324344    31.6502        812     3.3792  0.000e+00
     26.915     8.1901   3.324089    31.6410        813     3.3833  0.000e+00
     26.819     8.1958   3.324369    31.6389        814     3.3875  0.000e+00
     26.729     8.2006   3.324642    31.6375        815     3.3917  0.000e+00
     26.651     8.2048   3.325418    31.6420        816     3.3958  0.000e+00
     26.582     8.2103   3.326468    31.6481        817     3.4000  0.000e+00
     26.512     8.2179   3.326971    31.6466        818     3.4042  0.000e+00
     26.456     8.2253   3.327971    31.6504        819     3.4083  0.000e+00
     26.396     8.2336   3.328779    31.6515        820     3.4125  0.000e+00
     26.345     8.2423   3.329916    31.6557        821     3.4167  0.000e+00
     26.303     8.2519   3.330543    31.6537        822     3.4208  0.000e+00
     26.265     8.2609   3.331519    31.6559        823     3.4250  0.000e+00
     26.214     8.2702   3.332663    31.6596        824     3.4292  0.000e+00
     26.169     8.2806   3.334266    31.6671        825     3.4333  0.000e+00
     26.111     8.2930   3.335852    31.6727        826     3.4375  0.000e+00
     26.055     8.3076   3.338458    31.6870        827     3.4417  0.000e+00
     25.984     8.3267   3.342023    31.7073        828     3.4458  0.000e+00
     25.923     8.3533   3.346959    31.7353        829     3.4500  0.000e+00
     25.847     8.3895   3.351636    31.7519        830     3.4542  0.000e+00
