HB2403/sbe011.cnv
* Sea-Bird SBE 19plus V2 Data File:
* FileName = C:\cruise\data\sbe011.hex
* Software Version Seasave V 7.26.7.121
* Temperature SN = 6128
* Conductivity SN = 6128
* System UpLoad Time = May 26 2024 17:15:06
* NMEA Latitude = 40 28.47 N
* NMEA Longitude = 071 44.63 W
* NMEA UTC (Time) = May 26 2024  17:15:30
** Ship: Henry Bigelow
** Cruise:  HB2403
** Program:  ECOMON
# nquan = 7
# nvalues = 1736                                  
# units = specified
# name 0 = depSM: Depth [salt water, m]
# name 1 = tv290C: Temperature [ITS-90, deg C]
# name 2 = c0S/m: Conductivity [S/m]
# name 3 = sal00: Salinity, Practical [PSU]
# name 4 = scan: Scan Count
# name 5 = timeM: Time, Elapsed [minutes]
# name 6 = flag:  0.000e+00
# span 0 =     -0.166,     66.587                 
# span 1 =     6.4703,    17.3789                 
# span 2 =   0.000007,   3.922478                 
# span 3 =     0.0087,    33.2728                 
# span 4 =         11,       1746                 
# span 5 =     0.0417,     7.2708                 
# span 6 = 0.0000e+00, 0.0000e+00                 
# interval = seconds: 0.25
# start_time = May 26 2024 17:15:30 [NMEA time, header]
# bad_flag = -9.990e-29
*END*
      0.032    17.2434   0.000022     0.0088         11     0.0417  0.000e+00
      0.025    17.2456   0.000022     0.0088         12     0.0458  0.000e+00
      0.031    17.2472   0.000028     0.0088         13     0.0500  0.000e+00
      0.029    17.2503   0.000022     0.0088         14     0.0542  0.000e+00
      0.035    17.2513   0.000019     0.0088         15     0.0583  0.000e+00
      0.027    17.2544   0.000028     0.0088         16     0.0625  0.000e+00
      0.027    17.2567   0.000028     0.0088         17     0.0667  0.000e+00
      0.026    17.2590   0.000019     0.0088         18     0.0708  0.000e+00
      0.027    17.2613   0.000022     0.0088         19     0.0750  0.000e+00
      0.029    17.2641   0.000028     0.0088         20     0.0792  0.000e+00
      0.024    17.2664   0.000022     0.0088         21     0.0833  0.000e+00
      0.026    17.2693   0.000022     0.0088         22     0.0875  0.000e+00
      0.022    17.2713   0.000022     0.0088         23     0.0917  0.000e+00
      0.026    17.2743   0.000028     0.0088         24     0.0958  0.000e+00
      0.024    17.2767   0.000028     0.0088         25     0.1000  0.000e+00
      0.026    17.2786   0.000037     0.0088         26     0.1042  0.000e+00
      0.022    17.2804   0.000022     0.0088         27     0.1083  0.000e+00
      0.022    17.2824   0.000022     0.0088         28     0.1125  0.000e+00
      0.026    17.2845   0.000034     0.0088         29     0.1167  0.000e+00
      0.024    17.2862   0.000028     0.0088         30     0.1208  0.000e+00
      0.024    17.2874   0.000022     0.0088         31     0.1250  0.000e+00
      0.020    17.2892   0.000028     0.0088         32     0.1292  0.000e+00
      0.020    17.2905   0.000022     0.0088         33     0.1333  0.000e+00
      0.022    17.2920   0.000019     0.0088         34     0.1375  0.000e+00
      0.020    17.2937   0.000028     0.0088         35     0.1417  0.000e+00
      0.019    17.2954   0.000028     0.0088         36     0.1458  0.000e+00
      0.024    17.2972   0.000028     0.0088         37     0.1500  0.000e+00
      0.019    17.2998   0.000028     0.0088         38     0.1542  0.000e+00
      0.020    17.3021   0.000034     0.0088         39     0.1583  0.000e+00
      0.019    17.3047   0.000022     0.0088         40     0.1625  0.000e+00
      0.015    17.3076   0.000022     0.0088         41     0.1667  0.000e+00
      0.017    17.3107   0.000034     0.0088         42     0.1708  0.000e+00
      0.019    17.3134   0.000028     0.0088         43     0.1750  0.000e+00
      0.017    17.3166   0.000022     0.0088         44     0.1792  0.000e+00
      0.019    17.3185   0.000028     0.0088         45     0.1833  0.000e+00
      0.017    17.3204   0.000028     0.0088         46     0.1875  0.000e+00
      0.017    17.3225   0.000022     0.0088         47     0.1917  0.000e+00
      0.015    17.3242   0.000028     0.0088         48     0.1958  0.000e+00
      0.017    17.3247   0.000022     0.0088         49     0.2000  0.000e+00
      0.020    17.3258   0.000019     0.0089         50     0.2042  0.000e+00
      0.019    17.3270   0.000022     0.0088         51     0.2083  0.000e+00
      0.015    17.3270   0.000034     0.0088         52     0.2125  0.000e+00
      0.015    17.3283   0.000028     0.0088         53     0.2167  0.000e+00
      0.017    17.3297   0.000022     0.0088         54     0.2208  0.000e+00
      0.017    17.3302   0.000037     0.0088         55     0.2250  0.000e+00
      0.015    17.3317   0.000022     0.0088         56     0.2292  0.000e+00
      0.017    17.3336   0.000034     0.0088         57     0.2333  0.000e+00
      0.015    17.3353   0.000028     0.0088         58     0.2375  0.000e+00
      0.015    17.3378   0.000019     0.0089         59     0.2417  0.000e+00
      0.015    17.3403   0.000022     0.0089         60     0.2458  0.000e+00
      0.015    17.3428   0.000034     0.0088         61     0.2500  0.000e+00
      0.017    17.3457   0.000028     0.0088         62     0.2542  0.000e+00
      0.013    17.3481   0.000028     0.0088         63     0.2583  0.000e+00
      0.015    17.3510   0.000034     0.0088         64     0.2625  0.000e+00
      0.013    17.3528   0.000034     0.0088         65     0.2667  0.000e+00
      0.015    17.3551   0.000022     0.0089         66     0.2708  0.000e+00
      0.010    17.3565   0.000034     0.0088         67     0.2750  0.000e+00
      0.014    17.3577   0.000034     0.0088         68     0.2792  0.000e+00
      0.014    17.3590   0.000022     0.0089         69     0.2833  0.000e+00
      0.015    17.3604   0.000022     0.0089         70     0.2875  0.000e+00
      0.017    17.3617   0.000034     0.0088         71     0.2917  0.000e+00
      0.017    17.3629   0.000022     0.0089         72     0.2958  0.000e+00
      0.019    17.3633   0.000028     0.0088         73     0.3000  0.000e+00
      0.016    17.3648   0.000034     0.0088         74     0.3042  0.000e+00
      0.013    17.3659   0.000022     0.0089         75     0.3083  0.000e+00
      0.016    17.3672   0.000028     0.0088         76     0.3125  0.000e+00
      0.019    17.3689   0.000028     0.0088         77     0.3167  0.000e+00
      0.017    17.3709   0.000034     0.0088         78     0.3208  0.000e+00
      0.019    17.3727   0.000028     0.0088         79     0.3250  0.000e+00
      0.019    17.3743   0.000034     0.0088         80     0.3292  0.000e+00
      0.017    17.3757   0.000028     0.0089         81     0.3333  0.000e+00
      0.004    17.3774   0.000028     0.0089         82     0.3375  0.000e+00
      0.011    17.3789   0.000034     0.0088         83     0.3417  0.000e+00
      0.044    17.3768   0.000034     0.0088         84     0.3458  0.000e+00
      0.282    17.3671   0.000028     0.0088         85     0.3500  0.000e+00
      0.493    17.3095   0.000013     0.0089         86     0.3542  0.000e+00
      0.672    16.8564   0.000007     0.0087         87     0.3583  0.000e+00
      0.826    16.3265   2.507857    18.6804         88     0.3625  0.000e+00
      0.974    15.8716   2.299113    17.1788         89     0.3667  0.000e+00
      1.122    15.5994   1.751214    12.8532         90     0.3708  0.000e+00
      1.248    15.4892   1.341222     9.6501         91     0.3750  0.000e+00
      1.351    15.4392   2.464916    18.7430         92     0.3792  0.000e+00
      1.445    15.4162   3.510691    27.6896         93     0.3833  0.000e+00
      1.555    15.4049   3.798786    30.2321         94     0.3875  0.000e+00
      1.681    15.3789   3.723006    29.5820         95     0.3917  0.000e+00
      1.833    15.3293   3.854162    30.7818         96     0.3958  0.000e+00
      2.012    15.2642   3.877428    31.0401         97     0.4000  0.000e+00
      2.202    15.1922   3.880295    31.1226         98     0.4042  0.000e+00
      2.397    15.1213   3.886883    31.2378         99     0.4083  0.000e+00
      2.586    15.0584   3.889720    31.3134        100     0.4125  0.000e+00
      2.769    15.0074   3.891314    31.3685        101     0.4167  0.000e+00
      2.951    14.9693   3.892564    31.4103        102     0.4208  0.000e+00
      3.133    14.9417   3.892518    31.4320        103     0.4250  0.000e+00
      3.314    14.9191   3.891368    31.4398        104     0.4292  0.000e+00
      3.487    14.9029   3.890344    31.4436        105     0.4333  0.000e+00
      3.646    14.8954   3.890000    31.4465        106     0.4375  0.000e+00
      3.784    14.8956   3.890615    31.4518        107     0.4417  0.000e+00
      3.908    14.8990   3.891157    31.4538        108     0.4458  0.000e+00
      4.022    14.9029   3.891408    31.4530        109     0.4500  0.000e+00
      4.136    14.9051   3.893326    31.4684        110     0.4542  0.000e+00
      4.255    14.9065   3.902417    31.5490        111     0.4583  0.000e+00
      4.381    14.9071   3.911888    31.6338        112     0.4625  0.000e+00
      4.508    14.9076   3.915189    31.6631        113     0.4667  0.000e+00
      4.642    14.9037   3.915374    31.6679        114     0.4708  0.000e+00
      4.779    14.8947   3.917198    31.6916        115     0.4750  0.000e+00
      4.927    14.8857   3.918955    31.7147        116     0.4792  0.000e+00
      5.081    14.8743   3.920567    31.7384        117     0.4833  0.000e+00
      5.236    14.8538   3.922126    31.7691        118     0.4875  0.000e+00
      5.389    14.8329   3.922478    31.7893        119     0.4917  0.000e+00
      5.547    14.8229   3.919261    31.7683        120     0.4958  0.000e+00
      5.695    14.8203   3.914700    31.7292        121     0.5000  0.000e+00
      5.841    14.8264   3.910956    31.6903        122     0.5042  0.000e+00
      5.971    14.8396   3.907749    31.6507        123     0.5083  0.000e+00
      6.094    14.8585   3.903047    31.5929        124     0.5125  0.000e+00
      6.209    14.8811   3.899248    31.5403        125     0.5167  0.000e+00
      6.325    14.9082   3.895893    31.4882        126     0.5208  0.000e+00
      6.440    14.9374   3.890761    31.4185        127     0.5250  0.000e+00
      6.556    14.9581   3.887944    31.3764        128     0.5292  0.000e+00
      6.668    14.9699   3.886497    31.3539        129     0.5333  0.000e+00
      6.789    14.9739   3.886622    31.3518        130     0.5375  0.000e+00
      6.915    14.9742   3.887898    31.3630        131     0.5417  0.000e+00
      7.046    14.9717   3.897209    31.4485        132     0.5458  0.000e+00
      7.175    14.9625   3.910212    31.5729        133     0.5500  0.000e+00
      7.310    14.9515   3.912187    31.5995        134     0.5542  0.000e+00
      7.447    14.9428   3.913791    31.6208        135     0.5583  0.000e+00
      7.588    14.9174   3.913559    31.6393        136     0.5625  0.000e+00
      7.734    14.8102   3.907962    31.6758        137     0.5667  0.000e+00
      7.875    14.5998   3.892802    31.7100        138     0.5708  0.000e+00
      8.016    14.2914   3.873891    31.7904        139     0.5750  0.000e+00
      8.164    13.9634   3.853154    31.8709        140     0.5792  0.000e+00
      8.305    13.6851   3.837648    31.9590        141     0.5833  0.000e+00
      8.448    13.3927   3.819587    32.0358        142     0.5875  0.000e+00
      8.583    13.1118   3.800972    32.0982        143     0.5917  0.000e+00
      8.715    12.8899   3.786034    32.1455        144     0.5958  0.000e+00
      8.845    12.7016   3.777467    32.2247        145     0.6000  0.000e+00
      8.975    12.5253   3.769900    32.3038        146     0.6042  0.000e+00
      9.104    12.3713   3.764420    32.3840        147     0.6083  0.000e+00
      9.228    12.2302   3.760463    32.4681        148     0.6125  0.000e+00
      9.356    12.0977   3.755418    32.5347        149     0.6167  0.000e+00
      9.484    11.9851   3.751862    32.5985        150     0.6208  0.000e+00
      9.609    11.8983   3.750091    32.6574        151     0.6250  0.000e+00
      9.734    11.8287   3.751818    32.7352        152     0.6292  0.000e+00
      9.866    11.7632   3.754979    32.8237        153     0.6333  0.000e+00
      9.997    11.7031   3.757196    32.8984        154     0.6375  0.000e+00
     10.127    11.6557   3.759186    32.9598        155     0.6417  0.000e+00
     10.252    11.6191   3.761123    33.0113        156     0.6458  0.000e+00
     10.385    11.5923   3.757152    32.9963        157     0.6500  0.000e+00
     10.514    11.5683   3.746721    32.9156        158     0.6542  0.000e+00
     10.646    11.5246   3.735067    32.8403        159     0.6583  0.000e+00
     10.776    11.4411   3.726207    32.8276        160     0.6625  0.000e+00
     10.900    11.3647   3.720830    32.8427        161     0.6667  0.000e+00
     11.030    11.2976   3.718292    32.8775        162     0.6708  0.000e+00
     11.155    11.2319   3.717449    32.9277        163     0.6750  0.000e+00
     11.283    11.1629   3.716418    32.9793        164     0.6792  0.000e+00
     11.410    11.0912   3.716283    33.0423        165     0.6833  0.000e+00
     11.540    11.0128   3.717355    33.1235        166     0.6875  0.000e+00
     11.675    10.9417   3.717550    33.1897        167     0.6917  0.000e+00
     11.805    10.8808   3.716954    33.2388        168     0.6958  0.000e+00
     11.942    10.8230   3.715105    33.2728        169     0.7000  0.000e+00
     12.077    10.7662   3.706751    33.2411        170     0.7042  0.000e+00
     12.215    10.7150   3.692375    33.1440        171     0.7083  0.000e+00
     12.354    10.6707   3.676580    33.0263        172     0.7125  0.000e+00
     12.493    10.6227   3.663465    32.9385        173     0.7167  0.000e+00
     12.626    10.5611   3.653958    32.8989        174     0.7208  0.000e+00
     12.763    10.4932   3.646027    32.8806        175     0.7250  0.000e+00
     12.898    10.4151   3.638591    32.8765        176     0.7292  0.000e+00
     13.036    10.3388   3.631439    32.8735        177     0.7333  0.000e+00
     13.171    10.2737   3.623674    32.8541        178     0.7375  0.000e+00
     13.310    10.2130   3.617175    32.8435        179     0.7417  0.000e+00
     13.446    10.1553   3.611713    32.8406        180     0.7458  0.000e+00
     13.585    10.1080   3.608590    32.8518        181     0.7500  0.000e+00
     13.726    10.0689   3.607237    32.8736        182     0.7542  0.000e+00
     13.867    10.0364   3.606038    32.8910        183     0.7583  0.000e+00
     14.013    10.0050   3.602653    32.8851        184     0.7625  0.000e+00
     14.152     9.9740   3.597591    32.8618        185     0.7667  0.000e+00
     14.297     9.9445   3.593421    32.8463        186     0.7708  0.000e+00
     14.435     9.9169   3.589471    32.8311        187     0.7750  0.000e+00
     14.576     9.8912   3.585139    32.8105        188     0.7792  0.000e+00
     14.713     9.8673   3.581577    32.7959        189     0.7833  0.000e+00
     14.848     9.8471   3.579294    32.7909        190     0.7875  0.000e+00
     14.984     9.8256   3.578175    32.7991        191     0.7917  0.000e+00
     15.108     9.8063   3.578483    32.8198        192     0.7958  0.000e+00
     15.242     9.7925   3.579998    32.8477        193     0.8000  0.000e+00
     15.370     9.7822   3.581360    32.8709        194     0.8042  0.000e+00
     15.502     9.7770   3.581751    32.8796        195     0.8083  0.000e+00
     15.630     9.7768   3.583094    32.8935        196     0.8125  0.000e+00
     15.764     9.7790   3.585646    32.9174        197     0.8167  0.000e+00
     15.897     9.7800   3.588552    32.9462        198     0.8208  0.000e+00
     16.032     9.7800   3.590293    32.9638        199     0.8250  0.000e+00
     16.166     9.7800   3.593469    32.9962        200     0.8292  0.000e+00
     16.304     9.7795   3.595275    33.0150        201     0.8333  0.000e+00
     16.441     9.7780   3.595608    33.0197        202     0.8375  0.000e+00
     16.579     9.7745   3.592982    32.9961        203     0.8417  0.000e+00
     16.714     9.7696   3.585666    32.9258        204     0.8458  0.000e+00
     16.853     9.7623   3.574930    32.8228        205     0.8500  0.000e+00
     16.989     9.7494   3.564117    32.7242        206     0.8542  0.000e+00
     17.124     9.7326   3.554956    32.6459        207     0.8583  0.000e+00
     17.251     9.7108   3.548321    32.5979        208     0.8625  0.000e+00
     17.382     9.6863   3.544690    32.5830        209     0.8667  0.000e+00
     17.513     9.6556   3.539596    32.5586        210     0.8708  0.000e+00
     17.634     9.6181   3.536236    32.5583        211     0.8750  0.000e+00
     17.762     9.5803   3.535060    32.5805        212     0.8792  0.000e+00
     17.892     9.5474   3.534354    32.6030        213     0.8833  0.000e+00
     18.006     9.5191   3.531677    32.6013        214     0.8875  0.000e+00
     18.133     9.4929   3.527569    32.5829        215     0.8917  0.000e+00
