HB2403/sbe080.cnv
* Sea-Bird SBE 19plus V2 Data File:
* FileName = C:\cruise\data\sbe080.hex
* Software Version Seasave V 7.26.7.121
* Temperature SN = 6128
* Conductivity SN = 6128
* System UpLoad Time = Jun 08 2024 18:23:07
* NMEA Latitude = 41 38.37 N
* NMEA Longitude = 068 22.58 W
* NMEA UTC (Time) = Jun 08 2024  18:23:41
** Ship: Henry Bigelow
** Cruise:  HB2403
** Program:  ECOMON
# nquan = 7
# nvalues = 1119                                  
# units = specified
# name 0 = depSM: Depth [salt water, m]
# name 1 = tv290C: Temperature [ITS-90, deg C]
# name 2 = c0S/m: Conductivity [S/m]
# name 3 = sal00: Salinity, Practical [PSU]
# name 4 = scan: Scan Count
# name 5 = timeM: Time, Elapsed [minutes]
# name 6 = flag:  0.000e+00
# span 0 =     -0.178,     15.670                 
# span 1 =    10.5269,    13.8989                 
# span 2 =   0.000222,   3.599209                 
# span 3 =     0.0076,    32.2476                 
# span 4 =         11,       1129                 
# span 5 =     0.0417,     4.7000                 
# span 6 = 0.0000e+00, 0.0000e+00                 
# interval = seconds: 0.25
# start_time = Jun 08 2024 18:23:41 [NMEA time, header]
# bad_flag = -9.990e-29
*END*
[from data line 1026]
      2.501    10.5478   3.547956    31.8556       1037     4.3167  0.000e+00
      2.460    10.5483   3.547777    31.8534       1038     4.3208  0.000e+00
      2.461    10.5482   3.547828    31.8540       1039     4.3250  0.000e+00
      2.492    10.5482   3.547847    31.8542       1040     4.3292  0.000e+00
      2.548    10.5482   3.547873    31.8544       1041     4.3333  0.000e+00
      2.598    10.5482   3.547873    31.8544       1042     4.3375  0.000e+00
      2.644    10.5485   3.547847    31.8539       1043     4.3417  0.000e+00
      2.692    10.5484   3.547758    31.8530       1044     4.3458  0.000e+00
      2.713    10.5480   3.547675    31.8525       1045     4.3500  0.000e+00
      2.694    10.5475   3.547650    31.8528       1046     4.3542  0.000e+00
      2.658    10.5469   3.547694    31.8537       1047     4.3583  0.000e+00
      2.599    10.5466   3.547962    31.8566       1048     4.3625  0.000e+00
      2.523    10.5473   3.547936    31.8558       1049     4.3667  0.000e+00
      2.442    10.5483   3.547873    31.8543       1050     4.3708  0.000e+00
      2.354    10.5485   3.547369    31.8492       1051     4.3750  0.000e+00
      2.269    10.5470   3.547044    31.8473       1052     4.3792  0.000e+00
      2.193    10.5438   3.546847    31.8482       1053     4.3833  0.000e+00
      2.154    10.5407   3.546847    31.8509       1054     4.3875  0.000e+00
      2.150    10.5390   3.546847    31.8524       1055     4.3917  0.000e+00
      2.172    10.5380   3.547025    31.8550       1056     4.3958  0.000e+00
      2.227    10.5381   3.547089    31.8556       1057     4.4000  0.000e+00
      2.286    10.5387   3.547140    31.8555       1058     4.4042  0.000e+00
      2.356    10.5392   3.547134    31.8550       1059     4.4083  0.000e+00
      2.420    10.5395   3.547134    31.8547       1060     4.4125  0.000e+00
      2.464    10.5399   3.547217    31.8551       1061     4.4167  0.000e+00
      2.473    10.5404   3.547306    31.8556       1062     4.4208  0.000e+00
      2.461    10.5412   3.547503    31.8569       1063     4.4250  0.000e+00
      2.414    10.5423   3.547586    31.8568       1064     4.4292  0.000e+00
      2.338    10.5435   3.547936    31.8592       1065     4.4333  0.000e+00
      2.250    10.5456   3.547892    31.8570       1066     4.4375  0.000e+00
      2.145    10.5469   3.547720    31.8542       1067     4.4417  0.000e+00
      2.044    10.5477   3.547255    31.8489       1068     4.4458  0.000e+00
      1.944    10.5462   3.547567    31.8534       1069     4.4500  0.000e+00
      1.857    10.5451   3.547306    31.8517       1070     4.4542  0.000e+00
      1.767    10.5444   3.547522    31.8546       1071     4.4583  0.000e+00
      1.669    10.5448   3.548631    31.8653       1072     4.4625  0.000e+00
      1.583    10.5486   3.548720    31.8629       1073     4.4667  0.000e+00
      1.499    10.5529   3.548000    31.8520       1074     4.4708  0.000e+00
      1.431    10.5528   3.547477    31.8469       1075     4.4750  0.000e+00
      1.404    10.5497   3.547630    31.8512       1076     4.4792  0.000e+00
      1.419    10.5483   3.547758    31.8537       1077     4.4833  0.000e+00
      1.473    10.5480   3.547962    31.8560       1078     4.4875  0.000e+00
      1.536    10.5485   3.548127    31.8571       1079     4.4917  0.000e+00
      1.606    10.5501   3.548153    31.8560       1080     4.4958  0.000e+00
      1.671    10.5510   3.547955    31.8532       1081     4.5000  0.000e+00
      1.707    10.5508   3.547503    31.8488       1082     4.5042  0.000e+00
      1.708    10.5487   3.546522    31.8408       1083     4.5083  0.000e+00
      1.646    10.5438   3.546910    31.8491       1084     4.5125  0.000e+00
      1.547    10.5408   3.547567    31.8582       1085     4.5167  0.000e+00
      1.478    10.5420   3.547586    31.8574       1086     4.5208  0.000e+00
      1.442    10.5436   3.547649    31.8567       1087     4.5250  0.000e+00
      1.433    10.5446   3.547528    31.8546       1088     4.5292  0.000e+00
      1.419    10.5451   3.547477    31.8537       1089     4.5333  0.000e+00
      1.387    10.5448   3.547694    31.8561       1090     4.5375  0.000e+00
      1.306    10.5450   3.546566    31.8447       1091     4.5417  0.000e+00
      1.203    10.5419   3.546197    31.8438       1092     4.5458  0.000e+00
      1.109    10.5371   3.546910    31.8551       1093     4.5500  0.000e+00
      1.071    10.5361   3.547152    31.8584       1094     4.5542  0.000e+00
      1.062    10.5380   3.547369    31.8590       1095     4.5583  0.000e+00
      1.089    10.5401   3.547350    31.8569       1096     4.5625  0.000e+00
      1.154    10.5414   3.547261    31.8549       1097     4.5667  0.000e+00
      1.248    10.5418   3.547184    31.8537       1098     4.5708  0.000e+00
      1.341    10.5418   3.547044    31.8523       1099     4.5750  0.000e+00
      1.429    10.5410   3.546738    31.8499       1100     4.5792  0.000e+00
      1.481    10.5392   3.546541    31.8494       1101     4.5833  0.000e+00
      1.474    10.5373   3.546847    31.8542       1102     4.5875  0.000e+00
      1.398    10.5369   3.548306    31.8691       1103     4.5917  0.000e+00
      1.252    10.5430   3.549089    31.8717       1104     4.5958  0.000e+00
      1.058    10.5508   3.548911    31.8631       1105     4.6000  0.000e+00
      0.823    10.5559   3.549344    31.8630       1106     4.6042  0.000e+00
      0.602    10.5594   3.548305    31.8497       1107     4.6083  0.000e+00
      0.403    10.5585   3.546954    31.8372       1108     4.6125  0.000e+00
      0.271    10.5533   3.548216    31.8543       1109     4.6167  0.000e+00
      0.230    10.5522   3.548458    31.8577       1110     4.6208  0.000e+00
      0.267    10.5535   3.548127    31.8533       1111     4.6250  0.000e+00
      0.307    10.5549   3.548350    31.8543       1112     4.6292  0.000e+00
      0.322    10.5549   3.547783    31.8486       1113     4.6333  0.000e+00
      0.269    10.5529   3.547738    31.8499       1114     4.6375  0.000e+00
      0.205    10.5506   3.548433    31.8589       1115     4.6417  0.000e+00
      0.159    10.5520   3.548458    31.8580       1116     4.6458  0.000e+00
      0.057    10.5535   3.547388    31.8460       1117     4.6500  0.000e+00
      0.034    10.5511   3.547241    31.8466       1118     4.6542  0.000e+00
      0.061    10.5475   3.547388    31.8513       1119     4.6583  0.000e+00
      0.079    10.5456   3.547757    31.8566       1120     4.6625  0.000e+00
      0.099    10.5465   3.548089    31.8591       1121     4.6667  0.000e+00
      0.021    10.5484   3.547349    31.8501       1122     4.6708  0.000e+00
     -0.156    10.5480   1.472103    12.1526       1123     4.6750  0.000e+00
     -0.177    10.5546   0.590197     4.5416       1124     4.6792  0.000e+00
     -0.177    10.5805   0.393071     2.9420       1125     4.6833  0.000e+00
     -0.178    10.6222   0.294572     2.1637       1126     4.6875  0.000e+00
     -0.178    10.6675   0.255025     1.8553       1127     4.6917  0.000e+00
     -0.177    10.6888   0.217034     1.5638       1128     4.6958  0.000e+00
     -0.176    10.6953   0.203528     1.4611       1129     4.7000  0.000e+00
