HB2403/sbe082.cnv
* Sea-Bird SBE 19plus V2 Data File:
* FileName = C:\cruise\data\sbe082.hex
* Software Version Seasave V 7.26.7.121
* Temperature SN = 6128
* Conductivity SN = 6128
* System UpLoad Time = Jun 08 2024 21:31:14
* NMEA Latitude = 41 52.62 N
* NMEA Longitude = 068 09.59 W
* NMEA UTC (Time) = Jun 08 2024  21:31:49
** Ship: Henry Bigelow
** Cruise:  HB2403
** Program:  ECOMON
# nquan = 7
# nvalues = 3634                                  
# units = specified
# name 0 = depSM: Depth [salt water, m]
# name 1 = tv290C: Temperature [ITS-90, deg C]
# name 2 = c0S/m: Conductivity [S/m]
# name 3 = sal00: Salinity, Practical [PSU]
# name 4 = scan: Scan Count
# name 5 = timeM: Time, Elapsed [minutes]
# name 6 = flag:  0.000e+00
# span 0 =     -0.333,    170.350                 
# span 1 =     6.4557,    15.5582                 
# span 2 =   0.000129,   3.926724                 
# span 3 =     0.0081,    34.0147                 
# span 4 =         11,       3644                 
# span 5 =     0.0417,    15.1792                 
# span 6 = 0.0000e+00, 0.0000e+00                 
# interval = seconds: 0.25
# start_time = Jun 08 2024 21:31:49 [NMEA time, header]
# bad_flag = -9.990e-29
*END*
[from data line 821]
    117.135     6.8873   3.339311    32.9738        832     3.4625  0.000e+00
    117.303     6.8881   3.339529    32.9753        833     3.4667  0.000e+00
    117.474     6.8890   3.339685    32.9761        834     3.4708  0.000e+00
    117.651     6.8898   3.339828    32.9768        835     3.4750  0.000e+00
    117.836     6.8905   3.339927    32.9771        836     3.4792  0.000e+00
    118.017     6.8912   3.340083    32.9781        837     3.4833  0.000e+00
    118.202     6.8923   3.340189    32.9781        838     3.4875  0.000e+00
    118.395     6.8931   3.340270    32.9782        839     3.4917  0.000e+00
    118.585     6.8939   3.340400    32.9788        840     3.4958  0.000e+00
    118.775     6.8947   3.340512    32.9791        841     3.5000  0.000e+00
    118.963     6.8951   3.340656    32.9802        842     3.5042  0.000e+00
    119.149     6.8956   3.340805    32.9813        843     3.5083  0.000e+00
    119.330     6.8962   3.341122    32.9840        844     3.5125  0.000e+00
    119.514     6.8972   3.341471    32.9869        845     3.5167  0.000e+00
    119.687     6.8985   3.341707    32.9881        846     3.5208  0.000e+00
    119.861     6.8999   3.342043    32.9904        847     3.5250  0.000e+00
    120.027     6.9015   3.342921    32.9984        848     3.5292  0.000e+00
    120.186     6.9040   3.345479    33.0239        849     3.5333  0.000e+00
    120.338     6.9097   3.348792    33.0546        850     3.5375  0.000e+00
    120.479     6.9201   3.352206    33.0819        851     3.5417  0.000e+00
    120.614     6.9327   3.353396    33.0828        852     3.5458  0.000e+00
    120.747     6.9441   3.358457    33.1271        853     3.5500  0.000e+00
    120.880     6.9585   3.360091    33.1312        854     3.5542  0.000e+00
    121.009     6.9719   3.360409    33.1216        855     3.5583  0.000e+00
    121.146     6.9812   3.361438    33.1239        856     3.5625  0.000e+00
    121.289     6.9882   3.362536    33.1291        857     3.5667  0.000e+00
    121.442     6.9948   3.365293    33.1529        858     3.5708  0.000e+00
    121.604     7.0034   3.366423    33.1569        859     3.5750  0.000e+00
    121.773     7.0112   3.366498    33.1500        860     3.5792  0.000e+00
    121.957     7.0168   3.366167    33.1410        861     3.5833  0.000e+00
    122.150     7.0196   3.366560    33.1425        862     3.5875  0.000e+00
    122.351     7.0214   3.367440    33.1503        863     3.5917  0.000e+00
    122.561     7.0241   3.367846    33.1520        864     3.5958  0.000e+00
    122.775     7.0268   3.368239    33.1536        865     3.6000  0.000e+00
    122.990     7.0294   3.368514    33.1540        866     3.6042  0.000e+00
    123.199     7.0316   3.369444    33.1619        867     3.6083  0.000e+00
    123.402     7.0341   3.369744    33.1627        868     3.6125  0.000e+00
    123.592     7.0368   3.370487    33.1682        869     3.6167  0.000e+00
    123.774     7.0393   3.370924    33.1704        870     3.6208  0.000e+00
    123.948     7.0420   3.371430    33.1732        871     3.6250  0.000e+00
    124.110     7.0444   3.371748    33.1743        872     3.6292  0.000e+00
    124.260     7.0468   3.372186    33.1767        873     3.6333  0.000e+00
    124.399     7.0489   3.372392    33.1769        874     3.6375  0.000e+00
    124.523     7.0506   3.372785    33.1795        875     3.6417  0.000e+00
    124.641     7.0523   3.373210    33.1825        876     3.6458  0.000e+00
    124.749     7.0542   3.373479    33.1835        877     3.6500  0.000e+00
    124.858     7.0558   3.373491    33.1821        878     3.6542  0.000e+00
    124.968     7.0569   3.373703    33.1833        879     3.6583  0.000e+00
    125.090     7.0580   3.373685    33.1820        880     3.6625  0.000e+00
    125.222     7.0587   3.373810    33.1826        881     3.6667  0.000e+00
    125.361     7.0592   3.373878    33.1828        882     3.6708  0.000e+00
    125.514     7.0596   3.373947    33.1830        883     3.6750  0.000e+00
    125.682     7.0601   3.373972    33.1827        884     3.6792  0.000e+00
    125.859     7.0605   3.373991    33.1825        885     3.6833  0.000e+00
    126.045     7.0608   3.374054    33.1828        886     3.6875  0.000e+00
    126.246     7.0612   3.374160    33.1835        887     3.6917  0.000e+00
    126.437     7.0615   3.374322    33.1849        888     3.6958  0.000e+00
    126.638     7.0619   3.374441    33.1857        889     3.7000  0.000e+00
    126.840     7.0624   3.374585    33.1867        890     3.7042  0.000e+00
    127.033     7.0631   3.374785    33.1881        891     3.7083  0.000e+00
    127.221     7.0636   3.374935    33.1892        892     3.7125  0.000e+00
    127.393     7.0642   3.375285    33.1923        893     3.7167  0.000e+00
    127.561     7.0653   3.375410    33.1926        894     3.7208  0.000e+00
    127.714     7.0661   3.375716    33.1950        895     3.7250  0.000e+00
    127.864     7.0672   3.375834    33.1953        896     3.7292  0.000e+00
    128.003     7.0682   3.376191    33.1981        897     3.7333  0.000e+00
    128.139     7.0690   3.376391    33.1994        898     3.7375  0.000e+00
    128.276     7.0702   3.376516    33.1996        899     3.7417  0.000e+00
    128.417     7.0711   3.376616    33.1997        900     3.7458  0.000e+00
    128.558     7.0719   3.376578    33.1984        901     3.7500  0.000e+00
    128.695     7.0723   3.376841    33.2009        902     3.7542  0.000e+00
    128.854     7.0729   3.376922    33.2012        903     3.7583  0.000e+00
    129.017     7.0736   3.377028    33.2015        904     3.7625  0.000e+00
    129.187     7.0741   3.377272    33.2036        905     3.7667  0.000e+00
    129.360     7.0750   3.377434    33.2044        906     3.7708  0.000e+00
    129.546     7.0760   3.377597    33.2051        907     3.7750  0.000e+00
    129.730     7.0770   3.377785    33.2062        908     3.7792  0.000e+00
    129.912     7.0778   3.377916    33.2067        909     3.7833  0.000e+00
    130.089     7.0786   3.378053    33.2074        910     3.7875  0.000e+00
    130.266     7.0795   3.378135    33.2074        911     3.7917  0.000e+00
    130.431     7.0799   3.378197    33.2075        912     3.7958  0.000e+00
    130.588     7.0804   3.378285    33.2080        913     3.8000  0.000e+00
    130.732     7.0807   3.378485    33.2098        914     3.8042  0.000e+00
    130.869     7.0811   3.378591    33.2105        915     3.8083  0.000e+00
    131.006     7.0816   3.378847    33.2127        916     3.8125  0.000e+00
    131.140     7.0821   3.379222    33.2163        917     3.8167  0.000e+00
    131.274     7.0832   3.379454    33.2176        918     3.8208  0.000e+00
    131.418     7.0844   3.379491    33.2169        919     3.8250  0.000e+00
    131.559     7.0851   3.379560    33.2169        920     3.8292  0.000e+00
    131.714     7.0857   3.379860    33.2195        921     3.8333  0.000e+00
    131.868     7.0865   3.379779    33.2177        922     3.8375  0.000e+00
    132.034     7.0870   3.379735    33.2167        923     3.8417  0.000e+00
    132.208     7.0872   3.379710    33.2162        924     3.8458  0.000e+00
    132.388     7.0872   3.379735    33.2163        925     3.8500  0.000e+00
    132.576     7.0873   3.379735    33.2161        926     3.8542  0.000e+00
    132.762     7.0873   3.379779    33.2166        927     3.8583  0.000e+00
    132.955     7.0876   3.379904    33.2176        928     3.8625  0.000e+00
    133.147     7.0879   3.380048    33.2187        929     3.8667  0.000e+00
    133.338     7.0884   3.380148    33.2192        930     3.8708  0.000e+00
    133.523     7.0888   3.380292    33.2204        931     3.8750  0.000e+00
    133.700     7.0892   3.380580    33.2231        932     3.8792  0.000e+00
    133.860     7.0900   3.380848    33.2251        933     3.8833  0.000e+00
    134.016     7.0907   3.381205    33.2282        934     3.8875  0.000e+00
    134.151     7.0918   3.381236    33.2275        935     3.8917  0.000e+00
    134.272     7.0926   3.381380    33.2282        936     3.8958  0.000e+00
    134.384     7.0932   3.381667    33.2307        937     3.9000  0.000e+00
    134.486     7.0941   3.381811    33.2313        938     3.9042  0.000e+00
    134.572     7.0947   3.381918    33.2318        939     3.9083  0.000e+00
    134.659     7.0954   3.381874    33.2307        940     3.9125  0.000e+00
    134.758     7.0959   3.383149    33.2441        941     3.9167  0.000e+00
    134.863     7.0977   3.384450    33.2565        942     3.9208  0.000e+00
    134.982     7.1009   3.385101    33.2604        943     3.9250  0.000e+00
    135.112     7.1044   3.385532    33.2617        944     3.9292  0.000e+00
    135.260     7.1071   3.385989    33.2640        945     3.9333  0.000e+00
    135.423     7.1097   3.385751    33.2588        946     3.9375  0.000e+00
    135.603     7.1110   3.385701    33.2570        947     3.9417  0.000e+00
    135.800     7.1115   3.385751    33.2570        948     3.9458  0.000e+00
    136.002     7.1118   3.385908    33.2583        949     3.9500  0.000e+00
    136.218     7.1124   3.386527    33.2643        950     3.9542  0.000e+00
    136.436     7.1136   3.388291    33.2823        951     3.9583  0.000e+00
    136.649     7.1167   3.390344    33.3016        952     3.9625  0.000e+00
    136.861     7.1221   3.392954    33.3247        953     3.9667  0.000e+00
    137.059     7.1298   3.394275    33.3316        954     3.9708  0.000e+00
    137.240     7.1372   3.394976    33.3321        955     3.9750  0.000e+00
    137.410     7.1430   3.394995    33.3265        956     3.9792  0.000e+00
    137.568     7.1470   3.395577    33.3290        957     3.9833  0.000e+00
    137.713     7.1502   3.397369    33.3453        958     3.9875  0.000e+00
    137.849     7.1545   3.398534    33.3538        959     3.9917  0.000e+00
    137.978     7.1596   3.399830    33.3629        960     3.9958  0.000e+00
    138.107     7.1648   3.400601    33.3663        961     4.0000  0.000e+00
    138.221     7.1696   3.401134    33.3674        962     4.0042  0.000e+00
    138.338     7.1736   3.401516    33.3677        963     4.0083  0.000e+00
    138.458     7.1766   3.401691    33.3665        964     4.0125  0.000e+00
    138.572     7.1788   3.402086    33.3687        965     4.0167  0.000e+00
    138.686     7.1809   3.402412    33.3702        966     4.0208  0.000e+00
    138.805     7.1825   3.402556    33.3701        967     4.0250  0.000e+00
    138.930     7.1842   3.403045    33.3738        968     4.0292  0.000e+00
    139.064     7.1859   3.403923    33.3816        969     4.0333  0.000e+00
    139.204     7.1883   3.404543    33.3860        970     4.0375  0.000e+00
    139.350     7.1908   3.404957    33.3880        971     4.0417  0.000e+00
    139.509     7.1932   3.405615    33.3927        972     4.0458  0.000e+00
    139.677     7.1954   3.405891    33.3936        973     4.0500  0.000e+00
    139.847     7.1974   3.406004    33.3928        974     4.0542  0.000e+00
    140.031     7.1990   3.406512    33.3967        975     4.0583  0.000e+00
    140.214     7.2005   3.406907    33.3994        976     4.0625  0.000e+00
    140.401     7.2022   3.407076    33.3995        977     4.0667  0.000e+00
    140.582     7.2035   3.407321    33.4008        978     4.0708  0.000e+00
    140.775     7.2048   3.407597    33.4025        979     4.0750  0.000e+00
    140.952     7.2060   3.407697    33.4024        980     4.0792  0.000e+00
    141.126     7.2069   3.408036    33.4051        981     4.0833  0.000e+00
    141.297     7.2081   3.408237    33.4061        982     4.0875  0.000e+00
    141.452     7.2091   3.408582    33.4087        983     4.0917  0.000e+00
    141.602     7.2104   3.408506    33.4066        984     4.0958  0.000e+00
    141.740     7.2109   3.408607    33.4071        985     4.1000  0.000e+00
    141.861     7.2115   3.408670    33.4072        986     4.1042  0.000e+00
    141.976     7.2119   3.408795    33.4081        987     4.1083  0.000e+00
    142.082     7.2123   3.408908    33.4089        988     4.1125  0.000e+00
    142.193     7.2128   3.408920    33.4085        989     4.1167  0.000e+00
    142.292     7.2132   3.408977    33.4087        990     4.1208  0.000e+00
    142.414     7.2134   3.409002    33.4087        991     4.1250  0.000e+00
    142.534     7.2135   3.409046    33.4091        992     4.1292  0.000e+00
    142.674     7.2139   3.409084    33.4090        993     4.1333  0.000e+00
    142.817     7.2141   3.409128    33.4092        994     4.1375  0.000e+00
    142.971     7.2144   3.409172    33.4093        995     4.1417  0.000e+00
    143.139     7.2147   3.409190    33.4092        996     4.1458  0.000e+00
    143.320     7.2149   3.409216    33.4091        997     4.1500  0.000e+00
    143.503     7.2152   3.409253    33.4092        998     4.1542  0.000e+00
    143.693     7.2152   3.409260    33.4092        999     4.1583  0.000e+00
    143.882     7.2153   3.409291    33.4093       1000     4.1625  0.000e+00
    144.068     7.2152   3.409354    33.4100       1001     4.1667  0.000e+00
    144.243     7.2154   3.409366    33.4099       1002     4.1708  0.000e+00
    144.410     7.2157   3.409461    33.4106       1003     4.1750  0.000e+00
    144.569     7.2157   3.409498    33.4108       1004     4.1792  0.000e+00
    144.709     7.2161   3.409561    33.4111       1005     4.1833  0.000e+00
    144.834     7.2162   3.409655    33.4119       1006     4.1875  0.000e+00
    144.950     7.2166   3.409668    33.4117       1007     4.1917  0.000e+00
    145.065     7.2169   3.409768    33.4124       1008     4.1958  0.000e+00
    145.177     7.2170   3.409806    33.4126       1009     4.2000  0.000e+00
    145.291     7.2174   3.409875    33.4129       1010     4.2042  0.000e+00
    145.401     7.2177   3.409894    33.4128       1011     4.2083  0.000e+00
    145.519     7.2180   3.409938    33.4129       1012     4.2125  0.000e+00
    145.642     7.2182   3.409956    33.4129       1013     4.2167  0.000e+00
    145.779     7.2184   3.410000    33.4132       1014     4.2208  0.000e+00
    145.916     7.2185   3.410126    33.4144       1015     4.2250  0.000e+00
    146.066     7.2188   3.410201    33.4148       1016     4.2292  0.000e+00
    146.222     7.2195   3.410245    33.4145       1017     4.2333  0.000e+00
    146.388     7.2198   3.410289    33.4146       1018     4.2375  0.000e+00
    146.563     7.2203   3.410333    33.4146       1019     4.2417  0.000e+00
    146.742     7.2204   3.410396    33.4151       1020     4.2458  0.000e+00
    146.926     7.2207   3.410477    33.4155       1021     4.2500  0.000e+00
    147.112     7.2209   3.410547    33.4160       1022     4.2542  0.000e+00
    147.303     7.2213   3.410729    33.4175       1023     4.2583  0.000e+00
    147.493     7.2217   3.410829    33.4182       1024     4.2625  0.000e+00
    147.675     7.2223   3.411400    33.4237       1025     4.2667  0.000e+00
    147.858     7.2235   3.411827    33.4271       1026     4.2708  0.000e+00
    148.027     7.2248   3.412492    33.4330       1027     4.2750  0.000e+00
    148.193     7.2271   3.413696    33.4438       1028     4.2792  0.000e+00
    148.354     7.2303   3.414657    33.4510       1029     4.2833  0.000e+00
    148.499     7.2343   3.414920    33.4500       1030     4.2875  0.000e+00
    148.641     7.2376   3.415441    33.4524       1031     4.2917  0.000e+00
    148.777     7.2404   3.415730    33.4527       1032     4.2958  0.000e+00
    148.897     7.2427   3.415918    33.4525       1033     4.3000  0.000e+00
    149.022     7.2444   3.415931    33.4509       1034     4.3042  0.000e+00
    149.139     7.2457   3.416188    33.4524       1035     4.3083  0.000e+00
