HB2403/sbe029.cnv
* Sea-Bird SBE 19plus V2 Data File:
* FileName = C:\cruise\data\sbe029.hex
* Software Version Seasave V 7.26.7.121
* Temperature SN = 6128
* Conductivity SN = 6128
* System UpLoad Time = Jun 04 2024 02:52:13
* NMEA Latitude = 40 25.89 N
* NMEA Longitude = 072 47.71 W
* NMEA UTC (Time) = Jun 04 2024  02:52:44
** Ship: Henry Bigelow
** Cruise:  HB2403
** Program:  ECOMON
# nquan = 7
# nvalues = 1230                                  
# units = specified
# name 0 = depSM: Depth [salt water, m]
# name 1 = tv290C: Temperature [ITS-90, deg C]
# name 2 = c0S/m: Conductivity [S/m]
# name 3 = sal00: Salinity, Practical [PSU]
# name 4 = scan: Scan Count
# name 5 = timeM: Time, Elapsed [minutes]
# name 6 = flag:  0.000e+00
# span 0 =     -0.135,     36.233                 
# span 1 =     7.0889,    18.9760                 
# span 2 =   0.000064,   4.134706                 
# span 3 =     0.0093,    32.0341                 
# span 4 =         11,       1240                 
# span 5 =     0.0417,     5.1625                 
# span 6 = 0.0000e+00, 0.0000e+00                 
# interval = seconds: 0.25
# start_time = Jun 04 2024 02:52:44 [NMEA time, header]
# bad_flag = -9.990e-29
*END*
[from data line 206]
     16.514    10.9054   3.597978    32.0341        217     0.9000  0.000e+00
     16.608    10.8960   3.595857    32.0213        218     0.9042  0.000e+00
     16.700    10.8878   3.590984    31.9802        219     0.9083  0.000e+00
     16.785    10.8798   3.586005    31.9378        220     0.9125  0.000e+00
     16.888    10.8713   3.584290    31.9282        221     0.9167  0.000e+00
     16.984    10.8620   3.581457    31.9083        222     0.9208  0.000e+00
     17.081    10.8510   3.577813    31.8817        223     0.9250  0.000e+00
     17.181    10.8378   3.573467    31.8501        224     0.9292  0.000e+00
     17.275    10.8235   3.567910    31.8075        225     0.9333  0.000e+00
     17.363    10.8083   3.564169    31.7836        226     0.9375  0.000e+00
     17.446    10.7922   3.562095    31.7770        227     0.9417  0.000e+00
     17.528    10.7769   3.560940    31.7787        228     0.9458  0.000e+00
     17.603    10.7632   3.560130    31.7826        229     0.9500  0.000e+00
     17.677    10.7527   3.561004    31.8003        230     0.9542  0.000e+00
     17.744    10.7449   3.563167    31.8286        231     0.9583  0.000e+00
     17.820    10.7391   3.566423    31.8659        232     0.9625  0.000e+00
     17.899    10.7348   3.569552    31.9007        233     0.9667  0.000e+00
     17.990    10.7310   3.572146    31.9297        234     0.9708  0.000e+00
     18.080    10.7277   3.572810    31.9392        235     0.9750  0.000e+00
     18.189    10.7256   3.571322    31.9262        236     0.9792  0.000e+00
     18.300    10.7244   3.569418    31.9083        237     0.9833  0.000e+00
     18.430    10.7226   3.565179    31.8677        238     0.9875  0.000e+00
     18.558    10.7175   3.560175    31.8223        239     0.9917  0.000e+00
     18.703    10.7092   3.555162    31.7798        240     0.9958  0.000e+00
     18.853    10.6977   3.549744    31.7359        241     1.0000  0.000e+00
     19.001    10.6846   3.545552    31.7056        242     1.0042  0.000e+00
     19.140    10.6718   3.541622    31.6776        243     1.0083  0.000e+00
     19.284    10.6602   3.538631    31.6579        244     1.0125  0.000e+00
     19.425    10.6487   3.536639    31.6479        245     1.0167  0.000e+00
     19.555    10.6383   3.535615    31.6467        246     1.0208  0.000e+00
     19.678    10.6290   3.534603    31.6447        247     1.0250  0.000e+00
     19.790    10.6203   3.533089    31.6371        248     1.0292  0.000e+00
     19.906    10.6109   3.533306    31.6473        249     1.0333  0.000e+00
     20.011    10.6003   3.534171    31.6651        250     1.0375  0.000e+00
     20.113    10.5911   3.534260    31.6740        251     1.0417  0.000e+00
     20.220    10.5835   3.535081    31.6887        252     1.0458  0.000e+00
     20.334    10.5771   3.535915    31.7025        253     1.0500  0.000e+00
     20.444    10.5718   3.532142    31.6695        254     1.0542  0.000e+00
     20.559    10.5642   3.498624    31.3424        255     1.0583  0.000e+00
     20.680    10.5307   3.489068    31.2761        256     1.0625  0.000e+00
     20.805    10.4830   3.487467    31.3011        257     1.0667  0.000e+00
     20.940    10.4460   3.487259    31.3307        258     1.0708  0.000e+00
     21.081    10.4221   3.486317    31.3418        259     1.0750  0.000e+00
     21.235    10.4056   3.486216    31.3550        260     1.0792  0.000e+00
     21.390    10.3947   3.485937    31.3615        261     1.0833  0.000e+00
     21.545    10.3874   3.485267    31.3611        262     1.0875  0.000e+00
     21.699    10.3801   3.484084    31.3555        263     1.0917  0.000e+00
     21.854    10.3704   3.480789    31.3309        264     1.0958  0.000e+00
     22.002    10.3529   3.478816    31.3261        265     1.1000  0.000e+00
     22.146    10.3321   3.479784    31.3537        266     1.1042  0.000e+00
     22.280    10.3200   3.482447    31.3908        267     1.1083  0.000e+00
     22.408    10.3188   3.482598    31.3932        268     1.1125  0.000e+00
     22.527    10.3192   3.481175    31.3786        269     1.1167  0.000e+00
     22.649    10.3131   3.479601    31.3681        270     1.1208  0.000e+00
     22.757    10.3012   3.478602    31.3683        271     1.1250  0.000e+00
     22.874    10.2875   3.477433    31.3684        272     1.1292  0.000e+00
     22.992    10.2722   3.476504    31.3722        273     1.1333  0.000e+00
     23.117    10.2566   3.476542    31.3861        274     1.1375  0.000e+00
     23.240    10.2442   3.476012    31.3914        275     1.1417  0.000e+00
     23.373    10.2337   3.475759    31.3979        276     1.1458  0.000e+00
     23.510    10.2251   3.475405    31.4017        277     1.1500  0.000e+00
     23.657    10.2182   3.475399    31.4076        278     1.1542  0.000e+00
     23.806    10.2129   3.475146    31.4096        279     1.1583  0.000e+00
     23.964    10.2082   3.475121    31.4133        280     1.1625  0.000e+00
     24.128    10.2050   3.475538    31.4203        281     1.1667  0.000e+00
     24.292    10.2045   3.475058    31.4157        282     1.1708  0.000e+00
     24.455    10.2032   3.473744    31.4036        283     1.1750  0.000e+00
     24.606    10.1966   3.472392    31.3957        284     1.1792  0.000e+00
     24.753    10.1858   3.470819    31.3892        285     1.1833  0.000e+00
     24.899    10.1718   3.469379    31.3869        286     1.1875  0.000e+00
     25.025    10.1565   3.468470    31.3908        287     1.1917  0.000e+00
     25.144    10.1418   3.466999    31.3888        288     1.1958  0.000e+00
     25.258    10.1267   3.465364    31.3854        289     1.2000  0.000e+00
     25.370    10.1101   3.464285    31.3889        290     1.2042  0.000e+00
     25.482    10.0949   3.463351    31.3926        291     1.2083  0.000e+00
     25.599    10.0807   3.462298    31.3943        292     1.2125  0.000e+00
     25.715    10.0675   3.462298    31.4057        293     1.2167  0.000e+00
     25.836    10.0582   3.463087    31.4217        294     1.2208  0.000e+00
     25.957    10.0543   3.462809    31.4222        295     1.2250  0.000e+00
     26.085    10.0507   3.461920    31.4163        296     1.2292  0.000e+00
     26.216    10.0448   3.459661    31.3986        297     1.2333  0.000e+00
     26.355    10.0332   3.456867    31.3805        298     1.2375  0.000e+00
     26.504    10.0142   3.453614    31.3641        299     1.2417  0.000e+00
     26.651     9.9890   3.449997    31.3494        300     1.2458  0.000e+00
     26.808     9.9594   3.447867    31.3536        301     1.2500  0.000e+00
     26.970     9.9302   3.444574    31.3456        302     1.2542  0.000e+00
     27.135     9.8999   3.440696    31.3326        303     1.2583  0.000e+00
     27.297     9.8662   3.435970    31.3141        304     1.2625  0.000e+00
     27.453     9.8261   3.431857    31.3072        305     1.2667  0.000e+00
     27.599     9.7838   3.426753    31.2922        306     1.2708  0.000e+00
     27.744     9.7382   3.421696    31.2805        307     1.2750  0.000e+00
     27.874     9.6903   3.419448    31.2992        308     1.2792  0.000e+00
     28.000     9.6497   3.417546    31.3152        309     1.2833  0.000e+00
     28.116     9.6173   3.416599    31.3338        310     1.2875  0.000e+00
     28.231     9.5940   3.417503    31.3633        311     1.2917  0.000e+00
     28.341     9.5791   3.417642    31.3777        312     1.2958  0.000e+00
     28.447     9.5692   3.418163    31.3916        313     1.3000  0.000e+00
     28.554     9.5620   3.419061    31.4070        314     1.3042  0.000e+00
     28.666     9.5573   3.420304    31.4237        315     1.3083  0.000e+00
     28.781     9.5546   3.420398    31.4270        316     1.3125  0.000e+00
     28.899     9.5512   3.419557    31.4213        317     1.3167  0.000e+00
     29.024     9.5446   3.418860    31.4200        318     1.3208  0.000e+00
     29.161     9.5364   3.418515    31.4236        319     1.3250  0.000e+00
     29.302     9.5287   3.418766    31.4328        320     1.3292  0.000e+00
     29.450     9.5233   3.418427    31.4340        321     1.3333  0.000e+00
     29.616     9.5178   3.418974    31.4443        322     1.3375  0.000e+00
     29.775     9.5151   3.418729    31.4441        323     1.3417  0.000e+00
     29.939     9.5134   3.417812    31.4362        324     1.3458  0.000e+00
     30.098     9.5081   3.417040    31.4329        325     1.3500  0.000e+00
     30.262     9.4986   3.415948    31.4300        326     1.3542  0.000e+00
     30.412     9.4872   3.414938    31.4297        327     1.3583  0.000e+00
     30.560     9.4747   3.414354    31.4345        328     1.3625  0.000e+00
     30.696     9.4636   3.413758    31.4382        329     1.3667  0.000e+00
     30.824     9.4541   3.413570    31.4445        330     1.3708  0.000e+00
     30.950     9.4455   3.412447    31.4405        331     1.3750  0.000e+00
     31.079     9.4333   3.412096    31.4476        332     1.3792  0.000e+00
     31.205     9.4213   3.413370    31.4711        333     1.3833  0.000e+00
     31.322     9.4149   3.414901    31.4923        334     1.3875  0.000e+00
     31.450     9.4144   3.414092    31.4844        335     1.3917  0.000e+00
     31.579     9.4104   3.411745    31.4638        336     1.3958  0.000e+00
     31.713     9.3969   3.409217    31.4498        337     1.4000  0.000e+00
     31.842     9.3767   3.407305    31.4479        338     1.4042  0.000e+00
     31.987     9.3545   3.403970    31.4332        339     1.4083  0.000e+00
     32.126     9.3287   3.401827    31.4339        340     1.4125  0.000e+00
     32.265     9.3016   3.397373    31.4120        341     1.4167  0.000e+00
     32.415     9.2678   3.393935    31.4063        342     1.4208  0.000e+00
     32.556     9.2299   3.389123    31.3902        343     1.4250  0.000e+00
     32.702     9.1862   3.383049    31.3661        344     1.4292  0.000e+00
     32.841     9.1322   3.376749    31.3487        345     1.4333  0.000e+00
     32.977     9.0718   3.370616    31.3385        346     1.4375  0.000e+00
     33.116     9.0065   3.364444    31.3323        347     1.4417  0.000e+00
     33.251     8.9383   3.354436    31.2888        348     1.4458  0.000e+00
     33.385     8.8521   3.343364    31.2500        349     1.4500  0.000e+00
     33.520     8.7445   3.324104    31.1448        350     1.4542  0.000e+00
     33.656     8.5915   3.296281    30.9897        351     1.4583  0.000e+00
     33.800     8.3711   3.275962    30.9708        352     1.4625  0.000e+00
     33.943     8.1283   3.259518    31.0121        353     1.4667  0.000e+00
     34.098     7.8962   3.250706    31.1248        354     1.4708  0.000e+00
     34.243     7.7043   3.247243    31.2594        355     1.4750  0.000e+00
     34.393     7.5685   3.241899    31.3244        356     1.4792  0.000e+00
     34.543     7.4691   3.236594    31.3572        357     1.4833  0.000e+00
     34.692     7.3845   3.237542    31.4439        358     1.4875  0.000e+00
     34.830     7.3310   3.234869    31.4636        359     1.4917  0.000e+00
     34.960     7.2933   3.232836    31.4760        360     1.4958  0.000e+00
     35.088     7.2621   3.230287    31.4767        361     1.5000  0.000e+00
     35.211     7.2332   3.228298    31.4816        362     1.5042  0.000e+00
     35.321     7.2045   3.226518    31.4884        363     1.5083  0.000e+00
     35.442     7.1789   3.225045    31.4957        364     1.5125  0.000e+00
     35.556     7.1568   3.224530    31.5103        365     1.5167  0.000e+00
     35.675     7.1403   3.223898    31.5185        366     1.5208  0.000e+00
     35.794     7.1282   3.223548    31.5257        367     1.5250  0.000e+00
     35.920     7.1195   3.223732    31.5356        368     1.5292  0.000e+00
     36.056     7.1152   3.224033    31.5427        369     1.5333  0.000e+00
     36.152     7.1144   3.224064    31.5437        370     1.5375  0.000e+00
     36.217     7.1149   3.223634    31.5385        371     1.5417  0.000e+00
     36.233     7.1143   3.223242    31.5348        372     1.5458  0.000e+00
     36.200     7.1123   3.222689    31.5307        373     1.5500  0.000e+00
     36.170     7.1082   3.222156    31.5287        374     1.5542  0.000e+00
     36.161     7.1032   3.221787    31.5293        375     1.5583  0.000e+00
     36.152     7.0985   3.221751    31.5332        376     1.5625  0.000e+00
     36.144     7.0955   3.221689    31.5353        377     1.5667  0.000e+00
     36.115     7.0933   3.221548    31.5357        378     1.5708  0.000e+00
     36.080     7.0919   3.221505    31.5366        379     1.5750  0.000e+00
     36.049     7.0910   3.221462    31.5369        380     1.5792  0.000e+00
     36.011     7.0906   3.221358    31.5362        381     1.5833  0.000e+00
     35.949     7.0905   3.221260    31.5353        382     1.5875  0.000e+00
     35.877     7.0904   3.221094    31.5336        383     1.5917  0.000e+00
     35.783     7.0900   3.221015    31.5331        384     1.5958  0.000e+00
     35.690     7.0897   3.221033    31.5337        385     1.6000  0.000e+00
     35.597     7.0895   3.220990    31.5334        386     1.6042  0.000e+00
     35.518     7.0889   3.221033    31.5344        387     1.6083  0.000e+00
     35.445     7.0890   3.221002    31.5340        388     1.6125  0.000e+00
     35.382     7.0890   3.220990    31.5340        389     1.6167  0.000e+00
     35.326     7.0891   3.221051    31.5346        390     1.6208  0.000e+00
     35.267     7.0896   3.221076    31.5345        391     1.6250  0.000e+00
     35.216     7.0901   3.221076    31.5340        392     1.6292  0.000e+00
     35.164     7.0904   3.221051    31.5335        393     1.6333  0.000e+00
     35.108     7.0907   3.221033    31.5330        394     1.6375  0.000e+00
     35.041     7.0906   3.220990    31.5326        395     1.6417  0.000e+00
     34.965     7.0910   3.220928    31.5316        396     1.6458  0.000e+00
     34.889     7.0909   3.221051    31.5331        397     1.6500  0.000e+00
     34.804     7.0912   3.220904    31.5313        398     1.6542  0.000e+00
     34.712     7.0912   3.220953    31.5319        399     1.6583  0.000e+00
     34.611     7.0913   3.221217    31.5347        400     1.6625  0.000e+00
     34.508     7.0923   3.221235    31.5340        401     1.6667  0.000e+00
     34.400     7.0936   3.221278    31.5334        402     1.6708  0.000e+00
     34.295     7.0944   3.221051    31.5302        403     1.6750  0.000e+00
     34.201     7.0943   3.221032    31.5302        404     1.6792  0.000e+00
     34.109     7.0942   3.222118    31.5421        405     1.6833  0.000e+00
     34.024     7.0978   3.222400    31.5418        406     1.6875  0.000e+00
     33.941     7.1039   3.226113    31.5766        407     1.6917  0.000e+00
     33.865     7.1213   3.226579    31.5657        408     1.6958  0.000e+00
     33.793     7.1412   3.228673    31.5703        409     1.7000  0.000e+00
     33.719     7.1599   3.228832    31.5549        410     1.7042  0.000e+00
     33.646     7.1749   3.230005    31.5539        411     1.7083  0.000e+00
     33.569     7.1884   3.229716    31.5385        412     1.7125  0.000e+00
     33.491     7.1980   3.238902    31.6291        413     1.7167  0.000e+00
     33.414     7.2397   3.252572    31.7388        414     1.7208  0.000e+00
     33.320     7.3358   3.267634    31.8132        415     1.7250  0.000e+00
     33.226     7.4715   3.286481    31.8915        416     1.7292  0.000e+00
     33.137     7.6440   3.306931    31.9526        417     1.7333  0.000e+00
     33.041     7.8487   3.321798    31.9239        418     1.7375  0.000e+00
     32.946     8.0509   3.332251    31.8506        419     1.7417  0.000e+00
     32.857     8.2279   3.341428    31.7871        420     1.7458  0.000e+00
