HB2403/sbe064.cnv
* Sea-Bird SBE 19plus V2 Data File:
* FileName = C:\cruise\data\sbe064.hex
* Software Version Seasave V 7.26.7.121
* Temperature SN = 6128
* Conductivity SN = 6128
* System UpLoad Time = Jun 07 2024 08:16:28
* NMEA Latitude = 40 18.13 N
* NMEA Longitude = 068 00.32 W
* NMEA UTC (Time) = Jun 07 2024  08:17:01
** Ship: Henry Bigelow
** Cruise:  HB2403
** Program:  ECOMON
# nquan = 7
# nvalues = 5120                                  
# units = specified
# name 0 = depSM: Depth [salt water, m]
# name 1 = tv290C: Temperature [ITS-90, deg C]
# name 2 = c0S/m: Conductivity [S/m]
# name 3 = sal00: Salinity, Practical [PSU]
# name 4 = scan: Scan Count
# name 5 = timeM: Time, Elapsed [minutes]
# name 6 = flag:  0.000e+00
# span 0 =     -0.366,    199.627                 
# span 1 =     8.0598,    15.6112                 
# span 2 =   0.000073,   4.099255                 
# span 3 =     0.0080,    35.3535                 
# span 4 =         11,       5130                 
# span 5 =     0.0417,    21.3708                 
# span 6 = 0.0000e+00, 0.0000e+00                 
# interval = seconds: 0.25
# start_time = Jun 07 2024 08:17:01 [NMEA time, header]
# bad_flag = -9.990e-29
*END*
[from data line 821]
     84.525    11.6099   3.929178    34.6351        832     3.4625  0.000e+00
     84.688    11.5901   3.928614    34.6480        833     3.4667  0.000e+00
     84.832    11.5755   3.928568    34.6611        834     3.4708  0.000e+00
     84.964    11.5660   3.928674    34.6710        835     3.4750  0.000e+00
     85.079    11.5607   3.928263    34.6718        836     3.4792  0.000e+00
     85.195    11.5565   3.927845    34.6716        837     3.4833  0.000e+00
     85.307    11.5524   3.927473    34.6717        838     3.4875  0.000e+00
     85.424    11.5482   3.927334    34.6742        839     3.4917  0.000e+00
     85.547    11.5450   3.927354    34.6774        840     3.4958  0.000e+00
     85.677    11.5430   3.927334    34.6790        841     3.5000  0.000e+00
     85.813    11.5420   3.927473    34.6812        842     3.5042  0.000e+00
     85.950    11.5416   3.927400    34.6808        843     3.5083  0.000e+00
     86.102    11.5414   3.927527    34.6822        844     3.5125  0.000e+00
     86.252    11.5415   3.927706    34.6838        845     3.5167  0.000e+00
     86.409    11.5422   3.927799    34.6840        846     3.5208  0.000e+00
     86.574    11.5430   3.927845    34.6837        847     3.5250  0.000e+00
     86.742    11.5435   3.927918    34.6839        848     3.5292  0.000e+00
     86.904    11.5438   3.927892    34.6832        849     3.5333  0.000e+00
     87.076    11.5440   3.927567    34.6798        850     3.5375  0.000e+00
     87.246    11.5429   3.927142    34.6765        851     3.5417  0.000e+00
     87.406    11.5407   3.927029    34.6774        852     3.5458  0.000e+00
     87.574    11.5384   3.926751    34.6767        853     3.5500  0.000e+00
     87.739    11.5363   3.926572    34.6768        854     3.5542  0.000e+00
     87.900    11.5339   3.925908    34.6725        855     3.5583  0.000e+00
     88.057    11.5303   3.925397    34.6707        856     3.5625  0.000e+00
     88.216    11.5260   3.924601    34.6669        857     3.5667  0.000e+00
     88.369    11.5206   3.924143    34.6674        858     3.5708  0.000e+00
     88.527    11.5152   3.923719    34.6682        859     3.5750  0.000e+00
     88.671    11.5103   3.923089    34.6664        860     3.5792  0.000e+00
     88.814    11.5048   3.921875    34.6596        861     3.5833  0.000e+00
     88.953    11.4977   3.921570    34.6632        862     3.5875  0.000e+00
     89.084    11.4912   3.921013    34.6638        863     3.5917  0.000e+00
     89.215    11.4856   3.920124    34.6601        864     3.5958  0.000e+00
     89.341    11.4789   3.919567    34.6609        865     3.6000  0.000e+00
     89.464    11.4724   3.918825    34.6596        866     3.6042  0.000e+00
     89.585    11.4660   3.918275    34.6601        867     3.6083  0.000e+00
     89.708    11.4596   3.917963    34.6630        868     3.6125  0.000e+00
     89.830    11.4544   3.917705    34.6652        869     3.6167  0.000e+00
     89.955    11.4507   3.917824    34.6698        870     3.6208  0.000e+00
     90.086    11.4482   3.916173    34.6558        871     3.6250  0.000e+00
     90.221    11.4423   3.915656    34.6562        872     3.6292  0.000e+00
     90.361    11.4355   3.914987    34.6559        873     3.6333  0.000e+00
     90.509    11.4287   3.911799    34.6307        874     3.6375  0.000e+00
     90.661    11.4151   3.910918    34.6347        875     3.6417  0.000e+00
     90.817    11.4018   3.911263    34.6505        876     3.6458  0.000e+00
     90.981    11.3940   3.908666    34.6321        877     3.6500  0.000e+00
     91.149    11.3837   3.905719    34.6126        878     3.6542  0.000e+00
     91.315    11.3660   3.904143    34.6135        879     3.6583  0.000e+00
     91.474    11.3485   3.904104    34.6294        880     3.6625  0.000e+00
     91.636    11.3359   3.902198    34.6223        881     3.6667  0.000e+00
     91.797    11.3238   3.900622    34.6180        882     3.6708  0.000e+00
     91.954    11.3087   3.893338    34.5600        883     3.6750  0.000e+00
     92.111    11.2805   3.891672    34.5699        884     3.6792  0.000e+00
     92.272    11.2512   3.890866    34.5892        885     3.6833  0.000e+00
     92.431    11.2299   3.890608    34.6066        886     3.6875  0.000e+00
     92.586    11.2168   3.889895    34.6118        887     3.6917  0.000e+00
     92.743    11.2065   3.890014    34.6226        888     3.6958  0.000e+00
     92.897    11.1994   3.890497    34.6340        889     3.7000  0.000e+00
     93.052    11.1967   3.889294    34.6245        890     3.7042  0.000e+00
     93.208    11.1916   3.889340    34.6296        891     3.7083  0.000e+00
     93.366    11.1878   3.888210    34.6219        892     3.7125  0.000e+00
     93.518    11.1829   3.888031    34.6248        893     3.7167  0.000e+00
     93.675    11.1776   3.887311    34.6225        894     3.7208  0.000e+00
     93.834    11.1723   3.887172    34.6261        895     3.7250  0.000e+00
     93.986    11.1679   3.886829    34.6267        896     3.7292  0.000e+00
     94.138    11.1644   3.887212    34.6337        897     3.7333  0.000e+00
     94.288    11.1633   3.886551    34.6281        898     3.7375  0.000e+00
     94.431    11.1604   3.885699    34.6223        899     3.7417  0.000e+00
     94.568    11.1559   3.885369    34.6232        900     3.7458  0.000e+00
     94.711    11.1511   3.885144    34.6254        901     3.7500  0.000e+00
     94.850    11.1470   3.885005    34.6279        902     3.7542  0.000e+00
     94.985    11.1440   3.884887    34.6294        903     3.7583  0.000e+00
     95.121    11.1415   3.884827    34.6311        904     3.7625  0.000e+00
     95.254    11.1399   3.884755    34.6319        905     3.7667  0.000e+00
     95.389    11.1386   3.884768    34.6332        906     3.7708  0.000e+00
     95.521    11.1376   3.884642    34.6328        907     3.7750  0.000e+00
     95.651    11.1366   3.884523    34.6325        908     3.7792  0.000e+00
     95.780    11.1357   3.884385    34.6319        909     3.7833  0.000e+00
     95.903    11.1343   3.883651    34.6259        910     3.7875  0.000e+00
     96.031    11.1311   3.883050    34.6228        911     3.7917  0.000e+00
     96.147    11.1264   3.882495    34.6217        912     3.7958  0.000e+00
     96.259    11.1211   3.882132    34.6230        913     3.8000  0.000e+00
     96.374    11.1160   3.881419    34.6207        914     3.8042  0.000e+00
     96.479    11.1102   3.880838    34.6203        915     3.8083  0.000e+00
     96.591    11.1040   3.880653    34.6243        916     3.8125  0.000e+00
     96.703    11.0992   3.880521    34.6274        917     3.8167  0.000e+00
     96.815    11.0956   3.880402    34.6296        918     3.8208  0.000e+00
     96.945    11.0928   3.880079    34.6289        919     3.8250  0.000e+00
     97.091    11.0899   3.880013    34.6309        920     3.8292  0.000e+00
     97.247    11.0878   3.880383    34.6365        921     3.8333  0.000e+00
     97.411    11.0872   3.880852    34.6417        922     3.8375  0.000e+00
     97.592    11.0883   3.881281    34.6449        923     3.8417  0.000e+00
     97.778    11.0907   3.882014    34.6498        924     3.8458  0.000e+00
     97.975    11.0948   3.882820    34.6538        925     3.8500  0.000e+00
     98.177    11.1003   3.883798    34.6584        926     3.8542  0.000e+00
     98.383    11.1056   3.884802    34.6632        927     3.8583  0.000e+00
     98.588    11.1119   3.885906    34.6682        928     3.8625  0.000e+00
     98.789    11.1186   3.886752    34.6702        929     3.8667  0.000e+00
     98.984    11.1246   3.887545    34.6723        930     3.8708  0.000e+00
     99.167    11.1296   3.887935    34.6714        931     3.8750  0.000e+00
     99.331    11.1325   3.887790    34.6672        932     3.8792  0.000e+00
     99.483    11.1321   3.887386    34.6635        933     3.8833  0.000e+00
     99.613    11.1291   3.886851    34.6609        934     3.8875  0.000e+00
     99.723    11.1247   3.886098    34.6575        935     3.8917  0.000e+00
     99.814    11.1184   3.885563    34.6581        936     3.8958  0.000e+00
     99.884    11.1118   3.884942    34.6581        937     3.9000  0.000e+00
     99.951    11.1053   3.884228    34.6571        938     3.9042  0.000e+00
    100.008    11.0984   3.883653    34.6579        939     3.9083  0.000e+00
    100.070    11.0919   3.883257    34.6600        940     3.9125  0.000e+00
    100.133    11.0860   3.882986    34.6628        941     3.9167  0.000e+00
    100.202    11.0814   3.882881    34.6661        942     3.9208  0.000e+00
    100.287    11.0780   3.882802    34.6685        943     3.9250  0.000e+00
    100.381    11.0757   3.882498    34.6676        944     3.9292  0.000e+00
    100.485    11.0735   3.882280    34.6674        945     3.9333  0.000e+00
    100.612    11.0709   3.881811    34.6652        946     3.9375  0.000e+00
    100.755    11.0680   3.881718    34.6669        947     3.9417  0.000e+00
    100.912    11.0653   3.881646    34.6687        948     3.9458  0.000e+00
    101.072    11.0637   3.881785    34.6715        949     3.9500  0.000e+00
    101.251    11.0629   3.881554    34.6699        950     3.9542  0.000e+00
    101.433    11.0620   3.881626    34.6714        951     3.9583  0.000e+00
    101.619    11.0613   3.880933    34.6650        952     3.9625  0.000e+00
    101.816    11.0588   3.880154    34.6595        953     3.9667  0.000e+00
    102.008    11.0542   3.879520    34.6575        954     3.9708  0.000e+00
    102.208    11.0485   3.878978    34.6573        955     3.9750  0.000e+00
    102.394    11.0424   3.878358    34.6568        956     3.9792  0.000e+00
    102.577    11.0370   3.878127    34.6596        957     3.9833  0.000e+00
    102.752    11.0318   3.877420    34.6573        958     3.9875  0.000e+00
    102.927    11.0265   3.876681    34.6549        959     3.9917  0.000e+00
    103.092    11.0200   3.875902    34.6532        960     3.9958  0.000e+00
    103.257    11.0130   3.874840    34.6492        961     4.0000  0.000e+00
    103.413    11.0046   3.873209    34.6407        962     4.0042  0.000e+00
    103.570    10.9930   3.871837    34.6379        963     4.0083  0.000e+00
    103.720    10.9805   3.871441    34.6457        964     4.0125  0.000e+00
    103.869    10.9700   3.871514    34.6563        965     4.0167  0.000e+00
    104.015    10.9625   3.870920    34.6574        966     4.0208  0.000e+00
    104.165    10.9545   3.870650    34.6622        967     4.0250  0.000e+00
    104.311    10.9458   3.870967    34.6735        968     4.0292  0.000e+00
    104.452    10.9398   3.871805    34.6875        969     4.0333  0.000e+00
    104.594    10.9372   3.872135    34.6931        970     4.0375  0.000e+00
    104.733    10.9367   3.873237    34.7046        971     4.0417  0.000e+00
    104.872    10.9368   3.875514    34.7271        972     4.0458  0.000e+00
    105.006    10.9408   3.877766    34.7458        973     4.0500  0.000e+00
    105.136    10.9474   3.879859    34.7605        974     4.0542  0.000e+00
    105.262    10.9558   3.880889    34.7628        975     4.0583  0.000e+00
    105.392    10.9640   3.881411    34.7601        976     4.0625  0.000e+00
    105.517    10.9699   3.882204    34.7624        977     4.0667  0.000e+00
    105.644    10.9744   3.881926    34.7553        978     4.0708  0.000e+00
    105.768    10.9761   3.881920    34.7536        979     4.0750  0.000e+00
    105.893    10.9757   3.881722    34.7519        980     4.0792  0.000e+00
    106.019    10.9744   3.883518    34.7710        981     4.0833  0.000e+00
    106.148    10.9779   3.886855    34.8010        982     4.0875  0.000e+00
    106.286    10.9904   3.893070    34.8511        983     4.0917  0.000e+00
    106.433    11.0157   3.899632    34.8926        984     4.0958  0.000e+00
    106.586    11.0531   3.904246    34.9030        985     4.1000  0.000e+00
    106.745    11.0936   3.916695    34.9885        986     4.1042  0.000e+00
    106.904    11.1499   3.919903    34.9669        987     4.1083  0.000e+00
    107.069    11.2025   3.921607    34.9338        988     4.1125  0.000e+00
    107.237    11.2401   3.922655    34.9085        989     4.1167  0.000e+00
    107.410    11.2670   3.927731    34.9334        990     4.1208  0.000e+00
    107.582    11.2934   3.929981    34.9306        991     4.1250  0.000e+00
    107.748    11.3187   3.931640    34.9230        992     4.1292  0.000e+00
    107.916    11.3387   3.932576    34.9133        993     4.1333  0.000e+00
    108.065    11.3528   3.933088    34.9049        994     4.1375  0.000e+00
    108.206    11.3618   3.933180    34.8972        995     4.1417  0.000e+00
    108.347    11.3683   3.934847    34.9075        996     4.1458  0.000e+00
    108.474    11.3765   3.937770    34.9287        997     4.1500  0.000e+00
    108.599    11.3897   3.938966    34.9280        998     4.1542  0.000e+00
    108.721    11.4023   3.939950    34.9257        999     4.1583  0.000e+00
    108.844    11.4128   3.940036    34.9166       1000     4.1625  0.000e+00
    108.970    11.4190   3.939950    34.9099       1001     4.1667  0.000e+00
    109.102    11.4217   3.939431    34.9021       1002     4.1708  0.000e+00
    109.249    11.4215   3.939245    34.9004       1003     4.1750  0.000e+00
    109.406    11.4204   3.939624    34.9051       1004     4.1792  0.000e+00
    109.561    11.4204   3.941472    34.9233       1005     4.1833  0.000e+00
    109.728    11.4251   3.942549    34.9294       1006     4.1875  0.000e+00
    109.905    11.4322   3.942057    34.9178       1007     4.1917  0.000e+00
    110.078    11.4357   3.941239    34.9063       1008     4.1958  0.000e+00
    110.259    11.4346   3.941990    34.9148       1009     4.2000  0.000e+00
    110.440    11.4343   3.945015    34.9448       1010     4.2042  0.000e+00
    110.619    11.4415   3.949385    34.9812       1011     4.2083  0.000e+00
    110.785    11.4587   3.950389    34.9747       1012     4.2125  0.000e+00
    110.951    11.4745   3.951241    34.9681       1013     4.2167  0.000e+00
    111.097    11.4863   3.952139    34.9657       1014     4.2208  0.000e+00
    111.233    11.4963   3.956398    34.9983       1015     4.2250  0.000e+00
    111.356    11.5128   3.960966    35.0278       1016     4.2292  0.000e+00
    111.468    11.5384   3.965762    35.0508       1017     4.2333  0.000e+00
    111.565    11.5680   3.968241    35.0472       1018     4.2375  0.000e+00
    111.657    11.5961   3.970740    35.0452       1019     4.2417  0.000e+00
    111.737    11.6205   3.973420    35.0485       1020     4.2458  0.000e+00
    111.805    11.6441   3.975861    35.0502       1021     4.2500  0.000e+00
    111.881    11.6654   3.976214    35.0335       1022     4.2542  0.000e+00
    111.964    11.6803   3.976454    35.0217       1023     4.2583  0.000e+00
    112.058    11.6900   3.975954    35.0076       1024     4.2625  0.000e+00
    112.157    11.6942   3.974960    34.9938       1025     4.2667  0.000e+00
    112.282    11.6937   3.975767    35.0022       1026     4.2708  0.000e+00
    112.408    11.6939   3.975007    34.9945       1027     4.2750  0.000e+00
    112.555    11.6932   3.976354    35.0083       1028     4.2792  0.000e+00
    112.721    11.6951   3.977755    35.0202       1029     4.2833  0.000e+00
    112.896    11.7013   3.976548    35.0024       1030     4.2875  0.000e+00
    113.081    11.7037   3.978562    35.0199       1031     4.2917  0.000e+00
    113.272    11.7083   3.979416    35.0238       1032     4.2958  0.000e+00
    113.467    11.7152   3.981505    35.0378       1033     4.3000  0.000e+00
    113.663    11.7255   3.984756    35.0599       1034     4.3042  0.000e+00
    113.861    11.7413   3.988535    35.0820       1035     4.3083  0.000e+00
