HB2403/sbe038.cnv
* Sea-Bird SBE 19plus V2 Data File:
* FileName = C:\cruise\data\sbe038.hex
* Software Version Seasave V 7.26.7.121
* Temperature SN = 6128
* Conductivity SN = 6128
* System UpLoad Time = Jun 04 2024 23:19:57
* NMEA Latitude = 38 22.16 N
* NMEA Longitude = 074 49.42 W
* NMEA UTC (Time) = Jun 04 2024  23:20:29
** Ship: Henry Bigelow
** Cruise:  HB2403
** Program:  ECOMON
# nquan = 7
# nvalues = 1296                                  
# units = specified
# name 0 = depSM: Depth [salt water, m]
# name 1 = tv290C: Temperature [ITS-90, deg C]
# name 2 = c0S/m: Conductivity [S/m]
# name 3 = sal00: Salinity, Practical [PSU]
# name 4 = scan: Scan Count
# name 5 = timeM: Time, Elapsed [minutes]
# name 6 = flag:  0.000e+00
# span 0 =     -0.166,     15.577                 
# span 1 =    11.5776,    22.7728                 
# span 2 =   0.000019,   4.171988                 
# span 3 =     0.0110,    31.1300                 
# span 4 =         11,       1306                 
# span 5 =     0.0417,     5.4375                 
# span 6 = 0.0000e+00, 0.0000e+00                 
# interval = seconds: 0.25
# start_time = Jun 04 2024 23:20:29 [NMEA time, header]
# bad_flag = -9.990e-29
*END*
     -0.056    22.7728   0.000028     0.0111         11     0.0417  0.000e+00
     -0.060    22.7706   0.000034     0.0111         12     0.0458  0.000e+00
     -0.061    22.7698   0.000022     0.0111         13     0.0500  0.000e+00
     -0.063    22.7688   0.000034     0.0111         14     0.0542  0.000e+00
     -0.061    22.7679   0.000022     0.0111         15     0.0583  0.000e+00
     -0.063    22.7670   0.000028     0.0111         16     0.0625  0.000e+00
     -0.061    22.7661   0.000028     0.0111         17     0.0667  0.000e+00
     -0.063    22.7646   0.000028     0.0111         18     0.0708  0.000e+00
     -0.061    22.7629   0.000028     0.0111         19     0.0750  0.000e+00
     -0.063    22.7625   0.000034     0.0111         20     0.0792  0.000e+00
     -0.060    22.7614   0.000034     0.0111         21     0.0833  0.000e+00
     -0.062    22.7608   0.000022     0.0111         22     0.0875  0.000e+00
     -0.065    22.7597   0.000028     0.0111         23     0.0917  0.000e+00
     -0.067    22.7597   0.000034     0.0111         24     0.0958  0.000e+00
     -0.067    22.7589   0.000022     0.0111         25     0.1000  0.000e+00
     -0.069    22.7585   0.000022     0.0111         26     0.1042  0.000e+00
     -0.067    22.7587   0.000034     0.0111         27     0.1083  0.000e+00
     -0.064    22.7586   0.000034     0.0111         28     0.1125  0.000e+00
     -0.067    22.7575   0.000028     0.0111         29     0.1167  0.000e+00
     -0.067    22.7579   0.000040     0.0111         30     0.1208  0.000e+00
     -0.069    22.7576   0.000028     0.0111         31     0.1250  0.000e+00
     -0.067    22.7576   0.000022     0.0111         32     0.1292  0.000e+00
     -0.069    22.7572   0.000034     0.0111         33     0.1333  0.000e+00
     -0.066    22.7570   0.000034     0.0111         34     0.1375  0.000e+00
     -0.069    22.7564   0.000034     0.0111         35     0.1417  0.000e+00
     -0.067    22.7574   0.000034     0.0111         36     0.1458  0.000e+00
     -0.069    22.7560   0.000028     0.0111         37     0.1500  0.000e+00
     -0.065    22.7567   0.000028     0.0111         38     0.1542  0.000e+00
     -0.067    22.7566   0.000028     0.0111         39     0.1583  0.000e+00
     -0.069    22.7563   0.000022     0.0111         40     0.1625  0.000e+00
     -0.071    22.7557   0.000028     0.0111         41     0.1667  0.000e+00
     -0.067    22.7553   0.000028     0.0111         42     0.1708  0.000e+00
     -0.067    22.7547   0.000028     0.0111         43     0.1750  0.000e+00
     -0.071    22.7547   0.000028     0.0111         44     0.1792  0.000e+00
     -0.071    22.7548   0.000028     0.0111         45     0.1833  0.000e+00
     -0.071    22.7540   0.000034     0.0111         46     0.1875  0.000e+00
     -0.068    22.7538   0.000028     0.0111         47     0.1917  0.000e+00
     -0.071    22.7539   0.000034     0.0111         48     0.1958  0.000e+00
     -0.068    22.7532   0.000034     0.0111         49     0.2000  0.000e+00
     -0.071    22.7534   0.000028     0.0111         50     0.2042  0.000e+00
     -0.069    22.7526   0.000034     0.0111         51     0.2083  0.000e+00
     -0.067    22.7526   0.000028     0.0111         52     0.2125  0.000e+00
     -0.067    22.7519   0.000028     0.0111         53     0.2167  0.000e+00
     -0.071    22.7517   0.000028     0.0111         54     0.2208  0.000e+00
     -0.073    22.7520   0.000028     0.0111         55     0.2250  0.000e+00
     -0.073    22.7513   0.000028     0.0111         56     0.2292  0.000e+00
     -0.073    22.7509   0.000034     0.0111         57     0.2333  0.000e+00
     -0.069    22.7506   0.000028     0.0111         58     0.2375  0.000e+00
     -0.071    22.7509   0.000034     0.0111         59     0.2417  0.000e+00
     -0.067    22.7498   0.000034     0.0111         60     0.2458  0.000e+00
     -0.072    22.7501   0.000022     0.0111         61     0.2500  0.000e+00
     -0.070    22.7495   0.000028     0.0111         62     0.2542  0.000e+00
     -0.066    22.7489   0.000034     0.0111         63     0.2583  0.000e+00
     -0.075    22.7479   0.000034     0.0111         64     0.2625  0.000e+00
     -0.068    22.7483   0.000034     0.0111         65     0.2667  0.000e+00
     -0.072    22.7480   0.000028     0.0111         66     0.2708  0.000e+00
     -0.073    22.7477   0.000028     0.0111         67     0.2750  0.000e+00
     -0.074    22.7457   0.000022     0.0111         68     0.2792  0.000e+00
     -0.072    22.7443   0.000019     0.0111         69     0.2833  0.000e+00
     -0.072    22.7438   0.000028     0.0111         70     0.2875  0.000e+00
     -0.068    22.7436   0.000034     0.0111         71     0.2917  0.000e+00
     -0.072    22.7428   0.000028     0.0111         72     0.2958  0.000e+00
     -0.068    22.7419   0.000028     0.0111         73     0.3000  0.000e+00
     -0.072    22.7414   0.000034     0.0111         74     0.3042  0.000e+00
     -0.070    22.7405   0.000028     0.0111         75     0.3083  0.000e+00
     -0.070    22.7408   0.000028     0.0111         76     0.3125  0.000e+00
     -0.072    22.7398   0.000034     0.0111         77     0.3167  0.000e+00
     -0.072    22.7398   0.000034     0.0111         78     0.3208  0.000e+00
     -0.072    22.7387   0.000028     0.0111         79     0.3250  0.000e+00
     -0.071    22.7380   0.000034     0.0111         80     0.3292  0.000e+00
     -0.072    22.7374   0.000034     0.0111         81     0.3333  0.000e+00
     -0.072    22.7367   0.000028     0.0111         82     0.3375  0.000e+00
     -0.070    22.7352   0.000022     0.0111         83     0.3417  0.000e+00
     -0.070    22.7351   0.000034     0.0111         84     0.3458  0.000e+00
     -0.076    22.7349   0.000034     0.0111         85     0.3500  0.000e+00
     -0.074    22.7340   0.000028     0.0111         86     0.3542  0.000e+00
     -0.074    22.7337   0.000037     0.0111         87     0.3583  0.000e+00
     -0.077    22.7332   0.000034     0.0111         88     0.3625  0.000e+00
     -0.077    22.7317   0.000028     0.0111         89     0.3667  0.000e+00
     -0.076    22.7314   0.000034     0.0111         90     0.3708  0.000e+00
     -0.076    22.7317   0.000034     0.0111         91     0.3750  0.000e+00
     -0.070    22.7306   0.000028     0.0111         92     0.3792  0.000e+00
     -0.072    22.7299   0.000034     0.0111         93     0.3833  0.000e+00
     -0.074    22.7298   0.000028     0.0111         94     0.3875  0.000e+00
     -0.072    22.7279   0.000034     0.0111         95     0.3917  0.000e+00
     -0.072    22.7276   0.000034     0.0111         96     0.3958  0.000e+00
     -0.072    22.7264   0.000034     0.0111         97     0.4000  0.000e+00
     -0.072    22.7253   0.000034     0.0111         98     0.4042  0.000e+00
     -0.076    22.7241   0.000034     0.0111         99     0.4083  0.000e+00
     -0.076    22.7237   0.000034     0.0111        100     0.4125  0.000e+00
     -0.074    22.7231   0.000028     0.0111        101     0.4167  0.000e+00
     -0.071    22.7223   0.000034     0.0111        102     0.4208  0.000e+00
     -0.076    22.7211   0.000034     0.0111        103     0.4250  0.000e+00
     -0.074    22.7198   0.000028     0.0111        104     0.4292  0.000e+00
     -0.076    22.7195   0.000028     0.0111        105     0.4333  0.000e+00
     -0.073    22.7187   0.000034     0.0111        106     0.4375  0.000e+00
     -0.073    22.7180   0.000034     0.0111        107     0.4417  0.000e+00
     -0.074    22.7170   0.000028     0.0111        108     0.4458  0.000e+00
     -0.073    22.7167   0.000034     0.0111        109     0.4500  0.000e+00
     -0.073    22.7157   0.000028     0.0111        110     0.4542  0.000e+00
     -0.073    22.7145   0.000028     0.0111        111     0.4583  0.000e+00
     -0.074    22.7143   0.000034     0.0111        112     0.4625  0.000e+00
     -0.073    22.7132   0.000028     0.0111        113     0.4667  0.000e+00
     -0.069    22.7123   0.000028     0.0111        114     0.4708  0.000e+00
     -0.073    22.7120   0.000034     0.0111        115     0.4750  0.000e+00
     -0.075    22.7121   0.000034     0.0111        116     0.4792  0.000e+00
     -0.069    22.7107   0.000028     0.0111        117     0.4833  0.000e+00
     -0.069    22.7088   0.000034     0.0111        118     0.4875  0.000e+00
     -0.069    22.7073   0.000037     0.0111        119     0.4917  0.000e+00
     -0.069    22.7062   0.000028     0.0111        120     0.4958  0.000e+00
     -0.069    22.7052   0.000028     0.0111        121     0.5000  0.000e+00
     -0.069    22.7049   0.000037     0.0111        122     0.5042  0.000e+00
     -0.071    22.6982   0.000028     0.0111        123     0.5083  0.000e+00
     -0.064    22.6910   0.000028     0.0111        124     0.5125  0.000e+00
     -0.065    22.6872   0.000040     0.0110        125     0.5167  0.000e+00
     -0.067    22.6830   0.000037     0.0110        126     0.5208  0.000e+00
     -0.075    22.6817   0.000028     0.0111        127     0.5250  0.000e+00
     -0.076    22.6783   0.000028     0.0111        128     0.5292  0.000e+00
     -0.073    22.6766   0.000037     0.0110        129     0.5333  0.000e+00
     -0.067    22.6746   0.000028     0.0111        130     0.5375  0.000e+00
     -0.071    22.6718   0.000040     0.0110        131     0.5417  0.000e+00
     -0.073    22.6717   0.000034     0.0110        132     0.5458  0.000e+00
     -0.077    22.6715   0.000028     0.0111        133     0.5500  0.000e+00
     -0.075    22.6705   0.000028     0.0111        134     0.5542  0.000e+00
     -0.073    22.6709   0.000037     0.0110        135     0.5583  0.000e+00
     -0.071    22.6697   0.000034     0.0110        136     0.5625  0.000e+00
     -0.073    22.6687   0.000028     0.0111        137     0.5667  0.000e+00
     -0.073    22.6680   0.000034     0.0110        138     0.5708  0.000e+00
     -0.071    22.6687   0.000034     0.0110        139     0.5750  0.000e+00
     -0.068    22.6697   0.000028     0.0111        140     0.5792  0.000e+00
     -0.075    22.6705   0.000034     0.0110        141     0.5833  0.000e+00
     -0.075    22.6721   0.000034     0.0110        142     0.5875  0.000e+00
     -0.075    22.6747   0.000040     0.0110        143     0.5917  0.000e+00
     -0.050    22.6778   0.000034     0.0110        144     0.5958  0.000e+00
      0.062    22.6816   0.252170     1.3651        145     0.6000  0.000e+00
      0.147    22.6746   1.346540     8.1660        146     0.6042  0.000e+00
      0.134    22.3953   1.709460    10.6439        147     0.6083  0.000e+00
      0.116    22.0296   2.996155    19.8193        148     0.6125  0.000e+00
      0.106    21.8940   4.165649    28.6305        149     0.6167  0.000e+00
      0.106    21.7946   4.132675    28.4435        150     0.6208  0.000e+00
      0.118    21.5313   4.048604    27.9701        151     0.6250  0.000e+00
      0.165    21.2040   4.028376    28.0268        152     0.6292  0.000e+00
      0.219    20.9280   4.034738    28.2573        153     0.6333  0.000e+00
      0.228    20.7259   2.252956    14.9413        154     0.6375  0.000e+00
      0.232    20.6246   3.391452    23.4733        155     0.6417  0.000e+00
      0.253    20.6838   3.940913    27.6853        156     0.6458  0.000e+00
      0.306    20.8571   4.171988    29.3782        157     0.6500  0.000e+00
      0.371    21.0571   4.168434    29.2134        158     0.6542  0.000e+00
      0.428    21.1755   4.120493    28.7599        159     0.6583  0.000e+00
      0.463    21.1007   4.065578    28.3830        160     0.6625  0.000e+00
      0.468    20.8998   4.029728    28.2368        161     0.6667  0.000e+00
      0.420    20.6823   4.010882    28.2334        162     0.6708  0.000e+00
      0.356    20.5027   4.002942    28.2903        163     0.6750  0.000e+00
      0.317    20.3749   3.985882    28.2411        164     0.6792  0.000e+00
      0.299    20.2897   3.966359    28.1437        165     0.6833  0.000e+00
      0.302    20.2362   3.946669    28.0238        166     0.6875  0.000e+00
      0.346    20.2007   3.940547    27.9989        167     0.6917  0.000e+00
      0.425    20.1773   3.971707    28.2608        168     0.6958  0.000e+00
      0.515    20.1613   3.978577    28.3259        169     0.7000  0.000e+00
      0.580    20.1478   3.962184    28.2051        170     0.7042  0.000e+00
      0.633    20.1383   3.953230    28.1405        171     0.7083  0.000e+00
      0.676    20.1312   3.980045    28.3576        172     0.7125  0.000e+00
      0.714    20.1254   3.980118    28.3621        173     0.7167  0.000e+00
      0.747    20.1193   3.979071    28.3578        174     0.7208  0.000e+00
      0.779    20.1138   3.981874    28.3838        175     0.7250  0.000e+00
      0.823    20.1086   3.952066    28.1510        176     0.7292  0.000e+00
      0.873    20.1050   3.919610    27.8965        177     0.7333  0.000e+00
      0.933    20.1032   3.881891    27.5995        178     0.7375  0.000e+00
      0.981    20.1029   3.884170    27.6176        179     0.7417  0.000e+00
      1.035    20.1053   3.889946    27.6617        180     0.7458  0.000e+00
      1.080    20.1089   3.978384    28.3593        181     0.7500  0.000e+00
      1.113    20.1110   3.979385    28.3658        182     0.7542  0.000e+00
      1.140    20.1096   3.986080    28.4198        183     0.7583  0.000e+00
      1.144    20.1058   3.983937    28.4054        184     0.7625  0.000e+00
      1.110    20.1014   3.982421    28.3963        185     0.7667  0.000e+00
      1.072    20.0977   3.977957    28.3634        186     0.7708  0.000e+00
      1.046    20.0948   3.968015    28.2865        187     0.7750  0.000e+00
      1.039    20.0929   3.972108    28.3203        188     0.7792  0.000e+00
      1.052    20.0921   3.975089    28.3445        189     0.7833  0.000e+00
      1.054    20.0907   3.970261    28.3071        190     0.7875  0.000e+00
      1.052    20.0898   3.973148    28.3306        191     0.7917  0.000e+00
      1.039    20.0886   3.975876    28.3530        192     0.7958  0.000e+00
      1.023    20.0877   3.968748    28.2971        193     0.8000  0.000e+00
      1.046    20.0867   3.929669    27.9881        194     0.8042  0.000e+00
      1.084    20.0859   3.910496    27.8369        195     0.8083  0.000e+00
      1.148    20.0856   3.959701    28.2268        196     0.8125  0.000e+00
      1.218    20.0856   3.950123    28.1508        197     0.8167  0.000e+00
      1.300    20.0857   3.965510    28.2727        198     0.8208  0.000e+00
      1.352    20.0859   3.966882    28.2834        199     0.8250  0.000e+00
      1.410    20.0864   3.956099    28.1976        200     0.8292  0.000e+00
      1.469    20.0866   3.895429    27.7172        201     0.8333  0.000e+00
      1.520    20.0874   3.890548    27.6780        202     0.8375  0.000e+00
      1.558    20.0885   3.961120    28.2359        203     0.8417  0.000e+00
      1.599    20.0890   3.974002    28.3377        204     0.8458  0.000e+00
      1.631    20.0886   3.975329    28.3485        205     0.8500  0.000e+00
      1.646    20.0876   3.969955    28.3065        206     0.8542  0.000e+00
      1.637    20.0866   3.970668    28.3129        207     0.8583  0.000e+00
      1.612    20.0858   3.970075    28.3087        208     0.8625  0.000e+00
      1.586    20.0844   3.966103    28.2782        209     0.8667  0.000e+00
      1.577    20.0832   3.936296    28.0428        210     0.8708  0.000e+00
      1.585    20.0823   3.928335    27.9803        211     0.8750  0.000e+00
      1.611    20.0819   3.951088    28.1608        212     0.8792  0.000e+00
      1.649    20.0822   3.958503    28.2194        213     0.8833  0.000e+00
      1.702    20.0823   3.949465    28.1476        214     0.8875  0.000e+00
      1.765    20.0819   3.919789    27.9129        215     0.8917  0.000e+00
