HB2403/sbe022.cnv
* Sea-Bird SBE 19plus V2 Data File:
* FileName = C:\cruise\data\sbe022.hex
* Software Version Seasave V 7.26.7.121
* Temperature SN = 6128
* Conductivity SN = 6128
* System UpLoad Time = May 27 2024 13:55:28
* NMEA Latitude = 39 00.92 N
* NMEA Longitude = 072 35.93 W
* NMEA UTC (Time) = May 27 2024  13:55:52
** Ship: Henry Bigelow
** Cruise:  HB2403
** Program:  ECOMON
# nquan = 7
# nvalues = 5012                                  
# units = specified
# name 0 = depSM: Depth [salt water, m]
# name 1 = tv290C: Temperature [ITS-90, deg C]
# name 2 = c0S/m: Conductivity [S/m]
# name 3 = sal00: Salinity, Practical [PSU]
# name 4 = scan: Scan Count
# name 5 = timeM: Time, Elapsed [minutes]
# name 6 = flag:  0.000e+00
# span 0 =     -0.023,    200.243                 
# span 1 =    10.6998,    18.9936                 
# span 2 =   0.000046,   4.414886                 
# span 3 =     0.0095,    35.6016                 
# span 4 =         11,       5022                 
# span 5 =     0.0417,    20.9208                 
# span 6 = 0.0000e+00, 0.0000e+00                 
# interval = seconds: 0.25
# start_time = May 27 2024 13:55:52 [NMEA time, header]
# bad_flag = -9.990e-29
*END*
[from data line 3283]
     83.222    11.5646   3.934663    34.7321       3294    13.7208  0.000e+00
     83.169    11.5650   3.934716    34.7322       3295    13.7250  0.000e+00
     83.117    11.5654   3.934716    34.7319       3296    13.7292  0.000e+00
     83.070    11.5658   3.934689    34.7313       3297    13.7333  0.000e+00
     83.015    11.5659   3.934716    34.7315       3298    13.7375  0.000e+00
     82.965    11.5665   3.934789    34.7317       3299    13.7417  0.000e+00
     82.914    11.5669   3.934855    34.7320       3300    13.7458  0.000e+00
     82.871    11.5675   3.934855    34.7314       3301    13.7500  0.000e+00
     82.822    11.5678   3.934882    34.7314       3302    13.7542  0.000e+00
     82.774    11.5682   3.934928    34.7315       3303    13.7583  0.000e+00
     82.722    11.5688   3.934961    34.7313       3304    13.7625  0.000e+00
     82.679    11.5692   3.935021    34.7316       3305    13.7667  0.000e+00
     82.631    11.5695   3.935114    34.7322       3306    13.7708  0.000e+00
     82.578    11.5704   3.935280    34.7330       3307    13.7750  0.000e+00
     82.532    11.5716   3.935300    34.7320       3308    13.7792  0.000e+00
     82.494    11.5730   3.935254    34.7303       3309    13.7833  0.000e+00
     82.443    11.5736   3.935227    34.7295       3310    13.7875  0.000e+00
     82.402    11.5737   3.935114    34.7283       3311    13.7917  0.000e+00
     82.356    11.5739   3.935160    34.7287       3312    13.7958  0.000e+00
     82.308    11.5741   3.935207    34.7290       3313    13.8000  0.000e+00
     82.252    11.5747   3.935280    34.7291       3314    13.8042  0.000e+00
     82.210    11.5751   3.935180    34.7278       3315    13.8083  0.000e+00
     82.156    11.5758   3.935087    34.7262       3316    13.8125  0.000e+00
     82.110    11.5764   3.935160    34.7264       3317    13.8167  0.000e+00
     82.053    11.5771   3.935114    34.7253       3318    13.8208  0.000e+00
     81.997    11.5775   3.935180    34.7256       3319    13.8250  0.000e+00
     81.944    11.5779   3.935054    34.7240       3320    13.8292  0.000e+00
     81.881    11.5778   3.934436    34.7181       3321    13.8333  0.000e+00
     81.819    11.5768   3.933241    34.7072       3322    13.8375  0.000e+00
     81.762    11.5738   3.932889    34.7066       3323    13.8417  0.000e+00
     81.698    11.5711   3.933287    34.7131       3324    13.8458  0.000e+00
     81.635    11.5705   3.933168    34.7125       3325    13.8500  0.000e+00
     81.576    11.5706   3.932284    34.7037       3326    13.8542  0.000e+00
     81.522    11.5694   3.932397    34.7060       3327    13.8583  0.000e+00
     81.468    11.5689   3.932636    34.7089       3328    13.8625  0.000e+00
     81.410    11.5693   3.932749    34.7096       3329    13.8667  0.000e+00
     81.365    11.5704   3.932723    34.7083       3330    13.8708  0.000e+00
     81.316    11.5711   3.932656    34.7070       3331    13.8750  0.000e+00
     81.275    11.5713   3.932583    34.7061       3332    13.8792  0.000e+00
     81.232    11.5714   3.932490    34.7051       3333    13.8833  0.000e+00
     81.189    11.5714   3.932470    34.7050       3334    13.8875  0.000e+00
     81.147    11.5712   3.932284    34.7033       3335    13.8917  0.000e+00
     81.102    11.5708   3.932072    34.7017       3336    13.8958  0.000e+00
     81.055    11.5697   3.931952    34.7016       3337    13.9000  0.000e+00
     81.008    11.5688   3.932098    34.7038       3338    13.9042  0.000e+00
     80.961    11.5686   3.932610    34.7091       3339    13.9083  0.000e+00
     80.914    11.5703   3.933167    34.7130       3340    13.9125  0.000e+00
     80.865    11.5739   3.933732    34.7153       3341    13.9167  0.000e+00
     80.807    11.5781   3.934197    34.7159       3342    13.9208  0.000e+00
     80.760    11.5826   3.934575    34.7154       3343    13.9250  0.000e+00
     80.705    11.5870   3.935040    34.7159       3344    13.9292  0.000e+00
     80.653    11.5912   3.935153    34.7131       3345    13.9333  0.000e+00
     80.606    11.5947   3.934529    34.7037       3346    13.9375  0.000e+00
     80.552    11.5951   3.933898    34.6971       3347    13.9417  0.000e+00
     80.504    11.5936   3.933240    34.6921       3348    13.9458  0.000e+00
     80.450    11.5904   3.932656    34.6893       3349    13.9500  0.000e+00
     80.407    11.5868   3.931766    34.6840       3350    13.9542  0.000e+00
     80.351    11.5823   3.931792    34.6885       3351    13.9583  0.000e+00
     80.300    11.5788   3.931653    34.6904       3352    13.9625  0.000e+00
     80.246    11.5765   3.931719    34.6933       3353    13.9667  0.000e+00
     80.197    11.5752   3.931839    34.6956       3354    13.9708  0.000e+00
     80.148    11.5751   3.931693    34.6943       3355    13.9750  0.000e+00
     80.091    11.5747   3.931673    34.6945       3356    13.9792  0.000e+00
     80.039    11.5745   3.931607    34.6941       3357    13.9833  0.000e+00
     79.983    11.5742   3.931673    34.6951       3358    13.9875  0.000e+00
     79.931    11.5737   3.931275    34.6917       3359    13.9917  0.000e+00
     79.877    11.5730   3.930909    34.6888       3360    13.9958  0.000e+00
     79.826    11.5711   3.930338    34.6849       3361    14.0000  0.000e+00
     79.775    11.5681   3.929900    34.6834       3362    14.0042  0.000e+00
     79.736    11.5650   3.929761    34.6850       3363    14.0083  0.000e+00
     79.687    11.5625   3.929827    34.6880       3364    14.0125  0.000e+00
     79.642    11.5611   3.929754    34.6886       3365    14.0167  0.000e+00
     79.604    11.5603   3.929734    34.6891       3366    14.0208  0.000e+00
     79.564    11.5599   3.929688    34.6891       3367    14.0250  0.000e+00
     79.522    11.5597   3.929641    34.6889       3368    14.0292  0.000e+00
     79.480    11.5594   3.929708    34.6898       3369    14.0333  0.000e+00
     79.435    11.5595   3.929874    34.6914       3370    14.0375  0.000e+00
     79.391    11.5602   3.930040    34.6924       3371    14.0417  0.000e+00
     79.342    11.5612   3.930086    34.6919       3372    14.0458  0.000e+00
     79.283    11.5621   3.930504    34.6952       3373    14.0500  0.000e+00
     79.220    11.5641   3.931367    34.7019       3374    14.0542  0.000e+00
     79.162    11.5682   3.932503    34.7092       3375    14.0583  0.000e+00
     79.097    11.5747   3.933379    34.7118       3376    14.0625  0.000e+00
     79.029    11.5824   3.934435    34.7150       3377    14.0667  0.000e+00
     78.960    11.5905   3.934926    34.7123       3378    14.0708  0.000e+00
     78.893    11.5979   3.934342    34.6996       3379    14.0750  0.000e+00
     78.833    11.6021   3.934614    34.6984       3380    14.0792  0.000e+00
     78.767    11.6058   3.936421    34.7127       3381    14.0833  0.000e+00
     78.708    11.6137   3.938434    34.7251       3382    14.0875  0.000e+00
     78.657    11.6263   3.939962    34.7284       3383    14.0917  0.000e+00
     78.599    11.6403   3.940945    34.7250       3384    14.0958  0.000e+00
     78.548    11.6533   3.941623    34.7195       3385    14.1000  0.000e+00
     78.496    11.6639   3.942161    34.7148       3386    14.1042  0.000e+00
     78.445    11.6721   3.942467    34.7102       3387    14.1083  0.000e+00
     78.396    11.6782   3.942773    34.7076       3388    14.1125  0.000e+00
     78.345    11.6831   3.943098    34.7062       3389    14.1167  0.000e+00
     78.297    11.6870   3.943284    34.7044       3390    14.1208  0.000e+00
     78.239    11.6903   3.943544    34.7038       3391    14.1250  0.000e+00
     78.190    11.6930   3.943663    34.7026       3392    14.1292  0.000e+00
     78.139    11.6951   3.943783    34.7018       3393    14.1333  0.000e+00
     78.083    11.6967   3.943876    34.7012       3394    14.1375  0.000e+00
     78.028    11.6981   3.943922    34.7004       3395    14.1417  0.000e+00
     77.977    11.6991   3.943969    34.6999       3396    14.1458  0.000e+00
     77.929    11.6995   3.943962    34.6995       3397    14.1500  0.000e+00
     77.880    11.7001   3.944082    34.7001       3398    14.1542  0.000e+00
     77.826    11.7010   3.944108    34.6996       3399    14.1583  0.000e+00
     77.770    11.7014   3.943942    34.6976       3400    14.1625  0.000e+00
     77.714    11.7014   3.943876    34.6970       3401    14.1667  0.000e+00
     77.661    11.7012   3.943829    34.6967       3402    14.1708  0.000e+00
     77.603    11.7009   3.943836    34.6971       3403    14.1750  0.000e+00
     77.551    11.7007   3.943783    34.6968       3404    14.1792  0.000e+00
     77.494    11.7006   3.943783    34.6969       3405    14.1833  0.000e+00
     77.428    11.7004   3.943829    34.6975       3406    14.1875  0.000e+00
     77.372    11.7006   3.943829    34.6974       3407    14.1917  0.000e+00
     77.318    11.7009   3.943816    34.6970       3408    14.1958  0.000e+00
     77.270    11.7008   3.943849    34.6974       3409    14.2000  0.000e+00
     77.214    11.7012   3.943896    34.6976       3410    14.2042  0.000e+00
     77.163    11.7016   3.943989    34.6982       3411    14.2083  0.000e+00
     77.114    11.7021   3.944015    34.6980       3412    14.2125  0.000e+00
     77.067    11.7027   3.944135    34.6986       3413    14.2167  0.000e+00
     77.018    11.7033   3.944108    34.6978       3414    14.2208  0.000e+00
     76.971    11.7039   3.944082    34.6970       3415    14.2250  0.000e+00
     76.921    11.7041   3.944155    34.6975       3416    14.2292  0.000e+00
     76.868    11.7045   3.944108    34.6967       3417    14.2333  0.000e+00
     76.818    11.7049   3.944108    34.6964       3418    14.2375  0.000e+00
     76.771    11.7049   3.944081    34.6961       3419    14.2417  0.000e+00
     76.721    11.7050   3.943982    34.6951       3420    14.2458  0.000e+00
     76.673    11.7046   3.943942    34.6951       3421    14.2500  0.000e+00
     76.623    11.7043   3.943922    34.6952       3422    14.2542  0.000e+00
     76.573    11.7040   3.943875    34.6951       3423    14.2583  0.000e+00
     76.523    11.7040   3.943942    34.6957       3424    14.2625  0.000e+00
     76.471    11.7043   3.943988    34.6960       3425    14.2667  0.000e+00
     76.414    11.7046   3.944281    34.6986       3426    14.2708  0.000e+00
     76.358    11.7059   3.944739    34.7019       3427    14.2750  0.000e+00
     76.298    11.7085   3.944932    34.7014       3428    14.2792  0.000e+00
     76.235    11.7108   3.944932    34.6992       3429    14.2833  0.000e+00
     76.159    11.7127   3.944480    34.6931       3430    14.2875  0.000e+00
     76.097    11.7139   3.944480    34.6919       3431    14.2917  0.000e+00
     76.025    11.7145   3.944573    34.6923       3432    14.2958  0.000e+00
     75.954    11.7156   3.944905    34.6946       3433    14.3000  0.000e+00
     75.885    11.7175   3.945889    34.7025       3434    14.3042  0.000e+00
     75.809    11.7226   3.947559    34.7142       3435    14.3083  0.000e+00
     75.744    11.7317   3.948190    34.7118       3436    14.3125  0.000e+00
     75.685    11.7411   3.948310    34.7042       3437    14.3167  0.000e+00
     75.622    11.7476   3.948370    34.6988       3438    14.3208  0.000e+00
     75.565    11.7515   3.948496    34.6965       3439    14.3250  0.000e+00
     75.505    11.7544   3.948636    34.6951       3440    14.3292  0.000e+00
     75.451    11.7565   3.948709    34.6939       3441    14.3333  0.000e+00
     75.399    11.7582   3.948782    34.6931       3442    14.3375  0.000e+00
     75.344    11.7595   3.948848    34.6925       3443    14.3417  0.000e+00
     75.294    11.7605   3.948915    34.6922       3444    14.3458  0.000e+00
     75.241    11.7613   3.948968    34.6920       3445    14.3500  0.000e+00
     75.196    11.7620   3.949015    34.6918       3446    14.3542  0.000e+00
     75.137    11.7628   3.949015    34.6911       3447    14.3583  0.000e+00
     75.088    11.7634   3.949041    34.6909       3448    14.3625  0.000e+00
     75.036    11.7637   3.949108    34.6913       3449    14.3667  0.000e+00
     74.985    11.7644   3.949134    34.6909       3450    14.3708  0.000e+00
     74.941    11.7653   3.949154    34.6903       3451    14.3750  0.000e+00
     74.897    11.7659   3.949107    34.6893       3452    14.3792  0.000e+00
     74.849    11.7662   3.948662    34.6846       3453    14.3833  0.000e+00
     74.804    11.7660   3.948635    34.6846       3454    14.3875  0.000e+00
     74.757    11.7658   3.948662    34.6851       3455    14.3917  0.000e+00
     74.708    11.7657   3.948635    34.6849       3456    14.3958  0.000e+00
     74.661    11.7658   3.948635    34.6848       3457    14.4000  0.000e+00
     74.604    11.7656   3.948589    34.6846       3458    14.4042  0.000e+00
     74.543    11.7656   3.948475    34.6835       3459    14.4083  0.000e+00
     74.484    11.7653   3.948196    34.6811       3460    14.4125  0.000e+00
     74.420    11.7643   3.947724    34.6774       3461    14.4167  0.000e+00
     74.357    11.7629   3.947371    34.6753       3462    14.4208  0.000e+00
     74.292    11.7613   3.947278    34.6759       3463    14.4250  0.000e+00
     74.221    11.7599   3.947298    34.6774       3464    14.4292  0.000e+00
     74.159    11.7595   3.947438    34.6792       3465    14.4333  0.000e+00
     74.090    11.7601   3.948149    34.6857       3466    14.4375  0.000e+00
     74.030    11.7626   3.948987    34.6916       3467    14.4417  0.000e+00
     73.959    11.7676   3.949999    34.6969       3468    14.4458  0.000e+00
     73.901    11.7748   3.950211    34.6923       3469    14.4500  0.000e+00
     73.841    11.7803   3.950098    34.6860       3470    14.4542  0.000e+00
     73.784    11.7838   3.949745    34.6793       3471    14.4583  0.000e+00
     73.730    11.7856   3.949952    34.6797       3472    14.4625  0.000e+00
     73.667    11.7871   3.950118    34.6799       3473    14.4667  0.000e+00
     73.624    11.7888   3.950191    34.6790       3474    14.4708  0.000e+00
     73.562    11.7906   3.951788    34.6931       3475    14.4750  0.000e+00
     73.505    11.7958   3.952233    34.6926       3476    14.4792  0.000e+00
     73.453    11.8020   3.952020    34.6848       3477    14.4833  0.000e+00
     73.400    11.8056   3.951881    34.6801       3478    14.4875  0.000e+00
     73.343    11.8070   3.952200    34.6819       3479    14.4917  0.000e+00
     73.284    11.8082   3.951927    34.6781       3480    14.4958  0.000e+00
     73.230    11.8088   3.952306    34.6813       3481    14.5000  0.000e+00
     73.175    11.8101   3.952353    34.6805       3482    14.5042  0.000e+00
     73.109    11.8113   3.951880    34.6748       3483    14.5083  0.000e+00
     73.055    11.8114   3.951907    34.6750       3484    14.5125  0.000e+00
     72.994    11.8111   3.951874    34.6750       3485    14.5167  0.000e+00
     72.933    11.8107   3.950849    34.6654       3486    14.5208  0.000e+00
     72.873    11.8093   3.950590    34.6642       3487    14.5250  0.000e+00
     72.817    11.8074   3.950450    34.6646       3488    14.5292  0.000e+00
     72.747    11.8064   3.950470    34.6657       3489    14.5333  0.000e+00
     72.692    11.8059   3.950470    34.6662       3490    14.5375  0.000e+00
     72.627    11.8058   3.950450    34.6661       3491    14.5417  0.000e+00
     72.570    11.8058   3.950170    34.6635       3492    14.5458  0.000e+00
     72.515    11.8053   3.950117    34.6634       3493    14.5500  0.000e+00
     72.454    11.8049   3.950117    34.6639       3494    14.5542  0.000e+00
     72.405    11.8045   3.950097    34.6640       3495    14.5583  0.000e+00
     72.356    11.8043   3.950164    34.6649       3496    14.5625  0.000e+00
     72.302    11.8045   3.950210    34.6652       3497    14.5667  0.000e+00
