HB2403/sbe040.cnv
* Sea-Bird SBE 19plus V2 Data File:
* FileName = C:\cruise\data\sbe040.hex
* Software Version Seasave V 7.26.7.121
* Temperature SN = 6128
* Conductivity SN = 6128
* System UpLoad Time = Jun 05 2024 04:12:52
* NMEA Latitude = 37 50.92 N
* NMEA Longitude = 074 35.42 W
* NMEA UTC (Time) = Jun 05 2024  04:13:24
** Ship: Henry Bigelow
** Cruise:  HB2403
** Program:  ECOMON
# nquan = 7
# nvalues = 1440                                  
# units = specified
# name 0 = depSM: Depth [salt water, m]
# name 1 = tv290C: Temperature [ITS-90, deg C]
# name 2 = c0S/m: Conductivity [S/m]
# name 3 = sal00: Salinity, Practical [PSU]
# name 4 = scan: Scan Count
# name 5 = timeM: Time, Elapsed [minutes]
# name 6 = flag:  0.000e+00
# span 0 =     -0.035,     47.714                 
# span 1 =     7.9970,    19.5192                 
# span 2 =   0.000028,   4.138131                 
# span 3 =     0.0097,    32.0652                 
# span 4 =         11,       1450                 
# span 5 =     0.0417,     6.0375                 
# span 6 = 0.0000e+00, 0.0000e+00                 
# interval = seconds: 0.25
# start_time = Jun 05 2024 04:13:24 [NMEA time, header]
# bad_flag = -9.990e-29
*END*
[from data line 206]
      7.594    17.7483   4.032857    30.4743        217     0.9000  0.000e+00
      7.732    17.7125   4.032207    30.4955        218     0.9042  0.000e+00
      7.868    17.6759   4.031121    30.5137        219     0.9083  0.000e+00
      8.014    17.6333   4.028278    30.5216        220     0.9125  0.000e+00
      8.153    17.5680   4.020014    30.5008        221     0.9167  0.000e+00
      8.301    17.4790   4.011643    30.4967        222     0.9208  0.000e+00
      8.451    17.3700   4.006859    30.5381        223     0.9250  0.000e+00
      8.599    17.2536   4.000406    30.5709        224     0.9292  0.000e+00
      8.760    17.1473   3.999551    30.6441        225     0.9333  0.000e+00
      8.913    17.0592   3.993089    30.6557        226     0.9375  0.000e+00
      9.065    16.9636   3.990258    30.7042        227     0.9417  0.000e+00
      9.218    16.8628   3.983488    30.7230        228     0.9458  0.000e+00
      9.368    16.7578   3.976136    30.7400        229     0.9500  0.000e+00
      9.518    16.6468   3.964005    30.7203        230     0.9542  0.000e+00
      9.666    16.5197   3.956980    30.7572        231     0.9583  0.000e+00
      9.812    16.3730   3.950554    30.8143        232     0.9625  0.000e+00
      9.953    16.2454   3.939498    30.8167        233     0.9667  0.000e+00
     10.089    16.1313   3.930254    30.8243        234     0.9708  0.000e+00
     10.221    16.0232   3.924209    30.8553        235     0.9750  0.000e+00
     10.349    15.9011   3.918898    30.9038        236     0.9792  0.000e+00
     10.470    15.7797   3.912436    30.9417        237     0.9833  0.000e+00
     10.591    15.6588   3.905376    30.9741        238     0.9875  0.000e+00
     10.714    15.5469   3.899585    31.0107        239     0.9917  0.000e+00
     10.824    15.4471   3.895319    31.0515        240     0.9958  0.000e+00
     10.940    15.3464   3.892767    31.1083        241     1.0000  0.000e+00
     11.050    15.2419   3.888709    31.1550        242     1.0042  0.000e+00
     11.168    15.1286   3.882578    31.1903        243     1.0083  0.000e+00
     11.276    15.0026   3.873494    31.2093        244     1.0125  0.000e+00
     11.392    14.8757   3.862494    31.2118        245     1.0167  0.000e+00
     11.512    14.7473   3.853001    31.2292        246     1.0208  0.000e+00
     11.637    14.6017   3.843077    31.2564        247     1.0250  0.000e+00
     11.769    14.4564   3.838080    31.3281        248     1.0292  0.000e+00
     11.911    14.3259   3.834873    31.4046        249     1.0333  0.000e+00
     12.053    14.1944   3.828015    31.4489        250     1.0375  0.000e+00
     12.210    14.0669   3.823414    31.5108        251     1.0417  0.000e+00
     12.370    13.9495   3.806132    31.4480        252     1.0458  0.000e+00
     12.530    13.8244   3.793265    31.4319        253     1.0500  0.000e+00
     12.698    13.6926   3.775653    31.3771        254     1.0542  0.000e+00
     12.859    13.5718   3.762939    31.3583        255     1.0583  0.000e+00
     13.023    13.4474   3.754145    31.3787        256     1.0625  0.000e+00
     13.178    13.3198   3.742990    31.3798        257     1.0667  0.000e+00
     13.327    13.1809   3.728793    31.3617        258     1.0708  0.000e+00
     13.473    13.0506   3.716396    31.3531        259     1.0750  0.000e+00
     13.610    12.9363   3.704411    31.3351        260     1.0792  0.000e+00
     13.744    12.8137   3.698068    31.3769        261     1.0833  0.000e+00
     13.871    12.6876   3.686295    31.3704        262     1.0875  0.000e+00
     13.999    12.5517   3.677489    31.4000        263     1.0917  0.000e+00
     14.118    12.4239   3.667556    31.4123        264     1.0958  0.000e+00
     14.239    12.3163   3.659613    31.4266        265     1.1000  0.000e+00
     14.359    12.2133   3.660092    31.5177        266     1.1042  0.000e+00
     14.482    12.1133   3.651427    31.5189        267     1.1083  0.000e+00
     14.610    12.0233   3.640832    31.4930        268     1.1125  0.000e+00
     14.740    11.9535   3.645186    31.5939        269     1.1167  0.000e+00
     14.868    11.8912   3.649471    31.6881        270     1.1208  0.000e+00
     15.002    11.8292   3.649813    31.7441        271     1.1250  0.000e+00
     15.139    11.7656   3.645072    31.7525        272     1.1292  0.000e+00
     15.275    11.6986   3.633945    31.7018        273     1.1333  0.000e+00
     15.416    11.6316   3.626043    31.6823        274     1.1375  0.000e+00
     15.547    11.5794   3.624617    31.7130        275     1.1417  0.000e+00
     15.683    11.5377   3.636005    31.8596        276     1.1458  0.000e+00
     15.815    11.4994   3.632358    31.8570        277     1.1500  0.000e+00
     15.944    11.4629   3.630462    31.8698        278     1.1542  0.000e+00
     16.078    11.4223   3.626669    31.8678        279     1.1583  0.000e+00
     16.213    11.3705   3.619808    31.8453        280     1.1625  0.000e+00
     16.342    11.3154   3.612939    31.8255        281     1.1667  0.000e+00
     16.478    11.2573   3.606602    31.8135        282     1.1708  0.000e+00
     16.620    11.2070   3.602287    31.8145        283     1.1750  0.000e+00
     16.763    11.1619   3.599609    31.8272        284     1.1792  0.000e+00
     16.908    11.1213   3.602288    31.8885        285     1.1833  0.000e+00
     17.057    11.0831   3.597137    31.8709        286     1.1875  0.000e+00
     17.212    11.0510   3.589440    31.8229        287     1.1917  0.000e+00
     17.371    11.0257   3.585805    31.8089        288     1.1958  0.000e+00
     17.533    11.0057   3.587258    31.8405        289     1.2000  0.000e+00
     17.700    10.9825   3.584731    31.8356        290     1.2042  0.000e+00
     17.871    10.9560   3.579499    31.8069        291     1.2083  0.000e+00
     18.030    10.9286   3.573600    31.7722        292     1.2125  0.000e+00
     18.196    10.8988   3.570662    31.7690        293     1.2167  0.000e+00
     18.355    10.8709   3.565790    31.7449        294     1.2208  0.000e+00
     18.512    10.8494   3.564628    31.7520        295     1.2250  0.000e+00
     18.659    10.8329   3.564520    31.7652        296     1.2292  0.000e+00
     18.805    10.8145   3.565350    31.7893        297     1.2333  0.000e+00
     18.944    10.7941   3.560328    31.7572        298     1.2375  0.000e+00
     19.074    10.7670   3.554658    31.7244        299     1.2417  0.000e+00
     19.205    10.7358   3.547806    31.6834        300     1.2458  0.000e+00
     19.335    10.7029   3.548329    31.7171        301     1.2500  0.000e+00
     19.460    10.6650   3.551573    31.7822        302     1.2542  0.000e+00
     19.594    10.6258   3.546094    31.7617        303     1.2583  0.000e+00
     19.717    10.5881   3.545005    31.7837        304     1.2625  0.000e+00
     19.843    10.5381   3.539422    31.7716        305     1.2667  0.000e+00
     19.976    10.4887   3.529243    31.7131        306     1.2708  0.000e+00
     20.106    10.4458   3.527559    31.7336        307     1.2750  0.000e+00
     20.240    10.4017   3.535147    31.8479        308     1.2792  0.000e+00
     20.379    10.3598   3.531496    31.8480        309     1.2833  0.000e+00
     20.518    10.3304   3.530803    31.8668        310     1.2875  0.000e+00
     20.666    10.3127   3.531001    31.8842        311     1.2917  0.000e+00
     20.810    10.2910   3.525387    31.8469        312     1.2958  0.000e+00
     20.962    10.2630   3.527523    31.8928        313     1.3000  0.000e+00
     21.110    10.2340   3.525064    31.8935        314     1.3042  0.000e+00
     21.262    10.2050   3.523056    31.8988        315     1.3083  0.000e+00
     21.412    10.1790   3.517912    31.8699        316     1.3125  0.000e+00
     21.562    10.1554   3.516064    31.8720        317     1.3167  0.000e+00
     21.716    10.1342   3.513544    31.8651        318     1.3208  0.000e+00
     21.875    10.1175   3.511165    31.8558        319     1.3250  0.000e+00
     22.038    10.1063   3.513894    31.8931        320     1.3292  0.000e+00
     22.203    10.0980   3.512752    31.8888        321     1.3333  0.000e+00
     22.371    10.0928   3.510347    31.8691        322     1.3375  0.000e+00
     22.540    10.0887   3.510842    31.8777        323     1.3417  0.000e+00
     22.715    10.0850   3.508907    31.8613        324     1.3458  0.000e+00
     22.882    10.0831   3.507429    31.8480        325     1.3500  0.000e+00
     23.052    10.0820   3.505051    31.8249        326     1.3542  0.000e+00
     23.223    10.0800   3.503726    31.8132        327     1.3583  0.000e+00
     23.380    10.0768   3.502807    31.8067        328     1.3625  0.000e+00
     23.532    10.0726   3.479048    31.5709        329     1.3667  0.000e+00
     23.678    10.0464   3.470227    31.5048        330     1.3708  0.000e+00
     23.810     9.9999   3.469406    31.5370        331     1.3750  0.000e+00
     23.936     9.9638   3.470341    31.5779        332     1.3792  0.000e+00
     24.063     9.9423   3.471308    31.6064        333     1.3833  0.000e+00
     24.185     9.9316   3.472117    31.6239        334     1.3875  0.000e+00
     24.306     9.9279   3.474701    31.6532        335     1.3917  0.000e+00
     24.427     9.9325   3.476679    31.6691        336     1.3958  0.000e+00
     24.546     9.9421   3.477798    31.6720        337     1.4000  0.000e+00
     24.674     9.9526   3.479416    31.6791        338     1.4042  0.000e+00
     24.801     9.9644   3.480156    31.6761        339     1.4083  0.000e+00
     24.928     9.9748   3.480459    31.6700        340     1.4125  0.000e+00
     25.069     9.9829   3.480668    31.6650        341     1.4167  0.000e+00
     25.211     9.9889   3.481028    31.6633        342     1.4208  0.000e+00
     25.365     9.9953   3.487329    31.7212        343     1.4250  0.000e+00
     25.524    10.0144   3.493191    31.7636        344     1.4292  0.000e+00
     25.690    10.0452   3.495793    31.7628        345     1.4333  0.000e+00
     25.862    10.0744   3.498118    31.7605        346     1.4375  0.000e+00
     26.034    10.1001   3.499638    31.7532        347     1.4417  0.000e+00
     26.206    10.1214   3.502592    31.7642        348     1.4458  0.000e+00
     26.377    10.1423   3.503124    31.7511        349     1.4500  0.000e+00
     26.542    10.1574   3.501026    31.7168        350     1.4542  0.000e+00
     26.706    10.1560   3.491606    31.6232        351     1.4583  0.000e+00
     26.864    10.1218   3.483431    31.5706        352     1.4625  0.000e+00
     27.019    10.0657   3.478948    31.5743        353     1.4667  0.000e+00
     27.171    10.0064   3.477608    31.6126        354     1.4708  0.000e+00
     27.319     9.9571   3.482560    31.7058        355     1.4750  0.000e+00
     27.465     9.9356   3.487330    31.7728        356     1.4792  0.000e+00
     27.619     9.9344   3.490862    31.8095        357     1.4833  0.000e+00
     27.774     9.9438   3.491976    31.8125        358     1.4875  0.000e+00
     27.926     9.9543   3.491736    31.8007        359     1.4917  0.000e+00
     28.072     9.9593   3.491413    31.7930        360     1.4958  0.000e+00
     28.223     9.9594   3.490824    31.7869        361     1.5000  0.000e+00
     28.371     9.9557   3.490033    31.7820        362     1.5042  0.000e+00
     28.514     9.9491   3.488773    31.7751        363     1.5083  0.000e+00
     28.666     9.9396   3.489609    31.7919        364     1.5125  0.000e+00
     28.807     9.9338   3.493775    31.8390        365     1.5167  0.000e+00
     28.947     9.9385   3.497525    31.8728        366     1.5208  0.000e+00
     29.087     9.9517   3.500516    31.8913        367     1.5250  0.000e+00
     29.229     9.9685   3.506773    31.9397        368     1.5292  0.000e+00
     29.361     9.9929   3.514698    31.9982        369     1.5333  0.000e+00
     29.503    10.0281   3.518240    32.0028        370     1.5375  0.000e+00
     29.642    10.0593   3.519548    31.9883        371     1.5417  0.000e+00
     29.781    10.0811   3.515960    31.9328        372     1.5458  0.000e+00
     29.929    10.0805   3.507603    31.8490        373     1.5500  0.000e+00
     30.081    10.0459   3.497822    31.7807        374     1.5542  0.000e+00
     30.233     9.9838   3.492401    31.7805        375     1.5583  0.000e+00
     30.392     9.9189   3.485136    31.7641        376     1.5625  0.000e+00
     30.554     9.8518   3.479590    31.7669        377     1.5667  0.000e+00
     30.723     9.7868   3.476765    31.7955        378     1.5708  0.000e+00
     30.892     9.7353   3.472999    31.8026        379     1.5750  0.000e+00
     31.064     9.6906   3.465876    31.7696        380     1.5792  0.000e+00
     31.230     9.6360   3.461043    31.7686        381     1.5833  0.000e+00
     31.402     9.5784   3.458135    31.7898        382     1.5875  0.000e+00
     31.559     9.5284   3.457266    31.8252        383     1.5917  0.000e+00
     31.714     9.4919   3.458401    31.8691        384     1.5958  0.000e+00
     31.864     9.4679   3.456295    31.8689        385     1.6000  0.000e+00
     32.005     9.4411   3.451706    31.8456        386     1.6042  0.000e+00
     32.140     9.3996   3.443511    31.7984        387     1.6083  0.000e+00
     32.274     9.3377   3.437721    31.7940        388     1.6125  0.000e+00
     32.410     9.2699   3.429778    31.7727        389     1.6167  0.000e+00
     32.543     9.1939   3.423123    31.7718        390     1.6208  0.000e+00
     32.675     9.1138   3.417862    31.7889        391     1.6250  0.000e+00
     32.814     9.0366   3.414737    31.8254        392     1.6292  0.000e+00
     32.948     8.9723   3.413771    31.8730        393     1.6333  0.000e+00
     33.083     8.9260   3.412309    31.8993        394     1.6375  0.000e+00
     33.223     8.8923   3.411871    31.9249        395     1.6417  0.000e+00
     33.358     8.8684   3.410942    31.9367        396     1.6458  0.000e+00
     33.503     8.8496   3.409531    31.9389        397     1.6500  0.000e+00
     33.645     8.8318   3.409180    31.9512        398     1.6542  0.000e+00
     33.792     8.8170   3.405901    31.9304        399     1.6583  0.000e+00
     33.940     8.7937   3.402247    31.9133        400     1.6625  0.000e+00
     34.086     8.7590   3.397918    31.8994        401     1.6667  0.000e+00
     34.243     8.7156   3.394612    31.9039        402     1.6708  0.000e+00
     34.393     8.6702   3.391376    31.9110        403     1.6750  0.000e+00
     34.545     8.6284   3.389149    31.9255        404     1.6792  0.000e+00
     34.696     8.5917   3.385858    31.9242        405     1.6833  0.000e+00
     34.852     8.5544   3.383145    31.9294        406     1.6875  0.000e+00
     35.008     8.5197   3.383633    31.9658        407     1.6917  0.000e+00
     35.160     8.4971   3.380269    31.9510        408     1.6958  0.000e+00
     35.319     8.4724   3.377988    31.9493        409     1.7000  0.000e+00
     35.472     8.4436   3.376145    31.9560        410     1.7042  0.000e+00
     35.629     8.4165   3.376246    31.9816        411     1.7083  0.000e+00
     35.790     8.3994   3.376059    31.9951        412     1.7125  0.000e+00
     35.947     8.3869   3.372860    31.9727        413     1.7167  0.000e+00
     36.108     8.3668   3.371312    31.9746        414     1.7208  0.000e+00
     36.263     8.3471   3.373023    32.0104        415     1.7250  0.000e+00
     36.415     8.3402   3.371356    31.9991        416     1.7292  0.000e+00
     36.565     8.3319   3.371063    32.0035        417     1.7333  0.000e+00
     36.719     8.3237   3.371313    32.0135        418     1.7375  0.000e+00
     36.867     8.3193   3.370426    32.0081        419     1.7417  0.000e+00
     37.015     8.3150   3.370326    32.0109        420     1.7458  0.000e+00
