HB2403/sbe060.cnv
* Sea-Bird SBE 19plus V2 Data File:
* FileName = C:\cruise\data\sbe060.hex
* Software Version Seasave V 7.26.7.121
* Temperature SN = 6128
* Conductivity SN = 6128
* System UpLoad Time = Jun 07 2024 02:05:32
* NMEA Latitude = 40 27.87 N
* NMEA Longitude = 068 49.45 W
* NMEA UTC (Time) = Jun 07 2024  02:06:05
** Ship: Henry Bigelow
** Cruise:  HB2403
** Program:  ECOMON
# nquan = 7
# nvalues = 2035                                  
# units = specified
# name 0 = depSM: Depth [salt water, m]
# name 1 = tv290C: Temperature [ITS-90, deg C]
# name 2 = c0S/m: Conductivity [S/m]
# name 3 = sal00: Salinity, Practical [PSU]
# name 4 = scan: Scan Count
# name 5 = timeM: Time, Elapsed [minutes]
# name 6 = flag:  0.000e+00
# span 0 =     -0.312,     73.503                 
# span 1 =     7.0945,    15.6235                 
# span 2 =   0.000088,   3.922403                 
# span 3 =     0.0079,    32.8475                 
# span 4 =         11,       2045                 
# span 5 =     0.0417,     8.5167                 
# span 6 = 0.0000e+00, 0.0000e+00                 
# interval = seconds: 0.25
# start_time = Jun 07 2024 02:06:05 [NMEA time, header]
# bad_flag = -9.990e-29
*END*
[from data line 206]
     23.902     8.0987   3.382283    32.3415        217     0.9000  0.000e+00
     24.039     8.0432   3.379383    32.3619        218     0.9042  0.000e+00
     24.177     8.0019   3.379259    32.3988        219     0.9083  0.000e+00
     24.325     7.9701   3.381028    32.4470        220     0.9125  0.000e+00
     24.478     7.9438   3.379666    32.4568        221     0.9167  0.000e+00
     24.632     7.9213   3.377535    32.4550        222     0.9208  0.000e+00
     24.793     7.9012   3.377141    32.4693        223     0.9250  0.000e+00
     24.955     7.8839   3.375505    32.4679        224     0.9292  0.000e+00
     25.125     7.8679   3.371470    32.4396        225     0.9333  0.000e+00
     25.297     7.8512   3.369403    32.4330        226     0.9375  0.000e+00
     25.467     7.8311   3.362795    32.3810        227     0.9417  0.000e+00
     25.636     7.8083   3.359477    32.3667        228     0.9458  0.000e+00
     25.799     7.7846   3.353910    32.3290        229     0.9500  0.000e+00
     25.961     7.7598   3.351842    32.3299        230     0.9542  0.000e+00
     26.118     7.7359   3.349313    32.3248        231     0.9583  0.000e+00
     26.270     7.7148   3.348348    32.3341        232     0.9625  0.000e+00
     26.424     7.6950   3.346518    32.3328        233     0.9667  0.000e+00
     26.575     7.6768   3.344140    32.3241        234     0.9708  0.000e+00
     26.718     7.6602   3.344264    32.3408        235     0.9750  0.000e+00
     26.859     7.6466   3.343263    32.3426        236     0.9792  0.000e+00
     26.994     7.6357   3.342839    32.3481        237     0.9833  0.000e+00
     27.131     7.6263   3.341775    32.3454        238     0.9875  0.000e+00
     27.259     7.6171   3.341900    32.3552        239     0.9917  0.000e+00
     27.387     7.6087   3.341919    32.3632        240     0.9958  0.000e+00
     27.518     7.6017   3.339617    32.3449        241     1.0000  0.000e+00
     27.639     7.5942   3.318149    32.1213        242     1.0042  0.000e+00
     27.777     7.5814   3.313099    32.0789        243     1.0083  0.000e+00
     27.917     7.5682   3.312839    32.0882        244     1.0125  0.000e+00
     28.061     7.5577   3.312672    32.0960        245     1.0167  0.000e+00
     28.206     7.5491   3.312659    32.1038        246     1.0208  0.000e+00
     28.355     7.5428   3.312480    32.1076        247     1.0250  0.000e+00
     28.516     7.5384   3.312015    32.1066        248     1.0292  0.000e+00
     28.675     7.5334   3.311512    32.1057        249     1.0333  0.000e+00
     28.836     7.5283   3.311258    32.1076        250     1.0375  0.000e+00
     28.993     7.5236   3.311023    32.1094        251     1.0417  0.000e+00
     29.154     7.5183   3.310955    32.1135        252     1.0458  0.000e+00
     29.313     7.5143   3.310775    32.1151        253     1.0500  0.000e+00
     29.463     7.5113   3.311004    32.1203        254     1.0542  0.000e+00
     29.605     7.5098   3.311314    32.1250        255     1.0583  0.000e+00
     29.743     7.5095   3.311680    32.1291        256     1.0625  0.000e+00
     29.876     7.5113   3.311742    32.1281        257     1.0667  0.000e+00
     29.999     7.5131   3.311457    32.1233        258     1.0708  0.000e+00
     30.122     7.5118   3.310521    32.1144        259     1.0750  0.000e+00
     30.245     7.5068   3.309380    32.1067        260     1.0792  0.000e+00
     30.369     7.4981   3.308791    32.1083        261     1.0833  0.000e+00
     30.490     7.4889   3.308426    32.1129        262     1.0875  0.000e+00
     30.604     7.4809   3.307738    32.1128        263     1.0917  0.000e+00
     30.725     7.4729   3.307397    32.1165        264     1.0958  0.000e+00
     30.856     7.4656   3.307348    32.1227        265     1.1000  0.000e+00
     30.981     7.4611   3.307187    32.1250        266     1.1042  0.000e+00
     31.102     7.4580   3.306703    32.1226        267     1.1083  0.000e+00
     31.227     7.4540   3.306325    32.1222        268     1.1125  0.000e+00
     31.358     7.4485   3.304089    32.1031        269     1.1167  0.000e+00
     31.489     7.4347   3.297821    32.0484        270     1.1208  0.000e+00
     31.619     7.4029   3.294758    32.0447        271     1.1250  0.000e+00
     31.752     7.3654   3.291844    32.0479        272     1.1292  0.000e+00
     31.891     7.3300   3.290755    32.0689        273     1.1333  0.000e+00
     32.031     7.3024   3.289414    32.0798        274     1.1375  0.000e+00
     32.186     7.2809   3.289265    32.0981        275     1.1417  0.000e+00
     32.340     7.2661   3.288616    32.1047        276     1.1458  0.000e+00
     32.509     7.2558   3.286564    32.0920        277     1.1500  0.000e+00
     32.679     7.2412   3.287046    32.1108        278     1.1542  0.000e+00
     32.856     7.2320   3.287516    32.1243        279     1.1583  0.000e+00
     33.031     7.2292   3.288283    32.1351        280     1.1625  0.000e+00
     33.212     7.2314   3.288660    32.1370        281     1.1667  0.000e+00
     33.389     7.2360   3.286780    32.1123        282     1.1708  0.000e+00
     33.553     7.2322   3.284790    32.0942        283     1.1750  0.000e+00
     33.712     7.2186   3.282553    32.0825        284     1.1792  0.000e+00
     33.855     7.1979   3.282763    32.1040        285     1.1833  0.000e+00
     33.979     7.1821   3.283320    32.1246        286     1.1875  0.000e+00
     34.086     7.1729   3.283221    32.1321        287     1.1917  0.000e+00
     34.181     7.1664   3.283808    32.1445        288     1.1958  0.000e+00
     34.263     7.1628   3.284309    32.1533        289     1.2000  0.000e+00
     34.344     7.1609   3.284711    32.1593        290     1.2042  0.000e+00
     34.420     7.1606   3.285415    32.1672        291     1.2083  0.000e+00
     34.495     7.1614   3.285687    32.1694        292     1.2125  0.000e+00
     34.571     7.1624   3.285879    32.1705        293     1.2167  0.000e+00
     34.647     7.1636   3.285922    32.1698        294     1.2208  0.000e+00
     34.725     7.1641   3.285879    32.1688        295     1.2250  0.000e+00
     34.802     7.1644   3.285898    32.1687        296     1.2292  0.000e+00
     34.890     7.1644   3.286126    32.1712        297     1.2333  0.000e+00
     34.986     7.1642   3.286300    32.1732        298     1.2375  0.000e+00
     35.088     7.1640   3.288161    32.1935        299     1.2417  0.000e+00
     35.203     7.1675   3.291365    32.2250        300     1.2458  0.000e+00
     35.318     7.1784   3.293604    32.2391        301     1.2500  0.000e+00
     35.447     7.1917   3.294761    32.2391        302     1.2542  0.000e+00
     35.584     7.2038   3.295789    32.2389        303     1.2583  0.000e+00
     35.737     7.2141   3.296191    32.2336        304     1.2625  0.000e+00
     35.900     7.2214   3.295757    32.2220        305     1.2667  0.000e+00
     36.079     7.2242   3.296568    32.2281        306     1.2708  0.000e+00
     36.269     7.2259   3.296315    32.2237        307     1.2750  0.000e+00
     36.460     7.2271   3.295962    32.2187        308     1.2792  0.000e+00
     36.653     7.2273   3.295980    32.2186        309     1.2833  0.000e+00
     36.845     7.2266   3.294489    32.2030        310     1.2875  0.000e+00
     37.040     7.2242   3.295999    32.2215        311     1.2917  0.000e+00
     37.228     7.2244   3.297113    32.2333        312     1.2958  0.000e+00
     37.412     7.2273   3.298562    32.2462        313     1.3000  0.000e+00
     37.578     7.2322   3.299869    32.2557        314     1.3042  0.000e+00
     37.728     7.2378   3.300773    32.2602        315     1.3083  0.000e+00
     37.862     7.2429   3.301547    32.2638        316     1.3125  0.000e+00
     37.974     7.2475   3.302241    32.2669        317     1.3167  0.000e+00
     38.068     7.2514   3.302581    32.2669        318     1.3208  0.000e+00
     38.159     7.2545   3.302612    32.2643        319     1.3250  0.000e+00
     38.233     7.2563   3.302451    32.2608        320     1.3292  0.000e+00
     38.307     7.2568   3.302941    32.2657        321     1.3333  0.000e+00
     38.377     7.2582   3.303188    32.2670        322     1.3375  0.000e+00
     38.451     7.2601   3.303424    32.2678        323     1.3417  0.000e+00
     38.525     7.2616   3.303170    32.2636        324     1.3458  0.000e+00
     38.611     7.2625   3.303628    32.2677        325     1.3500  0.000e+00
     38.700     7.2635   3.303696    32.2674        326     1.3542  0.000e+00
     38.790     7.2649   3.303672    32.2658        327     1.3583  0.000e+00
     38.888     7.2657   3.303591    32.2641        328     1.3625  0.000e+00
     38.993     7.2659   3.303802    32.2662        329     1.3667  0.000e+00
     39.094     7.2669   3.304539    32.2731        330     1.3708  0.000e+00
     39.216     7.2695   3.304812    32.2736        331     1.3750  0.000e+00
     39.332     7.2725   3.305289    32.2759        332     1.3792  0.000e+00
     39.455     7.2762   3.305716    32.2770        333     1.3833  0.000e+00
     39.581     7.2798   3.306621    32.2834        334     1.3875  0.000e+00
     39.699     7.2851   3.306789    32.2803        335     1.3917  0.000e+00
     39.830     7.2892   3.306832    32.2768        336     1.3958  0.000e+00
     39.960     7.2922   3.306584    32.2713        337     1.4000  0.000e+00
     40.087     7.2931   3.306708    32.2717        338     1.4042  0.000e+00
     40.218     7.2937   3.306751    32.2716        339     1.4083  0.000e+00
     40.343     7.2943   3.306832    32.2718        340     1.4125  0.000e+00
     40.475     7.2949   3.307030    32.2733        341     1.4167  0.000e+00
     40.607     7.2961   3.306541    32.2668        342     1.4208  0.000e+00
     40.741     7.2958   3.306014    32.2614        343     1.4250  0.000e+00
     40.867     7.2935   3.306089    32.2643        344     1.4292  0.000e+00
     40.994     7.2920   3.306033    32.2651        345     1.4333  0.000e+00
     41.125     7.2909   3.306095    32.2666        346     1.4375  0.000e+00
     41.258     7.2906   3.306163    32.2676        347     1.4417  0.000e+00
     41.398     7.2906   3.306708    32.2734        348     1.4458  0.000e+00
     41.537     7.2924   3.307719    32.2826        349     1.4500  0.000e+00
     41.673     7.2967   3.308308    32.2850        350     1.4542  0.000e+00
     41.817     7.3018   3.308636    32.2837        351     1.4583  0.000e+00
     41.952     7.3064   3.308754    32.2806        352     1.4625  0.000e+00
     42.088     7.3093   3.308735    32.2776        353     1.4667  0.000e+00
     42.229     7.3110   3.308475    32.2732        354     1.4708  0.000e+00
     42.361     7.3111   3.308332    32.2715        355     1.4750  0.000e+00
     42.491     7.3104   3.308587    32.2748        356     1.4792  0.000e+00
     42.617     7.3108   3.308735    32.2759        357     1.4833  0.000e+00
     42.729     7.3118   3.309052    32.2784        358     1.4875  0.000e+00
     42.829     7.3132   3.309176    32.2783        359     1.4917  0.000e+00
     42.924     7.3144   3.309337    32.2790        360     1.4958  0.000e+00
     43.004     7.3155   3.309510    32.2797        361     1.5000  0.000e+00
     43.079     7.3167   3.309535    32.2789        362     1.5042  0.000e+00
     43.148     7.3175   3.307372    32.2547        363     1.5083  0.000e+00
     43.213     7.3184   3.308798    32.2693        364     1.5125  0.000e+00
     43.276     7.3191   3.309616    32.2774        365     1.5167  0.000e+00
     43.333     7.3192   3.309659    32.2778        366     1.5208  0.000e+00
     43.392     7.3192   3.309765    32.2789        367     1.5250  0.000e+00
     43.455     7.3194   3.309808    32.2791        368     1.5292  0.000e+00
     43.520     7.3202   3.309721    32.2774        369     1.5333  0.000e+00
     43.593     7.3201   3.309635    32.2765        370     1.5375  0.000e+00
     43.681     7.3200   3.309721    32.2775        371     1.5417  0.000e+00
     43.778     7.3201   3.309746    32.2777        372     1.5458  0.000e+00
     43.896     7.3202   3.309796    32.2781        373     1.5500  0.000e+00
     44.020     7.3205   3.309914    32.2790        374     1.5542  0.000e+00
     44.154     7.3211   3.310211    32.2816        375     1.5583  0.000e+00
     44.296     7.3229   3.310118    32.2789        376     1.5625  0.000e+00
     44.445     7.3239   3.310125    32.2779        377     1.5667  0.000e+00
     44.604     7.3245   3.310168    32.2777        378     1.5708  0.000e+00
     44.764     7.3250   3.309939    32.2748        379     1.5750  0.000e+00
     44.925     7.3247   3.309870    32.2742        380     1.5792  0.000e+00
     45.091     7.3241   3.309871    32.2747        381     1.5833  0.000e+00
     45.246     7.3236   3.309796    32.2743        382     1.5875  0.000e+00
     45.407     7.3233   3.310187    32.2787        383     1.5917  0.000e+00
     45.553     7.3237   3.310571    32.2824        384     1.5958  0.000e+00
     45.703     7.3255   3.310739    32.2824        385     1.6000  0.000e+00
     45.851     7.3275   3.310677    32.2799        386     1.6042  0.000e+00
     45.989     7.3289   3.310925    32.2812        387     1.6083  0.000e+00
     46.122     7.3301   3.310937    32.2801        388     1.6125  0.000e+00
     46.245     7.3309   3.310968    32.2796        389     1.6167  0.000e+00
     46.359     7.3316   3.311117    32.2805        390     1.6208  0.000e+00
     46.462     7.3324   3.311142    32.2801        391     1.6250  0.000e+00
     46.550     7.3329   3.310993    32.2779        392     1.6292  0.000e+00
     46.624     7.3329   3.311012    32.2781        393     1.6333  0.000e+00
     46.691     7.3328   3.310981    32.2778        394     1.6375  0.000e+00
     46.745     7.3324   3.310801    32.2762        395     1.6417  0.000e+00
     46.799     7.3316   3.310547    32.2742        396     1.6458  0.000e+00
     46.845     7.3303   3.310522    32.2751        397     1.6500  0.000e+00
     46.892     7.3292   3.310361    32.2744        398     1.6542  0.000e+00
     46.931     7.3281   3.310361    32.2754        399     1.6583  0.000e+00
     46.979     7.3272   3.310758    32.2805        400     1.6625  0.000e+00
     47.024     7.3281   3.311384    32.2864        401     1.6667  0.000e+00
     47.083     7.3308   3.311669    32.2869        402     1.6708  0.000e+00
     47.150     7.3342   3.311731    32.2844        403     1.6750  0.000e+00
     47.230     7.3364   3.311700    32.2820        404     1.6792  0.000e+00
     47.322     7.3377   3.311626    32.2800        405     1.6833  0.000e+00
     47.434     7.3382   3.311477    32.2778        406     1.6875  0.000e+00
     47.557     7.3378   3.311483    32.2782        407     1.6917  0.000e+00
     47.687     7.3374   3.311626    32.2800        408     1.6958  0.000e+00
     47.835     7.3377   3.311812    32.2817        409     1.7000  0.000e+00
     47.991     7.3388   3.311862    32.2811        410     1.7042  0.000e+00
     48.146     7.3397   3.311880    32.2804        411     1.7083  0.000e+00
     48.312     7.3405   3.311961    32.2805        412     1.7125  0.000e+00
     48.483     7.3412   3.311961    32.2797        413     1.7167  0.000e+00
     48.659     7.3417   3.311942    32.2790        414     1.7208  0.000e+00
     48.827     7.3419   3.311986    32.2792        415     1.7250  0.000e+00
     48.998     7.3419   3.311961    32.2788        416     1.7292  0.000e+00
     49.157     7.3419   3.311986    32.2791        417     1.7333  0.000e+00
     49.307     7.3418   3.312005    32.2793        418     1.7375  0.000e+00
     49.446     7.3417   3.311986    32.2791        419     1.7417  0.000e+00
     49.564     7.3417   3.311943    32.2785        420     1.7458  0.000e+00
