HB2403/sbe071.cnv
* Sea-Bird SBE 19plus V2 Data File:
* FileName = C:\cruise\data\sbe071.hex
* Software Version Seasave V 7.26.7.121
* Temperature SN = 6128
* Conductivity SN = 6128
* System UpLoad Time = Jun 08 2024 03:19:27
* NMEA Latitude = 40 56.49 N
* NMEA Longitude = 066 35.72 W
* NMEA UTC (Time) = Jun 08 2024  03:20:01
** Ship: Henry Bigelow
** Cruise:  HB2403
** Program:  ECOMON
# nquan = 7
# nvalues = 2708                                  
# units = specified
# name 0 = depSM: Depth [salt water, m]
# name 1 = tv290C: Temperature [ITS-90, deg C]
# name 2 = c0S/m: Conductivity [S/m]
# name 3 = sal00: Salinity, Practical [PSU]
# name 4 = scan: Scan Count
# name 5 = timeM: Time, Elapsed [minutes]
# name 6 = flag:  0.000e+00
# span 0 =     -0.281,    104.725                 
# span 1 =     7.3889,    12.7063                 
# span 2 =   0.000294,   3.914855                 
# span 3 =     0.0071,    34.7932                 
# span 4 =         11,       2718                 
# span 5 =     0.0417,    11.3208                 
# span 6 = 0.0000e+00, 0.0000e+00                 
# interval = seconds: 0.25
# start_time = Jun 08 2024 03:20:01 [NMEA time, header]
# bad_flag = -9.990e-29
*END*
[from data line 1436]
     73.838     8.1220   3.478663    33.3205       1447     6.0250  0.000e+00
     73.822     8.1217   3.478537    33.3195       1448     6.0292  0.000e+00
     73.793     8.1208   3.478726    33.3223       1449     6.0333  0.000e+00
     73.756     8.1209   3.478884    33.3239       1450     6.0375  0.000e+00
     73.708     8.1213   3.478726    33.3219       1451     6.0417  0.000e+00
     73.663     8.1212   3.478069    33.3150       1452     6.0458  0.000e+00
     73.601     8.1193   3.477772    33.3137       1453     6.0500  0.000e+00
     73.554     8.1170   3.477165    33.3095       1454     6.0542  0.000e+00
     73.493     8.1139   3.476817    33.3088       1455     6.0583  0.000e+00
     73.435     8.1105   3.476248    33.3059       1456     6.0625  0.000e+00
     73.374     8.1071   3.475376    33.2999       1457     6.0667  0.000e+00
     73.321     8.1026   3.474732    33.2974       1458     6.0708  0.000e+00
     73.270     8.0973   3.474144    33.2961       1459     6.0750  0.000e+00
     73.225     8.0925   3.473974    33.2989       1460     6.0792  0.000e+00
     73.187     8.0887   3.473702    33.2996       1461     6.0833  0.000e+00
     73.153     8.0858   3.473576    33.3010       1462     6.0875  0.000e+00
     73.122     8.0838   3.473380    33.3009       1463     6.0917  0.000e+00
     73.100     8.0818   3.473127    33.3001       1464     6.0958  0.000e+00
     73.081     8.0802   3.472969    33.3000       1465     6.1000  0.000e+00
     73.059     8.0784   3.472596    33.2977       1466     6.1042  0.000e+00
     73.039     8.0764   3.472280    33.2962       1467     6.1083  0.000e+00
     73.017     8.0742   3.472097    33.2964       1468     6.1125  0.000e+00
     72.995     8.0722   3.471775    33.2949       1469     6.1167  0.000e+00
     72.963     8.0701   3.472047    33.2998       1470     6.1208  0.000e+00
     72.932     8.0697   3.472198    33.3018       1471     6.1250  0.000e+00
     72.903     8.0696   3.471497    33.2944       1472     6.1292  0.000e+00
     72.861     8.0683   3.471390    33.2945       1473     6.1333  0.000e+00
     72.820     8.0663   3.470228    33.2841       1474     6.1375  0.000e+00
     72.786     8.0623   3.469508    33.2803       1475     6.1417  0.000e+00
     72.739     8.0573   3.469318    33.2829       1476     6.1458  0.000e+00
     72.705     8.0535   3.469186    33.2852       1477     6.1500  0.000e+00
     72.674     8.0508   3.469167    33.2876       1478     6.1542  0.000e+00
     72.648     8.0495   3.469666    33.2942       1479     6.1583  0.000e+00
     72.638     8.0497   3.469697    33.2943       1480     6.1625  0.000e+00
     72.634     8.0502   3.469590    33.2927       1481     6.1667  0.000e+00
     72.637     8.0505   3.469666    33.2932       1482     6.1708  0.000e+00
     72.650     8.0507   3.469824    33.2947       1483     6.1750  0.000e+00
     72.670     8.0513   3.470013    33.2961       1484     6.1792  0.000e+00
     72.691     8.0524   3.470101    33.2960       1485     6.1833  0.000e+00
     72.717     8.0533   3.470202    33.2962       1486     6.1875  0.000e+00
     72.753     8.0541   3.470398    33.2975       1487     6.1917  0.000e+00
     72.775     8.0552   3.470651    33.2991       1488     6.1958  0.000e+00
     72.798     8.0565   3.470872    33.3003       1489     6.2000  0.000e+00
     72.812     8.0582   3.470948    33.2994       1490     6.2042  0.000e+00
     72.814     8.0593   3.471055    33.2995       1491     6.2083  0.000e+00
     72.803     8.0604   3.471118    33.2991       1492     6.2125  0.000e+00
     72.779     8.0612   3.470891    33.2960       1493     6.2167  0.000e+00
     72.743     8.0614   3.470777    33.2946       1494     6.2208  0.000e+00
     72.696     8.0607   3.470543    33.2928       1495     6.2250  0.000e+00
     72.647     8.0597   3.469981    33.2878       1496     6.2292  0.000e+00
     72.590     8.0576   3.469400    33.2836       1497     6.2333  0.000e+00
     72.519     8.0547   3.469887    33.2916       1498     6.2375  0.000e+00
     72.451     8.0532   3.468403    33.2773       1499     6.2417  0.000e+00
     72.371     8.0494   3.466616    33.2618       1500     6.2458  0.000e+00
     72.288     8.0414   3.466161    33.2647       1501     6.2500  0.000e+00
     72.198     8.0343   3.466161    33.2715       1502     6.2542  0.000e+00
     72.107     8.0295   3.465568    33.2697       1503     6.2583  0.000e+00
     72.012     8.0254   3.465214    33.2699       1504     6.2625  0.000e+00
     71.921     8.0218   3.464956    33.2706       1505     6.2667  0.000e+00
     71.832     8.0186   3.464324    33.2669       1506     6.2708  0.000e+00
     71.757     8.0153   3.463630    33.2627       1507     6.2750  0.000e+00
     71.691     8.0112   3.463902    33.2696       1508     6.2792  0.000e+00
     71.644     8.0086   3.463605    33.2689       1509     6.2833  0.000e+00
     71.614     8.0067   3.463346    33.2679       1510     6.2875  0.000e+00
     71.594     8.0047   3.463416    33.2706       1511     6.2917  0.000e+00
     71.597     8.0037   3.463586    33.2734       1512     6.2958  0.000e+00
     71.621     8.0037   3.463794    33.2756       1513     6.3000  0.000e+00
     71.648     8.0043   3.463990    33.2770       1514     6.3042  0.000e+00
     71.697     8.0053   3.464009    33.2763       1515     6.3083  0.000e+00
     71.747     8.0062   3.464167    33.2771       1516     6.3125  0.000e+00
     71.816     8.0072   3.464432    33.2789       1517     6.3167  0.000e+00
     71.870     8.0086   3.464602    33.2793       1518     6.3208  0.000e+00
     71.933     8.0101   3.464684    33.2789       1519     6.3250  0.000e+00
     71.991     8.0113   3.464703    33.2779       1520     6.3292  0.000e+00
     72.039     8.0121   3.465442    33.2849       1521     6.3333  0.000e+00
     72.080     8.0145   3.466332    33.2922       1522     6.3375  0.000e+00
     72.091     8.0186   3.467153    33.2970       1523     6.3417  0.000e+00
     72.098     8.0236   3.467519    33.2961       1524     6.3458  0.000e+00
     72.084     8.0283   3.467519    33.2917       1525     6.3500  0.000e+00
     72.046     8.0311   3.466325    33.2763       1526     6.3542  0.000e+00
     71.999     8.0295   3.463819    33.2512       1527     6.3583  0.000e+00
     71.935     8.0213   3.463226    33.2527       1528     6.3625  0.000e+00
     71.857     8.0130   3.463037    33.2585       1529     6.3667  0.000e+00
     71.765     8.0074   3.463346    33.2672       1530     6.3708  0.000e+00
     71.661     8.0049   3.463353    33.2697       1531     6.3750  0.000e+00
     71.548     8.0036   3.462614    33.2631       1532     6.3792  0.000e+00
     71.431     8.0011   3.462412    33.2634       1533     6.3833  0.000e+00
     71.310     7.9987   3.462191    33.2634       1534     6.3875  0.000e+00
     71.191     7.9963   3.461832    33.2618       1535     6.3917  0.000e+00
     71.075     7.9941   3.461434    33.2598       1536     6.3958  0.000e+00
     70.961     7.9914   3.459952    33.2466       1537     6.4000  0.000e+00
     70.868     7.9857   3.458204    33.2333       1538     6.4042  0.000e+00
     70.770     7.9771   3.457277    33.2316       1539     6.4083  0.000e+00
     70.697     7.9684   3.456603    33.2328       1540     6.4125  0.000e+00
     70.632     7.9610   3.455758    33.2308       1541     6.4167  0.000e+00
     70.593     7.9539   3.455146    33.2310       1542     6.4208  0.000e+00
     70.560     7.9480   3.455329    33.2386       1543     6.4250  0.000e+00
     70.557     7.9442   3.455083    33.2396       1544     6.4292  0.000e+00
     70.567     7.9422   3.455039    33.2410       1545     6.4333  0.000e+00
     70.587     7.9406   3.455020    33.2424       1546     6.4375  0.000e+00
     70.628     7.9397   3.454938    33.2423       1547     6.4417  0.000e+00
     70.681     7.9391   3.455443    33.2482       1548     6.4458  0.000e+00
     70.731     7.9398   3.456079    33.2543       1549     6.4500  0.000e+00
     70.798     7.9421   3.456704    33.2588       1550     6.4542  0.000e+00
     70.865     7.9456   3.457215    33.2609       1551     6.4583  0.000e+00
     70.930     7.9494   3.457656    33.2619       1552     6.4625  0.000e+00
     70.993     7.9531   3.458268    33.2649       1553     6.4667  0.000e+00
     71.047     7.9571   3.459044    33.2694       1554     6.4708  0.000e+00
     71.098     7.9618   3.459655    33.2715       1555     6.4750  0.000e+00
     71.128     7.9665   3.460015    33.2708       1556     6.4792  0.000e+00
     71.148     7.9707   3.460229    33.2691       1557     6.4833  0.000e+00
     71.141     7.9740   3.460501    33.2689       1558     6.4875  0.000e+00
     71.114     7.9766   3.460608    33.2675       1559     6.4917  0.000e+00
     71.061     7.9786   3.460355    33.2630       1560     6.4958  0.000e+00
     70.996     7.9790   3.459277    33.2511       1561     6.5000  0.000e+00
     70.911     7.9765   3.458564    33.2459       1562     6.5042  0.000e+00
     70.816     7.9719   3.457296    33.2368       1563     6.5083  0.000e+00
     70.707     7.9657   3.456539    33.2347       1564     6.5125  0.000e+00
     70.584     7.9594   3.455215    33.2265       1565     6.5167  0.000e+00
     70.462     7.9521   3.453986    33.2204       1566     6.5208  0.000e+00
     70.335     7.9440   3.453627    33.2243       1567     6.5250  0.000e+00
     70.209     7.9372   3.453110    33.2253       1568     6.5292  0.000e+00
     70.093     7.9317   3.452896    33.2283       1569     6.5333  0.000e+00
     69.983     7.9278   3.452637    33.2293       1570     6.5375  0.000e+00
     69.893     7.9244   3.451629    33.2218       1571     6.5417  0.000e+00
     69.813     7.9200   3.450072    33.2094       1572     6.5458  0.000e+00
     69.755     7.9127   3.449001    33.2049       1573     6.5500  0.000e+00
     69.710     7.9046   3.448327    33.2054       1574     6.5542  0.000e+00
     69.679     7.8970   3.448012    33.2093       1575     6.5583  0.000e+00
     69.661     7.8914   3.447382    33.2079       1576     6.5625  0.000e+00
     69.653     7.8866   3.447048    33.2089       1577     6.5667  0.000e+00
     69.653     7.8825   3.446689    33.2089       1578     6.5708  0.000e+00
     69.659     7.8792   3.446393    33.2089       1579     6.5750  0.000e+00
     69.669     7.8763   3.446229    33.2099       1580     6.5792  0.000e+00
     69.683     7.8740   3.446078    33.2105       1581     6.5833  0.000e+00
     69.696     7.8722   3.446274    33.2142       1582     6.5875  0.000e+00
     69.705     7.8715   3.446393    33.2161       1583     6.5917  0.000e+00
     69.710     7.8715   3.446393    33.2162       1584     6.5958  0.000e+00
     69.720     7.8715   3.446381    33.2161       1585     6.6000  0.000e+00
     69.728     7.8716   3.446311    33.2152       1586     6.6042  0.000e+00
     69.726     7.8714   3.446185    33.2140       1587     6.6083  0.000e+00
     69.725     7.8711   3.445877    33.2110       1588     6.6125  0.000e+00
     69.717     7.8698   3.445575    33.2090       1589     6.6167  0.000e+00
     69.707     7.8683   3.445197    33.2064       1590     6.6208  0.000e+00
     69.690     7.8662   3.444592    33.2020       1591     6.6250  0.000e+00
     69.663     7.8631   3.444466    33.2035       1592     6.6292  0.000e+00
     69.636     7.8606   3.444378    33.2050       1593     6.6333  0.000e+00
     69.598     7.8588   3.443711    33.1996       1594     6.6375  0.000e+00
     69.552     7.8558   3.441985    33.1840       1595     6.6417  0.000e+00
     69.495     7.8495   3.440771    33.1770       1596     6.6458  0.000e+00
     69.431     7.8414   3.439908    33.1755       1597     6.6500  0.000e+00
     69.351     7.8337   3.439178    33.1751       1598     6.6542  0.000e+00
     69.272     7.8266   3.438127    33.1706       1599     6.6583  0.000e+00
     69.182     7.8196   3.437290    33.1683       1600     6.6625  0.000e+00
     69.090     7.8121   3.434994    33.1508       1601     6.6667  0.000e+00
     68.999     7.8014   3.432617    33.1355       1602     6.6708  0.000e+00
     68.903     7.7883   3.432604    33.1480       1603     6.6750  0.000e+00
     68.813     7.7783   3.431642    33.1472       1604     6.6792  0.000e+00
     68.732     7.7698   3.430152    33.1393       1605     6.6833  0.000e+00
     68.655     7.7608   3.428907    33.1346       1606     6.6875  0.000e+00
     68.574     7.7520   3.427870    33.1318       1607     6.6917  0.000e+00
     68.507     7.7436   3.427531    33.1362       1608     6.6958  0.000e+00
     68.447     7.7363   3.426595    33.1331       1609     6.7000  0.000e+00
     68.391     7.7298   3.426375    33.1370       1610     6.7042  0.000e+00
     68.348     7.7245   3.425401    33.1316       1611     6.7083  0.000e+00
     68.308     7.7196   3.425916    33.1418       1612     6.7125  0.000e+00
     68.285     7.7172   3.425778    33.1426       1613     6.7167  0.000e+00
     68.270     7.7158   3.425841    33.1446       1614     6.7208  0.000e+00
     68.265     7.7151   3.425847    33.1454       1615     6.7250  0.000e+00
     68.261     7.7149   3.425885    33.1459       1616     6.7292  0.000e+00
     68.266     7.7146   3.425797    33.1453       1617     6.7333  0.000e+00
     68.275     7.7146   3.425696    33.1442       1618     6.7375  0.000e+00
     68.288     7.7141   3.425734    33.1450       1619     6.7417  0.000e+00
     68.293     7.7139   3.425803    33.1460       1620     6.7458  0.000e+00
     68.297     7.7138   3.425860    33.1466       1621     6.7500  0.000e+00
     68.295     7.7141   3.425966    33.1476       1622     6.7542  0.000e+00
     68.284     7.7147   3.426048    33.1479       1623     6.7583  0.000e+00
     68.266     7.7153   3.426048    33.1473       1624     6.7625  0.000e+00
     68.241     7.7157   3.426004    33.1465       1625     6.7667  0.000e+00
     68.209     7.7156   3.425778    33.1442       1626     6.7708  0.000e+00
     68.178     7.7151   3.425552    33.1422       1627     6.7750  0.000e+00
     68.144     7.7139   3.425143    33.1390       1628     6.7792  0.000e+00
     68.100     7.7122   3.424634    33.1352       1629     6.7833  0.000e+00
     68.060     7.7096   3.424659    33.1379       1630     6.7875  0.000e+00
     68.018     7.7080   3.424735    33.1402       1631     6.7917  0.000e+00
     67.969     7.7069   3.424132    33.1349       1632     6.7958  0.000e+00
     67.917     7.7048   3.423453    33.1295       1633     6.8000  0.000e+00
     67.864     7.7018   3.422630    33.1236       1634     6.8042  0.000e+00
     67.806     7.6975   3.421876    33.1197       1635     6.8083  0.000e+00
     67.747     7.6923   3.421946    33.1253       1636     6.8125  0.000e+00
     67.683     7.6887   3.421399    33.1229       1637     6.8167  0.000e+00
     67.618     7.6857   3.420803    33.1194       1638     6.8208  0.000e+00
     67.553     7.6820   3.420570    33.1205       1639     6.8250  0.000e+00
     67.488     7.6791   3.422071    33.1394       1640     6.8292  0.000e+00
     67.421     7.6802   3.421795    33.1354       1641     6.8333  0.000e+00
     67.367     7.6818   3.421487    33.1305       1642     6.8375  0.000e+00
     67.311     7.6821   3.421110    33.1263       1643     6.8417  0.000e+00
     67.271     7.6808   3.420633    33.1224       1644     6.8458  0.000e+00
     67.230     7.6786   3.421022    33.1287       1645     6.8500  0.000e+00
     67.197     7.6779   3.420821    33.1272       1646     6.8542  0.000e+00
     67.172     7.6773   3.420821    33.1278       1647     6.8583  0.000e+00
     67.145     7.6773   3.420922    33.1289       1648     6.8625  0.000e+00
     67.127     7.6773   3.420903    33.1287       1649     6.8667  0.000e+00
     67.114     7.6773   3.420997    33.1297       1650     6.8708  0.000e+00
     67.103     7.6776   3.420922    33.1286       1651     6.8750  0.000e+00
