HB2403/sbe073.cnv
* Sea-Bird SBE 19plus V2 Data File:
* FileName = C:\cruise\data\sbe073.hex
* Software Version Seasave V 7.26.7.121
* Temperature SN = 6128
* Conductivity SN = 6128
* System UpLoad Time = Jun 08 2024 06:17:09
* NMEA Latitude = 41 17.07 N
* NMEA Longitude = 066 16.89 W
* NMEA UTC (Time) = Jun 08 2024  06:17:43
** Ship: Henry Bigelow
** Cruise:  HB2403
** Program:  ECOMON
# nquan = 7
# nvalues = 2494                                  
# units = specified
# name 0 = depSM: Depth [salt water, m]
# name 1 = tv290C: Temperature [ITS-90, deg C]
# name 2 = c0S/m: Conductivity [S/m]
# name 3 = sal00: Salinity, Practical [PSU]
# name 4 = scan: Scan Count
# name 5 = timeM: Time, Elapsed [minutes]
# name 6 = flag:  0.000e+00
# span 0 =     -0.067,    110.751                 
# span 1 =     6.5493,    11.8825                 
# span 2 =   0.000126,   3.839098                 
# span 3 =     0.0063,    34.7593                 
# span 4 =         11,       2504                 
# span 5 =     0.0417,    10.4292                 
# span 6 = 0.0000e+00, 0.0000e+00                 
# interval = seconds: 0.25
# start_time = Jun 08 2024 06:17:43 [NMEA time, header]
# bad_flag = -9.990e-29
*END*
[from data line 2257]
     10.201    10.2821   3.492176    31.5261       2268     9.4458  0.000e+00
     10.047    10.2977   3.489466    31.4855       2269     9.4500  0.000e+00
      9.899    10.2992   3.490687    31.4965       2270     9.4542  0.000e+00
      9.776    10.2998   3.491922    31.5084       2271     9.4583  0.000e+00
      9.666    10.3056   3.494353    31.5277       2272     9.4625  0.000e+00
      9.559    10.3204   3.495120    31.5227       2273     9.4667  0.000e+00
      9.474    10.3351   3.495651    31.5152       2274     9.4708  0.000e+00
      9.405    10.3468   3.495696    31.5055       2275     9.4750  0.000e+00
      9.352    10.3552   3.495721    31.4985       2276     9.4792  0.000e+00
      9.317    10.3605   3.495828    31.4950       2277     9.4833  0.000e+00
      9.288    10.3635   3.495404    31.4882       2278     9.4875  0.000e+00
      9.265    10.3621   3.485440    31.3898       2279     9.4917  0.000e+00
      9.248    10.3244   3.482398    31.3920       2280     9.4958  0.000e+00
      9.239    10.2748   3.486340    31.4744       2281     9.5000  0.000e+00
      9.232    10.2583   3.491650    31.5420       2282     9.5042  0.000e+00
      9.219    10.2782   3.494677    31.5550       2283     9.5083  0.000e+00
      9.208    10.3081   3.495291    31.5352       2284     9.5125  0.000e+00
      9.192    10.3322   3.494074    31.5021       2285     9.5167  0.000e+00
      9.169    10.3431   3.496595    31.5178       2286     9.5208  0.000e+00
      9.136    10.3574   3.497520    31.5148       2287     9.5250  0.000e+00
      9.103    10.3725   3.497938    31.5058       2288     9.5292  0.000e+00
      9.058    10.3846   3.498413    31.5001       2289     9.5333  0.000e+00
      9.002    10.3947   3.498863    31.4959       2290     9.5375  0.000e+00
      8.953    10.4032   3.500238    31.5023       2291     9.5417  0.000e+00
      8.903    10.4146   3.499071    31.4808       2292     9.5458  0.000e+00
      8.850    10.4183   3.498431    31.4712       2293     9.5500  0.000e+00
      8.796    10.4147   3.499097    31.4810       2294     9.5542  0.000e+00
      8.740    10.4148   3.496936    31.4594       2295     9.5583  0.000e+00
      8.684    10.4071   3.494593    31.4426       2296     9.5625  0.000e+00
      8.625    10.3888   3.493757    31.4501       2297     9.5667  0.000e+00
      8.558    10.3714   3.494245    31.4701       2298     9.5708  0.000e+00
      8.478    10.3628   3.497469    31.5098       2299     9.5750  0.000e+00
      8.389    10.3715   3.499135    31.5190       2300     9.5792  0.000e+00
      8.283    10.3892   3.500954    31.5219       2301     9.5833  0.000e+00
      8.171    10.4104   3.501169    31.5057       2302     9.5875  0.000e+00
      8.057    10.4258   3.501213    31.4928       2303     9.5917  0.000e+00
      7.949    10.4360   3.500807    31.4800       2304     9.5958  0.000e+00
      7.837    10.4396   3.500756    31.4764       2305     9.6000  0.000e+00
      7.734    10.4411   3.502240    31.4900       2306     9.6042  0.000e+00
      7.632    10.4479   3.502322    31.4850       2307     9.6083  0.000e+00
      7.548    10.4538   3.500826    31.4649       2308     9.6125  0.000e+00
      7.470    10.4525   3.501637    31.4742       2309     9.6167  0.000e+00
      7.405    10.4509   3.502379    31.4830       2310     9.6208  0.000e+00
      7.349    10.4559   3.504617    31.5011       2311     9.6250  0.000e+00
      7.302    10.4694   3.505688    31.5001       2312     9.6292  0.000e+00
      7.260    10.4856   3.505555    31.4848       2313     9.6333  0.000e+00
      7.226    10.4968   3.505085    31.4705       2314     9.6375  0.000e+00
      7.211    10.5023   3.505060    31.4655       2315     9.6417  0.000e+00
      7.189    10.5012   3.503589    31.4517       2316     9.6458  0.000e+00
      7.166    10.4952   3.503481    31.4559       2317     9.6500  0.000e+00
      7.144    10.4889   3.504825    31.4747       2318     9.6542  0.000e+00
      7.121    10.4913   3.505960    31.4840       2319     9.6583  0.000e+00
      7.101    10.4997   3.507121    31.4883       2320     9.6625  0.000e+00
      7.081    10.5123   3.509074    31.4969       2321     9.6667  0.000e+00
      7.054    10.5297   3.509246    31.4835       2322     9.6708  0.000e+00
      7.032    10.5432   3.509245    31.4719       2323     9.6750  0.000e+00
      7.009    10.5520   3.509524    31.4671       2324     9.6792  0.000e+00
      6.984    10.5577   3.509480    31.4618       2325     9.6833  0.000e+00
      6.955    10.5612   3.511307    31.4769       2326     9.6875  0.000e+00
      6.930    10.5712   3.511282    31.4681       2327     9.6917  0.000e+00
      6.902    10.5798   3.510958    31.4574       2328     9.6958  0.000e+00
      6.871    10.5822   3.508388    31.4298       2329     9.7000  0.000e+00
      6.835    10.5721   3.510247    31.4570       2330     9.7042  0.000e+00
      6.801    10.5702   3.510895    31.4651       2331     9.7083  0.000e+00
      6.754    10.5753   3.509974    31.4516       2332     9.7125  0.000e+00
      6.694    10.5734   3.505921    31.4129       2333     9.7167  0.000e+00
      6.632    10.5583   3.510850    31.4750       2334     9.7208  0.000e+00
      6.554    10.5596   3.507088    31.4365       2335     9.7250  0.000e+00
      6.460    10.5539   3.504248    31.4132       2336     9.7292  0.000e+00
      6.358    10.5323   3.503481    31.4242       2337     9.7333  0.000e+00
      6.244    10.5152   3.507831    31.4823       2338     9.7375  0.000e+00
      6.136    10.5194   3.512183    31.5221       2339     9.7417  0.000e+00
      6.013    10.5438   3.509010    31.4694       2340     9.7458  0.000e+00
      5.897    10.5566   3.509289    31.4613       2341     9.7500  0.000e+00
      5.789    10.5611   3.510380    31.4683       2342     9.7542  0.000e+00
      5.690    10.5678   3.511370    31.4724       2343     9.7583  0.000e+00
      5.605    10.5775   3.511452    31.4649       2344     9.7625  0.000e+00
      5.525    10.5883   3.513705    31.4780       2345     9.7667  0.000e+00
      5.457    10.6019   3.515425    31.4834       2346     9.7708  0.000e+00
      5.391    10.6218   3.515920    31.4711       2347     9.7750  0.000e+00
      5.332    10.6408   3.515495    31.4506       2348     9.7792  0.000e+00
      5.285    10.6499   3.515037    31.4383       2349     9.7833  0.000e+00
      5.245    10.6511   3.515063    31.4375       2350     9.7875  0.000e+00
      5.216    10.6501   3.514745    31.4352       2351     9.7917  0.000e+00
      5.192    10.6480   3.514676    31.4364       2352     9.7958  0.000e+00
      5.182    10.6457   3.514612    31.4377       2353     9.8000  0.000e+00
      5.173    10.6422   3.511153    31.4063       2354     9.8042  0.000e+00
      5.160    10.6265   3.512594    31.4341       2355     9.8083  0.000e+00
      5.154    10.6171   3.512372    31.4400       2356     9.8125  0.000e+00
      5.153    10.6144   3.514009    31.4587       2357     9.8167  0.000e+00
      5.142    10.6209   3.515469    31.4676       2358     9.8208  0.000e+00
      5.134    10.6349   3.515469    31.4556       2359     9.8250  0.000e+00
      5.125    10.6447   3.515882    31.4512       2360     9.8292  0.000e+00
      5.109    10.6532   3.515793    31.4430       2361     9.8333  0.000e+00
      5.084    10.6581   3.516104    31.4418       2362     9.8375  0.000e+00
      5.059    10.6629   3.516072    31.4374       2363     9.8417  0.000e+00
      5.033    10.6664   3.516180    31.4355       2364     9.8458  0.000e+00
      4.996    10.6692   3.516180    31.4331       2365     9.8500  0.000e+00
      4.952    10.6714   3.515964    31.4291       2366     9.8542  0.000e+00
      4.896    10.6719   3.516027    31.4294       2367     9.8583  0.000e+00
      4.834    10.6716   3.515926    31.4286       2368     9.8625  0.000e+00
      4.760    10.6733   3.515964    31.4276       2369     9.8667  0.000e+00
      4.681    10.6767   3.516116    31.4262       2370     9.8708  0.000e+00
      4.589    10.6813   3.515703    31.4181       2371     9.8750  0.000e+00
      4.493    10.6852   3.515360    31.4114       2372     9.8792  0.000e+00
      4.386    10.6891   3.514884    31.4034       2373     9.8833  0.000e+00
      4.282    10.6917   3.514738    31.3998       2374     9.8875  0.000e+00
      4.175    10.6931   3.514567    31.3969       2375     9.8917  0.000e+00
      4.080    10.6945   3.514287    31.3930       2376     9.8958  0.000e+00
      3.991    10.6958   3.514199    31.3910       2377     9.9000  0.000e+00
      3.911    10.6963   3.514072    31.3894       2378     9.9042  0.000e+00
      3.846    10.6964   3.513932    31.3879       2379     9.9083  0.000e+00
      3.794    10.6965   3.513945    31.3880       2380     9.9125  0.000e+00
      3.743    10.6965   3.513811    31.3867       2381     9.9167  0.000e+00
      3.708    10.6965   3.513621    31.3848       2382     9.9208  0.000e+00
      3.680    10.6960   3.513494    31.3839       2383     9.9250  0.000e+00
      3.656    10.6957   3.513386    31.3832       2384     9.9292  0.000e+00
      3.638    10.6951   3.513361    31.3835       2385     9.9333  0.000e+00
      3.622    10.6946   3.513189    31.3822       2386     9.9375  0.000e+00
      3.616    10.6939   3.512847    31.3794       2387     9.9417  0.000e+00
      3.614    10.6929   3.512847    31.3802       2388     9.9458  0.000e+00
      3.614    10.6921   3.512764    31.3801       2389     9.9500  0.000e+00
      3.616    10.6913   3.512574    31.3789       2390     9.9542  0.000e+00
      3.619    10.6905   3.512415    31.3780       2391     9.9583  0.000e+00
      3.625    10.6897   3.512783    31.3823       2392     9.9625  0.000e+00
      3.628    10.6900   3.512973    31.3840       2393     9.9667  0.000e+00
      3.641    10.6902   3.513386    31.3879       2394     9.9708  0.000e+00
      3.634    10.6911   3.513703    31.3903       2395     9.9750  0.000e+00
      3.616    10.6923   3.513469    31.3869       2396     9.9792  0.000e+00
      3.591    10.6928   3.513126    31.3831       2397     9.9833  0.000e+00
      3.542    10.6929   3.512459    31.3764       2398     9.9875  0.000e+00
      3.471    10.6920   3.512053    31.3732       2399     9.9917  0.000e+00
      3.395    10.6906   3.511577    31.3698       2400     9.9958  0.000e+00
      3.293    10.6894   3.511622    31.3712       2401    10.0000  0.000e+00
      3.184    10.6891   3.511990    31.3752       2402    10.0042  0.000e+00
      3.072    10.6924   3.512034    31.3728       2403    10.0083  0.000e+00
      2.955    10.6974   3.512719    31.3754       2404    10.0125  0.000e+00
      2.838    10.7055   3.516845    31.4094       2405    10.0167  0.000e+00
      2.728    10.7326   3.519341    31.4109       2406    10.0208  0.000e+00
      2.636    10.7725   3.521474    31.3978       2407    10.0250  0.000e+00
      2.567    10.8091   3.522033    31.3720       2408    10.0292  0.000e+00
      2.525    10.8368   3.523132    31.3591       2409    10.0333  0.000e+00
      2.493    10.8585   3.523239    31.3416       2410    10.0375  0.000e+00
      2.471    10.8722   3.525349    31.3508       2411    10.0417  0.000e+00
      2.471    10.8879   3.526963    31.3533       2412    10.0458  0.000e+00
      2.462    10.9085   3.526518    31.3313       2413    10.0500  0.000e+00
      2.457    10.9197   3.521447    31.2717       2414    10.0542  0.000e+00
      2.449    10.9017   3.521276    31.2853       2415    10.0583  0.000e+00
      2.437    10.8842   3.520628    31.2939       2416    10.0625  0.000e+00
      2.416    10.8711   3.517961    31.2788       2417    10.0667  0.000e+00
      2.382    10.8497   3.516145    31.2791       2418    10.0708  0.000e+00
      2.328    10.8234   3.515790    31.2981       2419    10.0750  0.000e+00
      2.257    10.8043   3.514070    31.2975       2420    10.0792  0.000e+00
      2.189    10.7853   3.514476    31.3178       2421    10.0833  0.000e+00
      2.112    10.7711   3.515492    31.3400       2422    10.0875  0.000e+00
      2.040    10.7742   3.527206    31.4533       2423    10.0917  0.000e+00
      1.973    10.8232   3.529806    31.4370       2424    10.0958  0.000e+00
      1.910    10.8860   3.530314    31.3882       2425    10.1000  0.000e+00
      1.865    10.9308   3.530402    31.3508       2426    10.1042  0.000e+00
      1.827    10.9574   3.530484    31.3288       2427    10.1083  0.000e+00
      1.798    10.9726   3.530510    31.3161       2428    10.1125  0.000e+00
      1.771    10.9807   3.529212    31.2965       2429    10.1167  0.000e+00
      1.758    10.9793   3.528303    31.2888       2430    10.1208  0.000e+00
      1.754    10.9714   3.529778    31.3100       2431    10.1250  0.000e+00
      1.760    10.9734   3.529988    31.3104       2432    10.1292  0.000e+00
      1.765    10.9773   3.530122    31.3083       2433    10.1333  0.000e+00
      1.776    10.9804   3.530338    31.3078       2434    10.1375  0.000e+00
      1.787    10.9832   3.530014    31.3023       2435    10.1417  0.000e+00
      1.805    10.9839   3.530554    31.3069       2436    10.1458  0.000e+00
      1.821    10.9857   3.530770    31.3075       2437    10.1500  0.000e+00
      1.821    10.9888   3.530783    31.3050       2438    10.1542  0.000e+00
      1.816    10.9910   3.530770    31.3030       2439    10.1583  0.000e+00
      1.799    10.9919   3.530808    31.3026       2440    10.1625  0.000e+00
      1.771    10.9927   3.530789    31.3018       2441    10.1667  0.000e+00
      1.729    10.9930   3.530789    31.3016       2442    10.1708  0.000e+00
      1.680    10.9932   3.530789    31.3014       2443    10.1750  0.000e+00
      1.628    10.9931   3.530637    31.3000       2444    10.1792  0.000e+00
      1.559    10.9927   3.530757    31.3015       2445    10.1833  0.000e+00
      1.492    10.9925   3.530745    31.3016       2446    10.1875  0.000e+00
      1.414    10.9924   3.530617    31.3005       2447    10.1917  0.000e+00
      1.350    10.9921   3.530770    31.3023       2448    10.1958  0.000e+00
      1.295    10.9920   3.530700    31.3017       2449    10.2000  0.000e+00
      1.258    10.9923   3.530770    31.3022       2450    10.2042  0.000e+00
      1.218    10.9923   3.530725    31.3017       2451    10.2083  0.000e+00
      1.199    10.9922   3.530687    31.3014       2452    10.2125  0.000e+00
      1.187    10.9918   3.530617    31.3011       2453    10.2167  0.000e+00
      1.178    10.9915   3.530662    31.3018       2454    10.2208  0.000e+00
      1.166    10.9911   3.530700    31.3025       2455    10.2250  0.000e+00
      1.144    10.9912   3.530592    31.3014       2456    10.2292  0.000e+00
      1.116    10.9910   3.530681    31.3024       2457    10.2333  0.000e+00
      1.088    10.9909   3.530681    31.3026       2458    10.2375  0.000e+00
      1.059    10.9910   3.530395    31.2996       2459    10.2417  0.000e+00
      1.008    10.9900   3.530592    31.3025       2460    10.2458  0.000e+00
      0.945    10.9895   3.530808    31.3051       2461    10.2500  0.000e+00
      0.879    10.9906   3.530833    31.3044       2462    10.2542  0.000e+00
      0.814    10.9920   3.530852    31.3034       2463    10.2583  0.000e+00
      0.750    10.9927   3.530833    31.3027       2464    10.2625  0.000e+00
      0.705    10.9931   3.530878    31.3028       2465    10.2667  0.000e+00
      0.660    10.9934   3.530871    31.3025       2466    10.2708  0.000e+00
      0.635    10.9936   3.530878    31.3023       2467    10.2750  0.000e+00
      0.631    10.9938   3.530852    31.3019       2468    10.2792  0.000e+00
      0.643    10.9938   3.530878    31.3022       2469    10.2833  0.000e+00
      0.673    10.9939   3.530770    31.3010       2470    10.2875  0.000e+00
      0.710    10.9933   3.530833    31.3021       2471    10.2917  0.000e+00
