HB2403/sbe089.cnv
* Sea-Bird SBE 19plus V2 Data File:
* FileName = C:\cruise\data\sbe089.hex
* Software Version Seasave V 7.26.7.121
* Temperature SN = 6128
* Conductivity SN = 6128
* System UpLoad Time = Jun 09 2024 11:55:51
* NMEA Latitude = 41 55.29 N
* NMEA Longitude = 066 00.41 W
* NMEA UTC (Time) = Jun 09 2024  11:56:27
** Ship: Henry Bigelow
** Cruise:  HB2403
** Program:  ECOMON
# nquan = 7
# nvalues = 1817                                  
# units = specified
# name 0 = depSM: Depth [salt water, m]
# name 1 = tv290C: Temperature [ITS-90, deg C]
# name 2 = c0S/m: Conductivity [S/m]
# name 3 = sal00: Salinity, Practical [PSU]
# name 4 = scan: Scan Count
# name 5 = timeM: Time, Elapsed [minutes]
# name 6 = flag:  0.000e+00
# span 0 =     -0.018,     88.220                 
# span 1 =     5.8122,    12.2390                 
# span 2 =   0.000147,   3.620169                 
# span 3 =     0.0066,    32.8596                 
# span 4 =         11,       1827                 
# span 5 =     0.0417,     7.6083                 
# span 6 = 0.0000e+00, 0.0000e+00                 
# interval = seconds: 0.25
# start_time = Jun 09 2024 11:56:27 [NMEA time, header]
# bad_flag = -9.990e-29
*END*
      0.016    12.2387   0.000159     0.0066         11     0.0417  0.000e+00
      0.016    12.2384   0.000153     0.0066         12     0.0458  0.000e+00
      0.016    12.2387   0.000153     0.0066         13     0.0500  0.000e+00
      0.013    12.2386   0.000159     0.0066         14     0.0542  0.000e+00
      0.015    12.2384   0.000159     0.0066         15     0.0583  0.000e+00
      0.011    12.2383   0.000153     0.0066         16     0.0625  0.000e+00
      0.009    12.2382   0.000159     0.0066         17     0.0667  0.000e+00
      0.007    12.2385   0.000165     0.0066         18     0.0708  0.000e+00
      0.004    12.2385   0.000162     0.0066         19     0.0750  0.000e+00
      0.001    12.2382   0.000153     0.0066         20     0.0792  0.000e+00
      0.001    12.2385   0.000159     0.0066         21     0.0833  0.000e+00
      0.002    12.2381   0.000159     0.0066         22     0.0875  0.000e+00
      0.008    12.2385   0.000153     0.0066         23     0.0917  0.000e+00
      0.001    12.2385   0.000153     0.0066         24     0.0958  0.000e+00
     -0.003    12.2389   0.000159     0.0066         25     0.1000  0.000e+00
     -0.001    12.2387   0.000159     0.0066         26     0.1042  0.000e+00
     -0.002    12.2387   0.000153     0.0066         27     0.1083  0.000e+00
     -0.002    12.2388   0.000159     0.0066         28     0.1125  0.000e+00
      0.006    12.2388   0.000159     0.0066         29     0.1167  0.000e+00
      0.001    12.2389   0.000159     0.0066         30     0.1208  0.000e+00
      0.000    12.2389   0.000159     0.0066         31     0.1250  0.000e+00
     -0.003    12.2390   0.000159     0.0066         32     0.1292  0.000e+00
      0.001    12.2389   0.000159     0.0066         33     0.1333  0.000e+00
      0.000    12.2385   0.000153     0.0066         34     0.1375  0.000e+00
     -0.001    12.2370   0.000153     0.0066         35     0.1417  0.000e+00
     -0.003    12.2368   0.000159     0.0066         36     0.1458  0.000e+00
     -0.005    12.2369   0.000153     0.0066         37     0.1500  0.000e+00
     -0.005    12.2369   0.000147     0.0066         38     0.1542  0.000e+00
     -0.007    12.2367   0.000159     0.0066         39     0.1583  0.000e+00
     -0.001    12.2360   0.000159     0.0066         40     0.1625  0.000e+00
     -0.001    12.2355   0.000159     0.0066         41     0.1667  0.000e+00
     -0.003    12.2351   0.000153     0.0066         42     0.1708  0.000e+00
     -0.006    12.2346   0.000159     0.0066         43     0.1750  0.000e+00
     -0.005    12.2349   0.000159     0.0066         44     0.1792  0.000e+00
     -0.010    12.2353   0.000159     0.0066         45     0.1833  0.000e+00
     -0.004    12.2350   0.000159     0.0066         46     0.1875  0.000e+00
     -0.008    12.2349   0.000159     0.0066         47     0.1917  0.000e+00
     -0.007    12.2349   0.000162     0.0066         48     0.1958  0.000e+00
     -0.004    12.2347   0.000147     0.0066         49     0.2000  0.000e+00
     -0.009    12.2345   0.000153     0.0066         50     0.2042  0.000e+00
     -0.011    12.2345   0.000153     0.0066         51     0.2083  0.000e+00
     -0.011    12.2343   0.000165     0.0066         52     0.2125  0.000e+00
     -0.017    12.2346   0.000159     0.0066         53     0.2167  0.000e+00
     -0.015    12.2342   0.000162     0.0066         54     0.2208  0.000e+00
     -0.016    12.2343   0.000165     0.0066         55     0.2250  0.000e+00
     -0.016    12.2339   0.000159     0.0066         56     0.2292  0.000e+00
     -0.012    12.2341   0.000162     0.0066         57     0.2333  0.000e+00
     -0.016    12.2335   0.000165     0.0066         58     0.2375  0.000e+00
     -0.018    12.2335   0.000159     0.0066         59     0.2417  0.000e+00
     -0.014    12.2339   0.000159     0.0066         60     0.2458  0.000e+00
     -0.006    12.2339   0.000162     0.0066         61     0.2500  0.000e+00
     -0.008    12.2336   0.000165     0.0066         62     0.2542  0.000e+00
     -0.011    12.2321   0.000153     0.0066         63     0.2583  0.000e+00
     -0.013    12.2306   0.000153     0.0066         64     0.2625  0.000e+00
     -0.008    12.2306   0.000165     0.0066         65     0.2667  0.000e+00
      0.129    12.2317   0.000153     0.0066         66     0.2708  0.000e+00
      0.395    12.2355   0.003772     0.0261         67     0.2750  0.000e+00
      0.599    12.2325   0.191434     1.3147         68     0.2792  0.000e+00
      0.829    12.0632   0.486432     3.5473         69     0.2833  0.000e+00
      1.022    11.6823   2.347775    19.5965         70     0.2875  0.000e+00
      1.191    11.3738   3.166225    27.4567         71     0.2917  0.000e+00
      1.313    11.1866   2.516232    21.4273         72     0.2958  0.000e+00
      1.415    11.0532   2.215284    18.7042         73     0.3000  0.000e+00
      1.524    10.9594   1.941004    16.2318         74     0.3042  0.000e+00
      1.643    10.8608   1.670357    13.8208         75     0.3083  0.000e+00
      1.737    10.7690   0.719939     5.5857         76     0.3125  0.000e+00
      1.780    10.7151   2.061120    17.4462         77     0.3167  0.000e+00
      1.783    10.7054   3.171109    28.0075         78     0.3208  0.000e+00
      1.796    10.7281   3.561631    31.8347         79     0.3250  0.000e+00
      1.840    10.7473   3.580110    32.0015         80     0.3292  0.000e+00
      1.930    10.7678   3.592741    32.1089         81     0.3333  0.000e+00
      2.102    10.8184   3.609905    32.2347         82     0.3375  0.000e+00
      2.322    10.8975   3.620169    32.2668         83     0.3417  0.000e+00
      2.560    10.9590   3.603016    32.0430         84     0.3458  0.000e+00
      2.818    11.0067   3.581227    31.7863         85     0.3500  0.000e+00
      3.083    11.0566   3.572124    31.6534         86     0.3542  0.000e+00
      3.371    11.0508   3.549103    31.4317         87     0.3583  0.000e+00
      3.635    10.9704   3.521174    31.2253         88     0.3625  0.000e+00
      3.861    10.8604   3.509387    31.2027         89     0.3667  0.000e+00
      4.085    10.7532   3.505614    31.2567         90     0.3708  0.000e+00
      4.314    10.6728   3.504030    31.3097         91     0.3750  0.000e+00
      4.536    10.6173   3.503282    31.3498         92     0.3792  0.000e+00
      4.750    10.5797   3.502193    31.3713         93     0.3833  0.000e+00
      4.945    10.5515   3.498923    31.3629         94     0.3875  0.000e+00
      5.107    10.5308   3.513642    31.5272         95     0.3917  0.000e+00
      5.316    10.5174   3.509994    31.5024         96     0.3958  0.000e+00
      5.481    10.5096   3.500736    31.4168         97     0.4000  0.000e+00
      5.593    10.5029   3.496256    31.3779         98     0.4042  0.000e+00
      5.615    10.4951   3.494458    31.3667         99     0.4083  0.000e+00
      5.611    10.4870   3.501427    31.4432        100     0.4125  0.000e+00
      5.662    10.4809   3.517001    31.6037        101     0.4167  0.000e+00
      5.754    10.4778   3.518138    31.6177        102     0.4208  0.000e+00
      5.889    10.4910   3.519167    31.6165        103     0.4250  0.000e+00
      6.053    10.5317   3.520894    31.5983        104     0.4292  0.000e+00
      6.221    10.5709   3.521497    31.5703        105     0.4333  0.000e+00
      6.398    10.6020   3.518549    31.5140        106     0.4375  0.000e+00
      6.590    10.6270   3.515343    31.4605        107     0.4417  0.000e+00
      6.808    10.6417   3.514333    31.4377        108     0.4458  0.000e+00
      7.041    10.6326   3.511332    31.4156        109     0.4500  0.000e+00
      7.277    10.6106   3.506067    31.3821        110     0.4542  0.000e+00
      7.518    10.5829   3.501319    31.3586        111     0.4583  0.000e+00
      7.754    10.5539   3.499329    31.3637        112     0.4625  0.000e+00
      7.976    10.5265   3.496466    31.3587        113     0.4667  0.000e+00
      8.162    10.5043   3.495358    31.3667        114     0.4708  0.000e+00
      8.312    10.4854   3.493648    31.3658        115     0.4750  0.000e+00
      8.453    10.4677   3.492578    31.3703        116     0.4792  0.000e+00
      8.578    10.4530   3.492388    31.3810        117     0.4833  0.000e+00
      8.709    10.4417   3.492616    31.3930        118     0.4875  0.000e+00
      8.848    10.4311   3.492705    31.4030        119     0.4917  0.000e+00
      8.990    10.4203   3.492731    31.4125        120     0.4958  0.000e+00
      9.142    10.4101   3.493244    31.4264        121     0.5000  0.000e+00
      9.299    10.4005   3.493067    31.4329        122     0.5042  0.000e+00
      9.472    10.3918   3.492155    31.4312        123     0.5083  0.000e+00
      9.658    10.3832   3.491047    31.4275        124     0.5125  0.000e+00
      9.851    10.3749   3.490130    31.4254        125     0.5167  0.000e+00
     10.048    10.3668   3.489769    31.4287        126     0.5208  0.000e+00
     10.253    10.3543   3.488725    31.4289        127     0.5250  0.000e+00
     10.467    10.3357   3.486403    31.4217        128     0.5292  0.000e+00
     10.674    10.3156   3.484125    31.4163        129     0.5333  0.000e+00
     10.889    10.2916   3.482620    31.4219        130     0.5375  0.000e+00
     11.104    10.2613   3.481147    31.4332        131     0.5417  0.000e+00
     11.308    10.2258   3.478941    31.4418        132     0.5458  0.000e+00
     11.510    10.1754   3.475711    31.4530        133     0.5500  0.000e+00
     11.697    10.1102   3.471586    31.4680        134     0.5542  0.000e+00
     11.864    10.0392   3.467242    31.4860        135     0.5583  0.000e+00
     12.010     9.9650   3.462042    31.4981        136     0.5625  0.000e+00
     12.123     9.8829   3.456082    31.5095        137     0.5667  0.000e+00
     12.210     9.8056   3.454494    31.5609        138     0.5708  0.000e+00
     12.301     9.7418   3.455907    31.6312        139     0.5750  0.000e+00
     12.393     9.6900   3.464160    31.7608        140     0.5792  0.000e+00
     12.496     9.6569   3.484981    32.0022        141     0.5833  0.000e+00
     12.621     9.6351   3.493697    32.1105        142     0.5875  0.000e+00
     12.756     9.6219   3.501414    32.2010        143     0.5917  0.000e+00
     12.902     9.6189   3.503322    32.2231        144     0.5958  0.000e+00
     13.058     9.6262   3.498359    32.1658        145     0.6000  0.000e+00
     13.234     9.6376   3.489348    32.0636        146     0.6042  0.000e+00
     13.414     9.6544   3.477292    31.9256        147     0.6083  0.000e+00
     13.604     9.6651   3.467096    31.8121        148     0.6125  0.000e+00
     13.808     9.6197   3.459309    31.7729        149     0.6167  0.000e+00
     14.023     9.5344   3.447578    31.7285        150     0.6208  0.000e+00
     14.245     9.4232   3.431945    31.6669        151     0.6250  0.000e+00
     14.477     9.2848   3.416736    31.6333        152     0.6292  0.000e+00
     14.708     9.1224   3.402206    31.6275        153     0.6333  0.000e+00
     14.933     8.9589   3.390590    31.6528        154     0.6375  0.000e+00
     15.147     8.8152   3.385086    31.7239        155     0.6417  0.000e+00
     15.353     8.6951   3.380436    31.7830        156     0.6458  0.000e+00
     15.547     8.5920   3.373876    31.8071        157     0.6500  0.000e+00
     15.731     8.4853   3.365430    31.8148        158     0.6542  0.000e+00
     15.899     8.3735   3.356980    31.8270        159     0.6583  0.000e+00
     16.046     8.2642   3.349647    31.8486        160     0.6625  0.000e+00
     16.185     8.1574   3.343341    31.8788        161     0.6667  0.000e+00
     16.320     8.0506   3.339577    31.9362        162     0.6708  0.000e+00
     16.452     7.9590   3.337930    32.0023        163     0.6750  0.000e+00
     16.585     7.8845   3.338366    32.0752        164     0.6792  0.000e+00
     16.735     7.8230   3.341359    32.1636        165     0.6833  0.000e+00
     16.888     7.7796   3.345312    32.2459        166     0.6875  0.000e+00
     17.054     7.7413   3.348569    32.3161        167     0.6917  0.000e+00
     17.222     7.6954   3.340508    32.2723        168     0.6958  0.000e+00
     17.405     7.6488   3.324192    32.1405        169     0.7000  0.000e+00
     17.598     7.5830   3.312370    32.0743        170     0.7042  0.000e+00
     17.802     7.5053   3.303037    32.0457        171     0.7083  0.000e+00
     18.018     7.4182   3.293769    32.0262        172     0.7125  0.000e+00
     18.233     7.3208   3.285124    32.0229        173     0.7167  0.000e+00
     18.455     7.2314   3.279477    32.0446        174     0.7208  0.000e+00
     18.677     7.1383   3.272575    32.0560        175     0.7250  0.000e+00
     18.894     7.0509   3.265900    32.0647        176     0.7292  0.000e+00
     19.103     6.9737   3.260808    32.0810        177     0.7333  0.000e+00
     19.302     6.9074   3.256877    32.0999        178     0.7375  0.000e+00
     19.486     6.8499   3.254272    32.1250        179     0.7417  0.000e+00
     19.669     6.7958   3.250713    32.1367        180     0.7458  0.000e+00
     19.837     6.7448   3.247310    32.1471        181     0.7500  0.000e+00
     20.001     6.7018   3.245348    32.1658        182     0.7542  0.000e+00
     20.167     6.6561   3.244278    32.1969        183     0.7583  0.000e+00
     20.334     6.6138   3.244832    32.2428        184     0.7625  0.000e+00
     20.511     6.5791   3.246506    32.2939        185     0.7667  0.000e+00
     20.695     6.5481   3.248463    32.3448        186     0.7708  0.000e+00
     20.882     6.5208   3.248981    32.3762        187     0.7750  0.000e+00
     21.074     6.4992   3.249270    32.3998        188     0.7792  0.000e+00
     21.275     6.4809   3.243290    32.3510        189     0.7833  0.000e+00
     21.465     6.4674   3.234566    32.2673        190     0.7875  0.000e+00
     21.661     6.4501   3.228553    32.2170        191     0.7917  0.000e+00
     21.861     6.4126   3.222017    32.1801        192     0.7958  0.000e+00
     22.060     6.3581   3.215560    32.1599        193     0.8000  0.000e+00
     22.241     6.3039   3.211136    32.1620        194     0.8042  0.000e+00
     22.418     6.2543   3.209163    32.1869        195     0.8083  0.000e+00
     22.586     6.2129   3.207982    32.2129        196     0.8125  0.000e+00
     22.744     6.1827   3.208736    32.2499        197     0.8167  0.000e+00
     22.900     6.1606   3.211260    32.2989        198     0.8208  0.000e+00
     23.060     6.1447   3.218273    32.3922        199     0.8250  0.000e+00
     23.241     6.1351   3.231591    32.5498        200     0.8292  0.000e+00
     23.429     6.1316   3.230565    32.5416        201     0.8333  0.000e+00
     23.620     6.1316   3.229804    32.5331        202     0.8375  0.000e+00
     23.815     6.1281   3.212198    32.3399        203     0.8417  0.000e+00
     24.013     6.1199   3.204487    32.2616        204     0.8458  0.000e+00
     24.208     6.1098   3.200973    32.2320        205     0.8500  0.000e+00
     24.396     6.0990   3.199346    32.2240        206     0.8542  0.000e+00
     24.578     6.0879   3.198049    32.2199        207     0.8583  0.000e+00
     24.753     6.0768   3.196508    32.2132        208     0.8625  0.000e+00
     24.921     6.0670   3.196202    32.2191        209     0.8667  0.000e+00
     25.073     6.0590   3.196551    32.2304        210     0.8708  0.000e+00
     25.219     6.0532   3.198355    32.2561        211     0.8750  0.000e+00
     25.369     6.0495   3.202657    32.3076        212     0.8792  0.000e+00
     25.520     6.0479   3.210943    32.4016        213     0.8833  0.000e+00
     25.686     6.0485   3.215650    32.4536        214     0.8875  0.000e+00
     25.865     6.0516   3.215485    32.4487        215     0.8917  0.000e+00
