HB2403/sbe016.cnv
* Sea-Bird SBE 19plus V2 Data File:
* FileName = C:\cruise\data\sbe016.hex
* Software Version Seasave V 7.26.7.121
* Temperature SN = 6128
* Conductivity SN = 6128
* System UpLoad Time = May 27 2024 04:07:28
* NMEA Latitude = 39 37.02 N
* NMEA Longitude = 073 12.52 W
* NMEA UTC (Time) = May 27 2024  04:07:52
** Ship: Henry Bigelow
** Cruise:  HB2403
** Program:  ECOMON
# nquan = 7
# nvalues = 1609                                  
# units = specified
# name 0 = depSM: Depth [salt water, m]
# name 1 = tv290C: Temperature [ITS-90, deg C]
# name 2 = c0S/m: Conductivity [S/m]
# name 3 = sal00: Salinity, Practical [PSU]
# name 4 = scan: Scan Count
# name 5 = timeM: Time, Elapsed [minutes]
# name 6 = flag:  0.000e+00
# span 0 =     -0.011,     36.136                 
# span 1 =     7.5648,    16.8047                 
# span 2 =   0.000022,   3.954361                 
# span 3 =     0.0086,    32.2746                 
# span 4 =         11,       1619                 
# span 5 =     0.0417,     6.7417                 
# span 6 = 0.0000e+00, 0.0000e+00                 
# interval = seconds: 0.25
# start_time = May 27 2024 04:07:52 [NMEA time, header]
# bad_flag = -9.990e-29
*END*
      0.031    16.7764   0.000022     0.0086         11     0.0417  0.000e+00
      0.024    16.7766   0.000040     0.0086         12     0.0458  0.000e+00
      0.026    16.7766   0.000034     0.0086         13     0.0500  0.000e+00
      0.028    16.7766   0.000034     0.0086         14     0.0542  0.000e+00
      0.025    16.7770   0.000040     0.0086         15     0.0583  0.000e+00
      0.020    16.7773   0.000046     0.0086         16     0.0625  0.000e+00
      0.022    16.7775   0.000043     0.0086         17     0.0667  0.000e+00
      0.024    16.7770   0.000040     0.0086         18     0.0708  0.000e+00
      0.023    16.7774   0.000040     0.0086         19     0.0750  0.000e+00
      0.021    16.7777   0.000040     0.0086         20     0.0792  0.000e+00
      0.019    16.7776   0.000043     0.0086         21     0.0833  0.000e+00
      0.020    16.7777   0.000046     0.0086         22     0.0875  0.000e+00
      0.019    16.7779   0.000040     0.0086         23     0.0917  0.000e+00
      0.021    16.7776   0.000043     0.0086         24     0.0958  0.000e+00
      0.020    16.7780   0.000046     0.0086         25     0.1000  0.000e+00
      0.022    16.7783   0.000040     0.0086         26     0.1042  0.000e+00
      0.015    16.7778   0.000037     0.0086         27     0.1083  0.000e+00
      0.009    16.7790   0.000040     0.0086         28     0.1125  0.000e+00
      0.011    16.7786   0.000040     0.0086         29     0.1167  0.000e+00
      0.017    16.7786   0.000034     0.0086         30     0.1208  0.000e+00
      0.013    16.7785   0.000046     0.0086         31     0.1250  0.000e+00
      0.017    16.7790   0.000040     0.0086         32     0.1292  0.000e+00
      0.014    16.7790   0.000040     0.0086         33     0.1333  0.000e+00
      0.014    16.7792   0.000043     0.0086         34     0.1375  0.000e+00
      0.014    16.7789   0.000046     0.0086         35     0.1417  0.000e+00
      0.013    16.7793   0.000040     0.0086         36     0.1458  0.000e+00
      0.009    16.7793   0.000043     0.0086         37     0.1500  0.000e+00
      0.011    16.7793   0.000046     0.0086         38     0.1542  0.000e+00
      0.011    16.7793   0.000040     0.0086         39     0.1583  0.000e+00
      0.011    16.7794   0.000037     0.0086         40     0.1625  0.000e+00
      0.011    16.7798   0.000052     0.0086         41     0.1667  0.000e+00
      0.008    16.7800   0.000040     0.0086         42     0.1708  0.000e+00
      0.013    16.7802   0.000043     0.0086         43     0.1750  0.000e+00
      0.008    16.7799   0.000046     0.0086         44     0.1792  0.000e+00
      0.010    16.7797   0.000046     0.0086         45     0.1833  0.000e+00
      0.010    16.7799   0.000040     0.0086         46     0.1875  0.000e+00
      0.006    16.7807   0.000037     0.0086         47     0.1917  0.000e+00
      0.011    16.7803   0.000040     0.0086         48     0.1958  0.000e+00
      0.011    16.7807   0.000040     0.0086         49     0.2000  0.000e+00
      0.011    16.7804   0.000043     0.0086         50     0.2042  0.000e+00
      0.013    16.7811   0.000040     0.0086         51     0.2083  0.000e+00
      0.013    16.7808   0.000040     0.0086         52     0.2125  0.000e+00
      0.011    16.7810   0.000049     0.0086         53     0.2167  0.000e+00
      0.006    16.7814   0.000046     0.0086         54     0.2208  0.000e+00
      0.008    16.7813   0.000046     0.0086         55     0.2250  0.000e+00
      0.009    16.7813   0.000037     0.0086         56     0.2292  0.000e+00
      0.006    16.7817   0.000052     0.0086         57     0.2333  0.000e+00
      0.006    16.7817   0.000046     0.0086         58     0.2375  0.000e+00
      0.007    16.7817   0.000046     0.0086         59     0.2417  0.000e+00
      0.006    16.7821   0.000043     0.0086         60     0.2458  0.000e+00
      0.009    16.7821   0.000046     0.0086         61     0.2500  0.000e+00
      0.008    16.7821   0.000040     0.0086         62     0.2542  0.000e+00
      0.004    16.7822   0.000043     0.0086         63     0.2583  0.000e+00
      0.004    16.7821   0.000052     0.0086         64     0.2625  0.000e+00
      0.006    16.7821   0.000040     0.0086         65     0.2667  0.000e+00
      0.008    16.7827   0.000043     0.0086         66     0.2708  0.000e+00
      0.005    16.7829   0.000046     0.0086         67     0.2750  0.000e+00
      0.001    16.7826   0.000040     0.0086         68     0.2792  0.000e+00
      0.008    16.7824   0.000037     0.0086         69     0.2833  0.000e+00
      0.004    16.7830   0.000052     0.0086         70     0.2875  0.000e+00
      0.005    16.7831   0.000046     0.0086         71     0.2917  0.000e+00
      0.006    16.7825   0.000040     0.0086         72     0.2958  0.000e+00
      0.008    16.7828   0.000049     0.0086         73     0.3000  0.000e+00
      0.006    16.7835   0.000046     0.0086         74     0.3042  0.000e+00
      0.008    16.7840   0.000046     0.0086         75     0.3083  0.000e+00
      0.004    16.7839   0.000049     0.0086         76     0.3125  0.000e+00
      0.002    16.7840   0.000046     0.0086         77     0.3167  0.000e+00
      0.001    16.7841   0.000040     0.0086         78     0.3208  0.000e+00
      0.004    16.7839   0.000049     0.0086         79     0.3250  0.000e+00
      0.001    16.7842   0.000052     0.0086         80     0.3292  0.000e+00
      0.004    16.7848   0.000046     0.0086         81     0.3333  0.000e+00
      0.000    16.7843   0.000043     0.0086         82     0.3375  0.000e+00
      0.002    16.7848   0.000046     0.0086         83     0.3417  0.000e+00
      0.004    16.7846   0.000040     0.0086         84     0.3458  0.000e+00
     -0.001    16.7849   0.000046     0.0086         85     0.3500  0.000e+00
      0.002    16.7853   0.000052     0.0086         86     0.3542  0.000e+00
     -0.001    16.7855   0.000040     0.0086         87     0.3583  0.000e+00
      0.002    16.7852   0.000034     0.0086         88     0.3625  0.000e+00
      0.002    16.7859   0.000043     0.0086         89     0.3667  0.000e+00
      0.001    16.7855   0.000040     0.0086         90     0.3708  0.000e+00
      0.002    16.7859   0.000040     0.0086         91     0.3750  0.000e+00
      0.003    16.7857   0.000043     0.0086         92     0.3792  0.000e+00
      0.006    16.7857   0.000052     0.0086         93     0.3833  0.000e+00
      0.001    16.7862   0.000040     0.0086         94     0.3875  0.000e+00
      0.003    16.7860   0.000043     0.0086         95     0.3917  0.000e+00
      0.002    16.7866   0.000046     0.0086         96     0.3958  0.000e+00
      0.002    16.7866   0.000034     0.0086         97     0.4000  0.000e+00
     -0.005    16.7866   0.000046     0.0086         98     0.4042  0.000e+00
      0.003    16.7872   0.000052     0.0086         99     0.4083  0.000e+00
      0.003    16.7868   0.000046     0.0086        100     0.4125  0.000e+00
     -0.004    16.7873   0.000040     0.0086        101     0.4167  0.000e+00
     -0.001    16.7873   0.000043     0.0086        102     0.4208  0.000e+00
      0.003    16.7875   0.000046     0.0086        103     0.4250  0.000e+00
     -0.003    16.7877   0.000046     0.0086        104     0.4292  0.000e+00
      0.001    16.7879   0.000043     0.0086        105     0.4333  0.000e+00
     -0.001    16.7879   0.000046     0.0086        106     0.4375  0.000e+00
      0.001    16.7879   0.000046     0.0086        107     0.4417  0.000e+00
     -0.001    16.7885   0.000049     0.0086        108     0.4458  0.000e+00
     -0.003    16.7885   0.000046     0.0086        109     0.4500  0.000e+00
     -0.009    16.7886   0.000046     0.0086        110     0.4542  0.000e+00
     -0.003    16.7890   0.000040     0.0086        111     0.4583  0.000e+00
     -0.003    16.7886   0.000049     0.0086        112     0.4625  0.000e+00
      0.002    16.7890   0.000040     0.0086        113     0.4667  0.000e+00
     -0.003    16.7889   0.000040     0.0086        114     0.4708  0.000e+00
     -0.001    16.7893   0.000043     0.0086        115     0.4750  0.000e+00
     -0.003    16.7897   0.000040     0.0086        116     0.4792  0.000e+00
     -0.005    16.7895   0.000046     0.0086        117     0.4833  0.000e+00
     -0.001    16.7898   0.000037     0.0086        118     0.4875  0.000e+00
     -0.003    16.7897   0.000046     0.0086        119     0.4917  0.000e+00
     -0.007    16.7901   0.000040     0.0086        120     0.4958  0.000e+00
     -0.003    16.7905   0.000043     0.0086        121     0.5000  0.000e+00
     -0.001    16.7903   0.000046     0.0086        122     0.5042  0.000e+00
     -0.001    16.7907   0.000040     0.0086        123     0.5083  0.000e+00
     -0.001    16.7905   0.000046     0.0086        124     0.5125  0.000e+00
     -0.005    16.7909   0.000043     0.0086        125     0.5167  0.000e+00
     -0.005    16.7911   0.000040     0.0086        126     0.5208  0.000e+00
     -0.005    16.7911   0.000046     0.0086        127     0.5250  0.000e+00
     -0.010    16.7913   0.000037     0.0086        128     0.5292  0.000e+00
     -0.005    16.7914   0.000040     0.0086        129     0.5333  0.000e+00
     -0.005    16.7913   0.000040     0.0086        130     0.5375  0.000e+00
     -0.005    16.7920   0.000043     0.0086        131     0.5417  0.000e+00
     -0.003    16.7917   0.000046     0.0086        132     0.5458  0.000e+00
     -0.005    16.7924   0.000040     0.0086        133     0.5500  0.000e+00
     -0.005    16.7924   0.000043     0.0086        134     0.5542  0.000e+00
     -0.005    16.7925   0.000040     0.0086        135     0.5583  0.000e+00
     -0.008    16.7928   0.000040     0.0086        136     0.5625  0.000e+00
     -0.007    16.7925   0.000046     0.0086        137     0.5667  0.000e+00
     -0.009    16.7928   0.000043     0.0086        138     0.5708  0.000e+00
     -0.008    16.7934   0.000040     0.0086        139     0.5750  0.000e+00
     -0.005    16.7933   0.000034     0.0086        140     0.5792  0.000e+00
     -0.007    16.7933   0.000049     0.0086        141     0.5833  0.000e+00
     -0.007    16.7938   0.000046     0.0086        142     0.5875  0.000e+00
     -0.007    16.7938   0.000034     0.0086        143     0.5917  0.000e+00
     -0.005    16.7939   0.000043     0.0086        144     0.5958  0.000e+00
     -0.007    16.7938   0.000046     0.0086        145     0.6000  0.000e+00
     -0.005    16.7945   0.000034     0.0086        146     0.6042  0.000e+00
     -0.009    16.7945   0.000049     0.0086        147     0.6083  0.000e+00
     -0.011    16.7944   0.000040     0.0086        148     0.6125  0.000e+00
     -0.007    16.7946   0.000040     0.0086        149     0.6167  0.000e+00
     -0.005    16.7949   0.000046     0.0086        150     0.6208  0.000e+00
     -0.011    16.7949   0.000037     0.0086        151     0.6250  0.000e+00
     -0.007    16.7957   0.000040     0.0086        152     0.6292  0.000e+00
     -0.007    16.7959   0.000040     0.0086        153     0.6333  0.000e+00
     -0.005    16.7956   0.000049     0.0086        154     0.6375  0.000e+00
     -0.009    16.7960   0.000040     0.0086        155     0.6417  0.000e+00
     -0.011    16.7960   0.000046     0.0086        156     0.6458  0.000e+00
     -0.009    16.7960   0.000043     0.0086        157     0.6500  0.000e+00
     -0.007    16.7965   0.000040     0.0086        158     0.6542  0.000e+00
     -0.005    16.7963   0.000034     0.0086        159     0.6583  0.000e+00
     -0.007    16.7966   0.000037     0.0086        160     0.6625  0.000e+00
     -0.005    16.7969   0.000034     0.0086        161     0.6667  0.000e+00
     -0.005    16.7973   0.000040     0.0086        162     0.6708  0.000e+00
     -0.007    16.7970   0.000052     0.0086        163     0.6750  0.000e+00
     -0.003    16.7976   0.000043     0.0086        164     0.6792  0.000e+00
     -0.007    16.7972   0.000046     0.0086        165     0.6833  0.000e+00
     -0.005    16.7979   0.000046     0.0086        166     0.6875  0.000e+00
     -0.005    16.7980   0.000049     0.0086        167     0.6917  0.000e+00
     -0.003    16.7981   0.000040     0.0086        168     0.6958  0.000e+00
     -0.003    16.7983   0.000046     0.0086        169     0.7000  0.000e+00
     -0.007    16.7984   0.000043     0.0086        170     0.7042  0.000e+00
     -0.007    16.7989   0.000040     0.0086        171     0.7083  0.000e+00
     -0.005    16.7993   0.000034     0.0086        172     0.7125  0.000e+00
     -0.005    16.7987   0.000043     0.0086        173     0.7167  0.000e+00
     -0.010    16.7997   0.000040     0.0086        174     0.7208  0.000e+00
     -0.006    16.7998   0.000040     0.0086        175     0.7250  0.000e+00
      0.001    16.8001   0.000046     0.0086        176     0.7292  0.000e+00
     -0.005    16.8004   0.000043     0.0086        177     0.7333  0.000e+00
     -0.008    16.8004   0.000046     0.0086        178     0.7375  0.000e+00
      0.001    16.8013   0.000046     0.0086        179     0.7417  0.000e+00
      0.107    16.8027   0.000049     0.0086        180     0.7458  0.000e+00
      0.181    16.8047   0.746715     4.9694        181     0.7500  0.000e+00
      0.234    16.7995   1.466564    10.2889        182     0.7542  0.000e+00
      0.320    16.7614   2.232880    16.2735        183     0.7583  0.000e+00
      0.476    16.7600   2.574482    19.0194        184     0.7625  0.000e+00
      0.642    16.7635   2.968298    22.2389        185     0.7667  0.000e+00
      0.799    16.7489   2.531840    18.6793        186     0.7708  0.000e+00
      0.939    16.7168   3.377718    25.6781        187     0.7750  0.000e+00
      1.078    16.6778   3.947254    30.5551        188     0.7792  0.000e+00
      1.232    16.6411   3.938008    30.5033        189     0.7833  0.000e+00
      1.376    16.6089   3.939889    30.5440        190     0.7875  0.000e+00
      1.522    16.5830   3.954361    30.6888        191     0.7917  0.000e+00
      1.687    16.5573   3.942375    30.6048        192     0.7958  0.000e+00
      1.860    16.5319   3.938461    30.5903        193     0.8000  0.000e+00
      2.031    16.5102   3.936170    30.5870        194     0.8042  0.000e+00
      2.194    16.4931   3.934376    30.5844        195     0.8083  0.000e+00
      2.324    16.4790   3.937897    30.6257        196     0.8125  0.000e+00
      2.436    16.4664   3.948760    30.7295        197     0.8167  0.000e+00
      2.524    16.4546   3.951747    30.7644        198     0.8208  0.000e+00
      2.620    16.4452   3.939446    30.6649        199     0.8250  0.000e+00
      2.719    16.4385   3.929132    30.5806        200     0.8292  0.000e+00
      2.839    16.4315   3.923365    30.5360        201     0.8333  0.000e+00
      2.958    16.4265   3.921289    30.5218        202     0.8375  0.000e+00
      3.086    16.4184   3.917496    30.4951        203     0.8417  0.000e+00
      3.216    16.4040   3.913890    30.4748        204     0.8458  0.000e+00
      3.349    16.3855   3.886550    30.2519        205     0.8500  0.000e+00
      3.487    16.3683   3.897772    30.3621        206     0.8542  0.000e+00
      3.622    16.3554   3.905484    30.4388        207     0.8583  0.000e+00
      3.757    16.3459   3.904253    30.4353        208     0.8625  0.000e+00
      3.891    16.3338   3.903074    30.4343        209     0.8667  0.000e+00
      4.021    16.3165   3.900897    30.4285        210     0.8708  0.000e+00
      4.153    16.2988   3.900639    30.4397        211     0.8750  0.000e+00
      4.270    16.2846   3.899335    30.4392        212     0.8792  0.000e+00
      4.395    16.2730   3.897357    30.4308        213     0.8833  0.000e+00
      4.519    16.2630   3.894698    30.4153        214     0.8875  0.000e+00
      4.638    16.2530   3.891874    30.3983        215     0.8917  0.000e+00
