HB2403/sbe049.cnv
* Sea-Bird SBE 19plus V2 Data File:
* FileName = C:\cruise\data\sbe049.hex
* Software Version Seasave V 7.26.7.121
* Temperature SN = 6128
* Conductivity SN = 6128
* System UpLoad Time = Jun 06 2024 00:10:42
* NMEA Latitude = 39 30.87 N
* NMEA Longitude = 072 38.25 W
* NMEA UTC (Time) = Jun 06 2024  00:11:15
** Ship: Henry Bigelow
** Cruise:  HB2403
** Program:  ECOMON
# nquan = 7
# nvalues = 1598                                  
# units = specified
# name 0 = depSM: Depth [salt water, m]
# name 1 = tv290C: Temperature [ITS-90, deg C]
# name 2 = c0S/m: Conductivity [S/m]
# name 3 = sal00: Salinity, Practical [PSU]
# name 4 = scan: Scan Count
# name 5 = timeM: Time, Elapsed [minutes]
# name 6 = flag:  0.000e+00
# span 0 =     -0.219,     77.732                 
# span 1 =     7.0928,    18.7776                 
# span 2 =   0.000043,   4.170505                 
# span 3 =     0.0094,    33.0310                 
# span 4 =         11,       1608                 
# span 5 =     0.0417,     6.6958                 
# span 6 = 0.0000e+00, 0.0000e+00                 
# interval = seconds: 0.25
# start_time = Jun 06 2024 00:11:15 [NMEA time, header]
# bad_flag = -9.990e-29
*END*
[from data line 616]
     70.895     8.2606   3.463097    33.0257        627     2.6083  0.000e+00
     70.823     8.2606   3.462378    33.0180        628     2.6125  0.000e+00
     70.764     8.2608   3.463116    33.0258        629     2.6167  0.000e+00
     70.695     8.2609   3.463097    33.0254        630     2.6208  0.000e+00
     70.625     8.2609   3.463053    33.0250        631     2.6250  0.000e+00
     70.554     8.2608   3.462990    33.0245        632     2.6292  0.000e+00
     70.489     8.2608   3.462945    33.0241        633     2.6333  0.000e+00
     70.419     8.2605   3.462939    33.0243        634     2.6375  0.000e+00
     70.350     8.2605   3.462800    33.0228        635     2.6417  0.000e+00
     70.274     8.2606   3.462800    33.0228        636     2.6458  0.000e+00
     70.189     8.2604   3.462762    33.0226        637     2.6500  0.000e+00
     70.111     8.2602   3.462674    33.0219        638     2.6542  0.000e+00
     70.027     8.2602   3.462655    33.0217        639     2.6583  0.000e+00
     69.938     8.2603   3.462655    33.0217        640     2.6625  0.000e+00
     69.861     8.2602   3.462630    33.0216        641     2.6667  0.000e+00
     69.771     8.2602   3.462630    33.0216        642     2.6708  0.000e+00
     69.682     8.2602   3.462567    33.0209        643     2.6750  0.000e+00
     69.597     8.2601   3.462604    33.0215        644     2.6792  0.000e+00
     69.508     8.2602   3.462548    33.0209        645     2.6833  0.000e+00
     69.430     8.2601   3.462566    33.0212        646     2.6875  0.000e+00
     69.353     8.2600   3.462497    33.0206        647     2.6917  0.000e+00
     69.273     8.2599   3.462503    33.0207        648     2.6958  0.000e+00
     69.199     8.2598   3.462503    33.0209        649     2.7000  0.000e+00
     69.119     8.2596   3.462428    33.0203        650     2.7042  0.000e+00
     69.043     8.2595   3.462421    33.0204        651     2.7083  0.000e+00
     68.962     8.2592   3.462396    33.0204        652     2.7125  0.000e+00
     68.882     8.2592   3.462396    33.0205        653     2.7167  0.000e+00
     68.795     8.2588   3.462383    33.0207        654     2.7208  0.000e+00
     68.709     8.2589   3.462377    33.0206        655     2.7250  0.000e+00
     68.628     8.2587   3.462358    33.0207        656     2.7292  0.000e+00
     68.541     8.2587   3.462339    33.0205        657     2.7333  0.000e+00
     68.456     8.2586   3.462333    33.0205        658     2.7375  0.000e+00
     68.368     8.2586   3.462251    33.0198        659     2.7417  0.000e+00
     68.279     8.2583   3.462251    33.0200        660     2.7458  0.000e+00
     68.188     8.2580   3.462206    33.0199        661     2.7500  0.000e+00
     68.107     8.2577   3.462124    33.0193        662     2.7542  0.000e+00
     68.026     8.2574   3.462093    33.0194        663     2.7583  0.000e+00
     67.946     8.2571   3.462017    33.0189        664     2.7625  0.000e+00
     67.865     8.2565   3.461847    33.0177        665     2.7667  0.000e+00
     67.789     8.2558   3.461783    33.0177        666     2.7708  0.000e+00
     67.725     8.2549   3.461720    33.0179        667     2.7750  0.000e+00
     67.661     8.2544   3.461575    33.0169        668     2.7792  0.000e+00
     67.600     8.2539   3.461638    33.0181        669     2.7833  0.000e+00
     67.547     8.2535   3.461405    33.0160        670     2.7875  0.000e+00
     67.498     8.2528   3.461449    33.0171        671     2.7917  0.000e+00
     67.447     8.2523   3.461361    33.0166        672     2.7958  0.000e+00
     67.404     8.2518   3.461298    33.0164        673     2.8000  0.000e+00
     67.364     8.2514   3.461216    33.0160        674     2.8042  0.000e+00
     67.311     8.2508   3.461216    33.0166        675     2.8083  0.000e+00
     67.261     8.2504   3.461316    33.0180        676     2.8125  0.000e+00
     67.200     8.2504   3.461197    33.0169        677     2.8167  0.000e+00
     67.136     8.2501   3.461026    33.0153        678     2.8208  0.000e+00
     67.056     8.2495   3.461108    33.0168        679     2.8250  0.000e+00
     66.972     8.2492   3.461140    33.0175        680     2.8292  0.000e+00
     66.877     8.2492   3.461424    33.0205        681     2.8333  0.000e+00
     66.778     8.2498   3.461468    33.0205        682     2.8375  0.000e+00
     66.670     8.2505   3.461360    33.0187        683     2.8417  0.000e+00
     66.563     8.2505   3.461323    33.0183        684     2.8458  0.000e+00
     66.442     8.2506   3.461259    33.0177        685     2.8500  0.000e+00
     66.338     8.2504   3.460849    33.0136        686     2.8542  0.000e+00
     66.213     8.2493   3.459947    33.0051        687     2.8583  0.000e+00
     66.088     8.2468   3.459947    33.0075        688     2.8625  0.000e+00
     65.963     8.2448   3.459695    33.0068        689     2.8667  0.000e+00
     65.849     8.2432   3.459695    33.0083        690     2.8708  0.000e+00
     65.735     8.2422   3.459695    33.0093        691     2.8750  0.000e+00
     65.638     8.2415   3.459360    33.0065        692     2.8792  0.000e+00
     65.544     8.2407   3.459316    33.0067        693     2.8833  0.000e+00
     65.456     8.2402   3.459127    33.0053        694     2.8875  0.000e+00
     65.378     8.2394   3.459083    33.0056        695     2.8917  0.000e+00
     65.295     8.2389   3.458698    33.0020        696     2.8958  0.000e+00
     65.216     8.2381   3.458452    33.0002        697     2.9000  0.000e+00
     65.138     8.2372   3.458408    33.0006        698     2.9042  0.000e+00
     65.064     8.2364   3.458382    33.0012        699     2.9083  0.000e+00
     64.981     8.2360   3.457966    32.9972        700     2.9125  0.000e+00
     64.884     8.2351   3.457184    32.9897        701     2.9167  0.000e+00
     64.788     8.2335   3.457033    32.9897        702     2.9208  0.000e+00
     64.687     8.2317   3.456238    32.9830        703     2.9250  0.000e+00
     64.573     8.2295   3.455122    32.9733        704     2.9292  0.000e+00
     64.452     8.2265   3.454479    32.9693        705     2.9333  0.000e+00
     64.326     8.2230   3.454340    32.9712        706     2.9375  0.000e+00
     64.199     8.2205   3.454107    32.9712        707     2.9417  0.000e+00
     64.074     8.2188   3.453905    32.9707        708     2.9458  0.000e+00
     63.937     8.2174   3.453836    32.9713        709     2.9500  0.000e+00
     63.814     8.2166   3.453521    32.9688        710     2.9542  0.000e+00
     63.693     8.2156   3.453394    32.9685        711     2.9583  0.000e+00
     63.571     8.2146   3.453306    32.9685        712     2.9625  0.000e+00
     63.452     8.2141   3.453161    32.9675        713     2.9667  0.000e+00
     63.338     8.2136   3.453174    32.9681        714     2.9708  0.000e+00
     63.231     8.2135   3.453268    32.9693        715     2.9750  0.000e+00
     63.129     8.2137   3.453205    32.9685        716     2.9792  0.000e+00
     63.031     8.2143   3.453281    32.9688        717     2.9833  0.000e+00
     62.939     8.2145   3.453268    32.9685        718     2.9875  0.000e+00
     62.844     8.2147   3.453224    32.9679        719     2.9917  0.000e+00
     62.756     8.2149   3.453262    32.9681        720     2.9958  0.000e+00
     62.667     8.2153   3.453180    32.9669        721     3.0000  0.000e+00
     62.582     8.2154   3.453142    32.9664        722     3.0042  0.000e+00
     62.493     8.2155   3.453129    32.9663        723     3.0083  0.000e+00
     62.412     8.2156   3.452972    32.9646        724     3.0125  0.000e+00
     62.328     8.2157   3.452890    32.9636        725     3.0167  0.000e+00
     62.241     8.2154   3.452909    32.9641        726     3.0208  0.000e+00
     62.151     8.2155   3.452953    32.9646        727     3.0250  0.000e+00
     62.059     8.2154   3.452909    32.9642        728     3.0292  0.000e+00
     61.963     8.2154   3.452972    32.9650        729     3.0333  0.000e+00
     61.865     8.2153   3.452927    32.9647        730     3.0375  0.000e+00
     61.757     8.2155   3.453224    32.9676        731     3.0417  0.000e+00
     61.649     8.2155   3.452883    32.9641        732     3.0458  0.000e+00
     61.531     8.2154   3.452889    32.9643        733     3.0500  0.000e+00
     61.419     8.2153   3.452889    32.9645        734     3.0542  0.000e+00
     61.294     8.2151   3.452593    32.9615        735     3.0583  0.000e+00
     61.175     8.2146   3.452190    32.9578        736     3.0625  0.000e+00
     61.056     8.2136   3.452152    32.9584        737     3.0667  0.000e+00
     60.937     8.2127   3.452253    32.9603        738     3.0708  0.000e+00
     60.819     8.2125   3.452064    32.9586        739     3.0750  0.000e+00
     60.703     8.2120   3.451585    32.9541        740     3.0792  0.000e+00
     60.591     8.2108   3.451666    32.9560        741     3.0833  0.000e+00
     60.475     8.2099   3.451666    32.9569        742     3.0875  0.000e+00
     60.365     8.2094   3.451647    32.9573        743     3.0917  0.000e+00
     60.262     8.2090   3.450973    32.9506        744     3.0958  0.000e+00
     60.164     8.2073   3.450400    32.9461        745     3.1000  0.000e+00
     60.066     8.2046   3.449959    32.9440        746     3.1042  0.000e+00
     59.965     8.2017   3.450129    32.9486        747     3.1083  0.000e+00
     59.874     8.1999   3.450135    32.9504        748     3.1125  0.000e+00
     59.785     8.1990   3.448597    32.9349        749     3.1167  0.000e+00
     59.695     8.1949   3.447482    32.9271        750     3.1208  0.000e+00
     59.605     8.1880   3.447167    32.9302        751     3.1250  0.000e+00
     59.520     8.1823   3.446979    32.9336        752     3.1292  0.000e+00
     59.432     8.1789   3.446683    32.9337        753     3.1333  0.000e+00
     59.340     8.1757   3.446260    32.9323        754     3.1375  0.000e+00
     59.248     8.1726   3.446072    32.9332        755     3.1417  0.000e+00
     59.153     8.1701   3.446153    32.9365        756     3.1458  0.000e+00
     59.059     8.1682   3.444415    32.9199        757     3.1500  0.000e+00
     58.962     8.1629   3.442589    32.9055        758     3.1542  0.000e+00
     58.869     8.1537   3.441469    32.9023        759     3.1583  0.000e+00
     58.768     8.1447   3.441034    32.9062        760     3.1625  0.000e+00
     58.669     8.1371   3.440953    32.9124        761     3.1667  0.000e+00
     58.573     8.1329   3.440852    32.9154        762     3.1708  0.000e+00
     58.475     8.1309   3.440908    32.9179        763     3.1750  0.000e+00
     58.376     8.1303   3.441538    32.9252        764     3.1792  0.000e+00
     58.275     8.1323   3.442092    32.9293        765     3.1833  0.000e+00
     58.181     8.1359   3.441752    32.9223        766     3.1875  0.000e+00
     58.085     8.1377   3.441336    32.9163        767     3.1917  0.000e+00
     57.990     8.1368   3.441771    32.9217        768     3.1958  0.000e+00
     57.890     8.1377   3.442356    32.9271        769     3.2000  0.000e+00
     57.795     8.1409   3.442639    32.9272        770     3.2042  0.000e+00
     57.699     8.1443   3.442507    32.9226        771     3.2083  0.000e+00
     57.605     8.1476   3.442463    32.9191        772     3.2125  0.000e+00
     57.508     8.1499   3.442507    32.9175        773     3.2167  0.000e+00
     57.413     8.1517   3.442633    32.9171        774     3.2208  0.000e+00
     57.321     8.1537   3.442671    32.9158        775     3.2250  0.000e+00
     57.221     8.1558   3.442752    32.9147        776     3.2292  0.000e+00
     57.121     8.1587   3.443489    32.9198        777     3.2333  0.000e+00
     57.020     8.1648   3.445126    32.9316        778     3.2375  0.000e+00
     56.919     8.1771   3.447217    32.9423        779     3.2417  0.000e+00
     56.818     8.1944   3.448319    32.9377        780     3.2458  0.000e+00
     56.720     8.2130   3.448678    32.9242        781     3.2500  0.000e+00
     56.626     8.2276   3.449050    32.9144        782     3.2542  0.000e+00
     56.535     8.2391   3.452591    32.9412        783     3.2583  0.000e+00
     56.447     8.2590   3.455264    32.9509        784     3.2625  0.000e+00
     56.357     8.2852   3.455655    32.9305        785     3.2667  0.000e+00
     56.272     8.3055   3.455919    32.9144        786     3.2708  0.000e+00
     56.186     8.3190   3.457010    32.9133        787     3.2750  0.000e+00
     56.103     8.3305   3.458423    32.9176        788     3.2792  0.000e+00
     56.013     8.3434   3.460283    32.9251        789     3.2833  0.000e+00
     55.925     8.3592   3.462668    32.9356        790     3.2875  0.000e+00
     55.843     8.3783   3.464580    32.9380        791     3.2917  0.000e+00
     55.760     8.3997   3.465539    32.9281        792     3.2958  0.000e+00
     55.667     8.4192   3.465880    32.9135        793     3.3000  0.000e+00
     55.579     8.4336   3.466315    32.9047        794     3.3042  0.000e+00
     55.486     8.4445   3.466959    32.9014        795     3.3083  0.000e+00
     55.404     8.4536   3.467887    32.9027        796     3.3125  0.000e+00
     55.317     8.4622   3.468417    32.9003        797     3.3167  0.000e+00
     55.230     8.4705   3.471038    32.9202        798     3.3208  0.000e+00
     55.147     8.4837   3.471506    32.9128        799     3.3250  0.000e+00
     55.062     8.4953   3.471467    32.9017        800     3.3292  0.000e+00
     54.973     8.5024   3.471954    32.9002        801     3.3333  0.000e+00
     54.891     8.5078   3.472251    32.8983        802     3.3375  0.000e+00
     54.799     8.5124   3.473097    32.9030        803     3.3417  0.000e+00
     54.713     8.5181   3.473369    32.9006        804     3.3458  0.000e+00
     54.624     8.5235   3.473489    32.8969        805     3.3500  0.000e+00
     54.535     8.5272   3.473817    32.8969        806     3.3542  0.000e+00
     54.434     8.5311   3.474259    32.8980        807     3.3583  0.000e+00
     54.342     8.5362   3.474449    32.8953        808     3.3625  0.000e+00
     54.247     8.5409   3.474708    32.8937        809     3.3667  0.000e+00
     54.157     8.5458   3.475024    32.8925        810     3.3708  0.000e+00
     54.061     8.5503   3.475238    32.8905        811     3.3750  0.000e+00
     53.977     8.5548   3.475567    32.8898        812     3.3792  0.000e+00
     53.885     8.5589   3.475870    32.8893        813     3.3833  0.000e+00
     53.799     8.5630   3.476066    32.8875        814     3.3875  0.000e+00
     53.719     8.5666   3.476363    32.8874        815     3.3917  0.000e+00
     53.640     8.5699   3.476907    32.8900        816     3.3958  0.000e+00
     53.560     8.5747   3.477400    32.8908        817     3.4000  0.000e+00
     53.487     8.5804   3.477975    32.8915        818     3.4042  0.000e+00
     53.409     8.5870   3.478714    32.8932        819     3.4083  0.000e+00
     53.329     8.5948   3.479416    32.8933        820     3.4125  0.000e+00
     53.257     8.6033   3.479972    32.8912        821     3.4167  0.000e+00
     53.175     8.6115   3.480269    32.8868        822     3.4208  0.000e+00
     53.095     8.6186   3.480636    32.8841        823     3.4250  0.000e+00
     53.012     8.6245   3.481161    32.8841        824     3.4292  0.000e+00
     52.922     8.6310   3.482008    32.8870        825     3.4333  0.000e+00
     52.833     8.6390   3.482564    32.8855        826     3.4375  0.000e+00
     52.742     8.6472   3.483077    32.8833        827     3.4417  0.000e+00
     52.641     8.6552   3.483709    32.8825        828     3.4458  0.000e+00
     52.547     8.6632   3.484006    32.8782        829     3.4500  0.000e+00
     52.443     8.6698   3.484265    32.8749        830     3.4542  0.000e+00
