HB2403/sbe010.cnv
* Sea-Bird SBE 19plus V2 Data File:
* FileName = C:\cruise\data\sbe010.hex
* Software Version Seasave V 7.26.7.121
* Temperature SN = 6128
* Conductivity SN = 6128
* System UpLoad Time = May 26 2024 15:15:37
* NMEA Latitude = 40 39.35 N
* NMEA Longitude = 071 35.23 W
* NMEA UTC (Time) = May 26 2024  15:16:01
** Ship: Henry Bigelow
** Cruise:  HB2403
** Program:  ECOMON
# nquan = 7
# nvalues = 1773                                  
# units = specified
# name 0 = depSM: Depth [salt water, m]
# name 1 = tv290C: Temperature [ITS-90, deg C]
# name 2 = c0S/m: Conductivity [S/m]
# name 3 = sal00: Salinity, Practical [PSU]
# name 4 = scan: Scan Count
# name 5 = timeM: Time, Elapsed [minutes]
# name 6 = flag:  0.000e+00
# span 0 =     -0.015,     66.609                 
# span 1 =     6.2215,    16.0402                 
# span 2 =   0.000019,   3.795467                 
# span 3 =     0.0081,    32.1861                 
# span 4 =         11,       1783                 
# span 5 =     0.0417,     7.4250                 
# span 6 = 0.0000e+00, 0.0000e+00                 
# interval = seconds: 0.25
# start_time = May 26 2024 15:16:01 [NMEA time, header]
# bad_flag = -9.990e-29
*END*
[from data line 411]
     18.271    11.8376   3.603075    31.2842        422     1.7542  0.000e+00
     18.430    11.7890   3.599205    31.2877        423     1.7583  0.000e+00
     18.581    11.7500   3.596841    31.2976        424     1.7625  0.000e+00
     18.739    11.7086   3.594990    31.3146        425     1.7667  0.000e+00
     18.892    11.6537   3.592673    31.3384        426     1.7708  0.000e+00
     19.046    11.6014   3.590164    31.3582        427     1.7750  0.000e+00
     19.201    11.5548   3.588398    31.3804        428     1.7792  0.000e+00
     19.350    11.5122   3.586267    31.3957        429     1.7833  0.000e+00
     19.504    11.4655   3.584547    31.4185        430     1.7875  0.000e+00
     19.656    11.4307   3.582021    31.4235        431     1.7917  0.000e+00
     19.811    11.4021   3.579035    31.4186        432     1.7958  0.000e+00
     19.961    11.3749   3.578089    31.4324        433     1.8000  0.000e+00
     20.116    11.3375   3.576434    31.4480        434     1.8042  0.000e+00
     20.273    11.3064   3.574383    31.4544        435     1.8083  0.000e+00
     20.432    11.2887   3.572920    31.4551        436     1.8125  0.000e+00
     20.595    11.2599   3.569917    31.4502        437     1.8167  0.000e+00
     20.752    11.2268   3.568430    31.4638        438     1.8208  0.000e+00
     20.917    11.1884   3.567115    31.4837        439     1.8250  0.000e+00
     21.080    11.1492   3.566592    31.5120        440     1.8292  0.000e+00
     21.240    11.1188   3.564996    31.5224        441     1.8333  0.000e+00
     21.403    11.0963   3.563011    31.5220        442     1.8375  0.000e+00
     21.567    11.0711   3.561704    31.5307        443     1.8417  0.000e+00
     21.726    11.0518   3.560874    31.5390        444     1.8458  0.000e+00
     21.885    11.0321   3.559082    31.5382        445     1.8500  0.000e+00
     22.042    11.0134   3.557819    31.5418        446     1.8542  0.000e+00
     22.195    10.9956   3.556250    31.5415        447     1.8583  0.000e+00
     22.347    10.9773   3.554854    31.5434        448     1.8625  0.000e+00
     22.495    10.9612   3.553592    31.5448        449     1.8667  0.000e+00
     22.639    10.9465   3.551922    31.5409        450     1.8708  0.000e+00
     22.783    10.9292   3.550373    31.5404        451     1.8750  0.000e+00
     22.926    10.9104   3.549003    31.5430        452     1.8792  0.000e+00
     23.066    10.8878   3.547283    31.5454        453     1.8833  0.000e+00
     23.209    10.8678   3.546067    31.5506        454     1.8875  0.000e+00
     23.352    10.8473   3.543984    31.5475        455     1.8917  0.000e+00
     23.495    10.8212   3.541966    31.5500        456     1.8958  0.000e+00
     23.637    10.7991   3.540948    31.5589        457     1.9000  0.000e+00
     23.783    10.7808   3.539305    31.5583        458     1.9042  0.000e+00
     23.931    10.7569   3.538167    31.5677        459     1.9083  0.000e+00
     24.085    10.7332   3.536792    31.5744        460     1.9125  0.000e+00
     24.237    10.7094   3.534909    31.5762        461     1.9167  0.000e+00
     24.390    10.6838   3.533567    31.5850        462     1.9208  0.000e+00
     24.547    10.6600   3.532442    31.5943        463     1.9250  0.000e+00
     24.715    10.6358   3.530782    31.5987        464     1.9292  0.000e+00
     24.880    10.6095   3.529205    31.6057        465     1.9333  0.000e+00
     25.042    10.5836   3.527813    31.6142        466     1.9375  0.000e+00
     25.209    10.5665   3.530370    31.6544        467     1.9417  0.000e+00
     25.373    10.5502   3.516874    31.5341        468     1.9458  0.000e+00
     25.541    10.4191   3.453716    31.0175        469     1.9500  0.000e+00
     25.711    10.0579   3.445724    31.2471        470     1.9542  0.000e+00
     25.868     9.7317   3.443052    31.5037        471     1.9583  0.000e+00
     26.025     9.5117   3.440844    31.6746        472     1.9625  0.000e+00
     26.188     9.3718   3.438580    31.7753        473     1.9667  0.000e+00
     26.340     9.2806   3.435756    31.8272        474     1.9708  0.000e+00
     26.495     9.2163   3.433392    31.8602        475     1.9750  0.000e+00
     26.645     9.1693   3.431311    31.8807        476     1.9792  0.000e+00
     26.790     9.1327   3.429381    31.8934        477     1.9833  0.000e+00
     26.941     9.1027   3.427735    31.9032        478     1.9875  0.000e+00
     27.097     9.0783   3.426258    31.9098        479     1.9917  0.000e+00
     27.239     9.0582   3.425247    31.9172        480     1.9958  0.000e+00
     27.393     9.0413   3.424154    31.9211        481     2.0000  0.000e+00
     27.543     9.0266   3.423017    31.9224        482     2.0042  0.000e+00
     27.690     9.0130   3.421811    31.9220        483     2.0083  0.000e+00
     27.846     8.9997   3.420863    31.9241        484     2.0125  0.000e+00
     27.999     8.9870   3.419852    31.9250        485     2.0167  0.000e+00
     28.153     8.9749   3.419287    31.9299        486     2.0208  0.000e+00
     28.299     8.9647   3.418935    31.9354        487     2.0250  0.000e+00
     28.462     8.9571   3.417950    31.9319        488     2.0292  0.000e+00
     28.620     8.9486   3.417027    31.9299        489     2.0333  0.000e+00
     28.776     8.9394   3.416569    31.9333        490     2.0375  0.000e+00
     28.938     8.9315   3.415609    31.9304        491     2.0417  0.000e+00
     29.099     8.9234   3.413827    31.9192        492     2.0458  0.000e+00
     29.263     8.9118   3.412220    31.9128        493     2.0500  0.000e+00
     29.421     8.8979   3.413181    31.9352        494     2.0542  0.000e+00
     29.576     8.8904   3.411600    31.9254        495     2.0583  0.000e+00
     29.729     8.8812   3.409398    31.9108        496     2.0625  0.000e+00
     29.873     8.8658   3.407680    31.9067        497     2.0667  0.000e+00
     30.025     8.8474   3.405492    31.9005        498     2.0708  0.000e+00
     30.165     8.8268   3.401136    31.8736        499     2.0750  0.000e+00
     30.310     8.7975   3.396827    31.8551        500     2.0792  0.000e+00
     30.450     8.7617   3.394260    31.8604        501     2.0833  0.000e+00
     30.589     8.7280   3.391593    31.8629        502     2.0875  0.000e+00
     30.727     8.6962   3.388671    31.8610        503     2.0917  0.000e+00
     30.866     8.6653   3.385762    31.8584        504     2.0958  0.000e+00
     31.008     8.6349   3.383918    31.8665        505     2.1000  0.000e+00
     31.147     8.6074   3.381567    31.8667        506     2.1042  0.000e+00
     31.295     8.5801   3.378867    31.8629        507     2.1083  0.000e+00
     31.438     8.5512   3.376249    31.8616        508     2.1125  0.000e+00
     31.590     8.5223   3.374969    31.8742        509     2.1167  0.000e+00
     31.737     8.4964   3.372758    31.8743        510     2.1208  0.000e+00
     31.889     8.4706   3.372964    31.8998        511     2.1250  0.000e+00
     32.045     8.4508   3.371422    31.9014        512     2.1292  0.000e+00
     32.204     8.4329   3.368051    31.8821        513     2.1333  0.000e+00
     32.357     8.4084   3.365673    31.8793        514     2.1375  0.000e+00
     32.515     8.3811   3.363209    31.8780        515     2.1417  0.000e+00
     32.676     8.3538   3.362579    31.8960        516     2.1458  0.000e+00
     32.827     8.3316   3.358414    31.8722        517     2.1500  0.000e+00
     32.983     8.3008   3.355621    31.8707        518     2.1542  0.000e+00
     33.142     8.2676   3.354126    31.8850        519     2.1583  0.000e+00
     33.297     8.2393   3.354220    31.9116        520     2.1625  0.000e+00
     33.454     8.2167   3.346782    31.8535        521     2.1667  0.000e+00
     33.604     8.1796   3.342195    31.8387        522     2.1708  0.000e+00
     33.752     8.1308   3.340658    31.8667        523     2.1750  0.000e+00
     33.903     8.0883   3.333693    31.8315        524     2.1792  0.000e+00
     34.041     8.0349   3.328429    31.8242        525     2.1833  0.000e+00
     34.194     7.9743   3.325665    31.8499        526     2.1875  0.000e+00
     34.338     7.9237   3.323989    31.8782        527     2.1917  0.000e+00
     34.488     7.8817   3.320407    31.8783        528     2.1958  0.000e+00
     34.636     7.8430   3.319669    31.9057        529     2.2000  0.000e+00
     34.784     7.8115   3.316790    31.9038        530     2.2042  0.000e+00
     34.934     7.7829   3.318317    31.9461        531     2.2083  0.000e+00
     35.087     7.7683   3.317132    31.9468        532     2.2125  0.000e+00
     35.233     7.7576   3.314644    31.9299        533     2.2167  0.000e+00
     35.384     7.7394   3.311091    31.9086        534     2.2208  0.000e+00
     35.531     7.7125   3.310644    31.9284        535     2.2250  0.000e+00
     35.683     7.6901   3.309802    31.9399        536     2.2292  0.000e+00
     35.827     7.6725   3.306566    31.9213        537     2.2333  0.000e+00
     35.966     7.6519   3.307949    31.9549        538     2.2375  0.000e+00
     36.111     7.6395   3.305166    31.9365        539     2.2417  0.000e+00
     36.248     7.6228   3.301784    31.9155        540     2.2458  0.000e+00
     36.389     7.5975   3.300050    31.9200        541     2.2500  0.000e+00
     36.531     7.5735   3.298515    31.9256        542     2.2542  0.000e+00
     36.672     7.5479   3.292963    31.8894        543     2.2583  0.000e+00
     36.811     7.5112   3.289141    31.8820        544     2.2625  0.000e+00
     36.952     7.4685   3.287404    31.9025        545     2.2667  0.000e+00
     37.098     7.4323   3.287948    31.9416        546     2.2708  0.000e+00
     37.250     7.4096   3.285784    31.9391        547     2.2750  0.000e+00
     37.392     7.3887   3.284140    31.9406        548     2.2792  0.000e+00
     37.533     7.3674   3.281613    31.9329        549     2.2833  0.000e+00
     37.682     7.3424   3.279729    31.9356        550     2.2875  0.000e+00
     37.825     7.3186   3.277703    31.9356        551     2.2917  0.000e+00
     37.965     7.2953   3.276271    31.9416        552     2.2958  0.000e+00
     38.115     7.2727   3.275561    31.9547        553     2.3000  0.000e+00
     38.263     7.2566   3.275413    31.9679        554     2.3042  0.000e+00
     38.405     7.2447   3.272240    31.9445        555     2.3083  0.000e+00
     38.553     7.2269   3.265053    31.8831        556     2.3125  0.000e+00
     38.700     7.1898   3.264887    31.9155        557     2.3167  0.000e+00
     38.842     7.1540   3.263124    31.9295        558     2.3208  0.000e+00
     38.985     7.1242   3.259117    31.9135        559     2.3250  0.000e+00
     39.132     7.0928   3.259315    31.9446        560     2.3292  0.000e+00
     39.278     7.0691   3.259285    31.9662        561     2.3333  0.000e+00
     39.421     7.0551   3.258188    31.9672        562     2.3375  0.000e+00
     39.564     7.0424   3.256679    31.9625        563     2.3417  0.000e+00
     39.708     7.0291   3.256032    31.9677        564     2.3458  0.000e+00
     39.856     7.0162   3.255952    31.9787        565     2.3500  0.000e+00
     40.011     7.0071   3.255681    31.9842        566     2.3542  0.000e+00
     40.156     6.9998   3.254733    31.9805        567     2.3583  0.000e+00
     40.310     6.9917   3.253384    31.9733        568     2.3625  0.000e+00
     40.467     6.9810   3.251962    31.9677        569     2.3667  0.000e+00
     40.619     6.9674   3.250275    31.9619        570     2.3708  0.000e+00
     40.774     6.9519   3.247413    31.9451        571     2.3750  0.000e+00
     40.931     6.9322   3.245272    31.9399        572     2.3792  0.000e+00
     41.083     6.9091   3.243765    31.9449        573     2.3833  0.000e+00
     41.237     6.8876   3.244098    31.9684        574     2.3875  0.000e+00
     41.387     6.8737   3.244036    31.9806        575     2.3917  0.000e+00
     41.534     6.8659   3.243969    31.9870        576     2.3958  0.000e+00
     41.679     6.8599   3.242456    31.9760        577     2.4000  0.000e+00
     41.825     6.8519   3.242382    31.9826        578     2.4042  0.000e+00
     41.976     6.8438   3.241601    31.9816        579     2.4083  0.000e+00
     42.117     6.8362   3.241724    31.9899        580     2.4125  0.000e+00
     42.262     6.8312   3.241066    31.9873        581     2.4167  0.000e+00
     42.409     6.8259   3.241251    31.9942        582     2.4208  0.000e+00
     42.552     6.8227   3.241479    31.9996        583     2.4250  0.000e+00
     42.700     6.8207   3.240802    31.9940        584     2.4292  0.000e+00
     42.848     6.8174   3.240138    31.9897        585     2.4333  0.000e+00
     42.994     6.8120   3.239314    31.9857        586     2.4375  0.000e+00
     43.139     6.8053   3.239542    31.9944        587     2.4417  0.000e+00
     43.296     6.8006   3.238989    31.9926        588     2.4458  0.000e+00
     43.446     6.7969   3.238909    31.9951        589     2.4500  0.000e+00
     43.592     6.7937   3.238528    31.9939        590     2.4542  0.000e+00
     43.738     6.7904   3.237366    31.9841        591     2.4583  0.000e+00
     43.884     6.7843   3.237200    31.9880        592     2.4625  0.000e+00
     44.031     6.7780   3.237428    31.9963        593     2.4667  0.000e+00
     44.173     6.7741   3.236666    31.9915        594     2.4708  0.000e+00
     44.314     6.7686   3.236027    31.9895        595     2.4750  0.000e+00
     44.460     6.7619   3.235861    31.9939        596     2.4792  0.000e+00
     44.596     6.7558   3.236359    32.0049        597     2.4833  0.000e+00
     44.728     6.7528   3.235597    31.9994        598     2.4875  0.000e+00
     44.863     6.7491   3.234221    31.9877        599     2.4917  0.000e+00
     44.997     6.7406   3.233913    31.9921        600     2.4958  0.000e+00
     45.129     6.7313   3.233477    31.9960        601     2.5000  0.000e+00
     45.270     6.7222   3.233029    31.9995        602     2.5042  0.000e+00
     45.410     6.7141   3.232863    32.0052        603     2.5083  0.000e+00
     45.552     6.7081   3.233072    32.0130        604     2.5125  0.000e+00
     45.700     6.7051   3.231137    31.9945        605     2.5167  0.000e+00
     45.848     6.6969   3.231199    32.0028        606     2.5208  0.000e+00
     46.001     6.6890   3.230751    32.0052        607     2.5250  0.000e+00
     46.159     6.6831   3.229516    31.9971        608     2.5292  0.000e+00
     46.320     6.6754   3.229830    32.0076        609     2.5333  0.000e+00
     46.480     6.6692   3.228393    31.9975        610     2.5375  0.000e+00
     46.641     6.6606   3.227675    31.9976        611     2.5417  0.000e+00
     46.801     6.6511   3.227202    32.0012        612     2.5458  0.000e+00
     46.960     6.6425   3.227878    32.0166        613     2.5500  0.000e+00
     47.119     6.6386   3.227018    32.0108        614     2.5542  0.000e+00
     47.273     6.6348   3.225772    32.0006        615     2.5583  0.000e+00
     47.423     6.6258   3.224134    31.9909        616     2.5625  0.000e+00
     47.572     6.6127   3.223803    31.9994        617     2.5667  0.000e+00
     47.720     6.6010   3.222821    31.9995        618     2.5708  0.000e+00
     47.862     6.5902   3.222514    32.0061        619     2.5750  0.000e+00
     48.007     6.5808   3.222226    32.0117        620     2.5792  0.000e+00
     48.153     6.5741   3.222435    32.0202        621     2.5833  0.000e+00
     48.307     6.5705   3.221693    32.0154        622     2.5875  0.000e+00
     48.456     6.5660   3.221245    32.0145        623     2.5917  0.000e+00
     48.606     6.5605   3.220779    32.0145        624     2.5958  0.000e+00
     48.756     6.5553   3.221024    32.0220        625     2.6000  0.000e+00
