HB2403/sbe019.cnv
* Sea-Bird SBE 19plus V2 Data File:
* FileName = C:\cruise\data\sbe019.hex
* Software Version Seasave V 7.26.7.121
* Temperature SN = 6128
* Conductivity SN = 6128
* System UpLoad Time = May 27 2024 09:31:52
* NMEA Latitude = 39 09.80 N
* NMEA Longitude = 073 15.48 W
* NMEA UTC (Time) = May 27 2024  09:32:15
** Ship: Henry Bigelow
** Cruise:  HB2403
** Program:  ECOMON
# nquan = 7
# nvalues = 1815                                  
# units = specified
# name 0 = depSM: Depth [salt water, m]
# name 1 = tv290C: Temperature [ITS-90, deg C]
# name 2 = c0S/m: Conductivity [S/m]
# name 3 = sal00: Salinity, Practical [PSU]
# name 4 = scan: Scan Count
# name 5 = timeM: Time, Elapsed [minutes]
# name 6 = flag:  0.000e+00
# span 0 =     -0.025,     57.443                 
# span 1 =     6.7788,    17.3490                 
# span 2 =   0.000022,   3.867703                 
# span 3 =     0.0088,    32.1243                 
# span 4 =         11,       1825                 
# span 5 =     0.0417,     7.6000                 
# span 6 = 0.0000e+00, 0.0000e+00                 
# interval = seconds: 0.25
# start_time = May 27 2024 09:32:15 [NMEA time, header]
# bad_flag = -9.990e-29
*END*
[from data line 616]
     54.884     6.7810   3.230507    31.9126        627     2.6083  0.000e+00
     55.002     6.7805   3.230421    31.9120        628     2.6125  0.000e+00
     55.128     6.7799   3.230403    31.9123        629     2.6167  0.000e+00
     55.258     6.7790   3.230525    31.9144        630     2.6208  0.000e+00
     55.386     6.7788   3.230937    31.9191        631     2.6250  0.000e+00
     55.511     6.7802   3.232165    31.9312        632     2.6292  0.000e+00
     55.646     6.7851   3.233173    31.9375        633     2.6333  0.000e+00
     55.784     6.7922   3.233707    31.9367        634     2.6375  0.000e+00
     55.904     6.7990   3.233898    31.9324        635     2.6417  0.000e+00
     56.042     6.8039   3.233953    31.9284        636     2.6458  0.000e+00
     56.175     6.8072   3.234199    31.9280        637     2.6500  0.000e+00
     56.307     6.8098   3.234488    31.9286        638     2.6542  0.000e+00
     56.435     6.8125   3.235108    31.9328        639     2.6583  0.000e+00
     56.565     6.8159   3.235416    31.9330        640     2.6625  0.000e+00
     56.693     6.8192   3.235618    31.9321        641     2.6667  0.000e+00
     56.812     6.8220   3.235735    31.9307        642     2.6708  0.000e+00
     56.933     6.8240   3.235803    31.9296        643     2.6750  0.000e+00
     57.051     6.8251   3.235846    31.9289        644     2.6792  0.000e+00
     57.168     6.8256   3.235704    31.9268        645     2.6833  0.000e+00
     57.289     6.8254   3.235741    31.9274        646     2.6875  0.000e+00
     57.367     6.8247   3.235662    31.9271        647     2.6917  0.000e+00
     57.443     6.8236   3.235453    31.9258        648     2.6958  0.000e+00
     57.443     6.8219   3.235330    31.9260        649     2.7000  0.000e+00
     57.383     6.8197   3.234857    31.9230        650     2.7042  0.000e+00
     57.318     6.8160   3.234672    31.9244        651     2.7083  0.000e+00
     57.267     6.8128   3.235047    31.9315        652     2.7125  0.000e+00
     57.229     6.8122   3.235268    31.9345        653     2.7167  0.000e+00
     57.193     6.8137   3.235354    31.9341        654     2.7208  0.000e+00
     57.155     6.8151   3.235434    31.9337        655     2.7250  0.000e+00
     57.117     6.8167   3.235557    31.9335        656     2.7292  0.000e+00
     57.086     6.8184   3.235698    31.9336        657     2.7333  0.000e+00
     57.056     6.8197   3.235661    31.9319        658     2.7375  0.000e+00
     57.024     6.8211   3.235496    31.9288        659     2.7417  0.000e+00
     56.998     6.8216   3.235496    31.9284        660     2.7458  0.000e+00
     56.975     6.8220   3.235514    31.9282        661     2.7500  0.000e+00
     56.939     6.8225   3.235575    31.9284        662     2.7542  0.000e+00
     56.891     6.8229   3.235600    31.9284        663     2.7583  0.000e+00
     56.844     6.8234   3.235618    31.9281        664     2.7625  0.000e+00
     56.779     6.8236   3.235661    31.9284        665     2.7667  0.000e+00
     56.719     6.8240   3.235661    31.9281        666     2.7708  0.000e+00
     56.652     6.8244   3.235643    31.9275        667     2.7750  0.000e+00
     56.582     6.8246   3.235618    31.9271        668     2.7792  0.000e+00
     56.502     6.8247   3.235575    31.9265        669     2.7833  0.000e+00
     56.421     6.8247   3.235557    31.9264        670     2.7875  0.000e+00
     56.334     6.8247   3.235600    31.9269        671     2.7917  0.000e+00
     56.249     6.8253   3.235600    31.9264        672     2.7958  0.000e+00
     56.173     6.8258   3.235600    31.9260        673     2.8000  0.000e+00
     56.091     6.8262   3.235538    31.9250        674     2.8042  0.000e+00
     56.019     6.8261   3.235575    31.9255        675     2.8083  0.000e+00
     55.938     6.8263   3.235538    31.9249        676     2.8125  0.000e+00
     55.860     6.8263   3.235557    31.9252        677     2.8167  0.000e+00
     55.780     6.8263   3.235384    31.9233        678     2.8208  0.000e+00
     55.708     6.8259   3.235169    31.9214        679     2.8250  0.000e+00
     55.625     6.8249   3.234838    31.9188        680     2.8292  0.000e+00
     55.542     6.8230   3.234364    31.9154        681     2.8333  0.000e+00
     55.452     6.8204   3.234199    31.9160        682     2.8375  0.000e+00
     55.363     6.8182   3.234199    31.9181        683     2.8417  0.000e+00
     55.264     6.8165   3.233953    31.9170        684     2.8458  0.000e+00
     55.164     6.8147   3.233811    31.9172        685     2.8500  0.000e+00
     55.061     6.8133   3.234155    31.9223        686     2.8542  0.000e+00
     54.958     6.8134   3.233891    31.9194        687     2.8583  0.000e+00
     54.846     6.8131   3.232822    31.9080        688     2.8625  0.000e+00
     54.734     6.8095   3.232005    31.9025        689     2.8667  0.000e+00
     54.622     6.8035   3.231471    31.9023        690     2.8708  0.000e+00
     54.521     6.7978   3.231201    31.9047        691     2.8750  0.000e+00
     54.411     6.7931   3.231121    31.9083        692     2.8792  0.000e+00
     54.308     6.7899   3.231139    31.9115        693     2.8833  0.000e+00
     54.197     6.7881   3.231109    31.9129        694     2.8875  0.000e+00
     54.094     6.7872   3.231059    31.9132        695     2.8917  0.000e+00
     53.993     6.7867   3.230936    31.9124        696     2.8958  0.000e+00
     53.892     6.7862   3.231016    31.9138        697     2.9000  0.000e+00
     53.789     6.7862   3.231164    31.9154        698     2.9042  0.000e+00
     53.682     6.7871   3.231164    31.9146        699     2.9083  0.000e+00
     53.572     6.7884   3.231164    31.9135        700     2.9125  0.000e+00
     53.467     6.7891   3.231164    31.9129        701     2.9167  0.000e+00
     53.359     6.7898   3.231151    31.9121        702     2.9208  0.000e+00
     53.245     6.7902   3.231139    31.9117        703     2.9250  0.000e+00
     53.140     6.7903   3.231139    31.9116        704     2.9292  0.000e+00
     53.030     6.7905   3.231182    31.9119        705     2.9333  0.000e+00
     52.924     6.7910   3.231200    31.9117        706     2.9375  0.000e+00
     52.813     6.7915   3.231182    31.9112        707     2.9417  0.000e+00
     52.710     6.7919   3.231182    31.9108        708     2.9458  0.000e+00
     52.609     6.7927   3.231206    31.9104        709     2.9500  0.000e+00
     52.511     6.7932   3.231182    31.9097        710     2.9542  0.000e+00
     52.410     6.7937   3.231200    31.9094        711     2.9583  0.000e+00
     52.316     6.7937   3.230997    31.9073        712     2.9625  0.000e+00
     52.218     6.7936   3.231182    31.9094        713     2.9667  0.000e+00
     52.130     6.7939   3.230997    31.9073        714     2.9708  0.000e+00
     52.023     6.7940   3.231059    31.9079        715     2.9750  0.000e+00
     51.933     6.7944   3.231059    31.9075        716     2.9792  0.000e+00
     51.841     6.7946   3.231071    31.9075        717     2.9833  0.000e+00
     51.741     6.7949   3.231040    31.9070        718     2.9875  0.000e+00
     51.640     6.7950   3.231040    31.9069        719     2.9917  0.000e+00
     51.540     6.7954   3.230997    31.9061        720     2.9958  0.000e+00
     51.434     6.7954   3.230997    31.9061        721     3.0000  0.000e+00
     51.320     6.7958   3.230979    31.9056        722     3.0042  0.000e+00
     51.211     6.7960   3.230979    31.9055        723     3.0083  0.000e+00
     51.099     6.7963   3.231120    31.9068        724     3.0125  0.000e+00
     50.983     6.7972   3.231224    31.9072        725     3.0167  0.000e+00
     50.871     6.7987   3.231261    31.9063        726     3.0208  0.000e+00
     50.741     6.7999   3.231181    31.9043        727     3.0250  0.000e+00
     50.627     6.8006   3.231163    31.9035        728     3.0292  0.000e+00
     50.517     6.8008   3.231285    31.9047        729     3.0333  0.000e+00
     50.394     6.8011   3.231181    31.9034        730     3.0375  0.000e+00
     50.291     6.8013   3.231199    31.9034        731     3.0417  0.000e+00
     50.177     6.8016   3.231224    31.9035        732     3.0458  0.000e+00
     50.074     6.8014   3.231169    31.9031        733     3.0500  0.000e+00
     49.978     6.8016   3.231039    31.9016        734     3.0542  0.000e+00
     49.878     6.8010   3.230855    31.9001        735     3.0583  0.000e+00
     49.783     6.8003   3.231058    31.9031        736     3.0625  0.000e+00
     49.685     6.8000   3.231119    31.9040        737     3.0667  0.000e+00
     49.600     6.8004   3.230855    31.9008        738     3.0708  0.000e+00
     49.510     6.7998   3.230671    31.8994        739     3.0750  0.000e+00
     49.421     6.7984   3.230609    31.9001        740     3.0792  0.000e+00
     49.329     6.7976   3.230622    31.9010        741     3.0833  0.000e+00
     49.242     6.7970   3.230609    31.9014        742     3.0875  0.000e+00
     49.141     6.7967   3.230708    31.9029        743     3.0917  0.000e+00
     49.051     6.7969   3.230855    31.9043        744     3.0958  0.000e+00
     48.951     6.7979   3.230830    31.9032        745     3.1000  0.000e+00
     48.844     6.7983   3.230794    31.9025        746     3.1042  0.000e+00
     48.747     6.7985   3.230769    31.9020        747     3.1083  0.000e+00
     48.642     6.7986   3.230830    31.9027        748     3.1125  0.000e+00
     48.537     6.7988   3.230892    31.9032        749     3.1167  0.000e+00
     48.432     6.7995   3.230892    31.9026        750     3.1208  0.000e+00
     48.336     6.8000   3.230548    31.8984        751     3.1250  0.000e+00
     48.240     6.7998   3.230480    31.8979        752     3.1292  0.000e+00
     48.147     6.7990   3.229540    31.8884        753     3.1333  0.000e+00
     48.054     6.7961   3.228761    31.8827        754     3.1375  0.000e+00
     47.962     6.7909   3.228411    31.8837        755     3.1417  0.000e+00
     47.873     6.7864   3.228349    31.8872        756     3.1458  0.000e+00
     47.787     6.7835   3.228362    31.8901        757     3.1500  0.000e+00
     47.698     6.7819   3.228411    31.8922        758     3.1542  0.000e+00
     47.608     6.7814   3.228411    31.8927        759     3.1583  0.000e+00
     47.521     6.7814   3.228454    31.8932        760     3.1625  0.000e+00
     47.423     6.7817   3.228454    31.8930        761     3.1667  0.000e+00
     47.329     6.7819   3.228454    31.8928        762     3.1708  0.000e+00
     47.236     6.7822   3.228533    31.8934        763     3.1750  0.000e+00
     47.138     6.7828   3.228742    31.8952        764     3.1792  0.000e+00
     47.038     6.7841   3.229430    31.9016        765     3.1833  0.000e+00
     46.939     6.7873   3.229890    31.9037        766     3.1875  0.000e+00
     46.830     6.7919   3.230216    31.9030        767     3.1917  0.000e+00
     46.731     6.7964   3.230584    31.9029        768     3.1958  0.000e+00
     46.629     6.8010   3.230768    31.9007        769     3.2000  0.000e+00
     46.527     6.8049   3.230688    31.8962        770     3.2042  0.000e+00
     46.420     6.8072   3.230547    31.8926        771     3.2083  0.000e+00
     46.321     6.8084   3.230811    31.8945        772     3.2125  0.000e+00
     46.220     6.8103   3.231634    31.9017        773     3.2167  0.000e+00
     46.126     6.8147   3.231554    31.8968        774     3.2208  0.000e+00
     46.024     6.8183   3.231695    31.8951        775     3.2250  0.000e+00
     45.927     6.8207   3.231732    31.8933        776     3.2292  0.000e+00
     45.835     6.8224   3.232082    31.8956        777     3.2333  0.000e+00
     45.742     6.8245   3.232248    31.8955        778     3.2375  0.000e+00
     45.652     6.8268   3.233212    31.9039        779     3.2417  0.000e+00
     45.561     6.8316   3.233108    31.8984        780     3.2458  0.000e+00
     45.462     6.8347   3.233040    31.8948        781     3.2500  0.000e+00
     45.368     6.8366   3.233661    31.8999        782     3.2542  0.000e+00
     45.277     6.8399   3.233476    31.8948        783     3.2583  0.000e+00
     45.185     6.8416   3.233661    31.8953        784     3.2625  0.000e+00
     45.093     6.8429   3.233396    31.8912        785     3.2667  0.000e+00
     44.995     6.8431   3.233194    31.8888        786     3.2708  0.000e+00
     44.897     6.8421   3.233599    31.8943        787     3.2750  0.000e+00
     44.809     6.8427   3.234134    31.8996        788     3.2792  0.000e+00
     44.708     6.8453   3.234422    31.9004        789     3.2833  0.000e+00
     44.612     6.8481   3.233992    31.8931        790     3.2875  0.000e+00
     44.516     6.8491   3.234010    31.8925        791     3.2917  0.000e+00
     44.424     6.8490   3.234115    31.8937        792     3.2958  0.000e+00
     44.330     6.8492   3.234465    31.8974        793     3.3000  0.000e+00
     44.241     6.8505   3.234361    31.8952        794     3.3042  0.000e+00
     44.153     6.8514   3.234711    31.8981        795     3.3083  0.000e+00
     44.066     6.8533   3.235129    31.9010        796     3.3125  0.000e+00
     43.981     6.8558   3.235043    31.8977        797     3.3167  0.000e+00
     43.896     6.8576   3.234877    31.8943        798     3.3208  0.000e+00
     43.813     6.8581   3.234938    31.8946        799     3.3250  0.000e+00
     43.732     6.8583   3.235104    31.8962        800     3.3292  0.000e+00
     43.645     6.8589   3.235141    31.8961        801     3.3333  0.000e+00
     43.567     6.8597   3.235509    31.8995        802     3.3375  0.000e+00
     43.474     6.8612   3.235595    31.8990        803     3.3417  0.000e+00
     43.391     6.8631   3.235712    31.8986        804     3.3458  0.000e+00
     43.304     6.8646   3.235841    31.8986        805     3.3500  0.000e+00
     43.214     6.8659   3.235571    31.8946        806     3.3542  0.000e+00
     43.123     6.8659   3.235509    31.8939        807     3.3583  0.000e+00
     43.031     6.8656   3.235761    31.8970        808     3.3625  0.000e+00
     42.939     6.8659   3.235982    31.8991        809     3.3667  0.000e+00
     42.849     6.8672   3.236087    31.8991        810     3.3708  0.000e+00
     42.758     6.8686   3.236314    31.9004        811     3.3750  0.000e+00
     42.671     6.8706   3.236271    31.8981        812     3.3792  0.000e+00
     42.572     6.8717   3.236603    31.9007        813     3.3833  0.000e+00
     42.483     6.8736   3.237033    31.9037        814     3.3875  0.000e+00
     42.400     6.8769   3.237279    31.9033        815     3.3917  0.000e+00
     42.314     6.8803   3.237137    31.8987        816     3.3958  0.000e+00
     42.238     6.8822   3.237279    31.8985        817     3.4000  0.000e+00
     42.160     6.8839   3.237998    31.9048        818     3.4042  0.000e+00
     42.082     6.8875   3.238225    31.9040        819     3.4083  0.000e+00
     42.008     6.8913   3.238225    31.9005        820     3.4125  0.000e+00
     41.938     6.8940   3.238102    31.8967        821     3.4167  0.000e+00
     41.864     6.8955   3.237426    31.8879        822     3.4208  0.000e+00
     41.789     6.8945   3.236990    31.8842        823     3.4250  0.000e+00
     41.710     6.8922   3.236744    31.8836        824     3.4292  0.000e+00
     41.629     6.8899   3.236430    31.8824        825     3.4333  0.000e+00
     41.535     6.8875   3.236234    31.8826        826     3.4375  0.000e+00
     41.446     6.8853   3.235779    31.8796        827     3.4417  0.000e+00
     41.344     6.8827   3.235717    31.8814        828     3.4458  0.000e+00
     41.256     6.8803   3.235306    31.8792        829     3.4500  0.000e+00
     41.149     6.8780   3.235140    31.8796        830     3.4542  0.000e+00
