HB2403/sbe030.cnv
* Sea-Bird SBE 19plus V2 Data File:
* FileName = C:\cruise\data\sbe030.hex
* Software Version Seasave V 7.26.7.121
* Temperature SN = 6128
* Conductivity SN = 6128
* System UpLoad Time = Jun 04 2024 03:51:27
* NMEA Latitude = 40 21.75 N
* NMEA Longitude = 072 55.64 W
* NMEA UTC (Time) = Jun 04 2024  03:51:58
** Ship: Henry Bigelow
** Cruise:  HB2403
** Program:  ECOMON
# nquan = 7
# nvalues = 1770                                  
# units = specified
# name 0 = depSM: Depth [salt water, m]
# name 1 = tv290C: Temperature [ITS-90, deg C]
# name 2 = c0S/m: Conductivity [S/m]
# name 3 = sal00: Salinity, Practical [PSU]
# name 4 = scan: Scan Count
# name 5 = timeM: Time, Elapsed [minutes]
# name 6 = flag:  0.000e+00
# span 0 =     -0.020,     38.336                 
# span 1 =     7.0166,    18.7506                 
# span 2 =   0.000037,   3.984649                 
# span 3 =     0.0092,    31.9727                 
# span 4 =         11,       1780                 
# span 5 =     0.0417,     7.4125                 
# span 6 = 0.0000e+00, 0.0000e+00                 
# interval = seconds: 0.25
# start_time = Jun 04 2024 03:51:58 [NMEA time, header]
# bad_flag = -9.990e-29
*END*
[from data line 206]
      2.705    18.3653   3.938558    29.2400        217     0.9000  0.000e+00
      2.634    18.2483   3.927914    29.2351        218     0.9042  0.000e+00
      2.564    18.1036   3.918661    29.2615        219     0.9083  0.000e+00
      2.508    17.9808   3.908470    29.2644        220     0.9125  0.000e+00
      2.442    17.8879   3.903954    29.2933        221     0.9167  0.000e+00
      2.361    17.8250   3.904631    29.3441        222     0.9208  0.000e+00
      2.283    17.7979   3.906644    29.3805        223     0.9250  0.000e+00
      2.222    17.7971   3.908982    29.4007        224     0.9292  0.000e+00
      2.179    17.8106   3.910731    29.4055        225     0.9333  0.000e+00
      2.161    17.8307   3.912659    29.4072        226     0.9375  0.000e+00
      2.159    17.8517   3.914401    29.4066        227     0.9417  0.000e+00
      2.156    17.8711   3.916304    29.4086        228     0.9458  0.000e+00
      2.152    17.8914   3.917662    29.4053        229     0.9500  0.000e+00
      2.143    17.9127   3.919200    29.4028        230     0.9542  0.000e+00
      2.129    17.9346   3.920619    29.3990        231     0.9583  0.000e+00
      2.094    17.9552   3.921972    29.3954        232     0.9625  0.000e+00
      2.046    17.9735   3.923173    29.3924        233     0.9667  0.000e+00
      1.988    17.9899   3.924858    29.3946        234     0.9708  0.000e+00
      1.907    18.0147   3.930021    29.4199        235     0.9750  0.000e+00
      1.820    18.0543   3.936170    29.4426        236     0.9792  0.000e+00
      1.748    18.1052   3.940408    29.4413        237     0.9833  0.000e+00
      1.674    18.1558   3.942960    29.4263        238     0.9875  0.000e+00
      1.627    18.1967   3.944395    29.4089        239     0.9917  0.000e+00
      1.609    18.2320   3.920171    29.1829        240     0.9958  0.000e+00
      1.614    18.2607   3.832540    28.4387        241     1.0000  0.000e+00
      1.632    18.2835   3.833131    28.4278        242     1.0042  0.000e+00
      1.667    18.3025   3.708582    27.3912        243     1.0083  0.000e+00
      1.766    18.3170   3.440442    25.1964        244     1.0125  0.000e+00
      1.854    18.3276   3.484879    25.5503        245     1.0167  0.000e+00
      1.979    18.3343   3.889519    28.8573        246     1.0208  0.000e+00
      2.116    18.3403   3.930276    29.1895        247     1.0250  0.000e+00
      2.250    18.3474   3.947067    29.3232        248     1.0292  0.000e+00
      2.369    18.3468   3.949727    29.3455        249     1.0333  0.000e+00
      2.452    18.3280   3.947047    29.3368        250     1.0375  0.000e+00
      2.517    18.2889   3.931491    29.2359        251     1.0417  0.000e+00
      2.559    18.2443   3.845870    28.5597        252     1.0458  0.000e+00
      2.573    18.1969   3.878276    28.8606        253     1.0500  0.000e+00
      2.575    18.1523   3.918866    29.2285        254     1.0542  0.000e+00
      2.561    18.0956   3.914955    29.2364        255     1.0583  0.000e+00
      2.533    18.0185   3.908337    29.2364        256     1.0625  0.000e+00
      2.522    17.9408   3.910153    29.3071        257     1.0667  0.000e+00
      2.526    17.8794   3.907067    29.3254        258     1.0708  0.000e+00
      2.537    17.8333   3.905789    29.3478        259     1.0750  0.000e+00
      2.562    17.7983   3.904836    29.3649        260     1.0792  0.000e+00
      2.605    17.7747   3.898489    29.3288        261     1.0833  0.000e+00
      2.660    17.7589   3.822248    28.7029        262     1.0875  0.000e+00
      2.725    17.7485   3.797926    28.5073        263     1.0917  0.000e+00
      2.791    17.7409   3.833138    28.8065        264     1.0958  0.000e+00
      2.864    17.7340   3.880217    29.2050        265     1.1000  0.000e+00
      2.930    17.7219   3.890797    29.3023        266     1.1042  0.000e+00
      2.981    17.6957   3.890797    29.3211        267     1.1083  0.000e+00
      3.012    17.6517   3.888596    29.3343        268     1.1125  0.000e+00
      3.001    17.5937   3.880998    29.3123        269     1.1167  0.000e+00
      2.964    17.5257   3.872311    29.2883        270     1.1208  0.000e+00
      2.905    17.4571   3.870742    29.3245        271     1.1250  0.000e+00
      2.827    17.4154   3.873441    29.3774        272     1.1292  0.000e+00
      2.735    17.4082   3.876583    29.4092        273     1.1333  0.000e+00
      2.659    17.4201   3.878702    29.4185        274     1.1375  0.000e+00
      2.597    17.4388   3.880723    29.4220        275     1.1417  0.000e+00
      2.549    17.4610   3.882869    29.4240        276     1.1458  0.000e+00
      2.511    17.4851   3.884507    29.4204        277     1.1500  0.000e+00
      2.500    17.5117   3.855986    29.1612        278     1.1542  0.000e+00
      2.523    17.5354   3.755043    28.2976        279     1.1583  0.000e+00
      2.583    17.5530   3.643589    27.3550        280     1.1625  0.000e+00
      2.678    17.5648   3.634694    27.2730        281     1.1667  0.000e+00
      2.799    17.5721   3.638034    27.2959        282     1.1708  0.000e+00
      2.940    17.5774   3.637564    27.2884        283     1.1750  0.000e+00
      3.088    17.5818   3.648162    27.3736        284     1.1792  0.000e+00
      3.240    17.5858   3.851698    29.0718        285     1.1833  0.000e+00
      3.381    17.5889   3.877928    29.2898        286     1.1875  0.000e+00
      3.508    17.5787   3.878311    29.3004        287     1.1917  0.000e+00
      3.620    17.5357   3.871579    29.2747        288     1.1958  0.000e+00
      3.712    17.4775   3.853708    29.1661        289     1.2000  0.000e+00
      3.795    17.4062   3.857128    29.2462        290     1.2042  0.000e+00
      3.853    17.3114   3.850576    29.2592        291     1.2083  0.000e+00
      3.889    17.1901   3.837997    29.2404        292     1.2125  0.000e+00
      3.898    17.0560   3.819698    29.1822        293     1.2167  0.000e+00
      3.911    16.9274   3.791555    29.0357        294     1.2208  0.000e+00
      3.941    16.8229   3.734005    28.6207        295     1.2250  0.000e+00
      4.003    16.7461   3.665067    28.0881        296     1.2292  0.000e+00
      4.077    16.6943   3.600116    27.5719        297     1.2333  0.000e+00
      4.178    16.6611   3.603899    27.6268        298     1.2375  0.000e+00
      4.313    16.6396   3.701971    28.4776        299     1.2417  0.000e+00
      4.461    16.6251   3.646338    28.0130        300     1.2458  0.000e+00
      4.622    16.6162   3.637080    27.9402        301     1.2500  0.000e+00
      4.797    16.6090   3.634443    27.9227        302     1.2542  0.000e+00
      4.974    16.5997   3.724330    28.6970        303     1.2583  0.000e+00
      5.142    16.5774   3.817027    29.5081        304     1.2625  0.000e+00
      5.312    16.4436   3.777243    29.2640        305     1.2667  0.000e+00
      5.469    16.1794   3.751210    29.2327        306     1.2708  0.000e+00
      5.609    15.8680   3.726912    29.2506        307     1.2750  0.000e+00
      5.723    15.5583   3.698745    29.2331        308     1.2792  0.000e+00
      5.824    15.2808   3.695096    29.4075        309     1.2833  0.000e+00
      5.907    15.0327   3.674284    29.4090        310     1.2875  0.000e+00
      5.987    14.7888   3.652739    29.4005        311     1.2917  0.000e+00
      6.059    14.5164   3.650384    29.5858        312     1.2958  0.000e+00
      6.135    14.1814   3.619399    29.5616        313     1.3000  0.000e+00
      6.215    13.8168   3.571218    29.4021        314     1.3042  0.000e+00
      6.290    13.4808   3.544904    29.4185        315     1.3083  0.000e+00
      6.377    13.2234   3.501973    29.2200        316     1.3125  0.000e+00
      6.482    13.0550   3.458630    28.9471        317     1.3167  0.000e+00
      6.593    12.9409   3.453455    28.9862        318     1.3208  0.000e+00
      6.727    12.8582   3.462961    29.1381        319     1.3250  0.000e+00
      6.868    12.7914   3.467740    29.2343        320     1.3292  0.000e+00
      7.019    12.7355   3.505852    29.6346        321     1.3333  0.000e+00
      7.173    12.6871   3.562707    30.2070        322     1.3375  0.000e+00
      7.330    12.6281   3.555353    30.1850        323     1.3417  0.000e+00
      7.489    12.5638   3.548654    30.1732        324     1.3458  0.000e+00
      7.652    12.5039   3.527080    30.0174        325     1.3500  0.000e+00
      7.809    12.4375   3.505190    29.8633        326     1.3542  0.000e+00
      7.953    12.3711   3.515406    30.0129        327     1.3583  0.000e+00
      8.087    12.3214   3.524648    30.1402        328     1.3625  0.000e+00
      8.200    12.2670   3.500558    29.9551        329     1.3667  0.000e+00
      8.293    12.2012   3.488469    29.8928        330     1.3708  0.000e+00
      8.374    12.1320   3.470943    29.7813        331     1.3750  0.000e+00
      8.446    12.0637   3.463456    29.7643        332     1.3792  0.000e+00
      8.511    11.9981   3.457571    29.7604        333     1.3833  0.000e+00
      8.574    11.9320   3.425711    29.5087        334     1.3875  0.000e+00
      8.636    11.8819   3.409621    29.3945        335     1.3917  0.000e+00
      8.711    11.8527   3.455819    29.8598        336     1.3958  0.000e+00
      8.802    11.8393   3.578764    31.0522        337     1.4000  0.000e+00
      8.915    11.8371   3.599201    31.2511        338     1.4042  0.000e+00
      9.053    11.8405   3.611936    31.3710        339     1.4083  0.000e+00
      9.206    11.8485   3.608369    31.3298        340     1.4125  0.000e+00
      9.374    11.8605   3.565641    30.9079        341     1.4167  0.000e+00
      9.542    11.8704   3.532836    30.5842        342     1.4208  0.000e+00
      9.712    11.8470   3.511979    30.4029        343     1.4250  0.000e+00
      9.885    11.7531   3.493672    30.3034        344     1.4292  0.000e+00
     10.051    11.6327   3.481820    30.2872        345     1.4333  0.000e+00
     10.212    11.5232   3.477162    30.3317        346     1.4375  0.000e+00
     10.359    11.4275   3.472879    30.3686        347     1.4417  0.000e+00
     10.481    11.3501   3.471149    30.4154        348     1.4458  0.000e+00
     10.579    11.2909   3.467903    30.4325        349     1.4500  0.000e+00
     10.658    11.2418   3.468479    30.4786        350     1.4542  0.000e+00
     10.727    11.2009   3.474916    30.5753        351     1.4583  0.000e+00
     10.794    11.1717   3.481756    30.6663        352     1.4625  0.000e+00
     10.868    11.1519   3.485394    30.7184        353     1.4667  0.000e+00
     10.948    11.1416   3.482478    30.6984        354     1.4708  0.000e+00
     11.040    11.1378   3.480138    30.6787        355     1.4750  0.000e+00
     11.148    11.1311   3.481219    30.6947        356     1.4792  0.000e+00
     11.264    11.1244   3.488501    30.7715        357     1.4833  0.000e+00
     11.405    11.1187   3.484350    30.7357        358     1.4875  0.000e+00
     11.553    11.1086   3.427682    30.1899        359     1.4917  0.000e+00
     11.708    11.0532   3.419472    30.1549        360     1.4958  0.000e+00
     11.872    10.9845   3.418744    30.2042        361     1.5000  0.000e+00
     12.040    10.9358   3.418488    30.2417        362     1.5042  0.000e+00
     12.204    10.9030   3.419518    30.2788        363     1.5083  0.000e+00
     12.366    10.8808   3.420290    30.3046        364     1.5125  0.000e+00
     12.525    10.8661   3.420824    30.3220        365     1.5167  0.000e+00
     12.677    10.8551   3.420806    30.3308        366     1.5208  0.000e+00
     12.798    10.8415   3.420724    30.3413        367     1.5250  0.000e+00
     12.914    10.8227   3.420329    30.3528        368     1.5292  0.000e+00
     13.013    10.8028   3.420047    30.3665        369     1.5333  0.000e+00
     13.102    10.7852   3.419953    30.3802        370     1.5375  0.000e+00
     13.192    10.7720   3.419953    30.3911        371     1.5417  0.000e+00
     13.284    10.7629   3.419871    30.3978        372     1.5458  0.000e+00
     13.374    10.7570   3.420204    30.4060        373     1.5500  0.000e+00
     13.472    10.7542   3.420945    30.4155        374     1.5542  0.000e+00
     13.571    10.7539   3.421284    30.4191        375     1.5583  0.000e+00
     13.672    10.7548   3.421561    30.4211        376     1.5625  0.000e+00
     13.786    10.7564   3.421806    30.4221        377     1.5667  0.000e+00
     13.905    10.7583   3.425726    30.4591        378     1.5708  0.000e+00
     14.039    10.7648   3.428655    30.4825        379     1.5750  0.000e+00
     14.169    10.7750   3.430321    30.4904        380     1.5792  0.000e+00
     14.315    10.7861   3.432157    30.4992        381     1.5833  0.000e+00
     14.457    10.7974   3.433798    30.5059        382     1.5875  0.000e+00
     14.614    10.8089   3.437094    30.5287        383     1.5917  0.000e+00
     14.761    10.8225   3.440323    30.5492        384     1.5958  0.000e+00
     14.914    10.8373   3.443048    30.5636        385     1.6000  0.000e+00
     15.060    10.8517   3.445756    30.5782        386     1.6042  0.000e+00
     15.200    10.8662   3.448231    30.5904        387     1.6083  0.000e+00
     15.337    10.8809   3.452523    30.6203        388     1.6125  0.000e+00
     15.469    10.8987   3.458090    30.6601        389     1.6167  0.000e+00
     15.595    10.9213   3.464740    30.7065        390     1.6208  0.000e+00
     15.721    10.9477   3.470833    30.7443        391     1.6250  0.000e+00
     15.842    10.9772   3.476702    30.7772        392     1.6292  0.000e+00
     15.961    11.0064   3.481165    30.7965        393     1.6333  0.000e+00
     16.084    11.0333   3.485188    30.8134        394     1.6375  0.000e+00
     16.203    11.0571   3.489421    30.8349        395     1.6417  0.000e+00
     16.328    11.0785   3.491827    30.8405        396     1.6458  0.000e+00
     16.447    11.0961   3.493492    30.8420        397     1.6500  0.000e+00
     16.575    11.1095   3.495151    30.8470        398     1.6542  0.000e+00
     16.706    11.1196   3.496399    30.8507        399     1.6583  0.000e+00
     16.832    11.1268   3.497229    30.8528        400     1.6625  0.000e+00
     16.966    11.1306   3.497678    30.8539        401     1.6667  0.000e+00
     17.099    11.1333   3.498128    30.8560        402     1.6708  0.000e+00
     17.236    11.1344   3.498318    30.8569        403     1.6750  0.000e+00
     17.374    11.1348   3.498363    30.8569        404     1.6792  0.000e+00
     17.509    11.1346   3.498344    30.8569        405     1.6833  0.000e+00
     17.638    11.1334   3.498040    30.8548        406     1.6875  0.000e+00
     17.760    11.1313   3.497647    30.8527        407     1.6917  0.000e+00
     17.881    11.1273   3.497210    30.8517        408     1.6958  0.000e+00
     18.000    11.1213   3.495246    30.8374        409     1.7000  0.000e+00
     18.116    11.1067   3.488801    30.7865        410     1.7042  0.000e+00
     18.237    11.0700   3.481671    30.7473        411     1.7083  0.000e+00
     18.347    11.0147   3.476343    30.7413        412     1.7125  0.000e+00
     18.459    10.9526   3.466237    30.6939        413     1.7167  0.000e+00
     18.571    10.8736   3.458344    30.6824        414     1.7208  0.000e+00
     18.674    10.7872   3.453508    30.7070        415     1.7250  0.000e+00
     18.778    10.7095   3.449224    30.7299        416     1.7292  0.000e+00
     18.876    10.6425   3.446686    30.7611        417     1.7333  0.000e+00
     18.973    10.5880   3.445471    30.7950        418     1.7375  0.000e+00
     19.069    10.5478   3.444879    30.8230        419     1.7417  0.000e+00
     19.165    10.5192   3.444583    30.8443        420     1.7458  0.000e+00
