HB2403/sbe077.cnv
* Sea-Bird SBE 19plus V2 Data File:
* FileName = C:\cruise\data\sbe077.hex
* Software Version Seasave V 7.26.7.121
* Temperature SN = 6128
* Conductivity SN = 6128
* System UpLoad Time = Jun 08 2024 09:12:57
* NMEA Latitude = 41 16.61 N
* NMEA Longitude = 066 42.26 W
* NMEA UTC (Time) = Jun 08 2024  09:13:31
** Ship: Henry Bigelow
** Cruise:  HB2403
** Program:  ECOMON
# nquan = 7
# nvalues = 1602                                  
# units = specified
# name 0 = depSM: Depth [salt water, m]
# name 1 = tv290C: Temperature [ITS-90, deg C]
# name 2 = c0S/m: Conductivity [S/m]
# name 3 = sal00: Salinity, Practical [PSU]
# name 4 = scan: Scan Count
# name 5 = timeM: Time, Elapsed [minutes]
# name 6 = flag:  0.000e+00
# span 0 =     -0.047,     72.154                 
# span 1 =     7.7294,    11.1714                 
# span 2 =   0.000112,   3.572193                 
# span 3 =     0.0059,    33.3042                 
# span 4 =         11,       1612                 
# span 5 =     0.0417,     6.7125                 
# span 6 = 0.0000e+00, 0.0000e+00                 
# interval = seconds: 0.25
# start_time = Jun 08 2024 09:13:31 [NMEA time, header]
# bad_flag = -9.990e-29
*END*
      0.004    11.1685   0.000120     0.0059         11     0.0417  0.000e+00
     -0.000    11.1688   0.000123     0.0059         12     0.0458  0.000e+00
     -0.000    11.1692   0.000118     0.0059         13     0.0500  0.000e+00
     -0.002    11.1688   0.000120     0.0059         14     0.0542  0.000e+00
     -0.007    11.1683   0.000120     0.0059         15     0.0583  0.000e+00
     -0.005    11.1683   0.000126     0.0060         16     0.0625  0.000e+00
     -0.005    11.1689   0.000115     0.0059         17     0.0667  0.000e+00
     -0.007    11.1690   0.000120     0.0059         18     0.0708  0.000e+00
     -0.006    11.1686   0.000118     0.0059         19     0.0750  0.000e+00
     -0.007    11.1692   0.000120     0.0059         20     0.0792  0.000e+00
     -0.007    11.1692   0.000115     0.0059         21     0.0833  0.000e+00
     -0.007    11.1687   0.000123     0.0059         22     0.0875  0.000e+00
     -0.010    11.1694   0.000129     0.0060         23     0.0917  0.000e+00
     -0.009    11.1694   0.000120     0.0059         24     0.0958  0.000e+00
     -0.012    11.1690   0.000120     0.0059         25     0.1000  0.000e+00
     -0.012    11.1696   0.000126     0.0060         26     0.1042  0.000e+00
     -0.014    11.1685   0.000123     0.0059         27     0.1083  0.000e+00
     -0.016    11.1691   0.000120     0.0059         28     0.1125  0.000e+00
     -0.014    11.1689   0.000132     0.0060         29     0.1167  0.000e+00
     -0.012    11.1690   0.000129     0.0060         30     0.1208  0.000e+00
     -0.014    11.1692   0.000120     0.0059         31     0.1250  0.000e+00
     -0.012    11.1697   0.000112     0.0059         32     0.1292  0.000e+00
     -0.016    11.1694   0.000123     0.0059         33     0.1333  0.000e+00
     -0.020    11.1695   0.000123     0.0059         34     0.1375  0.000e+00
     -0.016    11.1692   0.000123     0.0059         35     0.1417  0.000e+00
     -0.017    11.1697   0.000120     0.0059         36     0.1458  0.000e+00
     -0.017    11.1695   0.000123     0.0059         37     0.1500  0.000e+00
     -0.021    11.1696   0.000129     0.0060         38     0.1542  0.000e+00
     -0.025    11.1688   0.000123     0.0059         39     0.1583  0.000e+00
     -0.026    11.1706   0.000129     0.0060         40     0.1625  0.000e+00
     -0.023    11.1702   0.000123     0.0059         41     0.1667  0.000e+00
     -0.027    11.1693   0.000118     0.0059         42     0.1708  0.000e+00
     -0.026    11.1695   0.000129     0.0060         43     0.1750  0.000e+00
     -0.019    11.1705   0.000120     0.0059         44     0.1792  0.000e+00
     -0.026    11.1708   0.000118     0.0059         45     0.1833  0.000e+00
     -0.019    11.1702   0.000123     0.0059         46     0.1875  0.000e+00
     -0.022    11.1705   0.000129     0.0060         47     0.1917  0.000e+00
     -0.021    11.1703   0.000123     0.0059         48     0.1958  0.000e+00
     -0.022    11.1703   0.000120     0.0059         49     0.2000  0.000e+00
     -0.019    11.1698   0.000129     0.0060         50     0.2042  0.000e+00
     -0.017    11.1704   0.000123     0.0059         51     0.2083  0.000e+00
     -0.019    11.1701   0.000123     0.0059         52     0.2125  0.000e+00
     -0.019    11.1703   0.000123     0.0059         53     0.2167  0.000e+00
     -0.017    11.1700   0.000123     0.0059         54     0.2208  0.000e+00
     -0.011    11.1708   0.000126     0.0060         55     0.2250  0.000e+00
     -0.011    11.1699   0.000123     0.0059         56     0.2292  0.000e+00
     -0.018    11.1702   0.000129     0.0060         57     0.2333  0.000e+00
     -0.026    11.1705   0.000123     0.0059         58     0.2375  0.000e+00
     -0.024    11.1708   0.000115     0.0059         59     0.2417  0.000e+00
     -0.021    11.1708   0.000123     0.0059         60     0.2458  0.000e+00
     -0.024    11.1702   0.000123     0.0059         61     0.2500  0.000e+00
     -0.030    11.1705   0.000129     0.0060         62     0.2542  0.000e+00
     -0.028    11.1705   0.000123     0.0059         63     0.2583  0.000e+00
     -0.028    11.1705   0.000129     0.0060         64     0.2625  0.000e+00
     -0.024    11.1705   0.000126     0.0060         65     0.2667  0.000e+00
     -0.031    11.1697   0.000115     0.0059         66     0.2708  0.000e+00
     -0.033    11.1702   0.000115     0.0059         67     0.2750  0.000e+00
     -0.030    11.1705   0.000126     0.0060         68     0.2792  0.000e+00
     -0.030    11.1714   0.000123     0.0059         69     0.2833  0.000e+00
     -0.034    11.1709   0.000123     0.0059         70     0.2875  0.000e+00
     -0.028    11.1700   0.000123     0.0059         71     0.2917  0.000e+00
     -0.035    11.1707   0.000123     0.0059         72     0.2958  0.000e+00
     -0.031    11.1709   0.000123     0.0059         73     0.3000  0.000e+00
     -0.028    11.1706   0.000123     0.0059         74     0.3042  0.000e+00
     -0.034    11.1705   0.000135     0.0060         75     0.3083  0.000e+00
     -0.030    11.1696   0.000129     0.0060         76     0.3125  0.000e+00
     -0.032    11.1705   0.000120     0.0059         77     0.3167  0.000e+00
     -0.030    11.1703   0.000126     0.0060         78     0.3208  0.000e+00
     -0.028    11.1696   0.000123     0.0059         79     0.3250  0.000e+00
     -0.028    11.1701   0.000123     0.0059         80     0.3292  0.000e+00
     -0.028    11.1698   0.000118     0.0059         81     0.3333  0.000e+00
     -0.032    11.1691   0.000123     0.0059         82     0.3375  0.000e+00
     -0.030    11.1701   0.000123     0.0059         83     0.3417  0.000e+00
     -0.030    11.1701   0.000123     0.0059         84     0.3458  0.000e+00
     -0.030    11.1703   0.000129     0.0060         85     0.3500  0.000e+00
     -0.024    11.1703   0.000120     0.0059         86     0.3542  0.000e+00
     -0.028    11.1693   0.000126     0.0060         87     0.3583  0.000e+00
     -0.028    11.1699   0.000123     0.0059         88     0.3625  0.000e+00
     -0.028    11.1701   0.000123     0.0059         89     0.3667  0.000e+00
     -0.031    11.1696   0.000129     0.0060         90     0.3708  0.000e+00
     -0.033    11.1700   0.000123     0.0059         91     0.3750  0.000e+00
     -0.027    11.1692   0.000129     0.0060         92     0.3792  0.000e+00
     -0.030    11.1701   0.000120     0.0059         93     0.3833  0.000e+00
     -0.035    11.1694   0.000126     0.0060         94     0.3875  0.000e+00
     -0.037    11.1697   0.000123     0.0059         95     0.3917  0.000e+00
     -0.035    11.1695   0.000123     0.0059         96     0.3958  0.000e+00
     -0.031    11.1694   0.000132     0.0060         97     0.4000  0.000e+00
     -0.031    11.1697   0.000129     0.0060         98     0.4042  0.000e+00
     -0.033    11.1694   0.000123     0.0059         99     0.4083  0.000e+00
     -0.035    11.1700   0.000126     0.0060        100     0.4125  0.000e+00
     -0.037    11.1687   0.000123     0.0059        101     0.4167  0.000e+00
     -0.037    11.1692   0.000123     0.0059        102     0.4208  0.000e+00
     -0.038    11.1692   0.000123     0.0059        103     0.4250  0.000e+00
     -0.039    11.1688   0.000126     0.0060        104     0.4292  0.000e+00
     -0.040    11.1693   0.000123     0.0059        105     0.4333  0.000e+00
     -0.039    11.1697   0.000123     0.0059        106     0.4375  0.000e+00
     -0.040    11.1697   0.000126     0.0060        107     0.4417  0.000e+00
     -0.037    11.1690   0.000123     0.0059        108     0.4458  0.000e+00
     -0.040    11.1699   0.000129     0.0060        109     0.4500  0.000e+00
     -0.035    11.1693   0.000132     0.0060        110     0.4542  0.000e+00
     -0.037    11.1690   0.000129     0.0060        111     0.4583  0.000e+00
     -0.042    11.1693   0.000129     0.0060        112     0.4625  0.000e+00
     -0.044    11.1698   0.000123     0.0059        113     0.4667  0.000e+00
     -0.035    11.1695   0.000129     0.0060        114     0.4708  0.000e+00
     -0.038    11.1696   0.000123     0.0059        115     0.4750  0.000e+00
     -0.037    11.1696   0.000123     0.0059        116     0.4792  0.000e+00
     -0.031    11.1692   0.000118     0.0059        117     0.4833  0.000e+00
     -0.031    11.1695   0.000129     0.0060        118     0.4875  0.000e+00
     -0.044    11.1692   0.000123     0.0059        119     0.4917  0.000e+00
     -0.039    11.1697   0.000126     0.0060        120     0.4958  0.000e+00
     -0.035    11.1690   0.000129     0.0060        121     0.5000  0.000e+00
     -0.035    11.1688   0.000129     0.0060        122     0.5042  0.000e+00
     -0.035    11.1683   0.000118     0.0059        123     0.5083  0.000e+00
     -0.044    11.1685   0.000123     0.0059        124     0.5125  0.000e+00
     -0.038    11.1690   0.000123     0.0059        125     0.5167  0.000e+00
     -0.037    11.1684   0.000123     0.0059        126     0.5208  0.000e+00
     -0.033    11.1683   0.000123     0.0059        127     0.5250  0.000e+00
     -0.040    11.1670   0.000135     0.0060        128     0.5292  0.000e+00
     -0.044    11.1665   0.000129     0.0060        129     0.5333  0.000e+00
     -0.044    11.1672   0.000123     0.0059        130     0.5375  0.000e+00
     -0.039    11.1661   0.000120     0.0059        131     0.5417  0.000e+00
     -0.038    11.1654   0.000129     0.0060        132     0.5458  0.000e+00
     -0.037    11.1659   0.000126     0.0059        133     0.5500  0.000e+00
     -0.042    11.1657   0.000123     0.0059        134     0.5542  0.000e+00
     -0.047    11.1660   0.000129     0.0060        135     0.5583  0.000e+00
      0.160    11.1660   0.000123     0.0059        136     0.5625  0.000e+00
      0.458    11.1650   0.829618     6.4349        137     0.5667  0.000e+00
      0.709    11.1563   2.113342    17.7161        138     0.5708  0.000e+00
      0.920    11.1156   1.055696     8.3521        139     0.5750  0.000e+00
      1.144    10.9142   2.419926    20.6819        140     0.5792  0.000e+00
      1.400    10.5470   3.572193    32.0987        141     0.5833  0.000e+00
      1.660    10.2596   3.558803    32.2185        142     0.5875  0.000e+00
      1.932    10.0385   3.527291    32.0969        143     0.5917  0.000e+00
      2.208     9.8592   3.491285    31.8912        144     0.5958  0.000e+00
      2.492     9.6921   3.473508    31.8584        145     0.6000  0.000e+00
      2.719     9.5657   3.458624    31.8186        146     0.6042  0.000e+00
      2.925     9.4445   3.468622    32.0287        147     0.6083  0.000e+00
      3.163     9.3269   3.461434    32.0601        148     0.6125  0.000e+00
      3.335     9.2452   3.446986    31.9846        149     0.6167  0.000e+00
      3.421     9.1718   3.437361    31.9511        150     0.6208  0.000e+00
      3.466     9.0961   3.436902    32.0143        151     0.6250  0.000e+00
      3.524     9.0366   3.445476    32.1567        152     0.6292  0.000e+00
      3.618     9.0003   3.462643    32.3675        153     0.6333  0.000e+00
      3.728     8.9808   3.469727    32.4588        154     0.6375  0.000e+00
      3.829     8.9799   3.472373    32.4871        155     0.6417  0.000e+00
      3.921     8.9968   3.472222    32.4701        156     0.6458  0.000e+00
      3.993     9.0196   3.467946    32.4048        157     0.6500  0.000e+00
      4.067     9.0421   3.466152    32.3657        158     0.6542  0.000e+00
      4.159     9.0641   3.471968    32.4060        159     0.6583  0.000e+00
      4.267     9.0815   3.480886    32.4824        160     0.6625  0.000e+00
      4.403     9.0966   3.483220    32.4928        161     0.6667  0.000e+00
      4.549     9.1119   3.486990    32.5178        162     0.6708  0.000e+00
      4.713     9.1311   3.489376    32.5249        163     0.6750  0.000e+00
      4.894     9.1583   3.491370    32.5206        164     0.6792  0.000e+00
      5.087     9.1893   3.492041    32.4992        165     0.6833  0.000e+00
      5.293     9.2200   3.488926    32.4390        166     0.6875  0.000e+00
      5.502     9.2499   3.481201    32.3320        167     0.6917  0.000e+00
      5.710     9.2728   3.472150    32.2179        168     0.6958  0.000e+00
      5.918     9.2475   3.460357    32.1191        169     0.7000  0.000e+00
      6.112     9.1665   3.442541    32.0081        170     0.7042  0.000e+00
      6.305     9.0646   3.430777    31.9780        171     0.7083  0.000e+00
      6.478     8.9675   3.424619    32.0015        172     0.7125  0.000e+00
      6.640     8.8817   3.421403    32.0454        173     0.7167  0.000e+00
      6.788     8.8118   3.419577    32.0895        174     0.7208  0.000e+00
      6.932     8.7575   3.418146    32.1237        175     0.7250  0.000e+00
      7.064     8.7141   3.415403    32.1345        176     0.7292  0.000e+00
      7.191     8.6766   3.414111    32.1549        177     0.7333  0.000e+00
      7.322     8.6444   3.415316    32.1968        178     0.7375  0.000e+00
      7.456     8.6193   3.416603    32.2331        179     0.7417  0.000e+00
      7.592     8.6008   3.414206    32.2248        180     0.7458  0.000e+00
      7.737     8.5860   3.411307    32.2078        181     0.7500  0.000e+00
      7.885     8.5690   3.409169    32.2009        182     0.7542  0.000e+00
      8.036     8.5467   3.408128    32.2103        183     0.7583  0.000e+00
      8.190     8.5268   3.407658    32.2235        184     0.7625  0.000e+00
      8.348     8.5109   3.407783    32.2392        185     0.7667  0.000e+00
      8.508     8.4963   3.408034    32.2551        186     0.7708  0.000e+00
      8.669     8.4827   3.407872    32.2658        187     0.7750  0.000e+00
      8.830     8.4704   3.406599    32.2636        188     0.7792  0.000e+00
      8.998     8.4601   3.404430    32.2501        189     0.7833  0.000e+00
      9.158     8.4499   3.402612    32.2403        190     0.7875  0.000e+00
      9.328     8.4380   3.401077    32.2350        191     0.7917  0.000e+00
      9.503     8.4240   3.399217    32.2281        192     0.7958  0.000e+00
      9.672     8.4099   3.397519    32.2231        193     0.8000  0.000e+00
      9.845     8.3951   3.397000    32.2311        194     0.8042  0.000e+00
     10.014     8.3786   3.396981    32.2459        195     0.8083  0.000e+00
     10.181     8.3596   3.396086    32.2538        196     0.8125  0.000e+00
     10.342     8.3437   3.394095    32.2474        197     0.8167  0.000e+00
     10.510     8.3300   3.391203    32.2293        198     0.8208  0.000e+00
     10.672     8.3128   3.388813    32.2198        199     0.8250  0.000e+00
     10.834     8.2862   3.386886    32.2238        200     0.8292  0.000e+00
     10.999     8.2525   3.385504    32.2400        201     0.8333  0.000e+00
     11.171     8.2193   3.382859    32.2424        202     0.8375  0.000e+00
     11.337     8.1934   3.379377    32.2293        203     0.8417  0.000e+00
     11.501     8.1678   3.374566    32.2018        204     0.8458  0.000e+00
     11.658     8.1364   3.368846    32.1701        205     0.8500  0.000e+00
     11.810     8.1064   3.365002    32.1567        206     0.8542  0.000e+00
     11.944     8.0765   3.363430    32.1675        207     0.8583  0.000e+00
     12.064     8.0473   3.363431    32.1943        208     0.8625  0.000e+00
     12.171     8.0214   3.364448    32.2288        209     0.8667  0.000e+00
     12.274     8.0010   3.367157    32.2764        210     0.8708  0.000e+00
     12.375     7.9867   3.385651    32.4863        211     0.8750  0.000e+00
     12.478     7.9790   3.414101    32.7966        212     0.8792  0.000e+00
     12.587     7.9757   3.439491    33.0706        213     0.8833  0.000e+00
     12.708     7.9777   3.460273    33.2906        214     0.8875  0.000e+00
     12.840     7.9953   3.463125    33.3042        215     0.8917  0.000e+00
