HB2403/sbe065.cnv
* Sea-Bird SBE 19plus V2 Data File:
* FileName = C:\cruise\data\sbe065.hex
* Software Version Seasave V 7.26.7.121
* Temperature SN = 6128
* Conductivity SN = 6128
* System UpLoad Time = Jun 07 2024 15:16:03
* NMEA Latitude = 40 50.01 N
* NMEA Longitude = 068 09.30 W
* NMEA UTC (Time) = Jun 07 2024  15:16:37
** Ship: Henry Bigelow
** Cruise:  HB2403
** Program:  ECOMON
# nquan = 7
# nvalues = 1315                                  
# units = specified
# name 0 = depSM: Depth [salt water, m]
# name 1 = tv290C: Temperature [ITS-90, deg C]
# name 2 = c0S/m: Conductivity [S/m]
# name 3 = sal00: Salinity, Practical [PSU]
# name 4 = scan: Scan Count
# name 5 = timeM: Time, Elapsed [minutes]
# name 6 = flag:  0.000e+00
# span 0 =     -0.250,     55.283                 
# span 1 =     8.1296,    14.7025                 
# span 2 =   0.000159,   3.965000                 
# span 3 =     0.0078,    33.2820                 
# span 4 =         11,       1325                 
# span 5 =     0.0417,     5.5167                 
# span 6 = 0.0000e+00, 0.0000e+00                 
# interval = seconds: 0.25
# start_time = Jun 07 2024 15:16:37 [NMEA time, header]
# bad_flag = -9.990e-29
*END*
[from data line 206]
     12.582     8.6630   3.427232    32.3022        217     0.9000  0.000e+00
     12.725     8.6345   3.428628    32.3427        218     0.9042  0.000e+00
     12.874     8.6091   3.430546    32.3860        219     0.9083  0.000e+00
     13.026     8.5884   3.428861    32.3873        220     0.9125  0.000e+00
     13.176     8.5738   3.426875    32.3798        221     0.9167  0.000e+00
     13.337     8.5619   3.426228    32.3838        222     0.9208  0.000e+00
     13.494     8.5472   3.426335    32.3984        223     0.9250  0.000e+00
     13.660     8.5328   3.427360    32.4223        224     0.9292  0.000e+00
     13.826     8.5225   3.428655    32.4453        225     0.9333  0.000e+00
     13.998     8.5118   3.426210    32.4294        226     0.9375  0.000e+00
     14.167     8.5027   3.420575    32.3784        227     0.9417  0.000e+00
     14.330     8.4937   3.415257    32.3307        228     0.9458  0.000e+00
     14.489     8.4837   3.410382    32.2886        229     0.9500  0.000e+00
     14.637     8.4710   3.405547    32.2494        230     0.9542  0.000e+00
     14.776     8.4559   3.401461    32.2201        231     0.9583  0.000e+00
     14.906     8.4394   3.400252    32.2225        232     0.9625  0.000e+00
     15.021     8.4246   3.399764    32.2308        233     0.9667  0.000e+00
     15.155     8.4125   3.400747    32.2521        234     0.9708  0.000e+00
     15.292     8.4023   3.404219    32.2980        235     0.9750  0.000e+00
     15.437     8.3950   3.408333    32.3480        236     0.9792  0.000e+00
     15.603     8.3905   3.415987    32.4327        237     0.9833  0.000e+00
     15.771     8.3893   3.432442    32.6072        238     0.9875  0.000e+00
     15.951     8.3924   3.443284    32.7185        239     0.9917  0.000e+00
     16.139     8.3979   3.436769    32.6446        240     0.9958  0.000e+00
     16.341     8.4038   3.425514    32.5205        241     1.0000  0.000e+00
     16.550     8.4049   3.413289    32.3905        242     1.0042  0.000e+00
     16.765     8.4001   3.401989    32.2759        243     1.0083  0.000e+00
     16.988     8.3909   3.394115    32.2013        244     1.0125  0.000e+00
     17.213     8.3823   3.388945    32.1546        245     1.0167  0.000e+00
     17.430     8.3806   3.385505    32.1198        246     1.0208  0.000e+00
     17.647     8.3763   3.383898    32.1068        247     1.0250  0.000e+00
     17.838     8.3687   3.382872    32.1028        248     1.0292  0.000e+00
     18.016     8.3620   3.382410    32.1040        249     1.0333  0.000e+00
     18.177     8.3547   3.381003    32.0958        250     1.0375  0.000e+00
     18.311     8.3462   3.381391    32.1075        251     1.0417  0.000e+00
     18.426     8.3367   3.381841    32.1209        252     1.0458  0.000e+00
     18.536     8.3259   3.383404    32.1472        253     1.0500  0.000e+00
     18.632     8.3142   3.386757    32.1932        254     1.0542  0.000e+00
     18.726     8.3040   3.393484    32.2735        255     1.0583  0.000e+00
     18.824     8.2977   3.414803    32.5043        256     1.0625  0.000e+00
     18.925     8.2955   3.440497    32.7779        257     1.0667  0.000e+00
     19.035     8.2961   3.456481    32.9465        258     1.0708  0.000e+00
     19.149     8.2979   3.468641    33.0734        259     1.0750  0.000e+00
     19.282     8.3006   3.482468    33.2173        260     1.0792  0.000e+00
     19.427     8.3089   3.489321    33.2820        261     1.0833  0.000e+00
     19.597     8.3493   3.486662    33.2156        262     1.0875  0.000e+00
     19.781     8.4492   3.482916    33.0818        263     1.0917  0.000e+00
     19.979     8.5704   3.480063    32.9383        264     1.0958  0.000e+00
     20.192     8.6519   3.473634    32.7948        265     1.1000  0.000e+00
     20.438     8.7009   3.461977    32.6273        266     1.1042  0.000e+00
     20.692     8.7535   3.439926    32.3484        267     1.1083  0.000e+00
     20.929     8.7737   3.416593    32.0866        268     1.1125  0.000e+00
     21.166     8.7167   3.387166    31.8312        269     1.1167  0.000e+00
     21.393     8.6156   3.376807    31.8139        270     1.1208  0.000e+00
     21.606     8.5091   3.373760    31.8779        271     1.1250  0.000e+00
     21.803     8.4223   3.374760    31.9669        272     1.1292  0.000e+00
     22.032     8.3597   3.387683    32.1598        273     1.1333  0.000e+00
     22.234     8.3235   3.386889    32.1845        274     1.1375  0.000e+00
     22.424     8.2984   3.377674    32.1101        275     1.1417  0.000e+00
     22.584     8.2747   3.371933    32.0711        276     1.1458  0.000e+00
     22.724     8.2525   3.370890    32.0803        277     1.1500  0.000e+00
     22.841     8.2358   3.370491    32.0913        278     1.1542  0.000e+00
     22.958     8.2243   3.370629    32.1032        279     1.1583  0.000e+00
     23.077     8.2170   3.371247    32.1164        280     1.1625  0.000e+00
     23.196     8.2107   3.372165    32.1318        281     1.1667  0.000e+00
     23.332     8.2048   3.372496    32.1407        282     1.1708  0.000e+00
     23.469     8.2002   3.372696    32.1469        283     1.1750  0.000e+00
     23.621     8.1970   3.373664    32.1600        284     1.1792  0.000e+00
     23.786     8.1952   3.374807    32.1737        285     1.1833  0.000e+00
     23.964     8.1947   3.374932    32.1754        286     1.1875  0.000e+00
     24.137     8.1946   3.370467    32.1281        287     1.1917  0.000e+00
     24.330     8.1942   3.352796    31.9416        288     1.1958  0.000e+00
     24.525     8.1921   3.348940    31.9027        289     1.2000  0.000e+00
     24.725     8.1849   3.348424    31.9037        290     1.2042  0.000e+00
     24.922     8.1775   3.348386    31.9100        291     1.2083  0.000e+00
     25.110     8.1725   3.347932    31.9096        292     1.2125  0.000e+00
     25.289     8.1682   3.347683    31.9108        293     1.2167  0.000e+00
     25.455     8.1642   3.347465    31.9121        294     1.2208  0.000e+00
     25.614     8.1608   3.347384    31.9142        295     1.2250  0.000e+00
     25.760     8.1587   3.347764    31.9200        296     1.2292  0.000e+00
     25.914     8.1591   3.347733    31.9193        297     1.2333  0.000e+00
     26.069     8.1598   3.347640    31.9176        298     1.2375  0.000e+00
     26.228     8.1596   3.347633    31.9177        299     1.2417  0.000e+00
     26.392     8.1596   3.347297    31.9141        300     1.2458  0.000e+00
     26.562     8.1586   3.347490    31.9169        301     1.2500  0.000e+00
     26.737     8.1583   3.348119    31.9238        302     1.2542  0.000e+00
     26.927     8.1606   3.347876    31.9190        303     1.2583  0.000e+00
     27.127     8.1622   3.347814    31.9168        304     1.2625  0.000e+00
     27.333     8.1627   3.347914    31.9173        305     1.2667  0.000e+00
     27.555     8.1634   3.347833    31.9157        306     1.2708  0.000e+00
     27.785     8.1636   3.347590    31.9129        307     1.2750  0.000e+00
     28.018     8.1627   3.347341    31.9109        308     1.2792  0.000e+00
     28.249     8.1613   3.347590    31.9148        309     1.2833  0.000e+00
     28.491     8.1609   3.347765    31.9168        310     1.2875  0.000e+00
     28.727     8.1618   3.347914    31.9175        311     1.2917  0.000e+00
     28.957     8.1630   3.347852    31.9157        312     1.2958  0.000e+00
     29.174     8.1637   3.347659    31.9128        313     1.3000  0.000e+00
     29.381     8.1633   3.347466    31.9111        314     1.3042  0.000e+00
     29.580     8.1624   3.347448    31.9116        315     1.3083  0.000e+00
     29.757     8.1615   3.347429    31.9122        316     1.3125  0.000e+00
     29.925     8.1607   3.347790    31.9166        317     1.3167  0.000e+00
     30.080     8.1613   3.347255    31.9104        318     1.3208  0.000e+00
     30.228     8.1608   3.347143    31.9096        319     1.3250  0.000e+00
     30.363     8.1592   3.346744    31.9068        320     1.3292  0.000e+00
     30.493     8.1565   3.346757    31.9093        321     1.3333  0.000e+00
     30.618     8.1546   3.347255    31.9163        322     1.3375  0.000e+00
     30.743     8.1552   3.347106    31.9141        323     1.3417  0.000e+00
     30.878     8.1560   3.346944    31.9116        324     1.3458  0.000e+00
     31.013     8.1554   3.346720    31.9096        325     1.3500  0.000e+00
     31.152     8.1539   3.346477    31.9084        326     1.3542  0.000e+00
     31.293     8.1519   3.346315    31.9084        327     1.3583  0.000e+00
     31.440     8.1501   3.346900    31.9162        328     1.3625  0.000e+00
     31.600     8.1509   3.347106    31.9176        329     1.3667  0.000e+00
     31.768     8.1525   3.346932    31.9142        330     1.3708  0.000e+00
     31.938     8.1535   3.346801    31.9118        331     1.3750  0.000e+00
     32.118     8.1536   3.346633    31.9099        332     1.3792  0.000e+00
     32.301     8.1524   3.346415    31.9085        333     1.3833  0.000e+00
     32.500     8.1507   3.346403    31.9099        334     1.3875  0.000e+00
     32.700     8.1496   3.346465    31.9115        335     1.3917  0.000e+00
     32.917     8.1491   3.346515    31.9124        336     1.3958  0.000e+00
     33.128     8.1489   3.346272    31.9099        337     1.4000  0.000e+00
     33.358     8.1480   3.346272    31.9106        338     1.4042  0.000e+00
     33.585     8.1472   3.346229    31.9107        339     1.4083  0.000e+00
     33.811     8.1465   3.346079    31.9097        340     1.4125  0.000e+00
     34.037     8.1453   3.346111    31.9110        341     1.4167  0.000e+00
     34.268     8.1448   3.346659    31.9172        342     1.4208  0.000e+00
     34.499     8.1463   3.346758    31.9167        343     1.4250  0.000e+00
     34.721     8.1485   3.346553    31.9125        344     1.4292  0.000e+00
     34.954     8.1491   3.346298    31.9091        345     1.4333  0.000e+00
     35.176     8.1483   3.346235    31.9091        346     1.4375  0.000e+00
     35.391     8.1472   3.346316    31.9109        347     1.4417  0.000e+00
     35.600     8.1464   3.346534    31.9138        348     1.4458  0.000e+00
     35.786     8.1470   3.346510    31.9129        349     1.4500  0.000e+00
     35.965     8.1477   3.346335    31.9103        350     1.4542  0.000e+00
     36.129     8.1474   3.346124    31.9083        351     1.4583  0.000e+00
     36.275     8.1461   3.346037    31.9085        352     1.4625  0.000e+00
     36.405     8.1450   3.345968    31.9087        353     1.4667  0.000e+00
     36.524     8.1438   3.345912    31.9092        354     1.4708  0.000e+00
     36.627     8.1427   3.346012    31.9111        355     1.4750  0.000e+00
     36.730     8.1424   3.346124    31.9126        356     1.4792  0.000e+00
     36.831     8.1427   3.346124    31.9122        357     1.4833  0.000e+00
     36.941     8.1431   3.346112    31.9117        358     1.4875  0.000e+00
     37.068     8.1431   3.346018    31.9106        359     1.4917  0.000e+00
     37.194     8.1428   3.346031    31.9110        360     1.4958  0.000e+00
     37.341     8.1427   3.346018    31.9109        361     1.5000  0.000e+00
     37.503     8.1427   3.346037    31.9110        362     1.5042  0.000e+00
     37.680     8.1425   3.345969    31.9104        363     1.5083  0.000e+00
     37.869     8.1422   3.345975    31.9107        364     1.5125  0.000e+00
     38.081     8.1421   3.346112    31.9121        365     1.5167  0.000e+00
     38.301     8.1424   3.346299    31.9137        366     1.5208  0.000e+00
     38.541     8.1432   3.346355    31.9135        367     1.5250  0.000e+00
     38.792     8.1443   3.346405    31.9129        368     1.5292  0.000e+00
     39.056     8.1451   3.346405    31.9120        369     1.5333  0.000e+00
     39.320     8.1459   3.346517    31.9124        370     1.5375  0.000e+00
     39.574     8.1464   3.346486    31.9115        371     1.5417  0.000e+00
     39.803     8.1467   3.346293    31.9090        372     1.5458  0.000e+00
     40.031     8.1462   3.346212    31.9085        373     1.5500  0.000e+00
     40.269     8.1453   3.346125    31.9083        374     1.5542  0.000e+00
     40.482     8.1442   3.346293    31.9110        375     1.5583  0.000e+00
     40.668     8.1442   3.346449    31.9126        376     1.5625  0.000e+00
     40.828     8.1447   3.346337    31.9108        377     1.5667  0.000e+00
     40.970     8.1451   3.346256    31.9095        378     1.5708  0.000e+00
     41.090     8.1449   3.346125    31.9083        379     1.5750  0.000e+00
     41.212     8.1440   3.346069    31.9085        380     1.5792  0.000e+00
     41.346     8.1432   3.346020    31.9086        381     1.5833  0.000e+00
     41.499     8.1427   3.346294    31.9119        382     1.5875  0.000e+00
     41.657     8.1430   3.346424    31.9129        383     1.5917  0.000e+00
     41.826     8.1443   3.346437    31.9119        384     1.5958  0.000e+00
     42.002     8.1451   3.346512    31.9118        385     1.6000  0.000e+00
     42.189     8.1457   3.346618    31.9123        386     1.6042  0.000e+00
     42.388     8.1467   3.346642    31.9115        387     1.6083  0.000e+00
     42.592     8.1475   3.346680    31.9111        388     1.6125  0.000e+00
     42.808     8.1483   3.346661    31.9102        389     1.6167  0.000e+00
     43.028     8.1485   3.346555    31.9087        390     1.6208  0.000e+00
     43.245     8.1479   3.346425    31.9078        391     1.6250  0.000e+00
     43.448     8.1470   3.346419    31.9085        392     1.6292  0.000e+00
     43.643     8.1463   3.346469    31.9096        393     1.6333  0.000e+00
     43.822     8.1459   3.346456    31.9097        394     1.6375  0.000e+00
     43.983     8.1458   3.346301    31.9081        395     1.6417  0.000e+00
     44.135     8.1450   3.346189    31.9076        396     1.6458  0.000e+00
     44.285     8.1440   3.346157    31.9080        397     1.6500  0.000e+00
     44.433     8.1431   3.346108    31.9083        398     1.6542  0.000e+00
     44.579     8.1423   3.346158    31.9094        399     1.6583  0.000e+00
     44.740     8.1419   3.346151    31.9097        400     1.6625  0.000e+00
     44.904     8.1417   3.346214    31.9104        401     1.6667  0.000e+00
     45.081     8.1419   3.346363    31.9118        402     1.6708  0.000e+00
     45.265     8.1426   3.346619    31.9137        403     1.6750  0.000e+00
     45.465     8.1440   3.346724    31.9135        404     1.6792  0.000e+00
     45.660     8.1456   3.346706    31.9118        405     1.6833  0.000e+00
     45.877     8.1464   3.346725    31.9111        406     1.6875  0.000e+00
     46.103     8.1471   3.346556    31.9086        407     1.6917  0.000e+00
     46.334     8.1469   3.346451    31.9076        408     1.6958  0.000e+00
     46.574     8.1459   3.346357    31.9074        409     1.7000  0.000e+00
     46.816     8.1449   3.346488    31.9096        410     1.7042  0.000e+00
     47.060     8.1445   3.346625    31.9113        411     1.7083  0.000e+00
     47.295     8.1449   3.346769    31.9124        412     1.7125  0.000e+00
     47.515     8.1459   3.346681    31.9104        413     1.7167  0.000e+00
     47.725     8.1463   3.346663    31.9098        414     1.7208  0.000e+00
     47.925     8.1463   3.346451    31.9074        415     1.7250  0.000e+00
     48.113     8.1454   3.346296    31.9064        416     1.7292  0.000e+00
     48.292     8.1442   3.346153    31.9060        417     1.7333  0.000e+00
     48.467     8.1426   3.346277    31.9087        418     1.7375  0.000e+00
     48.643     8.1417   3.346128    31.9079        419     1.7417  0.000e+00
     48.824     8.1410   3.346066    31.9078        420     1.7458  0.000e+00
