HB2403/sbe097.cnv
* Sea-Bird SBE 19plus V2 Data File:
* FileName = C:\cruise\data\sbe097.hex
* Software Version Seasave V 7.26.7.121
* Temperature SN = 6128
* Conductivity SN = 6128
* System UpLoad Time = Jun 10 2024 07:00:53
* NMEA Latitude = 42 40.77 N
* NMEA Longitude = 067 01.08 W
* NMEA UTC (Time) = Jun 10 2024  07:01:29
** Ship: Henry Bigelow
** Cruise:  HB2403
** Program:  ECOMON
# nquan = 7
# nvalues = 2667                                  
# units = specified
# name 0 = depSM: Depth [salt water, m]
# name 1 = tv290C: Temperature [ITS-90, deg C]
# name 2 = c0S/m: Conductivity [S/m]
# name 3 = sal00: Salinity, Practical [PSU]
# name 4 = scan: Scan Count
# name 5 = timeM: Time, Elapsed [minutes]
# name 6 = flag:  0.000e+00
# span 0 =     -0.125,    247.497                 
# span 1 =     5.2384,    12.2215                 
# span 2 =   0.117099,   3.782046                 
# span 3 =     0.7855,    34.8897                 
# span 4 =         11,       2677                 
# span 5 =     0.0417,    11.1500                 
# span 6 = 0.0000e+00, 0.0000e+00                 
# interval = seconds: 0.25
# start_time = Jun 10 2024 07:01:29 [NMEA time, header]
# bad_flag = -9.990e-29
*END*
[from data line 2257]
     47.322     5.6294   3.134361    31.9298       2268     9.4458  0.000e+00
     47.136     5.6319   3.134719    31.9316       2269     9.4500  0.000e+00
     46.948     5.6351   3.135059    31.9325       2270     9.4542  0.000e+00
     46.760     5.6392   3.134841    31.9262       2271     9.4583  0.000e+00
     46.577     5.6429   3.134737    31.9216       2272     9.4625  0.000e+00
     46.402     5.6466   3.135235    31.9238       2273     9.4667  0.000e+00
     46.246     5.6519   3.135532    31.9223       2274     9.4708  0.000e+00
     46.115     5.6570   3.135453    31.9166       2275     9.4750  0.000e+00
     45.991     5.6608   3.135301    31.9113       2276     9.4792  0.000e+00
     45.879     5.6628   3.135314    31.9096       2277     9.4833  0.000e+00
     45.784     5.6641   3.135313    31.9085       2278     9.4875  0.000e+00
     45.695     5.6647   3.135332    31.9081       2279     9.4917  0.000e+00
     45.612     5.6652   3.135356    31.9080       2280     9.4958  0.000e+00
     45.510     5.6657   3.135356    31.9076       2281     9.5000  0.000e+00
     45.391     5.6660   3.135374    31.9075       2282     9.5042  0.000e+00
     45.265     5.6661   3.135410    31.9078       2283     9.5083  0.000e+00
     45.113     5.6665   3.135429    31.9078       2284     9.5125  0.000e+00
     44.945     5.6666   3.135410    31.9075       2285     9.5167  0.000e+00
     44.751     5.6670   3.135435    31.9076       2286     9.5208  0.000e+00
     44.543     5.6674   3.135489    31.9079       2287     9.5250  0.000e+00
     44.315     5.6676   3.135610    31.9092       2288     9.5292  0.000e+00
     44.090     5.6686   3.135811    31.9106       2289     9.5333  0.000e+00
     43.854     5.6700   3.136284    31.9147       2290     9.5375  0.000e+00
     43.617     5.6737   3.137219    31.9218       2291     9.5417  0.000e+00
     43.392     5.6819   3.137413    31.9164       2292     9.5458  0.000e+00
     43.175     5.6905   3.137523    31.9096       2293     9.5500  0.000e+00
     42.979     5.6972   3.137632    31.9045       2294     9.5542  0.000e+00
     42.799     5.7023   3.137674    31.9002       2295     9.5583  0.000e+00
     42.646     5.7059   3.137735    31.8976       2296     9.5625  0.000e+00
     42.514     5.7088   3.137850    31.8962       2297     9.5667  0.000e+00
     42.413     5.7115   3.138129    31.8969       2298     9.5708  0.000e+00
     42.331     5.7150   3.138287    31.8954       2299     9.5750  0.000e+00
     42.258     5.7186   3.138269    31.8918       2300     9.5792  0.000e+00
     42.188     5.7216   3.138226    31.8885       2301     9.5833  0.000e+00
     42.126     5.7234   3.137929    31.8835       2302     9.5875  0.000e+00
     42.056     5.7243   3.137649    31.8796       2303     9.5917  0.000e+00
     41.972     5.7241   3.137334    31.8762       2304     9.5958  0.000e+00
     41.868     5.7234   3.136842    31.8714       2305     9.6000  0.000e+00
     41.749     5.7216   3.136939    31.8742       2306     9.6042  0.000e+00
     41.612     5.7201   3.136459    31.8703       2307     9.6083  0.000e+00
     41.462     5.7183   3.136186    31.8691       2308     9.6125  0.000e+00
     41.288     5.7161   3.136326    31.8728       2309     9.6167  0.000e+00
     41.100     5.7148   3.136107    31.8716       2310     9.6208  0.000e+00
     40.909     5.7137   3.135530    31.8663       2311     9.6250  0.000e+00
     40.698     5.7114   3.135573    31.8690       2312     9.6292  0.000e+00
     40.491     5.7094   3.135651    31.8719       2313     9.6333  0.000e+00
     40.261     5.7085   3.135311    31.8690       2314     9.6375  0.000e+00
     40.043     5.7075   3.135251    31.8694       2315     9.6417  0.000e+00
     39.825     5.7066   3.135074    31.8685       2316     9.6458  0.000e+00
     39.614     5.7055   3.135032    31.8691       2317     9.6500  0.000e+00
     39.415     5.7047   3.134971    31.8693       2318     9.6542  0.000e+00
     39.215     5.7041   3.134759    31.8675       2319     9.6583  0.000e+00
     39.036     5.7035   3.134558    31.8659       2320     9.6625  0.000e+00
     38.869     5.7028   3.134443    31.8654       2321     9.6667  0.000e+00
     38.724     5.7026   3.134358    31.8647       2322     9.6708  0.000e+00
     38.579     5.7027   3.134297    31.8639       2323     9.6750  0.000e+00
     38.445     5.7034   3.134400    31.8645       2324     9.6792  0.000e+00
     38.326     5.7052   3.134558    31.8646       2325     9.6833  0.000e+00
     38.217     5.7081   3.134777    31.8644       2326     9.6875  0.000e+00
     38.102     5.7114   3.135056    31.8645       2327     9.6917  0.000e+00
     37.987     5.7164   3.135189    31.8614       2328     9.6958  0.000e+00
     37.872     5.7217   3.135292    31.8576       2329     9.7000  0.000e+00
     37.749     5.7265   3.135760    31.8584       2330     9.7042  0.000e+00
     37.615     5.7318   3.136124    31.8575       2331     9.7083  0.000e+00
     37.470     5.7373   3.136221    31.8535       2332     9.7125  0.000e+00
     37.307     5.7416   3.136245    31.8497       2333     9.7167  0.000e+00
     37.139     5.7443   3.136263    31.8474       2334     9.7208  0.000e+00
     36.959     5.7460   3.136342    31.8468       2335     9.7250  0.000e+00
     36.781     5.7473   3.136360    31.8459       2336     9.7292  0.000e+00
     36.596     5.7484   3.136421    31.8456       2337     9.7333  0.000e+00
     36.407     5.7498   3.136457    31.8448       2338     9.7375  0.000e+00
     36.227     5.7509   3.136494    31.8443       2339     9.7417  0.000e+00
     36.054     5.7518   3.136542    31.8440       2340     9.7458  0.000e+00
     35.889     5.7527   3.136639    31.8444       2341     9.7500  0.000e+00
     35.733     5.7539   3.136919    31.8465       2342     9.7542  0.000e+00
     35.577     5.7565   3.137313    31.8485       2343     9.7583  0.000e+00
     35.434     5.7618   3.137690    31.8478       2344     9.7625  0.000e+00
     35.286     5.7685   3.138424    31.8498       2345     9.7667  0.000e+00
     35.136     5.7764   3.139098    31.8500       2346     9.7708  0.000e+00
     34.990     5.7853   3.139772    31.8492       2347     9.7750  0.000e+00
     34.832     5.7953   3.140349    31.8463       2348     9.7792  0.000e+00
     34.658     5.8056   3.141023    31.8442       2349     9.7833  0.000e+00
     34.474     5.8161   3.141303    31.8375       2350     9.7875  0.000e+00
     34.275     5.8247   3.141540    31.8323       2351     9.7917  0.000e+00
     34.072     5.8314   3.141940    31.8305       2352     9.7958  0.000e+00
     33.850     5.8371   3.142080    31.8268       2353     9.8000  0.000e+00
     33.633     5.8419   3.142159    31.8233       2354     9.8042  0.000e+00
     33.414     5.8453   3.143089    31.8306       2355     9.8083  0.000e+00
     33.194     5.8517   3.144863    31.8445       2356     9.8125  0.000e+00
     32.987     5.8650   3.145914    31.8439       2357     9.8167  0.000e+00
     32.800     5.8807   3.146273    31.8333       2358     9.8208  0.000e+00
     32.625     5.8929   3.146558    31.8250       2359     9.8250  0.000e+00
     32.473     5.9020   3.146953    31.8210       2360     9.8292  0.000e+00
     32.331     5.9089   3.147288    31.8182       2361     9.8333  0.000e+00
     32.209     5.9151   3.147269    31.8123       2362     9.8375  0.000e+00
     32.110     5.9189   3.147348    31.8096       2363     9.8417  0.000e+00
     32.012     5.9211   3.147470    31.8090       2364     9.8458  0.000e+00
     31.908     5.9234   3.147585    31.8082       2365     9.8500  0.000e+00
     31.810     5.9251   3.147689    31.8077       2366     9.8542  0.000e+00
     31.705     5.9267   3.147749    31.8070       2367     9.8583  0.000e+00
     31.598     5.9281   3.147689    31.8051       2368     9.8625  0.000e+00
     31.477     5.9289   3.147944    31.8072       2369     9.8667  0.000e+00
     31.338     5.9301   3.148327    31.8104       2370     9.8708  0.000e+00
     31.189     5.9327   3.148473    31.8097       2371     9.8750  0.000e+00
     31.024     5.9357   3.148582    31.8082       2372     9.8792  0.000e+00
     30.846     5.9380   3.148764    31.8081       2373     9.8833  0.000e+00
     30.644     5.9402   3.149178    31.8107       2374     9.8875  0.000e+00
     30.433     5.9442   3.151112    31.8287       2375     9.8917  0.000e+00
     30.191     5.9543   3.153490    31.8459       2376     9.8958  0.000e+00
     29.953     5.9732   3.157184    31.8695       2377     9.9000  0.000e+00
     29.706     6.0034   3.161464    31.8891       2378     9.9042  0.000e+00
     29.455     6.0439   3.164126    31.8808       2379     9.9083  0.000e+00
     29.207     6.0850   3.164704    31.8487       2380     9.9125  0.000e+00
     28.973     6.1151   3.165246    31.8266       2381     9.9167  0.000e+00
     28.756     6.1355   3.165465    31.8100       2382     9.9208  0.000e+00
     28.545     6.1486   3.165605    31.7994       2383     9.9250  0.000e+00
     28.358     6.1570   3.165788    31.7937       2384     9.9292  0.000e+00
     28.186     6.1627   3.166025    31.7910       2385     9.9333  0.000e+00
     28.034     6.1674   3.166470    31.7917       2386     9.9375  0.000e+00
     27.896     6.1719   3.167031    31.7937       2387     9.9417  0.000e+00
     27.776     6.1771   3.167390    31.7929       2388     9.9458  0.000e+00
     27.664     6.1827   3.167670    31.7908       2389     9.9500  0.000e+00
     27.553     6.1876   3.168072    31.7907       2390     9.9542  0.000e+00
     27.452     6.1922   3.168536    31.7916       2391     9.9583  0.000e+00
     27.344     6.1973   3.168914    31.7911       2392     9.9625  0.000e+00
     27.222     6.2022   3.169108    31.7888       2393     9.9667  0.000e+00
     27.094     6.2065   3.169236    31.7862       2394     9.9708  0.000e+00
     26.950     6.2098   3.169334    31.7843       2395     9.9750  0.000e+00
     26.791     6.2121   3.169498    31.7841       2396     9.9792  0.000e+00
     26.620     6.2143   3.170017    31.7878       2397     9.9833  0.000e+00
     26.432     6.2178   3.171022    31.7958       2398     9.9875  0.000e+00
     26.233     6.2244   3.172126    31.8020       2399     9.9917  0.000e+00
     26.018     6.2339   3.172535    31.7977       2400     9.9958  0.000e+00
     25.796     6.2429   3.173114    31.7958       2401    10.0000  0.000e+00
     25.587     6.2508   3.173754    31.7957       2402    10.0042  0.000e+00
     25.371     6.2589   3.175346    31.8058       2403    10.0083  0.000e+00
     25.164     6.2704   3.176371    31.8066       2404    10.0125  0.000e+00
     24.954     6.2837   3.176834    31.7994       2405    10.0167  0.000e+00
     24.745     6.2948   3.177273    31.7940       2406    10.0208  0.000e+00
     24.541     6.3035   3.177701    31.7906       2407    10.0250  0.000e+00
     24.338     6.3108   3.178323    31.7908       2408    10.0292  0.000e+00
     24.147     6.3185   3.179891    31.8011       2409    10.0333  0.000e+00
     23.943     6.3295   3.180984    31.8030       2410    10.0375  0.000e+00
     23.742     6.3433   3.182919    31.8116       2411    10.0417  0.000e+00
     23.543     6.3598   3.184690    31.8159       2412    10.0458  0.000e+00
     23.352     6.3788   3.186143    31.8143       2413    10.0500  0.000e+00
     23.162     6.3980   3.187518    31.8117       2414    10.0542  0.000e+00
     22.977     6.4164   3.189216    31.8134       2415    10.0583  0.000e+00
     22.798     6.4346   3.189845    31.8034       2416    10.0625  0.000e+00
     22.645     6.4503   3.191281    31.8047       2417    10.0667  0.000e+00
     22.494     6.4656   3.193219    31.8119       2418    10.0708  0.000e+00
     22.352     6.4836   3.194601    31.8105       2419    10.0750  0.000e+00
     22.207     6.5022   3.195610    31.8043       2420    10.0792  0.000e+00
     22.071     6.5190   3.196380    31.7972       2421    10.0833  0.000e+00
     21.935     6.5331   3.197517    31.7967       2422    10.0875  0.000e+00
     21.787     6.5471   3.198918    31.7991       2423    10.0917  0.000e+00
     21.637     6.5624   3.200191    31.7989       2424    10.0958  0.000e+00
     21.460     6.5783   3.201231    31.7957       2425    10.1000  0.000e+00
     21.269     6.5932   3.202914    31.8004       2426    10.1042  0.000e+00
     21.080     6.6105   3.207426    31.8340       2427    10.1083  0.000e+00
     20.872     6.6409   3.212523    31.8618       2428    10.1125  0.000e+00
     20.651     6.6860   3.214557    31.8423       2429    10.1167  0.000e+00
     20.417     6.7284   3.216438    31.8237       2430    10.1208  0.000e+00
     20.176     6.7637   3.218296    31.8113       2431    10.1250  0.000e+00
     19.954     6.7941   3.219418    31.7955       2432    10.1292  0.000e+00
     19.727     6.8187   3.220969    31.7898       2433    10.1333  0.000e+00
     19.507     6.8409   3.223730    31.7995       2434    10.1375  0.000e+00
     19.289     6.8670   3.226719    31.8081       2435    10.1417  0.000e+00
     19.090     6.8975   3.228235    31.7965       2436    10.1458  0.000e+00
     18.897     6.9256   3.229223    31.7814       2437    10.1500  0.000e+00
     18.707     6.9484   3.230162    31.7707       2438    10.1542  0.000e+00
     18.534     6.9672   3.231249    31.7652       2439    10.1583  0.000e+00
     18.359     6.9842   3.236225    31.8038       2440    10.1625  0.000e+00
     18.198     7.0128   3.238155    31.7985       2441    10.1667  0.000e+00
     18.034     7.0437   3.238536    31.7741       2442    10.1708  0.000e+00
     17.856     7.0670   3.238708    31.7546       2443    10.1750  0.000e+00
     17.689     7.0827   3.241118    31.7664       2444    10.1792  0.000e+00
     17.523     7.1003   3.244722    31.7893       2445    10.1833  0.000e+00
     17.349     7.1265   3.245816    31.7772       2446    10.1875  0.000e+00
     17.165     7.1502   3.245902    31.7564       2447    10.1917  0.000e+00
     16.976     7.1657   3.246413    31.7478       2448    10.1958  0.000e+00
     16.788     7.1766   3.249773    31.7742       2449    10.2000  0.000e+00
     16.598     7.1964   3.256214    31.8258       2450    10.2042  0.000e+00
     16.397     7.2370   3.260853    31.8387       2451    10.2083  0.000e+00
     16.190     7.2867   3.262431    31.8101       2452    10.2125  0.000e+00
     15.984     7.3290   3.264175    31.7901       2453    10.2167  0.000e+00
     15.787     7.3623   3.266407    31.7838       2454    10.2208  0.000e+00
     15.583     7.3920   3.268245    31.7764       2455    10.2250  0.000e+00
     15.381     7.4200   3.269306    31.7623       2456    10.2292  0.000e+00
     15.175     7.4417   3.269824    31.7481       2457    10.2333  0.000e+00
     14.980     7.4579   3.271916    31.7558       2458    10.2375  0.000e+00
     14.781     7.4756   3.275447    31.7777       2459    10.2417  0.000e+00
     14.592     7.5025   3.277929    31.7798       2460    10.2458  0.000e+00
     14.390     7.5327   3.280412    31.7789       2461    10.2500  0.000e+00
     14.190     7.5624   3.282617    31.7755       2462    10.2542  0.000e+00
     13.988     7.5932   3.295697    31.8877       2463    10.2583  0.000e+00
     13.791     7.6605   3.302377    31.8976       2464    10.2625  0.000e+00
     13.586     7.7523   3.303411    31.8248       2465    10.2667  0.000e+00
     13.382     7.8233   3.304475    31.7715       2466    10.2708  0.000e+00
     13.184     7.8703   3.306439    31.7498       2467    10.2750  0.000e+00
     12.990     7.9072   3.308608    31.7393       2468    10.2792  0.000e+00
     12.800     7.9398   3.308961    31.7136       2469    10.2833  0.000e+00
     12.605     7.9634   3.308483    31.6872       2470    10.2875  0.000e+00
     12.416     7.9770   3.307702    31.6667       2471    10.2917  0.000e+00
