HB2403/sbe072.cnv
* Sea-Bird SBE 19plus V2 Data File:
* FileName = C:\cruise\data\sbe072.hex
* Software Version Seasave V 7.26.7.121
* Temperature SN = 6128
* Conductivity SN = 6128
* System UpLoad Time = Jun 08 2024 03:38:46
* NMEA Latitude = 40 56.23 N
* NMEA Longitude = 066 36.28 W
* NMEA UTC (Time) = Jun 08 2024  03:39:20
** Ship: Henry Bigelow
** Cruise:  HB2403
** Program:  ECOMON
# nquan = 7
# nvalues = 1108                                  
# units = specified
# name 0 = depSM: Depth [salt water, m]
# name 1 = tv290C: Temperature [ITS-90, deg C]
# name 2 = c0S/m: Conductivity [S/m]
# name 3 = sal00: Salinity, Practical [PSU]
# name 4 = scan: Scan Count
# name 5 = timeM: Time, Elapsed [minutes]
# name 6 = flag:  0.000e+00
# span 0 =     -0.085,    106.151                 
# span 1 =     7.2756,    11.9195                 
# span 2 =   0.006373,   3.888863                 
# span 3 =     0.0418,    34.6890                 
# span 4 =         11,       1118                 
# span 5 =     0.0417,     4.6542                 
# span 6 = 0.0000e+00, 0.0000e+00                 
# interval = seconds: 0.25
# start_time = Jun 08 2024 03:39:20 [NMEA time, header]
# bad_flag = -9.990e-29
*END*
[from data line 616]
     97.320    11.0576   3.871464    34.5762        627     2.6083  0.000e+00
     97.078    11.0508   3.869881    34.5669        628     2.6125  0.000e+00
     96.805    11.0437   3.868555    34.5604        629     2.6167  0.000e+00
     96.512    11.0369   3.866866    34.5501        630     2.6208  0.000e+00
     96.201    11.0295   3.865231    34.5409        631     2.6250  0.000e+00
     95.890    11.0217   3.863464    34.5308        632     2.6292  0.000e+00
     95.576    11.0129   3.859891    34.5036        633     2.6333  0.000e+00
     95.276    11.0002   3.852908    34.4460        634     2.6375  0.000e+00
     94.974    10.9777   3.842541    34.3640        635     2.6417  0.000e+00
     94.709    10.9431   3.838832    34.3595        636     2.6458  0.000e+00
     94.478    10.9079   3.836932    34.3735        637     2.6500  0.000e+00
     94.277    10.8807   3.836163    34.3915        638     2.6542  0.000e+00
     94.106    10.8619   3.834158    34.3892        639     2.6583  0.000e+00
     93.964    10.8461   3.831924    34.3818        640     2.6625  0.000e+00
     93.845    10.8314   3.832121    34.3975        641     2.6667  0.000e+00
     93.751    10.8215   3.831438    34.4001        642     2.6708  0.000e+00
     93.655    10.8145   3.829473    34.3870        643     2.6750  0.000e+00
     93.559    10.8056   3.828744    34.3881        644     2.6792  0.000e+00
     93.456    10.7971   3.827759    34.3863        645     2.6833  0.000e+00
     93.335    10.7893   3.825369    34.3698        646     2.6875  0.000e+00
     93.194    10.7782   3.820898    34.3355        647     2.6917  0.000e+00
     93.024    10.7579   3.811891    34.2643        648     2.6958  0.000e+00
     92.829    10.7229   3.808279    34.2610        649     2.7000  0.000e+00
     92.610    10.6862   3.805140    34.2640        650     2.7042  0.000e+00
     92.360    10.6551   3.804570    34.2876        651     2.7083  0.000e+00
     92.085    10.6333   3.803050    34.2930        652     2.7125  0.000e+00
     91.787    10.6165   3.797150    34.2496        653     2.7167  0.000e+00
     91.464    10.5898   3.770979    34.0116        654     2.7208  0.000e+00
     91.141    10.5081   3.733047    33.7063        655     2.7250  0.000e+00
     90.805    10.3504   3.726782    33.7896        656     2.7292  0.000e+00
     90.469    10.2078   3.716672    33.8203        657     2.7333  0.000e+00
     90.147    10.0941   3.709400    33.8528        658     2.7375  0.000e+00
     89.837    10.0032   3.705556    33.8991        659     2.7417  0.000e+00
     89.551     9.9350   3.697107    33.8771        660     2.7458  0.000e+00
     89.279     9.8727   3.670984    33.6689        661     2.7500  0.000e+00
     89.033     9.7727   3.661631    33.6668        662     2.7542  0.000e+00
     88.813     9.6703   3.652713    33.6714        663     2.7583  0.000e+00
     88.601     9.5810   3.648583    33.7128        664     2.7625  0.000e+00
     88.412     9.5105   3.640038    33.6912        665     2.7667  0.000e+00
     88.233     9.4435   3.627341    33.6233        666     2.7708  0.000e+00
     88.061     9.3694   3.622413    33.6421        667     2.7750  0.000e+00
     87.887     9.3046   3.617083    33.6481        668     2.7792  0.000e+00
     87.716     9.2497   3.615081    33.6791        669     2.7833  0.000e+00
     87.542     9.2089   3.611949    33.6852        670     2.7875  0.000e+00
     87.376     9.1764   3.609242    33.6879        671     2.7917  0.000e+00
     87.193     9.1483   3.601496    33.6340        672     2.7958  0.000e+00
     87.005     9.1121   3.593655    33.5868        673     2.8000  0.000e+00
     86.810     9.0646   3.591030    33.6043        674     2.8042  0.000e+00
     86.609     9.0249   3.591293    33.6447        675     2.8083  0.000e+00
     86.405     9.0003   3.590480    33.6595        676     2.8125  0.000e+00
     86.192     8.9849   3.590019    33.6695        677     2.8167  0.000e+00
     85.966     8.9747   3.589270    33.6714        678     2.8208  0.000e+00
     85.742     8.9668   3.588297    33.6689        679     2.8250  0.000e+00
     85.520     8.9577   3.580467    33.5958        680     2.8292  0.000e+00
     85.283     8.9357   3.575775    33.5677        681     2.8333  0.000e+00
     85.051     8.9067   3.574855    33.5857        682     2.8375  0.000e+00
     84.807     8.8827   3.573890    33.5984        683     2.8417  0.000e+00
     84.564     8.8659   3.573864    33.6142        684     2.8458  0.000e+00
     84.327     8.8552   3.571960    33.6045        685     2.8500  0.000e+00
     84.079     8.8455   3.568607    33.5787        686     2.8542  0.000e+00
     83.838     8.8303   3.565836    33.5641        687     2.8583  0.000e+00
     83.597     8.8122   3.564719    33.5697        688     2.8625  0.000e+00
     83.360     8.7968   3.561464    33.5503        689     2.8667  0.000e+00
     83.124     8.7785   3.553855    33.4880        690     2.8708  0.000e+00
     82.891     8.7486   3.548246    33.4576        691     2.8750  0.000e+00
     82.672     8.7111   3.542883    33.4369        692     2.8792  0.000e+00
     82.456     8.6717   3.537205    33.4146        693     2.8833  0.000e+00
     82.249     8.6316   3.533566    33.4143        694     2.8875  0.000e+00
     82.052     8.5949   3.530259    33.4144        695     2.8917  0.000e+00
     81.854     8.5625   3.525129    33.3911        696     2.8958  0.000e+00
     81.661     8.5288   3.520898    33.3784        697     2.9000  0.000e+00
     81.466     8.4949   3.516834    33.3677        698     2.9042  0.000e+00
     81.262     8.4619   3.514834    33.3780        699     2.9083  0.000e+00
     81.060     8.4339   3.510024    33.3538        700     2.9125  0.000e+00
     80.852     8.4049   3.504386    33.3218        701     2.9167  0.000e+00
     80.637     8.3706   3.498777    33.2951        702     2.9208  0.000e+00
     80.413     8.3314   3.492139    33.2620        703     2.9250  0.000e+00
     80.178     8.2868   3.484001    33.2180        704     2.9292  0.000e+00
     79.948     8.2346   3.476331    33.1862        705     2.9333  0.000e+00
     79.709     8.1784   3.470336    33.1758        706     2.9375  0.000e+00
     79.473     8.1243   3.464515    33.1651        707     2.9417  0.000e+00
     79.237     8.0737   3.459215    33.1567        708     2.9458  0.000e+00
     79.005     8.0274   3.457147    33.1787        709     2.9500  0.000e+00
     78.774     7.9909   3.454789    33.1882        710     2.9542  0.000e+00
     78.561     7.9629   3.452179    33.1870        711     2.9583  0.000e+00
     78.354     7.9386   3.449174    33.1781        712     2.9625  0.000e+00
     78.156     7.9157   3.447448    33.1815        713     2.9667  0.000e+00
     77.966     7.8954   3.444380    33.1680        714     2.9708  0.000e+00
     77.784     7.8755   3.442101    33.1627        715     2.9750  0.000e+00
     77.608     7.8558   3.440735    33.1668        716     2.9792  0.000e+00
     77.433     7.8394   3.440018    33.1747        717     2.9833  0.000e+00
     77.256     7.8271   3.438369    33.1689        718     2.9875  0.000e+00
     77.072     7.8157   3.436060    33.1551        719     2.9917  0.000e+00
     76.884     7.8024   3.433085    33.1359        720     2.9958  0.000e+00
     76.681     7.7847   3.429746    33.1170        721     3.0000  0.000e+00
     76.474     7.7645   3.428244    33.1202        722     3.0042  0.000e+00
     76.250     7.7464   3.425365    33.1066        723     3.0083  0.000e+00
     76.004     7.7278   3.423236    33.1015        724     3.0125  0.000e+00
     75.763     7.7090   3.416925    33.0518        725     3.0167  0.000e+00
     75.511     7.6821   3.413479    33.0404        726     3.0208  0.000e+00
     75.257     7.6521   3.411716    33.0500        727     3.0250  0.000e+00
     75.002     7.6280   3.411528    33.0710        728     3.0292  0.000e+00
     74.747     7.6115   3.409991    33.0703        729     3.0333  0.000e+00
     74.501     7.5989   3.408950    33.0711        730     3.0375  0.000e+00
     74.261     7.5878   3.408273    33.0745        731     3.0417  0.000e+00
     74.032     7.5789   3.408010    33.0803        732     3.0458  0.000e+00
     73.803     7.5728   3.407853    33.0845        733     3.0500  0.000e+00
     73.597     7.5690   3.407627    33.0858        734     3.0542  0.000e+00
     73.393     7.5664   3.407527    33.0873        735     3.0583  0.000e+00
     73.198     7.5647   3.407151    33.0849        736     3.0625  0.000e+00
     73.001     7.5628   3.407069    33.0859        737     3.0667  0.000e+00
     72.811     7.5614   3.406881    33.0853        738     3.0708  0.000e+00
     72.618     7.5600   3.406266    33.0801        739     3.0750  0.000e+00
     72.430     7.5574   3.405081    33.0699        740     3.0792  0.000e+00
     72.243     7.5529   3.404411    33.0670        741     3.0833  0.000e+00
     72.047     7.5474   3.403690    33.0646        742     3.0875  0.000e+00
     71.856     7.5422   3.403301    33.0654        743     3.0917  0.000e+00
     71.657     7.5380   3.402844    33.0647        744     3.0958  0.000e+00
     71.460     7.5341   3.401622    33.0553        745     3.1000  0.000e+00
     71.251     7.5286   3.399685    33.0397        746     3.1042  0.000e+00
     71.042     7.5199   3.398771    33.0382        747     3.1083  0.000e+00
     70.827     7.5112   3.398251    33.0410        748     3.1125  0.000e+00
     70.602     7.5043   3.397712    33.0418        749     3.1167  0.000e+00
     70.389     7.4984   3.396203    33.0313        750     3.1208  0.000e+00
     70.160     7.4918   3.395752    33.0328        751     3.1250  0.000e+00
     69.936     7.4856   3.395746    33.0387        752     3.1292  0.000e+00
     69.713     7.4818   3.395508    33.0398        753     3.1333  0.000e+00
     69.492     7.4793   3.395270    33.0398        754     3.1375  0.000e+00
     69.264     7.4770   3.395151    33.0408        755     3.1417  0.000e+00
     69.031     7.4754   3.394781    33.0384        756     3.1458  0.000e+00
     68.814     7.4736   3.394618    33.0385        757     3.1500  0.000e+00
     68.588     7.4721   3.394368    33.0373        758     3.1542  0.000e+00
     68.377     7.4703   3.394224    33.0376        759     3.1583  0.000e+00
     68.151     7.4690   3.393504    33.0312        760     3.1625  0.000e+00
     67.935     7.4661   3.391144    33.0085        761     3.1667  0.000e+00
     67.725     7.4581   3.390368    33.0079        762     3.1708  0.000e+00
     67.516     7.4501   3.390211    33.0139        763     3.1750  0.000e+00
     67.299     7.4445   3.390637    33.0239        764     3.1792  0.000e+00
     67.089     7.4422   3.390881    33.0289        765     3.1833  0.000e+00
     66.880     7.4418   3.390224    33.0222        766     3.1875  0.000e+00
     66.672     7.4404   3.389429    33.0151        767     3.1917  0.000e+00
     66.466     7.4369   3.389153    33.0155        768     3.1958  0.000e+00
     66.262     7.4337   3.389103    33.0181        769     3.2000  0.000e+00
     66.065     7.4317   3.389235    33.0215        770     3.2042  0.000e+00
     65.872     7.4309   3.389691    33.0273        771     3.2083  0.000e+00
     65.675     7.4318   3.389316    33.0224        772     3.2125  0.000e+00
     65.489     7.4319   3.389322    33.0225        773     3.2167  0.000e+00
     65.298     7.4315   3.389335    33.0232        774     3.2208  0.000e+00
     65.102     7.4317   3.389172    33.0213        775     3.2250  0.000e+00
     64.898     7.4313   3.389191    33.0220        776     3.2292  0.000e+00
     64.689     7.4311   3.389535    33.0260        777     3.2333  0.000e+00
     64.480     7.4318   3.389478    33.0248        778     3.2375  0.000e+00
     64.260     7.4325   3.389190    33.0212        779     3.2417  0.000e+00
     64.032     7.4320   3.389109    33.0208        780     3.2458  0.000e+00
     63.806     7.4316   3.389516    33.0257        781     3.2500  0.000e+00
     63.579     7.4324   3.389459    33.0245        782     3.2542  0.000e+00
     63.347     7.4330   3.389090    33.0200        783     3.2583  0.000e+00
     63.114     7.4325   3.389472    33.0247        784     3.2625  0.000e+00
     62.883     7.4327   3.389647    33.0265        785     3.2667  0.000e+00
     62.662     7.4339   3.389928    33.0286        786     3.2708  0.000e+00
     62.445     7.4352   3.389828    33.0263        787     3.2750  0.000e+00
     62.236     7.4362   3.389515    33.0221        788     3.2792  0.000e+00
     62.034     7.4358   3.389746    33.0251        789     3.2833  0.000e+00
     61.836     7.4359   3.389859    33.0263        790     3.2875  0.000e+00
     61.651     7.4366   3.389871    33.0259        791     3.2917  0.000e+00
     61.476     7.4371   3.389903    33.0258        792     3.2958  0.000e+00
     61.301     7.4376   3.389809    33.0244        793     3.3000  0.000e+00
     61.130     7.4376   3.389796    33.0243        794     3.3042  0.000e+00
     60.966     7.4377   3.389978    33.0263        795     3.3083  0.000e+00
     60.796     7.4381   3.389902    33.0251        796     3.3125  0.000e+00
     60.623     7.4382   3.389665    33.0225        797     3.3167  0.000e+00
     60.433     7.4379   3.389577    33.0220        798     3.3208  0.000e+00
     60.234     7.4373   3.389602    33.0229        799     3.3250  0.000e+00
     60.025     7.4368   3.389646    33.0240        800     3.3292  0.000e+00
     59.797     7.4368   3.389583    33.0234        801     3.3333  0.000e+00
     59.561     7.4368   3.389577    33.0235        802     3.3375  0.000e+00
     59.312     7.4367   3.389602    33.0240        803     3.3417  0.000e+00
     59.058     7.4367   3.389602    33.0241        804     3.3458  0.000e+00
     58.806     7.4368   3.389520    33.0232        805     3.3500  0.000e+00
     58.559     7.4367   3.389451    33.0227        806     3.3542  0.000e+00
     58.311     7.4365   3.389626    33.0249        807     3.3583  0.000e+00
     58.075     7.4369   3.389451    33.0228        808     3.3625  0.000e+00
     57.853     7.4364   3.388531    33.0134        809     3.3667  0.000e+00
     57.656     7.4340   3.389057    33.0214        810     3.3708  0.000e+00
     57.468     7.4331   3.388982    33.0215        811     3.3750  0.000e+00
     57.300     7.4329   3.388963    33.0216        812     3.3792  0.000e+00
     57.137     7.4326   3.388994    33.0223        813     3.3833  0.000e+00
     56.991     7.4328   3.388881    33.0210        814     3.3875  0.000e+00
     56.850     7.4325   3.388431    33.0164        815     3.3917  0.000e+00
     56.717     7.4314   3.388162    33.0147        816     3.3958  0.000e+00
     56.571     7.4296   3.388168    33.0165        817     3.4000  0.000e+00
     56.423     7.4282   3.387417    33.0098        818     3.4042  0.000e+00
     56.253     7.4260   3.388299    33.0215        819     3.4083  0.000e+00
     56.078     7.4256   3.387461    33.0129        820     3.4125  0.000e+00
     55.874     7.4239   3.386804    33.0075        821     3.4167  0.000e+00
     55.642     7.4212   3.386472    33.0066        822     3.4208  0.000e+00
     55.390     7.4175   3.383120    32.9740        823     3.4250  0.000e+00
     55.112     7.4079   3.380794    32.9581        824     3.4292  0.000e+00
     54.819     7.3934   3.382757    32.9933        825     3.4333  0.000e+00
     54.516     7.3872   3.383589    33.0083        826     3.4375  0.000e+00
     54.196     7.3872   3.380938    32.9798        827     3.4417  0.000e+00
     53.885     7.3827   3.378644    32.9594        828     3.4458  0.000e+00
     53.583     7.3716   3.378388    32.9673        829     3.4500  0.000e+00
     53.277     7.3623   3.378188    32.9741        830     3.4542  0.000e+00
