HB2403/sbe055.cnv
* Sea-Bird SBE 19plus V2 Data File:
* FileName = C:\cruise\data\sbe055.hex
* Software Version Seasave V 7.26.7.121
* Temperature SN = 6128
* Conductivity SN = 6128
* System UpLoad Time = Jun 06 2024 14:24:29
* NMEA Latitude = 40 03.58 N
* NMEA Longitude = 070 36.22 W
* NMEA UTC (Time) = Jun 06 2024  14:25:01
** Ship: Henry Bigelow
** Cruise:  HB2403
** Program:  ECOMON
# nquan = 7
# nvalues = 2984                                  
# units = specified
# name 0 = depSM: Depth [salt water, m]
# name 1 = tv290C: Temperature [ITS-90, deg C]
# name 2 = c0S/m: Conductivity [S/m]
# name 3 = sal00: Salinity, Practical [PSU]
# name 4 = scan: Scan Count
# name 5 = timeM: Time, Elapsed [minutes]
# name 6 = flag:  0.000e+00
# span 0 =     -0.128,    123.367                 
# span 1 =    11.7553,    18.8660                 
# span 2 =   0.000132,   4.303712                 
# span 3 =     0.0095,    35.2649                 
# span 4 =         11,       2994                 
# span 5 =     0.0417,    12.4708                 
# span 6 = 0.0000e+00, 0.0000e+00                 
# interval = seconds: 0.25
# start_time = Jun 06 2024 14:25:01 [NMEA time, header]
# bad_flag = -9.990e-29
*END*
[from data line 411]
     38.688    13.8650   4.143158    34.6338        422     1.7542  0.000e+00
     38.788    13.8576   4.142968    34.6387        423     1.7583  0.000e+00
     38.900    13.8518   4.142968    34.6439        424     1.7625  0.000e+00
     39.017    13.8477   4.143165    34.6494        425     1.7667  0.000e+00
     39.152    13.8460   4.143158    34.6508        426     1.7708  0.000e+00
     39.295    13.8450   4.142968    34.6499        427     1.7750  0.000e+00
     39.452    13.8438   4.142989    34.6511        428     1.7792  0.000e+00
     39.617    13.8431   4.143443    34.6559        429     1.7833  0.000e+00
     39.788    13.8448   4.143287    34.6529        430     1.7875  0.000e+00
     39.969    13.8457   4.143287    34.6519        431     1.7917  0.000e+00
     40.153    13.8460   4.143342    34.6521        432     1.7958  0.000e+00
     40.346    13.8464   4.143518    34.6534        433     1.8000  0.000e+00
     40.541    13.8470   4.143240    34.6501        434     1.8042  0.000e+00
     40.734    13.8461   4.142643    34.6453        435     1.8083  0.000e+00
     40.922    13.8428   4.142331    34.6453        436     1.8125  0.000e+00
     41.108    13.8394   4.141823    34.6435        437     1.8167  0.000e+00
     41.278    13.8353   4.141172    34.6411        438     1.8208  0.000e+00
     41.436    13.8301   4.141002    34.6441        439     1.8250  0.000e+00
     41.592    13.8251   4.140100    34.6401        440     1.8292  0.000e+00
     41.736    13.8189   4.139510    34.6402        441     1.8333  0.000e+00
     41.875    13.8117   4.139232    34.6440        442     1.8375  0.000e+00
     41.996    13.8059   4.139212    34.6490        443     1.8417  0.000e+00
     42.116    13.8022   4.138670    34.6472        444     1.8458  0.000e+00
     42.228    13.7985   4.138216    34.6463        445     1.8500  0.000e+00
     42.334    13.7943   4.138039    34.6484        446     1.8542  0.000e+00
     42.437    13.7904   4.137795    34.6496        447     1.8583  0.000e+00
     42.544    13.7865   4.137843    34.6535        448     1.8625  0.000e+00
     42.651    13.7839   4.137870    34.6561        449     1.8667  0.000e+00
     42.759    13.7818   4.137891    34.6581        450     1.8708  0.000e+00
     42.869    13.7801   4.137911    34.6598        451     1.8750  0.000e+00
     42.992    13.7788   4.138040    34.6621        452     1.8792  0.000e+00
     43.119    13.7781   4.137891    34.6613        453     1.8833  0.000e+00
     43.258    13.7773   4.137891    34.6619        454     1.8875  0.000e+00
     43.404    13.7764   4.137464    34.6588        455     1.8917  0.000e+00
     43.562    13.7747   4.137172    34.6575        456     1.8958  0.000e+00
     43.726    13.7724   4.136752    34.6555        457     1.9000  0.000e+00
     43.892    13.7695   4.136325    34.6541        458     1.9042  0.000e+00
     44.071    13.7662   4.135661    34.6508        459     1.9083  0.000e+00
     44.252    13.7614   4.133865    34.6382        460     1.9125  0.000e+00
     44.436    13.7526   4.132178    34.6303        461     1.9167  0.000e+00
     44.618    13.7406   4.131785    34.6374        462     1.9208  0.000e+00
     44.801    13.7303   4.130213    34.6319        463     1.9250  0.000e+00
     44.979    13.7201   4.129251    34.6321        464     1.9292  0.000e+00
     45.154    13.7100   4.127788    34.6275        465     1.9333  0.000e+00
     45.342    13.6958   4.119718    34.5645        466     1.9375  0.000e+00
     45.512    13.6640   4.114738    34.5465        467     1.9417  0.000e+00
     45.691    13.6235   4.114211    34.5781        468     1.9458  0.000e+00
     45.859    13.5921   4.109796    34.5650        469     1.9500  0.000e+00
     46.025    13.5616   4.106910    34.5653        470     1.9542  0.000e+00
     46.180    13.5279   4.101815    34.5479        471     1.9583  0.000e+00
     46.316    13.4895   4.095440    34.5226        472     1.9625  0.000e+00
     46.442    13.4436   4.092848    34.5397        473     1.9667  0.000e+00
     46.549    13.4024   4.088483    34.5358        474     1.9708  0.000e+00
     46.642    13.3651   4.086203    34.5481        475     1.9750  0.000e+00
     46.729    13.3328   4.084349    34.5599        476     1.9792  0.000e+00
     46.805    13.3064   4.082582    34.5671        477     1.9833  0.000e+00
     46.879    13.2843   4.081740    34.5792        478     1.9875  0.000e+00
     46.952    13.2681   4.082219    34.5985        479     1.9917  0.000e+00
     47.037    13.2584   4.081875    34.6040        480     1.9958  0.000e+00
     47.127    13.2528   4.080405    34.5952        481     2.0000  0.000e+00
     47.234    13.2449   4.077406    34.5739        482     2.0042  0.000e+00
     47.358    13.2305   4.075425    34.5682        483     2.0083  0.000e+00
     47.497    13.2142   4.073108    34.5610        484     2.0125  0.000e+00
     47.654    13.1958   4.069424    34.5428        485     2.0167  0.000e+00
     47.826    13.1717   4.068340    34.5543        486     2.0208  0.000e+00
     48.015    13.1497   4.063144    34.5250        487     2.0250  0.000e+00
     48.221    13.1228   4.063050    34.5485        488     2.0292  0.000e+00
     48.436    13.1001   4.066604    34.6029        489     2.0333  0.000e+00
     48.658    13.0957   4.059451    34.5388        490     2.0375  0.000e+00
     48.882    13.0795   4.053600    34.4978        491     2.0417  0.000e+00
     49.102    13.0446   4.048902    34.4849        492     2.0458  0.000e+00
     49.314    13.0031   4.043649    34.4726        493     2.0500  0.000e+00
     49.514    12.9579   4.039836    34.4773        494     2.0542  0.000e+00
     49.687    12.9143   4.035272    34.4735        495     2.0583  0.000e+00
     49.827    12.8705   4.029564    34.4589        496     2.0625  0.000e+00
     49.945    12.8241   4.026218    34.4693        497     2.0667  0.000e+00
     50.046    12.7810   4.024583    34.4930        498     2.0708  0.000e+00
     50.137    12.7484   4.023859    34.5158        499     2.0750  0.000e+00
     50.225    12.7259   4.023069    34.5288        500     2.0792  0.000e+00
     50.307    12.7105   4.022131    34.5339        501     2.0833  0.000e+00
     50.399    12.6983   4.021313    34.5373        502     2.0875  0.000e+00
     50.497    12.6878   4.020717    34.5411        503     2.0917  0.000e+00
     50.601    12.6792   4.020188    34.5438        504     2.0958  0.000e+00
     50.714    12.6722   4.018794    34.5369        505     2.1000  0.000e+00
     50.838    12.6629   4.014360    34.5027        506     2.1042  0.000e+00
     50.968    12.6428   4.008778    34.4675        507     2.1083  0.000e+00
     51.116    12.6096   4.004402    34.4559        508     2.1125  0.000e+00
     51.270    12.5721   4.003111    34.4778        509     2.1167  0.000e+00
     51.433    12.5411   4.000557    34.4815        510     2.1208  0.000e+00
     51.599    12.5146   3.998719    34.4881        511     2.1250  0.000e+00
     51.770    12.4929   3.997502    34.4963        512     2.1292  0.000e+00
     51.942    12.4748   3.997122    34.5092        513     2.1333  0.000e+00
     52.127    12.4617   3.998867    34.5379        514     2.1375  0.000e+00
     52.302    12.4596   3.995839    34.5106        515     2.1417  0.000e+00
     52.481    12.4521   3.992598    34.4861        516     2.1458  0.000e+00
     52.665    12.4346   3.994288    34.5185        517     2.1500  0.000e+00
     52.838    12.4242   3.990073    34.4873        518     2.1542  0.000e+00
     53.011    12.4082   3.985438    34.4572        519     2.1583  0.000e+00
     53.181    12.3807   3.978057    34.4111        520     2.1625  0.000e+00
     53.344    12.3358   3.970268    34.3770        521     2.1667  0.000e+00
     53.496    12.2755   3.959775    34.3308        522     2.1708  0.000e+00
     53.647    12.1991   3.952267    34.3282        523     2.1750  0.000e+00
     53.781    12.1146   3.945384    34.3390        524     2.1792  0.000e+00
     53.913    12.0369   3.944587    34.4028        525     2.1833  0.000e+00
     54.034    11.9825   3.943557    34.4429        526     2.1875  0.000e+00
     54.155    11.9459   3.940786    34.4497        527     2.1917  0.000e+00
     54.276    11.9154   3.940554    34.4756        528     2.1958  0.000e+00
     54.402    11.8910   3.940089    34.4936        529     2.2000  0.000e+00
     54.532    11.8726   3.941445    34.5239        530     2.2042  0.000e+00
     54.673    11.8638   3.944310    34.5600        531     2.2083  0.000e+00
     54.820    11.8661   3.946937    34.5834        532     2.2125  0.000e+00
     54.970    11.8760   3.948314    34.5877        533     2.2167  0.000e+00
     55.130    11.8871   3.949172    34.5857        534     2.2208  0.000e+00
     55.299    11.8969   3.949877    34.5834        535     2.2250  0.000e+00
     55.466    11.9054   3.950229    34.5789        536     2.2292  0.000e+00
     55.647    11.9122   3.950841    34.5784        537     2.2333  0.000e+00
     55.829    11.9171   3.952531    34.5902        538     2.2375  0.000e+00
     56.012    11.9220   3.953496    34.5950        539     2.2417  0.000e+00
     56.190    11.9266   3.954142    34.5970        540     2.2458  0.000e+00
     56.365    11.9301   3.955000    34.6021        541     2.2500  0.000e+00
     56.537    11.9331   3.956039    34.6094        542     2.2542  0.000e+00
     56.696    11.9351   3.956891    34.6158        543     2.2583  0.000e+00
     56.838    11.9363   3.957450    34.6200        544     2.2625  0.000e+00
     56.978    11.9364   3.958256    34.6277        545     2.2667  0.000e+00
     57.111    11.9356   3.958582    34.6316        546     2.2708  0.000e+00
     57.237    11.9350   3.958988    34.6361        547     2.2750  0.000e+00
     57.367    11.9348   3.959435    34.6406        548     2.2792  0.000e+00
     57.496    11.9357   3.959574    34.6410        549     2.2833  0.000e+00
     57.626    11.9370   3.959881    34.6428        550     2.2875  0.000e+00
     57.761    11.9384   3.959761    34.6402        551     2.2917  0.000e+00
     57.901    11.9401   3.959761    34.6386        552     2.2958  0.000e+00
     58.038    11.9412   3.960001    34.6399        553     2.3000  0.000e+00
     58.179    11.9422   3.959981    34.6386        554     2.3042  0.000e+00
     58.326    11.9423   3.960047    34.6392        555     2.3083  0.000e+00
     58.479    11.9416   3.960114    34.6404        556     2.3125  0.000e+00
     58.635    11.9410   3.960281    34.6425        557     2.3167  0.000e+00
     58.800    11.9409   3.960307    34.6428        558     2.3208  0.000e+00
     58.970    11.9417   3.960307    34.6420        559     2.3250  0.000e+00
     59.146    11.9426   3.960421    34.6422        560     2.3292  0.000e+00
     59.332    11.9433   3.960308    34.6403        561     2.3333  0.000e+00
     59.515    11.9433   3.960374    34.6409        562     2.3375  0.000e+00
     59.701    11.9426   3.960421    34.6420        563     2.3417  0.000e+00
     59.892    11.9424   3.960874    34.6464        564     2.3458  0.000e+00
     60.075    11.9430   3.962173    34.6585        565     2.3500  0.000e+00
     60.254    11.9461   3.964551    34.6787        566     2.3542  0.000e+00
     60.423    11.9535   3.967363    34.6992        567     2.3583  0.000e+00
     60.582    11.9653   3.971076    34.7244        568     2.3625  0.000e+00
     60.728    11.9823   3.974556    34.7425        569     2.3667  0.000e+00
     60.869    12.0032   3.977978    34.7562        570     2.3708  0.000e+00
     61.001    12.0252   3.978939    34.7451        571     2.3750  0.000e+00
     61.122    12.0436   3.979986    34.7381        572     2.3792  0.000e+00
     61.237    12.0578   3.982522    34.7495        573     2.3833  0.000e+00
     61.351    12.0727   3.985065    34.7604        574     2.3875  0.000e+00
     61.469    12.0892   3.987629    34.7699        575     2.3917  0.000e+00
     61.590    12.1067   3.989606    34.7727        576     2.3958  0.000e+00
     61.720    12.1238   3.991817    34.7783        577     2.4000  0.000e+00
     61.852    12.1405   3.993006    34.7743        578     2.4042  0.000e+00
     61.998    12.1542   3.993841    34.7696        579     2.4083  0.000e+00
     62.160    12.1650   3.993387    34.7550        580     2.4125  0.000e+00
     62.321    12.1709   3.993581    34.7514        581     2.4167  0.000e+00
     62.487    12.1741   3.994630    34.7585        582     2.4208  0.000e+00
     62.661    12.1781   3.994035    34.7489        583     2.4250  0.000e+00
     62.834    12.1801   3.993647    34.7432        584     2.4292  0.000e+00
     63.011    12.1802   3.995512    34.7612        585     2.4333  0.000e+00
     63.192    12.1842   3.998540    34.7868        586     2.4375  0.000e+00
     63.373    12.1942   3.999991    34.7915        587     2.4417  0.000e+00
     63.537    12.2060   4.002479    34.8046        588     2.4458  0.000e+00
     63.711    12.2189   4.005007    34.8170        589     2.4500  0.000e+00
     63.868    12.2341   4.007971    34.8315        590     2.4542  0.000e+00
     64.025    12.2515   4.010608    34.8409        591     2.4583  0.000e+00
     64.171    12.2696   4.014103    34.8579        592     2.4625  0.000e+00
     64.317    12.2891   4.014705    34.8455        593     2.4667  0.000e+00
     64.463    12.3042   4.015569    34.8397        594     2.4708  0.000e+00
     64.615    12.3155   4.017002    34.8431        595     2.4750  0.000e+00
     64.768    12.3259   4.017913    34.8422        596     2.4792  0.000e+00
     64.919    12.3337   4.016600    34.8221        597     2.4833  0.000e+00
     65.080    12.3366   4.016359    34.8170        598     2.4875  0.000e+00
     65.241    12.3360   4.016982    34.8235        599     2.4917  0.000e+00
     65.405    12.3375   4.017726    34.8293        600     2.4958  0.000e+00
     65.569    12.3397   4.018758    34.8371        601     2.5000  0.000e+00
     65.734    12.3438   4.019307    34.8386        602     2.5042  0.000e+00
     65.892    12.3480   4.020031    34.8416        603     2.5083  0.000e+00
     66.045    12.3523   4.021109    34.8479        604     2.5125  0.000e+00
     66.191    12.3570   4.022188    34.8539        605     2.5167  0.000e+00
     66.327    12.3624   4.023609    34.8626        606     2.5208  0.000e+00
     66.450    12.3688   4.024092    34.8613        607     2.5250  0.000e+00
     66.565    12.3746   4.025627    34.8707        608     2.5292  0.000e+00
     66.666    12.3815   4.026733    34.8749        609     2.5333  0.000e+00
     66.762    12.3888   4.027772    34.8781        610     2.5375  0.000e+00
     66.860    12.3948   4.028778    34.8822        611     2.5417  0.000e+00
     66.953    12.4003   4.029529    34.8844        612     2.5458  0.000e+00
     67.051    12.4048   4.029885    34.8835        613     2.5500  0.000e+00
     67.163    12.4079   4.030126    34.8830        614     2.5542  0.000e+00
     67.284    12.4096   4.030079    34.8809        615     2.5583  0.000e+00
     67.420    12.4095   4.029214    34.8726        616     2.5625  0.000e+00
     67.570    12.4067   4.028731    34.8704        617     2.5667  0.000e+00
     67.736    12.4018   4.028926    34.8768        618     2.5708  0.000e+00
     67.918    12.3992   4.028423    34.8743        619     2.5750  0.000e+00
     68.107    12.3986   4.030080    34.8908        620     2.5792  0.000e+00
     68.311    12.4010   4.031140    34.8987        621     2.5833  0.000e+00
     68.528    12.4054   4.032367    34.9063        622     2.5875  0.000e+00
     68.748    12.4108   4.033528    34.9125        623     2.5917  0.000e+00
     68.968    12.4168   4.036038    34.9310        624     2.5958  0.000e+00
     69.189    12.4259   4.038783    34.9490        625     2.6000  0.000e+00
