HB2403/sbe046.cnv
* Sea-Bird SBE 19plus V2 Data File:
* FileName = C:\cruise\data\sbe046.hex
* Software Version Seasave V 7.26.7.121
* Temperature SN = 6128
* Conductivity SN = 6128
* System UpLoad Time = Jun 05 2024 16:52:06
* NMEA Latitude = 38 49.94 N
* NMEA Longitude = 073 55.34 W
* NMEA UTC (Time) = Jun 05 2024  16:52:38
** Ship: Henry Bigelow
** Cruise:  HB2403
** Program:  ECOMON
# nquan = 7
# nvalues = 1232                                  
# units = specified
# name 0 = depSM: Depth [salt water, m]
# name 1 = tv290C: Temperature [ITS-90, deg C]
# name 2 = c0S/m: Conductivity [S/m]
# name 3 = sal00: Salinity, Practical [PSU]
# name 4 = scan: Scan Count
# name 5 = timeM: Time, Elapsed [minutes]
# name 6 = flag:  0.000e+00
# span 0 =     -0.184,     40.224                 
# span 1 =     7.9877,    22.2884                 
# span 2 =   0.000037,   4.326229                 
# span 3 =     0.0108,    32.2497                 
# span 4 =         11,       1242                 
# span 5 =     0.0417,     5.1708                 
# span 6 = 0.0000e+00, 0.0000e+00                 
# interval = seconds: 0.25
# start_time = Jun 05 2024 16:52:38 [NMEA time, header]
# bad_flag = -9.990e-29
*END*
[from data line 1026]
      9.323    14.9366   3.847421    31.0286       1037     4.3167  0.000e+00
      9.263    14.9916   3.853669    31.0410       1038     4.3208  0.000e+00
      9.203    15.0552   3.858622    31.0349       1039     4.3250  0.000e+00
      9.149    15.1238   3.862595    31.0162       1040     4.3292  0.000e+00
      9.084    15.1869   3.868648    31.0203       1041     4.3333  0.000e+00
      9.027    15.2527   3.873352    31.0102       1042     4.3375  0.000e+00
      8.969    15.3185   3.877021    30.9909       1043     4.3417  0.000e+00
      8.913    15.3812   3.883123    30.9958       1044     4.3458  0.000e+00
      8.861    15.4475   3.890087    31.0055       1045     4.3500  0.000e+00
      8.808    15.5228   3.898427    31.0201       1046     4.3542  0.000e+00
      8.761    15.6056   3.911437    31.0701       1047     4.3583  0.000e+00
      8.708    15.7103   3.925267    31.1099       1048     4.3625  0.000e+00
      8.659    15.8281   3.935736    31.1095       1049     4.3667  0.000e+00
      8.607    15.9457   3.934771    31.0089       1050     4.3708  0.000e+00
      8.554    16.0301   3.933010    30.9276       1051     4.3750  0.000e+00
      8.502    16.0773   3.933321    30.8936       1052     4.3792  0.000e+00
      8.442    16.1066   3.933786    30.8749       1053     4.3833  0.000e+00
      8.386    16.1279   3.935287    30.8716       1054     4.3875  0.000e+00
      8.322    16.1473   3.936615    30.8681       1055     4.3917  0.000e+00
      8.257    16.1662   3.937425    30.8606       1056     4.3958  0.000e+00
      8.185    16.1831   3.942755    30.8940       1057     4.4000  0.000e+00
      8.115    16.2110   3.944988    30.8919       1058     4.4042  0.000e+00
      8.038    16.2423   3.949424    30.9062       1059     4.4083  0.000e+00
      7.963    16.2768   3.951752    30.8998       1060     4.4125  0.000e+00
      7.894    16.3102   3.955092    30.9030       1061     4.4167  0.000e+00
      7.827    16.3436   3.954266    30.8700       1062     4.4208  0.000e+00
      7.763    16.3667   3.955284    30.8610       1063     4.4250  0.000e+00
      7.711    16.3829   3.956103    30.8556       1064     4.4292  0.000e+00
      7.660    16.3961   3.957680    30.8592       1065     4.4333  0.000e+00
      7.618    16.4088   3.958412    30.8557       1066     4.4375  0.000e+00
      7.578    16.4198   3.958719    30.8499       1067     4.4417  0.000e+00
      7.540    16.4275   3.959218    30.8483       1068     4.4458  0.000e+00
      7.507    16.4330   3.959484    30.8464       1069     4.4500  0.000e+00
      7.467    16.4377   3.961409    30.8595       1070     4.4542  0.000e+00
      7.427    16.4470   3.965892    30.8912       1071     4.4583  0.000e+00
      7.396    16.4705   3.975712    30.9582       1072     4.4625  0.000e+00
      7.346    16.5207   3.980261    30.9588       1073     4.4667  0.000e+00
      7.293    16.5766   3.979973    30.9131       1074     4.4708  0.000e+00
      7.244    16.6162   3.980640    30.8883       1075     4.4750  0.000e+00
      7.195    16.6429   3.983630    30.8936       1076     4.4792  0.000e+00
      7.147    16.6681   3.986674    30.9005       1077     4.4833  0.000e+00
      7.104    16.6965   3.987956    30.8897       1078     4.4875  0.000e+00
      7.072    16.7195   3.989712    30.8872       1079     4.4917  0.000e+00
      7.035    16.7385   3.991188    30.8853       1080     4.4958  0.000e+00
      6.995    16.7550   3.993927    30.8962       1081     4.5000  0.000e+00
      6.957    16.7745   3.996286    30.9015       1082     4.5042  0.000e+00
      6.923    16.7961   4.000057    30.9174       1083     4.5083  0.000e+00
      6.881    16.8226   4.003922    30.9303       1084     4.5125  0.000e+00
      6.834    16.8529   4.007675    30.9393       1085     4.5167  0.000e+00
      6.789    16.8848   4.011222    30.9452       1086     4.5208  0.000e+00
      6.735    16.9188   4.019847    30.9933       1087     4.5250  0.000e+00
      6.679    16.9678   4.024076    30.9918       1088     4.5292  0.000e+00
      6.621    17.0186   4.028674    30.9922       1089     4.5333  0.000e+00
      6.554    17.0663   4.032980    30.9925       1090     4.5375  0.000e+00
      6.490    17.1121   4.037254    30.9939       1091     4.5417  0.000e+00
      6.436    17.1571   4.039979    30.9827       1092     4.5458  0.000e+00
      6.386    17.1960   4.042181    30.9717       1093     4.5500  0.000e+00
      6.338    17.2292   4.042926    30.9526       1094     4.5542  0.000e+00
      6.297    17.2542   4.043348    30.9371       1095     4.5583  0.000e+00
      6.262    17.2702   4.043818    30.9289       1096     4.5625  0.000e+00
      6.226    17.2812   4.044013    30.9222       1097     4.5667  0.000e+00
      6.197    17.2884   4.044302    30.9192       1098     4.5708  0.000e+00
      6.171    17.2938   4.044597    30.9176       1099     4.5750  0.000e+00
      6.146    17.2978   4.045202    30.9197       1100     4.5792  0.000e+00
      6.118    17.3023   4.045853    30.9218       1101     4.5833  0.000e+00
      6.098    17.3081   4.046532    30.9232       1102     4.5875  0.000e+00
      6.069    17.3156   4.048856    30.9372       1103     4.5917  0.000e+00
      6.036    17.3369   4.059136    31.0085       1104     4.5958  0.000e+00
      5.998    17.3899   4.064727    31.0155       1105     4.6000  0.000e+00
      5.955    17.4520   4.068065    30.9964       1106     4.6042  0.000e+00
      5.913    17.5051   4.073257    30.9999       1107     4.6083  0.000e+00
      5.861    17.5603   4.086900    31.0735       1108     4.6125  0.000e+00
      5.799    17.6519   4.099751    31.1122       1109     4.6167  0.000e+00
      5.741    17.7679   4.103344    31.0541       1110     4.6208  0.000e+00
      5.668    17.8629   4.104248    30.9895       1111     4.6250  0.000e+00
      5.602    17.9249   4.108045    30.9745       1112     4.6292  0.000e+00
      5.529    17.9762   4.116715    31.0084       1113     4.6333  0.000e+00
      5.461    18.0435   4.125859    31.0342       1114     4.6375  0.000e+00
      5.397    18.1272   4.131263    31.0161       1115     4.6417  0.000e+00
      5.339    18.2093   4.133918    30.9763       1116     4.6458  0.000e+00
      5.294    18.2724   4.137198    30.9561       1117     4.6500  0.000e+00
      5.254    18.3238   4.138689    30.9298       1118     4.6542  0.000e+00
      5.225    18.3632   4.139062    30.9033       1119     4.6583  0.000e+00
      5.205    18.3884   4.139407    30.8872       1120     4.6625  0.000e+00
      5.192    18.4041   4.139977    30.8802       1121     4.6667  0.000e+00
      5.185    18.4148   4.140600    30.8774       1122     4.6708  0.000e+00
      5.174    18.4237   4.141177    30.8755       1123     4.6750  0.000e+00
      5.163    18.4315   4.141753    30.8744       1124     4.6792  0.000e+00
      5.149    18.4383   4.142614    30.8765       1125     4.6833  0.000e+00
      5.129    18.4458   4.143062    30.8746       1126     4.6875  0.000e+00
      5.100    18.4528   4.143985    30.8771       1127     4.6917  0.000e+00
      5.056    18.4606   4.144582    30.8762       1128     4.6958  0.000e+00
      5.015    18.4694   4.149094    30.9070       1129     4.7000  0.000e+00
      4.968    18.4937   4.153867    30.9285       1130     4.7042  0.000e+00
      4.913    18.5329   4.156087    30.9175       1131     4.7083  0.000e+00
      4.859    18.5714   4.159361    30.9158       1132     4.7125  0.000e+00
      4.799    18.6077   4.160563    30.8987       1133     4.7167  0.000e+00
      4.741    18.6358   4.161127    30.8823       1134     4.7208  0.000e+00
      4.687    18.6550   4.161867    30.8741       1135     4.7250  0.000e+00
      4.633    18.6687   4.164015    30.8816       1136     4.7292  0.000e+00
      4.580    18.6853   4.165470    30.8813       1137     4.7333  0.000e+00
      4.533    18.7015   4.166000    30.8736       1138     4.7375  0.000e+00
      4.482    18.7153   4.167475    30.8754       1139     4.7417  0.000e+00
      4.435    18.7277   4.167624    30.8675       1140     4.7458  0.000e+00
      4.393    18.7376   4.167774    30.8613       1141     4.7500  0.000e+00
      4.352    18.7439   4.168556    30.8631       1142     4.7542  0.000e+00
      4.306    18.7492   4.169134    30.8639       1143     4.7583  0.000e+00
      4.272    18.7554   4.169882    30.8655       1144     4.7625  0.000e+00
      4.236    18.7621   4.171113    30.8706       1145     4.7667  0.000e+00
      4.208    18.7704   4.170909    30.8628       1146     4.7708  0.000e+00
      4.174    18.7756   4.170439    30.8551       1147     4.7750  0.000e+00
      4.150    18.7773   4.170310    30.8527       1148     4.7792  0.000e+00
      4.123    18.7767   4.170405    30.8539       1149     4.7833  0.000e+00
      4.090    18.7762   4.170841    30.8579       1150     4.7875  0.000e+00
      4.065    18.7774   4.171643    30.8637       1151     4.7917  0.000e+00
      4.025    18.7823   4.173256    30.8734       1152     4.7958  0.000e+00
      3.985    18.7910   4.171990    30.8564       1153     4.8000  0.000e+00
      3.939    18.7929   4.172242    30.8571       1154     4.8042  0.000e+00
      3.883    18.7938   4.173160    30.8640       1155     4.8083  0.000e+00
      3.838    18.7972   4.174079    30.8691       1156     4.8125  0.000e+00
      3.783    18.8034   4.173425    30.8591       1157     4.8167  0.000e+00
      3.729    18.8056   4.172942    30.8535       1158     4.8208  0.000e+00
      3.676    18.8045   4.175412    30.8747       1159     4.8250  0.000e+00
      3.629    18.8111   4.175460    30.8702       1160     4.8292  0.000e+00
      3.582    18.8189   4.175991    30.8688       1161     4.8333  0.000e+00
      3.546    18.8246   4.175310    30.8589       1162     4.8375  0.000e+00
      3.497    18.8261   4.174425    30.8505       1163     4.8417  0.000e+00
      3.459    18.8228   4.174623    30.8546       1164     4.8458  0.000e+00
      3.419    18.8207   4.176317    30.8701       1165     4.8500  0.000e+00
      3.379    18.8258   4.176855    30.8708       1166     4.8542  0.000e+00
      3.345    18.8323   4.176970    30.8669       1167     4.8583  0.000e+00
      3.310    18.8371   4.177018    30.8638       1168     4.8625  0.000e+00
      3.267    18.8406   4.178127    30.8703       1169     4.8667  0.000e+00
      3.236    18.8456   4.179455    30.8775       1170     4.8708  0.000e+00
      3.205    18.8542   4.180919    30.8832       1171     4.8750  0.000e+00
      3.165    18.8664   4.179713    30.8642       1172     4.8792  0.000e+00
      3.122    18.8709   4.181899    30.8789       1173     4.8833  0.000e+00
      3.073    18.8795   4.183206    30.8832       1174     4.8875  0.000e+00
      3.013    18.8909   4.183513    30.8773       1175     4.8917  0.000e+00
      2.962    18.8999   4.183008    30.8664       1176     4.8958  0.000e+00
      2.913    18.9038   4.183655    30.8689       1177     4.9000  0.000e+00
      2.871    18.9075   4.186080    30.8861       1178     4.9042  0.000e+00
      2.821    18.9183   4.186686    30.8831       1179     4.9083  0.000e+00
      2.785    18.9300   4.187409    30.8803       1180     4.9125  0.000e+00
      2.750    18.9393   4.187395    30.8733       1181     4.9167  0.000e+00
      2.723    18.9452   4.187824    30.8724       1182     4.9208  0.000e+00
      2.686    18.9504   4.188825    30.8768       1183     4.9250  0.000e+00
      2.654    18.9567   4.189262    30.8757       1184     4.9292  0.000e+00
      2.612    18.9632   4.189766    30.8750       1185     4.9333  0.000e+00
      2.570    18.9686   4.189207    30.8664       1186     4.9375  0.000e+00
      2.514    18.9707   4.191156    30.8809       1187     4.9417  0.000e+00
      2.461    18.9788   4.194155    30.8996       1188     4.9458  0.000e+00
      2.410    18.9957   4.192771    30.8757       1189     4.9500  0.000e+00
      2.371    19.0038   4.194346    30.8825       1190     4.9542  0.000e+00
      2.333    19.0121   4.194107    30.8744       1191     4.9583  0.000e+00
      2.316    19.0173   4.193807    30.8681       1192     4.9625  0.000e+00
      2.296    19.0190   4.192948    30.8598       1193     4.9667  0.000e+00
      2.262    19.0165   4.192696    30.8596       1194     4.9708  0.000e+00
      2.218    19.0130   4.191885    30.8556       1195     4.9750  0.000e+00
      2.171    19.0081   4.193357    30.8713       1196     4.9792  0.000e+00
      2.115    19.0095   4.194257    30.8776       1197     4.9833  0.000e+00
      2.064    19.0155   4.193432    30.8664       1198     4.9875  0.000e+00
      2.001    19.0169   4.193677    30.8674       1199     4.9917  0.000e+00
      1.941    19.0176   4.194666    30.8751       1200     4.9958  0.000e+00
      1.887    19.0228   4.197244    30.8923       1201     5.0000  0.000e+00
      1.840    19.0349   4.196861    30.8803       1202     5.0042  0.000e+00
      1.804    19.0448   4.198041    30.8826       1203     5.0083  0.000e+00
      1.777    19.0527   4.199624    30.8897       1204     5.0125  0.000e+00
      1.762    19.0644   4.199596    30.8808       1205     5.0167  0.000e+00
      1.747    19.0741   4.200701    30.8827       1206     5.0208  0.000e+00
      1.727    19.0821   4.201117    30.8801       1207     5.0250  0.000e+00
      1.693    19.0894   4.201206    30.8754       1208     5.0292  0.000e+00
      1.627    19.0940   4.200203    30.8638       1209     5.0333  0.000e+00
      1.548    19.0929   4.199923    30.8623       1210     5.0375  0.000e+00
      1.452    19.0899   4.202734    30.8877       1211     5.0417  0.000e+00
      1.348    19.0986   4.204310    30.8941       1212     5.0458  0.000e+00
      1.256    19.1138   4.203744    30.8782       1213     5.0500  0.000e+00
      1.197    19.1214   4.204863    30.8818       1214     5.0542  0.000e+00
      1.149    19.1292   4.205293    30.8796       1215     5.0583  0.000e+00
      1.115    19.1372   4.208037    30.8961       1216     5.0625  0.000e+00
      1.095    19.1500   4.206384    30.8731       1217     5.0667  0.000e+00
      1.098    19.1553   4.205511    30.8620       1218     5.0708  0.000e+00
      1.105    19.1529   4.202890    30.8423       1219     5.0750  0.000e+00
      1.108    19.1419   4.203600    30.8563       1220     5.0792  0.000e+00
      1.110    19.1335   4.203088    30.8583       1221     5.0833  0.000e+00
      1.090    19.1287   4.204010    30.8695       1222     5.0875  0.000e+00
      1.047    19.1303   4.210550    30.9219       1223     5.0917  0.000e+00
      0.976    19.1546   4.212202    30.9173       1224     5.0958  0.000e+00
      0.904    19.1815   4.213752    30.9100       1225     5.1000  0.000e+00
      0.840    19.2055   4.214790    30.9008       1226     5.1042  0.000e+00
      0.793    19.2251   4.214257    30.8819       1227     5.1083  0.000e+00
      0.753    19.2333   4.210930    30.8486       1228     5.1125  0.000e+00
      0.717    19.2275   4.211081    30.8542       1229     5.1167  0.000e+00
      0.680    19.2190   4.212297    30.8704       1230     5.1208  0.000e+00
      0.603    19.2191   4.211969    30.8677       1231     5.1250  0.000e+00
      0.503    19.2189   4.215131    30.8937       1232     5.1292  0.000e+00
      0.375    19.2317   4.219040    30.9162       1233     5.1333  0.000e+00
      0.281    19.2556   4.216736    30.8797       1234     5.1375  0.000e+00
      0.187    19.2659   4.216770    30.8724       1235     5.1417  0.000e+00
     -0.052    19.2682   4.217290    30.8750       1236     5.1458  0.000e+00
     -0.180    19.2724   1.464900     9.6789       1237     5.1500  0.000e+00
     -0.176    19.2800   0.645292     4.0037       1238     5.1542  0.000e+00
     -0.180    19.2874   0.444455     2.6894       1239     5.1583  0.000e+00
     -0.184    19.2967   0.308221     1.8234       1240     5.1625  0.000e+00
