HB2403/sbe035.cnv
* Sea-Bird SBE 19plus V2 Data File:
* FileName = C:\cruise\data\sbe035.hex
* Software Version Seasave V 7.26.7.121
* Temperature SN = 6128
* Conductivity SN = 6128
* System UpLoad Time = Jun 04 2024 16:37:48
* NMEA Latitude = 38 56.95 N
* NMEA Longitude = 074 21.11 W
* NMEA UTC (Time) = Jun 04 2024  16:38:19
** Ship: Henry Bigelow
** Cruise:  HB2403
** Program:  ECOMON
# nquan = 7
# nvalues = 1442                                  
# units = specified
# name 0 = depSM: Depth [salt water, m]
# name 1 = tv290C: Temperature [ITS-90, deg C]
# name 2 = c0S/m: Conductivity [S/m]
# name 3 = sal00: Salinity, Practical [PSU]
# name 4 = scan: Scan Count
# name 5 = timeM: Time, Elapsed [minutes]
# name 6 = flag:  0.000e+00
# span 0 =     -0.140,     28.718                 
# span 1 =     9.9858,    20.9150                 
# span 2 =   0.000046,   4.145558                 
# span 3 =     0.0103,    31.6119                 
# span 4 =         11,       1452                 
# span 5 =     0.0417,     6.0458                 
# span 6 = 0.0000e+00, 0.0000e+00                 
# interval = seconds: 0.25
# start_time = Jun 04 2024 16:38:19 [NMEA time, header]
# bad_flag = -9.990e-29
*END*
[from data line 1231]
      5.778    18.7411   4.073113    30.0781       1242     5.1708  0.000e+00
      5.777    18.7437   4.073254    30.0773       1243     5.1750  0.000e+00
      5.769    18.7465   4.072917    30.0726       1244     5.1792  0.000e+00
      5.751    18.7471   4.072971    30.0726       1245     5.1833  0.000e+00
      5.723    18.7471   4.073752    30.0790       1246     5.1875  0.000e+00
      5.692    18.7500   4.073651    30.0761       1247     5.1917  0.000e+00
      5.646    18.7524   4.074460    30.0810       1248     5.1958  0.000e+00
      5.586    18.7563   4.075241    30.0846       1249     5.2000  0.000e+00
      5.530    18.7624   4.076508    30.0906       1250     5.2042  0.000e+00
      5.462    18.7713   4.078078    30.0971       1251     5.2083  0.000e+00
      5.397    18.7833   4.078900    30.0952       1252     5.2125  0.000e+00
      5.330    18.7949   4.079608    30.0925       1253     5.2167  0.000e+00
      5.297    18.8048   4.079661    30.0858       1254     5.2208  0.000e+00
      5.270    18.8111   4.079904    30.0832       1255     5.2250  0.000e+00
      5.259    18.8158   4.080025    30.0809       1256     5.2292  0.000e+00
      5.272    18.8189   4.079978    30.0782       1257     5.2333  0.000e+00
      5.286    18.8205   4.079944    30.0768       1258     5.2375  0.000e+00
      5.315    18.8213   4.079877    30.0756       1259     5.2417  0.000e+00
      5.344    18.8214   4.079830    30.0751       1260     5.2458  0.000e+00
      5.360    18.8213   4.079803    30.0750       1261     5.2500  0.000e+00
      5.390    18.8209   4.079783    30.0751       1262     5.2542  0.000e+00
      5.410    18.8206   4.080025    30.0773       1263     5.2583  0.000e+00
      5.419    18.8210   4.080174    30.0782       1264     5.2625  0.000e+00
      5.401    18.8218   4.080457    30.0800       1265     5.2667  0.000e+00
      5.366    18.8235   4.080760    30.0813       1266     5.2708  0.000e+00
      5.330    18.8258   4.080902    30.0807       1267     5.2750  0.000e+00
      5.284    18.8278   4.081198    30.0817       1268     5.2792  0.000e+00
      5.239    18.8297   4.081394    30.0820       1269     5.2833  0.000e+00
      5.192    18.8322   4.081562    30.0816       1270     5.2875  0.000e+00
      5.146    18.8348   4.081980    30.0831       1271     5.2917  0.000e+00
      5.114    18.8379   4.082223    30.0829       1272     5.2958  0.000e+00
      5.090    18.8410   4.082863    30.0859       1273     5.3000  0.000e+00
      5.068    18.8454   4.083450    30.0875       1274     5.3042  0.000e+00
      5.051    18.8506   4.083544    30.0845       1275     5.3083  0.000e+00
      5.048    18.8545   4.083814    30.0839       1276     5.3125  0.000e+00
      5.039    18.8577   4.084009    30.0832       1277     5.3167  0.000e+00
      5.040    18.8606   4.084306    30.0836       1278     5.3208  0.000e+00
      5.035    18.8632   4.084475    30.0830       1279     5.3250  0.000e+00
      5.028    18.8656   4.084792    30.0839       1280     5.3292  0.000e+00
      5.015    18.8682   4.085183    30.0852       1281     5.3333  0.000e+00
      5.003    18.8714   4.085311    30.0840       1282     5.3375  0.000e+00
      4.979    18.8742   4.085506    30.0835       1283     5.3417  0.000e+00
      4.963    18.8769   4.085628    30.0826       1284     5.3458  0.000e+00
      4.944    18.8790   4.085918    30.0834       1285     5.3500  0.000e+00
      4.925    18.8815   4.086268    30.0845       1286     5.3542  0.000e+00
      4.901    18.8844   4.086579    30.0850       1287     5.3583  0.000e+00
      4.867    18.8875   4.086457    30.0818       1288     5.3625  0.000e+00
      4.843    18.8894   4.086653    30.0819       1289     5.3667  0.000e+00
      4.818    18.8909   4.086754    30.0817       1290     5.3708  0.000e+00
      4.785    18.8921   4.086774    30.0810       1291     5.3750  0.000e+00
      4.760    18.8934   4.086727    30.0797       1292     5.3792  0.000e+00
      4.725    18.8940   4.086619    30.0784       1293     5.3833  0.000e+00
      4.682    18.8941   4.086578    30.0780       1294     5.3875  0.000e+00
      4.645    18.8938   4.086727    30.0795       1295     5.3917  0.000e+00
      4.614    18.8944   4.086828    30.0799       1296     5.3958  0.000e+00
      4.600    18.8951   4.086902    30.0799       1297     5.4000  0.000e+00
      4.592    18.8963   4.087098    30.0807       1298     5.4042  0.000e+00
      4.591    18.8976   4.087138    30.0801       1299     5.4083  0.000e+00
      4.596    18.8987   4.087145    30.0793       1300     5.4125  0.000e+00
      4.603    18.8994   4.087165    30.0790       1301     5.4167  0.000e+00
      4.599    18.9000   4.087266    30.0794       1302     5.4208  0.000e+00
      4.607    18.9010   4.087509    30.0806       1303     5.4250  0.000e+00
      4.597    18.9022   4.087631    30.0808       1304     5.4292  0.000e+00
      4.581    18.9037   4.088319    30.0853       1305     5.4333  0.000e+00
      4.561    18.9077   4.088420    30.0833       1306     5.4375  0.000e+00
      4.536    18.9111   4.088541    30.0818       1307     5.4417  0.000e+00
      4.499    18.9136   4.088663    30.0810       1308     5.4458  0.000e+00
      4.463    18.9157   4.088663    30.0795       1309     5.4500  0.000e+00
      4.425    18.9170   4.088811    30.0798       1310     5.4542  0.000e+00
      4.385    18.9187   4.088784    30.0783       1311     5.4583  0.000e+00
      4.342    18.9207   4.089027    30.0789       1312     5.4625  0.000e+00
      4.294    18.9230   4.089351    30.0799       1313     5.4667  0.000e+00
      4.252    18.9267   4.089499    30.0784       1314     5.4708  0.000e+00
      4.232    18.9296   4.089567    30.0769       1315     5.4750  0.000e+00
      4.214    18.9319   4.089593    30.0754       1316     5.4792  0.000e+00
      4.201    18.9333   4.089324    30.0722       1317     5.4833  0.000e+00
      4.197    18.9330   4.089519    30.0740       1318     5.4875  0.000e+00
      4.195    18.9333   4.089620    30.0747       1319     5.4917  0.000e+00
      4.197    18.9340   4.089641    30.0744       1320     5.4958  0.000e+00
      4.195    18.9348   4.089789    30.0750       1321     5.5000  0.000e+00
      4.193    18.9358   4.090282    30.0783       1322     5.5042  0.000e+00
      4.170    18.9389   4.090626    30.0789       1323     5.5083  0.000e+00
      4.145    18.9430   4.090761    30.0770       1324     5.5125  0.000e+00
      4.119    18.9463   4.091091    30.0773       1325     5.5167  0.000e+00
      4.081    18.9496   4.091631    30.0794       1326     5.5208  0.000e+00
      4.048    18.9539   4.092070    30.0799       1327     5.5250  0.000e+00
      4.014    18.9589   4.092367    30.0787       1328     5.5292  0.000e+00
      3.976    18.9637   4.092805    30.0788       1329     5.5333  0.000e+00
      3.925    18.9682   4.092285    30.0713       1330     5.5375  0.000e+00
      3.882    18.9693   4.092366    30.0712       1331     5.5417  0.000e+00
      3.846    18.9698   4.092292    30.0703       1332     5.5458  0.000e+00
      3.830    18.9698   4.092069    30.0684       1333     5.5500  0.000e+00
      3.826    18.9688   4.092191    30.0702       1334     5.5542  0.000e+00
      3.820    18.9684   4.092461    30.0726       1335     5.5583  0.000e+00
      3.824    18.9693   4.093527    30.0807       1336     5.5625  0.000e+00
      3.831    18.9738   4.094398    30.0845       1337     5.5667  0.000e+00
      3.835    18.9812   4.093122    30.0688       1338     5.5708  0.000e+00
      3.827    18.9819   4.095431    30.0872       1339     5.5750  0.000e+00
      3.807    18.9884   4.095235    30.0809       1340     5.5792  0.000e+00
      3.782    18.9976   4.097227    30.0905       1341     5.5833  0.000e+00
      3.740    19.0080   4.097368    30.0841       1342     5.5875  0.000e+00
      3.697    19.0166   4.097740    30.0810       1343     5.5917  0.000e+00
      3.643    19.0232   4.099212    30.0882       1344     5.5958  0.000e+00
      3.590    19.0333   4.098401    30.0743       1345     5.6000  0.000e+00
      3.552    19.0370   4.098037    30.0687       1346     5.6042  0.000e+00
      3.520    19.0369   4.096956    30.0599       1347     5.6083  0.000e+00
      3.495    19.0326   4.097436    30.0670       1348     5.6125  0.000e+00
      3.476    19.0305   4.099144    30.0824       1349     5.6167  0.000e+00
      3.460    19.0357   4.099826    30.0843       1350     5.6208  0.000e+00
      3.444    19.0444   4.100515    30.0836       1351     5.6250  0.000e+00
      3.433    19.0530   4.101130    30.0825       1352     5.6292  0.000e+00
      3.420    19.0612   4.102157    30.0849       1353     5.6333  0.000e+00
      3.405    19.0698   4.101744    30.0753       1354     5.6375  0.000e+00
      3.389    19.0754   4.103839    30.0884       1355     5.6417  0.000e+00
      3.362    19.0855   4.103372    30.0773       1356     5.6458  0.000e+00
      3.338    19.0923   4.105143    30.0868       1357     5.6500  0.000e+00
      3.306    19.1029   4.106711    30.0920       1358     5.6542  0.000e+00
      3.273    19.1167   4.109556    30.1052       1359     5.6583  0.000e+00
      3.229    19.1379   4.110543    30.0980       1360     5.6625  0.000e+00
      3.198    19.1578   4.109231    30.0729       1361     5.6667  0.000e+00
      3.167    19.1649   4.111253    30.0843       1362     5.6708  0.000e+00
      3.150    19.1747   4.111699    30.0808       1363     5.6750  0.000e+00
      3.137    19.1857   4.113701    30.0892       1364     5.6792  0.000e+00
      3.130    19.1998   4.113403    30.0766       1365     5.6833  0.000e+00
      3.126    19.2096   4.113328    30.0689       1366     5.6875  0.000e+00
      3.112    19.2137   4.112909    30.0626       1367     5.6917  0.000e+00
      3.099    19.2138   4.111820    30.0536       1368     5.6958  0.000e+00
      3.067    19.2094   4.111820    30.0568       1369     5.7000  0.000e+00
      3.034    19.2044   4.110961    30.0534       1370     5.7042  0.000e+00
      3.005    19.1996   4.112118    30.0663       1371     5.7083  0.000e+00
      2.967    19.2001   4.113254    30.0752       1372     5.7125  0.000e+00
      2.932    19.2069   4.114478    30.0803       1373     5.7167  0.000e+00
      2.881    19.2167   4.114485    30.0733       1374     5.7208  0.000e+00
      2.821    19.2247   4.114316    30.0661       1375     5.7250  0.000e+00
      2.773    19.2273   4.114018    30.0619       1376     5.7292  0.000e+00
      2.729    19.2275   4.114221    30.0634       1377     5.7333  0.000e+00
      2.697    19.2285   4.113822    30.0594       1378     5.7375  0.000e+00
      2.675    19.2279   4.113673    30.0587       1379     5.7417  0.000e+00
      2.666    19.2262   4.113301    30.0568       1380     5.7458  0.000e+00
      2.654    19.2235   4.113896    30.0636       1381     5.7500  0.000e+00
      2.648    19.2236   4.112665    30.0536       1382     5.7542  0.000e+00
      2.637    19.2202   4.113227    30.0606       1383     5.7583  0.000e+00
      2.637    19.2182   4.113152    30.0614       1384     5.7625  0.000e+00
      2.617    19.2185   4.114661    30.0735       1385     5.7667  0.000e+00
      2.604    19.2245   4.116812    30.0867       1386     5.7708  0.000e+00
      2.584    19.2381   4.115986    30.0702       1387     5.7750  0.000e+00
      2.551    19.2470   4.117772    30.0783       1388     5.7792  0.000e+00
      2.509    19.2572   4.119180    30.0824       1389     5.7833  0.000e+00
      2.459    19.2713   4.118760    30.0688       1390     5.7875  0.000e+00
      2.399    19.2789   4.118746    30.0633       1391     5.7917  0.000e+00
      2.348    19.2835   4.119403    30.0653       1392     5.7958  0.000e+00
      2.292    19.2893   4.123410    30.0937       1393     5.8000  0.000e+00
      2.235    19.3092   4.125617    30.0974       1394     5.8042  0.000e+00
      2.202    19.3350   4.125718    30.0796       1395     5.8083  0.000e+00
      2.180    19.3533   4.124154    30.0537       1396     5.8125  0.000e+00
      2.180    19.3573   4.123213    30.0432       1397     5.8167  0.000e+00
      2.178    19.3532   4.122942    30.0439       1398     5.8208  0.000e+00
      2.191    19.3475   4.122644    30.0456       1399     5.8250  0.000e+00
      2.196    19.3437   4.123470    30.0550       1400     5.8292  0.000e+00
      2.202    19.3437   4.124479    30.0632       1401     5.8333  0.000e+00
      2.187    19.3495   4.124993    30.0633       1402     5.8375  0.000e+00
      2.160    19.3562   4.124871    30.0574       1403     5.8417  0.000e+00
      2.117    19.3605   4.125129    30.0565       1404     5.8458  0.000e+00
      2.023    19.3638   4.124993    30.0530       1405     5.8500  0.000e+00
      1.921    19.3660   4.126185    30.0612       1406     5.8542  0.000e+00
      1.840    19.3707   4.126137    30.0574       1407     5.8583  0.000e+00
      1.793    19.3761   4.126212    30.0542       1408     5.8625  0.000e+00
      1.774    19.3791   4.126212    30.0520       1409     5.8667  0.000e+00
      1.758    19.3804   4.126855    30.0563       1410     5.8708  0.000e+00
      1.754    19.3842   4.129063    30.0715       1411     5.8750  0.000e+00
      1.745    19.3959   4.125717    30.0359       1412     5.8792  0.000e+00
      1.742    19.3916   4.124227    30.0269       1413     5.8833  0.000e+00
      1.732    19.3780   4.124228    30.0367       1414     5.8875  0.000e+00
      1.723    19.3685   4.125514    30.0540       1415     5.8917  0.000e+00
      1.706    19.3692   4.125453    30.0530       1416     5.8958  0.000e+00
      1.678    19.3708   4.125568    30.0528       1417     5.9000  0.000e+00
      1.652    19.3724   4.125440    30.0506       1418     5.9042  0.000e+00
      1.621    19.3729   4.126828    30.0615       1419     5.9083  0.000e+00
      1.590    19.3787   4.128982    30.0748       1420     5.9125  0.000e+00
      1.539    19.3939   4.130621    30.0772       1421     5.9167  0.000e+00
      1.485    19.4112   4.131393    30.0710       1422     5.9208  0.000e+00
      1.425    19.4273   4.136754    30.1029       1423     5.9250  0.000e+00
      1.368    19.4598   4.137106    30.0824       1424     5.9292  0.000e+00
      1.312    19.4863   4.136882    30.0616       1425     5.9333  0.000e+00
      1.280    19.5012   4.136780    30.0501       1426     5.9375  0.000e+00
      1.267    19.5080   4.136360    30.0418       1427     5.9417  0.000e+00
      1.254    19.5101   4.136156    30.0386       1428     5.9458  0.000e+00
      1.240    19.5098   4.136902    30.0449       1429     5.9500  0.000e+00
      1.216    19.5118   4.137553    30.0487       1430     5.9542  0.000e+00
      1.186    19.5165   4.136082    30.0334       1431     5.9583  0.000e+00
      1.157    19.5140   4.134645    30.0237       1432     5.9625  0.000e+00
      1.155    19.5051   4.135540    30.0372       1433     5.9667  0.000e+00
      1.155    19.5019   4.135540    30.0396       1434     5.9708  0.000e+00
      1.150    19.5012   4.135858    30.0426       1435     5.9750  0.000e+00
      1.151    19.5021   4.136394    30.0464       1436     5.9792  0.000e+00
      1.135    19.5053   4.134963    30.0325       1437     5.9833  0.000e+00
      1.102    19.5023   4.136658    30.0483       1438     5.9875  0.000e+00
      1.009    19.5055   4.138034    30.0572       1439     5.9917  0.000e+00
      0.913    19.5149   4.137926    30.0496       1440     5.9958  0.000e+00
      0.808    19.5215   4.137675    30.0429       1441     6.0000  0.000e+00
      0.661    19.5242   4.138346    30.0464       1442     6.0042  0.000e+00
      0.495    19.5276   4.138224    30.0431       1443     6.0083  0.000e+00
      0.332    19.5302   4.138495    30.0434       1444     6.0125  0.000e+00
      0.148    19.5325   4.139641    30.0511       1445     6.0167  0.000e+00
