HB2403/sbe057.cnv
* Sea-Bird SBE 19plus V2 Data File:
* FileName = C:\cruise\data\sbe057.hex
* Software Version Seasave V 7.26.7.121
* Temperature SN = 6128
* Conductivity SN = 6128
* System UpLoad Time = Jun 06 2024 21:58:57
* NMEA Latitude = 40 29.30 N
* NMEA Longitude = 069 05.63 W
* NMEA UTC (Time) = Jun 06 2024  21:59:30
** Ship: Henry Bigelow
** Cruise:  HB2403
** Program:  ECOMON
# nquan = 7
# nvalues = 1665                                  
# units = specified
# name 0 = depSM: Depth [salt water, m]
# name 1 = tv290C: Temperature [ITS-90, deg C]
# name 2 = c0S/m: Conductivity [S/m]
# name 3 = sal00: Salinity, Practical [PSU]
# name 4 = scan: Scan Count
# name 5 = timeM: Time, Elapsed [minutes]
# name 6 = flag:  0.000e+00
# span 0 =     -0.311,     76.381                 
# span 1 =     7.5075,    15.5417                 
# span 2 =  -0.082023,   3.931547                 
# span 3 =     0.0000,    33.0834                 
# span 4 =         11,       1675                 
# span 5 =     0.0417,     6.9750                 
# span 6 = 0.0000e+00, 0.0000e+00                 
# interval = seconds: 0.25
# start_time = Jun 06 2024 21:59:30 [NMEA time, header]
# bad_flag = -9.990e-29
*END*
[from data line 821]
     58.871     7.6510   3.333345    32.2173        832     3.4625  0.000e+00
     58.819     7.6518   3.333556    32.2188        833     3.4667  0.000e+00
     58.777     7.6533   3.333705    32.2190        834     3.4708  0.000e+00
     58.741     7.6557   3.333830    32.2181        835     3.4750  0.000e+00
     58.713     7.6580   3.333923    32.2171        836     3.4792  0.000e+00
     58.688     7.6599   3.334029    32.2164        837     3.4833  0.000e+00
     58.660     7.6616   3.334029    32.2149        838     3.4875  0.000e+00
     58.637     7.6629   3.333985    32.2132        839     3.4917  0.000e+00
     58.591     7.6633   3.334109    32.2142        840     3.4958  0.000e+00
     58.541     7.6642   3.334346    32.2159        841     3.5000  0.000e+00
     58.476     7.6665   3.334601    32.2165        842     3.5042  0.000e+00
     58.395     7.6695   3.334638    32.2142        843     3.5083  0.000e+00
     58.298     7.6720   3.334687    32.2124        844     3.5125  0.000e+00
     58.190     7.6736   3.334706    32.2112        845     3.5167  0.000e+00
     58.078     7.6749   3.334762    32.2107        846     3.5208  0.000e+00
     57.962     7.6757   3.334750    32.2098        847     3.5250  0.000e+00
     57.840     7.6764   3.334861    32.2104        848     3.5292  0.000e+00
     57.726     7.6776   3.335004    32.2110        849     3.5333  0.000e+00
     57.616     7.6793   3.335066    32.2101        850     3.5375  0.000e+00
     57.511     7.6809   3.334979    32.2078        851     3.5417  0.000e+00
     57.413     7.6813   3.335091    32.2086        852     3.5458  0.000e+00
     57.330     7.6822   3.335303    32.2101        853     3.5500  0.000e+00
     57.252     7.6839   3.335725    32.2131        854     3.5542  0.000e+00
     57.183     7.6880   3.335707    32.2091        855     3.5583  0.000e+00
     57.123     7.6914   3.336030    32.2095        856     3.5625  0.000e+00
     57.061     7.6949   3.336130    32.2073        857     3.5667  0.000e+00
     57.007     7.6983   3.336260    32.2056        858     3.5708  0.000e+00
     56.949     7.7008   3.336297    32.2037        859     3.5750  0.000e+00
     56.892     7.7028   3.336515    32.2042        860     3.5792  0.000e+00
     56.827     7.7054   3.336677    32.2036        861     3.5833  0.000e+00
     56.756     7.7081   3.336708    32.2014        862     3.5875  0.000e+00
     56.682     7.7103   3.337068    32.2033        863     3.5917  0.000e+00
     56.597     7.7132   3.337348    32.2037        864     3.5958  0.000e+00
     56.514     7.7171   3.337497    32.2017        865     3.6000  0.000e+00
     56.411     7.7205   3.337547    32.1992        866     3.6042  0.000e+00
     56.310     7.7228   3.337559    32.1971        867     3.6083  0.000e+00
     56.209     7.7245   3.337622    32.1963        868     3.6125  0.000e+00
     56.100     7.7256   3.337690    32.1960        869     3.6167  0.000e+00
     55.999     7.7270   3.337771    32.1957        870     3.6208  0.000e+00
     55.894     7.7280   3.337733    32.1944        871     3.6250  0.000e+00
     55.800     7.7288   3.337833    32.1948        872     3.6292  0.000e+00
     55.711     7.7298   3.338051    32.1963        873     3.6333  0.000e+00
     55.634     7.7313   3.338218    32.1967        874     3.6375  0.000e+00
     55.565     7.7334   3.338411    32.1969        875     3.6417  0.000e+00
     55.503     7.7359   3.338455    32.1950        876     3.6458  0.000e+00
     55.454     7.7381   3.338523    32.1938        877     3.6500  0.000e+00
     55.409     7.7398   3.338579    32.1928        878     3.6542  0.000e+00
     55.366     7.7412   3.338523    32.1909        879     3.6583  0.000e+00
     55.327     7.7415   3.338535    32.1908        880     3.6625  0.000e+00
     55.278     7.7419   3.338560    32.1908        881     3.6667  0.000e+00
     55.231     7.7420   3.338604    32.1911        882     3.6708  0.000e+00
     55.173     7.7425   3.338666    32.1913        883     3.6750  0.000e+00
     55.112     7.7434   3.338822    32.1922        884     3.6792  0.000e+00
     55.037     7.7448   3.338921    32.1920        885     3.6833  0.000e+00
     54.965     7.7462   3.338965    32.1912        886     3.6875  0.000e+00
     54.888     7.7477   3.339045    32.1907        887     3.6917  0.000e+00
     54.808     7.7492   3.339070    32.1897        888     3.6958  0.000e+00
     54.727     7.7500   3.339089    32.1891        889     3.7000  0.000e+00
     54.653     7.7507   3.339114    32.1888        890     3.7042  0.000e+00
     54.577     7.7514   3.339095    32.1879        891     3.7083  0.000e+00
     54.506     7.7519   3.339207    32.1888        892     3.7125  0.000e+00
     54.434     7.7524   3.339219    32.1885        893     3.7167  0.000e+00
     54.364     7.7533   3.339369    32.1892        894     3.7208  0.000e+00
     54.286     7.7544   3.339456    32.1892        895     3.7250  0.000e+00
     54.207     7.7558   3.339580    32.1893        896     3.7292  0.000e+00
     54.125     7.7576   3.339736    32.1894        897     3.7333  0.000e+00
     54.033     7.7595   3.339773    32.1880        898     3.7375  0.000e+00
     53.935     7.7609   3.339798    32.1870        899     3.7417  0.000e+00
     53.831     7.7623   3.339947    32.1874        900     3.7458  0.000e+00
     53.731     7.7639   3.340115    32.1877        901     3.7500  0.000e+00
     53.613     7.7660   3.340221    32.1869        902     3.7542  0.000e+00
     53.509     7.7681   3.340326    32.1862        903     3.7583  0.000e+00
     53.396     7.7701   3.340432    32.1855        904     3.7625  0.000e+00
     53.294     7.7723   3.340463    32.1839        905     3.7667  0.000e+00
     53.195     7.7738   3.340519    32.1831        906     3.7708  0.000e+00
     53.112     7.7749   3.340563    32.1827        907     3.7750  0.000e+00
     53.042     7.7761   3.340581    32.1818        908     3.7792  0.000e+00
     52.980     7.7769   3.340668    32.1820        909     3.7833  0.000e+00
     52.929     7.7778   3.340724    32.1818        910     3.7875  0.000e+00
     52.890     7.7789   3.340730    32.1808        911     3.7917  0.000e+00
     52.858     7.7797   3.340768    32.1805        912     3.7958  0.000e+00
     52.834     7.7803   3.340799    32.1803        913     3.8000  0.000e+00
     52.822     7.7808   3.340774    32.1796        914     3.8042  0.000e+00
     52.805     7.7808   3.340749    32.1793        915     3.8083  0.000e+00
     52.780     7.7809   3.340730    32.1790        916     3.8125  0.000e+00
     52.760     7.7807   3.340706    32.1790        917     3.8167  0.000e+00
     52.736     7.7805   3.340730    32.1795        918     3.8208  0.000e+00
     52.709     7.7804   3.340799    32.1803        919     3.8250  0.000e+00
     52.660     7.7808   3.340830    32.1802        920     3.8292  0.000e+00
     52.611     7.7811   3.340817    32.1799        921     3.8333  0.000e+00
     52.544     7.7816   3.340992    32.1813        922     3.8375  0.000e+00
     52.468     7.7825   3.341160    32.1823        923     3.8417  0.000e+00
     52.380     7.7845   3.341309    32.1821        924     3.8458  0.000e+00
     52.278     7.7865   3.341415    32.1814        925     3.8500  0.000e+00
     52.170     7.7888   3.341520    32.1805        926     3.8542  0.000e+00
     52.051     7.7908   3.341576    32.1793        927     3.8583  0.000e+00
     51.933     7.7924   3.341607    32.1782        928     3.8625  0.000e+00
     51.814     7.7935   3.341651    32.1777        929     3.8667  0.000e+00
     51.697     7.7946   3.341676    32.1770        930     3.8708  0.000e+00
     51.589     7.7953   3.341694    32.1766        931     3.8750  0.000e+00
     51.492     7.7957   3.341676    32.1761        932     3.8792  0.000e+00
     51.402     7.7960   3.341713    32.1762        933     3.8833  0.000e+00
     51.331     7.7964   3.341819    32.1771        934     3.8875  0.000e+00
     51.270     7.7973   3.341837    32.1764        935     3.8917  0.000e+00
     51.226     7.7980   3.341844    32.1759        936     3.8958  0.000e+00
     51.186     7.7986   3.341862    32.1756        937     3.9000  0.000e+00
     51.158     7.7988   3.341862    32.1754        938     3.9042  0.000e+00
     51.145     7.7991   3.341887    32.1754        939     3.9083  0.000e+00
     51.132     7.7995   3.341924    32.1755        940     3.9125  0.000e+00
     51.132     7.7998   3.341949    32.1754        941     3.9167  0.000e+00
     51.124     7.8002   3.341962    32.1752        942     3.9208  0.000e+00
     51.117     7.8005   3.341993    32.1752        943     3.9250  0.000e+00
     51.099     7.8009   3.341993    32.1749        944     3.9292  0.000e+00
     51.071     7.8013   3.342024    32.1749        945     3.9333  0.000e+00
     51.031     7.8014   3.342074    32.1753        946     3.9375  0.000e+00
     50.975     7.8023   3.342123    32.1751        947     3.9417  0.000e+00
     50.888     7.8030   3.342161    32.1748        948     3.9458  0.000e+00
     50.801     7.8039   3.342291    32.1754        949     3.9500  0.000e+00
     50.702     7.8049   3.342428    32.1760        950     3.9542  0.000e+00
     50.611     7.8070   3.342565    32.1756        951     3.9583  0.000e+00
     50.508     7.8093   3.342652    32.1745        952     3.9625  0.000e+00
     50.421     7.8112   3.342671    32.1729        953     3.9667  0.000e+00
     50.342     7.8129   3.342696    32.1717        954     3.9708  0.000e+00
     50.274     7.8140   3.342733    32.1711        955     3.9750  0.000e+00
     50.204     7.8149   3.342783    32.1708        956     3.9792  0.000e+00
     50.153     7.8157   3.342795    32.1702        957     3.9833  0.000e+00
     50.100     7.8165   3.342758    32.1691        958     3.9875  0.000e+00
     50.061     7.8168   3.342758    32.1689        959     3.9917  0.000e+00
     50.025     7.8167   3.342770    32.1691        960     3.9958  0.000e+00
     49.998     7.8167   3.342758    32.1690        961     4.0000  0.000e+00
     49.965     7.8167   3.342795    32.1694        962     4.0042  0.000e+00
     49.940     7.8171   3.342801    32.1691        963     4.0083  0.000e+00
     49.902     7.8174   3.342820    32.1691        964     4.0125  0.000e+00
     49.864     7.8175   3.342795    32.1687        965     4.0167  0.000e+00
     49.820     7.8174   3.342820    32.1691        966     4.0208  0.000e+00
     49.782     7.8175   3.342814    32.1689        967     4.0250  0.000e+00
     49.739     7.8176   3.342801    32.1687        968     4.0292  0.000e+00
     49.692     7.8179   3.342845    32.1689        969     4.0333  0.000e+00
     49.645     7.8182   3.342932    32.1696        970     4.0375  0.000e+00
     49.592     7.8190   3.342969    32.1693        971     4.0417  0.000e+00
     49.531     7.8202   3.343013    32.1687        972     4.0458  0.000e+00
     49.473     7.8209   3.343013    32.1681        973     4.0500  0.000e+00
     49.415     7.8214   3.343013    32.1676        974     4.0542  0.000e+00
     49.347     7.8218   3.343119    32.1684        975     4.0583  0.000e+00
     49.271     7.8225   3.343143    32.1681        976     4.0625  0.000e+00
     49.195     7.8234   3.343199    32.1679        977     4.0667  0.000e+00
     49.113     7.8241   3.343143    32.1667        978     4.0708  0.000e+00
     49.037     7.8243   3.343218    32.1673        979     4.0750  0.000e+00
     48.969     7.8250   3.343355    32.1682        980     4.0792  0.000e+00
     48.907     7.8263   3.343548    32.1691        981     4.0833  0.000e+00
     48.845     7.8282   3.343461    32.1664        982     4.0875  0.000e+00
     48.793     7.8292   3.343529    32.1663        983     4.0917  0.000e+00
     48.753     7.8298   3.343560    32.1660        984     4.0958  0.000e+00
     48.712     7.8307   3.343529    32.1649        985     4.1000  0.000e+00
     48.681     7.8310   3.343529    32.1646        986     4.1042  0.000e+00
     48.652     7.8312   3.343560    32.1648        987     4.1083  0.000e+00
     48.630     7.8316   3.343678    32.1657        988     4.1125  0.000e+00
     48.606     7.8324   3.343784    32.1661        989     4.1167  0.000e+00
     48.571     7.8336   3.343828    32.1655        990     4.1208  0.000e+00
     48.533     7.8347   3.343865    32.1649        991     4.1250  0.000e+00
     48.481     7.8356   3.343865    32.1641        992     4.1292  0.000e+00
     48.419     7.8362   3.344058    32.1656        993     4.1333  0.000e+00
     48.350     7.8377   3.344232    32.1661        994     4.1375  0.000e+00
     48.273     7.8400   3.344425    32.1661        995     4.1417  0.000e+00
     48.189     7.8428   3.344574    32.1651        996     4.1458  0.000e+00
     48.104     7.8455   3.344699    32.1640        997     4.1500  0.000e+00
     48.017     7.8478   3.344998    32.1651        998     4.1542  0.000e+00
     47.939     7.8508   3.345166    32.1642        999     4.1583  0.000e+00
     47.863     7.8539   3.345321    32.1631       1000     4.1625  0.000e+00
     47.791     7.8565   3.345471    32.1622       1001     4.1667  0.000e+00
     47.733     7.8590   3.345732    32.1628       1002     4.1708  0.000e+00
     47.681     7.8621   3.345962    32.1624       1003     4.1750  0.000e+00
     47.643     7.8652   3.345993    32.1599       1004     4.1792  0.000e+00
     47.610     7.8676   3.346068    32.1585       1005     4.1833  0.000e+00
     47.581     7.8693   3.346130    32.1576       1006     4.1875  0.000e+00
     47.556     7.8709   3.346361    32.1586       1007     4.1917  0.000e+00
     47.532     7.8725   3.346323    32.1567       1008     4.1958  0.000e+00
     47.499     7.8741   3.346523    32.1575       1009     4.2000  0.000e+00
     47.467     7.8754   3.346560    32.1566       1010     4.2042  0.000e+00
     47.423     7.8769   3.346460    32.1542       1011     4.2083  0.000e+00
     47.374     7.8771   3.346410    32.1535       1012     4.2125  0.000e+00
     47.311     7.8770   3.346753    32.1573       1013     4.2167  0.000e+00
     47.246     7.8784   3.347008    32.1587       1014     4.2208  0.000e+00
     47.174     7.8814   3.347774    32.1642       1015     4.2250  0.000e+00
     47.089     7.8863   3.347905    32.1611       1016     4.2292  0.000e+00
     47.007     7.8912   3.348116    32.1589       1017     4.2333  0.000e+00
     46.930     7.8950   3.348291    32.1573       1018     4.2375  0.000e+00
     46.844     7.8984   3.348633    32.1578       1019     4.2417  0.000e+00
     46.770     7.9024   3.348677    32.1546       1020     4.2458  0.000e+00
     46.689     7.9061   3.348857    32.1532       1021     4.2500  0.000e+00
     46.618     7.9093   3.348975    32.1515       1022     4.2542  0.000e+00
     46.553     7.9122   3.349044    32.1497       1023     4.2583  0.000e+00
     46.486     7.9147   3.349168    32.1487       1024     4.2625  0.000e+00
     46.424     7.9172   3.349467    32.1496       1025     4.2667  0.000e+00
     46.368     7.9205   3.349673    32.1488       1026     4.2708  0.000e+00
     46.315     7.9238   3.349847    32.1476       1027     4.2750  0.000e+00
     46.259     7.9270   3.350059    32.1470       1028     4.2792  0.000e+00
     46.207     7.9299   3.350339    32.1473       1029     4.2833  0.000e+00
     46.161     7.9332   3.350557    32.1466       1030     4.2875  0.000e+00
     46.112     7.9365   3.350725    32.1454       1031     4.2917  0.000e+00
     46.065     7.9393   3.350900    32.1447       1032     4.2958  0.000e+00
     46.026     7.9420   3.351030    32.1437       1033     4.3000  0.000e+00
     45.985     7.9444   3.351155    32.1428       1034     4.3042  0.000e+00
     45.944     7.9465   3.351280    32.1422       1035     4.3083  0.000e+00
