HB2403/sbe069.cnv
* Sea-Bird SBE 19plus V2 Data File:
* FileName = C:\cruise\data\sbe069.hex
* Software Version Seasave V 7.26.7.121
* Temperature SN = 6128
* Conductivity SN = 6128
* System UpLoad Time = Jun 07 2024 21:48:05
* NMEA Latitude = 40 56.18 N
* NMEA Longitude = 067 36.41 W
* NMEA UTC (Time) = Jun 07 2024  21:48:39
** Ship: Henry Bigelow
** Cruise:  HB2403
** Program:  ECOMON
# nquan = 7
# nvalues = 1464                                  
# units = specified
# name 0 = depSM: Depth [salt water, m]
# name 1 = tv290C: Temperature [ITS-90, deg C]
# name 2 = c0S/m: Conductivity [S/m]
# name 3 = sal00: Salinity, Practical [PSU]
# name 4 = scan: Scan Count
# name 5 = timeM: Time, Elapsed [minutes]
# name 6 = flag:  0.000e+00
# span 0 =     -0.252,     66.610                 
# span 1 =     8.1269,    13.9029                 
# span 2 =   0.018307,   3.756047                 
# span 3 =     0.1118,    33.3658                 
# span 4 =         11,       1474                 
# span 5 =     0.0417,     6.1375                 
# span 6 = 0.0000e+00, 0.0000e+00                 
# interval = seconds: 0.25
# start_time = Jun 07 2024 21:48:39 [NMEA time, header]
# bad_flag = -9.990e-29
*END*
[from data line 821]
     35.407     8.1716   3.351616    31.9446        832     3.4625  0.000e+00
     35.313     8.1717   3.351791    31.9465        833     3.4667  0.000e+00
     35.227     8.1722   3.351760    31.9458        834     3.4708  0.000e+00
     35.140     8.1729   3.351965    31.9473        835     3.4750  0.000e+00
     35.063     8.1739   3.352127    31.9481        836     3.4792  0.000e+00
     35.003     8.1755   3.352115    31.9466        837     3.4833  0.000e+00
     34.958     8.1766   3.352177    31.9463        838     3.4875  0.000e+00
     34.921     8.1772   3.351940    31.9432        839     3.4917  0.000e+00
     34.910     8.1768   3.352090    31.9452        840     3.4958  0.000e+00
     34.915     8.1769   3.352002    31.9441        841     3.5000  0.000e+00
     34.935     8.1767   3.351921    31.9435        842     3.5042  0.000e+00
     34.969     8.1761   3.351859    31.9433        843     3.5083  0.000e+00
     35.020     8.1755   3.351834    31.9436        844     3.5125  0.000e+00
     35.067     8.1751   3.351834    31.9440        845     3.5167  0.000e+00
     35.123     8.1747   3.351841    31.9444        846     3.5208  0.000e+00
     35.173     8.1745   3.351834    31.9445        847     3.5250  0.000e+00
     35.216     8.1744   3.351841    31.9446        848     3.5292  0.000e+00
     35.257     8.1743   3.351809    31.9443        849     3.5333  0.000e+00
     35.280     8.1742   3.351878    31.9451        850     3.5375  0.000e+00
     35.284     8.1744   3.352003    31.9463        851     3.5417  0.000e+00
     35.261     8.1752   3.352457    31.9504        852     3.5458  0.000e+00
     35.219     8.1775   3.352738    31.9513        853     3.5500  0.000e+00
     35.147     8.1805   3.352800    31.9492        854     3.5542  0.000e+00
     35.056     8.1830   3.352856    31.9476        855     3.5583  0.000e+00
     34.940     8.1846   3.352495    31.9423        856     3.5625  0.000e+00
     34.808     8.1844   3.352414    31.9417        857     3.5667  0.000e+00
     34.655     8.1835   3.352837    31.9471        858     3.5708  0.000e+00
     34.490     8.1842   3.352968    31.9479        859     3.5750  0.000e+00
     34.319     8.1859   3.353018    31.9470        860     3.5792  0.000e+00
     34.142     8.1873   3.352987    31.9454        861     3.5833  0.000e+00
     33.975     8.1880   3.353061    31.9457        862     3.5875  0.000e+00
     33.815     8.1888   3.353055    31.9450        863     3.5917  0.000e+00
     33.673     8.1893   3.353223    31.9463        864     3.5958  0.000e+00
     33.546     8.1904   3.353260    31.9458        865     3.6000  0.000e+00
     33.454     8.1913   3.353098    31.9433        866     3.6042  0.000e+00
     33.383     8.1916   3.353179    31.9440        867     3.6083  0.000e+00
     33.341     8.1916   3.353117    31.9433        868     3.6125  0.000e+00
     33.327     8.1914   3.353161    31.9440        869     3.6167  0.000e+00
     33.345     8.1915   3.353204    31.9443        870     3.6208  0.000e+00
     33.382     8.1917   3.353179    31.9439        871     3.6250  0.000e+00
     33.434     8.1918   3.353204    31.9440        872     3.6292  0.000e+00
     33.502     8.1920   3.353248    31.9443        873     3.6333  0.000e+00
     33.581     8.1923   3.353304    31.9445        874     3.6375  0.000e+00
     33.664     8.1925   3.353416    31.9455        875     3.6417  0.000e+00
     33.742     8.1931   3.353485    31.9456        876     3.6458  0.000e+00
     33.807     8.1941   3.353522    31.9451        877     3.6500  0.000e+00
     33.865     8.1947   3.353610    31.9454        878     3.6542  0.000e+00
     33.897     8.1957   3.353834    31.9469        879     3.6583  0.000e+00
     33.896     8.1972   3.354015    31.9475        880     3.6625  0.000e+00
     33.865     8.1989   3.353653    31.9421        881     3.6667  0.000e+00
     33.810     8.1986   3.353504    31.9408        882     3.6708  0.000e+00
     33.736     8.1972   3.353485    31.9419        883     3.6750  0.000e+00
     33.640     8.1965   3.353522    31.9430        884     3.6792  0.000e+00
     33.533     8.1962   3.353653    31.9447        885     3.6833  0.000e+00
     33.428     8.1964   3.353734    31.9453        886     3.6875  0.000e+00
     33.312     8.1973   3.353933    31.9468        887     3.6917  0.000e+00
     33.197     8.1986   3.353958    31.9459        888     3.6958  0.000e+00
     33.078     8.1998   3.353846    31.9436        889     3.7000  0.000e+00
     32.964     8.2001   3.353958    31.9446        890     3.7042  0.000e+00
     32.848     8.2008   3.354681    31.9517        891     3.7083  0.000e+00
     32.741     8.2042   3.354706    31.9489        892     3.7125  0.000e+00
     32.637     8.2074   3.354849    31.9475        893     3.7167  0.000e+00
     32.535     8.2098   3.354830    31.9452        894     3.7208  0.000e+00
     32.450     8.2111   3.354868    31.9444        895     3.7250  0.000e+00
     32.370     8.2118   3.354961    31.9448        896     3.7292  0.000e+00
     32.297     8.2130   3.354868    31.9428        897     3.7333  0.000e+00
     32.247     8.2132   3.355048    31.9445        898     3.7375  0.000e+00
     32.201     8.2140   3.355092    31.9443        899     3.7417  0.000e+00
     32.171     8.2150   3.355304    31.9457        900     3.7458  0.000e+00
     32.155     8.2164   3.355453    31.9459        901     3.7500  0.000e+00
     32.148     8.2182   3.355503    31.9448        902     3.7542  0.000e+00
     32.137     8.2192   3.355429    31.9431        903     3.7583  0.000e+00
     32.130     8.2197   3.355397    31.9424        904     3.7625  0.000e+00
     32.117     8.2198   3.355366    31.9419        905     3.7667  0.000e+00
     32.092     8.2197   3.355460    31.9430        906     3.7708  0.000e+00
     32.062     8.2198   3.355279    31.9410        907     3.7750  0.000e+00
     32.010     8.2194   3.355067    31.9392        908     3.7792  0.000e+00
     31.959     8.2182   3.354786    31.9373        909     3.7833  0.000e+00
     31.898     8.2158   3.354512    31.9367        910     3.7875  0.000e+00
     31.822     8.2130   3.354587    31.9401        911     3.7917  0.000e+00
     31.742     8.2114   3.354936    31.9452        912     3.7958  0.000e+00
     31.659     8.2120   3.354786    31.9431        913     3.8000  0.000e+00
     31.584     8.2123   3.355111    31.9463        914     3.8042  0.000e+00
     31.498     8.2139   3.355173    31.9455        915     3.8083  0.000e+00
     31.413     8.2152   3.355154    31.9442        916     3.8125  0.000e+00
     31.340     8.2160   3.355110    31.9430        917     3.8167  0.000e+00
     31.272     8.2162   3.355154    31.9434        918     3.8208  0.000e+00
     31.206     8.2165   3.355279    31.9444        919     3.8250  0.000e+00
     31.150     8.2175   3.355478    31.9457        920     3.8292  0.000e+00
     31.096     8.2192   3.355858    31.9481        921     3.8333  0.000e+00
     31.050     8.2214   3.355646    31.9439        922     3.8375  0.000e+00
     31.012     8.2225   3.355827    31.9448        923     3.8417  0.000e+00
     30.975     8.2239   3.356033    31.9457        924     3.8458  0.000e+00
     30.937     8.2255   3.356008    31.9441        925     3.8500  0.000e+00
     30.904     8.2268   3.356008    31.9429        926     3.8542  0.000e+00
     30.870     8.2273   3.356008    31.9425        927     3.8583  0.000e+00
     30.827     8.2276   3.356095    31.9431        928     3.8625  0.000e+00
     30.782     8.2284   3.356232    31.9439        929     3.8667  0.000e+00
     30.721     8.2293   3.356332    31.9441        930     3.8708  0.000e+00
     30.656     8.2303   3.356201    31.9419        931     3.8750  0.000e+00
     30.586     8.2305   3.356176    31.9414        932     3.8792  0.000e+00
     30.510     8.2305   3.356288    31.9427        933     3.8833  0.000e+00
     30.437     8.2306   3.356294    31.9427        934     3.8875  0.000e+00
     30.362     8.2309   3.355796    31.9371        935     3.8917  0.000e+00
     30.275     8.2294   3.355584    31.9364        936     3.8958  0.000e+00
     30.186     8.2269   3.355690    31.9397        937     3.9000  0.000e+00
     30.088     8.2255   3.355733    31.9415        938     3.9042  0.000e+00
     30.001     8.2252   3.355665    31.9412        939     3.9083  0.000e+00
     29.917     8.2248   3.355690    31.9418        940     3.9125  0.000e+00
     29.819     8.2246   3.355827    31.9435        941     3.9167  0.000e+00
     29.714     8.2252   3.355839    31.9431        942     3.9208  0.000e+00
     29.612     8.2257   3.356051    31.9449        943     3.9250  0.000e+00
     29.522     8.2269   3.356095    31.9443        944     3.9292  0.000e+00
     29.431     8.2283   3.356225    31.9445        945     3.9333  0.000e+00
     29.334     8.2294   3.356500    31.9465        946     3.9375  0.000e+00
     29.223     8.2311   3.356394    31.9438        947     3.9417  0.000e+00
     29.106     8.2322   3.356275    31.9416        948     3.9458  0.000e+00
     28.998     8.2326   3.356911    31.9480        949     3.9500  0.000e+00
     28.888     8.2352   3.357148    31.9482        950     3.9542  0.000e+00
     28.780     8.2380   3.356306    31.9368        951     3.9583  0.000e+00
     28.678     8.2367   3.356231    31.9373        952     3.9625  0.000e+00
     28.586     8.2345   3.356462    31.9417        953     3.9667  0.000e+00
     28.510     8.2340   3.356418    31.9418        954     3.9708  0.000e+00
     28.445     8.2344   3.356518    31.9425        955     3.9750  0.000e+00
     28.395     8.2350   3.356736    31.9443        956     3.9792  0.000e+00
     28.355     8.2363   3.356761    31.9434        957     3.9833  0.000e+00
     28.325     8.2376   3.357210    31.9470        958     3.9875  0.000e+00
     28.305     8.2400   3.357291    31.9456        959     3.9917  0.000e+00
     28.294     8.2422   3.357447    31.9453        960     3.9958  0.000e+00
     28.282     8.2443   3.357185    31.9406        961     4.0000  0.000e+00
     28.274     8.2442   3.356724    31.9358        962     4.0042  0.000e+00
     28.258     8.2423   3.356568    31.9359        963     4.0083  0.000e+00
     28.236     8.2399   3.356499    31.9374        964     4.0125  0.000e+00
     28.210     8.2380   3.356499    31.9392        965     4.0167  0.000e+00
     28.185     8.2368   3.356537    31.9406        966     4.0208  0.000e+00
     28.146     8.2363   3.356649    31.9423        967     4.0250  0.000e+00
     28.101     8.2364   3.356561    31.9413        968     4.0292  0.000e+00
     28.049     8.2363   3.356524    31.9410        969     4.0333  0.000e+00
     27.986     8.2363   3.356524    31.9411        970     4.0375  0.000e+00
     27.909     8.2362   3.356842    31.9445        971     4.0417  0.000e+00
     27.833     8.2374   3.357147    31.9467        972     4.0458  0.000e+00
     27.747     8.2398   3.356948    31.9424        973     4.0500  0.000e+00
     27.649     8.2407   3.357122    31.9435        974     4.0542  0.000e+00
     27.535     8.2416   3.357272    31.9443        975     4.0583  0.000e+00
     27.427     8.2429   3.357035    31.9407        976     4.0625  0.000e+00
     27.302     8.2432   3.357421    31.9445        977     4.0667  0.000e+00
     27.177     8.2442   3.357640    31.9460        978     4.0708  0.000e+00
     27.051     8.2466   3.357764    31.9451        979     4.0750  0.000e+00
     26.919     8.2491   3.358151    31.9471        980     4.0792  0.000e+00
     26.796     8.2520   3.358519    31.9484        981     4.0833  0.000e+00
     26.684     8.2554   3.358818    31.9484        982     4.0875  0.000e+00
     26.583     8.2590   3.358949    31.9466        983     4.0917  0.000e+00
     26.499     8.2621   3.359042    31.9448        984     4.0958  0.000e+00
     26.426     8.2644   3.358818    31.9404        985     4.1000  0.000e+00
     26.378     8.2650   3.358668    31.9383        986     4.1042  0.000e+00
     26.344     8.2647   3.359067    31.9428        987     4.1083  0.000e+00
     26.326     8.2658   3.359011    31.9412        988     4.1125  0.000e+00
     26.333     8.2665   3.358493    31.9351        989     4.1167  0.000e+00
     26.357     8.2650   3.358088    31.9322        990     4.1208  0.000e+00
     26.384     8.2615   3.357758    31.9319        991     4.1250  0.000e+00
     26.418     8.2578   3.357596    31.9335        992     4.1292  0.000e+00
     26.452     8.2545   3.357446    31.9349        993     4.1333  0.000e+00
     26.483     8.2517   3.357371    31.9366        994     4.1375  0.000e+00
     26.497     8.2498   3.357377    31.9385        995     4.1417  0.000e+00
     26.490     8.2485   3.357396    31.9398        996     4.1458  0.000e+00
     26.457     8.2478   3.357446    31.9410        997     4.1500  0.000e+00
     26.401     8.2476   3.357496    31.9417        998     4.1542  0.000e+00
     26.329     8.2479   3.357421    31.9407        999     4.1583  0.000e+00
     26.231     8.2478   3.357639    31.9431       1000     4.1625  0.000e+00
     26.112     8.2488   3.358001    31.9461       1001     4.1667  0.000e+00
     25.984     8.2509   3.357701    31.9411       1002     4.1708  0.000e+00
     25.850     8.2513   3.357620    31.9400       1003     4.1750  0.000e+00
     25.702     8.2511   3.357913    31.9432       1004     4.1792  0.000e+00
     25.559     8.2518   3.358125    31.9449       1005     4.1833  0.000e+00
     25.407     8.2538   3.358605    31.9483       1006     4.1875  0.000e+00
     25.270     8.2570   3.359310    31.9529       1007     4.1917  0.000e+00
     25.145     8.2626   3.359952    31.9546       1008     4.1958  0.000e+00
     25.043     8.2694   3.360145    31.9505       1009     4.2000  0.000e+00
     24.949     8.2749   3.360320    31.9474       1010     4.2042  0.000e+00
     24.869     8.2791   3.360407    31.9445       1011     4.2083  0.000e+00
     24.812     8.2816   3.360370    31.9419       1012     4.2125  0.000e+00
     24.765     8.2834   3.360426    31.9409       1013     4.2167  0.000e+00
     24.740     8.2845   3.360532    31.9410       1014     4.2208  0.000e+00
     24.718     8.2855   3.360706    31.9419       1015     4.2250  0.000e+00
     24.687     8.2870   3.360775    31.9413       1016     4.2292  0.000e+00
     24.668     8.2885   3.360706    31.9392       1017     4.2333  0.000e+00
     24.642     8.2889   3.360550    31.9372       1018     4.2375  0.000e+00
     24.604     8.2884   3.360488    31.9370       1019     4.2417  0.000e+00
     24.558     8.2877   3.360619    31.9391       1020     4.2458  0.000e+00
     24.507     8.2875   3.360719    31.9404       1021     4.2500  0.000e+00
     24.453     8.2884   3.361286    31.9456       1022     4.2542  0.000e+00
     24.399     8.2911   3.360962    31.9396       1023     4.2583  0.000e+00
     24.341     8.2924   3.361330    31.9424       1024     4.2625  0.000e+00
     24.280     8.2938   3.361473    31.9427       1025     4.2667  0.000e+00
     24.208     8.2957   3.361567    31.9419       1026     4.2708  0.000e+00
     24.136     8.2976   3.361617    31.9408       1027     4.2750  0.000e+00
     24.054     8.2990   3.361953    31.9431       1028     4.2792  0.000e+00
     23.978     8.3012   3.362122    31.9429       1029     4.2833  0.000e+00
     23.895     8.3037   3.362309    31.9427       1030     4.2875  0.000e+00
     23.819     8.3058   3.361928    31.9368       1031     4.2917  0.000e+00
     23.735     8.3060   3.362041    31.9378       1032     4.2958  0.000e+00
     23.652     8.3059   3.361885    31.9363       1033     4.3000  0.000e+00
     23.573     8.3055   3.362122    31.9392       1034     4.3042  0.000e+00
     23.477     8.3059   3.362296    31.9407       1035     4.3083  0.000e+00
