HB2403/sbe039.cnv
* Sea-Bird SBE 19plus V2 Data File:
* FileName = C:\cruise\data\sbe039.hex
* Software Version Seasave V 7.26.7.121
* Temperature SN = 6128
* Conductivity SN = 6128
* System UpLoad Time = Jun 05 2024 01:42:07
* NMEA Latitude = 38 00.32 N
* NMEA Longitude = 074 56.88 W
* NMEA UTC (Time) = Jun 05 2024  01:42:38
** Ship: Henry Bigelow
** Cruise:  HB2403
** Program:  ECOMON
# nquan = 7
# nvalues = 1362                                  
# units = specified
# name 0 = depSM: Depth [salt water, m]
# name 1 = tv290C: Temperature [ITS-90, deg C]
# name 2 = c0S/m: Conductivity [S/m]
# name 3 = sal00: Salinity, Practical [PSU]
# name 4 = scan: Scan Count
# name 5 = timeM: Time, Elapsed [minutes]
# name 6 = flag:  0.000e+00
# span 0 =     -0.153,     17.582                 
# span 1 =    11.3433,    20.4042                 
# span 2 =   0.000022,   4.126443                 
# span 3 =     0.0101,    31.3606                 
# span 4 =         11,       1372                 
# span 5 =     0.0417,     5.7125                 
# span 6 = 0.0000e+00, 0.0000e+00                 
# interval = seconds: 0.25
# start_time = Jun 05 2024 01:42:38 [NMEA time, header]
# bad_flag = -9.990e-29
*END*
     -0.015    20.4001   0.000043     0.0101         11     0.0417  0.000e+00
     -0.013    20.4002   0.000046     0.0101         12     0.0458  0.000e+00
     -0.010    20.3999   0.000046     0.0101         13     0.0500  0.000e+00
     -0.017    20.4000   0.000052     0.0101         14     0.0542  0.000e+00
     -0.020    20.3998   0.000046     0.0101         15     0.0583  0.000e+00
     -0.013    20.3998   0.000052     0.0101         16     0.0625  0.000e+00
     -0.008    20.3996   0.000049     0.0101         17     0.0667  0.000e+00
     -0.017    20.3992   0.000052     0.0101         18     0.0708  0.000e+00
     -0.018    20.3998   0.000052     0.0101         19     0.0750  0.000e+00
     -0.020    20.3999   0.000046     0.0101         20     0.0792  0.000e+00
     -0.016    20.3994   0.000043     0.0101         21     0.0833  0.000e+00
     -0.018    20.3996   0.000046     0.0101         22     0.0875  0.000e+00
     -0.020    20.3996   0.000052     0.0101         23     0.0917  0.000e+00
     -0.018    20.3997   0.000049     0.0101         24     0.0958  0.000e+00
     -0.014    20.3999   0.000046     0.0101         25     0.1000  0.000e+00
     -0.016    20.3992   0.000046     0.0101         26     0.1042  0.000e+00
     -0.019    20.3992   0.000049     0.0101         27     0.1083  0.000e+00
     -0.021    20.3993   0.000040     0.0101         28     0.1125  0.000e+00
     -0.017    20.3992   0.000046     0.0101         29     0.1167  0.000e+00
     -0.021    20.3993   0.000049     0.0101         30     0.1208  0.000e+00
     -0.023    20.3996   0.000040     0.0101         31     0.1250  0.000e+00
     -0.023    20.3994   0.000046     0.0101         32     0.1292  0.000e+00
     -0.018    20.3995   0.000052     0.0101         33     0.1333  0.000e+00
     -0.018    20.3995   0.000043     0.0101         34     0.1375  0.000e+00
     -0.023    20.3993   0.000046     0.0101         35     0.1417  0.000e+00
     -0.023    20.3996   0.000052     0.0101         36     0.1458  0.000e+00
     -0.023    20.3991   0.000052     0.0101         37     0.1500  0.000e+00
     -0.025    20.3992   0.000046     0.0101         38     0.1542  0.000e+00
     -0.024    20.3988   0.000046     0.0101         39     0.1583  0.000e+00
     -0.027    20.3990   0.000043     0.0101         40     0.1625  0.000e+00
     -0.027    20.3987   0.000046     0.0101         41     0.1667  0.000e+00
     -0.027    20.3989   0.000052     0.0101         42     0.1708  0.000e+00
     -0.027    20.3986   0.000049     0.0101         43     0.1750  0.000e+00
     -0.029    20.3990   0.000046     0.0101         44     0.1792  0.000e+00
     -0.026    20.3988   0.000046     0.0101         45     0.1833  0.000e+00
     -0.026    20.3987   0.000052     0.0101         46     0.1875  0.000e+00
     -0.029    20.3988   0.000049     0.0101         47     0.1917  0.000e+00
     -0.029    20.3989   0.000040     0.0101         48     0.1958  0.000e+00
     -0.027    20.3991   0.000052     0.0101         49     0.2000  0.000e+00
     -0.027    20.3989   0.000043     0.0101         50     0.2042  0.000e+00
     -0.027    20.3986   0.000046     0.0101         51     0.2083  0.000e+00
     -0.027    20.3986   0.000052     0.0101         52     0.2125  0.000e+00
     -0.027    20.3985   0.000049     0.0101         53     0.2167  0.000e+00
     -0.023    20.3985   0.000052     0.0101         54     0.2208  0.000e+00
     -0.025    20.3985   0.000052     0.0101         55     0.2250  0.000e+00
     -0.029    20.3980   0.000052     0.0101         56     0.2292  0.000e+00
     -0.027    20.3981   0.000046     0.0101         57     0.2333  0.000e+00
     -0.032    20.3985   0.000052     0.0101         58     0.2375  0.000e+00
     -0.032    20.3985   0.000058     0.0101         59     0.2417  0.000e+00
     -0.032    20.3983   0.000043     0.0101         60     0.2458  0.000e+00
     -0.024    20.3980   0.000052     0.0101         61     0.2500  0.000e+00
     -0.026    20.3983   0.000052     0.0101         62     0.2542  0.000e+00
     -0.030    20.3983   0.000049     0.0101         63     0.2583  0.000e+00
     -0.026    20.3978   0.000052     0.0101         64     0.2625  0.000e+00
     -0.023    20.3983   0.000052     0.0101         65     0.2667  0.000e+00
     -0.030    20.3977   0.000052     0.0101         66     0.2708  0.000e+00
     -0.028    20.3972   0.000052     0.0101         67     0.2750  0.000e+00
     -0.030    20.3980   0.000052     0.0101         68     0.2792  0.000e+00
     -0.026    20.3978   0.000058     0.0101         69     0.2833  0.000e+00
     -0.028    20.3970   0.000040     0.0101         70     0.2875  0.000e+00
     -0.031    20.3975   0.000046     0.0101         71     0.2917  0.000e+00
     -0.028    20.3978   0.000046     0.0101         72     0.2958  0.000e+00
     -0.031    20.3978   0.000043     0.0101         73     0.3000  0.000e+00
     -0.026    20.3976   0.000052     0.0101         74     0.3042  0.000e+00
     -0.026    20.3978   0.000058     0.0101         75     0.3083  0.000e+00
     -0.030    20.3978   0.000049     0.0101         76     0.3125  0.000e+00
     -0.030    20.3975   0.000052     0.0101         77     0.3167  0.000e+00
     -0.026    20.3973   0.000052     0.0101         78     0.3208  0.000e+00
     -0.028    20.3971   0.000052     0.0101         79     0.3250  0.000e+00
     -0.026    20.3975   0.000052     0.0101         80     0.3292  0.000e+00
     -0.025    20.3969   0.000052     0.0101         81     0.3333  0.000e+00
     -0.026    20.3973   0.000052     0.0101         82     0.3375  0.000e+00
     -0.021    20.3969   0.000046     0.0101         83     0.3417  0.000e+00
     -0.022    20.3972   0.000052     0.0101         84     0.3458  0.000e+00
     -0.024    20.3967   0.000058     0.0101         85     0.3500  0.000e+00
     -0.026    20.3968   0.000049     0.0101         86     0.3542  0.000e+00
     -0.027    20.3971   0.000052     0.0101         87     0.3583  0.000e+00
     -0.031    20.3969   0.000052     0.0101         88     0.3625  0.000e+00
     -0.027    20.3970   0.000049     0.0101         89     0.3667  0.000e+00
     -0.031    20.3964   0.000052     0.0101         90     0.3708  0.000e+00
     -0.029    20.3964   0.000052     0.0101         91     0.3750  0.000e+00
     -0.027    20.3969   0.000049     0.0101         92     0.3792  0.000e+00
     -0.027    20.3966   0.000052     0.0101         93     0.3833  0.000e+00
     -0.029    20.3966   0.000052     0.0101         94     0.3875  0.000e+00
     -0.031    20.3968   0.000043     0.0101         95     0.3917  0.000e+00
     -0.027    20.3965   0.000046     0.0101         96     0.3958  0.000e+00
     -0.023    20.3965   0.000052     0.0101         97     0.4000  0.000e+00
     -0.030    20.3965   0.000058     0.0101         98     0.4042  0.000e+00
     -0.028    20.3968   0.000043     0.0101         99     0.4083  0.000e+00
     -0.031    20.3964   0.000052     0.0101        100     0.4125  0.000e+00
     -0.031    20.3967   0.000052     0.0101        101     0.4167  0.000e+00
     -0.031    20.3963   0.000043     0.0101        102     0.4208  0.000e+00
     -0.029    20.3963   0.000052     0.0101        103     0.4250  0.000e+00
     -0.031    20.3964   0.000052     0.0101        104     0.4292  0.000e+00
     -0.033    20.3970   0.000049     0.0101        105     0.4333  0.000e+00
     -0.035    20.3964   0.000052     0.0101        106     0.4375  0.000e+00
     -0.033    20.3962   0.000052     0.0101        107     0.4417  0.000e+00
     -0.033    20.3964   0.000052     0.0101        108     0.4458  0.000e+00
     -0.030    20.3962   0.000052     0.0101        109     0.4500  0.000e+00
     -0.035    20.3963   0.000058     0.0101        110     0.4542  0.000e+00
      0.059    20.3963   0.000046     0.0101        111     0.4583  0.000e+00
      0.262    20.3983   0.000022     0.0102        112     0.4625  0.000e+00
      0.489    20.4012   0.000028     0.0102        113     0.4667  0.000e+00
      0.711    20.4042   0.000022     0.0102        114     0.4708  0.000e+00
      0.897    20.3959   0.758879     4.6398        115     0.4750  0.000e+00
      1.014    20.3838   1.987493    13.1350        116     0.4792  0.000e+00
      1.070    20.3739   2.560470    17.3291        117     0.4833  0.000e+00
      1.096    20.3642   3.718212    26.1491        118     0.4875  0.000e+00
      1.092    20.3554   4.120180    29.3153        119     0.4917  0.000e+00
      1.085    20.3487   3.816001    26.9232        120     0.4958  0.000e+00
      1.105    20.3428   2.817942    19.2651        121     0.5000  0.000e+00
      1.157    20.3390   1.583103    10.2671        122     0.5042  0.000e+00
      1.217    20.3372   2.689814    18.3075        123     0.5083  0.000e+00
      1.269    20.3394   2.703786    18.4110        124     0.5125  0.000e+00
      1.331    20.3449   2.057073    13.6496        125     0.5167  0.000e+00
      1.417    20.3507   2.395742    16.1205        126     0.5208  0.000e+00
      1.529    20.3576   1.198746     7.5948        127     0.5250  0.000e+00
      1.679    20.3652   1.429278     9.1844        128     0.5292  0.000e+00
      1.838    20.3732   2.852007    19.5072        129     0.5333  0.000e+00
      2.002    20.3796   3.875337    27.3683        130     0.5375  0.000e+00
      2.167    20.3817   3.490868    24.3735        131     0.5417  0.000e+00
      2.309    20.3779   4.114205    29.2521        132     0.5458  0.000e+00
      2.444    20.3694   4.119537    29.3001        133     0.5500  0.000e+00
      2.558    20.3598   4.121493    29.3223        134     0.5542  0.000e+00
      2.639    20.3516   3.460635    24.1571        135     0.5583  0.000e+00
      2.719    20.3461   2.510640    16.9706        136     0.5625  0.000e+00
      2.779    20.3429   2.687099    18.2844        137     0.5667  0.000e+00
      2.830    20.3406   2.683274    18.2568        138     0.5708  0.000e+00
      2.860    20.3397   3.724856    26.2155        139     0.5750  0.000e+00
      2.878    20.3387   4.039378    28.6868        140     0.5792  0.000e+00
      2.875    20.3366   4.125678    29.3714        141     0.5833  0.000e+00
      2.862    20.3336   4.125055    29.3685        142     0.5875  0.000e+00
      2.860    20.3307   4.124689    29.3676        143     0.5917  0.000e+00
      2.873    20.3289   4.053877    28.8080        144     0.5958  0.000e+00
      2.888    20.3278   2.962654    20.3627        145     0.6000  0.000e+00
      2.920    20.3270   2.787861    19.0459        146     0.6042  0.000e+00
      2.954    20.3269   4.036244    28.6700        147     0.6083  0.000e+00
      3.009    20.3265   4.058900    28.8494        148     0.6125  0.000e+00
      3.070    20.3262   4.095858    29.1422        149     0.6167  0.000e+00
      3.121    20.3250   4.126443    29.3855        150     0.6208  0.000e+00
      3.177    20.3234   4.126247    29.3850        151     0.6250  0.000e+00
      3.222    20.3216   4.084036    29.0516        152     0.6292  0.000e+00
      3.262    20.3197   4.008873    28.4585        153     0.6333  0.000e+00
      3.292    20.3184   3.966573    28.1255        154     0.6375  0.000e+00
      3.314    20.3173   4.000130    28.3910        155     0.6417  0.000e+00
      3.328    20.3162   4.059896    28.8642        156     0.6458  0.000e+00
      3.338    20.3156   4.122828    29.3632        157     0.6500  0.000e+00
      3.336    20.3139   4.125380    29.3846        158     0.6542  0.000e+00
      3.325    20.3111   4.124812    29.3820        159     0.6583  0.000e+00
      3.316    20.3074   4.124284    29.3805        160     0.6625  0.000e+00
      3.301    20.3036   4.124040    29.3811        161     0.6667  0.000e+00
      3.292    20.3008   4.124040    29.3831        162     0.6708  0.000e+00
      3.291    20.2993   4.124094    29.3845        163     0.6750  0.000e+00
      3.293    20.2991   4.124284    29.3862        164     0.6792  0.000e+00
      3.297    20.2993   4.124317    29.3864        165     0.6833  0.000e+00
      3.302    20.2998   4.124338    29.3862        166     0.6875  0.000e+00
      3.313    20.3001   4.124412    29.3865        167     0.6917  0.000e+00
      3.338    20.3000   4.124406    29.3865        168     0.6958  0.000e+00
      3.371    20.3001   4.124412    29.3865        169     0.7000  0.000e+00
      3.414    20.3000   4.124439    29.3868        170     0.7042  0.000e+00
      3.465    20.3000   4.124487    29.3872        171     0.7083  0.000e+00
      3.524    20.2998   4.124541    29.3877        172     0.7125  0.000e+00
      3.584    20.2994   4.124500    29.3876        173     0.7167  0.000e+00
      3.643    20.2993   4.124467    29.3874        174     0.7208  0.000e+00
      3.697    20.2989   4.124263    29.3861        175     0.7250  0.000e+00
      3.743    20.2984   4.124115    29.3852        176     0.7292  0.000e+00
      3.780    20.2978   4.124121    29.3857        177     0.7333  0.000e+00
      3.811    20.2966   4.123918    29.3849        178     0.7375  0.000e+00
      3.835    20.2949   4.123647    29.3839        179     0.7417  0.000e+00
      3.844    20.2924   4.123228    29.3823        180     0.7458  0.000e+00
      3.845    20.2892   4.122822    29.3813        181     0.7500  0.000e+00
      3.827    20.2856   4.122632    29.3823        182     0.7542  0.000e+00
      3.816    20.2829   4.122436    29.3826        183     0.7583  0.000e+00
      3.798    20.2799   4.122138    29.3824        184     0.7625  0.000e+00
      3.778    20.2771   4.121874    29.3822        185     0.7667  0.000e+00
      3.762    20.2741   4.121617    29.3822        186     0.7708  0.000e+00
      3.753    20.2710   4.121346    29.3822        187     0.7750  0.000e+00
      3.744    20.2681   4.121096    29.3823        188     0.7792  0.000e+00
      3.742    20.2652   4.121021    29.3837        189     0.7833  0.000e+00
      3.740    20.2623   4.120886    29.3846        190     0.7875  0.000e+00
      3.742    20.2598   4.120703    29.3849        191     0.7917  0.000e+00
      3.753    20.2568   4.120480    29.3852        192     0.7958  0.000e+00
      3.769    20.2538   4.120358    29.3863        193     0.8000  0.000e+00
      3.800    20.2501   4.120108    29.3869        194     0.8042  0.000e+00
      3.825    20.2469   4.119864    29.3871        195     0.8083  0.000e+00
      3.866    20.2444   4.119736    29.3879        196     0.8125  0.000e+00
      3.904    20.2426   4.119715    29.3890        197     0.8167  0.000e+00
      3.948    20.2409   4.119587    29.3891        198     0.8208  0.000e+00
      3.989    20.2380   4.119296    29.3888        199     0.8250  0.000e+00
      4.035    20.2336   4.118897    29.3887        200     0.8292  0.000e+00
      4.078    20.2287   4.118430    29.3883        201     0.8333  0.000e+00
      4.117    20.2237   4.118031    29.3886        202     0.8375  0.000e+00
      4.168    20.2190   4.117672    29.3891        203     0.8417  0.000e+00
      4.218    20.2145   4.117368    29.3897        204     0.8458  0.000e+00
      4.267    20.2099   4.116996    29.3899        205     0.8500  0.000e+00
      4.318    20.2035   4.116380    29.3894        206     0.8542  0.000e+00
      4.361    20.1953   4.115622    29.3891        207     0.8583  0.000e+00
      4.399    20.1858   4.114696    29.3883        208     0.8625  0.000e+00
      4.435    20.1736   4.113316    29.3858        209     0.8667  0.000e+00
      4.457    20.1564   4.111341    29.3820        210     0.8708  0.000e+00
      4.464    20.1348   4.109124    29.3794        211     0.8750  0.000e+00
      4.468    20.1099   4.106157    29.3731        212     0.8792  0.000e+00
      4.464    20.0838   4.102670    29.3634        213     0.8833  0.000e+00
      4.460    20.0552   4.099327    29.3567        214     0.8875  0.000e+00
      4.453    20.0263   4.096302    29.3527        215     0.8917  0.000e+00
