HB2403/sbe076.cnv
* Sea-Bird SBE 19plus V2 Data File:
* FileName = C:\cruise\data\sbe076.hex
* Software Version Seasave V 7.26.7.121
* Temperature SN = 6128
* Conductivity SN = 6128
* System UpLoad Time = Jun 08 2024 07:53:51
* NMEA Latitude = 41 18.39 N
* NMEA Longitude = 066 27.27 W
* NMEA UTC (Time) = Jun 08 2024  07:54:24
** Ship: Henry Bigelow
** Cruise:  HB2403
** Program:  ECOMON
# nquan = 7
# nvalues = 1185                                  
# units = specified
# name 0 = depSM: Depth [salt water, m]
# name 1 = tv290C: Temperature [ITS-90, deg C]
# name 2 = c0S/m: Conductivity [S/m]
# name 3 = sal00: Salinity, Practical [PSU]
# name 4 = scan: Scan Count
# name 5 = timeM: Time, Elapsed [minutes]
# name 6 = flag:  0.000e+00
# span 0 =     -0.116,     92.217                 
# span 1 =     6.1249,    12.6926                 
# span 2 =   0.012186,   3.708663                 
# span 3 =     0.0768,    33.0363                 
# span 4 =         11,       1195                 
# span 5 =     0.0417,     4.9750                 
# span 6 = 0.0000e+00, 0.0000e+00                 
# interval = seconds: 0.25
# start_time = Jun 08 2024 07:54:24 [NMEA time, header]
# bad_flag = -9.990e-29
*END*
     -0.063    12.6293   0.051538     0.3308         11     0.0417  0.000e+00
     -0.070    12.6292   0.050211     0.3220         12     0.0458  0.000e+00
     -0.068    12.6280   0.048208     0.3088         13     0.0500  0.000e+00
     -0.069    12.6282   0.046140     0.2951         14     0.0542  0.000e+00
     -0.070    12.6267   0.044733     0.2859         15     0.0583  0.000e+00
     -0.070    12.6271   0.043547     0.2781         16     0.0625  0.000e+00
     -0.082    12.6263   0.042239     0.2695         17     0.0667  0.000e+00
     -0.079    12.6257   0.040871     0.2605         18     0.0708  0.000e+00
     -0.081    12.6263   0.039590     0.2521         19     0.0750  0.000e+00
     -0.083    12.6252   0.038376     0.2442         20     0.0792  0.000e+00
     -0.084    12.6244   0.036576     0.2324         21     0.0833  0.000e+00
     -0.082    12.6238   0.034556     0.2193         22     0.0875  0.000e+00
     -0.084    12.6241   0.032805     0.2079         23     0.0917  0.000e+00
     -0.088    12.6235   0.031019     0.1963         24     0.0958  0.000e+00
     -0.086    12.6232   0.028702     0.1814         25     0.1000  0.000e+00
     -0.085    12.6231   0.024020     0.1513         26     0.1042  0.000e+00
     -0.088    12.6229   0.016392     0.1030         27     0.1083  0.000e+00
     -0.088    12.6224   0.015450     0.0971         28     0.1125  0.000e+00
     -0.086    12.6221   0.014725     0.0925         29     0.1167  0.000e+00
     -0.086    12.6216   0.014466     0.0909         30     0.1208  0.000e+00
     -0.086    12.6216   0.014770     0.0928         31     0.1250  0.000e+00
     -0.086    12.6206   0.015676     0.0985         32     0.1292  0.000e+00
     -0.090    12.6202   0.017370     0.1091         33     0.1333  0.000e+00
     -0.086    12.6206   0.020600     0.1295         34     0.1375  0.000e+00
     -0.087    12.6202   0.024038     0.1514         35     0.1417  0.000e+00
     -0.089    12.6194   0.025985     0.1639         36     0.1458  0.000e+00
     -0.094    12.6195   0.025722     0.1622         37     0.1500  0.000e+00
     -0.089    12.6194   0.024667     0.1555         38     0.1542  0.000e+00
     -0.092    12.6191   0.024038     0.1514         39     0.1583  0.000e+00
     -0.094    12.6185   0.023483     0.1479         40     0.1625  0.000e+00
     -0.094    12.6188   0.022450     0.1413         41     0.1667  0.000e+00
     -0.095    12.6177   0.021171     0.1332         42     0.1708  0.000e+00
     -0.096    12.6178   0.019747     0.1241         43     0.1750  0.000e+00
     -0.094    12.6173   0.018481     0.1161         44     0.1792  0.000e+00
     -0.095    12.6174   0.017283     0.1086         45     0.1833  0.000e+00
     -0.099    12.6175   0.016208     0.1018         46     0.1875  0.000e+00
     -0.096    12.6164   0.015321     0.0963         47     0.1917  0.000e+00
     -0.094    12.6160   0.014698     0.0924         48     0.1958  0.000e+00
     -0.094    12.6158   0.014415     0.0906         49     0.2000  0.000e+00
     -0.098    12.6154   0.014457     0.0909         50     0.2042  0.000e+00
     -0.096    12.6154   0.014617     0.0919         51     0.2083  0.000e+00
     -0.098    12.6148   0.014761     0.0928         52     0.2125  0.000e+00
     -0.092    12.6145   0.014758     0.0928         53     0.2167  0.000e+00
     -0.096    12.6146   0.014352     0.0902         54     0.2208  0.000e+00
     -0.094    12.6141   0.013754     0.0865         55     0.2250  0.000e+00
     -0.098    12.6140   0.013303     0.0837         56     0.2292  0.000e+00
     -0.096    12.6137   0.012952     0.0815         57     0.2333  0.000e+00
     -0.099    12.6133   0.012702     0.0800         58     0.2375  0.000e+00
     -0.099    12.6130   0.012552     0.0790         59     0.2417  0.000e+00
     -0.097    12.6134   0.012510     0.0788         60     0.2458  0.000e+00
     -0.097    12.6124   0.012441     0.0784         61     0.2500  0.000e+00
     -0.103    12.6123   0.012354     0.0778         62     0.2542  0.000e+00
     -0.099    12.6121   0.012288     0.0774         63     0.2583  0.000e+00
     -0.099    12.6116   0.012234     0.0771         64     0.2625  0.000e+00
     -0.103    12.6108   0.012213     0.0769         65     0.2667  0.000e+00
     -0.101    12.6110   0.012186     0.0768         66     0.2708  0.000e+00
     -0.101    12.6106   0.012201     0.0769         67     0.2750  0.000e+00
     -0.101    12.6105   0.012246     0.0772         68     0.2792  0.000e+00
     -0.099    12.6109   0.012315     0.0776         69     0.2833  0.000e+00
     -0.103    12.6100   0.012453     0.0784         70     0.2875  0.000e+00
     -0.103    12.6100   0.012678     0.0798         71     0.2917  0.000e+00
     -0.097    12.6096   0.013015     0.0819         72     0.2958  0.000e+00
     -0.100    12.6095   0.013402     0.0843         73     0.3000  0.000e+00
     -0.102    12.6098   0.013760     0.0866         74     0.3042  0.000e+00
     -0.100    12.6092   0.014109     0.0887         75     0.3083  0.000e+00
     -0.099    12.6085   0.014593     0.0917         76     0.3125  0.000e+00
     -0.104    12.6088   0.015230     0.0957         77     0.3167  0.000e+00
     -0.104    12.6090   0.015787     0.0992         78     0.3208  0.000e+00
     -0.102    12.6081   0.015979     0.1004         79     0.3250  0.000e+00
     -0.104    12.6079   0.015787     0.0992         80     0.3292  0.000e+00
     -0.106    12.6077   0.015336     0.0964         81     0.3333  0.000e+00
     -0.108    12.6074   0.014785     0.0930         82     0.3375  0.000e+00
     -0.105    12.6073   0.014253     0.0896         83     0.3417  0.000e+00
     -0.108    12.6071   0.014154     0.0890         84     0.3458  0.000e+00
     -0.107    12.6069   0.015835     0.0995         85     0.3500  0.000e+00
     -0.116    12.6069   0.018475     0.1161         86     0.3542  0.000e+00
     -0.107    12.6061   0.020127     0.1266         87     0.3583  0.000e+00
     -0.105    12.6061   0.022438     0.1413         88     0.3625  0.000e+00
     -0.102    12.6056   0.024990     0.1576         89     0.3667  0.000e+00
     -0.100    12.6059   0.026426     0.1668         90     0.3708  0.000e+00
     -0.106    12.6051   0.026178     0.1652         91     0.3750  0.000e+00
     -0.111    12.6054   0.025670     0.1619         92     0.3792  0.000e+00
     -0.108    12.6049   0.024694     0.1557         93     0.3833  0.000e+00
     -0.108    12.6042   0.024431     0.1540         94     0.3875  0.000e+00
     -0.097    12.6048   3.020849    25.2238         95     0.3917  0.000e+00
      0.059    12.6050   3.702427    31.5977         96     0.3958  0.000e+00
      0.182    12.6073   3.702453    31.5960         97     0.4000  0.000e+00
      0.247    12.6098   3.702388    31.5933         98     0.4042  0.000e+00
      0.317    12.6115   3.702472    31.5926         99     0.4083  0.000e+00
      0.389    12.6129   3.702517    31.5919        100     0.4125  0.000e+00
      0.487    12.6142   3.702563    31.5912        101     0.4167  0.000e+00
      0.600    12.6150   3.702647    31.5913        102     0.4208  0.000e+00
      0.755    12.6160   3.702679    31.5906        103     0.4250  0.000e+00
      0.975    12.6169   3.702725    31.5903        104     0.4292  0.000e+00
      1.241    12.6177   3.702582    31.5881        105     0.4333  0.000e+00
      1.513    12.6184   3.702271    31.5844        106     0.4375  0.000e+00
      1.782    12.6191   3.702200    31.5831        107     0.4417  0.000e+00
      2.051    12.6208   3.702660    31.5859        108     0.4458  0.000e+00
      2.324    12.6286   3.704851    31.6001        109     0.4500  0.000e+00
      2.611    12.6435   3.706796    31.6059        110     0.4542  0.000e+00
      2.880    12.6587   3.707989    31.6043        111     0.4583  0.000e+00
      3.128    12.6718   3.708579    31.5989        112     0.4625  0.000e+00
      3.310    12.6804   3.708663    31.5923        113     0.4667  0.000e+00
      3.458    12.6849   3.708534    31.5873        114     0.4708  0.000e+00
      3.611    12.6864   3.708307    31.5838        115     0.4750  0.000e+00
      3.783    12.6864   3.708138    31.5822        116     0.4792  0.000e+00
      3.964    12.6865   3.708035    31.5811        117     0.4833  0.000e+00
      4.137    12.6861   3.708009    31.5811        118     0.4875  0.000e+00
      4.286    12.6856   3.708035    31.5817        119     0.4917  0.000e+00
      4.403    12.6850   3.707899    31.5808        120     0.4958  0.000e+00
      4.511    12.6831   3.707782    31.5813        121     0.5000  0.000e+00
      4.623    12.6810   3.707484    31.5802        122     0.5042  0.000e+00
      4.776    12.6788   3.707160    31.5789        123     0.5083  0.000e+00
      4.946    12.6776   3.707095    31.5791        124     0.5125  0.000e+00
      5.116    12.6768   3.707212    31.5809        125     0.5167  0.000e+00
      5.289    12.6758   3.707257    31.5821        126     0.5208  0.000e+00
      5.473    12.6749   3.707225    31.5824        127     0.5250  0.000e+00
      5.670    12.6743   3.707115    31.5818        128     0.5292  0.000e+00
      5.879    12.6741   3.707069    31.5815        129     0.5333  0.000e+00
      6.100    12.6734   3.707050    31.5818        130     0.5375  0.000e+00
      6.320    12.6728   3.707069    31.5824        131     0.5417  0.000e+00
      6.535    12.6722   3.707115    31.5833        132     0.5458  0.000e+00
      6.742    12.6706   3.707096    31.5843        133     0.5500  0.000e+00
      6.961    12.6689   3.706940    31.5842        134     0.5542  0.000e+00
      7.174    12.6663   3.706707    31.5841        135     0.5583  0.000e+00
      7.389    12.6624   3.706292    31.5833        136     0.5625  0.000e+00
      7.607    12.6583   3.705903    31.5830        137     0.5667  0.000e+00
      7.824    12.6541   3.705572    31.5833        138     0.5708  0.000e+00
      8.048    12.6480   3.705106    31.5839        139     0.5750  0.000e+00
      8.263    12.6419   3.704691    31.5850        140     0.5792  0.000e+00
      8.478    12.6371   3.704445    31.5866        141     0.5833  0.000e+00
      8.693    12.6330   3.704283    31.5885        142     0.5875  0.000e+00
      8.900    12.6299   3.704147    31.5896        143     0.5917  0.000e+00
      9.108    12.6275   3.704076    31.5909        144     0.5958  0.000e+00
      9.305    12.6261   3.704024    31.5915        145     0.6000  0.000e+00
      9.500    12.6245   3.703940    31.5920        146     0.6042  0.000e+00
      9.689    12.6230   3.703849    31.5923        147     0.6083  0.000e+00
      9.865    12.6218   3.703778    31.5926        148     0.6125  0.000e+00
     10.029    12.6211   3.703700    31.5924        149     0.6167  0.000e+00
     10.184    12.6205   3.703668    31.5925        150     0.6208  0.000e+00
     10.340    12.6203   3.703668    31.5926        151     0.6250  0.000e+00
     10.500    12.6198   3.703668    31.5929        152     0.6292  0.000e+00
     10.659    12.6179   3.703545    31.5933        153     0.6333  0.000e+00
     10.829    12.6146   3.703299    31.5937        154     0.6375  0.000e+00
     11.004    12.6116   3.703098    31.5942        155     0.6417  0.000e+00
     11.181    12.6085   3.702955    31.5954        156     0.6458  0.000e+00
     11.381    12.6042   3.702755    31.5970        157     0.6500  0.000e+00
     11.598    12.5975   3.702385    31.5990        158     0.6542  0.000e+00
     11.835    12.5880   3.701174    31.5954        159     0.6583  0.000e+00
     12.077    12.5746   3.699042    31.5863        160     0.6625  0.000e+00
     12.338    12.5424   3.694334    31.5685        161     0.6667  0.000e+00
     12.600    12.4976   3.689868    31.5636        162     0.6708  0.000e+00
     12.878    12.4453   3.685754    31.5682        163     0.6750  0.000e+00
     13.156    12.3806   3.679353    31.5615        164     0.6792  0.000e+00
     13.429    12.3052   3.672355    31.5580        165     0.6833  0.000e+00
     13.701    12.2162   3.660833    31.5226        166     0.6875  0.000e+00
     13.950    12.0708   3.640252    31.4476        167     0.6917  0.000e+00
     14.185    11.8333   3.609455    31.3511        168     0.6958  0.000e+00
     14.394    11.5325   3.584922    31.3675        169     0.7000  0.000e+00
     14.570    11.2615   3.571666    31.4684        170     0.7042  0.000e+00
     14.713    11.0603   3.567836    31.6031        171     0.7083  0.000e+00
     14.841    10.8370   3.550480    31.6242        172     0.7125  0.000e+00
     14.950    10.6001   3.537567    31.7012        173     0.7167  0.000e+00
     15.045    10.3744   3.527755    31.8000        174     0.7208  0.000e+00
     15.122    10.1823   3.522616    31.9170        175     0.7250  0.000e+00
     15.202    10.0282   3.522713    32.0541        176     0.7292  0.000e+00
     15.279     9.9069   3.532428    32.2605        177     0.7333  0.000e+00
     15.377     9.8224   3.564811    32.6657        178     0.7375  0.000e+00
     15.487     9.7727   3.583030    32.8966        179     0.7417  0.000e+00
     15.638     9.7495   3.594634    33.0363        180     0.7458  0.000e+00
     15.816     9.7738   3.594833    33.0160        181     0.7500  0.000e+00
     16.031     9.8440   3.593135    32.9342        182     0.7542  0.000e+00
     16.284     9.9424   3.593928    32.8524        183     0.7583  0.000e+00
     16.571    10.0343   3.593549    32.7650        184     0.7625  0.000e+00
     16.878    10.1146   3.584542    32.6012        185     0.7667  0.000e+00
     17.221    10.1856   3.570299    32.3935        186     0.7708  0.000e+00
     17.593    10.2319   3.550488    32.1525        187     0.7750  0.000e+00
     18.006    10.0304   3.469701    31.5158        188     0.7792  0.000e+00
     18.427     9.5003   3.390586    31.1749        189     0.7833  0.000e+00
     18.829     8.8839   3.343259    31.2274        190     0.7875  0.000e+00
     19.176     8.3431   3.317245    31.4352        191     0.7917  0.000e+00
     19.456     7.9285   3.305976    31.6891        192     0.7958  0.000e+00
     19.652     7.6321   3.299921    31.8947        193     0.8000  0.000e+00
     19.790     7.4250   3.303732    32.1264        194     0.8042  0.000e+00
     19.985     7.2839   3.301312    32.2314        195     0.8083  0.000e+00
     20.082     7.1891   3.291341    32.2117        196     0.8125  0.000e+00
     20.057     7.1109   3.282704    32.1909        197     0.8167  0.000e+00
     19.980     7.0440   3.281796    32.2436        198     0.8208  0.000e+00
     19.916     6.9874   3.312780    32.6349        199     0.8250  0.000e+00
     19.947     6.9497   3.329058    32.8488        200     0.8292  0.000e+00
     19.960     6.9432   3.334279    32.9121        201     0.8333  0.000e+00
     19.972     6.9591   3.336723    32.9236        202     0.8375  0.000e+00
     19.999     6.9865   3.337487    32.9058        203     0.8417  0.000e+00
     20.086     7.0367   3.344531    32.9347        204     0.8458  0.000e+00
     20.273     7.1342   3.359339    33.0029        205     0.8500  0.000e+00
     20.533     7.2648   3.366306    32.9539        206     0.8542  0.000e+00
     20.816     7.3900   3.373197    32.9092        207     0.8583  0.000e+00
     21.118     7.4943   3.368045    32.7547        208     0.8625  0.000e+00
     21.422     7.5800   3.356529    32.5498        209     0.8667  0.000e+00
     21.750     7.5918   3.336586    32.3243        210     0.8708  0.000e+00
     22.098     7.4793   3.304847    32.0871        211     0.8750  0.000e+00
     22.476     7.3203   3.285601    32.0266        212     0.8792  0.000e+00
     22.875     7.1706   3.273977    32.0393        213     0.8833  0.000e+00
     23.288     7.0470   3.265525    32.0621        214     0.8875  0.000e+00
     23.664     6.9543   3.260902    32.0980        215     0.8917  0.000e+00
