HB2403/sbe081.cnv
* Sea-Bird SBE 19plus V2 Data File:
* FileName = C:\cruise\data\sbe081.hex
* Software Version Seasave V 7.26.7.121
* Temperature SN = 6128
* Conductivity SN = 6128
* System UpLoad Time = Jun 08 2024 20:06:19
* NMEA Latitude = 41 43.07 N
* NMEA Longitude = 068 04.16 W
* NMEA UTC (Time) = Jun 08 2024  20:06:54
** Ship: Henry Bigelow
** Cruise:  HB2403
** Program:  ECOMON
# nquan = 7
# nvalues = 1237                                  
# units = specified
# name 0 = depSM: Depth [salt water, m]
# name 1 = tv290C: Temperature [ITS-90, deg C]
# name 2 = c0S/m: Conductivity [S/m]
# name 3 = sal00: Salinity, Practical [PSU]
# name 4 = scan: Scan Count
# name 5 = timeM: Time, Elapsed [minutes]
# name 6 = flag:  0.000e+00
# span 0 =     -0.181,     31.398                 
# span 1 =    10.7479,    14.5765                 
# span 2 =   0.000383,   3.877563                 
# span 3 =     0.0085,    32.8443                 
# span 4 =         11,       1247                 
# span 5 =     0.0417,     5.1917                 
# span 6 = 0.0000e+00, 0.0000e+00                 
# interval = seconds: 0.25
# start_time = Jun 08 2024 20:06:54 [NMEA time, header]
# bad_flag = -9.990e-29
*END*
[from data line 206]
     15.483    11.1428   3.628858    32.1320        217     0.9000  0.000e+00
     15.549    11.1502   3.627881    32.1159        218     0.9042  0.000e+00
     15.613    11.1510   3.628344    32.1197        219     0.9083  0.000e+00
     15.676    11.1475   3.632703    32.1656        220     0.9125  0.000e+00
     15.754    11.1453   3.635514    32.1951        221     0.9167  0.000e+00
     15.836    11.1491   3.635424    32.1909        222     0.9208  0.000e+00
     15.936    11.1595   3.633861    32.1664        223     0.9250  0.000e+00
     16.049    11.1788   3.633128    32.1423        224     0.9292  0.000e+00
     16.172    11.2078   3.632304    32.1088        225     0.9333  0.000e+00
     16.299    11.2424   3.631448    32.0703        226     0.9375  0.000e+00
     16.441    11.2761   3.631403    32.0404        227     0.9417  0.000e+00
     16.589    11.3063   3.632811    32.0279        228     0.9458  0.000e+00
     16.739    11.3317   3.632052    31.9984        229     0.9500  0.000e+00
     16.884    11.3479   3.629370    31.9581        230     0.9542  0.000e+00
     17.004    11.3364   3.624910    31.9243        231     0.9583  0.000e+00
     17.098    11.2707   3.613877    31.8730        232     0.9625  0.000e+00
     17.165    11.1811   3.603749    31.8510        233     0.9667  0.000e+00
     17.212    11.0990   3.596964    31.8553        234     0.9708  0.000e+00
     17.248    11.0337   3.593410    31.8770        235     0.9750  0.000e+00
     17.270    10.9803   3.591841    31.9079        236     0.9792  0.000e+00
     17.284    10.9381   3.588033    31.9070        237     0.9833  0.000e+00
     17.297    10.9019   3.569678    31.7570        238     0.9875  0.000e+00
     17.303    10.8560   3.568037    31.7805        239     0.9917  0.000e+00
     17.321    10.8165   3.567731    31.8117        240     0.9958  0.000e+00
     17.344    10.7923   3.567559    31.8311        241     1.0000  0.000e+00
     17.374    10.7782   3.567495    31.8427        242     1.0042  0.000e+00
     17.424    10.7699   3.567208    31.8470        243     1.0083  0.000e+00
     17.502    10.7644   3.567036    31.8501        244     1.0125  0.000e+00
     17.601    10.7599   3.566838    31.8520        245     1.0167  0.000e+00
     17.721    10.7562   3.566729    31.8541        246     1.0208  0.000e+00
     17.854    10.7537   3.566685    31.8557        247     1.0250  0.000e+00
     18.008    10.7522   3.566704    31.8572        248     1.0292  0.000e+00
     18.170    10.7514   3.566659    31.8574        249     1.0333  0.000e+00
     18.348    10.7511   3.566551    31.8565        250     1.0375  0.000e+00
     18.534    10.7503   3.566423    31.8559        251     1.0417  0.000e+00
     18.714    10.7496   3.566436    31.8565        252     1.0458  0.000e+00
     18.892    10.7490   3.566443    31.8570        253     1.0500  0.000e+00
     19.058    10.7489   3.566360    31.8562        254     1.0542  0.000e+00
     19.197    10.7490   3.566289    31.8554        255     1.0583  0.000e+00
     19.307    10.7486   3.566245    31.8553        256     1.0625  0.000e+00
     19.383    10.7481   3.566245    31.8556        257     1.0667  0.000e+00
     19.431    10.7479   3.566334    31.8567        258     1.0708  0.000e+00
     19.465    10.7483   3.566315    31.8561        259     1.0750  0.000e+00
     19.487    10.7486   3.566245    31.8552        260     1.0792  0.000e+00
     19.505    10.7488   3.566162    31.8542        261     1.0833  0.000e+00
     19.525    10.7486   3.566162    31.8543        262     1.0875  0.000e+00
     19.554    10.7483   3.566181    31.8548        263     1.0917  0.000e+00
     19.599    10.7483   3.566270    31.8557        264     1.0958  0.000e+00
     19.656    10.7488   3.566334    31.8558        265     1.1000  0.000e+00
     19.737    10.7494   3.566507    31.8570        266     1.1042  0.000e+00
     19.840    10.7502   3.566641    31.8576        267     1.1083  0.000e+00
     19.963    10.7512   3.566749    31.8577        268     1.1125  0.000e+00
     20.102    10.7522   3.566781    31.8571        269     1.1167  0.000e+00
     20.265    10.7527   3.566858    31.8573        270     1.1208  0.000e+00
     20.427    10.7530   3.566884    31.8572        271     1.1250  0.000e+00
     20.599    10.7535   3.566903    31.8569        272     1.1292  0.000e+00
     20.772    10.7536   3.566839    31.8562        273     1.1333  0.000e+00
     20.935    10.7541   3.566660    31.8539        274     1.1375  0.000e+00
     21.097    10.7536   3.566750    31.8551        275     1.1417  0.000e+00
     21.242    10.7532   3.566750    31.8554        276     1.1458  0.000e+00
     21.372    10.7528   3.566731    31.8555        277     1.1500  0.000e+00
     21.484    10.7525   3.566731    31.8557        278     1.1542  0.000e+00
     21.576    10.7523   3.566750    31.8561        279     1.1583  0.000e+00
     21.648    10.7521   3.566731    31.8560        280     1.1625  0.000e+00
     21.713    10.7518   3.566750    31.8564        281     1.1667  0.000e+00
     21.764    10.7518   3.566750    31.8564        282     1.1708  0.000e+00
     21.808    10.7518   3.566750    31.8564        283     1.1750  0.000e+00
     21.849    10.7516   3.566750    31.8565        284     1.1792  0.000e+00
     21.878    10.7517   3.566776    31.8567        285     1.1833  0.000e+00
     21.916    10.7518   3.566776    31.8566        286     1.1875  0.000e+00
     21.956    10.7518   3.566782    31.8566        287     1.1917  0.000e+00
     22.001    10.7519   3.566814    31.8568        288     1.1958  0.000e+00
     22.055    10.7519   3.566903    31.8578        289     1.2000  0.000e+00
     22.120    10.7527   3.566929    31.8573        290     1.2042  0.000e+00
     22.194    10.7531   3.566929    31.8569        291     1.2083  0.000e+00
     22.283    10.7533   3.566929    31.8567        292     1.2125  0.000e+00
     22.395    10.7536   3.566929    31.8564        293     1.2167  0.000e+00
     22.511    10.7538   3.566903    31.8559        294     1.2208  0.000e+00
     22.641    10.7537   3.566884    31.8558        295     1.2250  0.000e+00
     22.778    10.7536   3.566904    31.8559        296     1.2292  0.000e+00
     22.923    10.7535   3.566904    31.8559        297     1.2333  0.000e+00
     23.077    10.7535   3.566929    31.8561        298     1.2375  0.000e+00
     23.228    10.7536   3.566929    31.8560        299     1.2417  0.000e+00
     23.391    10.7536   3.566993    31.8566        300     1.2458  0.000e+00
     23.548    10.7538   3.567121    31.8576        301     1.2500  0.000e+00
     23.702    10.7544   3.567083    31.8567        302     1.2542  0.000e+00
     23.830    10.7548   3.567012    31.8555        303     1.2583  0.000e+00
     23.956    10.7548   3.566968    31.8550        304     1.2625  0.000e+00
     24.058    10.7545   3.566949    31.8551        305     1.2667  0.000e+00
     24.141    10.7543   3.567013    31.8558        306     1.2708  0.000e+00
     24.210    10.7542   3.567038    31.8562        307     1.2750  0.000e+00
     24.253    10.7544   3.567102    31.8566        308     1.2792  0.000e+00
     24.287    10.7546   3.567191    31.8573        309     1.2833  0.000e+00
     24.306    10.7553   3.567121    31.8560        310     1.2875  0.000e+00
     24.321    10.7555   3.567057    31.8552        311     1.2917  0.000e+00
     24.339    10.7551   3.567013    31.8550        312     1.2958  0.000e+00
     24.366    10.7548   3.567038    31.8556        313     1.3000  0.000e+00
     24.402    10.7546   3.567038    31.8557        314     1.3042  0.000e+00
     24.452    10.7546   3.567083    31.8561        315     1.3083  0.000e+00
     24.520    10.7547   3.567147    31.8567        316     1.3125  0.000e+00
     24.603    10.7551   3.567166    31.8565        317     1.3167  0.000e+00
     24.707    10.7553   3.567166    31.8562        318     1.3208  0.000e+00
     24.829    10.7557   3.567166    31.8559        319     1.3250  0.000e+00
     24.959    10.7557   3.567121    31.8554        320     1.3292  0.000e+00
     25.096    10.7556   3.567166    31.8558        321     1.3333  0.000e+00
     25.231    10.7557   3.567147    31.8555        322     1.3375  0.000e+00
     25.364    10.7555   3.567166    31.8558        323     1.3417  0.000e+00
     25.491    10.7558   3.567153    31.8554        324     1.3458  0.000e+00
     25.611    10.7556   3.567122    31.8552        325     1.3500  0.000e+00
     25.714    10.7555   3.567122    31.8553        326     1.3542  0.000e+00
     25.812    10.7555   3.567147    31.8554        327     1.3583  0.000e+00
     25.895    10.7556   3.567211    31.8560        328     1.3625  0.000e+00
     25.964    10.7559   3.567192    31.8555        329     1.3667  0.000e+00
     26.036    10.7559   3.567211    31.8556        330     1.3708  0.000e+00
     26.103    10.7560   3.567237    31.8557        331     1.3750  0.000e+00
     26.168    10.7561   3.567275    31.8560        332     1.3792  0.000e+00
     26.236    10.7562   3.567256    31.8558        333     1.3833  0.000e+00
     26.306    10.7563   3.567320    31.8562        334     1.3875  0.000e+00
     26.379    10.7567   3.567301    31.8557        335     1.3917  0.000e+00
     26.447    10.7569   3.567428    31.8568        336     1.3958  0.000e+00
     26.528    10.7571   3.567428    31.8565        337     1.4000  0.000e+00
     26.624    10.7578   3.567499    31.8566        338     1.4042  0.000e+00
     26.722    10.7583   3.567582    31.8570        339     1.4083  0.000e+00
     26.826    10.7586   3.567626    31.8570        340     1.4125  0.000e+00
     26.944    10.7592   3.567626    31.8565        341     1.4167  0.000e+00
     27.066    10.7597   3.567633    31.8560        342     1.4208  0.000e+00
     27.182    10.7599   3.567626    31.8558        343     1.4250  0.000e+00
     27.293    10.7601   3.567716    31.8564        344     1.4292  0.000e+00
     27.411    10.7605   3.567716    31.8561        345     1.4333  0.000e+00
     27.521    10.7609   3.567735    31.8559        346     1.4375  0.000e+00
     27.624    10.7610   3.567690    31.8553        347     1.4417  0.000e+00
     27.722    10.7609   3.567716    31.8556        348     1.4458  0.000e+00
     27.812    10.7610   3.567735    31.8556        349     1.4500  0.000e+00
     27.903    10.7610   3.567691    31.8551        350     1.4542  0.000e+00
     27.993    10.7609   3.567780    31.8561        351     1.4583  0.000e+00
     28.078    10.7612   3.567806    31.8560        352     1.4625  0.000e+00
     28.161    10.7614   3.567844    31.8562        353     1.4667  0.000e+00
     28.237    10.7619   3.567889    31.8562        354     1.4708  0.000e+00
     28.309    10.7621   3.567869    31.8558        355     1.4750  0.000e+00
     28.384    10.7622   3.567889    31.8559        356     1.4792  0.000e+00
     28.456    10.7624   3.567914    31.8559        357     1.4833  0.000e+00
     28.531    10.7627   3.567933    31.8558        358     1.4875  0.000e+00
     28.603    10.7627   3.567933    31.8558        359     1.4917  0.000e+00
     28.685    10.7629   3.567933    31.8556        360     1.4958  0.000e+00
     28.769    10.7627   3.567914    31.8555        361     1.5000  0.000e+00
     28.854    10.7627   3.567870    31.8550        362     1.5042  0.000e+00
     28.933    10.7625   3.567889    31.8554        363     1.5083  0.000e+00
     29.014    10.7624   3.567997    31.8565        364     1.5125  0.000e+00
     29.095    10.7627   3.568042    31.8567        365     1.5167  0.000e+00
     29.171    10.7632   3.568151    31.8573        366     1.5208  0.000e+00
     29.247    10.7637   3.568195    31.8572        367     1.5250  0.000e+00
     29.314    10.7644   3.568195    31.8566        368     1.5292  0.000e+00
     29.383    10.7649   3.568240    31.8566        369     1.5333  0.000e+00
     29.444    10.7651   3.568266    31.8566        370     1.5375  0.000e+00
     29.501    10.7655   3.568285    31.8564        371     1.5417  0.000e+00
     29.572    10.7657   3.568285    31.8563        372     1.5458  0.000e+00
     29.633    10.7659   3.568266    31.8558        373     1.5500  0.000e+00
     29.700    10.7658   3.568196    31.8552        374     1.5542  0.000e+00
     29.773    10.7657   3.568196    31.8553        375     1.5583  0.000e+00
     29.843    10.7655   3.568132    31.8548        376     1.5625  0.000e+00
     29.910    10.7651   3.568132    31.8551        377     1.5667  0.000e+00
     29.982    10.7648   3.568132    31.8553        378     1.5708  0.000e+00
     30.053    10.7646   3.568113    31.8553        379     1.5750  0.000e+00
     30.131    10.7643   3.568119    31.8556        380     1.5792  0.000e+00
     30.219    10.7641   3.568113    31.8556        381     1.5833  0.000e+00
     30.316    10.7640   3.568132    31.8559        382     1.5875  0.000e+00
     30.421    10.7641   3.568132    31.8558        383     1.5917  0.000e+00
     30.538    10.7641   3.568113    31.8556        384     1.5958  0.000e+00
     30.659    10.7639   3.568087    31.8554        385     1.6000  0.000e+00
     30.781    10.7637   3.568087    31.8555        386     1.6042  0.000e+00
     30.903    10.7638   3.568132    31.8558        387     1.6083  0.000e+00
     31.013    10.7638   3.568132    31.8558        388     1.6125  0.000e+00
     31.111    10.7639   3.568132    31.8557        389     1.6167  0.000e+00
     31.198    10.7641   3.568151    31.8556        390     1.6208  0.000e+00
     31.263    10.7643   3.568266    31.8566        391     1.6250  0.000e+00
     31.324    10.7646   3.568286    31.8565        392     1.6292  0.000e+00
     31.386    10.7650   3.568349    31.8568        393     1.6333  0.000e+00
     31.398    10.7655   3.568286    31.8556        394     1.6375  0.000e+00
     31.371    10.7659   3.568349    31.8559        395     1.6417  0.000e+00
     31.283    10.7660   3.568349    31.8559        396     1.6458  0.000e+00
     31.167    10.7660   3.568330    31.8557        397     1.6500  0.000e+00
     31.030    10.7662   3.568305    31.8554        398     1.6542  0.000e+00
     30.920    10.7661   3.568330    31.8558        399     1.6583  0.000e+00
     30.805    10.7662   3.568305    31.8555        400     1.6625  0.000e+00
     30.689    10.7662   3.568305    31.8555        401     1.6667  0.000e+00
     30.584    10.7663   3.568285    31.8553        402     1.6708  0.000e+00
     30.494    10.7663   3.568241    31.8549        403     1.6750  0.000e+00
     30.411    10.7661   3.568266    31.8554        404     1.6792  0.000e+00
     30.346    10.7658   3.568285    31.8558        405     1.6833  0.000e+00
     30.277    10.7659   3.568241    31.8553        406     1.6875  0.000e+00
     30.223    10.7658   3.568221    31.8552        407     1.6917  0.000e+00
     30.178    10.7658   3.568151    31.8545        408     1.6958  0.000e+00
     30.129    10.7655   3.568132    31.8547        409     1.7000  0.000e+00
     30.084    10.7650   3.568042    31.8542        410     1.7042  0.000e+00
     30.035    10.7646   3.567934    31.8536        411     1.7083  0.000e+00
     29.973    10.7637   3.567959    31.8546        412     1.7125  0.000e+00
     29.907    10.7632   3.567959    31.8550        413     1.7167  0.000e+00
     29.840    10.7630   3.567825    31.8539        414     1.7208  0.000e+00
     29.764    10.7622   3.567736    31.8538        415     1.7250  0.000e+00
     29.679    10.7616   3.567691    31.8538        416     1.7292  0.000e+00
     29.592    10.7607   3.567627    31.8541        417     1.7333  0.000e+00
     29.517    10.7604   3.567608    31.8542        418     1.7375  0.000e+00
     29.419    10.7598   3.567563    31.8543        419     1.7417  0.000e+00
     29.329    10.7596   3.567672    31.8556        420     1.7458  0.000e+00
