HB2403/sbe001.cnv
* Sea-Bird SBE 19plus V2 Data File:
* FileName = C:\cruise\data\sbe001.hex
* Software Version Seasave V 7.26.7.121
* Temperature SN = 6128
* Conductivity SN = 6128
* System UpLoad Time = May 26 2024 00:22:13
* NMEA Latitude = 41 08.21 N
* NMEA Longitude = 070 59.01 W
* NMEA UTC (Time) = May 26 2024  00:22:36
** Ship: Henry Bigelow
** Cruise:  HB2403
** Program:  ECOMON
# nquan = 7
# nvalues = 1575                                  
# units = specified
# name 0 = depSM: Depth [salt water, m]
# name 1 = tv290C: Temperature [ITS-90, deg C]
# name 2 = c0S/m: Conductivity [S/m]
# name 3 = sal00: Salinity, Practical [PSU]
# name 4 = scan: Scan Count
# name 5 = timeM: Time, Elapsed [minutes]
# name 6 = flag:  0.000e+00
# span 0 =     -0.188,     28.082                 
# span 1 =     9.0615,    14.9972                 
# span 2 =   0.000007,   3.815778                 
# span 3 =     0.0077,    31.5515                 
# span 4 =         11,       1585                 
# span 5 =     0.0417,     6.6000                 
# span 6 = 0.0000e+00, 0.0000e+00                 
# interval = seconds: 0.25
# start_time = May 26 2024 00:22:36 [NMEA time, header]
# bad_flag = -9.990e-29
*END*
[from data line 411]
     22.785     9.0746   3.390723    31.5480        422     1.7542  0.000e+00
     22.855     9.0746   3.390729    31.5480        423     1.7583  0.000e+00
     22.917     9.0744   3.390698    31.5478        424     1.7625  0.000e+00
     22.983     9.0743   3.390686    31.5477        425     1.7667  0.000e+00
     23.041     9.0743   3.390698    31.5478        426     1.7708  0.000e+00
     23.100     9.0745   3.390730    31.5480        427     1.7750  0.000e+00
     23.163     9.0746   3.390723    31.5477        428     1.7792  0.000e+00
     23.221     9.0746   3.390705    31.5476        429     1.7833  0.000e+00
     23.288     9.0745   3.390723    31.5478        430     1.7875  0.000e+00
     23.362     9.0745   3.390730    31.5478        431     1.7917  0.000e+00
     23.427     9.0745   3.390698    31.5475        432     1.7958  0.000e+00
     23.506     9.0745   3.390686    31.5473        433     1.8000  0.000e+00
     23.584     9.0744   3.390698    31.5475        434     1.8042  0.000e+00
     23.665     9.0744   3.390705    31.5475        435     1.8083  0.000e+00
     23.741     9.0744   3.390730    31.5478        436     1.8125  0.000e+00
     23.821     9.0744   3.390698    31.5474        437     1.8167  0.000e+00
     23.896     9.0743   3.390705    31.5475        438     1.8208  0.000e+00
     23.979     9.0743   3.390655    31.5469        439     1.8250  0.000e+00
     24.062     9.0742   3.390686    31.5474        440     1.8292  0.000e+00
     24.147     9.0742   3.390724    31.5477        441     1.8333  0.000e+00
     24.232     9.0742   3.390705    31.5475        442     1.8375  0.000e+00
     24.318     9.0742   3.390680    31.5472        443     1.8417  0.000e+00
     24.405     9.0742   3.390686    31.5472        444     1.8458  0.000e+00
     24.492     9.0742   3.390680    31.5471        445     1.8500  0.000e+00
     24.573     9.0742   3.390705    31.5473        446     1.8542  0.000e+00
     24.658     9.0741   3.390699    31.5473        447     1.8583  0.000e+00
     24.744     9.0741   3.390686    31.5471        448     1.8625  0.000e+00
     24.822     9.0742   3.390655    31.5467        449     1.8667  0.000e+00
     24.907     9.0743   3.390705    31.5470        450     1.8708  0.000e+00
     24.985     9.0742   3.390655    31.5467        451     1.8750  0.000e+00
     25.067     9.0738   3.390605    31.5464        452     1.8792  0.000e+00
     25.140     9.0734   3.390592    31.5466        453     1.8833  0.000e+00
     25.219     9.0730   3.390586    31.5469        454     1.8875  0.000e+00
     25.295     9.0727   3.390593    31.5472        455     1.8917  0.000e+00
     25.369     9.0725   3.390605    31.5475        456     1.8958  0.000e+00
     25.438     9.0723   3.390549    31.5470        457     1.9000  0.000e+00
     25.514     9.0722   3.390605    31.5476        458     1.9042  0.000e+00
     25.584     9.0722   3.390593    31.5475        459     1.9083  0.000e+00
     25.651     9.0721   3.390605    31.5477        460     1.9125  0.000e+00
     25.722     9.0720   3.390605    31.5478        461     1.9167  0.000e+00
     25.788     9.0720   3.390568    31.5473        462     1.9208  0.000e+00
     25.860     9.0722   3.390586    31.5473        463     1.9250  0.000e+00
     25.929     9.0722   3.390593    31.5473        464     1.9292  0.000e+00
     25.999     9.0722   3.390605    31.5475        465     1.9333  0.000e+00
     26.069     9.0721   3.390637    31.5478        466     1.9375  0.000e+00
     26.143     9.0724   3.390643    31.5476        467     1.9417  0.000e+00
     26.223     9.0725   3.390612    31.5471        468     1.9458  0.000e+00
     26.300     9.0725   3.390624    31.5472        469     1.9500  0.000e+00
     26.383     9.0725   3.390612    31.5471        470     1.9542  0.000e+00
     26.462     9.0723   3.390587    31.5469        471     1.9583  0.000e+00
     26.545     9.0724   3.390656    31.5475        472     1.9625  0.000e+00
     26.626     9.0726   3.390643    31.5472        473     1.9667  0.000e+00
     26.711     9.0726   3.390637    31.5471        474     1.9708  0.000e+00
     26.793     9.0729   3.390643    31.5469        475     1.9750  0.000e+00
     26.875     9.0728   3.390637    31.5469        476     1.9792  0.000e+00
     26.955     9.0725   3.390643    31.5471        477     1.9833  0.000e+00
     27.029     9.0728   3.390681    31.5472        478     1.9875  0.000e+00
     27.112     9.0730   3.390687    31.5471        479     1.9917  0.000e+00
     27.195     9.0730   3.390700    31.5472        480     1.9958  0.000e+00
     27.274     9.0731   3.390687    31.5469        481     2.0000  0.000e+00
     27.356     9.0733   3.390637    31.5462        482     2.0042  0.000e+00
     27.433     9.0730   3.390668    31.5468        483     2.0083  0.000e+00
     27.513     9.0732   3.390681    31.5467        484     2.0125  0.000e+00
     27.592     9.0729   3.390687    31.5470        485     2.0167  0.000e+00
     27.668     9.0728   3.390700    31.5471        486     2.0208  0.000e+00
     27.749     9.0730   3.390668    31.5467        487     2.0250  0.000e+00
     27.831     9.0729   3.390687    31.5469        488     2.0292  0.000e+00
     27.903     9.0733   3.390656    31.5462        489     2.0333  0.000e+00
     27.985     9.0729   3.390643    31.5463        490     2.0375  0.000e+00
     28.039     9.0730   3.390700    31.5469        491     2.0417  0.000e+00
     28.082     9.0728   3.390687    31.5468        492     2.0458  0.000e+00
     28.077     9.0728   3.390656    31.5465        493     2.0500  0.000e+00
     28.059     9.0727   3.390587    31.5459        494     2.0542  0.000e+00
     28.032     9.0725   3.390568    31.5459        495     2.0583  0.000e+00
     28.003     9.0723   3.390606    31.5465        496     2.0625  0.000e+00
     27.980     9.0722   3.390550    31.5460        497     2.0667  0.000e+00
     27.954     9.0720   3.390587    31.5466        498     2.0708  0.000e+00
     27.927     9.0719   3.390506    31.5459        499     2.0750  0.000e+00
     27.896     9.0717   3.390543    31.5464        500     2.0792  0.000e+00
     27.868     9.0716   3.390550    31.5466        501     2.0833  0.000e+00
     27.836     9.0717   3.390543    31.5465        502     2.0875  0.000e+00
     27.815     9.0719   3.390568    31.5466        503     2.0917  0.000e+00
     27.786     9.0719   3.390562    31.5465        504     2.0958  0.000e+00
     27.768     9.0720   3.390506    31.5458        505     2.1000  0.000e+00
     27.741     9.0721   3.390543    31.5461        506     2.1042  0.000e+00
     27.704     9.0723   3.390525    31.5458        507     2.1083  0.000e+00
     27.674     9.0723   3.389949    31.5399        508     2.1125  0.000e+00
     27.635     9.0720   3.390550    31.5463        509     2.1167  0.000e+00
     27.590     9.0717   3.390481    31.5459        510     2.1208  0.000e+00
     27.551     9.0719   3.390568    31.5467        511     2.1250  0.000e+00
     27.509     9.0717   3.390524    31.5463        512     2.1292  0.000e+00
     27.456     9.0718   3.390481    31.5459        513     2.1333  0.000e+00
     27.411     9.0714   3.390443    31.5458        514     2.1375  0.000e+00
     27.360     9.0711   3.390399    31.5457        515     2.1417  0.000e+00
     27.310     9.0704   3.390399    31.5463        516     2.1458  0.000e+00
     27.247     9.0703   3.390399    31.5465        517     2.1500  0.000e+00
     27.192     9.0700   3.390399    31.5467        518     2.1542  0.000e+00
     27.131     9.0700   3.390399    31.5467        519     2.1583  0.000e+00
     27.078     9.0699   3.390418    31.5471        520     2.1625  0.000e+00
     27.028     9.0700   3.390399    31.5468        521     2.1667  0.000e+00
     26.983     9.0699   3.390418    31.5471        522     2.1708  0.000e+00
     26.936     9.0699   3.390380    31.5468        523     2.1750  0.000e+00
     26.891     9.0700   3.390374    31.5466        524     2.1792  0.000e+00
     26.851     9.0699   3.390399    31.5470        525     2.1833  0.000e+00
     26.804     9.0700   3.390399    31.5469        526     2.1875  0.000e+00
     26.758     9.0702   3.390355    31.5463        527     2.1917  0.000e+00
     26.719     9.0700   3.389986    31.5426        528     2.1958  0.000e+00
     26.677     9.0702   3.390418    31.5470        529     2.2000  0.000e+00
     26.631     9.0702   3.390355    31.5463        530     2.2042  0.000e+00
     26.587     9.0704   3.390418    31.5469        531     2.2083  0.000e+00
     26.538     9.0704   3.390399    31.5467        532     2.2125  0.000e+00
     26.491     9.0704   3.390418    31.5469        533     2.2167  0.000e+00
     26.439     9.0707   3.390418    31.5466        534     2.2208  0.000e+00
     26.394     9.0705   3.390355    31.5462        535     2.2250  0.000e+00
     26.350     9.0704   3.390374    31.5465        536     2.2292  0.000e+00
     26.303     9.0704   3.390355    31.5464        537     2.2333  0.000e+00
     26.256     9.0702   3.390355    31.5465        538     2.2375  0.000e+00
     26.206     9.0703   3.390336    31.5463        539     2.2417  0.000e+00
     26.155     9.0703   3.390336    31.5463        540     2.2458  0.000e+00
     26.097     9.0702   3.390286    31.5458        541     2.2500  0.000e+00
     26.049     9.0701   3.390111    31.5442        542     2.2542  0.000e+00
     25.998     9.0701   3.390355    31.5467        543     2.2583  0.000e+00
     25.942     9.0701   3.390317    31.5463        544     2.2625  0.000e+00
     25.888     9.0702   3.390330    31.5464        545     2.2667  0.000e+00
     25.837     9.0701   3.390355    31.5468        546     2.2708  0.000e+00
     25.784     9.0700   3.390311    31.5465        547     2.2750  0.000e+00
     25.730     9.0700   3.390274    31.5460        548     2.2792  0.000e+00
     25.677     9.0699   3.390311    31.5466        549     2.2833  0.000e+00
     25.629     9.0697   3.390292    31.5466        550     2.2875  0.000e+00
     25.576     9.0696   3.390286    31.5466        551     2.2917  0.000e+00
     25.522     9.0698   3.390292    31.5465        552     2.2958  0.000e+00
     25.466     9.0697   3.390267    31.5464        553     2.3000  0.000e+00
     25.419     9.0696   3.390255    31.5464        554     2.3042  0.000e+00
     25.370     9.0695   3.390136    31.5453        555     2.3083  0.000e+00
     25.319     9.0695   3.390292    31.5469        556     2.3125  0.000e+00
     25.270     9.0697   3.390286    31.5466        557     2.3167  0.000e+00
     25.228     9.0698   3.390255    31.5463        558     2.3208  0.000e+00
     25.187     9.0695   3.390223    31.5462        559     2.3250  0.000e+00
     25.138     9.0696   3.390255    31.5465        560     2.3292  0.000e+00
     25.093     9.0696   3.390286    31.5468        561     2.3333  0.000e+00
     25.043     9.0700   3.390292    31.5466        562     2.3375  0.000e+00
     25.001     9.0701   3.390286    31.5464        563     2.3417  0.000e+00
     24.963     9.0703   3.390273    31.5462        564     2.3458  0.000e+00
     24.909     9.0703   3.390267    31.5461        565     2.3500  0.000e+00
     24.864     9.0702   3.390273    31.5463        566     2.3542  0.000e+00
     24.825     9.0699   3.390004    31.5438        567     2.3583  0.000e+00
     24.772     9.0688   3.390029    31.5451        568     2.3625  0.000e+00
     24.731     9.0678   3.390004    31.5457        569     2.3667  0.000e+00
     24.687     9.0674   3.389985    31.5458        570     2.3708  0.000e+00
     24.648     9.0668   3.389923    31.5458        571     2.3750  0.000e+00
     24.603     9.0662   3.389960    31.5467        572     2.3792  0.000e+00
     24.561     9.0658   3.389885    31.5463        573     2.3833  0.000e+00
     24.520     9.0654   3.389873    31.5466        574     2.3875  0.000e+00
     24.473     9.0648   3.389885    31.5472        575     2.3917  0.000e+00
     24.426     9.0647   3.389942    31.5480        576     2.3958  0.000e+00
     24.384     9.0648   3.389923    31.5476        577     2.4000  0.000e+00
     24.339     9.0651   3.389898    31.5471        578     2.4042  0.000e+00
     24.289     9.0650   3.389860    31.5469        579     2.4083  0.000e+00
     24.242     9.0648   3.389873    31.5472        580     2.4125  0.000e+00
     24.191     9.0646   3.389841    31.5471        581     2.4167  0.000e+00
     24.143     9.0644   3.389810    31.5469        582     2.4208  0.000e+00
     24.094     9.0644   3.389948    31.5484        583     2.4250  0.000e+00
     24.052     9.0648   3.389960    31.5482        584     2.4292  0.000e+00
     24.006     9.0655   3.389923    31.5472        585     2.4333  0.000e+00
     23.960     9.0658   3.389916    31.5469        586     2.4375  0.000e+00
     23.915     9.0658   3.389904    31.5468        587     2.4417  0.000e+00
     23.870     9.0659   3.389898    31.5467        588     2.4458  0.000e+00
     23.828     9.0658   3.389860    31.5464        589     2.4500  0.000e+00
     23.790     9.0654   3.389829    31.5464        590     2.4542  0.000e+00
     23.750     9.0654   3.389860    31.5468        591     2.4583  0.000e+00
     23.705     9.0653   3.389766    31.5459        592     2.4625  0.000e+00
     23.662     9.0653   3.389841    31.5467        593     2.4667  0.000e+00
     23.612     9.0652   3.389897    31.5474        594     2.4708  0.000e+00
     23.567     9.0653   3.389922    31.5476        595     2.4750  0.000e+00
     23.515     9.0656   3.389860    31.5467        596     2.4792  0.000e+00
     23.468     9.0656   3.389916    31.5473        597     2.4833  0.000e+00
     23.419     9.0660   3.389947    31.5473        598     2.4875  0.000e+00
     23.370     9.0662   3.389941    31.5471        599     2.4917  0.000e+00
     23.323     9.0664   3.389922    31.5467        600     2.4958  0.000e+00
     23.267     9.0664   3.389960    31.5472        601     2.5000  0.000e+00
     23.213     9.0665   3.389947    31.5469        602     2.5042  0.000e+00
     23.164     9.0668   3.389703    31.5441        603     2.5083  0.000e+00
     23.112     9.0669   3.390004    31.5472        604     2.5125  0.000e+00
     23.064     9.0671   3.389960    31.5466        605     2.5167  0.000e+00
     23.014     9.0670   3.389885    31.5459        606     2.5208  0.000e+00
     22.965     9.0666   3.389985    31.5473        607     2.5250  0.000e+00
     22.915     9.0666   3.389947    31.5470        608     2.5292  0.000e+00
     22.866     9.0666   3.389941    31.5469        609     2.5333  0.000e+00
     22.813     9.0665   3.389903    31.5467        610     2.5375  0.000e+00
     22.756     9.0664   3.389897    31.5467        611     2.5417  0.000e+00
     22.712     9.0662   3.389903    31.5469        612     2.5458  0.000e+00
     22.662     9.0661   3.389897    31.5470        613     2.5500  0.000e+00
     22.613     9.0660   3.389885    31.5470        614     2.5542  0.000e+00
     22.579     9.0659   3.389872    31.5469        615     2.5583  0.000e+00
     22.535     9.0659   3.389885    31.5471        616     2.5625  0.000e+00
     22.494     9.0661   3.389872    31.5469        617     2.5667  0.000e+00
     22.454     9.0663   3.389885    31.5468        618     2.5708  0.000e+00
     22.418     9.0663   3.389828    31.5462        619     2.5750  0.000e+00
     22.383     9.0662   3.389409    31.5420        620     2.5792  0.000e+00
     22.342     9.0659   3.389791    31.5462        621     2.5833  0.000e+00
     22.308     9.0657   3.389778    31.5463        622     2.5875  0.000e+00
     22.270     9.0654   3.389741    31.5462        623     2.5917  0.000e+00
     22.228     9.0648   3.389703    31.5464        624     2.5958  0.000e+00
     22.192     9.0642   3.389697    31.5468        625     2.6000  0.000e+00
