HB2403/sbe098.cnv
* Sea-Bird SBE 19plus V2 Data File:
* FileName = C:\cruise\data\sbe098.hex
* Software Version Seasave V 7.26.7.121
* Temperature SN = 6128
* Conductivity SN = 6128
* System UpLoad Time = Jun 10 2024 08:03:04
* NMEA Latitude = 42 34.97 N
* NMEA Longitude = 067 08.03 W
* NMEA UTC (Time) = Jun 10 2024  08:03:40
** Ship: Henry Bigelow
** Cruise:  HB2403
** Program:  ECOMON
# nquan = 7
# nvalues = 4551                                  
# units = specified
# name 0 = depSM: Depth [salt water, m]
# name 1 = tv290C: Temperature [ITS-90, deg C]
# name 2 = c0S/m: Conductivity [S/m]
# name 3 = sal00: Salinity, Practical [PSU]
# name 4 = scan: Scan Count
# name 5 = timeM: Time, Elapsed [minutes]
# name 6 = flag:  0.000e+00
# span 0 =     -0.256,    200.559                 
# span 1 =     5.2133,    13.5615                 
# span 2 =   0.000174,   3.786986                 
# span 3 =     0.0073,    34.9521                 
# span 4 =         11,       4561                 
# span 5 =     0.0417,    19.0000                 
# span 6 = 0.0000e+00, 0.0000e+00                 
# interval = seconds: 0.25
# start_time = Jun 10 2024 08:03:40 [NMEA time, header]
# bad_flag = -9.990e-29
*END*
[from data line 2462]
    112.045     7.2866   3.439469    33.6839       2473    10.3000  0.000e+00
    111.951     7.2859   3.439400    33.6839       2474    10.3042  0.000e+00
    111.862     7.2856   3.439305    33.6833       2475    10.3083  0.000e+00
    111.781     7.2852   3.439198    33.6825       2476    10.3125  0.000e+00
    111.698     7.2846   3.439003    33.6810       2477    10.3167  0.000e+00
    111.625     7.2839   3.438947    33.6811       2478    10.3208  0.000e+00
    111.560     7.2832   3.438821    33.6805       2479    10.3250  0.000e+00
    111.504     7.2825   3.438651    33.6793       2480    10.3292  0.000e+00
    111.447     7.2820   3.438594    33.6792       2481    10.3333  0.000e+00
    111.396     7.2813   3.438506    33.6789       2482    10.3375  0.000e+00
    111.345     7.2809   3.438412    33.6784       2483    10.3417  0.000e+00
    111.291     7.2803   3.438235    33.6770       2484    10.3458  0.000e+00
    111.241     7.2798   3.437971    33.6746       2485    10.3500  0.000e+00
    111.179     7.2786   3.437839    33.6744       2486    10.3542  0.000e+00
    111.114     7.2777   3.437713    33.6739       2487    10.3583  0.000e+00
    111.036     7.2771   3.437436    33.6716       2488    10.3625  0.000e+00
    110.956     7.2759   3.436977    33.6678       2489    10.3667  0.000e+00
    110.867     7.2745   3.436499    33.6640       2490    10.3708  0.000e+00
    110.777     7.2725   3.436203    33.6628       2491    10.3750  0.000e+00
    110.683     7.2705   3.435788    33.6602       2492    10.3792  0.000e+00
    110.589     7.2686   3.435366    33.6575       2493    10.3833  0.000e+00
    110.504     7.2666   3.435146    33.6571       2494    10.3875  0.000e+00
    110.408     7.2648   3.434888    33.6562       2495    10.3917  0.000e+00
    110.321     7.2632   3.434530    33.6538       2496    10.3958  0.000e+00
    110.242     7.2617   3.434089    33.6506       2497    10.4000  0.000e+00
    110.162     7.2598   3.433863    33.6500       2498    10.4042  0.000e+00
    110.093     7.2581   3.433737    33.6502       2499    10.4083  0.000e+00
    110.023     7.2566   3.433611    33.6504       2500    10.4125  0.000e+00
    109.956     7.2558   3.433460    33.6495       2501    10.4167  0.000e+00
    109.894     7.2550   3.433253    33.6481       2502    10.4208  0.000e+00
    109.837     7.2539   3.432901    33.6453       2503    10.4250  0.000e+00
    109.777     7.2526   3.432353    33.6407       2504    10.4292  0.000e+00
    109.721     7.2510   3.431913    33.6375       2505    10.4333  0.000e+00
    109.668     7.2488   3.431624    33.6365       2506    10.4375  0.000e+00
    109.616     7.2469   3.431429    33.6363       2507    10.4417  0.000e+00
    109.560     7.2453   3.431228    33.6357       2508    10.4458  0.000e+00
    109.501     7.2438   3.431052    33.6352       2509    10.4500  0.000e+00
    109.434     7.2428   3.431039    33.6361       2510    10.4542  0.000e+00
    109.364     7.2420   3.430806    33.6344       2511    10.4583  0.000e+00
    109.289     7.2410   3.430568    33.6328       2512    10.4625  0.000e+00
    109.222     7.2399   3.430303    33.6310       2513    10.4667  0.000e+00
    109.152     7.2389   3.430140    33.6303       2514    10.4708  0.000e+00
    109.083     7.2377   3.430065    33.6307       2515    10.4750  0.000e+00
    109.020     7.2367   3.429782    33.6285       2516    10.4792  0.000e+00
    108.966     7.2358   3.429580    33.6272       2517    10.4833  0.000e+00
    108.915     7.2347   3.429574    33.6283       2518    10.4875  0.000e+00
    108.861     7.2338   3.429536    33.6287       2519    10.4917  0.000e+00
    108.810     7.2334   3.429536    33.6292       2520    10.4958  0.000e+00
    108.754     7.2330   3.429536    33.6296       2521    10.5000  0.000e+00
    108.705     7.2327   3.429404    33.6284       2522    10.5042  0.000e+00
    108.641     7.2324   3.429197    33.6265       2523    10.5083  0.000e+00
    108.573     7.2319   3.428782    33.6225       2524    10.5125  0.000e+00
    108.493     7.2307   3.427908    33.6143       2525    10.5167  0.000e+00
    108.415     7.2286   3.427695    33.6140       2526    10.5208  0.000e+00
    108.321     7.2266   3.427361    33.6123       2527    10.5250  0.000e+00
    108.223     7.2248   3.426852    33.6086       2528    10.5292  0.000e+00
    108.118     7.2230   3.426255    33.6039       2529    10.5333  0.000e+00
    108.025     7.2207   3.426086    33.6043       2530    10.5375  0.000e+00
    107.936     7.2187   3.425941    33.6047       2531    10.5417  0.000e+00
    107.853     7.2174   3.425734    33.6037       2532    10.5458  0.000e+00
    107.784     7.2161   3.425470    33.6022       2533    10.5500  0.000e+00
    107.728     7.2149   3.425231    33.6008       2534    10.5542  0.000e+00
    107.690     7.2138   3.424879    33.5980       2535    10.5583  0.000e+00
    107.659     7.2124   3.424653    33.5970       2536    10.5625  0.000e+00
    107.647     7.2110   3.424672    33.5985       2537    10.5667  0.000e+00
    107.638     7.2101   3.424678    33.5995       2538    10.5708  0.000e+00
    107.638     7.2099   3.424716    33.6001       2539    10.5750  0.000e+00
    107.641     7.2095   3.424791    33.6012       2540    10.5792  0.000e+00
    107.638     7.2098   3.425049    33.6038       2541    10.5833  0.000e+00
    107.634     7.2099   3.425005    33.6032       2542    10.5875  0.000e+00
    107.617     7.2104   3.424678    33.5992       2543    10.5917  0.000e+00
    107.589     7.2100   3.424609    33.5988       2544    10.5958  0.000e+00
    107.539     7.2096   3.424590    33.5991       2545    10.6000  0.000e+00
    107.468     7.2091   3.424483    33.5984       2546    10.6042  0.000e+00
    107.381     7.2088   3.424131    33.5949       2547    10.6083  0.000e+00
    107.273     7.2079   3.423208    33.5858       2548    10.6125  0.000e+00
    107.150     7.2055   3.422046    33.5755       2549    10.6167  0.000e+00
    107.027     7.2020   3.421612    33.5742       2550    10.6208  0.000e+00
    106.895     7.1988   3.420859    33.5692       2551    10.6250  0.000e+00
    106.771     7.1952   3.420212    33.5657       2552    10.6292  0.000e+00
    106.657     7.1917   3.419590    33.5624       2553    10.6333  0.000e+00
    106.563     7.1883   3.419194    33.5614       2554    10.6375  0.000e+00
    106.485     7.1853   3.418780    33.5598       2555    10.6417  0.000e+00
    106.423     7.1824   3.418504    33.5597       2556    10.6458  0.000e+00
    106.382     7.1798   3.418297    33.5600       2557    10.6500  0.000e+00
    106.358     7.1778   3.418215    33.5611       2558    10.6542  0.000e+00
    106.341     7.1764   3.418171    33.5620       2559    10.6583  0.000e+00
    106.332     7.1755   3.418171    33.5628       2560    10.6625  0.000e+00
    106.329     7.1750   3.418152    33.5630       2561    10.6667  0.000e+00
    106.325     7.1747   3.418102    33.5628       2562    10.6708  0.000e+00
    106.314     7.1745   3.418089    33.5629       2563    10.6750  0.000e+00
    106.292     7.1742   3.418008    33.5623       2564    10.6792  0.000e+00
    106.262     7.1740   3.417907    33.5614       2565    10.6833  0.000e+00
    106.216     7.1737   3.417694    33.5594       2566    10.6875  0.000e+00
    106.153     7.1732   3.417424    33.5570       2567    10.6917  0.000e+00
    106.084     7.1724   3.417047    33.5537       2568    10.6958  0.000e+00
    106.003     7.1709   3.416715    33.5515       2569    10.7000  0.000e+00
    105.929     7.1692   3.416200    33.5476       2570    10.7042  0.000e+00
    105.849     7.1669   3.415221    33.5392       2571    10.7083  0.000e+00
    105.775     7.1629   3.414185    33.5318       2572    10.7125  0.000e+00
    105.705     7.1576   3.412830    33.5222       2573    10.7167  0.000e+00
    105.634     7.1509   3.411845    33.5181       2574    10.7208  0.000e+00
    105.571     7.1436   3.411192    33.5180       2575    10.7250  0.000e+00
    105.502     7.1372   3.410898    33.5211       2576    10.7292  0.000e+00
    105.435     7.1323   3.410622    33.5228       2577    10.7333  0.000e+00
    105.373     7.1288   3.410339    33.5232       2578    10.7375  0.000e+00
    105.310     7.1263   3.409442    33.5159       2579    10.7417  0.000e+00
    105.242     7.1228   3.407931    33.5028       2580    10.7458  0.000e+00
    105.166     7.1172   3.406627    33.4941       2581    10.7500  0.000e+00
    105.099     7.1107   3.405511    33.4882       2582    10.7542  0.000e+00
    105.025     7.1039   3.404533    33.4842       2583    10.7583  0.000e+00
    104.947     7.0968   3.404370    33.4893       2584    10.7625  0.000e+00
    104.889     7.0916   3.404326    33.4939       2585    10.7667  0.000e+00
    104.830     7.0886   3.404207    33.4955       2586    10.7708  0.000e+00
    104.779     7.0865   3.403192    33.4865       2587    10.7750  0.000e+00
    104.732     7.0835   3.401550    33.4715       2588    10.7792  0.000e+00
    104.679     7.0783   3.400854    33.4690       2589    10.7833  0.000e+00
    104.638     7.0732   3.400792    33.4732       2590    10.7875  0.000e+00
    104.593     7.0695   3.400622    33.4750       2591    10.7917  0.000e+00
    104.544     7.0670   3.400485    33.4759       2592    10.7958  0.000e+00
    104.479     7.0654   3.399526    33.4670       2593    10.8000  0.000e+00
    104.406     7.0623   3.397785    33.4511       2594    10.8042  0.000e+00
    104.329     7.0559   3.395561    33.4330       2595    10.8083  0.000e+00
    104.242     7.0462   3.393727    33.4224       2596    10.8125  0.000e+00
    104.150     7.0354   3.393289    33.4281       2597    10.8167  0.000e+00
    104.047     7.0269   3.392650    33.4294       2598    10.8208  0.000e+00
    103.948     7.0211   3.391592    33.4235       2599    10.8250  0.000e+00
    103.852     7.0158   3.391192    33.4244       2600    10.8292  0.000e+00
    103.765     7.0115   3.390966    33.4261       2601    10.8333  0.000e+00
    103.680     7.0085   3.390816    33.4274       2602    10.8375  0.000e+00
    103.603     7.0063   3.390772    33.4291       2603    10.8417  0.000e+00
    103.534     7.0051   3.390735    33.4299       2604    10.8458  0.000e+00
    103.471     7.0044   3.390704    33.4303       2605    10.8500  0.000e+00
    103.418     7.0039   3.390691    33.4307       2606    10.8542  0.000e+00
    103.369     7.0035   3.390660    33.4307       2607    10.8583  0.000e+00
    103.322     7.0033   3.390653    33.4308       2608    10.8625  0.000e+00
    103.286     7.0031   3.390597    33.4304       2609    10.8667  0.000e+00
    103.245     7.0028   3.390466    33.4293       2610    10.8708  0.000e+00
    103.205     7.0026   3.390359    33.4284       2611    10.8750  0.000e+00
    103.164     7.0021   3.390303    33.4282       2612    10.8792  0.000e+00
    103.106     7.0016   3.390165    33.4273       2613    10.8833  0.000e+00
    103.045     7.0012   3.390078    33.4268       2614    10.8875  0.000e+00
    102.974     7.0006   3.390009    33.4266       2615    10.8917  0.000e+00
    102.894     7.0001   3.389971    33.4267       2616    10.8958  0.000e+00
    102.807     7.0001   3.389946    33.4265       2617    10.9000  0.000e+00
    102.714     7.0002   3.389909    33.4260       2618    10.9042  0.000e+00
    102.629     7.0000   3.389858    33.4257       2619    10.9083  0.000e+00
    102.540     7.0000   3.389846    33.4256       2620    10.9125  0.000e+00
    102.453     7.0001   3.389871    33.4259       2621    10.9167  0.000e+00
    102.370     7.0005   3.389840    33.4252       2622    10.9208  0.000e+00
    102.293     7.0008   3.389808    33.4246       2623    10.9250  0.000e+00
    102.217     7.0012   3.389771    33.4238       2624    10.9292  0.000e+00
    102.145     7.0017   3.389764    33.4233       2625    10.9333  0.000e+00
    102.073     7.0020   3.389752    33.4229       2626    10.9375  0.000e+00
    102.008     7.0023   3.389746    33.4225       2627    10.9417  0.000e+00
    101.941     7.0027   3.389727    33.4220       2628    10.9458  0.000e+00
    101.872     7.0027   3.389727    33.4220       2629    10.9500  0.000e+00
    101.809     7.0028   3.389708    33.4217       2630    10.9542  0.000e+00
    101.741     7.0031   3.389683    33.4212       2631    10.9583  0.000e+00
    101.666     7.0033   3.389683    33.4210       2632    10.9625  0.000e+00
    101.586     7.0035   3.389683    33.4209       2633    10.9667  0.000e+00
    101.506     7.0038   3.389683    33.4207       2634    10.9708  0.000e+00
    101.422     7.0044   3.389664    33.4199       2635    10.9750  0.000e+00
    101.340     7.0051   3.389620    33.4187       2636    10.9792  0.000e+00
    101.252     7.0059   3.389558    33.4174       2637    10.9833  0.000e+00
    101.161     7.0066   3.389551    33.4166       2638    10.9875  0.000e+00
    101.074     7.0072   3.389476    33.4153       2639    10.9917  0.000e+00
    100.991     7.0079   3.389426    33.4141       2640    10.9958  0.000e+00
    100.908     7.0087   3.389351    33.4126       2641    11.0000  0.000e+00
    100.828     7.0099   3.389401    33.4120       2642    11.0042  0.000e+00
    100.760     7.0113   3.389495    33.4117       2643    11.0083  0.000e+00
    100.704     7.0133   3.389426    33.4090       2644    11.0125  0.000e+00
    100.656     7.0150   3.389169    33.4045       2645    11.0167  0.000e+00
    100.607     7.0158   3.388925    33.4011       2646    11.0208  0.000e+00
    100.566     7.0162   3.388800    33.3994       2647    11.0250  0.000e+00
    100.524     7.0161   3.388706    33.3985       2648    11.0292  0.000e+00
    100.483     7.0159   3.388656    33.3981       2649    11.0333  0.000e+00
    100.434     7.0159   3.388600    33.3976       2650    11.0375  0.000e+00
    100.381     7.0157   3.388568    33.3974       2651    11.0417  0.000e+00
    100.321     7.0157   3.388550    33.3973       2652    11.0458  0.000e+00
    100.253     7.0159   3.388493    33.3965       2653    11.0500  0.000e+00
    100.192     7.0160   3.388362    33.3950       2654    11.0542  0.000e+00
    100.114     7.0162   3.388256    33.3937       2655    11.0583  0.000e+00
    100.044     7.0164   3.388218    33.3931       2656    11.0625  0.000e+00
     99.964     7.0164   3.388124    33.3921       2657    11.0667  0.000e+00
     99.885     7.0163   3.388055    33.3914       2658    11.0708  0.000e+00
     99.812     7.0163   3.388055    33.3915       2659    11.0750  0.000e+00
     99.749     7.0164   3.388055    33.3915       2660    11.0792  0.000e+00
     99.686     7.0166   3.388080    33.3915       2661    11.0833  0.000e+00
     99.627     7.0172   3.388136    33.3916       2662    11.0875  0.000e+00
     99.578     7.0180   3.388011    33.3895       2663    11.0917  0.000e+00
     99.526     7.0186   3.387930    33.3880       2664    11.0958  0.000e+00
     99.483     7.0197   3.387930    33.3870       2665    11.1000  0.000e+00
     99.434     7.0204   3.387955    33.3866       2666    11.1042  0.000e+00
     99.389     7.0213   3.388011    33.3864       2667    11.1083  0.000e+00
     99.342     7.0220   3.388011    33.3857       2668    11.1125  0.000e+00
     99.298     7.0228   3.388036    33.3853       2669    11.1167  0.000e+00
     99.242     7.0235   3.388036    33.3847       2670    11.1208  0.000e+00
     99.190     7.0241   3.388080    33.3845       2671    11.1250  0.000e+00
     99.137     7.0248   3.388180    33.3850       2672    11.1292  0.000e+00
     99.077     7.0259   3.388274    33.3850       2673    11.1333  0.000e+00
     99.012     7.0274   3.388280    33.3836       2674    11.1375  0.000e+00
     98.949     7.0289   3.388255    33.3820       2675    11.1417  0.000e+00
     98.885     7.0298   3.388099    33.3793       2676    11.1458  0.000e+00
