HB2403/sbe032.cnv
* Sea-Bird SBE 19plus V2 Data File:
* FileName = C:\cruise\data\sbe032.hex
* Software Version Seasave V 7.26.7.121
* Temperature SN = 6128
* Conductivity SN = 6128
* System UpLoad Time = Jun 04 2024 10:29:50
* NMEA Latitude = 39 42.02 N
* NMEA Longitude = 074 00.41 W
* NMEA UTC (Time) = Jun 04 2024  10:30:21
** Ship: Henry Bigelow
** Cruise:  HB2403
** Program:  ECOMON
# nquan = 7
# nvalues = 1510                                  
# units = specified
# name 0 = depSM: Depth [salt water, m]
# name 1 = tv290C: Temperature [ITS-90, deg C]
# name 2 = c0S/m: Conductivity [S/m]
# name 3 = sal00: Salinity, Practical [PSU]
# name 4 = scan: Scan Count
# name 5 = timeM: Time, Elapsed [minutes]
# name 6 = flag:  0.000e+00
# span 0 =     -0.029,     17.324                 
# span 1 =    10.6621,    19.1937                 
# span 2 =   0.000040,   4.049847                 
# span 3 =     0.0095,    30.7864                 
# span 4 =         11,       1520                 
# span 5 =     0.0417,     6.3292                 
# span 6 = 0.0000e+00, 0.0000e+00                 
# interval = seconds: 0.25
# start_time = Jun 04 2024 10:30:21 [NMEA time, header]
# bad_flag = -9.990e-29
*END*
      0.006    18.9724   0.000040     0.0095         11     0.0417  0.000e+00
      0.002    18.9723   0.000046     0.0095         12     0.0458  0.000e+00
     -0.001    18.9725   0.000049     0.0095         13     0.0500  0.000e+00
      0.001    18.9727   0.000040     0.0095         14     0.0542  0.000e+00
      0.005    18.9727   0.000040     0.0095         15     0.0583  0.000e+00
      0.003    18.9731   0.000043     0.0095         16     0.0625  0.000e+00
     -0.000    18.9727   0.000040     0.0095         17     0.0667  0.000e+00
      0.004    18.9730   0.000046     0.0095         18     0.0708  0.000e+00
      0.004    18.9734   0.000049     0.0095         19     0.0750  0.000e+00
     -0.003    18.9738   0.000040     0.0095         20     0.0792  0.000e+00
      0.000    18.9738   0.000046     0.0095         21     0.0833  0.000e+00
      0.002    18.9737   0.000049     0.0095         22     0.0875  0.000e+00
      0.000    18.9739   0.000046     0.0095         23     0.0917  0.000e+00
     -0.001    18.9741   0.000040     0.0095         24     0.0958  0.000e+00
     -0.001    18.9743   0.000052     0.0095         25     0.1000  0.000e+00
      0.001    18.9744   0.000043     0.0095         26     0.1042  0.000e+00
      0.001    18.9751   0.000046     0.0095         27     0.1083  0.000e+00
     -0.005    18.9744   0.000046     0.0095         28     0.1125  0.000e+00
     -0.005    18.9751   0.000043     0.0095         29     0.1167  0.000e+00
     -0.008    18.9753   0.000046     0.0095         30     0.1208  0.000e+00
     -0.003    18.9752   0.000046     0.0095         31     0.1250  0.000e+00
     -0.005    18.9750   0.000043     0.0095         32     0.1292  0.000e+00
     -0.011    18.9750   0.000046     0.0095         33     0.1333  0.000e+00
     -0.011    18.9753   0.000046     0.0095         34     0.1375  0.000e+00
     -0.007    18.9753   0.000049     0.0095         35     0.1417  0.000e+00
     -0.005    18.9751   0.000046     0.0095         36     0.1458  0.000e+00
     -0.005    18.9758   0.000046     0.0095         37     0.1500  0.000e+00
     -0.008    18.9760   0.000052     0.0095         38     0.1542  0.000e+00
     -0.008    18.9764   0.000043     0.0095         39     0.1583  0.000e+00
     -0.003    18.9758   0.000046     0.0095         40     0.1625  0.000e+00
     -0.005    18.9767   0.000052     0.0095         41     0.1667  0.000e+00
     -0.001    18.9768   0.000049     0.0095         42     0.1708  0.000e+00
     -0.002    18.9769   0.000040     0.0095         43     0.1750  0.000e+00
     -0.006    18.9771   0.000046     0.0095         44     0.1792  0.000e+00
     -0.002    18.9774   0.000049     0.0095         45     0.1833  0.000e+00
     -0.007    18.9774   0.000046     0.0095         46     0.1875  0.000e+00
     -0.008    18.9773   0.000052     0.0095         47     0.1917  0.000e+00
     -0.006    18.9775   0.000049     0.0095         48     0.1958  0.000e+00
     -0.013    18.9778   0.000046     0.0095         49     0.2000  0.000e+00
     -0.010    18.9778   0.000046     0.0095         50     0.2042  0.000e+00
     -0.008    18.9775   0.000058     0.0095         51     0.2083  0.000e+00
     -0.008    18.9778   0.000043     0.0095         52     0.2125  0.000e+00
     -0.008    18.9780   0.000046     0.0095         53     0.2167  0.000e+00
     -0.010    18.9780   0.000046     0.0095         54     0.2208  0.000e+00
     -0.012    18.9779   0.000049     0.0095         55     0.2250  0.000e+00
     -0.011    18.9775   0.000046     0.0095         56     0.2292  0.000e+00
     -0.014    18.9775   0.000046     0.0095         57     0.2333  0.000e+00
     -0.010    18.9781   0.000052     0.0095         58     0.2375  0.000e+00
     -0.012    18.9781   0.000040     0.0095         59     0.2417  0.000e+00
     -0.010    18.9782   0.000046     0.0095         60     0.2458  0.000e+00
     -0.015    18.9776   0.000043     0.0095         61     0.2500  0.000e+00
     -0.012    18.9784   0.000040     0.0095         62     0.2542  0.000e+00
     -0.010    18.9786   0.000052     0.0095         63     0.2583  0.000e+00
     -0.006    18.9784   0.000052     0.0095         64     0.2625  0.000e+00
     -0.012    18.9788   0.000049     0.0095         65     0.2667  0.000e+00
     -0.012    18.9785   0.000052     0.0095         66     0.2708  0.000e+00
     -0.012    18.9786   0.000046     0.0095         67     0.2750  0.000e+00
     -0.010    18.9785   0.000049     0.0095         68     0.2792  0.000e+00
     -0.013    18.9788   0.000046     0.0095         69     0.2833  0.000e+00
     -0.011    18.9791   0.000052     0.0095         70     0.2875  0.000e+00
     -0.010    18.9789   0.000049     0.0095         71     0.2917  0.000e+00
     -0.015    18.9784   0.000040     0.0095         72     0.2958  0.000e+00
     -0.013    18.9785   0.000052     0.0095         73     0.3000  0.000e+00
     -0.013    18.9789   0.000049     0.0095         74     0.3042  0.000e+00
     -0.011    18.9788   0.000046     0.0095         75     0.3083  0.000e+00
     -0.012    18.9785   0.000052     0.0095         76     0.3125  0.000e+00
     -0.013    18.9788   0.000046     0.0095         77     0.3167  0.000e+00
     -0.013    18.9789   0.000043     0.0095         78     0.3208  0.000e+00
     -0.013    18.9789   0.000046     0.0095         79     0.3250  0.000e+00
     -0.015    18.9791   0.000052     0.0095         80     0.3292  0.000e+00
     -0.015    18.9784   0.000043     0.0095         81     0.3333  0.000e+00
     -0.017    18.9787   0.000052     0.0095         82     0.3375  0.000e+00
     -0.013    18.9784   0.000052     0.0095         83     0.3417  0.000e+00
     -0.017    18.9784   0.000049     0.0095         84     0.3458  0.000e+00
     -0.017    18.9784   0.000046     0.0095         85     0.3500  0.000e+00
     -0.015    18.9788   0.000046     0.0095         86     0.3542  0.000e+00
     -0.021    18.9791   0.000052     0.0095         87     0.3583  0.000e+00
     -0.017    18.9786   0.000046     0.0095         88     0.3625  0.000e+00
     -0.015    18.9789   0.000046     0.0095         89     0.3667  0.000e+00
     -0.019    18.9789   0.000052     0.0095         90     0.3708  0.000e+00
     -0.019    18.9789   0.000043     0.0095         91     0.3750  0.000e+00
     -0.017    18.9793   0.000052     0.0095         92     0.3792  0.000e+00
     -0.014    18.9791   0.000046     0.0095         93     0.3833  0.000e+00
     -0.015    18.9789   0.000049     0.0095         94     0.3875  0.000e+00
     -0.013    18.9791   0.000046     0.0095         95     0.3917  0.000e+00
     -0.017    18.9799   0.000052     0.0095         96     0.3958  0.000e+00
     -0.019    18.9798   0.000043     0.0095         97     0.4000  0.000e+00
     -0.019    18.9801   0.000040     0.0095         98     0.4042  0.000e+00
     -0.017    18.9799   0.000052     0.0095         99     0.4083  0.000e+00
     -0.022    18.9802   0.000052     0.0095        100     0.4125  0.000e+00
     -0.020    18.9804   0.000046     0.0095        101     0.4167  0.000e+00
     -0.017    18.9802   0.000052     0.0095        102     0.4208  0.000e+00
     -0.022    18.9798   0.000058     0.0095        103     0.4250  0.000e+00
     -0.018    18.9798   0.000049     0.0095        104     0.4292  0.000e+00
     -0.020    18.9801   0.000052     0.0095        105     0.4333  0.000e+00
     -0.016    18.9793   0.000046     0.0095        106     0.4375  0.000e+00
     -0.016    18.9792   0.000049     0.0095        107     0.4417  0.000e+00
     -0.020    18.9794   0.000052     0.0095        108     0.4458  0.000e+00
     -0.016    18.9784   0.000058     0.0095        109     0.4500  0.000e+00
     -0.020    18.9795   0.000049     0.0095        110     0.4542  0.000e+00
     -0.022    18.9791   0.000046     0.0095        111     0.4583  0.000e+00
     -0.016    18.9794   0.000052     0.0095        112     0.4625  0.000e+00
     -0.022    18.9788   0.000058     0.0095        113     0.4667  0.000e+00
     -0.020    18.9792   0.000046     0.0095        114     0.4708  0.000e+00
     -0.018    18.9786   0.000046     0.0095        115     0.4750  0.000e+00
     -0.020    18.9791   0.000052     0.0095        116     0.4792  0.000e+00
     -0.022    18.9792   0.000052     0.0095        117     0.4833  0.000e+00
     -0.022    18.9793   0.000058     0.0095        118     0.4875  0.000e+00
     -0.018    18.9794   0.000052     0.0095        119     0.4917  0.000e+00
     -0.020    18.9789   0.000043     0.0095        120     0.4958  0.000e+00
     -0.025    18.9794   0.000052     0.0095        121     0.5000  0.000e+00
     -0.020    18.9791   0.000052     0.0095        122     0.5042  0.000e+00
     -0.020    18.9791   0.000052     0.0095        123     0.5083  0.000e+00
     -0.020    18.9790   0.000046     0.0095        124     0.5125  0.000e+00
     -0.022    18.9789   0.000052     0.0095        125     0.5167  0.000e+00
     -0.018    18.9793   0.000052     0.0095        126     0.5208  0.000e+00
     -0.020    18.9789   0.000040     0.0095        127     0.5250  0.000e+00
     -0.022    18.9783   0.000046     0.0095        128     0.5292  0.000e+00
     -0.020    18.9785   0.000052     0.0095        129     0.5333  0.000e+00
     -0.023    18.9787   0.000043     0.0095        130     0.5375  0.000e+00
     -0.023    18.9784   0.000052     0.0095        131     0.5417  0.000e+00
     -0.023    18.9785   0.000046     0.0095        132     0.5458  0.000e+00
     -0.025    18.9779   0.000052     0.0095        133     0.5500  0.000e+00
     -0.023    18.9786   0.000046     0.0095        134     0.5542  0.000e+00
     -0.025    18.9779   0.000052     0.0095        135     0.5583  0.000e+00
     -0.025    18.9785   0.000049     0.0095        136     0.5625  0.000e+00
     -0.023    18.9784   0.000046     0.0095        137     0.5667  0.000e+00
     -0.021    18.9789   0.000064     0.0095        138     0.5708  0.000e+00
     -0.026    18.9787   0.000052     0.0095        139     0.5750  0.000e+00
     -0.025    18.9784   0.000052     0.0095        140     0.5792  0.000e+00
     -0.025    18.9783   0.000052     0.0095        141     0.5833  0.000e+00
     -0.026    18.9782   0.000058     0.0095        142     0.5875  0.000e+00
     -0.025    18.9780   0.000049     0.0095        143     0.5917  0.000e+00
     -0.021    18.9782   0.000046     0.0095        144     0.5958  0.000e+00
     -0.021    18.9782   0.000052     0.0095        145     0.6000  0.000e+00
     -0.019    18.9779   0.000049     0.0095        146     0.6042  0.000e+00
     -0.025    18.9782   0.000052     0.0095        147     0.6083  0.000e+00
     -0.023    18.9780   0.000052     0.0095        148     0.6125  0.000e+00
     -0.025    18.9779   0.000052     0.0095        149     0.6167  0.000e+00
     -0.028    18.9786   0.000058     0.0095        150     0.6208  0.000e+00
     -0.025    18.9778   0.000046     0.0095        151     0.6250  0.000e+00
     -0.028    18.9786   0.000052     0.0095        152     0.6292  0.000e+00
     -0.025    18.9784   0.000046     0.0095        153     0.6333  0.000e+00
     -0.025    18.9786   0.000052     0.0095        154     0.6375  0.000e+00
     -0.029    18.9784   0.000058     0.0095        155     0.6417  0.000e+00
     -0.027    18.9777   0.000049     0.0095        156     0.6458  0.000e+00
     -0.025    18.9781   0.000052     0.0095        157     0.6500  0.000e+00
     -0.025    18.9779   0.000052     0.0095        158     0.6542  0.000e+00
     -0.023    18.9773   0.000043     0.0095        159     0.6583  0.000e+00
     -0.023    18.9771   0.000058     0.0095        160     0.6625  0.000e+00
     -0.023    18.9768   0.000058     0.0095        161     0.6667  0.000e+00
     -0.023    18.9763   0.000043     0.0095        162     0.6708  0.000e+00
     -0.022    18.9758   0.000052     0.0095        163     0.6750  0.000e+00
     -0.021    18.9757   0.000058     0.0095        164     0.6792  0.000e+00
     -0.021    18.9754   0.000058     0.0095        165     0.6833  0.000e+00
     -0.021    18.9749   0.000052     0.0095        166     0.6875  0.000e+00
     -0.023    18.9749   0.000058     0.0095        167     0.6917  0.000e+00
     -0.021    18.9743   0.000052     0.0095        168     0.6958  0.000e+00
     -0.026    18.9743   0.000058     0.0095        169     0.7000  0.000e+00
     -0.025    18.9741   0.000052     0.0095        170     0.7042  0.000e+00
     -0.026    18.9741   0.000052     0.0095        171     0.7083  0.000e+00
     -0.028    18.9738   0.000043     0.0095        172     0.7125  0.000e+00
     -0.024    18.9733   0.000040     0.0095        173     0.7167  0.000e+00
     -0.028    18.9733   0.000064     0.0095        174     0.7208  0.000e+00
     -0.024    18.9733   0.000043     0.0095        175     0.7250  0.000e+00
     -0.023    18.9728   0.000040     0.0095        176     0.7292  0.000e+00
     -0.024    18.9728   0.000046     0.0095        177     0.7333  0.000e+00
     -0.028    18.9724   0.000064     0.0095        178     0.7375  0.000e+00
     -0.028    18.9723   0.000058     0.0095        179     0.7417  0.000e+00
     -0.023    18.9718   0.000052     0.0095        180     0.7458  0.000e+00
     -0.021    18.9719   0.000046     0.0095        181     0.7500  0.000e+00
     -0.028    18.9709   0.000043     0.0095        182     0.7542  0.000e+00
     -0.024    18.9711   0.000046     0.0095        183     0.7583  0.000e+00
     -0.023    18.9709   0.000052     0.0095        184     0.7625  0.000e+00
     -0.028    18.9709   0.000043     0.0095        185     0.7667  0.000e+00
     -0.022    18.9703   0.000052     0.0095        186     0.7708  0.000e+00
     -0.022    18.9703   0.000058     0.0095        187     0.7750  0.000e+00
     -0.026    18.9703   0.000049     0.0095        188     0.7792  0.000e+00
     -0.022    18.9698   0.000058     0.0095        189     0.7833  0.000e+00
     -0.024    18.9698   0.000058     0.0095        190     0.7875  0.000e+00
     -0.028    18.9694   0.000052     0.0095        191     0.7917  0.000e+00
     -0.022    18.9692   0.000049     0.0095        192     0.7958  0.000e+00
     -0.018    18.9693   0.000058     0.0095        193     0.8000  0.000e+00
     -0.019    18.9693   0.000058     0.0095        194     0.8042  0.000e+00
     -0.024    18.9701   0.000058     0.0095        195     0.8083  0.000e+00
     -0.026    18.9701   0.507585     3.1213        196     0.8125  0.000e+00
      0.012    18.9705   3.223376    23.0791        197     0.8167  0.000e+00
      0.057    18.9766   4.049847    29.7194        198     0.8208  0.000e+00
      0.097    19.0182   4.048563    29.6791        199     0.8250  0.000e+00
      0.128    19.0949   4.045585    29.6002        200     0.8292  0.000e+00
      0.137    19.1605   4.043576    29.5372        201     0.8333  0.000e+00
      0.124    19.1937   4.037607    29.4652        202     0.8375  0.000e+00
      0.158    19.1770   4.027436    29.3944        203     0.8417  0.000e+00
      0.190    19.1096   3.995993    29.1862        204     0.8458  0.000e+00
      0.187    19.0148   3.971108    29.0502        205     0.8500  0.000e+00
      0.185    18.9219   3.962666    29.0463        206     0.8542  0.000e+00
      0.218    18.8509   3.959157    29.0674        207     0.8583  0.000e+00
      0.281    18.8036   3.960763    29.1137        208     0.8625  0.000e+00
      0.373    18.7737   3.971891    29.2258        209     0.8667  0.000e+00
      0.470    18.7556   3.981938    29.3208        210     0.8708  0.000e+00
      0.571    18.7437   3.978335    29.2997        211     0.8750  0.000e+00
      0.664    18.7358   3.959798    29.1534        212     0.8792  0.000e+00
      0.739    18.7283   3.949529    29.0745        213     0.8833  0.000e+00
      0.810    18.7178   3.944534    29.0409        214     0.8875  0.000e+00
      0.869    18.7057   3.942607    29.0336        215     0.8917  0.000e+00
