HB2403/sbe070.cnv
* Sea-Bird SBE 19plus V2 Data File:
* FileName = C:\cruise\data\sbe070.hex
* Software Version Seasave V 7.26.7.121
* Temperature SN = 6128
* Conductivity SN = 6128
* System UpLoad Time = Jun 08 2024 00:10:27
* NMEA Latitude = 40 45.94 N
* NMEA Longitude = 067 11.09 W
* NMEA UTC (Time) = Jun 08 2024  00:11:00
** Ship: Henry Bigelow
** Cruise:  HB2403
** Program:  ECOMON
# nquan = 7
# nvalues = 2048                                  
# units = specified
# name 0 = depSM: Depth [salt water, m]
# name 1 = tv290C: Temperature [ITS-90, deg C]
# name 2 = c0S/m: Conductivity [S/m]
# name 3 = sal00: Salinity, Practical [PSU]
# name 4 = scan: Scan Count
# name 5 = timeM: Time, Elapsed [minutes]
# name 6 = flag:  0.000e+00
# span 0 =     -0.284,     94.694                 
# span 1 =     6.4937,    13.1401                 
# span 2 =   0.000103,   3.686364                 
# span 3 =     0.0068,    32.9155                 
# span 4 =         11,       2058                 
# span 5 =     0.0417,     8.5708                 
# span 6 = 0.0000e+00, 0.0000e+00                 
# interval = seconds: 0.25
# start_time = Jun 08 2024 00:11:00 [NMEA time, header]
# bad_flag = -9.990e-29
*END*
[from data line 206]
     23.628    10.1046   3.499790    31.7518        217     0.9000  0.000e+00
     23.772    10.0505   3.497604    31.7772        218     0.9042  0.000e+00
     23.910    10.0023   3.496686    31.8102        219     0.9083  0.000e+00
     24.054     9.9568   3.495882    31.8421        220     0.9125  0.000e+00
     24.199     9.9145   3.496048    31.8810        221     0.9167  0.000e+00
     24.344     9.8790   3.496624    31.9182        222     0.9208  0.000e+00
     24.502     9.8511   3.496688    31.9435        223     0.9250  0.000e+00
     24.661     9.8248   3.495143    31.9510        224     0.9292  0.000e+00
     24.822     9.7982   3.491230    31.9348        225     0.9333  0.000e+00
     24.988     9.7681   3.487091    31.9194        226     0.9375  0.000e+00
     25.164     9.7379   3.483030    31.9048        227     0.9417  0.000e+00
     25.342     9.7088   3.479027    31.8898        228     0.9458  0.000e+00
     25.528     9.6729   3.474515    31.8756        229     0.9500  0.000e+00
     25.718     9.6232   3.468331    31.8566        230     0.9542  0.000e+00
     25.915     9.5639   3.461547    31.8398        231     0.9583  0.000e+00
     26.119     9.5032   3.456980    31.8470        232     0.9625  0.000e+00
     26.325     9.4403   3.453154    31.8636        233     0.9667  0.000e+00
     26.540     9.3777   3.449707    31.8839        234     0.9708  0.000e+00
     26.762     9.3163   3.446728    31.9080        235     0.9750  0.000e+00
     26.988     9.2586   3.443007    31.9212        236     0.9792  0.000e+00
     27.217     9.2041   3.441182    31.9510        237     0.9833  0.000e+00
     27.442     9.1546   3.438061    31.9631        238     0.9875  0.000e+00
     27.673     9.1090   3.434689    31.9690        239     0.9917  0.000e+00
     27.908     9.0546   3.428785    31.9568        240     0.9958  0.000e+00
     28.137     8.9913   3.420938    31.9322        241     1.0000  0.000e+00
     28.369     8.9272   3.414968    31.9279        242     1.0042  0.000e+00
     28.594     8.8624   3.409335    31.9275        243     1.0083  0.000e+00
     28.820     8.7931   3.402797    31.9218        244     1.0125  0.000e+00
     29.024     8.7079   3.394116    31.9080        245     1.0167  0.000e+00
     29.219     8.6198   3.385131    31.8936        246     1.0208  0.000e+00
     29.399     8.5355   3.357743    31.6830        247     1.0250  0.000e+00
     29.551     8.4324   3.349276    31.6868        248     1.0292  0.000e+00
     29.674     8.3372   3.347402    31.7528        249     1.0333  0.000e+00
     29.767     8.2686   3.344838    31.7877        250     1.0375  0.000e+00
     29.829     8.2180   3.343755    31.8221        251     1.0417  0.000e+00
     29.883     8.1814   3.342623    31.8432        252     1.0458  0.000e+00
     29.928     8.1542   3.341708    31.8582        253     1.0500  0.000e+00
     29.973     8.1313   3.340806    31.8695        254     1.0542  0.000e+00
     30.031     8.1120   3.340719    31.8861        255     1.0583  0.000e+00
     30.112     8.0961   3.340334    31.8964        256     1.0625  0.000e+00
     30.213     8.0827   3.340340    31.9087        257     1.0667  0.000e+00
     30.343     8.0736   3.341037    31.9243        258     1.0708  0.000e+00
     30.502     8.0712   3.342133    31.9380        259     1.0750  0.000e+00
     30.681     8.0761   3.341255    31.9242        260     1.0792  0.000e+00
     30.883     8.0769   3.335315    31.8604        261     1.0833  0.000e+00
     31.109     8.0542   3.327807    31.8014        262     1.0875  0.000e+00
     31.358     8.0031   3.321485    31.7807        263     1.0917  0.000e+00
     31.640     7.9383   3.312210    31.7409        264     1.0958  0.000e+00
     31.912     7.8540   3.306637    31.7581        265     1.1000  0.000e+00
     32.196     7.7707   3.308870    31.8577        266     1.1042  0.000e+00
     32.469     7.7226   3.305740    31.8681        267     1.1083  0.000e+00
     32.747     7.6818   3.304111    31.8879        268     1.1125  0.000e+00
     33.016     7.6371   3.302514    31.9117        269     1.1167  0.000e+00
     33.285     7.5927   3.300124    31.9267        270     1.1208  0.000e+00
     33.545     7.5466   3.299691    31.9643        271     1.1250  0.000e+00
     33.787     7.5058   3.300428    32.0097        272     1.1292  0.000e+00
     34.006     7.4786   3.300286    32.0331        273     1.1333  0.000e+00
     34.192     7.4608   3.301779    32.0655        274     1.1375  0.000e+00
     34.423     7.4509   3.305273    32.1122        275     1.1417  0.000e+00
     34.618     7.4513   3.304746    32.1061        276     1.1458  0.000e+00
     34.782     7.4549   3.303786    32.0924        277     1.1500  0.000e+00
     34.903     7.4599   3.307039    32.1228        278     1.1542  0.000e+00
     35.002     7.4675   3.309444    32.1415        279     1.1583  0.000e+00
     35.105     7.4773   3.312637    32.1667        280     1.1625  0.000e+00
     35.226     7.4903   3.313903    32.1683        281     1.1667  0.000e+00
     35.353     7.5027   3.314852    32.1670        282     1.1708  0.000e+00
     35.470     7.5121   3.315007    32.1599        283     1.1750  0.000e+00
     35.583     7.5185   3.314976    32.1535        284     1.1792  0.000e+00
     35.694     7.5210   3.315441    32.1562        285     1.1833  0.000e+00
     35.813     7.5225   3.316191    32.1628        286     1.1875  0.000e+00
     35.937     7.5252   3.316793    32.1667        287     1.1917  0.000e+00
     36.069     7.5287   3.317178    32.1675        288     1.1958  0.000e+00
     36.203     7.5317   3.317358    32.1667        289     1.2000  0.000e+00
     36.348     7.5339   3.318041    32.1719        290     1.2042  0.000e+00
     36.497     7.5372   3.318469    32.1734        291     1.2083  0.000e+00
     36.656     7.5406   3.318804    32.1737        292     1.2125  0.000e+00
     36.828     7.5432   3.319462    32.1783        293     1.2167  0.000e+00
     37.010     7.5462   3.319990    32.1812        294     1.2208  0.000e+00
     37.209     7.5502   3.320815    32.1862        295     1.2250  0.000e+00
     37.411     7.5550   3.321746    32.1917        296     1.2292  0.000e+00
     37.628     7.5602   3.322218    32.1918        297     1.2333  0.000e+00
     37.850     7.5650   3.323653    32.2027        298     1.2375  0.000e+00
     38.079     7.5712   3.325522    32.2169        299     1.2417  0.000e+00
     38.312     7.5795   3.326236    32.2168        300     1.2458  0.000e+00
     38.550     7.5874   3.327069    32.2183        301     1.2500  0.000e+00
     38.788     7.5944   3.327367    32.2149        302     1.2542  0.000e+00
     39.019     7.5999   3.327926    32.2157        303     1.2583  0.000e+00
     39.238     7.6041   3.328560    32.2184        304     1.2625  0.000e+00
     39.458     7.6080   3.329218    32.2219        305     1.2667  0.000e+00
     39.668     7.6113   3.330008    32.2271        306     1.2708  0.000e+00
     39.863     7.6125   3.330405    32.2302        307     1.2750  0.000e+00
     40.036     7.6085   3.330045    32.2299        308     1.2792  0.000e+00
     40.200     7.5967   3.328747    32.2269        309     1.2833  0.000e+00
     40.339     7.5725   3.327051    32.2311        310     1.2875  0.000e+00
     40.462     7.5425   3.324883    32.2355        311     1.2917  0.000e+00
     40.578     7.5104   3.322220    32.2366        312     1.2958  0.000e+00
     40.681     7.4740   3.320333    32.2501        313     1.3000  0.000e+00
     40.786     7.4389   3.319595    32.2748        314     1.3042  0.000e+00
     40.900     7.4095   3.316374    32.2673        315     1.3083  0.000e+00
     41.013     7.3761   3.310396    32.2338        316     1.3125  0.000e+00
     41.138     7.3276   3.302668    32.1954        317     1.3167  0.000e+00
     41.268     7.2642   3.298625    32.2106        318     1.3208  0.000e+00
     41.406     7.2038   3.294534    32.2225        319     1.3250  0.000e+00
     41.559     7.1513   3.292790    32.2526        320     1.3292  0.000e+00
     41.722     7.1091   3.288769    32.2482        321     1.3333  0.000e+00
     41.887     7.0705   3.287242    32.2677        322     1.3375  0.000e+00
     42.068     7.0380   3.282014    32.2411        323     1.3417  0.000e+00
     42.254     6.9961   3.277986    32.2364        324     1.3458  0.000e+00
     42.440     6.9495   3.275899    32.2572        325     1.3500  0.000e+00
     42.633     6.9085   3.273294    32.2671        326     1.3542  0.000e+00
     42.814     6.8691   3.271813    32.2878        327     1.3583  0.000e+00
     43.000     6.8349   3.272234    32.3245        328     1.3625  0.000e+00
     43.177     6.8150   3.271833    32.3388        329     1.3667  0.000e+00
     43.348     6.8028   3.271253    32.3438        330     1.3708  0.000e+00
     43.513     6.7931   3.270796    32.3479        331     1.3750  0.000e+00
     43.670     6.7844   3.270155    32.3490        332     1.3792  0.000e+00
     43.834     6.7746   3.269877    32.3551        333     1.3833  0.000e+00
     43.991     6.7652   3.268717    32.3512        334     1.3875  0.000e+00
     44.148     6.7530   3.268113    32.3560        335     1.3917  0.000e+00
     44.307     6.7408   3.267823    32.3642        336     1.3958  0.000e+00
     44.462     6.7315   3.267823    32.3730        337     1.4000  0.000e+00
     44.626     6.7259   3.268058    32.3808        338     1.4042  0.000e+00
     44.796     6.7241   3.267928    32.3809        339     1.4083  0.000e+00
     44.969     6.7227   3.267305    32.3753        340     1.4125  0.000e+00
     45.157     6.7191   3.266596    32.3709        341     1.4167  0.000e+00
     45.352     6.7133   3.265831    32.3678        342     1.4208  0.000e+00
     45.555     6.7061   3.264851    32.3638        343     1.4250  0.000e+00
     45.755     6.6971   3.263630    32.3587        344     1.4292  0.000e+00
     45.970     6.6862   3.263026    32.3623        345     1.4333  0.000e+00
     46.181     6.6763   3.262194    32.3624        346     1.4375  0.000e+00
     46.387     6.6671   3.260351    32.3507        347     1.4417  0.000e+00
     46.591     6.6558   3.259063    32.3472        348     1.4458  0.000e+00
     46.781     6.6427   3.258983    32.3586        349     1.4500  0.000e+00
     46.958     6.6330   3.258503    32.3624        350     1.4542  0.000e+00
     47.121     6.6243   3.256433    32.3477        351     1.4583  0.000e+00
     47.254     6.6124   3.255312    32.3465        352     1.4625  0.000e+00
     47.381     6.5992   3.253661    32.3408        353     1.4667  0.000e+00
     47.493     6.5850   3.252855    32.3454        354     1.4708  0.000e+00
     47.599     6.5710   3.251636    32.3450        355     1.4750  0.000e+00
     47.700     6.5582   3.251451    32.3551        356     1.4792  0.000e+00
     47.801     6.5487   3.251162    32.3608        357     1.4833  0.000e+00
     47.909     6.5419   3.250614    32.3612        358     1.4875  0.000e+00
     48.019     6.5359   3.250399    32.3644        359     1.4917  0.000e+00
     48.140     6.5314   3.250479    32.3695        360     1.4958  0.000e+00
     48.275     6.5291   3.250584    32.3728        361     1.5000  0.000e+00
     48.420     6.5282   3.250891    32.3769        362     1.5042  0.000e+00
     48.574     6.5291   3.251162    32.3790        363     1.5083  0.000e+00
     48.744     6.5310   3.251089    32.3763        364     1.5125  0.000e+00
     48.926     6.5321   3.251286    32.3774        365     1.5167  0.000e+00
     49.114     6.5335   3.250830    32.3709        366     1.5208  0.000e+00
     49.315     6.5330   3.250707    32.3700        367     1.5250  0.000e+00
     49.522     6.5309   3.250689    32.3716        368     1.5292  0.000e+00
     49.726     6.5290   3.250479    32.3710        369     1.5333  0.000e+00
     49.934     6.5265   3.250498    32.3735        370     1.5375  0.000e+00
     50.140     6.5246   3.250603    32.3764        371     1.5417  0.000e+00
     50.339     6.5232   3.250664    32.3782        372     1.5458  0.000e+00
     50.526     6.5226   3.250751    32.3797        373     1.5500  0.000e+00
     50.703     6.5227   3.250708    32.3790        374     1.5542  0.000e+00
     50.873     6.5220   3.250695    32.3796        375     1.5583  0.000e+00
     51.037     6.5204   3.250788    32.3820        376     1.5625  0.000e+00
     51.193     6.5187   3.251102    32.3870        377     1.5667  0.000e+00
     51.341     6.5178   3.251120    32.3880        378     1.5708  0.000e+00
     51.486     6.5174   3.251139    32.3885        379     1.5750  0.000e+00
     51.620     6.5170   3.251102    32.3884        380     1.5792  0.000e+00
     51.757     6.5166   3.251108    32.3887        381     1.5833  0.000e+00
     51.891     6.5163   3.251201    32.3900        382     1.5875  0.000e+00
     52.021     6.5163   3.251201    32.3900        383     1.5917  0.000e+00
     52.154     6.5164   3.251287    32.3907        384     1.5958  0.000e+00
     52.292     6.5165   3.251410    32.3919        385     1.6000  0.000e+00
     52.434     6.5172   3.251472    32.3918        386     1.6042  0.000e+00
     52.576     6.5179   3.251718    32.3939        387     1.6083  0.000e+00
     52.727     6.5193   3.251946    32.3950        388     1.6125  0.000e+00
     52.888     6.5211   3.251970    32.3935        389     1.6167  0.000e+00
     53.048     6.5222   3.251989    32.3925        390     1.6208  0.000e+00
     53.224     6.5231   3.252112    32.3929        391     1.6250  0.000e+00
     53.408     6.5240   3.252131    32.3923        392     1.6292  0.000e+00
     53.597     6.5246   3.252137    32.3917        393     1.6333  0.000e+00
     53.786     6.5244   3.252137    32.3917        394     1.6375  0.000e+00
     53.977     6.5241   3.252137    32.3919        395     1.6417  0.000e+00
     54.170     6.5234   3.252236    32.3936        396     1.6458  0.000e+00
     54.362     6.5231   3.252094    32.3922        397     1.6500  0.000e+00
     54.546     6.5215   3.251897    32.3915        398     1.6542  0.000e+00
     54.731     6.5187   3.252051    32.3957        399     1.6583  0.000e+00
     54.902     6.5166   3.252156    32.3988        400     1.6625  0.000e+00
     55.063     6.5155   3.252341    32.4019        401     1.6667  0.000e+00
     55.218     6.5153   3.252464    32.4033        402     1.6708  0.000e+00
     55.366     6.5153   3.252624    32.4050        403     1.6750  0.000e+00
     55.498     6.5152   3.252796    32.4069        404     1.6792  0.000e+00
     55.637     6.5155   3.252981    32.4087        405     1.6833  0.000e+00
     55.769     6.5159   3.253357    32.4123        406     1.6875  0.000e+00
     55.900     6.5170   3.253665    32.4146        407     1.6917  0.000e+00
     56.021     6.5191   3.253770    32.4137        408     1.6958  0.000e+00
     56.131     6.5207   3.254016    32.4149        409     1.7000  0.000e+00
     56.236     6.5223   3.254490    32.4185        410     1.7042  0.000e+00
     56.337     6.5248   3.254558    32.4168        411     1.7083  0.000e+00
     56.436     6.5273   3.254620    32.4151        412     1.7125  0.000e+00
     56.535     6.5287   3.254620    32.4137        413     1.7167  0.000e+00
     56.644     6.5296   3.254983    32.4168        414     1.7208  0.000e+00
     56.763     6.5313   3.255008    32.4155        415     1.7250  0.000e+00
     56.898     6.5326   3.255094    32.4151        416     1.7292  0.000e+00
     57.045     6.5337   3.255365    32.4170        417     1.7333  0.000e+00
     57.209     6.5352   3.255297    32.4147        418     1.7375  0.000e+00
     57.390     6.5365   3.255611    32.4169        419     1.7417  0.000e+00
     57.596     6.5381   3.256258    32.4224        420     1.7458  0.000e+00
