HB2403/sbe067.cnv
* Sea-Bird SBE 19plus V2 Data File:
* FileName = C:\cruise\data\sbe067.hex
* Software Version Seasave V 7.26.7.121
* Temperature SN = 6128
* Conductivity SN = 6128
* System UpLoad Time = Jun 07 2024 18:16:20
* NMEA Latitude = 41 17.62 N
* NMEA Longitude = 067 59.81 W
* NMEA UTC (Time) = Jun 07 2024  18:16:54
** Ship: Henry Bigelow
** Cruise:  HB2403
** Program:  ECOMON
# nquan = 7
# nvalues = 1465                                  
# units = specified
# name 0 = depSM: Depth [salt water, m]
# name 1 = tv290C: Temperature [ITS-90, deg C]
# name 2 = c0S/m: Conductivity [S/m]
# name 3 = sal00: Salinity, Practical [PSU]
# name 4 = scan: Scan Count
# name 5 = timeM: Time, Elapsed [minutes]
# name 6 = flag:  0.000e+00
# span 0 =     -0.245,     22.278                 
# span 1 =    11.0756,    14.5867                 
# span 2 =   0.000097,   3.677450                 
# span 3 =     0.0065,    32.2636                 
# span 4 =         11,       1475                 
# span 5 =     0.0417,     6.1417                 
# span 6 = 0.0000e+00, 0.0000e+00                 
# interval = seconds: 0.25
# start_time = Jun 07 2024 18:16:54 [NMEA time, header]
# bad_flag = -9.990e-29
*END*
[from data line 616]
     17.627    11.0935   3.601026    31.9000        627     2.6083  0.000e+00
     17.580    11.0938   3.601116    31.9006        628     2.6125  0.000e+00
     17.534    11.0941   3.601026    31.8995        629     2.6167  0.000e+00
     17.489    11.0941   3.601135    31.9005        630     2.6208  0.000e+00
     17.434    11.0947   3.601667    31.9053        631     2.6250  0.000e+00
     17.382    11.0966   3.601533    31.9023        632     2.6292  0.000e+00
     17.329    11.0982   3.601558    31.9012        633     2.6333  0.000e+00
     17.288    11.0991   3.601250    31.8975        634     2.6375  0.000e+00
     17.253    11.0983   3.601334    31.8990        635     2.6417  0.000e+00
     17.228    11.0979   3.601359    31.8996        636     2.6458  0.000e+00
     17.211    11.0977   3.601359    31.8997        637     2.6500  0.000e+00
     17.206    11.0980   3.601379    31.8997        638     2.6542  0.000e+00
     17.205    11.0980   3.601404    31.9000        639     2.6583  0.000e+00
     17.211    11.0981   3.601449    31.9003        640     2.6625  0.000e+00
     17.236    11.0985   3.601449    31.9000        641     2.6667  0.000e+00
     17.263    11.0986   3.601449    31.8998        642     2.6708  0.000e+00
     17.295    11.0988   3.601379    31.8990        643     2.6750  0.000e+00
     17.332    11.0985   3.601270    31.8982        644     2.6792  0.000e+00
     17.360    11.0978   3.601161    31.8977        645     2.6833  0.000e+00
     17.380    11.0970   3.601116    31.8979        646     2.6875  0.000e+00
     17.392    11.0961   3.601071    31.8982        647     2.6917  0.000e+00
     17.397    11.0952   3.601007    31.8984        648     2.6958  0.000e+00
     17.388    11.0947   3.600872    31.8975        649     2.7000  0.000e+00
     17.362    11.0939   3.600808    31.8976        650     2.7042  0.000e+00
     17.326    11.0928   3.600763    31.8981        651     2.7083  0.000e+00
     17.279    11.0921   3.600738    31.8984        652     2.7125  0.000e+00
     17.226    11.0914   3.600738    31.8991        653     2.7167  0.000e+00
     17.162    11.0912   3.600693    31.8989        654     2.7208  0.000e+00
     17.098    11.0905   3.600167    31.8943        655     2.7250  0.000e+00
     17.031    11.0887   3.600033    31.8946        656     2.7292  0.000e+00
     16.957    11.0866   3.600033    31.8964        657     2.7333  0.000e+00
     16.883    11.0852   3.600097    31.8983        658     2.7375  0.000e+00
     16.811    11.0847   3.600276    31.9006        659     2.7417  0.000e+00
     16.755    11.0849   3.600366    31.9013        660     2.7458  0.000e+00
     16.702    11.0854   3.600052    31.8977        661     2.7500  0.000e+00
     16.670    11.0853   3.600251    31.8998        662     2.7542  0.000e+00
     16.650    11.0853   3.599943    31.8968        663     2.7583  0.000e+00
     16.642    11.0843   3.599699    31.8953        664     2.7625  0.000e+00
     16.642    11.0827   3.599635    31.8960        665     2.7667  0.000e+00
     16.657    11.0810   3.599591    31.8971        666     2.7708  0.000e+00
     16.683    11.0800   3.599565    31.8977        667     2.7750  0.000e+00
     16.725    11.0792   3.599546    31.8982        668     2.7792  0.000e+00
     16.764    11.0788   3.599527    31.8983        669     2.7833  0.000e+00
     16.802    11.0784   3.599610    31.8995        670     2.7875  0.000e+00
     16.840    11.0785   3.599565    31.8989        671     2.7917  0.000e+00
     16.879    11.0785   3.599610    31.8993        672     2.7958  0.000e+00
     16.910    11.0787   3.599655    31.8996        673     2.8000  0.000e+00
     16.932    11.0787   3.599636    31.8994        674     2.8042  0.000e+00
     16.926    11.0790   3.599700    31.8998        675     2.8083  0.000e+00
     16.911    11.0792   3.599700    31.8996        676     2.8125  0.000e+00
     16.879    11.0794   3.599693    31.8994        677     2.8167  0.000e+00
     16.823    11.0794   3.599764    31.9001        678     2.8208  0.000e+00
     16.745    11.0799   3.599808    31.9001        679     2.8250  0.000e+00
     16.651    11.0805   3.599853    31.9001        680     2.8292  0.000e+00
     16.540    11.0811   3.599898    31.9000        681     2.8333  0.000e+00
     16.428    11.0814   3.600078    31.9016        682     2.8375  0.000e+00
     16.307    11.0823   3.599699    31.8971        683     2.8417  0.000e+00
     16.181    11.0818   3.599834    31.8989        684     2.8458  0.000e+00
     16.064    11.0814   3.599680    31.8978        685     2.8500  0.000e+00
     15.963    11.0809   3.599437    31.8959        686     2.8542  0.000e+00
     15.874    11.0794   3.599590    31.8987        687     2.8583  0.000e+00
     15.806    11.0790   3.599590    31.8992        688     2.8625  0.000e+00
     15.768    11.0790   3.599609    31.8994        689     2.8667  0.000e+00
     15.762    11.0791   3.599635    31.8995        690     2.8708  0.000e+00
     15.780    11.0793   3.599635    31.8993        691     2.8750  0.000e+00
     15.812    11.0794   3.599610    31.8990        692     2.8792  0.000e+00
     15.870    11.0796   3.599635    31.8991        693     2.8833  0.000e+00
     15.939    11.0794   3.599481    31.8977        694     2.8875  0.000e+00
     16.017    11.0793   3.599481    31.8977        695     2.8917  0.000e+00
     16.095    11.0789   3.599302    31.8963        696     2.8958  0.000e+00
     16.176    11.0783   3.599437    31.8981        697     2.9000  0.000e+00
     16.251    11.0779   3.599392    31.8980        698     2.9042  0.000e+00
     16.319    11.0776   3.599347    31.8978        699     2.9083  0.000e+00
     16.376    11.0770   3.599347    31.8983        700     2.9125  0.000e+00
     16.402    11.0767   3.599328    31.8983        701     2.9167  0.000e+00
     16.407    11.0764   3.599302    31.8983        702     2.9208  0.000e+00
     16.378    11.0762   3.599283    31.8983        703     2.9250  0.000e+00
     16.328    11.0760   3.599283    31.8985        704     2.9292  0.000e+00
     16.255    11.0760   3.599411    31.8998        705     2.9333  0.000e+00
     16.167    11.0764   3.599238    31.8978        706     2.9375  0.000e+00
     16.060    11.0764   3.599328    31.8988        707     2.9417  0.000e+00
     15.936    11.0763   3.599283    31.8984        708     2.9458  0.000e+00
     15.809    11.0762   3.599257    31.8983        709     2.9500  0.000e+00
     15.670    11.0762   3.599328    31.8990        710     2.9542  0.000e+00
     15.540    11.0764   3.599327    31.8990        711     2.9583  0.000e+00
     15.414    11.0762   3.599436    31.9002        712     2.9625  0.000e+00
     15.305    11.0767   3.599456    31.9001        713     2.9667  0.000e+00
     15.222    11.0776   3.599590    31.9006        714     2.9708  0.000e+00
     15.156    11.0784   3.599455    31.8987        715     2.9750  0.000e+00
     15.111    11.0785   3.599411    31.8981        716     2.9792  0.000e+00
     15.091    11.0785   3.599564    31.8996        717     2.9833  0.000e+00
     15.087    11.0788   3.599609    31.8998        718     2.9875  0.000e+00
     15.098    11.0792   3.599609    31.8995        719     2.9917  0.000e+00
     15.122    11.0794   3.599564    31.8988        720     2.9958  0.000e+00
     15.149    11.0792   3.599481    31.8982        721     3.0000  0.000e+00
     15.181    11.0789   3.599455    31.8982        722     3.0042  0.000e+00
     15.209    11.0787   3.599456    31.8984        723     3.0083  0.000e+00
     15.231    11.0783   3.599481    31.8989        724     3.0125  0.000e+00
     15.246    11.0784   3.599526    31.8993        725     3.0167  0.000e+00
     15.246    11.0784   3.599526    31.8993        726     3.0208  0.000e+00
     15.243    11.0784   3.599500    31.8991        727     3.0250  0.000e+00
     15.231    11.0786   3.599500    31.8989        728     3.0292  0.000e+00
     15.209    11.0785   3.599436    31.8983        729     3.0333  0.000e+00
     15.193    11.0785   3.599545    31.8994        730     3.0375  0.000e+00
     15.171    11.0785   3.599500    31.8989        731     3.0417  0.000e+00
     15.152    11.0788   3.599564    31.8994        732     3.0458  0.000e+00
     15.141    11.0791   3.599545    31.8989        733     3.0500  0.000e+00
     15.124    11.0791   3.599500    31.8985        734     3.0542  0.000e+00
     15.121    11.0789   3.599526    31.8989        735     3.0583  0.000e+00
     15.119    11.0789   3.599545    31.8991        736     3.0625  0.000e+00
     15.121    11.0789   3.599500    31.8986        737     3.0667  0.000e+00
     15.131    11.0789   3.599500    31.8986        738     3.0708  0.000e+00
     15.137    11.0787   3.599500    31.8988        739     3.0750  0.000e+00
     15.148    11.0787   3.599564    31.8994        740     3.0792  0.000e+00
     15.159    11.0790   3.599564    31.8992        741     3.0833  0.000e+00
     15.171    11.0791   3.599609    31.8995        742     3.0875  0.000e+00
     15.171    11.0794   3.599654    31.8997        743     3.0917  0.000e+00
     15.170    11.0799   3.599699    31.8997        744     3.0958  0.000e+00
     15.161    11.0800   3.599699    31.8997        745     3.1000  0.000e+00
     15.139    11.0803   3.599744    31.8998        746     3.1042  0.000e+00
     15.109    11.0806   3.599789    31.9000        747     3.1083  0.000e+00
     15.076    11.0811   3.600007    31.9018        748     3.1125  0.000e+00
     15.044    11.0822   3.600122    31.9020        749     3.1167  0.000e+00
     14.999    11.0836   3.600321    31.9027        750     3.1208  0.000e+00
     14.952    11.0850   3.600205    31.9004        751     3.1250  0.000e+00
     14.914    11.0859   3.600295    31.9005        752     3.1292  0.000e+00
     14.872    11.0864   3.600410    31.9012        753     3.1333  0.000e+00
     14.850    11.0872   3.600340    31.8998        754     3.1375  0.000e+00
     14.824    11.0875   3.600429    31.9005        755     3.1417  0.000e+00
     14.813    11.0880   3.600519    31.9009        756     3.1458  0.000e+00
     14.810    11.0886   3.600538    31.9006        757     3.1500  0.000e+00
     14.815    11.0891   3.600583    31.9006        758     3.1542  0.000e+00
     14.826    11.0897   3.600609    31.9003        759     3.1583  0.000e+00
     14.843    11.0900   3.600609    31.9000        760     3.1625  0.000e+00
     14.859    11.0903   3.600609    31.8998        761     3.1667  0.000e+00
     14.884    11.0905   3.600583    31.8994        762     3.1708  0.000e+00
     14.908    11.0903   3.600583    31.8995        763     3.1750  0.000e+00
     14.931    11.0904   3.600602    31.8996        764     3.1792  0.000e+00
     14.951    11.0905   3.600609    31.8996        765     3.1833  0.000e+00
     14.969    11.0905   3.600628    31.8998        766     3.1875  0.000e+00
     14.987    11.0905   3.600564    31.8991        767     3.1917  0.000e+00
     15.001    11.0906   3.600628    31.8997        768     3.1958  0.000e+00
     15.012    11.0907   3.600647    31.8997        769     3.2000  0.000e+00
     15.028    11.0907   3.600628    31.8995        770     3.2042  0.000e+00
     15.034    11.0907   3.600628    31.8995        771     3.2083  0.000e+00
     15.047    11.0907   3.600609    31.8993        772     3.2125  0.000e+00
     15.061    11.0906   3.600583    31.8992        773     3.2167  0.000e+00
     15.072    11.0905   3.600538    31.8989        774     3.2208  0.000e+00
     15.081    11.0899   3.600519    31.8991        775     3.2250  0.000e+00
     15.094    11.0897   3.600295    31.8971        776     3.2292  0.000e+00
     15.101    11.0897   3.600538    31.8995        777     3.2333  0.000e+00
     15.101    11.0898   3.600564    31.8997        778     3.2375  0.000e+00
     15.092    11.0898   3.600474    31.8988        779     3.2417  0.000e+00
     15.088    11.0896   3.600410    31.8983        780     3.2458  0.000e+00
     15.071    11.0890   3.600320    31.8979        781     3.2500  0.000e+00
     15.049    11.0885   3.600250    31.8978        782     3.2542  0.000e+00
     15.021    11.0878   3.600141    31.8973        783     3.2583  0.000e+00
     14.980    11.0869   3.599987    31.8965        784     3.2625  0.000e+00
     14.926    11.0860   3.599968    31.8972        785     3.2667  0.000e+00
     14.869    11.0850   3.599853    31.8969        786     3.2708  0.000e+00
     14.811    11.0840   3.599763    31.8970        787     3.2750  0.000e+00
     14.757    11.0831   3.599654    31.8967        788     3.2792  0.000e+00
     14.701    11.0819   3.599436    31.8956        789     3.2833  0.000e+00
     14.665    11.0803   3.599366    31.8963        790     3.2875  0.000e+00
     14.643    11.0791   3.599327    31.8970        791     3.2917  0.000e+00
     14.636    11.0782   3.599257    31.8970        792     3.2958  0.000e+00
     14.645    11.0773   3.599193    31.8972        793     3.3000  0.000e+00
     14.675    11.0768   3.599212    31.8978        794     3.3042  0.000e+00
     14.712    11.0765   3.599193    31.8979        795     3.3083  0.000e+00
     14.762    11.0760   3.599167    31.8980        796     3.3125  0.000e+00
     14.827    11.0758   3.599238    31.8989        797     3.3167  0.000e+00
     14.898    11.0756   3.599302    31.8997        798     3.3208  0.000e+00
     14.972    11.0760   3.599302    31.8993        799     3.3250  0.000e+00
     15.048    11.0763   3.599212    31.8981        800     3.3292  0.000e+00
     15.115    11.0762   3.599327    31.8993        801     3.3333  0.000e+00
     15.176    11.0764   3.599347    31.8993        802     3.3375  0.000e+00
     15.230    11.0767   3.599391    31.8995        803     3.3417  0.000e+00
     15.266    11.0769   3.599366    31.8990        804     3.3458  0.000e+00
     15.282    11.0771   3.599366    31.8988        805     3.3500  0.000e+00
     15.271    11.0772   3.599366    31.8987        806     3.3542  0.000e+00
     15.233    11.0774   3.599481    31.8997        807     3.3583  0.000e+00
     15.175    11.0778   3.599411    31.8987        808     3.3625  0.000e+00
     15.095    11.0778   3.599526    31.8998        809     3.3667  0.000e+00
     15.002    11.0781   3.599411    31.8985        810     3.3708  0.000e+00
     14.909    11.0780   3.599366    31.8982        811     3.3750  0.000e+00
     14.819    11.0777   3.599346    31.8983        812     3.3792  0.000e+00
     14.734    11.0775   3.599526    31.9003        813     3.3833  0.000e+00
     14.664    11.0781   3.599635    31.9009        814     3.3875  0.000e+00
     14.606    11.0788   3.599609    31.9000        815     3.3917  0.000e+00
     14.575    11.0794   3.599590    31.8993        816     3.3958  0.000e+00
     14.571    11.0796   3.599609    31.8994        817     3.4000  0.000e+00
     14.578    11.0798   3.599609    31.8992        818     3.4042  0.000e+00
     14.607    11.0798   3.599590    31.8990        819     3.4083  0.000e+00
     14.663    11.0800   3.599590    31.8988        820     3.4125  0.000e+00
     14.725    11.0800   3.599545    31.8983        821     3.4167  0.000e+00
     14.801    11.0797   3.599564    31.8987        822     3.4208  0.000e+00
     14.876    11.0796   3.599609    31.8992        823     3.4250  0.000e+00
     14.952    11.0797   3.599635    31.8993        824     3.4292  0.000e+00
     15.015    11.0800   3.599635    31.8991        825     3.4333  0.000e+00
     15.067    11.0800   3.599609    31.8988        826     3.4375  0.000e+00
     15.102    11.0800   3.599654    31.8992        827     3.4417  0.000e+00
     15.125    11.0801   3.599680    31.8994        828     3.4458  0.000e+00
     15.134    11.0802   3.599744    31.9000        829     3.4500  0.000e+00
     15.134    11.0805   3.599789    31.9001        830     3.4542  0.000e+00
