HB2403/sbe042.cnv
* Sea-Bird SBE 19plus V2 Data File:
* FileName = C:\cruise\data\sbe042.hex
* Software Version Seasave V 7.26.7.121
* Temperature SN = 6128
* Conductivity SN = 6128
* System UpLoad Time = Jun 05 2024 09:16:17
* NMEA Latitude = 38 05.40 N
* NMEA Longitude = 074 27.51 W
* NMEA UTC (Time) = Jun 05 2024  09:16:48
** Ship: Henry Bigelow
** Cruise:  HB2403
** Program:  ECOMON
# nquan = 7
# nvalues = 1479                                  
# units = specified
# name 0 = depSM: Depth [salt water, m]
# name 1 = tv290C: Temperature [ITS-90, deg C]
# name 2 = c0S/m: Conductivity [S/m]
# name 3 = sal00: Salinity, Practical [PSU]
# name 4 = scan: Scan Count
# name 5 = timeM: Time, Elapsed [minutes]
# name 6 = flag:  0.000e+00
# span 0 =     -0.028,     38.523                 
# span 1 =     8.3143,    19.4048                 
# span 2 =   0.000123,   4.376220                 
# span 3 =     0.0097,    32.2532                 
# span 4 =         11,       1489                 
# span 5 =     0.0417,     6.2000                 
# span 6 = 0.0000e+00, 0.0000e+00                 
# interval = seconds: 0.25
# start_time = Jun 05 2024 09:16:48 [NMEA time, header]
# bad_flag = -9.990e-29
*END*
[from data line 411]
     29.505     9.9445   3.470141    31.5904        422     1.7542  0.000e+00
     29.641     9.9249   3.469049    31.5964        423     1.7583  0.000e+00
     29.773     9.9060   3.467906    31.6013        424     1.7625  0.000e+00
     29.910     9.8879   3.467250    31.6104        425     1.7667  0.000e+00
     30.042     9.8713   3.466404    31.6164        426     1.7708  0.000e+00
     30.178     9.8550   3.465054    31.6169        427     1.7750  0.000e+00
     30.309     9.8359   3.464776    31.6309        428     1.7792  0.000e+00
     30.445     9.8137   3.464417    31.6466        429     1.7833  0.000e+00
     30.568     9.7908   3.464082    31.6633        430     1.7875  0.000e+00
     30.696     9.7720   3.464417    31.6831        431     1.7917  0.000e+00
     30.819     9.7597   3.464443    31.6942        432     1.7958  0.000e+00
     30.937     9.7507   3.464733    31.7050        433     1.8000  0.000e+00
     31.058     9.7442   3.464923    31.7126        434     1.8042  0.000e+00
     31.174     9.7405   3.464601    31.7126        435     1.8083  0.000e+00
     31.279     9.7351   3.464399    31.7152        436     1.8125  0.000e+00
     31.382     9.7289   3.464437    31.7210        437     1.8167  0.000e+00
     31.485     9.7233   3.464424    31.7257        438     1.8208  0.000e+00
     31.587     9.7193   3.464374    31.7288        439     1.8250  0.000e+00
     31.692     9.7153   3.464822    31.7368        440     1.8292  0.000e+00
     31.801     9.7119   3.465138    31.7429        441     1.8333  0.000e+00
     31.913     9.7098   3.465384    31.7472        442     1.8375  0.000e+00
     32.028     9.7084   3.465498    31.7496        443     1.8417  0.000e+00
     32.149     9.7076   3.465517    31.7504        444     1.8458  0.000e+00
     32.270     9.7072   3.465649    31.7521        445     1.8500  0.000e+00
     32.404     9.7063   3.466091    31.7573        446     1.8542  0.000e+00
     32.535     9.7057   3.467297    31.7701        447     1.8583  0.000e+00
     32.682     9.7059   3.467474    31.7716        448     1.8625  0.000e+00
     32.823     9.7038   3.465410    31.7524        449     1.8667  0.000e+00
     32.971     9.6930   3.462115    31.7283        450     1.8708  0.000e+00
     33.121     9.6718   3.461018    31.7358        451     1.8750  0.000e+00
     33.270     9.6508   3.459422    31.7381        452     1.8792  0.000e+00
     33.422     9.6321   3.457959    31.7396        453     1.8833  0.000e+00
     33.570     9.6148   3.456401    31.7390        454     1.8875  0.000e+00
     33.717     9.5964   3.455033    31.7412        455     1.8917  0.000e+00
     33.852     9.5774   3.452991    31.7371        456     1.8958  0.000e+00
     33.982     9.5566   3.452166    31.7470        457     1.9000  0.000e+00
     34.109     9.5378   3.450288    31.7445        458     1.9042  0.000e+00
     34.223     9.5178   3.447919    31.7379        459     1.9083  0.000e+00
     34.331     9.4950   3.447100    31.7496        460     1.9125  0.000e+00
     34.436     9.4756   3.446307    31.7587        461     1.9167  0.000e+00
     34.541     9.4598   3.445482    31.7642        462     1.9208  0.000e+00
     34.644     9.4464   3.444267    31.7636        463     1.9250  0.000e+00
     34.748     9.4334   3.443234    31.7645        464     1.9292  0.000e+00
     34.853     9.4205   3.442107    31.7644        465     1.9333  0.000e+00
     34.956     9.4084   3.439949    31.7530        466     1.9375  0.000e+00
     35.066     9.3923   3.436972    31.7366        467     1.9417  0.000e+00
     35.180     9.3697   3.435525    31.7418        468     1.9458  0.000e+00
     35.298     9.3467   3.434085    31.7474        469     1.9500  0.000e+00
     35.424     9.3258   3.432853    31.7533        470     1.9542  0.000e+00
     35.546     9.3066   3.431803    31.7594        471     1.9583  0.000e+00
     35.672     9.2891   3.430520    31.7617        472     1.9625  0.000e+00
     35.804     9.2723   3.429276    31.7638        473     1.9667  0.000e+00
     35.926     9.2559   3.428786    31.7734        474     1.9708  0.000e+00
     36.054     9.2424   3.427522    31.7723        475     1.9750  0.000e+00
     36.185     9.2297   3.426731    31.7754        476     1.9792  0.000e+00
     36.306     9.2170   3.424745    31.7662        477     1.9833  0.000e+00
     36.438     9.2005   3.422415    31.7569        478     1.9875  0.000e+00
     36.559     9.1772   3.418390    31.7361        479     1.9917  0.000e+00
     36.683     9.1429   3.411994    31.7006        480     1.9958  0.000e+00
     36.802     9.0868   3.404100    31.6691        481     2.0000  0.000e+00
     36.923     9.0103   3.399263    31.6871        482     2.0042  0.000e+00
     37.044     8.9340   3.395788    31.7190        483     2.0083  0.000e+00
     37.166     8.8665   3.393115    31.7516        484     2.0125  0.000e+00
     37.287     8.8093   3.390074    31.7712        485     2.0167  0.000e+00
     37.417     8.7565   3.385832    31.7743        486     2.0208  0.000e+00
     37.543     8.7013   3.382750    31.7917        487     2.0250  0.000e+00
     37.677     8.6484   3.381094    31.8219        488     2.0292  0.000e+00
     37.810     8.6040   3.379056    31.8405        489     2.0333  0.000e+00
     37.951     8.5654   3.377632    31.8604        490     2.0375  0.000e+00
     38.089     8.5313   3.377020    31.8846        491     2.0417  0.000e+00
     38.226     8.5043   3.375215    31.8901        492     2.0458  0.000e+00
     38.374     8.4764   3.371611    31.8774        493     2.0500  0.000e+00
     38.465     8.4354   3.369376    31.8910        494     2.0542  0.000e+00
     38.523     8.3928   3.368890    31.9244        495     2.0583  0.000e+00
     38.523     8.3604   3.368322    31.9479        496     2.0625  0.000e+00
     38.463     8.3387   3.367892    31.9631        497     2.0667  0.000e+00
     38.415     8.3248   3.367786    31.9746        498     2.0708  0.000e+00
     38.377     8.3173   3.367848    31.9821        499     2.0750  0.000e+00
     38.349     8.3143   3.368035    31.9868        500     2.0792  0.000e+00
     38.317     8.3143   3.367892    31.9853        501     2.0833  0.000e+00
     38.278     8.3148   3.368279    31.9890        502     2.0875  0.000e+00
     38.244     8.3171   3.368472    31.9889        503     2.0917  0.000e+00
     38.204     8.3210   3.369115    31.9921        504     2.0958  0.000e+00
     38.179     8.3280   3.369590    31.9908        505     2.1000  0.000e+00
     38.160     8.3366   3.370120    31.9886        506     2.1042  0.000e+00
     38.148     8.3457   3.370476    31.9840        507     2.1083  0.000e+00
     38.137     8.3543   3.370670    31.9782        508     2.1125  0.000e+00
     38.137     8.3612   3.370538    31.9706        509     2.1167  0.000e+00
     38.137     8.3646   3.370326    31.9653        510     2.1208  0.000e+00
     38.140     8.3658   3.370132    31.9622        511     2.1250  0.000e+00
     38.151     8.3646   3.370120    31.9632        512     2.1292  0.000e+00
     38.153     8.3631   3.369852    31.9617        513     2.1333  0.000e+00
     38.158     8.3609   3.369658    31.9616        514     2.1375  0.000e+00
     38.151     8.3573   3.369589    31.9641        515     2.1417  0.000e+00
     38.151     8.3550   3.369783    31.9683        516     2.1458  0.000e+00
     38.137     8.3551   3.370039    31.9709        517     2.1500  0.000e+00
     38.120     8.3571   3.370239    31.9712        518     2.1542  0.000e+00
     38.104     8.3608   3.370345    31.9689        519     2.1583  0.000e+00
     38.088     8.3641   3.370644    31.9691        520     2.1625  0.000e+00
     38.065     8.3683   3.370894    31.9679        521     2.1667  0.000e+00
     38.030     8.3735   3.371056    31.9650        522     2.1708  0.000e+00
     37.999     8.3782   3.371325    31.9635        523     2.1750  0.000e+00
     37.956     8.3831   3.371487    31.9608        524     2.1792  0.000e+00
     37.914     8.3878   3.371575    31.9575        525     2.1833  0.000e+00
     37.867     8.3917   3.372005    31.9585        526     2.1875  0.000e+00
     37.820     8.3973   3.372430    31.9578        527     2.1917  0.000e+00
     37.763     8.4051   3.372998    31.9568        528     2.1958  0.000e+00
     37.708     8.4143   3.373273    31.9514        529     2.2000  0.000e+00
     37.654     8.4231   3.373835    31.9493        530     2.2042  0.000e+00
     37.596     8.4322   3.374378    31.9468        531     2.2083  0.000e+00
     37.544     8.4425   3.374847    31.9424        532     2.2125  0.000e+00
     37.488     8.4525   3.375134    31.9364        533     2.2167  0.000e+00
     37.429     8.4608   3.375321    31.9309        534     2.2208  0.000e+00
     37.374     8.4676   3.376558    31.9377        535     2.2250  0.000e+00
     37.317     8.4782   3.377801    31.9412        536     2.2292  0.000e+00
     37.244     8.4923   3.378932    31.9403        537     2.2333  0.000e+00
     37.167     8.5081   3.381458    31.9526        538     2.2375  0.000e+00
     37.102     8.5299   3.383277    31.9519        539     2.2417  0.000e+00
     37.027     8.5561   3.384296    31.9389        540     2.2458  0.000e+00
     36.954     8.5785   3.384946    31.9255        541     2.2500  0.000e+00
     36.891     8.5964   3.386372    31.9242        542     2.2542  0.000e+00
     36.817     8.6152   3.387110    31.9151        543     2.2583  0.000e+00
     36.741     8.6325   3.387629    31.9049        544     2.2625  0.000e+00
     36.677     8.6480   3.388085    31.8957        545     2.2667  0.000e+00
     36.609     8.6606   3.388942    31.8933        546     2.2708  0.000e+00
     36.547     8.6725   3.389837    31.8919        547     2.2750  0.000e+00
     36.478     8.6855   3.391746    31.9002        548     2.2792  0.000e+00
     36.418     8.7038   3.395396    31.9218        549     2.2833  0.000e+00
     36.358     8.7336   3.399548    31.9382        550     2.2875  0.000e+00
     36.296     8.7736   3.402944    31.9376        551     2.2917  0.000e+00
     36.234     8.8171   3.405081    31.9207        552     2.2958  0.000e+00
     36.167     8.8558   3.407168    31.9076        553     2.3000  0.000e+00
     36.106     8.8902   3.409971    31.9058        554     2.3042  0.000e+00
     36.033     8.9267   3.415260    31.9280        555     2.3083  0.000e+00
     35.954     8.9762   3.417732    31.9092        556     2.3125  0.000e+00
     35.879     9.0244   3.419710    31.8864        557     2.3167  0.000e+00
     35.800     9.0651   3.421480    31.8683        558     2.3208  0.000e+00
     35.712     9.0990   3.422485    31.8484        559     2.3250  0.000e+00
     35.628     9.1250   3.423584    31.8365        560     2.3292  0.000e+00
     35.538     9.1457   3.424526    31.8278        561     2.3333  0.000e+00
     35.448     9.1630   3.424915    31.8165        562     2.3375  0.000e+00
     35.365     9.1760   3.425148    31.8074        563     2.3417  0.000e+00
     35.286     9.1849   3.425512    31.8031        564     2.3458  0.000e+00
     35.204     9.1920   3.425895    31.8008        565     2.3500  0.000e+00
     35.133     9.1979   3.426391    31.8007        566     2.3542  0.000e+00
     35.056     9.2038   3.426982    31.8016        567     2.3583  0.000e+00
     34.990     9.2102   3.427856    31.8049        568     2.3625  0.000e+00
     34.932     9.2177   3.428195    31.8017        569     2.3667  0.000e+00
     34.876     9.2247   3.428779    31.8015        570     2.3708  0.000e+00
     34.825     9.2317   3.429006    31.7977        571     2.3750  0.000e+00
     34.775     9.2378   3.429156    31.7938        572     2.3792  0.000e+00
     34.730     9.2421   3.429445    31.7929        573     2.3833  0.000e+00
     34.675     9.2462   3.429992    31.7949        574     2.3875  0.000e+00
     34.625     9.2513   3.430615    31.7969        575     2.3917  0.000e+00
     34.570     9.2580   3.431596    31.8010        576     2.3958  0.000e+00
     34.509     9.2664   3.432350    31.8013        577     2.4000  0.000e+00
     34.439     9.2759   3.433457    31.8043        578     2.4042  0.000e+00
     34.359     9.2871   3.434790    31.8080        579     2.4083  0.000e+00
     34.281     9.3004   3.436639    31.8152        580     2.4125  0.000e+00
     34.194     9.3165   3.438565    31.8207        581     2.4167  0.000e+00
     34.109     9.3344   3.439508    31.8145        582     2.4208  0.000e+00
     34.017     9.3500   3.439861    31.8043        583     2.4250  0.000e+00
     33.928     9.3618   3.441453    31.8102        584     2.4292  0.000e+00
     33.838     9.3736   3.441516    31.8003        585     2.4333  0.000e+00
     33.746     9.3820   3.440867    31.7863        586     2.4375  0.000e+00
     33.657     9.3855   3.442523    31.8002        587     2.4417  0.000e+00
     33.576     9.3929   3.443190    31.8005        588     2.4458  0.000e+00
     33.498     9.4006   3.444078    31.8028        589     2.4500  0.000e+00
     33.420     9.4094   3.444286    31.7971        590     2.4542  0.000e+00
     33.348     9.4182   3.444915    31.7958        591     2.4583  0.000e+00
     33.274     9.4253   3.445337    31.7939        592     2.4625  0.000e+00
     33.202     9.4310   3.445910    31.7947        593     2.4667  0.000e+00
     33.130     9.4365   3.445797    31.7887        594     2.4708  0.000e+00
     33.061     9.4404   3.446490    31.7923        595     2.4750  0.000e+00
     32.998     9.4450   3.446949    31.7930        596     2.4792  0.000e+00
     32.937     9.4512   3.448026    31.7986        597     2.4833  0.000e+00
     32.870     9.4587   3.448511    31.7969        598     2.4875  0.000e+00
     32.811     9.4661   3.449072    31.7961        599     2.4917  0.000e+00
     32.756     9.4736   3.450194    31.8010        600     2.4958  0.000e+00
     32.712     9.4826   3.450527    31.7964        601     2.5000  0.000e+00
     32.663     9.4904   3.450200    31.7861        602     2.5042  0.000e+00
     32.620     9.4944   3.450735    31.7881        603     2.5083  0.000e+00
     32.580     9.4980   3.450338    31.7808        604     2.5125  0.000e+00
     32.538     9.4996   3.451132    31.7876        605     2.5167  0.000e+00
     32.502     9.5029   3.451535    31.7888        606     2.5208  0.000e+00
     32.457     9.5070   3.451157    31.7813        607     2.5250  0.000e+00
     32.422     9.5084   3.451107    31.7795        608     2.5292  0.000e+00
     32.375     9.5088   3.451724    31.7855        609     2.5333  0.000e+00
     32.321     9.5111   3.451958    31.7859        610     2.5375  0.000e+00
     32.269     9.5139   3.451750    31.7813        611     2.5417  0.000e+00
     32.207     9.5153   3.451560    31.7782        612     2.5458  0.000e+00
     32.135     9.5148   3.452355    31.7868        613     2.5500  0.000e+00
     32.060     9.5174   3.453678    31.7980        614     2.5542  0.000e+00
     31.983     9.5251   3.453640    31.7908        615     2.5583  0.000e+00
     31.898     9.5309   3.453684    31.7862        616     2.5625  0.000e+00
     31.813     9.5346   3.454718    31.7935        617     2.5667  0.000e+00
     31.730     9.5406   3.455134    31.7925        618     2.5708  0.000e+00
     31.639     9.5473   3.455853    31.7939        619     2.5750  0.000e+00
     31.551     9.5541   3.456874    31.7984        620     2.5792  0.000e+00
     31.473     9.5639   3.461296    31.8348        621     2.5833  0.000e+00
     31.389     9.5876   3.464609    31.8477        622     2.5875  0.000e+00
     31.321     9.6192   3.465543    31.8293        623     2.5917  0.000e+00
     31.250     9.6451   3.465738    31.8083        624     2.5958  0.000e+00
     31.184     9.6624   3.465605    31.7917        625     2.6000  0.000e+00
