HB2403/sbe092.cnv
* Sea-Bird SBE 19plus V2 Data File:
* FileName = C:\cruise\data\sbe092.hex
* Software Version Seasave V 7.26.7.121
* Temperature SN = 6128
* Conductivity SN = 6128
* System UpLoad Time = Jun 09 2024 22:23:22
* NMEA Latitude = 42 26.19 N
* NMEA Longitude = 065 29.69 W
* NMEA UTC (Time) = Jun 09 2024  22:23:57
** Ship: Henry Bigelow
** Cruise:  HB2403
** Program:  ECOMON
# nquan = 7
# nvalues = 2181                                  
# units = specified
# name 0 = depSM: Depth [salt water, m]
# name 1 = tv290C: Temperature [ITS-90, deg C]
# name 2 = c0S/m: Conductivity [S/m]
# name 3 = sal00: Salinity, Practical [PSU]
# name 4 = scan: Scan Count
# name 5 = timeM: Time, Elapsed [minutes]
# name 6 = flag:  0.000e+00
# span 0 =     -0.361,     97.481                 
# span 1 =     3.5244,    13.8995                 
# span 2 =  -0.081253,   3.554256                 
# span 3 =     0.0000,    32.4517                 
# span 4 =         11,       2191                 
# span 5 =     0.0417,     9.1250                 
# span 6 = 0.0000e+00, 0.0000e+00                 
# interval = seconds: 0.25
# start_time = Jun 09 2024 22:23:57 [NMEA time, header]
# bad_flag = -9.990e-29
*END*
[from data line 206]
     18.224     7.2886   3.162386    30.7291        217     0.9000  0.000e+00
     18.345     7.2516   3.123599    30.3448        218     0.9042  0.000e+00
     18.484     7.2238   3.130355    30.4419        219     0.9083  0.000e+00
     18.639     7.1991   3.171693    30.9090        220     0.9125  0.000e+00
     18.803     7.1785   3.189372    31.1182        221     0.9167  0.000e+00
     18.988     7.1623   3.196293    31.2075        222     0.9208  0.000e+00
     19.184     7.1425   3.204413    31.3132        223     0.9250  0.000e+00
     19.381     7.1240   3.208804    31.3775        224     0.9292  0.000e+00
     19.594     7.1135   3.210722    31.4077        225     0.9333  0.000e+00
     19.805     7.1057   3.214246    31.4528        226     0.9375  0.000e+00
     20.018     7.0954   3.209828    31.4142        227     0.9417  0.000e+00
     20.229     7.0792   3.203943    31.3652        228     0.9458  0.000e+00
     20.421     7.0481   3.197652    31.3252        229     0.9500  0.000e+00
     20.597     7.0125   3.195182    31.3306        230     0.9542  0.000e+00
     20.758     6.9786   3.192773    31.3352        231     0.9583  0.000e+00
     20.898     6.9500   3.191092    31.3429        232     0.9625  0.000e+00
     21.020     6.9278   3.189815    31.3492        233     0.9667  0.000e+00
     21.122     6.9027   3.180715    31.2730        234     0.9708  0.000e+00
     21.224     6.8528   3.157453    31.0650        235     0.9750  0.000e+00
     21.317     6.7770   3.139758    30.9406        236     0.9792  0.000e+00
     21.411     6.6888   3.128190    30.8938        237     0.9833  0.000e+00
     21.510     6.6122   3.114893    30.8175        238     0.9875  0.000e+00
     21.615     6.5342   3.112333    30.8597        239     0.9917  0.000e+00
     21.727     6.4563   3.087509    30.6574        240     0.9958  0.000e+00
     21.850     6.3923   3.083624    30.6722        241     1.0000  0.000e+00
     21.976     6.3372   3.102171    30.9262        242     1.0042  0.000e+00
     22.124     6.2927   3.113813    31.0951        243     1.0083  0.000e+00
     22.279     6.2568   3.120058    31.1969        244     1.0125  0.000e+00
     22.445     6.2191   3.128019    31.3196        245     1.0167  0.000e+00
     22.612     6.1794   3.135101    31.4348        246     1.0208  0.000e+00
     22.787     6.1428   3.135144    31.4690        247     1.0250  0.000e+00
     22.965     6.1154   3.133238    31.4731        248     1.0292  0.000e+00
     23.146     6.0948   3.131478    31.4726        249     1.0333  0.000e+00
     23.332     6.0788   3.129203    31.4621        250     1.0375  0.000e+00
     23.505     6.0647   3.126729    31.4475        251     1.0417  0.000e+00
     23.673     6.0511   3.124437    31.4346        252     1.0458  0.000e+00
     23.845     6.0372   3.122097    31.4213        253     1.0500  0.000e+00
     24.011     6.0226   3.120728    31.4195        254     1.0542  0.000e+00
     24.179     6.0049   3.119328    31.4203        255     1.0583  0.000e+00
     24.343     5.9844   3.116966    31.4129        256     1.0625  0.000e+00
     24.512     5.9617   3.115016    31.4121        257     1.0667  0.000e+00
     24.674     5.9333   3.064012    30.8696        258     1.0708  0.000e+00
     24.832     5.8839   3.057426    30.8413        259     1.0750  0.000e+00
     24.980     5.8147   3.065849    30.9985        260     1.0792  0.000e+00
     25.129     5.7625   3.066794    31.0570        261     1.0833  0.000e+00
     25.266     5.7006   3.060423    31.0426        262     1.0875  0.000e+00
     25.407     5.5934   3.061001    31.1480        263     1.0917  0.000e+00
     25.539     5.4895   3.055759    31.1852        264     1.0958  0.000e+00
     25.676     5.4013   3.049414    31.1955        265     1.1000  0.000e+00
     25.811     5.3157   3.048436    31.2641        266     1.1042  0.000e+00
     25.943     5.2513   3.040513    31.2342        267     1.1083  0.000e+00
     26.082     5.1773   3.035295    31.2441        268     1.1125  0.000e+00
     26.220     5.1033   3.030752    31.2615        269     1.1167  0.000e+00
     26.353     5.0313   3.027949    31.2970        270     1.1208  0.000e+00
     26.501     4.9698   3.024063    31.3103        271     1.1250  0.000e+00
     26.653     4.9157   3.022902    31.3479        272     1.1292  0.000e+00
     26.806     4.8735   3.021154    31.3675        273     1.1333  0.000e+00
     26.976     4.8404   3.020185    31.3875        274     1.1375  0.000e+00
     27.144     4.8154   3.019156    31.3993        275     1.1417  0.000e+00
     27.310     4.7961   3.018366    31.4083        276     1.1458  0.000e+00
     27.478     4.7793   3.016691    31.4049        277     1.1500  0.000e+00
     27.644     4.7614   3.014724    31.3992        278     1.1542  0.000e+00
     27.812     4.7402   3.012422    31.3926        279     1.1583  0.000e+00
     27.971     4.7146   3.010115    31.3903        280     1.1625  0.000e+00
     28.114     4.6831   3.002958    31.3374        281     1.1667  0.000e+00
     28.255     4.6300   2.999155    31.3438        282     1.1708  0.000e+00
     28.391     4.5693   2.992080    31.3194        283     1.1750  0.000e+00
     28.515     4.4951   2.986275    31.3224        284     1.1792  0.000e+00
     28.647     4.4114   2.980116    31.3304        285     1.1833  0.000e+00
     28.781     4.3324   2.979921    31.4033        286     1.1875  0.000e+00
     28.914     4.2744   2.981660    31.4788        287     1.1917  0.000e+00
     29.063     4.2486   2.984811    31.5402        288     1.1958  0.000e+00
     29.207     4.2523   2.985997    31.5505        289     1.2000  0.000e+00
     29.366     4.2662   2.983203    31.5044        290     1.2042  0.000e+00
     29.527     4.2634   2.980041    31.4702        291     1.2083  0.000e+00
     29.691     4.2399   2.978035    31.4692        292     1.2125  0.000e+00
     29.874     4.2126   2.975184    31.4619        293     1.2167  0.000e+00
     30.058     4.1828   2.975059    31.4889        294     1.2208  0.000e+00
     30.243     4.1601   2.973745    31.4952        295     1.2250  0.000e+00
     30.431     4.1414   2.973346    31.5084        296     1.2292  0.000e+00
     30.611     4.1265   2.972109    31.5081        297     1.2333  0.000e+00
     30.782     4.1132   2.970712    31.5045        298     1.2375  0.000e+00
     30.937     4.0959   2.968773    31.4983        299     1.2417  0.000e+00
     31.076     4.0744   2.968452    31.5150        300     1.2458  0.000e+00
     31.197     4.0571   2.966984    31.5144        301     1.2500  0.000e+00
     31.314     4.0406   2.963383    31.4879        302     1.2542  0.000e+00
     31.426     4.0122   2.961571    31.4940        303     1.2583  0.000e+00
     31.538     3.9816   2.959790    31.5023        304     1.2625  0.000e+00
     31.656     3.9517   2.959452    31.5271        305     1.2667  0.000e+00
     31.786     3.9303   2.959968    31.5538        306     1.2708  0.000e+00
     31.925     3.9201   2.959808    31.5617        307     1.2750  0.000e+00
     32.077     3.9139   2.959832    31.5678        308     1.2792  0.000e+00
     32.235     3.9100   2.959612    31.5689        309     1.2833  0.000e+00
     32.407     3.9063   2.958894    31.5639        310     1.2875  0.000e+00
     32.589     3.9014   2.958300    31.5616        311     1.2917  0.000e+00
     32.775     3.8955   2.957724    31.5603        312     1.2958  0.000e+00
     32.965     3.8896   2.957244    31.5604        313     1.3000  0.000e+00
     33.154     3.8832   2.956668    31.5597        314     1.3042  0.000e+00
     33.342     3.8758   2.956555    31.5654        315     1.3083  0.000e+00
     33.522     3.8702   2.956069    31.5649        316     1.3125  0.000e+00
     33.686     3.8630   2.953517    31.5417        317     1.3167  0.000e+00
     33.829     3.8446   2.952585    31.5484        318     1.3208  0.000e+00
     33.959     3.8239   2.951684    31.5577        319     1.3250  0.000e+00
     34.079     3.8059   2.950337    31.5591        320     1.3292  0.000e+00
     34.191     3.7873   2.949371    31.5656        321     1.3333  0.000e+00
     34.310     3.7685   2.948072    31.5684        322     1.3375  0.000e+00
     34.431     3.7499   2.946999    31.5736        323     1.3417  0.000e+00
     34.553     3.7320   2.946709    31.5874        324     1.3458  0.000e+00
     34.675     3.7182   2.946276    31.5957        325     1.3500  0.000e+00
     34.811     3.7081   2.945470    31.5959        326     1.3542  0.000e+00
     34.948     3.6988   2.945559    31.6058        327     1.3583  0.000e+00
     35.103     3.6926   2.945399    31.6099        328     1.3625  0.000e+00
     35.258     3.6887   2.945026    31.6091        329     1.3667  0.000e+00
     35.433     3.6851   2.945618    31.6196        330     1.3708  0.000e+00
     35.609     3.6847   2.945121    31.6140        331     1.3750  0.000e+00
     35.803     3.6837   2.944895    31.6122        332     1.3792  0.000e+00
     35.996     3.6808   2.944658    31.6121        333     1.3833  0.000e+00
     36.204     3.6776   2.942661    31.5915        334     1.3875  0.000e+00
     36.398     3.6674   2.942264    31.5965        335     1.3917  0.000e+00
     36.596     3.6569   2.941867    31.6019        336     1.3958  0.000e+00
     36.779     3.6477   2.941737    31.6092        337     1.4000  0.000e+00
     36.957     3.6403   2.940766    31.6047        338     1.4042  0.000e+00
     37.116     3.6326   2.940138    31.6047        339     1.4083  0.000e+00
     37.267     3.6227   2.939439    31.6059        340     1.4125  0.000e+00
     37.406     3.6114   2.939013    31.6117        341     1.4167  0.000e+00
     37.525     3.5989   2.939439    31.6289        342     1.4208  0.000e+00
     37.632     3.5897   2.939463    31.6381        343     1.4250  0.000e+00
     37.739     3.5829   2.939274    31.6424        344     1.4292  0.000e+00
     37.840     3.5762   2.938954    31.6451        345     1.4333  0.000e+00
     37.940     3.5690   2.938942    31.6518        346     1.4375  0.000e+00
     38.055     3.5631   2.939031    31.6586        347     1.4417  0.000e+00
     38.169     3.5588   2.939114    31.6637        348     1.4458  0.000e+00
     38.299     3.5559   2.938682    31.6613        349     1.4500  0.000e+00
     38.445     3.5533   2.938623    31.6631        350     1.4542  0.000e+00
     38.597     3.5511   2.938978    31.6694        351     1.4583  0.000e+00
     38.765     3.5508   2.939416    31.6749        352     1.4625  0.000e+00
     38.947     3.5525   2.939713    31.6766        353     1.4667  0.000e+00
     39.141     3.5540   2.940228    31.6812        354     1.4708  0.000e+00
     39.346     3.5548   2.941057    31.6902        355     1.4750  0.000e+00
     39.559     3.5549   2.941875    31.6996        356     1.4792  0.000e+00
     39.779     3.5558   2.942574    31.7070        357     1.4833  0.000e+00
     40.007     3.5582   2.942930    31.7088        358     1.4875  0.000e+00
     40.240     3.5612   2.943351    31.7107        359     1.4917  0.000e+00
     40.463     3.5627   2.944293    31.7203        360     1.4958  0.000e+00
     40.680     3.5639   2.946261    31.7425        361     1.5000  0.000e+00
     40.893     3.5670   2.946914    31.7472        362     1.5042  0.000e+00
     41.091     3.5711   2.947216    31.7466        363     1.5083  0.000e+00
     41.279     3.5750   2.948876    31.7625        364     1.5125  0.000e+00
     41.451     3.5797   2.952667    31.8029        365     1.5167  0.000e+00
     41.606     3.5919   2.956804    31.8401        366     1.5208  0.000e+00
     41.744     3.6111   2.957795    31.8330        367     1.5250  0.000e+00
     41.863     3.6283   2.958816    31.8283        368     1.5292  0.000e+00
     41.979     3.6448   2.962415    31.8548        369     1.5333  0.000e+00
     42.088     3.6633   2.964293    31.8590        370     1.5375  0.000e+00
     42.207     3.6811   2.965202    31.8522        371     1.5417  0.000e+00
     42.334     3.6959   2.966706    31.8555        372     1.5458  0.000e+00
     42.467     3.7091   2.967383    31.8506        373     1.5500  0.000e+00
     42.604     3.7191   2.967966    31.8477        374     1.5542  0.000e+00
     42.754     3.7268   2.967978    31.8402        375     1.5583  0.000e+00
     42.915     3.7314   2.967692    31.8323        376     1.5625  0.000e+00
     43.096     3.7327   2.967775    31.8319        377     1.5667  0.000e+00
     43.283     3.7325   2.967924    31.8338        378     1.5708  0.000e+00
     43.486     3.7319   2.968120    31.8365        379     1.5750  0.000e+00
     43.698     3.7314   2.968763    31.8446        380     1.5792  0.000e+00
     43.917     3.7324   2.968989    31.8462        381     1.5833  0.000e+00
     44.143     3.7337   2.969696    31.8531        382     1.5875  0.000e+00
     44.380     3.7359   2.970208    31.8570        383     1.5917  0.000e+00
     44.615     3.7384   2.971112    31.8651        384     1.5958  0.000e+00
     44.852     3.7419   2.971724    31.8688        385     1.6000  0.000e+00
     45.083     3.7458   2.972176    31.8702        386     1.6042  0.000e+00
     45.312     3.7492   2.972260    31.8678        387     1.6083  0.000e+00
     45.527     3.7513   2.972420    31.8675        388     1.6125  0.000e+00
     45.742     3.7522   2.972355    31.8658        389     1.6167  0.000e+00
     45.944     3.7517   2.972379    31.8664        390     1.6208  0.000e+00
     46.134     3.7513   2.972611    31.8694        391     1.6250  0.000e+00
     46.312     3.7514   2.972552    31.8686        392     1.6292  0.000e+00
     46.480     3.7510   2.972373    31.8668        393     1.6333  0.000e+00
     46.640     3.7486   2.972516    31.8707        394     1.6375  0.000e+00
     46.794     3.7461   2.972397    31.8716        395     1.6417  0.000e+00
     46.946     3.7433   2.972474    31.8752        396     1.6458  0.000e+00
     47.101     3.7406   2.972605    31.8793        397     1.6500  0.000e+00
     47.266     3.7387   2.972968    31.8854        398     1.6542  0.000e+00
     47.435     3.7377   2.973183    31.8888        399     1.6583  0.000e+00
     47.606     3.7374   2.973284    31.8903        400     1.6625  0.000e+00
     47.789     3.7372   2.973409    31.8919        401     1.6667  0.000e+00
     47.981     3.7375   2.974152    31.9003        402     1.6708  0.000e+00
     48.178     3.7396   2.974396    31.9010        403     1.6750  0.000e+00
     48.384     3.7423   2.974783    31.9028        404     1.6792  0.000e+00
     48.589     3.7447   2.975111    31.9043        405     1.6833  0.000e+00
     48.807     3.7470   2.975218    31.9031        406     1.6875  0.000e+00
     49.027     3.7481   2.975444    31.9047        407     1.6917  0.000e+00
     49.246     3.7487   2.975569    31.9054        408     1.6958  0.000e+00
     49.465     3.7491   2.975872    31.9086        409     1.7000  0.000e+00
     49.691     3.7500   2.976063    31.9097        410     1.7042  0.000e+00
     49.903     3.7514   2.976194    31.9098        411     1.7083  0.000e+00
     50.112     3.7522   2.976200    31.9090        412     1.7125  0.000e+00
     50.311     3.7524   2.976176    31.9085        413     1.7167  0.000e+00
     50.505     3.7521   2.976105    31.9078        414     1.7208  0.000e+00
     50.688     3.7514   2.976230    31.9098        415     1.7250  0.000e+00
     50.858     3.7508   2.976301    31.9112        416     1.7292  0.000e+00
     51.013     3.7506   2.976212    31.9103        417     1.7333  0.000e+00
     51.165     3.7500   2.976182    31.9104        418     1.7375  0.000e+00
     51.313     3.7474   2.976248    31.9137        419     1.7417  0.000e+00
     51.468     3.7449   2.976599    31.9202        420     1.7458  0.000e+00
