HB2403/sbe078.cnv
* Sea-Bird SBE 19plus V2 Data File:
* FileName = C:\cruise\data\sbe078.hex
* Software Version Seasave V 7.26.7.121
* Temperature SN = 6128
* Conductivity SN = 6128
* System UpLoad Time = Jun 08 2024 10:19:00
* NMEA Latitude = 41 10.01 N
* NMEA Longitude = 066 52.54 W
* NMEA UTC (Time) = Jun 08 2024  10:19:34
** Ship: Henry Bigelow
** Cruise:  HB2403
** Program:  ECOMON
# nquan = 7
# nvalues = 1601                                  
# units = specified
# name 0 = depSM: Depth [salt water, m]
# name 1 = tv290C: Temperature [ITS-90, deg C]
# name 2 = c0S/m: Conductivity [S/m]
# name 3 = sal00: Salinity, Practical [PSU]
# name 4 = scan: Scan Count
# name 5 = timeM: Time, Elapsed [minutes]
# name 6 = flag:  0.000e+00
# span 0 =     -0.037,     66.339                 
# span 1 =     7.9487,    11.5928                 
# span 2 =   0.000109,   3.597341                 
# span 3 =     0.0061,    33.1164                 
# span 4 =         11,       1611                 
# span 5 =     0.0417,     6.7083                 
# span 6 = 0.0000e+00, 0.0000e+00                 
# interval = seconds: 0.25
# start_time = Jun 08 2024 10:19:34 [NMEA time, header]
# bad_flag = -9.990e-29
*END*
[from data line 821]
     42.008     7.9631   3.335189    31.9577        832     3.4625  0.000e+00
     41.935     7.9631   3.335145    31.9573        833     3.4667  0.000e+00
     41.867     7.9629   3.335114    31.9572        834     3.4708  0.000e+00
     41.798     7.9627   3.335127    31.9575        835     3.4750  0.000e+00
     41.724     7.9625   3.335114    31.9576        836     3.4792  0.000e+00
     41.653     7.9626   3.335127    31.9577        837     3.4833  0.000e+00
     41.587     7.9624   3.335145    31.9580        838     3.4875  0.000e+00
     41.524     7.9624   3.335133    31.9580        839     3.4917  0.000e+00
     41.453     7.9624   3.335127    31.9579        840     3.4958  0.000e+00
     41.388     7.9625   3.335033    31.9569        841     3.5000  0.000e+00
     41.314     7.9622   3.335015    31.9570        842     3.5042  0.000e+00
     41.242     7.9618   3.334996    31.9572        843     3.5083  0.000e+00
     41.169     7.9615   3.335015    31.9577        844     3.5125  0.000e+00
     41.097     7.9614   3.334996    31.9576        845     3.5167  0.000e+00
     41.027     7.9613   3.334996    31.9577        846     3.5208  0.000e+00
     40.951     7.9613   3.334996    31.9578        847     3.5250  0.000e+00
     40.871     7.9613   3.334934    31.9571        848     3.5292  0.000e+00
     40.786     7.9611   3.334890    31.9569        849     3.5333  0.000e+00
     40.705     7.9606   3.334890    31.9574        850     3.5375  0.000e+00
     40.622     7.9604   3.334934    31.9580        851     3.5417  0.000e+00
     40.537     7.9603   3.334934    31.9582        852     3.5458  0.000e+00
     40.448     7.9604   3.334890    31.9577        853     3.5500  0.000e+00
     40.356     7.9606   3.334915    31.9579        854     3.5542  0.000e+00
     40.255     7.9604   3.334909    31.9580        855     3.5583  0.000e+00
     40.158     7.9605   3.334846    31.9573        856     3.5625  0.000e+00
     40.063     7.9603   3.334772    31.9567        857     3.5667  0.000e+00
     39.960     7.9599   3.334952    31.9590        858     3.5708  0.000e+00
     39.850     7.9603   3.334846    31.9576        859     3.5750  0.000e+00
     39.739     7.9604   3.334753    31.9566        860     3.5792  0.000e+00
     39.624     7.9597   3.334803    31.9578        861     3.5833  0.000e+00
     39.505     7.9596   3.334809    31.9580        862     3.5875  0.000e+00
     39.391     7.9597   3.334803    31.9579        863     3.5917  0.000e+00
     39.285     7.9598   3.334740    31.9572        864     3.5958  0.000e+00
     39.177     7.9596   3.334753    31.9575        865     3.6000  0.000e+00
     39.081     7.9594   3.334784    31.9581        866     3.6042  0.000e+00
     38.993     7.9594   3.334784    31.9581        867     3.6083  0.000e+00
     38.915     7.9596   3.334834    31.9585        868     3.6125  0.000e+00
     38.843     7.9599   3.334827    31.9582        869     3.6167  0.000e+00
     38.783     7.9601   3.334834    31.9581        870     3.6208  0.000e+00
     38.723     7.9604   3.335014    31.9598        871     3.6250  0.000e+00
     38.676     7.9613   3.335399    31.9631        872     3.6292  0.000e+00
     38.630     7.9631   3.334970    31.9569        873     3.6333  0.000e+00
     38.589     7.9635   3.334846    31.9552        874     3.6375  0.000e+00
     38.549     7.9627   3.334852    31.9561        875     3.6417  0.000e+00
     38.504     7.9618   3.334871    31.9571        876     3.6458  0.000e+00
     38.455     7.9614   3.334846    31.9573        877     3.6500  0.000e+00
     38.404     7.9612   3.334871    31.9577        878     3.6542  0.000e+00
     38.344     7.9611   3.334952    31.9587        879     3.6583  0.000e+00
     38.281     7.9614   3.334995    31.9589        880     3.6625  0.000e+00
     38.207     7.9621   3.335175    31.9602        881     3.6667  0.000e+00
     38.122     7.9629   3.335231    31.9601        882     3.6708  0.000e+00
     38.038     7.9644   3.335455    31.9612        883     3.6750  0.000e+00
     37.946     7.9658   3.335592    31.9614        884     3.6792  0.000e+00
     37.849     7.9674   3.335293    31.9568        885     3.6833  0.000e+00
     37.757     7.9677   3.335051    31.9540        886     3.6875  0.000e+00
     37.648     7.9664   3.335312    31.9580        887     3.6917  0.000e+00
     37.547     7.9665   3.335337    31.9582        888     3.6958  0.000e+00
     37.441     7.9669   3.335312    31.9576        889     3.7000  0.000e+00
     37.342     7.9669   3.335274    31.9572        890     3.7042  0.000e+00
     37.240     7.9668   3.335237    31.9570        891     3.7083  0.000e+00
     37.144     7.9666   3.335250    31.9574        892     3.7125  0.000e+00
     37.054     7.9665   3.335293    31.9579        893     3.7167  0.000e+00
     36.970     7.9667   3.335274    31.9576        894     3.7208  0.000e+00
     36.887     7.9668   3.335231    31.9571        895     3.7250  0.000e+00
     36.804     7.9666   3.335193    31.9569        896     3.7292  0.000e+00
     36.728     7.9665   3.335206    31.9572        897     3.7333  0.000e+00
     36.643     7.9663   3.335187    31.9572        898     3.7375  0.000e+00
     36.568     7.9662   3.335274    31.9583        899     3.7417  0.000e+00
     36.496     7.9666   3.335293    31.9581        900     3.7458  0.000e+00
     36.426     7.9670   3.335722    31.9624        901     3.7500  0.000e+00
     36.353     7.9688   3.335995    31.9636        902     3.7542  0.000e+00
     36.285     7.9715   3.336232    31.9637        903     3.7583  0.000e+00
     36.223     7.9747   3.335964    31.9580        904     3.7625  0.000e+00
     36.173     7.9758   3.336400    31.9616        905     3.7667  0.000e+00
     36.126     7.9776   3.336592    31.9621        906     3.7708  0.000e+00
     36.086     7.9801   3.336773    31.9617        907     3.7750  0.000e+00
     36.050     7.9826   3.336785    31.9595        908     3.7792  0.000e+00
     36.017     7.9843   3.336891    31.9591        909     3.7833  0.000e+00
     35.988     7.9854   3.336294    31.9518        910     3.7875  0.000e+00
     35.953     7.9838   3.336462    31.9551        911     3.7917  0.000e+00
     35.915     7.9819   3.335921    31.9511        912     3.7958  0.000e+00
     35.871     7.9798   3.336144    31.9554        913     3.8000  0.000e+00
     35.823     7.9791   3.337052    31.9657        914     3.8042  0.000e+00
     35.754     7.9823   3.336953    31.9618        915     3.8083  0.000e+00
     35.677     7.9850   3.336934    31.9591        916     3.8125  0.000e+00
     35.587     7.9863   3.336915    31.9578        917     3.8167  0.000e+00
     35.495     7.9872   3.336953    31.9574        918     3.8208  0.000e+00
     35.388     7.9876   3.336853    31.9561        919     3.8250  0.000e+00
     35.280     7.9877   3.336866    31.9561        920     3.8292  0.000e+00
     35.169     7.9878   3.337233    31.9599        921     3.8333  0.000e+00
     35.056     7.9891   3.337133    31.9578        922     3.8375  0.000e+00
     34.944     7.9900   3.337058    31.9563        923     3.8417  0.000e+00
     34.841     7.9904   3.337251    31.9579        924     3.8458  0.000e+00
     34.746     7.9909   3.336915    31.9540        925     3.8500  0.000e+00
     34.659     7.9903   3.336865    31.9540        926     3.8542  0.000e+00
     34.587     7.9892   3.336872    31.9551        927     3.8583  0.000e+00
     34.523     7.9886   3.336934    31.9564        928     3.8625  0.000e+00
     34.472     7.9886   3.337102    31.9582        929     3.8667  0.000e+00
     34.429     7.9894   3.336996    31.9564        930     3.8708  0.000e+00
     34.387     7.9895   3.337039    31.9567        931     3.8750  0.000e+00
     34.345     7.9898   3.337077    31.9569        932     3.8792  0.000e+00
     34.303     7.9900   3.337120    31.9572        933     3.8833  0.000e+00
     34.256     7.9902   3.337102    31.9568        934     3.8875  0.000e+00
     34.204     7.9906   3.337214    31.9577        935     3.8917  0.000e+00
     34.155     7.9913   3.337232    31.9572        936     3.8958  0.000e+00
     34.092     7.9919   3.337058    31.9548        937     3.9000  0.000e+00
     34.025     7.9913   3.336915    31.9539        938     3.9042  0.000e+00
     33.960     7.9903   3.336865    31.9543        939     3.9083  0.000e+00
     33.898     7.9895   3.336971    31.9562        940     3.9125  0.000e+00
     33.829     7.9893   3.336909    31.9558        941     3.9167  0.000e+00
     33.757     7.9891   3.336567    31.9523        942     3.9208  0.000e+00
     33.692     7.9878   3.336691    31.9549        943     3.9250  0.000e+00
     33.632     7.9868   3.336610    31.9550        944     3.9292  0.000e+00
     33.573     7.9862   3.336504    31.9544        945     3.9333  0.000e+00
     33.508     7.9854   3.336461    31.9547        946     3.9375  0.000e+00
     33.454     7.9845   3.336548    31.9566        947     3.9417  0.000e+00
     33.396     7.9844   3.336585    31.9570        948     3.9458  0.000e+00
     33.334     7.9847   3.336909    31.9602        949     3.9500  0.000e+00
     33.263     7.9860   3.336691    31.9567        950     3.9542  0.000e+00
     33.198     7.9864   3.336591    31.9553        951     3.9583  0.000e+00
     33.118     7.9861   3.336635    31.9561        952     3.9625  0.000e+00
     33.041     7.9859   3.336772    31.9578        953     3.9667  0.000e+00
     32.947     7.9862   3.336566    31.9554        954     3.9708  0.000e+00
     32.853     7.9863   3.336759    31.9574        955     3.9750  0.000e+00
     32.759     7.9867   3.336585    31.9552        956     3.9792  0.000e+00
     32.660     7.9863   3.336890    31.9588        957     3.9833  0.000e+00
     32.566     7.9871   3.336871    31.9580        958     3.9875  0.000e+00
     32.467     7.9880   3.336759    31.9560        959     3.9917  0.000e+00
     32.373     7.9879   3.336846    31.9571        960     3.9958  0.000e+00
     32.282     7.9882   3.336871    31.9571        961     4.0000  0.000e+00
     32.192     7.9887   3.336846    31.9564        962     4.0042  0.000e+00
     32.101     7.9887   3.336833    31.9563        963     4.0083  0.000e+00
     32.023     7.9887   3.336802    31.9560        964     4.0125  0.000e+00
     31.955     7.9886   3.336504    31.9530        965     4.0167  0.000e+00
     31.892     7.9871   3.336367    31.9529        966     4.0208  0.000e+00
     31.832     7.9856   3.336311    31.9537        967     4.0250  0.000e+00
     31.787     7.9843   3.336286    31.9546        968     4.0292  0.000e+00
     31.747     7.9833   3.336311    31.9558        969     4.0333  0.000e+00
     31.712     7.9830   3.336292    31.9560        970     4.0375  0.000e+00
     31.687     7.9825   3.336261    31.9561        971     4.0417  0.000e+00
     31.662     7.9824   3.336267    31.9563        972     4.0458  0.000e+00
     31.649     7.9823   3.336249    31.9562        973     4.0500  0.000e+00
     31.625     7.9818   3.336286    31.9570        974     4.0542  0.000e+00
     31.601     7.9819   3.336292    31.9570        975     4.0583  0.000e+00
     31.581     7.9822   3.336286    31.9567        976     4.0625  0.000e+00
     31.543     7.9820   3.336292    31.9570        977     4.0667  0.000e+00
     31.509     7.9823   3.336311    31.9569        978     4.0708  0.000e+00
     31.457     7.9821   3.336342    31.9574        979     4.0750  0.000e+00
     31.400     7.9826   3.336354    31.9572        980     4.0792  0.000e+00
     31.331     7.9828   3.336342    31.9568        981     4.0833  0.000e+00
     31.252     7.9828   3.336205    31.9555        982     4.0875  0.000e+00
     31.161     7.9823   3.336056    31.9543        983     4.0917  0.000e+00
     31.078     7.9815   3.336205    31.9567        984     4.0958  0.000e+00
     30.979     7.9811   3.336249    31.9576        985     4.1000  0.000e+00
     30.883     7.9818   3.336354    31.9581        986     4.1042  0.000e+00
     30.782     7.9823   3.336261    31.9567        987     4.1083  0.000e+00
     30.679     7.9824   3.336205    31.9561        988     4.1125  0.000e+00
     30.584     7.9823   3.336180    31.9559        989     4.1167  0.000e+00
     30.488     7.9819   3.335950    31.9539        990     4.1208  0.000e+00
     30.399     7.9810   3.335950    31.9548        991     4.1250  0.000e+00
     30.327     7.9800   3.335900    31.9552        992     4.1292  0.000e+00
     30.247     7.9792   3.335863    31.9555        993     4.1333  0.000e+00
     30.178     7.9785   3.335881    31.9564        994     4.1375  0.000e+00
     30.119     7.9783   3.335863    31.9564        995     4.1417  0.000e+00
     30.064     7.9782   3.335825    31.9561        996     4.1458  0.000e+00
     30.019     7.9778   3.335801    31.9562        997     4.1500  0.000e+00
     29.980     7.9776   3.335844    31.9569        998     4.1542  0.000e+00
     29.942     7.9778   3.337163    31.9708        999     4.1583  0.000e+00
     29.907     7.9832   3.337561    31.9701       1000     4.1625  0.000e+00
     29.880     7.9901   3.337909    31.9675       1001     4.1667  0.000e+00
     29.853     7.9952   3.338245    31.9664       1002     4.1708  0.000e+00
     29.827     8.0004   3.339358    31.9734       1003     4.1750  0.000e+00
     29.800     8.0079   3.339059    31.9635       1004     4.1792  0.000e+00
     29.767     8.0133   3.338810    31.9559       1005     4.1833  0.000e+00
     29.731     8.0145   3.338742    31.9542       1006     4.1875  0.000e+00
     29.692     8.0140   3.338854    31.9557       1007     4.1917  0.000e+00
     29.652     8.0143   3.338997    31.9571       1008     4.1958  0.000e+00
     29.598     8.0153   3.339339    31.9598       1009     4.2000  0.000e+00
     29.549     8.0174   3.339663    31.9613       1010     4.2042  0.000e+00
     29.482     8.0206   3.339974    31.9617       1011     4.2083  0.000e+00
     29.417     8.0237   3.339924    31.9584       1012     4.2125  0.000e+00
     29.339     8.0259   3.339893    31.9561       1013     4.2167  0.000e+00
     29.263     8.0268   3.339700    31.9533       1014     4.2208  0.000e+00
     29.175     8.0266   3.339501    31.9513       1015     4.2250  0.000e+00
     29.076     8.0255   3.339358    31.9509       1016     4.2292  0.000e+00
     28.980     8.0241   3.339196    31.9505       1017     4.2333  0.000e+00
     28.895     8.0221   3.339208    31.9525       1018     4.2375  0.000e+00
     28.818     8.0212   3.339233    31.9536       1019     4.2417  0.000e+00
     28.737     8.0203   3.339196    31.9541       1020     4.2458  0.000e+00
     28.668     8.0199   3.340061    31.9637       1021     4.2500  0.000e+00
     28.606     8.0235   3.339239    31.9517       1022     4.2542  0.000e+00
     28.547     8.0232   3.338760    31.9469       1023     4.2583  0.000e+00
     28.500     8.0198   3.338654    31.9489       1024     4.2625  0.000e+00
     28.445     8.0169   3.338835    31.9535       1025     4.2667  0.000e+00
     28.398     8.0159   3.339059    31.9568       1026     4.2708  0.000e+00
     28.340     8.0167   3.338997    31.9555       1027     4.2750  0.000e+00
     28.284     8.0170   3.339096    31.9562       1028     4.2792  0.000e+00
     28.225     8.0173   3.338760    31.9525       1029     4.2833  0.000e+00
     28.160     8.0167   3.338872    31.9542       1030     4.2875  0.000e+00
     28.094     8.0160   3.338822    31.9544       1031     4.2917  0.000e+00
     28.017     8.0158   3.339252    31.9591       1032     4.2958  0.000e+00
     27.939     8.0172   3.339276    31.9581       1033     4.3000  0.000e+00
     27.864     8.0187   3.339295    31.9570       1034     4.3042  0.000e+00
     27.786     8.0200   3.339295    31.9558       1035     4.3083  0.000e+00
