HB2403/sbe056.cnv
* Sea-Bird SBE 19plus V2 Data File:
* FileName = C:\cruise\data\sbe056.hex
* Software Version Seasave V 7.26.7.121
* Temperature SN = 6128
* Conductivity SN = 6128
* System UpLoad Time = Jun 06 2024 17:23:09
* NMEA Latitude = 40 10.17 N
* NMEA Longitude = 070 06.07 W
* NMEA UTC (Time) = Jun 06 2024  17:23:42
** Ship: Henry Bigelow
** Cruise:  HB2403
** Program:  ECOMON
# nquan = 7
# nvalues = 2169                                  
# units = specified
# name 0 = depSM: Depth [salt water, m]
# name 1 = tv290C: Temperature [ITS-90, deg C]
# name 2 = c0S/m: Conductivity [S/m]
# name 3 = sal00: Salinity, Practical [PSU]
# name 4 = scan: Scan Count
# name 5 = timeM: Time, Elapsed [minutes]
# name 6 = flag:  0.000e+00
# span 0 =     -0.323,    103.048                 
# span 1 =     7.5014,    18.0282                 
# span 2 =   0.000028,   3.961457                 
# span 3 =     0.0091,    34.7296                 
# span 4 =         11,       2179                 
# span 5 =     0.0417,     9.0750                 
# span 6 = 0.0000e+00, 0.0000e+00                 
# interval = seconds: 0.25
# start_time = Jun 06 2024 17:23:42 [NMEA time, header]
# bad_flag = -9.990e-29
*END*
     -0.122    18.0280   0.000040     0.0091         11     0.0417  0.000e+00
     -0.118    18.0282   0.000049     0.0091         12     0.0458  0.000e+00
     -0.124    18.0281   0.000040     0.0091         13     0.0500  0.000e+00
     -0.122    18.0282   0.000034     0.0091         14     0.0542  0.000e+00
     -0.122    18.0276   0.000046     0.0091         15     0.0583  0.000e+00
     -0.120    18.0269   0.000052     0.0091         16     0.0625  0.000e+00
     -0.123    18.0270   0.000040     0.0091         17     0.0667  0.000e+00
     -0.124    18.0273   0.000034     0.0091         18     0.0708  0.000e+00
     -0.118    18.0274   0.000043     0.0091         19     0.0750  0.000e+00
     -0.122    18.0273   0.000046     0.0091         20     0.0792  0.000e+00
     -0.125    18.0275   0.000040     0.0091         21     0.0833  0.000e+00
     -0.126    18.0278   0.000049     0.0091         22     0.0875  0.000e+00
     -0.120    18.0266   0.000040     0.0091         23     0.0917  0.000e+00
     -0.122    18.0269   0.000046     0.0091         24     0.0958  0.000e+00
     -0.124    18.0270   0.000043     0.0091         25     0.1000  0.000e+00
     -0.124    18.0271   0.000040     0.0091         26     0.1042  0.000e+00
     -0.125    18.0269   0.000046     0.0091         27     0.1083  0.000e+00
     -0.125    18.0265   0.000052     0.0091         28     0.1125  0.000e+00
     -0.129    18.0272   0.000052     0.0091         29     0.1167  0.000e+00
     -0.127    18.0262   0.000040     0.0091         30     0.1208  0.000e+00
     -0.125    18.0257   0.000046     0.0091         31     0.1250  0.000e+00
     -0.129    18.0264   0.000043     0.0091         32     0.1292  0.000e+00
     -0.129    18.0266   0.000040     0.0091         33     0.1333  0.000e+00
     -0.138    18.0262   0.000046     0.0091         34     0.1375  0.000e+00
     -0.125    18.0272   0.000049     0.0091         35     0.1417  0.000e+00
     -0.127    18.0263   0.000028     0.0091         36     0.1458  0.000e+00
     -0.131    18.0260   0.000034     0.0091         37     0.1500  0.000e+00
     -0.129    18.0257   0.000034     0.0091         38     0.1542  0.000e+00
     -0.129    18.0255   0.000040     0.0091         39     0.1583  0.000e+00
     -0.131    18.0261   0.000034     0.0091         40     0.1625  0.000e+00
     -0.129    18.0254   0.000040     0.0091         41     0.1667  0.000e+00
     -0.127    18.0254   0.000037     0.0091         42     0.1708  0.000e+00
     -0.131    18.0248   0.000034     0.0091         43     0.1750  0.000e+00
     -0.134    18.0245   0.000034     0.0091         44     0.1792  0.000e+00
     -0.127    18.0248   0.000037     0.0091         45     0.1833  0.000e+00
     -0.131    18.0249   0.000028     0.0091         46     0.1875  0.000e+00
     -0.131    18.0251   0.000034     0.0091         47     0.1917  0.000e+00
     -0.132    18.0252   0.000037     0.0091         48     0.1958  0.000e+00
     -0.131    18.0256   0.000034     0.0091         49     0.2000  0.000e+00
     -0.138    18.0248   0.000034     0.0091         50     0.2042  0.000e+00
     -0.131    18.0253   0.000037     0.0091         51     0.2083  0.000e+00
     -0.131    18.0248   0.000034     0.0091         52     0.2125  0.000e+00
     -0.131    18.0250   0.000040     0.0091         53     0.2167  0.000e+00
     -0.131    18.0249   0.000034     0.0091         54     0.2208  0.000e+00
     -0.134    18.0239   0.000037     0.0091         55     0.2250  0.000e+00
     -0.133    18.0238   0.000040     0.0091         56     0.2292  0.000e+00
     -0.131    18.0248   0.000034     0.0091         57     0.2333  0.000e+00
     -0.131    18.0249   0.000037     0.0091         58     0.2375  0.000e+00
     -0.133    18.0247   0.000040     0.0091         59     0.2417  0.000e+00
     -0.134    18.0231   0.000040     0.0091         60     0.2458  0.000e+00
     -0.129    18.0227   0.000043     0.0091         61     0.2500  0.000e+00
     -0.129    18.0232   0.000040     0.0091         62     0.2542  0.000e+00
     -0.129    18.0237   0.000040     0.0091         63     0.2583  0.000e+00
     -0.132    18.0231   0.000049     0.0091         64     0.2625  0.000e+00
     -0.134    18.0223   0.000040     0.0091         65     0.2667  0.000e+00
     -0.132    18.0228   0.000040     0.0091         66     0.2708  0.000e+00
     -0.128    18.0226   0.000040     0.0091         67     0.2750  0.000e+00
     -0.128    18.0223   0.000043     0.0091         68     0.2792  0.000e+00
     -0.130    18.0221   0.000040     0.0091         69     0.2833  0.000e+00
     -0.125    18.0225   0.000040     0.0091         70     0.2875  0.000e+00
     -0.123    18.0216   0.000049     0.0091         71     0.2917  0.000e+00
     -0.128    18.0223   0.000034     0.0091         72     0.2958  0.000e+00
     -0.135    18.0220   0.000040     0.0091         73     0.3000  0.000e+00
     -0.131    18.0209   0.000037     0.0091         74     0.3042  0.000e+00
     -0.128    18.0191   0.000034     0.0091         75     0.3083  0.000e+00
     -0.128    18.0172   0.000034     0.0091         76     0.3125  0.000e+00
     -0.126    18.0174   0.000043     0.0091         77     0.3167  0.000e+00
     -0.131    18.0176   0.000028     0.0091         78     0.3208  0.000e+00
     -0.130    18.0164   0.000034     0.0091         79     0.3250  0.000e+00
     -0.130    18.0157   0.000046     0.0091         80     0.3292  0.000e+00
     -0.125    18.0143   0.000034     0.0091         81     0.3333  0.000e+00
      0.014    18.0143   0.717699     4.6243         82     0.3375  0.000e+00
      0.175    18.0034   3.573486    26.4793         83     0.3417  0.000e+00
      0.350    17.7445   3.516008    26.1728         84     0.3458  0.000e+00
      0.522    17.1330   3.589120    27.1823         85     0.3500  0.000e+00
      0.722    16.4207   3.706841    28.6766         86     0.3542  0.000e+00
      0.937    15.7169   3.738037    29.4614         87     0.3583  0.000e+00
      1.154    15.1897   3.748634    29.9524         88     0.3625  0.000e+00
      1.356    14.8733   3.752801    30.2328         89     0.3667  0.000e+00
      1.573    14.6728   3.780407    30.6374         90     0.3708  0.000e+00
      1.797    14.5215   3.789726    30.8412         91     0.3750  0.000e+00
      2.010    14.4035   3.792456    30.9599         92     0.3792  0.000e+00
      2.210    14.2930   3.800798    31.1244         93     0.3833  0.000e+00
      2.408    14.1949   3.805561    31.2469         94     0.3875  0.000e+00
      2.589    14.1096   3.809502    31.3522         95     0.3917  0.000e+00
      2.746    14.0391   3.809004    31.4049         96     0.3958  0.000e+00
      2.878    13.9812   3.810782    31.4685         97     0.4000  0.000e+00
      2.995    13.9383   3.811622    31.5113         98     0.4042  0.000e+00
      3.087    13.9041   3.812888    31.5509         99     0.4083  0.000e+00
      3.167    13.8762   3.817414    31.6156        100     0.4125  0.000e+00
      3.250    13.8543   3.823177    31.6868        101     0.4167  0.000e+00
      3.351    13.8381   3.828785    31.7518        102     0.4208  0.000e+00
      3.473    13.8272   3.835212    31.8202        103     0.4250  0.000e+00
      3.625    13.8213   3.835541    31.8280        104     0.4292  0.000e+00
      3.795    13.8175   3.831663    31.7953        105     0.4333  0.000e+00
      3.992    13.8130   3.834726    31.8273        106     0.4375  0.000e+00
      4.199    13.8095   3.832886    31.8130        107     0.4417  0.000e+00
      4.409    13.8071   3.827715    31.7672        108     0.4458  0.000e+00
      4.616    13.8050   3.824011    31.7346        109     0.4500  0.000e+00
      4.815    13.8020   3.821399    31.7129        110     0.4542  0.000e+00
      5.008    13.7985   3.819220    31.6956        111     0.4583  0.000e+00
      5.200    13.7948   3.818052    31.6878        112     0.4625  0.000e+00
      5.384    13.7895   3.816917    31.6816        113     0.4667  0.000e+00
      5.552    13.7823   3.816465    31.6833        114     0.4708  0.000e+00
      5.713    13.7771   3.815704    31.6805        115     0.4750  0.000e+00
      5.851    13.7710   3.815238    31.6812        116     0.4792  0.000e+00
      5.983    13.7634   3.816806    31.7019        117     0.4833  0.000e+00
      6.110    13.7576   3.819693    31.7333        118     0.4875  0.000e+00
      6.238    13.7507   3.821492    31.7557        119     0.4917  0.000e+00
      6.375    13.7433   3.822227    31.7685        120     0.4958  0.000e+00
      6.512    13.7369   3.822943    31.7804        121     0.5000  0.000e+00
      6.657    13.7322   3.822838    31.7832        122     0.5042  0.000e+00
      6.807    13.7285   3.822300    31.7813        123     0.5083  0.000e+00
      6.962    13.7274   3.822228    31.7815        124     0.5125  0.000e+00
      7.117    13.7287   3.821611    31.7747        125     0.5167  0.000e+00
      7.280    13.7321   3.820784    31.7641        126     0.5208  0.000e+00
      7.439    13.7341   3.820311    31.7580        127     0.5250  0.000e+00
      7.608    13.7321   3.819767    31.7546        128     0.5292  0.000e+00
      7.771    13.7273   3.818749    31.7490        129     0.5333  0.000e+00
      7.932    13.7218   3.817890    31.7456        130     0.5375  0.000e+00
      8.091    13.7152   3.817372    31.7462        131     0.5417  0.000e+00
      8.242    13.7076   3.816775    31.7469        132     0.5458  0.000e+00
      8.398    13.6998   3.816650    31.7522        133     0.5500  0.000e+00
      8.559    13.6913   3.816021    31.7534        134     0.5542  0.000e+00
      8.714    13.6808   3.815004    31.7525        135     0.5583  0.000e+00
      8.876    13.6693   3.814034    31.7530        136     0.5625  0.000e+00
      9.042    13.6571   3.812840    31.7520        137     0.5667  0.000e+00
      9.216    13.6469   3.812093    31.7535        138     0.5708  0.000e+00
      9.389    13.6412   3.811693    31.7544        139     0.5750  0.000e+00
      9.568    13.6372   3.811169    31.7529        140     0.5792  0.000e+00
      9.745    13.6324   3.810408    31.7497        141     0.5833  0.000e+00
      9.930    13.6252   3.809773    31.7497        142     0.5875  0.000e+00
     10.102    13.6164   3.808809    31.7480        143     0.5917  0.000e+00
     10.277    13.6046   3.807977    31.7500        144     0.5958  0.000e+00
     10.452    13.5902   3.806738    31.7504        145     0.6000  0.000e+00
     10.626    13.5724   3.805218    31.7510        146     0.6042  0.000e+00
     10.788    13.5464   3.803325    31.7550        147     0.6083  0.000e+00
     10.954    13.5100   3.801085    31.7643        148     0.6125  0.000e+00
     11.111    13.4700   3.799128    31.7793        149     0.6167  0.000e+00
     11.265    13.4299   3.797812    31.8004        150     0.6208  0.000e+00
     11.413    13.3965   3.797086    31.8215        151     0.6250  0.000e+00
     11.563    13.3670   3.796779    31.8432        152     0.6292  0.000e+00
     11.709    13.3308   3.796079    31.8669        153     0.6333  0.000e+00
     11.866    13.2815   3.794522    31.8935        154     0.6375  0.000e+00
     12.020    13.2247   3.792160    31.9190        155     0.6417  0.000e+00
     12.170    13.1662   3.789092    31.9393        156     0.6458  0.000e+00
     12.330    13.1195   3.785274    31.9427        157     0.6500  0.000e+00
     12.496    13.0873   3.783064    31.9490        158     0.6542  0.000e+00
     12.669    13.0621   3.780359    31.9447        159     0.6583  0.000e+00
     12.846    13.0345   3.776785    31.9343        160     0.6625  0.000e+00
     13.025    12.9989   3.772096    31.9200        161     0.6667  0.000e+00
     13.204    12.9407   3.765296    31.9050        162     0.6708  0.000e+00
     13.393    12.8540   3.757549    31.9048        163     0.6750  0.000e+00
     13.587    12.7174   3.741722    31.8704        164     0.6792  0.000e+00
     13.784    12.5245   3.720908    31.8357        165     0.6833  0.000e+00
     13.980    12.2874   3.700174    31.8389        166     0.6875  0.000e+00
     14.177    12.0630   3.684517    31.8796        167     0.6917  0.000e+00
     14.376    11.8687   3.670526    31.9108        168     0.6958  0.000e+00
     14.562    11.6786   3.655255    31.9261        169     0.7000  0.000e+00
     14.749    11.4794   3.639339    31.9427        170     0.7042  0.000e+00
     14.935    11.2798   3.624890    31.9740        171     0.7083  0.000e+00
     15.114    11.0675   3.609240    32.0045        172     0.7125  0.000e+00
     15.286    10.8446   3.595614    32.0644        173     0.7167  0.000e+00
     15.457    10.6468   3.586602    32.1484        174     0.7208  0.000e+00
     15.631    10.5019   3.584582    32.2562        175     0.7250  0.000e+00
     15.807    10.3955   3.584123    32.3459        176     0.7292  0.000e+00
     15.986    10.2938   3.580146    32.3965        177     0.7333  0.000e+00
     16.165    10.1846   3.568268    32.3744        178     0.7375  0.000e+00
     16.342    10.0793   3.554429    32.3287        179     0.7417  0.000e+00
     16.524     9.9759   3.541540    32.2906        180     0.7458  0.000e+00
     16.703     9.8673   3.530591    32.2766        181     0.7500  0.000e+00
     16.882     9.7501   3.519604    32.2698        182     0.7542  0.000e+00
     17.057     9.6177   3.508720    32.2775        183     0.7583  0.000e+00
     17.236     9.4794   3.500479    32.3176        184     0.7625  0.000e+00
     17.408     9.3440   3.492683    32.3598        185     0.7667  0.000e+00
     17.570     9.2251   3.491614    32.4566        186     0.7708  0.000e+00
     17.738     9.1177   3.488640    32.5237        187     0.7750  0.000e+00
     17.895     9.0174   3.477806    32.5028        188     0.7792  0.000e+00
     18.056     8.9225   3.468734    32.4953        189     0.7833  0.000e+00
     18.213     8.8391   3.465036    32.5332        190     0.7875  0.000e+00
     18.372     8.7691   3.463515    32.5816        191     0.7917  0.000e+00
     18.540     8.7176   3.462822    32.6216        192     0.7958  0.000e+00
     18.708     8.6811   3.464444    32.6722        193     0.8000  0.000e+00
     18.883     8.6550   3.469060    32.7446        194     0.8042  0.000e+00
     19.062     8.6362   3.470601    32.7781        195     0.8083  0.000e+00
     19.237     8.6146   3.454321    32.6273        196     0.8125  0.000e+00
     19.423     8.5856   3.443925    32.5449        197     0.8167  0.000e+00
     19.618     8.5385   3.434844    32.4928        198     0.8208  0.000e+00
     19.808     8.4795   3.427004    32.4647        199     0.8250  0.000e+00
     19.988     8.4156   3.420383    32.4539        200     0.8292  0.000e+00
     20.173     8.3490   3.415675    32.4655        201     0.8333  0.000e+00
     20.344     8.2803   3.411346    32.4832        202     0.8375  0.000e+00
     20.498     8.2177   3.408637    32.5124        203     0.8417  0.000e+00
     20.655     8.1678   3.409315    32.5658        204     0.8458  0.000e+00
     20.803     8.1274   3.408808    32.5978        205     0.8500  0.000e+00
     20.949     8.0917   3.405447    32.5952        206     0.8542  0.000e+00
     21.106     8.0608   3.401881    32.5861        207     0.8583  0.000e+00
     21.263     8.0342   3.399883    32.5895        208     0.8625  0.000e+00
     21.417     8.0120   3.399989    32.6113        209     0.8667  0.000e+00
     21.581     7.9936   3.401682    32.6464        210     0.8708  0.000e+00
     21.744     7.9801   3.402515    32.6677        211     0.8750  0.000e+00
     21.915     7.9711   3.400999    32.6599        212     0.8792  0.000e+00
     22.094     7.9642   3.399101    32.6461        213     0.8833  0.000e+00
     22.275     7.9575   3.396351    32.6230        214     0.8875  0.000e+00
     22.453     7.9487   3.389841    32.5616        215     0.8917  0.000e+00
