HB2403/sbe018.cnv
* Sea-Bird SBE 19plus V2 Data File:
* FileName = C:\cruise\data\sbe018.hex
* Software Version Seasave V 7.26.7.121
* Temperature SN = 6128
* Conductivity SN = 6128
* System UpLoad Time = May 27 2024 07:50:47
* NMEA Latitude = 39 21.40 N
* NMEA Longitude = 073 23.81 W
* NMEA UTC (Time) = May 27 2024  07:51:11
** Ship: Henry Bigelow
** Cruise:  HB2403
** Program:  ECOMON
# nquan = 7
# nvalues = 1439                                  
# units = specified
# name 0 = depSM: Depth [salt water, m]
# name 1 = tv290C: Temperature [ITS-90, deg C]
# name 2 = c0S/m: Conductivity [S/m]
# name 3 = sal00: Salinity, Practical [PSU]
# name 4 = scan: Scan Count
# name 5 = timeM: Time, Elapsed [minutes]
# name 6 = flag:  0.000e+00
# span 0 =     -0.027,     43.818                 
# span 1 =     8.4776,    17.4121                 
# span 2 =   0.000103,   3.877875                 
# span 3 =     0.0089,    31.7821                 
# span 4 =         11,       1449                 
# span 5 =     0.0417,     6.0333                 
# span 6 = 0.0000e+00, 0.0000e+00                 
# interval = seconds: 0.25
# start_time = May 27 2024 07:51:11 [NMEA time, header]
# bad_flag = -9.990e-29
*END*
[from data line 616]
     31.724     9.6825   3.439284    31.5060        627     2.6083  0.000e+00
     31.677     9.6831   3.439290    31.5055        628     2.6125  0.000e+00
     31.641     9.6830   3.439271    31.5054        629     2.6167  0.000e+00
     31.599     9.6826   3.439416    31.5073        630     2.6208  0.000e+00
     31.563     9.6829   3.439479    31.5076        631     2.6250  0.000e+00
     31.531     9.6832   3.439586    31.5085        632     2.6292  0.000e+00
     31.497     9.6839   3.439636    31.5085        633     2.6333  0.000e+00
     31.458     9.6842   3.439630    31.5081        634     2.6375  0.000e+00
     31.413     9.6845   3.439711    31.5087        635     2.6417  0.000e+00
     31.366     9.6848   3.439743    31.5087        636     2.6458  0.000e+00
     31.347     9.6850   3.439730    31.5085        637     2.6500  0.000e+00
     31.327     9.6853   3.439724    31.5081        638     2.6542  0.000e+00
     31.337     9.6853   3.439755    31.5085        639     2.6583  0.000e+00
     31.344     9.6852   3.439730    31.5083        640     2.6625  0.000e+00
     31.345     9.6852   3.439743    31.5084        641     2.6667  0.000e+00
     31.342     9.6852   3.439755    31.5085        642     2.6708  0.000e+00
     31.336     9.6850   3.439755    31.5088        643     2.6750  0.000e+00
     31.330     9.6850   3.439831    31.5095        644     2.6792  0.000e+00
     31.329     9.6852   3.439774    31.5087        645     2.6833  0.000e+00
     31.325     9.6852   3.439837    31.5094        646     2.6875  0.000e+00
     31.316     9.6851   3.439856    31.5097        647     2.6917  0.000e+00
     31.310     9.6853   3.439856    31.5095        648     2.6958  0.000e+00
     31.303     9.6855   3.439856    31.5093        649     2.7000  0.000e+00
     31.297     9.6855   3.439881    31.5096        650     2.7042  0.000e+00
     31.298     9.6853   3.439900    31.5099        651     2.7083  0.000e+00
     31.293     9.6854   3.439944    31.5103        652     2.7125  0.000e+00
     31.293     9.6857   3.439982    31.5104        653     2.7167  0.000e+00
     31.295     9.6859   3.439982    31.5103        654     2.7208  0.000e+00
     31.294     9.6860   3.440007    31.5104        655     2.7250  0.000e+00
     31.302     9.6862   3.439963    31.5098        656     2.7292  0.000e+00
     31.309     9.6862   3.439963    31.5098        657     2.7333  0.000e+00
     31.318     9.6861   3.439875    31.5090        658     2.7375  0.000e+00
     31.332     9.6859   3.439881    31.5092        659     2.7417  0.000e+00
     31.338     9.6853   3.439944    31.5104        660     2.7458  0.000e+00
     31.335     9.6854   3.439988    31.5108        661     2.7500  0.000e+00
     31.317     9.6856   3.440007    31.5108        662     2.7542  0.000e+00
     31.294     9.6858   3.440032    31.5109        663     2.7583  0.000e+00
     31.270     9.6859   3.440133    31.5118        664     2.7625  0.000e+00
     31.248     9.6863   3.440152    31.5116        665     2.7667  0.000e+00
     31.227     9.6868   3.440032    31.5101        666     2.7708  0.000e+00
     31.208     9.6865   3.440089    31.5109        667     2.7750  0.000e+00
     31.194     9.6865   3.440152    31.5115        668     2.7792  0.000e+00
     31.179     9.6867   3.440076    31.5106        669     2.7833  0.000e+00
     31.165     9.6866   3.440026    31.5101        670     2.7875  0.000e+00
     31.147     9.6866   3.439963    31.5096        671     2.7917  0.000e+00
     31.124     9.6862   3.439875    31.5090        672     2.7958  0.000e+00
     31.104     9.6857   3.439963    31.5103        673     2.8000  0.000e+00
     31.076     9.6855   3.439919    31.5101        674     2.8042  0.000e+00
     31.046     9.6853   3.439648    31.5075        675     2.8083  0.000e+00
     31.011     9.6844   3.439648    31.5083        676     2.8125  0.000e+00
     30.975     9.6833   3.439548    31.5083        677     2.8167  0.000e+00
     30.926     9.6824   3.439315    31.5067        678     2.8208  0.000e+00
     30.886     9.6814   3.439541    31.5099        679     2.8250  0.000e+00
     30.833     9.6810   3.439522    31.5101        680     2.8292  0.000e+00
     30.787     9.6810   3.439271    31.5075        681     2.8333  0.000e+00
     30.734     9.6800   3.439378    31.5096        682     2.8375  0.000e+00
     30.676     9.6797   3.439566    31.5117        683     2.8417  0.000e+00
     30.619     9.6802   3.439566    31.5113        684     2.8458  0.000e+00
     30.563     9.6808   3.438994    31.5050        685     2.8500  0.000e+00
     30.510     9.6793   3.438264    31.4989        686     2.8542  0.000e+00
     30.458     9.6738   3.431464    31.4346        687     2.8583  0.000e+00
     30.405     9.6525   3.426121    31.3990        688     2.8625  0.000e+00
     30.360     9.6153   3.416788    31.3365        689     2.8667  0.000e+00
     30.313     9.5627   3.413111    31.3450        690     2.8708  0.000e+00
     30.276     9.5136   3.411838    31.3749        691     2.8750  0.000e+00
     30.238     9.4791   3.410765    31.3942        692     2.8792  0.000e+00
     30.209     9.4561   3.410352    31.4101        693     2.8833  0.000e+00
     30.185     9.4410   3.409938    31.4191        694     2.8875  0.000e+00
     30.174     9.4309   3.409637    31.4249        695     2.8917  0.000e+00
     30.158     9.4243   3.410515    31.4397        696     2.8958  0.000e+00
     30.144     9.4230   3.411707    31.4530        697     2.9000  0.000e+00
     30.128     9.4270   3.412133    31.4539        698     2.9042  0.000e+00
     30.111     9.4318   3.412221    31.4506        699     2.9083  0.000e+00
     30.091     9.4352   3.412215    31.4476        700     2.9125  0.000e+00
     30.073     9.4369   3.411907    31.4429        701     2.9167  0.000e+00
     30.049     9.4369   3.412058    31.4444        702     2.9208  0.000e+00
     30.020     9.4371   3.412347    31.4473        703     2.9250  0.000e+00
     29.986     9.4384   3.412453    31.4472        704     2.9292  0.000e+00
     29.946     9.4397   3.412491    31.4465        705     2.9333  0.000e+00
     29.906     9.4409   3.413012    31.4508        706     2.9375  0.000e+00
     29.863     9.4434   3.413238    31.4509        707     2.9417  0.000e+00
     29.814     9.4460   3.413281    31.4491        708     2.9458  0.000e+00
     29.768     9.4476   3.412804    31.4428        709     2.9500  0.000e+00
     29.717     9.4467   3.411430    31.4296        710     2.9542  0.000e+00
     29.671     9.4424   3.411951    31.4387        711     2.9583  0.000e+00
     29.620     9.4402   3.412560    31.4469        712     2.9625  0.000e+00
     29.573     9.4377   3.401524    31.3363        713     2.9667  0.000e+00
     29.526     9.4087   3.399670    31.3427        714     2.9708  0.000e+00
     29.475     9.3739   3.398774    31.3640        715     2.9750  0.000e+00
     29.428     9.3459   3.389940    31.2981        716     2.9792  0.000e+00
     29.414     9.3090   3.386111    31.2912        717     2.9833  0.000e+00
     29.417     9.2706   3.381147    31.2740        718     2.9875  0.000e+00
     29.441     9.2321   3.380728    31.3033        719     2.9917  0.000e+00
     29.466     9.2055   3.387558    31.3969        720     2.9958  0.000e+00
     29.498     9.2074   3.395244    31.4742        721     3.0000  0.000e+00
     29.523     9.2343   3.399371    31.4929        722     3.0042  0.000e+00
     29.563     9.2681   3.402209    31.4922        723     3.0083  0.000e+00
     29.603     9.3007   3.404183    31.4837        724     3.0125  0.000e+00
     29.641     9.3283   3.406082    31.4789        725     3.0167  0.000e+00
     29.673     9.3519   3.407405    31.4717        726     3.0208  0.000e+00
     29.718     9.3708   3.407455    31.4555        727     3.0250  0.000e+00
     29.752     9.3836   3.408239    31.4523        728     3.0292  0.000e+00
     29.785     9.3928   3.408433    31.4462        729     3.0333  0.000e+00
     29.810     9.3994   3.408590    31.4420        730     3.0375  0.000e+00
     29.830     9.4039   3.408872    31.4409        731     3.0417  0.000e+00
     29.851     9.4077   3.409913    31.4483        732     3.0458  0.000e+00
     29.862     9.4129   3.409373    31.4381        733     3.0500  0.000e+00
     29.873     9.4159   3.409110    31.4328        734     3.0542  0.000e+00
     29.883     9.4158   3.409668    31.4387        735     3.0583  0.000e+00
     29.883     9.4172   3.410201    31.4428        736     3.0625  0.000e+00
     29.880     9.4202   3.411036    31.4487        737     3.0667  0.000e+00
     29.885     9.4249   3.411951    31.4540        738     3.0708  0.000e+00
     29.872     9.4311   3.412221    31.4513        739     3.0750  0.000e+00
     29.858     9.4363   3.412340    31.4480        740     3.0792  0.000e+00
     29.840     9.4404   3.413281    31.4540        741     3.0833  0.000e+00
     29.817     9.4456   3.414047    31.4573        742     3.0875  0.000e+00
     29.790     9.4511   3.413652    31.4484        743     3.0917  0.000e+00
     29.771     9.4533   3.411205    31.4214        744     3.0958  0.000e+00
     29.751     9.4480   3.410439    31.4184        745     3.1000  0.000e+00
     29.730     9.4407   3.410496    31.4253        746     3.1042  0.000e+00
     29.703     9.4353   3.409480    31.4196        747     3.1083  0.000e+00
     29.688     9.4289   3.409336    31.4238        748     3.1125  0.000e+00
     29.675     9.4244   3.409605    31.4305        749     3.1167  0.000e+00
     29.663     9.4224   3.409373    31.4299        750     3.1208  0.000e+00
     29.652     9.4206   3.409957    31.4375        751     3.1250  0.000e+00
     29.645     9.4207   3.410113    31.4390        752     3.1292  0.000e+00
     29.641     9.4221   3.409624    31.4328        753     3.1333  0.000e+00
     29.631     9.4220   3.410552    31.4423        754     3.1375  0.000e+00
     29.607     9.4238   3.410954    31.4448        755     3.1417  0.000e+00
     29.583     9.4272   3.411205    31.4445        756     3.1458  0.000e+00
     29.567     9.4306   3.410703    31.4364        757     3.1500  0.000e+00
     29.542     9.4312   3.407611    31.4042        758     3.1542  0.000e+00
     29.520     9.4218   3.404702    31.3827        759     3.1583  0.000e+00
     29.491     9.4051   3.402809    31.3780        760     3.1625  0.000e+00
     29.469     9.3870   3.401650    31.3820        761     3.1667  0.000e+00
     29.440     9.3713   3.400823    31.3874        762     3.1708  0.000e+00
     29.416     9.3584   3.399282    31.3829        763     3.1750  0.000e+00
     29.382     9.3456   3.396338    31.3640        764     3.1792  0.000e+00
     29.351     9.3274   3.386555    31.2797        765     3.1833  0.000e+00
     29.322     9.2895   3.378671    31.2320        766     3.1875  0.000e+00
     29.288     9.2386   3.374410    31.2329        767     3.1917  0.000e+00
     29.250     9.1903   3.372462    31.2551        768     3.1958  0.000e+00
     29.217     9.1536   3.371495    31.2774        769     3.2000  0.000e+00
     29.183     9.1279   3.371151    31.2964        770     3.2042  0.000e+00
     29.146     9.1113   3.370914    31.3086        771     3.2083  0.000e+00
     29.110     9.1012   3.370883    31.3171        772     3.2125  0.000e+00
     29.072     9.0953   3.370702    31.3205        773     3.2167  0.000e+00
     29.028     9.0912   3.370559    31.3226        774     3.2208  0.000e+00
     28.987     9.0884   3.370552    31.3250        775     3.2250  0.000e+00
     28.931     9.0865   3.370540    31.3266        776     3.2292  0.000e+00
     28.878     9.0857   3.370396    31.3259        777     3.2333  0.000e+00
     28.828     9.0846   3.370209    31.3249        778     3.2375  0.000e+00
     28.764     9.0834   3.370122    31.3250        779     3.2417  0.000e+00
     28.698     9.0821   3.369984    31.3248        780     3.2458  0.000e+00
     28.636     9.0809   3.369947    31.3255        781     3.2500  0.000e+00
     28.575     9.0799   3.369903    31.3260        782     3.2542  0.000e+00
     28.510     9.0794   3.369778    31.3252        783     3.2583  0.000e+00
     28.439     9.0786   3.369797    31.3260        784     3.2625  0.000e+00
     28.378     9.0780   3.369803    31.3267        785     3.2667  0.000e+00
     28.321     9.0777   3.369728    31.3262        786     3.2708  0.000e+00
     28.268     9.0773   3.369634    31.3256        787     3.2750  0.000e+00
     28.213     9.0768   3.369603    31.3257        788     3.2792  0.000e+00
     28.173     9.0765   3.369803    31.3281        789     3.2833  0.000e+00
     28.136     9.0770   3.369965    31.3294        790     3.2875  0.000e+00
     28.100     9.0779   3.370234    31.3313        791     3.2917  0.000e+00
     28.074     9.0797   3.370440    31.3319        792     3.2958  0.000e+00
     28.051     9.0817   3.370458    31.3304        793     3.3000  0.000e+00
     28.032     9.0832   3.370483    31.3293        794     3.3042  0.000e+00
     28.014     9.0842   3.370739    31.3311        795     3.3083  0.000e+00
     28.002     9.0859   3.371970    31.3422        796     3.3125  0.000e+00
     27.982     9.0914   3.373693    31.3552        797     3.3167  0.000e+00
     27.969     9.1018   3.375036    31.3598        798     3.3208  0.000e+00
     27.948     9.1146   3.376504    31.3638        799     3.3250  0.000e+00
     27.924     9.1289   3.377898    31.3656        800     3.3292  0.000e+00
     27.898     9.1434   3.379635    31.3707        801     3.3333  0.000e+00
     27.862     9.1596   3.380891    31.3694        802     3.3375  0.000e+00
     27.820     9.1755   3.382079    31.3676        803     3.3417  0.000e+00
     27.773     9.1903   3.383379    31.3680        804     3.3458  0.000e+00
     27.717     9.2051   3.384849    31.3702        805     3.3500  0.000e+00
     27.649     9.2198   3.385724    31.3662        806     3.3542  0.000e+00
     27.582     9.2333   3.386431    31.3617        807     3.3583  0.000e+00
     27.512     9.2445   3.387413    31.3620        808     3.3625  0.000e+00
     27.439     9.2548   3.388007    31.3590        809     3.3667  0.000e+00
     27.372     9.2638   3.388457    31.3558        810     3.3708  0.000e+00
     27.297     9.2711   3.388689    31.3518        811     3.3750  0.000e+00
     27.230     9.2767   3.389008    31.3502        812     3.3792  0.000e+00
     27.166     9.2813   3.389327    31.3495        813     3.3833  0.000e+00
     27.107     9.2854   3.389615    31.3488        814     3.3875  0.000e+00
     27.051     9.2891   3.389715    31.3466        815     3.3917  0.000e+00
     26.997     9.2918   3.389790    31.3451        816     3.3958  0.000e+00
     26.957     9.2937   3.389840    31.3440        817     3.4000  0.000e+00
     26.921     9.2950   3.389896    31.3434        818     3.4042  0.000e+00
     26.886     9.2960   3.390027    31.3438        819     3.4083  0.000e+00
     26.861     9.2968   3.390134    31.3442        820     3.4125  0.000e+00
     26.839     9.2979   3.390190    31.3439        821     3.4167  0.000e+00
     26.815     9.2989   3.390221    31.3433        822     3.4208  0.000e+00
     26.792     9.2994   3.390334    31.3441        823     3.4250  0.000e+00
     26.770     9.3004   3.390634    31.3463        824     3.4292  0.000e+00
     26.744     9.3019   3.391160    31.3503        825     3.4333  0.000e+00
     26.715     9.3051   3.391848    31.3546        826     3.4375  0.000e+00
     26.675     9.3101   3.392931    31.3614        827     3.4417  0.000e+00
     26.643     9.3179   3.395060    31.3763        828     3.4458  0.000e+00
     26.589     9.3316   3.398028    31.3947        829     3.4500  0.000e+00
     26.543     9.3521   3.400127    31.3983        830     3.4542  0.000e+00
