HB2403/sbe034.cnv
* Sea-Bird SBE 19plus V2 Data File:
* FileName = C:\cruise\data\sbe034.hex
* Software Version Seasave V 7.26.7.121
* Temperature SN = 6128
* Conductivity SN = 6128
* System UpLoad Time = Jun 04 2024 14:45:01
* NMEA Latitude = 39 07.31 N
* NMEA Longitude = 074 01.07 W
* NMEA UTC (Time) = Jun 04 2024  14:45:33
** Ship: Henry Bigelow
** Cruise:  HB2403
** Program:  ECOMON
# nquan = 7
# nvalues = 1511                                  
# units = specified
# name 0 = depSM: Depth [salt water, m]
# name 1 = tv290C: Temperature [ITS-90, deg C]
# name 2 = c0S/m: Conductivity [S/m]
# name 3 = sal00: Salinity, Practical [PSU]
# name 4 = scan: Scan Count
# name 5 = timeM: Time, Elapsed [minutes]
# name 6 = flag:  0.000e+00
# span 0 =     -0.001,     31.200                 
# span 1 =     9.7570,    19.4787                 
# span 2 =   0.000034,   4.091245                 
# span 3 =     0.0096,    31.5297                 
# span 4 =         11,       1521                 
# span 5 =     0.0417,     6.3333                 
# span 6 = 0.0000e+00, 0.0000e+00                 
# interval = seconds: 0.25
# start_time = Jun 04 2024 14:45:33 [NMEA time, header]
# bad_flag = -9.990e-29
*END*
[from data line 411]
     24.141    10.0397   3.442078    31.2269        422     1.7542  0.000e+00
     24.250    10.0392   3.442072    31.2272        423     1.7583  0.000e+00
     24.358    10.0390   3.442034    31.2269        424     1.7625  0.000e+00
     24.463    10.0385   3.441971    31.2266        425     1.7667  0.000e+00
     24.570    10.0379   3.441927    31.2267        426     1.7708  0.000e+00
     24.674    10.0372   3.441845    31.2264        427     1.7750  0.000e+00
     24.779    10.0364   3.441770    31.2264        428     1.7792  0.000e+00
     24.878    10.0354   3.441738    31.2268        429     1.7833  0.000e+00
     24.974    10.0346   3.441550    31.2256        430     1.7875  0.000e+00
     25.068    10.0332   3.441235    31.2236        431     1.7917  0.000e+00
     25.160    10.0308   3.441153    31.2248        432     1.7958  0.000e+00
     25.247    10.0281   3.440643    31.2219        433     1.8000  0.000e+00
     25.337    10.0243   3.440190    31.2207        434     1.8042  0.000e+00
     25.418    10.0190   3.439536    31.2186        435     1.8083  0.000e+00
     25.503    10.0126   3.439120    31.2199        436     1.8125  0.000e+00
     25.594    10.0061   3.438995    31.2242        437     1.8167  0.000e+00
     25.687    10.0010   3.438699    31.2256        438     1.8208  0.000e+00
     25.778     9.9969   3.438548    31.2276        439     1.8250  0.000e+00
     25.879     9.9937   3.438133    31.2261        440     1.8292  0.000e+00
     25.980     9.9901   3.437869    31.2265        441     1.8333  0.000e+00
     26.083     9.9862   3.437359    31.2247        442     1.8375  0.000e+00
     26.188     9.9817   3.437214    31.2271        443     1.8417  0.000e+00
     26.294     9.9782   3.436893    31.2268        444     1.8458  0.000e+00
     26.397     9.9746   3.436189    31.2228        445     1.8500  0.000e+00
     26.502     9.9692   3.435371    31.2192        446     1.8542  0.000e+00
     26.614     9.9614   3.434560    31.2177        447     1.8583  0.000e+00
     26.722     9.9517   3.433491    31.2152        448     1.8625  0.000e+00
     26.827     9.9394   3.432007    31.2109        449     1.8667  0.000e+00
     26.932     9.9233   3.430800    31.2126        450     1.8708  0.000e+00
     27.033     9.9056   3.429454    31.2142        451     1.8750  0.000e+00
     27.126     9.8864   3.428380    31.2199        452     1.8792  0.000e+00
     27.219     9.8677   3.427663    31.2289        453     1.8833  0.000e+00
     27.304     9.8522   3.427035    31.2358        454     1.8875  0.000e+00
     27.397     9.8383   3.426030    31.2377        455     1.8917  0.000e+00
     27.489     9.8235   3.425578    31.2459        456     1.8958  0.000e+00
     27.591     9.8104   3.425194    31.2533        457     1.9000  0.000e+00
     27.688     9.8002   3.424931    31.2594        458     1.9042  0.000e+00
     27.789     9.7915   3.424868    31.2663        459     1.9083  0.000e+00
     27.896     9.7854   3.424912    31.2720        460     1.9125  0.000e+00
     28.003     9.7807   3.425176    31.2787        461     1.9167  0.000e+00
     28.113     9.7766   3.425748    31.2880        462     1.9208  0.000e+00
     28.222     9.7738   3.426282    31.2959        463     1.9250  0.000e+00
     28.334     9.7723   3.427369    31.3081        464     1.9292  0.000e+00
     28.439     9.7733   3.428513    31.3188        465     1.9333  0.000e+00
     28.542     9.7762   3.428997    31.3212        466     1.9375  0.000e+00
     28.638     9.7795   3.430292    31.3313        467     1.9417  0.000e+00
     28.734     9.7852   3.432342    31.3471        468     1.9458  0.000e+00
     28.822     9.7946   3.433556    31.3513        469     1.9500  0.000e+00
     28.912     9.8042   3.434826    31.3557        470     1.9542  0.000e+00
     28.995     9.8147   3.436147    31.3599        471     1.9583  0.000e+00
     29.080     9.8248   3.438413    31.3740        472     1.9625  0.000e+00
     29.171     9.8364   3.439589    31.3758        473     1.9667  0.000e+00
     29.250     9.8470   3.440735    31.3782        474     1.9708  0.000e+00
     29.333     9.8562   3.441408    31.3769        475     1.9750  0.000e+00
     29.423     9.8625   3.442724    31.3847        476     1.9792  0.000e+00
     29.513     9.8680   3.444090    31.3937        477     1.9833  0.000e+00
     29.615     9.8732   3.445218    31.4005        478     1.9875  0.000e+00
     29.717     9.8778   3.445665    31.4010        479     1.9917  0.000e+00
     29.826     9.8816   3.446024    31.4013        480     1.9958  0.000e+00
     29.940     9.8840   3.446855    31.4075        481     2.0000  0.000e+00
     30.050     9.8859   3.447491    31.4123        482     2.0042  0.000e+00
     30.165     9.8866   3.447265    31.4093        483     2.0083  0.000e+00
     30.275     9.8817   3.446723    31.4081        484     2.0125  0.000e+00
     30.387     9.8713   3.446106    31.4109        485     2.0167  0.000e+00
     30.495     9.8583   3.445313    31.4141        486     2.0208  0.000e+00
     30.598     9.8442   3.445306    31.4262        487     2.0250  0.000e+00
     30.702     9.8339   3.445099    31.4331        488     2.0292  0.000e+00
     30.796     9.8264   3.444809    31.4366        489     2.0333  0.000e+00
     30.895     9.8198   3.444312    31.4374        490     2.0375  0.000e+00
     30.991     9.8131   3.443147    31.4314        491     2.0417  0.000e+00
     31.092     9.8057   3.443191    31.4382        492     2.0458  0.000e+00
     31.155     9.7990   3.443254    31.4446        493     2.0500  0.000e+00
     31.200     9.7938   3.443065    31.4473        494     2.0542  0.000e+00
     31.189     9.7897   3.443002    31.4502        495     2.0583  0.000e+00
     31.151     9.7868   3.442877    31.4515        496     2.0625  0.000e+00
     31.122     9.7844   3.442877    31.4536        497     2.0667  0.000e+00
     31.101     9.7835   3.442858    31.4541        498     2.0708  0.000e+00
     31.089     9.7827   3.442877    31.4550        499     2.0750  0.000e+00
     31.068     9.7826   3.442832    31.4547        500     2.0792  0.000e+00
     31.048     9.7825   3.442612    31.4526        501     2.0833  0.000e+00
     31.021     9.7820   3.442417    31.4511        502     2.0875  0.000e+00
     31.000     9.7802   3.442562    31.4541        503     2.0917  0.000e+00
     30.965     9.7799   3.442568    31.4545        504     2.0958  0.000e+00
     30.943     9.7801   3.442644    31.4550        505     2.1000  0.000e+00
     30.917     9.7809   3.442417    31.4521        506     2.1042  0.000e+00
     30.891     9.7804   3.442260    31.4509        507     2.1083  0.000e+00
     30.855     9.7788   3.441699    31.4467        508     2.1125  0.000e+00
     30.815     9.7756   3.441762    31.4501        509     2.1167  0.000e+00
     30.781     9.7728   3.441529    31.4502        510     2.1208  0.000e+00
     30.741     9.7707   3.441951    31.4563        511     2.1250  0.000e+00
     30.707     9.7711   3.442940    31.4660        512     2.1292  0.000e+00
     30.669     9.7765   3.443563    31.4676        513     2.1333  0.000e+00
     30.649     9.7847   3.443676    31.4617        514     2.1375  0.000e+00
     30.626     9.7910   3.443607    31.4555        515     2.1417  0.000e+00
     30.606     9.7941   3.443525    31.4519        516     2.1458  0.000e+00
     30.586     9.7951   3.443273    31.4485        517     2.1500  0.000e+00
     30.568     9.7939   3.442813    31.4449        518     2.1542  0.000e+00
     30.550     9.7908   3.442517    31.4446        519     2.1583  0.000e+00
     30.532     9.7868   3.442266    31.4455        520     2.1625  0.000e+00
     30.513     9.7828   3.442329    31.4497        521     2.1667  0.000e+00
     30.494     9.7806   3.442625    31.4546        522     2.1708  0.000e+00
     30.474     9.7806   3.442858    31.4570        523     2.1750  0.000e+00
     30.451     9.7822   3.443273    31.4598        524     2.1792  0.000e+00
     30.419     9.7855   3.443525    31.4595        525     2.1833  0.000e+00
     30.376     9.7895   3.443676    31.4576        526     2.1875  0.000e+00
     30.338     9.7931   3.443632    31.4540        527     2.1917  0.000e+00
     30.287     9.7952   3.444028    31.4562        528     2.1958  0.000e+00
     30.233     9.7980   3.444324    31.4567        529     2.2000  0.000e+00
     30.177     9.8024   3.445615    31.4661        530     2.2042  0.000e+00
     30.118     9.8136   3.446736    31.4677        531     2.2083  0.000e+00
     30.057     9.8313   3.447631    31.4613        532     2.2125  0.000e+00
     29.990     9.8517   3.448002    31.4473        533     2.2167  0.000e+00
     29.918     9.8682   3.448065    31.4335        534     2.2208  0.000e+00
     29.851     9.8798   3.447983    31.4227        535     2.2250  0.000e+00
     29.787     9.8873   3.447831    31.4146        536     2.2292  0.000e+00
     29.710     9.8914   3.447491    31.4077        537     2.2333  0.000e+00
     29.645     9.8936   3.447674    31.4076        538     2.2375  0.000e+00
     29.576     9.8950   3.447743    31.4071        539     2.2417  0.000e+00
     29.521     9.8958   3.447806    31.4071        540     2.2458  0.000e+00
     29.465     9.8964   3.446080    31.3891        541     2.2500  0.000e+00
     29.421     9.8956   3.446779    31.3969        542     2.2542  0.000e+00
     29.374     9.8950   3.445475    31.3843        543     2.2583  0.000e+00
     29.340     9.8937   3.445154    31.3822        544     2.2625  0.000e+00
     29.304     9.8923   3.444682    31.3786        545     2.2667  0.000e+00
     29.265     9.8907   3.443020    31.3632        546     2.2708  0.000e+00
     29.236     9.8873   3.442302    31.3589        547     2.2750  0.000e+00
     29.197     9.8839   3.442012    31.3590        548     2.2792  0.000e+00
     29.164     9.8813   3.442390    31.3651        549     2.2833  0.000e+00
     29.129     9.8806   3.441660    31.3584        550     2.2875  0.000e+00
     29.085     9.8793   3.439979    31.3425        551     2.2917  0.000e+00
     29.040     9.8745   3.438557    31.3323        552     2.2958  0.000e+00
     28.991     9.8678   3.437978    31.3322        553     2.3000  0.000e+00
     28.935     9.8603   3.436984    31.3287        554     2.3042  0.000e+00
     28.888     9.8538   3.437424    31.3388        555     2.3083  0.000e+00
     28.829     9.8502   3.436254    31.3302        556     2.3125  0.000e+00
     28.775     9.8464   3.437884    31.3500        557     2.3167  0.000e+00
     28.710     9.8474   3.438047    31.3508        558     2.3208  0.000e+00
     28.645     9.8491   3.436273    31.3315        559     2.3250  0.000e+00
     28.586     9.8449   3.429600    31.2676        560     2.3292  0.000e+00
     28.524     9.8263   3.428469    31.2723        561     2.3333  0.000e+00
     28.461     9.8069   3.427055    31.2748        562     2.3375  0.000e+00
     28.407     9.7911   3.425679    31.2746        563     2.3417  0.000e+00
     28.355     9.7778   3.424994    31.2793        564     2.3458  0.000e+00
     28.306     9.7679   3.425157    31.2895        565     2.3500  0.000e+00
     28.261     9.7631   3.424912    31.2913        566     2.3542  0.000e+00
     28.221     9.7607   3.424906    31.2933        567     2.3583  0.000e+00
     28.180     9.7600   3.424824    31.2930        568     2.3625  0.000e+00
     28.141     9.7599   3.424221    31.2871        569     2.3667  0.000e+00
     28.100     9.7592   3.423700    31.2824        570     2.3708  0.000e+00
     28.064     9.7578   3.423530    31.2819        571     2.3750  0.000e+00
     28.020     9.7570   3.424033    31.2877        572     2.3792  0.000e+00
     27.975     9.7587   3.424517    31.2911        573     2.3833  0.000e+00
     27.928     9.7636   3.424680    31.2886        574     2.3875  0.000e+00
     27.875     9.7709   3.424661    31.2821        575     2.3917  0.000e+00
     27.819     9.7782   3.425132    31.2806        576     2.3958  0.000e+00
     27.760     9.7861   3.425119    31.2736        577     2.4000  0.000e+00
     27.694     9.7926   3.425415    31.2710        578     2.4042  0.000e+00
     27.633     9.7976   3.425534    31.2679        579     2.4083  0.000e+00
     27.568     9.8019   3.426099    31.2699        580     2.4125  0.000e+00
     27.504     9.8075   3.426294    31.2670        581     2.4167  0.000e+00
     27.448     9.8126   3.426828    31.2681        582     2.4208  0.000e+00
     27.391     9.8186   3.427589    31.2706        583     2.4250  0.000e+00
     27.351     9.8271   3.427702    31.2643        584     2.4292  0.000e+00
     27.308     9.8331   3.427702    31.2592        585     2.4333  0.000e+00
     27.279     9.8371   3.428028    31.2590        586     2.4375  0.000e+00
     27.258     9.8407   3.427890    31.2545        587     2.4417  0.000e+00
     27.237     9.8429   3.428016    31.2539        588     2.4458  0.000e+00
     27.220     9.8447   3.428072    31.2529        589     2.4500  0.000e+00
     27.189     9.8457   3.428122    31.2525        590     2.4542  0.000e+00
     27.140     9.8472   3.429235    31.2625        591     2.4583  0.000e+00
     27.086     9.8543   3.430128    31.2654        592     2.4625  0.000e+00
     27.016     9.8653   3.430939    31.2641        593     2.4667  0.000e+00
     26.946     9.8779   3.431944    31.2634        594     2.4708  0.000e+00
     26.862     9.8914   3.433114    31.2635        595     2.4750  0.000e+00
     26.774     9.9066   3.433749    31.2569        596     2.4792  0.000e+00
     26.680     9.9198   3.434114    31.2491        597     2.4833  0.000e+00
     26.586     9.9304   3.435120    31.2501        598     2.4875  0.000e+00
     26.486     9.9415   3.436013    31.2496        599     2.4917  0.000e+00
     26.377     9.9523   3.435831    31.2385        600     2.4958  0.000e+00
     26.271     9.9593   3.435981    31.2340        601     2.5000  0.000e+00
     26.164     9.9636   3.436409    31.2346        602     2.5042  0.000e+00
     26.059     9.9680   3.436440    31.2311        603     2.5083  0.000e+00
     25.955     9.9715   3.436610    31.2299        604     2.5125  0.000e+00
     25.853     9.9740   3.437070    31.2325        605     2.5167  0.000e+00
     25.759     9.9777   3.437151    31.2300        606     2.5208  0.000e+00
     25.662     9.9812   3.437227    31.2279        607     2.5250  0.000e+00
     25.573     9.9831   3.437025    31.2242        608     2.5292  0.000e+00
     25.498     9.9837   3.437044    31.2240        609     2.5333  0.000e+00
     25.420     9.9837   3.437006    31.2236        610     2.5375  0.000e+00
     25.348     9.9835   3.436918    31.2229        611     2.5417  0.000e+00
     25.283     9.9832   3.436943    31.2234        612     2.5458  0.000e+00
     25.225     9.9832   3.437289    31.2270        613     2.5500  0.000e+00
     25.168     9.9848   3.437466    31.2273        614     2.5542  0.000e+00
     25.106     9.9874   3.437799    31.2285        615     2.5583  0.000e+00
     25.049     9.9914   3.437969    31.2268        616     2.5625  0.000e+00
     24.989     9.9949   3.437925    31.2233        617     2.5667  0.000e+00
     24.928     9.9973   3.437931    31.2214        618     2.5708  0.000e+00
     24.868     9.9985   3.437944    31.2205        619     2.5750  0.000e+00
     24.797     9.9990   3.437906    31.2197        620     2.5792  0.000e+00
     24.737     9.9998   3.437843    31.2184        621     2.5833  0.000e+00
     24.663     9.9995   3.437692    31.2172        622     2.5875  0.000e+00
     24.596     9.9988   3.437736    31.2183        623     2.5917  0.000e+00
     24.531     9.9981   3.437881    31.2203        624     2.5958  0.000e+00
     24.469     9.9994   3.437969    31.2201        625     2.6000  0.000e+00
