HB2403/sbe025.cnv
* Sea-Bird SBE 19plus V2 Data File:
* FileName = C:\cruise\data\sbe025.hex
* Software Version Seasave V 7.26.7.121
* Temperature SN = 6128
* Conductivity SN = 6128
* System UpLoad Time = Jun 03 2024 16:14:59
* NMEA Latitude = 41 22.82 N
* NMEA Longitude = 071 04.37 W
* NMEA UTC (Time) = Jun 03 2024  16:15:29
** Ship: Henry Bigelow
** Cruise:  HB2403
** Program:  ECOMON
# nquan = 7
# nvalues = 1618                                  
# units = specified
# name 0 = depSM: Depth [salt water, m]
# name 1 = tv290C: Temperature [ITS-90, deg C]
# name 2 = c0S/m: Conductivity [S/m]
# name 3 = sal00: Salinity, Practical [PSU]
# name 4 = scan: Scan Count
# name 5 = timeM: Time, Elapsed [minutes]
# name 6 = flag:  0.000e+00
# span 0 =     -0.126,     18.782                 
# span 1 =    13.2067,    23.1044                 
# span 2 =  -0.000017,   3.950202                 
# span 3 =     0.0000,    31.3851                 
# span 4 =         11,       1628                 
# span 5 =     0.0417,     6.7792                 
# span 6 = 0.0000e+00, 0.0000e+00                 
# interval = seconds: 0.25
# start_time = Jun 03 2024 16:15:29 [NMEA time, header]
# bad_flag = -9.990e-29
*END*
[from data line 821]
     16.760    13.3140   3.710593    31.0813        832     3.4625  0.000e+00
     16.722    13.3160   3.710665    31.0803        833     3.4667  0.000e+00
     16.680    13.3178   3.710755    31.0797        834     3.4708  0.000e+00
     16.644    13.3195   3.710866    31.0794        835     3.4750  0.000e+00
     16.608    13.3208   3.710729    31.0771        836     3.4792  0.000e+00
     16.568    13.3212   3.710918    31.0785        837     3.4833  0.000e+00
     16.541    13.3216   3.710969    31.0787        838     3.4875  0.000e+00
     16.502    13.3227   3.711099    31.0790        839     3.4917  0.000e+00
     16.473    13.3238   3.711190    31.0790        840     3.4958  0.000e+00
     16.431    13.3250   3.711235    31.0784        841     3.5000  0.000e+00
     16.391    13.3261   3.711365    31.0788        842     3.5042  0.000e+00
     16.350    13.3275   3.711462    31.0785        843     3.5083  0.000e+00
     16.304    13.3285   3.711508    31.0781        844     3.5125  0.000e+00
     16.266    13.3295   3.711540    31.0776        845     3.5167  0.000e+00
     16.225    13.3301   3.711670    31.0784        846     3.5208  0.000e+00
     16.188    13.3312   3.711741    31.0781        847     3.5250  0.000e+00
     16.149    13.3321   3.711715    31.0772        848     3.5292  0.000e+00
     16.111    13.3328   3.711780    31.0773        849     3.5333  0.000e+00
     16.081    13.3333   3.711761    31.0767        850     3.5375  0.000e+00
     16.052    13.3337   3.711806    31.0768        851     3.5417  0.000e+00
     16.028    13.3342   3.711825    31.0765        852     3.5458  0.000e+00
     16.007    13.3344   3.711832    31.0764        853     3.5500  0.000e+00
     15.990    13.3346   3.711832    31.0763        854     3.5542  0.000e+00
     15.970    13.3348   3.711968    31.0774        855     3.5583  0.000e+00
     15.957    13.3352   3.711955    31.0770        856     3.5625  0.000e+00
     15.943    13.3357   3.711968    31.0767        857     3.5667  0.000e+00
     15.929    13.3362   3.711994    31.0766        858     3.5708  0.000e+00
     15.914    13.3364   3.712020    31.0766        859     3.5750  0.000e+00
     15.889    13.3367   3.712039    31.0766        860     3.5792  0.000e+00
     15.863    13.3371   3.712130    31.0771        861     3.5833  0.000e+00
     15.836    13.3377   3.712169    31.0770        862     3.5875  0.000e+00
     15.807    13.3382   3.712266    31.0775        863     3.5917  0.000e+00
     15.777    13.3391   3.712312    31.0772        864     3.5958  0.000e+00
     15.740    13.3398   3.712338    31.0769        865     3.6000  0.000e+00
     15.708    13.3405   3.712370    31.0766        866     3.6042  0.000e+00
     15.664    13.3411   3.712448    31.0768        867     3.6083  0.000e+00
     15.624    13.3418   3.712448    31.0763        868     3.6125  0.000e+00
     15.588    13.3424   3.712649    31.0777        869     3.6167  0.000e+00
     15.554    13.3433   3.712746    31.0779        870     3.6208  0.000e+00
     15.518    13.3444   3.713136    31.0806        871     3.6250  0.000e+00
     15.492    13.3471   3.713324    31.0802        872     3.6292  0.000e+00
     15.472    13.3496   3.713239    31.0774        873     3.6333  0.000e+00
     15.452    13.3510   3.713414    31.0778        874     3.6375  0.000e+00
     15.437    13.3522   3.713479    31.0776        875     3.6417  0.000e+00
     15.418    13.3536   3.713590    31.0774        876     3.6458  0.000e+00
     15.393    13.3551   3.713823    31.0784        877     3.6500  0.000e+00
     15.356    13.3566   3.713479    31.0740        878     3.6542  0.000e+00
     15.328    13.3569   3.713804    31.0767        879     3.6583  0.000e+00
     15.286    13.3576   3.713940    31.0774        880     3.6625  0.000e+00
     15.239    13.3589   3.713985    31.0768        881     3.6667  0.000e+00
     15.188    13.3600   3.714076    31.0768        882     3.6708  0.000e+00
     15.130    13.3612   3.714134    31.0764        883     3.6750  0.000e+00
     15.067    13.3623   3.714401    31.0780        884     3.6792  0.000e+00
     15.015    13.3641   3.714167    31.0744        885     3.6833  0.000e+00
     14.950    13.3645   3.714160    31.0740        886     3.6875  0.000e+00
     14.883    13.3644   3.714374    31.0761        887     3.6917  0.000e+00
     14.819    13.3652   3.714374    31.0755        888     3.6958  0.000e+00
     14.758    13.3658   3.714582    31.0769        889     3.7000  0.000e+00
     14.702    13.3673   3.714725    31.0771        890     3.7042  0.000e+00
     14.651    13.3688   3.714582    31.0745        891     3.7083  0.000e+00
     14.612    13.3695   3.714744    31.0755        892     3.7125  0.000e+00
     14.565    13.3700   3.714420    31.0721        893     3.7167  0.000e+00
     14.532    13.3693   3.714212    31.0707        894     3.7208  0.000e+00
     14.497    13.3686   3.714491    31.0739        895     3.7250  0.000e+00
     14.470    13.3687   3.714556    31.0744        896     3.7292  0.000e+00
     14.441    13.3690   3.714640    31.0750        897     3.7333  0.000e+00
     14.418    13.3694   3.714744    31.0756        898     3.7375  0.000e+00
     14.391    13.3704   3.714764    31.0750        899     3.7417  0.000e+00
     14.368    13.3713   3.714790    31.0746        900     3.7458  0.000e+00
     14.335    13.3718   3.714835    31.0745        901     3.7500  0.000e+00
     14.298    13.3724   3.714835    31.0741        902     3.7542  0.000e+00
     14.256    13.3727   3.714640    31.0720        903     3.7583  0.000e+00
     14.207    13.3722   3.714329    31.0696        904     3.7625  0.000e+00
     14.155    13.3702   3.714400    31.0719        905     3.7667  0.000e+00
     14.108    13.3693   3.714192    31.0708        906     3.7708  0.000e+00
     14.052    13.3675   3.714160    31.0719        907     3.7750  0.000e+00
     14.002    13.3662   3.714446    31.0756        908     3.7792  0.000e+00
     13.954    13.3664   3.714556    31.0765        909     3.7833  0.000e+00
     13.905    13.3676   3.714640    31.0763        910     3.7875  0.000e+00
     13.864    13.3688   3.714627    31.0752        911     3.7917  0.000e+00
     13.829    13.3694   3.714789    31.0763        912     3.7958  0.000e+00
     13.795    13.3707   3.714809    31.0754        913     3.8000  0.000e+00
     13.770    13.3715   3.714705    31.0738        914     3.8042  0.000e+00
     13.743    13.3718   3.714653    31.0731        915     3.8083  0.000e+00
     13.717    13.3714   3.714672    31.0736        916     3.8125  0.000e+00
     13.694    13.3712   3.714705    31.0741        917     3.8167  0.000e+00
     13.670    13.3714   3.714718    31.0741        918     3.8208  0.000e+00
     13.642    13.3718   3.714763    31.0742        919     3.8250  0.000e+00
     13.617    13.3722   3.714770    31.0739        920     3.8292  0.000e+00
     13.581    13.3724   3.714835    31.0744        921     3.8333  0.000e+00
     13.545    13.3727   3.714854    31.0743        922     3.8375  0.000e+00
     13.509    13.3731   3.714880    31.0742        923     3.8417  0.000e+00
     13.467    13.3734   3.714770    31.0730        924     3.8458  0.000e+00
     13.425    13.3733   3.714835    31.0737        925     3.8500  0.000e+00
     13.384    13.3734   3.714899    31.0742        926     3.8542  0.000e+00
     13.343    13.3737   3.714899    31.0740        927     3.8583  0.000e+00
     13.299    13.3743   3.714925    31.0738        928     3.8625  0.000e+00
     13.256    13.3746   3.714951    31.0738        929     3.8667  0.000e+00
     13.212    13.3749   3.714945    31.0735        930     3.8708  0.000e+00
     13.175    13.3747   3.714899    31.0732        931     3.8750  0.000e+00
     13.139    13.3747   3.714880    31.0731        932     3.8792  0.000e+00
     13.106    13.3746   3.714899    31.0734        933     3.8833  0.000e+00
     13.074    13.3745   3.714770    31.0723        934     3.8875  0.000e+00
     13.045    13.3742   3.714899    31.0737        935     3.8917  0.000e+00
     13.024    13.3743   3.714925    31.0739        936     3.8958  0.000e+00
     13.002    13.3747   3.714919    31.0735        937     3.9000  0.000e+00
     12.980    13.3748   3.714925    31.0735        938     3.9042  0.000e+00
     12.966    13.3748   3.714880    31.0731        939     3.9083  0.000e+00
     12.949    13.3748   3.714763    31.0720        940     3.9125  0.000e+00
     12.929    13.3747   3.714919    31.0736        941     3.9167  0.000e+00
     12.909    13.3745   3.714899    31.0735        942     3.9208  0.000e+00
     12.886    13.3748   3.714951    31.0738        943     3.9250  0.000e+00
     12.851    13.3752   3.714945    31.0734        944     3.9292  0.000e+00
     12.815    13.3753   3.714834    31.0723        945     3.9333  0.000e+00
     12.780    13.3748   3.714951    31.0738        946     3.9375  0.000e+00
     12.740    13.3749   3.714945    31.0737        947     3.9417  0.000e+00
     12.701    13.3751   3.714951    31.0736        948     3.9458  0.000e+00
     12.667    13.3754   3.714951    31.0733        949     3.9500  0.000e+00
     12.658    13.3756   3.714951    31.0732        950     3.9542  0.000e+00
     12.647    13.3756   3.714964    31.0733        951     3.9583  0.000e+00
     12.644    13.3757   3.714951    31.0731        952     3.9625  0.000e+00
     12.637    13.3757   3.714971    31.0733        953     3.9667  0.000e+00
     12.637    13.3758   3.714990    31.0734        954     3.9708  0.000e+00
     12.635    13.3758   3.714996    31.0734        955     3.9750  0.000e+00
     12.640    13.3762   3.714996    31.0731        956     3.9792  0.000e+00
     12.639    13.3761   3.714996    31.0733        957     3.9833  0.000e+00
     12.648    13.3762   3.715009    31.0733        958     3.9875  0.000e+00
     12.647    13.3763   3.714996    31.0730        959     3.9917  0.000e+00
     12.653    13.3764   3.714996    31.0730        960     3.9958  0.000e+00
     12.655    13.3763   3.715009    31.0732        961     4.0000  0.000e+00
     12.660    13.3763   3.714996    31.0731        962     4.0042  0.000e+00
     12.667    13.3763   3.714997    31.0731        963     4.0083  0.000e+00
     12.678    13.3763   3.715009    31.0731        964     4.0125  0.000e+00
     12.684    13.3765   3.715016    31.0731        965     4.0167  0.000e+00
     12.693    13.3765   3.715016    31.0730        966     4.0208  0.000e+00
     12.700    13.3764   3.714971    31.0727        967     4.0250  0.000e+00
     12.704    13.3764   3.715009    31.0731        968     4.0292  0.000e+00
     12.710    13.3763   3.715016    31.0732        969     4.0333  0.000e+00
     12.715    13.3765   3.715042    31.0733        970     4.0375  0.000e+00
     12.715    13.3765   3.715029    31.0732        971     4.0417  0.000e+00
     12.717    13.3765   3.715042    31.0733        972     4.0458  0.000e+00
     12.720    13.3764   3.715016    31.0731        973     4.0500  0.000e+00
     12.720    13.3765   3.715009    31.0730        974     4.0542  0.000e+00
     12.718    13.3765   3.715016    31.0731        975     4.0583  0.000e+00
     12.716    13.3765   3.714997    31.0729        976     4.0625  0.000e+00
     12.707    13.3764   3.715016    31.0731        977     4.0667  0.000e+00
     12.704    13.3763   3.715009    31.0732        978     4.0708  0.000e+00
     12.689    13.3763   3.714971    31.0728        979     4.0750  0.000e+00
     12.671    13.3763   3.714997    31.0731        980     4.0792  0.000e+00
     12.655    13.3760   3.714990    31.0733        981     4.0833  0.000e+00
     12.637    13.3758   3.714996    31.0734        982     4.0875  0.000e+00
     12.622    13.3758   3.714951    31.0730        983     4.0917  0.000e+00
     12.604    13.3759   3.714971    31.0731        984     4.0958  0.000e+00
     12.586    13.3758   3.714964    31.0731        985     4.1000  0.000e+00
     12.573    13.3758   3.714971    31.0733        986     4.1042  0.000e+00
     12.561    13.3758   3.714971    31.0732        987     4.1083  0.000e+00
     12.546    13.3759   3.714964    31.0731        988     4.1125  0.000e+00
     12.541    13.3759   3.714951    31.0730        989     4.1167  0.000e+00
     12.530    13.3756   3.714971    31.0734        990     4.1208  0.000e+00
     12.521    13.3758   3.714990    31.0734        991     4.1250  0.000e+00
     12.512    13.3759   3.714996    31.0734        992     4.1292  0.000e+00
     12.501    13.3759   3.714996    31.0734        993     4.1333  0.000e+00
     12.483    13.3761   3.715042    31.0737        994     4.1375  0.000e+00
     12.476    13.3764   3.715029    31.0733        995     4.1417  0.000e+00
     12.456    13.3765   3.715061    31.0735        996     4.1458  0.000e+00
     12.436    13.3767   3.715061    31.0734        997     4.1500  0.000e+00
     12.418    13.3769   3.715055    31.0732        998     4.1542  0.000e+00
     12.400    13.3768   3.715042    31.0732        999     4.1583  0.000e+00
     12.382    13.3770   3.715016    31.0727       1000     4.1625  0.000e+00
     12.358    13.3770   3.714990    31.0725       1001     4.1667  0.000e+00
     12.338    13.3766   3.714970    31.0727       1002     4.1708  0.000e+00
     12.309    13.3765   3.715016    31.0732       1003     4.1750  0.000e+00
     12.289    13.3765   3.714996    31.0731       1004     4.1792  0.000e+00
     12.264    13.3765   3.714990    31.0730       1005     4.1833  0.000e+00
     12.250    13.3765   3.714996    31.0731       1006     4.1875  0.000e+00
     12.228    13.3765   3.714996    31.0730       1007     4.1917  0.000e+00
     12.213    13.3767   3.715029    31.0732       1008     4.1958  0.000e+00
     12.196    13.3767   3.715042    31.0733       1009     4.2000  0.000e+00
     12.186    13.3770   3.715016    31.0729       1010     4.2042  0.000e+00
     12.184    13.3770   3.714996    31.0726       1011     4.2083  0.000e+00
     12.177    13.3769   3.714964    31.0725       1012     4.2125  0.000e+00
     12.166    13.3767   3.714925    31.0722       1013     4.2167  0.000e+00
     12.158    13.3765   3.714970    31.0728       1014     4.2208  0.000e+00
     12.148    13.3765   3.714964    31.0728       1015     4.2250  0.000e+00
     12.131    13.3765   3.714970    31.0729       1016     4.2292  0.000e+00
     12.111    13.3764   3.714996    31.0732       1017     4.2333  0.000e+00
     12.095    13.3767   3.715009    31.0731       1018     4.2375  0.000e+00
     12.073    13.3767   3.715016    31.0731       1019     4.2417  0.000e+00
     12.045    13.3766   3.715042    31.0735       1020     4.2458  0.000e+00
     12.020    13.3767   3.715042    31.0734       1021     4.2500  0.000e+00
     11.987    13.3768   3.715009    31.0730       1022     4.2542  0.000e+00
     11.965    13.3769   3.715016    31.0730       1023     4.2583  0.000e+00
     11.933    13.3769   3.715061    31.0735       1024     4.2625  0.000e+00
     11.915    13.3770   3.715055    31.0733       1025     4.2667  0.000e+00
     11.893    13.3773   3.715042    31.0730       1026     4.2708  0.000e+00
     11.868    13.3774   3.715042    31.0728       1027     4.2750  0.000e+00
     11.849    13.3775   3.715029    31.0727       1028     4.2792  0.000e+00
     11.832    13.3774   3.715042    31.0729       1029     4.2833  0.000e+00
     11.815    13.3774   3.715087    31.0733       1030     4.2875  0.000e+00
     11.799    13.3775   3.715106    31.0734       1031     4.2917  0.000e+00
     11.779    13.3777   3.715119    31.0734       1032     4.2958  0.000e+00
     11.754    13.3779   3.715106    31.0731       1033     4.3000  0.000e+00
     11.729    13.3779   3.715132    31.0734       1034     4.3042  0.000e+00
     11.706    13.3781   3.715139    31.0733       1035     4.3083  0.000e+00
