HB2403/sbe079.cnv
* Sea-Bird SBE 19plus V2 Data File:
* FileName = C:\cruise\data\sbe079.hex
* Software Version Seasave V 7.26.7.121
* Temperature SN = 6128
* Conductivity SN = 6128
* System UpLoad Time = Jun 08 2024 12:19:44
* NMEA Latitude = 41 14.60 N
* NMEA Longitude = 067 18.52 W
* NMEA UTC (Time) = Jun 08 2024  12:20:19
** Ship: Henry Bigelow
** Cruise:  HB2403
** Program:  ECOMON
# nquan = 7
# nvalues = 1292                                  
# units = specified
# name 0 = depSM: Depth [salt water, m]
# name 1 = tv290C: Temperature [ITS-90, deg C]
# name 2 = c0S/m: Conductivity [S/m]
# name 3 = sal00: Salinity, Practical [PSU]
# name 4 = scan: Scan Count
# name 5 = timeM: Time, Elapsed [minutes]
# name 6 = flag:  0.000e+00
# span 0 =     -0.042,     45.714                 
# span 1 =     9.8010,    11.4001                 
# span 2 =   0.000120,   3.629699                 
# span 3 =     0.0061,    32.6365                 
# span 4 =         11,       1302                 
# span 5 =     0.0417,     5.4208                 
# span 6 = 0.0000e+00, 0.0000e+00                 
# interval = seconds: 0.25
# start_time = Jun 08 2024 12:20:19 [NMEA time, header]
# bad_flag = -9.990e-29
*END*
[from data line 1231]
      2.965     9.8124   3.489855    31.9178       1242     5.1708  0.000e+00
      2.953     9.8147   3.489614    31.9133       1243     5.1750  0.000e+00
      2.940     9.8155   3.489621    31.9127       1244     5.1792  0.000e+00
      2.918     9.8159   3.489709    31.9132       1245     5.1833  0.000e+00
      2.880     9.8164   3.490279    31.9186       1246     5.1875  0.000e+00
      2.808     9.8187   3.490691    31.9208       1247     5.1917  0.000e+00
      2.716     9.8219   3.489665    31.9076       1248     5.1958  0.000e+00
      2.609     9.8215   3.490279    31.9142       1249     5.2000  0.000e+00
      2.505     9.8216   3.490152    31.9129       1250     5.2042  0.000e+00
      2.418     9.8222   3.490064    31.9115       1251     5.2083  0.000e+00
      2.346     9.8220   3.490412    31.9152       1252     5.2125  0.000e+00
      2.301     9.8227   3.490773    31.9183       1253     5.2167  0.000e+00
      2.272     9.8258   3.490962    31.9175       1254     5.2208  0.000e+00
      2.277     9.8284   3.491159    31.9172       1255     5.2250  0.000e+00
      2.297     9.8311   3.491583    31.9191       1256     5.2292  0.000e+00
      2.319     9.8342   3.491627    31.9168       1257     5.2333  0.000e+00
      2.344     9.8365   3.491627    31.9147       1258     5.2375  0.000e+00
      2.378     9.8379   3.491602    31.9132       1259     5.2417  0.000e+00
      2.393     9.8383   3.491545    31.9122       1260     5.2458  0.000e+00
      2.366     9.8387   3.491564    31.9121       1261     5.2500  0.000e+00
      2.308     9.8388   3.491925    31.9157       1262     5.2542  0.000e+00
      2.216     9.8400   3.491773    31.9131       1263     5.2583  0.000e+00
      2.115     9.8410   3.491792    31.9125       1264     5.2625  0.000e+00
      1.997     9.8412   3.491861    31.9131       1265     5.2667  0.000e+00
      1.894     9.8416   3.491728    31.9115       1266     5.2708  0.000e+00
      1.806     9.8417   3.491709    31.9112       1267     5.2750  0.000e+00
      1.734     9.8416   3.491652    31.9108       1268     5.2792  0.000e+00
      1.680     9.8409   3.491627    31.9111       1269     5.2833  0.000e+00
      1.645     9.8406   3.491646    31.9116       1270     5.2875  0.000e+00
      1.620     9.8405   3.491709    31.9123       1271     5.2917  0.000e+00
      1.593     9.8404   3.491747    31.9128       1272     5.2958  0.000e+00
      1.546     9.8408   3.491709    31.9121       1273     5.3000  0.000e+00
      1.504     9.8409   3.491690    31.9118       1274     5.3042  0.000e+00
      1.486     9.8408   3.491709    31.9121       1275     5.3083  0.000e+00
      1.490     9.8408   3.491753    31.9125       1276     5.3125  0.000e+00
      1.493     9.8411   3.491766    31.9125       1277     5.3167  0.000e+00
      1.480     9.8414   3.491943    31.9140       1278     5.3208  0.000e+00
      1.453     9.8424   3.492133    31.9150       1279     5.3250  0.000e+00
      1.413     9.8435   3.492178    31.9145       1280     5.3292  0.000e+00
      1.368     9.8448   3.492216    31.9137       1281     5.3333  0.000e+00
      1.290     9.8458   3.492475    31.9156       1282     5.3375  0.000e+00
      1.202     9.8472   3.492608    31.9157       1283     5.3417  0.000e+00
      1.119     9.8489   3.491627    31.9042       1284     5.3458  0.000e+00
      1.037     9.8502   3.492576    31.9128       1285     5.3500  0.000e+00
      0.967     9.8509   3.492538    31.9119       1286     5.3542  0.000e+00
      0.895     9.8509   3.492538    31.9119       1287     5.3583  0.000e+00
      0.821     9.8512   3.492646    31.9127       1288     5.3625  0.000e+00
      0.745     9.8514   3.492532    31.9114       1289     5.3667  0.000e+00
      0.615     9.8514   3.492842    31.9146       1290     5.3708  0.000e+00
      0.465     9.8522   3.492753    31.9130       1291     5.3750  0.000e+00
      0.305     9.8530   3.492690    31.9118       1292     5.3792  0.000e+00
      0.209     9.8535   3.493456    31.9192       1293     5.3833  0.000e+00
      0.225     9.8558   3.493405    31.9166       1294     5.3875  0.000e+00
      0.265     9.8583   3.493481    31.9151       1295     5.3917  0.000e+00
      0.319     9.8602   3.493545    31.9141       1296     5.3958  0.000e+00
      0.463     9.8613   3.493418    31.9118       1297     5.4000  0.000e+00
      0.622     9.8616   3.493228    31.9094       1298     5.4042  0.000e+00
      0.734     9.8609   3.493203    31.9098       1299     5.4083  0.000e+00
      0.828     9.8601   3.493114    31.9096       1300     5.4125  0.000e+00
      0.922     9.8588   3.492734    31.9068       1301     5.4167  0.000e+00
      0.990     9.8573   3.492640    31.9072       1302     5.4208  0.000e+00
