HB2403/sbe074.cnv
* Sea-Bird SBE 19plus V2 Data File:
* FileName = C:\cruise\data\sbe074.hex
* Software Version Seasave V 7.26.7.121
* Temperature SN = 6128
* Conductivity SN = 6128
* System UpLoad Time = Jun 08 2024 06:35:54
* NMEA Latitude = 41 16.92 N
* NMEA Longitude = 066 16.92 W
* NMEA UTC (Time) = Jun 08 2024  06:36:29
** Ship: Henry Bigelow
** Cruise:  HB2403
** Program:  ECOMON
# nquan = 7
# nvalues = 1225                                  
# units = specified
# name 0 = depSM: Depth [salt water, m]
# name 1 = tv290C: Temperature [ITS-90, deg C]
# name 2 = c0S/m: Conductivity [S/m]
# name 3 = sal00: Salinity, Practical [PSU]
# name 4 = scan: Scan Count
# name 5 = timeM: Time, Elapsed [minutes]
# name 6 = flag:  0.000e+00
# span 0 =     -0.214,    110.500                 
# span 1 =     6.4864,    10.9089                 
# span 2 =   0.009232,   3.811436                 
# span 3 =     0.0606,    34.5866                 
# span 4 =         11,       1235                 
# span 5 =     0.0417,     5.1417                 
# span 6 = 0.0000e+00, 0.0000e+00                 
# interval = seconds: 0.25
# start_time = Jun 08 2024 06:36:29 [NMEA time, header]
# bad_flag = -9.990e-29
*END*
[from data line 411]
     71.579     6.5468   3.274159    32.6049        422     1.7542  0.000e+00
     71.701     6.5586   3.278519    32.6417        423     1.7583  0.000e+00
     71.820     6.5766   3.280879    32.6505        424     1.7625  0.000e+00
     71.956     6.5947   3.281546    32.6406        425     1.7667  0.000e+00
     72.097     6.6091   3.282423    32.6364        426     1.7708  0.000e+00
     72.258     6.6195   3.282862    32.6312        427     1.7750  0.000e+00
     72.446     6.6275   3.282361    32.6181        428     1.7792  0.000e+00
     72.654     6.6319   3.282528    32.6156        429     1.7833  0.000e+00
     72.879     6.6341   3.282652    32.6148        430     1.7875  0.000e+00
     73.132     6.6352   3.283876    32.6271        431     1.7917  0.000e+00
     73.394     6.6368   3.284827    32.6359        432     1.7958  0.000e+00
     73.667     6.6393   3.285792    32.6440        433     1.8000  0.000e+00
     73.945     6.6429   3.287511    32.6593        434     1.8042  0.000e+00
     74.224     6.6482   3.289205    32.6729        435     1.8083  0.000e+00
     74.502     6.6552   3.291259    32.6886        436     1.8125  0.000e+00
     74.764     6.6642   3.293814    32.7080        437     1.8167  0.000e+00
     75.009     6.6748   3.295262    32.7137        438     1.8208  0.000e+00
     75.233     6.6857   3.297614    32.7291        439     1.8250  0.000e+00
     75.420     6.6972   3.301775    32.7638        440     1.8292  0.000e+00
     75.577     6.7135   3.304588    32.7791        441     1.8333  0.000e+00
     75.714     6.7314   3.307234    32.7911        442     1.8375  0.000e+00
     75.835     6.7496   3.310965    32.8146        443     1.8417  0.000e+00
     75.954     6.7691   3.313905    32.8282        444     1.8458  0.000e+00
     76.066     6.7882   3.316225    32.8353        445     1.8500  0.000e+00
     76.185     6.8051   3.316349    32.8205        446     1.8542  0.000e+00
     76.325     6.8168   3.316454    32.8104        447     1.8583  0.000e+00
     76.476     6.8240   3.315883    32.7972        448     1.8625  0.000e+00
     76.653     6.8275   3.316138    32.7966        449     1.8667  0.000e+00
     76.857     6.8297   3.316957    32.8033        450     1.8708  0.000e+00
     77.086     6.8323   3.317348    32.8050        451     1.8750  0.000e+00
     77.337     6.8357   3.319247    32.8224        452     1.8792  0.000e+00
     77.598     6.8419   3.321481    32.8409        453     1.8833  0.000e+00
     77.874     6.8511   3.322891    32.8475        454     1.8875  0.000e+00
     78.159     6.8609   3.323828    32.8482        455     1.8917  0.000e+00
     78.439     6.8697   3.325350    32.8564        456     1.8958  0.000e+00
     78.720     6.8786   3.326220    32.8573        457     1.9000  0.000e+00
     78.980     6.8866   3.327158    32.8597        458     1.9042  0.000e+00
     79.216     6.8937   3.327505    32.8567        459     1.9083  0.000e+00
     79.410     6.8992   3.328176    32.8587        460     1.9125  0.000e+00
     79.570     6.9037   3.328661    32.8595        461     1.9167  0.000e+00
     79.694     6.9079   3.329121    32.8605        462     1.9208  0.000e+00
     79.790     6.9116   3.328767    32.8531        463     1.9250  0.000e+00
     79.871     6.9129   3.327201    32.8347        464     1.9292  0.000e+00
     79.951     6.9099   3.327369    32.8394        465     1.9333  0.000e+00
     80.025     6.9074   3.328090    32.8495        466     1.9375  0.000e+00
     80.102     6.9073   3.328270    32.8516        467     1.9417  0.000e+00
     80.196     6.9084   3.328344    32.8513        468     1.9458  0.000e+00
     80.313     6.9096   3.329090    32.8582        469     1.9500  0.000e+00
     80.459     6.9124   3.329885    32.8642        470     1.9542  0.000e+00
     80.644     6.9164   3.330320    32.8651        471     1.9583  0.000e+00
     80.867     6.9207   3.331806    32.8771        472     1.9625  0.000e+00
     81.112     6.9264   3.334150    32.8972        473     1.9667  0.000e+00
     81.387     6.9371   3.340537    32.9568        474     1.9708  0.000e+00
     81.688     6.9579   3.342672    32.9600        475     1.9750  0.000e+00
     82.007     6.9802   3.343207    32.9444        476     1.9792  0.000e+00
     82.338     6.9968   3.345591    32.9544        477     1.9833  0.000e+00
     82.678     7.0121   3.347733    32.9630        478     1.9875  0.000e+00
     83.025     7.0277   3.351158    32.9854        479     1.9917  0.000e+00
     83.366     7.0462   3.354373    33.0025        480     1.9958  0.000e+00
     83.675     7.0681   3.357795    33.0188        481     2.0000  0.000e+00
     83.968     7.0929   3.364831    33.0716        482     2.0042  0.000e+00
     84.228     7.1284   3.372615    33.1224        483     2.0083  0.000e+00
     84.467     7.1737   3.376519    33.1213        484     2.0125  0.000e+00
     84.668     7.2176   3.378937    33.1054        485     2.0167  0.000e+00
     84.830     7.2522   3.383500    33.1218        486     2.0208  0.000e+00
     84.972     7.2872   3.390369    33.1628        487     2.0250  0.000e+00
     85.091     7.3281   3.397224    33.1980        488     2.0292  0.000e+00
     85.200     7.3764   3.400368    33.1857        489     2.0333  0.000e+00
     85.279     7.4217   3.416335    33.3151        490     2.0375  0.000e+00
     85.346     7.4926   3.423486    33.3244        491     2.0417  0.000e+00
     85.393     7.5695   3.428664    33.3065        492     2.0458  0.000e+00
     85.437     7.6335   3.430983    33.2702        493     2.0500  0.000e+00
     85.486     7.6814   3.431919    33.2345        494     2.0542  0.000e+00
     85.540     7.7141   3.432403    33.2085        495     2.0583  0.000e+00
     85.595     7.7346   3.432296    33.1878        496     2.0625  0.000e+00
     85.666     7.7461   3.432573    33.1798        497     2.0667  0.000e+00
     85.762     7.7531   3.433283    33.1807        498     2.0708  0.000e+00
     85.881     7.7589   3.433591    33.1784        499     2.0750  0.000e+00
     86.033     7.7634   3.434139    33.1799        500     2.0792  0.000e+00
     86.210     7.7676   3.435938    33.1952        501     2.0833  0.000e+00
     86.421     7.7755   3.438750    33.2177        502     2.0875  0.000e+00
     86.650     7.7885   3.442898    33.2498        503     2.0917  0.000e+00
     86.919     7.8091   3.448737    33.2926        504     2.0958  0.000e+00
     87.214     7.8404   3.453249    33.3109        505     2.1000  0.000e+00
     87.526     7.8767   3.459921    33.3476        506     2.1042  0.000e+00
     87.846     7.9188   3.464962    33.3612        507     2.1083  0.000e+00
     88.169     7.9611   3.467487    33.3477        508     2.1125  0.000e+00
     88.504     7.9953   3.472268    33.3660        509     2.1167  0.000e+00
     88.836     8.0289   3.477803    33.3928        510     2.1208  0.000e+00
     89.149     8.0640   3.482817    33.4128        511     2.1250  0.000e+00
     89.439     8.0997   3.488650    33.4407        512     2.1292  0.000e+00
     89.694     8.1363   3.494215    33.4649        513     2.1333  0.000e+00
     89.915     8.1738   3.497477    33.4637        514     2.1375  0.000e+00
     90.086     8.2045   3.496495    33.4240        515     2.1417  0.000e+00
     90.232     8.2223   3.498129    33.4243        516     2.1458  0.000e+00
     90.357     8.2333   3.501779    33.4526        517     2.1500  0.000e+00
     90.465     8.2419   3.504302    33.4711        518     2.1542  0.000e+00
     90.568     8.2489   3.505399    33.4760        519     2.1583  0.000e+00
     90.677     8.2547   3.505868    33.4754        520     2.1625  0.000e+00
     90.783     8.2589   3.506401    33.4771        521     2.1667  0.000e+00
     90.904     8.2624   3.506382    33.4735        522     2.1708  0.000e+00
     91.047     8.2648   3.507130    33.4791        523     2.1750  0.000e+00
     91.202     8.2671   3.507194    33.4775        524     2.1792  0.000e+00
     91.370     8.2689   3.507473    33.4786        525     2.1833  0.000e+00
     91.544     8.2715   3.509268    33.4951        526     2.1875  0.000e+00
     91.733     8.2761   3.511876    33.5183        527     2.1917  0.000e+00
     91.932     8.2850   3.514967    33.5424        528     2.1958  0.000e+00
     92.144     8.2975   3.516344    33.5451        529     2.2000  0.000e+00
     92.357     8.3094   3.515652    33.5263        530     2.2042  0.000e+00
     92.574     8.3158   3.516274    33.5266        531     2.2083  0.000e+00
     92.788     8.3202   3.517462    33.5350        532     2.2125  0.000e+00
     93.006     8.3255   3.519913    33.5558        533     2.2167  0.000e+00
     93.225     8.3343   3.524723    33.5982        534     2.2208  0.000e+00
     93.441     8.3500   3.525129    33.5875        535     2.2250  0.000e+00
     93.647     8.3636   3.525580    33.5792        536     2.2292  0.000e+00
     93.841     8.3723   3.526076    33.5760        537     2.2333  0.000e+00
     94.031     8.3786   3.527500    33.5851        538     2.2375  0.000e+00
     94.206     8.3854   3.528193    33.5858        539     2.2417  0.000e+00
     94.372     8.3917   3.529077    33.5891        540     2.2458  0.000e+00
     94.522     8.3975   3.530075    33.5940        541     2.2500  0.000e+00
     94.664     8.4033   3.530806    33.5961        542     2.2542  0.000e+00
     94.799     8.4092   3.530742    33.5898        543     2.2583  0.000e+00
     94.930     8.4130   3.531162    33.5905        544     2.2625  0.000e+00
     95.053     8.4158   3.531219    33.5884        545     2.2667  0.000e+00
     95.176     8.4178   3.532536    33.6004        546     2.2708  0.000e+00
     95.299     8.4217   3.534463    33.6170        547     2.2750  0.000e+00
     95.439     8.4293   3.537276    33.6394        548     2.2792  0.000e+00
     95.589     8.4411   3.539357    33.6501        549     2.2833  0.000e+00
     95.763     8.4539   3.539357    33.6378        550     2.2875  0.000e+00
     95.947     8.4630   3.540089    33.6367        551     2.2917  0.000e+00
     96.157     8.4704   3.542234    33.6522        552     2.2958  0.000e+00
     96.381     8.4795   3.545667    33.6797        553     2.3000  0.000e+00
     96.621     8.4935   3.549146    33.7030        554     2.3042  0.000e+00
     96.883     8.5115   3.549662    33.6911        555     2.3083  0.000e+00
     97.151     8.5256   3.550401    33.6853        556     2.3125  0.000e+00
     97.435     8.5356   3.553537    33.7087        557     2.3167  0.000e+00
     97.720     8.5484   3.556540    33.7281        558     2.3208  0.000e+00
     98.007     8.5644   3.558180    33.7299        559     2.3250  0.000e+00
     98.284     8.5796   3.559768    33.7320        560     2.3292  0.000e+00
     98.554     8.5928   3.561931    33.7421        561     2.3333  0.000e+00
     98.809     8.6060   3.563284    33.7436        562     2.3375  0.000e+00
     99.035     8.6184   3.564854    33.7481        563     2.3417  0.000e+00
     99.237     8.6300   3.567567    33.7656        564     2.3458  0.000e+00
     99.405     8.6438   3.572894    33.8083        565     2.3500  0.000e+00
     99.560     8.6650   3.580897    33.8722        566     2.3542  0.000e+00
     99.700     8.6989   3.594016    33.9777        567     2.3583  0.000e+00
     99.826     8.7533   3.605102    34.0419        568     2.3625  0.000e+00
     99.945     8.8181   3.610694    34.0383        569     2.3667  0.000e+00
    100.064     8.8759   3.622295    34.1044        570     2.3708  0.000e+00
    100.185     8.9383   3.626375    34.0871        571     2.3750  0.000e+00
    100.318     8.9914   3.625166    34.0236        572     2.3792  0.000e+00
    100.466     9.0215   3.623540    33.9777        573     2.3833  0.000e+00
    100.635     9.0341   3.622961    33.9596        574     2.3875  0.000e+00
    100.814     9.0370   3.620315    33.9292        575     2.3917  0.000e+00
    101.006     9.0334   3.620668    33.9362        576     2.3958  0.000e+00
    101.204     9.0306   3.623495    33.9682        577     2.4000  0.000e+00
    101.417     9.0360   3.629170    34.0222        578     2.4042  0.000e+00
    101.626     9.0535   3.631453    34.0292        579     2.4083  0.000e+00
    101.821     9.0729   3.632372    34.0201        580     2.4125  0.000e+00
    102.016     9.0880   3.633105    34.0133        581     2.4167  0.000e+00
    102.192     9.0993   3.635125    34.0234        582     2.4208  0.000e+00
    102.356     9.1101   3.636759    34.0300        583     2.4250  0.000e+00
    102.516     9.1226   3.639108    34.0425        584     2.4292  0.000e+00
    102.663     9.1360   3.640923    34.0485        585     2.4333  0.000e+00
    102.815     9.1509   3.642333    34.0489        586     2.4375  0.000e+00
    102.963     9.1640   3.643028    34.0435        587     2.4417  0.000e+00
    103.104     9.1740   3.644464    34.0488        588     2.4458  0.000e+00
    103.261     9.1847   3.648426    34.0798        589     2.4500  0.000e+00
    103.433     9.2024   3.653265    34.1130        590     2.4542  0.000e+00
    103.621     9.2271   3.655044    34.1078        591     2.4583  0.000e+00
    103.822     9.2506   3.656824    34.1038        592     2.4625  0.000e+00
    104.047     9.2703   3.659500    34.1127        593     2.4667  0.000e+00
    104.281     9.2904   3.669233    34.1943        594     2.4708  0.000e+00
    104.522     9.3281   3.678103    34.2501        595     2.4750  0.000e+00
    104.763     9.3810   3.692515    34.3487        596     2.4792  0.000e+00
    104.999     9.4502   3.705477    34.4163        597     2.4833  0.000e+00
    105.225     9.5348   3.714797    34.4313        598     2.4875  0.000e+00
    105.442     9.6180   3.722632    34.4321        599     2.4917  0.000e+00
    105.641     9.6896   3.738148    34.5231        600     2.4958  0.000e+00
    105.819     9.7743   3.750627    34.5700        601     2.5000  0.000e+00
    105.977     9.8626   3.749447    34.4732        602     2.5042  0.000e+00
    106.132     9.9225   3.754040    34.4629        603     2.5083  0.000e+00
    106.279     9.9669   3.763839    34.5206        604     2.5125  0.000e+00
    106.421    10.0188   3.773211    34.5667        605     2.5167  0.000e+00
    106.561    10.0770   3.776013    34.5396        606     2.5208  0.000e+00
    106.711    10.1250   3.776352    34.4972        607     2.5250  0.000e+00
    106.870    10.1562   3.781749    34.5223        608     2.5292  0.000e+00
    107.049    10.1856   3.785743    34.5348        609     2.5333  0.000e+00
    107.235    10.2150   3.786815    34.5176        610     2.5375  0.000e+00
    107.434    10.2366   3.786861    34.4975        611     2.5417  0.000e+00
    107.640    10.2500   3.787286    34.4889        612     2.5458  0.000e+00
    107.854    10.2582   3.788607    34.4944        613     2.5500  0.000e+00
    108.077    10.2662   3.790995    34.5110        614     2.5542  0.000e+00
    108.298    10.2768   3.792323    34.5143        615     2.5583  0.000e+00
    108.524    10.2883   3.794496    34.5253        616     2.5625  0.000e+00
    108.746    10.3009   3.797252    34.5411        617     2.5667  0.000e+00
    108.967    10.3163   3.799917    34.5534        618     2.5708  0.000e+00
    109.170    10.3333   3.801017    34.5483        619     2.5750  0.000e+00
    109.367    10.3483   3.801730    34.5412        620     2.5792  0.000e+00
    109.561    10.3595   3.802346    34.5367        621     2.5833  0.000e+00
    109.744    10.3679   3.802746    34.5327        622     2.5875  0.000e+00
    109.923    10.3737   3.802883    34.5284        623     2.5917  0.000e+00
    110.089    10.3771   3.803427    34.5307        624     2.5958  0.000e+00
    110.249    10.3802   3.803735    34.5308        625     2.6000  0.000e+00
