HB2403/sbe063.cnv
* Sea-Bird SBE 19plus V2 Data File:
* FileName = C:\cruise\data\sbe063.hex
* Software Version Seasave V 7.26.7.121
* Temperature SN = 6128
* Conductivity SN = 6128
* System UpLoad Time = Jun 07 2024 07:48:18
* NMEA Latitude = 40 18.13 N
* NMEA Longitude = 068 00.63 W
* NMEA UTC (Time) = Jun 07 2024  07:48:51
** Ship: Henry Bigelow
** Cruise:  HB2403
** Program:  ECOMON
# nquan = 7
# nvalues = 3150                                  
# units = specified
# name 0 = depSM: Depth [salt water, m]
# name 1 = tv290C: Temperature [ITS-90, deg C]
# name 2 = c0S/m: Conductivity [S/m]
# name 3 = sal00: Salinity, Practical [PSU]
# name 4 = scan: Scan Count
# name 5 = timeM: Time, Elapsed [minutes]
# name 6 = flag:  0.000e+00
# span 0 =     -0.319,    201.136                 
# span 1 =     7.8651,    16.4753                 
# span 2 =   0.000097,   4.101081                 
# span 3 =     0.0084,    35.7826                 
# span 4 =         11,       3160                 
# span 5 =     0.0417,    13.1625                 
# span 6 = 0.0000e+00, 0.0000e+00                 
# interval = seconds: 0.25
# start_time = Jun 07 2024 07:48:51 [NMEA time, header]
# bad_flag = -9.990e-29
*END*
[from data line 3077]
      6.579    14.0440   4.081242    33.9110       3088    12.8625  0.000e+00
      6.414    14.2769   4.059661    33.5078       3089    12.8667  0.000e+00
      6.234    14.3684   4.055853    33.3936       3090    12.8708  0.000e+00
      6.046    14.3973   4.029667    33.1285       3091    12.8750  0.000e+00
      5.858    14.3687   3.977232    32.6723       3092    12.8792  0.000e+00
      5.698    14.2536   3.905909    32.1155       3093    12.8833  0.000e+00
      5.566    14.0374   3.911780    32.3503       3094    12.8875  0.000e+00
      5.461    13.8409   3.931828    32.7019       3095    12.8917  0.000e+00
      5.375    13.7863   3.952961    32.9448       3096    12.8958  0.000e+00
      5.302    13.8104   3.942505    32.8271       3097    12.9000  0.000e+00
      5.241    13.8182   3.924156    32.6502       3098    12.9042  0.000e+00
      5.194    13.7870   3.916529    32.6060       3099    12.9083  0.000e+00
      5.150    13.7411   3.901413    32.5048       3100    12.9125  0.000e+00
      5.111    13.6795   3.852274    32.1006       3101    12.9167  0.000e+00
      5.040    13.5258   3.726213    31.0585       3102    12.9208  0.000e+00
      4.919    13.1644   3.712926    31.2301       3103    12.9250  0.000e+00
      4.762    12.8455   3.712638    31.4914       3104    12.9292  0.000e+00
      4.562    12.6463   3.712550    31.6573       3105    12.9333  0.000e+00
      4.343    12.5333   3.713213    31.7589       3106    12.9375  0.000e+00
      4.098    12.4729   3.711566    31.7943       3107    12.9417  0.000e+00
      3.877    12.4386   3.717529    31.8804       3108    12.9458  0.000e+00
      3.716    12.4263   3.713441    31.8518       3109    12.9500  0.000e+00
      3.586    12.4216   3.714563    31.8666       3110    12.9542  0.000e+00
      3.492    12.4157   3.711079    31.8384       3111    12.9583  0.000e+00
      3.442    12.4076   3.709101    31.8264       3112    12.9625  0.000e+00
      3.438    12.3970   3.710690    31.8506       3113    12.9667  0.000e+00
      3.449    12.3915   3.711631    31.8642       3114    12.9708  0.000e+00
      3.472    12.3911   3.708317    31.8329       3115    12.9750  0.000e+00
      3.505    12.3858   3.715252    31.9037       3116    12.9792  0.000e+00
      3.521    12.3970   3.766447    32.3835       3117    12.9833  0.000e+00
      3.532    12.4987   3.825610    32.8613       3118    12.9875  0.000e+00
      3.528    12.7066   3.843479    32.8503       3119    12.9917  0.000e+00
      3.521    12.8942   3.766180    31.9564       3120    12.9958  0.000e+00
      3.436    12.8849   3.791278    32.2014       3121    13.0000  0.000e+00
      3.274    12.8703   3.874416    33.0017       3122    13.0042  0.000e+00
      3.053    13.0245   3.853487    32.6698       3123    13.0083  0.000e+00
      2.745    13.1448   3.862855    32.6547       3124    13.0125  0.000e+00
      2.474    13.2134   3.815664    32.1526       3125    13.0167  0.000e+00
      2.249    13.1856   3.838651    32.3922       3126    13.0208  0.000e+00
      2.061    13.1505   3.808432    32.1382       3127    13.0250  0.000e+00
      1.925    13.0984   3.814766    32.2419       3128    13.0292  0.000e+00
      1.829    13.0465   3.779845    31.9573       3129    13.0333  0.000e+00
      1.768    12.9599   3.778820    32.0208       3130    13.0375  0.000e+00
      1.725    12.8838   3.781612    32.1116       3131    13.0417  0.000e+00
      1.690    12.8424   3.763877    31.9791       3132    13.0458  0.000e+00
      1.667    12.7881   3.731654    31.7203       3133    13.0500  0.000e+00
      1.627    12.6867   3.736591    31.8525       3134    13.0542  0.000e+00
      1.576    12.6163   3.739643    31.9410       3135    13.0583  0.000e+00
      1.520    12.5883   3.722559    31.8024       3136    13.0625  0.000e+00
      1.476    12.5431   3.706933    31.6920       3137    13.0667  0.000e+00
      1.436    12.4770   3.707070    31.7491       3138    13.0708  0.000e+00
      1.398    12.4296   3.705378    31.7731       3139    13.0750  0.000e+00
      1.366    12.3978   3.705897    31.8049       3140    13.0792  0.000e+00
      1.283    12.3804   3.705859    31.8193       3141    13.0833  0.000e+00
      1.143    12.3708   3.706870    31.8373       3142    13.0875  0.000e+00
      0.977    12.3674   3.706870    31.8402       3143    13.0917  0.000e+00
      0.814    12.3664   3.709451    31.8658       3144    13.0958  0.000e+00
      0.647    12.3694   3.710482    31.8731       3145    13.1000  0.000e+00
      0.486    12.3765   3.710482    31.8672       3146    13.1042  0.000e+00
      0.354    12.3813   3.714537    31.9019       3147    13.1083  0.000e+00
      0.241    12.3908   3.708789    31.8390       3148    13.1125  0.000e+00
      0.125    12.3901   3.705767    31.8107       3149    13.1167  0.000e+00
      0.040    12.3802   3.705586    31.8174       3150    13.1208  0.000e+00
     -0.063    12.3729   3.705502    31.8229       3151    13.1250  0.000e+00
     -0.081    12.3682   3.705424    31.8262       3152    13.1292  0.000e+00
     -0.142    12.3654   3.705424    31.8285       3153    13.1333  0.000e+00
     -0.214    12.3639   3.704717    31.8231       3154    13.1375  0.000e+00
     -0.245    12.3615   3.704834    31.8263       3155    13.1417  0.000e+00
     -0.263    12.3594   3.705061    31.8302       3156    13.1458  0.000e+00
     -0.184    12.3589   3.705405    31.8339       3157    13.1500  0.000e+00
     -0.140    12.3600   3.705003    31.8291       3158    13.1542  0.000e+00
     -0.240    12.3598   3.662498    31.4235       3159    13.1583  0.000e+00
     -0.319    12.3605   0.907032     6.8600       3160    13.1625  0.000e+00
