HB2403/sbe054.cnv
* Sea-Bird SBE 19plus V2 Data File:
* FileName = C:\cruise\data\sbe054.hex
* Software Version Seasave V 7.26.7.121
* Temperature SN = 6128
* Conductivity SN = 6128
* System UpLoad Time = Jun 06 2024 11:28:10
* NMEA Latitude = 39 50.12 N
* NMEA Longitude = 070 37.41 W
* NMEA UTC (Time) = Jun 06 2024  11:28:43
** Ship: Henry Bigelow
** Cruise:  HB2403
** Program:  ECOMON
# nquan = 7
# nvalues = 5306                                  
# units = specified
# name 0 = depSM: Depth [salt water, m]
# name 1 = tv290C: Temperature [ITS-90, deg C]
# name 2 = c0S/m: Conductivity [S/m]
# name 3 = sal00: Salinity, Practical [PSU]
# name 4 = scan: Scan Count
# name 5 = timeM: Time, Elapsed [minutes]
# name 6 = flag:  0.000e+00
# span 0 =     -0.081,    200.950                 
# span 1 =     9.8230,    18.6102                 
# span 2 =   0.000135,   4.420298                 
# span 3 =     0.0094,    35.4546                 
# span 4 =         11,       5316                 
# span 5 =     0.0417,    22.1458                 
# span 6 = 0.0000e+00, 0.0000e+00                 
# interval = seconds: 0.25
# start_time = Jun 06 2024 11:28:43 [NMEA time, header]
# bad_flag = -9.990e-29
*END*
[from data line 206]
     15.705    16.9441   4.334029    33.6845        217     0.9000  0.000e+00
     15.875    16.9282   4.332917    33.6881        218     0.9042  0.000e+00
     16.052    16.9052   4.330782    33.6887        219     0.9083  0.000e+00
     16.231    16.8782   4.327639    33.6839        220     0.9125  0.000e+00
     16.419    16.8521   4.324994    33.6828        221     0.9167  0.000e+00
     16.599    16.8278   4.321985    33.6768        222     0.9208  0.000e+00
     16.771    16.8044   4.319362    33.6736        223     0.9250  0.000e+00
     16.939    16.7820   4.317078    33.6724        224     0.9292  0.000e+00
     17.090    16.7597   4.315188    33.6745        225     0.9333  0.000e+00
     17.229    16.7382   4.314485    33.6864        226     0.9375  0.000e+00
     17.368    16.7176   4.312919    33.6900        227     0.9417  0.000e+00
     17.497    16.6982   4.311644    33.6952        228     0.9458  0.000e+00
     17.621    16.6808   4.310879    33.7031        229     0.9500  0.000e+00
     17.755    16.6660   4.310548    33.7125        230     0.9542  0.000e+00
     17.892    16.6539   4.309976    33.7177        231     0.9583  0.000e+00
     18.037    16.6444   4.311196    33.7364        232     0.9625  0.000e+00
     18.188    16.6364   4.310521    33.7371        233     0.9667  0.000e+00
     18.342    16.6297   4.310121    33.7392        234     0.9708  0.000e+00
     18.504    16.6244   4.310121    33.7436        235     0.9750  0.000e+00
     18.660    16.6200   4.310445    33.7501        236     0.9792  0.000e+00
     18.828    16.6167   4.311073    33.7584        237     0.9833  0.000e+00
     19.003    16.6147   4.310880    33.7583        238     0.9875  0.000e+00
     19.187    16.6130   4.310901    33.7598        239     0.9917  0.000e+00
     19.378    16.6104   4.310101    33.7549        240     0.9958  0.000e+00
     19.569    16.6074   4.309577    33.7528        241     1.0000  0.000e+00
     19.759    16.6033   4.308853    33.7498        242     1.0042  0.000e+00
     19.949    16.5985   4.307730    33.7439        243     1.0083  0.000e+00
     20.134    16.5908   4.306234    33.7373        244     1.0125  0.000e+00
     20.310    16.5780   4.304242    33.7306        245     1.0167  0.000e+00
     20.485    16.5550   4.300260    33.7151        246     1.0208  0.000e+00
     20.645    16.5241   4.295991    33.7036        247     1.0250  0.000e+00
     20.791    16.4912   4.292019    33.6964        248     1.0292  0.000e+00
     20.927    16.4554   4.289672    33.7060        249     1.0333  0.000e+00
     21.051    16.4109   4.285992    33.7112        250     1.0375  0.000e+00
     21.165    16.3617   4.282354    33.7208        251     1.0417  0.000e+00
     21.281    16.3054   4.279845    33.7462        252     1.0458  0.000e+00
     21.396    16.2473   4.278003    33.7793        253     1.0500  0.000e+00
     21.518    16.1946   4.276354    33.8094        254     1.0542  0.000e+00
     21.649    16.1499   4.274396    33.8302        255     1.0583  0.000e+00
     21.783    16.1078   4.271594    33.8412        256     1.0625  0.000e+00
     21.920    16.0668   4.268778    33.8511        257     1.0667  0.000e+00
     22.070    16.0265   4.267714    33.8760        258     1.0708  0.000e+00
     22.236    15.9930   4.267358    33.9014        259     1.0750  0.000e+00
     22.404    15.9656   4.266287    33.9152        260     1.0792  0.000e+00
     22.580    15.9402   4.263493    33.9122        261     1.0833  0.000e+00
     22.760    15.9185   4.258415    33.8855        262     1.0875  0.000e+00
     22.949    15.8940   4.253401    33.8618        263     1.0917  0.000e+00
     23.140    15.8572   4.220627    33.6015        264     1.0958  0.000e+00
     23.331    15.7732   4.207484    33.5557        265     1.1000  0.000e+00
     23.528    15.6659   4.204312    33.6187        266     1.1042  0.000e+00
     23.720    15.5838   4.200410    33.6537        267     1.1083  0.000e+00
     23.909    15.5173   4.196796    33.6781        268     1.1125  0.000e+00
     24.092    15.4609   4.194962    33.7099        269     1.1167  0.000e+00
     24.267    15.4169   4.194219    33.7409        270     1.1208  0.000e+00
     24.433    15.3867   4.191057    33.7384        271     1.1250  0.000e+00
     24.583    15.3547   4.184523    33.7070        272     1.1292  0.000e+00
     24.726    15.3086   4.180220    33.7078        273     1.1333  0.000e+00
     24.856    15.2574   4.177804    33.7300        274     1.1375  0.000e+00
     24.977    15.2135   4.174333    33.7365        275     1.1417  0.000e+00
     25.087    15.1740   4.170871    33.7392        276     1.1458  0.000e+00
     25.192    15.1347   4.165771    33.7269        277     1.1500  0.000e+00
     25.308    15.0914   4.161020    33.7212        278     1.1542  0.000e+00
     25.423    15.0448   4.156543    33.7208        279     1.1583  0.000e+00
     25.549    14.9978   4.152116    33.7212        280     1.1625  0.000e+00
     25.681    14.9528   4.148403    33.7264        281     1.1667  0.000e+00
     25.824    14.9125   4.146008    33.7394        282     1.1708  0.000e+00
     25.979    14.8784   4.139090    33.7059        283     1.1750  0.000e+00
     26.140    14.8361   4.133647    33.6929        284     1.1792  0.000e+00
     26.306    14.7897   4.132807    33.7254        285     1.1833  0.000e+00
     26.487    14.7562   4.136678    33.7897        286     1.1875  0.000e+00
     26.669    14.7475   4.139227    33.8204        287     1.1917  0.000e+00
     26.863    14.7554   4.136359    33.7873        288     1.1958  0.000e+00
     27.059    14.7554   4.137478    33.7974        289     1.2000  0.000e+00
     27.258    14.7534   4.132157    33.7505        290     1.2042  0.000e+00
     27.446    14.7345   4.123210    33.6852        291     1.2083  0.000e+00
     27.633    14.6878   4.110930    33.6135        292     1.2125  0.000e+00
     27.803    14.6061   4.094054    33.5298        293     1.2167  0.000e+00
     27.964    14.4954   4.083267    33.5268        294     1.2208  0.000e+00
     28.110    14.3768   4.078138    33.5824        295     1.2250  0.000e+00
     28.240    14.2772   4.071281    33.6058        296     1.2292  0.000e+00
     28.356    14.1897   4.063903    33.6139        297     1.2333  0.000e+00
     28.469    14.1116   4.059914    33.6452        298     1.2375  0.000e+00
     28.578    14.0465   4.054628    33.6531        299     1.2417  0.000e+00
     28.673    13.9904   4.051039    33.6689        300     1.2458  0.000e+00
     28.776    13.9407   4.047163    33.6764        301     1.2500  0.000e+00
     28.879    13.8967   4.043992    33.6855        302     1.2542  0.000e+00
     28.991    13.8583   4.040830    33.6897        303     1.2583  0.000e+00
     29.109    13.8236   4.038944    33.7026        304     1.2625  0.000e+00
     29.228    13.7942   4.035400    33.6954        305     1.2667  0.000e+00
     29.361    13.7650   4.032985    33.6985        306     1.2708  0.000e+00
     29.498    13.7358   4.029303    33.6898        307     1.2750  0.000e+00
     29.648    13.7050   4.025454    33.6809        308     1.2792  0.000e+00
     29.802    13.6707   4.018291    33.6441        309     1.2833  0.000e+00
     29.964    13.6235   4.009955    33.6076        310     1.2875  0.000e+00
     30.136    13.5634   4.006629    33.6293        311     1.2917  0.000e+00
     30.304    13.5094   4.002904    33.6419        312     1.2958  0.000e+00
     30.481    13.4654   4.000918    33.6620        313     1.3000  0.000e+00
     30.656    13.4315   4.002878    33.7103        314     1.3042  0.000e+00
     30.828    13.4153   3.997529    33.6743        315     1.3083  0.000e+00
     30.992    13.3946   3.994361    33.6627        316     1.3125  0.000e+00
     31.149    13.3627   3.984229    33.5955        317     1.3167  0.000e+00
     31.302    13.3087   3.975402    33.5600        318     1.3208  0.000e+00
     31.449    13.2374   3.969675    33.5689        319     1.3250  0.000e+00
     31.591    13.1633   3.962453    33.5662        320     1.3292  0.000e+00
     31.729    13.0927   3.959690    33.6025        321     1.3333  0.000e+00
     31.872    13.0340   3.954065    33.6012        322     1.3375  0.000e+00
     32.003    12.9802   3.953354    33.6422        323     1.3417  0.000e+00
     32.135    12.9399   3.952982    33.6744        324     1.3458  0.000e+00
     32.271    12.9139   3.950726    33.6760        325     1.3500  0.000e+00
     32.401    12.8890   3.947354    33.6662        326     1.3542  0.000e+00
     32.531    12.8594   3.944921    33.6693        327     1.3583  0.000e+00
     32.663    12.8290   3.941611    33.6648        328     1.3625  0.000e+00
     32.789    12.7944   3.937724    33.6586        329     1.3667  0.000e+00
     32.916    12.7559   3.931594    33.6344        330     1.3708  0.000e+00
     33.046    12.7092   3.925501    33.6178        331     1.3750  0.000e+00
     33.174    12.6558   3.919133    33.6045        332     1.3792  0.000e+00
     33.300    12.6003   3.914434    33.6091        333     1.3833  0.000e+00
     33.421    12.5471   3.910346    33.6174        334     1.3875  0.000e+00
     33.548    12.4989   3.908379    33.6417        335     1.3917  0.000e+00
     33.682    12.4610   3.909095    33.6825        336     1.3958  0.000e+00
     33.819    12.4367   3.908770    33.7011        337     1.4000  0.000e+00
     33.961    12.4203   3.909672    33.7244        338     1.4042  0.000e+00
     34.113    12.4123   3.910328    33.7379        339     1.4083  0.000e+00
     34.265    12.4105   3.911043    33.7462        340     1.4125  0.000e+00
     34.420    12.4110   3.910792    33.7433        341     1.4167  0.000e+00
     34.579    12.4113   3.911461    33.7494        342     1.4208  0.000e+00
     34.744    12.4134   3.910964    33.7427        343     1.4250  0.000e+00
     34.906    12.4118   3.908864    33.7239        344     1.4292  0.000e+00
     35.065    12.4028   3.908771    33.7310        345     1.4333  0.000e+00
     35.226    12.3950   3.908884    33.7390        346     1.4375  0.000e+00
     35.381    12.3914   3.908672    33.7402        347     1.4417  0.000e+00
     35.536    12.3879   3.908328    33.7399        348     1.4458  0.000e+00
     35.690    12.3846   3.908606    33.7455        349     1.4500  0.000e+00
     35.838    12.3829   3.909302    33.7536        350     1.4542  0.000e+00
     35.981    12.3817   3.910329    33.7646        351     1.4583  0.000e+00
     36.122    12.3806   3.911793    33.7796        352     1.4625  0.000e+00
     36.250    12.3843   3.914510    33.8024        353     1.4667  0.000e+00
     36.371    12.3920   3.916976    33.8191        354     1.4708  0.000e+00
     36.488    12.4025   3.918720    33.8264        355     1.4750  0.000e+00
     36.591    12.4134   3.923694    33.8645        356     1.4792  0.000e+00
     36.697    12.4328   3.928632    33.8944        357     1.4833  0.000e+00
     36.797    12.4602   3.931134    33.8936        358     1.4875  0.000e+00
     36.896    12.4853   3.932488    33.8840        359     1.4917  0.000e+00
     37.002    12.5051   3.932867    33.8697        360     1.4958  0.000e+00
     37.115    12.5177   3.930410    33.8347        361     1.5000  0.000e+00
     37.229    12.5168   3.926228    33.7953        362     1.5042  0.000e+00
     37.351    12.5007   3.923123    33.7800        363     1.5083  0.000e+00
     37.483    12.4779   3.920981    33.7798        364     1.5125  0.000e+00
     37.619    12.4547   3.919681    33.7882        365     1.5167  0.000e+00
     37.763    12.4344   3.921260    33.8216        366     1.5208  0.000e+00
     37.911    12.4226   3.922056    33.8398        367     1.5250  0.000e+00
     38.061    12.4177   3.923920    33.8621        368     1.5292  0.000e+00
     38.219    12.4201   3.929382    33.9124        369     1.5333  0.000e+00
     38.377    12.4356   3.933114    33.9343        370     1.5375  0.000e+00
     38.536    12.4571   3.935133    33.9342        371     1.5417  0.000e+00
     38.701    12.4775   3.936255    33.9265        372     1.5458  0.000e+00
     38.856    12.4933   3.937590    33.9249        373     1.5500  0.000e+00
     39.015    12.5055   3.937663    33.9146        374     1.5542  0.000e+00
     39.172    12.5124   3.936746    33.8995        375     1.5583  0.000e+00
     39.322    12.5119   3.932276    33.8570        376     1.5625  0.000e+00
     39.469    12.4977   3.927258    33.8215        377     1.5667  0.000e+00
     39.606    12.4702   3.922056    33.7961        378     1.5708  0.000e+00
     39.740    12.4332   3.916394    33.7750        379     1.5750  0.000e+00
     39.861    12.3902   3.913014    33.7811        380     1.5792  0.000e+00
     39.981    12.3519   3.911212    33.7982        381     1.5833  0.000e+00
     40.092    12.3208   3.909583    33.8105        382     1.5875  0.000e+00
     40.202    12.2969   3.908609    33.8227        383     1.5917  0.000e+00
     40.314    12.2790   3.907702    33.8301        384     1.5958  0.000e+00
     40.420    12.2649   3.906921    33.8352        385     1.6000  0.000e+00
     40.521    12.2533   3.905364    33.8306        386     1.6042  0.000e+00
     40.632    12.2397   3.902975    33.8197        387     1.6083  0.000e+00
     40.742    12.2227   3.900936    33.8154        388     1.6125  0.000e+00
     40.854    12.2035   3.899666    33.8204        389     1.6167  0.000e+00
     40.973    12.1851   3.898944    33.8300        390     1.6208  0.000e+00
     41.092    12.1698   3.898819    33.8426        391     1.6250  0.000e+00
     41.224    12.1597   3.899388    33.8573        392     1.6292  0.000e+00
     41.354    12.1546   3.900937    33.8768        393     1.6333  0.000e+00
     41.491    12.1553   3.902678    33.8930        394     1.6375  0.000e+00
     41.640    12.1607   3.904777    33.9083        395     1.6417  0.000e+00
     41.788    12.1701   3.906339    33.9149        396     1.6458  0.000e+00
     41.947    12.1805   3.906710    33.9090        397     1.6500  0.000e+00
     42.108    12.1883   3.906803    33.9027        398     1.6542  0.000e+00
     42.267    12.1921   3.907949    33.9103        399     1.6583  0.000e+00
     42.431    12.1975   3.910194    33.9270        400     1.6625  0.000e+00
     42.594    12.2044   3.911493    33.9333        401     1.6667  0.000e+00
     42.745    12.2094   3.912633    33.9397        402     1.6708  0.000e+00
     42.901    12.2135   3.913163    33.9410        403     1.6750  0.000e+00
     43.038    12.2164   3.913402    33.9406        404     1.6792  0.000e+00
     43.168    12.2177   3.913282    33.9382        405     1.6833  0.000e+00
     43.282    12.2170   3.913070    33.9368        406     1.6875  0.000e+00
     43.388    12.2138   3.912679    33.9359        407     1.6917  0.000e+00
     43.477    12.2085   3.911467    33.9289        408     1.6958  0.000e+00
     43.565    12.1999   3.910771    33.9300        409     1.7000  0.000e+00
     43.651    12.1907   3.909963    33.9305        410     1.7042  0.000e+00
     43.728    12.1821   3.908506    33.9241        411     1.7083  0.000e+00
     43.811    12.1712   3.906175    33.9114        412     1.7125  0.000e+00
     43.901    12.1565   3.903930    33.9030        413     1.7167  0.000e+00
     43.993    12.1392   3.902401    33.9038        414     1.7208  0.000e+00
     44.102    12.1220   3.901713    33.9127        415     1.7250  0.000e+00
     44.216    12.1085   3.899529    33.9038        416     1.7292  0.000e+00
     44.346    12.0935   3.898140    33.9038        417     1.7333  0.000e+00
     44.478    12.0787   3.895348    33.8901        418     1.7375  0.000e+00
     44.624    12.0597   3.889126    33.8470        419     1.7417  0.000e+00
     44.783    12.0288   3.885808    33.8427        420     1.7458  0.000e+00
