HB2403/sbe066.cnv
* Sea-Bird SBE 19plus V2 Data File:
* FileName = C:\cruise\data\sbe066.hex
* Software Version Seasave V 7.26.7.121
* Temperature SN = 6128
* Conductivity SN = 6128
* System UpLoad Time = Jun 07 2024 16:44:31
* NMEA Latitude = 41 04.72 N
* NMEA Longitude = 068 06.59 W
* NMEA UTC (Time) = Jun 07 2024  16:45:05
** Ship: Henry Bigelow
** Cruise:  HB2403
** Program:  ECOMON
# nquan = 7
# nvalues = 1381                                  
# units = specified
# name 0 = depSM: Depth [salt water, m]
# name 1 = tv290C: Temperature [ITS-90, deg C]
# name 2 = c0S/m: Conductivity [S/m]
# name 3 = sal00: Salinity, Practical [PSU]
# name 4 = scan: Scan Count
# name 5 = timeM: Time, Elapsed [minutes]
# name 6 = flag:  0.000e+00
# span 0 =     -0.220,     41.119                 
# span 1 =    10.2886,    13.1164                 
# span 2 =  -0.000793,   3.722558                 
# span 3 =     0.0000,    32.9386                 
# span 4 =         11,       1391                 
# span 5 =     0.0417,     5.7917                 
# span 6 = 0.0000e+00, 0.0000e+00                 
# interval = seconds: 0.25
# start_time = Jun 07 2024 16:45:05 [NMEA time, header]
# bad_flag = -9.990e-29
*END*
[from data line 1026]
     15.462    10.3309   3.529542    31.8559       1037     4.3167  0.000e+00
     15.414    10.3307   3.529638    31.8569       1038     4.3208  0.000e+00
     15.370    10.3308   3.529612    31.8567       1039     4.3250  0.000e+00
     15.358    10.3308   3.529460    31.8551       1040     4.3292  0.000e+00
     15.351    10.3301   3.529313    31.8543       1041     4.3333  0.000e+00
     15.358    10.3290   3.529422    31.8563       1042     4.3375  0.000e+00
     15.376    10.3284   3.529485    31.8575       1043     4.3417  0.000e+00
     15.391    10.3287   3.529517    31.8575       1044     4.3458  0.000e+00
     15.408    10.3292   3.529612    31.8580       1045     4.3500  0.000e+00
     15.420    10.3295   3.529612    31.8577       1046     4.3542  0.000e+00
     15.438    10.3299   3.529612    31.8574       1047     4.3583  0.000e+00
     15.442    10.3303   3.529638    31.8573       1048     4.3625  0.000e+00
     15.433    10.3305   3.529612    31.8569       1049     4.3667  0.000e+00
     15.408    10.3306   3.529568    31.8564       1050     4.3708  0.000e+00
     15.371    10.3304   3.529542    31.8563       1051     4.3750  0.000e+00
     15.315    10.3302   3.529485    31.8559       1052     4.3792  0.000e+00
     15.255    10.3299   3.529485    31.8562       1053     4.3833  0.000e+00
     15.183    10.3297   3.529530    31.8568       1054     4.3875  0.000e+00
     15.098    10.3295   3.529504    31.8568       1055     4.3917  0.000e+00
     15.017    10.3296   3.529568    31.8574       1056     4.3958  0.000e+00
     14.921    10.3300   3.529568    31.8571       1057     4.4000  0.000e+00
     14.825    10.3300   3.529313    31.8546       1058     4.4042  0.000e+00
     14.720    10.3293   3.529180    31.8539       1059     4.4083  0.000e+00
     14.627    10.3278   3.529053    31.8540       1060     4.4125  0.000e+00
     14.532    10.3263   3.528989    31.8547       1061     4.4167  0.000e+00
     14.444    10.3252   3.529008    31.8559       1062     4.4208  0.000e+00
     14.364    10.3246   3.528964    31.8560       1063     4.4250  0.000e+00
     14.297    10.3240   3.529097    31.8579       1064     4.4292  0.000e+00
     14.241    10.3243   3.529065    31.8574       1065     4.4333  0.000e+00
     14.193    10.3245   3.529052    31.8571       1066     4.4375  0.000e+00
     14.161    10.3244   3.529052    31.8571       1067     4.4417  0.000e+00
     14.140    10.3244   3.529072    31.8573       1068     4.4458  0.000e+00
     14.125    10.3243   3.529072    31.8575       1069     4.4500  0.000e+00
     14.118    10.3244   3.529097    31.8577       1070     4.4542  0.000e+00
     14.121    10.3246   3.529084    31.8574       1071     4.4583  0.000e+00
     14.125    10.3248   3.529097    31.8573       1072     4.4625  0.000e+00
     14.140    10.3249   3.529072    31.8569       1073     4.4667  0.000e+00
     14.152    10.3248   3.529027    31.8566       1074     4.4708  0.000e+00
     14.168    10.3246   3.529072    31.8572       1075     4.4750  0.000e+00
     14.188    10.3247   3.529027    31.8566       1076     4.4792  0.000e+00
     14.206    10.3245   3.529027    31.8568       1077     4.4833  0.000e+00
     14.212    10.3244   3.528995    31.8566       1078     4.4875  0.000e+00
     14.212    10.3240   3.528963    31.8566       1079     4.4917  0.000e+00
     14.190    10.3238   3.528900    31.8561       1080     4.4958  0.000e+00
     14.153    10.3232   3.528855    31.8562       1081     4.5000  0.000e+00
     14.093    10.3227   3.528836    31.8565       1082     4.5042  0.000e+00
     14.025    10.3222   3.528665    31.8552       1083     4.5083  0.000e+00
     13.942    10.3212   3.528595    31.8555       1084     4.5125  0.000e+00
     13.842    10.3202   3.528493    31.8554       1085     4.5167  0.000e+00
     13.733    10.3190   3.528404    31.8556       1086     4.5208  0.000e+00
     13.616    10.3180   3.528467    31.8572       1087     4.5250  0.000e+00
     13.502    10.3176   3.528493    31.8578       1088     4.5292  0.000e+00
     13.388    10.3176   3.528556    31.8584       1089     4.5333  0.000e+00
     13.269    10.3180   3.528512    31.8578       1090     4.5375  0.000e+00
     13.170    10.3184   3.528448    31.8568       1091     4.5417  0.000e+00
     13.078    10.3181   3.528448    31.8571       1092     4.5458  0.000e+00
     13.010    10.3181   3.528855    31.8612       1093     4.5500  0.000e+00
     12.947    10.3199   3.528855    31.8596       1094     4.5542  0.000e+00
     12.905    10.3211   3.528919    31.8593       1095     4.5583  0.000e+00
     12.875    10.3224   3.529008    31.8591       1096     4.5625  0.000e+00
     12.862    10.3232   3.529116    31.8594       1097     4.5667  0.000e+00
     12.845    10.3244   3.529116    31.8584       1098     4.5708  0.000e+00
     12.845    10.3252   3.529179    31.8583       1099     4.5750  0.000e+00
     12.845    10.3258   3.529160    31.8576       1100     4.5792  0.000e+00
     12.845    10.3261   3.529135    31.8571       1101     4.5833  0.000e+00
     12.840    10.3263   3.529135    31.8569       1102     4.5875  0.000e+00
     12.838    10.3262   3.529116    31.8568       1103     4.5917  0.000e+00
     12.822    10.3261   3.529052    31.8562       1104     4.5958  0.000e+00
     12.790    10.3259   3.529007    31.8559       1105     4.6000  0.000e+00
     12.752    10.3253   3.528861    31.8550       1106     4.6042  0.000e+00
     12.701    10.3247   3.528683    31.8538       1107     4.6083  0.000e+00
     12.631    10.3232   3.528664    31.8549       1108     4.6125  0.000e+00
     12.554    10.3220   3.528575    31.8551       1109     4.6167  0.000e+00
     12.469    10.3210   3.528359    31.8539       1110     4.6208  0.000e+00
     12.390    10.3190   3.528098    31.8531       1111     4.6250  0.000e+00
     12.303    10.3168   3.528060    31.8547       1112     4.6292  0.000e+00
     12.210    10.3151   3.528079    31.8564       1113     4.6333  0.000e+00
     12.118    10.3141   3.527990    31.8565       1114     4.6375  0.000e+00
     12.033    10.3135   3.527927    31.8564       1115     4.6417  0.000e+00
     11.946    10.3127   3.527907    31.8569       1116     4.6458  0.000e+00
     11.867    10.3122   3.527907    31.8573       1117     4.6500  0.000e+00
     11.784    10.3118   3.528016    31.8588       1118     4.6542  0.000e+00
     11.724    10.3120   3.528200    31.8605       1119     4.6583  0.000e+00
     11.664    10.3134   3.528314    31.8605       1120     4.6625  0.000e+00
     11.610    10.3148   3.528276    31.8589       1121     4.6667  0.000e+00
     11.572    10.3156   3.528168    31.8571       1122     4.6708  0.000e+00
     11.537    10.3154   3.528079    31.8564       1123     4.6750  0.000e+00
     11.502    10.3149   3.527971    31.8558       1124     4.6792  0.000e+00
     11.479    10.3140   3.527971    31.8566       1125     4.6833  0.000e+00
     11.455    10.3134   3.528270    31.8602       1126     4.6875  0.000e+00
     11.432    10.3141   3.528556    31.8624       1127     4.6917  0.000e+00
     11.410    10.3164   3.528702    31.8619       1128     4.6958  0.000e+00
     11.379    10.3186   3.528810    31.8610       1129     4.7000  0.000e+00
     11.356    10.3206   3.528918    31.8604       1130     4.7042  0.000e+00
     11.323    10.3224   3.528963    31.8593       1131     4.7083  0.000e+00
     11.293    10.3237   3.528988    31.8583       1132     4.7125  0.000e+00
     11.243    10.3248   3.529064    31.8582       1133     4.7167  0.000e+00
     11.199    10.3256   3.529071    31.8576       1134     4.7208  0.000e+00
     11.145    10.3261   3.529096    31.8574       1135     4.7250  0.000e+00
     11.087    10.3265   3.529026    31.8564       1136     4.7292  0.000e+00
     11.014    10.3266   3.529026    31.8563       1137     4.7333  0.000e+00
     10.938    10.3263   3.529026    31.8566       1138     4.7375  0.000e+00
     10.853    10.3264   3.529051    31.8568       1139     4.7417  0.000e+00
     10.758    10.3264   3.529019    31.8566       1140     4.7458  0.000e+00
     10.653    10.3263   3.528899    31.8554       1141     4.7500  0.000e+00
     10.555    10.3265   3.529051    31.8569       1142     4.7542  0.000e+00
     10.457    10.3267   3.529051    31.8567       1143     4.7583  0.000e+00
     10.370    10.3268   3.529051    31.8566       1144     4.7625  0.000e+00
     10.292    10.3269   3.529051    31.8566       1145     4.7667  0.000e+00
     10.221    10.3269   3.529026    31.8564       1146     4.7708  0.000e+00
     10.160    10.3267   3.529019    31.8565       1147     4.7750  0.000e+00
     10.113    10.3268   3.528962    31.8559       1148     4.7792  0.000e+00
     10.072    10.3265   3.528987    31.8565       1149     4.7833  0.000e+00
     10.040    10.3265   3.529026    31.8568       1150     4.7875  0.000e+00
     10.011    10.3263   3.529051    31.8572       1151     4.7917  0.000e+00
      9.982    10.3267   3.529115    31.8576       1152     4.7958  0.000e+00
      9.963    10.3271   3.529127    31.8573       1153     4.8000  0.000e+00
      9.927    10.3273   3.529115    31.8570       1154     4.8042  0.000e+00
      9.896    10.3276   3.529134    31.8570       1155     4.8083  0.000e+00
      9.858    10.3280   3.529223    31.8575       1156     4.8125  0.000e+00
      9.814    10.3283   3.529178    31.8568       1157     4.8167  0.000e+00
      9.771    10.3285   3.529134    31.8563       1158     4.8208  0.000e+00
      9.727    10.3283   3.529095    31.8561       1159     4.8250  0.000e+00
      9.680    10.3282   3.529083    31.8561       1160     4.8292  0.000e+00
      9.627    10.3278   3.529051    31.8561       1161     4.8333  0.000e+00
      9.574    10.3276   3.529095    31.8568       1162     4.8375  0.000e+00
      9.518    10.3276   3.529095    31.8568       1163     4.8417  0.000e+00
      9.458    10.3276   3.529070    31.8566       1164     4.8458  0.000e+00
      9.401    10.3279   3.529159    31.8572       1165     4.8500  0.000e+00
      9.337    10.3283   3.529394    31.8593       1166     4.8542  0.000e+00
      9.267    10.3295   3.529515    31.8595       1167     4.8583  0.000e+00
      9.193    10.3309   3.529502    31.8581       1168     4.8625  0.000e+00
      9.113    10.3319   3.529610    31.8583       1169     4.8667  0.000e+00
      9.028    10.3327   3.529349    31.8551       1170     4.8708  0.000e+00
      8.948    10.3322   3.529458    31.8566       1171     4.8750  0.000e+00
      8.865    10.3324   3.529934    31.8613       1172     4.8792  0.000e+00
      8.788    10.3344   3.530259    31.8628       1173     4.8833  0.000e+00
      8.711    10.3372   3.530176    31.8595       1174     4.8875  0.000e+00
      8.642    10.3390   3.529998    31.8562       1175     4.8917  0.000e+00
      8.580    10.3392   3.530150    31.8576       1176     4.8958  0.000e+00
      8.533    10.3397   3.529998    31.8556       1177     4.9000  0.000e+00
      8.497    10.3394   3.529915    31.8551       1178     4.9042  0.000e+00
      8.462    10.3389   3.529953    31.8559       1179     4.9083  0.000e+00
      8.430    10.3388   3.529979    31.8563       1180     4.9125  0.000e+00
      8.402    10.3387   3.529972    31.8563       1181     4.9167  0.000e+00
      8.370    10.3387   3.529979    31.8564       1182     4.9208  0.000e+00
      8.341    10.3387   3.530061    31.8573       1183     4.9250  0.000e+00
      8.307    10.3389   3.530131    31.8578       1184     4.9292  0.000e+00
      8.262    10.3395   3.530106    31.8570       1185     4.9333  0.000e+00
      8.221    10.3399   3.530042    31.8561       1186     4.9375  0.000e+00
      8.179    10.3396   3.530042    31.8563       1187     4.9417  0.000e+00
      8.141    10.3397   3.530061    31.8565       1188     4.9458  0.000e+00
      8.099    10.3397   3.530042    31.8562       1189     4.9500  0.000e+00
      8.061    10.3397   3.530042    31.8563       1190     4.9542  0.000e+00
      8.024    10.3396   3.530061    31.8566       1191     4.9583  0.000e+00
      7.996    10.3395   3.530087    31.8569       1192     4.9625  0.000e+00
      7.952    10.3400   3.530150    31.8571       1193     4.9667  0.000e+00
      7.916    10.3402   3.530150    31.8570       1194     4.9708  0.000e+00
      7.875    10.3405   3.530265    31.8579       1195     4.9750  0.000e+00
      7.820    10.3411   3.530303    31.8578       1196     4.9792  0.000e+00
      7.762    10.3419   3.530214    31.8562       1197     4.9833  0.000e+00
      7.699    10.3417   3.530150    31.8557       1198     4.9875  0.000e+00
      7.639    10.3414   3.530195    31.8565       1199     4.9917  0.000e+00
      7.572    10.3416   3.530042    31.8549       1200     4.9958  0.000e+00
      7.514    10.3407   3.530385    31.8591       1201     5.0000  0.000e+00
      7.450    10.3416   3.530856    31.8630       1202     5.0042  0.000e+00
      7.382    10.3446   3.530690    31.8587       1203     5.0083  0.000e+00
      7.320    10.3461   3.530671    31.8573       1204     5.0125  0.000e+00
      7.264    10.3465   3.530563    31.8559       1205     5.0167  0.000e+00
      7.196    10.3464   3.530671    31.8571       1206     5.0208  0.000e+00
      7.125    10.3465   3.530709    31.8574       1207     5.0250  0.000e+00
      7.051    10.3473   3.530601    31.8557       1208     5.0292  0.000e+00
      6.972    10.3470   3.530678    31.8567       1209     5.0333  0.000e+00
      6.890    10.3472   3.530735    31.8571       1210     5.0375  0.000e+00
      6.806    10.3474   3.530519    31.8548       1211     5.0417  0.000e+00
      6.719    10.3473   3.530709    31.8569       1212     5.0458  0.000e+00
      6.638    10.3473   3.530690    31.8567       1213     5.0500  0.000e+00
      6.560    10.3476   3.530671    31.8563       1214     5.0542  0.000e+00
      6.498    10.3474   3.530754    31.8573       1215     5.0583  0.000e+00
      6.445    10.3480   3.530633    31.8556       1216     5.0625  0.000e+00
      6.406    10.3476   3.530582    31.8555       1217     5.0667  0.000e+00
      6.372    10.3475   3.530518    31.8550       1218     5.0708  0.000e+00
      6.343    10.3468   3.530429    31.8547       1219     5.0750  0.000e+00
      6.323    10.3461   3.530518    31.8561       1220     5.0792  0.000e+00
      6.301    10.3460   3.530518    31.8563       1221     5.0833  0.000e+00
      6.283    10.3461   3.530429    31.8553       1222     5.0875  0.000e+00
      6.263    10.3457   3.530309    31.8545       1223     5.0917  0.000e+00
      6.240    10.3448   3.530194    31.8541       1224     5.0958  0.000e+00
      6.221    10.3439   3.530150    31.8544       1225     5.1000  0.000e+00
      6.202    10.3429   3.530150    31.8553       1226     5.1042  0.000e+00
      6.187    10.3424   3.530213    31.8564       1227     5.1083  0.000e+00
      6.181    10.3424   3.530258    31.8569       1228     5.1125  0.000e+00
      6.187    10.3427   3.530239    31.8564       1229     5.1167  0.000e+00
      6.203    10.3427   3.530200    31.8560       1230     5.1208  0.000e+00
      6.227    10.3426   3.530213    31.8562       1231     5.1250  0.000e+00
      6.248    10.3424   3.530239    31.8566       1232     5.1292  0.000e+00
      6.263    10.3425   3.530321    31.8574       1233     5.1333  0.000e+00
      6.279    10.3430   3.530410    31.8578       1234     5.1375  0.000e+00
      6.279    10.3436   3.530455    31.8577       1235     5.1417  0.000e+00
      6.270    10.3441   3.530429    31.8571       1236     5.1458  0.000e+00
      6.240    10.3445   3.530264    31.8551       1237     5.1500  0.000e+00
      6.189    10.3439   3.530277    31.8558       1238     5.1542  0.000e+00
      6.128    10.3435   3.530302    31.8564       1239     5.1583  0.000e+00
      6.046    10.3435   3.530601    31.8594       1240     5.1625  0.000e+00
