HB2403/sbe068.cnv
* Sea-Bird SBE 19plus V2 Data File:
* FileName = C:\cruise\data\sbe068.hex
* Software Version Seasave V 7.26.7.121
* Temperature SN = 6128
* Conductivity SN = 6128
* System UpLoad Time = Jun 07 2024 19:52:52
* NMEA Latitude = 41 01.33 N
* NMEA Longitude = 067 51.25 W
* NMEA UTC (Time) = Jun 07 2024  19:53:26
** Ship: Henry Bigelow
** Cruise:  HB2403
** Program:  ECOMON
# nquan = 7
# nvalues = 1350                                  
# units = specified
# name 0 = depSM: Depth [salt water, m]
# name 1 = tv290C: Temperature [ITS-90, deg C]
# name 2 = c0S/m: Conductivity [S/m]
# name 3 = sal00: Salinity, Practical [PSU]
# name 4 = scan: Scan Count
# name 5 = timeM: Time, Elapsed [minutes]
# name 6 = flag:  0.000e+00
# span 0 =     -0.254,     45.474                 
# span 1 =     9.6760,    14.9446                 
# span 2 =   0.000324,   3.816714                 
# span 3 =     0.0082,    32.9070                 
# span 4 =         11,       1360                 
# span 5 =     0.0417,     5.6625                 
# span 6 = 0.0000e+00, 0.0000e+00                 
# interval = seconds: 0.25
# start_time = Jun 07 2024 19:53:26 [NMEA time, header]
# bad_flag = -9.990e-29
*END*
     -0.097    14.9304   0.000344     0.0085         11     0.0417  0.000e+00
     -0.099    14.9308   0.000347     0.0085         12     0.0458  0.000e+00
     -0.099    14.9315   0.000338     0.0085         13     0.0500  0.000e+00
     -0.101    14.9317   0.000344     0.0085         14     0.0542  0.000e+00
     -0.099    14.9318   0.000344     0.0085         15     0.0583  0.000e+00
     -0.101    14.9318   0.000350     0.0085         16     0.0625  0.000e+00
     -0.101    14.9325   0.000344     0.0085         17     0.0667  0.000e+00
     -0.098    14.9330   0.000338     0.0085         18     0.0708  0.000e+00
     -0.100    14.9332   0.000338     0.0085         19     0.0750  0.000e+00
     -0.108    14.9337   0.000338     0.0085         20     0.0792  0.000e+00
     -0.105    14.9334   0.000356     0.0086         21     0.0833  0.000e+00
     -0.113    14.9337   0.000347     0.0085         22     0.0875  0.000e+00
     -0.106    14.9346   0.000338     0.0085         23     0.0917  0.000e+00
     -0.110    14.9350   0.000332     0.0085         24     0.0958  0.000e+00
     -0.105    14.9353   0.000347     0.0085         25     0.1000  0.000e+00
     -0.110    14.9347   0.000344     0.0085         26     0.1042  0.000e+00
     -0.116    14.9350   0.000338     0.0085         27     0.1083  0.000e+00
     -0.112    14.9353   0.000344     0.0085         28     0.1125  0.000e+00
     -0.112    14.9360   0.000344     0.0085         29     0.1167  0.000e+00
     -0.108    14.9365   0.000344     0.0085         30     0.1208  0.000e+00
     -0.111    14.9370   0.000344     0.0085         31     0.1250  0.000e+00
     -0.113    14.9374   0.000344     0.0085         32     0.1292  0.000e+00
     -0.113    14.9379   0.000338     0.0085         33     0.1333  0.000e+00
     -0.108    14.9382   0.000350     0.0085         34     0.1375  0.000e+00
     -0.106    14.9385   0.000344     0.0085         35     0.1417  0.000e+00
     -0.108    14.9390   0.000338     0.0085         36     0.1458  0.000e+00
     -0.104    14.9396   0.000344     0.0085         37     0.1500  0.000e+00
     -0.101    14.9397   0.000338     0.0085         38     0.1542  0.000e+00
     -0.106    14.9399   0.000338     0.0085         39     0.1583  0.000e+00
     -0.110    14.9401   0.000338     0.0085         40     0.1625  0.000e+00
     -0.106    14.9404   0.000344     0.0085         41     0.1667  0.000e+00
     -0.102    14.9401   0.000338     0.0085         42     0.1708  0.000e+00
     -0.106    14.9404   0.000338     0.0085         43     0.1750  0.000e+00
     -0.109    14.9403   0.000338     0.0085         44     0.1792  0.000e+00
     -0.108    14.9407   0.000344     0.0085         45     0.1833  0.000e+00
     -0.108    14.9411   0.000338     0.0085         46     0.1875  0.000e+00
     -0.114    14.9407   0.000338     0.0085         47     0.1917  0.000e+00
     -0.117    14.9406   0.000344     0.0085         48     0.1958  0.000e+00
     -0.117    14.9409   0.000344     0.0085         49     0.2000  0.000e+00
     -0.117    14.9417   0.000350     0.0085         50     0.2042  0.000e+00
     -0.109    14.9418   0.000344     0.0085         51     0.2083  0.000e+00
     -0.115    14.9423   0.000338     0.0085         52     0.2125  0.000e+00
     -0.115    14.9430   0.000338     0.0085         53     0.2167  0.000e+00
     -0.112    14.9432   0.000344     0.0085         54     0.2208  0.000e+00
     -0.112    14.9436   0.000344     0.0085         55     0.2250  0.000e+00
     -0.125    14.9439   0.000338     0.0085         56     0.2292  0.000e+00
     -0.117    14.9443   0.000344     0.0085         57     0.2333  0.000e+00
     -0.108    14.9446   0.000344     0.0085         58     0.2375  0.000e+00
     -0.101    14.9444   0.000350     0.0085         59     0.2417  0.000e+00
     -0.103    14.9434   0.000344     0.0085         60     0.2458  0.000e+00
     -0.108    14.9432   0.000338     0.0085         61     0.2500  0.000e+00
     -0.108    14.9434   0.000338     0.0085         62     0.2542  0.000e+00
     -0.102    14.9431   0.000338     0.0085         63     0.2583  0.000e+00
     -0.102    14.9435   0.000347     0.0085         64     0.2625  0.000e+00
     -0.111    14.9435   0.000344     0.0085         65     0.2667  0.000e+00
     -0.114    14.9439   0.000338     0.0085         66     0.2708  0.000e+00
     -0.104    14.9436   0.000344     0.0085         67     0.2750  0.000e+00
     -0.107    14.9431   0.000350     0.0085         68     0.2792  0.000e+00
     -0.102    14.9437   0.000338     0.0085         69     0.2833  0.000e+00
     -0.111    14.9439   0.000338     0.0085         70     0.2875  0.000e+00
     -0.111    14.9436   0.000332     0.0085         71     0.2917  0.000e+00
     -0.117    14.9419   0.000344     0.0085         72     0.2958  0.000e+00
     -0.117    14.9407   0.000347     0.0085         73     0.3000  0.000e+00
     -0.117    14.9402   0.000344     0.0085         74     0.3042  0.000e+00
     -0.119    14.9380   0.000338     0.0085         75     0.3083  0.000e+00
     -0.113    14.9360   0.000344     0.0085         76     0.3125  0.000e+00
     -0.126    14.9298   0.000344     0.0085         77     0.3167  0.000e+00
     -0.126    14.9211   0.000350     0.0085         78     0.3208  0.000e+00
     -0.120    14.9183   0.000350     0.0085         79     0.3250  0.000e+00
     -0.117    14.9159   0.000344     0.0085         80     0.3292  0.000e+00
     -0.120    14.9151   0.000344     0.0085         81     0.3333  0.000e+00
     -0.123    14.9135   0.000344     0.0085         82     0.3375  0.000e+00
     -0.120    14.9092   0.000344     0.0085         83     0.3417  0.000e+00
     -0.120    14.9071   0.000344     0.0085         84     0.3458  0.000e+00
     -0.107    14.9068   0.000338     0.0085         85     0.3500  0.000e+00
     -0.107    14.9066   0.000353     0.0085         86     0.3542  0.000e+00
     -0.107    14.9065   0.000344     0.0085         87     0.3583  0.000e+00
     -0.112    14.9022   0.000344     0.0085         88     0.3625  0.000e+00
     -0.108    14.8958   0.000344     0.0085         89     0.3667  0.000e+00
     -0.092    14.8904   0.000344     0.0085         90     0.3708  0.000e+00
      0.177    14.8837   0.000356     0.0085         91     0.3750  0.000e+00
      0.476    14.8783   0.000338     0.0085         92     0.3792  0.000e+00
      0.715    14.5095   0.000324     0.0082         93     0.3833  0.000e+00
      0.923    13.5081   0.712013     5.1325         94     0.3875  0.000e+00
      1.085    12.7788   2.917952    24.1663         95     0.3917  0.000e+00
      1.202    12.6318   2.651299    21.8327         96     0.3958  0.000e+00
      1.166    12.8636   1.935118    15.3753         97     0.4000  0.000e+00
      1.051    13.1006   1.460690    11.2548         98     0.4042  0.000e+00
      0.892    13.2640   1.206457     9.1114         99     0.4083  0.000e+00
      0.807    13.4147   2.755869    22.3171        100     0.4125  0.000e+00
      0.771    13.6157   2.677964    21.5115        101     0.4167  0.000e+00
      0.894    13.7696   3.354105    27.4629        102     0.4208  0.000e+00
      1.118    13.8170   3.013467    24.3681        103     0.4250  0.000e+00
      1.394    13.8040   3.715974    30.7408        104     0.4292  0.000e+00
      1.740    13.7772   3.758185    31.1510        105     0.4333  0.000e+00
      2.031    13.7474   3.789153    31.4611        106     0.4375  0.000e+00
      2.309    13.6755   3.816714    31.7753        107     0.4417  0.000e+00
      2.584    13.2983   3.736610    31.3422        108     0.4458  0.000e+00
      2.842    12.6699   3.647911    31.0263        109     0.4500  0.000e+00
      3.093    12.0165   3.609648    31.2037        110     0.4542  0.000e+00
      3.340    11.4847   3.579821    31.3629        111     0.4583  0.000e+00
      3.535    11.0653   3.568994    31.6149        112     0.4625  0.000e+00
      3.665    10.7529   3.559997    31.7961        113     0.4667  0.000e+00
      3.738    10.5366   3.554177    31.9270        114     0.4708  0.000e+00
      3.754    10.3808   3.552113    32.0432        115     0.4750  0.000e+00
      3.772    10.2762   3.537828    31.9921        116     0.4792  0.000e+00
      3.810    10.2111   3.520490    31.8751        117     0.4833  0.000e+00
      3.860    10.1741   3.409269    30.7909        118     0.4875  0.000e+00
      3.937    10.1622   3.472638    31.4367        119     0.4917  0.000e+00
      4.050    10.1919   3.607187    32.7658        120     0.4958  0.000e+00
      4.211    10.2913   3.619399    32.7991        121     0.5000  0.000e+00
      4.420    10.4267   3.642303    32.9070        122     0.5042  0.000e+00
      4.662    10.5655   3.641541    32.7741        123     0.5083  0.000e+00
      4.899    10.6809   3.633329    32.5885        124     0.5125  0.000e+00
      5.130    10.7710   3.616235    32.3382        125     0.5167  0.000e+00
      5.348    10.8320   3.615233    32.2743        126     0.5208  0.000e+00
      5.583    10.7907   3.595503    32.1146        127     0.5250  0.000e+00
      5.845    10.6628   3.569108    31.9643        128     0.5292  0.000e+00
      6.092    10.5161   3.546938    31.8716        129     0.5333  0.000e+00
      6.337    10.3664   3.537121    31.9045        130     0.5375  0.000e+00
      6.568    10.2293   3.529331    31.9468        131     0.5417  0.000e+00
      6.778    10.1239   3.527196    32.0183        132     0.5458  0.000e+00
      6.993    10.0486   3.530045    32.1137        133     0.5500  0.000e+00
      7.207     9.9985   3.526269    32.1199        134     0.5542  0.000e+00
      7.418     9.9662   3.526289    32.1487        135     0.5583  0.000e+00
      7.626     9.9443   3.526830    32.1736        136     0.5625  0.000e+00
      7.819     9.9273   3.525590    32.1762        137     0.5667  0.000e+00
      8.000     9.9128   3.522649    32.1592        138     0.5708  0.000e+00
      8.171     9.9014   3.523424    32.1771        139     0.5750  0.000e+00
      8.326     9.8925   3.521956    32.1701        140     0.5792  0.000e+00
      8.471     9.8845   3.521461    32.1721        141     0.5833  0.000e+00
      8.610     9.8760   3.519721    32.1620        142     0.5875  0.000e+00
      8.745     9.8670   3.518133    32.1538        143     0.5917  0.000e+00
      8.872     9.8593   3.516146    32.1405        144     0.5958  0.000e+00
      8.998     9.8527   3.516705    32.1520        145     0.6000  0.000e+00
      9.126     9.8474   3.514515    32.1344        146     0.6042  0.000e+00
      9.263     9.8427   3.516559    32.1593        147     0.6083  0.000e+00
      9.411     9.8390   3.514407    32.1407        148     0.6125  0.000e+00
      9.565     9.8363   3.514851    32.1476        149     0.6167  0.000e+00
      9.724     9.8340   3.513461    32.1354        150     0.6208  0.000e+00
      9.893     9.8315   3.514426    32.1474        151     0.6250  0.000e+00
     10.078     9.8285   3.510929    32.1144        152     0.6292  0.000e+00
     10.273     9.8251   3.509534    32.1032        153     0.6333  0.000e+00
     10.475     9.8207   3.509223    32.1039        154     0.6375  0.000e+00
     10.674     9.8153   3.506940    32.0854        155     0.6417  0.000e+00
     10.863     9.8093   3.505202    32.0730        156     0.6458  0.000e+00
     11.042     9.8014   3.503402    32.0616        157     0.6500  0.000e+00
     11.198     9.7910   3.502077    32.0574        158     0.6542  0.000e+00
     11.337     9.7817   3.501710    32.0619        159     0.6583  0.000e+00
     11.465     9.7744   3.502483    32.0762        160     0.6625  0.000e+00
     11.590     9.7698   3.503554    32.0911        161     0.6667  0.000e+00
     11.714     9.7668   3.504924    32.1076        162     0.6708  0.000e+00
     11.835     9.7645   3.506573    32.1265        163     0.6750  0.000e+00
     11.963     9.7630   3.508203    32.1443        164     0.6792  0.000e+00
     12.086     9.7607   3.509725    32.1618        165     0.6833  0.000e+00
     12.211     9.7590   3.511788    32.1843        166     0.6875  0.000e+00
     12.348     9.7583   3.514149    32.2089        167     0.6917  0.000e+00
     12.498     9.7584   3.516237    32.2300        168     0.6958  0.000e+00
     12.656     9.7594   3.516117    32.2278        169     0.7000  0.000e+00
     12.821     9.7602   3.512150    32.1867        170     0.7042  0.000e+00
     13.001     9.7612   3.509510    32.1588        171     0.7083  0.000e+00
     13.191     9.7618   3.508013    32.1430        172     0.7125  0.000e+00
     13.393     9.7623   3.506833    32.1304        173     0.7167  0.000e+00
     13.600     9.7623   3.505705    32.1188        174     0.7208  0.000e+00
     13.820     9.7610   3.504151    32.1040        175     0.7250  0.000e+00
     14.035     9.7584   3.501584    32.0801        176     0.7292  0.000e+00
     14.254     9.7549   3.499550    32.0625        177     0.7333  0.000e+00
     14.465     9.7511   3.497909    32.0491        178     0.7375  0.000e+00
     14.662     9.7474   3.496673    32.0398        179     0.7417  0.000e+00
     14.850     9.7448   3.495920    32.0343        180     0.7458  0.000e+00
     15.018     9.7435   3.494982    32.0258        181     0.7500  0.000e+00
     15.161     9.7420   3.494039    32.0175        182     0.7542  0.000e+00
     15.276     9.7404   3.494197    32.0205        183     0.7583  0.000e+00
     15.372     9.7389   3.494723    32.0271        184     0.7625  0.000e+00
     15.461     9.7378   3.495496    32.0359        185     0.7667  0.000e+00
     15.544     9.7371   3.497288    32.0548        186     0.7708  0.000e+00
     15.631     9.7369   3.499512    32.0775        187     0.7750  0.000e+00
     15.714     9.7374   3.501376    32.0961        188     0.7792  0.000e+00
     15.809     9.7378   3.502846    32.1106        189     0.7833  0.000e+00
     15.909     9.7393   3.504260    32.1236        190     0.7875  0.000e+00
     16.017     9.7410   3.505160    32.1312        191     0.7917  0.000e+00
     16.131     9.7428   3.505458    32.1326        192     0.7958  0.000e+00
     16.255     9.7447   3.505636    32.1326        193     0.8000  0.000e+00
     16.382     9.7468   3.506492    32.1395        194     0.8042  0.000e+00
     16.519     9.7489   3.508097    32.1538        195     0.8083  0.000e+00
     16.661     9.7515   3.511142    32.1824        196     0.8125  0.000e+00
     16.813     9.7546   3.511834    32.1867        197     0.8167  0.000e+00
     16.977     9.7582   3.512138    32.1865        198     0.8208  0.000e+00
     17.149     9.7607   3.508160    32.1437        199     0.8250  0.000e+00
     17.328     9.7618   3.503728    32.0975        200     0.8292  0.000e+00
     17.510     9.7615   3.501503    32.0751        201     0.8333  0.000e+00
     17.700     9.7602   3.499830    32.0592        202     0.8375  0.000e+00
     17.893     9.7585   3.498068    32.0426        203     0.8417  0.000e+00
     18.095     9.7566   3.496478    32.0280        204     0.8458  0.000e+00
     18.301     9.7544   3.495325    32.0182        205     0.8500  0.000e+00
     18.505     9.7520   3.494299    32.0098        206     0.8542  0.000e+00
     18.706     9.7495   3.493730    32.0061        207     0.8583  0.000e+00
     18.915     9.7468   3.493362    32.0047        208     0.8625  0.000e+00
     19.121     9.7448   3.493103    32.0038        209     0.8667  0.000e+00
     19.325     9.7440   3.492742    32.0007        210     0.8708  0.000e+00
     19.526     9.7435   3.492894    32.0026        211     0.8750  0.000e+00
     19.717     9.7430   3.492356    31.9975        212     0.8792  0.000e+00
     19.896     9.7425   3.491824    31.9925        213     0.8833  0.000e+00
     20.058     9.7416   3.491356    31.9885        214     0.8875  0.000e+00
     20.195     9.7404   3.490862    31.9844        215     0.8917  0.000e+00
