HB2403/sbe062.cnv
* Sea-Bird SBE 19plus V2 Data File:
* FileName = C:\cruise\data\sbe062.hex
* Software Version Seasave V 7.26.7.121
* Temperature SN = 6128
* Conductivity SN = 6128
* System UpLoad Time = Jun 07 2024 05:18:17
* NMEA Latitude = 40 20.85 N
* NMEA Longitude = 068 21.46 W
* NMEA UTC (Time) = Jun 07 2024  05:18:50
** Ship: Henry Bigelow
** Cruise:  HB2403
** Program:  ECOMON
# nquan = 7
# nvalues = 3406                                  
# units = specified
# name 0 = depSM: Depth [salt water, m]
# name 1 = tv290C: Temperature [ITS-90, deg C]
# name 2 = c0S/m: Conductivity [S/m]
# name 3 = sal00: Salinity, Practical [PSU]
# name 4 = scan: Scan Count
# name 5 = timeM: Time, Elapsed [minutes]
# name 6 = flag:  0.000e+00
# span 0 =     -0.124,    120.889                 
# span 1 =    10.1962,    16.5854                 
# span 2 =   0.000082,   4.053513                 
# span 3 =     0.0085,    34.6007                 
# span 4 =         11,       3416                 
# span 5 =     0.0417,    14.2292                 
# span 6 = 0.0000e+00, 0.0000e+00                 
# interval = seconds: 0.25
# start_time = Jun 07 2024 05:18:50 [NMEA time, header]
# bad_flag = -9.990e-29
*END*
[from data line 1642]
     79.364    10.5064   3.780238    34.1883       1653     6.8833  0.000e+00
     79.337    10.5136   3.780303    34.1822       1654     6.8875  0.000e+00
     79.310    10.5183   3.780140    34.1761       1655     6.8917  0.000e+00
     79.275    10.5205   3.780414    34.1769       1656     6.8958  0.000e+00
     79.241    10.5221   3.779813    34.1693       1657     6.9000  0.000e+00
     79.193    10.5215   3.780061    34.1724       1658     6.9042  0.000e+00
     79.141    10.5215   3.780421    34.1760       1659     6.9083  0.000e+00
     79.085    10.5228   3.780917    34.1798       1660     6.9125  0.000e+00
     79.015    10.5259   3.780839    34.1762       1661     6.9167  0.000e+00
     78.945    10.5281   3.780610    34.1719       1662     6.9208  0.000e+00
     78.867    10.5280   3.780617    34.1720       1663     6.9250  0.000e+00
     78.793    10.5280   3.781081    34.1768       1664     6.9292  0.000e+00
     78.715    10.5295   3.782715    34.1918       1665     6.9333  0.000e+00
     78.643    10.5370   3.783473    34.1924       1666     6.9375  0.000e+00
     78.578    10.5468   3.782982    34.1784       1667     6.9417  0.000e+00
     78.514    10.5510   3.781897    34.1635       1668     6.9458  0.000e+00
     78.458    10.5490   3.782224    34.1687       1669     6.9500  0.000e+00
     78.409    10.5472   3.782113    34.1693       1670     6.9542  0.000e+00
     78.358    10.5468   3.782623    34.1749       1671     6.9583  0.000e+00
     78.312    10.5475   3.781799    34.1659       1672     6.9625  0.000e+00
     78.263    10.5459   3.782603    34.1755       1673     6.9667  0.000e+00
     78.210    10.5465   3.783741    34.1864       1674     6.9708  0.000e+00
     78.155    10.5523   3.783329    34.1769       1675     6.9750  0.000e+00
     78.090    10.5563   3.783047    34.1703       1676     6.9792  0.000e+00
     78.025    10.5572   3.783355    34.1726       1677     6.9833  0.000e+00
     77.967    10.5583   3.784008    34.1782       1678     6.9875  0.000e+00
     77.902    10.5622   3.783962    34.1741       1679     6.9917  0.000e+00
     77.851    10.5646   3.783989    34.1721       1680     6.9958  0.000e+00
     77.804    10.5659   3.784034    34.1714       1681     7.0000  0.000e+00
     77.766    10.5663   3.783936    34.1701       1682     7.0042  0.000e+00
     77.748    10.5670   3.783361    34.1636       1683     7.0083  0.000e+00
     77.735    10.5649   3.783165    34.1636       1684     7.0125  0.000e+00
     77.728    10.5635   3.784793    34.1813       1685     7.0167  0.000e+00
     77.717    10.5676   3.784525    34.1748       1686     7.0208  0.000e+00
     77.708    10.5714   3.784727    34.1732       1687     7.0250  0.000e+00
     77.706    10.5731   3.784734    34.1717       1688     7.0292  0.000e+00
     77.689    10.5747   3.785126    34.1742       1689     7.0333  0.000e+00
     77.671    10.5772   3.785041    34.1710       1690     7.0375  0.000e+00
     77.638    10.5784   3.785374    34.1732       1691     7.0417  0.000e+00
     77.593    10.5809   3.786447    34.1817       1692     7.0458  0.000e+00
     77.537    10.5862   3.786643    34.1787       1693     7.0500  0.000e+00
     77.474    10.5919   3.787689    34.1839       1694     7.0542  0.000e+00
     77.400    10.5986   3.787506    34.1759       1695     7.0583  0.000e+00
     77.311    10.6036   3.787297    34.1691       1696     7.0625  0.000e+00
     77.234    10.6051   3.786989    34.1646       1697     7.0667  0.000e+00
     77.144    10.6049   3.787002    34.1650       1698     7.0708  0.000e+00
     77.050    10.6046   3.787244    34.1678       1699     7.0750  0.000e+00
     76.972    10.6049   3.787048    34.1655       1700     7.0792  0.000e+00
     76.890    10.6051   3.787597    34.1709       1701     7.0833  0.000e+00
     76.809    10.6066   3.787604    34.1696       1702     7.0875  0.000e+00
     76.744    10.6085   3.787506    34.1669       1703     7.0917  0.000e+00
     76.681    10.6090   3.787473    34.1661       1704     7.0958  0.000e+00
     76.628    10.6090   3.787408    34.1654       1705     7.1000  0.000e+00
     76.585    10.6092   3.787447    34.1657       1706     7.1042  0.000e+00
     76.552    10.6090   3.787407    34.1655       1707     7.1083  0.000e+00
     76.524    10.6088   3.787316    34.1647       1708     7.1125  0.000e+00
     76.502    10.6081   3.787113    34.1634       1709     7.1167  0.000e+00
     76.489    10.6071   3.787198    34.1652       1710     7.1208  0.000e+00
     76.474    10.6062   3.787159    34.1656       1711     7.1250  0.000e+00
     76.470    10.6064   3.788467    34.1786       1712     7.1292  0.000e+00
     76.472    10.6111   3.788408    34.1737       1713     7.1333  0.000e+00
     76.463    10.6151   3.788022    34.1660       1714     7.1375  0.000e+00
     76.448    10.6162   3.789016    34.1750       1715     7.1417  0.000e+00
     76.439    10.6193   3.788022    34.1621       1716     7.1458  0.000e+00
     76.419    10.6193   3.786910    34.1509       1717     7.1500  0.000e+00
     76.379    10.6135   3.786708    34.1543       1718     7.1542  0.000e+00
     76.341    10.6079   3.786714    34.1597       1719     7.1583  0.000e+00
     76.289    10.6045   3.786681    34.1626       1720     7.1625  0.000e+00
     76.231    10.6027   3.786642    34.1639       1721     7.1667  0.000e+00
     76.166    10.6013   3.786590    34.1646       1722     7.1708  0.000e+00
     76.095    10.6004   3.786655    34.1662       1723     7.1750  0.000e+00
     76.012    10.5999   3.786374    34.1639       1724     7.1792  0.000e+00
     75.927    10.5991   3.787107    34.1720       1725     7.1833  0.000e+00
     75.831    10.6013   3.788794    34.1869       1726     7.1875  0.000e+00
     75.732    10.6097   3.789755    34.1888       1727     7.1917  0.000e+00
     75.641    10.6195   3.790292    34.1851       1728     7.1958  0.000e+00
     75.545    10.6284   3.790344    34.1773       1729     7.2000  0.000e+00
     75.451    10.6351   3.790645    34.1741       1730     7.2042  0.000e+00
     75.351    10.6396   3.790932    34.1728       1731     7.2083  0.000e+00
     75.256    10.6435   3.790828    34.1681       1732     7.2125  0.000e+00
     75.173    10.6459   3.791639    34.1741       1733     7.2167  0.000e+00
     75.104    10.6497   3.791587    34.1700       1734     7.2208  0.000e+00
     75.045    10.6531   3.791992    34.1709       1735     7.2250  0.000e+00
     74.987    10.6569   3.792437    34.1719       1736     7.2292  0.000e+00
     74.946    10.6610   3.792673    34.1704       1737     7.2333  0.000e+00
     74.909    10.6648   3.792614    34.1663       1738     7.2375  0.000e+00
     74.888    10.6668   3.792529    34.1635       1739     7.2417  0.000e+00
     74.866    10.6678   3.792555    34.1629       1740     7.2458  0.000e+00
     74.857    10.6681   3.792371    34.1608       1741     7.2500  0.000e+00
     74.841    10.6675   3.792319    34.1608       1742     7.2542  0.000e+00
     74.822    10.6666   3.792214    34.1607       1743     7.2583  0.000e+00
     74.802    10.6657   3.791822    34.1575       1744     7.2625  0.000e+00
     74.777    10.6638   3.792123    34.1624       1745     7.2667  0.000e+00
     74.741    10.6631   3.792221    34.1640       1746     7.2708  0.000e+00
     74.704    10.6637   3.793085    34.1721       1747     7.2750  0.000e+00
     74.657    10.6671   3.793091    34.1691       1748     7.2792  0.000e+00
     74.603    10.6706   3.793510    34.1699       1749     7.2833  0.000e+00
     74.546    10.6746   3.793706    34.1683       1750     7.2875  0.000e+00
     74.486    10.6785   3.794184    34.1694       1751     7.2917  0.000e+00
     74.419    10.6830   3.794766    34.1711       1752     7.2958  0.000e+00
     74.345    10.6888   3.795552    34.1736       1753     7.3000  0.000e+00
     74.274    10.6981   3.795421    34.1636       1754     7.3042  0.000e+00
     74.195    10.7047   3.795597    34.1592       1755     7.3083  0.000e+00
     74.115    10.7120   3.795519    34.1516       1756     7.3125  0.000e+00
     74.040    10.7186   3.795525    34.1456       1757     7.3167  0.000e+00
     73.965    10.7235   3.795610    34.1418       1758     7.3208  0.000e+00
     73.885    10.7279   3.796199    34.1437       1759     7.3250  0.000e+00
     73.806    10.7331   3.796572    34.1426       1760     7.3292  0.000e+00
     73.745    10.7382   3.796873    34.1409       1761     7.3333  0.000e+00
     73.674    10.7422   3.796808    34.1365       1762     7.3375  0.000e+00
     73.618    10.7447   3.797299    34.1392       1763     7.3417  0.000e+00
     73.558    10.7476   3.797868    34.1422       1764     7.3458  0.000e+00
     73.491    10.7516   3.798333    34.1432       1765     7.3500  0.000e+00
     73.432    10.7556   3.798438    34.1405       1766     7.3542  0.000e+00
     73.373    10.7590   3.798981    34.1427       1767     7.3583  0.000e+00
     73.305    10.7622   3.798883    34.1388       1768     7.3625  0.000e+00
     73.244    10.7648   3.798981    34.1374       1769     7.3667  0.000e+00
     73.187    10.7662   3.798929    34.1356       1770     7.3708  0.000e+00
     73.128    10.7671   3.799092    34.1365       1771     7.3750  0.000e+00
     73.074    10.7681   3.799387    34.1385       1772     7.3792  0.000e+00
     73.027    10.7696   3.799544    34.1386       1773     7.3833  0.000e+00
     72.974    10.7710   3.799361    34.1355       1774     7.3875  0.000e+00
     72.927    10.7717   3.799727    34.1386       1775     7.3917  0.000e+00
     72.877    10.7725   3.799970    34.1402       1776     7.3958  0.000e+00
     72.829    10.7745   3.800081    34.1395       1777     7.4000  0.000e+00
     72.781    10.7761   3.800055    34.1379       1778     7.4042  0.000e+00
     72.722    10.7769   3.799898    34.1355       1779     7.4083  0.000e+00
     72.652    10.7768   3.799989    34.1365       1780     7.4125  0.000e+00
     72.582    10.7769   3.799897    34.1355       1781     7.4167  0.000e+00
     72.510    10.7768   3.799675    34.1335       1782     7.4208  0.000e+00
     72.431    10.7764   3.800461    34.1418       1783     7.4250  0.000e+00
     72.349    10.7778   3.800598    34.1418       1784     7.4292  0.000e+00
     72.275    10.7801   3.800624    34.1400       1785     7.4333  0.000e+00
     72.208    10.7815   3.800821    34.1407       1786     7.4375  0.000e+00
     72.146    10.7828   3.800578    34.1371       1787     7.4417  0.000e+00
     72.092    10.7834   3.801338    34.1442       1788     7.4458  0.000e+00
     72.054    10.7854   3.801286    34.1418       1789     7.4500  0.000e+00
     72.023    10.7872   3.801672    34.1440       1790     7.4542  0.000e+00
     72.005    10.7895   3.801901    34.1441       1791     7.4583  0.000e+00
     71.987    10.7919   3.802032    34.1432       1792     7.4625  0.000e+00
     71.980    10.7937   3.801665    34.1378       1793     7.4667  0.000e+00
     71.965    10.7939   3.801227    34.1333       1794     7.4708  0.000e+00
     71.963    10.7923   3.801004    34.1326       1795     7.4750  0.000e+00
     71.945    10.7899   3.800958    34.1343       1796     7.4792  0.000e+00
     71.924    10.7886   3.800886    34.1349       1797     7.4833  0.000e+00
     71.891    10.7872   3.800886    34.1362       1798     7.4875  0.000e+00
     71.859    10.7870   3.802982    34.1574       1799     7.4917  0.000e+00
     71.807    10.7926   3.802844    34.1508       1800     7.4958  0.000e+00
     71.760    10.7975   3.802628    34.1441       1801     7.5000  0.000e+00
     71.685    10.7994   3.803244    34.1485       1802     7.5042  0.000e+00
     71.613    10.8023   3.803879    34.1522       1803     7.5083  0.000e+00
     71.541    10.8062   3.803964    34.1494       1804     7.5125  0.000e+00
     71.459    10.8098   3.808060    34.1871       1805     7.5167  0.000e+00
     71.374    10.8217   3.807876    34.1741       1806     7.5208  0.000e+00
     71.290    10.8340   3.807490    34.1588       1807     7.5250  0.000e+00
     71.209    10.8392   3.807496    34.1541       1808     7.5292  0.000e+00
     71.137    10.8416   3.807470    34.1516       1809     7.5333  0.000e+00
     71.077    10.8427   3.806755    34.1435       1810     7.5375  0.000e+00
     71.025    10.8420   3.806998    34.1465       1811     7.5417  0.000e+00
     70.981    10.8407   3.806683    34.1447       1812     7.5458  0.000e+00
     70.952    10.8393   3.805471    34.1339       1813     7.5500  0.000e+00
     70.929    10.8349   3.805222    34.1354       1814     7.5542  0.000e+00
     70.920    10.8305   3.804639    34.1338       1815     7.5583  0.000e+00
     70.914    10.8269   3.808132    34.1721       1816     7.5625  0.000e+00
     70.912    10.8338   3.807719    34.1615       1817     7.5667  0.000e+00
     70.910    10.8397   3.809593    34.1747       1818     7.5708  0.000e+00
     70.906    10.8475   3.809567    34.1672       1819     7.5750  0.000e+00
     70.908    10.8547   3.808793    34.1527       1820     7.5792  0.000e+00
     70.908    10.8562   3.808485    34.1482       1821     7.5833  0.000e+00
     70.896    10.8561   3.810229    34.1658       1822     7.5875  0.000e+00
     70.883    10.8602   3.810963    34.1693       1823     7.5917  0.000e+00
     70.865    10.8660   3.811724    34.1715       1824     7.5958  0.000e+00
     70.849    10.8727   3.812039    34.1684       1825     7.6000  0.000e+00
     70.825    10.8777   3.810399    34.1473       1826     7.6042  0.000e+00
     70.801    10.8770   3.811094    34.1550       1827     7.6083  0.000e+00
     70.781    10.8759   3.811553    34.1606       1828     7.6125  0.000e+00
     70.750    10.8773   3.811278    34.1565       1829     7.6167  0.000e+00
     70.721    10.8782   3.811035    34.1533       1830     7.6208  0.000e+00
     70.699    10.8777   3.810983    34.1532       1831     7.6250  0.000e+00
     70.666    10.8770   3.809927    34.1434       1832     7.6292  0.000e+00
     70.632    10.8742   3.810917    34.1559       1833     7.6333  0.000e+00
     70.589    10.8734   3.811953    34.1670       1834     7.6375  0.000e+00
     70.538    10.8766   3.812052    34.1650       1835     7.6417  0.000e+00
     70.478    10.8810   3.812051    34.1610       1836     7.6458  0.000e+00
     70.411    10.8833   3.811704    34.1554       1837     7.6500  0.000e+00
     70.339    10.8832   3.811671    34.1551       1838     7.6542  0.000e+00
     70.254    10.8825   3.812064    34.1598       1839     7.6583  0.000e+00
     70.152    10.8830   3.810891    34.1476       1840     7.6625  0.000e+00
     70.055    10.8814   3.810445    34.1447       1841     7.6667  0.000e+00
     69.952    10.8777   3.810825    34.1520       1842     7.6708  0.000e+00
     69.862    10.8759   3.810753    34.1530       1843     7.6750  0.000e+00
     69.762    10.8754   3.811500    34.1610       1844     7.6792  0.000e+00
     69.677    10.8770   3.812359    34.1681       1845     7.6833  0.000e+00
     69.594    10.8814   3.813959    34.1800       1846     7.6875  0.000e+00
     69.529    10.8889   3.815934    34.1927       1847     7.6917  0.000e+00
     69.478    10.9017   3.819011    34.2115       1848     7.6958  0.000e+00
     69.440    10.9186   3.819844    34.2042       1849     7.7000  0.000e+00
     69.418    10.9339   3.819667    34.1881       1850     7.7042  0.000e+00
     69.413    10.9428   3.819561    34.1787       1851     7.7083  0.000e+00
     69.415    10.9469   3.818741    34.1667       1852     7.7125  0.000e+00
     69.424    10.9478   3.820506    34.1835       1853     7.7167  0.000e+00
     69.441    10.9515   3.820047    34.1755       1854     7.7208  0.000e+00
     69.463    10.9538   3.819463    34.1675       1855     7.7250  0.000e+00
     69.486    10.9537   3.819962    34.1725       1856     7.7292  0.000e+00
