HB2403/sbe086.cnv
* Sea-Bird SBE 19plus V2 Data File:
* FileName = C:\cruise\data\sbe086.hex
* Software Version Seasave V 7.26.7.121
* Temperature SN = 6128
* Conductivity SN = 6128
* System UpLoad Time = Jun 09 2024 05:39:06
* NMEA Latitude = 41 50.06 N
* NMEA Longitude = 067 19.19 W
* NMEA UTC (Time) = Jun 09 2024  05:39:41
** Ship: Henry Bigelow
** Cruise:  HB2403
** Program:  ECOMON
# nquan = 7
# nvalues = 1439                                  
# units = specified
# name 0 = depSM: Depth [salt water, m]
# name 1 = tv290C: Temperature [ITS-90, deg C]
# name 2 = c0S/m: Conductivity [S/m]
# name 3 = sal00: Salinity, Practical [PSU]
# name 4 = scan: Scan Count
# name 5 = timeM: Time, Elapsed [minutes]
# name 6 = flag:  0.000e+00
# span 0 =     -0.042,     41.802                 
# span 1 =    10.5836,    12.4436                 
# span 2 =   0.000598,   3.652488                 
# span 3 =     0.0086,    32.2739                 
# span 4 =         11,       1449                 
# span 5 =     0.0417,     6.0333                 
# span 6 = 0.0000e+00, 0.0000e+00                 
# interval = seconds: 0.25
# start_time = Jun 09 2024 05:39:41 [NMEA time, header]
# bad_flag = -9.990e-29
*END*
[from data line 206]
     12.525    10.7072   3.594007    32.1702        217     0.9000  0.000e+00
     12.730    10.7337   3.591049    32.1174        218     0.9042  0.000e+00
     12.945    10.7563   3.586511    32.0524        219     0.9083  0.000e+00
     13.161    10.7763   3.584316    32.0130        220     0.9125  0.000e+00
     13.389    10.7764   3.580689    31.9768        221     0.9167  0.000e+00
     13.614    10.7609   3.577224    31.9559        222     0.9208  0.000e+00
     13.824    10.7423   3.575422    31.9542        223     0.9250  0.000e+00
     14.008    10.7251   3.573269    31.9477        224     0.9292  0.000e+00
     14.165    10.7081   3.570688    31.9369        225     0.9333  0.000e+00
     14.290    10.6920   3.568958    31.9337        226     0.9375  0.000e+00
     14.394    10.6780   3.568523    31.9416        227     0.9417  0.000e+00
     14.486    10.6677   3.568370    31.9490        228     0.9458  0.000e+00
     14.564    10.6605   3.569111    31.9626        229     0.9500  0.000e+00
     14.645    10.6555   3.570932    31.9852        230     0.9542  0.000e+00
     14.730    10.6523   3.571916    31.9976        231     0.9583  0.000e+00
     14.791    10.6507   3.572682    32.0066        232     0.9625  0.000e+00
     14.856    10.6500   3.574522    32.0256        233     0.9667  0.000e+00
     14.928    10.6497   3.578140    32.0618        234     0.9708  0.000e+00
     15.018    10.6502   3.581875    32.0986        235     0.9750  0.000e+00
     15.118    10.6509   3.583634    32.1154        236     0.9792  0.000e+00
     15.239    10.6530   3.583941    32.1165        237     0.9833  0.000e+00
     15.370    10.6589   3.583787    32.1098        238     0.9875  0.000e+00
     15.509    10.6722   3.584427    32.1044        239     0.9917  0.000e+00
     15.672    10.6916   3.585348    32.0964        240     0.9958  0.000e+00
     15.843    10.7114   3.586096    32.0865        241     1.0000  0.000e+00
     16.022    10.7279   3.586230    32.0733        242     1.0042  0.000e+00
     16.209    10.7414   3.584669    32.0458        243     1.0083  0.000e+00
     16.395    10.7479   3.582072    32.0142        244     1.0125  0.000e+00
     16.588    10.7472   3.579681    31.9910        245     1.0167  0.000e+00
     16.769    10.7422   3.577660    31.9752        246     1.0208  0.000e+00
     16.941    10.7314   3.576580    31.9739        247     1.0250  0.000e+00
     17.101    10.7186   3.575858    31.9778        248     1.0292  0.000e+00
     17.241    10.7074   3.574695    31.9760        249     1.0333  0.000e+00
     17.358    10.6982   3.573801    31.9751        250     1.0375  0.000e+00
     17.472    10.6914   3.573820    31.9812        251     1.0417  0.000e+00
     17.569    10.6844   3.575948    32.0084        252     1.0458  0.000e+00
     17.663    10.6794   3.581306    32.0661        253     1.0500  0.000e+00
     17.760    10.6767   3.584427    32.0995        254     1.0542  0.000e+00
     17.864    10.6758   3.587966    32.1355        255     1.0583  0.000e+00
     17.981    10.6776   3.589444    32.1486        256     1.0625  0.000e+00
     18.104    10.6838   3.589976    32.1483        257     1.0667  0.000e+00
     18.239    10.6972   3.589777    32.1345        258     1.0708  0.000e+00
     18.382    10.7173   3.589111    32.1102        259     1.0750  0.000e+00
     18.533    10.7402   3.588893    32.0878        260     1.0792  0.000e+00
     18.683    10.7633   3.588848    32.0671        261     1.0833  0.000e+00
     18.833    10.7831   3.588055    32.0418        262     1.0875  0.000e+00
     18.981    10.7980   3.586755    32.0158        263     1.0917  0.000e+00
     19.118    10.8032   3.585149    31.9952        264     1.0958  0.000e+00
     19.231    10.7994   3.583723    31.9844        265     1.1000  0.000e+00
     19.331    10.7877   3.582137    31.9788        266     1.1042  0.000e+00
     19.410    10.7725   3.580033    31.9712        267     1.1083  0.000e+00
     19.459    10.7541   3.576868    31.9558        268     1.1125  0.000e+00
     19.502    10.7360   3.573341    31.9366        269     1.1167  0.000e+00
     19.527    10.7174   3.570818    31.9278        270     1.1208  0.000e+00
     19.536    10.6993   3.569508    31.9305        271     1.1250  0.000e+00
     19.556    10.6829   3.569004    31.9399        272     1.1292  0.000e+00
     19.583    10.6694   3.569004    31.9516        273     1.1333  0.000e+00
     19.612    10.6599   3.570691    31.9767        274     1.1375  0.000e+00
     19.664    10.6538   3.578404    32.0589        275     1.1417  0.000e+00
     19.743    10.6500   3.581000    32.0880        276     1.1458  0.000e+00
     19.857    10.6492   3.563099    31.9105        277     1.1500  0.000e+00
     19.993    10.6473   3.561268    31.8938        278     1.1542  0.000e+00
     20.146    10.6418   3.561268    31.8986        279     1.1583  0.000e+00
     20.325    10.6381   3.561268    31.9017        280     1.1625  0.000e+00
     20.515    10.6362   3.561115    31.9018        281     1.1667  0.000e+00
     20.714    10.6344   3.561179    31.9040        282     1.1708  0.000e+00
     20.919    10.6336   3.561051    31.9033        283     1.1750  0.000e+00
     21.122    10.6328   3.560917    31.9026        284     1.1792  0.000e+00
     21.318    10.6318   3.560943    31.9036        285     1.1833  0.000e+00
     21.499    10.6312   3.561007    31.9047        286     1.1875  0.000e+00
     21.649    10.6312   3.561115    31.9057        287     1.1917  0.000e+00
     21.765    10.6317   3.561160    31.9057        288     1.1958  0.000e+00
     21.853    10.6323   3.561268    31.9062        289     1.2000  0.000e+00
     21.929    10.6333   3.561511    31.9077        290     1.2042  0.000e+00
     21.982    10.6348   3.561422    31.9055        291     1.2083  0.000e+00
     22.030    10.6355   3.561313    31.9037        292     1.2125  0.000e+00
     22.068    10.6354   3.561115    31.9019        293     1.2167  0.000e+00
     22.101    10.6345   3.560879    31.9002        294     1.2208  0.000e+00
     22.127    10.6330   3.560745    31.9003        295     1.2250  0.000e+00
     22.162    10.6312   3.560726    31.9016        296     1.2292  0.000e+00
     22.214    10.6300   3.560656    31.9019        297     1.2333  0.000e+00
     22.281    10.6291   3.560573    31.9019        298     1.2375  0.000e+00
     22.360    10.6283   3.560528    31.9021        299     1.2417  0.000e+00
     22.460    10.6274   3.560503    31.9025        300     1.2458  0.000e+00
     22.573    10.6267   3.560439    31.9025        301     1.2500  0.000e+00
     22.696    10.6262   3.560439    31.9029        302     1.2542  0.000e+00
     22.830    10.6258   3.560395    31.9028        303     1.2583  0.000e+00
     22.967    10.6253   3.560376    31.9029        304     1.2625  0.000e+00
     23.113    10.6250   3.560395    31.9034        305     1.2667  0.000e+00
     23.263    10.6250   3.560503    31.9044        306     1.2708  0.000e+00
     23.417    10.6251   3.560503    31.9042        307     1.2750  0.000e+00
     23.575    10.6255   3.560548    31.9042        308     1.2792  0.000e+00
     23.733    10.6258   3.560593    31.9043        309     1.2833  0.000e+00
     23.890    10.6262   3.560574    31.9037        310     1.2875  0.000e+00
     24.029    10.6265   3.560574    31.9034        311     1.2917  0.000e+00
     24.164    10.6266   3.560638    31.9039        312     1.2958  0.000e+00
     24.296    10.6270   3.560759    31.9047        313     1.3000  0.000e+00
     24.404    10.6276   3.560746    31.9040        314     1.3042  0.000e+00
     24.509    10.6279   3.560701    31.9033        315     1.3083  0.000e+00
     24.601    10.6281   3.560746    31.9035        316     1.3125  0.000e+00
     24.677    10.6282   3.560855    31.9044        317     1.3167  0.000e+00
     24.763    10.6288   3.560919    31.9045        318     1.3208  0.000e+00
     24.848    10.6297   3.560963    31.9042        319     1.3250  0.000e+00
     24.942    10.6302   3.560963    31.9037        320     1.3292  0.000e+00
     25.036    10.6305   3.561053    31.9042        321     1.3333  0.000e+00
     25.137    10.6311   3.561116    31.9043        322     1.3375  0.000e+00
     25.240    10.6317   3.561180    31.9044        323     1.3417  0.000e+00
     25.341    10.6325   3.561378    31.9056        324     1.3458  0.000e+00
     25.442    10.6336   3.561423    31.9050        325     1.3500  0.000e+00
     25.546    10.6347   3.561295    31.9027        326     1.3542  0.000e+00
     25.649    10.6350   3.561225    31.9018        327     1.3583  0.000e+00
     25.754    10.6345   3.561129    31.9012        328     1.3625  0.000e+00
     25.850    10.6338   3.561117    31.9017        329     1.3667  0.000e+00
     25.954    10.6333   3.560989    31.9008        330     1.3708  0.000e+00
     26.061    10.6326   3.561072    31.9022        331     1.3750  0.000e+00
     26.182    10.6321   3.561142    31.9032        332     1.3792  0.000e+00
     26.307    10.6324   3.561161    31.9031        333     1.3833  0.000e+00
     26.431    10.6328   3.561162    31.9027        334     1.3875  0.000e+00
     26.567    10.6328   3.561162    31.9026        335     1.3917  0.000e+00
     26.706    10.6328   3.561162    31.9026        336     1.3958  0.000e+00
     26.865    10.6329   3.561162    31.9025        337     1.4000  0.000e+00
     27.029    10.6328   3.561162    31.9024        338     1.4042  0.000e+00
     27.199    10.6328   3.561226    31.9030        339     1.4083  0.000e+00
     27.372    10.6329   3.561207    31.9027        340     1.4125  0.000e+00
     27.535    10.6330   3.561117    31.9017        341     1.4167  0.000e+00
     27.690    10.6326   3.561079    31.9016        342     1.4208  0.000e+00
     27.837    10.6322   3.561098    31.9020        343     1.4250  0.000e+00
     27.972    10.6320   3.561117    31.9023        344     1.4292  0.000e+00
     28.096    10.6318   3.561098    31.9022        345     1.4333  0.000e+00
     28.199    10.6316   3.561143    31.9029        346     1.4375  0.000e+00
     28.290    10.6315   3.561098    31.9024        347     1.4417  0.000e+00
     28.378    10.6315   3.560964    31.9011        348     1.4458  0.000e+00
     28.448    10.6311   3.560945    31.9012        349     1.4500  0.000e+00
     28.517    10.6304   3.560920    31.9016        350     1.4542  0.000e+00
     28.578    10.6300   3.560945    31.9021        351     1.4583  0.000e+00
     28.647    10.6297   3.560945    31.9024        352     1.4625  0.000e+00
     28.719    10.6297   3.560945    31.9023        353     1.4667  0.000e+00
     28.802    10.6295   3.561009    31.9031        354     1.4708  0.000e+00
     28.890    10.6298   3.561099    31.9036        355     1.4750  0.000e+00
     28.989    10.6305   3.561226    31.9043        356     1.4792  0.000e+00
     29.107    10.6313   3.561309    31.9044        357     1.4833  0.000e+00
     29.233    10.6325   3.561443    31.9046        358     1.4875  0.000e+00
     29.381    10.6333   3.561379    31.9032        359     1.4917  0.000e+00
     29.544    10.6338   3.560946    31.8983        360     1.4958  0.000e+00
     29.702    10.6323   3.560639    31.8966        361     1.5000  0.000e+00
     29.869    10.6297   3.560423    31.8966        362     1.5042  0.000e+00
     30.033    10.6269   3.559982    31.8946        363     1.5083  0.000e+00
     30.199    10.6234   3.559829    31.8960        364     1.5125  0.000e+00
     30.367    10.6203   3.559657    31.8970        365     1.5167  0.000e+00
     30.538    10.6174   3.559485    31.8977        366     1.5208  0.000e+00
     30.704    10.6151   3.559396    31.8988        367     1.5250  0.000e+00
     30.872    10.6129   3.559332    31.9000        368     1.5292  0.000e+00
     31.035    10.6116   3.559288    31.9006        369     1.5333  0.000e+00
     31.186    10.6104   3.559288    31.9016        370     1.5375  0.000e+00
     31.336    10.6097   3.559313    31.9024        371     1.5417  0.000e+00
     31.471    10.6093   3.559288    31.9024        372     1.5458  0.000e+00
     31.598    10.6092   3.559243    31.9021        373     1.5500  0.000e+00
     31.713    10.6088   3.559179    31.9017        374     1.5542  0.000e+00
     31.822    10.6083   3.559116    31.9015        375     1.5583  0.000e+00
     31.921    10.6076   3.559071    31.9016        376     1.5625  0.000e+00
     32.024    10.6069   3.559026    31.9017        377     1.5667  0.000e+00
     32.116    10.6064   3.558982    31.9017        378     1.5708  0.000e+00
     32.206    10.6058   3.559046    31.9028        379     1.5750  0.000e+00
     32.295    10.6056   3.559046    31.9029        380     1.5792  0.000e+00
     32.381    10.6057   3.559046    31.9028        381     1.5833  0.000e+00
     32.472    10.6057   3.559154    31.9038        382     1.5875  0.000e+00
     32.566    10.6062   3.559180    31.9037        383     1.5917  0.000e+00
     32.680    10.6066   3.559473    31.9061        384     1.5958  0.000e+00
     32.797    10.6081   3.559830    31.9084        385     1.6000  0.000e+00
     32.924    10.6105   3.559569    31.9036        386     1.6042  0.000e+00
     33.066    10.6114   3.559486    31.9019        387     1.6083  0.000e+00
     33.218    10.6111   3.559614    31.9034        388     1.6125  0.000e+00
     33.381    10.6117   3.559678    31.9034        389     1.6167  0.000e+00
     33.548    10.6119   3.559569    31.9021        390     1.6208  0.000e+00
     33.721    10.6119   3.559812    31.9044        391     1.6250  0.000e+00
     33.895    10.6126   3.560092    31.9065        392     1.6292  0.000e+00
     34.063    10.6145   3.560163    31.9055        393     1.6333  0.000e+00
     34.226    10.6160   3.560226    31.9048        394     1.6375  0.000e+00
     34.370    10.6172   3.560271    31.9041        395     1.6417  0.000e+00
     34.511    10.6180   3.560290    31.9035        396     1.6458  0.000e+00
     34.641    10.6185   3.560335    31.9035        397     1.6500  0.000e+00
     34.771    10.6189   3.560348    31.9032        398     1.6542  0.000e+00
     34.896    10.6194   3.560054    31.8998        399     1.6583  0.000e+00
     35.022    10.6185   3.559857    31.8986        400     1.6625  0.000e+00
     35.159    10.6167   3.559614    31.8977        401     1.6667  0.000e+00
     35.296    10.6144   3.559244    31.8960        402     1.6708  0.000e+00
     35.442    10.6116   3.559091    31.8968        403     1.6750  0.000e+00
     35.596    10.6085   3.558964    31.8982        404     1.6792  0.000e+00
     35.760    10.6065   3.559091    31.9011        405     1.6833  0.000e+00
     35.923    10.6056   3.559092    31.9019        406     1.6875  0.000e+00
     36.091    10.6050   3.559047    31.9018        407     1.6917  0.000e+00
     36.264    10.6045   3.559002    31.9018        408     1.6958  0.000e+00
     36.429    10.6041   3.559028    31.9023        409     1.7000  0.000e+00
     36.589    10.6041   3.559551    31.9075        410     1.7042  0.000e+00
     36.736    10.6056   3.559487    31.9055        411     1.7083  0.000e+00
     36.866    10.6072   3.559475    31.9038        412     1.7125  0.000e+00
     36.976    10.6079   3.559551    31.9039        413     1.7167  0.000e+00
     37.080    10.6086   3.559398    31.9018        414     1.7208  0.000e+00
     37.169    10.6083   3.558767    31.8957        415     1.7250  0.000e+00
     37.265    10.6053   3.558703    31.8977        416     1.7292  0.000e+00
     37.360    10.6026   3.558199    31.8950        417     1.7333  0.000e+00
     37.454    10.5991   3.558046    31.8965        418     1.7375  0.000e+00
     37.550    10.5960   3.557982    31.8985        419     1.7417  0.000e+00
     37.654    10.5937   3.557938    31.9000        420     1.7458  0.000e+00
