HB2403/sbe096.cnv
* Sea-Bird SBE 19plus V2 Data File:
* FileName = C:\cruise\data\sbe096.hex
* Software Version Seasave V 7.26.7.121
* Temperature SN = 6128
* Conductivity SN = 6128
* System UpLoad Time = Jun 10 2024 06:33:21
* NMEA Latitude = 42 41.45 N
* NMEA Longitude = 067 00.90 W
* NMEA UTC (Time) = Jun 10 2024  06:33:57
** Ship: Henry Bigelow
** Cruise:  HB2403
** Program:  ECOMON
# nquan = 7
# nvalues = 4859                                  
# units = specified
# name 0 = depSM: Depth [salt water, m]
# name 1 = tv290C: Temperature [ITS-90, deg C]
# name 2 = c0S/m: Conductivity [S/m]
# name 3 = sal00: Salinity, Practical [PSU]
# name 4 = scan: Scan Count
# name 5 = timeM: Time, Elapsed [minutes]
# name 6 = flag:  0.000e+00
# span 0 =     -0.228,    200.488                 
# span 1 =     5.2435,    13.0021                 
# span 2 =   0.005367,   3.765977                 
# span 3 =     0.0352,    34.8564                 
# span 4 =         11,       4869                 
# span 5 =     0.0417,    20.2833                 
# span 6 = 0.0000e+00, 0.0000e+00                 
# interval = seconds: 0.25
# start_time = Jun 10 2024 06:33:57 [NMEA time, header]
# bad_flag = -9.990e-29
*END*
[from data line 1436]
    193.218     9.5945   3.760744    34.8069       1447     6.0250  0.000e+00
    193.379     9.5930   3.760744    34.8083       1448     6.0292  0.000e+00
    193.534     9.5917   3.760725    34.8092       1449     6.0333  0.000e+00
    193.694     9.5909   3.760725    34.8100       1450     6.0375  0.000e+00
    193.856     9.5902   3.760725    34.8106       1451     6.0417  0.000e+00
    194.022     9.5897   3.760725    34.8110       1452     6.0458  0.000e+00
    194.194     9.5893   3.760745    34.8115       1453     6.0500  0.000e+00
    194.370     9.5891   3.760764    34.8118       1454     6.0542  0.000e+00
    194.539     9.5890   3.760771    34.8119       1455     6.0583  0.000e+00
    194.714     9.5883   3.760725    34.8120       1456     6.0625  0.000e+00
    194.888     9.5873   3.760726    34.8129       1457     6.0667  0.000e+00
    195.057     9.5864   3.760654    34.8130       1458     6.0708  0.000e+00
    195.229     9.5856   3.760543    34.8125       1459     6.0750  0.000e+00
    195.390     9.5843   3.760537    34.8136       1460     6.0792  0.000e+00
    195.540     9.5827   3.760491    34.8146       1461     6.0833  0.000e+00
    195.686     9.5815   3.760432    34.8152       1462     6.0875  0.000e+00
    195.828     9.5806   3.760302    34.8146       1463     6.0917  0.000e+00
    195.963     9.5788   3.760126    34.8144       1464     6.0958  0.000e+00
    196.095     9.5771   3.760093    34.8157       1465     6.1000  0.000e+00
    196.229     9.5756   3.759722    34.8133       1466     6.1042  0.000e+00
    196.374     9.5730   3.759442    34.8128       1467     6.1083  0.000e+00
    196.513     9.5691   3.759096    34.8130       1468     6.1125  0.000e+00
    196.648     9.5649   3.758751    34.8134       1469     6.1167  0.000e+00
    196.787     9.5600   3.758373    34.8142       1470     6.1208  0.000e+00
    196.926     9.5550   3.758047    34.8156       1471     6.1250  0.000e+00
    197.069     9.5502   3.757779    34.8174       1472     6.1292  0.000e+00
    197.222     9.5460   3.756489    34.8081       1473     6.1333  0.000e+00
    197.369     9.5381   3.753530    34.7851       1474     6.1375  0.000e+00
    197.519     9.5229   3.754051    34.8052       1475     6.1417  0.000e+00
    197.675     9.5117   3.752168    34.7965       1476     6.1458  0.000e+00
    197.833     9.4999   3.751315    34.7991       1477     6.1500  0.000e+00
    197.988     9.4880   3.750781    34.8050       1478     6.1542  0.000e+00
    198.152     9.4783   3.750013    34.8064       1479     6.1583  0.000e+00
    198.320     9.4695   3.749733    34.8119       1480     6.1625  0.000e+00
    198.488     9.4627   3.749296    34.8140       1481     6.1667  0.000e+00
    198.658     9.4569   3.748515    34.8114       1482     6.1708  0.000e+00
    198.829     9.4506   3.747115    34.8029       1483     6.1750  0.000e+00
    199.001     9.4426   3.746464    34.8040       1484     6.1792  0.000e+00
    199.177     9.4341   3.746106    34.8084       1485     6.1833  0.000e+00
    199.348     9.4274   3.745748    34.8111       1486     6.1875  0.000e+00
    199.520     9.4218   3.745468    34.8135       1487     6.1917  0.000e+00
    199.695     9.4174   3.745468    34.8178       1488     6.1958  0.000e+00
    199.856     9.4143   3.745312    34.8191       1489     6.2000  0.000e+00
    200.020     9.4122   3.745266    34.8206       1490     6.2042  0.000e+00
    200.177     9.4109   3.745423    34.8234       1491     6.2083  0.000e+00
    200.338     9.4105   3.745169    34.8211       1492     6.2125  0.000e+00
    200.444     9.4095   3.744850    34.8187       1493     6.2167  0.000e+00
    200.488     9.4081   3.745097    34.8226       1494     6.2208  0.000e+00
    200.471     9.4074   3.744661    34.8188       1495     6.2250  0.000e+00
    200.395     9.4059   3.744498    34.8185       1496     6.2292  0.000e+00
    200.358     9.4040   3.744362    34.8190       1497     6.2333  0.000e+00
    200.345     9.4025   3.744231    34.8191       1498     6.2375  0.000e+00
    200.346     9.4010   3.744127    34.8195       1499     6.2417  0.000e+00
    200.341     9.3996   3.743945    34.8190       1500     6.2458  0.000e+00
    200.324     9.3981   3.743639    34.8172       1501     6.2500  0.000e+00
    200.313     9.3966   3.743366    34.8159       1502     6.2542  0.000e+00
    200.311     9.3944   3.743223    34.8165       1503     6.2583  0.000e+00
    200.315     9.3923   3.743288    34.8193       1504     6.2625  0.000e+00
    200.318     9.3912   3.743385    34.8214       1505     6.2667  0.000e+00
    200.320     9.3908   3.743385    34.8218       1506     6.2708  0.000e+00
    200.315     9.3908   3.743353    34.8214       1507     6.2750  0.000e+00
    200.297     9.3908   3.743177    34.8196       1508     6.2792  0.000e+00
    200.267     9.3901   3.743197    34.8205       1509     6.2833  0.000e+00
    200.244     9.3898   3.743249    34.8213       1510     6.2875  0.000e+00
    200.220     9.3898   3.743945    34.8286       1511     6.2917  0.000e+00
    200.191     9.3917   3.744739    34.8349       1512     6.2958  0.000e+00
    200.160     9.3959   3.744961    34.8332       1513     6.3000  0.000e+00
    200.120     9.4002   3.745149    34.8310       1514     6.3042  0.000e+00
    200.080     9.4033   3.745553    34.8321       1515     6.3083  0.000e+00
    200.035     9.4065   3.745885    34.8325       1516     6.3125  0.000e+00
    199.993     9.4096   3.746048    34.8312       1517     6.3167  0.000e+00
    199.950     9.4123   3.746041    34.8286       1518     6.3208  0.000e+00
    199.904     9.4140   3.745937    34.8258       1519     6.3250  0.000e+00
    199.847     9.4145   3.745488    34.8207       1520     6.3292  0.000e+00
    199.790     9.4134   3.744889    34.8156       1521     6.3333  0.000e+00
    199.725     9.4106   3.744127    34.8105       1522     6.3375  0.000e+00
    199.658     9.4062   3.743613    34.8095       1523     6.3417  0.000e+00
    199.587     9.4012   3.743431    34.8124       1524     6.3458  0.000e+00
    199.500     9.3974   3.743528    34.8172       1525     6.3500  0.000e+00
    199.421     9.3954   3.743613    34.8200       1526     6.3542  0.000e+00
    199.337     9.3945   3.743619    34.8210       1527     6.3583  0.000e+00
    199.251     9.3942   3.743457    34.8196       1528     6.3625  0.000e+00
    199.165     9.3935   3.743483    34.8206       1529     6.3667  0.000e+00
    199.075     9.3930   3.742597    34.8120       1530     6.3708  0.000e+00
    198.997     9.3901   3.741810    34.8067       1531     6.3750  0.000e+00
    198.917     9.3850   3.741094    34.8043       1532     6.3792  0.000e+00
    198.841     9.3793   3.740912    34.8080       1533     6.3833  0.000e+00
    198.776     9.3745   3.741166    34.8153       1534     6.3875  0.000e+00
    198.714     9.3725   3.742135    34.8273       1535     6.3917  0.000e+00
    198.650     9.3747   3.743365    34.8380       1536     6.3958  0.000e+00
    198.596     9.3804   3.744257    34.8417       1537     6.4000  0.000e+00
    198.542     9.3876   3.744524    34.8375       1538     6.4042  0.000e+00
    198.484     9.3938   3.744680    34.8331       1539     6.4083  0.000e+00
    198.427     9.3981   3.744784    34.8300       1540     6.4125  0.000e+00
    198.370     9.4008   3.744752    34.8270       1541     6.4167  0.000e+00
    198.314     9.4026   3.744628    34.8241       1542     6.4208  0.000e+00
    198.254     9.4029   3.744452    34.8220       1543     6.4250  0.000e+00
    198.186     9.4026   3.744426    34.8221       1544     6.4292  0.000e+00
    198.121     9.4021   3.744739    34.8258       1545     6.4333  0.000e+00
    198.040     9.4026   3.745123    34.8294       1546     6.4375  0.000e+00
    197.960     9.4044   3.745168    34.8280       1547     6.4417  0.000e+00
    197.868     9.4065   3.745598    34.8305       1548     6.4458  0.000e+00
    197.775     9.4092   3.746399    34.8363       1549     6.4500  0.000e+00
    197.683     9.4142   3.747512    34.8430       1550     6.4542  0.000e+00
    197.589     9.4215   3.749485    34.8564       1551     6.4583  0.000e+00
    197.497     9.4333   3.749550    34.8456       1552     6.4625  0.000e+00
    197.412     9.4424   3.750150    34.8430       1553     6.4667  0.000e+00
    197.332     9.4489   3.750013    34.8353       1554     6.4708  0.000e+00
    197.249     9.4531   3.750149    34.8327       1555     6.4750  0.000e+00
    197.185     9.4555   3.750058    34.8295       1556     6.4792  0.000e+00
    197.120     9.4567   3.750039    34.8281       1557     6.4833  0.000e+00
    197.060     9.4572   3.750012    34.8274       1558     6.4875  0.000e+00
    197.006     9.4573   3.750012    34.8274       1559     6.4917  0.000e+00
    196.946     9.4571   3.750293    34.8304       1560     6.4958  0.000e+00
    196.890     9.4579   3.750677    34.8337       1561     6.5000  0.000e+00
    196.831     9.4598   3.750944    34.8346       1562     6.5042  0.000e+00
    196.764     9.4623   3.751009    34.8329       1563     6.5083  0.000e+00
    196.698     9.4644   3.751387    34.8348       1564     6.5125  0.000e+00
    196.624     9.4668   3.752058    34.8395       1565     6.5167  0.000e+00
    196.548     9.4711   3.753087    34.8459       1566     6.5208  0.000e+00
    196.466     9.4779   3.754260    34.8515       1567     6.5250  0.000e+00
    196.394     9.4869   3.754866    34.8491       1568     6.5292  0.000e+00
    196.314     9.4954   3.755257    34.8449       1569     6.5333  0.000e+00
    196.240     9.5021   3.755772    34.8437       1570     6.5375  0.000e+00
    196.167     9.5084   3.756606    34.8463       1571     6.5417  0.000e+00
    196.098     9.5162   3.757330    34.8463       1572     6.5458  0.000e+00
    196.030     9.5241   3.757629    34.8417       1573     6.5500  0.000e+00
    195.964     9.5308   3.757910    34.8381       1574     6.5542  0.000e+00
    195.890     9.5362   3.758144    34.8353       1575     6.5583  0.000e+00
    195.826     9.5407   3.758281    34.8324       1576     6.5625  0.000e+00
    195.747     9.5440   3.758333    34.8298       1577     6.5667  0.000e+00
    195.673     9.5461   3.758470    34.8292       1578     6.5708  0.000e+00
    195.598     9.5480   3.758483    34.8276       1579     6.5750  0.000e+00
    195.519     9.5495   3.758535    34.8266       1580     6.5792  0.000e+00
    195.442     9.5504   3.758724    34.8278       1581     6.5833  0.000e+00
    195.365     9.5520   3.758972    34.8288       1582     6.5875  0.000e+00
    195.282     9.5544   3.759376    34.8307       1583     6.5917  0.000e+00
    195.200     9.5583   3.759702    34.8303       1584     6.5958  0.000e+00
    195.112     9.5630   3.759956    34.8285       1585     6.6000  0.000e+00
    195.032     9.5673   3.760093    34.8257       1586     6.6042  0.000e+00
    194.948     9.5709   3.760191    34.8233       1587     6.6083  0.000e+00
    194.871     9.5736   3.760282    34.8216       1588     6.6125  0.000e+00
    194.804     9.5757   3.760367    34.8205       1589     6.6167  0.000e+00
    194.737     9.5773   3.760465    34.8199       1590     6.6208  0.000e+00
    194.659     9.5793   3.760582    34.8193       1591     6.6250  0.000e+00
    194.575     9.5813   3.760680    34.8184       1592     6.6292  0.000e+00
    194.492     9.5835   3.760725    34.8168       1593     6.6333  0.000e+00
    194.407     9.5855   3.760764    34.8153       1594     6.6375  0.000e+00
    194.321     9.5871   3.760771    34.8138       1595     6.6417  0.000e+00
    194.236     9.5879   3.760745    34.8128       1596     6.6458  0.000e+00
    194.145     9.5888   3.760725    34.8118       1597     6.6500  0.000e+00
    194.050     9.5895   3.760725    34.8112       1598     6.6542  0.000e+00
    193.953     9.5899   3.760745    34.8110       1599     6.6583  0.000e+00
    193.853     9.5901   3.760745    34.8109       1600     6.6625  0.000e+00
    193.750     9.5904   3.760725    34.8104       1601     6.6667  0.000e+00
    193.634     9.5908   3.760790    34.8108       1602     6.6708  0.000e+00
    193.520     9.5917   3.760842    34.8105       1603     6.6750  0.000e+00
    193.401     9.5925   3.760855    34.8099       1604     6.6792  0.000e+00
    193.278     9.5934   3.760907    34.8096       1605     6.6833  0.000e+00
    193.154     9.5941   3.760920    34.8091       1606     6.6875  0.000e+00
    193.024     9.5948   3.760933    34.8087       1607     6.6917  0.000e+00
    192.903     9.5955   3.760953    34.8083       1608     6.6958  0.000e+00
    192.780     9.5960   3.761012    34.8084       1609     6.7000  0.000e+00
    192.657     9.5967   3.761051    34.8082       1610     6.7042  0.000e+00
    192.535     9.5977   3.761011    34.8068       1611     6.7083  0.000e+00
    192.416     9.5983   3.761005    34.8063       1612     6.7125  0.000e+00
    192.298     9.5987   3.760979    34.8057       1613     6.7167  0.000e+00
    192.186     9.5997   3.761096    34.8060       1614     6.7208  0.000e+00
    192.076     9.6016   3.761142    34.8046       1615     6.7250  0.000e+00
    191.980     9.6030   3.761168    34.8036       1616     6.7292  0.000e+00
    191.882     9.6043   3.761161    34.8023       1617     6.7333  0.000e+00
    191.786     9.6050   3.761161    34.8017       1618     6.7375  0.000e+00
    191.692     9.6056   3.761187    34.8015       1619     6.7417  0.000e+00
    191.594     9.6059   3.761213    34.8014       1620     6.7458  0.000e+00
    191.495     9.6063   3.761207    34.8010       1621     6.7500  0.000e+00
    191.396     9.6068   3.761278    34.8014       1622     6.7542  0.000e+00
    191.289     9.6078   3.761324    34.8009       1623     6.7583  0.000e+00
    191.180     9.6091   3.761389    34.8003       1624     6.7625  0.000e+00
    191.063     9.6107   3.761513    34.8002       1625     6.7667  0.000e+00
    190.954     9.6127   3.761519    34.7983       1626     6.7708  0.000e+00
    190.840     9.6144   3.761585    34.7974       1627     6.7750  0.000e+00
    190.724     9.6157   3.761604    34.7964       1628     6.7792  0.000e+00
    190.616     9.6166   3.761630    34.7958       1629     6.7833  0.000e+00
    190.505     9.6174   3.761650    34.7953       1630     6.7875  0.000e+00
    190.407     9.6182   3.761630    34.7944       1631     6.7917  0.000e+00
    190.308     9.6187   3.761630    34.7939       1632     6.7958  0.000e+00
    190.219     9.6189   3.761630    34.7938       1633     6.8000  0.000e+00
    190.132     9.6192   3.761650    34.7937       1634     6.8042  0.000e+00
    190.038     9.6195   3.761630    34.7933       1635     6.8083  0.000e+00
    189.948     9.6196   3.761630    34.7933       1636     6.8125  0.000e+00
    189.856     9.6196   3.761649    34.7935       1637     6.8167  0.000e+00
    189.756     9.6198   3.761630    34.7932       1638     6.8208  0.000e+00
    189.660     9.6199   3.761649    34.7933       1639     6.8250  0.000e+00
    189.558     9.6200   3.761630    34.7931       1640     6.8292  0.000e+00
    189.457     9.6200   3.761649    34.7933       1641     6.8333  0.000e+00
    189.346     9.6201   3.761649    34.7932       1642     6.8375  0.000e+00
    189.240     9.6205   3.761630    34.7928       1643     6.8417  0.000e+00
    189.129     9.6207   3.761675    34.7930       1644     6.8458  0.000e+00
    189.014     9.6209   3.761721    34.7933       1645     6.8500  0.000e+00
    188.904     9.6217   3.761871    34.7942       1646     6.8542  0.000e+00
    188.793     9.6235   3.761929    34.7931       1647     6.8583  0.000e+00
    188.683     9.6261   3.761805    34.7894       1648     6.8625  0.000e+00
    188.580     9.6270   3.761975    34.7902       1649     6.8667  0.000e+00
    188.476     9.6287   3.762138    34.7904       1650     6.8708  0.000e+00
    188.386     9.6321   3.762249    34.7882       1651     6.8750  0.000e+00
