HB2403/sbe008.cnv
* Sea-Bird SBE 19plus V2 Data File:
* FileName = C:\cruise\data\sbe008.hex
* Software Version Seasave V 7.26.7.121
* Temperature SN = 6128
* Conductivity SN = 6128
* System UpLoad Time = May 26 2024 11:04:08
* NMEA Latitude = 41 01.91 N
* NMEA Longitude = 071 09.36 W
* NMEA UTC (Time) = May 26 2024  11:04:31
** Ship: Henry Bigelow
** Cruise:  HB2403
** Program:  ECOMON
# nquan = 7
# nvalues = 1253                                  
# units = specified
# name 0 = depSM: Depth [salt water, m]
# name 1 = tv290C: Temperature [ITS-90, deg C]
# name 2 = c0S/m: Conductivity [S/m]
# name 3 = sal00: Salinity, Practical [PSU]
# name 4 = scan: Scan Count
# name 5 = timeM: Time, Elapsed [minutes]
# name 6 = flag:  0.000e+00
# span 0 =      0.007,     38.169                 
# span 1 =     7.7716,    14.2131                 
# span 2 =   0.000019,   3.818918                 
# span 3 =     0.0073,    31.8477                 
# span 4 =         11,       1263                 
# span 5 =     0.0417,     5.2583                 
# span 6 = 0.0000e+00, 0.0000e+00                 
# interval = seconds: 0.25
# start_time = May 26 2024 11:04:31 [NMEA time, header]
# bad_flag = -9.990e-29
*END*
[from data line 411]
     36.413     8.0800   3.314294    31.6325        422     1.7542  0.000e+00
     36.551     8.0715   3.314064    31.6377        423     1.7583  0.000e+00
     36.687     8.0641   3.313940    31.6431        424     1.7625  0.000e+00
     36.833     8.0580   3.313091    31.6395        425     1.7667  0.000e+00
     36.978     8.0516   3.311950    31.6331        426     1.7708  0.000e+00
     37.118     8.0417   3.310871    31.6306        427     1.7750  0.000e+00
     37.266     8.0293   3.310220    31.6348        428     1.7792  0.000e+00
     37.406     8.0171   3.309439    31.6375        429     1.7833  0.000e+00
     37.556     8.0051   3.309005    31.6437        430     1.7875  0.000e+00
     37.700     7.9938   3.308051    31.6437        431     1.7917  0.000e+00
     37.843     7.9818   3.307165    31.6451        432     1.7958  0.000e+00
     37.988     7.9683   3.305622    31.6409        433     1.8000  0.000e+00
     38.116     7.9527   3.301855    31.6150        434     1.8042  0.000e+00
     38.163     7.9253   3.296537    31.5832        435     1.8083  0.000e+00
     38.169     7.8854   3.296222    31.6160        436     1.8125  0.000e+00
     38.116     7.8519   3.294161    31.6244        437     1.8167  0.000e+00
     38.077     7.8242   3.293771    31.6453        438     1.8208  0.000e+00
     38.072     7.8042   3.293307    31.6585        439     1.8250  0.000e+00
     38.069     7.7900   3.293363    31.6720        440     1.8292  0.000e+00
     38.060     7.7815   3.293896    31.6854        441     1.8333  0.000e+00
     38.044     7.7790   3.294044    31.6893        442     1.8375  0.000e+00
     38.025     7.7794   3.294923    31.6983        443     1.8417  0.000e+00
     38.024     7.7826   3.295078    31.6970        444     1.8458  0.000e+00
     38.022     7.7864   3.293710    31.6791        445     1.8500  0.000e+00
     38.022     7.7842   3.292194    31.6649        446     1.8542  0.000e+00
     38.017     7.7760   3.292881    31.6796        447     1.8583  0.000e+00
     38.015     7.7716   3.295325    31.7097        448     1.8625  0.000e+00
     37.996     7.7794   3.297968    31.7308        449     1.8667  0.000e+00
     37.988     7.7968   3.299169    31.7278        450     1.8708  0.000e+00
     37.970     7.8152   3.299627    31.7160        451     1.8750  0.000e+00
     37.950     7.8294   3.299924    31.7062        452     1.8792  0.000e+00
     37.931     7.8397   3.300135    31.6991        453     1.8833  0.000e+00
     37.905     7.8471   3.300525    31.6966        454     1.8875  0.000e+00
     37.879     7.8530   3.300661    31.6927        455     1.8917  0.000e+00
     37.843     7.8575   3.300679    31.6888        456     1.8958  0.000e+00
     37.803     7.8605   3.300661    31.6859        457     1.9000  0.000e+00
     37.762     7.8624   3.300803    31.6857        458     1.9042  0.000e+00
     37.718     7.8640   3.301249    31.6891        459     1.9083  0.000e+00
     37.655     7.8670   3.301837    31.6925        460     1.9125  0.000e+00
     37.599     7.8718   3.302661    31.6970        461     1.9167  0.000e+00
     37.535     7.8792   3.303287    31.6970        462     1.9208  0.000e+00
     37.464     7.8876   3.303838    31.6953        463     1.9250  0.000e+00
     37.400     7.8961   3.304160    31.6910        464     1.9292  0.000e+00
     37.346     7.9034   3.304470    31.6877        465     1.9333  0.000e+00
     37.281     7.9100   3.304786    31.6851        466     1.9375  0.000e+00
     37.227     7.9158   3.304885    31.6809        467     1.9417  0.000e+00
     37.171     7.9203   3.304996    31.6780        468     1.9458  0.000e+00
     37.121     7.9238   3.305077    31.6757        469     1.9500  0.000e+00
     37.067     7.9265   3.305120    31.6738        470     1.9542  0.000e+00
     37.018     7.9284   3.305244    31.6734        471     1.9583  0.000e+00
     36.969     7.9303   3.305709    31.6766        472     1.9625  0.000e+00
     36.897     7.9338   3.306068    31.6773        473     1.9667  0.000e+00
     36.828     7.9389   3.306564    31.6780        474     1.9708  0.000e+00
     36.760     7.9452   3.306973    31.6766        475     1.9750  0.000e+00
     36.695     7.9520   3.307524    31.6764        476     1.9792  0.000e+00
     36.630     7.9600   3.307964    31.6739        477     1.9833  0.000e+00
     36.567     7.9680   3.308385    31.6711        478     1.9875  0.000e+00
     36.493     7.9754   3.308726    31.6681        479     1.9917  0.000e+00
     36.421     7.9821   3.308943    31.6643        480     1.9958  0.000e+00
     36.348     7.9875   3.309210    31.6623        481     2.0000  0.000e+00
     36.281     7.9922   3.309501    31.6611        482     2.0042  0.000e+00
     36.207     7.9968   3.309749    31.6597        483     2.0083  0.000e+00
     36.135     8.0010   3.310071    31.6594        484     2.0125  0.000e+00
     36.059     8.0053   3.310518    31.6602        485     2.0167  0.000e+00
     35.992     8.0099   3.310951    31.6606        486     2.0208  0.000e+00
     35.916     8.0153   3.311361    31.6601        487     2.0250  0.000e+00
     35.840     8.0208   3.311764    31.6595        488     2.0292  0.000e+00
     35.764     8.0264   3.312111    31.6581        489     2.0333  0.000e+00
     35.687     8.0316   3.312353    31.6561        490     2.0375  0.000e+00
     35.613     8.0365   3.312793    31.6563        491     2.0417  0.000e+00
     35.537     8.0412   3.313134    31.6557        492     2.0458  0.000e+00
     35.465     8.0458   3.313469    31.6552        493     2.0500  0.000e+00
     35.392     8.0501   3.313828    31.6551        494     2.0542  0.000e+00
     35.319     8.0546   3.314238    31.6554        495     2.0583  0.000e+00
     35.243     8.0594   3.314591    31.6548        496     2.0625  0.000e+00
     35.176     8.0640   3.314926    31.6542        497     2.0667  0.000e+00
     35.104     8.0687   3.315404    31.6551        498     2.0708  0.000e+00
     35.033     8.0734   3.315838    31.6555        499     2.0750  0.000e+00
     34.964     8.0786   3.316216    31.6548        500     2.0792  0.000e+00
     34.902     8.0836   3.316551    31.6539        501     2.0833  0.000e+00
     34.834     8.0882   3.316830    31.6527        502     2.0875  0.000e+00
     34.767     8.0925   3.317085    31.6515        503     2.0917  0.000e+00
     34.704     8.0962   3.317271    31.6502        504     2.0958  0.000e+00
     34.641     8.0997   3.317488    31.6493        505     2.1000  0.000e+00
     34.574     8.1028   3.317742    31.6493        506     2.1042  0.000e+00
     34.516     8.1060   3.317972    31.6488        507     2.1083  0.000e+00
     34.452     8.1091   3.318251    31.6490        508     2.1125  0.000e+00
     34.388     8.1124   3.318505    31.6488        509     2.1167  0.000e+00
     34.323     8.1157   3.318778    31.6487        510     2.1208  0.000e+00
     34.258     8.1190   3.319051    31.6486        511     2.1250  0.000e+00
     34.193     8.1225   3.319331    31.6485        512     2.1292  0.000e+00
     34.121     8.1260   3.319560    31.6478        513     2.1333  0.000e+00
     34.043     8.1292   3.319728    31.6467        514     2.1375  0.000e+00
     33.964     8.1321   3.319902    31.6459        515     2.1417  0.000e+00
     33.892     8.1348   3.319964    31.6442        516     2.1458  0.000e+00
     33.812     8.1369   3.320026    31.6430        517     2.1500  0.000e+00
     33.735     8.1387   3.320088    31.6421        518     2.1542  0.000e+00
     33.657     8.1404   3.320286    31.6427        519     2.1583  0.000e+00
     33.585     8.1421   3.320516    31.6436        520     2.1625  0.000e+00
     33.507     8.1442   3.320851    31.6453        521     2.1667  0.000e+00
     33.440     8.1470   3.321211    31.6466        522     2.1708  0.000e+00
     33.370     8.1501   3.321360    31.6454        523     2.1750  0.000e+00
     33.310     8.1528   3.321484    31.6443        524     2.1792  0.000e+00
     33.247     8.1551   3.321552    31.6430        525     2.1833  0.000e+00
     33.192     8.1573   3.321676    31.6423        526     2.1875  0.000e+00
     33.139     8.1589   3.321794    31.6421        527     2.1917  0.000e+00
     33.091     8.1604   3.321931    31.6423        528     2.1958  0.000e+00
     33.048     8.1619   3.322080    31.6425        529     2.2000  0.000e+00
     33.003     8.1633   3.322198    31.6425        530     2.2042  0.000e+00
     32.954     8.1649   3.322378    31.6429        531     2.2083  0.000e+00
     32.901     8.1664   3.322421    31.6421        532     2.2125  0.000e+00
     32.866     8.1677   3.322521    31.6420        533     2.2167  0.000e+00
     32.815     8.1689   3.322632    31.6421        534     2.2208  0.000e+00
     32.764     8.1701   3.322694    31.6418        535     2.2250  0.000e+00
     32.710     8.1713   3.322862    31.6424        536     2.2292  0.000e+00
     32.648     8.1726   3.323036    31.6431        537     2.2333  0.000e+00
     32.582     8.1744   3.323222    31.6435        538     2.2375  0.000e+00
     32.513     8.1762   3.323483    31.6446        539     2.2417  0.000e+00
     32.443     8.1784   3.323650    31.6445        540     2.2458  0.000e+00
     32.369     8.1807   3.323837    31.6444        541     2.2500  0.000e+00
     32.293     8.1828   3.323992    31.6442        542     2.2542  0.000e+00
     32.221     8.1851   3.324159    31.6439        543     2.2583  0.000e+00
     32.153     8.1870   3.324290    31.6436        544     2.2625  0.000e+00
     32.077     8.1888   3.324495    31.6441        545     2.2667  0.000e+00
     32.012     8.1910   3.324687    31.6443        546     2.2708  0.000e+00
     31.945     8.1928   3.324818    31.6440        547     2.2750  0.000e+00
     31.889     8.1948   3.324960    31.6438        548     2.2792  0.000e+00
     31.830     8.1966   3.325196    31.6447        549     2.2833  0.000e+00
     31.782     8.1986   3.325563    31.6467        550     2.2875  0.000e+00
     31.734     8.2012   3.325935    31.6484        551     2.2917  0.000e+00
     31.682     8.2045   3.326575    31.6522        552     2.2958  0.000e+00
     31.637     8.2087   3.327053    31.6535        553     2.3000  0.000e+00
     31.590     8.2137   3.327637    31.6551        554     2.3042  0.000e+00
     31.545     8.2189   3.328358    31.6580        555     2.3083  0.000e+00
     31.494     8.2250   3.329371    31.6632        556     2.3125  0.000e+00
     31.449     8.2327   3.330421    31.6674        557     2.3167  0.000e+00
     31.400     8.2421   3.331471    31.6700        558     2.3208  0.000e+00
     31.345     8.2524   3.332988    31.6768        559     2.3250  0.000e+00
     31.293     8.2642   3.333821    31.6749        560     2.3292  0.000e+00
     31.228     8.2762   3.334803    31.6745        561     2.3333  0.000e+00
     31.169     8.2874   3.335798    31.6749        562     2.3375  0.000e+00
     31.102     8.2991   3.337271    31.6799        563     2.3417  0.000e+00
     31.041     8.3116   3.337756    31.6737        564     2.3458  0.000e+00
     30.981     8.3229   3.338266    31.6689        565     2.3500  0.000e+00
     30.916     8.3319   3.338646    31.6648        566     2.3542  0.000e+00
     30.863     8.3396   3.339398    31.6659        567     2.3583  0.000e+00
     30.804     8.3469   3.340381    31.6697        568     2.3625  0.000e+00
     30.753     8.3552   3.341221    31.6711        569     2.3667  0.000e+00
     30.697     8.3642   3.341955    31.6708        570     2.3708  0.000e+00
     30.645     8.3731   3.342739    31.6710        571     2.3750  0.000e+00
     30.602     8.3820   3.343940    31.6756        572     2.3792  0.000e+00
     30.561     8.3922   3.345030    31.6778        573     2.3833  0.000e+00
     30.519     8.4032   3.345689    31.6749        574     2.3875  0.000e+00
     30.476     8.4143   3.346823    31.6769        575     2.3917  0.000e+00
     30.440     8.4250   3.347993    31.6796        576     2.3958  0.000e+00
     30.408     8.4365   3.348852    31.6782        577     2.4000  0.000e+00
     30.374     8.4474   3.349500    31.6752        578     2.4042  0.000e+00
     30.347     8.4572   3.349986    31.6715        579     2.4083  0.000e+00
     30.311     8.4656   3.350353    31.6679        580     2.4125  0.000e+00
     30.280     8.4726   3.350633    31.6645        581     2.4167  0.000e+00
     30.250     8.4779   3.350907    31.6627        582     2.4208  0.000e+00
     30.212     8.4824   3.351082    31.6605        583     2.4250  0.000e+00
     30.174     8.4859   3.351231    31.6589        584     2.4292  0.000e+00
     30.136     8.4887   3.351487    31.6591        585     2.4333  0.000e+00
     30.082     8.4914   3.351786    31.6599        586     2.4375  0.000e+00
     30.027     8.4946   3.352664    31.6662        587     2.4417  0.000e+00
     29.974     8.4997   3.353119    31.6664        588     2.4458  0.000e+00
     29.909     8.5056   3.353630    31.6665        589     2.4500  0.000e+00
     29.852     8.5115   3.353891    31.6640        590     2.4542  0.000e+00
     29.788     8.5169   3.354203    31.6624        591     2.4583  0.000e+00
     29.719     8.5221   3.355456    31.6709        592     2.4625  0.000e+00
     29.663     8.5293   3.355960    31.6697        593     2.4667  0.000e+00
     29.602     8.5372   3.357251    31.6761        594     2.4708  0.000e+00
     29.540     8.5469   3.357718    31.6723        595     2.4750  0.000e+00
     29.493     8.5564   3.358535    31.6725        596     2.4792  0.000e+00
     29.431     8.5649   3.359451    31.6744        597     2.4833  0.000e+00
     29.382     8.5743   3.359913    31.6708        598     2.4875  0.000e+00
     29.336     8.5824   3.360162    31.6662        599     2.4917  0.000e+00
     29.289     8.5896   3.360530    31.6636        600     2.4958  0.000e+00
     29.247     8.5957   3.360979    31.6629        601     2.5000  0.000e+00
     29.206     8.6019   3.361372    31.6615        602     2.5042  0.000e+00
     29.165     8.6082   3.361552    31.6577        603     2.5083  0.000e+00
     29.125     8.6136   3.361434    31.6516        604     2.5125  0.000e+00
     29.082     8.6183   3.361222    31.6453        605     2.5167  0.000e+00
     29.050     8.6217   3.361103    31.6409        606     2.5208  0.000e+00
     29.015     8.6239   3.360897    31.6368        607     2.5250  0.000e+00
     28.975     8.6255   3.360879    31.6353        608     2.5292  0.000e+00
     28.945     8.6267   3.360835    31.6337        609     2.5333  0.000e+00
     28.914     8.6276   3.360941    31.6340        610     2.5375  0.000e+00
     28.876     8.6291   3.360941    31.6328        611     2.5417  0.000e+00
     28.847     8.6309   3.361303    31.6349        612     2.5458  0.000e+00
     28.806     8.6333   3.361614    31.6361        613     2.5500  0.000e+00
     28.767     8.6362   3.361908    31.6365        614     2.5542  0.000e+00
     28.728     8.6399   3.362201    31.6363        615     2.5583  0.000e+00
     28.688     8.6435   3.362637    31.6376        616     2.5625  0.000e+00
     28.642     8.6477   3.363143    31.6392        617     2.5667  0.000e+00
     28.598     8.6522   3.363411    31.6380        618     2.5708  0.000e+00
     28.558     8.6568   3.363691    31.6368        619     2.5750  0.000e+00
     28.509     8.6615   3.364122    31.6371        620     2.5792  0.000e+00
     28.464     8.6661   3.364590    31.6379        621     2.5833  0.000e+00
     28.427     8.6713   3.365239    31.6400        622     2.5875  0.000e+00
     28.382     8.6771   3.365775    31.6404        623     2.5917  0.000e+00
     28.348     8.6838   3.366187    31.6388        624     2.5958  0.000e+00
     28.308     8.6908   3.366873    31.6397        625     2.6000  0.000e+00
