HB2403/sbe039.cnv
* Sea-Bird SBE 19plus V2 Data File:
* FileName = C:\cruise\data\sbe039.hex
* Software Version Seasave V 7.26.7.121
* Temperature SN = 6128
* Conductivity SN = 6128
* System UpLoad Time = Jun 05 2024 01:42:07
* NMEA Latitude = 38 00.32 N
* NMEA Longitude = 074 56.88 W
* NMEA UTC (Time) = Jun 05 2024  01:42:38
** Ship: Henry Bigelow
** Cruise:  HB2403
** Program:  ECOMON
# nquan = 7
# nvalues = 1362                                  
# units = specified
# name 0 = depSM: Depth [salt water, m]
# name 1 = tv290C: Temperature [ITS-90, deg C]
# name 2 = c0S/m: Conductivity [S/m]
# name 3 = sal00: Salinity, Practical [PSU]
# name 4 = scan: Scan Count
# name 5 = timeM: Time, Elapsed [minutes]
# name 6 = flag:  0.000e+00
# span 0 =     -0.153,     17.582                 
# span 1 =    11.3433,    20.4042                 
# span 2 =   0.000022,   4.126443                 
# span 3 =     0.0101,    31.3606                 
# span 4 =         11,       1372                 
# span 5 =     0.0417,     5.7125                 
# span 6 = 0.0000e+00, 0.0000e+00                 
# interval = seconds: 0.25
# start_time = Jun 05 2024 01:42:38 [NMEA time, header]
# bad_flag = -9.990e-29
*END*
[from data line 1026]
      6.306    18.1316   3.953684    29.5312       1037     4.3167  0.000e+00
      6.279    18.1426   3.955374    29.5374       1038     4.3208  0.000e+00
      6.239    18.1569   3.959335    29.5600       1039     4.3250  0.000e+00
      6.201    18.1899   3.961539    29.5546       1040     4.3292  0.000e+00
      6.170    18.2280   3.961971    29.5307       1041     4.3333  0.000e+00
      6.132    18.2551   3.962517    29.5159       1042     4.3375  0.000e+00
      6.103    18.2728   3.963789    29.5137       1043     4.3417  0.000e+00
      6.073    18.2902   3.967240    29.5298       1044     4.3458  0.000e+00
      6.042    18.3209   3.971613    29.5440       1045     4.3500  0.000e+00
      6.011    18.3631   3.974146    29.5347       1046     4.3542  0.000e+00
      5.993    18.4059   3.975233    29.5130       1047     4.3583  0.000e+00
      5.971    18.4395   3.976086    29.4959       1048     4.3625  0.000e+00
      5.959    18.4629   3.976679    29.4841       1049     4.3667  0.000e+00
      5.948    18.4799   3.977293    29.4770       1050     4.3708  0.000e+00
      5.940    18.4928   3.977793    29.4719       1051     4.3750  0.000e+00
      5.931    18.5031   3.978340    29.4691       1052     4.3792  0.000e+00
      5.929    18.5116   3.978720    29.4662       1053     4.3833  0.000e+00
      5.931    18.5183   3.979307    29.4662       1054     4.3875  0.000e+00
      5.931    18.5254   3.980068    29.4674       1055     4.3917  0.000e+00
      5.925    18.5339   3.981302    29.4715       1056     4.3958  0.000e+00
      5.918    18.5455   3.983084    29.4779       1057     4.4000  0.000e+00
      5.910    18.5609   3.984980    29.4825       1058     4.4042  0.000e+00
      5.897    18.5796   3.986836    29.4844       1059     4.4083  0.000e+00
      5.879    18.6010   3.988452    29.4825       1060     4.4125  0.000e+00
      5.865    18.6221   3.989794    29.4785       1061     4.4167  0.000e+00
      5.850    18.6418   3.990876    29.4733       1062     4.4208  0.000e+00
      5.827    18.6605   3.992091    29.4700       1063     4.4250  0.000e+00
      5.805    18.6804   3.994209    29.4732       1064     4.4292  0.000e+00
      5.771    18.7057   3.997932    29.4857       1065     4.4333  0.000e+00
      5.734    18.7429   4.001770    29.4907       1066     4.4375  0.000e+00
      5.702    18.7883   4.005214    29.4867       1067     4.4417  0.000e+00
      5.664    18.8370   4.008512    29.4790       1068     4.4458  0.000e+00
      5.621    18.8856   4.011697    29.4706       1069     4.4500  0.000e+00
      5.582    18.9325   4.014810    29.4627       1070     4.4542  0.000e+00
      5.553    18.9783   4.017328    29.4509       1071     4.4583  0.000e+00
      5.517    19.0213   4.022895    29.4658       1072     4.4625  0.000e+00
      5.479    19.0772   4.026313    29.4541       1073     4.4667  0.000e+00
      5.448    19.1349   4.028646    29.4323       1074     4.4708  0.000e+00
      5.421    19.1823   4.030785    29.4162       1075     4.4750  0.000e+00
      5.405    19.2232   4.032253    29.3993       1076     4.4792  0.000e+00
      5.405    19.2557   4.034326    29.3931       1077     4.4833  0.000e+00
      5.398    19.2855   4.035487    29.3816       1078     4.4875  0.000e+00
      5.403    19.3098   4.036137    29.3697       1079     4.4917  0.000e+00
      5.417    19.3283   4.037104    29.3646       1080     4.4958  0.000e+00
      5.417    19.3433   4.037560    29.3577       1081     4.5000  0.000e+00
      5.412    19.3544   4.038184    29.3550       1082     4.5042  0.000e+00
      5.410    19.3637   4.038667    29.3524       1083     4.5083  0.000e+00
      5.395    19.3721   4.038889    29.3483       1084     4.5125  0.000e+00
      5.381    19.3789   4.039734    29.3503       1085     4.5167  0.000e+00
      5.354    19.3869   4.041547    29.3594       1086     4.5208  0.000e+00
      5.319    19.3992   4.041735    29.3523       1087     4.5250  0.000e+00
      5.283    19.4110   4.043064    29.3548       1088     4.5292  0.000e+00
      5.238    19.4234   4.043239    29.3475       1089     4.5333  0.000e+00
      5.196    19.4333   4.044085    29.3473       1090     4.5375  0.000e+00
      5.158    19.4432   4.044877    29.3469       1091     4.5417  0.000e+00
      5.118    19.4549   4.049843    29.3787       1092     4.5458  0.000e+00
      5.093    19.4820   4.052511    29.3813       1093     4.5500  0.000e+00
      5.073    19.5159   4.054614    29.3745       1094     4.5542  0.000e+00
      5.051    19.5457   4.062780    29.4194       1095     4.5583  0.000e+00
      5.027    19.5925   4.071424    29.4562       1096     4.5625  0.000e+00
      5.011    19.6613   4.065235    29.3582       1097     4.5667  0.000e+00
      4.998    19.6831   4.065544    29.3455       1098     4.5708  0.000e+00
      4.987    19.6941   4.076179    29.4232       1099     4.5750  0.000e+00
      4.967    19.7400   4.075154    29.3829       1100     4.5792  0.000e+00
      4.944    19.7789   4.064453    29.2699       1101     4.5833  0.000e+00
      4.916    19.7478   4.060732    29.2617       1102     4.5875  0.000e+00
      4.895    19.7075   4.061533    29.2962       1103     4.5917  0.000e+00
      4.866    19.6856   4.064306    29.3338       1104     4.5958  0.000e+00
      4.844    19.6839   4.065134    29.3416       1105     4.6000  0.000e+00
      4.824    19.6890   4.066083    29.3457       1106     4.6042  0.000e+00
      4.799    19.6965   4.068493    29.3598       1107     4.6083  0.000e+00
      4.777    19.7087   4.070446    29.3670       1108     4.6125  0.000e+00
      4.759    19.7250   4.072661    29.3734       1109     4.6167  0.000e+00
      4.734    19.7456   4.076960    29.3935       1110     4.6208  0.000e+00
      4.714    19.7730   4.080842    29.4055       1111     4.6250  0.000e+00
      4.690    19.8053   4.083606    29.4051       1112     4.6292  0.000e+00
      4.678    19.8394   4.091100    29.4413       1113     4.6333  0.000e+00
      4.666    19.8856   4.096115    29.4492       1114     4.6375  0.000e+00
      4.652    19.9381   4.099869    29.4426       1115     4.6417  0.000e+00
      4.646    19.9855   4.103530    29.4387       1116     4.6458  0.000e+00
      4.642    20.0276   4.105327    29.4237       1117     4.6500  0.000e+00
      4.640    20.0601   4.105597    29.4032       1118     4.6542  0.000e+00
      4.631    20.0816   4.105650    29.3887       1119     4.6583  0.000e+00
      4.626    20.0927   4.102684    29.3573       1120     4.6625  0.000e+00
      4.606    20.0891   4.101954    29.3540       1121     4.6667  0.000e+00
      4.584    20.0806   4.103900    29.3754       1122     4.6708  0.000e+00
      4.560    20.0824   4.105650    29.3881       1123     4.6750  0.000e+00
      4.524    20.0921   4.103704    29.3659       1124     4.6792  0.000e+00
      4.492    20.0935   4.101035    29.3436       1125     4.6833  0.000e+00
      4.452    20.0812   4.104393    29.3790       1126     4.6875  0.000e+00
      4.419    20.0836   4.107692    29.4036       1127     4.6917  0.000e+00
      4.393    20.1001   4.107252    29.3886       1128     4.6958  0.000e+00
      4.377    20.1125   4.109124    29.3950       1129     4.7000  0.000e+00
      4.368    20.1244   4.108651    29.3829       1130     4.7042  0.000e+00
      4.359    20.1315   4.109394    29.3839       1131     4.7083  0.000e+00
      4.354    20.1371   4.109469    29.3806       1132     4.7125  0.000e+00
      4.343    20.1418   4.109171    29.3749       1133     4.7167  0.000e+00
      4.339    20.1433   4.109861    29.3794       1134     4.7208  0.000e+00
      4.335    20.1462   4.110510    29.3826       1135     4.7250  0.000e+00
      4.334    20.1509   4.111166    29.3845       1136     4.7292  0.000e+00
      4.321    20.1567   4.111612    29.3840       1137     4.7333  0.000e+00
      4.295    20.1625   4.112775    29.3893       1138     4.7375  0.000e+00
      4.274    20.1706   4.113411    29.3887       1139     4.7417  0.000e+00
      4.245    20.1784   4.113221    29.3818       1140     4.7458  0.000e+00
      4.208    20.1830   4.114256    29.3869       1141     4.7500  0.000e+00
      4.176    20.1889   4.114006    29.3808       1142     4.7542  0.000e+00
      4.149    20.1922   4.114080    29.3791       1143     4.7583  0.000e+00
      4.127    20.1946   4.114750    29.3827       1144     4.7625  0.000e+00
      4.104    20.1987   4.116177    29.3912       1145     4.7667  0.000e+00
      4.084    20.2068   4.116799    29.3906       1146     4.7708  0.000e+00
      4.065    20.2150   4.117489    29.3904       1147     4.7750  0.000e+00
      4.049    20.2233   4.117537    29.3850       1148     4.7792  0.000e+00
      4.034    20.2288   4.118504    29.3889       1149     4.7833  0.000e+00
      4.027    20.2359   4.118673    29.3853       1150     4.7875  0.000e+00
      4.015    20.2415   4.118822    29.3826       1151     4.7917  0.000e+00
      4.002    20.2455   4.118923    29.3806       1152     4.7958  0.000e+00
      4.000    20.2481   4.119113    29.3803       1153     4.8000  0.000e+00
      3.991    20.2503   4.119417    29.3812       1154     4.8042  0.000e+00
      3.969    20.2527   4.119444    29.3798       1155     4.8083  0.000e+00
      3.955    20.2550   4.119959    29.3823       1156     4.8125  0.000e+00
      3.942    20.2579   4.119566    29.3772       1157     4.8167  0.000e+00
      3.942    20.2589   4.119377    29.3749       1158     4.8208  0.000e+00
      3.935    20.2580   4.118822    29.3711       1159     4.8250  0.000e+00
      3.928    20.2551   4.118598    29.3714       1160     4.8292  0.000e+00
      3.924    20.2519   4.118774    29.3750       1161     4.8333  0.000e+00
      3.915    20.2502   4.118971    29.3778       1162     4.8375  0.000e+00
      3.906    20.2503   4.118774    29.3762       1163     4.8417  0.000e+00
      3.900    20.2500   4.119221    29.3799       1164     4.8458  0.000e+00
      3.889    20.2506   4.119587    29.3824       1165     4.8500  0.000e+00
      3.882    20.2537   4.119918    29.3829       1166     4.8542  0.000e+00
      3.876    20.2569   4.119465    29.3771       1167     4.8583  0.000e+00
      3.867    20.2579   4.119444    29.3762       1168     4.8625  0.000e+00
      3.862    20.2578   4.119789    29.3790       1169     4.8667  0.000e+00
      3.858    20.2587   4.119938    29.3795       1170     4.8708  0.000e+00
      3.851    20.2602   4.120060    29.3795       1171     4.8750  0.000e+00
      3.845    20.2615   4.120284    29.3804       1172     4.8792  0.000e+00
      3.834    20.2635   4.120331    29.3793       1173     4.8833  0.000e+00
      3.830    20.2652   4.120060    29.3760       1174     4.8875  0.000e+00
      3.814    20.2651   4.119539    29.3720       1175     4.8917  0.000e+00
      3.797    20.2633   4.119986    29.3768       1176     4.8958  0.000e+00
      3.765    20.2628   4.120750    29.3832       1177     4.9000  0.000e+00
      3.738    20.2661   4.120602    29.3798       1178     4.9042  0.000e+00
      3.691    20.2688   4.120317    29.3756       1179     4.9083  0.000e+00
      3.662    20.2688   4.120453    29.3767       1180     4.9125  0.000e+00
      3.627    20.2687   4.120777    29.3794       1181     4.9167  0.000e+00
      3.591    20.2702   4.121150    29.3813       1182     4.9208  0.000e+00
      3.557    20.2732   4.121447    29.3816       1183     4.9250  0.000e+00
      3.529    20.2766   4.121380    29.3787       1184     4.9292  0.000e+00
      3.508    20.2788   4.121197    29.3757       1185     4.9333  0.000e+00
      3.495    20.2792   4.121170    29.3753       1186     4.9375  0.000e+00
      3.486    20.2788   4.120946    29.3737       1187     4.9417  0.000e+00
      3.489    20.2777   4.120933    29.3744       1188     4.9458  0.000e+00
      3.491    20.2768   4.120554    29.3720       1189     4.9500  0.000e+00
      3.496    20.2745   4.120283    29.3714       1190     4.9542  0.000e+00
      3.496    20.2718   4.120304    29.3735       1191     4.9583  0.000e+00
      3.500    20.2699   4.120744    29.3783       1192     4.9625  0.000e+00
      3.494    20.2702   4.121150    29.3813       1193     4.9667  0.000e+00
      3.487    20.2728   4.120974    29.3781       1194     4.9708  0.000e+00
      3.480    20.2742   4.120777    29.3756       1195     4.9750  0.000e+00
      3.467    20.2740   4.120554    29.3740       1196     4.9792  0.000e+00
      3.467    20.2728   4.120601    29.3752       1197     4.9833  0.000e+00
      3.472    20.2717   4.120852    29.3779       1198     4.9875  0.000e+00
      3.483    20.2723   4.121001    29.3787       1199     4.9917  0.000e+00
      3.488    20.2737   4.120974    29.3775       1200     4.9958  0.000e+00
      3.493    20.2746   4.121190    29.3786       1201     5.0000  0.000e+00
      3.491    20.2758   4.121447    29.3798       1202     5.0042  0.000e+00
      3.497    20.2779   4.121522    29.3789       1203     5.0083  0.000e+00
      3.489    20.2799   4.121244    29.3754       1204     5.0125  0.000e+00
      3.486    20.2799   4.121637    29.3785       1205     5.0167  0.000e+00
      3.462    20.2806   4.122185    29.3823       1206     5.0208  0.000e+00
      3.421    20.2841   4.122036    29.3787       1207     5.0250  0.000e+00
      3.372    20.2868   4.122706    29.3822       1208     5.0292  0.000e+00
      3.316    20.2903   4.122483    29.3780       1209     5.0333  0.000e+00
      3.256    20.2934   4.122869    29.3789       1210     5.0375  0.000e+00
      3.204    20.2957   4.122706    29.3761       1211     5.0417  0.000e+00
      3.164    20.2968   4.122483    29.3736       1212     5.0458  0.000e+00
      3.144    20.2960   4.122808    29.3767       1213     5.0500  0.000e+00
      3.124    20.2969   4.123200    29.3792       1214     5.0542  0.000e+00
      3.118    20.2993   4.123126    29.3769       1215     5.0583  0.000e+00
      3.118    20.3010   4.123200    29.3763       1216     5.0625  0.000e+00
      3.124    20.3025   4.123397    29.3769       1217     5.0667  0.000e+00
      3.131    20.3039   4.123457    29.3764       1218     5.0708  0.000e+00
      3.143    20.3051   4.123573    29.3764       1219     5.0750  0.000e+00
      3.149    20.3062   4.123424    29.3745       1220     5.0792  0.000e+00
      3.147    20.3065   4.123302    29.3733       1221     5.0833  0.000e+00
      3.138    20.3059   4.123769    29.3775       1222     5.0875  0.000e+00
      3.120    20.3073   4.123769    29.3765       1223     5.0917  0.000e+00
      3.087    20.3083   4.123396    29.3729       1224     5.0958  0.000e+00
      3.053    20.3077   4.122753    29.3682       1225     5.1000  0.000e+00
      3.017    20.3039   4.122381    29.3679       1226     5.1042  0.000e+00
      2.988    20.2996   4.122984    29.3756       1227     5.1083  0.000e+00
      2.966    20.2986   4.121961    29.3683       1228     5.1125  0.000e+00
      2.951    20.2954   4.122110    29.3716       1229     5.1167  0.000e+00
      2.951    20.2928   4.122584    29.3772       1230     5.1208  0.000e+00
      2.949    20.2934   4.122537    29.3764       1231     5.1250  0.000e+00
      2.958    20.2942   4.122659    29.3768       1232     5.1292  0.000e+00
      2.958    20.2951   4.123322    29.3815       1233     5.1333  0.000e+00
      2.967    20.2986   4.123694    29.3820       1234     5.1375  0.000e+00
      2.968    20.3030   4.123627    29.3784       1235     5.1417  0.000e+00
      2.965    20.3057   4.123870    29.3784       1236     5.1458  0.000e+00
      2.954    20.3078   4.123545    29.3744       1237     5.1500  0.000e+00
      2.925    20.3086   4.123572    29.3741       1238     5.1542  0.000e+00
      2.886    20.3085   4.123769    29.3757       1239     5.1583  0.000e+00
      2.854    20.3089   4.123796    29.3757       1240     5.1625  0.000e+00
