HB2403/sbe009.cnv
* Sea-Bird SBE 19plus V2 Data File:
* FileName = C:\cruise\data\sbe009.hex
* Software Version Seasave V 7.26.7.121
* Temperature SN = 6128
* Conductivity SN = 6128
* System UpLoad Time = May 26 2024 12:59:19
* NMEA Latitude = 41 01.87 N
* NMEA Longitude = 071 34.15 W
* NMEA UTC (Time) = May 26 2024  12:59:43
** Ship: Henry Bigelow
** Cruise:  HB2403
** Program:  ECOMON
# nquan = 7
# nvalues = 1292                                  
# units = specified
# name 0 = depSM: Depth [salt water, m]
# name 1 = tv290C: Temperature [ITS-90, deg C]
# name 2 = c0S/m: Conductivity [S/m]
# name 3 = sal00: Salinity, Practical [PSU]
# name 4 = scan: Scan Count
# name 5 = timeM: Time, Elapsed [minutes]
# name 6 = flag:  0.000e+00
# span 0 =      0.001,     40.537                 
# span 1 =     8.5492,    15.2825                 
# span 2 =   0.000013,   3.849784                 
# span 3 =     0.0079,    31.8276                 
# span 4 =         11,       1302                 
# span 5 =     0.0417,     5.4208                 
# span 6 = 0.0000e+00, 0.0000e+00                 
# interval = seconds: 0.25
# start_time = May 26 2024 12:59:43 [NMEA time, header]
# bad_flag = -9.990e-29
*END*
[from data line 1026]
      8.027    13.3436   3.598920    30.0236       1037     4.3167  0.000e+00
      7.985    13.3620   3.600336    30.0223       1038     4.3208  0.000e+00
      7.942    13.3813   3.602855    30.0304       1039     4.3250  0.000e+00
      7.889    13.4074   3.604733    30.0273       1040     4.3292  0.000e+00
      7.850    13.4374   3.605111    30.0072       1041     4.3333  0.000e+00
      7.812    13.4595   3.605996    29.9980       1042     4.3375  0.000e+00
      7.779    13.4755   3.607259    29.9971       1043     4.3417  0.000e+00
      7.750    13.4914   3.608612    29.9971       1044     4.3458  0.000e+00
      7.721    13.5091   3.609587    29.9922       1045     4.3500  0.000e+00
      7.697    13.5285   3.609741    29.9785       1046     4.3542  0.000e+00
      7.685    13.5432   3.609407    29.9638       1047     4.3583  0.000e+00
      7.665    13.5488   3.609388    29.9593       1048     4.3625  0.000e+00
      7.652    13.5498   3.609651    29.9610       1049     4.3667  0.000e+00
      7.632    13.5515   3.609856    29.9615       1050     4.3708  0.000e+00
      7.616    13.5545   3.610138    29.9617       1051     4.3750  0.000e+00
      7.601    13.5593   3.610671    29.9629       1052     4.3792  0.000e+00
      7.579    13.5646   3.610735    29.9594       1053     4.3833  0.000e+00
      7.546    13.5695   3.610985    29.9579       1054     4.3875  0.000e+00
      7.517    13.5752   3.611004    29.9535       1055     4.3917  0.000e+00
      7.488    13.5801   3.611004    29.9497       1056     4.3958  0.000e+00
      7.452    13.5822   3.610959    29.9477       1057     4.4000  0.000e+00
      7.421    13.5831   3.610959    29.9470       1058     4.4042  0.000e+00
      7.387    13.5844   3.611004    29.9464       1059     4.4083  0.000e+00
      7.356    13.5854   3.610741    29.9432       1060     4.4125  0.000e+00
      7.333    13.5841   3.610895    29.9457       1061     4.4167  0.000e+00
      7.304    13.5822   3.610914    29.9473       1062     4.4208  0.000e+00
      7.275    13.5819   3.611094    29.9492       1063     4.4250  0.000e+00
      7.247    13.5833   3.611337    29.9504       1064     4.4292  0.000e+00
      7.219    13.5858   3.611318    29.9482       1065     4.4333  0.000e+00
      7.188    13.5872   3.610362    29.9384       1066     4.4375  0.000e+00
      7.153    13.5854   3.610138    29.9378       1067     4.4417  0.000e+00
      7.117    13.5824   3.610317    29.9418       1068     4.4458  0.000e+00
      7.078    13.5808   3.609919    29.9394       1069     4.4500  0.000e+00
      7.039    13.5793   3.609586    29.9375       1070     4.4542  0.000e+00
      7.003    13.5784   3.609496    29.9374       1071     4.4583  0.000e+00
      6.969    13.5776   3.609342    29.9366       1072     4.4625  0.000e+00
      6.933    13.5766   3.609169    29.9358       1073     4.4667  0.000e+00
      6.902    13.5752   3.609207    29.9373       1074     4.4708  0.000e+00
      6.880    13.5740   3.609143    29.9376       1075     4.4750  0.000e+00
      6.856    13.5729   3.609143    29.9385       1076     4.4792  0.000e+00
      6.841    13.5723   3.609297    29.9404       1077     4.4833  0.000e+00
      6.832    13.5732   3.609522    29.9417       1078     4.4875  0.000e+00
      6.821    13.5748   3.609676    29.9419       1079     4.4917  0.000e+00
      6.811    13.5766   3.609939    29.9429       1080     4.4958  0.000e+00
      6.805    13.5792   3.610182    29.9431       1081     4.5000  0.000e+00
      6.788    13.5821   3.610298    29.9420       1082     4.5042  0.000e+00
      6.767    13.5845   3.610362    29.9407       1083     4.5083  0.000e+00
      6.749    13.5865   3.610497    29.9404       1084     4.5125  0.000e+00
      6.722    13.5884   3.610586    29.9397       1085     4.5167  0.000e+00
      6.691    13.5907   3.610760    29.9395       1086     4.5208  0.000e+00
      6.649    13.5933   3.610875    29.9385       1087     4.5250  0.000e+00
      6.608    13.5967   3.610984    29.9369       1088     4.5292  0.000e+00
      6.568    13.5999   3.611164    29.9360       1089     4.5333  0.000e+00
      6.526    13.6041   3.611048    29.9318       1090     4.5375  0.000e+00
      6.481    13.6103   3.610804    29.9247       1091     4.5417  0.000e+00
      6.441    13.6183   3.610804    29.9184       1092     4.5458  0.000e+00
      6.407    13.6257   3.610804    29.9126       1093     4.5500  0.000e+00
      6.370    13.6313   3.610733    29.9076       1094     4.5542  0.000e+00
      6.333    13.6354   3.610695    29.9041       1095     4.5583  0.000e+00
      6.298    13.6384   3.610759    29.9024       1096     4.5625  0.000e+00
      6.264    13.6411   3.610874    29.9013       1097     4.5667  0.000e+00
      6.220    13.6435   3.610849    29.8992       1098     4.5708  0.000e+00
      6.182    13.6466   3.610829    29.8966       1099     4.5750  0.000e+00
      6.141    13.6497   3.610784    29.8938       1100     4.5792  0.000e+00
      6.094    13.6524   3.610804    29.8919       1101     4.5833  0.000e+00
      6.054    13.6546   3.610893    29.8911       1102     4.5875  0.000e+00
      6.017    13.6564   3.610983    29.8905       1103     4.5917  0.000e+00
      5.985    13.6582   3.611047    29.8897       1104     4.5958  0.000e+00
      5.954    13.6604   3.611118    29.8886       1105     4.6000  0.000e+00
      5.931    13.6627   3.611426    29.8897       1106     4.6042  0.000e+00
      5.910    13.6665   3.611516    29.8875       1107     4.6083  0.000e+00
      5.893    13.6704   3.611516    29.8845       1108     4.6125  0.000e+00
      5.872    13.6728   3.611650    29.8838       1109     4.6167  0.000e+00
      5.854    13.6749   3.611759    29.8833       1110     4.6208  0.000e+00
      5.836    13.6771   3.611868    29.8825       1111     4.6250  0.000e+00
      5.812    13.6798   3.611939    29.8811       1112     4.6292  0.000e+00
      5.784    13.6818   3.612292    29.8828       1113     4.6333  0.000e+00
      5.758    13.6854   3.612253    29.8796       1114     4.6375  0.000e+00
      5.729    13.6889   3.612934    29.8831       1115     4.6417  0.000e+00
      5.698    13.6949   3.613248    29.8814       1116     4.6458  0.000e+00
      5.668    13.7030   3.613402    29.8765       1117     4.6500  0.000e+00
      5.639    13.7100   3.613665    29.8735       1118     4.6542  0.000e+00
      5.610    13.7160   3.613646    29.8686       1119     4.6583  0.000e+00
      5.572    13.7204   3.613620    29.8650       1120     4.6625  0.000e+00
      5.541    13.7228   3.613645    29.8633       1121     4.6667  0.000e+00
      5.510    13.7246   3.614114    29.8663       1122     4.6708  0.000e+00
      5.470    13.7286   3.614531    29.8670       1123     4.6750  0.000e+00
      5.427    13.7353   3.615109    29.8671       1124     4.6792  0.000e+00
      5.400    13.7441   3.615109    29.8603       1125     4.6833  0.000e+00
      5.361    13.7511   3.615179    29.8555       1126     4.6875  0.000e+00
      5.321    13.7557   3.615468    29.8545       1127     4.6917  0.000e+00
      5.279    13.7599   3.615513    29.8517       1128     4.6958  0.000e+00
      5.241    13.7632   3.615352    29.8477       1129     4.7000  0.000e+00
      5.207    13.7642   3.615487    29.8482       1130     4.7042  0.000e+00
      5.178    13.7651   3.615532    29.8479       1131     4.7083  0.000e+00
      5.152    13.7663   3.615667    29.8482       1132     4.7125  0.000e+00
      5.121    13.7677   3.615866    29.8489       1133     4.7167  0.000e+00
      5.105    13.7700   3.616309    29.8512       1134     4.7208  0.000e+00
      5.083    13.7731   3.615776    29.8440       1135     4.7250  0.000e+00
      5.060    13.7731   3.615801    29.8442       1136     4.7292  0.000e+00
      5.040    13.7720   3.616334    29.8499       1137     4.7333  0.000e+00
      5.012    13.7744   3.616398    29.8486       1138     4.7375  0.000e+00
      4.982    13.7766   3.616668    29.8494       1139     4.7417  0.000e+00
      4.953    13.7793   3.616912    29.8496       1140     4.7458  0.000e+00
      4.918    13.7828   3.616912    29.8468       1141     4.7500  0.000e+00
      4.875    13.7853   3.616976    29.8455       1142     4.7542  0.000e+00
      4.837    13.7871   3.617021    29.8445       1143     4.7583  0.000e+00
      4.795    13.7887   3.617040    29.8435       1144     4.7625  0.000e+00
      4.758    13.7897   3.617085    29.8431       1145     4.7667  0.000e+00
      4.721    13.7902   3.617246    29.8442       1146     4.7708  0.000e+00
      4.683    13.7916   3.617708    29.8474       1147     4.7750  0.000e+00
      4.648    13.7943   3.617952    29.8476       1148     4.7792  0.000e+00
      4.612    13.7976   3.618177    29.8471       1149     4.7833  0.000e+00
      4.576    13.8009   3.618311    29.8458       1150     4.7875  0.000e+00
      4.551    13.8035   3.618446    29.8450       1151     4.7917  0.000e+00
      4.520    13.8058   3.618510    29.8438       1152     4.7958  0.000e+00
      4.489    13.8073   3.618844    29.8456       1153     4.8000  0.000e+00
      4.469    13.8098   3.619268    29.8476       1154     4.8042  0.000e+00
      4.435    13.8132   3.619602    29.8481       1155     4.8083  0.000e+00
      4.406    13.8168   3.618908    29.8389       1156     4.8125  0.000e+00
      4.369    13.8167   3.618754    29.8376       1157     4.8167  0.000e+00
      4.346    13.8149   3.618953    29.8408       1158     4.8208  0.000e+00
      4.315    13.8144   3.618908    29.8408       1159     4.8250  0.000e+00
      4.277    13.8140   3.618311    29.8357       1160     4.8292  0.000e+00
      4.246    13.8104   3.617669    29.8326       1161     4.8333  0.000e+00
      4.221    13.8058   3.619178    29.8500       1162     4.8375  0.000e+00
      4.192    13.8081   3.618574    29.8427       1163     4.8417  0.000e+00
      4.174    13.8085   3.619152    29.8476       1164     4.8458  0.000e+00
      4.150    13.8108   3.619955    29.8533       1165     4.8500  0.000e+00
      4.123    13.8165   3.619602    29.8456       1166     4.8542  0.000e+00
      4.089    13.8196   3.619557    29.8428       1167     4.8583  0.000e+00
      4.069    13.8208   3.620064    29.8465       1168     4.8625  0.000e+00
      4.042    13.8234   3.620270    29.8464       1169     4.8667  0.000e+00
      4.020    13.8267   3.620379    29.8448       1170     4.8708  0.000e+00
      3.994    13.8295   3.620803    29.8465       1171     4.8750  0.000e+00
      3.965    13.8328   3.621066    29.8464       1172     4.8792  0.000e+00
      3.942    13.8368   3.621490    29.8472       1173     4.8833  0.000e+00
      3.909    13.8410   3.621355    29.8427       1174     4.8875  0.000e+00
      3.880    13.8436   3.621458    29.8417       1175     4.8917  0.000e+00
      3.849    13.8450   3.621734    29.8431       1176     4.8958  0.000e+00
      3.819    13.8473   3.622113    29.8448       1177     4.9000  0.000e+00
      3.797    13.8507   3.622093    29.8419       1178     4.9042  0.000e+00
      3.766    13.8528   3.622273    29.8420       1179     4.9083  0.000e+00
      3.737    13.8544   3.622383    29.8417       1180     4.9125  0.000e+00
      3.710    13.8563   3.622338    29.8399       1181     4.9167  0.000e+00
      3.675    13.8567   3.622582    29.8418       1182     4.9208  0.000e+00
      3.648    13.8588   3.622562    29.8400       1183     4.9250  0.000e+00
      3.610    13.8600   3.622672    29.8401       1184     4.9292  0.000e+00
      3.581    13.8609   3.623006    29.8425       1185     4.9333  0.000e+00
      3.555    13.8624   3.623230    29.8434       1186     4.9375  0.000e+00
      3.528    13.8645   3.623140    29.8409       1187     4.9417  0.000e+00
      3.501    13.8657   3.623179    29.8404       1188     4.9458  0.000e+00
      3.476    13.8666   3.623519    29.8428       1189     4.9500  0.000e+00
      3.449    13.8683   3.623070    29.8374       1190     4.9542  0.000e+00
      3.429    13.8682   3.622781    29.8348       1191     4.9583  0.000e+00
      3.405    13.8667   3.623095    29.8388       1192     4.9625  0.000e+00
      3.381    13.8662   3.623070    29.8390       1193     4.9667  0.000e+00
      3.361    13.8674   3.623474    29.8418       1194     4.9708  0.000e+00
      3.331    13.8694   3.623609    29.8415       1195     4.9750  0.000e+00
      3.300    13.8711   3.623564    29.8398       1196     4.9792  0.000e+00
      3.275    13.8721   3.623963    29.8427       1197     4.9833  0.000e+00
      3.248    13.8739   3.623873    29.8404       1198     4.9875  0.000e+00
      3.215    13.8750   3.623693    29.8379       1199     4.9917  0.000e+00
      3.182    13.8763   3.624316    29.8426       1200     4.9958  0.000e+00
      3.156    13.8800   3.624515    29.8416       1201     5.0000  0.000e+00
      3.123    13.8845   3.624766    29.8404       1202     5.0042  0.000e+00
      3.092    13.8888   3.624875    29.8380       1203     5.0083  0.000e+00
      3.060    13.8920   3.624521    29.8324       1204     5.0125  0.000e+00
      3.029    13.8926   3.624251    29.8295       1205     5.0167  0.000e+00
      3.003    13.8905   3.624521    29.8336       1206     5.0208  0.000e+00
      2.980    13.8902   3.624766    29.8360       1207     5.0250  0.000e+00
      2.960    13.8921   3.624875    29.8355       1208     5.0292  0.000e+00
      2.939    13.8936   3.624631    29.8322       1209     5.0333  0.000e+00
      2.928    13.8929   3.624900    29.8352       1210     5.0375  0.000e+00
      2.902    13.8930   3.624875    29.8349       1211     5.0417  0.000e+00
      2.884    13.8921   3.624920    29.8360       1212     5.0458  0.000e+00
      2.868    13.8919   3.624875    29.8357       1213     5.0500  0.000e+00
      2.850    13.8911   3.624740    29.8351       1214     5.0542  0.000e+00
      2.828    13.8898   3.624721    29.8360       1215     5.0583  0.000e+00
      2.793    13.8888   3.624740    29.8370       1216     5.0625  0.000e+00
      2.768    13.8886   3.624830    29.8379       1217     5.0667  0.000e+00
      2.737    13.8892   3.624830    29.8375       1218     5.0708  0.000e+00
      2.704    13.8896   3.625100    29.8396       1219     5.0750  0.000e+00
      2.679    13.8917   3.625254    29.8395       1220     5.0792  0.000e+00
      2.643    13.8942   3.625190    29.8369       1221     5.0833  0.000e+00
      2.614    13.8956   3.625119    29.8352       1222     5.0875  0.000e+00
      2.588    13.8960   3.625324    29.8368       1223     5.0917  0.000e+00
      2.565    13.8972   3.625209    29.8348       1224     5.0958  0.000e+00
      2.546    13.8976   3.625087    29.8334       1225     5.1000  0.000e+00
      2.530    13.8969   3.624984    29.8330       1226     5.1042  0.000e+00
      2.497    13.8951   3.624984    29.8344       1227     5.1083  0.000e+00
      2.470    13.8930   3.624875    29.8350       1228     5.1125  0.000e+00
      2.432    13.8918   3.625074    29.8378       1229     5.1167  0.000e+00
      2.391    13.8917   3.625344    29.8403       1230     5.1208  0.000e+00
      2.364    13.8923   3.625524    29.8416       1231     5.1250  0.000e+00
      2.338    13.8936   3.625363    29.8391       1232     5.1292  0.000e+00
      2.320    13.8947   3.625279    29.8375       1233     5.1333  0.000e+00
      2.307    13.8955   3.625119    29.8354       1234     5.1375  0.000e+00
      2.298    13.8956   3.625074    29.8349       1235     5.1417  0.000e+00
      2.293    13.8952   3.625279    29.8371       1236     5.1458  0.000e+00
      2.278    13.8956   3.625511    29.8389       1237     5.1500  0.000e+00
      2.267    13.8964   3.625588    29.8390       1238     5.1542  0.000e+00
      2.249    13.8975   3.625832    29.8404       1239     5.1583  0.000e+00
      2.227    13.8991   3.625479    29.8360       1240     5.1625  0.000e+00
