HB2403/sbe026.cnv
* Sea-Bird SBE 19plus V2 Data File:
* FileName = C:\cruise\data\sbe026.hex
* Software Version Seasave V 7.26.7.121
* Temperature SN = 6128
* Conductivity SN = 6128
* System UpLoad Time = Jun 03 2024 17:24:54
* NMEA Latitude = 41 17.08 N
* NMEA Longitude = 071 16.80 W
* NMEA UTC (Time) = Jun 03 2024  17:25:25
** Ship: Henry Bigelow
** Cruise:  HB2403
** Program:  ECOMON
# nquan = 7
# nvalues = 1493                                  
# units = specified
# name 0 = depSM: Depth [salt water, m]
# name 1 = tv290C: Temperature [ITS-90, deg C]
# name 2 = c0S/m: Conductivity [S/m]
# name 3 = sal00: Salinity, Practical [PSU]
# name 4 = scan: Scan Count
# name 5 = timeM: Time, Elapsed [minutes]
# name 6 = flag:  0.000e+00
# span 0 =     -0.032,     33.281                 
# span 1 =     9.0377,    18.5358                 
# span 2 =   0.000034,   4.110332                 
# span 3 =     0.0092,    31.7766                 
# span 4 =         11,       1503                 
# span 5 =     0.0417,     6.2583                 
# span 6 = 0.0000e+00, 0.0000e+00                 
# interval = seconds: 0.25
# start_time = Jun 03 2024 17:25:25 [NMEA time, header]
# bad_flag = -9.990e-29
*END*
[from data line 1436]
      1.968    16.0974   3.938042    30.9216       1447     6.0250  0.000e+00
      1.947    16.1051   3.939005    30.9240       1448     6.0292  0.000e+00
      1.925    16.1136   3.939968    30.9259       1449     6.0333  0.000e+00
      1.908    16.1233   3.940905    30.9265       1450     6.0375  0.000e+00
      1.880    16.1335   3.941324    30.9223       1451     6.0417  0.000e+00
      1.847    16.1420   3.942002    30.9216       1452     6.0458  0.000e+00
      1.806    16.1496   3.944069    30.9337       1453     6.0500  0.000e+00
      1.760    16.1623   3.946230    30.9427       1454     6.0542  0.000e+00
      1.703    16.1802   3.948624    30.9498       1455     6.0583  0.000e+00
      1.643    16.2016   3.949867    30.9440       1456     6.0625  0.000e+00
      1.583    16.2215   3.950858    30.9372       1457     6.0667  0.000e+00
      1.526    16.2385   3.952062    30.9345       1458     6.0708  0.000e+00
      1.469    16.2538   3.953726    30.9371       1459     6.0750  0.000e+00
      1.426    16.2701   3.955137    30.9368       1460     6.0792  0.000e+00
      1.397    16.2864   3.956148    30.9329       1461     6.0833  0.000e+00
      1.381    16.3012   3.956760    30.9268       1462     6.0875  0.000e+00
      1.376    16.3133   3.957066    30.9201       1463     6.0917  0.000e+00
      1.366    16.3222   3.957426    30.9164       1464     6.0958  0.000e+00
      1.361    16.3286   3.957799    30.9146       1465     6.1000  0.000e+00
      1.352    16.3342   3.958151    30.9134       1466     6.1042  0.000e+00
      1.334    16.3393   3.958764    30.9148       1467     6.1083  0.000e+00
      1.310    16.3448   3.959543    30.9173       1468     6.1125  0.000e+00
      1.274    16.3512   3.960229    30.9183       1469     6.1167  0.000e+00
      1.239    16.3584   3.960721    30.9170       1470     6.1208  0.000e+00
      1.196    16.3651   3.960721    30.9118       1471     6.1250  0.000e+00
      1.161    16.3700   3.962353    30.9222       1472     6.1292  0.000e+00
      1.134    16.3789   3.966437    30.9508       1473     6.1333  0.000e+00
      1.105    16.3995   3.967190    30.9415       1474     6.1375  0.000e+00
      1.079    16.4200   3.969935    30.9494       1475     6.1417  0.000e+00
      1.061    16.4434   3.973555    30.9627       1476     6.1458  0.000e+00
      1.041    16.4750   3.976463    30.9634       1477     6.1500  0.000e+00
      1.016    16.5080   3.983509    30.9990       1478     6.1542  0.000e+00
      0.992    16.5561   3.988430    31.0044       1479     6.1583  0.000e+00
      0.958    16.6130   3.992403    30.9948       1480     6.1625  0.000e+00
      0.929    16.6626   3.996265    30.9897       1481     6.1667  0.000e+00
      0.893    16.7116   4.001058    30.9933       1482     6.1708  0.000e+00
      0.857    16.7634   4.008825    31.0203       1483     6.1750  0.000e+00
      0.810    16.8251   4.016825    31.0416       1484     6.1792  0.000e+00
      0.763    16.9005   4.028553    31.0843       1485     6.1833  0.000e+00
      0.734    16.9966   4.036092    31.0748       1486     6.1875  0.000e+00
      0.710    17.0960   4.041280    31.0427       1487     6.1917  0.000e+00
      0.679    17.1795   4.042709    30.9908       1488     6.1958  0.000e+00
      0.659    17.2393   4.046792    30.9799       1489     6.2000  0.000e+00
      0.625    17.2914   4.053916    31.0007       1490     6.2042  0.000e+00
      0.598    17.3490   4.059060    31.0004       1491     6.2083  0.000e+00
      0.572    17.4083   4.059086    30.9554       1492     6.2125  0.000e+00
      0.567    17.4511   4.058500    30.9177       1493     6.2167  0.000e+00
      0.558    17.4716   4.061467    30.9273       1494     6.2208  0.000e+00
      0.550    17.4940   4.063532    30.9277       1495     6.2250  0.000e+00
      0.550    17.5162   4.062294    30.9004       1496     6.2292  0.000e+00
      0.550    17.5272   4.059771    30.8706       1497     6.2333  0.000e+00
      0.571    17.5237   4.059232    30.8687       1498     6.2375  0.000e+00
      0.584    17.5133   4.053093    30.8245       1499     6.2417  0.000e+00
      0.596    17.4855   4.050425    30.8231       1500     6.2458  0.000e+00
      0.610    17.4520   4.050398    30.8483       1501     6.2500  0.000e+00
      0.606    17.4281   4.044298    30.8146       1502     6.2542  0.000e+00
      0.590    17.3962   4.052872    30.9118       1503     6.2583  0.000e+00
