HB2403/sbe021.cnv
* Sea-Bird SBE 19plus V2 Data File:
* FileName = C:\cruise\data\sbe021.hex
* Software Version Seasave V 7.26.7.121
* Temperature SN = 6128
* Conductivity SN = 6128
* System UpLoad Time = May 27 2024 12:53:05
* NMEA Latitude = 39 02.90 N
* NMEA Longitude = 072 45.54 W
* NMEA UTC (Time) = May 27 2024  12:53:29
** Ship: Henry Bigelow
** Cruise:  HB2403
** Program:  ECOMON
# nquan = 7
# nvalues = 3051                                  
# units = specified
# name 0 = depSM: Depth [salt water, m]
# name 1 = tv290C: Temperature [ITS-90, deg C]
# name 2 = c0S/m: Conductivity [S/m]
# name 3 = sal00: Salinity, Practical [PSU]
# name 4 = scan: Scan Count
# name 5 = timeM: Time, Elapsed [minutes]
# name 6 = flag:  0.000e+00
# span 0 =     -0.226,    154.851                 
# span 1 =     6.9075,    17.9827                 
# span 2 =   0.000043,   4.085048                 
# span 3 =     0.0090,    35.3673                 
# span 4 =         11,       3061                 
# span 5 =     0.0417,    12.7500                 
# span 6 = 0.0000e+00, 0.0000e+00                 
# interval = seconds: 0.25
# start_time = May 27 2024 12:53:29 [NMEA time, header]
# bad_flag = -9.990e-29
*END*
[from data line 1642]
    100.163    11.5323   3.901106    34.4243       1653     6.8833  0.000e+00
    100.116    11.5314   3.901040    34.4245       1654     6.8875  0.000e+00
    100.070    11.5307   3.900894    34.4238       1655     6.8917  0.000e+00
    100.016    11.5298   3.900828    34.4239       1656     6.8958  0.000e+00
     99.954    11.5292   3.900808    34.4243       1657     6.9000  0.000e+00
     99.886    11.5288   3.900749    34.4242       1658     6.9042  0.000e+00
     99.804    11.5281   3.900715    34.4245       1659     6.9083  0.000e+00
     99.712    11.5278   3.900715    34.4248       1660     6.9125  0.000e+00
     99.605    11.5276   3.900689    34.4248       1661     6.9167  0.000e+00
     99.486    11.5274   3.900649    34.4247       1662     6.9208  0.000e+00
     99.349    11.5272   3.900596    34.4244       1663     6.9250  0.000e+00
     99.204    11.5269   3.900576    34.4245       1664     6.9292  0.000e+00
     99.058    11.5266   3.900530    34.4244       1665     6.9333  0.000e+00
     98.902    11.5265   3.900503    34.4243       1666     6.9375  0.000e+00
     98.743    11.5262   3.900669    34.4263       1667     6.9417  0.000e+00
     98.589    11.5271   3.901291    34.4316       1668     6.9458  0.000e+00
     98.435    11.5295   3.901112    34.4277       1669     6.9500  0.000e+00
     98.283    11.5317   3.901456    34.4291       1670     6.9542  0.000e+00
     98.148    11.5339   3.900761    34.4203       1671     6.9583  0.000e+00
     98.018    11.5338   3.899093    34.4040       1672     6.9625  0.000e+00
     97.902    11.5293   3.899239    34.4097       1673     6.9667  0.000e+00
     97.803    11.5255   3.899557    34.4164       1674     6.9708  0.000e+00
     97.716    11.5245   3.899808    34.4198       1675     6.9750  0.000e+00
     97.651    11.5250   3.900159    34.4228       1676     6.9792  0.000e+00
     97.602    11.5267   3.900503    34.4247       1677     6.9833  0.000e+00
     97.567    11.5290   3.900873    34.4262       1678     6.9875  0.000e+00
     97.549    11.5320   3.901105    34.4257       1679     6.9917  0.000e+00
     97.540    11.5349   3.901158    34.4235       1680     6.9958  0.000e+00
     97.540    11.5369   3.901198    34.4221       1681     7.0000  0.000e+00
     97.543    11.5382   3.901151    34.4204       1682     7.0042  0.000e+00
     97.549    11.5390   3.901131    34.4194       1683     7.0083  0.000e+00
     97.545    11.5392   3.901184    34.4198       1684     7.0125  0.000e+00
     97.539    11.5396   3.901198    34.4196       1685     7.0167  0.000e+00
     97.521    11.5397   3.901244    34.4199       1686     7.0208  0.000e+00
     97.494    11.5400   3.901290    34.4201       1687     7.0250  0.000e+00
     97.450    11.5404   3.901376    34.4206       1688     7.0292  0.000e+00
     97.396    11.5408   3.901641    34.4229       1689     7.0333  0.000e+00
     97.317    11.5422   3.902197    34.4271       1690     7.0375  0.000e+00
     97.224    11.5447   3.902885    34.4316       1691     7.0417  0.000e+00
     97.123    11.5491   3.903283    34.4314       1692     7.0458  0.000e+00
     97.000    11.5533   3.903680    34.4315       1693     7.0500  0.000e+00
     96.880    11.5576   3.904375    34.4343       1694     7.0542  0.000e+00
     96.741    11.5624   3.904640    34.4326       1695     7.0583  0.000e+00
     96.598    11.5671   3.904765    34.4295       1696     7.0625  0.000e+00
     96.443    11.5705   3.905136    34.4301       1697     7.0667  0.000e+00
     96.295    11.5740   3.906295    34.4383       1698     7.0708  0.000e+00
     96.144    11.5802   3.907878    34.4481       1699     7.0750  0.000e+00
     95.987    11.5900   3.908407    34.4443       1700     7.0792  0.000e+00
     95.837    11.5987   3.908732    34.4394       1701     7.0833  0.000e+00
     95.707    11.6059   3.910732    34.4525       1702     7.0875  0.000e+00
     95.577    11.6167   3.912362    34.4586       1703     7.0917  0.000e+00
     95.467    11.6302   3.912077    34.4432       1704     7.0958  0.000e+00
     95.367    11.6405   3.913283    34.4456       1705     7.1000  0.000e+00
     95.282    11.6510   3.916451    34.4669       1706     7.1042  0.000e+00
     95.212    11.6676   3.918446    34.4711       1707     7.1083  0.000e+00
     95.152    11.6865   3.920011    34.4690       1708     7.1125  0.000e+00
     95.106    11.7039   3.921337    34.4658       1709     7.1167  0.000e+00
     95.070    11.7190   3.921921    34.4576       1710     7.1208  0.000e+00
     95.043    11.7303   3.922292    34.4507       1711     7.1250  0.000e+00
     95.025    11.7386   3.922332    34.4434       1712     7.1292  0.000e+00
     95.009    11.7436   3.922246    34.4380       1713     7.1333  0.000e+00
     94.994    11.7463   3.922385    34.4368       1714     7.1375  0.000e+00
     94.976    11.7479   3.922597    34.4374       1715     7.1417  0.000e+00
     94.954    11.7497   3.922869    34.4384       1716     7.1458  0.000e+00
     94.921    11.7518   3.923134    34.4391       1717     7.1500  0.000e+00
     94.885    11.7539   3.923340    34.4392       1718     7.1542  0.000e+00
     94.834    11.7559   3.923479    34.4387       1719     7.1583  0.000e+00
     94.769    11.7578   3.924368    34.4457       1720     7.1625  0.000e+00
     94.693    11.7614   3.925244    34.4509       1721     7.1667  0.000e+00
     94.600    11.7670   3.925835    34.4516       1722     7.1708  0.000e+00
     94.506    11.7729   3.926399    34.4516       1723     7.1750  0.000e+00
     94.394    11.7788   3.927168    34.4538       1724     7.1792  0.000e+00
     94.275    11.7852   3.927693    34.4530       1725     7.1833  0.000e+00
     94.151    11.7919   3.928077    34.4506       1726     7.1875  0.000e+00
     94.022    11.7977   3.928734    34.4518       1727     7.1917  0.000e+00
     93.901    11.8035   3.929763    34.4564       1728     7.1958  0.000e+00
     93.776    11.8114   3.932240    34.4734       1729     7.2000  0.000e+00
     93.657    11.8250   3.932551    34.4639       1730     7.2042  0.000e+00
     93.548    11.8368   3.932843    34.4559       1731     7.2083  0.000e+00
     93.448    11.8447   3.933733    34.4573       1732     7.2125  0.000e+00
     93.359    11.8521   3.933474    34.4479       1733     7.2167  0.000e+00
     93.283    11.8570   3.933122    34.4400       1734     7.2208  0.000e+00
     93.209    11.8585   3.932206    34.4297       1735     7.2250  0.000e+00
     93.147    11.8567   3.931701    34.4265       1736     7.2292  0.000e+00
     93.086    11.8534   3.931070    34.4234       1737     7.2333  0.000e+00
     93.029    11.8495   3.930718    34.4236       1738     7.2375  0.000e+00
     92.986    11.8456   3.930154    34.4217       1739     7.2417  0.000e+00
     92.930    11.8417   3.930174    34.4255       1740     7.2458  0.000e+00
     92.876    11.8387   3.930041    34.4270       1741     7.2500  0.000e+00
     92.826    11.8370   3.929875    34.4270       1742     7.2542  0.000e+00
     92.776    11.8350   3.929709    34.4272       1743     7.2583  0.000e+00
     92.725    11.8337   3.929457    34.4260       1744     7.2625  0.000e+00
     92.675    11.8321   3.929437    34.4273       1745     7.2667  0.000e+00
     92.622    11.8311   3.929410    34.4280       1746     7.2708  0.000e+00
     92.563    11.8300   3.929271    34.4277       1747     7.2750  0.000e+00
     92.501    11.8293   3.929291    34.4286       1748     7.2792  0.000e+00
     92.426    11.8288   3.929477    34.4309       1749     7.2833  0.000e+00
     92.346    11.8287   3.929045    34.4268       1750     7.2875  0.000e+00
     92.258    11.8281   3.928919    34.4261       1751     7.2917  0.000e+00
     92.156    11.8270   3.929384    34.4317       1752     7.2958  0.000e+00
     92.044    11.8275   3.929855    34.4360       1753     7.3000  0.000e+00
     91.927    11.8296   3.929457    34.4301       1754     7.3042  0.000e+00
     91.805    11.8304   3.929483    34.4297       1755     7.3083  0.000e+00
     91.673    11.8308   3.930320    34.4376       1756     7.3125  0.000e+00
     91.547    11.8337   3.931209    34.4437       1757     7.3167  0.000e+00
     91.425    11.8378   3.931070    34.4386       1758     7.3208  0.000e+00
     91.308    11.8409   3.935207    34.4762       1759     7.3250  0.000e+00
     91.201    11.8535   3.938867    34.5004       1760     7.3292  0.000e+00
     91.096    11.8754   3.938389    34.4754       1761     7.3333  0.000e+00
     91.007    11.8911   3.940429    34.4808       1762     7.3375  0.000e+00
     90.933    11.9062   3.941153    34.4739       1763     7.3417  0.000e+00
     90.864    11.9166   3.942163    34.4742       1764     7.3458  0.000e+00
     90.808    11.9263   3.942708    34.4706       1765     7.3500  0.000e+00
     90.752    11.9339   3.942914    34.4656       1766     7.3542  0.000e+00
     90.701    11.9390   3.942701    34.4587       1767     7.3583  0.000e+00
     90.654    11.9418   3.942654    34.4558       1768     7.3625  0.000e+00
     90.612    11.9428   3.943007    34.4583       1769     7.3667  0.000e+00
     90.565    11.9446   3.943286    34.4594       1770     7.3708  0.000e+00
     90.520    11.9466   3.943618    34.4608       1771     7.3750  0.000e+00
     90.476    11.9492   3.944629    34.4683       1772     7.3792  0.000e+00
     90.413    11.9536   3.945028    34.4681       1773     7.3833  0.000e+00
     90.357    11.9583   3.945752    34.4708       1774     7.3875  0.000e+00
     90.296    11.9633   3.946550    34.4740       1775     7.3917  0.000e+00
     90.227    11.9692   3.946883    34.4718       1776     7.3958  0.000e+00
     90.159    11.9750   3.946996    34.4676       1777     7.4000  0.000e+00
     90.081    11.9796   3.947069    34.4641       1778     7.4042  0.000e+00
     90.008    11.9828   3.946949    34.4600       1779     7.4083  0.000e+00
     89.934    11.9844   3.946290    34.4521       1780     7.4125  0.000e+00
     89.858    11.9841   3.945984    34.4495       1781     7.4167  0.000e+00
     89.777    11.9826   3.945965    34.4507       1782     7.4208  0.000e+00
     89.701    11.9820   3.948399    34.4750       1783     7.4250  0.000e+00
     89.611    11.9884   3.950401    34.4886       1784     7.4292  0.000e+00
     89.511    12.0006   3.953368    34.5063       1785     7.4333  0.000e+00
     89.417    12.0171   3.955065    34.5076       1786     7.4375  0.000e+00
     89.318    12.0342   3.955910    34.5000       1787     7.4417  0.000e+00
     89.205    12.0478   3.956569    34.4939       1788     7.4458  0.000e+00
     89.093    12.0596   3.962156    34.5374       1789     7.4500  0.000e+00
     88.976    12.0831   3.968272    34.5752       1790     7.4542  0.000e+00
     88.865    12.1200   3.971511    34.5726       1791     7.4583  0.000e+00
     88.752    12.1559   3.974351    34.5670       1792     7.4625  0.000e+00
     88.641    12.1869   3.976292    34.5571       1793     7.4667  0.000e+00
     88.536    12.2132   3.978046    34.5499       1794     7.4708  0.000e+00
     88.440    12.2346   3.977005    34.5201       1795     7.4750  0.000e+00
     88.344    12.2455   3.977192    34.5119       1796     7.4792  0.000e+00
     88.261    12.2503   3.975984    34.4958       1797     7.4833  0.000e+00
     88.182    12.2510   3.976458    34.4998       1798     7.4875  0.000e+00
     88.115    12.2519   3.976124    34.4958       1799     7.4917  0.000e+00
     88.046    12.2514   3.976117    34.4962       1800     7.4958  0.000e+00
     87.987    12.2507   3.976551    34.5011       1801     7.5000  0.000e+00
     87.939    12.2515   3.976864    34.5034       1802     7.5042  0.000e+00
     87.896    12.2526   3.973643    34.4712       1803     7.5083  0.000e+00
     87.854    12.2458   3.970229    34.4444       1804     7.5125  0.000e+00
     87.809    12.2307   3.967963    34.4364       1805     7.5167  0.000e+00
     87.769    12.2139   3.967443    34.4469       1806     7.5208  0.000e+00
     87.724    12.2010   3.967517    34.4595       1807     7.5250  0.000e+00
     87.677    12.1935   3.965858    34.4503       1808     7.5292  0.000e+00
     87.622    12.1855   3.963652    34.4364       1809     7.5333  0.000e+00
     87.560    12.1742   3.964139    34.4515       1810     7.5375  0.000e+00
     87.491    12.1660   3.961614    34.4346       1811     7.5417  0.000e+00
     87.406    12.1561   3.962600    34.4533       1812     7.5458  0.000e+00
     87.317    12.1501   3.964872    34.4809       1813     7.5500  0.000e+00
     87.223    12.1546   3.961541    34.4445       1814     7.5542  0.000e+00
     87.114    12.1468   3.944625    34.2876       1815     7.5583  0.000e+00
     87.003    12.0958   3.937095    34.2614       1816     7.5625  0.000e+00
     86.881    12.0283   3.897508    33.9387       1817     7.5667  0.000e+00
     86.760    11.8793   3.876869    33.8736       1818     7.5708  0.000e+00
     86.641    11.7027   3.880761    34.0730       1819     7.5750  0.000e+00
     86.515    11.5923   3.868564    34.0549       1820     7.5792  0.000e+00
     86.393    11.5037   3.861667    34.0687       1821     7.5833  0.000e+00
     86.276    11.4247   3.856858    34.0942       1822     7.5875  0.000e+00
     86.157    11.3584   3.843283    34.0215       1823     7.5917  0.000e+00
     86.055    11.2818   3.837943    34.0395       1824     7.5958  0.000e+00
     85.958    11.2088   3.829774    34.0261       1825     7.6000  0.000e+00
     85.867    11.1451   3.826767    34.0552       1826     7.6042  0.000e+00
     85.786    11.0932   3.826255    34.0983       1827     7.6083  0.000e+00
     85.713    11.0599   3.824955    34.1163       1828     7.6125  0.000e+00
     85.644    11.0377   3.823623    34.1236       1829     7.6167  0.000e+00
     85.575    11.0210   3.821883    34.1220       1830     7.6208  0.000e+00
     85.516    11.0057   3.820728    34.1246       1831     7.6250  0.000e+00
     85.456    10.9925   3.819803    34.1278       1832     7.6292  0.000e+00
     85.396    10.9817   3.819377    34.1336       1833     7.6333  0.000e+00
     85.341    10.9739   3.819495    34.1421       1834     7.6375  0.000e+00
     85.287    10.9694   3.819738    34.1487       1835     7.6417  0.000e+00
     85.225    10.9676   3.819967    34.1527       1836     7.6458  0.000e+00
     85.171    10.9675   3.818924    34.1424       1837     7.6500  0.000e+00
     85.107    10.9652   3.817999    34.1353       1838     7.6542  0.000e+00
     85.046    10.9601   3.817343    34.1336       1839     7.6583  0.000e+00
     84.972    10.9549   3.817172    34.1368       1840     7.6625  0.000e+00
     84.892    10.9506   3.816418    34.1333       1841     7.6667  0.000e+00
     84.814    10.9465   3.815538    34.1283       1842     7.6708  0.000e+00
     84.727    10.9411   3.815539    34.1334       1843     7.6750  0.000e+00
     84.626    10.9372   3.814332    34.1251       1844     7.6792  0.000e+00
     84.521    10.9316   3.813558    34.1226       1845     7.6833  0.000e+00
     84.409    10.9222   3.804616    34.0422       1846     7.6875  0.000e+00
     84.297    10.8960   3.805069    34.0711       1847     7.6917  0.000e+00
     84.176    10.8729   3.800490    34.0469       1848     7.6958  0.000e+00
     84.060    10.8470   3.798290    34.0491       1849     7.7000  0.000e+00
     83.948    10.8215   3.791640    34.0064       1850     7.7042  0.000e+00
     83.834    10.7889   3.790109    34.0214       1851     7.7083  0.000e+00
     83.729    10.7579   3.787389    34.0231       1852     7.7125  0.000e+00
     83.630    10.7319   3.786938    34.0428       1853     7.7167  0.000e+00
     83.538    10.7134   3.786147    34.0522       1854     7.7208  0.000e+00
     83.449    10.6991   3.783610    34.0401       1855     7.7250  0.000e+00
     83.368    10.6841   3.782695    34.0450       1856     7.7292  0.000e+00
