HB2403/sbe084.cnv
* Sea-Bird SBE 19plus V2 Data File:
* FileName = C:\cruise\data\sbe084.hex
* Software Version Seasave V 7.26.7.121
* Temperature SN = 6128
* Conductivity SN = 6128
* System UpLoad Time = Jun 09 2024 03:12:14
* NMEA Latitude = 42 08.18 N
* NMEA Longitude = 067 16.63 W
* NMEA UTC (Time) = Jun 09 2024  03:12:49
** Ship: Henry Bigelow
** Cruise:  HB2403
** Program:  ECOMON
# nquan = 7
# nvalues = 3038                                  
# units = specified
# name 0 = depSM: Depth [salt water, m]
# name 1 = tv290C: Temperature [ITS-90, deg C]
# name 2 = c0S/m: Conductivity [S/m]
# name 3 = sal00: Salinity, Practical [PSU]
# name 4 = scan: Scan Count
# name 5 = timeM: Time, Elapsed [minutes]
# name 6 = flag:  0.000e+00
# span 0 =     -0.278,     88.255                 
# span 1 =     7.9322,    14.5058                 
# span 2 =   0.000162,   3.849172                 
# span 3 =     0.0075,    33.5291                 
# span 4 =         11,       3048                 
# span 5 =     0.0417,    12.6958                 
# span 6 = 0.0000e+00, 0.0000e+00                 
# interval = seconds: 0.25
# start_time = Jun 09 2024 03:12:49 [NMEA time, header]
# bad_flag = -9.990e-29
*END*
[from data line 2872]
     11.050    14.4922   3.816602    31.1047       2883    12.0083  0.000e+00
     10.923    14.4921   3.816845    31.1070       2884    12.0125  0.000e+00
     10.778    14.4930   3.816556    31.1037       2885    12.0167  0.000e+00
     10.636    14.4932   3.816661    31.1046       2886    12.0208  0.000e+00
     10.501    14.4929   3.816674    31.1050       2887    12.0250  0.000e+00
     10.371    14.4930   3.816504    31.1034       2888    12.0292  0.000e+00
     10.270    14.4922   3.816458    31.1036       2889    12.0333  0.000e+00
     10.201    14.4916   3.816504    31.1045       2890    12.0375  0.000e+00
     10.151    14.4911   3.816510    31.1051       2891    12.0417  0.000e+00
     10.118    14.4909   3.816549    31.1056       2892    12.0458  0.000e+00
     10.119    14.4914   3.816556    31.1053       2893    12.0500  0.000e+00
     10.119    14.4914   3.816484    31.1046       2894    12.0542  0.000e+00
     10.137    14.4912   3.816484    31.1047       2895    12.0583  0.000e+00
     10.149    14.4912   3.816641    31.1062       2896    12.0625  0.000e+00
     10.162    14.4918   3.816687    31.1061       2897    12.0667  0.000e+00
     10.158    14.4927   3.816792    31.1063       2898    12.0708  0.000e+00
     10.138    14.4935   3.816845    31.1062       2899    12.0750  0.000e+00
     10.101    14.4944   3.816910    31.1060       2900    12.0792  0.000e+00
     10.052    14.4957   3.816910    31.1050       2901    12.0833  0.000e+00
      9.969    14.4963   3.816910    31.1046       2902    12.0875  0.000e+00
      9.871    14.4965   3.816956    31.1049       2903    12.0917  0.000e+00
      9.754    14.4967   3.816956    31.1047       2904    12.0958  0.000e+00
      9.620    14.4971   3.817002    31.1049       2905    12.1000  0.000e+00
      9.490    14.4975   3.817028    31.1049       2906    12.1042  0.000e+00
      9.353    14.4980   3.817067    31.1048       2907    12.1083  0.000e+00
      9.234    14.4983   3.817028    31.1043       2908    12.1125  0.000e+00
      9.111    14.4986   3.817048    31.1043       2909    12.1167  0.000e+00
      9.003    14.4988   3.816956    31.1034       2910    12.1208  0.000e+00
      8.913    14.4985   3.816982    31.1039       2911    12.1250  0.000e+00
      8.846    14.4983   3.817002    31.1042       2912    12.1292  0.000e+00
      8.798    14.4983   3.816956    31.1038       2913    12.1333  0.000e+00
      8.763    14.4981   3.816956    31.1040       2914    12.1375  0.000e+00
      8.741    14.4981   3.816936    31.1038       2915    12.1417  0.000e+00
      8.720    14.4978   3.816890    31.1037       2916    12.1458  0.000e+00
      8.703    14.4975   3.816883    31.1039       2917    12.1500  0.000e+00
      8.689    14.4972   3.816864    31.1039       2918    12.1542  0.000e+00
      8.673    14.4971   3.816864    31.1040       2919    12.1583  0.000e+00
      8.646    14.4970   3.816890    31.1044       2920    12.1625  0.000e+00
      8.613    14.4967   3.816864    31.1044       2921    12.1667  0.000e+00
      8.558    14.4967   3.816890    31.1046       2922    12.1708  0.000e+00
      8.492    14.4967   3.816956    31.1052       2923    12.1750  0.000e+00
      8.409    14.4973   3.817093    31.1060       2924    12.1792  0.000e+00
      8.310    14.4981   3.817146    31.1059       2925    12.1833  0.000e+00
      8.196    14.4989   3.817113    31.1050       2926    12.1875  0.000e+00
      8.079    14.4995   3.816955    31.1031       2927    12.1917  0.000e+00
      7.956    14.4991   3.817054    31.1044       2928    12.1958  0.000e+00
      7.833    14.4990   3.816863    31.1028       2929    12.2000  0.000e+00
      7.707    14.4982   3.816837    31.1033       2930    12.2042  0.000e+00
      7.581    14.4975   3.817250    31.1076       2931    12.2083  0.000e+00
      7.459    14.4989   3.817362    31.1075       2932    12.2125  0.000e+00
      7.338    14.5011   3.817250    31.1048       2933    12.2167  0.000e+00
      7.228    14.5019   3.817263    31.1043       2934    12.2208  0.000e+00
      7.119    14.5026   3.817224    31.1034       2935    12.2250  0.000e+00
      7.029    14.5029   3.817145    31.1026       2936    12.2292  0.000e+00
      6.951    14.5025   3.817185    31.1032       2937    12.2333  0.000e+00
      6.885    14.5023   3.817191    31.1035       2938    12.2375  0.000e+00
      6.823    14.5023   3.817224    31.1038       2939    12.2417  0.000e+00
      6.778    14.5026   3.817250    31.1038       2940    12.2458  0.000e+00
      6.737    14.5028   3.817263    31.1038       2941    12.2500  0.000e+00
      6.702    14.5031   3.817296    31.1038       2942    12.2542  0.000e+00
      6.673    14.5034   3.817362    31.1042       2943    12.2583  0.000e+00
      6.660    14.5042   3.817453    31.1044       2944    12.2625  0.000e+00
      6.646    14.5050   3.817427    31.1035       2945    12.2667  0.000e+00
      6.633    14.5057   3.817388    31.1026       2946    12.2708  0.000e+00
      6.606    14.5057   3.817381    31.1025       2947    12.2750  0.000e+00
      6.580    14.5058   3.817316    31.1019       2948    12.2792  0.000e+00
      6.534    14.5051   3.817191    31.1014       2949    12.2833  0.000e+00
      6.480    14.5043   3.816981    31.1001       2950    12.2875  0.000e+00
      6.429    14.5026   3.816863    31.1004       2951    12.2917  0.000e+00
      6.357    14.5005   3.816620    31.0999       2952    12.2958  0.000e+00
      6.272    14.4978   3.816391    31.1001       2953    12.3000  0.000e+00
      6.196    14.4951   3.816391    31.1022       2954    12.3042  0.000e+00
      6.088    14.4933   3.816390    31.1037       2955    12.3083  0.000e+00
      5.967    14.4924   3.816554    31.1060       2956    12.3125  0.000e+00
      5.846    14.4926   3.816528    31.1056       2957    12.3167  0.000e+00
      5.718    14.4932   3.816554    31.1055       2958    12.3208  0.000e+00
      5.604    14.4932   3.816502    31.1050       2959    12.3250  0.000e+00
      5.515    14.4932   3.816574    31.1057       2960    12.3292  0.000e+00
      5.425    14.4932   3.816620    31.1061       2961    12.3333  0.000e+00
      5.332    14.4939   3.816600    31.1055       2962    12.3375  0.000e+00
      5.227    14.4940   3.816548    31.1049       2963    12.3417  0.000e+00
      5.153    14.4942   3.816600    31.1052       2964    12.3458  0.000e+00
      5.086    14.4943   3.816593    31.1051       2965    12.3500  0.000e+00
      5.050    14.4944   3.816528    31.1044       2966    12.3542  0.000e+00
      5.055    14.4940   3.816574    31.1052       2967    12.3583  0.000e+00
      5.086    14.4939   3.816508    31.1047       2968    12.3625  0.000e+00
      5.141    14.4935   3.816462    31.1046       2969    12.3667  0.000e+00
      5.212    14.4932   3.816390    31.1041       2970    12.3708  0.000e+00
      5.280    14.4927   3.816364    31.1043       2971    12.3750  0.000e+00
      5.348    14.4921   3.816344    31.1045       2972    12.3792  0.000e+00
      5.412    14.4917   3.816410    31.1054       2973    12.3833  0.000e+00
      5.456    14.4917   3.816436    31.1056       2974    12.3875  0.000e+00
      5.490    14.4918   3.816456    31.1058       2975    12.3917  0.000e+00
      5.512    14.4921   3.816482    31.1058       2976    12.3958  0.000e+00
      5.515    14.4922   3.816554    31.1063       2977    12.4000  0.000e+00
      5.466    14.4927   3.816548    31.1058       2978    12.4042  0.000e+00
      5.400    14.4929   3.816554    31.1058       2979    12.4083  0.000e+00
      5.270    14.4931   3.816528    31.1055       2980    12.4125  0.000e+00
      5.117    14.4934   3.816646    31.1064       2981    12.4167  0.000e+00
      4.926    14.4937   3.816639    31.1061       2982    12.4208  0.000e+00
      4.706    14.4942   3.816646    31.1058       2983    12.4250  0.000e+00
      4.470    14.4946   3.816685    31.1060       2984    12.4292  0.000e+00
      4.193    14.4952   3.816797    31.1066       2985    12.4333  0.000e+00
      3.918    14.4964   3.817407    31.1113       2986    12.4375  0.000e+00
      3.671    14.4999   3.817157    31.1063       2987    12.4417  0.000e+00
      3.481    14.5020   3.817098    31.1041       2988    12.4458  0.000e+00
      3.368    14.5028   3.817203    31.1045       2989    12.4500  0.000e+00
      3.331    14.5038   3.817242    31.1041       2990    12.4542  0.000e+00
      3.376    14.5042   3.817111    31.1025       2991    12.4583  0.000e+00
      3.459    14.5041   3.817000    31.1015       2992    12.4625  0.000e+00
      3.555    14.5031   3.816862    31.1011       2993    12.4667  0.000e+00
      3.645    14.5019   3.816836    31.1018       2994    12.4708  0.000e+00
      3.703    14.5008   3.816823    31.1025       2995    12.4750  0.000e+00
      3.716    14.4998   3.816816    31.1032       2996    12.4792  0.000e+00
      3.694    14.4993   3.816823    31.1037       2997    12.4833  0.000e+00
      3.650    14.4993   3.816954    31.1050       2998    12.4875  0.000e+00
      3.568    14.5000   3.817315    31.1077       2999    12.4917  0.000e+00
      3.444    14.5020   3.817452    31.1074       3000    12.4958  0.000e+00
      3.283    14.5044   3.817406    31.1051       3001    12.5000  0.000e+00
      3.098    14.5056   3.817045    31.1009       3002    12.5042  0.000e+00
      2.894    14.5044   3.816881    31.1005       3003    12.5083  0.000e+00
      2.683    14.5028   3.817019    31.1031       3004    12.5125  0.000e+00
      2.513    14.5019   3.816934    31.1031       3005    12.5167  0.000e+00
      2.369    14.5019   3.817157    31.1052       3006    12.5208  0.000e+00
      2.247    14.5023   3.817097    31.1044       3007    12.5250  0.000e+00
      2.175    14.5030   3.817111    31.1039       3008    12.5292  0.000e+00
      2.164    14.5034   3.817052    31.1031       3009    12.5333  0.000e+00
      2.186    14.5031   3.816979    31.1026       3010    12.5375  0.000e+00
      2.229    14.5026   3.817052    31.1037       3011    12.5417  0.000e+00
      2.269    14.5026   3.817111    31.1043       3012    12.5458  0.000e+00
      2.279    14.5027   3.817157    31.1046       3013    12.5500  0.000e+00
      2.272    14.5033   3.817216    31.1046       3014    12.5542  0.000e+00
      2.226    14.5039   3.817294    31.1049       3015    12.5583  0.000e+00
      2.142    14.5047   3.817242    31.1038       3016    12.5625  0.000e+00
      2.030    14.5051   3.817091    31.1021       3017    12.5667  0.000e+00
      1.883    14.5045   3.816933    31.1012       3018    12.5708  0.000e+00
      1.720    14.5030   3.816796    31.1013       3019    12.5750  0.000e+00
      1.558    14.5016   3.816933    31.1037       3020    12.5792  0.000e+00
      1.416    14.5011   3.816861    31.1035       3021    12.5833  0.000e+00
      1.287    14.5011   3.817071    31.1054       3022    12.5875  0.000e+00
      1.154    14.5019   3.817018    31.1044       3023    12.5917  0.000e+00
      1.005    14.5023   3.816933    31.1033       3024    12.5958  0.000e+00
      0.862    14.5023   3.817045    31.1044       3025    12.6000  0.000e+00
      0.743    14.5024   3.817097    31.1048       3026    12.6042  0.000e+00
      0.626    14.5031   3.817090    31.1042       3027    12.6083  0.000e+00
      0.593    14.5037   3.817110    31.1040       3028    12.6125  0.000e+00
      0.653    14.5042   3.817117    31.1036       3029    12.6167  0.000e+00
      0.783    14.5043   3.817110    31.1034       3030    12.6208  0.000e+00
      0.933    14.5045   3.817097    31.1031       3031    12.6250  0.000e+00
      1.057    14.5047   3.817090    31.1029       3032    12.6292  0.000e+00
      1.165    14.5047   3.817143    31.1033       3033    12.6333  0.000e+00
      1.239    14.5045   3.817156    31.1035       3034    12.6375  0.000e+00
      1.262    14.5046   3.817117    31.1031       3035    12.6417  0.000e+00
      1.237    14.5047   3.817110    31.1030       3036    12.6458  0.000e+00
      1.170    14.5044   3.817117    31.1032       3037    12.6500  0.000e+00
      1.022    14.5045   3.817090    31.1030       3038    12.6542  0.000e+00
      0.762    14.5039   3.817051    31.1032       3039    12.6583  0.000e+00
      0.410    14.5040   3.817044    31.1032       3040    12.6625  0.000e+00
      0.068    14.5039   3.817051    31.1035       3041    12.6667  0.000e+00
     -0.213    14.5041   2.650296    20.7848       3042    12.6708  0.000e+00
     -0.256    14.5034   0.572715     3.9630       3043    12.6750  0.000e+00
     -0.278    14.5002   0.418613     2.8375       3044    12.6792  0.000e+00
     -0.274    14.4935   0.328599     2.1946       3045    12.6833  0.000e+00
     -0.277    14.4850   0.249925     1.6431       3046    12.6875  0.000e+00
     -0.275    14.4781   0.239999     1.5746       3047    12.6917  0.000e+00
     -0.273    14.4751   0.244843     1.6083       3048    12.6958  0.000e+00
