HB2403/sbe047.cnv
* Sea-Bird SBE 19plus V2 Data File:
* FileName = C:\cruise\data\sbe047.hex
* Software Version Seasave V 7.26.7.121
* Temperature SN = 6128
* Conductivity SN = 6128
* System UpLoad Time = Jun 05 2024 18:26:24
* NMEA Latitude = 38 57.87 N
* NMEA Longitude = 073 40.08 W
* NMEA UTC (Time) = Jun 05 2024  18:26:56
** Ship: Henry Bigelow
** Cruise:  HB2403
** Program:  ECOMON
# nquan = 7
# nvalues = 1229                                  
# units = specified
# name 0 = depSM: Depth [salt water, m]
# name 1 = tv290C: Temperature [ITS-90, deg C]
# name 2 = c0S/m: Conductivity [S/m]
# name 3 = sal00: Salinity, Practical [PSU]
# name 4 = scan: Scan Count
# name 5 = timeM: Time, Elapsed [minutes]
# name 6 = flag:  0.000e+00
# span 0 =     -0.204,     47.980                 
# span 1 =     6.9995,    21.9510                 
# span 2 =   0.000037,   4.203375                 
# span 3 =     0.0107,    32.3282                 
# span 4 =         11,       1239                 
# span 5 =     0.0417,     5.1583                 
# span 6 = 0.0000e+00, 0.0000e+00                 
# interval = seconds: 0.25
# start_time = Jun 05 2024 18:26:56 [NMEA time, header]
# bad_flag = -9.990e-29
*END*
[from data line 821]
     19.779     9.3859   3.469323    32.0809        832     3.4625  0.000e+00
     19.731     9.5217   3.471905    31.9860        833     3.4667  0.000e+00
     19.688     9.6155   3.474343    31.9274        834     3.4708  0.000e+00
     19.642     9.6781   3.476301    31.8917        835     3.4750  0.000e+00
     19.597     9.7217   3.478203    31.8725        836     3.4792  0.000e+00
     19.551     9.7550   3.480966    31.8711        837     3.4833  0.000e+00
     19.511     9.7843   3.481920    31.8549        838     3.4875  0.000e+00
     19.468     9.8065   3.482628    31.8425        839     3.4917  0.000e+00
     19.425     9.8224   3.484450    31.8470        840     3.4958  0.000e+00
     19.388     9.8393   3.488240    31.8705        841     3.5000  0.000e+00
     19.352     9.8632   3.490480    31.8721        842     3.5042  0.000e+00
     19.310     9.8870   3.491639    31.8628        843     3.5083  0.000e+00
     19.271     9.9083   3.494317    31.8711        844     3.5125  0.000e+00
     19.220     9.9299   3.494766    31.8566        845     3.5167  0.000e+00
     19.173     9.9477   3.496027    31.8537        846     3.5208  0.000e+00
     19.124     9.9624   3.495938    31.8398        847     3.5250  0.000e+00
     19.068     9.9731   3.494645    31.8174        848     3.5292  0.000e+00
     19.010     9.9769   3.493936    31.8069        849     3.5333  0.000e+00
     18.950     9.9769   3.494316    31.8107        850     3.5375  0.000e+00
     18.889     9.9779   3.494512    31.8119        851     3.5417  0.000e+00
     18.831     9.9801   3.495342    31.8184        852     3.5458  0.000e+00
     18.771     9.9856   3.496754    31.8278        853     3.5500  0.000e+00
     18.719     9.9964   3.497565    31.8266        854     3.5542  0.000e+00
     18.668    10.0094   3.497711    31.8165        855     3.5583  0.000e+00
     18.628    10.0194   3.497635    31.8070        856     3.5625  0.000e+00
     18.595    10.0262   3.497539    31.8001        857     3.5667  0.000e+00
     18.565    10.0301   3.497096    31.7922        858     3.5708  0.000e+00
     18.534    10.0318   3.496836    31.7881        859     3.5750  0.000e+00
     18.505    10.0322   3.496602    31.7854        860     3.5792  0.000e+00
     18.476    10.0316   3.496443    31.7843        861     3.5833  0.000e+00
     18.452    10.0303   3.496108    31.7821        862     3.5875  0.000e+00
     18.425    10.0288   3.496279    31.7852        863     3.5917  0.000e+00
     18.399    10.0276   3.495639    31.7798        864     3.5958  0.000e+00
     18.370    10.0258   3.494714    31.7721        865     3.6000  0.000e+00
     18.332    10.0216   3.493441    31.7629        866     3.6042  0.000e+00
     18.296    10.0156   3.491884    31.7524        867     3.6083  0.000e+00
     18.254    10.0069   3.489839    31.7395        868     3.6125  0.000e+00
     18.214     9.9968   3.490092    31.7509        869     3.6167  0.000e+00
     18.165     9.9916   3.491593    31.7707        870     3.6208  0.000e+00
     18.122     9.9950   3.491479    31.7665        871     3.6250  0.000e+00
     18.073    10.0000   3.491010    31.7574        872     3.6292  0.000e+00
     18.028    10.0030   3.491415    31.7589        873     3.6333  0.000e+00
     17.975    10.0068   3.491346    31.7549        874     3.6375  0.000e+00
     17.923    10.0098   3.490883    31.7476        875     3.6417  0.000e+00
     17.870    10.0111   3.489946    31.7370        876     3.6458  0.000e+00
     17.828    10.0098   3.489750    31.7362        877     3.6500  0.000e+00
     17.787    10.0079   3.488763    31.7279        878     3.6542  0.000e+00
     17.751    10.0062   3.489643    31.7383        879     3.6583  0.000e+00
     17.713    10.0089   3.491478    31.7545        880     3.6625  0.000e+00
     17.678    10.0188   3.493485    31.7661        881     3.6667  0.000e+00
     17.642    10.0342   3.494980    31.7676        882     3.6708  0.000e+00
     17.610    10.0505   3.496152    31.7652        883     3.6750  0.000e+00
     17.586    10.0665   3.496962    31.7593        884     3.6792  0.000e+00
     17.549    10.0805   3.497456    31.7520        885     3.6833  0.000e+00
     17.517    10.0918   3.497709    31.7446        886     3.6875  0.000e+00
     17.483    10.1006   3.498223    31.7421        887     3.6917  0.000e+00
     17.446    10.1081   3.498869    31.7421        888     3.6958  0.000e+00
     17.405    10.1153   3.499509    31.7423        889     3.7000  0.000e+00
     17.372    10.1221   3.500231    31.7435        890     3.7042  0.000e+00
     17.330    10.1291   3.500694    31.7421        891     3.7083  0.000e+00
     17.294    10.1356   3.502139    31.7509        892     3.7125  0.000e+00
     17.256    10.1441   3.502696    31.7492        893     3.7167  0.000e+00
     17.221    10.1525   3.502886    31.7437        894     3.7208  0.000e+00
     17.181    10.1591   3.504192    31.7511        895     3.7250  0.000e+00
     17.149    10.1664   3.505112    31.7539        896     3.7292  0.000e+00
     17.114    10.1753   3.506399    31.7591        897     3.7333  0.000e+00
     17.074    10.1860   3.509082    31.7768        898     3.7375  0.000e+00
     17.040    10.2016   3.511074    31.7831        899     3.7417  0.000e+00
     17.007    10.2219   3.516640    31.8212        900     3.7458  0.000e+00
     16.967    10.2550   3.522260    31.8487        901     3.7500  0.000e+00
     16.931    10.2989   3.526886    31.8566        902     3.7542  0.000e+00
     16.896    10.3475   3.532722    31.8725        903     3.7583  0.000e+00
     16.856    10.4009   3.538092    31.8795        904     3.7625  0.000e+00
     16.818    10.4548   3.540975    31.8611        905     3.7667  0.000e+00
     16.782    10.5021   3.545311    31.8631        906     3.7708  0.000e+00
     16.745    10.5451   3.548311    31.8554        907     3.7750  0.000e+00
     16.709    10.5850   3.553314    31.8705        908     3.7792  0.000e+00
     16.678    10.6280   3.557930    31.8789        909     3.7833  0.000e+00
     16.647    10.6738   3.562230    31.8817        910     3.7875  0.000e+00
     16.611    10.7195   3.565516    31.8746        911     3.7917  0.000e+00
     16.577    10.7620   3.569002    31.8721        912     3.7958  0.000e+00
     16.544    10.8025   3.572771    31.8742        913     3.8000  0.000e+00
     16.506    10.8437   3.576515    31.8755        914     3.8042  0.000e+00
     16.459    10.8867   3.579986    31.8724        915     3.8083  0.000e+00
     16.415    10.9290   3.582665    31.8622        916     3.8125  0.000e+00
     16.368    10.9683   3.584731    31.8484        917     3.8167  0.000e+00
     16.314    11.0029   3.587085    31.8417        918     3.8208  0.000e+00
     16.261    11.0352   3.592481    31.8669        919     3.8250  0.000e+00
     16.211    11.0775   3.596694    31.8718        920     3.8292  0.000e+00
     16.158    11.1256   3.600077    31.8634        921     3.8333  0.000e+00
     16.111    11.1716   3.602730    31.8497        922     3.8375  0.000e+00
     16.064    11.2110   3.604037    31.8285        923     3.8417  0.000e+00
     16.035    11.2407   3.604877    31.8111        924     3.8458  0.000e+00
     16.004    11.2623   3.607756    31.8207        925     3.8500  0.000e+00
     15.975    11.2845   3.610636    31.8298        926     3.8542  0.000e+00
     15.950    11.3096   3.612702    31.8283        927     3.8583  0.000e+00
     15.926    11.3339   3.614454    31.8246        928     3.8625  0.000e+00
     15.901    11.3564   3.615455    31.8150        929     3.8667  0.000e+00
     15.874    11.3754   3.616366    31.8076        930     3.8708  0.000e+00
     15.846    11.3910   3.617207    31.8023        931     3.8750  0.000e+00
     15.814    11.4040   3.617984    31.7987        932     3.8792  0.000e+00
     15.788    11.4159   3.618966    31.7981        933     3.8833  0.000e+00
     15.741    11.4275   3.620321    31.8014        934     3.8875  0.000e+00
     15.685    11.4411   3.621233    31.7986        935     3.8917  0.000e+00
     15.634    11.4550   3.621676    31.7910        936     3.8958  0.000e+00
     15.573    11.4670   3.622235    31.7862        937     3.9000  0.000e+00
     15.513    11.4777   3.623725    31.7916        938     3.9042  0.000e+00
     15.451    11.4934   3.625756    31.7979        939     3.9083  0.000e+00
     15.399    11.5158   3.626842    31.7892        940     3.9125  0.000e+00
     15.337    11.5371   3.629123    31.7932        941     3.9167  0.000e+00
     15.281    11.5633   3.634821    31.8262        942     3.9208  0.000e+00
     15.236    11.6068   3.638887    31.8284        943     3.9250  0.000e+00
     15.198    11.6576   3.641062    31.8060        944     3.9292  0.000e+00
     15.158    11.7026   3.642716    31.7835        945     3.9333  0.000e+00
     15.120    11.7392   3.645588    31.7801        946     3.9375  0.000e+00
     15.084    11.7742   3.650484    31.7975        947     3.9417  0.000e+00
     15.040    11.8176   3.655814    31.8121        948     3.9458  0.000e+00
     15.002    11.8714   3.662328    31.8290        949     3.9500  0.000e+00
     14.948    11.9405   3.669957    31.8437        950     3.9542  0.000e+00
     14.890    12.0262   3.677089    31.8393        951     3.9583  0.000e+00
     14.832    12.1184   3.681354    31.8017        952     3.9625  0.000e+00
     14.774    12.1996   3.682899    31.7476        953     3.9667  0.000e+00
     14.718    12.2577   3.685032    31.7188        954     3.9708  0.000e+00
     14.654    12.3008   3.687095    31.7021        955     3.9750  0.000e+00
     14.598    12.3364   3.688007    31.6807        956     3.9792  0.000e+00
     14.538    12.3636   3.688803    31.6654        957     3.9833  0.000e+00
     14.486    12.3851   3.690686    31.6652        958     3.9875  0.000e+00
     14.439    12.4084   3.693035    31.6680        959     3.9917  0.000e+00
     14.394    12.4357   3.694997    31.6637        960     3.9958  0.000e+00
     14.345    12.4633   3.696544    31.6552        961     4.0000  0.000e+00
     14.301    12.4880   3.697328    31.6419        962     4.0042  0.000e+00
     14.261    12.5089   3.698850    31.6388        963     4.0083  0.000e+00
     14.211    12.5294   3.700858    31.6407        964     4.0125  0.000e+00
     14.160    12.5523   3.702549    31.6375        965     4.0167  0.000e+00
     14.105    12.5759   3.704026    31.6317        966     4.0208  0.000e+00
     14.051    12.5998   3.705271    31.6235        967     4.0250  0.000e+00
     13.982    12.6230   3.706710    31.6177        968     4.0292  0.000e+00
     13.915    12.6466   3.708557    31.6154        969     4.0333  0.000e+00
     13.848    12.6743   3.710282    31.6086        970     4.0375  0.000e+00
     13.776    12.7032   3.712247    31.6030        971     4.0417  0.000e+00
     13.707    12.7337   3.714661    31.6004        972     4.0458  0.000e+00
     13.642    12.7732   3.719080    31.6091        973     4.0500  0.000e+00
     13.577    12.8251   3.723457    31.6070        974     4.0542  0.000e+00
     13.508    12.8843   3.725918    31.5809        975     4.0583  0.000e+00
     13.439    12.9374   3.727055    31.5472        976     4.0625  0.000e+00
     13.381    12.9768   3.727710    31.5206        977     4.0667  0.000e+00
     13.316    13.0031   3.728353    31.5049        978     4.0708  0.000e+00
     13.261    13.0219   3.729822    31.5031        979     4.0750  0.000e+00
     13.203    13.0389   3.731375    31.5035        980     4.0792  0.000e+00
     13.149    13.0564   3.732597    31.5005        981     4.0833  0.000e+00
     13.093    13.0736   3.733813    31.4976        982     4.0875  0.000e+00
     13.033    13.0906   3.735068    31.4953        983     4.0917  0.000e+00
     12.970    13.1092   3.736616    31.4944        984     4.0958  0.000e+00
     12.914    13.1291   3.738632    31.4968        985     4.1000  0.000e+00
     12.848    13.1497   3.740473    31.4970        986     4.1042  0.000e+00
     12.785    13.1721   3.743851    31.5101        987     4.1083  0.000e+00
     12.721    13.2033   3.746526    31.5093        988     4.1125  0.000e+00
     12.660    13.2396   3.749737    31.5093        989     4.1167  0.000e+00
     12.591    13.2799   3.755894    31.5334        990     4.1208  0.000e+00
     12.524    13.3329   3.762009    31.5467        991     4.1250  0.000e+00
     12.466    13.4003   3.766321    31.5311        992     4.1292  0.000e+00
     12.397    13.4667   3.770203    31.5124        993     4.1333  0.000e+00
     12.329    13.5276   3.775146    31.5082        994     4.1375  0.000e+00
     12.262    13.5895   3.778437    31.4877        995     4.1417  0.000e+00
     12.194    13.6468   3.780828    31.4628        996     4.1458  0.000e+00
     12.126    13.6962   3.784933    31.4602        997     4.1500  0.000e+00
     12.066    13.7479   3.788124    31.4473        998     4.1542  0.000e+00
     11.997    13.7988   3.790851    31.4308        999     4.1583  0.000e+00
     11.934    13.8460   3.792610    31.4084       1000     4.1625  0.000e+00
     11.869    13.8859   3.795313    31.4006       1001     4.1667  0.000e+00
     11.802    13.9248   3.798959    31.4024       1002     4.1708  0.000e+00
     11.727    13.9714   3.803163    31.4031       1003     4.1750  0.000e+00
     11.651    14.0232   3.807055    31.3966       1004     4.1792  0.000e+00
     11.572    14.0771   3.812049    31.3985       1005     4.1833  0.000e+00
     11.499    14.1385   3.816344    31.3878       1006     4.1875  0.000e+00
     11.421    14.2047   3.824167    31.4056       1007     4.1917  0.000e+00
     11.344    14.2864   3.837661    31.4624       1008     4.1958  0.000e+00
     11.275    14.4108   3.844947    31.4278       1009     4.2000  0.000e+00
     11.200    14.5445   3.849579    31.3616       1010     4.2042  0.000e+00
     11.142    14.6577   3.854200    31.3121       1011     4.2083  0.000e+00
     11.081    14.7545   3.858125    31.2698       1012     4.2125  0.000e+00
     11.025    14.8360   3.861664    31.2363       1013     4.2167  0.000e+00
     10.970    14.9041   3.865262    31.2142       1014     4.2208  0.000e+00
     10.918    14.9648   3.868078    31.1910       1015     4.2250  0.000e+00
     10.867    15.0170   3.868512    31.1533       1016     4.2292  0.000e+00
     10.814    15.0519   3.868743    31.1276       1017     4.2333  0.000e+00
     10.758    15.0722   3.869316    31.1166       1018     4.2375  0.000e+00
     10.702    15.0866   3.871863    31.1280       1019     4.2417  0.000e+00
     10.639    15.1076   3.877031    31.1575       1020     4.2458  0.000e+00
     10.581    15.1515   3.886192    31.2045       1021     4.2500  0.000e+00
     10.521    15.2344   3.898114    31.2450       1022     4.2542  0.000e+00
     10.454    15.3571   3.907890    31.2346       1023     4.2583  0.000e+00
     10.391    15.4961   3.917650    31.2110       1024     4.2625  0.000e+00
     10.322    15.6343   3.923517    31.1538       1025     4.2667  0.000e+00
     10.257    15.7535   3.930730    31.1235       1026     4.2708  0.000e+00
     10.197    15.8609   3.938613    31.1085       1027     4.2750  0.000e+00
     10.132    15.9734   3.946255    31.0874       1028     4.2792  0.000e+00
     10.070    16.0944   3.952999    31.0519       1029     4.2833  0.000e+00
     10.009    16.2167   3.956059    30.9833       1030     4.2875  0.000e+00
      9.953    16.3128   3.956837    30.9154       1031     4.2917  0.000e+00
      9.897    16.3741   3.957522    30.8740       1032     4.2958  0.000e+00
      9.844    16.4121   3.958566    30.8537       1033     4.3000  0.000e+00
      9.797    16.4405   3.960797    30.8511       1034     4.3042  0.000e+00
      9.743    16.4732   3.962468    30.8404       1035     4.3083  0.000e+00
