HB2403/sbe050.cnv
* Sea-Bird SBE 19plus V2 Data File:
* FileName = C:\cruise\data\sbe050.hex
* Software Version Seasave V 7.26.7.121
* Temperature SN = 6128
* Conductivity SN = 6128
* System UpLoad Time = Jun 06 2024 03:08:35
* NMEA Latitude = 39 46.90 N
* NMEA Longitude = 072 06.70 W
* NMEA UTC (Time) = Jun 06 2024  03:09:08
** Ship: Henry Bigelow
** Cruise:  HB2403
** Program:  ECOMON
# nquan = 7
# nvalues = 2457                                  
# units = specified
# name 0 = depSM: Depth [salt water, m]
# name 1 = tv290C: Temperature [ITS-90, deg C]
# name 2 = c0S/m: Conductivity [S/m]
# name 3 = sal00: Salinity, Practical [PSU]
# name 4 = scan: Scan Count
# name 5 = timeM: Time, Elapsed [minutes]
# name 6 = flag:  0.000e+00
# span 0 =     -0.262,    101.905                 
# span 1 =     7.9101,    18.5173                 
# span 2 =   0.000034,   4.215753                 
# span 3 =     0.0093,    34.8935                 
# span 4 =         11,       2467                 
# span 5 =     0.0417,    10.2750                 
# span 6 = 0.0000e+00, 0.0000e+00                 
# interval = seconds: 0.25
# start_time = Jun 06 2024 03:09:08 [NMEA time, header]
# bad_flag = -9.990e-29
*END*
[from data line 1847]
     38.126     9.8722   3.612117    33.0919       1858     7.7375  0.000e+00
     38.093     9.8714   3.612566    33.0973       1859     7.7417  0.000e+00
     38.053     9.8719   3.612393    33.0951       1860     7.7458  0.000e+00
     37.999     9.8731   3.611680    33.0868       1861     7.7500  0.000e+00
     37.953     9.8721   3.611257    33.0834       1862     7.7542  0.000e+00
     37.901     9.8696   3.610795    33.0810       1863     7.7583  0.000e+00
     37.839     9.8664   3.610705    33.0830       1864     7.7625  0.000e+00
     37.781     9.8638   3.610641    33.0848       1865     7.7667  0.000e+00
     37.729     9.8621   3.610660    33.0865       1866     7.7708  0.000e+00
     37.669     9.8613   3.610416    33.0848       1867     7.7750  0.000e+00
     37.607     9.8602   3.610307    33.0848       1868     7.7792  0.000e+00
     37.558     9.8591   3.609839    33.0810       1869     7.7833  0.000e+00
     37.513     9.8572   3.610397    33.0885       1870     7.7875  0.000e+00
     37.469     9.8566   3.609063    33.0754       1871     7.7917  0.000e+00
     37.432     9.8537   3.608729    33.0747       1872     7.7958  0.000e+00
     37.388     9.8497   3.608486    33.0760       1873     7.8000  0.000e+00
     37.353     9.8463   3.609018    33.0845       1874     7.8042  0.000e+00
     37.319     9.8452   3.608774    33.0830       1875     7.8083  0.000e+00
     37.292     9.8445   3.608684    33.0828       1876     7.8125  0.000e+00
     37.247     9.8440   3.608954    33.0860       1877     7.8167  0.000e+00
     37.209     9.8443   3.608684    33.0830       1878     7.8208  0.000e+00
     37.163     9.8446   3.610070    33.0969       1879     7.8250  0.000e+00
     37.117     9.8476   3.609576    33.0891       1880     7.8292  0.000e+00
     37.066     9.8494   3.608402    33.0755       1881     7.8333  0.000e+00
     37.011     9.8452   3.605029    33.0450       1882     7.8375  0.000e+00
     36.954     9.8303   3.603657    33.0447       1883     7.8417  0.000e+00
     36.890     9.8186   3.591574    32.9322       1884     7.8458  0.000e+00
     36.830     9.7759   3.580511    32.8584       1885     7.8500  0.000e+00
     36.767     9.7057   3.582968    32.9478       1886     7.8542  0.000e+00
     36.704     9.6617   3.573225    32.8885       1887     7.8583  0.000e+00
     36.641     9.6135   3.568805    32.8873       1888     7.8625  0.000e+00
     36.588     9.5607   3.564324    32.8898       1889     7.8667  0.000e+00
     36.529     9.5117   3.558569    32.8757       1890     7.8708  0.000e+00
     36.476     9.4622   3.549764    32.8307       1891     7.8750  0.000e+00
     36.427     9.4030   3.535100    32.7340       1892     7.8792  0.000e+00
     36.384     9.3215   3.522144    32.6752       1893     7.8833  0.000e+00
     36.337     9.2268   3.508046    32.6163       1894     7.8875  0.000e+00
     36.288     9.1174   3.501833    32.6522       1895     7.8917  0.000e+00
     36.235     9.0222   3.500960    32.7305       1896     7.8958  0.000e+00
     36.190     8.9613   3.496664    32.7420       1897     7.9000  0.000e+00
     36.143     8.9153   3.494657    32.7635       1898     7.9042  0.000e+00
     36.087     8.8784   3.492928    32.7796       1899     7.9083  0.000e+00
     36.041     8.8507   3.491346    32.7888       1900     7.9125  0.000e+00
     35.985     8.8288   3.491745    32.8131       1901     7.9167  0.000e+00
     35.928     8.8166   3.492631    32.8338       1902     7.9208  0.000e+00
     35.871     8.8128   3.493011    32.8413       1903     7.9250  0.000e+00
     35.817     8.8132   3.493803    32.8492       1904     7.9292  0.000e+00
     35.761     8.8163   3.493410    32.8423       1905     7.9333  0.000e+00
     35.707     8.8192   3.495234    32.8586       1906     7.9375  0.000e+00
     35.654     8.8250   3.497305    32.8749       1907     7.9417  0.000e+00
     35.603     8.8360   3.497819    32.8701       1908     7.9458  0.000e+00
     35.556     8.8464   3.495696    32.8383       1909     7.9500  0.000e+00
     35.509     8.8469   3.494847    32.8291       1910     7.9542  0.000e+00
     35.462     8.8425   3.492929    32.8131       1911     7.9583  0.000e+00
     35.415     8.8331   3.493226    32.8249       1912     7.9625  0.000e+00
     35.371     8.8267   3.493587    32.8347       1913     7.9667  0.000e+00
     35.329     8.8236   3.492308    32.8242       1914     7.9708  0.000e+00
     35.285     8.8191   3.492093    32.8262       1915     7.9750  0.000e+00
     35.237     8.8148   3.491713    32.8262       1916     7.9792  0.000e+00
     35.194     8.8108   3.491200    32.8245       1917     7.9833  0.000e+00
     35.140     8.8065   3.491340    32.8300       1918     7.9875  0.000e+00
     35.081     8.8029   3.488111    32.7996       1919     7.9917  0.000e+00
     35.020     8.7940   3.488877    32.8159       1920     7.9958  0.000e+00
     34.953     8.7856   3.483278    32.7652       1921     8.0000  0.000e+00
     34.880     8.7635   3.467309    32.6187       1922     8.0042  0.000e+00
     34.806     8.7048   3.454728    32.5413       1923     8.0083  0.000e+00
     34.732     8.6182   3.450727    32.5792       1924     8.0125  0.000e+00
     34.660     8.5475   3.449215    32.6286       1925     8.0167  0.000e+00
     34.585     8.4978   3.447345    32.6550       1926     8.0208  0.000e+00
     34.515     8.4640   3.447282    32.6857       1927     8.0250  0.000e+00
     34.448     8.4429   3.449109    32.7245       1928     8.0292  0.000e+00
     34.385     8.4376   3.450395    32.7430       1929     8.0333  0.000e+00
     34.329     8.4422   3.453760    32.7742       1930     8.0375  0.000e+00
     34.278     8.4559   3.456131    32.7865       1931     8.0417  0.000e+00
     34.225     8.4741   3.458458    32.7941       1932     8.0458  0.000e+00
     34.175     8.4942   3.459725    32.7887       1933     8.0500  0.000e+00
     34.126     8.5134   3.463574    32.8114       1934     8.0542  0.000e+00
     34.068     8.5344   3.459933    32.7537       1935     8.0583  0.000e+00
     34.008     8.5428   3.465107    32.8002       1936     8.0625  0.000e+00
     33.951     8.5576   3.462192    32.7559       1937     8.0667  0.000e+00
     33.891     8.5632   3.463334    32.7628       1938     8.0708  0.000e+00
     33.831     8.5674   3.463883    32.7646       1939     8.0750  0.000e+00
     33.771     8.5726   3.463674    32.7576       1940     8.0792  0.000e+00
     33.707     8.5745   3.464817    32.7679       1941     8.0833  0.000e+00
     33.642     8.5802   3.465448    32.7693       1942     8.0875  0.000e+00
     33.583     8.5863   3.467032    32.7803       1943     8.0917  0.000e+00
     33.519     8.5954   3.467935    32.7814       1944     8.0958  0.000e+00
     33.458     8.6052   3.468112    32.7741       1945     8.1000  0.000e+00
     33.400     8.6125   3.470903    32.7966       1946     8.1042  0.000e+00
     33.338     8.6239   3.469867    32.7752       1947     8.1083  0.000e+00
     33.278     8.6319   3.470631    32.7758       1948     8.1125  0.000e+00
     33.219     8.6399   3.474276    32.8067       1949     8.1167  0.000e+00
     33.164     8.6539   3.472937    32.7797       1950     8.1208  0.000e+00
     33.097     8.6613   3.473347    32.7772       1951     8.1250  0.000e+00
     33.036     8.6674   3.475464    32.7937       1952     8.1292  0.000e+00
     32.972     8.6763   3.478877    32.8213       1953     8.1333  0.000e+00
     32.902     8.6947   3.483449    32.8521       1954     8.1375  0.000e+00
     32.833     8.7227   3.488624    32.8804       1955     8.1417  0.000e+00
     32.770     8.7599   3.486852    32.8273       1956     8.1458  0.000e+00
     32.701     8.7823   3.489003    32.8291       1957     8.1500  0.000e+00
     32.633     8.7986   3.489237    32.8165       1958     8.1542  0.000e+00
     32.573     8.8100   3.489231    32.8058       1959     8.1583  0.000e+00
     32.506     8.8175   3.490750    32.8148       1960     8.1625  0.000e+00
     32.442     8.8267   3.491668    32.8160       1961     8.1667  0.000e+00
     32.381     8.8355   3.490921    32.8000       1962     8.1708  0.000e+00
     32.326     8.8387   3.489256    32.7797       1963     8.1750  0.000e+00
     32.267     8.8364   3.491623    32.8066       1964     8.1792  0.000e+00
     32.214     8.8395   3.490154    32.7884       1965     8.1833  0.000e+00
     32.154     8.8373   3.488408    32.7723       1966     8.1875  0.000e+00
     32.098     8.8314   3.490686    32.8015       1967     8.1917  0.000e+00
     32.042     8.8334   3.490731    32.8001       1968     8.1958  0.000e+00
     31.980     8.8361   3.490344    32.7937       1969     8.2000  0.000e+00
     31.917     8.8367   3.490028    32.7899       1970     8.2042  0.000e+00
     31.848     8.8311   3.461298    32.4953       1971     8.2083  0.000e+00
     31.788     8.7606   3.448664    32.4281       1972     8.2125  0.000e+00
     31.714     8.6529   3.444697    32.4854       1973     8.2167  0.000e+00
     31.649     8.5683   3.446474    32.5820       1974     8.2208  0.000e+00
     31.575     8.5215   3.444339    32.6028       1975     8.2250  0.000e+00
     31.501     8.4915   3.439517    32.5798       1976     8.2292  0.000e+00
     31.432     8.4563   3.435660    32.5718       1977     8.2333  0.000e+00
     31.361     8.4170   3.425532    32.5016       1978     8.2375  0.000e+00
     31.286     8.3625   3.415151    32.4425       1979     8.2417  0.000e+00
     31.217     8.2927   3.418071    32.5377       1980     8.2458  0.000e+00
     31.150     8.2508   3.412254    32.5151       1981     8.2500  0.000e+00
     31.074     8.2144   3.412555    32.5520       1982     8.2542  0.000e+00
     31.015     8.1840   3.410843    32.5621       1983     8.2583  0.000e+00
     30.949     8.1665   3.411307    32.5833       1984     8.2625  0.000e+00
     30.888     8.1539   3.407030    32.5497       1985     8.2667  0.000e+00
     30.824     8.1337   3.402824    32.5238       1986     8.2708  0.000e+00
     30.759     8.1076   3.408253    32.6057       1987     8.2750  0.000e+00
     30.698     8.1052   3.409539    32.6216       1988     8.2792  0.000e+00
     30.636     8.1091   3.396903    32.4839       1989     8.2833  0.000e+00
     30.569     8.0780   3.396334    32.5067       1990     8.2875  0.000e+00
     30.504     8.0442   3.398557    32.5618       1991     8.2917  0.000e+00
     30.442     8.0323   3.401189    32.6009       1992     8.2958  0.000e+00
     30.377     8.0362   3.397511    32.5582       1993     8.3000  0.000e+00
     30.314     8.0288   3.390618    32.4918       1994     8.3042  0.000e+00
     30.253     7.9998   3.387114    32.4815       1995     8.3083  0.000e+00
     30.191     7.9650   3.386170    32.5038       1996     8.3125  0.000e+00
     30.133     7.9396   3.387265    32.5391       1997     8.3167  0.000e+00
     30.067     7.9276   3.388642    32.5649       1998     8.3208  0.000e+00
     30.010     7.9262   3.388830    32.5683       1999     8.3250  0.000e+00
     29.946     7.9277   3.388723    32.5658       2000     8.3292  0.000e+00
     29.887     7.9289   3.388523    32.5626       2001     8.3333  0.000e+00
     29.832     7.9299   3.390350    32.5811       2002     8.3375  0.000e+00
     29.765     7.9344   3.388673    32.5592       2003     8.3417  0.000e+00
     29.707     7.9338   3.390225    32.5763       2004     8.3458  0.000e+00
     29.646     7.9366   3.389780    32.5689       2005     8.3500  0.000e+00
     29.593     7.9400   3.391483    32.5840       2006     8.3542  0.000e+00
     29.528     7.9456   3.390951    32.5730       2007     8.3583  0.000e+00
     29.468     7.9496   3.389586    32.5548       2008     8.3625  0.000e+00
     29.405     7.9453   3.387484    32.5365       2009     8.3667  0.000e+00
     29.339     7.9355   3.385514    32.5246       2010     8.3708  0.000e+00
     29.263     7.9221   3.384463    32.5259       2011     8.3750  0.000e+00
     29.189     7.9104   3.387528    32.5696       2012     8.3792  0.000e+00
     29.113     7.9101   3.388329    32.5783       2013     8.3833  0.000e+00
     29.039     7.9204   3.419450    32.9010       2014     8.3875  0.000e+00
     28.952     8.0285   3.472418    33.3642       2015     8.3917  0.000e+00
     28.873     8.2922   3.486603    33.2646       2016     8.3958  0.000e+00
     28.783     8.5459   3.530337    33.4865       2017     8.4000  0.000e+00
     28.696     8.8481   3.570977    33.6268       2018     8.4042  0.000e+00
     28.611     9.1951   3.575158    33.3436       2019     8.4083  0.000e+00
     28.533     9.4360   3.575219    33.1203       2020     8.4125  0.000e+00
     28.454     9.5767   3.575703    32.9955       2021     8.4167  0.000e+00
     28.374     9.6554   3.576207    32.9285       2022     8.4208  0.000e+00
     28.304     9.7001   3.575983    32.8852       2023     8.4250  0.000e+00
     28.237     9.7249   3.575829    32.8611       2024     8.4292  0.000e+00
     28.175     9.7367   3.576052    32.8525       2025     8.4333  0.000e+00
     28.116     9.7437   3.576512    32.8510       2026     8.4375  0.000e+00
     28.047     9.7492   3.576730    32.8482       2027     8.4417  0.000e+00
     28.002     9.7531   3.576710    32.8444       2028     8.4458  0.000e+00
     27.942     9.7555   3.576928    32.8444       2029     8.4500  0.000e+00
     27.884     9.7573   3.577541    32.8491       2030     8.4542  0.000e+00
     27.823     9.7595   3.576404    32.8355       2031     8.4583  0.000e+00
     27.768     9.7586   3.574141    32.8133       2032     8.4625  0.000e+00
     27.707     9.7502   3.573464    32.8141       2033     8.4667  0.000e+00
     27.649     9.7408   3.575349    32.8419       2034     8.4708  0.000e+00
     27.580     9.7408   3.575918    32.8478       2035     8.4750  0.000e+00
     27.515     9.7437   3.572237    32.8076       2036     8.4792  0.000e+00
     27.452     9.7361   3.571055    32.8025       2037     8.4833  0.000e+00
     27.377     9.7232   3.570947    32.8131       2038     8.4875  0.000e+00
     27.308     9.7143   3.568558    32.7969       2039     8.4917  0.000e+00
     27.234     9.7026   3.569740    32.8197       2040     8.4958  0.000e+00
     27.169     9.6972   3.571931    32.8470       2041     8.5000  0.000e+00
     27.091     9.7012   3.571643    32.8405       2042     8.5042  0.000e+00
     27.019     9.7001   3.535539    32.4728       2043     8.5083  0.000e+00
     26.947     9.6088   3.507759    32.2714       2044     8.5125  0.000e+00
     26.873     9.4464   3.493495    32.2714       2045     8.5167  0.000e+00
     26.807     9.2935   3.490147    32.3752       2046     8.5208  0.000e+00
     26.729     9.1835   3.490104    32.4747       2047     8.5250  0.000e+00
     26.666     9.1189   3.493150    32.5652       2048     8.5292  0.000e+00
     26.594     9.0930   3.494626    32.6042       2049     8.5333  0.000e+00
     26.523     9.0888   3.498795    32.6514       2050     8.5375  0.000e+00
     26.449     9.1017   3.504981    32.7036       2051     8.5417  0.000e+00
     26.387     9.1347   3.509192    32.7170       2052     8.5458  0.000e+00
     26.326     9.1719   3.511368    32.7054       2053     8.5500  0.000e+00
     26.266     9.2054   3.513582    32.6977       2054     8.5542  0.000e+00
     26.207     9.2336   3.514572    32.6820       2055     8.5583  0.000e+00
     26.151     9.2546   3.515968    32.6773       2056     8.5625  0.000e+00
     26.098     9.2728   3.519086    32.6928       2057     8.5667  0.000e+00
     26.047     9.2929   3.520407    32.6880       2058     8.5708  0.000e+00
     25.991     9.3122   3.520787    32.6743       2059     8.5750  0.000e+00
     25.937     9.3278   3.521950    32.6721       2060     8.5792  0.000e+00
     25.879     9.3399   3.523760    32.6797       2061     8.5833  0.000e+00
