HB2403/sbe028.cnv
* Sea-Bird SBE 19plus V2 Data File:
* FileName = C:\cruise\data\sbe028.hex
* Software Version Seasave V 7.26.7.121
* Temperature SN = 6128
* Conductivity SN = 6128
* System UpLoad Time = Jun 03 2024 23:34:58
* NMEA Latitude = 40 25.61 N
* NMEA Longitude = 072 04.14 W
* NMEA UTC (Time) = Jun 03 2024  23:35:29
** Ship: Henry Bigelow
** Cruise:  HB2403
** Program:  ECOMON
# nquan = 7
# nvalues = 1253                                  
# units = specified
# name 0 = depSM: Depth [salt water, m]
# name 1 = tv290C: Temperature [ITS-90, deg C]
# name 2 = c0S/m: Conductivity [S/m]
# name 3 = sal00: Salinity, Practical [PSU]
# name 4 = scan: Scan Count
# name 5 = timeM: Time, Elapsed [minutes]
# name 6 = flag:  0.000e+00
# span 0 =     -0.191,     57.640                 
# span 1 =     6.4561,    22.0106                 
# span 2 =   0.000007,   4.287143                 
# span 3 =     0.0108,    32.2741                 
# span 4 =         11,       1263                 
# span 5 =     0.0417,     5.2583                 
# span 6 = 0.0000e+00, 0.0000e+00                 
# interval = seconds: 0.25
# start_time = Jun 03 2024 23:35:29 [NMEA time, header]
# bad_flag = -9.990e-29
*END*
[from data line 411]
     55.187     6.4570   3.199676    31.8756        422     1.7542  0.000e+00
     55.079     6.4565   3.199688    31.8762        423     1.7583  0.000e+00
     54.967     6.4565   3.199676    31.8761        424     1.7625  0.000e+00
     54.863     6.4564   3.199676    31.8762        425     1.7667  0.000e+00
     54.757     6.4564   3.199676    31.8763        426     1.7708  0.000e+00
     54.661     6.4564   3.199657    31.8762        427     1.7750  0.000e+00
     54.565     6.4564   3.199657    31.8762        428     1.7792  0.000e+00
     54.484     6.4563   3.199639    31.8761        429     1.7833  0.000e+00
     54.401     6.4563   3.199615    31.8759        430     1.7875  0.000e+00
     54.330     6.4564   3.199614    31.8758        431     1.7917  0.000e+00
     54.265     6.4564   3.199596    31.8757        432     1.7958  0.000e+00
     54.203     6.4566   3.199596    31.8756        433     1.8000  0.000e+00
     54.147     6.4567   3.199596    31.8755        434     1.8042  0.000e+00
     54.097     6.4565   3.199596    31.8757        435     1.8083  0.000e+00
     54.053     6.4564   3.199639    31.8763        436     1.8125  0.000e+00
     54.006     6.4563   3.199614    31.8761        437     1.8167  0.000e+00
     53.956     6.4563   3.199657    31.8766        438     1.8208  0.000e+00
     53.898     6.4567   3.199676    31.8765        439     1.8250  0.000e+00
     53.843     6.4569   3.198966    31.8684        440     1.8292  0.000e+00
     53.778     6.4568   3.199596    31.8755        441     1.8333  0.000e+00
     53.704     6.4568   3.199553    31.8751        442     1.8375  0.000e+00
     53.627     6.4566   3.199535    31.8752        443     1.8417  0.000e+00
     53.544     6.4565   3.199492    31.8748        444     1.8458  0.000e+00
     53.446     6.4563   3.199516    31.8753        445     1.8500  0.000e+00
     53.347     6.4563   3.199492    31.8751        446     1.8542  0.000e+00
     53.257     6.4562   3.199455    31.8748        447     1.8583  0.000e+00
     53.162     6.4561   3.199492    31.8754        448     1.8625  0.000e+00
     53.072     6.4561   3.199553    31.8761        449     1.8667  0.000e+00
     52.985     6.4565   3.199516    31.8753        450     1.8708  0.000e+00
     52.908     6.4568   3.199534    31.8753        451     1.8750  0.000e+00
     52.833     6.4569   3.199534    31.8752        452     1.8792  0.000e+00
     52.772     6.4571   3.199534    31.8751        453     1.8833  0.000e+00
     52.718     6.4573   3.199534    31.8749        454     1.8875  0.000e+00
     52.663     6.4575   3.199553    31.8750        455     1.8917  0.000e+00
     52.620     6.4573   3.199516    31.8748        456     1.8958  0.000e+00
     52.569     6.4571   3.199492    31.8747        457     1.9000  0.000e+00
     52.530     6.4568   3.199534    31.8754        458     1.9042  0.000e+00
     52.472     6.4569   3.199516    31.8752        459     1.9083  0.000e+00
     52.419     6.4568   3.199492    31.8750        460     1.9125  0.000e+00
     52.356     6.4569   3.199491    31.8750        461     1.9167  0.000e+00
     52.289     6.4569   3.199473    31.8748        462     1.9208  0.000e+00
     52.221     6.4569   3.199430    31.8744        463     1.9250  0.000e+00
     52.132     6.4566   3.199436    31.8747        464     1.9292  0.000e+00
     52.053     6.4568   3.199430    31.8746        465     1.9333  0.000e+00
     51.964     6.4569   3.199412    31.8742        466     1.9375  0.000e+00
     51.881     6.4568   3.199412    31.8744        467     1.9417  0.000e+00
     51.805     6.4567   3.199393    31.8744        468     1.9458  0.000e+00
     51.736     6.4564   3.199375    31.8745        469     1.9500  0.000e+00
     51.666     6.4562   3.199393    31.8749        470     1.9542  0.000e+00
     51.602     6.4562   3.199393    31.8749        471     1.9583  0.000e+00
     51.539     6.4564   3.199412    31.8750        472     1.9625  0.000e+00
     51.477     6.4566   3.199430    31.8750        473     1.9667  0.000e+00
     51.414     6.4569   3.199454    31.8750        474     1.9708  0.000e+00
     51.353     6.4572   3.199430    31.8745        475     1.9750  0.000e+00
     51.282     6.4575   3.199412    31.8740        476     1.9792  0.000e+00
     51.212     6.4575   3.199375    31.8737        477     1.9833  0.000e+00
     51.130     6.4573   3.199350    31.8736        478     1.9875  0.000e+00
     51.045     6.4572   3.199375    31.8741        479     1.9917  0.000e+00
     50.960     6.4571   3.199332    31.8737        480     1.9958  0.000e+00
     50.884     6.4571   3.199332    31.8738        481     2.0000  0.000e+00
     50.799     6.4567   3.199332    31.8741        482     2.0042  0.000e+00
     50.727     6.4566   3.199332    31.8743        483     2.0083  0.000e+00
     50.660     6.4565   3.199314    31.8742        484     2.0125  0.000e+00
     50.604     6.4567   3.199301    31.8739        485     2.0167  0.000e+00
     50.553     6.4564   3.199271    31.8738        486     2.0208  0.000e+00
     50.512     6.4563   3.199313    31.8745        487     2.0250  0.000e+00
     50.472     6.4561   3.199332    31.8749        488     2.0292  0.000e+00
     50.436     6.4561   3.199332    31.8749        489     2.0333  0.000e+00
     50.392     6.4564   3.199375    31.8751        490     2.0375  0.000e+00
     50.349     6.4564   3.199393    31.8753        491     2.0417  0.000e+00
     50.306     6.4568   3.199411    31.8751        492     2.0458  0.000e+00
     50.253     6.4573   3.199411    31.8747        493     2.0500  0.000e+00
     50.179     6.4578   3.199430    31.8745        494     2.0542  0.000e+00
     50.106     6.4585   3.199411    31.8737        495     2.0583  0.000e+00
     50.022     6.4589   3.199411    31.8733        496     2.0625  0.000e+00
     49.944     6.4592   3.199411    31.8731        497     2.0667  0.000e+00
     49.848     6.4592   3.199393    31.8730        498     2.0708  0.000e+00
     49.757     6.4592   3.199411    31.8731        499     2.0750  0.000e+00
     49.667     6.4592   3.199411    31.8732        500     2.0792  0.000e+00
     49.582     6.4593   3.199411    31.8732        501     2.0833  0.000e+00
     49.510     6.4596   3.199393    31.8727        502     2.0875  0.000e+00
     49.437     6.4598   3.199393    31.8726        503     2.0917  0.000e+00
     49.381     6.4600   3.199393    31.8724        504     2.0958  0.000e+00
     49.336     6.4599   3.199411    31.8727        505     2.1000  0.000e+00
     49.296     6.4600   3.199399    31.8725        506     2.1042  0.000e+00
     49.265     6.4600   3.199393    31.8724        507     2.1083  0.000e+00
     49.227     6.4600   3.199454    31.8732        508     2.1125  0.000e+00
     49.189     6.4603   3.199472    31.8731        509     2.1167  0.000e+00
     49.148     6.4604   3.199429    31.8725        510     2.1208  0.000e+00
     49.094     6.4604   3.199411    31.8724        511     2.1250  0.000e+00
     49.034     6.4603   3.199393    31.8723        512     2.1292  0.000e+00
     48.963     6.4603   3.199350    31.8719        513     2.1333  0.000e+00
     48.874     6.4602   3.199288    31.8713        514     2.1375  0.000e+00
     48.779     6.4600   3.199288    31.8715        515     2.1417  0.000e+00
     48.667     6.4599   3.199270    31.8715        516     2.1458  0.000e+00
     48.556     6.4599   3.199288    31.8718        517     2.1500  0.000e+00
     48.446     6.4597   3.199270    31.8717        518     2.1542  0.000e+00
     48.331     6.4598   3.199270    31.8717        519     2.1583  0.000e+00
     48.233     6.4601   3.199270    31.8715        520     2.1625  0.000e+00
     48.142     6.4604   3.199270    31.8713        521     2.1667  0.000e+00
     48.063     6.4607   3.199313    31.8715        522     2.1708  0.000e+00
     47.992     6.4613   3.199331    31.8712        523     2.1750  0.000e+00
     47.935     6.4618   3.199331    31.8708        524     2.1792  0.000e+00
     47.886     6.4619   3.199349    31.8708        525     2.1833  0.000e+00
     47.849     6.4626   3.199374    31.8705        526     2.1875  0.000e+00
     47.813     6.4629   3.199417    31.8707        527     2.1917  0.000e+00
     47.783     6.4637   3.199453    31.8704        528     2.1958  0.000e+00
     47.748     6.4643   3.199514    31.8705        529     2.2000  0.000e+00
     47.710     6.4650   3.199490    31.8696        530     2.2042  0.000e+00
     47.669     6.4656   3.199490    31.8691        531     2.2083  0.000e+00
     47.620     6.4659   3.199472    31.8686        532     2.2125  0.000e+00
     47.562     6.4661   3.199472    31.8685        533     2.2167  0.000e+00
     47.501     6.4661   3.199429    31.8680        534     2.2208  0.000e+00
     47.432     6.4661   3.199410    31.8679        535     2.2250  0.000e+00
     47.360     6.4659   3.199410    31.8681        536     2.2292  0.000e+00
     47.280     6.4659   3.199655    31.8708        537     2.2333  0.000e+00
     47.199     6.4673   3.199857    31.8718        538     2.2375  0.000e+00
     47.118     6.4697   3.199936    31.8705        539     2.2417  0.000e+00
     47.033     6.4717   3.199979    31.8691        540     2.2458  0.000e+00
     46.948     6.4731   3.200040    31.8685        541     2.2500  0.000e+00
     46.870     6.4741   3.200040    31.8676        542     2.2542  0.000e+00
     46.781     6.4750   3.200083    31.8672        543     2.2583  0.000e+00
     46.702     6.4758   3.200083    31.8665        544     2.2625  0.000e+00
     46.626     6.4760   3.200059    31.8661        545     2.2667  0.000e+00
     46.548     6.4763   3.200059    31.8659        546     2.2708  0.000e+00
     46.483     6.4764   3.200107    31.8664        547     2.2750  0.000e+00
     46.413     6.4769   3.200346    31.8686        548     2.2792  0.000e+00
     46.357     6.4782   3.200505    31.8691        549     2.2833  0.000e+00
     46.293     6.4801   3.200768    31.8703        550     2.2875  0.000e+00
     46.237     6.4827   3.200952    31.8700        551     2.2917  0.000e+00
     46.183     6.4852   3.201056    31.8688        552     2.2958  0.000e+00
     46.132     6.4873   3.201154    31.8679        553     2.3000  0.000e+00
     46.071     6.4891   3.201380    31.8687        554     2.3042  0.000e+00
     46.013     6.4914   3.201643    31.8695        555     2.3083  0.000e+00
     45.944     6.4940   3.202255    31.8738        556     2.3125  0.000e+00
     45.866     6.4985   3.203271    31.8809        557     2.3167  0.000e+00
     45.786     6.5061   3.204587    31.8884        558     2.3208  0.000e+00
     45.700     6.5171   3.205481    31.8880        559     2.3250  0.000e+00
     45.614     6.5292   3.205891    31.8813        560     2.3292  0.000e+00
     45.517     6.5392   3.206173    31.8750        561     2.3333  0.000e+00
     45.421     6.5477   3.206503    31.8709        562     2.3375  0.000e+00
     45.332     6.5551   3.206767    31.8669        563     2.3417  0.000e+00
     45.245     6.5612   3.207048    31.8643        564     2.3458  0.000e+00
     45.167     6.5663   3.207385    31.8633        565     2.3500  0.000e+00
     45.097     6.5708   3.207765    31.8633        566     2.3542  0.000e+00
     45.041     6.5751   3.207967    31.8616        567     2.3583  0.000e+00
     44.992     6.5785   3.208107    31.8599        568     2.3625  0.000e+00
     44.957     6.5814   3.208248    31.8589        569     2.3667  0.000e+00
     44.921     6.5837   3.208395    31.8583        570     2.3708  0.000e+00
     44.893     6.5856   3.208554    31.8583        571     2.3750  0.000e+00
     44.858     6.5874   3.208677    31.8580        572     2.3792  0.000e+00
     44.824     6.5889   3.208818    31.8581        573     2.3833  0.000e+00
     44.778     6.5906   3.209063    31.8593        574     2.3875  0.000e+00
     44.730     6.5925   3.209369    31.8609        575     2.3917  0.000e+00
     44.668     6.5951   3.209859    31.8640        576     2.3958  0.000e+00
     44.594     6.5987   3.210551    31.8682        577     2.4000  0.000e+00
     44.506     6.6042   3.211323    31.8716        578     2.4042  0.000e+00
     44.412     6.6109   3.212009    31.8729        579     2.4083  0.000e+00
     44.305     6.6181   3.212549    31.8723        580     2.4125  0.000e+00
     44.205     6.6249   3.213670    31.8782        581     2.4167  0.000e+00
     44.100     6.6332   3.215466    31.8903        582     2.4208  0.000e+00
     44.001     6.6455   3.217140    31.8973        583     2.4250  0.000e+00
     43.905     6.6608   3.218587    31.8990        584     2.4292  0.000e+00
     43.820     6.6765   3.219402    31.8933        585     2.4333  0.000e+00
     43.753     6.6904   3.219751    31.8843        586     2.4375  0.000e+00
     43.688     6.7008   3.219935    31.8766        587     2.4417  0.000e+00
     43.634     6.7081   3.220138    31.8720        588     2.4458  0.000e+00
     43.585     6.7132   3.220303    31.8692        589     2.4500  0.000e+00
     43.540     6.7168   3.220481    31.8678        590     2.4542  0.000e+00
     43.495     6.7198   3.220671    31.8671        591     2.4583  0.000e+00
     43.448     6.7224   3.220855    31.8668        592     2.4625  0.000e+00
     43.397     6.7247   3.221021    31.8664        593     2.4667  0.000e+00
     43.344     6.7269   3.221119    31.8655        594     2.4708  0.000e+00
     43.283     6.7286   3.221180    31.8647        595     2.4750  0.000e+00
     43.214     6.7300   3.221346    31.8652        596     2.4792  0.000e+00
     43.135     6.7316   3.221487    31.8653        597     2.4833  0.000e+00
     43.057     6.7330   3.221511    31.8642        598     2.4875  0.000e+00
     42.981     6.7341   3.221530    31.8634        599     2.4917  0.000e+00
     42.896     6.7349   3.221548    31.8629        600     2.4958  0.000e+00
     42.818     6.7353   3.221284    31.8597        601     2.5000  0.000e+00
     42.742     6.7354   3.221204    31.8588        602     2.5042  0.000e+00
     42.677     6.7354   3.221180    31.8586        603     2.5083  0.000e+00
     42.605     6.7356   3.221266    31.8594        604     2.5125  0.000e+00
     42.534     6.7360   3.221345    31.8599        605     2.5167  0.000e+00
     42.477     6.7368   3.221548    31.8614        606     2.5208  0.000e+00
     42.410     6.7386   3.222039    31.8652        607     2.5250  0.000e+00
     42.350     6.7420   3.222468    31.8667        608     2.5292  0.000e+00
     42.278     6.7471   3.222891    31.8666        609     2.5333  0.000e+00
     42.214     6.7526   3.223124    31.8642        610     2.5375  0.000e+00
     42.144     6.7575   3.223229    31.8607        611     2.5417  0.000e+00
     42.068     6.7611   3.223351    31.8588        612     2.5458  0.000e+00
     42.004     6.7638   3.223701    31.8601        613     2.5500  0.000e+00
     41.934     6.7670   3.224149    31.8621        614     2.5542  0.000e+00
     41.865     6.7714   3.224560    31.8626        615     2.5583  0.000e+00
     41.798     6.7758   3.224842    31.8615        616     2.5625  0.000e+00
     41.740     6.7800   3.225174    31.8613        617     2.5667  0.000e+00
     41.681     6.7843   3.225616    31.8622        618     2.5708  0.000e+00
     41.627     6.7889   3.225990    31.8621        619     2.5750  0.000e+00
     41.576     6.7934   3.226217    31.8604        620     2.5792  0.000e+00
     41.519     6.7975   3.226401    31.8586        621     2.5833  0.000e+00
     41.463     6.8014   3.226567    31.8568        622     2.5875  0.000e+00
     41.407     6.8051   3.226751    31.8554        623     2.5917  0.000e+00
     41.351     6.8086   3.226769    31.8524        624     2.5958  0.000e+00
     41.297     6.8117   3.226444    31.8460        625     2.6000  0.000e+00
