HB2403/sbe012.cnv
* Sea-Bird SBE 19plus V2 Data File:
* FileName = C:\cruise\data\sbe012.hex
* Software Version Seasave V 7.26.7.121
* Temperature SN = 6128
* Conductivity SN = 6128
* System UpLoad Time = May 26 2024 19:37:53
* NMEA Latitude = 40 08.46 N
* NMEA Longitude = 071 59.48 W
* NMEA UTC (Time) = May 26 2024  19:38:16
** Ship: Henry Bigelow
** Cruise:  HB2403
** Program:  ECOMON
# nquan = 7
# nvalues = 1653                                  
# units = specified
# name 0 = depSM: Depth [salt water, m]
# name 1 = tv290C: Temperature [ITS-90, deg C]
# name 2 = c0S/m: Conductivity [S/m]
# name 3 = sal00: Salinity, Practical [PSU]
# name 4 = scan: Scan Count
# name 5 = timeM: Time, Elapsed [minutes]
# name 6 = flag:  0.000e+00
# span 0 =     -0.186,     68.539                 
# span 1 =     6.4223,    21.2100                 
# span 2 =   0.000022,   4.267145                 
# span 3 =     0.0104,    32.2062                 
# span 4 =         11,       1663                 
# span 5 =     0.0417,     6.9250                 
# span 6 = 0.0000e+00, 0.0000e+00                 
# interval = seconds: 0.25
# start_time = May 26 2024 19:38:16 [NMEA time, header]
# bad_flag = -9.990e-29
*END*
[from data line 411]
     49.553     6.4658   3.216266    32.0531        422     1.7542  0.000e+00
     49.708     6.4674   3.216328    32.0522        423     1.7583  0.000e+00
     49.862     6.4681   3.216181    32.0498        424     1.7625  0.000e+00
     50.010     6.4678   3.216389    32.0524        425     1.7667  0.000e+00
     50.160     6.4679   3.216426    32.0526        426     1.7708  0.000e+00
     50.308     6.4681   3.216549    32.0537        427     1.7750  0.000e+00
     50.454     6.4685   3.216530    32.0530        428     1.7792  0.000e+00
     50.595     6.4686   3.216389    32.0513        429     1.7833  0.000e+00
     50.738     6.4681   3.216328    32.0510        430     1.7875  0.000e+00
     50.875     6.4670   3.216285    32.0515        431     1.7917  0.000e+00
     51.005     6.4663   3.216328    32.0526        432     1.7958  0.000e+00
     51.138     6.4657   3.216285    32.0527        433     1.8000  0.000e+00
     51.268     6.4649   3.216101    32.0513        434     1.8042  0.000e+00
     51.393     6.4635   3.216163    32.0533        435     1.8083  0.000e+00
     51.521     6.4626   3.216163    32.0540        436     1.8125  0.000e+00
     51.644     6.4620   3.216144    32.0543        437     1.8167  0.000e+00
     51.765     6.4615   3.216224    32.0556        438     1.8208  0.000e+00
     51.890     6.4614   3.216181    32.0552        439     1.8250  0.000e+00
     52.016     6.4613   3.216181    32.0553        440     1.8292  0.000e+00
     52.139     6.4611   3.216145    32.0549        441     1.8333  0.000e+00
     52.271     6.4609   3.216059    32.0542        442     1.8375  0.000e+00
     52.396     6.4602   3.216022    32.0543        443     1.8417  0.000e+00
     52.526     6.4597   3.215998    32.0545        444     1.8458  0.000e+00
     52.661     6.4591   3.215875    32.0536        445     1.8500  0.000e+00
     52.791     6.4583   3.215734    32.0527        446     1.8542  0.000e+00
     52.923     6.4569   3.215489    32.0512        447     1.8583  0.000e+00
     53.058     6.4550   3.215323    32.0511        448     1.8625  0.000e+00
     53.192     6.4527   3.215323    32.0533        449     1.8667  0.000e+00
     53.327     6.4510   3.215403    32.0557        450     1.8708  0.000e+00
     53.459     6.4505   3.215446    32.0566        451     1.8750  0.000e+00
     53.591     6.4504   3.215471    32.0569        452     1.8792  0.000e+00
     53.725     6.4503   3.215569    32.0579        453     1.8833  0.000e+00
     53.855     6.4505   3.215489    32.0568        454     1.8875  0.000e+00
     53.985     6.4506   3.215489    32.0567        455     1.8917  0.000e+00
     54.111     6.4503   3.215348    32.0554        456     1.8958  0.000e+00
     54.246     6.4497   3.215385    32.0563        457     1.9000  0.000e+00
     54.375     6.4491   3.215348    32.0563        458     1.9042  0.000e+00
     54.512     6.4488   3.215428    32.0574        459     1.9083  0.000e+00
     54.649     6.4486   3.215447    32.0578        460     1.9125  0.000e+00
     54.790     6.4484   3.215263    32.0559        461     1.9167  0.000e+00
     54.925     6.4474   3.215251    32.0566        462     1.9208  0.000e+00
     55.059     6.4463   3.215263    32.0577        463     1.9250  0.000e+00
     55.194     6.4456   3.215349    32.0592        464     1.9292  0.000e+00
     55.331     6.4453   3.215245    32.0583        465     1.9333  0.000e+00
     55.469     6.4445   3.215202    32.0585        466     1.9375  0.000e+00
     55.606     6.4437   3.215263    32.0599        467     1.9417  0.000e+00
     55.734     6.4430   3.215245    32.0603        468     1.9458  0.000e+00
     55.871     6.4423   3.215165    32.0600        469     1.9500  0.000e+00
     56.010     6.4412   3.215245    32.0619        470     1.9542  0.000e+00
     56.146     6.4403   3.215263    32.0628        471     1.9583  0.000e+00
     56.281     6.4397   3.215429    32.0652        472     1.9625  0.000e+00
     56.419     6.4395   3.215600    32.0672        473     1.9667  0.000e+00
     56.550     6.4399   3.215692    32.0677        474     1.9708  0.000e+00
     56.691     6.4402   3.215754    32.0681        475     1.9750  0.000e+00
     56.829     6.4407   3.215754    32.0675        476     1.9792  0.000e+00
     56.969     6.4410   3.215754    32.0672        477     1.9833  0.000e+00
     57.109     6.4412   3.215919    32.0688        478     1.9875  0.000e+00
     57.244     6.4415   3.216085    32.0703        479     1.9917  0.000e+00
     57.385     6.4422   3.216244    32.0713        480     1.9958  0.000e+00
     57.520     6.4432   3.216612    32.0743        481     2.0000  0.000e+00
     57.659     6.4450   3.216717    32.0737        482     2.0042  0.000e+00
     57.798     6.4470   3.216796    32.0727        483     2.0083  0.000e+00
     57.943     6.4482   3.216766    32.0711        484     2.0125  0.000e+00
     58.080     6.4487   3.216735    32.0703        485     2.0167  0.000e+00
     58.221     6.4483   3.216815    32.0714        486     2.0208  0.000e+00
     58.365     6.4479   3.216876    32.0725        487     2.0250  0.000e+00
     58.495     6.4477   3.216797    32.0717        488     2.0292  0.000e+00
     58.633     6.4470   3.216754    32.0718        489     2.0333  0.000e+00
     58.776     6.4455   3.216656    32.0721        490     2.0375  0.000e+00
     58.913     6.4440   3.216490    32.0716        491     2.0417  0.000e+00
     59.052     6.4420   3.216331    32.0716        492     2.0458  0.000e+00
     59.194     6.4399   3.216306    32.0733        493     2.0500  0.000e+00
     59.333     6.4380   3.216306    32.0750        494     2.0542  0.000e+00
     59.467     6.4366   3.216300    32.0761        495     2.0583  0.000e+00
     59.604     6.4361   3.216307    32.0767        496     2.0625  0.000e+00
     59.740     6.4357   3.216270    32.0765        497     2.0667  0.000e+00
     59.875     6.4349   3.216209    32.0766        498     2.0708  0.000e+00
     60.012     6.4341   3.216209    32.0773        499     2.0750  0.000e+00
     60.139     6.4334   3.216166    32.0774        500     2.0792  0.000e+00
     60.271     6.4326   3.216227    32.0787        501     2.0833  0.000e+00
     60.399     6.4323   3.216288    32.0797        502     2.0875  0.000e+00
     60.526     6.4322   3.216227    32.0790        503     2.0917  0.000e+00
     60.654     6.4320   3.216209    32.0789        504     2.0958  0.000e+00
     60.787     6.4320   3.216270    32.0795        505     2.1000  0.000e+00
     60.917     6.4319   3.216264    32.0795        506     2.1042  0.000e+00
     61.047     6.4322   3.216209    32.0786        507     2.1083  0.000e+00
     61.177     6.4318   3.216289    32.0797        508     2.1125  0.000e+00
     61.313     6.4321   3.216411    32.0808        509     2.1167  0.000e+00
     61.452     6.4325   3.216350    32.0796        510     2.1208  0.000e+00
     61.587     6.4329   3.216350    32.0792        511     2.1250  0.000e+00
     61.723     6.4331   3.216332    32.0787        512     2.1292  0.000e+00
     61.863     6.4330   3.216369    32.0791        513     2.1333  0.000e+00
     62.008     6.4332   3.216412    32.0794        514     2.1375  0.000e+00
     62.151     6.4333   3.216614    32.0815        515     2.1417  0.000e+00
     62.298     6.4343   3.216921    32.0839        516     2.1458  0.000e+00
     62.439     6.4358   3.216706    32.0799        517     2.1500  0.000e+00
     62.584     6.4365   3.216755    32.0798        518     2.1542  0.000e+00
     62.728     6.4369   3.216694    32.0787        519     2.1583  0.000e+00
     62.875     6.4367   3.216614    32.0779        520     2.1625  0.000e+00
     63.023     6.4362   3.216657    32.0788        521     2.1667  0.000e+00
     63.167     6.4361   3.216596    32.0781        522     2.1708  0.000e+00
     63.306     6.4355   3.216473    32.0773        523     2.1750  0.000e+00
     63.443     6.4347   3.216455    32.0777        524     2.1792  0.000e+00
     63.585     6.4340   3.216369    32.0774        525     2.1833  0.000e+00
     63.716     6.4333   3.216308    32.0773        526     2.1875  0.000e+00
     63.850     6.4324   3.216271    32.0777        527     2.1917  0.000e+00
     63.987     6.4317   3.216302    32.0786        528     2.1958  0.000e+00
     64.115     6.4312   3.216333    32.0794        529     2.2000  0.000e+00
     64.249     6.4312   3.216394    32.0800        530     2.2042  0.000e+00
     64.377     6.4313   3.216290    32.0787        531     2.2083  0.000e+00
     64.507     6.4310   3.216247    32.0784        532     2.2125  0.000e+00
     64.641     6.4306   3.216210    32.0783        533     2.2167  0.000e+00
     64.777     6.4300   3.216210    32.0788        534     2.2208  0.000e+00
     64.910     6.4297   3.216333    32.0804        535     2.2250  0.000e+00
     65.049     6.4297   3.216431    32.0814        536     2.2292  0.000e+00
     65.192     6.4303   3.216394    32.0804        537     2.2333  0.000e+00
     65.335     6.4307   3.216370    32.0797        538     2.2375  0.000e+00
     65.486     6.4306   3.216370    32.0797        539     2.2417  0.000e+00
     65.627     6.4305   3.216400    32.0801        540     2.2458  0.000e+00
     65.771     6.4305   3.216413    32.0801        541     2.2500  0.000e+00
     65.919     6.4307   3.216517    32.0810        542     2.2542  0.000e+00
     66.064     6.4311   3.216572    32.0812        543     2.2583  0.000e+00
     66.205     6.4315   3.216474    32.0796        544     2.2625  0.000e+00
     66.349     6.4315   3.216437    32.0792        545     2.2667  0.000e+00
     66.488     6.4313   3.216517    32.0802        546     2.2708  0.000e+00
     66.627     6.4311   3.216554    32.0807        547     2.2750  0.000e+00
     66.772     6.4310   3.216572    32.0809        548     2.2792  0.000e+00
     66.907     6.4310   3.216517    32.0802        549     2.2833  0.000e+00
     67.039     6.4308   3.216493    32.0802        550     2.2875  0.000e+00
     67.169     6.4304   3.216493    32.0805        551     2.2917  0.000e+00
     67.308     6.4297   3.216456    32.0806        552     2.2958  0.000e+00
     67.438     6.4291   3.216518    32.0818        553     2.3000  0.000e+00
     67.566     6.4288   3.216518    32.0820        554     2.3042  0.000e+00
     67.701     6.4285   3.216493    32.0820        555     2.3083  0.000e+00
     67.839     6.4282   3.216499    32.0822        556     2.3125  0.000e+00
     67.967     6.4281   3.216518    32.0825        557     2.3167  0.000e+00
     68.099     6.4278   3.216573    32.0833        558     2.3208  0.000e+00
     68.231     6.4279   3.216696    32.0845        559     2.3250  0.000e+00
     68.370     6.4282   3.216800    32.0853        560     2.3292  0.000e+00
     68.480     6.4285   3.216818    32.0852        561     2.3333  0.000e+00
     68.539     6.4285   3.217106    32.0883        562     2.3375  0.000e+00
     68.539     6.4286   3.217149    32.0887        563     2.3417  0.000e+00
     68.479     6.4282   3.217088    32.0884        564     2.3458  0.000e+00
     68.423     6.4278   3.217106    32.0891        565     2.3500  0.000e+00
     68.395     6.4275   3.216659    32.0845        566     2.3542  0.000e+00
     68.360     6.4266   3.216438    32.0828        567     2.3583  0.000e+00
     68.329     6.4254   3.216457    32.0841        568     2.3625  0.000e+00
     68.291     6.4247   3.216395    32.0842        569     2.3667  0.000e+00
     68.246     6.4243   3.216291    32.0835        570     2.3708  0.000e+00
     68.191     6.4238   3.216230    32.0832        571     2.3750  0.000e+00
     68.135     6.4236   3.216150    32.0826        572     2.3792  0.000e+00
     68.077     6.4233   3.216089    32.0823        573     2.3833  0.000e+00
     68.016     6.4230   3.216089    32.0825        574     2.3875  0.000e+00
     67.950     6.4227   3.216064    32.0826        575     2.3917  0.000e+00
     67.884     6.4226   3.216064    32.0827        576     2.3958  0.000e+00
     67.806     6.4225   3.216089    32.0831        577     2.4000  0.000e+00
     67.732     6.4226   3.216070    32.0828        578     2.4042  0.000e+00
     67.650     6.4225   3.216064    32.0829        579     2.4083  0.000e+00
     67.565     6.4224   3.216003    32.0824        580     2.4125  0.000e+00
     67.471     6.4225   3.215984    32.0821        581     2.4167  0.000e+00
     67.386     6.4224   3.215966    32.0820        582     2.4208  0.000e+00
     67.292     6.4225   3.215941    32.0817        583     2.4250  0.000e+00
     67.193     6.4225   3.215941    32.0818        584     2.4292  0.000e+00
     67.100     6.4224   3.215880    32.0812        585     2.4333  0.000e+00
     66.999     6.4226   3.215861    32.0809        586     2.4375  0.000e+00
     66.902     6.4224   3.215861    32.0811        587     2.4417  0.000e+00
     66.800     6.4225   3.215843    32.0808        588     2.4458  0.000e+00
     66.704     6.4225   3.215800    32.0804        589     2.4500  0.000e+00
     66.616     6.4224   3.215800    32.0806        590     2.4542  0.000e+00
     66.518     6.4223   3.215757    32.0802        591     2.4583  0.000e+00
     66.433     6.4224   3.215739    32.0800        592     2.4625  0.000e+00
     66.339     6.4223   3.215739    32.0801        593     2.4667  0.000e+00
     66.245     6.4223   3.215739    32.0802        594     2.4708  0.000e+00
     66.160     6.4224   3.215720    32.0799        595     2.4750  0.000e+00
     66.073     6.4223   3.215720    32.0801        596     2.4792  0.000e+00
     65.981     6.4223   3.215677    32.0796        597     2.4833  0.000e+00
     65.890     6.4224   3.215659    32.0794        598     2.4875  0.000e+00
     65.804     6.4223   3.215634    32.0793        599     2.4917  0.000e+00
     65.720     6.4224   3.215659    32.0794        600     2.4958  0.000e+00
     65.633     6.4225   3.215659    32.0794        601     2.5000  0.000e+00
     65.550     6.4223   3.215634    32.0794        602     2.5042  0.000e+00
     65.449     6.4224   3.215616    32.0791        603     2.5083  0.000e+00
     65.355     6.4225   3.215597    32.0788        604     2.5125  0.000e+00
     65.248     6.4224   3.215597    32.0790        605     2.5167  0.000e+00
     65.141     6.4225   3.215573    32.0787        606     2.5208  0.000e+00
     65.047     6.4226   3.215573    32.0786        607     2.5250  0.000e+00
     64.937     6.4224   3.215573    32.0788        608     2.5292  0.000e+00
     64.830     6.4226   3.215573    32.0787        609     2.5333  0.000e+00
     64.722     6.4226   3.215554    32.0786        610     2.5375  0.000e+00
     64.612     6.4226   3.215554    32.0786        611     2.5417  0.000e+00
     64.492     6.4226   3.215548    32.0786        612     2.5458  0.000e+00
     64.375     6.4225   3.215511    32.0783        613     2.5500  0.000e+00
     64.257     6.4227   3.215536    32.0785        614     2.5542  0.000e+00
     64.143     6.4228   3.215511    32.0782        615     2.5583  0.000e+00
     64.020     6.4226   3.215493    32.0782        616     2.5625  0.000e+00
     63.904     6.4226   3.215493    32.0782        617     2.5667  0.000e+00
     63.785     6.4228   3.215493    32.0782        618     2.5708  0.000e+00
     63.662     6.4226   3.215493    32.0784        619     2.5750  0.000e+00
     63.546     6.4226   3.215474    32.0782        620     2.5792  0.000e+00
     63.422     6.4227   3.215474    32.0782        621     2.5833  0.000e+00
     63.313     6.4228   3.215474    32.0782        622     2.5875  0.000e+00
     63.190     6.4226   3.215468    32.0783        623     2.5917  0.000e+00
     63.084     6.4226   3.215449    32.0782        624     2.5958  0.000e+00
     62.972     6.4228   3.215431    32.0779        625     2.6000  0.000e+00
