HB2403/sbe005.cnv
* Sea-Bird SBE 19plus V2 Data File:
* FileName = C:\cruise\data\sbe005.hex
* Software Version Seasave V 7.26.7.121
* Temperature SN = 6128
* Conductivity SN = 6128
* System UpLoad Time = May 26 2024 05:51:42
* NMEA Latitude = 40 42.28 N
* NMEA Longitude = 070 04.11 W
* NMEA UTC (Time) = May 26 2024  05:52:06
** Ship: Henry Bigelow
** Cruise:  HB2403
** Program:  ECOMON
# nquan = 7
# nvalues = 1353                                  
# units = specified
# name 0 = depSM: Depth [salt water, m]
# name 1 = tv290C: Temperature [ITS-90, deg C]
# name 2 = c0S/m: Conductivity [S/m]
# name 3 = sal00: Salinity, Practical [PSU]
# name 4 = scan: Scan Count
# name 5 = timeM: Time, Elapsed [minutes]
# name 6 = flag:  0.000e+00
# span 0 =      0.032,     39.000                 
# span 1 =     8.3957,    12.2989                 
# span 2 =   0.000007,   3.672871                 
# span 3 =     0.0063,    32.5408                 
# span 4 =         11,       1363                 
# span 5 =     0.0417,     5.6750                 
# span 6 = 0.0000e+00, 0.0000e+00                 
# interval = seconds: 0.25
# start_time = May 26 2024 05:52:06 [NMEA time, header]
# bad_flag = -9.990e-29
*END*
[from data line 821]
     20.835     8.3971   3.349111    31.7207        832     3.4625  0.000e+00
     20.781     8.3971   3.349086    31.7205        833     3.4667  0.000e+00
     20.734     8.3967   3.349111    31.7211        834     3.4708  0.000e+00
     20.687     8.3966   3.349130    31.7214        835     3.4750  0.000e+00
     20.640     8.3968   3.349192    31.7220        836     3.4792  0.000e+00
     20.599     8.3972   3.349174    31.7214        837     3.4833  0.000e+00
     20.558     8.3973   3.349149    31.7210        838     3.4875  0.000e+00
     20.520     8.3975   3.349130    31.7207        839     3.4917  0.000e+00
     20.482     8.3973   3.349149    31.7210        840     3.4958  0.000e+00
     20.439     8.3973   3.349155    31.7212        841     3.5000  0.000e+00
     20.395     8.3975   3.349192    31.7214        842     3.5042  0.000e+00
     20.357     8.3976   3.349229    31.7217        843     3.5083  0.000e+00
     20.309     8.3981   3.349192    31.7209        844     3.5125  0.000e+00
     20.263     8.3982   3.349192    31.7209        845     3.5167  0.000e+00
     20.220     8.3980   3.349043    31.7195        846     3.5208  0.000e+00
     20.171     8.3980   3.349192    31.7211        847     3.5250  0.000e+00
     20.123     8.3981   3.349192    31.7210        848     3.5292  0.000e+00
     20.066     8.3981   3.349173    31.7208        849     3.5333  0.000e+00
     20.012     8.3981   3.349167    31.7208        850     3.5375  0.000e+00
     19.963     8.3980   3.349173    31.7210        851     3.5417  0.000e+00
     19.912     8.3980   3.349148    31.7207        852     3.5458  0.000e+00
     19.863     8.3978   3.349155    31.7210        853     3.5500  0.000e+00
     19.807     8.3979   3.349130    31.7207        854     3.5542  0.000e+00
     19.755     8.3977   3.349130    31.7209        855     3.5583  0.000e+00
     19.703     8.3975   3.349155    31.7213        856     3.5625  0.000e+00
     19.650     8.3975   3.349192    31.7217        857     3.5667  0.000e+00
     19.602     8.3978   3.349173    31.7213        858     3.5708  0.000e+00
     19.555     8.3979   3.349148    31.7209        859     3.5750  0.000e+00
     19.509     8.3979   3.349217    31.7217        860     3.5792  0.000e+00
     19.464     8.3984   3.349428    31.7235        861     3.5833  0.000e+00
     19.422     8.3997   3.349534    31.7234        862     3.5875  0.000e+00
     19.373     8.4015   3.349491    31.7214        863     3.5917  0.000e+00
     19.332     8.4033   3.350469    31.7300        864     3.5958  0.000e+00
     19.292     8.4086   3.350095    31.7214        865     3.6000  0.000e+00
     19.243     8.4115   3.350263    31.7205        866     3.6042  0.000e+00
     19.201     8.4145   3.351222    31.7279        867     3.6083  0.000e+00
     19.149     8.4229   3.352082    31.7295        868     3.6125  0.000e+00
     19.107     8.4334   3.352400    31.7233        869     3.6167  0.000e+00
     19.057     8.4429   3.352661    31.7176        870     3.6208  0.000e+00
     19.008     8.4503   3.352811    31.7125        871     3.6250  0.000e+00
     18.957     8.4559   3.353047    31.7099        872     3.6292  0.000e+00
     18.906     8.4601   3.352704    31.7026        873     3.6333  0.000e+00
     18.865     8.4610   3.352461    31.6992        874     3.6375  0.000e+00
     18.814     8.4597   3.352256    31.6983        875     3.6417  0.000e+00
     18.764     8.4572   3.351770    31.6954        876     3.6458  0.000e+00
     18.713     8.4525   3.351720    31.6992        877     3.6500  0.000e+00
     18.660     8.4481   3.351589    31.7018        878     3.6542  0.000e+00
     18.610     8.4452   3.351870    31.7074        879     3.6583  0.000e+00
     18.556     8.4448   3.351957    31.7087        880     3.6625  0.000e+00
     18.497     8.4455   3.351851    31.7069        881     3.6667  0.000e+00
     18.444     8.4458   3.351676    31.7049        882     3.6708  0.000e+00
     18.383     8.4448   3.351932    31.7085        883     3.6750  0.000e+00
     18.334     8.4454   3.351994    31.7087        884     3.6792  0.000e+00
     18.275     8.4466   3.352281    31.7106        885     3.6833  0.000e+00
     18.222     8.4493   3.352636    31.7119        886     3.6875  0.000e+00
     18.174     8.4533   3.352679    31.7088        887     3.6917  0.000e+00
     18.125     8.4566   3.352891    31.7081        888     3.6958  0.000e+00
     18.074     8.4597   3.353091    31.7074        889     3.7000  0.000e+00
     18.033     8.4630   3.353234    31.7059        890     3.7042  0.000e+00
     17.989     8.4660   3.352978    31.7006        891     3.7083  0.000e+00
     17.951     8.4669   3.352953    31.6996        892     3.7125  0.000e+00
     17.915     8.4663   3.352941    31.7000        893     3.7167  0.000e+00
     17.875     8.4660   3.352960    31.7004        894     3.7208  0.000e+00
     17.845     8.4659   3.352766    31.6986        895     3.7250  0.000e+00
     17.808     8.4648   3.352829    31.7001        896     3.7292  0.000e+00
     17.770     8.4640   3.352991    31.7026        897     3.7333  0.000e+00
     17.732     8.4648   3.353065    31.7027        898     3.7375  0.000e+00
     17.691     8.4656   3.353502    31.7065        899     3.7417  0.000e+00
     17.653     8.4689   3.353925    31.7080        900     3.7458  0.000e+00
     17.607     8.4742   3.353944    31.7035        901     3.7500  0.000e+00
     17.560     8.4779   3.353477    31.6953        902     3.7542  0.000e+00
     17.511     8.4777   3.353707    31.6979        903     3.7583  0.000e+00
     17.461     8.4779   3.353844    31.6992        904     3.7625  0.000e+00
     17.412     8.4792   3.353408    31.6935        905     3.7667  0.000e+00
     17.360     8.4779   3.353701    31.6977        906     3.7708  0.000e+00
     17.306     8.4780   3.353900    31.6998        907     3.7750  0.000e+00
     17.261     8.4795   3.354075    31.7003        908     3.7792  0.000e+00
     17.210     8.4821   3.354374    31.7011        909     3.7833  0.000e+00
     17.156     8.4858   3.354567    31.6998        910     3.7875  0.000e+00
     17.109     8.4895   3.354804    31.6990        911     3.7917  0.000e+00
     17.057     8.4933   3.354585    31.6933        912     3.7958  0.000e+00
     17.008     8.4947   3.354455    31.6907        913     3.8000  0.000e+00
     16.956     8.4944   3.354504    31.6915        914     3.8042  0.000e+00
     16.900     8.4946   3.354885    31.6953        915     3.8083  0.000e+00
     16.851     8.4966   3.355128    31.6961        916     3.8125  0.000e+00
     16.804     8.4993   3.354224    31.6843        917     3.8167  0.000e+00
     16.755     8.4971   3.354087    31.6848        918     3.8208  0.000e+00
     16.706     8.4931   3.355146    31.6995        919     3.8250  0.000e+00
     16.659     8.4959   3.355308    31.6987        920     3.8292  0.000e+00
     16.614     8.5006   3.355190    31.6933        921     3.8333  0.000e+00
     16.569     8.5030   3.355040    31.6896        922     3.8375  0.000e+00
     16.526     8.5028   3.354641    31.6856        923     3.8417  0.000e+00
     16.482     8.5003   3.353968    31.6808        924     3.8458  0.000e+00
     16.440     8.4943   3.353663    31.6830        925     3.8500  0.000e+00
     16.403     8.4881   3.353626    31.6882        926     3.8542  0.000e+00
     16.357     8.4842   3.354068    31.6964        927     3.8583  0.000e+00
     16.321     8.4839   3.354567    31.7019        928     3.8625  0.000e+00
     16.278     8.4869   3.354953    31.7033        929     3.8667  0.000e+00
     16.229     8.4927   3.355028    31.6988        930     3.8708  0.000e+00
     16.177     8.4972   3.355015    31.6947        931     3.8750  0.000e+00
     16.126     8.4997   3.354947    31.6918        932     3.8792  0.000e+00
     16.072     8.5009   3.354971    31.6910        933     3.8833  0.000e+00
     16.013     8.5016   3.354947    31.6901        934     3.8875  0.000e+00
     15.956     8.5019   3.355059    31.6910        935     3.8917  0.000e+00
     15.896     8.5026   3.355040    31.6902        936     3.8958  0.000e+00
     15.833     8.5033   3.355046    31.6897        937     3.9000  0.000e+00
     15.769     8.5037   3.354971    31.6886        938     3.9042  0.000e+00
     15.708     8.5035   3.355065    31.6898        939     3.9083  0.000e+00
     15.648     8.5041   3.355121    31.6899        940     3.9125  0.000e+00
     15.587     8.5046   3.355127    31.6895        941     3.9167  0.000e+00
     15.522     8.5050   3.355189    31.6898        942     3.9208  0.000e+00
     15.464     8.5054   3.355164    31.6892        943     3.9250  0.000e+00
     15.406     8.5059   3.355314    31.6904        944     3.9292  0.000e+00
     15.348     8.5070   3.355594    31.6923        945     3.9333  0.000e+00
     15.303     8.5093   3.355495    31.6892        946     3.9375  0.000e+00
     15.257     8.5106   3.355744    31.6907        947     3.9417  0.000e+00
     15.214     8.5124   3.355675    31.6884        948     3.9458  0.000e+00
     15.172     8.5134   3.356105    31.6920        949     3.9500  0.000e+00
     15.134     8.5160   3.356043    31.6890        950     3.9542  0.000e+00
     15.103     8.5184   3.355956    31.6860        951     3.9583  0.000e+00
     15.067     8.5191   3.356473    31.6908        952     3.9625  0.000e+00
     15.031     8.5218   3.356735    31.6911        953     3.9667  0.000e+00
     15.000     8.5255   3.356947    31.6900        954     3.9708  0.000e+00
     14.962     8.5293   3.357283    31.6901        955     3.9750  0.000e+00
     14.933     8.5336   3.357352    31.6870        956     3.9792  0.000e+00
     14.894     8.5369   3.357389    31.6845        957     3.9833  0.000e+00
     14.852     8.5394   3.357676    31.6853        958     3.9875  0.000e+00
     14.808     8.5419   3.357869    31.6851        959     3.9917  0.000e+00
     14.770     8.5447   3.357975    31.6836        960     3.9958  0.000e+00
     14.716     8.5472   3.358062    31.6823        961     4.0000  0.000e+00
     14.667     8.5494   3.358143    31.6813        962     4.0042  0.000e+00
     14.613     8.5512   3.358362    31.6819        963     4.0083  0.000e+00
     14.554     8.5533   3.358405    31.6806        964     4.0125  0.000e+00
     14.503     8.5553   3.358574    31.6805        965     4.0167  0.000e+00
     14.445     8.5570   3.358810    31.6815        966     4.0208  0.000e+00
     14.398     8.5596   3.359365    31.6850        967     4.0250  0.000e+00
     14.355     8.5637   3.359216    31.6798        968     4.0292  0.000e+00
     14.304     8.5668   3.359690    31.6819        969     4.0333  0.000e+00
     14.258     8.5703   3.360076    31.6829        970     4.0375  0.000e+00
     14.216     8.5750   3.360201    31.6800        971     4.0417  0.000e+00
     14.174     8.5790   3.360419    31.6787        972     4.0458  0.000e+00
     14.138     8.5821   3.360569    31.6775        973     4.0500  0.000e+00
     14.095     8.5850   3.360594    31.6752        974     4.0542  0.000e+00
     14.056     8.5869   3.360650    31.6741        975     4.0583  0.000e+00
     14.014     8.5884   3.360849    31.6749        976     4.0625  0.000e+00
     13.972     8.5902   3.360912    31.6739        977     4.0667  0.000e+00
     13.920     8.5919   3.361018    31.6735        978     4.0708  0.000e+00
     13.878     8.5934   3.361173    31.6738        979     4.0750  0.000e+00
     13.831     8.5950   3.361261    31.6733        980     4.0792  0.000e+00
     13.785     8.5963   3.361323    31.6728        981     4.0833  0.000e+00
     13.732     8.5979   3.361385    31.6721        982     4.0875  0.000e+00
     13.685     8.5989   3.361367    31.6710        983     4.0917  0.000e+00
     13.629     8.5995   3.361360    31.6704        984     4.0958  0.000e+00
     13.582     8.5999   3.361410    31.6706        985     4.1000  0.000e+00
     13.530     8.6001   3.361410    31.6704        986     4.1042  0.000e+00
     13.486     8.6004   3.361385    31.6700        987     4.1083  0.000e+00
     13.439     8.6004   3.361410    31.6702        988     4.1125  0.000e+00
     13.397     8.6008   3.361772    31.6736        989     4.1167  0.000e+00
     13.361     8.6023   3.361772    31.6723        990     4.1208  0.000e+00
     13.327     8.6040   3.361791    31.6710        991     4.1250  0.000e+00
     13.297     8.6050   3.361797    31.6702        992     4.1292  0.000e+00
     13.269     8.6057   3.361791    31.6695        993     4.1333  0.000e+00
     13.234     8.6062   3.361772    31.6689        994     4.1375  0.000e+00
     13.203     8.6063   3.361890    31.6700        995     4.1417  0.000e+00
     13.176     8.6069   3.361903    31.6696        996     4.1458  0.000e+00
     13.144     8.6074   3.361946    31.6697        997     4.1500  0.000e+00
     13.109     8.6080   3.361996    31.6697        998     4.1542  0.000e+00
     13.080     8.6087   3.362183    31.6710        999     4.1583  0.000e+00
     13.052     8.6100   3.362177    31.6698       1000     4.1625  0.000e+00
     13.019     8.6109   3.362096    31.6681       1001     4.1667  0.000e+00
     12.984     8.6112   3.362240    31.6694       1002     4.1708  0.000e+00
     12.956     8.6115   3.362264    31.6694       1003     4.1750  0.000e+00
     12.930     8.6123   3.362283    31.6689       1004     4.1792  0.000e+00
     12.897     8.6129   3.362264    31.6682       1005     4.1833  0.000e+00
     12.863     8.6132   3.362264    31.6679       1006     4.1875  0.000e+00
     12.838     8.6133   3.362302    31.6683       1007     4.1917  0.000e+00
     12.811     8.6134   3.362526    31.6705       1008     4.1958  0.000e+00
     12.778     8.6144   3.362526    31.6696       1009     4.2000  0.000e+00
     12.756     8.6153   3.362439    31.6679       1010     4.2042  0.000e+00
     12.727     8.6157   3.362420    31.6674       1011     4.2083  0.000e+00
     12.691     8.6158   3.362483    31.6679       1012     4.2125  0.000e+00
     12.655     8.6157   3.362626    31.6696       1013     4.2167  0.000e+00
     12.619     8.6167   3.363256    31.6753       1014     4.2208  0.000e+00
     12.581     8.6199   3.363974    31.6799       1015     4.2250  0.000e+00
     12.543     8.6254   3.364286    31.6782       1016     4.2292  0.000e+00
     12.501     8.6305   3.364585    31.6769       1017     4.2333  0.000e+00
     12.466     8.6355   3.365770    31.6847       1018     4.2375  0.000e+00
     12.423     8.6434   3.366157    31.6818       1019     4.2417  0.000e+00
     12.384     8.6512   3.366388    31.6771       1020     4.2458  0.000e+00
     12.346     8.6578   3.366544    31.6729       1021     4.2500  0.000e+00
     12.308     8.6629   3.366694    31.6699       1022     4.2542  0.000e+00
     12.270     8.6662   3.366675    31.6667       1023     4.2583  0.000e+00
     12.241     8.6685   3.366712    31.6652       1024     4.2625  0.000e+00
     12.205     8.6696   3.366825    31.6653       1025     4.2667  0.000e+00
     12.178     8.6711   3.366712    31.6628       1026     4.2708  0.000e+00
     12.141     8.6717   3.366781    31.6630       1027     4.2750  0.000e+00
     12.114     8.6722   3.366793    31.6627       1028     4.2792  0.000e+00
     12.091     8.6724   3.366868    31.6633       1029     4.2833  0.000e+00
     12.063     8.6727   3.366868    31.6631       1030     4.2875  0.000e+00
     12.040     8.6733   3.366837    31.6622       1031     4.2917  0.000e+00
     12.011     8.6735   3.366868    31.6624       1032     4.2958  0.000e+00
     11.988     8.6737   3.366856    31.6621       1033     4.3000  0.000e+00
     11.957     8.6737   3.366887    31.6624       1034     4.3042  0.000e+00
     11.937     8.6738   3.366893    31.6624       1035     4.3083  0.000e+00
