HB2403/sbe041.cnv
* Sea-Bird SBE 19plus V2 Data File:
* FileName = C:\cruise\data\sbe041.hex
* Software Version Seasave V 7.26.7.121
* Temperature SN = 6128
* Conductivity SN = 6128
* System UpLoad Time = Jun 05 2024 06:28:37
* NMEA Latitude = 37 41.92 N
* NMEA Longitude = 074 15.37 W
* NMEA UTC (Time) = Jun 05 2024  06:29:09
** Ship: Henry Bigelow
** Cruise:  HB2403
** Program:  ECOMON
# nquan = 7
# nvalues = 3271                                  
# units = specified
# name 0 = depSM: Depth [salt water, m]
# name 1 = tv290C: Temperature [ITS-90, deg C]
# name 2 = c0S/m: Conductivity [S/m]
# name 3 = sal00: Salinity, Practical [PSU]
# name 4 = scan: Scan Count
# name 5 = timeM: Time, Elapsed [minutes]
# name 6 = flag:  0.000e+00
# span 0 =     -0.069,    106.675                 
# span 1 =     7.7200,    18.7552                 
# span 2 =   0.000052,   4.234925                 
# span 3 =     0.0093,    34.4486                 
# span 4 =         11,       3281                 
# span 5 =     0.0417,    13.6667                 
# span 6 = 0.0000e+00, 0.0000e+00                 
# interval = seconds: 0.25
# start_time = Jun 05 2024 06:29:09 [NMEA time, header]
# bad_flag = -9.990e-29
*END*
[from data line 821]
     38.475     7.8501   3.377728    32.5168        832     3.4625  0.000e+00
     38.644     7.8498   3.377834    32.5181        833     3.4667  0.000e+00
     38.808     7.8502   3.377915    32.5185        834     3.4708  0.000e+00
     38.967     7.8508   3.377596    32.5145        835     3.4750  0.000e+00
     39.122     7.8505   3.377771    32.5166        836     3.4792  0.000e+00
     39.272     7.8498   3.376909    32.5080        837     3.4833  0.000e+00
     39.415     7.8466   3.376391    32.5053        838     3.4875  0.000e+00
     39.554     7.8422   3.374960    32.4941        839     3.4917  0.000e+00
     39.688     7.8346   3.373929    32.4901        840     3.4958  0.000e+00
     39.820     7.8255   3.373605    32.4951        841     3.5000  0.000e+00
     39.944     7.8178   3.373349    32.4994        842     3.5042  0.000e+00
     40.074     7.8121   3.373343    32.5046        843     3.5083  0.000e+00
     40.199     7.8087   3.373842    32.5131        844     3.5125  0.000e+00
     40.327     7.8083   3.375573    32.5318        845     3.5167  0.000e+00
     40.457     7.8134   3.376604    32.5381        846     3.5208  0.000e+00
     40.591     7.8204   3.377629    32.5424        847     3.5250  0.000e+00
     40.726     7.8283   3.378272    32.5419        848     3.5292  0.000e+00
     40.870     7.8357   3.378610    32.5385        849     3.5333  0.000e+00
     41.020     7.8415   3.378485    32.5317        850     3.5375  0.000e+00
     41.175     7.8445   3.378528    32.5293        851     3.5417  0.000e+00
     41.331     7.8463   3.378553    32.5278        852     3.5458  0.000e+00
     41.489     7.8474   3.378941    32.5308        853     3.5500  0.000e+00
     41.653     7.8487   3.379804    32.5388        854     3.5542  0.000e+00
     41.814     7.8516   3.380354    32.5419        855     3.5583  0.000e+00
     41.968     7.8553   3.381229    32.5477        856     3.5625  0.000e+00
     42.123     7.8599   3.382023    32.5518        857     3.5667  0.000e+00
     42.265     7.8653   3.382661    32.5535        858     3.5708  0.000e+00
     42.399     7.8707   3.383730    32.5598        859     3.5750  0.000e+00
     42.535     7.8773   3.385062    32.5678        860     3.5792  0.000e+00
     42.665     7.8855   3.385988    32.5700        861     3.5833  0.000e+00
     42.778     7.8941   3.386557    32.5680        862     3.5875  0.000e+00
     42.897     7.9014   3.387038    32.5663        863     3.5917  0.000e+00
     43.015     7.9075   3.387683    32.5675        864     3.5958  0.000e+00
     43.136     7.9128   3.387983    32.5657        865     3.6000  0.000e+00
     43.261     7.9177   3.388552    32.5671        866     3.6042  0.000e+00
     43.385     7.9224   3.388972    32.5671        867     3.6083  0.000e+00
     43.521     7.9269   3.388703    32.5600        868     3.6125  0.000e+00
     43.655     7.9290   3.388828    32.5593        869     3.6167  0.000e+00
     43.794     7.9308   3.389566    32.5654        870     3.6208  0.000e+00
     43.944     7.9338   3.389572    32.5627        871     3.6250  0.000e+00
     44.092     7.9366   3.390542    32.5703        872     3.6292  0.000e+00
     44.243     7.9407   3.390580    32.5668        873     3.6333  0.000e+00
     44.406     7.9442   3.390849    32.5664        874     3.6375  0.000e+00
     44.565     7.9473   3.390993    32.5650        875     3.6417  0.000e+00
     44.722     7.9497   3.390912    32.5618        876     3.6458  0.000e+00
     44.880     7.9507   3.390956    32.5612        877     3.6500  0.000e+00
     45.040     7.9512   3.390336    32.5541        878     3.6542  0.000e+00
     45.195     7.9499   3.390286    32.5547        879     3.6583  0.000e+00
     45.354     7.9484   3.390561    32.5589        880     3.6625  0.000e+00
     45.499     7.9483   3.391306    32.5669        881     3.6667  0.000e+00
     45.647     7.9501   3.390705    32.5587        882     3.6708  0.000e+00
     45.786     7.9508   3.390762    32.5586        883     3.6750  0.000e+00
     45.929     7.9507   3.390418    32.5550        884     3.6792  0.000e+00
     46.070     7.9497   3.390242    32.5540        885     3.6833  0.000e+00
     46.209     7.9482   3.390336    32.5564        886     3.6875  0.000e+00
     46.344     7.9474   3.390743    32.5614        887     3.6917  0.000e+00
     46.482     7.9490   3.395100    32.6063        888     3.6958  0.000e+00
     46.623     7.9621   3.397192    32.6162        889     3.7000  0.000e+00
     46.766     7.9810   3.398651    32.6141        890     3.7042  0.000e+00
     46.905     7.9983   3.399541    32.6073        891     3.7083  0.000e+00
     47.053     8.0128   3.399703    32.5956        892     3.7125  0.000e+00
     47.188     8.0224   3.399910    32.5887        893     3.7167  0.000e+00
     47.335     8.0289   3.400411    32.5879        894     3.7208  0.000e+00
     47.479     8.0340   3.400825    32.5875        895     3.7250  0.000e+00
     47.630     8.0384   3.401802    32.5938        896     3.7292  0.000e+00
     47.774     8.0440   3.402398    32.5949        897     3.7333  0.000e+00
     47.915     8.0502   3.402673    32.5919        898     3.7375  0.000e+00
     48.058     8.0552   3.403037    32.5911        899     3.7417  0.000e+00
     48.195     8.0593   3.403219    32.5891        900     3.7458  0.000e+00
     48.336     8.0623   3.403306    32.5872        901     3.7500  0.000e+00
     48.468     8.0646   3.403614    32.5883        902     3.7542  0.000e+00
     48.600     8.0667   3.403820    32.5885        903     3.7583  0.000e+00
     48.730     8.0686   3.404134    32.5899        904     3.7625  0.000e+00
     48.856     8.0710   3.404385    32.5903        905     3.7667  0.000e+00
     48.985     8.0732   3.404529    32.5897        906     3.7708  0.000e+00
     49.117     8.0750   3.404353    32.5861        907     3.7750  0.000e+00
     49.245     8.0753   3.404027    32.5823        908     3.7792  0.000e+00
     49.383     8.0740   3.403087    32.5735        909     3.7833  0.000e+00
     49.519     8.0696   3.401959    32.5655        910     3.7875  0.000e+00
     49.657     8.0627   3.401195    32.5637        911     3.7917  0.000e+00
     49.801     8.0547   3.400825    32.5672        912     3.7958  0.000e+00
     49.940     8.0479   3.400324    32.5681        913     3.8000  0.000e+00
     50.083     8.0419   3.399873    32.5689        914     3.8042  0.000e+00
     50.229     8.0362   3.399454    32.5696        915     3.8083  0.000e+00
     50.382     8.0310   3.399353    32.5733        916     3.8125  0.000e+00
     50.531     8.0271   3.399209    32.5754        917     3.8167  0.000e+00
     50.686     8.0240   3.398865    32.5745        918     3.8208  0.000e+00
     50.845     8.0206   3.398715    32.5760        919     3.8250  0.000e+00
     51.000     8.0175   3.398452    32.5760        920     3.8292  0.000e+00
     51.163     8.0146   3.398408    32.5781        921     3.8333  0.000e+00
     51.320     8.0122   3.398302    32.5792        922     3.8375  0.000e+00
     51.476     8.0102   3.398258    32.5805        923     3.8417  0.000e+00
     51.633     8.0086   3.398327    32.5826        924     3.8458  0.000e+00
     51.781     8.0078   3.398408    32.5842        925     3.8500  0.000e+00
     51.935     8.0073   3.398628    32.5869        926     3.8542  0.000e+00
     52.085     8.0075   3.398615    32.5866        927     3.8583  0.000e+00
     52.226     8.0076   3.398571    32.5859        928     3.8625  0.000e+00
     52.375     8.0075   3.398759    32.5880        929     3.8667  0.000e+00
     52.510     8.0077   3.399004    32.5903        930     3.8708  0.000e+00
     52.647     8.0088   3.398979    32.5890        931     3.8750  0.000e+00
     52.786     8.0092   3.399812    32.5974        932     3.8792  0.000e+00
     52.924     8.0113   3.400589    32.6036        933     3.8833  0.000e+00
     53.061     8.0147   3.400971    32.6045        934     3.8875  0.000e+00
     53.200     8.0182   3.401178    32.6033        935     3.8917  0.000e+00
     53.341     8.0210   3.401735    32.6066        936     3.8958  0.000e+00
     53.482     8.0242   3.402086    32.6073        937     3.9000  0.000e+00
     53.636     8.0273   3.402199    32.6055        938     3.9042  0.000e+00
     53.780     8.0296   3.402613    32.6077        939     3.9083  0.000e+00
     53.930     8.0321   3.402995    32.6094        940     3.9125  0.000e+00
     54.079     8.0350   3.403371    32.6106        941     3.9167  0.000e+00
     54.225     8.0379   3.403766    32.6120        942     3.9208  0.000e+00
     54.372     8.0410   3.404280    32.6145        943     3.9250  0.000e+00
     54.512     8.0443   3.404424    32.6129        944     3.9292  0.000e+00
     54.659     8.0472   3.404594    32.6119        945     3.9333  0.000e+00
     54.802     8.0494   3.404638    32.6103        946     3.9375  0.000e+00
     54.945     8.0510   3.404819    32.6107        947     3.9417  0.000e+00
     55.082     8.0523   3.404945    32.6107        948     3.9458  0.000e+00
     55.216     8.0535   3.405277    32.6131        949     3.9500  0.000e+00
     55.348     8.0554   3.405998    32.6190        950     3.9542  0.000e+00
     55.483     8.0590   3.407434    32.6308        951     3.9583  0.000e+00
     55.609     8.0657   3.408055    32.6311        952     3.9625  0.000e+00
     55.746     8.0727   3.408588    32.6302        953     3.9667  0.000e+00
     55.880     8.0793   3.408738    32.6256        954     3.9708  0.000e+00
     56.021     8.0836   3.409196    32.6263        955     3.9750  0.000e+00
     56.161     8.0879   3.409089    32.6211        956     3.9792  0.000e+00
     56.305     8.0905   3.409089    32.6187        957     3.9833  0.000e+00
     56.453     8.0918   3.409309    32.6197        958     3.9875  0.000e+00
     56.603     8.0933   3.409485    32.6201        959     3.9917  0.000e+00
     56.764     8.0945   3.409635    32.6206        960     3.9958  0.000e+00
     56.920     8.0957   3.409485    32.6177        961     4.0000  0.000e+00
     57.088     8.0967   3.409943    32.6216        962     4.0042  0.000e+00
     57.245     8.0979   3.410106    32.6221        963     4.0083  0.000e+00
     57.412     8.0997   3.410338    32.6228        964     4.0125  0.000e+00
     57.571     8.1015   3.410645    32.6244        965     4.0167  0.000e+00
     57.726     8.1037   3.412283    32.6396        966     4.0208  0.000e+00
     57.887     8.1101   3.412741    32.6384        967     4.0250  0.000e+00
     58.041     8.1163   3.411787    32.6225        968     4.0292  0.000e+00
     58.194     8.1186   3.413086    32.6341        969     4.0333  0.000e+00
     58.346     8.1221   3.413531    32.6354        970     4.0375  0.000e+00
     58.491     8.1265   3.413506    32.6311        971     4.0417  0.000e+00
     58.637     8.1294   3.413757    32.6310        972     4.0458  0.000e+00
     58.776     8.1320   3.415383    32.6458        973     4.0500  0.000e+00
     58.912     8.1380   3.417617    32.6638        974     4.0542  0.000e+00
     59.052     8.1500   3.420895    32.6873        975     4.0583  0.000e+00
     59.190     8.1673   3.422968    32.6931        976     4.0625  0.000e+00
     59.320     8.1867   3.424789    32.6943        977     4.0667  0.000e+00
     59.455     8.2047   3.425606    32.6861        978     4.0708  0.000e+00
     59.589     8.2190   3.425732    32.6741        979     4.0750  0.000e+00
     59.725     8.2275   3.424978    32.6582        980     4.0792  0.000e+00
     59.865     8.2291   3.423470    32.6406        981     4.0833  0.000e+00
     59.997     8.2236   3.422056    32.6307        982     4.0875  0.000e+00
     60.134     8.2135   3.420562    32.6242        983     4.0917  0.000e+00
     60.271     8.2009   3.418496    32.6140        984     4.0958  0.000e+00
     60.405     8.1843   3.416776    32.6111        985     4.1000  0.000e+00
     60.540     8.1657   3.416237    32.6226        986     4.1042  0.000e+00
     60.678     8.1504   3.414693    32.6204        987     4.1083  0.000e+00
     60.810     8.1357   3.412490    32.6107        988     4.1125  0.000e+00
     60.947     8.1169   3.409160    32.5927        989     4.1167  0.000e+00
     61.089     8.0920   3.408056    32.6041        990     4.1208  0.000e+00
     61.226     8.0681   3.409004    32.6363        991     4.1250  0.000e+00
     61.369     8.0523   3.410064    32.6623        992     4.1292  0.000e+00
     61.510     8.0434   3.410773    32.6780        993     4.1333  0.000e+00
     61.660     8.0388   3.411080    32.6855        994     4.1375  0.000e+00
     61.808     8.0355   3.411187    32.6897        995     4.1417  0.000e+00
     61.961     8.0338   3.411168    32.6910        996     4.1458  0.000e+00
     62.113     8.0322   3.411043    32.6911        997     4.1500  0.000e+00
     62.262     8.0302   3.411099    32.6935        998     4.1542  0.000e+00
     62.416     8.0288   3.413866    32.7241        999     4.1583  0.000e+00
     62.568     8.0362   3.419441    32.7765       1000     4.1625  0.000e+00
     62.717     8.0575   3.421456    32.7779       1001     4.1667  0.000e+00
     62.859     8.0810   3.423315    32.7757       1002     4.1708  0.000e+00
     63.006     8.1017   3.424195    32.7655       1003     4.1750  0.000e+00
     63.141     8.1173   3.424710    32.7564       1004     4.1792  0.000e+00
     63.277     8.1279   3.425866    32.7587       1005     4.1833  0.000e+00
     63.412     8.1374   3.427274    32.7647       1006     4.1875  0.000e+00
     63.538     8.1476   3.428424    32.7673       1007     4.1917  0.000e+00
     63.672     8.1575   3.429071    32.7649       1008     4.1958  0.000e+00
     63.798     8.1657   3.429234    32.7589       1009     4.2000  0.000e+00
     63.926     8.1712   3.428983    32.7510       1010     4.2042  0.000e+00
     64.051     8.1723   3.427694    32.7363       1011     4.2083  0.000e+00
     64.181     8.1676   3.426626    32.7293       1012     4.2125  0.000e+00
     64.311     8.1594   3.426086    32.7312       1013     4.2167  0.000e+00
     64.443     8.1510   3.425376    32.7314       1014     4.2208  0.000e+00
     64.582     8.1427   3.425049    32.7356       1015     4.2250  0.000e+00
     64.723     8.1357   3.425043    32.7420       1016     4.2292  0.000e+00
     64.858     8.1311   3.424773    32.7433       1017     4.2333  0.000e+00
     65.001     8.1274   3.424610    32.7450       1018     4.2375  0.000e+00
     65.146     8.1244   3.424692    32.7487       1019     4.2417  0.000e+00
     65.294     8.1223   3.424723    32.7509       1020     4.2458  0.000e+00
     65.436     8.1211   3.424748    32.7522       1021     4.2500  0.000e+00
     65.576     8.1198   3.424899    32.7550       1022     4.2542  0.000e+00
     65.710     8.1187   3.424309    32.7497       1023     4.2583  0.000e+00
     65.847     8.1151   3.423668    32.7461       1024     4.2625  0.000e+00
     65.981     8.1087   3.422751    32.7423       1025     4.2667  0.000e+00
     66.112     8.0999   3.422211    32.7447       1026     4.2708  0.000e+00
     66.244     8.0915   3.421520    32.7452       1027     4.2750  0.000e+00
     66.382     8.0833   3.421080    32.7481       1028     4.2792  0.000e+00
     66.521     8.0766   3.420025    32.7431       1029     4.2833  0.000e+00
     66.662     8.0687   3.419460    32.7444       1030     4.2875  0.000e+00
     66.808     8.0613   3.419417    32.7508       1031     4.2917  0.000e+00
     66.956     8.0557   3.419712    32.7591       1032     4.2958  0.000e+00
     67.105     8.0528   3.420032    32.7652       1033     4.3000  0.000e+00
     67.262     8.0521   3.420855    32.7745       1034     4.3042  0.000e+00
     67.408     8.0541   3.421345    32.7777       1035     4.3083  0.000e+00
