HB2403/sbe099.cnv
* Sea-Bird SBE 19plus V2 Data File:
* FileName = C:\cruise\data\sbe099.hex
* Software Version Seasave V 7.26.7.121
* Temperature SN = 6128
* Conductivity SN = 6128
* System UpLoad Time = Jun 10 2024 08:28:10
* NMEA Latitude = 42 34.29 N
* NMEA Longitude = 067 08.23 W
* NMEA UTC (Time) = Jun 10 2024  08:28:46
** Ship: Henry Bigelow
** Cruise:  HB2403
** Program:  ECOMON
# nquan = 7
# nvalues = 3109                                  
# units = specified
# name 0 = depSM: Depth [salt water, m]
# name 1 = tv290C: Temperature [ITS-90, deg C]
# name 2 = c0S/m: Conductivity [S/m]
# name 3 = sal00: Salinity, Practical [PSU]
# name 4 = scan: Scan Count
# name 5 = timeM: Time, Elapsed [minutes]
# name 6 = flag:  0.000e+00
# span 0 =     -0.151,    294.826                 
# span 1 =     5.1799,    12.8128                 
# span 2 =   0.014472,   3.764795                 
# span 3 =     0.0906,    34.9983                 
# span 4 =         11,       3119                 
# span 5 =     0.0417,    12.9917                 
# span 6 = 0.0000e+00, 0.0000e+00                 
# interval = seconds: 0.25
# start_time = Jun 10 2024 08:28:46 [NMEA time, header]
# bad_flag = -9.990e-29
*END*
[from data line 2257]
    141.695     8.4273   3.553095    33.7868       2268     9.4458  0.000e+00
    141.528     8.3200   3.525451    33.5969       2269     9.4500  0.000e+00
    141.359     8.1764   3.519569    33.6719       2270     9.4542  0.000e+00
    141.200     8.0464   3.516726    33.7667       2271     9.4583  0.000e+00
    141.040     7.9562   3.505515    33.7339       2272     9.4625  0.000e+00
    140.868     7.8742   3.502529    33.7811       2273     9.4667  0.000e+00
    140.702     7.8069   3.499082    33.8093       2274     9.4708  0.000e+00
    140.522     7.7559   3.490501    33.7665       2275     9.4750  0.000e+00
    140.340     7.7007   3.478216    33.6879       2276     9.4792  0.000e+00
    140.152     7.6320   3.474981    33.7196       2277     9.4833  0.000e+00
    139.953     7.5727   3.472921    33.7550       2278     9.4875  0.000e+00
    139.749     7.5299   3.469681    33.7616       2279     9.4917  0.000e+00
    139.538     7.4975   3.468760    33.7832       2280     9.4958  0.000e+00
    139.312     7.4746   3.468305    33.8007       2281     9.5000  0.000e+00
    139.070     7.4599   3.467926    33.8110       2282     9.5042  0.000e+00
    138.826     7.4506   3.467693    33.8177       2283     9.5083  0.000e+00
    138.580     7.4447   3.467459    33.8210       2284     9.5125  0.000e+00
    138.332     7.4410   3.467251    33.8225       2285     9.5167  0.000e+00
    138.075     7.4384   3.466575    33.8179       2286     9.5208  0.000e+00
    137.821     7.4355   3.466291    33.8177       2287     9.5250  0.000e+00
    137.582     7.4328   3.466108    33.8184       2288     9.5292  0.000e+00
    137.351     7.4306   3.465559    33.8147       2289     9.5333  0.000e+00
    137.133     7.4283   3.465489    33.8163       2290     9.5375  0.000e+00
    136.925     7.4266   3.465117    33.8141       2291     9.5417  0.000e+00
    136.727     7.4246   3.464946    33.8142       2292     9.5458  0.000e+00
    136.534     7.4233   3.464839    33.8145       2293     9.5500  0.000e+00
    136.351     7.4220   3.464694    33.8143       2294     9.5542  0.000e+00
    136.160     7.4212   3.464712    33.8153       2295     9.5583  0.000e+00
    135.969     7.4209   3.464245    33.8107       2296     9.5625  0.000e+00
    135.766     7.4203   3.463261    33.8006       2297     9.5667  0.000e+00
    135.569     7.4178   3.462598    33.7960       2298     9.5708  0.000e+00
    135.367     7.4148   3.462364    33.7965       2299     9.5750  0.000e+00
    135.159     7.4123   3.461885    33.7939       2300     9.5792  0.000e+00
    134.949     7.4096   3.461714    33.7948       2301     9.5833  0.000e+00
    134.735     7.4074   3.461418    33.7937       2302     9.5875  0.000e+00
    134.519     7.4058   3.461260    33.7937       2303     9.5917  0.000e+00
    134.300     7.4043   3.461140    33.7940       2304     9.5958  0.000e+00
    134.087     7.4032   3.460572    33.7890       2305     9.6000  0.000e+00
    133.868     7.4014   3.458837    33.7720       2306     9.6042  0.000e+00
    133.661     7.3973   3.458314    33.7704       2307     9.6083  0.000e+00
    133.452     7.3929   3.457658    33.7677       2308     9.6125  0.000e+00
    133.252     7.3891   3.456264    33.7563       2309     9.6167  0.000e+00
    133.050     7.3843   3.455678    33.7547       2310     9.6208  0.000e+00
    132.853     7.3796   3.455470    33.7572       2311     9.6250  0.000e+00
    132.658     7.3758   3.454858    33.7543       2312     9.6292  0.000e+00
    132.461     7.3723   3.451586    33.7223       2313     9.6333  0.000e+00
    132.258     7.3640   3.448039    33.6919       2314     9.6375  0.000e+00
    132.047     7.3504   3.447138    33.6956       2315     9.6417  0.000e+00
    131.825     7.3380   3.445689    33.6920       2316     9.6458  0.000e+00
    131.595     7.3274   3.444764    33.6923       2317     9.6500  0.000e+00
    131.358     7.3188   3.442717    33.6786       2318     9.6542  0.000e+00
    131.115     7.3101   3.440734    33.6656       2319     9.6583  0.000e+00
    130.864     7.3002   3.439916    33.6665       2320     9.6625  0.000e+00
    130.612     7.2916   3.439299    33.6683       2321     9.6667  0.000e+00
    130.368     7.2851   3.439079    33.6723       2322     9.6708  0.000e+00
    130.135     7.2807   3.438934    33.6751       2323     9.6750  0.000e+00
    129.911     7.2777   3.438682    33.6754       2324     9.6792  0.000e+00
    129.700     7.2758   3.438512    33.6755       2325     9.6833  0.000e+00
    129.500     7.2741   3.438323    33.6752       2326     9.6875  0.000e+00
    129.314     7.2730   3.438197    33.6750       2327     9.6917  0.000e+00
    129.131     7.2720   3.438034    33.6742       2328     9.6958  0.000e+00
    128.952     7.2712   3.437864    33.6733       2329     9.7000  0.000e+00
    128.777     7.2704   3.437694    33.6723       2330     9.7042  0.000e+00
    128.598     7.2695   3.437505    33.6712       2331     9.7083  0.000e+00
    128.419     7.2689   3.437335    33.6700       2332     9.7125  0.000e+00
    128.236     7.2679   3.437134    33.6689       2333     9.7167  0.000e+00
    128.040     7.2671   3.437046    33.6688       2334     9.7208  0.000e+00
    127.848     7.2663   3.436939    33.6685       2335     9.7250  0.000e+00
    127.642     7.2659   3.436882    33.6684       2336     9.7292  0.000e+00
    127.420     7.2656   3.436794    33.6678       2337     9.7333  0.000e+00
    127.187     7.2653   3.436366    33.6636       2338     9.7375  0.000e+00
    126.941     7.2645   3.435498    33.6550       2339     9.7417  0.000e+00
    126.699     7.2624   3.434252    33.6437       2340     9.7458  0.000e+00
    126.450     7.2587   3.432906    33.6327       2341     9.7500  0.000e+00
    126.204     7.2538   3.432107    33.6289       2342     9.7542  0.000e+00
    125.963     7.2487   3.431233    33.6245       2343     9.7583  0.000e+00
    125.719     7.2439   3.430372    33.6198       2344     9.7625  0.000e+00
    125.491     7.2393   3.429850    33.6188       2345     9.7667  0.000e+00
    125.275     7.2353   3.429014    33.6137       2346     9.7708  0.000e+00
    125.056     7.2314   3.428536    33.6123       2347     9.7750  0.000e+00
    124.852     7.2279   3.428266    33.6129       2348     9.7792  0.000e+00
    124.669     7.2253   3.428159    33.6143       2349     9.7833  0.000e+00
    124.488     7.2237   3.427788    33.6120       2350     9.7875  0.000e+00
    124.320     7.2222   3.427166    33.6067       2351     9.7917  0.000e+00
    124.156     7.2203   3.426927    33.6061       2352     9.7958  0.000e+00
    123.991     7.2184   3.426795    33.6066       2353     9.8000  0.000e+00
    123.819     7.2169   3.426160    33.6011       2354     9.8042  0.000e+00
    123.638     7.2152   3.424947    33.5897       2355     9.8083  0.000e+00
    123.436     7.2124   3.424313    33.5856       2356     9.8125  0.000e+00
    123.218     7.2091   3.423590    33.5810       2357     9.8167  0.000e+00
    122.979     7.2055   3.422912    33.5772       2358     9.8208  0.000e+00
    122.719     7.2016   3.421259    33.5632       2359     9.8250  0.000e+00
    122.445     7.1961   3.417492    33.5276       2360     9.8292  0.000e+00
    122.159     7.1846   3.414084    33.5017       2361     9.8333  0.000e+00
    121.859     7.1689   3.412942    33.5046       2362     9.8375  0.000e+00
    121.572     7.1545   3.412396    33.5128       2363     9.8417  0.000e+00
    121.290     7.1441   3.411863    33.5172       2364     9.8458  0.000e+00
    121.025     7.1371   3.411260    33.5176       2365     9.8500  0.000e+00
    120.765     7.1317   3.410721    33.5170       2366     9.8542  0.000e+00
    120.530     7.1276   3.410507    33.5189       2367     9.8583  0.000e+00
    120.324     7.1246   3.410106    33.5175       2368     9.8625  0.000e+00
    120.135     7.1219   3.409247    33.5108       2369     9.8667  0.000e+00
    119.965     7.1186   3.408513    33.5061       2370     9.8708  0.000e+00
    119.812     7.1147   3.407610    33.5001       2371     9.8750  0.000e+00
    119.673     7.1100   3.406744    33.4952       2372     9.8792  0.000e+00
    119.539     7.1053   3.406406    33.4962       2373     9.8833  0.000e+00
    119.402     7.1008   3.405785    33.4938       2374     9.8875  0.000e+00
    119.262     7.0970   3.405823    33.4980       2375     9.8917  0.000e+00
    119.108     7.0940   3.405014    33.4922       2376     9.8958  0.000e+00
    118.952     7.0904   3.402776    33.4713       2377     9.9000  0.000e+00
    118.780     7.0829   3.399286    33.4405       2378     9.9042  0.000e+00
    118.589     7.0683   3.398246    33.4434       2379     9.9083  0.000e+00
    118.387     7.0540   3.397263    33.4466       2380     9.9125  0.000e+00
    118.163     7.0430   3.396248    33.4463       2381     9.9167  0.000e+00
    117.934     7.0344   3.395629    33.4480       2382     9.9208  0.000e+00
    117.689     7.0281   3.394595    33.4430       2383     9.9250  0.000e+00
    117.425     7.0232   3.394389    33.4455       2384     9.9292  0.000e+00
    117.157     7.0214   3.394658    33.4504       2385     9.9333  0.000e+00
    116.888     7.0229   3.394432    33.4466       2386     9.9375  0.000e+00
    116.604     7.0250   3.395227    33.4534       2387     9.9417  0.000e+00
    116.332     7.0291   3.396204    33.4602       2388     9.9458  0.000e+00
    116.057     7.0359   3.396968    33.4621       2389     9.9500  0.000e+00
    115.792     7.0439   3.398509    33.4713       2390     9.9542  0.000e+00
    115.532     7.0546   3.399906    33.4763       2391     9.9583  0.000e+00
    115.282     7.0672   3.400858    33.4746       2392     9.9625  0.000e+00
    115.046     7.0798   3.401641    33.4711       2393     9.9667  0.000e+00
    114.818     7.0910   3.402581    33.4705       2394     9.9708  0.000e+00
    114.607     7.1033   3.401684    33.4490       2395     9.9750  0.000e+00
    114.408     7.1112   3.400920    33.4330       2396     9.9792  0.000e+00
    114.212     7.1146   3.401722    33.4386       2397     9.9833  0.000e+00
    114.036     7.1194   3.401640    33.4332       2398     9.9875  0.000e+00
    113.855     7.1241   3.400650    33.4179       2399     9.9917  0.000e+00
    113.683     7.1259   3.400318    33.4127       2400     9.9958  0.000e+00
    113.506     7.1252   3.400725    33.4178       2401    10.0000  0.000e+00
    113.327     7.1268   3.401038    33.4197       2402    10.0042  0.000e+00
    113.148     7.1301   3.401120    33.4176       2403    10.0083  0.000e+00
    112.961     7.1332   3.401101    33.4145       2404    10.0125  0.000e+00
    112.761     7.1353   3.401076    33.4122       2405    10.0167  0.000e+00
    112.550     7.1368   3.401000    33.4101       2406    10.0208  0.000e+00
    112.335     7.1377   3.400988    33.4091       2407    10.0250  0.000e+00
    112.106     7.1385   3.400975    33.4083       2408    10.0292  0.000e+00
    111.873     7.1391   3.400812    33.4061       2409    10.0333  0.000e+00
    111.626     7.1393   3.400380    33.4013       2410    10.0375  0.000e+00
    111.380     7.1387   3.399289    33.3901       2411    10.0417  0.000e+00
    111.133     7.1365   3.398080    33.3791       2412    10.0458  0.000e+00
    110.873     7.1332   3.397091    33.3717       2413    10.0500  0.000e+00
    110.608     7.1292   3.396658    33.3710       2414    10.0542  0.000e+00
    110.354     7.1261   3.396345    33.3707       2415    10.0583  0.000e+00
    110.094     7.1236   3.394855    33.3569       2416    10.0625  0.000e+00
    109.845     7.1193   3.392094    33.3311       2417    10.0667  0.000e+00
    109.595     7.1106   3.391117    33.3290       2418    10.0708  0.000e+00
    109.370     7.1008   3.390817    33.3353       2419    10.0750  0.000e+00
    109.156     7.0935   3.389772    33.3310       2420    10.0792  0.000e+00
    108.952     7.0872   3.389209    33.3311       2421    10.0833  0.000e+00
    108.764     7.0813   3.388258    33.3264       2422    10.0875  0.000e+00
    108.580     7.0759   3.387626    33.3249       2423    10.0917  0.000e+00
    108.404     7.0706   3.387432    33.3280       2424    10.0958  0.000e+00
    108.223     7.0668   3.386844    33.3254       2425    10.1000  0.000e+00
    108.053     7.0630   3.386237    33.3224       2426    10.1042  0.000e+00
    107.861     7.0593   3.385693    33.3201       2427    10.1083  0.000e+00
    107.669     7.0556   3.385067    33.3170       2428    10.1125  0.000e+00
    107.475     7.0520   3.384623    33.3157       2429    10.1167  0.000e+00
    107.275     7.0485   3.383835    33.3106       2430    10.1208  0.000e+00
    107.070     7.0452   3.382115    33.2951       2431    10.1250  0.000e+00
    106.866     7.0409   3.381628    33.2940       2432    10.1292  0.000e+00
    106.661     7.0370   3.381228    33.2935       2433    10.1333  0.000e+00
    106.454     7.0343   3.380696    33.2904       2434    10.1375  0.000e+00
    106.263     7.0320   3.379934    33.2844       2435    10.1417  0.000e+00
    106.072     7.0295   3.379359    33.2806       2436    10.1458  0.000e+00
    105.874     7.0272   3.378683    33.2755       2437    10.1500  0.000e+00
    105.668     7.0246   3.377846    33.2690       2438    10.1542  0.000e+00
    105.465     7.0222   3.376715    33.2591       2439    10.1583  0.000e+00
    105.253     7.0189   3.376053    33.2551       2440    10.1625  0.000e+00
    105.014     7.0154   3.374578    33.2424       2441    10.1667  0.000e+00
    104.764     7.0103   3.371505    33.2139       2442    10.1708  0.000e+00
    104.504     7.0011   3.370219    33.2088       2443    10.1750  0.000e+00
    104.225     6.9922   3.369114    33.2055       2444    10.1792  0.000e+00
    103.945     6.9838   3.368377    33.2057       2445    10.1833  0.000e+00
    103.643     6.9765   3.367216    33.2001       2446    10.1875  0.000e+00
    103.354     6.9695   3.365818    33.1917       2447    10.1917  0.000e+00
    103.065     6.9618   3.364121    33.1807       2448    10.1958  0.000e+00
    102.786     6.9537   3.363428    33.1810       2449    10.2000  0.000e+00
    102.521     6.9465   3.362736    33.1806       2450    10.2042  0.000e+00
    102.285     6.9402   3.362380    33.1829       2451    10.2083  0.000e+00
    102.055     6.9353   3.362143    33.1851       2452    10.2125  0.000e+00
    101.860     6.9319   3.361906    33.1859       2453    10.2167  0.000e+00
    101.677     6.9293   3.361569    33.1847       2454    10.2208  0.000e+00
    101.516     6.9271   3.361027    33.1811       2455    10.2250  0.000e+00
    101.373     6.9246   3.360877    33.1819       2456    10.2292  0.000e+00
    101.239     6.9225   3.360877    33.1839       2457    10.2333  0.000e+00
    101.107     6.9213   3.360790    33.1842       2458    10.2375  0.000e+00
    100.975     6.9207   3.360777    33.1847       2459    10.2417  0.000e+00
    100.833     6.9202   3.360746    33.1849       2460    10.2458  0.000e+00
    100.689     6.9200   3.360733    33.1850       2461    10.2500  0.000e+00
    100.519     6.9200   3.360658    33.1843       2462    10.2542  0.000e+00
    100.333     6.9199   3.360552    33.1833       2463    10.2583  0.000e+00
    100.120     6.9195   3.360209    33.1801       2464    10.2625  0.000e+00
     99.883     6.9189   3.360103    33.1796       2465    10.2667  0.000e+00
     99.622     6.9182   3.359798    33.1770       2466    10.2708  0.000e+00
     99.336     6.9174   3.359124    33.1706       2467    10.2750  0.000e+00
     99.031     6.9155   3.358532    33.1660       2468    10.2792  0.000e+00
     98.718     6.9132   3.358407    33.1671       2469    10.2833  0.000e+00
     98.406     6.9112   3.358307    33.1681       2470    10.2875  0.000e+00
     98.089     6.9096   3.358257    33.1692       2471    10.2917  0.000e+00
