HB2403/sbe015.cnv
* Sea-Bird SBE 19plus V2 Data File:
* FileName = C:\cruise\data\sbe015.hex
* Software Version Seasave V 7.26.7.121
* Temperature SN = 6128
* Conductivity SN = 6128
* System UpLoad Time = May 27 2024 01:25:34
* NMEA Latitude = 39 43.64 N
* NMEA Longitude = 072 41.67 W
* NMEA UTC (Time) = May 27 2024  01:25:58
** Ship: Henry Bigelow
** Cruise:  HB2403
** Program:  ECOMON
# nquan = 7
# nvalues = 1691                                  
# units = specified
# name 0 = depSM: Depth [salt water, m]
# name 1 = tv290C: Temperature [ITS-90, deg C]
# name 2 = c0S/m: Conductivity [S/m]
# name 3 = sal00: Salinity, Practical [PSU]
# name 4 = scan: Scan Count
# name 5 = timeM: Time, Elapsed [minutes]
# name 6 = flag:  0.000e+00
# span 0 =     -0.158,     61.162                 
# span 1 =     6.3369,    15.6770                 
# span 2 =   0.000022,   3.947855                 
# span 3 =     0.0080,    32.3317                 
# span 4 =         11,       1701                 
# span 5 =     0.0417,     7.0833                 
# span 6 = 0.0000e+00, 0.0000e+00                 
# interval = seconds: 0.25
# start_time = May 27 2024 01:25:58 [NMEA time, header]
# bad_flag = -9.990e-29
*END*
      0.044    15.6567   0.000058     0.0080         11     0.0417  0.000e+00
      0.045    15.6570   0.000052     0.0080         12     0.0458  0.000e+00
      0.031    15.6564   0.000064     0.0080         13     0.0500  0.000e+00
      0.048    15.6569   0.000073     0.0080         14     0.0542  0.000e+00
      0.043    15.6569   0.000231     0.0084         15     0.0583  0.000e+00
      0.045    15.6565   0.037326     0.2205         16     0.0625  0.000e+00
      0.043    15.6570   0.060589     0.3627         17     0.0667  0.000e+00
      0.041    15.6572   0.045902     0.2725         18     0.0708  0.000e+00
      0.047    15.6573   0.033123     0.1952         19     0.0750  0.000e+00
      0.054    15.6574   0.000079     0.0081         20     0.0792  0.000e+00
      0.049    15.6572   0.000070     0.0080         21     0.0833  0.000e+00
      0.034    15.6572   0.000070     0.0080         22     0.0875  0.000e+00
      0.036    15.6573   0.000058     0.0080         23     0.0917  0.000e+00
      0.040    15.6573   0.000046     0.0080         24     0.0958  0.000e+00
      0.042    15.6576   0.000046     0.0080         25     0.1000  0.000e+00
      0.033    15.6578   0.000037     0.0080         26     0.1042  0.000e+00
      0.033    15.6577   0.000040     0.0080         27     0.1083  0.000e+00
      0.038    15.6581   0.000040     0.0080         28     0.1125  0.000e+00
      0.038    15.6582   0.000034     0.0080         29     0.1167  0.000e+00
      0.031    15.6582   0.000034     0.0080         30     0.1208  0.000e+00
      0.030    15.6585   0.000034     0.0080         31     0.1250  0.000e+00
      0.037    15.6585   0.000028     0.0081         32     0.1292  0.000e+00
      0.039    15.6584   0.000034     0.0080         33     0.1333  0.000e+00
      0.033    15.6585   0.000034     0.0080         34     0.1375  0.000e+00
      0.030    15.6587   0.000034     0.0080         35     0.1417  0.000e+00
      0.034    15.6588   0.000028     0.0081         36     0.1458  0.000e+00
      0.034    15.6588   0.000034     0.0080         37     0.1500  0.000e+00
      0.033    15.6587   0.000040     0.0080         38     0.1542  0.000e+00
      0.031    15.6588   0.000037     0.0080         39     0.1583  0.000e+00
      0.033    15.6586   0.000034     0.0080         40     0.1625  0.000e+00
      0.033    15.6591   0.000034     0.0080         41     0.1667  0.000e+00
      0.029    15.6588   0.000028     0.0081         42     0.1708  0.000e+00
      0.028    15.6593   0.000034     0.0080         43     0.1750  0.000e+00
      0.032    15.6593   0.000034     0.0080         44     0.1792  0.000e+00
      0.030    15.6595   0.000034     0.0080         45     0.1833  0.000e+00
      0.033    15.6595   0.000028     0.0081         46     0.1875  0.000e+00
      0.028    15.6593   0.000028     0.0081         47     0.1917  0.000e+00
      0.031    15.6596   0.000034     0.0080         48     0.1958  0.000e+00
      0.035    15.6593   0.000028     0.0081         49     0.2000  0.000e+00
      0.032    15.6597   0.000034     0.0080         50     0.2042  0.000e+00
      0.033    15.6595   0.000040     0.0080         51     0.2083  0.000e+00
      0.029    15.6602   0.000028     0.0081         52     0.2125  0.000e+00
      0.034    15.6602   0.000034     0.0080         53     0.2167  0.000e+00
      0.030    15.6599   0.000028     0.0081         54     0.2208  0.000e+00
      0.031    15.6603   0.000028     0.0081         55     0.2250  0.000e+00
      0.029    15.6603   0.000034     0.0080         56     0.2292  0.000e+00
      0.029    15.6602   0.000034     0.0080         57     0.2333  0.000e+00
      0.027    15.6600   0.000034     0.0080         58     0.2375  0.000e+00
      0.021    15.6603   0.000028     0.0081         59     0.2417  0.000e+00
      0.025    15.6606   0.000034     0.0080         60     0.2458  0.000e+00
      0.030    15.6605   0.000034     0.0080         61     0.2500  0.000e+00
      0.030    15.6606   0.000028     0.0081         62     0.2542  0.000e+00
      0.031    15.6606   0.000028     0.0081         63     0.2583  0.000e+00
      0.025    15.6608   0.000040     0.0080         64     0.2625  0.000e+00
      0.029    15.6608   0.000022     0.0081         65     0.2667  0.000e+00
      0.031    15.6608   0.000034     0.0080         66     0.2708  0.000e+00
      0.029    15.6611   0.000034     0.0080         67     0.2750  0.000e+00
      0.026    15.6614   0.000022     0.0081         68     0.2792  0.000e+00
      0.029    15.6612   0.000037     0.0080         69     0.2833  0.000e+00
      0.027    15.6615   0.000028     0.0081         70     0.2875  0.000e+00
      0.029    15.6615   0.000028     0.0081         71     0.2917  0.000e+00
      0.025    15.6617   0.000034     0.0080         72     0.2958  0.000e+00
      0.024    15.6613   0.000028     0.0081         73     0.3000  0.000e+00
      0.029    15.6616   0.000028     0.0081         74     0.3042  0.000e+00
      0.029    15.6618   0.000028     0.0081         75     0.3083  0.000e+00
      0.026    15.6620   0.000034     0.0080         76     0.3125  0.000e+00
      0.028    15.6618   0.000034     0.0080         77     0.3167  0.000e+00
      0.031    15.6618   0.000028     0.0081         78     0.3208  0.000e+00
      0.029    15.6623   0.000034     0.0080         79     0.3250  0.000e+00
      0.033    15.6622   0.000028     0.0081         80     0.3292  0.000e+00
      0.029    15.6623   0.000022     0.0081         81     0.3333  0.000e+00
      0.033    15.6621   0.000034     0.0080         82     0.3375  0.000e+00
      0.026    15.6625   0.000034     0.0080         83     0.3417  0.000e+00
      0.033    15.6628   0.000028     0.0081         84     0.3458  0.000e+00
      0.033    15.6626   0.000034     0.0080         85     0.3500  0.000e+00
      0.035    15.6626   0.000040     0.0080         86     0.3542  0.000e+00
      0.028    15.6627   0.000028     0.0081         87     0.3583  0.000e+00
      0.030    15.6629   0.000034     0.0080         88     0.3625  0.000e+00
      0.028    15.6636   0.000034     0.0080         89     0.3667  0.000e+00
      0.057    15.6640   0.000034     0.0080         90     0.3708  0.000e+00
      0.209    15.6654   0.000034     0.0080         91     0.3750  0.000e+00
      0.321    15.6707   0.000028     0.0081         92     0.3792  0.000e+00
      0.425    15.6770   0.485241     3.2235         93     0.3833  0.000e+00
      0.570    15.6712   1.951963    14.4395         94     0.3875  0.000e+00
      0.757    15.6374   1.809583    13.3074         95     0.3917  0.000e+00
      0.963    15.6437   3.048596    23.5536         96     0.3958  0.000e+00
      1.179    15.6423   2.602052    19.7880         97     0.4000  0.000e+00
      1.374    15.6073   2.808482    21.5385         98     0.4042  0.000e+00
      1.544    15.5533   3.289124    25.6722         99     0.4083  0.000e+00
      1.708    15.4917   3.898127    31.0445        100     0.4125  0.000e+00
      1.875    15.4335   3.947855    31.5324        101     0.4167  0.000e+00
      2.026    15.3852   3.946659    31.5605        102     0.4208  0.000e+00
      2.178    15.3446   3.944385    31.5727        103     0.4250  0.000e+00
      2.319    15.3061   3.943821    31.5986        104     0.4292  0.000e+00
      2.461    15.2693   3.941335    31.6060        105     0.4333  0.000e+00
      2.598    15.2330   3.936837    31.5950        106     0.4375  0.000e+00
      2.744    15.2025   3.933237    31.5873        107     0.4417  0.000e+00
      2.898    15.1785   3.930316    31.5805        108     0.4458  0.000e+00
      3.060    15.1541   3.927628    31.5760        109     0.4500  0.000e+00
      3.223    15.1265   3.924642    31.5715        110     0.4542  0.000e+00
      3.394    15.0966   3.922195    31.5735        111     0.4583  0.000e+00
      3.570    15.0666   3.919416    31.5728        112     0.4625  0.000e+00
      3.747    15.0345   3.917653    31.5828        113     0.4667  0.000e+00
      3.931    15.0042   3.916162    31.5939        114     0.4708  0.000e+00
      4.112    14.9722   3.915234    31.6113        115     0.4750  0.000e+00
      4.283    14.9412   3.915023    31.6344        116     0.4792  0.000e+00
      4.454    14.9155   3.914068    31.6466        117     0.4833  0.000e+00
      4.613    14.8921   3.912955    31.6555        118     0.4875  0.000e+00
      4.765    14.8683   3.911584    31.6624        119     0.4917  0.000e+00
      4.904    14.8469   3.910339    31.6685        120     0.4958  0.000e+00
      5.047    14.8314   3.909074    31.6696        121     0.5000  0.000e+00
      5.182    14.8196   3.908266    31.6719        122     0.5042  0.000e+00
      5.316    14.8071   3.907014    31.6707        123     0.5083  0.000e+00
      5.449    14.7951   3.905683    31.6684        124     0.5125  0.000e+00
      5.590    14.7846   3.904531    31.6664        125     0.5167  0.000e+00
      5.718    14.7719   3.903439    31.6668        126     0.5208  0.000e+00
      5.850    14.7499   3.902771    31.6786        127     0.5250  0.000e+00
      5.982    14.7228   3.901765    31.6916        128     0.5292  0.000e+00
      6.099    14.6969   3.901077    31.7064        129     0.5333  0.000e+00
      6.217    14.6753   3.900568    31.7194        130     0.5375  0.000e+00
      6.336    14.6541   3.899919    31.7308        131     0.5417  0.000e+00
      6.450    14.6356   3.899456    31.7416        132     0.5458  0.000e+00
      6.558    14.6242   3.898881    31.7457        133     0.5500  0.000e+00
      6.674    14.6159   3.898371    31.7478        134     0.5542  0.000e+00
      6.783    14.6009   3.897346    31.7507        135     0.5583  0.000e+00
      6.896    14.5853   3.896473    31.7555        136     0.5625  0.000e+00
      7.014    14.5728   3.895871    31.7602        137     0.5667  0.000e+00
      7.135    14.5610   3.894906    31.7611        138     0.5708  0.000e+00
      7.273    14.5526   3.893437    31.7545        139     0.5750  0.000e+00
      7.411    14.5435   3.892591    31.7542        140     0.5792  0.000e+00
      7.550    14.5305   3.891394    31.7540        141     0.5833  0.000e+00
      7.696    14.5167   3.889557    31.7485        142     0.5875  0.000e+00
      7.846    14.5023   3.888023    31.7463        143     0.5917  0.000e+00
      7.994    14.4852   3.886338    31.7449        144     0.5958  0.000e+00
      8.153    14.4669   3.884158    31.7400        145     0.6000  0.000e+00
      8.308    14.4455   3.882282    31.7404        146     0.6042  0.000e+00
      8.466    14.4243   3.880558    31.7420        147     0.6083  0.000e+00
      8.618    14.4085   3.878095    31.7325        148     0.6125  0.000e+00
      8.767    14.3945   3.875098    31.7165        149     0.6167  0.000e+00
      8.913    14.3824   3.873019    31.7075        150     0.6208  0.000e+00
      9.052    14.3628   3.870288    31.6985        151     0.6250  0.000e+00
      9.191    14.3371   3.866766    31.6874        152     0.6292  0.000e+00
      9.319    14.3062   3.863509    31.6829        153     0.6333  0.000e+00
      9.442    14.2741   3.860253    31.6795        154     0.6375  0.000e+00
      9.556    14.2413   3.856807    31.6748        155     0.6417  0.000e+00
      9.667    14.2107   3.852078    31.6566        156     0.6458  0.000e+00
      9.772    14.1831   3.848866    31.6498        157     0.6500  0.000e+00
      9.873    14.1528   3.844792    31.6373        158     0.6542  0.000e+00
      9.971    14.1097   3.839215    31.6215        159     0.6583  0.000e+00
     10.072    14.0590   3.834567    31.6204        160     0.6625  0.000e+00
     10.171    14.0169   3.828286    31.5973        161     0.6667  0.000e+00
     10.283    13.9768   3.822771    31.5795        162     0.6708  0.000e+00
     10.395    13.9254   3.817167    31.5701        163     0.6750  0.000e+00
     10.514    13.8724   3.810170    31.5491        164     0.6792  0.000e+00
     10.635    13.8017   3.804108    31.5512        165     0.6833  0.000e+00
     10.770    13.7193   3.799603    31.5774        166     0.6875  0.000e+00
     10.909    13.6343   3.792514    31.5818        167     0.6917  0.000e+00
     11.048    13.5612   3.787138    31.5923        168     0.6958  0.000e+00
     11.200    13.5027   3.779575    31.5703        169     0.7000  0.000e+00
     11.350    13.4322   3.772619    31.5638        170     0.7042  0.000e+00
     11.500    13.3548   3.766412    31.5700        171     0.7083  0.000e+00
     11.650    13.2803   3.761899    31.5896        172     0.7125  0.000e+00
     11.794    13.2147   3.754962    31.5791        173     0.7167  0.000e+00
     11.943    13.1537   3.748070    31.5652        174     0.7208  0.000e+00
     12.078    13.0914   3.741977    31.5598        175     0.7250  0.000e+00
     12.206    13.0448   3.735966    31.5421        176     0.7292  0.000e+00
     12.333    13.0091   3.729711    31.5130        177     0.7333  0.000e+00
     12.463    12.9677   3.723110    31.4853        178     0.7375  0.000e+00
     12.584    12.9044   3.715528    31.4665        179     0.7417  0.000e+00
     12.701    12.8174   3.709800    31.4849        180     0.7458  0.000e+00
     12.820    12.7293   3.703188    31.4958        181     0.7500  0.000e+00
     12.936    12.6554   3.698187    31.5102        182     0.7542  0.000e+00
     13.055    12.6007   3.692282    31.4999        183     0.7583  0.000e+00
     13.172    12.5442   3.685229    31.4802        184     0.7625  0.000e+00
     13.293    12.4706   3.679849    31.4906        185     0.7667  0.000e+00
     13.409    12.3864   3.673323    31.4990        186     0.7708  0.000e+00
     13.528    12.2870   3.669365    31.5447        187     0.7750  0.000e+00
     13.647    12.2028   3.665099    31.5748        188     0.7792  0.000e+00
     13.773    12.1445   3.661086    31.5855        189     0.7833  0.000e+00
     13.898    12.0870   3.657094    31.5957        190     0.7875  0.000e+00
     14.035    12.0245   3.652143    31.6009        191     0.7917  0.000e+00
     14.169    11.9553   3.649019    31.6295        192     0.7958  0.000e+00
     14.304    11.8834   3.643860    31.6408        193     0.8000  0.000e+00
     14.443    11.8329   3.639785    31.6442        194     0.8042  0.000e+00
     14.580    11.7877   3.636896    31.6547        195     0.8083  0.000e+00
     14.721    11.7142   3.633340    31.6828        196     0.8125  0.000e+00
     14.862    11.6427   3.629983    31.7113        197     0.8167  0.000e+00
     14.997    11.5807   3.627895    31.7440        198     0.8208  0.000e+00
     15.134    11.5339   3.625935    31.7650        199     0.8250  0.000e+00
     15.273    11.4949   3.622434    31.7643        200     0.8292  0.000e+00
     15.402    11.4676   3.618452    31.7488        201     0.8333  0.000e+00
     15.530    11.4381   3.615807    31.7483        202     0.8375  0.000e+00
     15.662    11.4113   3.612964    31.7436        203     0.8417  0.000e+00
     15.788    11.3831   3.609506    31.7339        204     0.8458  0.000e+00
     15.915    11.3453   3.604606    31.7184        205     0.8500  0.000e+00
     16.041    11.3070   3.601664    31.7225        206     0.8542  0.000e+00
     16.166    11.2690   3.598858    31.7276        207     0.8583  0.000e+00
     16.294    11.2224   3.595610    31.7359        208     0.8625  0.000e+00
     16.421    11.1753   3.593337    31.7541        209     0.8667  0.000e+00
     16.547    11.1271   3.590079    31.7636        210     0.8708  0.000e+00
     16.672    11.0847   3.587545    31.7752        211     0.8750  0.000e+00
     16.803    11.0574   3.585542    31.7791        212     0.8792  0.000e+00
     16.930    11.0372   3.582286    31.7644        213     0.8833  0.000e+00
     17.065    11.0131   3.579256    31.7553        214     0.8875  0.000e+00
     17.203    10.9825   3.577856    31.7680        215     0.8917  0.000e+00
