HB2403/sbe031.cnv
* Sea-Bird SBE 19plus V2 Data File:
* FileName = C:\cruise\data\sbe031.hex
* Software Version Seasave V 7.26.7.121
* Temperature SN = 6128
* Conductivity SN = 6128
* System UpLoad Time = Jun 04 2024 07:25:23
* NMEA Latitude = 39 52.36 N
* NMEA Longitude = 073 21.13 W
* NMEA UTC (Time) = Jun 04 2024  07:25:54
** Ship: Henry Bigelow
** Cruise:  HB2403
** Program:  ECOMON
# nquan = 7
# nvalues = 1416                                  
# units = specified
# name 0 = depSM: Depth [salt water, m]
# name 1 = tv290C: Temperature [ITS-90, deg C]
# name 2 = c0S/m: Conductivity [S/m]
# name 3 = sal00: Salinity, Practical [PSU]
# name 4 = scan: Scan Count
# name 5 = timeM: Time, Elapsed [minutes]
# name 6 = flag:  0.000e+00
# span 0 =     -0.011,     41.078                 
# span 1 =     6.8344,    18.1816                 
# span 2 =   0.000028,   3.943431                 
# span 3 =     0.0092,    31.9603                 
# span 4 =         11,       1426                 
# span 5 =     0.0417,     5.9375                 
# span 6 = 0.0000e+00, 0.0000e+00                 
# interval = seconds: 0.25
# start_time = Jun 04 2024 07:25:54 [NMEA time, header]
# bad_flag = -9.990e-29
*END*
[from data line 1026]
     13.476    12.4751   3.600945    30.7374       1037     4.3167  0.000e+00
     13.454    12.4868   3.601432    30.7324       1038     4.3208  0.000e+00
     13.426    12.4977   3.602047    30.7293       1039     4.3250  0.000e+00
     13.408    12.5086   3.602489    30.7246       1040     4.3292  0.000e+00
     13.379    12.5188   3.603066    30.7218       1041     4.3333  0.000e+00
     13.359    12.5287   3.603662    30.7193       1042     4.3375  0.000e+00
     13.323    12.5392   3.604373    30.7176       1043     4.3417  0.000e+00
     13.299    12.5514   3.605232    30.7157       1044     4.3458  0.000e+00
     13.261    12.5654   3.606124    30.7128       1045     4.3500  0.000e+00
     13.221    12.5813   3.606963    30.7077       1046     4.3542  0.000e+00
     13.183    12.5975   3.607868    30.7031       1047     4.3583  0.000e+00
     13.139    12.6134   3.608759    30.6986       1048     4.3625  0.000e+00
     13.099    12.6304   3.609554    30.6923       1049     4.3667  0.000e+00
     13.054    12.6465   3.610022    30.6836       1050     4.3708  0.000e+00
     13.009    12.6611   3.610908    30.6801       1051     4.3750  0.000e+00
     12.960    12.6754   3.612062    30.6794       1052     4.3792  0.000e+00
     12.918    12.6917   3.613391    30.6787       1053     4.3833  0.000e+00
     12.871    12.7096   3.614860    30.6780       1054     4.3875  0.000e+00
     12.833    12.7295   3.616214    30.6746       1055     4.3917  0.000e+00
     12.801    12.7504   3.617235    30.6672       1056     4.3958  0.000e+00
     12.770    12.7723   3.618057    30.6572       1057     4.4000  0.000e+00
     12.742    12.7919   3.618795    30.6483       1058     4.4042  0.000e+00
     12.719    12.8094   3.619816    30.6437       1059     4.4083  0.000e+00
     12.701    12.8269   3.620638    30.6373       1060     4.4125  0.000e+00
     12.683    12.8432   3.621036    30.6278       1061     4.4167  0.000e+00
     12.672    12.8568   3.621562    30.6217       1062     4.4208  0.000e+00
     12.661    12.8689   3.622172    30.6177       1063     4.4250  0.000e+00
     12.644    12.8805   3.622750    30.6137       1064     4.4292  0.000e+00
     12.635    12.8915   3.623329    30.6103       1065     4.4333  0.000e+00
     12.615    12.9026   3.623997    30.6075       1066     4.4375  0.000e+00
     12.586    12.9152   3.624626    30.6033       1067     4.4417  0.000e+00
     12.564    12.9291   3.625134    30.5968       1068     4.4458  0.000e+00
     12.531    12.9448   3.626162    30.5938       1069     4.4500  0.000e+00
     12.500    12.9638   3.627608    30.5920       1070     4.4542  0.000e+00
     12.457    12.9851   3.629215    30.5899       1071     4.4583  0.000e+00
     12.415    13.0080   3.631490    30.5928       1072     4.4625  0.000e+00
     12.364    13.0330   3.633188    30.5884       1073     4.4667  0.000e+00
     12.321    13.0577   3.633818    30.5744       1074     4.4708  0.000e+00
     12.277    13.0766   3.634976    30.5701       1075     4.4750  0.000e+00
     12.223    13.0940   3.636031    30.5659       1076     4.4792  0.000e+00
     12.172    13.1137   3.636925    30.5585       1077     4.4833  0.000e+00
     12.125    13.1333   3.637710    30.5500       1078     4.4875  0.000e+00
     12.089    13.1503   3.638308    30.5420       1079     4.4917  0.000e+00
     12.042    13.1645   3.638514    30.5325       1080     4.4958  0.000e+00
     12.009    13.1750   3.638803    30.5268       1081     4.5000  0.000e+00
     11.975    13.1822   3.639073    30.5235       1082     4.5042  0.000e+00
     11.939    13.1874   3.639183    30.5203       1083     4.5083  0.000e+00
     11.908    13.1914   3.639298    30.5183       1084     4.5125  0.000e+00
     11.877    13.1940   3.639427    30.5174       1085     4.5167  0.000e+00
     11.843    13.1962   3.639453    30.5159       1086     4.5208  0.000e+00
     11.810    13.1978   3.639678    30.5167       1087     4.5250  0.000e+00
     11.774    13.2001   3.640257    30.5202       1088     4.5292  0.000e+00
     11.739    13.2056   3.640907    30.5219       1089     4.5333  0.000e+00
     11.703    13.2145   3.642182    30.5266       1090     4.5375  0.000e+00
     11.667    13.2280   3.643772    30.5307       1091     4.5417  0.000e+00
     11.630    13.2458   3.644918    30.5271       1092     4.5458  0.000e+00
     11.601    13.2645   3.645839    30.5206       1093     4.5500  0.000e+00
     11.556    13.2822   3.646425    30.5119       1094     4.5542  0.000e+00
     11.527    13.2981   3.646940    30.5039       1095     4.5583  0.000e+00
     11.503    13.3122   3.647410    30.4970       1096     4.5625  0.000e+00
     11.480    13.3239   3.647835    30.4916       1097     4.5667  0.000e+00
     11.458    13.3339   3.648254    30.4875       1098     4.5708  0.000e+00
     11.438    13.3429   3.648621    30.4837       1099     4.5750  0.000e+00
     11.418    13.3513   3.648891    30.4796       1100     4.5792  0.000e+00
     11.396    13.3593   3.649072    30.4749       1101     4.5833  0.000e+00
     11.382    13.3675   3.649452    30.4718       1102     4.5875  0.000e+00
     11.363    13.3755   3.649877    30.4694       1103     4.5917  0.000e+00
     11.331    13.3840   3.650418    30.4677       1104     4.5958  0.000e+00
     11.304    13.3935   3.651185    30.4671       1105     4.6000  0.000e+00
     11.280    13.4047   3.651836    30.4643       1106     4.6042  0.000e+00
     11.243    13.4171   3.652532    30.4608       1107     4.6083  0.000e+00
     11.207    13.4319   3.653118    30.4545       1108     4.6125  0.000e+00
     11.168    13.4481   3.654194    30.4515       1109     4.6167  0.000e+00
     11.129    13.4666   3.655052    30.4447       1110     4.6208  0.000e+00
     11.084    13.4855   3.656309    30.4413       1111     4.6250  0.000e+00
     11.037    13.5061   3.657443    30.4354       1112     4.6292  0.000e+00
     10.997    13.5276   3.658585    30.4289       1113     4.6333  0.000e+00
     10.959    13.5506   3.659758    30.4214       1114     4.6375  0.000e+00
     10.915    13.5730   3.660745    30.4127       1115     4.6417  0.000e+00
     10.879    13.5951   3.662216    30.4087       1116     4.6458  0.000e+00
     10.836    13.6185   3.663409    30.4012       1117     4.6500  0.000e+00
     10.803    13.6417   3.664119    30.3893       1118     4.6542  0.000e+00
     10.769    13.6633   3.664764    30.3781       1119     4.6583  0.000e+00
     10.736    13.6854   3.665035    30.3631       1120     4.6625  0.000e+00
     10.702    13.7027   3.665170    30.3507       1121     4.6667  0.000e+00
     10.667    13.7141   3.665732    30.3468       1122     4.6708  0.000e+00
     10.642    13.7240   3.666616    30.3472       1123     4.6750  0.000e+00
     10.615    13.7367   3.668572    30.3551       1124     4.6792  0.000e+00
     10.586    13.7565   3.670322    30.3555       1125     4.6833  0.000e+00
     10.559    13.7809   3.671632    30.3482       1126     4.6875  0.000e+00
     10.528    13.8040   3.673829    30.3501       1127     4.6917  0.000e+00
     10.501    13.8293   3.677382    30.3628       1128     4.6958  0.000e+00
     10.466    13.8640   3.682121    30.3788       1129     4.7000  0.000e+00
     10.434    13.9146   3.689080    30.4026       1130     4.7042  0.000e+00
     10.396    13.9906   3.694245    30.3899       1131     4.7083  0.000e+00
     10.358    14.0732   3.698143    30.3603       1132     4.7125  0.000e+00
     10.320    14.1468   3.702003    30.3376       1133     4.7167  0.000e+00
     10.283    14.2138   3.705017    30.3125       1134     4.7208  0.000e+00
     10.243    14.2730   3.708173    30.2948       1135     4.7250  0.000e+00
     10.211    14.3279   3.711111    30.2785       1136     4.7292  0.000e+00
     10.176    14.3794   3.714224    30.2664       1137     4.7333  0.000e+00
     10.145    14.4293   3.717410    30.2564       1138     4.7375  0.000e+00
     10.120    14.4778   3.720584    30.2472       1139     4.7417  0.000e+00
     10.092    14.5268   3.723136    30.2321       1140     4.7458  0.000e+00
     10.063    14.5724   3.725227    30.2155       1141     4.7500  0.000e+00
     10.045    14.6132   3.726955    30.1993       1142     4.7542  0.000e+00
     10.016    14.6479   3.728566    30.1869       1143     4.7583  0.000e+00
      9.996    14.6784   3.730314    30.1790       1144     4.7625  0.000e+00
      9.967    14.7074   3.732043    30.1720       1145     4.7667  0.000e+00
      9.937    14.7387   3.734761    30.1722       1146     4.7708  0.000e+00
      9.907    14.7731   3.738143    30.1759       1147     4.7750  0.000e+00
      9.872    14.8115   3.741793    30.1790       1148     4.7792  0.000e+00
      9.836    14.8544   3.746609    30.1890       1149     4.7833  0.000e+00
      9.792    14.9057   3.752269    30.2000       1150     4.7875  0.000e+00
      9.751    14.9700   3.759947    30.2189       1151     4.7917  0.000e+00
      9.705    15.0495   3.770496    30.2517       1152     4.7958  0.000e+00
      9.664    15.1492   3.780012    30.2595       1153     4.8000  0.000e+00
      9.620    15.2608   3.787568    30.2406       1154     4.8042  0.000e+00
      9.575    15.3698   3.793081    30.2057       1155     4.8083  0.000e+00
      9.526    15.4733   3.797865    30.1687       1156     4.8125  0.000e+00
      9.481    15.5740   3.799881    30.1095       1157     4.8167  0.000e+00
      9.437    15.6652   3.801523    30.0545       1158     4.8208  0.000e+00
      9.394    15.7383   3.802996    30.0119       1159     4.8250  0.000e+00
      9.346    15.7937   3.805295    29.9901       1160     4.8292  0.000e+00
      9.303    15.8406   3.802995    29.9345       1161     4.8333  0.000e+00
      9.260    15.8893   3.802935    29.8972       1162     4.8375  0.000e+00
      9.220    15.9481   3.797263    29.8035       1163     4.8417  0.000e+00
      9.173    16.0141   3.795685    29.7402       1164     4.8458  0.000e+00
      9.136    16.0715   3.793806    29.6809       1165     4.8500  0.000e+00
      9.093    16.1102   3.794158    29.6552       1166     4.8542  0.000e+00
      9.056    16.1367   3.796979    29.6600       1167     4.8583  0.000e+00
      9.019    16.1660   3.801222    29.6750       1168     4.8625  0.000e+00
      8.973    16.2060   3.807446    29.6992       1169     4.8667  0.000e+00
      8.942    16.2592   3.816573    29.7386       1170     4.8708  0.000e+00
      8.899    16.3360   3.823857    29.7445       1171     4.8750  0.000e+00
      8.865    16.4224   3.828532    29.7206       1172     4.8792  0.000e+00
      8.823    16.4995   3.835102    29.7200       1173     4.8833  0.000e+00
      8.781    16.5754   3.842834    29.7303       1174     4.8875  0.000e+00
      8.745    16.6590   3.849769    29.7279       1175     4.8917  0.000e+00
      8.705    16.7439   3.854825    29.7085       1176     4.8958  0.000e+00
      8.665    16.8198   3.858487    29.6838       1177     4.9000  0.000e+00
      8.629    16.8822   3.861413    29.6628       1178     4.9042  0.000e+00
      8.587    16.9313   3.863871    29.6476       1179     4.9083  0.000e+00
      8.545    16.9703   3.865512    29.6330       1180     4.9125  0.000e+00
      8.507    17.0002   3.866587    29.6202       1181     4.9167  0.000e+00
      8.475    17.0219   3.867477    29.6118       1182     4.9208  0.000e+00
      8.440    17.0382   3.868031    29.6046       1183     4.9250  0.000e+00
      8.399    17.0496   3.868532    29.6005       1184     4.9292  0.000e+00
      8.370    17.0580   3.868994    29.5983       1185     4.9333  0.000e+00
      8.334    17.0653   3.869521    29.5975       1186     4.9375  0.000e+00
      8.303    17.0713   3.869818    29.5956       1187     4.9417  0.000e+00
      8.257    17.0760   3.870174    29.5952       1188     4.9458  0.000e+00
      8.223    17.0801   3.870438    29.5945       1189     4.9500  0.000e+00
      8.181    17.0842   3.870748    29.5941       1190     4.9542  0.000e+00
      8.137    17.0878   3.870966    29.5933       1191     4.9583  0.000e+00
      8.090    17.0910   3.870920    29.5906       1192     4.9625  0.000e+00
      8.036    17.0932   3.870510    29.5855       1193     4.9667  0.000e+00
      7.983    17.0938   3.870326    29.5835       1194     4.9708  0.000e+00
      7.927    17.0939   3.870372    29.5838       1195     4.9750  0.000e+00
      7.871    17.0941   3.870537    29.5851       1196     4.9792  0.000e+00
      7.812    17.0947   3.870873    29.5876       1197     4.9833  0.000e+00
      7.748    17.0966   3.871467    29.5913       1198     4.9875  0.000e+00
      7.681    17.0993   3.871645    29.5908       1199     4.9917  0.000e+00
      7.620    17.1028   3.871586    29.5878       1200     4.9958  0.000e+00
      7.556    17.1048   3.871539    29.5859       1201     5.0000  0.000e+00
      7.497    17.1060   3.871836    29.5876       1202     5.0042  0.000e+00
      7.442    17.1077   3.872067    29.5883       1203     5.0083  0.000e+00
      7.389    17.1096   3.872364    29.5895       1204     5.0125  0.000e+00
      7.342    17.1119   3.872463    29.5886       1205     5.0167  0.000e+00
      7.297    17.1142   3.872641    29.5885       1206     5.0208  0.000e+00
      7.261    17.1163   3.872846    29.5887       1207     5.0250  0.000e+00
      7.219    17.1177   3.872945    29.5885       1208     5.0292  0.000e+00
      7.190    17.1192   3.873077    29.5885       1209     5.0333  0.000e+00
      7.159    17.1207   3.873189    29.5884       1210     5.0375  0.000e+00
      7.125    17.1225   3.873327    29.5883       1211     5.0417  0.000e+00
      7.091    17.1237   3.873354    29.5876       1212     5.0458  0.000e+00
      7.058    17.1248   3.873420    29.5874       1213     5.0500  0.000e+00
      7.023    17.1258   3.873591    29.5881       1214     5.0542  0.000e+00
      6.987    17.1274   3.873789    29.5887       1215     5.0583  0.000e+00
      6.945    17.1290   3.873948    29.5889       1216     5.0625  0.000e+00
      6.898    17.1308   3.874053    29.5884       1217     5.0667  0.000e+00
      6.849    17.1326   3.874020    29.5869       1218     5.0708  0.000e+00
      6.799    17.1341   3.873855    29.5844       1219     5.0750  0.000e+00
      6.739    17.1350   3.874027    29.5852       1220     5.0792  0.000e+00
      6.681    17.1363   3.874363    29.5872       1221     5.0833  0.000e+00
      6.616    17.1383   3.874865    29.5900       1222     5.0875  0.000e+00
      6.562    17.1417   3.875452    29.5925       1223     5.0917  0.000e+00
      6.502    17.1458   3.876132    29.5953       1224     5.0958  0.000e+00
      6.447    17.1511   3.877004    29.5988       1225     5.1000  0.000e+00
      6.395    17.1576   3.877862    29.6013       1226     5.1042  0.000e+00
      6.342    17.1652   3.878588    29.6020       1227     5.1083  0.000e+00
      6.291    17.1732   3.879004    29.5996       1228     5.1125  0.000e+00
      6.241    17.1797   3.879215    29.5967       1229     5.1167  0.000e+00
      6.201    17.1853   3.879393    29.5941       1230     5.1208  0.000e+00
      6.152    17.1899   3.879717    29.5935       1231     5.1250  0.000e+00
      6.114    17.1940   3.880232    29.5949       1232     5.1292  0.000e+00
      6.079    17.1984   3.880661    29.5954       1233     5.1333  0.000e+00
      6.041    17.2028   3.881143    29.5962       1234     5.1375  0.000e+00
      6.014    17.2071   3.881698    29.5978       1235     5.1417  0.000e+00
      5.989    17.2115   3.882213    29.5989       1236     5.1458  0.000e+00
      5.958    17.2165   3.882504    29.5978       1237     5.1500  0.000e+00
      5.932    17.2205   3.882596    29.5956       1238     5.1542  0.000e+00
      5.905    17.2237   3.882814    29.5951       1239     5.1583  0.000e+00
      5.876    17.2261   3.883144    29.5962       1240     5.1625  0.000e+00
