HB2403/sbe017.cnv
* Sea-Bird SBE 19plus V2 Data File:
* FileName = C:\cruise\data\sbe017.hex
* Software Version Seasave V 7.26.7.121
* Temperature SN = 6128
* Conductivity SN = 6128
* System UpLoad Time = May 27 2024 05:35:21
* NMEA Latitude = 39 31.56 N
* NMEA Longitude = 072 57.50 W
* NMEA UTC (Time) = May 27 2024  05:35:45
** Ship: Henry Bigelow
** Cruise:  HB2403
** Program:  ECOMON
# nquan = 7
# nvalues = 1442                                  
# units = specified
# name 0 = depSM: Depth [salt water, m]
# name 1 = tv290C: Temperature [ITS-90, deg C]
# name 2 = c0S/m: Conductivity [S/m]
# name 3 = sal00: Salinity, Practical [PSU]
# name 4 = scan: Scan Count
# name 5 = timeM: Time, Elapsed [minutes]
# name 6 = flag:  0.000e+00
# span 0 =     -0.064,     57.824                 
# span 1 =     6.5316,    16.9545                 
# span 2 =   0.000007,   3.921032                 
# span 3 =     0.0086,    34.1811                 
# span 4 =         11,       1452                 
# span 5 =     0.0417,     6.0458                 
# span 6 = 0.0000e+00, 0.0000e+00                 
# interval = seconds: 0.25
# start_time = May 27 2024 05:35:45 [NMEA time, header]
# bad_flag = -9.990e-29
*END*
[from data line 616]
     49.741     6.5316   3.219737    32.0296        627     2.6083  0.000e+00
     49.657     6.5316   3.219589    32.0280        628     2.6125  0.000e+00
     49.583     6.5319   3.219675    32.0287        629     2.6167  0.000e+00
     49.504     6.5321   3.219632    32.0281        630     2.6208  0.000e+00
     49.423     6.5319   3.219589    32.0278        631     2.6250  0.000e+00
     49.343     6.5319   3.219571    32.0277        632     2.6292  0.000e+00
     49.260     6.5317   3.219491    32.0270        633     2.6333  0.000e+00
     49.170     6.5317   3.219675    32.0291        634     2.6375  0.000e+00
     49.082     6.5324   3.219516    32.0267        635     2.6417  0.000e+00
     48.989     6.5323   3.219755    32.0295        636     2.6458  0.000e+00
     48.897     6.5331   3.219491    32.0258        637     2.6500  0.000e+00
     48.795     6.5336   3.220018    32.0312        638     2.6542  0.000e+00
     48.691     6.5353   3.219834    32.0277        639     2.6583  0.000e+00
     48.586     6.5367   3.219736    32.0254        640     2.6625  0.000e+00
     48.481     6.5368   3.220264    32.0311        641     2.6667  0.000e+00
     48.383     6.5385   3.219736    32.0237        642     2.6708  0.000e+00
     48.284     6.5385   3.220779    32.0353        643     2.6750  0.000e+00
     48.190     6.5423   3.221270    32.0372        644     2.6792  0.000e+00
     48.098     6.5477   3.221208    32.0315        645     2.6833  0.000e+00
     48.012     6.5519   3.221797    32.0340        646     2.6875  0.000e+00
     47.935     6.5569   3.221717    32.0285        647     2.6917  0.000e+00
     47.859     6.5603   3.222024    32.0287        648     2.6958  0.000e+00
     47.783     6.5639   3.222969    32.0358        649     2.7000  0.000e+00
     47.703     6.5697   3.222803    32.0286        650     2.7042  0.000e+00
     47.637     6.5742   3.222680    32.0231        651     2.7083  0.000e+00
     47.568     6.5757   3.223110    32.0264        652     2.7125  0.000e+00
     47.498     6.5779   3.223557    32.0293        653     2.7167  0.000e+00
     47.426     6.5816   3.223312    32.0232        654     2.7208  0.000e+00
     47.351     6.5841   3.223422    32.0222        655     2.7250  0.000e+00
     47.274     6.5851   3.222907    32.0155        656     2.7292  0.000e+00
     47.194     6.5835   3.222533    32.0129        657     2.7333  0.000e+00
     47.113     6.5805   3.222594    32.0165        658     2.7375  0.000e+00
     47.029     6.5787   3.223005    32.0227        659     2.7417  0.000e+00
     46.945     6.5793   3.223373    32.0262        660     2.7458  0.000e+00
     46.858     6.5815   3.222968    32.0198        661     2.7500  0.000e+00
     46.773     6.5824   3.223066    32.0201        662     2.7542  0.000e+00
     46.686     6.5827   3.222968    32.0187        663     2.7583  0.000e+00
     46.599     6.5825   3.224103    32.0314        664     2.7625  0.000e+00
     46.509     6.5864   3.225318    32.0412        665     2.7667  0.000e+00
     46.427     6.5947   3.223864    32.0175        666     2.7708  0.000e+00
     46.342     6.5964   3.223864    32.0159        667     2.7750  0.000e+00
     46.264     6.5952   3.225300    32.0329        668     2.7792  0.000e+00
     46.183     6.6001   3.225852    32.0344        669     2.7833  0.000e+00
     46.104     6.6065   3.225975    32.0298        670     2.7875  0.000e+00
     46.028     6.6121   3.226202    32.0272        671     2.7917  0.000e+00
     45.951     6.6160   3.225379    32.0145        672     2.7958  0.000e+00
     45.872     6.6154   3.225674    32.0183        673     2.8000  0.000e+00
     45.802     6.6148   3.226300    32.0258        674     2.8042  0.000e+00
     45.724     6.6182   3.226773    32.0278        675     2.8083  0.000e+00
     45.642     6.6227   3.227693    32.0338        676     2.8125  0.000e+00
     45.568     6.6302   3.228620    32.0370        677     2.8167  0.000e+00
     45.488     6.6395   3.229210    32.0348        678     2.8208  0.000e+00
     45.407     6.6491   3.230014    32.0346        679     2.8250  0.000e+00
     45.319     6.6592   3.230155    32.0268        680     2.8292  0.000e+00
     45.231     6.6670   3.230192    32.0200        681     2.8333  0.000e+00
     45.152     6.6722   3.230198    32.0152        682     2.8375  0.000e+00
     45.066     6.6750   3.230155    32.0121        683     2.8417  0.000e+00
     44.982     6.6767   3.230112    32.0102        684     2.8458  0.000e+00
     44.904     6.6778   3.230093    32.0090        685     2.8500  0.000e+00
     44.826     6.6782   3.230032    32.0079        686     2.8542  0.000e+00
     44.752     6.6783   3.230014    32.0077        687     2.8583  0.000e+00
     44.680     6.6784   3.229989    32.0074        688     2.8625  0.000e+00
     44.606     6.6785   3.229958    32.0069        689     2.8667  0.000e+00
     44.535     6.6784   3.229952    32.0070        690     2.8708  0.000e+00
     44.463     6.6784   3.229891    32.0064        691     2.8750  0.000e+00
     44.398     6.6783   3.229829    32.0058        692     2.8792  0.000e+00
     44.324     6.6781   3.229805    32.0057        693     2.8833  0.000e+00
     44.250     6.6777   3.229786    32.0060        694     2.8875  0.000e+00
     44.179     6.6776   3.229768    32.0059        695     2.8917  0.000e+00
     44.099     6.6773   3.229743    32.0060        696     2.8958  0.000e+00
     44.022     6.6772   3.229706    32.0057        697     2.9000  0.000e+00
     43.942     6.6770   3.229436    32.0029        698     2.9042  0.000e+00
     43.863     6.6765   3.229129    32.0001        699     2.9083  0.000e+00
     43.785     6.6749   3.228883    31.9989        700     2.9125  0.000e+00
     43.705     6.6731   3.228761    31.9993        701     2.9167  0.000e+00
     43.624     6.6717   3.228742    32.0005        702     2.9208  0.000e+00
     43.543     6.6706   3.228656    32.0006        703     2.9250  0.000e+00
     43.463     6.6700   3.228472    31.9991        704     2.9292  0.000e+00
     43.380     6.6691   3.228306    31.9982        705     2.9333  0.000e+00
     43.295     6.6679   3.227735    31.9930        706     2.9375  0.000e+00
     43.207     6.6659   3.227594    31.9935        707     2.9417  0.000e+00
     43.118     6.6641   3.227612    31.9954        708     2.9458  0.000e+00
     43.032     6.6629   3.227551    31.9958        709     2.9500  0.000e+00
     42.941     6.6622   3.227508    31.9961        710     2.9542  0.000e+00
     42.851     6.6618   3.227226    31.9934        711     2.9583  0.000e+00
     42.766     6.6608   3.227121    31.9932        712     2.9625  0.000e+00
     42.679     6.6598   3.227201    31.9950        713     2.9667  0.000e+00
     42.594     6.6595   3.227268    31.9961        714     2.9708  0.000e+00
     42.511     6.6592   3.227158    31.9953        715     2.9750  0.000e+00
     42.431     6.6590   3.227244    31.9964        716     2.9792  0.000e+00
     42.357     6.6593   3.227244    31.9961        717     2.9833  0.000e+00
     42.290     6.6596   3.227201    31.9955        718     2.9875  0.000e+00
     42.223     6.6596   3.227225    31.9957        719     2.9917  0.000e+00
     42.167     6.6596   3.227225    31.9958        720     2.9958  0.000e+00
     42.104     6.6596   3.226753    31.9906        721     3.0000  0.000e+00
     42.055     6.6584   3.226421    31.9881        722     3.0042  0.000e+00
     42.003     6.6567   3.226372    31.9891        723     3.0083  0.000e+00
     41.945     6.6554   3.226360    31.9903        724     3.0125  0.000e+00
     41.892     6.6547   3.226280    31.9901        725     3.0167  0.000e+00
     41.834     6.6539   3.226323    31.9914        726     3.0208  0.000e+00
     41.777     6.6536   3.226096    31.9891        727     3.0250  0.000e+00
     41.711     6.6528   3.225648    31.9850        728     3.0292  0.000e+00
     41.647     6.6509   3.225439    31.9845        729     3.0333  0.000e+00
     41.574     6.6489   3.225052    31.9822        730     3.0375  0.000e+00
     41.498     6.6464   3.224316    31.9764        731     3.0417  0.000e+00
     41.416     6.6429   3.223941    31.9757        732     3.0458  0.000e+00
     41.330     6.6393   3.223537    31.9746        733     3.0500  0.000e+00
     41.239     6.6356   3.222635    31.9682        734     3.0542  0.000e+00
     41.149     6.6313   3.221978    31.9651        735     3.0583  0.000e+00
     41.061     6.6264   3.221450    31.9639        736     3.0625  0.000e+00
     40.978     6.6219   3.220935    31.9624        737     3.0667  0.000e+00
     40.887     6.6175   3.220365    31.9604        738     3.0708  0.000e+00
     40.799     6.6132   3.220346    31.9642        739     3.0750  0.000e+00
     40.714     6.6101   3.220285    31.9665        740     3.0792  0.000e+00
     40.632     6.6083   3.220211    31.9674        741     3.0833  0.000e+00
     40.551     6.6072   3.220119    31.9674        742     3.0875  0.000e+00
     40.477     6.6061   3.220181    31.9691        743     3.0917  0.000e+00
     40.401     6.6059   3.220138    31.9689        744     3.0958  0.000e+00
     40.332     6.6059   3.220101    31.9685        745     3.1000  0.000e+00
     40.262     6.6060   3.219978    31.9671        746     3.1042  0.000e+00
     40.195     6.6062   3.219954    31.9667        747     3.1083  0.000e+00
     40.134     6.6067   3.219954    31.9663        748     3.1125  0.000e+00
     40.076     6.6070   3.219935    31.9658        749     3.1167  0.000e+00
     40.020     6.6074   3.219935    31.9654        750     3.1208  0.000e+00
     39.965     6.6076   3.219923    31.9652        751     3.1250  0.000e+00
     39.911     6.6076   3.220039    31.9665        752     3.1292  0.000e+00
     39.857     6.6082   3.220119    31.9668        753     3.1333  0.000e+00
     39.800     6.6091   3.220101    31.9658        754     3.1375  0.000e+00
     39.745     6.6096   3.219855    31.9627        755     3.1417  0.000e+00
     39.692     6.6096   3.219708    31.9611        756     3.1458  0.000e+00
     39.633     6.6091   3.219671    31.9612        757     3.1500  0.000e+00
     39.574     6.6087   3.219549    31.9602        758     3.1542  0.000e+00
     39.514     6.6081   3.219303    31.9581        759     3.1583  0.000e+00
     39.455     6.6072   3.219224    31.9581        760     3.1625  0.000e+00
     39.385     6.6065   3.219119    31.9576        761     3.1667  0.000e+00
     39.321     6.6059   3.218659    31.9531        762     3.1708  0.000e+00
     39.256     6.6046   3.218279    31.9502        763     3.1750  0.000e+00
     39.185     6.6022   3.217997    31.9494        764     3.1792  0.000e+00
     39.117     6.6000   3.217850    31.9498        765     3.1833  0.000e+00
     39.042     6.5983   3.217813    31.9511        766     3.1875  0.000e+00
     38.970     6.5972   3.217752    31.9515        767     3.1917  0.000e+00
     38.893     6.5963   3.217727    31.9521        768     3.1958  0.000e+00
     38.816     6.5959   3.217727    31.9525        769     3.2000  0.000e+00
     38.737     6.5955   3.217727    31.9529        770     3.2042  0.000e+00
     38.653     6.5955   3.217709    31.9528        771     3.2083  0.000e+00
     38.565     6.5956   3.217666    31.9522        772     3.2125  0.000e+00
     38.476     6.5955   3.217592    31.9515        773     3.2167  0.000e+00
     38.391     6.5954   3.217543    31.9512        774     3.2208  0.000e+00
     38.301     6.5954   3.217506    31.9508        775     3.2250  0.000e+00
     38.214     6.5951   3.217506    31.9511        776     3.2292  0.000e+00
     38.131     6.5954   3.217482    31.9506        777     3.2333  0.000e+00
     38.060     6.5959   3.217445    31.9497        778     3.2375  0.000e+00
     37.990     6.5967   3.217482    31.9494        779     3.2417  0.000e+00
     37.928     6.5979   3.217586    31.9495        780     3.2458  0.000e+00
     37.873     6.5997   3.217647    31.9485        781     3.2500  0.000e+00
     37.820     6.6013   3.217708    31.9477        782     3.2542  0.000e+00
     37.777     6.6025   3.217782    31.9474        783     3.2583  0.000e+00
     37.737     6.6040   3.217831    31.9466        784     3.2625  0.000e+00
     37.703     6.6054   3.217874    31.9458        785     3.2667  0.000e+00
     37.667     6.6063   3.217911    31.9454        786     3.2708  0.000e+00
     37.629     6.6070   3.217911    31.9447        787     3.2750  0.000e+00
     37.598     6.6077   3.217935    31.9443        788     3.2792  0.000e+00
     37.551     6.6084   3.217935    31.9437        789     3.2833  0.000e+00
     37.504     6.6085   3.217935    31.9436        790     3.2875  0.000e+00
     37.458     6.6089   3.217910    31.9430        791     3.2917  0.000e+00
     37.399     6.6092   3.217910    31.9428        792     3.2958  0.000e+00
     37.333     6.6094   3.217910    31.9426        793     3.3000  0.000e+00
     37.270     6.6095   3.217763    31.9409        794     3.3042  0.000e+00
     37.196     6.6093   3.217359    31.9367        795     3.3083  0.000e+00
     37.111     6.6086   3.217359    31.9374        796     3.3125  0.000e+00
     37.028     6.6087   3.217567    31.9396        797     3.3167  0.000e+00
     36.939     6.6104   3.218015    31.9430        798     3.3208  0.000e+00
     36.847     6.6135   3.218382    31.9442        799     3.3250  0.000e+00
     36.760     6.6176   3.218646    31.9433        800     3.3292  0.000e+00
     36.671     6.6216   3.218793    31.9412        801     3.3333  0.000e+00
     36.586     6.6247   3.219137    31.9422        802     3.3375  0.000e+00
     36.503     6.6280   3.219302    31.9409        803     3.3417  0.000e+00
     36.426     6.6308   3.219547    31.9410        804     3.3458  0.000e+00
     36.348     6.6337   3.219829    31.9415        805     3.3500  0.000e+00
     36.274     6.6365   3.220118    31.9420        806     3.3542  0.000e+00
     36.199     6.6399   3.220161    31.9394        807     3.3583  0.000e+00
     36.133     6.6424   3.220179    31.9373        808     3.3625  0.000e+00
     36.062     6.6438   3.220259    31.9369        809     3.3667  0.000e+00
     35.993     6.6451   3.220467    31.9380        810     3.3708  0.000e+00
     35.926     6.6466   3.220504    31.9370        811     3.3750  0.000e+00
     35.859     6.6480   3.220995    31.9412        812     3.3792  0.000e+00
     35.795     6.6504   3.220424    31.9327        813     3.3833  0.000e+00
     35.729     6.6505   3.219296    31.9202        814     3.3875  0.000e+00
     35.666     6.6473   3.219259    31.9228        815     3.3917  0.000e+00
     35.610     6.6444   3.218259    31.9146        816     3.3958  0.000e+00
     35.546     6.6399   3.217891    31.9148        817     3.4000  0.000e+00
     35.487     6.6348   3.217934    31.9201        818     3.4042  0.000e+00
     35.427     6.6318   3.217812    31.9215        819     3.4083  0.000e+00
     35.371     6.6299   3.217603    31.9210        820     3.4125  0.000e+00
     35.314     6.6279   3.217051    31.9169        821     3.4167  0.000e+00
     35.256     6.6250   3.216929    31.9182        822     3.4208  0.000e+00
     35.195     6.6225   3.216929    31.9206        823     3.4250  0.000e+00
     35.138     6.6213   3.216953    31.9220        824     3.4292  0.000e+00
     35.079     6.6209   3.216971    31.9226        825     3.4333  0.000e+00
     35.014     6.6211   3.217014    31.9229        826     3.4375  0.000e+00
     34.949     6.6215   3.217094    31.9235        827     3.4417  0.000e+00
     34.880     6.6222   3.217260    31.9246        828     3.4458  0.000e+00
     34.809     6.6233   3.217419    31.9254        829     3.4500  0.000e+00
     34.740     6.6248   3.217750    31.9277        830     3.4542  0.000e+00
