HB2403/sbe059.cnv
* Sea-Bird SBE 19plus V2 Data File:
* FileName = C:\cruise\data\sbe059.hex
* Software Version Seasave V 7.26.7.121
* Temperature SN = 6128
* Conductivity SN = 6128
* System UpLoad Time = Jun 07 2024 00:16:32
* NMEA Latitude = 40 13.71 N
* NMEA Longitude = 068 57.86 W
* NMEA UTC (Time) = Jun 07 2024  00:17:05
** Ship: Henry Bigelow
** Cruise:  HB2403
** Program:  ECOMON
# nquan = 7
# nvalues = 2737                                  
# units = specified
# name 0 = depSM: Depth [salt water, m]
# name 1 = tv290C: Temperature [ITS-90, deg C]
# name 2 = c0S/m: Conductivity [S/m]
# name 3 = sal00: Salinity, Practical [PSU]
# name 4 = scan: Scan Count
# name 5 = timeM: Time, Elapsed [minutes]
# name 6 = flag:  0.000e+00
# span 0 =     -0.308,    115.842                 
# span 1 =     8.1788,    15.7192                 
# span 2 =   0.000153,   3.971352                 
# span 3 =     0.0082,    34.0830                 
# span 4 =         11,       2747                 
# span 5 =     0.0417,    11.4417                 
# span 6 = 0.0000e+00, 0.0000e+00                 
# interval = seconds: 0.25
# start_time = Jun 07 2024 00:17:05 [NMEA time, header]
# bad_flag = -9.990e-29
*END*
[from data line 821]
    105.379     9.9588   3.694988    33.8259        832     3.4625  0.000e+00
    105.557     9.9610   3.696743    33.8417        833     3.4667  0.000e+00
    105.740     9.9646   3.697481    33.8457        834     3.4708  0.000e+00
    105.921     9.9679   3.697455    33.8423        835     3.4750  0.000e+00
    106.105     9.9700   3.698459    33.8505        836     3.4792  0.000e+00
    106.286     9.9722   3.700397    33.8681        837     3.4833  0.000e+00
    106.455     9.9763   3.701654    33.8770        838     3.4875  0.000e+00
    106.621     9.9811   3.703961    33.8959        839     3.4917  0.000e+00
    106.775     9.9874   3.705906    33.9097        840     3.4958  0.000e+00
    106.919     9.9937   3.707579    33.9208        841     3.5000  0.000e+00
    107.051     9.9989   3.708376    33.9240        842     3.5042  0.000e+00
    107.170    10.0024   3.709064    33.9277        843     3.5083  0.000e+00
    107.280    10.0044   3.709913    33.9344        844     3.5125  0.000e+00
    107.378    10.0056   3.710828    33.9426        845     3.5167  0.000e+00
    107.470    10.0071   3.711814    33.9512        846     3.5208  0.000e+00
    107.554    10.0082   3.712502    33.9571        847     3.5250  0.000e+00
    107.647    10.0090   3.712878    33.9601        848     3.5292  0.000e+00
    107.737    10.0094   3.713027    33.9612        849     3.5333  0.000e+00
    107.836    10.0098   3.713001    33.9606        850     3.5375  0.000e+00
    107.944    10.0091   3.712982    33.9610        851     3.5417  0.000e+00
    108.066    10.0083   3.713099    33.9628        852     3.5458  0.000e+00
    108.207    10.0076   3.713397    33.9665        853     3.5500  0.000e+00
    108.351    10.0071   3.713598    33.9689        854     3.5542  0.000e+00
    108.508    10.0065   3.713884    33.9723        855     3.5583  0.000e+00
    108.685    10.0061   3.713715    33.9708        856     3.5625  0.000e+00
    108.877    10.0060   3.713761    33.9714        857     3.5667  0.000e+00
    109.068    10.0059   3.714059    33.9744        858     3.5708  0.000e+00
    109.280    10.0063   3.713897    33.9723        859     3.5750  0.000e+00
    109.496    10.0063   3.714131    33.9745        860     3.5792  0.000e+00
    109.717    10.0067   3.714241    33.9752        861     3.5833  0.000e+00
    109.945    10.0071   3.714540    33.9778        862     3.5875  0.000e+00
    110.163    10.0073   3.714838    33.9806        863     3.5917  0.000e+00
    110.374    10.0074   3.715390    33.9860        864     3.5958  0.000e+00
    110.573    10.0070   3.717097    34.0037        865     3.6000  0.000e+00
    110.768    10.0054   3.717688    34.0111        866     3.6042  0.000e+00
    110.958    10.0013   3.717825    34.0162        867     3.6083  0.000e+00
    111.126     9.9952   3.717571    34.0193        868     3.6125  0.000e+00
    111.292     9.9914   3.717578    34.0229        869     3.6167  0.000e+00
    111.444     9.9883   3.717825    34.0282        870     3.6208  0.000e+00
    111.578     9.9827   3.717734    34.0326        871     3.6250  0.000e+00
    111.695     9.9752   3.717423    34.0364        872     3.6292  0.000e+00
    111.805     9.9671   3.717364    34.0434        873     3.6333  0.000e+00
    111.907     9.9606   3.717157    34.0474        874     3.6375  0.000e+00
    112.000     9.9547   3.716943    34.0506        875     3.6417  0.000e+00
    112.098     9.9490   3.716793    34.0545        876     3.6458  0.000e+00
    112.188     9.9434   3.716560    34.0574        877     3.6500  0.000e+00
    112.286     9.9375   3.716469    34.0619        878     3.6542  0.000e+00
    112.374     9.9325   3.716313    34.0650        879     3.6583  0.000e+00
    112.477     9.9285   3.716216    34.0677        880     3.6625  0.000e+00
    112.593     9.9256   3.716151    34.0698        881     3.6667  0.000e+00
    112.715     9.9228   3.716138    34.0722        882     3.6708  0.000e+00
    112.847     9.9214   3.716126    34.0733        883     3.6750  0.000e+00
    112.988     9.9203   3.716080    34.0739        884     3.6792  0.000e+00
    113.142     9.9196   3.716002    34.0737        885     3.6833  0.000e+00
    113.295     9.9186   3.715918    34.0737        886     3.6875  0.000e+00
    113.465     9.9174   3.715918    34.0747        887     3.6917  0.000e+00
    113.633     9.9166   3.715873    34.0749        888     3.6958  0.000e+00
    113.810     9.9159   3.715899    34.0757        889     3.7000  0.000e+00
    114.000     9.9159   3.716016    34.0769        890     3.7042  0.000e+00
    114.188     9.9168   3.716171    34.0776        891     3.7083  0.000e+00
    114.388     9.9181   3.716243    34.0770        892     3.7125  0.000e+00
    114.583     9.9199   3.716198    34.0747        893     3.7167  0.000e+00
    114.776     9.9207   3.716107    34.0730        894     3.7208  0.000e+00
    114.977     9.9204   3.716029    34.0723        895     3.7250  0.000e+00
    115.172     9.9191   3.715873    34.0719        896     3.7292  0.000e+00
    115.360     9.9172   3.715763    34.0725        897     3.7333  0.000e+00
    115.546     9.9150   3.715737    34.0742        898     3.7375  0.000e+00
    115.728     9.9133   3.715763    34.0760        899     3.7417  0.000e+00
    115.811     9.9122   3.715737    34.0767        900     3.7458  0.000e+00
    115.842     9.9117   3.715737    34.0772        901     3.7500  0.000e+00
    115.791     9.9110   3.715724    34.0777        902     3.7542  0.000e+00
    115.705     9.9109   3.715692    34.0776        903     3.7583  0.000e+00
    115.650     9.9105   3.715672    34.0777        904     3.7625  0.000e+00
    115.597     9.9103   3.715633    34.0776        905     3.7667  0.000e+00
    115.528     9.9099   3.715601    34.0777        906     3.7708  0.000e+00
    115.456     9.9097   3.715601    34.0779        907     3.7750  0.000e+00
    115.356     9.9096   3.715601    34.0780        908     3.7792  0.000e+00
    115.262     9.9092   3.715568    34.0780        909     3.7833  0.000e+00
    115.164     9.9092   3.715575    34.0782        910     3.7875  0.000e+00
    115.074     9.9092   3.715575    34.0782        911     3.7917  0.000e+00
    114.980     9.9091   3.715568    34.0783        912     3.7958  0.000e+00
    114.901     9.9089   3.715555    34.0784        913     3.8000  0.000e+00
    114.836     9.9089   3.715555    34.0784        914     3.8042  0.000e+00
    114.782     9.9090   3.715568    34.0785        915     3.8083  0.000e+00
    114.738     9.9089   3.715575    34.0786        916     3.8125  0.000e+00
    114.697     9.9091   3.715555    34.0783        917     3.8167  0.000e+00
    114.661     9.9091   3.715575    34.0785        918     3.8208  0.000e+00
    114.623     9.9092   3.715568    34.0783        919     3.8250  0.000e+00
    114.580     9.9091   3.715555    34.0783        920     3.8292  0.000e+00
    114.533     9.9093   3.715555    34.0782        921     3.8333  0.000e+00
    114.480     9.9090   3.715549    34.0784        922     3.8375  0.000e+00
    114.417     9.9092   3.715555    34.0783        923     3.8417  0.000e+00
    114.332     9.9089   3.715555    34.0787        924     3.8458  0.000e+00
    114.229     9.9089   3.715574    34.0789        925     3.8500  0.000e+00
    114.108     9.9088   3.715743    34.0808        926     3.8542  0.000e+00
    113.977     9.9095   3.715873    34.0815        927     3.8583  0.000e+00
    113.849     9.9110   3.715763    34.0790        928     3.8625  0.000e+00
    113.711     9.9118   3.715724    34.0779        929     3.8667  0.000e+00
    113.576     9.9112   3.715672    34.0780        930     3.8708  0.000e+00
    113.449     9.9105   3.715672    34.0787        931     3.8750  0.000e+00
    113.326     9.9100   3.715659    34.0791        932     3.8792  0.000e+00
    113.214     9.9097   3.715691    34.0798        933     3.8833  0.000e+00
    113.107     9.9097   3.715671    34.0796        934     3.8875  0.000e+00
    113.002     9.9100   3.715619    34.0789        935     3.8917  0.000e+00
    112.906     9.9097   3.715613    34.0792        936     3.8958  0.000e+00
    112.812     9.9096   3.715691    34.0801        937     3.9000  0.000e+00
    112.725     9.9102   3.715782    34.0805        938     3.9042  0.000e+00
    112.642     9.9115   3.715963    34.0812        939     3.9083  0.000e+00
    112.566     9.9131   3.715853    34.0785        940     3.9125  0.000e+00
    112.492     9.9137   3.715781    34.0773        941     3.9167  0.000e+00
    112.414     9.9135   3.715743    34.0771        942     3.9208  0.000e+00
    112.342     9.9130   3.715853    34.0787        943     3.9250  0.000e+00
    112.266     9.9133   3.715872    34.0787        944     3.9292  0.000e+00
    112.189     9.9141   3.716080    34.0801        945     3.9333  0.000e+00
    112.101     9.9153   3.715827    34.0764        946     3.9375  0.000e+00
    112.018     9.9153   3.716034    34.0785        947     3.9417  0.000e+00
    111.922     9.9156   3.716060    34.0786        948     3.9458  0.000e+00
    111.815     9.9165   3.716573    34.0830        949     3.9500  0.000e+00
    111.714     9.9207   3.716748    34.0809        950     3.9542  0.000e+00
    111.591     9.9260   3.716904    34.0775        951     3.9583  0.000e+00
    111.472     9.9315   3.717144    34.0749        952     3.9625  0.000e+00
    111.347     9.9378   3.717501    34.0726        953     3.9667  0.000e+00
    111.211     9.9447   3.717598    34.0672        954     3.9708  0.000e+00
    111.072     9.9508   3.717754    34.0630        955     3.9750  0.000e+00
    110.929     9.9560   3.718059    34.0613        956     3.9792  0.000e+00
    110.789     9.9619   3.718098    34.0562        957     3.9833  0.000e+00
    110.650     9.9670   3.718097    34.0514        958     3.9875  0.000e+00
    110.505     9.9703   3.718104    34.0485        959     3.9917  0.000e+00
    110.364     9.9728   3.718214    34.0473        960     3.9958  0.000e+00
    110.232     9.9771   3.718285    34.0441        961     4.0000  0.000e+00
    110.107     9.9835   3.718909    34.0445        962     4.0042  0.000e+00
    109.997     9.9921   3.718837    34.0357        963     4.0083  0.000e+00
    109.887     9.9984   3.719272    34.0342        964     4.0125  0.000e+00
    109.791    10.0037   3.717571    34.0119        965     4.0167  0.000e+00
    109.697    10.0069   3.716792    34.0010        966     4.0208  0.000e+00
    109.615    10.0078   3.716357    33.9958        967     4.0250  0.000e+00
    109.534    10.0086   3.716376    33.9952        968     4.0292  0.000e+00
    109.457    10.0093   3.716350    33.9944        969     4.0333  0.000e+00
    109.389    10.0098   3.716331    33.9937        970     4.0375  0.000e+00
    109.326    10.0099   3.716311    33.9935        971     4.0417  0.000e+00
    109.261    10.0099   3.716331    33.9937        972     4.0458  0.000e+00
    109.201    10.0099   3.716311    33.9935        973     4.0500  0.000e+00
    109.141    10.0099   3.716285    33.9933        974     4.0542  0.000e+00
    109.078    10.0098   3.716169    33.9923        975     4.0583  0.000e+00
    109.009    10.0094   3.716201    33.9929        976     4.0625  0.000e+00
    108.944    10.0093   3.716259    33.9937        977     4.0667  0.000e+00
    108.866    10.0093   3.716194    33.9930        978     4.0708  0.000e+00
    108.790    10.0092   3.716175    33.9930        979     4.0750  0.000e+00
    108.710    10.0091   3.716078    33.9921        980     4.0792  0.000e+00
    108.620    10.0089   3.715850    33.9901        981     4.0833  0.000e+00
    108.522    10.0088   3.715740    33.9891        982     4.0875  0.000e+00
    108.417    10.0088   3.715714    33.9889        983     4.0917  0.000e+00
    108.305    10.0088   3.715526    33.9869        984     4.0958  0.000e+00
    108.189    10.0087   3.715045    33.9822        985     4.1000  0.000e+00
    108.065    10.0079   3.714624    33.9787        986     4.1042  0.000e+00
    107.923    10.0072   3.714241    33.9755        987     4.1083  0.000e+00
    107.793    10.0063   3.713851    33.9725        988     4.1125  0.000e+00
    107.647    10.0060   3.713663    33.9709        989     4.1167  0.000e+00
    107.495    10.0058   3.713553    33.9700        990     4.1208  0.000e+00
    107.347    10.0065   3.713553    33.9695        991     4.1250  0.000e+00
    107.204    10.0076   3.713488    33.9678        992     4.1292  0.000e+00
    107.072    10.0096   3.712832    33.9593        993     4.1333  0.000e+00
    106.956    10.0117   3.712158    33.9506        994     4.1375  0.000e+00
    106.857    10.0131   3.711904    33.9467        995     4.1417  0.000e+00
    106.773    10.0143   3.711483    33.9413        996     4.1458  0.000e+00
    106.715    10.0151   3.711353    33.9393        997     4.1500  0.000e+00
    106.665    10.0158   3.711333    33.9384        998     4.1542  0.000e+00
    106.625    10.0161   3.711178    33.9366        999     4.1583  0.000e+00
    106.600    10.0163   3.711171    33.9363       1000     4.1625  0.000e+00
    106.580    10.0166   3.711126    33.9356       1001     4.1667  0.000e+00
    106.554    10.0169   3.711009    33.9342       1002     4.1708  0.000e+00
    106.522    10.0170   3.710912    33.9331       1003     4.1750  0.000e+00
    106.487    10.0173   3.710782    33.9315       1004     4.1792  0.000e+00
    106.451    10.0174   3.710600    33.9295       1005     4.1833  0.000e+00
    106.397    10.0174   3.710386    33.9274       1006     4.1875  0.000e+00
    106.333    10.0173   3.709887    33.9224       1007     4.1917  0.000e+00
    106.259    10.0171   3.709134    33.9150       1008     4.1958  0.000e+00
    106.162    10.0165   3.708992    33.9141       1009     4.2000  0.000e+00
    106.064    10.0165   3.708447    33.9086       1010     4.2042  0.000e+00
    105.952    10.0160   3.707552    33.9000       1011     4.2083  0.000e+00
    105.829    10.0153   3.707254    33.8977       1012     4.2125  0.000e+00
    105.706    10.0136   3.706865    33.8955       1013     4.2167  0.000e+00
    105.581    10.0117   3.706158    33.8900       1014     4.2208  0.000e+00
    105.454    10.0094   3.704557    33.8759       1015     4.2250  0.000e+00
    105.330    10.0056   3.703733    33.8712       1016     4.2292  0.000e+00
    105.207    10.0018   3.703416    33.8715       1017     4.2333  0.000e+00
    105.080     9.9990   3.702839    33.8684       1018     4.2375  0.000e+00
    104.955     9.9969   3.702223    33.8642       1019     4.2417  0.000e+00
    104.838     9.9948   3.701238    33.8561       1020     4.2458  0.000e+00
    104.731     9.9928   3.699890    33.8444       1021     4.2500  0.000e+00
    104.632     9.9904   3.698660    33.8341       1022     4.2542  0.000e+00
    104.536     9.9875   3.697727    33.8274       1023     4.2583  0.000e+00
    104.442     9.9847   3.696742    33.8200       1024     4.2625  0.000e+00
    104.364     9.9816   3.696133    33.8167       1025     4.2667  0.000e+00
    104.293     9.9787   3.695926    33.8173       1026     4.2708  0.000e+00
    104.228     9.9763   3.695421    33.8145       1027     4.2750  0.000e+00
    104.165     9.9745   3.695285    33.8148       1028     4.2792  0.000e+00
    104.105     9.9727   3.695240    33.8160       1029     4.2833  0.000e+00
    104.049     9.9718   3.694942    33.8139       1030     4.2875  0.000e+00
    103.991     9.9705   3.694897    33.8147       1031     4.2917  0.000e+00
    103.942     9.9695   3.694670    33.8133       1032     4.2958  0.000e+00
    103.893     9.9685   3.694547    33.8130       1033     4.3000  0.000e+00
    103.852     9.9675   3.693964    33.8080       1034     4.3042  0.000e+00
    103.806     9.9657   3.693530    33.8053       1035     4.3083  0.000e+00
