HB2403/sbe006.cnv
* Sea-Bird SBE 19plus V2 Data File:
* FileName = C:\cruise\data\sbe006.hex
* Software Version Seasave V 7.26.7.121
* Temperature SN = 6128
* Conductivity SN = 6128
* System UpLoad Time = May 26 2024 08:35:36
* NMEA Latitude = 40 54.14 N
* NMEA Longitude = 070 39.30 W
* NMEA UTC (Time) = May 26 2024  08:35:56
** Ship: Henry Bigelow
** Cruise:  HB2403
** Program:  ECOMON
# nquan = 7
# nvalues = 1397                                  
# units = specified
# name 0 = depSM: Depth [salt water, m]
# name 1 = tv290C: Temperature [ITS-90, deg C]
# name 2 = c0S/m: Conductivity [S/m]
# name 3 = sal00: Salinity, Practical [PSU]
# name 4 = scan: Scan Count
# name 5 = timeM: Time, Elapsed [minutes]
# name 6 = flag:  0.000e+00
# span 0 =     -0.137,     45.748                 
# span 1 =     7.6047,    12.7825                 
# span 2 =   0.000019,   3.720025                 
# span 3 =     0.0066,    31.9326                 
# span 4 =         11,       1407                 
# span 5 =     0.0417,     5.8583                 
# span 6 = 0.0000e+00, 0.0000e+00                 
# interval = seconds: 0.25
# start_time = May 26 2024 08:35:56 [NMEA time, header]
# bad_flag = -9.990e-29
*END*
[from data line 616]
     38.176     7.9023   3.314743    31.7975        627     2.6083  0.000e+00
     38.138     7.9057   3.315146    31.7987        628     2.6125  0.000e+00
     38.082     7.9096   3.315586    31.7999        629     2.6167  0.000e+00
     38.019     7.9138   3.315946    31.8000        630     2.6208  0.000e+00
     37.945     7.9180   3.316269    31.7996        631     2.6250  0.000e+00
     37.867     7.9218   3.316349    31.7970        632     2.6292  0.000e+00
     37.788     7.9248   3.316579    31.7968        633     2.6333  0.000e+00
     37.705     7.9275   3.316529    31.7939        634     2.6375  0.000e+00
     37.618     7.9289   3.317001    31.7976        635     2.6417  0.000e+00
     37.533     7.9314   3.317360    31.7992        636     2.6458  0.000e+00
     37.441     7.9345   3.317273    31.7955        637     2.6500  0.000e+00
     37.358     7.9365   3.317869    31.8000        638     2.6542  0.000e+00
     37.273     7.9394   3.318055    31.7994        639     2.6583  0.000e+00
     37.188     7.9425   3.318334    31.7996        640     2.6625  0.000e+00
     37.111     7.9453   3.318738    31.8013        641     2.6667  0.000e+00
     37.038     7.9487   3.319284    31.8041        642     2.6708  0.000e+00
     36.963     7.9530   3.319582    31.8034        643     2.6750  0.000e+00
     36.887     7.9570   3.319817    31.8023        644     2.6792  0.000e+00
     36.822     7.9606   3.320351    31.8048        645     2.6833  0.000e+00
     36.756     7.9646   3.320879    31.8067        646     2.6875  0.000e+00
     36.691     7.9693   3.321425    31.8083        647     2.6917  0.000e+00
     36.628     7.9748   3.321977    31.8092        648     2.6958  0.000e+00
     36.565     7.9806   3.322319    31.8075        649     2.7000  0.000e+00
     36.504     7.9857   3.322462    31.8044        650     2.7042  0.000e+00
     36.437     7.9894   3.322542    31.8020        651     2.7083  0.000e+00
     36.377     7.9918   3.322573    31.8002        652     2.7125  0.000e+00
     36.314     7.9934   3.322697    31.8001        653     2.7167  0.000e+00
     36.247     7.9949   3.322865    31.8005        654     2.7208  0.000e+00
     36.179     7.9966   3.323225    31.8028        655     2.7250  0.000e+00
     36.105     7.9989   3.324014    31.8092        656     2.7292  0.000e+00
     36.030     8.0035   3.325063    31.8161        657     2.7333  0.000e+00
     35.948     8.0106   3.325877    31.8183        658     2.7375  0.000e+00
     35.863     8.0186   3.326268    31.8153        659     2.7417  0.000e+00
     35.785     8.0254   3.326622    31.8129        660     2.7458  0.000e+00
     35.702     8.0309   3.326727    31.8090        661     2.7500  0.000e+00
     35.617     8.0347   3.326914    31.8076        662     2.7542  0.000e+00
     35.532     8.0377   3.327255    31.8085        663     2.7583  0.000e+00
     35.451     8.0408   3.327957    31.8131        664     2.7625  0.000e+00
     35.366     8.0452   3.328243    31.8122        665     2.7667  0.000e+00
     35.284     8.0494   3.328168    31.8077        666     2.7708  0.000e+00
     35.211     8.0523   3.328125    31.8046        667     2.7750  0.000e+00
     35.140     8.0538   3.328143    31.8035        668     2.7792  0.000e+00
     35.064     8.0543   3.326920    31.7901        669     2.7833  0.000e+00
     34.992     8.0502   3.321697    31.7385        670     2.7875  0.000e+00
     34.921     8.0329   3.320896    31.7458        671     2.7917  0.000e+00
     34.856     8.0156   3.319456    31.7462        672     2.7958  0.000e+00
     34.789     8.0000   3.316329    31.7272        673     2.8000  0.000e+00
     34.724     7.9801   3.314251    31.7233        674     2.8042  0.000e+00
     34.661     7.9609   3.313469    31.7324        675     2.8083  0.000e+00
     34.594     7.9454   3.313159    31.7432        676     2.8125  0.000e+00
     34.531     7.9352   3.311404    31.7339        677     2.8167  0.000e+00
     34.465     7.9289   3.312818    31.7546        678     2.8208  0.000e+00
     34.408     7.9251   3.312775    31.7576        679     2.8250  0.000e+00
     34.344     7.9238   3.312837    31.7595        680     2.8292  0.000e+00
     34.292     7.9236   3.312899    31.7604        681     2.8333  0.000e+00
     34.238     7.9241   3.312973    31.7607        682     2.8375  0.000e+00
     34.178     7.9248   3.313091    31.7613        683     2.8417  0.000e+00
     34.119     7.9259   3.313221    31.7618        684     2.8458  0.000e+00
     34.061     7.9271   3.313314    31.7617        685     2.8500  0.000e+00
     34.005     7.9284   3.313327    31.7607        686     2.8542  0.000e+00
     33.950     7.9293   3.313389    31.7605        687     2.8583  0.000e+00
     33.887     7.9301   3.313376    31.7597        688     2.8625  0.000e+00
     33.836     7.9306   3.313389    31.7594        689     2.8667  0.000e+00
     33.775     7.9311   3.313389    31.7590        690     2.8708  0.000e+00
     33.714     7.9313   3.313358    31.7585        691     2.8750  0.000e+00
     33.647     7.9315   3.313345    31.7582        692     2.8792  0.000e+00
     33.586     7.9317   3.313327    31.7579        693     2.8833  0.000e+00
     33.528     7.9315   3.313314    31.7579        694     2.8875  0.000e+00
     33.459     7.9315   3.313432    31.7592        695     2.8917  0.000e+00
     33.391     7.9319   3.313575    31.7604        696     2.8958  0.000e+00
     33.326     7.9328   3.313705    31.7610        697     2.9000  0.000e+00
     33.257     7.9341   3.313817    31.7610        698     2.9042  0.000e+00
     33.190     7.9353   3.314083    31.7628        699     2.9083  0.000e+00
     33.125     7.9374   3.314548    31.7659        700     2.9125  0.000e+00
     33.064     7.9403   3.314883    31.7668        701     2.9167  0.000e+00
     33.008     7.9436   3.315224    31.7675        702     2.9208  0.000e+00
     32.945     7.9472   3.315609    31.7684        703     2.9250  0.000e+00
     32.881     7.9507   3.315888    31.7682        704     2.9292  0.000e+00
     32.829     7.9544   3.316242    31.7685        705     2.9333  0.000e+00
     32.771     7.9579   3.316589    31.7691        706     2.9375  0.000e+00
     32.717     7.9617   3.316812    31.7681        707     2.9417  0.000e+00
     32.661     7.9649   3.317085    31.7681        708     2.9458  0.000e+00
     32.605     7.9681   3.317234    31.7667        709     2.9500  0.000e+00
     32.547     7.9705   3.317383    31.7662        710     2.9542  0.000e+00
     32.493     7.9728   3.317532    31.7657        711     2.9583  0.000e+00
     32.434     7.9750   3.317675    31.7653        712     2.9625  0.000e+00
     32.370     7.9769   3.317892    31.7658        713     2.9667  0.000e+00
     32.309     7.9790   3.318016    31.7653        714     2.9708  0.000e+00
     32.251     7.9809   3.318053    31.7640        715     2.9750  0.000e+00
     32.188     7.9825   3.318146    31.7636        716     2.9792  0.000e+00
     32.121     7.9838   3.318332    31.7644        717     2.9833  0.000e+00
     32.062     7.9858   3.318456    31.7639        718     2.9875  0.000e+00
     31.998     7.9875   3.318463    31.7625        719     2.9917  0.000e+00
     31.940     7.9884   3.318611    31.7632        720     2.9958  0.000e+00
     31.880     7.9898   3.318816    31.7641        721     3.0000  0.000e+00
     31.824     7.9918   3.318903    31.7633        722     3.0042  0.000e+00
     31.767     7.9935   3.318903    31.7618        723     3.0083  0.000e+00
     31.709     7.9946   3.319002    31.7618        724     3.0125  0.000e+00
     31.651     7.9959   3.319095    31.7617        725     3.0167  0.000e+00
     31.588     7.9968   3.319095    31.7609        726     3.0208  0.000e+00
     31.532     7.9980   3.319182    31.7608        727     3.0250  0.000e+00
     31.475     7.9986   3.319244    31.7609        728     3.0292  0.000e+00
     31.416     7.9994   3.319263    31.7604        729     3.0333  0.000e+00
     31.363     8.0002   3.319300    31.7601        730     3.0375  0.000e+00
     31.304     8.0008   3.319331    31.7599        731     3.0417  0.000e+00
     31.251     8.0014   3.319350    31.7596        732     3.0458  0.000e+00
     31.193     8.0018   3.319424    31.7600        733     3.0500  0.000e+00
     31.141     8.0024   3.319517    31.7605        734     3.0542  0.000e+00
     31.090     8.0029   3.319517    31.7601        735     3.0583  0.000e+00
     31.034     8.0037   3.319585    31.7601        736     3.0625  0.000e+00
     30.977     8.0042   3.319561    31.7594        737     3.0667  0.000e+00
     30.915     8.0046   3.319623    31.7597        738     3.0708  0.000e+00
     30.865     8.0050   3.319666    31.7598        739     3.0750  0.000e+00
     30.807     8.0054   3.319728    31.7601        740     3.0792  0.000e+00
     30.751     8.0061   3.319765    31.7600        741     3.0833  0.000e+00
     30.693     8.0067   3.319753    31.7593        742     3.0875  0.000e+00
     30.642     8.0071   3.319815    31.7597        743     3.0917  0.000e+00
     30.588     8.0074   3.319846    31.7597        744     3.0958  0.000e+00
     30.536     8.0079   3.319858    31.7594        745     3.1000  0.000e+00
     30.487     8.0082   3.319877    31.7594        746     3.1042  0.000e+00
     30.435     8.0085   3.319902    31.7594        747     3.1083  0.000e+00
     30.376     8.0088   3.319939    31.7595        748     3.1125  0.000e+00
     30.322     8.0092   3.319982    31.7597        749     3.1167  0.000e+00
     30.263     8.0098   3.320088    31.7602        750     3.1208  0.000e+00
     30.205     8.0105   3.320156    31.7604        751     3.1250  0.000e+00
     30.149     8.0113   3.320218    31.7603        752     3.1292  0.000e+00
     30.084     8.0123   3.320286    31.7601        753     3.1333  0.000e+00
     30.027     8.0132   3.320342    31.7599        754     3.1375  0.000e+00
     29.959     8.0139   3.320429    31.7603        755     3.1417  0.000e+00
     29.886     8.0148   3.320448    31.7597        756     3.1458  0.000e+00
     29.826     8.0154   3.320491    31.7596        757     3.1500  0.000e+00
     29.764     8.0162   3.320535    31.7594        758     3.1542  0.000e+00
     29.698     8.0167   3.320590    31.7595        759     3.1583  0.000e+00
     29.626     8.0175   3.320702    31.7601        760     3.1625  0.000e+00
     29.557     8.0182   3.320789    31.7604        761     3.1667  0.000e+00
     29.494     8.0191   3.320888    31.7606        762     3.1708  0.000e+00
     29.430     8.0203   3.321019    31.7610        763     3.1750  0.000e+00
     29.363     8.0216   3.321106    31.7607        764     3.1792  0.000e+00
     29.303     8.0231   3.321230    31.7607        765     3.1833  0.000e+00
     29.245     8.0246   3.321360    31.7608        766     3.1875  0.000e+00
     29.187     8.0261   3.321534    31.7613        767     3.1917  0.000e+00
     29.131     8.0279   3.321720    31.7616        768     3.1958  0.000e+00
     29.083     8.0299   3.321825    31.7609        769     3.2000  0.000e+00
     29.028     8.0319   3.321974    31.7608        770     3.2042  0.000e+00
     28.978     8.0339   3.322099    31.7603        771     3.2083  0.000e+00
     28.931     8.0356   3.322210    31.7600        772     3.2125  0.000e+00
     28.878     8.0371   3.322316    31.7597        773     3.2167  0.000e+00
     28.831     8.0386   3.322396    31.7593        774     3.2208  0.000e+00
     28.785     8.0401   3.322502    31.7590        775     3.2250  0.000e+00
     28.734     8.0413   3.322601    31.7590        776     3.2292  0.000e+00
     28.684     8.0428   3.322781    31.7595        777     3.2333  0.000e+00
     28.637     8.0444   3.322930    31.7597        778     3.2375  0.000e+00
     28.588     8.0463   3.322980    31.7586        779     3.2417  0.000e+00
     28.533     8.0477   3.323036    31.7579        780     3.2458  0.000e+00
     28.488     8.0490   3.323098    31.7574        781     3.2500  0.000e+00
     28.434     8.0499   3.323346    31.7592        782     3.2542  0.000e+00
     28.383     8.0516   3.323582    31.7602        783     3.2583  0.000e+00
     28.333     8.0538   3.323669    31.7592        784     3.2625  0.000e+00
     28.275     8.0558   3.323775    31.7585        785     3.2667  0.000e+00
     28.221     8.0574   3.323837    31.7577        786     3.2708  0.000e+00
     28.159     8.0589   3.323967    31.7578        787     3.2750  0.000e+00
     28.100     8.0604   3.324178    31.7587        788     3.2792  0.000e+00
     28.038     8.0621   3.324520    31.7607        789     3.2833  0.000e+00
     27.977     8.0649   3.324954    31.7629        790     3.2875  0.000e+00
     27.915     8.0689   3.325215    31.7620        791     3.2917  0.000e+00
     27.854     8.0731   3.324774    31.7536        792     3.2958  0.000e+00
     27.789     8.0778   3.326389    31.7665        793     3.3000  0.000e+00
     27.729     8.0841   3.327277    31.7702        794     3.3042  0.000e+00
     27.662     8.0923   3.328228    31.7728        795     3.3083  0.000e+00
     27.606     8.1022   3.328868    31.7707        796     3.3125  0.000e+00
     27.547     8.1116   3.329184    31.7655        797     3.3167  0.000e+00
     27.492     8.1191   3.329656    31.7637        798     3.3208  0.000e+00
     27.435     8.1256   3.329992    31.7614        799     3.3250  0.000e+00
     27.379     8.1311   3.330421    31.7610        800     3.3292  0.000e+00
     27.326     8.1361   3.330862    31.7611        801     3.3333  0.000e+00
     27.278     8.1412   3.331141    31.7595        802     3.3375  0.000e+00
     27.229     8.1457   3.331483    31.7591        803     3.3417  0.000e+00
     27.167     8.1499   3.331670    31.7573        804     3.3458  0.000e+00
     27.122     8.1535   3.331775    31.7552        805     3.3500  0.000e+00
     27.066     8.1562   3.331875    31.7538        806     3.3542  0.000e+00
     27.012     8.1580   3.331775    31.7512        807     3.3583  0.000e+00
     26.959     8.1589   3.331738    31.7500        808     3.3625  0.000e+00
     26.907     8.1590   3.331937    31.7520        809     3.3667  0.000e+00
     26.849     8.1599   3.331993    31.7518        810     3.3708  0.000e+00
     26.791     8.1607   3.331968    31.7509        811     3.3750  0.000e+00
     26.737     8.1614   3.332017    31.7508        812     3.3792  0.000e+00
     26.677     8.1617   3.331993    31.7502        813     3.3833  0.000e+00
     26.617     8.1619   3.331974    31.7499        814     3.3875  0.000e+00
     26.560     8.1620   3.331993    31.7500        815     3.3917  0.000e+00
     26.500     8.1620   3.331968    31.7498        816     3.3958  0.000e+00
     26.444     8.1619   3.331912    31.7493        817     3.4000  0.000e+00
     26.383     8.1616   3.331881    31.7493        818     3.4042  0.000e+00
     26.331     8.1614   3.331968    31.7504        819     3.4083  0.000e+00
     26.264     8.1616   3.332198    31.7527        820     3.4125  0.000e+00
     26.210     8.1626   3.332222    31.7521        821     3.4167  0.000e+00
     26.148     8.1639   3.332745    31.7565        822     3.4208  0.000e+00
     26.094     8.1662   3.333180    31.7590        823     3.4250  0.000e+00
     26.038     8.1698   3.333329    31.7573        824     3.4292  0.000e+00
     25.989     8.1729   3.333671    31.7581        825     3.4333  0.000e+00
     25.935     8.1762   3.333714    31.7556        826     3.4375  0.000e+00
     25.888     8.1787   3.333988    31.7563        827     3.4417  0.000e+00
     25.843     8.1810   3.334398    31.7586        828     3.4458  0.000e+00
     25.794     8.1845   3.334479    31.7563        829     3.4500  0.000e+00
     25.746     8.1871   3.334883    31.7582        830     3.4542  0.000e+00
