HB2403/sbe094.cnv
* Sea-Bird SBE 19plus V2 Data File:
* FileName = C:\cruise\data\sbe094.hex
* Software Version Seasave V 7.26.7.121
* Temperature SN = 6128
* Conductivity SN = 6128
* System UpLoad Time = Jun 10 2024 01:09:31
* NMEA Latitude = 42 22.09 N
* NMEA Longitude = 066 03.01 W
* NMEA UTC (Time) = Jun 10 2024  01:10:07
** Ship: Henry Bigelow
** Cruise:  HB2403
** Program:  ECOMON
# nquan = 7
# nvalues = 4656                                  
# units = specified
# name 0 = depSM: Depth [salt water, m]
# name 1 = tv290C: Temperature [ITS-90, deg C]
# name 2 = c0S/m: Conductivity [S/m]
# name 3 = sal00: Salinity, Practical [PSU]
# name 4 = scan: Scan Count
# name 5 = timeM: Time, Elapsed [minutes]
# name 6 = flag:  0.000e+00
# span 0 =     -0.364,    200.924                 
# span 1 =     4.4017,    12.1644                 
# span 2 =   0.000079,   3.822187                 
# span 3 =     0.0063,    35.0405                 
# span 4 =         11,       4666                 
# span 5 =     0.0417,    19.4375                 
# span 6 = 0.0000e+00, 0.0000e+00                 
# interval = seconds: 0.25
# start_time = Jun 10 2024 01:10:07 [NMEA time, header]
# bad_flag = -9.990e-29
*END*
[from data line 4308]
     15.241     7.8089   3.280032    31.5233       4319    17.9917  0.000e+00
     15.191     7.8145   3.280742    31.5258       4320    17.9958  0.000e+00
     15.131     7.8213   3.281953    31.5326       4321    18.0000  0.000e+00
     15.073     7.8313   3.282553    31.5299       4322    18.0042  0.000e+00
     15.009     7.8416   3.282849    31.5238       4323    18.0083  0.000e+00
     14.948     7.8491   3.283560    31.5246       4324    18.0125  0.000e+00
     14.905     7.8570   3.284252    31.5249       4325    18.0167  0.000e+00
     14.873     7.8654   3.285198    31.5274       4326    18.0208  0.000e+00
     14.848     7.8748   3.285568    31.5229       4327    18.0250  0.000e+00
     14.824     7.8829   3.286007    31.5203       4328    18.0292  0.000e+00
     14.807     7.8898   3.285989    31.5139       4329    18.0333  0.000e+00
     14.795     7.8943   3.286149    31.5115       4330    18.0375  0.000e+00
     14.785     7.8972   3.286341    31.5109       4331    18.0417  0.000e+00
     14.765     7.8996   3.286471    31.5101       4332    18.0458  0.000e+00
     14.747     7.9017   3.286903    31.5129       4333    18.0500  0.000e+00
     14.731     7.9049   3.287806    31.5195       4334    18.0542  0.000e+00
     14.701     7.9109   3.288251    31.5189       4335    18.0583  0.000e+00
     14.676     7.9174   3.288542    31.5161       4336    18.0625  0.000e+00
     14.642     7.9226   3.288752    31.5137       4337    18.0667  0.000e+00
     14.604     7.9272   3.289278    31.5151       4338    18.0708  0.000e+00
     14.559     7.9322   3.289587    31.5139       4339    18.0750  0.000e+00
     14.506     7.9367   3.289964    31.5138       4340    18.0792  0.000e+00
     14.451     7.9413   3.291362    31.5246       4341    18.0833  0.000e+00
     14.383     7.9501   3.293131    31.5355       4342    18.0875  0.000e+00
     14.316     7.9639   3.293824    31.5304       4343    18.0917  0.000e+00
     14.244     7.9770   3.294610    31.5270       4344    18.0958  0.000e+00
     14.173     7.9887   3.295817    31.5293       4345    18.1000  0.000e+00
     14.117     8.0013   3.297184    31.5325       4346    18.1042  0.000e+00
     14.065     8.0154   3.297729    31.5255       4347    18.1083  0.000e+00
     14.022     8.0285   3.300193    31.5398       4348    18.1125  0.000e+00
     13.986     8.0455   3.302014    31.5438       4349    18.1167  0.000e+00
     13.956     8.0654   3.303048    31.5368       4350    18.1208  0.000e+00
     13.933     8.0826   3.303252    31.5235       4351    18.1250  0.000e+00
     13.918     8.0948   3.303469    31.5149       4352    18.1292  0.000e+00
     13.906     8.1026   3.303636    31.5097       4353    18.1333  0.000e+00
     13.913     8.1077   3.303810    31.5069       4354    18.1375  0.000e+00
     13.919     8.1114   3.303971    31.5053       4355    18.1417  0.000e+00
     13.926     8.1141   3.303995    31.5031       4356    18.1458  0.000e+00
     13.924     8.1161   3.304057    31.5020       4357    18.1500  0.000e+00
     13.925     8.1174   3.303989    31.5000       4358    18.1542  0.000e+00
     13.908     8.1178   3.304163    31.5015       4359    18.1583  0.000e+00
     13.889     8.1186   3.304181    31.5011       4360    18.1625  0.000e+00
     13.856     8.1200   3.304590    31.5042       4361    18.1667  0.000e+00
     13.814     8.1218   3.305172    31.5086       4362    18.1708  0.000e+00
     13.754     8.1258   3.306102    31.5149       4363    18.1750  0.000e+00
     13.685     8.1327   3.306511    31.5131       4364    18.1792  0.000e+00
     13.600     8.1406   3.307007    31.5112       4365    18.1833  0.000e+00
     13.517     8.1481   3.307409    31.5088       4366    18.1875  0.000e+00
     13.426     8.1557   3.307657    31.5047       4367    18.1917  0.000e+00
     13.345     8.1617   3.307620    31.4989       4368    18.1958  0.000e+00
     13.265     8.1658   3.307892    31.4982       4369    18.2000  0.000e+00
     13.193     8.1687   3.308673    31.5038       4370    18.2042  0.000e+00
     13.142     8.1745   3.311159    31.5249       4371    18.2083  0.000e+00
     13.102     8.1892   3.312133    31.5219       4372    18.2125  0.000e+00
     13.070     8.2064   3.312573    31.5111       4373    18.2167  0.000e+00
     13.059     8.2192   3.312443    31.4983       4374    18.2208  0.000e+00
     13.057     8.2268   3.312535    31.4925       4375    18.2250  0.000e+00
     13.070     8.2310   3.312492    31.4882       4376    18.2292  0.000e+00
     13.087     8.2331   3.312442    31.4858       4377    18.2333  0.000e+00
     13.112     8.2340   3.312325    31.4837       4378    18.2375  0.000e+00
     13.139     8.2338   3.311624    31.4766       4379    18.2417  0.000e+00
     13.169     8.2303   3.310421    31.4670       4380    18.2458  0.000e+00
     13.193     8.2220   3.309324    31.4629       4381    18.2500  0.000e+00
     13.210     8.2108   3.308394    31.4631       4382    18.2542  0.000e+00
     13.215     8.1982   3.307836    31.4685       4383    18.2583  0.000e+00
     13.210     8.1870   3.307595    31.4760       4384    18.2625  0.000e+00
     13.195     8.1790   3.307700    31.4843       4385    18.2667  0.000e+00
     13.164     8.1744   3.308456    31.4964       4386    18.2708  0.000e+00
     13.112     8.1755   3.310508    31.5171       4387    18.2750  0.000e+00
     13.056     8.1858   3.312195    31.5256       4388    18.2792  0.000e+00
     12.976     8.2020   3.312542    31.5148       4389    18.2833  0.000e+00
     12.882     8.2156   3.313274    31.5104       4390    18.2875  0.000e+00
     12.781     8.2274   3.315382    31.5220       4391    18.2917  0.000e+00
     12.669     8.2446   3.319155    31.5464       4392    18.2958  0.000e+00
     12.563     8.2739   3.321731    31.5473       4393    18.3000  0.000e+00
     12.460     8.3089   3.322010    31.5189       4394    18.3042  0.000e+00
     12.373     8.3348   3.321991    31.4955       4395    18.3083  0.000e+00
     12.296     8.3501   3.322748    31.4898       4396    18.3125  0.000e+00
     12.236     8.3618   3.323493    31.4872       4397    18.3167  0.000e+00
     12.203     8.3737   3.323636    31.4781       4398    18.3208  0.000e+00
     12.183     8.3817   3.323555    31.4701       4399    18.3250  0.000e+00
     12.182     8.3863   3.323536    31.4658       4400    18.3292  0.000e+00
     12.193     8.3885   3.323437    31.4628       4401    18.3333  0.000e+00
     12.207     8.3891   3.323387    31.4617       4402    18.3375  0.000e+00
     12.230     8.3887   3.323195    31.4600       4403    18.3417  0.000e+00
     12.255     8.3876   3.322623    31.4550       4404    18.3458  0.000e+00
     12.271     8.3839   3.322133    31.4531       4405    18.3500  0.000e+00
     12.295     8.3786   3.321885    31.4553       4406    18.3542  0.000e+00
     12.299     8.3732   3.321729    31.4585       4407    18.3583  0.000e+00
     12.299     8.3687   3.321587    31.4610       4408    18.3625  0.000e+00
     12.284     8.3654   3.321382    31.4618       4409    18.3667  0.000e+00
     12.259     8.3620   3.321202    31.4629       4410    18.3708  0.000e+00
     12.221     8.3592   3.321475    31.4683       4411    18.3750  0.000e+00
     12.167     8.3585   3.322574    31.4806       4412    18.3792  0.000e+00
     12.109     8.3634   3.323747    31.4885       4413    18.3833  0.000e+00
     12.049     8.3738   3.324592    31.4881       4414    18.3875  0.000e+00
     11.992     8.3859   3.325151    31.4832       4415    18.3917  0.000e+00
     11.925     8.3972   3.326101    31.4830       4416    18.3958  0.000e+00
     11.867     8.4093   3.326821    31.4799       4417    18.4000  0.000e+00
     11.827     8.4221   3.328151    31.4824       4418    18.4042  0.000e+00
     11.779     8.4365   3.328331    31.4714       4419    18.4083  0.000e+00
     11.745     8.4481   3.328759    31.4656       4420    18.4125  0.000e+00
     11.707     8.4567   3.328647    31.4567       4421    18.4167  0.000e+00
     11.676     8.4622   3.328877    31.4543       4422    18.4208  0.000e+00
     11.647     8.4656   3.329219    31.4548       4423    18.4250  0.000e+00
     11.621     8.4692   3.329710    31.4567       4424    18.4292  0.000e+00
     11.596     8.4741   3.330263    31.4582       4425    18.4333  0.000e+00
     11.566     8.4804   3.330375    31.4538       4426    18.4375  0.000e+00
     11.534     8.4852   3.330219    31.4478       4427    18.4417  0.000e+00
     11.492     8.4870   3.329946    31.4434       4428    18.4458  0.000e+00
     11.456     8.4862   3.329815    31.4428       4429    18.4500  0.000e+00
     11.417     8.4851   3.329815    31.4438       4430    18.4542  0.000e+00
     11.369     8.4840   3.329567    31.4422       4431    18.4583  0.000e+00
     11.322     8.4823   3.329579    31.4438       4432    18.4625  0.000e+00
     11.276     8.4811   3.330238    31.4518       4433    18.4667  0.000e+00
     11.227     8.4829   3.330350    31.4514       4434    18.4708  0.000e+00
     11.184     8.4856   3.330623    31.4519       4435    18.4750  0.000e+00
     11.139     8.4889   3.330673    31.4495       4436    18.4792  0.000e+00
     11.092     8.4915   3.333488    31.4767       4437    18.4833  0.000e+00
     11.043     8.5066   3.339944    31.5308       4438    18.4875  0.000e+00
     11.000     8.5500   3.342507    31.5188       4439    18.4917  0.000e+00
     10.957     8.5971   3.344529    31.4980       4440    18.4958  0.000e+00
     10.921     8.6376   3.345811    31.4753       4441    18.5000  0.000e+00
     10.896     8.6698   3.346197    31.4507       4442    18.5042  0.000e+00
     10.872     8.6915   3.346601    31.4356       4443    18.5083  0.000e+00
     10.854     8.7067   3.347417    31.4306       4444    18.5125  0.000e+00
     10.839     8.7193   3.348183    31.4274       4445    18.5167  0.000e+00
     10.833     8.7305   3.348432    31.4200       4446    18.5208  0.000e+00
     10.817     8.7397   3.348693    31.4146       4447    18.5250  0.000e+00
     10.793     8.7468   3.348992    31.4114       4448    18.5292  0.000e+00
     10.757     8.7523   3.349160    31.4083       4449    18.5333  0.000e+00
     10.727     8.7571   3.350493    31.4179       4450    18.5375  0.000e+00
     10.678     8.7659   3.351315    31.4187       4451    18.5417  0.000e+00
     10.626     8.7770   3.351670    31.4126       4452    18.5458  0.000e+00
     10.557     8.7864   3.353047    31.4186       4453    18.5500  0.000e+00
     10.483     8.7991   3.355484    31.4327       4454    18.5542  0.000e+00
     10.398     8.8197   3.356531    31.4254       4455    18.5583  0.000e+00
     10.307     8.8402   3.357690    31.4192       4456    18.5625  0.000e+00
     10.221     8.8593   3.359404    31.4201       4457    18.5667  0.000e+00
     10.145     8.8805   3.360358    31.4113       4458    18.5708  0.000e+00
     10.077     8.8995   3.360975    31.4009       4459    18.5750  0.000e+00
     10.027     8.9150   3.361256    31.3901       4460    18.5792  0.000e+00
      9.997     8.9260   3.361056    31.3783       4461    18.5833  0.000e+00
      9.977     8.9313   3.361013    31.3733       4462    18.5875  0.000e+00
      9.971     8.9332   3.360863    31.3700       4463    18.5917  0.000e+00
      9.970     8.9337   3.360694    31.3679       4464    18.5958  0.000e+00
      9.975     8.9327   3.360258    31.3642       4465    18.6000  0.000e+00
      9.973     8.9300   3.359940    31.3633       4466    18.6042  0.000e+00
      9.962     8.9261   3.359890    31.3662       4467    18.6083  0.000e+00
      9.952     8.9230   3.360352    31.3737       4468    18.6125  0.000e+00
      9.926     8.9235   3.361742    31.3877       4469    18.6167  0.000e+00
      9.894     8.9314   3.363919    31.4032       4470    18.6208  0.000e+00
      9.853     8.9499   3.367670    31.4258       4471    18.6250  0.000e+00
      9.806     8.9827   3.372720    31.4490       4472    18.6292  0.000e+00
      9.740     9.0313   3.376412    31.4442       4473    18.6333  0.000e+00
      9.673     9.0861   3.382918    31.4630       4474    18.6375  0.000e+00
      9.606     9.1557   3.389898    31.4735       4475    18.6417  0.000e+00
      9.527     9.2398   3.396076    31.4629       4476    18.6458  0.000e+00
      9.440     9.3305   3.403261    31.4569       4477    18.6500  0.000e+00
      9.359     9.4242   3.403084    31.3728       4478    18.6542  0.000e+00
      9.286     9.4925   3.405309    31.3358       4479    18.6583  0.000e+00
      9.225     9.5367   3.404851    31.2926       4480    18.6625  0.000e+00
      9.185     9.5649   3.405183    31.2714       4481    18.6667  0.000e+00
      9.144     9.5802   3.403910    31.2451       4482    18.6708  0.000e+00
      9.111     9.5821   3.403816    31.2426       4483    18.6750  0.000e+00
      9.082     9.5808   3.404850    31.2542       4484    18.6792  0.000e+00
      9.058     9.5848   3.405038    31.2527       4485    18.6833  0.000e+00
      9.042     9.5884   3.404355    31.2426       4486    18.6875  0.000e+00
      9.030     9.5874   3.404236    31.2423       4487    18.6917  0.000e+00
      9.023     9.5850   3.401892    31.2204       4488    18.6958  0.000e+00
      9.008     9.5713   3.393405    31.1460       4489    18.7000  0.000e+00
      8.996     9.5199   3.382975    31.0843       4490    18.7042  0.000e+00
      8.972     9.4241   3.376732    31.1037       4491    18.7083  0.000e+00
      8.947     9.3227   3.379220    31.2175       4492    18.7125  0.000e+00
      8.912     9.2668   3.383672    31.3121       4493    18.7167  0.000e+00
      8.869     9.2625   3.389240    31.3730       4494    18.7208  0.000e+00
      8.815     9.2962   3.396839    31.4215       4495    18.7250  0.000e+00
      8.765     9.3664   3.410760    31.5024       4496    18.7292  0.000e+00
      8.698     9.4791   3.423439    31.5330       4497    18.7333  0.000e+00
      8.618     9.6179   3.421861    31.3952       4498    18.7375  0.000e+00
      8.528     9.7118   3.424944    31.3447       4499    18.7417  0.000e+00
      8.446     9.7696   3.428639    31.3319       4500    18.7458  0.000e+00
      8.359     9.8265   3.427299    31.2689       4501    18.7500  0.000e+00
      8.278     9.8605   3.431781    31.2848       4502    18.7542  0.000e+00
      8.208     9.8940   3.434322    31.2814       4503    18.7583  0.000e+00
      8.152     9.9314   3.434636    31.2523       4504    18.7625  0.000e+00
      8.103     9.9570   3.434950    31.2333       4505    18.7667  0.000e+00
      8.051     9.9734   3.434988    31.2195       4506    18.7708  0.000e+00
      8.011     9.9826   3.435094    31.2127       4507    18.7750  0.000e+00
      7.969     9.9880   3.435962    31.2167       4508    18.7792  0.000e+00
      7.952     9.9941   3.436371    31.2156       4509    18.7833  0.000e+00
      7.926    10.0010   3.436560    31.2115       4510    18.7875  0.000e+00
      7.897    10.0058   3.437019    31.2120       4511    18.7917  0.000e+00
      7.877    10.0103   3.436975    31.2077       4512    18.7958  0.000e+00
      7.861    10.0136   3.437176    31.2070       4513    18.8000  0.000e+00
      7.849    10.0163   3.437063    31.2035       4514    18.8042  0.000e+00
      7.842    10.0175   3.437000    31.2018       4515    18.8083  0.000e+00
      7.850    10.0179   3.436667    31.1981       4516    18.8125  0.000e+00
      7.863    10.0165   3.435931    31.1918       4517    18.8167  0.000e+00
      7.872    10.0117   3.434591    31.1825       4518    18.8208  0.000e+00
      7.859    10.0025   3.434069    31.1852       4519    18.8250  0.000e+00
      7.826     9.9928   3.433063    31.1835       4520    18.8292  0.000e+00
      7.785     9.9828   3.432528    31.1867       4521    18.8333  0.000e+00
      7.732     9.9712   3.433459    31.2061       4522    18.8375  0.000e+00
