HB2403/sbe004.cnv
* Sea-Bird SBE 19plus V2 Data File:
* FileName = C:\cruise\data\sbe004.hex
* Software Version Seasave V 7.26.7.121
* Temperature SN = 6128
* Conductivity SN = 6128
* System UpLoad Time = May 26 2024 05:04:10
* NMEA Latitude = 40 46.07 N
* NMEA Longitude = 070 10.77 W
* NMEA UTC (Time) = May 26 2024  05:04:32
** Ship: Henry Bigelow
** Cruise:  HB2403
** Program:  ECOMON
# nquan = 7
# nvalues = 1335                                  
# units = specified
# name 0 = depSM: Depth [salt water, m]
# name 1 = tv290C: Temperature [ITS-90, deg C]
# name 2 = c0S/m: Conductivity [S/m]
# name 3 = sal00: Salinity, Practical [PSU]
# name 4 = scan: Scan Count
# name 5 = timeM: Time, Elapsed [minutes]
# name 6 = flag:  0.000e+00
# span 0 =      0.032,     37.304                 
# span 1 =     8.3835,    12.4094                 
# span 2 =  -0.074752,   3.655778                 
# span 3 =     0.0000,    31.7676                 
# span 4 =         11,       1345                 
# span 5 =     0.0417,     5.6000                 
# span 6 = 0.0000e+00, 0.0000e+00                 
# interval = seconds: 0.25
# start_time = May 26 2024 05:04:32 [NMEA time, header]
# bad_flag = -9.990e-29
*END*
[from data line 411]
     37.304     8.3874   3.352450    31.7571        422     1.7542  0.000e+00
     37.254     8.3867   3.352387    31.7571        423     1.7583  0.000e+00
     37.180     8.3861   3.352369    31.7575        424     1.7625  0.000e+00
     37.115     8.3854   3.352344    31.7579        425     1.7667  0.000e+00
     37.072     8.3851   3.352368    31.7585        426     1.7708  0.000e+00
     37.038     8.3848   3.352344    31.7584        427     1.7750  0.000e+00
     37.002     8.3848   3.352344    31.7584        428     1.7792  0.000e+00
     36.970     8.3849   3.352350    31.7585        429     1.7833  0.000e+00
     36.943     8.3847   3.352325    31.7584        430     1.7875  0.000e+00
     36.921     8.3848   3.352368    31.7588        431     1.7917  0.000e+00
     36.912     8.3847   3.352344    31.7586        432     1.7958  0.000e+00
     36.903     8.3848   3.352350    31.7586        433     1.8000  0.000e+00
     36.899     8.3848   3.352306    31.7581        434     1.8042  0.000e+00
     36.881     8.3848   3.352306    31.7582        435     1.8083  0.000e+00
     36.868     8.3847   3.352306    31.7583        436     1.8125  0.000e+00
     36.854     8.3844   3.352262    31.7581        437     1.8167  0.000e+00
     36.836     8.3843   3.352287    31.7584        438     1.8208  0.000e+00
     36.816     8.3842   3.352262    31.7582        439     1.8250  0.000e+00
     36.794     8.3841   3.352244    31.7581        440     1.8292  0.000e+00
     36.756     8.3839   3.352238    31.7582        441     1.8333  0.000e+00
     36.729     8.3839   3.352219    31.7581        442     1.8375  0.000e+00
     36.683     8.3841   3.352225    31.7580        443     1.8417  0.000e+00
     36.649     8.3838   3.352238    31.7584        444     1.8458  0.000e+00
     36.612     8.3839   3.352244    31.7584        445     1.8500  0.000e+00
     36.563     8.3839   3.352219    31.7581        446     1.8542  0.000e+00
     36.516     8.3841   3.352219    31.7580        447     1.8583  0.000e+00
     36.475     8.3841   3.352225    31.7581        448     1.8625  0.000e+00
     36.428     8.3841   3.352194    31.7578        449     1.8667  0.000e+00
     36.385     8.3840   3.352206    31.7580        450     1.8708  0.000e+00
     36.340     8.3839   3.352237    31.7584        451     1.8750  0.000e+00
     36.302     8.3842   3.352244    31.7582        452     1.8792  0.000e+00
     36.255     8.3842   3.352237    31.7582        453     1.8833  0.000e+00
     36.212     8.3844   3.352219    31.7579        454     1.8875  0.000e+00
     36.163     8.3845   3.352244    31.7581        455     1.8917  0.000e+00
     36.114     8.3845   3.352262    31.7583        456     1.8958  0.000e+00
     36.062     8.3847   3.352306    31.7586        457     1.9000  0.000e+00
     35.997     8.3850   3.352262    31.7579        458     1.9042  0.000e+00
     35.930     8.3852   3.352287    31.7580        459     1.9083  0.000e+00
     35.856     8.3853   3.352281    31.7579        460     1.9125  0.000e+00
     35.774     8.3857   3.352194    31.7567        461     1.9167  0.000e+00
     35.696     8.3855   3.352225    31.7571        462     1.9208  0.000e+00
     35.602     8.3853   3.352218    31.7573        463     1.9250  0.000e+00
     35.510     8.3851   3.352162    31.7569        464     1.9292  0.000e+00
     35.409     8.3850   3.352131    31.7568        465     1.9333  0.000e+00
     35.316     8.3846   3.352125    31.7571        466     1.9375  0.000e+00
     35.218     8.3845   3.352112    31.7571        467     1.9417  0.000e+00
     35.128     8.3844   3.352087    31.7570        468     1.9458  0.000e+00
     35.034     8.3842   3.352081    31.7572        469     1.9500  0.000e+00
     34.953     8.3841   3.352069    31.7572        470     1.9542  0.000e+00
     34.882     8.3840   3.352044    31.7570        471     1.9583  0.000e+00
     34.810     8.3839   3.352069    31.7574        472     1.9625  0.000e+00
     34.743     8.3838   3.352044    31.7572        473     1.9667  0.000e+00
     34.678     8.3837   3.352025    31.7572        474     1.9708  0.000e+00
     34.620     8.3837   3.352000    31.7570        475     1.9750  0.000e+00
     34.570     8.3835   3.352019    31.7574        476     1.9792  0.000e+00
     34.514     8.3836   3.352044    31.7575        477     1.9833  0.000e+00
     34.463     8.3835   3.352100    31.7582        478     1.9875  0.000e+00
     34.418     8.3838   3.352087    31.7579        479     1.9917  0.000e+00
     34.367     8.3842   3.352206    31.7588        480     1.9958  0.000e+00
     34.309     8.3847   3.352150    31.7577        481     2.0000  0.000e+00
     34.256     8.3854   3.352087    31.7565        482     2.0042  0.000e+00
     34.190     8.3851   3.352081    31.7567        483     2.0083  0.000e+00
     34.131     8.3850   3.352112    31.7571        484     2.0125  0.000e+00
     34.068     8.3850   3.352125    31.7573        485     2.0167  0.000e+00
     33.994     8.3851   3.352087    31.7569        486     2.0208  0.000e+00
     33.918     8.3851   3.352087    31.7569        487     2.0250  0.000e+00
     33.842     8.3850   3.352081    31.7569        488     2.0292  0.000e+00
     33.772     8.3850   3.352112    31.7574        489     2.0333  0.000e+00
     33.700     8.3851   3.352081    31.7570        490     2.0375  0.000e+00
     33.626     8.3852   3.352087    31.7569        491     2.0417  0.000e+00
     33.544     8.3851   3.352099    31.7572        492     2.0458  0.000e+00
     33.477     8.3852   3.352087    31.7570        493     2.0500  0.000e+00
     33.405     8.3851   3.352087    31.7571        494     2.0542  0.000e+00
     33.342     8.3851   3.352099    31.7573        495     2.0583  0.000e+00
     33.277     8.3854   3.352130    31.7574        496     2.0625  0.000e+00
     33.207     8.3855   3.352143    31.7574        497     2.0667  0.000e+00
     33.145     8.3859   3.352130    31.7570        498     2.0708  0.000e+00
     33.086     8.3858   3.352124    31.7570        499     2.0750  0.000e+00
     33.030     8.3860   3.352130    31.7569        500     2.0792  0.000e+00
     32.970     8.3860   3.352174    31.7574        501     2.0833  0.000e+00
     32.918     8.3864   3.352224    31.7576        502     2.0875  0.000e+00
     32.859     8.3867   3.352174    31.7569        503     2.0917  0.000e+00
     32.803     8.3869   3.352224    31.7573        504     2.0958  0.000e+00
     32.738     8.3871   3.352218    31.7570        505     2.1000  0.000e+00
     32.680     8.3873   3.352224    31.7569        506     2.1042  0.000e+00
     32.620     8.3874   3.352217    31.7568        507     2.1083  0.000e+00
     32.557     8.3877   3.352149    31.7558        508     2.1125  0.000e+00
     32.483     8.3875   3.352161    31.7562        509     2.1167  0.000e+00
     32.418     8.3876   3.352174    31.7563        510     2.1208  0.000e+00
     32.344     8.3873   3.352180    31.7566        511     2.1250  0.000e+00
     32.276     8.3873   3.352174    31.7565        512     2.1292  0.000e+00
     32.198     8.3874   3.352180    31.7566        513     2.1333  0.000e+00
     32.124     8.3874   3.352217    31.7570        514     2.1375  0.000e+00
     32.050     8.3876   3.352192    31.7566        515     2.1417  0.000e+00
     31.978     8.3878   3.352205    31.7566        516     2.1458  0.000e+00
     31.907     8.3878   3.352192    31.7565        517     2.1500  0.000e+00
     31.840     8.3880   3.352180    31.7562        518     2.1542  0.000e+00
     31.782     8.3879   3.352174    31.7563        519     2.1583  0.000e+00
     31.721     8.3877   3.352161    31.7563        520     2.1625  0.000e+00
     31.659     8.3877   3.352174    31.7565        521     2.1667  0.000e+00
     31.605     8.3877   3.352192    31.7567        522     2.1708  0.000e+00
     31.549     8.3879   3.352286    31.7576        523     2.1750  0.000e+00
     31.489     8.3886   3.352323    31.7573        524     2.1792  0.000e+00
     31.430     8.3891   3.352242    31.7560        525     2.1833  0.000e+00
     31.378     8.3893   3.352236    31.7558        526     2.1875  0.000e+00
     31.331     8.3892   3.352286    31.7565        527     2.1917  0.000e+00
     31.269     8.3893   3.352192    31.7554        528     2.1958  0.000e+00
     31.219     8.3890   3.352173    31.7555        529     2.2000  0.000e+00
     31.168     8.3887   3.352205    31.7561        530     2.2042  0.000e+00
     31.117     8.3887   3.352192    31.7560        531     2.2083  0.000e+00
     31.061     8.3887   3.352223    31.7564        532     2.2125  0.000e+00
     31.010     8.3887   3.352192    31.7561        533     2.2167  0.000e+00
     30.961     8.3887   3.352217    31.7564        534     2.2208  0.000e+00
     30.916     8.3889   3.352180    31.7558        535     2.2250  0.000e+00
     30.870     8.3887   3.352192    31.7561        536     2.2292  0.000e+00
     30.818     8.3888   3.352242    31.7566        537     2.2333  0.000e+00
     30.772     8.3890   3.352304    31.7571        538     2.2375  0.000e+00
     30.722     8.3893   3.352285    31.7566        539     2.2417  0.000e+00
     30.676     8.3897   3.352366    31.7571        540     2.2458  0.000e+00
     30.629     8.3902   3.352429    31.7573        541     2.2500  0.000e+00
     30.586     8.3909   3.352429    31.7568        542     2.2542  0.000e+00
     30.535     8.3915   3.352472    31.7567        543     2.2583  0.000e+00
     30.487     8.3919   3.352348    31.7551        544     2.2625  0.000e+00
     30.436     8.3927   3.352684    31.7579        545     2.2667  0.000e+00
     30.385     8.3939   3.352609    31.7560        546     2.2708  0.000e+00
     30.335     8.3943   3.352453    31.7541        547     2.2750  0.000e+00
     30.274     8.3938   3.352491    31.7549        548     2.2792  0.000e+00
     30.215     8.3935   3.352628    31.7567        549     2.2833  0.000e+00
     30.156     8.3940   3.352858    31.7587        550     2.2875  0.000e+00
     30.102     8.3953   3.352914    31.7581        551     2.2917  0.000e+00
     30.047     8.3968   3.353176    31.7596        552     2.2958  0.000e+00
     29.991     8.3989   3.353463    31.7607        553     2.3000  0.000e+00
     29.941     8.4014   3.353413    31.7579        554     2.3042  0.000e+00
     29.881     8.4035   3.353288    31.7547        555     2.3083  0.000e+00
     29.828     8.4039   3.353282    31.7544        556     2.3125  0.000e+00
     29.783     8.4039   3.353008    31.7515        557     2.3167  0.000e+00
     29.740     8.4030   3.353176    31.7541        558     2.3208  0.000e+00
     29.695     8.4027   3.353668    31.7595        559     2.3250  0.000e+00
     29.656     8.4048   3.353506    31.7560        560     2.3292  0.000e+00
     29.610     8.4059   3.353219    31.7520        561     2.3333  0.000e+00
     29.572     8.4051   3.353114    31.7516        562     2.3375  0.000e+00
     29.521     8.4041   3.353300    31.7545        563     2.3417  0.000e+00
     29.478     8.4040   3.353456    31.7562        564     2.3458  0.000e+00
     29.433     8.4051   3.353649    31.7573        565     2.3500  0.000e+00
     29.386     8.4065   3.353543    31.7549        566     2.3542  0.000e+00
     29.335     8.4072   3.353462    31.7535        567     2.3583  0.000e+00
     29.287     8.4072   3.353737    31.7564        568     2.3625  0.000e+00
     29.233     8.4078   3.353712    31.7556        569     2.3667  0.000e+00
     29.177     8.4089   3.353668    31.7542        570     2.3708  0.000e+00
     29.128     8.4093   3.353948    31.7568        571     2.3750  0.000e+00
     29.071     8.4106   3.354073    31.7570        572     2.3792  0.000e+00
     29.027     8.4122   3.354204    31.7569        573     2.3833  0.000e+00
     28.975     8.4137   3.354154    31.7550        574     2.3875  0.000e+00
     28.925     8.4146   3.354098    31.7537        575     2.3917  0.000e+00
     28.884     8.4148   3.354229    31.7548        576     2.3958  0.000e+00
     28.847     8.4154   3.353811    31.7499        577     2.4000  0.000e+00
     28.799     8.4142   3.353711    31.7500        578     2.4042  0.000e+00
     28.763     8.4127   3.353668    31.7510        579     2.4083  0.000e+00
     28.721     8.4114   3.353755    31.7530        580     2.4125  0.000e+00
     28.683     8.4109   3.353705    31.7530        581     2.4167  0.000e+00
     28.651     8.4106   3.353861    31.7549        582     2.4208  0.000e+00
     28.611     8.4109   3.353736    31.7533        583     2.4250  0.000e+00
     28.583     8.4106   3.353319    31.7493        584     2.4292  0.000e+00
     28.551     8.4088   3.353587    31.7537        585     2.4333  0.000e+00
     28.508     8.4078   3.353119    31.7497        586     2.4375  0.000e+00
     28.474     8.4061   3.352964    31.7497        587     2.4417  0.000e+00
     28.434     8.4039   3.352957    31.7515        588     2.4458  0.000e+00
     28.401     8.4025   3.353219    31.7556        589     2.4500  0.000e+00
     28.372     8.4027   3.353094    31.7541        590     2.4542  0.000e+00
     28.338     8.4040   3.353524    31.7574        591     2.4583  0.000e+00
     28.296     8.4056   3.353350    31.7542        592     2.4625  0.000e+00
     28.260     8.4059   3.353443    31.7550        593     2.4667  0.000e+00
     28.222     8.4062   3.353437    31.7546        594     2.4708  0.000e+00
     28.186     8.4064   3.353319    31.7532        595     2.4750  0.000e+00
     28.146     8.4062   3.353138    31.7515        596     2.4792  0.000e+00
     28.110     8.4048   3.352795    31.7492        597     2.4833  0.000e+00
     28.064     8.4027   3.352671    31.7498        598     2.4875  0.000e+00
     28.027     8.4003   3.351830    31.7431        599     2.4917  0.000e+00
     27.978     8.3962   3.351960    31.7482        600     2.4958  0.000e+00
     27.935     8.3927   3.351960    31.7514        601     2.5000  0.000e+00
     27.893     8.3905   3.351917    31.7530        602     2.5042  0.000e+00
     27.849     8.3890   3.351960    31.7547        603     2.5083  0.000e+00
     27.795     8.3885   3.351979    31.7555        604     2.5125  0.000e+00
     27.754     8.3882   3.352079    31.7568        605     2.5167  0.000e+00
     27.703     8.3886   3.352147    31.7572        606     2.5208  0.000e+00
     27.660     8.3893   3.352141    31.7565        607     2.5250  0.000e+00
     27.616     8.3897   3.352023    31.7549        608     2.5292  0.000e+00
     27.558     8.3894   3.352016    31.7551        609     2.5333  0.000e+00
     27.502     8.3893   3.352147    31.7567        610     2.5375  0.000e+00
     27.452     8.3899   3.353094    31.7661        611     2.5417  0.000e+00
     27.398     8.3940   3.353587    31.7676        612     2.5458  0.000e+00
     27.343     8.4004   3.353306    31.7589        613     2.5500  0.000e+00
     27.287     8.4036   3.353237    31.7553        614     2.5542  0.000e+00
     27.237     8.4048   3.354272    31.7651        615     2.5583  0.000e+00
     27.195     8.4089   3.354727    31.7662        616     2.5625  0.000e+00
     27.148     8.4145   3.354720    31.7611        617     2.5667  0.000e+00
     27.103     8.4186   3.354889    31.7592        618     2.5708  0.000e+00
     27.070     8.4217   3.355356    31.7613        619     2.5750  0.000e+00
     27.038     8.4258   3.355643    31.7607        620     2.5792  0.000e+00
     27.015     8.4299   3.355418    31.7546        621     2.5833  0.000e+00
     26.986     8.4319   3.355574    31.7544        622     2.5875  0.000e+00
     26.960     8.4331   3.355661    31.7543        623     2.5917  0.000e+00
     26.935     8.4347   3.355643    31.7527        624     2.5958  0.000e+00
     26.907     8.4354   3.355686    31.7525        625     2.6000  0.000e+00
