HB2403/sbe117.cnv
* Sea-Bird SBE 19plus V2 Data File:
* FileName = C:\cruise\data\sbe117.hex
* Software Version Seasave V 7.26.7.121
* Temperature SN = 6128
* Conductivity SN = 6128
* System UpLoad Time = Jun 11 2024 20:18:25
* NMEA Latitude = 43 07.05 N
* NMEA Longitude = 069 05.84 W
* NMEA UTC (Time) = Jun 11 2024  20:19:02
** Ship: Henry Bigelow
** Cruise:  HB2403
** Program:  ECOMON
# nquan = 7
# nvalues = 1764                                  
# units = specified
# name 0 = depSM: Depth [salt water, m]
# name 1 = tv290C: Temperature [ITS-90, deg C]
# name 2 = c0S/m: Conductivity [S/m]
# name 3 = sal00: Salinity, Practical [PSU]
# name 4 = scan: Scan Count
# name 5 = timeM: Time, Elapsed [minutes]
# name 6 = flag:  0.000e+00
# span 0 =      0.174,    163.998                 
# span 1 =     5.8991,    13.9549                 
# span 2 =   3.173827,   3.822840                 
# span 3 =    30.9962,    33.0992                 
# span 4 =         11,       1774                 
# span 5 =     0.0417,     7.3875                 
# span 6 = 0.0000e+00, 0.0000e+00                 
# interval = seconds: 0.25
# start_time = Jun 11 2024 20:19:02 [NMEA time, header]
# bad_flag = -9.990e-29
*END*
[from data line 1026]
    150.252     6.6337   3.321550    33.0064       1037     4.3167  0.000e+00
    150.076     6.6298   3.318366    32.9751       1038     4.3208  0.000e+00
    149.891     6.6196   3.316629    32.9658       1039     4.3250  0.000e+00
    149.707     6.6072   3.315313    32.9633       1040     4.3292  0.000e+00
    149.510     6.5959   3.312597    32.9444       1041     4.3333  0.000e+00
    149.309     6.5824   3.311053    32.9404       1042     4.3375  0.000e+00
    149.085     6.5679   3.309174    32.9337       1043     4.3417  0.000e+00
    148.859     6.5542   3.308034    32.9344       1044     4.3458  0.000e+00
    148.622     6.5418   3.307216    32.9374       1045     4.3500  0.000e+00
    148.377     6.5319   3.306875    32.9433       1046     4.3542  0.000e+00
    148.127     6.5250   3.306813    32.9494       1047     4.3583  0.000e+00
    147.868     6.5207   3.306751    32.9530       1048     4.3625  0.000e+00
    147.603     6.5178   3.306676    32.9551       1049     4.3667  0.000e+00
    147.341     6.5161   3.306602    32.9560       1050     4.3708  0.000e+00
    147.075     6.5150   3.306521    32.9563       1051     4.3750  0.000e+00
    146.792     6.5140   3.306094    32.9527       1052     4.3792  0.000e+00
    146.531     6.5126   3.305970    32.9528       1053     4.3833  0.000e+00
    146.259     6.5110   3.304117    32.9340       1054     4.3875  0.000e+00
    145.991     6.5065   3.301849    32.9134       1055     4.3917  0.000e+00
    145.735     6.4973   3.299911    32.9010       1056     4.3958  0.000e+00
    145.469     6.4864   3.295961    32.8679       1057     4.4000  0.000e+00
    145.225     6.4716   3.294655    32.8678       1058     4.4042  0.000e+00
    144.987     6.4569   3.294247    32.8775       1059     4.4083  0.000e+00
    144.750     6.4468   3.293758    32.8820       1060     4.4125  0.000e+00
    144.529     6.4400   3.293461    32.8853       1061     4.4167  0.000e+00
    144.314     6.4352   3.293189    32.8870       1062     4.4208  0.000e+00
    144.112     6.4316   3.292960    32.8881       1063     4.4250  0.000e+00
    143.909     6.4291   3.292706    32.8878       1064     4.4292  0.000e+00
    143.716     6.4269   3.291364    32.8751       1065     4.4333  0.000e+00
    143.520     6.4230   3.289867    32.8623       1066     4.4375  0.000e+00
    143.347     6.4168   3.289353    32.8628       1067     4.4417  0.000e+00
    143.162     6.4113   3.289162    32.8660       1068     4.4458  0.000e+00
    142.978     6.4072   3.288852    32.8666       1069     4.4500  0.000e+00
    142.788     6.4040   3.288314    32.8638       1070     4.4542  0.000e+00
    142.608     6.4009   3.287492    32.8577       1071     4.4583  0.000e+00
    142.416     6.3972   3.285958    32.8444       1072     4.4625  0.000e+00
    142.217     6.3912   3.285649    32.8468       1073     4.4667  0.000e+00
    142.016     6.3862   3.285501    32.8501       1074     4.4708  0.000e+00
    141.797     6.3825   3.285247    32.8510       1075     4.4750  0.000e+00
    141.577     6.3796   3.284537    32.8460       1076     4.4792  0.000e+00
    141.345     6.3764   3.283443    32.8371       1077     4.4833  0.000e+00
    141.103     6.3719   3.283307    32.8400       1078     4.4875  0.000e+00
    140.846     6.3680   3.282738    32.8375       1079     4.4917  0.000e+00
    140.597     6.3646   3.282719    32.8407       1080     4.4958  0.000e+00
    140.337     6.3620   3.281576    32.8307       1081     4.5000  0.000e+00
    140.060     6.3582   3.280983    32.8280       1082     4.5042  0.000e+00
    139.795     6.3537   3.279333    32.8140       1083     4.5083  0.000e+00
    139.511     6.3474   3.277499    32.7999       1084     4.5125  0.000e+00
    139.243     6.3385   3.275547    32.7870       1085     4.5167  0.000e+00
    138.977     6.3281   3.274664    32.7873       1086     4.5208  0.000e+00
    138.704     6.3189   3.274455    32.7939       1087     4.5250  0.000e+00
    138.448     6.3129   3.274479    32.8002       1088     4.5292  0.000e+00
    138.198     6.3096   3.274288    32.8013       1089     4.5333  0.000e+00
    137.950     6.3083   3.274022    32.7997       1090     4.5375  0.000e+00
    137.723     6.3076   3.273954    32.7997       1091     4.5417  0.000e+00
    137.492     6.3070   3.273893    32.7997       1092     4.5458  0.000e+00
    137.284     6.3066   3.273726    32.7984       1093     4.5500  0.000e+00
    137.079     6.3062   3.273195    32.7930       1094     4.5542  0.000e+00
    136.884     6.3051   3.272578    32.7873       1095     4.5583  0.000e+00
    136.691     6.3028   3.272479    32.7885       1096     4.5625  0.000e+00
    136.501     6.3010   3.272349    32.7889       1097     4.5667  0.000e+00
    136.313     6.2994   3.271633    32.7826       1098     4.5708  0.000e+00
    136.134     6.2972   3.271084    32.7786       1099     4.5750  0.000e+00
    135.939     6.2941   3.270584    32.7761       1100     4.5792  0.000e+00
    135.747     6.2907   3.270356    32.7770       1101     4.5833  0.000e+00
    135.552     6.2877   3.270146    32.7777       1102     4.5875  0.000e+00
    135.346     6.2855   3.270090    32.7792       1103     4.5917  0.000e+00
    135.140     6.2837   3.270102    32.7812       1104     4.5958  0.000e+00
    134.925     6.2828   3.270041    32.7815       1105     4.6000  0.000e+00
    134.710     6.2822   3.269936    32.7810       1106     4.6042  0.000e+00
    134.479     6.2818   3.269849    32.7805       1107     4.6083  0.000e+00
    134.244     6.2814   3.269750    32.7800       1108     4.6125  0.000e+00
    134.007     6.2809   3.269627    32.7792       1109     4.6167  0.000e+00
    133.765     6.2804   3.269522    32.7786       1110     4.6208  0.000e+00
    133.517     6.2799   3.269312    32.7769       1111     4.6250  0.000e+00
    133.273     6.2789   3.268467    32.7685       1112     4.6292  0.000e+00
    133.015     6.2772   3.266277    32.7459       1113     4.6333  0.000e+00
    132.760     6.2717   3.265302    32.7406       1114     4.6375  0.000e+00
    132.511     6.2644   3.265031    32.7446       1115     4.6417  0.000e+00
    132.257     6.2590   3.264538    32.7445       1116     4.6458  0.000e+00
    132.011     6.2546   3.263514    32.7375       1117     4.6500  0.000e+00
    131.769     6.2497   3.262645    32.7327       1118     4.6542  0.000e+00
    131.541     6.2436   3.261856    32.7298       1119     4.6583  0.000e+00
    131.312     6.2377   3.261356    32.7301       1120     4.6625  0.000e+00
    131.096     6.2324   3.260968    32.7310       1121     4.6667  0.000e+00
    130.892     6.2279   3.260777    32.7332       1122     4.6708  0.000e+00
    130.684     6.2248   3.260425    32.7325       1123     4.6750  0.000e+00
    130.491     6.2223   3.260234    32.7328       1124     4.6792  0.000e+00
    130.298     6.2198   3.260234    32.7353       1125     4.6833  0.000e+00
    130.095     6.2184   3.260025    32.7344       1126     4.6875  0.000e+00
    129.896     6.2170   3.259575    32.7309       1127     4.6917  0.000e+00
    129.688     6.2154   3.259445    32.7311       1128     4.6958  0.000e+00
    129.477     6.2136   3.259075    32.7287       1129     4.7000  0.000e+00
    129.256     6.2118   3.257560    32.7137       1130     4.7042  0.000e+00
    129.030     6.2074   3.256444    32.7056       1131     4.7083  0.000e+00
    128.796     6.2012   3.254997    32.6956       1132     4.7125  0.000e+00
    128.564     6.1941   3.253796    32.6892       1133     4.7167  0.000e+00
    128.325     6.1862   3.253506    32.6936       1134     4.7208  0.000e+00
    128.089     6.1800   3.253131    32.6956       1135     4.7250  0.000e+00
    127.856     6.1755   3.252946    32.6980       1136     4.7292  0.000e+00
    127.624     6.1722   3.252509    32.6963       1137     4.7333  0.000e+00
    127.398     6.1695   3.252139    32.6949       1138     4.7375  0.000e+00
    127.176     6.1670   3.251911    32.6949       1139     4.7417  0.000e+00
    126.957     6.1651   3.251665    32.6941       1140     4.7458  0.000e+00
    126.744     6.1633   3.251376    32.6928       1141     4.7500  0.000e+00
    126.532     6.1614   3.251271    32.6935       1142     4.7542  0.000e+00
    126.319     6.1600   3.251215    32.6943       1143     4.7583  0.000e+00
    126.107     6.1591   3.251166    32.6947       1144     4.7625  0.000e+00
    125.900     6.1585   3.251147    32.6952       1145     4.7667  0.000e+00
    125.691     6.1581   3.251067    32.6948       1146     4.7708  0.000e+00
    125.484     6.1578   3.250901    32.6933       1147     4.7750  0.000e+00
    125.274     6.1574   3.250255    32.6866       1148     4.7792  0.000e+00
    125.073     6.1558   3.249701    32.6821       1149     4.7833  0.000e+00
    124.873     6.1536   3.249183    32.6785       1150     4.7875  0.000e+00
    124.672     6.1510   3.248402    32.6724       1151     4.7917  0.000e+00
    124.461     6.1475   3.247472    32.6655       1152     4.7958  0.000e+00
    124.260     6.1433   3.246789    32.6620       1153     4.8000  0.000e+00
    124.052     6.1391   3.246112    32.6587       1154     4.8042  0.000e+00
    123.846     6.1348   3.245780    32.6591       1155     4.8083  0.000e+00
    123.631     6.1313   3.244956    32.6534       1156     4.8125  0.000e+00
    123.409     6.1277   3.244070    32.6471       1157     4.8167  0.000e+00
    123.192     6.1232   3.243528    32.6455       1158     4.8208  0.000e+00
    122.959     6.1192   3.243098    32.6447       1159     4.8250  0.000e+00
    122.730     6.1156   3.242821    32.6451       1160     4.8292  0.000e+00
    122.496     6.1127   3.242729    32.6471       1161     4.8333  0.000e+00
    122.261     6.1106   3.242255    32.6439       1162     4.8375  0.000e+00
    122.026     6.1085   3.242028    32.6435       1163     4.8417  0.000e+00
    121.806     6.1066   3.241941    32.6445       1164     4.8458  0.000e+00
    121.578     6.1051   3.241615    32.6424       1165     4.8500  0.000e+00
    121.352     6.1036   3.241308    32.6404       1166     4.8542  0.000e+00
    121.130     6.1020   3.241099    32.6398       1167     4.8583  0.000e+00
    120.922     6.1005   3.241056    32.6409       1168     4.8625  0.000e+00
    120.716     6.0994   3.240834    32.6395       1169     4.8667  0.000e+00
    120.512     6.0983   3.240459    32.6365       1170     4.8708  0.000e+00
    120.314     6.0968   3.240109    32.6342       1171     4.8750  0.000e+00
    120.119     6.0949   3.239863    32.6333       1172     4.8792  0.000e+00
    119.919     6.0932   3.239494    32.6309       1173     4.8833  0.000e+00
    119.716     6.0913   3.239278    32.6305       1174     4.8875  0.000e+00
    119.514     6.0893   3.239205    32.6316       1175     4.8917  0.000e+00
    119.315     6.0879   3.239125    32.6321       1176     4.8958  0.000e+00
    119.100     6.0872   3.238915    32.6307       1177     4.9000  0.000e+00
    118.890     6.0860   3.238467    32.6269       1178     4.9042  0.000e+00
    118.683     6.0842   3.237520    32.6181       1179     4.9083  0.000e+00
    118.457     6.0811   3.236801    32.6132       1180     4.9125  0.000e+00
    118.236     6.0773   3.236094    32.6090       1181     4.9167  0.000e+00
    118.014     6.0732   3.234478    32.5950       1182     4.9208  0.000e+00
    117.790     6.0672   3.233612    32.5912       1183     4.9250  0.000e+00
    117.571     6.0611   3.232788    32.5880       1184     4.9292  0.000e+00
    117.346     6.0554   3.232358    32.5888       1185     4.9333  0.000e+00
    117.127     6.0507   3.232094    32.5904       1186     4.9375  0.000e+00
    116.912     6.0473   3.231971    32.5925       1187     4.9417  0.000e+00
    116.695     6.0450   3.231897    32.5940       1188     4.9458  0.000e+00
    116.487     6.0435   3.231848    32.5949       1189     4.9500  0.000e+00
    116.288     6.0428   3.231787    32.5950       1190     4.9542  0.000e+00
    116.082     6.0420   3.231787    32.5959       1191     4.9583  0.000e+00
    115.896     6.0415   3.231787    32.5965       1192     4.9625  0.000e+00
    115.700     6.0415   3.231787    32.5966       1193     4.9667  0.000e+00
    115.505     6.0413   3.231787    32.5968       1194     4.9708  0.000e+00
    115.315     6.0414   3.231700    32.5959       1195     4.9750  0.000e+00
    115.124     6.0413   3.231664    32.5957       1196     4.9792  0.000e+00
    114.929     6.0411   3.231682    32.5962       1197     4.9833  0.000e+00
    114.728     6.0409   3.231786    32.5976       1198     4.9875  0.000e+00
    114.531     6.0413   3.231823    32.5978       1199     4.9917  0.000e+00
    114.337     6.0419   3.231786    32.5969       1200     4.9958  0.000e+00
    114.126     6.0422   3.231663    32.5953       1201     5.0000  0.000e+00
    113.918     6.0425   3.231332    32.5914       1202     5.0042  0.000e+00
    113.695     6.0418   3.230883    32.5871       1203     5.0083  0.000e+00
    113.480     6.0407   3.230435    32.5833       1204     5.0125  0.000e+00
    113.255     6.0391   3.230078    32.5810       1205     5.0167  0.000e+00
    113.029     6.0378   3.229919    32.5806       1206     5.0208  0.000e+00
    112.803     6.0369   3.229691    32.5790       1207     5.0250  0.000e+00
    112.564     6.0359   3.229421    32.5770       1208     5.0292  0.000e+00
    112.331     6.0349   3.229280    32.5765       1209     5.0333  0.000e+00
    112.100     6.0339   3.228482    32.5687       1210     5.0375  0.000e+00
    111.867     6.0313   3.227395    32.5591       1211     5.0417  0.000e+00
    111.634     6.0264   3.227162    32.5614       1212     5.0458  0.000e+00
    111.383     6.0221   3.226799    32.5616       1213     5.0500  0.000e+00
    111.151     6.0184   3.226308    32.5597       1214     5.0542  0.000e+00
    110.916     6.0150   3.226020    32.5599       1215     5.0583  0.000e+00
    110.683     6.0119   3.225529    32.5575       1216     5.0625  0.000e+00
    110.448     6.0090   3.225222    32.5569       1217     5.0667  0.000e+00
    110.228     6.0065   3.224933    32.5562       1218     5.0708  0.000e+00
    110.013     6.0043   3.224381    32.5522       1219     5.0750  0.000e+00
    109.805     6.0022   3.224282    32.5533       1220     5.0792  0.000e+00
    109.602     6.0010   3.224184    32.5535       1221     5.0833  0.000e+00
    109.407     6.0000   3.224117    32.5538       1222     5.0875  0.000e+00
    109.212     5.9993   3.224055    32.5539       1223     5.0917  0.000e+00
    109.029     5.9987   3.224055    32.5545       1224     5.0958  0.000e+00
    108.856     5.9984   3.224055    32.5549       1225     5.1000  0.000e+00
    108.675     5.9983   3.224037    32.5548       1226     5.1042  0.000e+00
    108.494     5.9983   3.224037    32.5550       1227     5.1083  0.000e+00
    108.317     5.9983   3.223994    32.5546       1228     5.1125  0.000e+00
    108.129     5.9984   3.223994    32.5546       1229     5.1167  0.000e+00
    107.939     5.9985   3.223699    32.5512       1230     5.1208  0.000e+00
    107.729     5.9981   3.223521    32.5497       1231     5.1250  0.000e+00
    107.536     5.9977   3.223545    32.5505       1232     5.1292  0.000e+00
    107.317     5.9974   3.222870    32.5433       1233     5.1333  0.000e+00
    107.093     5.9961   3.221968    32.5346       1234     5.1375  0.000e+00
    106.862     5.9933   3.221803    32.5355       1235     5.1417  0.000e+00
    106.613     5.9909   3.221698    32.5368       1236     5.1458  0.000e+00
    106.364     5.9890   3.221619    32.5379       1237     5.1500  0.000e+00
    106.118     5.9878   3.221373    32.5364       1238     5.1542  0.000e+00
    105.852     5.9863   3.220146    32.5242       1239     5.1583  0.000e+00
    105.594     5.9834   3.219790    32.5232       1240     5.1625  0.000e+00
