HB2403/sbe130.cnv
* Sea-Bird SBE 19plus V2 Data File:
* FileName = C:\cruise\data\sbe130.hex
* Software Version Seasave V 7.26.7.121
* Temperature SN = 6128
* Conductivity SN = 6128
* System UpLoad Time = Jun 12 2024 22:40:26
* NMEA Latitude = 42 03.23 N
* NMEA Longitude = 069 39.23 W
* NMEA UTC (Time) = Jun 12 2024  22:41:04
** Ship: Henry Bigelow
** Cruise:  HB2403
** Program:  ECOMON
# nquan = 7
# nvalues = 4363                                  
# units = specified
# name 0 = depSM: Depth [salt water, m]
# name 1 = tv290C: Temperature [ITS-90, deg C]
# name 2 = c0S/m: Conductivity [S/m]
# name 3 = sal00: Salinity, Practical [PSU]
# name 4 = scan: Scan Count
# name 5 = timeM: Time, Elapsed [minutes]
# name 6 = flag:  0.000e+00
# span 0 =     -0.258,    214.925                 
# span 1 =     4.9196,    16.9638                 
# span 2 =   0.000795,   3.896673                 
# span 3 =     0.0106,    34.0024                 
# span 4 =         11,       4373                 
# span 5 =     0.0417,    18.2167                 
# span 6 = 0.0000e+00, 0.0000e+00                 
# interval = seconds: 0.25
# start_time = Jun 12 2024 22:41:04 [NMEA time, header]
# bad_flag = -9.990e-29
*END*
[from data line 3693]
    136.779     7.1102   3.381899    33.2158       3704    15.4292  0.000e+00
    136.584     7.1099   3.381731    33.2142       3705    15.4333  0.000e+00
    136.383     7.1098   3.381680    33.2139       3706    15.4375  0.000e+00
    136.174     7.1096   3.381487    33.2120       3707    15.4417  0.000e+00
    135.952     7.1092   3.380793    33.2050       3708    15.4458  0.000e+00
    135.711     7.1086   3.380392    33.2013       3709    15.4500  0.000e+00
    135.463     7.1078   3.379711    33.1948       3710    15.4542  0.000e+00
    135.211     7.1068   3.378567    33.1834       3711    15.4583  0.000e+00
    134.960     7.1042   3.377617    33.1756       3712    15.4625  0.000e+00
    134.684     7.1003   3.376455    33.1669       3713    15.4667  0.000e+00
    134.415     7.0955   3.375630    33.1626       3714    15.4708  0.000e+00
    134.146     7.0909   3.375636    33.1672       3715    15.4750  0.000e+00
    133.874     7.0879   3.375736    33.1713       3716    15.4792  0.000e+00
    133.609     7.0869   3.373956    33.1530       3717    15.4833  0.000e+00
    133.346     7.0844   3.371445    33.1281       3718    15.4875  0.000e+00
    133.085     7.0782   3.369859    33.1169       3719    15.4917  0.000e+00
    132.840     7.0701   3.369335    33.1191       3720    15.4958  0.000e+00
    132.612     7.0622   3.369185    33.1252       3721    15.5000  0.000e+00
    132.387     7.0566   3.369035    33.1290       3722    15.5042  0.000e+00
    132.181     7.0536   3.368192    33.1228       3723    15.5083  0.000e+00
    131.984     7.0501   3.367094    33.1143       3724    15.5125  0.000e+00
    131.805     7.0454   3.366663    33.1142       3725    15.5167  0.000e+00
    131.632     7.0407   3.367237    33.1250       3726    15.5208  0.000e+00
    131.469     7.0385   3.367031    33.1249       3727    15.5250  0.000e+00
    131.310     7.0372   3.365171    33.1060       3728    15.5292  0.000e+00
    131.149     7.0338   3.364597    33.1031       3729    15.5333  0.000e+00
    130.996     7.0295   3.365134    33.1131       3730    15.5375  0.000e+00
    130.826     7.0270   3.363356    33.0961       3731    15.5417  0.000e+00
    130.653     7.0233   3.360823    33.0721       3732    15.5458  0.000e+00
    130.468     7.0154   3.360730    33.0788       3733    15.5500  0.000e+00
    130.274     7.0087   3.359507    33.0720       3734    15.5542  0.000e+00
    130.066     7.0036   3.358422    33.0651       3735    15.5583  0.000e+00
    129.835     6.9980   3.355542    33.0391       3736    15.5625  0.000e+00
    129.597     6.9896   3.353778    33.0281       3737    15.5667  0.000e+00
    129.349     6.9789   3.352264    33.0218       3738    15.5708  0.000e+00
    129.092     6.9685   3.349604    33.0028       3739    15.5750  0.000e+00
    128.828     6.9559   3.346191    32.9777       3740    15.5792  0.000e+00
    128.565     6.9412   3.345762    32.9872       3741    15.5833  0.000e+00
    128.283     6.9281   3.343477    32.9749       3742    15.5875  0.000e+00
    128.013     6.9150   3.339831    32.9477       3743    15.5917  0.000e+00
    127.759     6.8996   3.337399    32.9360       3744    15.5958  0.000e+00
    127.497     6.8819   3.333612    32.9116       3745    15.6000  0.000e+00
    127.259     6.8617   3.330908    32.9014       3746    15.6042  0.000e+00
    127.013     6.8412   3.328913    32.8993       3747    15.6083  0.000e+00
    126.787     6.8219   3.325770    32.8833       3748    15.6125  0.000e+00
    126.580     6.8021   3.325813    32.9029       3749    15.6167  0.000e+00
    126.369     6.7859   3.325745    32.9178       3750    15.6208  0.000e+00
    126.176     6.7759   3.324838    32.9175       3751    15.6250  0.000e+00
    125.999     6.7684   3.324578    32.9219       3752    15.6292  0.000e+00
    125.818     6.7626   3.321212    32.8906       3753    15.6333  0.000e+00
    125.643     6.7532   3.318903    32.8743       3754    15.6375  0.000e+00
    125.459     6.7381   3.311012    32.8021       3755    15.6417  0.000e+00
    125.282     6.7128   3.306091    32.7723       3756    15.6458  0.000e+00
    125.105     6.6784   3.307039    32.8157       3757    15.6500  0.000e+00
    124.918     6.6528   3.301965    32.7845       3758    15.6542  0.000e+00
    124.721     6.6289   3.297946    32.7632       3759    15.6583  0.000e+00
    124.515     6.6032   3.295322    32.7590       3760    15.6625  0.000e+00
    124.298     6.5797   3.294691    32.7746       3761    15.6667  0.000e+00
    124.078     6.5615   3.294320    32.7880       3762    15.6708  0.000e+00
    123.838     6.5492   3.293682    32.7929       3763    15.6750  0.000e+00
    123.599     6.5404   3.292655    32.7901       3764    15.6792  0.000e+00
    123.345     6.5328   3.292364    32.7943       3765    15.6833  0.000e+00
    123.103     6.5269   3.291907    32.7950       3766    15.6875  0.000e+00
    122.854     6.5229   3.291653    32.7962       3767    15.6917  0.000e+00
    122.604     6.5197   3.291399    32.7966       3768    15.6958  0.000e+00
    122.353     6.5174   3.290774    32.7920       3769    15.7000  0.000e+00
    122.107     6.5147   3.289599    32.7817       3770    15.7042  0.000e+00
    121.869     6.5111   3.289302    32.7820       3771    15.7083  0.000e+00
    121.637     6.5073   3.288634    32.7784       3772    15.7125  0.000e+00
    121.396     6.5036   3.288344    32.7788       3773    15.7167  0.000e+00
    121.171     6.5004   3.288028    32.7785       3774    15.7208  0.000e+00
    120.948     6.4973   3.287397    32.7746       3775    15.7250  0.000e+00
    120.740     6.4945   3.287039    32.7735       3776    15.7292  0.000e+00
    120.527     6.4918   3.286791    32.7734       3777    15.7333  0.000e+00
    120.326     6.4897   3.286729    32.7749       3778    15.7375  0.000e+00
    120.123     6.4881   3.286414    32.7730       3779    15.7417  0.000e+00
    119.925     6.4866   3.286179    32.7719       3780    15.7458  0.000e+00
    119.730     6.4847   3.283107    32.7398       3781    15.7500  0.000e+00
    119.524     6.4791   3.279869    32.7095       3782    15.7542  0.000e+00
    119.321     6.4676   3.278035    32.7003       3783    15.7583  0.000e+00
    119.123     6.4538   3.277028    32.7025       3784    15.7625  0.000e+00
    118.921     6.4417   3.272885    32.6684       3785    15.7667  0.000e+00
    118.712     6.4265   3.269911    32.6501       3786    15.7708  0.000e+00
    118.501     6.4086   3.268806    32.6551       3787    15.7750  0.000e+00
    118.281     6.3926   3.267912    32.6606       3788    15.7792  0.000e+00
    118.070     6.3798   3.265636    32.6477       3789    15.7833  0.000e+00
    117.849     6.3674   3.263755    32.6388       3790    15.7875  0.000e+00
    117.625     6.3548   3.262947    32.6420       3791    15.7917  0.000e+00
    117.397     6.3440   3.262596    32.6486       3792    15.7958  0.000e+00
    117.166     6.3356   3.262158    32.6519       3793    15.8000  0.000e+00
    116.935     6.3291   3.262029    32.6568       3794    15.8042  0.000e+00
    116.703     6.3246   3.261825    32.6590       3795    15.8083  0.000e+00
    116.477     6.3212   3.261640    32.6603       3796    15.8125  0.000e+00
    116.241     6.3187   3.260975    32.6555       3797    15.8167  0.000e+00
    116.009     6.3160   3.260543    32.6533       3798    15.8208  0.000e+00
    115.783     6.3128   3.259785    32.6481       3799    15.8250  0.000e+00
    115.557     6.3092   3.259132    32.6444       3800    15.8292  0.000e+00
    115.327     6.3052   3.257912    32.6348       3801    15.8333  0.000e+00
    115.102     6.3003   3.256975    32.6292       3802    15.8375  0.000e+00
    114.878     6.2943   3.256088    32.6251       3803    15.8417  0.000e+00
    114.655     6.2883   3.254098    32.6090       3804    15.8458  0.000e+00
    114.431     6.2810   3.251598    32.5883       3805    15.8500  0.000e+00
    114.208     6.2710   3.250644    32.5874       3806    15.8542  0.000e+00
    113.988     6.2607   3.250355    32.5941       3807    15.8583  0.000e+00
    113.776     6.2528   3.249616    32.5936       3808    15.8625  0.000e+00
    113.568     6.2462   3.247794    32.5797       3809    15.8667  0.000e+00
    113.364     6.2390   3.246754    32.5752       3810    15.8708  0.000e+00
    113.157     6.2318   3.246065    32.5745       3811    15.8750  0.000e+00
    112.952     6.2252   3.245880    32.5788       3812    15.8792  0.000e+00
    112.746     6.2201   3.245548    32.5801       3813    15.8833  0.000e+00
    112.531     6.2162   3.244847    32.5762       3814    15.8875  0.000e+00
    112.314     6.2123   3.244084    32.5716       3815    15.8917  0.000e+00
    112.099     6.2077   3.243506    32.5696       3816    15.8958  0.000e+00
    111.880     6.2030   3.242558    32.5636       3817    15.9000  0.000e+00
    111.654     6.1981   3.238973    32.5286       3818    15.9042  0.000e+00
    111.423     6.1884   3.236011    32.5050       3819    15.9083  0.000e+00
    111.190     6.1741   3.235439    32.5124       3820    15.9125  0.000e+00
    110.960     6.1617   3.234659    32.5157       3821    15.9167  0.000e+00
    110.733     6.1519   3.232748    32.5039       3822    15.9208  0.000e+00
    110.501     6.1420   3.230629    32.4899       3823    15.9250  0.000e+00
    110.271     6.1308   3.229094    32.4835       3824    15.9292  0.000e+00
    110.045     6.1193   3.227375    32.4755       3825    15.9333  0.000e+00
    109.814     6.1078   3.225343    32.4640       3826    15.9375  0.000e+00
    109.588     6.0950   3.222275    32.4420       3827    15.9417  0.000e+00
    109.364     6.0804   3.221048    32.4424       3828    15.9458  0.000e+00
    109.140     6.0659   3.220778    32.4535       3829    15.9500  0.000e+00
    108.908     6.0553   3.220496    32.4605       3830    15.9542  0.000e+00
    108.693     6.0479   3.219551    32.4572       3831    15.9583  0.000e+00
    108.473     6.0416   3.218043    32.4464       3832    15.9625  0.000e+00
    108.249     6.0345   3.216124    32.4319       3833    15.9667  0.000e+00
    108.028     6.0254   3.214959    32.4277       3834    15.9708  0.000e+00
    107.813     6.0163   3.214248    32.4285       3835    15.9750  0.000e+00
    107.603     6.0082   3.213898    32.4325       3836    15.9792  0.000e+00
    107.388     6.0017   3.213574    32.4351       3837    15.9833  0.000e+00
    107.173     5.9967   3.213451    32.4387       3838    15.9875  0.000e+00
    106.960     5.9931   3.213451    32.4422       3839    15.9917  0.000e+00
    106.750     5.9908   3.213390    32.4439       3840    15.9958  0.000e+00
    106.551     5.9893   3.212470    32.4352       3841    16.0000  0.000e+00
    106.350     5.9866   3.212225    32.4351       3842    16.0042  0.000e+00
    106.142     5.9836   3.212103    32.4367       3843    16.0083  0.000e+00
    105.929     5.9812   3.212017    32.4381       3844    16.0125  0.000e+00
    105.719     5.9794   3.210350    32.4213       3845    16.0167  0.000e+00
    105.510     5.9756   3.208439    32.4037       3846    16.0208  0.000e+00
    105.295     5.9684   3.206405    32.3879       3847    16.0250  0.000e+00
    105.071     5.9587   3.203822    32.3683       3848    16.0292  0.000e+00
    104.839     5.9474   3.202787    32.3677       3849    16.0333  0.000e+00
    104.600     5.9360   3.200204    32.3498       3850    16.0375  0.000e+00
    104.362     5.9234   3.197146    32.3277       3851    16.0417  0.000e+00
    104.121     5.9082   3.196087    32.3304       3852    16.0458  0.000e+00
    103.866     5.8941   3.195500    32.3375       3853    16.0500  0.000e+00
    103.612     5.8831   3.194467    32.3365       3854    16.0542  0.000e+00
    103.363     5.8738   3.193758    32.3376       3855    16.0583  0.000e+00
    103.115     5.8656   3.192767    32.3344       3856    16.0625  0.000e+00
    102.875     5.8581   3.191086    32.3229       3857    16.0667  0.000e+00
    102.640     5.8494   3.189509    32.3136       3858    16.0708  0.000e+00
    102.415     5.8392   3.188519    32.3123       3859    16.0750  0.000e+00
    102.203     5.8293   3.187811    32.3139       3860    16.0792  0.000e+00
    101.995     5.8209   3.186680    32.3094       3861    16.0833  0.000e+00
    101.793     5.8128   3.183834    32.2852       3862    16.0875  0.000e+00
    101.592     5.8016   3.182143    32.2770       3863    16.0917  0.000e+00
    101.402     5.7886   3.181172    32.2787       3864    16.0958  0.000e+00
    101.200     5.7773   3.179640    32.2724       3865    16.1000  0.000e+00
    101.005     5.7664   3.179396    32.2801       3866    16.1042  0.000e+00
    100.808     5.7582   3.177284    32.2644       3867    16.1083  0.000e+00
    100.603     5.7491   3.176698    32.2665       3868    16.1125  0.000e+00
    100.397     5.7406   3.175673    32.2632       3869    16.1167  0.000e+00
    100.182     5.7333   3.176839    32.2835       3870    16.1208  0.000e+00
     99.949     5.7311   3.177162    32.2893       3871    16.1250  0.000e+00
     99.712     5.7326   3.176723    32.2830       3872    16.1292  0.000e+00
     99.472     5.7334   3.175856    32.2726       3873    16.1333  0.000e+00
     99.222     5.7325   3.174526    32.2586       3874    16.1375  0.000e+00
     98.969     5.7291   3.173361    32.2489       3875    16.1417  0.000e+00
     98.708     5.7222   3.170068    32.2185       3876    16.1458  0.000e+00
     98.449     5.7100   3.167496    32.2014       3877    16.1500  0.000e+00
     98.191     5.6924   3.165491    32.1957       3878    16.1542  0.000e+00
     97.949     5.6740   3.165010    32.2080       3879    16.1583  0.000e+00
     97.709     5.6595   3.163669    32.2069       3880    16.1625  0.000e+00
     97.479     5.6491   3.163450    32.2144       3881    16.1667  0.000e+00
     97.268     5.6420   3.163450    32.2214       3882    16.1708  0.000e+00
     97.069     5.6378   3.163748    32.2289       3883    16.1750  0.000e+00
     96.887     5.6362   3.163627    32.2291       3884    16.1792  0.000e+00
     96.710     5.6355   3.163547    32.2290       3885    16.1833  0.000e+00
     96.545     5.6351   3.163090    32.2242       3886    16.1875  0.000e+00
     96.388     5.6338   3.163127    32.2260       3887    16.1917  0.000e+00
     96.233     5.6326   3.162408    32.2192       3888    16.1958  0.000e+00
     96.071     5.6304   3.162164    32.2186       3889    16.2000  0.000e+00
     95.896     5.6279   3.162487    32.2247       3890    16.2042  0.000e+00
     95.713     5.6263   3.162280    32.2240       3891    16.2083  0.000e+00
     95.521     5.6255   3.161366    32.2145       3892    16.2125  0.000e+00
     95.308     5.6228   3.160788    32.2107       3893    16.2167  0.000e+00
     95.066     5.6188   3.159947    32.2051       3894    16.2208  0.000e+00
     94.809     5.6142   3.157244    32.1791       3895    16.2250  0.000e+00
     94.539     5.6047   3.153550    32.1467       3896    16.2292  0.000e+00
     94.255     5.5879   3.151336    32.1378       3897    16.2333  0.000e+00
     93.965     5.5691   3.150119    32.1422       3898    16.2375  0.000e+00
     93.662     5.5528   3.149420    32.1500       3899    16.2417  0.000e+00
     93.357     5.5420   3.148508    32.1502       3900    16.2458  0.000e+00
     93.055     5.5345   3.148070    32.1526       3901    16.2500  0.000e+00
     92.768     5.5293   3.147772    32.1543       3902    16.2542  0.000e+00
     92.491     5.5254   3.147170    32.1514       3903    16.2583  0.000e+00
     92.227     5.5221   3.146057    32.1421       3904    16.2625  0.000e+00
     91.980     5.5173   3.144726    32.1317       3905    16.2667  0.000e+00
     91.755     5.5107   3.143389    32.1230       3906    16.2708  0.000e+00
     91.549     5.5031   3.142156    32.1165       3907    16.2750  0.000e+00
