HB2403/sbe131.cnv
* Sea-Bird SBE 19plus V2 Data File:
* FileName = C:\cruise\data\sbe131.hex
* Software Version Seasave V 7.26.7.121
* Temperature SN = 6128
* Conductivity SN = 6128
* System UpLoad Time = Jun 13 2024 01:05:31
* NMEA Latitude = 41 51.22 N
* NMEA Longitude = 069 19.02 W
* NMEA UTC (Time) = Jun 13 2024  01:06:10
** Ship: Henry Bigelow
** Cruise:  HB2403
** Program:  ECOMON
# nquan = 7
# nvalues = 4208                                  
# units = specified
# name 0 = depSM: Depth [salt water, m]
# name 1 = tv290C: Temperature [ITS-90, deg C]
# name 2 = c0S/m: Conductivity [S/m]
# name 3 = sal00: Salinity, Practical [PSU]
# name 4 = scan: Scan Count
# name 5 = timeM: Time, Elapsed [minutes]
# name 6 = flag:  0.000e+00
# span 0 =      0.019,    185.325                 
# span 1 =     5.1550,    16.4772                 
# span 2 =  -0.012802,   3.933360                 
# span 3 =     0.0000,    33.8255                 
# span 4 =         11,       4218                 
# span 5 =     0.0417,    17.5708                 
# span 6 = 0.0000e+00, 0.0000e+00                 
# interval = seconds: 0.25
# start_time = Jun 13 2024 01:06:10 [NMEA time, header]
# bad_flag = -9.990e-29
*END*
[from data line 3693]
     26.016     7.5294   3.265046    31.6117       3704    15.4292  0.000e+00
     25.956     7.5438   3.265588    31.6044       3705    15.4333  0.000e+00
     25.897     7.5549   3.266914    31.6086       3706    15.4375  0.000e+00
     25.839     7.5670   3.268894    31.6188       3707    15.4417  0.000e+00
     25.772     7.5834   3.269906    31.6147       3708    15.4458  0.000e+00
     25.709     7.6004   3.270677    31.6076       3709    15.4500  0.000e+00
     25.636     7.6153   3.271263    31.6004       3710    15.4542  0.000e+00
     25.564     7.6276   3.271485    31.5916       3711    15.4583  0.000e+00
     25.491     7.6372   3.272571    31.5945       3712    15.4625  0.000e+00
     25.425     7.6473   3.273096    31.5910       3713    15.4667  0.000e+00
     25.355     7.6569   3.273429    31.5859       3714    15.4708  0.000e+00
     25.291     7.6649   3.273552    31.5800       3715    15.4750  0.000e+00
     25.235     7.6720   3.273577    31.5738       3716    15.4792  0.000e+00
     25.175     7.6778   3.274528    31.5788       3717    15.4833  0.000e+00
     25.121     7.6845   3.275114    31.5789       3718    15.4875  0.000e+00
     25.075     7.6923   3.275071    31.5714       3719    15.4917  0.000e+00
     25.034     7.6977   3.275163    31.5676       3720    15.4958  0.000e+00
     24.992     7.7012   3.275219    31.5650       3721    15.5000  0.000e+00
     24.952     7.7034   3.275404    31.5650       3722    15.5042  0.000e+00
     24.915     7.7056   3.275799    31.5672       3723    15.5083  0.000e+00
     24.879     7.7093   3.275836    31.5643       3724    15.5125  0.000e+00
     24.834     7.7124   3.275799    31.5611       3725    15.5167  0.000e+00
     24.790     7.7142   3.275861    31.5601       3726    15.5208  0.000e+00
     24.745     7.7157   3.275929    31.5595       3727    15.5250  0.000e+00
     24.692     7.7172   3.276373    31.5629       3728    15.5292  0.000e+00
     24.634     7.7197   3.276509    31.5622       3729    15.5333  0.000e+00
     24.574     7.7222   3.276657    31.5615       3730    15.5375  0.000e+00
     24.509     7.7245   3.276657    31.5594       3731    15.5417  0.000e+00
     24.437     7.7263   3.276645    31.5577       3732    15.5458  0.000e+00
     24.366     7.7274   3.276632    31.5566       3733    15.5500  0.000e+00
     24.299     7.7281   3.276552    31.5551       3734    15.5542  0.000e+00
     24.233     7.7288   3.276534    31.5543       3735    15.5583  0.000e+00
     24.160     7.7302   3.276676    31.5547       3736    15.5625  0.000e+00
     24.094     7.7319   3.276867    31.5552       3737    15.5667  0.000e+00
     24.028     7.7350   3.277034    31.5541       3738    15.5708  0.000e+00
     23.969     7.7394   3.277929    31.5598       3739    15.5750  0.000e+00
     23.905     7.7473   3.279492    31.5694       3740    15.5792  0.000e+00
     23.849     7.7610   3.281839    31.5819       3741    15.5833  0.000e+00
     23.791     7.7818   3.284151    31.5878       3742    15.5875  0.000e+00
     23.733     7.8109   3.285974    31.5809       3743    15.5917  0.000e+00
     23.690     7.8417   3.287290    31.5671       3744    15.5958  0.000e+00
     23.641     7.8687   3.288261    31.5530       3745    15.6000  0.000e+00
     23.592     7.8898   3.288879    31.5405       3746    15.6042  0.000e+00
     23.543     7.9058   3.289361    31.5313       3747    15.6083  0.000e+00
     23.491     7.9179   3.289571    31.5226       3748    15.6125  0.000e+00
     23.435     7.9264   3.290097    31.5205       3749    15.6167  0.000e+00
     23.381     7.9329   3.290406    31.5180       3750    15.6208  0.000e+00
     23.321     7.9385   3.291334    31.5228       3751    15.6250  0.000e+00
     23.254     7.9453   3.293895    31.5439       3752    15.6292  0.000e+00
     23.183     7.9590   3.295715    31.5508       3753    15.6333  0.000e+00
     23.107     7.9784   3.296952    31.5465       3754    15.6375  0.000e+00
     23.030     7.9983   3.298877    31.5491       3755    15.6417  0.000e+00
     22.959     8.0200   3.300339    31.5450       3756    15.6458  0.000e+00
     22.881     8.0415   3.301726    31.5403       3757    15.6500  0.000e+00
     22.816     8.0626   3.304166    31.5472       3758    15.6542  0.000e+00
     22.758     8.0862   3.305956    31.5449       3759    15.6583  0.000e+00
     22.704     8.1119   3.307134    31.5343       3760    15.6625  0.000e+00
     22.657     8.1349   3.307766    31.5203       3761    15.6667  0.000e+00
     22.617     8.1529   3.309061    31.5179       3762    15.6708  0.000e+00
     22.584     8.1692   3.310003    31.5132       3763    15.6750  0.000e+00
     22.552     8.1844   3.310617    31.5060       3764    15.6792  0.000e+00
     22.526     8.1976   3.311106    31.4993       3765    15.6833  0.000e+00
     22.492     8.2083   3.311546    31.4944       3766    15.6875  0.000e+00
     22.459     8.2174   3.312452    31.4957       3767    15.6917  0.000e+00
     22.414     8.2266   3.312811    31.4913       3768    15.6958  0.000e+00
     22.368     8.2348   3.313996    31.4965       3769    15.7000  0.000e+00
     22.319     8.2450   3.315956    31.5080       3770    15.7042  0.000e+00
     22.258     8.2612   3.316582    31.5001       3771    15.7083  0.000e+00
     22.186     8.2764   3.317079    31.4917       3772    15.7125  0.000e+00
     22.112     8.2890   3.318748    31.4981       3773    15.7167  0.000e+00
     22.034     8.3032   3.319679    31.4952       3774    15.7208  0.000e+00
     21.954     8.3182   3.320547    31.4910       3775    15.7250  0.000e+00
     21.873     8.3322   3.322031    31.4940       3776    15.7292  0.000e+00
     21.794     8.3476   3.322149    31.4815       3777    15.7333  0.000e+00
     21.717     8.3597   3.322372    31.4731       3778    15.7375  0.000e+00
     21.645     8.3679   3.322670    31.4689       3779    15.7417  0.000e+00
     21.571     8.3744   3.323098    31.4676       3780    15.7458  0.000e+00
     21.502     8.3803   3.323576    31.4674       3781    15.7500  0.000e+00
     21.435     8.3864   3.323961    31.4660       3782    15.7542  0.000e+00
     21.379     8.3924   3.324427    31.4656       3783    15.7583  0.000e+00
     21.320     8.3985   3.325104    31.4672       3784    15.7625  0.000e+00
     21.265     8.4057   3.324911    31.4588       3785    15.7667  0.000e+00
     21.213     8.4105   3.325507    31.4608       3786    15.7708  0.000e+00
     21.158     8.4154   3.327607    31.4784       3787    15.7750  0.000e+00
     21.109     8.4272   3.327831    31.4703       3788    15.7792  0.000e+00
     21.066     8.4389   3.328185    31.4635       3789    15.7833  0.000e+00
     21.019     8.4479   3.329328    31.4675       3790    15.7875  0.000e+00
     20.974     8.4588   3.328961    31.4540       3791    15.7917  0.000e+00
     20.931     8.4659   3.330390    31.4626       3792    15.7958  0.000e+00
     20.889     8.4746   3.330701    31.4581       3793    15.8000  0.000e+00
     20.844     8.4824   3.331583    31.4605       3794    15.8042  0.000e+00
     20.797     8.4914   3.333454    31.4721       3795    15.8083  0.000e+00
     20.751     8.5065   3.334069    31.4651       3796    15.8125  0.000e+00
     20.713     8.5213   3.334940    31.4610       3797    15.8167  0.000e+00
     20.670     8.5332   3.336109    31.4626       3798    15.8208  0.000e+00
     20.632     8.5482   3.337147    31.4601       3799    15.8250  0.000e+00
     20.585     8.5627   3.336985    31.4455       3800    15.8292  0.000e+00
     20.538     8.5716   3.340102    31.4702       3801    15.8333  0.000e+00
     20.494     8.5899   3.342055    31.4743       3802    15.8375  0.000e+00
     20.440     8.6133   3.343038    31.4637       3803    15.8417  0.000e+00
     20.388     8.6364   3.343953    31.4528       3804    15.8458  0.000e+00
     20.324     8.6548   3.344557    31.4427       3805    15.8500  0.000e+00
     20.261     8.6699   3.345048    31.4345       3806    15.8542  0.000e+00
     20.188     8.6816   3.346586    31.4401       3807    15.8583  0.000e+00
     20.121     8.6953   3.349021    31.4533       3808    15.8625  0.000e+00
     20.047     8.7155   3.352459    31.4712       3809    15.8667  0.000e+00
     19.976     8.7463   3.356279    31.4836       3810    15.8708  0.000e+00
     19.897     8.7859   3.359284    31.4797       3811    15.8750  0.000e+00
     19.823     8.8283   3.360611    31.4559       3812    15.8792  0.000e+00
     19.756     8.8640   3.362077    31.4395       3813    15.8833  0.000e+00
     19.685     8.8928   3.363854    31.4325       3814    15.8875  0.000e+00
     19.622     8.9193   3.366550    31.4369       3815    15.8917  0.000e+00
     19.560     8.9481   3.368828    31.4351       3816    15.8958  0.000e+00
     19.497     8.9788   3.371050    31.4309       3817    15.9000  0.000e+00
     19.445     9.0089   3.372680    31.4212       3818    15.9042  0.000e+00
     19.390     9.0368   3.373716    31.4073       3819    15.9083  0.000e+00
     19.342     9.0606   3.375577    31.4055       3820    15.9125  0.000e+00
     19.298     9.0834   3.378401    31.4146       3821    15.9167  0.000e+00
     19.249     9.1100   3.381877    31.4270       3822    15.9208  0.000e+00
     19.208     9.1434   3.385497    31.4349       3823    15.9250  0.000e+00
     19.161     9.1817   3.387060    31.4172       3824    15.9292  0.000e+00
     19.119     9.2167   3.388073    31.3969       3825    15.9333  0.000e+00
     19.076     9.2435   3.389037    31.3831       3826    15.9375  0.000e+00
     19.040     9.2645   3.390175    31.3765       3827    15.9417  0.000e+00
     18.996     9.2823   3.391427    31.3737       3828    15.9458  0.000e+00
     18.955     9.2990   3.392804    31.3732       3829    15.9500  0.000e+00
     18.911     9.3163   3.394582    31.3762       3830    15.9542  0.000e+00
     18.871     9.3355   3.396685    31.3810       3831    15.9583  0.000e+00
     18.828     9.3581   3.398646    31.3812       3832    15.9625  0.000e+00
     18.788     9.3821   3.400550    31.3797       3833    15.9667  0.000e+00
     18.738     9.4077   3.401627    31.3683       3834    15.9708  0.000e+00
     18.692     9.4306   3.401897    31.3511       3835    15.9750  0.000e+00
     18.647     9.4476   3.402260    31.3399       3836    15.9792  0.000e+00
     18.592     9.4593   3.403425    31.3415       3837    15.9833  0.000e+00
     18.542     9.4713   3.405068    31.3479       3838    15.9875  0.000e+00
     18.484     9.4866   3.405456    31.3385       3839    15.9917  0.000e+00
     18.428     9.5016   3.406265    31.3336       3840    15.9958  0.000e+00
     18.361     9.5150   3.407863    31.3383       3841    16.0000  0.000e+00
     18.297     9.5300   3.409475    31.3416       3842    16.0042  0.000e+00
     18.229     9.5477   3.414350    31.3760       3843    16.0083  0.000e+00
     18.154     9.5805   3.424258    31.4482       3844    16.0125  0.000e+00
     18.085     9.6493   3.432648    31.4735       3845    16.0167  0.000e+00
     18.015     9.7439   3.436164    31.4265       3846    16.0208  0.000e+00
     17.946     9.8284   3.439957    31.3913       3847    16.0250  0.000e+00
     17.879     9.8986   3.443910    31.3703       3848    16.0292  0.000e+00
     17.814     9.9605   3.446315    31.3408       3849    16.0333  0.000e+00
     17.756    10.0117   3.448267    31.3161       3850    16.0375  0.000e+00
     17.698    10.0530   3.450232    31.3002       3851    16.0417  0.000e+00
     17.642    10.0872   3.451946    31.2879       3852    16.0458  0.000e+00
     17.595    10.1168   3.452891    31.2718       3853    16.0500  0.000e+00
     17.550    10.1399   3.453931    31.2624       3854    16.0542  0.000e+00
     17.510    10.1586   3.454769    31.2547       3855    16.0583  0.000e+00
     17.478    10.1745   3.456175    31.2551       3856    16.0625  0.000e+00
     17.443    10.1898   3.457506    31.2553       3857    16.0667  0.000e+00
     17.412    10.2056   3.457884    31.2455       3858    16.0708  0.000e+00
     17.380    10.2186   3.458243    31.2378       3859    16.0750  0.000e+00
     17.342    10.2281   3.459435    31.2416       3860    16.0792  0.000e+00
     17.307    10.2388   3.460287    31.2410       3861    16.0833  0.000e+00
     17.268    10.2499   3.461599    31.2446       3862    16.0875  0.000e+00
     17.226    10.2625   3.462653    31.2443       3863    16.0917  0.000e+00
     17.179    10.2756   3.462457    31.2311       3864    16.0958  0.000e+00
     17.137    10.2851   3.462842    31.2268       3865    16.1000  0.000e+00
     17.090    10.2912   3.464110    31.2342       3866    16.1042  0.000e+00
     17.029    10.2998   3.464457    31.2304       3867    16.1083  0.000e+00
     16.976    10.3080   3.464766    31.2264       3868    16.1125  0.000e+00
     16.911    10.3146   3.465315    31.2263       3869    16.1167  0.000e+00
     16.848    10.3210   3.465972    31.2274       3870    16.1208  0.000e+00
     16.785    10.3278   3.466395    31.2257       3871    16.1250  0.000e+00
     16.712    10.3343   3.466691    31.2232       3872    16.1292  0.000e+00
     16.638    10.3399   3.467177    31.2233       3873    16.1333  0.000e+00
     16.567    10.3453   3.468263    31.2295       3874    16.1375  0.000e+00
     16.496    10.3526   3.469274    31.2333       3875    16.1417  0.000e+00
     16.424    10.3626   3.469734    31.2294       3876    16.1458  0.000e+00
     16.354    10.3722   3.470360    31.2275       3877    16.1500  0.000e+00
     16.288    10.3806   3.470732    31.2240       3878    16.1542  0.000e+00
     16.220    10.3880   3.472216    31.2324       3879    16.1583  0.000e+00
     16.162    10.3983   3.473000    31.2315       3880    16.1625  0.000e+00
     16.113    10.4091   3.473928    31.2315       3881    16.1667  0.000e+00
     16.062    10.4210   3.475754    31.2395       3882    16.1708  0.000e+00
     16.022    10.4359   3.476133    31.2305       3883    16.1750  0.000e+00
     15.981    10.4496   3.477385    31.2313       3884    16.1792  0.000e+00
     15.948    10.4622   3.477599    31.2226       3885    16.1833  0.000e+00
     15.912    10.4733   3.478491    31.2220       3886    16.1875  0.000e+00
     15.885    10.4830   3.479256    31.2213       3887    16.1917  0.000e+00
     15.867    10.4933   3.479508    31.2150       3888    16.1958  0.000e+00
     15.843    10.5011   3.479319    31.2065       3889    16.2000  0.000e+00
     15.818    10.5055   3.480406    31.2135       3890    16.2042  0.000e+00
     15.793    10.5119   3.481101    31.2150       3891    16.2083  0.000e+00
     15.769    10.5201   3.481184    31.2088       3892    16.2125  0.000e+00
     15.733    10.5261   3.482233    31.2141       3893    16.2167  0.000e+00
     15.698    10.5337   3.482802    31.2132       3894    16.2208  0.000e+00
     15.667    10.5415   3.484061    31.2191       3895    16.2250  0.000e+00
     15.624    10.5523   3.485060    31.2198       3896    16.2292  0.000e+00
     15.580    10.5625   3.483656    31.1972       3897    16.2333  0.000e+00
     15.526    10.5660   3.484908    31.2066       3898    16.2375  0.000e+00
     15.470    10.5707   3.486465    31.2181       3899    16.2417  0.000e+00
     15.410    10.5813   3.488933    31.2336       3900    16.2458  0.000e+00
     15.343    10.5988   3.489616    31.2254       3901    16.2500  0.000e+00
     15.283    10.6161   3.490831    31.2227       3902    16.2542  0.000e+00
     15.211    10.6323   3.491660    31.2171       3903    16.2583  0.000e+00
     15.144    10.6472   3.492977    31.2175       3904    16.2625  0.000e+00
     15.082    10.6609   3.494522    31.2212       3905    16.2667  0.000e+00
     15.015    10.6785   3.496935    31.2301       3906    16.2708  0.000e+00
     14.952    10.6990   3.498988    31.2329       3907    16.2750  0.000e+00
