HB2403/sbe105.cnv
* Sea-Bird SBE 19plus V2 Data File:
* FileName = C:\cruise\data\sbe105.hex
* Software Version Seasave V 7.26.7.121
* Temperature SN = 6128
* Conductivity SN = 6128
* System UpLoad Time = Jun 10 2024 22:13:06
* NMEA Latitude = 43 24.27 N
* NMEA Longitude = 067 41.85 W
* NMEA UTC (Time) = Jun 10 2024  22:13:43
** Ship: Henry Bigelow
** Cruise:  HB2403
** Program:  ECOMON
# nquan = 7
# nvalues = 4769                                  
# units = specified
# name 0 = depSM: Depth [salt water, m]
# name 1 = tv290C: Temperature [ITS-90, deg C]
# name 2 = c0S/m: Conductivity [S/m]
# name 3 = sal00: Salinity, Practical [PSU]
# name 4 = scan: Scan Count
# name 5 = timeM: Time, Elapsed [minutes]
# name 6 = flag:  0.000e+00
# span 0 =     -0.380,    200.927                 
# span 1 =     5.4543,    15.6361                 
# span 2 =   0.000171,   3.973361                 
# span 3 =     0.0080,    34.0586                 
# span 4 =         11,       4779                 
# span 5 =     0.0417,    19.9083                 
# span 6 = 0.0000e+00, 0.0000e+00                 
# interval = seconds: 0.25
# start_time = Jun 10 2024 22:13:43 [NMEA time, header]
# bad_flag = -9.990e-29
*END*
[from data line 2667]
     91.250     6.3281   3.298143    33.0716       2678    11.1542  0.000e+00
     91.197     6.3285   3.297982    33.0694       2679    11.1583  0.000e+00
     91.138     6.3285   3.297877    33.0682       2680    11.1625  0.000e+00
     91.095     6.3281   3.297821    33.0681       2681    11.1667  0.000e+00
     91.041     6.3276   3.297499    33.0650       2682    11.1708  0.000e+00
     90.991     6.3265   3.296948    33.0599       2683    11.1750  0.000e+00
     90.941     6.3242   3.296360    33.0556       2684    11.1792  0.000e+00
     90.895     6.3214   3.296404    33.0589       2685    11.1833  0.000e+00
     90.851     6.3194   3.297035    33.0678       2686    11.1875  0.000e+00
     90.804     6.3195   3.297456    33.0725       2687    11.1917  0.000e+00
     90.753     6.3211   3.297400    33.0703       2688    11.1958  0.000e+00
     90.713     6.3223   3.297332    33.0684       2689    11.2000  0.000e+00
     90.666     6.3228   3.297332    33.0679       2690    11.2042  0.000e+00
     90.622     6.3229   3.296626    33.0600       2691    11.2083  0.000e+00
     90.567     6.3216   3.295859    33.0528       2692    11.2125  0.000e+00
     90.521     6.3182   3.295735    33.0547       2693    11.2167  0.000e+00
     90.467     6.3155   3.295754    33.0576       2694    11.2208  0.000e+00
     90.411     6.3137   3.295605    33.0577       2695    11.2250  0.000e+00
     90.357     6.3124   3.295500    33.0578       2696    11.2292  0.000e+00
     90.298     6.3114   3.295525    33.0591       2697    11.2333  0.000e+00
     90.242     6.3107   3.295345    33.0578       2698    11.2375  0.000e+00
     90.197     6.3100   3.294998    33.0547       2699    11.2417  0.000e+00
     90.153     6.3086   3.294999    33.0561       2700    11.2458  0.000e+00
     90.118     6.3075   3.295190    33.0593       2701    11.2500  0.000e+00
     90.088     6.3070   3.294831    33.0558       2702    11.2542  0.000e+00
     90.058     6.3063   3.294578    33.0537       2703    11.2583  0.000e+00
     90.039     6.3049   3.294788    33.0574       2704    11.2625  0.000e+00
     90.016     6.3043   3.294411    33.0538       2705    11.2667  0.000e+00
     89.992     6.3034   3.294243    33.0527       2706    11.2708  0.000e+00
     89.976     6.3020   3.294349    33.0553       2707    11.2750  0.000e+00
     89.941     6.3014   3.294287    33.0553       2708    11.2792  0.000e+00
     89.912     6.3010   3.294250    33.0552       2709    11.2833  0.000e+00
     89.867     6.3007   3.294138    33.0543       2710    11.2875  0.000e+00
     89.817     6.3001   3.294138    33.0549       2711    11.2917  0.000e+00
     89.760     6.3000   3.294213    33.0559       2712    11.2958  0.000e+00
     89.699     6.2998   3.293804    33.0515       2713    11.3000  0.000e+00
     89.641     6.2989   3.293946    33.0540       2714    11.3042  0.000e+00
     89.589     6.2983   3.293990    33.0551       2715    11.3083  0.000e+00
     89.546     6.2983   3.293872    33.0538       2716    11.3125  0.000e+00
     89.508     6.2978   3.293699    33.0524       2717    11.3167  0.000e+00
     89.475     6.2971   3.293594    33.0519       2718    11.3208  0.000e+00
     89.455     6.2963   3.293841    33.0555       2719    11.3250  0.000e+00
     89.433     6.2965   3.293557    33.0521       2720    11.3292  0.000e+00
     89.418     6.2961   3.293761    33.0547       2721    11.3333  0.000e+00
     89.396     6.2960   3.293823    33.0556       2722    11.3375  0.000e+00
     89.375     6.2960   3.292857    33.0448       2723    11.3417  0.000e+00
     89.344     6.2945   3.292567    33.0431       2724    11.3458  0.000e+00
     89.301     6.2922   3.292331    33.0427       2725    11.3500  0.000e+00
     89.257     6.2900   3.292294    33.0445       2726    11.3542  0.000e+00
     89.208     6.2883   3.291738    33.0399       2727    11.3583  0.000e+00
     89.146     6.2859   3.291391    33.0385       2728    11.3625  0.000e+00
     89.079     6.2830   3.290760    33.0342       2729    11.3667  0.000e+00
     89.011     6.2797   3.290049    33.0296       2730    11.3708  0.000e+00
     88.949     6.2755   3.289548    33.0281       2731    11.3750  0.000e+00
     88.880     6.2715   3.288855    33.0243       2732    11.3792  0.000e+00
     88.830     6.2676   3.288645    33.0258       2733    11.3833  0.000e+00
     88.787     6.2643   3.288200    33.0240       2734    11.3875  0.000e+00
     88.747     6.2612   3.288187    33.0269       2735    11.3917  0.000e+00
     88.724     6.2590   3.288459    33.0321       2736    11.3958  0.000e+00
     88.706     6.2584   3.288521    33.0334       2737    11.4000  0.000e+00
     88.699     6.2585   3.288379    33.0317       2738    11.4042  0.000e+00
     88.691     6.2583   3.288435    33.0326       2739    11.4083  0.000e+00
     88.690     6.2584   3.288602    33.0343       2740    11.4125  0.000e+00
     88.681     6.2589   3.288249    33.0299       2741    11.4167  0.000e+00
     88.670     6.2598   3.288657    33.0336       2742    11.4208  0.000e+00
     88.648     6.2601   3.288979    33.0368       2743    11.4250  0.000e+00
     88.629     6.2608   3.288391    33.0297       2744    11.4292  0.000e+00
     88.601     6.2601   3.287959    33.0255       2745    11.4333  0.000e+00
     88.564     6.2580   3.287390    33.0212       2746    11.4375  0.000e+00
     88.523     6.2548   3.286969    33.0197       2747    11.4417  0.000e+00
     88.467     6.2515   3.286487    33.0175       2748    11.4458  0.000e+00
     88.419     6.2484   3.286073    33.0160       2749    11.4500  0.000e+00
     88.362     6.2455   3.286363    33.0220       2750    11.4542  0.000e+00
     88.301     6.2438   3.285591    33.0151       2751    11.4583  0.000e+00
     88.245     6.2421   3.285213    33.0126       2752    11.4625  0.000e+00
     88.185     6.2397   3.285115    33.0138       2753    11.4667  0.000e+00
     88.128     6.2377   3.284898    33.0134       2754    11.4708  0.000e+00
     88.062     6.2359   3.284484    33.0105       2755    11.4750  0.000e+00
     88.008     6.2339   3.283810    33.0050       2756    11.4792  0.000e+00
     87.952     6.2305   3.283625    33.0062       2757    11.4833  0.000e+00
     87.900     6.2275   3.282704    32.9990       2758    11.4875  0.000e+00
     87.862     6.2237   3.281870    32.9934       2759    11.4917  0.000e+00
     87.831     6.2186   3.281098    32.9897       2760    11.4958  0.000e+00
     87.805     6.2133   3.280214    32.9850       2761    11.5000  0.000e+00
     87.801     6.2076   3.280177    32.9902       2762    11.5042  0.000e+00
     87.794     6.2032   3.279739    32.9895       2763    11.5083  0.000e+00
     87.794     6.1997   3.279862    32.9943       2764    11.5125  0.000e+00
     87.796     6.1977   3.280727    33.0059       2765    11.5167  0.000e+00
     87.786     6.1989   3.282222    33.0214       2766    11.5208  0.000e+00
     87.772     6.2040   3.284107    33.0375       2767    11.5250  0.000e+00
     87.754     6.2124   3.284212    33.0305       2768    11.5292  0.000e+00
     87.722     6.2187   3.283866    33.0205       2769    11.5333  0.000e+00
     87.680     6.2213   3.281326    32.9898       2770    11.5375  0.000e+00
     87.625     6.2173   3.279652    32.9750       2771    11.5417  0.000e+00
     87.564     6.2086   3.279362    32.9802       2772    11.5458  0.000e+00
     87.495     6.2013   3.279281    32.9864       2773    11.5500  0.000e+00
     87.433     6.1965   3.278948    32.9874       2774    11.5542  0.000e+00
     87.371     6.1929   3.278275    32.9834       2775    11.5583  0.000e+00
     87.310     6.1889   3.277904    32.9832       2776    11.5625  0.000e+00
     87.261     6.1852   3.277675    32.9843       2777    11.5667  0.000e+00
     87.223     6.1824   3.277589    32.9860       2778    11.5708  0.000e+00
     87.186     6.1805   3.277570    32.9877       2779    11.5750  0.000e+00
     87.156     6.1794   3.277546    32.9885       2780    11.5792  0.000e+00
     87.124     6.1785   3.277496    32.9889       2781    11.5833  0.000e+00
     87.097     6.1782   3.277503    32.9892       2782    11.5875  0.000e+00
     87.073     6.1780   3.277527    32.9897       2783    11.5917  0.000e+00
     87.038     6.1776   3.277465    32.9894       2784    11.5958  0.000e+00
     87.012     6.1776   3.277416    32.9888       2785    11.6000  0.000e+00
     86.974     6.1774   3.277299    32.9877       2786    11.6042  0.000e+00
     86.935     6.1773   3.277150    32.9862       2787    11.6083  0.000e+00
     86.889     6.1769   3.276984    32.9848       2788    11.6125  0.000e+00
     86.844     6.1766   3.276724    32.9822       2789    11.6167  0.000e+00
     86.797     6.1760   3.276712    32.9827       2790    11.6208  0.000e+00
     86.761     6.1753   3.276693    32.9831       2791    11.6250  0.000e+00
     86.721     6.1748   3.276737    32.9841       2792    11.6292  0.000e+00
     86.694     6.1747   3.276805    32.9850       2793    11.6333  0.000e+00
     86.663     6.1746   3.276774    32.9847       2794    11.6375  0.000e+00
     86.640     6.1746   3.276632    32.9832       2795    11.6417  0.000e+00
     86.616     6.1746   3.276669    32.9836       2796    11.6458  0.000e+00
     86.596     6.1744   3.276706    32.9843       2797    11.6500  0.000e+00
     86.580     6.1745   3.276693    32.9840       2798    11.6542  0.000e+00
     86.563     6.1743   3.276669    32.9839       2799    11.6583  0.000e+00
     86.541     6.1744   3.276632    32.9835       2800    11.6625  0.000e+00
     86.519     6.1741   3.276570    32.9830       2801    11.6667  0.000e+00
     86.499     6.1739   3.276483    32.9823       2802    11.6708  0.000e+00
     86.463     6.1735   3.276403    32.9818       2803    11.6750  0.000e+00
     86.432     6.1732   3.276465    32.9828       2804    11.6792  0.000e+00
     86.388     6.1730   3.276422    32.9826       2805    11.6833  0.000e+00
     86.341     6.1727   3.276304    32.9815       2806    11.6875  0.000e+00
     86.292     6.1723   3.276212    32.9809       2807    11.6917  0.000e+00
     86.243     6.1717   3.276168    32.9810       2808    11.6958  0.000e+00
     86.193     6.1713   3.275983    32.9794       2809    11.7000  0.000e+00
     86.135     6.1707   3.275631    32.9761       2810    11.7042  0.000e+00
     86.087     6.1699   3.275106    32.9710       2811    11.7083  0.000e+00
     86.030     6.1681   3.274816    32.9696       2812    11.7125  0.000e+00
     85.980     6.1656   3.274193    32.9650       2813    11.7167  0.000e+00
     85.942     6.1633   3.273359    32.9580       2814    11.7208  0.000e+00
     85.897     6.1601   3.273359    32.9611       2815    11.7250  0.000e+00
     85.851     6.1576   3.273501    32.9651       2816    11.7292  0.000e+00
     85.828     6.1561   3.272754    32.9583       2817    11.7333  0.000e+00
     85.802     6.1539   3.272668    32.9594       2818    11.7375  0.000e+00
     85.771     6.1515   3.272069    32.9551       2819    11.7417  0.000e+00
     85.752     6.1488   3.271940    32.9563       2820    11.7458  0.000e+00
     85.743     6.1467   3.272001    32.9590       2821    11.7500  0.000e+00
     85.740     6.1457   3.271773    32.9575       2822    11.7542  0.000e+00
     85.738     6.1446   3.271717    32.9579       2823    11.7583  0.000e+00
     85.736     6.1437   3.271983    32.9617       2824    11.7625  0.000e+00
     85.733     6.1435   3.271859    32.9606       2825    11.7667  0.000e+00
     85.737     6.1435   3.271755    32.9593       2826    11.7708  0.000e+00
     85.718     6.1432   3.271755    32.9597       2827    11.7750  0.000e+00
     85.704     6.1431   3.271878    32.9612       2828    11.7792  0.000e+00
     85.683     6.1433   3.271773    32.9598       2829    11.7833  0.000e+00
     85.642     6.1430   3.272026    32.9629       2830    11.7875  0.000e+00
     85.600     6.1435   3.271859    32.9606       2831    11.7917  0.000e+00
     85.553     6.1438   3.271520    32.9565       2832    11.7958  0.000e+00
     85.495     6.1430   3.270878    32.9502       2833    11.8000  0.000e+00
     85.444     6.1406   3.271193    32.9561       2834    11.8042  0.000e+00
     85.383     6.1389   3.270773    32.9530       2835    11.8083  0.000e+00
     85.335     6.1374   3.271063    32.9578       2836    11.8125  0.000e+00
     85.284     6.1369   3.270964    32.9572       2837    11.8167  0.000e+00
     85.244     6.1367   3.270816    32.9558       2838    11.8208  0.000e+00
     85.206     6.1361   3.270816    32.9564       2839    11.8250  0.000e+00
     85.174     6.1357   3.271211    32.9612       2840    11.8292  0.000e+00
     85.147     6.1363   3.270724    32.9551       2841    11.8333  0.000e+00
     85.132     6.1358   3.270903    32.9576       2842    11.8375  0.000e+00
     85.106     6.1355   3.270650    32.9551       2843    11.8417  0.000e+00
     85.091     6.1350   3.270403    32.9529       2844    11.8458  0.000e+00
     85.075     6.1337   3.270292    32.9528       2845    11.8500  0.000e+00
     85.047     6.1324   3.270421    32.9556       2846    11.8542  0.000e+00
     85.024     6.1319   3.270693    32.9591       2847    11.8583  0.000e+00
     84.991     6.1327   3.270526    32.9565       2848    11.8625  0.000e+00
     84.954     6.1330   3.270483    32.9558       2849    11.8667  0.000e+00
     84.912     6.1327   3.270428    32.9554       2850    11.8708  0.000e+00
     84.868     6.1325   3.270236    32.9535       2851    11.8750  0.000e+00
     84.840     6.1316   3.270193    32.9539       2852    11.8792  0.000e+00
     84.804     6.1310   3.269983    32.9522       2853    11.8833  0.000e+00
     84.766     6.1298   3.269959    32.9531       2854    11.8875  0.000e+00
     84.749     6.1290   3.269878    32.9530       2855    11.8917  0.000e+00
     84.722     6.1284   3.269755    32.9522       2856    11.8958  0.000e+00
     84.691     6.1277   3.269780    32.9532       2857    11.9000  0.000e+00
     84.676     6.1269   3.269780    32.9539       2858    11.9042  0.000e+00
     84.652     6.1269   3.270033    32.9568       2859    11.9083  0.000e+00
     84.628     6.1274   3.269965    32.9556       2860    11.9125  0.000e+00
     84.605     6.1280   3.269903    32.9543       2861    11.9167  0.000e+00
     84.581     6.1279   3.270131    32.9569       2862    11.9208  0.000e+00
     84.542     6.1285   3.270033    32.9553       2863    11.9250  0.000e+00
     84.510     6.1287   3.269860    32.9532       2864    11.9292  0.000e+00
     84.472     6.1285   3.269780    32.9525       2865    11.9333  0.000e+00
     84.432     6.1279   3.269675    32.9520       2866    11.9375  0.000e+00
     84.390     6.1270   3.269631    32.9523       2867    11.9417  0.000e+00
     84.341     6.1265   3.269385    32.9501       2868    11.9458  0.000e+00
     84.294     6.1255   3.269403    32.9513       2869    11.9500  0.000e+00
     84.256     6.1247   3.269237    32.9502       2870    11.9542  0.000e+00
     84.216     6.1242   3.269317    32.9516       2871    11.9583  0.000e+00
     84.180     6.1237   3.269162    32.9504       2872    11.9625  0.000e+00
     84.161     6.1231   3.269175    32.9511       2873    11.9667  0.000e+00
     84.146     6.1228   3.269255    32.9524       2874    11.9708  0.000e+00
     84.130     6.1226   3.269298    32.9530       2875    11.9750  0.000e+00
     84.131     6.1228   3.269237    32.9521       2876    11.9792  0.000e+00
     84.131     6.1229   3.269304    32.9528       2877    11.9833  0.000e+00
     84.138     6.1228   3.269027    32.9498       2878    11.9875  0.000e+00
     84.145     6.1224   3.269027    32.9502       2879    11.9917  0.000e+00
     84.158     6.1218   3.269051    32.9510       2880    11.9958  0.000e+00
     84.155     6.1216   3.269088    32.9516       2881    12.0000  0.000e+00
