HB2403/sbe122.cnv
* Sea-Bird SBE 19plus V2 Data File:
* FileName = C:\cruise\data\sbe122.hex
* Software Version Seasave V 7.26.7.121
* Temperature SN = 6128
* Conductivity SN = 6128
* System UpLoad Time = Jun 12 2024 07:42:02
* NMEA Latitude = 42 45.63 N
* NMEA Longitude = 070 06.88 W
* NMEA UTC (Time) = Jun 12 2024  07:42:39
** Ship: Henry Bigelow
** Cruise:  HB2403
** Program:  ECOMON
# nquan = 7
# nvalues = 3027                                  
# units = specified
# name 0 = depSM: Depth [salt water, m]
# name 1 = tv290C: Temperature [ITS-90, deg C]
# name 2 = c0S/m: Conductivity [S/m]
# name 3 = sal00: Salinity, Practical [PSU]
# name 4 = scan: Scan Count
# name 5 = timeM: Time, Elapsed [minutes]
# name 6 = flag:  0.000e+00
# span 0 =      0.039,    134.871                 
# span 1 =     5.2138,    16.0031                 
# span 2 =   0.000332,   3.945407                 
# span 3 =     0.0085,    32.9355                 
# span 4 =         11,       3037                 
# span 5 =     0.0417,    12.6500                 
# span 6 = 0.0000e+00, 0.0000e+00                 
# interval = seconds: 0.25
# start_time = Jun 12 2024 07:42:39 [NMEA time, header]
# bad_flag = -9.990e-29
*END*
[from data line 1847]
     69.797     5.4086   3.125306    32.0265       1858     7.7375  0.000e+00
     69.723     5.4089   3.125112    32.0241       1859     7.7417  0.000e+00
     69.641     5.4085   3.125033    32.0236       1860     7.7458  0.000e+00
     69.558     5.4078   3.125191    32.0261       1861     7.7500  0.000e+00
     69.471     5.4079   3.125288    32.0272       1862     7.7542  0.000e+00
     69.386     5.4086   3.125349    32.0272       1863     7.7583  0.000e+00
     69.296     5.4094   3.125409    32.0272       1864     7.7625  0.000e+00
     69.211     5.4100   3.125173    32.0239       1865     7.7667  0.000e+00
     69.131     5.4098   3.125209    32.0246       1866     7.7708  0.000e+00
     69.057     5.4092   3.125112    32.0241       1867     7.7750  0.000e+00
     68.990     5.4088   3.125112    32.0245       1868     7.7792  0.000e+00
     68.930     5.4085   3.125094    32.0246       1869     7.7833  0.000e+00
     68.881     5.4082   3.125142    32.0255       1870     7.7875  0.000e+00
     68.835     5.4084   3.125251    32.0266       1871     7.7917  0.000e+00
     68.799     5.4088   3.125173    32.0253       1872     7.7958  0.000e+00
     68.768     5.4091   3.125191    32.0252       1873     7.8000  0.000e+00
     68.743     5.4091   3.125209    32.0255       1874     7.8042  0.000e+00
     68.716     5.4091   3.125288    32.0264       1875     7.8083  0.000e+00
     68.701     5.4094   3.125306    32.0262       1876     7.8125  0.000e+00
     68.672     5.4098   3.125033    32.0228       1877     7.8167  0.000e+00
     68.641     5.4092   3.124875    32.0216       1878     7.8208  0.000e+00
     68.603     5.4081   3.124736    32.0211       1879     7.8250  0.000e+00
     68.565     5.4069   3.124657    32.0214       1880     7.8292  0.000e+00
     68.514     5.4058   3.124518    32.0209       1881     7.8333  0.000e+00
     68.461     5.4047   3.124281    32.0192       1882     7.8375  0.000e+00
     68.398     5.4027   3.123414    32.0114       1883     7.8417  0.000e+00
     68.327     5.3989   3.123372    32.0145       1884     7.8458  0.000e+00
     68.252     5.3957   3.123348    32.0174       1885     7.8500  0.000e+00
     68.177     5.3938   3.123390    32.0197       1886     7.8542  0.000e+00
     68.094     5.3929   3.123493    32.0218       1887     7.8583  0.000e+00
     68.015     5.3929   3.123469    32.0216       1888     7.8625  0.000e+00
     67.931     5.3928   3.123511    32.0221       1889     7.8667  0.000e+00
     67.852     5.3929   3.123529    32.0223       1890     7.8708  0.000e+00
     67.772     5.3931   3.123432    32.0211       1891     7.8750  0.000e+00
     67.696     5.3929   3.123366    32.0205       1892     7.8792  0.000e+00
     67.627     5.3924   3.123232    32.0195       1893     7.8833  0.000e+00
     67.564     5.3918   3.123311    32.0210       1894     7.8875  0.000e+00
     67.504     5.3915   3.123293    32.0211       1895     7.8917  0.000e+00
     67.452     5.3916   3.123390    32.0222       1896     7.8958  0.000e+00
     67.401     5.3917   3.123451    32.0227       1897     7.9000  0.000e+00
     67.356     5.3921   3.123529    32.0233       1898     7.9042  0.000e+00
     67.319     5.3926   3.123263    32.0199       1899     7.9083  0.000e+00
     67.279     5.3923   3.123293    32.0204       1900     7.9125  0.000e+00
     67.254     5.3921   3.123020    32.0176       1901     7.9167  0.000e+00
     67.223     5.3910   3.123117    32.0198       1902     7.9208  0.000e+00
     67.190     5.3904   3.123135    32.0205       1903     7.9250  0.000e+00
     67.165     5.3904   3.123311    32.0226       1904     7.9292  0.000e+00
     67.127     5.3907   3.123335    32.0226       1905     7.9333  0.000e+00
     67.090     5.3914   3.123263    32.0211       1906     7.9375  0.000e+00
     67.051     5.3916   3.123099    32.0191       1907     7.9417  0.000e+00
     66.995     5.3910   3.122899    32.0174       1908     7.9458  0.000e+00
     66.935     5.3899   3.122759    32.0169       1909     7.9500  0.000e+00
     66.874     5.3886   3.122802    32.0186       1910     7.9542  0.000e+00
     66.798     5.3879   3.122899    32.0204       1911     7.9583  0.000e+00
     66.727     5.3877   3.122541    32.0166       1912     7.9625  0.000e+00
     66.645     5.3867   3.122032    32.0118       1913     7.9667  0.000e+00
     66.566     5.3845   3.122190    32.0158       1914     7.9708  0.000e+00
     66.481     5.3828   3.122050    32.0158       1915     7.9750  0.000e+00
     66.400     5.3820   3.122032    32.0165       1916     7.9792  0.000e+00
     66.322     5.3813   3.122268    32.0198       1917     7.9833  0.000e+00
     66.244     5.3816   3.122941    32.0272       1918     7.9875  0.000e+00
     66.162     5.3838   3.122953    32.0253       1919     7.9917  0.000e+00
     66.092     5.3855   3.122365    32.0170       1920     7.9958  0.000e+00
     66.029     5.3854   3.122347    32.0169       1921     8.0000  0.000e+00
     65.970     5.3845   3.122347    32.0178       1922     8.0042  0.000e+00
     65.920     5.3840   3.122541    32.0205       1923     8.0083  0.000e+00
     65.869     5.3843   3.122286    32.0174       1924     8.0125  0.000e+00
     65.833     5.3839   3.122111    32.0158       1925     8.0167  0.000e+00
     65.798     5.3829   3.122098    32.0166       1926     8.0208  0.000e+00
     65.762     5.3821   3.122032    32.0167       1927     8.0250  0.000e+00
     65.731     5.3814   3.121971    32.0166       1928     8.0292  0.000e+00
     65.697     5.3809   3.122050    32.0181       1929     8.0333  0.000e+00
     65.670     5.3807   3.121989    32.0175       1930     8.0375  0.000e+00
     65.632     5.3807   3.121971    32.0174       1931     8.0417  0.000e+00
     65.593     5.3803   3.121910    32.0170       1932     8.0458  0.000e+00
     65.546     5.3801   3.121953    32.0178       1933     8.0500  0.000e+00
     65.494     5.3800   3.122032    32.0188       1934     8.0542  0.000e+00
     65.438     5.3801   3.121953    32.0178       1935     8.0583  0.000e+00
     65.372     5.3802   3.121989    32.0181       1936     8.0625  0.000e+00
     65.300     5.3802   3.122013    32.0185       1937     8.0667  0.000e+00
     65.228     5.3803   3.122013    32.0184       1938     8.0708  0.000e+00
     65.150     5.3804   3.122050    32.0187       1939     8.0750  0.000e+00
     65.070     5.3804   3.122032    32.0186       1940     8.0792  0.000e+00
     64.985     5.3807   3.121753    32.0152       1941     8.0833  0.000e+00
     64.911     5.3799   3.121577    32.0140       1942     8.0875  0.000e+00
     64.835     5.3788   3.121322    32.0122       1943     8.0917  0.000e+00
     64.762     5.3772   3.121280    32.0132       1944     8.0958  0.000e+00
     64.690     5.3760   3.121201    32.0136       1945     8.1000  0.000e+00
     64.627     5.3750   3.121359    32.0163       1946     8.1042  0.000e+00
     64.570     5.3747   3.121159    32.0143       1947     8.1083  0.000e+00
     64.511     5.3744   3.121280    32.0161       1948     8.1125  0.000e+00
     64.460     5.3745   3.121201    32.0151       1949     8.1167  0.000e+00
     64.416     5.3744   3.121165    32.0149       1950     8.1208  0.000e+00
     64.369     5.3740   3.121104    32.0146       1951     8.1250  0.000e+00
     64.326     5.3736   3.121122    32.0152       1952     8.1292  0.000e+00
     64.288     5.3732   3.121062    32.0148       1953     8.1333  0.000e+00
     64.243     5.3731   3.120995    32.0143       1954     8.1375  0.000e+00
     64.201     5.3728   3.120904    32.0135       1955     8.1417  0.000e+00
     64.161     5.3722   3.120510    32.0096       1956     8.1458  0.000e+00
     64.118     5.3710   3.120946    32.0157       1957     8.1500  0.000e+00
     64.064     5.3710   3.121062    32.0171       1958     8.1542  0.000e+00
     64.016     5.3714   3.120825    32.0141       1959     8.1583  0.000e+00
     63.958     5.3711   3.120116    32.0063       1960     8.1625  0.000e+00
     63.901     5.3687   3.118995    31.9959       1961     8.1667  0.000e+00
     63.835     5.3635   3.118620    31.9966       1962     8.1708  0.000e+00
     63.762     5.3584   3.118383    31.9989       1963     8.1750  0.000e+00
     63.689     5.3543   3.118123    31.9998       1964     8.1792  0.000e+00
     63.615     5.3511   3.117887    32.0002       1965     8.1833  0.000e+00
     63.539     5.3485   3.117596    31.9994       1966     8.1875  0.000e+00
     63.464     5.3461   3.117142    31.9966       1967     8.1917  0.000e+00
     63.383     5.3436   3.116451    31.9912       1968     8.1958  0.000e+00
     63.314     5.3402   3.116294    31.9927       1969     8.2000  0.000e+00
     63.242     5.3372   3.115997    31.9923       1970     8.2042  0.000e+00
     63.171     5.3346   3.115664    31.9910       1971     8.2083  0.000e+00
     63.104     5.3320   3.115506    31.9917       1972     8.2125  0.000e+00
     63.048     5.3302   3.115397    31.9922       1973     8.2167  0.000e+00
     62.995     5.3286   3.115349    31.9932       1974     8.2208  0.000e+00
     62.943     5.3277   3.115331    31.9939       1975     8.2250  0.000e+00
     62.897     5.3268   3.115288    31.9943       1976     8.2292  0.000e+00
     62.852     5.3264   3.115252    31.9943       1977     8.2333  0.000e+00
     62.812     5.3260   3.115076    31.9926       1978     8.2375  0.000e+00
     62.765     5.3258   3.115234    31.9947       1979     8.2417  0.000e+00
     62.719     5.3257   3.115173    31.9942       1980     8.2458  0.000e+00
     62.672     5.3256   3.115131    31.9937       1981     8.2500  0.000e+00
     62.625     5.3253   3.115113    31.9939       1982     8.2542  0.000e+00
     62.573     5.3249   3.115076    31.9939       1983     8.2583  0.000e+00
     62.517     5.3247   3.114997    31.9932       1984     8.2625  0.000e+00
     62.455     5.3245   3.114961    31.9930       1985     8.2667  0.000e+00
     62.394     5.3242   3.114876    31.9923       1986     8.2708  0.000e+00
     62.330     5.3240   3.114858    31.9924       1987     8.2750  0.000e+00
     62.261     5.3236   3.114840    31.9926       1988     8.2792  0.000e+00
     62.191     5.3234   3.114858    31.9930       1989     8.2833  0.000e+00
     62.115     5.3233   3.114840    31.9929       1990     8.2875  0.000e+00
     62.039     5.3233   3.114816    31.9927       1991     8.2917  0.000e+00
     61.968     5.3232   3.114840    31.9931       1992     8.2958  0.000e+00
     61.898     5.3234   3.114840    31.9929       1993     8.3000  0.000e+00
     61.829     5.3234   3.114737    31.9918       1994     8.3042  0.000e+00
     61.757     5.3234   3.114701    31.9914       1995     8.3083  0.000e+00
     61.692     5.3233   3.114604    31.9905       1996     8.3125  0.000e+00
     61.618     5.3232   3.114543    31.9899       1997     8.3167  0.000e+00
     61.556     5.3230   3.114422    31.9888       1998     8.3208  0.000e+00
     61.493     5.3226   3.114367    31.9885       1999     8.3250  0.000e+00
     61.424     5.3223   3.114325    31.9884       2000     8.3292  0.000e+00
     61.357     5.3220   3.114264    31.9880       2001     8.3333  0.000e+00
     61.294     5.3216   3.114228    31.9880       2002     8.3375  0.000e+00
     61.237     5.3214   3.114192    31.9878       2003     8.3417  0.000e+00
     61.174     5.3212   3.114167    31.9877       2004     8.3458  0.000e+00
     61.120     5.3211   3.114107    31.9872       2005     8.3500  0.000e+00
     61.067     5.3207   3.114089    31.9874       2006     8.3542  0.000e+00
     61.015     5.3206   3.114028    31.9868       2007     8.3583  0.000e+00
     60.968     5.3205   3.113992    31.9866       2008     8.3625  0.000e+00
     60.919     5.3204   3.113962    31.9863       2009     8.3667  0.000e+00
     60.870     5.3204   3.113949    31.9862       2010     8.3708  0.000e+00
     60.821     5.3204   3.113913    31.9858       2011     8.3750  0.000e+00
     60.776     5.3204   3.113931    31.9861       2012     8.3792  0.000e+00
     60.730     5.3204   3.113895    31.9857       2013     8.3833  0.000e+00
     60.685     5.3202   3.113871    31.9855       2014     8.3875  0.000e+00
     60.632     5.3202   3.113883    31.9857       2015     8.3917  0.000e+00
     60.581     5.3204   3.113852    31.9852       2016     8.3958  0.000e+00
     60.522     5.3204   3.113816    31.9849       2017     8.4000  0.000e+00
     60.464     5.3202   3.113792    31.9847       2018     8.4042  0.000e+00
     60.404     5.3202   3.113737    31.9842       2019     8.4083  0.000e+00
     60.341     5.3204   3.113737    31.9841       2020     8.4125  0.000e+00
     60.276     5.3204   3.113713    31.9838       2021     8.4167  0.000e+00
     60.205     5.3204   3.113677    31.9834       2022     8.4208  0.000e+00
     60.135     5.3204   3.113659    31.9833       2023     8.4250  0.000e+00
     60.063     5.3203   3.113634    31.9831       2024     8.4292  0.000e+00
     59.992     5.3203   3.113616    31.9829       2025     8.4333  0.000e+00
     59.912     5.3204   3.113519    31.9818       2026     8.4375  0.000e+00
     59.829     5.3204   3.113483    31.9814       2027     8.4417  0.000e+00
     59.755     5.3204   3.113422    31.9808       2028     8.4458  0.000e+00
     59.673     5.3205   3.113319    31.9795       2029     8.4500  0.000e+00
     59.594     5.3218   3.113459    31.9799       2030     8.4542  0.000e+00
     59.513     5.3243   3.113537    31.9784       2031     8.4583  0.000e+00
     59.433     5.3271   3.113598    31.9765       2032     8.4625  0.000e+00
     59.352     5.3295   3.113652    31.9749       2033     8.4667  0.000e+00
     59.287     5.3313   3.113676    31.9735       2034     8.4708  0.000e+00
     59.220     5.3330   3.113791    31.9732       2035     8.4750  0.000e+00
     59.165     5.3348   3.114130    31.9754       2036     8.4792  0.000e+00
     59.107     5.3390   3.114718    31.9780       2037     8.4833  0.000e+00
     59.056     5.3467   3.115154    31.9757       2038     8.4875  0.000e+00
     59.009     5.3552   3.115438    31.9708       2039     8.4917  0.000e+00
     58.965     5.3631   3.115783    31.9672       2040     8.4958  0.000e+00
     58.927     5.3700   3.116038    31.9635       2041     8.5000  0.000e+00
     58.882     5.3758   3.116256    31.9605       2042     8.5042  0.000e+00
     58.844     5.3804   3.116389    31.9576       2043     8.5083  0.000e+00
     58.804     5.3843   3.116528    31.9555       2044     8.5125  0.000e+00
     58.763     5.3874   3.116764    31.9553       2045     8.5167  0.000e+00
     58.716     5.3903   3.116873    31.9537       2046     8.5208  0.000e+00
     58.666     5.3930   3.116940    31.9520       2047     8.5250  0.000e+00
     58.610     5.3954   3.117121    31.9517       2048     8.5292  0.000e+00
     58.558     5.3976   3.117315    31.9519       2049     8.5333  0.000e+00
     58.496     5.4002   3.117612    31.9528       2050     8.5375  0.000e+00
     58.431     5.4037   3.117788    31.9515       2051     8.5417  0.000e+00
     58.366     5.4071   3.117933    31.9500       2052     8.5458  0.000e+00
     58.301     5.4105   3.118260    31.9504       2053     8.5500  0.000e+00
     58.232     5.4143   3.118557    31.9502       2054     8.5542  0.000e+00
     58.159     5.4187   3.118854    31.9495       2055     8.5583  0.000e+00
     58.089     5.4230   3.119047    31.9476       2056     8.5625  0.000e+00
     58.016     5.4268   3.119187    31.9456       2057     8.5667  0.000e+00
     57.942     5.4300   3.119344    31.9444       2058     8.5708  0.000e+00
     57.870     5.4328   3.119599    31.9446       2059     8.5750  0.000e+00
     57.792     5.4355   3.119799    31.9443       2060     8.5792  0.000e+00
     57.716     5.4384   3.119877    31.9426       2061     8.5833  0.000e+00
