HB2403/sbe107.cnv
* Sea-Bird SBE 19plus V2 Data File:
* FileName = C:\cruise\data\sbe107.hex
* Software Version Seasave V 7.26.7.121
* Temperature SN = 6128
* Conductivity SN = 6128
* System UpLoad Time = Jun 11 2024 00:48:50
* NMEA Latitude = 43 25.32 N
* NMEA Longitude = 067 25.63 W
* NMEA UTC (Time) = Jun 11 2024  00:49:27
** Ship: Henry Bigelow
** Cruise:  HB2403
** Program:  ECOMON
# nquan = 7
# nvalues = 3904                                  
# units = specified
# name 0 = depSM: Depth [salt water, m]
# name 1 = tv290C: Temperature [ITS-90, deg C]
# name 2 = c0S/m: Conductivity [S/m]
# name 3 = sal00: Salinity, Practical [PSU]
# name 4 = scan: Scan Count
# name 5 = timeM: Time, Elapsed [minutes]
# name 6 = flag:  0.000e+00
# span 0 =     -0.293,    181.051                 
# span 1 =     6.5364,    11.9596                 
# span 2 =   0.000123,   3.651898                 
# span 3 =     0.0063,    34.0292                 
# span 4 =         11,       3914                 
# span 5 =     0.0417,    16.3042                 
# span 6 = 0.0000e+00, 0.0000e+00                 
# interval = seconds: 0.25
# start_time = Jun 11 2024 00:49:27 [NMEA time, header]
# bad_flag = -9.990e-29
*END*
[from data line 1847]
    126.276     7.5346   3.478605    33.8601       1858     7.7375  0.000e+00
    126.196     7.5337   3.478599    33.8609       1859     7.7417  0.000e+00
    126.121     7.5331   3.478245    33.8578       1860     7.7458  0.000e+00
    126.043     7.5320   3.478156    33.8579       1861     7.7500  0.000e+00
    125.973     7.5308   3.478201    33.8595       1862     7.7542  0.000e+00
    125.903     7.5306   3.478213    33.8599       1863     7.7583  0.000e+00
    125.832     7.5300   3.477859    33.8567       1864     7.7625  0.000e+00
    125.767     7.5294   3.477669    33.8553       1865     7.7667  0.000e+00
    125.705     7.5283   3.477606    33.8557       1866     7.7708  0.000e+00
    125.643     7.5274   3.477632    33.8569       1867     7.7750  0.000e+00
    125.581     7.5268   3.477606    33.8573       1868     7.7792  0.000e+00
    125.518     7.5263   3.477543    33.8570       1869     7.7833  0.000e+00
    125.458     7.5263   3.477499    33.8566       1870     7.7875  0.000e+00
    125.395     7.5258   3.477372    33.8558       1871     7.7917  0.000e+00
    125.339     7.5255   3.477265    33.8549       1872     7.7958  0.000e+00
    125.292     7.5248   3.477246    33.8554       1873     7.8000  0.000e+00
    125.236     7.5244   3.476942    33.8525       1874     7.8042  0.000e+00
    125.181     7.5235   3.476759    33.8515       1875     7.8083  0.000e+00
    125.133     7.5224   3.476652    33.8514       1876     7.8125  0.000e+00
    125.074     7.5213   3.476374    33.8495       1877     7.8167  0.000e+00
    125.018     7.5199   3.475558    33.8420       1878     7.8208  0.000e+00
    124.964     7.5173   3.475337    33.8422       1879     7.8250  0.000e+00
    124.908     7.5144   3.474762    33.8388       1880     7.8292  0.000e+00
    124.843     7.5115   3.473997    33.8334       1881     7.8333  0.000e+00
    124.775     7.5076   3.474023    33.8375       1882     7.8375  0.000e+00
    124.707     7.5047   3.473934    33.8394       1883     7.8417  0.000e+00
    124.638     7.5031   3.473770    33.8393       1884     7.8458  0.000e+00
    124.564     7.5017   3.472879    33.8310       1885     7.8500  0.000e+00
    124.488     7.4988   3.472879    33.8339       1886     7.8542  0.000e+00
    124.416     7.4961   3.472772    33.8353       1887     7.8583  0.000e+00
    124.347     7.4947   3.472367    33.8324       1888     7.8625  0.000e+00
    124.272     7.4927   3.471603    33.8261       1889     7.8667  0.000e+00
    124.204     7.4898   3.471350    33.8262       1890     7.8708  0.000e+00
    124.131     7.4865   3.470719    33.8226       1891     7.8750  0.000e+00
    124.068     7.4834   3.470472    33.8230       1892     7.8792  0.000e+00
    124.003     7.4802   3.470397    33.8253       1893     7.8833  0.000e+00
    123.946     7.4782   3.470397    33.8273       1894     7.8875  0.000e+00
    123.886     7.4772   3.470472    33.8292       1895     7.8917  0.000e+00
    123.841     7.4765   3.470523    33.8304       1896     7.8958  0.000e+00
    123.790     7.4765   3.470422    33.8293       1897     7.9000  0.000e+00
    123.734     7.4762   3.470289    33.8282       1898     7.9042  0.000e+00
    123.673     7.4759   3.470138    33.8268       1899     7.9083  0.000e+00
    123.621     7.4748   3.469847    33.8248       1900     7.9125  0.000e+00
    123.563     7.4736   3.469234    33.8193       1901     7.9167  0.000e+00
    123.498     7.4716   3.468262    33.8109       1902     7.9208  0.000e+00
    123.436     7.4674   3.467498    33.8067       1903     7.9250  0.000e+00
    123.365     7.4630   3.466993    33.8055       1904     7.9292  0.000e+00
    123.293     7.4586   3.465913    33.7981       1905     7.9333  0.000e+00
    123.219     7.4536   3.465105    33.7943       1906     7.9375  0.000e+00
    123.143     7.4481   3.464329    33.7913       1907     7.9417  0.000e+00
    123.058     7.4428   3.463969    33.7925       1908     7.9458  0.000e+00
    122.993     7.4387   3.463856    33.7954       1909     7.9500  0.000e+00
    122.913     7.4358   3.463565    33.7951       1910     7.9542  0.000e+00
    122.842     7.4335   3.462827    33.7894       1911     7.9583  0.000e+00
    122.772     7.4301   3.460436    33.7668       1912     7.9625  0.000e+00
    122.703     7.4234   3.459830    33.7668       1913     7.9667  0.000e+00
    122.639     7.4163   3.459578    33.7709       1914     7.9708  0.000e+00
    122.572     7.4114   3.458625    33.7654       1915     7.9750  0.000e+00
    122.515     7.4064   3.457723    33.7605       1916     7.9792  0.000e+00
    122.459     7.4012   3.457105    33.7589       1917     7.9833  0.000e+00
    122.403     7.3967   3.456349    33.7552       1918     7.9875  0.000e+00
    122.343     7.3920   3.455750    33.7532       1919     7.9917  0.000e+00
    122.289     7.3879   3.455441    33.7540       1920     7.9958  0.000e+00
    122.230     7.3846   3.455189    33.7544       1921     8.0000  0.000e+00
    122.174     7.3820   3.455062    33.7556       1922     8.0042  0.000e+00
    122.113     7.3802   3.454962    33.7563       1923     8.0083  0.000e+00
    122.052     7.3786   3.454602    33.7540       1924     8.0125  0.000e+00
    121.987     7.3770   3.454199    33.7512       1925     8.0167  0.000e+00
    121.927     7.3749   3.453675    33.7476       1926     8.0208  0.000e+00
    121.856     7.3725   3.453001    33.7426       1927     8.0250  0.000e+00
    121.793     7.3696   3.452692    33.7421       1928     8.0292  0.000e+00
    121.714     7.3669   3.452598    33.7438       1929     8.0333  0.000e+00
    121.638     7.3648   3.452219    33.7417       1930     8.0375  0.000e+00
    121.559     7.3630   3.451671    33.7376       1931     8.0417  0.000e+00
    121.486     7.3606   3.451614    33.7393       1932     8.0458  0.000e+00
    121.406     7.3587   3.451526    33.7402       1933     8.0500  0.000e+00
    121.324     7.3577   3.451161    33.7374       1934     8.0542  0.000e+00
    121.252     7.3560   3.450518    33.7320       1935     8.0583  0.000e+00
    121.173     7.3538   3.450058    33.7292       1936     8.0625  0.000e+00
    121.091     7.3516   3.449699    33.7275       1937     8.0667  0.000e+00
    121.012     7.3492   3.449510    33.7278       1938     8.0708  0.000e+00
    120.940     7.3474   3.449402    33.7285       1939     8.0750  0.000e+00
    120.864     7.3459   3.449194    33.7277       1940     8.0792  0.000e+00
    120.785     7.3446   3.448835    33.7251       1941     8.0833  0.000e+00
    120.702     7.3429   3.448249    33.7204       1942     8.0875  0.000e+00
    120.626     7.3407   3.447796    33.7176       1943     8.0917  0.000e+00
    120.548     7.3378   3.447468    33.7170       1944     8.0958  0.000e+00
    120.475     7.3354   3.447134    33.7157       1945     8.1000  0.000e+00
    120.397     7.3328   3.446580    33.7123       1946     8.1042  0.000e+00
    120.329     7.3300   3.446315    33.7121       1947     8.1083  0.000e+00
    120.256     7.3275   3.446290    33.7143       1948     8.1125  0.000e+00
    120.188     7.3257   3.445390    33.7063       1949     8.1167  0.000e+00
    120.118     7.3233   3.444949    33.7039       1950     8.1208  0.000e+00
    120.049     7.3203   3.444879    33.7061       1951     8.1250  0.000e+00
    119.982     7.3184   3.444760    33.7067       1952     8.1292  0.000e+00
    119.918     7.3169   3.444760    33.7082       1953     8.1333  0.000e+00
    119.857     7.3162   3.444835    33.7097       1954     8.1375  0.000e+00
    119.792     7.3158   3.444842    33.7102       1955     8.1417  0.000e+00
    119.731     7.3157   3.444779    33.7097       1956     8.1458  0.000e+00
    119.666     7.3156   3.444678    33.7087       1957     8.1500  0.000e+00
    119.615     7.3153   3.444653    33.7088       1958     8.1542  0.000e+00
    119.548     7.3149   3.444464    33.7071       1959     8.1583  0.000e+00
    119.487     7.3145   3.444369    33.7065       1960     8.1625  0.000e+00
    119.420     7.3141   3.444237    33.7055       1961     8.1667  0.000e+00
    119.350     7.3132   3.443796    33.7015       1962     8.1708  0.000e+00
    119.277     7.3119   3.443374    33.6983       1963     8.1750  0.000e+00
    119.205     7.3100   3.443311    33.6995       1964     8.1792  0.000e+00
    119.125     7.3088   3.443141    33.6988       1965     8.1833  0.000e+00
    119.045     7.3074   3.443047    33.6992       1966     8.1875  0.000e+00
    118.976     7.3065   3.442871    33.6982       1967     8.1917  0.000e+00
    118.893     7.3057   3.442474    33.6947       1968     8.1958  0.000e+00
    118.820     7.3043   3.442165    33.6927       1969     8.2000  0.000e+00
    118.740     7.3029   3.442178    33.6943       1970     8.2042  0.000e+00
    118.669     7.3019   3.442184    33.6954       1971     8.2083  0.000e+00
    118.594     7.3014   3.442178    33.6958       1972     8.2125  0.000e+00
    118.518     7.3011   3.442134    33.6956       1973     8.2167  0.000e+00
    118.449     7.3011   3.441876    33.6929       1974     8.2208  0.000e+00
    118.371     7.3004   3.441441    33.6889       1975     8.2250  0.000e+00
    118.290     7.2991   3.440585    33.6809       1976     8.2292  0.000e+00
    118.215     7.2963   3.440308    33.6807       1977     8.2333  0.000e+00
    118.124     7.2937   3.440145    33.6814       1978     8.2375  0.000e+00
    118.043     7.2918   3.440082    33.6827       1979     8.2417  0.000e+00
    117.956     7.2902   3.440132    33.6848       1980     8.2458  0.000e+00
    117.857     7.2895   3.440144    33.6856       1981     8.2500  0.000e+00
    117.760     7.2891   3.440189    33.6865       1982     8.2542  0.000e+00
    117.666     7.2890   3.440220    33.6870       1983     8.2583  0.000e+00
    117.572     7.2892   3.440270    33.6875       1984     8.2625  0.000e+00
    117.487     7.2893   3.440018    33.6847       1985     8.2667  0.000e+00
    117.408     7.2889   3.439911    33.6839       1986     8.2708  0.000e+00
    117.330     7.2883   3.439911    33.6845       1987     8.2750  0.000e+00
    117.260     7.2881   3.439754    33.6831       1988     8.2792  0.000e+00
    117.204     7.2874   3.439597    33.6820       1989     8.2833  0.000e+00
    117.147     7.2866   3.439452    33.6813       1990     8.2875  0.000e+00
    117.096     7.2858   3.439358    33.6811       1991     8.2917  0.000e+00
    117.056     7.2850   3.439496    33.6834       1992     8.2958  0.000e+00
    117.009     7.2848   3.439534    33.6840       1993     8.3000  0.000e+00
    116.969     7.2848   3.439666    33.6854       1994     8.3042  0.000e+00
    116.931     7.2852   3.439622    33.6846       1995     8.3083  0.000e+00
    116.886     7.2854   3.439647    33.6847       1996     8.3125  0.000e+00
    116.833     7.2856   3.439685    33.6850       1997     8.3167  0.000e+00
    116.775     7.2858   3.439597    33.6839       1998     8.3208  0.000e+00
    116.718     7.2858   3.439294    33.6805       1999     8.3250  0.000e+00
    116.638     7.2850   3.438904    33.6771       2000     8.3292  0.000e+00
    116.566     7.2835   3.438382    33.6729       2001     8.3333  0.000e+00
    116.474     7.2814   3.437727    33.6679       2002     8.3375  0.000e+00
    116.380     7.2786   3.437149    33.6644       2003     8.3417  0.000e+00
    116.286     7.2753   3.436960    33.6656       2004     8.3458  0.000e+00
    116.185     7.2727   3.436935    33.6679       2005     8.3500  0.000e+00
    116.086     7.2712   3.436853    33.6685       2006     8.3542  0.000e+00
    115.990     7.2700   3.436645    33.6674       2007     8.3583  0.000e+00
    115.898     7.2687   3.436287    33.6649       2008     8.3625  0.000e+00
    115.804     7.2673   3.435934    33.6625       2009     8.3667  0.000e+00
    115.728     7.2656   3.436010    33.6650       2010     8.3708  0.000e+00
    115.648     7.2644   3.435764    33.6635       2011     8.3750  0.000e+00
    115.582     7.2633   3.435557    33.6623       2012     8.3792  0.000e+00
    115.516     7.2618   3.435588    33.6641       2013     8.3833  0.000e+00
    115.463     7.2612   3.435576    33.6647       2014     8.3875  0.000e+00
    115.409     7.2606   3.435764    33.6673       2015     8.3917  0.000e+00
    115.352     7.2610   3.435538    33.6645       2016     8.3958  0.000e+00
    115.303     7.2604   3.435475    33.6644       2017     8.4000  0.000e+00
    115.258     7.2601   3.435368    33.6636       2018     8.4042  0.000e+00
    115.207     7.2593   3.434909    33.6593       2019     8.4083  0.000e+00
    115.166     7.2581   3.434676    33.6580       2020     8.4125  0.000e+00
    115.107     7.2565   3.434600    33.6588       2021     8.4167  0.000e+00
    115.054     7.2550   3.434550    33.6597       2022     8.4208  0.000e+00
    115.004     7.2544   3.434512    33.6599       2023     8.4250  0.000e+00
    114.948     7.2538   3.434487    33.6602       2024     8.4292  0.000e+00
    114.886     7.2535   3.434512    33.6609       2025     8.4333  0.000e+00
    114.823     7.2532   3.434487    33.6609       2026     8.4375  0.000e+00
    114.771     7.2532   3.434468    33.6607       2027     8.4417  0.000e+00
    114.707     7.2532   3.434487    33.6609       2028     8.4458  0.000e+00
    114.644     7.2532   3.434531    33.6615       2029     8.4500  0.000e+00
    114.579     7.2533   3.434512    33.6612       2030     8.4542  0.000e+00
    114.518     7.2534   3.434512    33.6611       2031     8.4583  0.000e+00
    114.452     7.2536   3.434657    33.6625       2032     8.4625  0.000e+00
    114.383     7.2537   3.434657    33.6625       2033     8.4667  0.000e+00
    114.315     7.2540   3.434292    33.6582       2034     8.4708  0.000e+00
    114.241     7.2535   3.434449    33.6604       2035     8.4750  0.000e+00
    114.167     7.2531   3.434279    33.6590       2036     8.4792  0.000e+00
    114.102     7.2524   3.432663    33.6421       2037     8.4833  0.000e+00
    114.034     7.2500   3.433525    33.6539       2038     8.4875  0.000e+00
    113.959     7.2482   3.431889    33.6379       2039     8.4917  0.000e+00
    113.896     7.2444   3.431355    33.6358       2040     8.4958  0.000e+00
    113.827     7.2405   3.432418    33.6512       2041     8.5000  0.000e+00
    113.762     7.2395   3.431273    33.6398       2042     8.5042  0.000e+00
    113.697     7.2379   3.430663    33.6347       2043     8.5083  0.000e+00
    113.625     7.2346   3.430475    33.6359       2044     8.5125  0.000e+00
    113.554     7.2320   3.430129    33.6346       2045     8.5167  0.000e+00
    113.485     7.2299   3.430707    33.6431       2046     8.5208  0.000e+00
    113.413     7.2296   3.430921    33.6457       2047     8.5250  0.000e+00
    113.337     7.2306   3.430789    33.6434       2048     8.5292  0.000e+00
    113.256     7.2311   3.429720    33.6312       2049     8.5333  0.000e+00
    113.180     7.2289   3.429205    33.6278       2050     8.5375  0.000e+00
    113.114     7.2263   3.429720    33.6360       2051     8.5417  0.000e+00
    113.042     7.2255   3.430538    33.6457       2052     8.5458  0.000e+00
    112.977     7.2265   3.430877    33.6484       2053     8.5500  0.000e+00
    112.921     7.2286   3.430852    33.6462       2054     8.5542  0.000e+00
    112.870     7.2301   3.430745    33.6436       2055     8.5583  0.000e+00
    112.820     7.2303   3.429953    33.6347       2056     8.5625  0.000e+00
    112.768     7.2293   3.430368    33.6403       2057     8.5667  0.000e+00
    112.715     7.2288   3.429978    33.6366       2058     8.5708  0.000e+00
    112.665     7.2280   3.429720    33.6346       2059     8.5750  0.000e+00
    112.612     7.2267   3.429997    33.6388       2060     8.5792  0.000e+00
    112.547     7.2263   3.429953    33.6388       2061     8.5833  0.000e+00
