HB2403/sbe116.cnv
* Sea-Bird SBE 19plus V2 Data File:
* FileName = C:\cruise\data\sbe116.hex
* Software Version Seasave V 7.26.7.121
* Temperature SN = 6128
* Conductivity SN = 6128
* System UpLoad Time = Jun 11 2024 19:56:05
* NMEA Latitude = 43 07.22 N
* NMEA Longitude = 069 06.64 W
* NMEA UTC (Time) = Jun 11 2024  19:56:41
** Ship: Henry Bigelow
** Cruise:  HB2403
** Program:  ECOMON
# nquan = 7
# nvalues = 3997                                  
# units = specified
# name 0 = depSM: Depth [salt water, m]
# name 1 = tv290C: Temperature [ITS-90, deg C]
# name 2 = c0S/m: Conductivity [S/m]
# name 3 = sal00: Salinity, Practical [PSU]
# name 4 = scan: Scan Count
# name 5 = timeM: Time, Elapsed [minutes]
# name 6 = flag:  0.000e+00
# span 0 =     -0.056,    157.336                 
# span 1 =     5.9045,    16.4976                 
# span 2 =   0.000192,   4.045657                 
# span 3 =     0.0087,    36.4642                 
# span 4 =         11,       4007                 
# span 5 =     0.0417,    16.6917                 
# span 6 = 0.0000e+00, 0.0000e+00                 
# interval = seconds: 0.25
# start_time = Jun 11 2024 19:56:41 [NMEA time, header]
# bad_flag = -9.990e-29
*END*
[from data line 2257]
     87.035     5.9459   3.205322    32.4062       2268     9.4458  0.000e+00
     86.983     5.9459   3.205359    32.4067       2269     9.4500  0.000e+00
     86.939     5.9459   3.205341    32.4065       2270     9.4542  0.000e+00
     86.885     5.9459   3.205341    32.4065       2271     9.4583  0.000e+00
     86.829     5.9459   3.205341    32.4065       2272     9.4625  0.000e+00
     86.769     5.9459   3.205298    32.4061       2273     9.4667  0.000e+00
     86.707     5.9458   3.205157    32.4046       2274     9.4708  0.000e+00
     86.648     5.9458   3.205016    32.4031       2275     9.4750  0.000e+00
     86.595     5.9455   3.204973    32.4028       2276     9.4792  0.000e+00
     86.539     5.9452   3.204955    32.4030       2277     9.4833  0.000e+00
     86.477     5.9452   3.204955    32.4031       2278     9.4875  0.000e+00
     86.416     5.9450   3.204526    32.3985       2279     9.4917  0.000e+00
     86.363     5.9445   3.204465    32.3983       2280     9.4958  0.000e+00
     86.311     5.9437   3.204447    32.3988       2281     9.5000  0.000e+00
     86.256     5.9433   3.204385    32.3986       2282     9.5042  0.000e+00
     86.201     5.9428   3.204159    32.3965       2283     9.5083  0.000e+00
     86.152     5.9425   3.204079    32.3959       2284     9.5125  0.000e+00
     86.103     5.9422   3.204061    32.3960       2285     9.5167  0.000e+00
     86.060     5.9418   3.204036    32.3961       2286     9.5208  0.000e+00
     86.011     5.9416   3.203975    32.3957       2287     9.5250  0.000e+00
     85.969     5.9414   3.203816    32.3941       2288     9.5292  0.000e+00
     85.932     5.9411   3.203755    32.3937       2289     9.5333  0.000e+00
     85.892     5.9407   3.203651    32.3930       2290     9.5375  0.000e+00
     85.846     5.9403   3.203510    32.3918       2291     9.5417  0.000e+00
     85.803     5.9399   3.203632    32.3936       2292     9.5458  0.000e+00
     85.754     5.9398   3.203553    32.3928       2293     9.5500  0.000e+00
     85.703     5.9396   3.203491    32.3923       2294     9.5542  0.000e+00
     85.656     5.9395   3.203528    32.3929       2295     9.5583  0.000e+00
     85.607     5.9394   3.203406    32.3917       2296     9.5625  0.000e+00
     85.553     5.9391   3.203265    32.3903       2297     9.5667  0.000e+00
     85.502     5.9389   3.203167    32.3895       2298     9.5708  0.000e+00
     85.448     5.9384   3.203081    32.3890       2299     9.5750  0.000e+00
     85.391     5.9381   3.203002    32.3885       2300     9.5792  0.000e+00
     85.339     5.9378   3.203044    32.3893       2301     9.5833  0.000e+00
     85.279     5.9376   3.202959    32.3885       2302     9.5875  0.000e+00
     85.223     5.9375   3.202842    32.3874       2303     9.5917  0.000e+00
     85.167     5.9373   3.202659    32.3855       2304     9.5958  0.000e+00
     85.105     5.9369   3.202597    32.3852       2305     9.6000  0.000e+00
     85.044     5.9367   3.202414    32.3834       2306     9.6042  0.000e+00
     84.982     5.9363   3.202273    32.3823       2307     9.6083  0.000e+00
     84.924     5.9359   3.202089    32.3805       2308     9.6125  0.000e+00
     84.871     5.9356   3.202151    32.3816       2309     9.6167  0.000e+00
     84.815     5.9354   3.202004    32.3802       2310     9.6208  0.000e+00
     84.764     5.9349   3.201643    32.3766       2311     9.6250  0.000e+00
     84.713     5.9343   3.201643    32.3772       2312     9.6292  0.000e+00
     84.670     5.9340   3.201863    32.3800       2313     9.6333  0.000e+00
     84.634     5.9339   3.201998    32.3816       2314     9.6375  0.000e+00
     84.589     5.9342   3.201783    32.3790       2315     9.6417  0.000e+00
     84.563     5.9341   3.201845    32.3797       2316     9.6458  0.000e+00
     84.533     5.9341   3.201924    32.3806       2317     9.6500  0.000e+00
     84.504     5.9342   3.201679    32.3778       2318     9.6542  0.000e+00
     84.479     5.9340   3.201520    32.3763       2319     9.6583  0.000e+00
     84.446     5.9335   3.201557    32.3771       2320     9.6625  0.000e+00
     84.424     5.9333   3.201214    32.3735       2321     9.6667  0.000e+00
     84.391     5.9328   3.201196    32.3738       2322     9.6708  0.000e+00
     84.357     5.9325   3.200951    32.3713       2323     9.6750  0.000e+00
     84.315     5.9321   3.200786    32.3699       2324     9.6792  0.000e+00
     84.278     5.9316   3.201012    32.3730       2325     9.6833  0.000e+00
     84.234     5.9315   3.200890    32.3717       2326     9.6875  0.000e+00
     84.186     5.9314   3.200810    32.3709       2327     9.6917  0.000e+00
     84.136     5.9313   3.200871    32.3717       2328     9.6958  0.000e+00
     84.083     5.9312   3.200890    32.3721       2329     9.7000  0.000e+00
     84.026     5.9311   3.200994    32.3733       2330     9.7042  0.000e+00
     83.966     5.9312   3.201073    32.3742       2331     9.7083  0.000e+00
     83.906     5.9315   3.200969    32.3728       2332     9.7125  0.000e+00
     83.846     5.9313   3.200626    32.3691       2333     9.7167  0.000e+00
     83.779     5.9311   3.200663    32.3698       2334     9.7208  0.000e+00
     83.714     5.9307   3.200749    32.3711       2335     9.7250  0.000e+00
     83.652     5.9306   3.200626    32.3699       2336     9.7292  0.000e+00
     83.585     5.9305   3.200522    32.3688       2337     9.7333  0.000e+00
     83.523     5.9302   3.200461    32.3685       2338     9.7375  0.000e+00
     83.455     5.9300   3.200424    32.3683       2339     9.7417  0.000e+00
     83.397     5.9298   3.200161    32.3656       2340     9.7458  0.000e+00
     83.339     5.9292   3.200302    32.3677       2341     9.7500  0.000e+00
     83.279     5.9292   3.200137    32.3660       2342     9.7542  0.000e+00
     83.225     5.9290   3.200302    32.3680       2343     9.7583  0.000e+00
     83.169     5.9289   3.200363    32.3688       2344     9.7625  0.000e+00
     83.116     5.9290   3.200076    32.3655       2345     9.7667  0.000e+00
     83.064     5.9290   3.200057    32.3653       2346     9.7708  0.000e+00
     83.018     5.9286   3.199531    32.3599       2347     9.7750  0.000e+00
     82.965     5.9282   3.199996    32.3655       2348     9.7792  0.000e+00
     82.926     5.9280   3.199831    32.3638       2349     9.7833  0.000e+00
     82.887     5.9277   3.199568    32.3611       2350     9.7875  0.000e+00
     82.853     5.9270   3.199531    32.3614       2351     9.7917  0.000e+00
     82.817     5.9266   3.199610    32.3628       2352     9.7958  0.000e+00
     82.790     5.9265   3.199623    32.3630       2353     9.8000  0.000e+00
     82.761     5.9265   3.199445    32.3610       2354     9.8042  0.000e+00
     82.735     5.9261   3.199182    32.3584       2355     9.8083  0.000e+00
     82.704     5.9254   3.199207    32.3595       2356     9.8125  0.000e+00
     82.675     5.9247   3.199445    32.3628       2357     9.8167  0.000e+00
     82.645     5.9249   3.199445    32.3626       2358     9.8208  0.000e+00
     82.610     5.9250   3.199629    32.3646       2359     9.8250  0.000e+00
     82.574     5.9254   3.199672    32.3647       2360     9.8292  0.000e+00
     82.527     5.9259   3.199672    32.3642       2361     9.8333  0.000e+00
     82.472     5.9262   3.199592    32.3631       2362     9.8375  0.000e+00
     82.427     5.9262   3.199366    32.3606       2363     9.8417  0.000e+00
     82.367     5.9259   3.199506    32.3625       2364     9.8458  0.000e+00
     82.300     5.9256   3.199329    32.3608       2365     9.8500  0.000e+00
     82.231     5.9255   3.199304    32.3607       2366     9.8542  0.000e+00
     82.170     5.9251   3.199427    32.3624       2367     9.8583  0.000e+00
     82.103     5.9251   3.199206    32.3600       2368     9.8625  0.000e+00
     82.033     5.9248   3.199060    32.3587       2369     9.8667  0.000e+00
     81.968     5.9241   3.199004    32.3587       2370     9.8708  0.000e+00
     81.907     5.9238   3.199084    32.3600       2371     9.8750  0.000e+00
     81.848     5.9236   3.199102    32.3604       2372     9.8792  0.000e+00
     81.794     5.9236   3.199084    32.3602       2373     9.8833  0.000e+00
     81.742     5.9236   3.198815    32.3572       2374     9.8875  0.000e+00
     81.693     5.9229   3.199004    32.3601       2375     9.8917  0.000e+00
     81.647     5.9228   3.199145    32.3617       2376     9.8958  0.000e+00
     81.606     5.9231   3.199102    32.3610       2377     9.9000  0.000e+00
     81.568     5.9233   3.199145    32.3613       2378     9.9042  0.000e+00
     81.528     5.9235   3.198594    32.3549       2379     9.9083  0.000e+00
     81.489     5.9225   3.198270    32.3523       2380     9.9125  0.000e+00
     81.455     5.9209   3.198233    32.3534       2381     9.9167  0.000e+00
     81.423     5.9197   3.198393    32.3564       2382     9.9208  0.000e+00
     81.385     5.9191   3.198313    32.3560       2383     9.9250  0.000e+00
     81.347     5.9189   3.198350    32.3567       2384     9.9292  0.000e+00
     81.304     5.9187   3.198252    32.3558       2385     9.9333  0.000e+00
     81.256     5.9185   3.198331    32.3569       2386     9.9375  0.000e+00
     81.204     5.9186   3.198313    32.3566       2387     9.9417  0.000e+00
     81.151     5.9186   3.198331    32.3569       2388     9.9458  0.000e+00
     81.101     5.9188   3.198331    32.3567       2389     9.9500  0.000e+00
     81.039     5.9190   3.198331    32.3566       2390     9.9542  0.000e+00
     80.979     5.9191   3.198454    32.3578       2391     9.9583  0.000e+00
     80.916     5.9192   3.198411    32.3573       2392     9.9625  0.000e+00
     80.852     5.9195   3.198435    32.3573       2393     9.9667  0.000e+00
     80.797     5.9198   3.198496    32.3577       2394     9.9708  0.000e+00
     80.737     5.9200   3.198533    32.3580       2395     9.9750  0.000e+00
     80.688     5.9204   3.198411    32.3563       2396     9.9792  0.000e+00
     80.632     5.9202   3.198331    32.3556       2397     9.9833  0.000e+00
     80.588     5.9199   3.198435    32.3571       2398     9.9875  0.000e+00
     80.528     5.9198   3.198435    32.3572       2399     9.9917  0.000e+00
     80.486     5.9198   3.198270    32.3554       2400     9.9958  0.000e+00
     80.442     5.9195   3.198288    32.3559       2401    10.0000  0.000e+00
     80.397     5.9192   3.198252    32.3557       2402    10.0042  0.000e+00
     80.352     5.9190   3.198270    32.3562       2403    10.0083  0.000e+00
     80.309     5.9188   3.198233    32.3560       2404    10.0125  0.000e+00
     80.267     5.9188   3.198270    32.3564       2405    10.0167  0.000e+00
     80.221     5.9188   3.198270    32.3565       2406    10.0208  0.000e+00
     80.174     5.9189   3.198233    32.3560       2407    10.0250  0.000e+00
     80.130     5.9188   3.197744    32.3506       2408    10.0292  0.000e+00
     80.084     5.9176   3.197744    32.3518       2409    10.0333  0.000e+00
     80.035     5.9165   3.197640    32.3517       2410    10.0375  0.000e+00
     79.988     5.9154   3.197823    32.3548       2411    10.0417  0.000e+00
     79.948     5.9152   3.197866    32.3555       2412    10.0458  0.000e+00
     79.904     5.9154   3.197725    32.3538       2413    10.0500  0.000e+00
     79.861     5.9152   3.197542    32.3519       2414    10.0542  0.000e+00
     79.814     5.9144   3.197481    32.3520       2415    10.0583  0.000e+00
     79.769     5.9138   3.197438    32.3521       2416    10.0625  0.000e+00
     79.720     5.9133   3.197358    32.3517       2417    10.0667  0.000e+00
     79.667     5.9131   3.197315    32.3515       2418    10.0708  0.000e+00
     79.620     5.9125   3.197578    32.3550       2419    10.0750  0.000e+00
     79.571     5.9126   3.197682    32.3561       2420    10.0792  0.000e+00
     79.518     5.9132   3.197664    32.3553       2421    10.0833  0.000e+00
     79.467     5.9136   3.197664    32.3550       2422    10.0875  0.000e+00
     79.413     5.9137   3.197376    32.3517       2423    10.0917  0.000e+00
     79.360     5.9131   3.197138    32.3496       2424    10.0958  0.000e+00
     79.313     5.9123   3.197236    32.3515       2425    10.1000  0.000e+00
     79.253     5.9117   3.196893    32.3482       2426    10.1042  0.000e+00
     79.202     5.9110   3.196973    32.3499       2427    10.1083  0.000e+00
     79.148     5.9103   3.196912    32.3499       2428    10.1125  0.000e+00
     79.094     5.9097   3.196832    32.3496       2429    10.1167  0.000e+00
     79.036     5.9096   3.196991    32.3515       2430    10.1208  0.000e+00
     78.976     5.9095   3.196991    32.3516       2431    10.1250  0.000e+00
     78.918     5.9094   3.196930    32.3510       2432    10.1292  0.000e+00
     78.858     5.9094   3.196807    32.3497       2433    10.1333  0.000e+00
     78.800     5.9095   3.196587    32.3471       2434    10.1375  0.000e+00
     78.739     5.9094   3.196544    32.3469       2435    10.1417  0.000e+00
     78.687     5.9092   3.196630    32.3480       2436    10.1458  0.000e+00
     78.640     5.9090   3.196667    32.3486       2437    10.1500  0.000e+00
     78.595     5.9091   3.196691    32.3488       2438    10.1542  0.000e+00
     78.551     5.9091   3.196526    32.3470       2439    10.1583  0.000e+00
     78.509     5.9090   3.196447    32.3462       2440    10.1625  0.000e+00
     78.473     5.9090   3.196630    32.3483       2441    10.1667  0.000e+00
     78.433     5.9090   3.196544    32.3473       2442    10.1708  0.000e+00
     78.402     5.9090   3.196446    32.3463       2443    10.1750  0.000e+00
     78.372     5.9090   3.196483    32.3467       2444    10.1792  0.000e+00
     78.339     5.9089   3.196465    32.3466       2445    10.1833  0.000e+00
     78.312     5.9089   3.196324    32.3451       2446    10.1875  0.000e+00
     78.281     5.9088   3.196367    32.3456       2447    10.1917  0.000e+00
     78.254     5.9089   3.196367    32.3456       2448    10.1958  0.000e+00
     78.220     5.9089   3.196324    32.3451       2449    10.2000  0.000e+00
     78.180     5.9088   3.196342    32.3454       2450    10.2042  0.000e+00
     78.138     5.9088   3.196306    32.3450       2451    10.2083  0.000e+00
     78.098     5.9089   3.196245    32.3442       2452    10.2125  0.000e+00
     78.050     5.9088   3.196220    32.3441       2453    10.2167  0.000e+00
     78.005     5.9087   3.196245    32.3445       2454    10.2208  0.000e+00
     77.945     5.9087   3.196141    32.3433       2455    10.2250  0.000e+00
     77.894     5.9087   3.195982    32.3416       2456    10.2292  0.000e+00
     77.833     5.9086   3.195939    32.3412       2457    10.2333  0.000e+00
     77.775     5.9083   3.195877    32.3408       2458    10.2375  0.000e+00
     77.723     5.9083   3.195835    32.3404       2459    10.2417  0.000e+00
     77.667     5.9082   3.195773    32.3398       2460    10.2458  0.000e+00
     77.611     5.9083   3.195676    32.3387       2461    10.2500  0.000e+00
     77.560     5.9082   3.195633    32.3383       2462    10.2542  0.000e+00
     77.504     5.9079   3.195614    32.3384       2463    10.2583  0.000e+00
     77.457     5.9079   3.195523    32.3374       2464    10.2625  0.000e+00
     77.401     5.9077   3.195070    32.3326       2465    10.2667  0.000e+00
     77.353     5.9073   3.193878    32.3196       2466    10.2708  0.000e+00
     77.300     5.9067   3.193407    32.3150       2467    10.2750  0.000e+00
     77.257     5.9061   3.193095    32.3120       2468    10.2792  0.000e+00
     77.212     5.9057   3.192961    32.3109       2469    10.2833  0.000e+00
     77.169     5.9056   3.192838    32.3097       2470    10.2875  0.000e+00
     77.129     5.9060   3.192881    32.3098       2471    10.2917  0.000e+00
