HB2403/sbe125.cnv
* Sea-Bird SBE 19plus V2 Data File:
* FileName = C:\cruise\data\sbe125.hex
* Software Version Seasave V 7.26.7.121
* Temperature SN = 6128
* Conductivity SN = 6128
* System UpLoad Time = Jun 12 2024 13:46:25
* NMEA Latitude = 42 21.56 N
* NMEA Longitude = 070 28.07 W
* NMEA UTC (Time) = Jun 12 2024  13:47:03
** Ship: Henry Bigelow
** Cruise:  HB2403
** Program:  ECOMON
# nquan = 7
# nvalues = 1466                                  
# units = specified
# name 0 = depSM: Depth [salt water, m]
# name 1 = tv290C: Temperature [ITS-90, deg C]
# name 2 = c0S/m: Conductivity [S/m]
# name 3 = sal00: Salinity, Practical [PSU]
# name 4 = scan: Scan Count
# name 5 = timeM: Time, Elapsed [minutes]
# name 6 = flag:  0.000e+00
# span 0 =     -0.136,     62.401                 
# span 1 =     5.0758,    18.9059                 
# span 2 =   0.000198,   4.069649                 
# span 3 =     0.0086,    32.5161                 
# span 4 =         11,       1476                 
# span 5 =     0.0417,     6.1458                 
# span 6 = 0.0000e+00, 0.0000e+00                 
# interval = seconds: 0.25
# start_time = Jun 12 2024 13:47:03 [NMEA time, header]
# bad_flag = -9.990e-29
*END*
[from data line 616]
     49.908     5.1029   3.063245    31.6210        627     2.6083  0.000e+00
     49.838     5.1029   3.063215    31.6207        628     2.6125  0.000e+00
     49.769     5.1028   3.063197    31.6205        629     2.6167  0.000e+00
     49.698     5.1029   3.063197    31.6205        630     2.6208  0.000e+00
     49.630     5.1030   3.063143    31.6198        631     2.6250  0.000e+00
     49.562     5.1031   3.063119    31.6194        632     2.6292  0.000e+00
     49.494     5.1030   3.062981    31.6180        633     2.6333  0.000e+00
     49.424     5.1033   3.062818    31.6159        634     2.6375  0.000e+00
     49.354     5.1037   3.062656    31.6137        635     2.6417  0.000e+00
     49.285     5.1043   3.062517    31.6116        636     2.6458  0.000e+00
     49.210     5.1051   3.062493    31.6106        637     2.6500  0.000e+00
     49.137     5.1056   3.062439    31.6096        638     2.6542  0.000e+00
     49.058     5.1058   3.062325    31.6081        639     2.6583  0.000e+00
     48.984     5.1060   3.062288    31.6075        640     2.6625  0.000e+00
     48.902     5.1064   3.062168    31.6058        641     2.6667  0.000e+00
     48.821     5.1066   3.061957    31.6033        642     2.6708  0.000e+00
     48.743     5.1070   3.061765    31.6007        643     2.6750  0.000e+00
     48.666     5.1077   3.061741    31.5999        644     2.6792  0.000e+00
     48.585     5.1081   3.061729    31.5994        645     2.6833  0.000e+00
     48.512     5.1082   3.061711    31.5990        646     2.6875  0.000e+00
     48.435     5.1086   3.061638    31.5979        647     2.6917  0.000e+00
     48.361     5.1088   3.061476    31.5959        648     2.6958  0.000e+00
     48.298     5.1093   3.061362    31.5941        649     2.7000  0.000e+00
     48.229     5.1106   3.061302    31.5923        650     2.7042  0.000e+00
     48.173     5.1119   3.061289    31.5909        651     2.7083  0.000e+00
     48.119     5.1131   3.061265    31.5896        652     2.7125  0.000e+00
     48.060     5.1141   3.061283    31.5888        653     2.7167  0.000e+00
     48.010     5.1151   3.061307    31.5882        654     2.7208  0.000e+00
     47.963     5.1157   3.061283    31.5873        655     2.7250  0.000e+00
     47.914     5.1165   3.061283    31.5866        656     2.7292  0.000e+00
     47.867     5.1171   3.061283    31.5861        657     2.7333  0.000e+00
     47.827     5.1175   3.061289    31.5858        658     2.7375  0.000e+00
     47.785     5.1179   3.061283    31.5854        659     2.7417  0.000e+00
     47.741     5.1179   3.061283    31.5854        660     2.7458  0.000e+00
     47.705     5.1181   3.061271    31.5851        661     2.7500  0.000e+00
     47.661     5.1182   3.061265    31.5850        662     2.7542  0.000e+00
     47.627     5.1183   3.061265    31.5849        663     2.7583  0.000e+00
     47.580     5.1183   3.061271    31.5849        664     2.7625  0.000e+00
     47.537     5.1181   3.061265    31.5851        665     2.7667  0.000e+00
     47.499     5.1182   3.061265    31.5850        666     2.7708  0.000e+00
     47.463     5.1182   3.061283    31.5853        667     2.7750  0.000e+00
     47.426     5.1181   3.061247    31.5849        668     2.7792  0.000e+00
     47.389     5.1181   3.061265    31.5852        669     2.7833  0.000e+00
     47.352     5.1184   3.061205    31.5842        670     2.7875  0.000e+00
     47.312     5.1186   3.061211    31.5841        671     2.7917  0.000e+00
     47.278     5.1188   3.061205    31.5839        672     2.7958  0.000e+00
     47.234     5.1188   3.061223    31.5841        673     2.8000  0.000e+00
     47.194     5.1189   3.061211    31.5839        674     2.8042  0.000e+00
     47.149     5.1190   3.061187    31.5835        675     2.8083  0.000e+00
     47.105     5.1191   3.061205    31.5837        676     2.8125  0.000e+00
     47.057     5.1193   3.061187    31.5833        677     2.8167  0.000e+00
     47.007     5.1195   3.061145    31.5827        678     2.8208  0.000e+00
     46.956     5.1195   3.061169    31.5830        679     2.8250  0.000e+00
     46.904     5.1197   3.061127    31.5823        680     2.8292  0.000e+00
     46.847     5.1200   3.061145    31.5822        681     2.8333  0.000e+00
     46.791     5.1201   3.061127    31.5820        682     2.8375  0.000e+00
     46.739     5.1201   3.061127    31.5820        683     2.8417  0.000e+00
     46.673     5.1199   3.061145    31.5824        684     2.8458  0.000e+00
     46.621     5.1205   3.061126    31.5817        685     2.8500  0.000e+00
     46.561     5.1209   3.061126    31.5814        686     2.8542  0.000e+00
     46.503     5.1211   3.061126    31.5812        687     2.8583  0.000e+00
     46.441     5.1214   3.061108    31.5807        688     2.8625  0.000e+00
     46.383     5.1214   3.061126    31.5809        689     2.8667  0.000e+00
     46.324     5.1217   3.061108    31.5805        690     2.8708  0.000e+00
     46.268     5.1218   3.061108    31.5805        691     2.8750  0.000e+00
     46.223     5.1220   3.061090    31.5801        692     2.8792  0.000e+00
     46.172     5.1220   3.061090    31.5801        693     2.8833  0.000e+00
     46.128     5.1220   3.061108    31.5803        694     2.8875  0.000e+00
     46.085     5.1220   3.061090    31.5801        695     2.8917  0.000e+00
     46.047     5.1221   3.061090    31.5801        696     2.8958  0.000e+00
     46.007     5.1223   3.061090    31.5799        697     2.9000  0.000e+00
     45.967     5.1221   3.061108    31.5803        698     2.9042  0.000e+00
     45.936     5.1223   3.061108    31.5802        699     2.9083  0.000e+00
     45.896     5.1222   3.061090    31.5800        700     2.9125  0.000e+00
     45.866     5.1224   3.061066    31.5796        701     2.9167  0.000e+00
     45.826     5.1226   3.061090    31.5797        702     2.9208  0.000e+00
     45.783     5.1227   3.061072    31.5794        703     2.9250  0.000e+00
     45.743     5.1228   3.061066    31.5793        704     2.9292  0.000e+00
     45.691     5.1229   3.061090    31.5795        705     2.9333  0.000e+00
     45.646     5.1231   3.061054    31.5789        706     2.9375  0.000e+00
     45.592     5.1232   3.061054    31.5789        707     2.9417  0.000e+00
     45.536     5.1232   3.061042    31.5787        708     2.9458  0.000e+00
     45.478     5.1232   3.061030    31.5786        709     2.9500  0.000e+00
     45.420     5.1234   3.061030    31.5784        710     2.9542  0.000e+00
     45.355     5.1235   3.061024    31.5783        711     2.9583  0.000e+00
     45.279     5.1239   3.061030    31.5781        712     2.9625  0.000e+00
     45.210     5.1239   3.061012    31.5778        713     2.9667  0.000e+00
     45.140     5.1238   3.061006    31.5780        714     2.9708  0.000e+00
     45.073     5.1240   3.060976    31.5775        715     2.9750  0.000e+00
     45.006     5.1243   3.060976    31.5772        716     2.9792  0.000e+00
     44.947     5.1246   3.060976    31.5770        717     2.9833  0.000e+00
     44.891     5.1247   3.060964    31.5767        718     2.9875  0.000e+00
     44.831     5.1248   3.060951    31.5765        719     2.9917  0.000e+00
     44.782     5.1250   3.060951    31.5764        720     2.9958  0.000e+00
     44.729     5.1250   3.060963    31.5766        721     3.0000  0.000e+00
     44.682     5.1251   3.060975    31.5766        722     3.0042  0.000e+00
     44.635     5.1250   3.060951    31.5764        723     3.0083  0.000e+00
     44.588     5.1252   3.060945    31.5762        724     3.0125  0.000e+00
     44.541     5.1251   3.060933    31.5762        725     3.0167  0.000e+00
     44.496     5.1252   3.060933    31.5761        726     3.0208  0.000e+00
     44.447     5.1253   3.060933    31.5761        727     3.0250  0.000e+00
     44.396     5.1254   3.060903    31.5756        728     3.0292  0.000e+00
     44.344     5.1257   3.060897    31.5753        729     3.0333  0.000e+00
     44.291     5.1259   3.060879    31.5749        730     3.0375  0.000e+00
     44.229     5.1261   3.060879    31.5747        731     3.0417  0.000e+00
     44.168     5.1262   3.060897    31.5749        732     3.0458  0.000e+00
     44.099     5.1262   3.060897    31.5749        733     3.0500  0.000e+00
     44.034     5.1266   3.060903    31.5747        734     3.0542  0.000e+00
     43.963     5.1268   3.060897    31.5744        735     3.0583  0.000e+00
     43.894     5.1270   3.060879    31.5741        736     3.0625  0.000e+00
     43.828     5.1273   3.060879    31.5739        737     3.0667  0.000e+00
     43.761     5.1275   3.060861    31.5734        738     3.0708  0.000e+00
     43.696     5.1279   3.060879    31.5734        739     3.0750  0.000e+00
     43.630     5.1282   3.060741    31.5715        740     3.0792  0.000e+00
     43.576     5.1289   3.060716    31.5706        741     3.0833  0.000e+00
     43.514     5.1294   3.060686    31.5698        742     3.0875  0.000e+00
     43.461     5.1300   3.060662    31.5690        743     3.0917  0.000e+00
     43.408     5.1304   3.060680    31.5688        744     3.0958  0.000e+00
     43.351     5.1312   3.060608    31.5673        745     3.1000  0.000e+00
     43.303     5.1320   3.060590    31.5663        746     3.1042  0.000e+00
     43.252     5.1327   3.060596    31.5658        747     3.1083  0.000e+00
     43.201     5.1334   3.060590    31.5651        748     3.1125  0.000e+00
     43.145     5.1340   3.060608    31.5648        749     3.1167  0.000e+00
     43.093     5.1344   3.060608    31.5644        750     3.1208  0.000e+00
     43.047     5.1350   3.060614    31.5639        751     3.1250  0.000e+00
     42.989     5.1352   3.060608    31.5637        752     3.1292  0.000e+00
     42.935     5.1355   3.060590    31.5632        753     3.1333  0.000e+00
     42.879     5.1357   3.060596    31.5631        754     3.1375  0.000e+00
     42.826     5.1358   3.060566    31.5627        755     3.1417  0.000e+00
     42.770     5.1358   3.060566    31.5627        756     3.1458  0.000e+00
     42.713     5.1358   3.060554    31.5626        757     3.1500  0.000e+00
     42.658     5.1361   3.060590    31.5628        758     3.1542  0.000e+00
     42.602     5.1361   3.060566    31.5626        759     3.1583  0.000e+00
     42.548     5.1363   3.060548    31.5622        760     3.1625  0.000e+00
     42.493     5.1366   3.060512    31.5615        761     3.1667  0.000e+00
     42.435     5.1369   3.060512    31.5613        762     3.1708  0.000e+00
     42.384     5.1370   3.060512    31.5611        763     3.1750  0.000e+00
     42.330     5.1373   3.060475    31.5605        764     3.1792  0.000e+00
     42.276     5.1376   3.060469    31.5602        765     3.1833  0.000e+00
     42.221     5.1378   3.060469    31.5600        766     3.1875  0.000e+00
     42.171     5.1380   3.060475    31.5599        767     3.1917  0.000e+00
     42.117     5.1383   3.060451    31.5594        768     3.1958  0.000e+00
     42.055     5.1384   3.060451    31.5593        769     3.2000  0.000e+00
     42.003     5.1386   3.060451    31.5592        770     3.2042  0.000e+00
     41.943     5.1386   3.060433    31.5589        771     3.2083  0.000e+00
     41.885     5.1388   3.060433    31.5588        772     3.2125  0.000e+00
     41.821     5.1389   3.060415    31.5585        773     3.2167  0.000e+00
     41.760     5.1391   3.060409    31.5583        774     3.2208  0.000e+00
     41.700     5.1392   3.060355    31.5577        775     3.2250  0.000e+00
     41.640     5.1393   3.060319    31.5571        776     3.2292  0.000e+00
     41.579     5.1395   3.060271    31.5565        777     3.2333  0.000e+00
     41.517     5.1398   3.060198    31.5554        778     3.2375  0.000e+00
     41.463     5.1400   3.060180    31.5550        779     3.2417  0.000e+00
     41.410     5.1403   3.060144    31.5544        780     3.2458  0.000e+00
     41.353     5.1409   3.060084    31.5531        781     3.2500  0.000e+00
     41.304     5.1413   3.060102    31.5530        782     3.2542  0.000e+00
     41.248     5.1418   3.060048    31.5519        783     3.2583  0.000e+00
     41.191     5.1422   3.060048    31.5516        784     3.2625  0.000e+00
     41.147     5.1427   3.060006    31.5506        785     3.2667  0.000e+00
     41.098     5.1432   3.060006    31.5502        786     3.2708  0.000e+00
     41.052     5.1434   3.059982    31.5497        787     3.2750  0.000e+00
     41.003     5.1439   3.059988    31.5494        788     3.2792  0.000e+00
     40.953     5.1442   3.059988    31.5491        789     3.2833  0.000e+00
     40.904     5.1444   3.059982    31.5489        790     3.2875  0.000e+00
     40.860     5.1446   3.059988    31.5488        791     3.2917  0.000e+00
     40.815     5.1450   3.059988    31.5484        792     3.2958  0.000e+00
     40.768     5.1454   3.059970    31.5479        793     3.3000  0.000e+00
     40.721     5.1455   3.059982    31.5479        794     3.3042  0.000e+00
     40.674     5.1460   3.059970    31.5473        795     3.3083  0.000e+00
     40.626     5.1460   3.059970    31.5473        796     3.3125  0.000e+00
     40.575     5.1462   3.059964    31.5471        797     3.3167  0.000e+00
     40.524     5.1465   3.059909    31.5463        798     3.3208  0.000e+00
     40.470     5.1465   3.059909    31.5463        799     3.3250  0.000e+00
     40.405     5.1467   3.059921    31.5463        800     3.3292  0.000e+00
     40.347     5.1470   3.059909    31.5459        801     3.3333  0.000e+00
     40.289     5.1472   3.059909    31.5457        802     3.3375  0.000e+00
     40.235     5.1469   3.059891    31.5458        803     3.3417  0.000e+00
     40.168     5.1471   3.059903    31.5458        804     3.3458  0.000e+00
     40.110     5.1472   3.059891    31.5456        805     3.3500  0.000e+00
     40.048     5.1471   3.059891    31.5457        806     3.3542  0.000e+00
     39.993     5.1473   3.059903    31.5457        807     3.3583  0.000e+00
     39.937     5.1474   3.059831    31.5448        808     3.3625  0.000e+00
     39.884     5.1478   3.059717    31.5432        809     3.3667  0.000e+00
     39.836     5.1483   3.059536    31.5406        810     3.3708  0.000e+00
     39.783     5.1496   3.059524    31.5392        811     3.3750  0.000e+00
     39.738     5.1509   3.059602    31.5390        812     3.3792  0.000e+00
     39.687     5.1515   3.059602    31.5384        813     3.3833  0.000e+00
     39.640     5.1516   3.059536    31.5376        814     3.3875  0.000e+00
     39.597     5.1519   3.059542    31.5375        815     3.3917  0.000e+00
     39.546     5.1519   3.059566    31.5378        816     3.3958  0.000e+00
     39.496     5.1520   3.059494    31.5368        817     3.4000  0.000e+00
     39.451     5.1524   3.059506    31.5366        818     3.4042  0.000e+00
     39.404     5.1526   3.059524    31.5367        819     3.4083  0.000e+00
     39.355     5.1526   3.059536    31.5368        820     3.4125  0.000e+00
     39.302     5.1526   3.059542    31.5369        821     3.4167  0.000e+00
     39.255     5.1525   3.059584    31.5375        822     3.4208  0.000e+00
     39.200     5.1524   3.059554    31.5373        823     3.4250  0.000e+00
     39.155     5.1524   3.059602    31.5378        824     3.4292  0.000e+00
     39.106     5.1522   3.059584    31.5378        825     3.4333  0.000e+00
     39.061     5.1522   3.059542    31.5374        826     3.4375  0.000e+00
     39.008     5.1521   3.059614    31.5384        827     3.4417  0.000e+00
     38.956     5.1515   3.059620    31.5390        828     3.4458  0.000e+00
     38.904     5.1506   3.059620    31.5399        829     3.4500  0.000e+00
     38.846     5.1502   3.059614    31.5402        830     3.4542  0.000e+00
