HB2403/sbe104.cnv
* Sea-Bird SBE 19plus V2 Data File:
* FileName = C:\cruise\data\sbe104.hex
* Software Version Seasave V 7.26.7.121
* Temperature SN = 6128
* Conductivity SN = 6128
* System UpLoad Time = Jun 10 2024 19:25:50
* NMEA Latitude = 42 58.48 N
* NMEA Longitude = 067 39.67 W
* NMEA UTC (Time) = Jun 10 2024  19:26:26
** Ship: Henry Bigelow
** Cruise:  HB2403
** Program:  ECOMON
# nquan = 7
# nvalues = 2114                                  
# units = specified
# name 0 = depSM: Depth [salt water, m]
# name 1 = tv290C: Temperature [ITS-90, deg C]
# name 2 = c0S/m: Conductivity [S/m]
# name 3 = sal00: Salinity, Practical [PSU]
# name 4 = scan: Scan Count
# name 5 = timeM: Time, Elapsed [minutes]
# name 6 = flag:  0.000e+00
# span 0 =     -0.231,    204.781                 
# span 1 =     5.6324,    14.1714                 
# span 2 =   3.156420,   3.828800                 
# span 3 =    31.3809,    34.1324                 
# span 4 =         11,       2124                 
# span 5 =     0.0417,     8.8458                 
# span 6 = 0.0000e+00, 0.0000e+00                 
# interval = seconds: 0.25
# start_time = Jun 10 2024 19:26:26 [NMEA time, header]
# bad_flag = -9.990e-29
*END*
[from data line 1642]
     79.660     5.9071   3.219059    32.6011       1653     6.8833  0.000e+00
     79.494     5.9071   3.219139    32.6020       1654     6.8875  0.000e+00
     79.314     5.9072   3.219035    32.6009       1655     6.8917  0.000e+00
     79.133     5.9069   3.218998    32.6008       1656     6.8958  0.000e+00
     78.942     5.9069   3.219059    32.6016       1657     6.9000  0.000e+00
     78.757     5.9067   3.218973    32.6009       1658     6.9042  0.000e+00
     78.550     5.9066   3.218936    32.6007       1659     6.9083  0.000e+00
     78.351     5.9067   3.218912    32.6005       1660     6.9125  0.000e+00
     78.142     5.9063   3.218832    32.6000       1661     6.9167  0.000e+00
     77.929     5.9062   3.218752    32.5994       1662     6.9208  0.000e+00
     77.714     5.9059   3.218666    32.5988       1663     6.9250  0.000e+00
     77.489     5.9057   3.218464    32.5968       1664     6.9292  0.000e+00
     77.282     5.9051   3.218341    32.5962       1665     6.9333  0.000e+00
     77.060     5.9042   3.218218    32.5957       1666     6.9375  0.000e+00
     76.851     5.9038   3.218200    32.5961       1667     6.9417  0.000e+00
     76.647     5.9032   3.218157    32.5962       1668     6.9458  0.000e+00
     76.428     5.9029   3.218034    32.5953       1669     6.9500  0.000e+00
     76.225     5.9024   3.217801    32.5932       1670     6.9542  0.000e+00
     76.003     5.9014   3.217586    32.5919       1671     6.9583  0.000e+00
     75.808     5.9004   3.216851    32.5846       1672     6.9625  0.000e+00
     75.605     5.8985   3.216605    32.5839       1673     6.9667  0.000e+00
     75.412     5.8964   3.216562    32.5854       1674     6.9708  0.000e+00
     75.233     5.8950   3.216526    32.5864       1675     6.9750  0.000e+00
     75.052     5.8941   3.216501    32.5872       1676     6.9792  0.000e+00
     74.886     5.8937   3.216501    32.5877       1677     6.9833  0.000e+00
     74.719     5.8932   3.216403    32.5871       1678     6.9875  0.000e+00
     74.555     5.8930   3.216403    32.5874       1679     6.9917  0.000e+00
     74.393     5.8928   3.216403    32.5877       1680     6.9958  0.000e+00
     74.224     5.8926   3.216213    32.5858       1681     7.0000  0.000e+00
     74.053     5.8922   3.215704    32.5805       1682     7.0042  0.000e+00
     73.869     5.8910   3.215501    32.5795       1683     7.0083  0.000e+00
     73.673     5.8897   3.215133    32.5768       1684     7.0125  0.000e+00
     73.461     5.8879   3.214643    32.5731       1685     7.0167  0.000e+00
     73.251     5.8859   3.213705    32.5646       1686     7.0208  0.000e+00
     73.022     5.8830   3.212872    32.5581       1687     7.0250  0.000e+00
     72.784     5.8789   3.211934    32.5517       1688     7.0292  0.000e+00
     72.547     5.8740   3.211241    32.5487       1689     7.0333  0.000e+00
     72.308     5.8693   3.209918    32.5385       1690     7.0375  0.000e+00
     72.079     5.8634   3.208797    32.5317       1691     7.0417  0.000e+00
     71.864     5.8576   3.208203    32.5308       1692     7.0458  0.000e+00
     71.642     5.8523   3.207633    32.5295       1693     7.0500  0.000e+00
     71.436     5.8480   3.206978    32.5264       1694     7.0542  0.000e+00
     71.248     5.8442   3.206696    32.5270       1695     7.0583  0.000e+00
     71.063     5.8413   3.206029    32.5224       1696     7.0625  0.000e+00
     70.895     5.8384   3.205110    32.5150       1697     7.0667  0.000e+00
     70.729     5.8343   3.204786    32.5153       1698     7.0708  0.000e+00
     70.571     5.8308   3.204724    32.5180       1699     7.0750  0.000e+00
     70.412     5.8284   3.204645    32.5196       1700     7.0792  0.000e+00
     70.255     5.8266   3.204565    32.5205       1701     7.0833  0.000e+00
     70.094     5.8256   3.204179    32.5172       1702     7.0875  0.000e+00
     69.912     5.8240   3.204057    32.5174       1703     7.0917  0.000e+00
     69.722     5.8225   3.203647    32.5143       1704     7.0958  0.000e+00
     69.537     5.8210   3.203243    32.5113       1705     7.1000  0.000e+00
     69.317     5.8192   3.203163    32.5123       1706     7.1042  0.000e+00
     69.093     5.8176   3.202716    32.5089       1707     7.1083  0.000e+00
     68.858     5.8160   3.202104    32.5037       1708     7.1125  0.000e+00
     68.618     5.8135   3.200176    32.4845       1709     7.1167  0.000e+00
     68.369     5.8086   3.199099    32.4773       1710     7.1208  0.000e+00
     68.135     5.8024   3.198078    32.4719       1711     7.1250  0.000e+00
     67.915     5.7959   3.197313    32.4696       1712     7.1292  0.000e+00
     67.693     5.7899   3.196506    32.4664       1713     7.1333  0.000e+00
     67.467     5.7842   3.195007    32.4552       1714     7.1375  0.000e+00
     67.261     5.7772   3.191583    32.4235       1715     7.1417  0.000e+00
     67.052     5.7668   3.190453    32.4208       1716     7.1458  0.000e+00
     66.847     5.7562   3.189359    32.4188       1717     7.1500  0.000e+00
     66.638     5.7476   3.188650    32.4192       1718     7.1542  0.000e+00
     66.430     5.7406   3.188308    32.4222       1719     7.1583  0.000e+00
     66.221     5.7354   3.187984    32.4236       1720     7.1625  0.000e+00
     66.010     5.7316   3.187862    32.4260       1721     7.1667  0.000e+00
     65.806     5.7290   3.187800    32.4279       1722     7.1708  0.000e+00
     65.591     5.7273   3.187177    32.4226       1723     7.1750  0.000e+00
     65.394     5.7253   3.186933    32.4219       1724     7.1792  0.000e+00
     65.195     5.7231   3.186609    32.4205       1725     7.1833  0.000e+00
     65.012     5.7211   3.186468    32.4209       1726     7.1875  0.000e+00
     64.832     5.7193   3.186267    32.4204       1727     7.1917  0.000e+00
     64.664     5.7176   3.186065    32.4199       1728     7.1958  0.000e+00
     64.509     5.7165   3.185986    32.4201       1729     7.2000  0.000e+00
     64.348     5.7155   3.185864    32.4198       1730     7.2042  0.000e+00
     64.193     5.7148   3.185723    32.4190       1731     7.2083  0.000e+00
     64.036     5.7137   3.185637    32.4191       1732     7.2125  0.000e+00
     63.870     5.7131   3.185582    32.4191       1733     7.2167  0.000e+00
     63.695     5.7125   3.185540    32.4193       1734     7.2208  0.000e+00
     63.492     5.7121   3.185540    32.4198       1735     7.2250  0.000e+00
     63.286     5.7118   3.185460    32.4194       1736     7.2292  0.000e+00
     63.066     5.7115   3.185277    32.4176       1737     7.2333  0.000e+00
     62.818     5.7108   3.184672    32.4116       1738     7.2375  0.000e+00
     62.576     5.7092   3.184226    32.4083       1739     7.2417  0.000e+00
     62.301     5.7067   3.183719    32.4051       1740     7.2458  0.000e+00
     62.047     5.7045   3.183438    32.4041       1741     7.2500  0.000e+00
     61.779     5.7023   3.183035    32.4018       1742     7.2542  0.000e+00
     61.536     5.7004   3.182772    32.4009       1743     7.2583  0.000e+00
     61.284     5.6986   3.182369    32.3981       1744     7.2625  0.000e+00
     61.042     5.6968   3.182150    32.3976       1745     7.2667  0.000e+00
     60.829     5.6951   3.181667    32.3938       1746     7.2708  0.000e+00
     60.630     5.6932   3.181441    32.3932       1747     7.2750  0.000e+00
     60.444     5.6914   3.181264    32.3930       1748     7.2792  0.000e+00
     60.264     5.6900   3.181002    32.3915       1749     7.2833  0.000e+00
     60.105     5.6888   3.180696    32.3893       1750     7.2875  0.000e+00
     59.960     5.6874   3.180452    32.3879       1751     7.2917  0.000e+00
     59.810     5.6860   3.180232    32.3869       1752     7.2958  0.000e+00
     59.666     5.6846   3.179970    32.3853       1753     7.3000  0.000e+00
     59.513     5.6835   3.179530    32.3815       1754     7.3042  0.000e+00
     59.355     5.6819   3.179127    32.3786       1755     7.3083  0.000e+00
     59.189     5.6804   3.178840    32.3769       1756     7.3125  0.000e+00
     59.003     5.6789   3.178523    32.3748       1757     7.3167  0.000e+00
     58.803     5.6773   3.178120    32.3719       1758     7.3208  0.000e+00
     58.600     5.6758   3.177431    32.3657       1759     7.3250  0.000e+00
     58.394     5.6738   3.176711    32.3596       1760     7.3292  0.000e+00
     58.176     5.6715   3.175923    32.3530       1761     7.3333  0.000e+00
     57.946     5.6687   3.175563    32.3518       1762     7.3375  0.000e+00
     57.727     5.6664   3.174795    32.3454       1763     7.3417  0.000e+00
     57.520     5.6639   3.173648    32.3350       1764     7.3458  0.000e+00
     57.313     5.6607   3.172849    32.3291       1765     7.3500  0.000e+00
     57.113     5.6579   3.172044    32.3229       1766     7.3542  0.000e+00
     56.912     5.6551   3.171623    32.3208       1767     7.3583  0.000e+00
     56.726     5.6526   3.171361    32.3204       1768     7.3625  0.000e+00
     56.544     5.6507   3.170678    32.3147       1769     7.3667  0.000e+00
     56.356     5.6488   3.169873    32.3074       1770     7.3708  0.000e+00
     56.170     5.6469   3.169349    32.3034       1771     7.3750  0.000e+00
     55.978     5.6449   3.168971    32.3012       1772     7.3792  0.000e+00
     55.779     5.6434   3.168270    32.2948       1773     7.3833  0.000e+00
     55.581     5.6421   3.167264    32.2848       1774     7.3875  0.000e+00
     55.373     5.6402   3.166825    32.2818       1775     7.3917  0.000e+00
     55.151     5.6384   3.166721    32.2825       1776     7.3958  0.000e+00
     54.934     5.6367   3.166502    32.2817       1777     7.4000  0.000e+00
     54.707     5.6357   3.165959    32.2767       1778     7.4042  0.000e+00
     54.490     5.6347   3.165557    32.2731       1779     7.4083  0.000e+00
     54.262     5.6338   3.165502    32.2735       1780     7.4125  0.000e+00
     54.044     5.6336   3.165259    32.2711       1781     7.4167  0.000e+00
     53.831     5.6331   3.163687    32.2540       1782     7.4208  0.000e+00
     53.630     5.6328   3.163132    32.2481       1783     7.4250  0.000e+00
     53.454     5.6326   3.162992    32.2467       1784     7.4292  0.000e+00
     53.283     5.6324   3.162937    32.2464       1785     7.4333  0.000e+00
     53.137     5.6326   3.162894    32.2458       1786     7.4375  0.000e+00
     53.013     5.6328   3.162852    32.2452       1787     7.4417  0.000e+00
     52.893     5.6331   3.162852    32.2450       1788     7.4458  0.000e+00
     52.789     5.6334   3.162797    32.2441       1789     7.4500  0.000e+00
     52.678     5.6334   3.162754    32.2436       1790     7.4542  0.000e+00
     52.562     5.6339   3.162175    32.2368       1791     7.4583  0.000e+00
     52.447     5.6350   3.160829    32.2206       1792     7.4625  0.000e+00
     52.308     5.6378   3.159849    32.2069       1793     7.4667  0.000e+00
     52.143     5.6410   3.159210    32.1966       1794     7.4708  0.000e+00
     51.955     5.6445   3.157949    32.1792       1795     7.4750  0.000e+00
     51.746     5.6495   3.157054    32.1645       1796     7.4792  0.000e+00
     51.509     5.6571   3.156835    32.1548       1797     7.4833  0.000e+00
     51.244     5.6654   3.156835    32.1470       1798     7.4875  0.000e+00
     50.982     5.6717   3.156871    32.1415       1799     7.4917  0.000e+00
     50.682     5.6761   3.156810    32.1368       1800     7.4958  0.000e+00
     50.397     5.6807   3.156451    32.1285       1801     7.5000  0.000e+00
     50.129     5.6882   3.156420    32.1212       1802     7.5042  0.000e+00
     49.846     5.6957   3.156475    32.1148       1803     7.5083  0.000e+00
     49.590     5.7029   3.156590    32.1093       1804     7.5125  0.000e+00
     49.367     5.7113   3.156590    32.1014       1805     7.5167  0.000e+00
     49.165     5.7195   3.156590    32.0937       1806     7.5208  0.000e+00
     48.983     5.7258   3.156748    32.0896       1807     7.5250  0.000e+00
     48.815     5.7323   3.157472    32.0916       1808     7.5292  0.000e+00
     48.672     5.7432   3.158227    32.0898       1809     7.5333  0.000e+00
     48.537     5.7576   3.158531    32.0796       1810     7.5375  0.000e+00
     48.407     5.7730   3.158872    32.0688       1811     7.5417  0.000e+00
     48.282     5.7889   3.158549    32.0501       1812     7.5458  0.000e+00
     48.156     5.8013   3.158549    32.0385       1813     7.5500  0.000e+00
     48.011     5.8109   3.158926    32.0337       1814     7.5542  0.000e+00
     47.861     5.8199   3.159827    32.0353       1815     7.5583  0.000e+00
     47.690     5.8308   3.160388    32.0314       1816     7.5625  0.000e+00
     47.510     5.8425   3.160607    32.0228       1817     7.5667  0.000e+00
     47.314     5.8527   3.161051    32.0182       1818     7.5708  0.000e+00
     47.110     5.8621   3.161447    32.0139       1819     7.5750  0.000e+00
     46.896     5.8706   3.162287    32.0153       1820     7.5792  0.000e+00
     46.683     5.8801   3.162652    32.0106       1821     7.5833  0.000e+00
     46.470     5.8897   3.162932    32.0047       1822     7.5875  0.000e+00
     46.262     5.8977   3.163389    32.0023       1823     7.5917  0.000e+00
     46.060     5.9050   3.164735    32.0106       1824     7.5958  0.000e+00
     45.868     5.9174   3.166679    32.0207       1825     7.6000  0.000e+00
     45.682     5.9362   3.166977    32.0063       1826     7.6042  0.000e+00
     45.510     5.9517   3.167075    31.9929       1827     7.6083  0.000e+00
     45.357     5.9617   3.167099    31.9837       1828     7.6125  0.000e+00
     45.205     5.9679   3.167276    31.9799       1829     7.6167  0.000e+00
     45.059     5.9725   3.167940    31.9831       1830     7.6208  0.000e+00
     44.913     5.9782   3.168482    31.9839       1831     7.6250  0.000e+00
     44.762     5.9847   3.168781    31.9811       1832     7.6292  0.000e+00
     44.617     5.9911   3.168860    31.9760       1833     7.6333  0.000e+00
     44.467     5.9958   3.169323    31.9768       1834     7.6375  0.000e+00
     44.298     6.0004   3.169945    31.9795       1835     7.6417  0.000e+00
     44.117     6.0062   3.170408    31.9793       1836     7.6458  0.000e+00
     43.920     6.0124   3.170426    31.9738       1837     7.6500  0.000e+00
     43.709     6.0166   3.170505    31.9708       1838     7.6542  0.000e+00
     43.490     6.0192   3.170950    31.9734       1839     7.6583  0.000e+00
     43.244     6.0228   3.171792    31.9795       1840     7.6625  0.000e+00
     42.988     6.0286   3.171932    31.9757       1841     7.6667  0.000e+00
     42.740     6.0344   3.172273    31.9742       1842     7.6708  0.000e+00
     42.467     6.0400   3.172718    31.9740       1843     7.6750  0.000e+00
     42.202     6.0460   3.173401    31.9761       1844     7.6792  0.000e+00
     41.951     6.0536   3.175451    31.9919       1845     7.6833  0.000e+00
     41.710     6.0673   3.176195    31.9873       1846     7.6875  0.000e+00
     41.490     6.0816   3.176335    31.9756       1847     7.6917  0.000e+00
     41.286     6.0919   3.177622    31.9803       1848     7.6958  0.000e+00
     41.095     6.1028   3.178391    31.9787       1849     7.7000  0.000e+00
     40.923     6.1144   3.179660    31.9820       1850     7.7042  0.000e+00
     40.791     6.1270   3.180948    31.9845       1851     7.7083  0.000e+00
     40.661     6.1418   3.181693    31.9789       1852     7.7125  0.000e+00
     40.549     6.1552   3.182603    31.9765       1853     7.7167  0.000e+00
     40.448     6.1677   3.183347    31.9730       1854     7.7208  0.000e+00
     40.345     6.1795   3.183769    31.9666       1855     7.7250  0.000e+00
     40.240     6.1890   3.184117    31.9616       1856     7.7292  0.000e+00
