HB2403/sbe120.cnv
* Sea-Bird SBE 19plus V2 Data File:
* FileName = C:\cruise\data\sbe120.hex
* Software Version Seasave V 7.26.7.121
* Temperature SN = 6128
* Conductivity SN = 6128
* System UpLoad Time = Jun 12 2024 05:40:27
* NMEA Latitude = 42 52.27 N
* NMEA Longitude = 069 52.55 W
* NMEA UTC (Time) = Jun 12 2024  05:41:04
** Ship: Henry Bigelow
** Cruise:  HB2403
** Program:  ECOMON
# nquan = 7
# nvalues = 2597                                  
# units = specified
# name 0 = depSM: Depth [salt water, m]
# name 1 = tv290C: Temperature [ITS-90, deg C]
# name 2 = c0S/m: Conductivity [S/m]
# name 3 = sal00: Salinity, Practical [PSU]
# name 4 = scan: Scan Count
# name 5 = timeM: Time, Elapsed [minutes]
# name 6 = flag:  0.000e+00
# span 0 =      0.023,    242.961                 
# span 1 =     5.1039,    16.7226                 
# span 2 =   0.014824,   4.035277                 
# span 3 =     0.0857,    34.1865                 
# span 4 =         11,       2607                 
# span 5 =     0.0417,    10.8583                 
# span 6 = 0.0000e+00, 0.0000e+00                 
# interval = seconds: 0.25
# start_time = Jun 12 2024 05:41:04 [NMEA time, header]
# bad_flag = -9.990e-29
*END*
[from data line 206]
     29.359     6.4866   3.238453    32.2882        217     0.9000  0.000e+00
     29.567     6.4291   3.232966    32.2818        218     0.9042  0.000e+00
     29.771     6.3714   3.228901    32.2914        219     0.9083  0.000e+00
     29.978     6.3140   3.224168    32.2933        220     0.9125  0.000e+00
     30.192     6.2627   3.220408    32.3002        221     0.9167  0.000e+00
     30.405     6.2187   3.216809    32.3018        222     0.9208  0.000e+00
     30.616     6.1834   3.212163    32.2836        223     0.9250  0.000e+00
     30.828     6.1525   3.209326    32.2812        224     0.9292  0.000e+00
     31.041     6.1244   3.202640    32.2333        225     0.9333  0.000e+00
     31.259     6.0983   3.166490    31.8551        226     0.9375  0.000e+00
     31.473     6.0647   3.156082    31.7705        227     0.9417  0.000e+00
     31.687     6.0323   3.154963    31.7884        228     0.9458  0.000e+00
     31.904     6.0082   3.154805    31.8091        229     0.9500  0.000e+00
     32.117     5.9925   3.154367    31.8189        230     0.9542  0.000e+00
     32.332     5.9819   3.153089    31.8145        231     0.9583  0.000e+00
     32.541     5.9696   3.151812    31.8117        232     0.9625  0.000e+00
     32.749     5.9565   3.151356    31.8188        233     0.9667  0.000e+00
     32.954     5.9449   3.150778    31.8231        234     0.9708  0.000e+00
     33.160     5.9346   3.149422    31.8176        235     0.9750  0.000e+00
     33.363     5.9227   3.147707    31.8095        236     0.9792  0.000e+00
     33.567     5.9068   3.146595    31.8119        237     0.9833  0.000e+00
     33.766     5.8911   3.146212    31.8223        238     0.9875  0.000e+00
     33.961     5.8781   3.145301    31.8242        239     0.9917  0.000e+00
     34.149     5.8668   3.144383    31.8245        240     0.9958  0.000e+00
     34.345     5.8556   3.143253    31.8223        241     1.0000  0.000e+00
     34.536     5.8442   3.142190    31.8210        242     1.0042  0.000e+00
     34.720     5.8315   3.141916    31.8298        243     1.0083  0.000e+00
     34.912     5.8214   3.142257    31.8431        244     1.0125  0.000e+00
     35.090     5.8161   3.142056    31.8457        245     1.0167  0.000e+00
     35.276     5.8127   3.141400    31.8415        246     1.0208  0.000e+00
     35.469     5.8078   3.141261    31.8444        247     1.0250  0.000e+00
     35.657     5.8039   3.141619    31.8521        248     1.0292  0.000e+00
     35.849     5.8027   3.141996    31.8573        249     1.0333  0.000e+00
     36.051     5.8033   3.142178    31.8587        250     1.0375  0.000e+00
     36.254     5.8045   3.141382    31.8485        251     1.0417  0.000e+00
     36.464     5.8020   3.141583    31.8531        252     1.0458  0.000e+00
     36.679     5.8002   3.141662    31.8556        253     1.0500  0.000e+00
     36.893     5.7986   3.141383    31.8538        254     1.0542  0.000e+00
     37.111     5.7959   3.140769    31.8494        255     1.0583  0.000e+00
     37.328     5.7910   3.139913    31.8442        256     1.0625  0.000e+00
     37.547     5.7827   3.138224    31.8331        257     1.0667  0.000e+00
     37.765     5.7698   3.138146    31.8442        258     1.0708  0.000e+00
     37.983     5.7591   3.137787    31.8502        259     1.0750  0.000e+00
     38.196     5.7522   3.137271    31.8508        260     1.0792  0.000e+00
     38.407     5.7444   3.137217    31.8574        261     1.0833  0.000e+00
     38.615     5.7382   3.137102    31.8619        262     1.0875  0.000e+00
     38.824     5.7333   3.136938    31.8646        263     1.0917  0.000e+00
     39.035     5.7299   3.136738    31.8655        264     1.0958  0.000e+00
     39.234     5.7264   3.135845    31.8587        265     1.1000  0.000e+00
     39.438     5.7206   3.136082    31.8667        266     1.1042  0.000e+00
     39.642     5.7164   3.136580    31.8762        267     1.1083  0.000e+00
     39.844     5.7154   3.137139    31.8833        268     1.1125  0.000e+00
     40.050     5.7171   3.137333    31.8838        269     1.1167  0.000e+00
     40.250     5.7192   3.137770    31.8866        270     1.1208  0.000e+00
     40.451     5.7211   3.138171    31.8892        271     1.1250  0.000e+00
     40.644     5.7233   3.138627    31.8922        272     1.1292  0.000e+00
     40.841     5.7261   3.138760    31.8910        273     1.1333  0.000e+00
     41.038     5.7280   3.138681    31.8882        274     1.1375  0.000e+00
     41.229     5.7280   3.138408    31.8850        275     1.1417  0.000e+00
     41.427     5.7263   3.138068    31.8826        276     1.1458  0.000e+00
     41.611     5.7232   3.136380    31.8665        277     1.1500  0.000e+00
     41.792     5.7144   3.135312    31.8627        278     1.1542  0.000e+00
     41.979     5.7032   3.134675    31.8661        279     1.1583  0.000e+00
     42.163     5.6930   3.132314    31.8490        280     1.1625  0.000e+00
     42.347     5.6781   3.129941    31.8363        281     1.1667  0.000e+00
     42.530     5.6578   3.128207    31.8359        282     1.1708  0.000e+00
     42.724     5.6376   3.127115    31.8426        283     1.1750  0.000e+00
     42.916     5.6206   3.124629    31.8306        284     1.1792  0.000e+00
     43.114     5.6003   3.121604    31.8156        285     1.1833  0.000e+00
     43.319     5.5756   3.119102    31.8106        286     1.1875  0.000e+00
     43.522     5.5491   3.117115    31.8132        287     1.1917  0.000e+00
     43.736     5.5254   3.115081    31.8125        288     1.1958  0.000e+00
     43.958     5.5007   3.113573    31.8187        289     1.2000  0.000e+00
     44.179     5.4773   3.110758    31.8090        290     1.2042  0.000e+00
     44.403     5.4530   3.107933    31.7999        291     1.2083  0.000e+00
     44.629     5.4250   3.104364    31.7859        292     1.2125  0.000e+00
     44.851     5.3914   3.102042    31.7913        293     1.2167  0.000e+00
     45.076     5.3586   3.101601    31.8173        294     1.2208  0.000e+00
     45.297     5.3340   3.100659    31.8299        295     1.2250  0.000e+00
     45.516     5.3156   3.099426    31.8332        296     1.2292  0.000e+00
     45.730     5.2988   3.098604    31.8398        297     1.2333  0.000e+00
     45.945     5.2846   3.097933    31.8456        298     1.2375  0.000e+00
     46.151     5.2727   3.096495    31.8404        299     1.2417  0.000e+00
     46.353     5.2595   3.095203    31.8382        300     1.2458  0.000e+00
     46.550     5.2452   3.094557    31.8444        301     1.2500  0.000e+00
     46.736     5.2327   3.094074    31.8506        302     1.2542  0.000e+00
     46.928     5.2224   3.093723    31.8564        303     1.2583  0.000e+00
     47.108     5.2142   3.093935    31.8665        304     1.2625  0.000e+00
     47.295     5.2095   3.094406    31.8762        305     1.2667  0.000e+00
     47.466     5.2087   3.095403    31.8883        306     1.2708  0.000e+00
     47.645     5.2112   3.093996    31.8698        307     1.2750  0.000e+00
     47.820     5.2095   3.093349    31.8640        308     1.2792  0.000e+00
     47.997     5.2037   3.092957    31.8650        309     1.2833  0.000e+00
     48.181     5.1973   3.092649    31.8674        310     1.2875  0.000e+00
     48.361     5.1921   3.092981    31.8761        311     1.2917  0.000e+00
     48.548     5.1898   3.093543    31.8846        312     1.2958  0.000e+00
     48.743     5.1908   3.093718    31.8856        313     1.3000  0.000e+00
     48.941     5.1920   3.094189    31.8897        314     1.3042  0.000e+00
     49.138     5.1939   3.094636    31.8929        315     1.3083  0.000e+00
     49.350     5.1972   3.094854    31.8921        316     1.3125  0.000e+00
     49.561     5.2000   3.094920    31.8901        317     1.3167  0.000e+00
     49.776     5.2019   3.095047    31.8896        318     1.3208  0.000e+00
     49.996     5.2034   3.094757    31.8848        319     1.3250  0.000e+00
     50.219     5.2027   3.094033    31.8770        320     1.3292  0.000e+00
     50.437     5.1987   3.093229    31.8716        321     1.3333  0.000e+00
     50.659     5.1921   3.093254    31.8781        322     1.3375  0.000e+00
     50.883     5.1867   3.093314    31.8839        323     1.3417  0.000e+00
     51.109     5.1833   3.093411    31.8880        324     1.3458  0.000e+00
     51.326     5.1814   3.093858    31.8949        325     1.3500  0.000e+00
     51.546     5.1813   3.094323    31.9001        326     1.3542  0.000e+00
     51.762     5.1825   3.094891    31.9054        327     1.3583  0.000e+00
     51.976     5.1848   3.095441    31.9094        328     1.3625  0.000e+00
     52.179     5.1871   3.096341    31.9173        329     1.3667  0.000e+00
     52.376     5.1903   3.097006    31.9218        330     1.3708  0.000e+00
     52.564     5.1938   3.097211    31.9207        331     1.3750  0.000e+00
     52.753     5.1965   3.097417    31.9203        332     1.3792  0.000e+00
     52.937     5.1980   3.097628    31.9212        333     1.3833  0.000e+00
     53.111     5.1990   3.097749    31.9215        334     1.3875  0.000e+00
     53.288     5.1999   3.097810    31.9213        335     1.3917  0.000e+00
     53.463     5.2002   3.098082    31.9240        336     1.3958  0.000e+00
     53.642     5.2010   3.098450    31.9273        337     1.4000  0.000e+00
     53.823     5.2030   3.098021    31.9205        338     1.4042  0.000e+00
     53.998     5.2025   3.097810    31.9185        339     1.4083  0.000e+00
     54.180     5.2001   3.098988    31.9341        340     1.4125  0.000e+00
     54.365     5.2013   3.100530    31.9504        341     1.4167  0.000e+00
     54.554     5.2073   3.101582    31.9565        342     1.4208  0.000e+00
     54.751     5.2152   3.102192    31.9559        343     1.4250  0.000e+00
     54.948     5.2221   3.102821    31.9564        344     1.4292  0.000e+00
     55.159     5.2282   3.103783    31.9613        345     1.4333  0.000e+00
     55.367     5.2357   3.104345    31.9605        346     1.4375  0.000e+00
     55.580     5.2421   3.104859    31.9602        347     1.4417  0.000e+00
     55.799     5.2475   3.105718    31.9646        348     1.4458  0.000e+00
     56.021     5.2536   3.107763    31.9820        349     1.4500  0.000e+00
     56.236     5.2633   3.109723    31.9949        350     1.4542  0.000e+00
     56.456     5.2764   3.111823    32.0062        351     1.4583  0.000e+00
     56.675     5.2916   3.113634    32.0122        352     1.4625  0.000e+00
     56.890     5.3081   3.115626    32.0190        353     1.4667  0.000e+00
     57.096     5.3246   3.116274    32.0105        354     1.4708  0.000e+00
     57.304     5.3374   3.117061    32.0070        355     1.4750  0.000e+00
     57.510     5.3477   3.117770    32.0052        356     1.4792  0.000e+00
     57.707     5.3556   3.118285    32.0034        357     1.4833  0.000e+00
     57.904     5.3618   3.118715    32.0022        358     1.4875  0.000e+00
     58.104     5.3666   3.119230    32.0035        359     1.4917  0.000e+00
     58.303     5.3701   3.119284    32.0006        360     1.4958  0.000e+00
     58.502     5.3724   3.119387    31.9995        361     1.5000  0.000e+00
     58.703     5.3733   3.119860    32.0038        362     1.5042  0.000e+00
     58.900     5.3750   3.119721    32.0006        363     1.5083  0.000e+00
     59.097     5.3754   3.119327    31.9956        364     1.5125  0.000e+00
     59.301     5.3733   3.118400    31.9870        365     1.5167  0.000e+00
     59.501     5.3669   3.117061    31.9778        366     1.5208  0.000e+00
     59.707     5.3567   3.116825    31.9848        367     1.5250  0.000e+00
     59.909     5.3477   3.116099    31.9850        368     1.5292  0.000e+00
     60.112     5.3392   3.115505    31.9863        369     1.5333  0.000e+00
     60.316     5.3306   3.114712    31.9854        370     1.5375  0.000e+00
     60.522     5.3217   3.113241    31.9771        371     1.5417  0.000e+00
     60.728     5.3096   3.111927    31.9736        372     1.5458  0.000e+00
     60.926     5.2956   3.111359    31.9804        373     1.5500  0.000e+00
     61.122     5.2836   3.111098    31.9888        374     1.5542  0.000e+00
     61.315     5.2755   3.110572    31.9904        375     1.5583  0.000e+00
     61.506     5.2684   3.109894    31.9895        376     1.5625  0.000e+00
     61.707     5.2606   3.109041    31.9870        377     1.5667  0.000e+00
     61.897     5.2524   3.108684    31.9908        378     1.5708  0.000e+00
     62.090     5.2449   3.108963    32.0010        379     1.5750  0.000e+00
     62.280     5.2409   3.108999    32.0051        380     1.5792  0.000e+00
     62.475     5.2387   3.108757    32.0044        381     1.5833  0.000e+00
     62.668     5.2367   3.108745    32.0061        382     1.5875  0.000e+00
     62.867     5.2343   3.109235    32.0139        383     1.5917  0.000e+00
     63.068     5.2339   3.109532    32.0176        384     1.5958  0.000e+00
     63.268     5.2347   3.109532    32.0167        385     1.6000  0.000e+00
     63.471     5.2349   3.109472    32.0156        386     1.6042  0.000e+00
     63.671     5.2341   3.109544    32.0171        387     1.6083  0.000e+00
     63.883     5.2333   3.109786    32.0206        388     1.6125  0.000e+00
     64.085     5.2333   3.110083    32.0239        389     1.6167  0.000e+00
     64.293     5.2340   3.110313    32.0257        390     1.6208  0.000e+00
     64.500     5.2352   3.110592    32.0276        391     1.6250  0.000e+00
     64.706     5.2368   3.110604    32.0261        392     1.6292  0.000e+00
     64.910     5.2374   3.110652    32.0260        393     1.6333  0.000e+00
     65.114     5.2377   3.110888    32.0283        394     1.6375  0.000e+00
     65.315     5.2379   3.111258    32.0323        395     1.6417  0.000e+00
     65.519     5.2385   3.111518    32.0346        396     1.6458  0.000e+00
     65.718     5.2390   3.111887    32.0382        397     1.6500  0.000e+00
     65.924     5.2399   3.112178    32.0405        398     1.6542  0.000e+00
     66.128     5.2413   3.112359    32.0412        399     1.6583  0.000e+00
     66.331     5.2425   3.112559    32.0421        400     1.6625  0.000e+00
     66.535     5.2435   3.112971    32.0458        401     1.6667  0.000e+00
     66.734     5.2454   3.112850    32.0425        402     1.6708  0.000e+00
     66.935     5.2462   3.112796    32.0410        403     1.6750  0.000e+00
     67.132     5.2457   3.112741    32.0408        404     1.6792  0.000e+00
     67.329     5.2442   3.112656    32.0412        405     1.6833  0.000e+00
     67.524     5.2423   3.112990    32.0467        406     1.6875  0.000e+00
     67.721     5.2417   3.113462    32.0526        407     1.6917  0.000e+00
     67.916     5.2435   3.113619    32.0525        408     1.6958  0.000e+00
     68.115     5.2456   3.113347    32.0473        409     1.7000  0.000e+00
     68.317     5.2457   3.113323    32.0469        410     1.7042  0.000e+00
     68.516     5.2448   3.113190    32.0461        411     1.7083  0.000e+00
     68.718     5.2436   3.113383    32.0493        412     1.7125  0.000e+00
     68.926     5.2428   3.113365    32.0497        413     1.7167  0.000e+00
     69.134     5.2421   3.113323    32.0498        414     1.7208  0.000e+00
     69.334     5.2416   3.113305    32.0500        415     1.7250  0.000e+00
     69.546     5.2409   3.113511    32.0529        416     1.7292  0.000e+00
     69.750     5.2410   3.113541    32.0531        417     1.7333  0.000e+00
     69.954     5.2409   3.113426    32.0518        418     1.7375  0.000e+00
     70.162     5.2398   3.113559    32.0542        419     1.7417  0.000e+00
     70.364     5.2385   3.113759    32.0577        420     1.7458  0.000e+00
