HB2403/sbe110.cnv
* Sea-Bird SBE 19plus V2 Data File:
* FileName = C:\cruise\data\sbe110.hex
* Software Version Seasave V 7.26.7.121
* Temperature SN = 6128
* Conductivity SN = 6128
* System UpLoad Time = Jun 11 2024 10:22:54
* NMEA Latitude = 43 40.30 N
* NMEA Longitude = 068 58.52 W
* NMEA UTC (Time) = Jun 11 2024  10:23:30
** Ship: Henry Bigelow
** Cruise:  HB2403
** Program:  ECOMON
# nquan = 7
# nvalues = 2888                                  
# units = specified
# name 0 = depSM: Depth [salt water, m]
# name 1 = tv290C: Temperature [ITS-90, deg C]
# name 2 = c0S/m: Conductivity [S/m]
# name 3 = sal00: Salinity, Practical [PSU]
# name 4 = scan: Scan Count
# name 5 = timeM: Time, Elapsed [minutes]
# name 6 = flag:  0.000e+00
# span 0 =      0.026,     93.357                 
# span 1 =     6.3719,    11.5666                 
# span 2 =   0.000147,   3.615557                 
# span 3 =     0.0062,    32.0580                 
# span 4 =         11,       2898                 
# span 5 =     0.0417,    12.0708                 
# span 6 = 0.0000e+00, 0.0000e+00                 
# interval = seconds: 0.25
# start_time = Jun 11 2024 10:23:30 [NMEA time, header]
# bad_flag = -9.990e-29
*END*
[from data line 2462]
     13.040     8.4166   3.344962    31.6631       2473    10.3000  0.000e+00
     13.015     8.4252   3.345279    31.6587       2474    10.3042  0.000e+00
     12.990     8.4315   3.345578    31.6562       2475    10.3083  0.000e+00
     12.955     8.4367   3.346057    31.6566       2476    10.3125  0.000e+00
     12.929     8.4423   3.345920    31.6501       2477    10.3167  0.000e+00
     12.907     8.4460   3.347240    31.6607       2478    10.3208  0.000e+00
     12.889     8.4534   3.348099    31.6631       2479    10.3250  0.000e+00
     12.872     8.4642   3.348660    31.6592       2480    10.3292  0.000e+00
     12.850     8.4742   3.349369    31.6577       2481    10.3333  0.000e+00
     12.840     8.4846   3.349899    31.6539       2482    10.3375  0.000e+00
     12.831     8.4936   3.349917    31.6460       2483    10.3417  0.000e+00
     12.824     8.4999   3.350304    31.6444       2484    10.3458  0.000e+00
     12.819     8.5056   3.351176    31.6485       2485    10.3500  0.000e+00
     12.819     8.5131   3.351693    31.6472       2486    10.3542  0.000e+00
     12.810     8.5207   3.351842    31.6419       2487    10.3583  0.000e+00
     12.810     8.5264   3.352502    31.6437       2488    10.3625  0.000e+00
     12.798     8.5334   3.353107    31.6438       2489    10.3667  0.000e+00
     12.783     8.5410   3.353643    31.6425       2490    10.3708  0.000e+00
     12.772     8.5492   3.354048    31.6394       2491    10.3750  0.000e+00
     12.748     8.5558   3.353617    31.6290       2492    10.3792  0.000e+00
     12.729     8.5585   3.354652    31.6374       2493    10.3833  0.000e+00
     12.700     8.5639   3.354970    31.6359       2494    10.3875  0.000e+00
     12.675     8.5703   3.355917    31.6401       2495    10.3917  0.000e+00
     12.655     8.5790   3.358142    31.6556       2496    10.3958  0.000e+00
     12.629     8.5962   3.358710    31.6461       2497    10.4000  0.000e+00
     12.600     8.6114   3.360287    31.6490       2498    10.4042  0.000e+00
     12.579     8.6279   3.362196    31.6542       2499    10.4083  0.000e+00
     12.564     8.6492   3.362994    31.6434       2500    10.4125  0.000e+00
     12.542     8.6666   3.363630    31.6345       2501    10.4167  0.000e+00
     12.520     8.6827   3.368073    31.6665       2502    10.4208  0.000e+00
     12.498     8.7121   3.370233    31.6627       2503    10.4250  0.000e+00
     12.480     8.7469   3.371887    31.6488       2504    10.4292  0.000e+00
     12.459     8.7800   3.373891    31.6401       2505    10.4333  0.000e+00
     12.435     8.8118   3.374528    31.6183       2506    10.4375  0.000e+00
     12.411     8.8380   3.374859    31.5985       2507    10.4417  0.000e+00
     12.393     8.8564   3.375946    31.5934       2508    10.4458  0.000e+00
     12.369     8.8710   3.377020    31.5915       2509    10.4500  0.000e+00
     12.353     8.8857   3.378139    31.5901       2510    10.4542  0.000e+00
     12.334     8.9013   3.378570    31.5807       2511    10.4583  0.000e+00
     12.316     8.9149   3.379388    31.5771       2512    10.4625  0.000e+00
     12.302     8.9273   3.380213    31.5746       2513    10.4667  0.000e+00
     12.283     8.9398   3.380395    31.5654       2514    10.4708  0.000e+00
     12.274     8.9490   3.380970    31.5632       2515    10.4750  0.000e+00
     12.257     8.9566   3.380969    31.5564       2516    10.4792  0.000e+00
     12.247     8.9616   3.381382    31.5563       2517    10.4833  0.000e+00
     12.231     8.9666   3.382145    31.5597       2518    10.4875  0.000e+00
     12.227     8.9741   3.382051    31.5521       2519    10.4917  0.000e+00
     12.213     8.9790   3.382120    31.5484       2520    10.4958  0.000e+00
     12.203     8.9826   3.382570    31.5499       2521    10.5000  0.000e+00
     12.190     8.9874   3.382695    31.5470       2522    10.5042  0.000e+00
     12.185     8.9919   3.382657    31.5426       2523    10.5083  0.000e+00
     12.165     8.9939   3.382901    31.5434       2524    10.5125  0.000e+00
     12.156     8.9965   3.383695    31.5492       2525    10.5167  0.000e+00
     12.145     9.0022   3.384896    31.5566       2526    10.5208  0.000e+00
     12.118     9.0134   3.386078    31.5589       2527    10.5250  0.000e+00
     12.109     9.0284   3.386278    31.5476       2528    10.5292  0.000e+00
     12.088     9.0428   3.387354    31.5460       2529    10.5333  0.000e+00
     12.073     9.0588   3.388110    31.5397       2530    10.5375  0.000e+00
     12.058     9.0742   3.388354    31.5286       2531    10.5417  0.000e+00
     12.039     9.0850   3.388723    31.5228       2532    10.5458  0.000e+00
     12.022     9.0926   3.388961    31.5186       2533    10.5500  0.000e+00
     12.003     9.0988   3.390350    31.5274       2534    10.5542  0.000e+00
     11.981     9.1089   3.394625    31.5625       2535    10.5583  0.000e+00
     11.964     9.1351   3.396999    31.5639       2536    10.5625  0.000e+00
     11.935     9.1690   3.399949    31.5642       2537    10.5667  0.000e+00
     11.909     9.2039   3.402304    31.5576       2538    10.5708  0.000e+00
     11.882     9.2401   3.403632    31.5393       2539    10.5750  0.000e+00
     11.845     9.2722   3.404522    31.5201       2540    10.5792  0.000e+00
     11.814     9.2983   3.405142    31.5035       2541    10.5833  0.000e+00
     11.784     9.3182   3.405725    31.4920       2542    10.5875  0.000e+00
     11.750     9.3340   3.407067    31.4918       2543    10.5917  0.000e+00
     11.725     9.3512   3.407907    31.4852       2544    10.5958  0.000e+00
     11.685     9.3703   3.407794    31.4673       2545    10.6000  0.000e+00
     11.669     9.3836   3.407668    31.4543       2546    10.6042  0.000e+00
     11.640     9.3910   3.406922    31.4402       2547    10.6083  0.000e+00
     11.620     9.3934   3.406759    31.4365       2548    10.6125  0.000e+00
     11.600     9.3936   3.405768    31.4261       2549    10.6167  0.000e+00
     11.583     9.3915   3.404540    31.4154       2550    10.6208  0.000e+00
     11.567     9.3871   3.403913    31.4129       2551    10.6250  0.000e+00
     11.562     9.3822   3.402904    31.4068       2552    10.6292  0.000e+00
     11.553     9.3777   3.403060    31.4124       2553    10.6333  0.000e+00
     11.544     9.3745   3.402822    31.4128       2554    10.6375  0.000e+00
     11.538     9.3725   3.402597    31.4122       2555    10.6417  0.000e+00
     11.529     9.3713   3.402390    31.4111       2556    10.6458  0.000e+00
     11.522     9.3713   3.402453    31.4118       2557    10.6500  0.000e+00
     11.516     9.3715   3.402409    31.4112       2558    10.6542  0.000e+00
     11.500     9.3716   3.402371    31.4107       2559    10.6583  0.000e+00
     11.480     9.3712   3.402365    31.4110       2560    10.6625  0.000e+00
     11.461     9.3716   3.402202    31.4090       2561    10.6667  0.000e+00
     11.440     9.3726   3.402189    31.4080       2562    10.6708  0.000e+00
     11.417     9.3754   3.402841    31.4123       2563    10.6750  0.000e+00
     11.380     9.3815   3.403631    31.4150       2564    10.6792  0.000e+00
     11.344     9.3910   3.404521    31.4158       2565    10.6833  0.000e+00
     11.309     9.4035   3.405492    31.4147       2566    10.6875  0.000e+00
     11.275     9.4182   3.405893    31.4060       2567    10.6917  0.000e+00
     11.244     9.4306   3.406301    31.3993       2568    10.6958  0.000e+00
     11.208     9.4400   3.406833    31.3965       2569    10.7000  0.000e+00
     11.179     9.4489   3.407253    31.3930       2570    10.7042  0.000e+00
     11.144     9.4571   3.407360    31.3869       2571    10.7083  0.000e+00
     11.126     9.4631   3.407441    31.3825       2572    10.7125  0.000e+00
     11.100     9.4671   3.407423    31.3788       2573    10.7167  0.000e+00
     11.071     9.4694   3.407460    31.3772       2574    10.7208  0.000e+00
     11.058     9.4710   3.407523    31.3765       2575    10.7250  0.000e+00
     11.037     9.4721   3.407529    31.3755       2576    10.7292  0.000e+00
     11.008     9.4729   3.407548    31.3751       2577    10.7333  0.000e+00
     10.984     9.4734   3.407617    31.3754       2578    10.7375  0.000e+00
     10.948     9.4745   3.408106    31.3794       2579    10.7417  0.000e+00
     10.928     9.4777   3.408382    31.3794       2580    10.7458  0.000e+00
     10.901     9.4819   3.408564    31.3776       2581    10.7500  0.000e+00
     10.872     9.4857   3.408601    31.3747       2582    10.7542  0.000e+00
     10.850     9.4881   3.408250    31.3690       2583    10.7583  0.000e+00
     10.837     9.4888   3.408106    31.3669       2584    10.7625  0.000e+00
     10.817     9.4886   3.408363    31.3698       2585    10.7667  0.000e+00
     10.794     9.4894   3.408727    31.3728       2586    10.7708  0.000e+00
     10.775     9.4920   3.408620    31.3694       2587    10.7750  0.000e+00
     10.761     9.4939   3.409347    31.3752       2588    10.7792  0.000e+00
     10.736     9.4983   3.410809    31.3862       2589    10.7833  0.000e+00
     10.707     9.5099   3.411549    31.3837       2590    10.7875  0.000e+00
     10.676     9.5231   3.411881    31.3755       2591    10.7917  0.000e+00
     10.649     9.5335   3.411110    31.3586       2592    10.7958  0.000e+00
     10.629     9.5367   3.412458    31.3695       2593    10.8000  0.000e+00
     10.584     9.5426   3.412578    31.3656       2594    10.8042  0.000e+00
     10.563     9.5508   3.413832    31.3713       2595    10.8083  0.000e+00
     10.530     9.5609   3.413889    31.3630       2596    10.8125  0.000e+00
     10.503     9.5693   3.413895    31.3558       2597    10.8167  0.000e+00
     10.478     9.5739   3.413813    31.3509       2598    10.8208  0.000e+00
     10.448     9.5760   3.414108    31.3520       2599    10.8250  0.000e+00
     10.425     9.5784   3.414723    31.3562       2600    10.8292  0.000e+00
     10.398     9.5832   3.415087    31.3558       2601    10.8333  0.000e+00
     10.364     9.5883   3.414786    31.3482       2602    10.8375  0.000e+00
     10.342     9.5910   3.414748    31.3456       2603    10.8417  0.000e+00
     10.314     9.5915   3.414541    31.3430       2604    10.8458  0.000e+00
     10.283     9.5907   3.414328    31.3415       2605    10.8500  0.000e+00
     10.257     9.5899   3.414698    31.3460       2606    10.8542  0.000e+00
     10.225     9.5901   3.414993    31.3489       2607    10.8583  0.000e+00
     10.187     9.5923   3.414830    31.3453       2608    10.8625  0.000e+00
     10.157     9.5931   3.414704    31.3434       2609    10.8667  0.000e+00
     10.111     9.5927   3.415288    31.3497       2610    10.8708  0.000e+00
     10.080     9.5958   3.415614    31.3503       2611    10.8750  0.000e+00
     10.040     9.6015   3.415451    31.3437       2612    10.8792  0.000e+00
     10.002     9.6043   3.415005    31.3367       2613    10.8833  0.000e+00
      9.966     9.6033   3.415514    31.3427       2614    10.8875  0.000e+00
      9.938     9.6045   3.415570    31.3424       2615    10.8917  0.000e+00
      9.905     9.6065   3.415702    31.3419       2616    10.8958  0.000e+00
      9.867     9.6082   3.415432    31.3377       2617    10.9000  0.000e+00
      9.850     9.6077   3.415526    31.3391       2618    10.9042  0.000e+00
      9.812     9.6072   3.415513    31.3395       2619    10.9083  0.000e+00
      9.785     9.6072   3.415526    31.3396       2620    10.9125  0.000e+00
      9.747     9.6076   3.416198    31.3461       2621    10.9167  0.000e+00
      9.719     9.6117   3.416223    31.3428       2622    10.9208  0.000e+00
      9.672     9.6152   3.416160    31.3391       2623    10.9250  0.000e+00
      9.637     9.6166   3.415764    31.3339       2624    10.9292  0.000e+00
      9.592     9.6147   3.415965    31.3376       2625    10.9333  0.000e+00
      9.552     9.6136   3.415802    31.3369       2626    10.9375  0.000e+00
      9.506     9.6124   3.415940    31.3394       2627    10.9417  0.000e+00
      9.462     9.6120   3.415827    31.3386       2628    10.9458  0.000e+00
      9.422     9.6116   3.415990    31.3406       2629    10.9500  0.000e+00
      9.393     9.6125   3.416009    31.3400       2630    10.9542  0.000e+00
      9.358     9.6136   3.415595    31.3349       2631    10.9583  0.000e+00
      9.324     9.6123   3.415921    31.3394       2632    10.9625  0.000e+00
      9.301     9.6122   3.416078    31.3410       2633    10.9667  0.000e+00
      9.266     9.6134   3.416160    31.3409       2634    10.9708  0.000e+00
      9.233     9.6152   3.416618    31.3439       2635    10.9750  0.000e+00
      9.198     9.6196   3.417346    31.3475       2636    10.9792  0.000e+00
      9.172     9.6264   3.417434    31.3425       2637    10.9833  0.000e+00
      9.133     9.6326   3.417446    31.3372       2638    10.9875  0.000e+00
      9.098     9.6365   3.417540    31.3348       2639    10.9917  0.000e+00
      9.063     9.6389   3.417365    31.3310       2640    10.9958  0.000e+00
      9.022     9.6394   3.417427    31.3312       2641    11.0000  0.000e+00
      8.980     9.6400   3.417584    31.3322       2642    11.0042  0.000e+00
      8.929     9.6413   3.417678    31.3321       2643    11.0083  0.000e+00
      8.889     9.6426   3.417779    31.3320       2644    11.0125  0.000e+00
      8.842     9.6450   3.417823    31.3304       2645    11.0167  0.000e+00
      8.793     9.6464   3.417804    31.3290       2646    11.0208  0.000e+00
      8.744     9.6475   3.417760    31.3276       2647    11.0250  0.000e+00
      8.699     9.6465   3.417823    31.3291       2648    11.0292  0.000e+00
      8.661     9.6467   3.417779    31.3285       2649    11.0333  0.000e+00
      8.616     9.6479   3.417741    31.3271       2650    11.0375  0.000e+00
      8.571     9.6488   3.417735    31.3263       2651    11.0417  0.000e+00
      8.539     9.6496   3.417697    31.3252       2652    11.0458  0.000e+00
      8.510     9.6501   3.417678    31.3246       2653    11.0500  0.000e+00
      8.477     9.6507   3.417716    31.3245       2654    11.0542  0.000e+00
      8.438     9.6510   3.417697    31.3240       2655    11.0583  0.000e+00
      8.400     9.6512   3.417716    31.3241       2656    11.0625  0.000e+00
      8.373     9.6514   3.417678    31.3236       2657    11.0667  0.000e+00
      8.331     9.6514   3.417697    31.3238       2658    11.0708  0.000e+00
      8.285     9.6514   3.417672    31.3235       2659    11.0750  0.000e+00
      8.241     9.6512   3.417653    31.3235       2660    11.0792  0.000e+00
      8.176     9.6513   3.417647    31.3234       2661    11.0833  0.000e+00
      8.111     9.6512   3.417590    31.3229       2662    11.0875  0.000e+00
      8.064     9.6512   3.417559    31.3226       2663    11.0917  0.000e+00
      7.995     9.6511   3.417527    31.3224       2664    11.0958  0.000e+00
      7.941     9.6511   3.417571    31.3229       2665    11.1000  0.000e+00
      7.896     9.6515   3.417628    31.3231       2666    11.1042  0.000e+00
      7.837     9.6519   3.417741    31.3240       2667    11.1083  0.000e+00
      7.801     9.6530   3.417822    31.3239       2668    11.1125  0.000e+00
      7.759     9.6542   3.417822    31.3228       2669    11.1167  0.000e+00
      7.720     9.6551   3.417822    31.3221       2670    11.1208  0.000e+00
      7.674     9.6557   3.417847    31.3218       2671    11.1250  0.000e+00
      7.645     9.6560   3.418011    31.3232       2672    11.1292  0.000e+00
      7.622     9.6571   3.418086    31.3230       2673    11.1333  0.000e+00
      7.589     9.6585   3.418029    31.3213       2674    11.1375  0.000e+00
      7.568     9.6593   3.418086    31.3211       2675    11.1417  0.000e+00
      7.541     9.6597   3.418136    31.3213       2676    11.1458  0.000e+00
