HB2403/sbe118.cnv
* Sea-Bird SBE 19plus V2 Data File:
* FileName = C:\cruise\data\sbe118.hex
* Software Version Seasave V 7.26.7.121
* Temperature SN = 6128
* Conductivity SN = 6128
* System UpLoad Time = Jun 11 2024 22:39:08
* NMEA Latitude = 43 10.94 N
* NMEA Longitude = 069 35.94 W
* NMEA UTC (Time) = Jun 11 2024  22:39:45
** Ship: Henry Bigelow
** Cruise:  HB2403
** Program:  ECOMON
# nquan = 7
# nvalues = 2471                                  
# units = specified
# name 0 = depSM: Depth [salt water, m]
# name 1 = tv290C: Temperature [ITS-90, deg C]
# name 2 = c0S/m: Conductivity [S/m]
# name 3 = sal00: Salinity, Practical [PSU]
# name 4 = scan: Scan Count
# name 5 = timeM: Time, Elapsed [minutes]
# name 6 = flag:  0.000e+00
# span 0 =     -0.230,     95.575                 
# span 1 =     5.3504,    16.5160                 
# span 2 =   0.000216,   4.062987                 
# span 3 =     0.0087,    36.2749                 
# span 4 =         11,       2481                 
# span 5 =     0.0417,    10.3333                 
# span 6 = 0.0000e+00, 0.0000e+00                 
# interval = seconds: 0.25
# start_time = Jun 11 2024 22:39:45 [NMEA time, header]
# bad_flag = -9.990e-29
*END*
[from data line 1847]
     30.262     5.5079   3.124839    31.9461       1858     7.7375  0.000e+00
     30.223     5.5100   3.125081    31.9468       1859     7.7417  0.000e+00
     30.184     5.5122   3.125275    31.9470       1860     7.7458  0.000e+00
     30.152     5.5142   3.125493    31.9475       1861     7.7500  0.000e+00
     30.114     5.5164   3.125536    31.9459       1862     7.7542  0.000e+00
     30.085     5.5184   3.125566    31.9444       1863     7.7583  0.000e+00
     30.053     5.5195   3.125851    31.9466       1864     7.7625  0.000e+00
     30.024     5.5214   3.126385    31.9508       1865     7.7667  0.000e+00
     30.003     5.5246   3.126597    31.9502       1866     7.7708  0.000e+00
     29.981     5.5277   3.126700    31.9484       1867     7.7750  0.000e+00
     29.961     5.5303   3.126718    31.9462       1868     7.7792  0.000e+00
     29.939     5.5322   3.126639    31.9435       1869     7.7833  0.000e+00
     29.918     5.5329   3.126651    31.9430       1870     7.7875  0.000e+00
     29.902     5.5331   3.126560    31.9417       1871     7.7917  0.000e+00
     29.885     5.5329   3.126936    31.9462       1872     7.7958  0.000e+00
     29.869     5.5341   3.126936    31.9450       1873     7.8000  0.000e+00
     29.854     5.5351   3.126760    31.9422       1874     7.8042  0.000e+00
     29.843     5.5352   3.127155    31.9465       1875     7.8083  0.000e+00
     29.819     5.5364   3.127349    31.9476       1876     7.8125  0.000e+00
     29.799     5.5383   3.127252    31.9447       1877     7.8167  0.000e+00
     29.783     5.5393   3.127318    31.9445       1878     7.8208  0.000e+00
     29.757     5.5400   3.127294    31.9436       1879     7.8250  0.000e+00
     29.732     5.5404   3.127191    31.9420       1880     7.8292  0.000e+00
     29.703     5.5402   3.127130    31.9415       1881     7.8333  0.000e+00
     29.668     5.5399   3.127294    31.9437       1882     7.8375  0.000e+00
     29.632     5.5401   3.127470    31.9455       1883     7.8417  0.000e+00
     29.590     5.5412   3.127864    31.9489       1884     7.8458  0.000e+00
     29.546     5.5433   3.128192    31.9506       1885     7.8500  0.000e+00
     29.503     5.5464   3.128519    31.9514       1886     7.8542  0.000e+00
     29.454     5.5498   3.128895    31.9524       1887     7.8583  0.000e+00
     29.405     5.5535   3.129429    31.9550       1888     7.8625  0.000e+00
     29.352     5.5581   3.130497    31.9627       1889     7.8667  0.000e+00
     29.309     5.5656   3.131765    31.9700       1890     7.8708  0.000e+00
     29.256     5.5757   3.132972    31.9740       1891     7.8750  0.000e+00
     29.207     5.5878   3.133664    31.9703       1892     7.8792  0.000e+00
     29.164     5.5995   3.134138    31.9646       1893     7.8833  0.000e+00
     29.127     5.6094   3.134338    31.9574       1894     7.8875  0.000e+00
     29.087     5.6167   3.134732    31.9550       1895     7.8917  0.000e+00
     29.058     5.6227   3.134951    31.9518       1896     7.8958  0.000e+00
     29.034     5.6274   3.134890    31.9466       1897     7.9000  0.000e+00
     29.010     5.6302   3.134671    31.9416       1898     7.9042  0.000e+00
     28.991     5.6311   3.134495    31.9387       1899     7.9083  0.000e+00
     28.973     5.6305   3.134459    31.9388       1900     7.9125  0.000e+00
     28.960     5.6298   3.134477    31.9398       1901     7.9167  0.000e+00
     28.939     5.6296   3.134526    31.9405       1902     7.9208  0.000e+00
     28.928     5.6296   3.134592    31.9412       1903     7.9250  0.000e+00
     28.906     5.6303   3.134793    31.9428       1904     7.9292  0.000e+00
     28.886     5.6315   3.135072    31.9449       1905     7.9333  0.000e+00
     28.859     5.6337   3.135606    31.9488       1906     7.9375  0.000e+00
     28.832     5.6373   3.136043    31.9503       1907     7.9417  0.000e+00
     28.795     5.6419   3.136401    31.9501       1908     7.9458  0.000e+00
     28.750     5.6467   3.136917    31.9513       1909     7.9500  0.000e+00
     28.705     5.6518   3.137373    31.9516       1910     7.9542  0.000e+00
     28.652     5.6572   3.137913    31.9527       1911     7.9583  0.000e+00
     28.593     5.6636   3.138326    31.9512       1912     7.9625  0.000e+00
     28.528     5.6703   3.139037    31.9530       1913     7.9667  0.000e+00
     28.461     5.6780   3.138976    31.9449       1914     7.9708  0.000e+00
     28.401     5.6846   3.138842    31.9372       1915     7.9750  0.000e+00
     28.343     5.6884   3.138544    31.9303       1916     7.9792  0.000e+00
     28.282     5.6905   3.139237    31.9361       1917     7.9833  0.000e+00
     28.233     5.6946   3.139832    31.9390       1918     7.9875  0.000e+00
     28.184     5.7010   3.139953    31.9343       1919     7.9917  0.000e+00
     28.146     5.7074   3.140251    31.9316       1920     7.9958  0.000e+00
     28.109     5.7141   3.141059    31.9343       1921     8.0000  0.000e+00
     28.076     5.7226   3.142037    31.9374       1922     8.0042  0.000e+00
     28.058     5.7326   3.142754    31.9359       1923     8.0083  0.000e+00
     28.038     5.7436   3.143009    31.9284       1924     8.0125  0.000e+00
     28.031     5.7525   3.143070    31.9206       1925     8.0167  0.000e+00
     28.016     5.7587   3.143252    31.9168       1926     8.0208  0.000e+00
     28.001     5.7634   3.143568    31.9160       1927     8.0250  0.000e+00
     27.985     5.7674   3.143647    31.9131       1928     8.0292  0.000e+00
     27.964     5.7711   3.143689    31.9100       1929     8.0333  0.000e+00
     27.939     5.7742   3.143786    31.9082       1930     8.0375  0.000e+00
     27.915     5.7766   3.143908    31.9073       1931     8.0417  0.000e+00
     27.879     5.7789   3.144102    31.9074       1932     8.0458  0.000e+00
     27.841     5.7813   3.144023    31.9042       1933     8.0500  0.000e+00
     27.794     5.7832   3.143963    31.9017       1934     8.0542  0.000e+00
     27.741     5.7839   3.143069    31.8911       1935     8.0583  0.000e+00
     27.688     5.7825   3.143112    31.8929       1936     8.0625  0.000e+00
     27.632     5.7814   3.143567    31.8991       1937     8.0667  0.000e+00
     27.580     5.7830   3.144224    31.9050       1938     8.0708  0.000e+00
     27.525     5.7870   3.144959    31.9095       1939     8.0750  0.000e+00
     27.469     5.7929   3.145160    31.9062       1940     8.0792  0.000e+00
     27.415     5.7985   3.145117    31.9005       1941     8.0833  0.000e+00
     27.358     5.8029   3.144922    31.8941       1942     8.0875  0.000e+00
     27.302     5.8062   3.145172    31.8938       1943     8.0917  0.000e+00
     27.255     5.8093   3.145518    31.8948       1944     8.0958  0.000e+00
     27.203     5.8126   3.145196    31.8881       1945     8.1000  0.000e+00
     27.157     5.8138   3.144223    31.8760       1946     8.1042  0.000e+00
     27.108     5.8121   3.141817    31.8507       1947     8.1083  0.000e+00
     27.066     5.8033   3.138160    31.8180       1948     8.1125  0.000e+00
     27.021     5.7860   3.137747    31.8297       1949     8.1167  0.000e+00
     26.974     5.7707   3.137049    31.8363       1950     8.1208  0.000e+00
     26.932     5.7582   3.132175    31.7934       1951     8.1250  0.000e+00
     26.896     5.7374   3.130634    31.7957       1952     8.1292  0.000e+00
     26.858     5.7140   3.129069    31.8002       1953     8.1333  0.000e+00
     26.834     5.6932   3.130373    31.8345       1954     8.1375  0.000e+00
     26.803     5.6839   3.133049    31.8735       1955     8.1417  0.000e+00
     26.785     5.6891   3.133365    31.8721       1956     8.1458  0.000e+00
     26.767     5.6956   3.131921    31.8497       1957     8.1500  0.000e+00
     26.748     5.6959   3.134081    31.8738       1958     8.1542  0.000e+00
     26.737     5.7008   3.133838    31.8664       1959     8.1583  0.000e+00
     26.718     5.7049   3.130852    31.8290       1960     8.1625  0.000e+00
     26.692     5.6987   3.129487    31.8195       1961     8.1667  0.000e+00
     26.672     5.6865   3.131702    31.8559       1962     8.1708  0.000e+00
     26.642     5.6853   3.133086    31.8727       1963     8.1750  0.000e+00
     26.609     5.6931   3.133165    31.8661       1964     8.1792  0.000e+00
     26.573     5.6972   3.129584    31.8220       1965     8.1833  0.000e+00
     26.531     5.6882   3.128159    31.8145       1966     8.1875  0.000e+00
     26.484     5.6752   3.128675    31.8325       1967     8.1917  0.000e+00
     26.431     5.6670   3.128911    31.8430       1968     8.1958  0.000e+00
     26.375     5.6638   3.128669    31.8433       1969     8.2000  0.000e+00
     26.326     5.6614   3.128001    31.8381       1970     8.2042  0.000e+00
     26.270     5.6579   3.128001    31.8415       1971     8.2083  0.000e+00
     26.210     5.6552   3.128711    31.8520       1972     8.2125  0.000e+00
     26.154     5.6556   3.128141    31.8453       1973     8.2167  0.000e+00
     26.102     5.6561   3.128299    31.8466       1974     8.2208  0.000e+00
     26.049     5.6553   3.126655    31.8288       1975     8.2250  0.000e+00
     25.996     5.6499   3.127547    31.8440       1976     8.2292  0.000e+00
     25.947     5.6476   3.126940    31.8394       1977     8.2333  0.000e+00
     25.897     5.6457   3.128256    31.8561       1978     8.2375  0.000e+00
     25.853     5.6476   3.127923    31.8505       1979     8.2417  0.000e+00
     25.806     5.6494   3.128299    31.8531       1980     8.2458  0.000e+00
     25.767     5.6514   3.127747    31.8450       1981     8.2500  0.000e+00
     25.726     5.6512   3.126340    31.8294       1982     8.2542  0.000e+00
     25.686     5.6460   3.126243    31.8332       1983     8.2583  0.000e+00
     25.650     5.6415   3.125376    31.8277       1984     8.2625  0.000e+00
     25.611     5.6362   3.123969    31.8169       1985     8.2667  0.000e+00
     25.575     5.6274   3.122411    31.8077       1986     8.2708  0.000e+00
     25.546     5.6166   3.121678    31.8096       1987     8.2750  0.000e+00
     25.513     5.6068   3.122526    31.8284       1988     8.2792  0.000e+00
     25.484     5.6026   3.122096    31.8276       1989     8.2833  0.000e+00
     25.459     5.6000   3.121878    31.8276       1990     8.2875  0.000e+00
     25.441     5.5982   3.123018    31.8422       1991     8.2917  0.000e+00
     25.423     5.6002   3.122114    31.8301       1992     8.2958  0.000e+00
     25.406     5.5997   3.120890    31.8167       1993     8.3000  0.000e+00
     25.390     5.5946   3.119987    31.8114       1994     8.3042  0.000e+00
     25.375     5.5881   3.119587    31.8130       1995     8.3083  0.000e+00
     25.354     5.5828   3.120618    31.8297       1996     8.3125  0.000e+00
     25.332     5.5817   3.119509    31.8182       1997     8.3167  0.000e+00
     25.310     5.5798   3.118691    31.8108       1998     8.3208  0.000e+00
     25.277     5.5747   3.118152    31.8096       1999     8.3250  0.000e+00
     25.244     5.5694   3.117855    31.8113       2000     8.3292  0.000e+00
     25.201     5.5652   3.117461    31.8108       2001     8.3333  0.000e+00
     25.154     5.5614   3.116952    31.8086       2002     8.3375  0.000e+00
     25.101     5.5577   3.116970    31.8124       2003     8.3417  0.000e+00
     25.050     5.5550   3.117086    31.8163       2004     8.3458  0.000e+00
     24.994     5.5544   3.118055    31.8278       2005     8.3500  0.000e+00
     24.930     5.5582   3.119909    31.8452       2006     8.3542  0.000e+00
     24.869     5.5684   3.120890    31.8467       2007     8.3583  0.000e+00
     24.807     5.5807   3.121345    31.8402       2008     8.3625  0.000e+00
     24.738     5.5909   3.121563    31.8330       2009     8.3667  0.000e+00
     24.682     5.5983   3.121975    31.8307       2010     8.3708  0.000e+00
     24.621     5.6048   3.123041    31.8366       2011     8.3750  0.000e+00
     24.572     5.6130   3.124205    31.8419       2012     8.3792  0.000e+00
     24.532     5.6237   3.125254    31.8437       2013     8.3833  0.000e+00
     24.496     5.6357   3.125866    31.8392       2014     8.3875  0.000e+00
     24.465     5.6465   3.126697    31.8384       2015     8.3917  0.000e+00
     24.441     5.6572   3.127467    31.8370       2016     8.3958  0.000e+00
     24.421     5.6677   3.128019    31.8333       2017     8.4000  0.000e+00
     24.410     5.6767   3.128444    31.8296       2018     8.4042  0.000e+00
     24.394     5.6840   3.128710    31.8256       2019     8.4083  0.000e+00
     24.381     5.6902   3.128910    31.8221       2020     8.4125  0.000e+00
     24.365     5.6946   3.129111    31.8202       2021     8.4167  0.000e+00
     24.345     5.6981   3.129305    31.8191       2022     8.4208  0.000e+00
     24.317     5.7010   3.129523    31.8188       2023     8.4250  0.000e+00
     24.295     5.7038   3.129681    31.8180       2024     8.4292  0.000e+00
     24.262     5.7064   3.129881    31.8177       2025     8.4333  0.000e+00
     24.224     5.7090   3.130154    31.8184       2026     8.4375  0.000e+00
     24.177     5.7119   3.130451    31.8190       2027     8.4417  0.000e+00
     24.137     5.7149   3.130748    31.8195       2028     8.4458  0.000e+00
     24.085     5.7182   3.130791    31.8169       2029     8.4500  0.000e+00
     24.034     5.7210   3.130712    31.8135       2030     8.4542  0.000e+00
     23.976     5.7225   3.131064    31.8160       2031     8.4583  0.000e+00
     23.922     5.7250   3.131658    31.8204       2032     8.4625  0.000e+00
     23.866     5.7292   3.132077    31.8211       2033     8.4667  0.000e+00
     23.811     5.7346   3.133327    31.8301       2034     8.4708  0.000e+00
     23.754     5.7429   3.133643    31.8259       2035     8.4750  0.000e+00
     23.699     5.7512   3.133697    31.8187       2036     8.4792  0.000e+00
     23.650     5.7569   3.134037    31.8171       2037     8.4833  0.000e+00
     23.597     5.7617   3.134395    31.8166       2038     8.4875  0.000e+00
     23.547     5.7667   3.134990    31.8186       2039     8.4917  0.000e+00
     23.502     5.7723   3.135943    31.8241       2040     8.4958  0.000e+00
     23.460     5.7797   3.137765    31.8375       2041     8.5000  0.000e+00
     23.422     5.7929   3.140091    31.8512       2042     8.5042  0.000e+00
     23.382     5.8119   3.141330    31.8472       2043     8.5083  0.000e+00
     23.353     5.8303   3.142375    31.8416       2044     8.5125  0.000e+00
     23.319     5.8472   3.142769    31.8302       2045     8.5167  0.000e+00
     23.288     5.8596   3.142952    31.8205       2046     8.5208  0.000e+00
     23.259     5.8676   3.143486    31.8190       2047     8.5250  0.000e+00
     23.230     5.8741   3.143985    31.8185       2048     8.5292  0.000e+00
     23.212     5.8805   3.144738    31.8209       2049     8.5333  0.000e+00
     23.186     5.8876   3.145315    31.8207       2050     8.5375  0.000e+00
     23.157     5.8949   3.145674    31.8178       2051     8.5417  0.000e+00
     23.137     5.9013   3.146951    31.8261       2052     8.5458  0.000e+00
     23.106     5.9112   3.149419    31.8444       2053     8.5500  0.000e+00
     23.070     5.9272   3.150927    31.8462       2054     8.5542  0.000e+00
     23.034     5.9462   3.151712    31.8372       2055     8.5583  0.000e+00
     22.994     5.9616   3.152107    31.8271       2056     8.5625  0.000e+00
     22.947     5.9728   3.152429    31.8202       2057     8.5667  0.000e+00
     22.899     5.9810   3.152788    31.8165       2058     8.5708  0.000e+00
     22.848     5.9870   3.153086    31.8142       2059     8.5750  0.000e+00
     22.789     5.9921   3.152867    31.8070       2060     8.5792  0.000e+00
     22.721     5.9947   3.153208    31.8084       2061     8.5833  0.000e+00
