HB2403/sbe113.cnv
* Sea-Bird SBE 19plus V2 Data File:
* FileName = C:\cruise\data\sbe113.hex
* Software Version Seasave V 7.26.7.121
* Temperature SN = 6128
* Conductivity SN = 6128
* System UpLoad Time = Jun 11 2024 16:20:54
* NMEA Latitude = 43 12.15 N
* NMEA Longitude = 068 27.85 W
* NMEA UTC (Time) = Jun 11 2024  16:21:31
** Ship: Henry Bigelow
** Cruise:  HB2403
** Program:  ECOMON
# nquan = 7
# nvalues = 1829                                  
# units = specified
# name 0 = depSM: Depth [salt water, m]
# name 1 = tv290C: Temperature [ITS-90, deg C]
# name 2 = c0S/m: Conductivity [S/m]
# name 3 = sal00: Salinity, Practical [PSU]
# name 4 = scan: Scan Count
# name 5 = timeM: Time, Elapsed [minutes]
# name 6 = flag:  0.000e+00
# span 0 =     -0.179,    188.919                 
# span 1 =     5.6645,    14.3717                 
# span 2 =   0.226701,   3.893948                 
# span 3 =     1.4918,    33.7689                 
# span 4 =         11,       1839                 
# span 5 =     0.0417,     7.6583                 
# span 6 = 0.0000e+00, 0.0000e+00                 
# interval = seconds: 0.25
# start_time = Jun 11 2024 16:21:31 [NMEA time, header]
# bad_flag = -9.990e-29
*END*
[from data line 1436]
     81.453     6.0079   3.233748    32.6676       1447     6.0250  0.000e+00
     81.270     6.0031   3.232802    32.6618       1448     6.0292  0.000e+00
     81.098     5.9985   3.232286    32.6605       1449     6.0333  0.000e+00
     80.932     5.9944   3.231979    32.6611       1450     6.0375  0.000e+00
     80.767     5.9910   3.231617    32.6604       1451     6.0417  0.000e+00
     80.596     5.9884   3.231260    32.6590       1452     6.0458  0.000e+00
     80.417     5.9859   3.230972    32.6583       1453     6.0500  0.000e+00
     80.237     5.9836   3.230664    32.6571       1454     6.0542  0.000e+00
     80.045     5.9820   3.230112    32.6526       1455     6.0583  0.000e+00
     79.847     5.9798   3.230007    32.6537       1456     6.0625  0.000e+00
     79.632     5.9778   3.229663    32.6518       1457     6.0667  0.000e+00
     79.401     5.9762   3.229043    32.6465       1458     6.0708  0.000e+00
     79.160     5.9742   3.228552    32.6430       1459     6.0750  0.000e+00
     78.917     5.9719   3.228067    32.6400       1460     6.0792  0.000e+00
     78.660     5.9697   3.227385    32.6346       1461     6.0833  0.000e+00
     78.397     5.9670   3.226992    32.6330       1462     6.0875  0.000e+00
     78.136     5.9647   3.226587    32.6307       1463     6.0917  0.000e+00
     77.879     5.9626   3.226280    32.6295       1464     6.0958  0.000e+00
     77.625     5.9607   3.225476    32.6224       1465     6.1000  0.000e+00
     77.389     5.9585   3.224494    32.6136       1466     6.1042  0.000e+00
     77.150     5.9556   3.224064    32.6117       1467     6.1083  0.000e+00
     76.932     5.9529   3.223457    32.6076       1468     6.1125  0.000e+00
     76.720     5.9506   3.223107    32.6060       1469     6.1167  0.000e+00
     76.516     5.9486   3.222837    32.6050       1470     6.1208  0.000e+00
     76.321     5.9472   3.222696    32.6049       1471     6.1250  0.000e+00
     76.133     5.9462   3.222364    32.6023       1472     6.1292  0.000e+00
     75.950     5.9450   3.220708    32.5848       1473     6.1333  0.000e+00
     75.764     5.9432   3.220242    32.5815       1474     6.1375  0.000e+00
     75.589     5.9411   3.219542    32.5758       1475     6.1417  0.000e+00
     75.408     5.9390   3.219278    32.5749       1476     6.1458  0.000e+00
     75.231     5.9373   3.218996    32.5734       1477     6.1500  0.000e+00
     75.050     5.9357   3.218481    32.5694       1478     6.1542  0.000e+00
     74.866     5.9341   3.217402    32.5589       1479     6.1583  0.000e+00
     74.676     5.9315   3.216850    32.5552       1480     6.1625  0.000e+00
     74.481     5.9285   3.216421    32.5534       1481     6.1667  0.000e+00
     74.281     5.9257   3.216194    32.5536       1482     6.1708  0.000e+00
     74.075     5.9235   3.215624    32.5495       1483     6.1750  0.000e+00
     73.856     5.9211   3.214827    32.5430       1484     6.1792  0.000e+00
     73.634     5.9181   3.213889    32.5355       1485     6.1833  0.000e+00
     73.410     5.9144   3.212847    32.5274       1486     6.1875  0.000e+00
     73.181     5.9100   3.212565    32.5286       1487     6.1917  0.000e+00
     72.946     5.9062   3.212056    32.5267       1488     6.1958  0.000e+00
     72.695     5.9029   3.210708    32.5148       1489     6.2000  0.000e+00
     72.454     5.8985   3.210059    32.5120       1490     6.2042  0.000e+00
     72.214     5.8941   3.209324    32.5080       1491     6.2083  0.000e+00
     71.972     5.8899   3.208509    32.5031       1492     6.2125  0.000e+00
     71.730     5.8857   3.208019    32.5016       1493     6.2167  0.000e+00
     71.488     5.8821   3.207572    32.5003       1494     6.2208  0.000e+00
     71.248     5.8790   3.207247    32.4997       1495     6.2250  0.000e+00
     71.018     5.8764   3.206800    32.4973       1496     6.2292  0.000e+00
     70.789     5.8741   3.206292    32.4939       1497     6.2333  0.000e+00
     70.572     5.8720   3.206089    32.4937       1498     6.2375  0.000e+00
     70.355     5.8700   3.205906    32.4937       1499     6.2417  0.000e+00
     70.142     5.8689   3.205826    32.4940       1500     6.2458  0.000e+00
     69.938     5.8680   3.205740    32.4940       1501     6.2500  0.000e+00
     69.746     5.8676   3.205336    32.4900       1502     6.2542  0.000e+00
     69.553     5.8671   3.205073    32.4876       1503     6.2583  0.000e+00
     69.365     5.8670   3.204828    32.4850       1504     6.2625  0.000e+00
     69.186     5.8668   3.204154    32.4777       1505     6.2667  0.000e+00
     69.016     5.8660   3.203120    32.4670       1506     6.2708  0.000e+00
     68.841     5.8642   3.201210    32.4473       1507     6.2750  0.000e+00
     68.660     5.8603   3.200359    32.4417       1508     6.2792  0.000e+00
     68.481     5.8559   3.200213    32.4443       1509     6.2833  0.000e+00
     68.301     5.8529   3.199851    32.4432       1510     6.2875  0.000e+00
     68.120     5.8508   3.199386    32.4400       1511     6.2917  0.000e+00
     67.921     5.8490   3.198144    32.4280       1512     6.2958  0.000e+00
     67.712     5.8455   3.195025    32.3964       1513     6.3000  0.000e+00
     67.497     5.8380   3.193649    32.3882       1514     6.3042  0.000e+00
     67.275     5.8286   3.193001    32.3900       1515     6.3083  0.000e+00
     67.047     5.8208   3.192799    32.3954       1516     6.3125  0.000e+00
     66.814     5.8152   3.192714    32.3999       1517     6.3167  0.000e+00
     66.572     5.8119   3.192677    32.4028       1518     6.3208  0.000e+00
     66.328     5.8097   3.192695    32.4052       1519     6.3250  0.000e+00
     66.079     5.8087   3.192634    32.4056       1520     6.3292  0.000e+00
     65.839     5.8080   3.192634    32.4064       1521     6.3333  0.000e+00
     65.595     5.8075   3.192573    32.4063       1522     6.3375  0.000e+00
     65.357     5.8072   3.192554    32.4065       1523     6.3417  0.000e+00
     65.129     5.8069   3.192493    32.4063       1524     6.3458  0.000e+00
     64.900     5.8066   3.192328    32.4048       1525     6.3500  0.000e+00
     64.676     5.8061   3.192310    32.4052       1526     6.3542  0.000e+00
     64.463     5.8056   3.192151    32.4039       1527     6.3583  0.000e+00
     64.257     5.8053   3.192126    32.4040       1528     6.3625  0.000e+00
     64.053     5.8050   3.192047    32.4035       1529     6.3667  0.000e+00
     63.852     5.8048   3.191802    32.4011       1530     6.3708  0.000e+00
     63.651     5.8042   3.191625    32.3998       1531     6.3750  0.000e+00
     63.448     5.8035   3.191496    32.3991       1532     6.3792  0.000e+00
     63.249     5.8028   3.191398    32.3987       1533     6.3833  0.000e+00
     63.052     5.8025   3.191301    32.3981       1534     6.3875  0.000e+00
     62.847     5.8017   3.191136    32.3970       1535     6.3917  0.000e+00
     62.641     5.8014   3.190995    32.3959       1536     6.3958  0.000e+00
     62.442     5.8008   3.190952    32.3961       1537     6.4000  0.000e+00
     62.242     5.8002   3.190873    32.3959       1538     6.4042  0.000e+00
     62.043     5.7999   3.190591    32.3931       1539     6.4083  0.000e+00
     61.841     5.8005   3.190304    32.3893       1540     6.4125  0.000e+00
     61.642     5.8015   3.190188    32.3872       1541     6.4167  0.000e+00
     61.442     5.8019   3.190084    32.3858       1542     6.4208  0.000e+00
     61.254     5.8020   3.190023    32.3851       1543     6.4250  0.000e+00
     61.050     5.8020   3.190004    32.3850       1544     6.4292  0.000e+00
     60.844     5.8020   3.189925    32.3841       1545     6.4333  0.000e+00
     60.627     5.8020   3.189900    32.3840       1546     6.4375  0.000e+00
     60.413     5.8017   3.189900    32.3844       1547     6.4417  0.000e+00
     60.199     5.8017   3.189882    32.3842       1548     6.4458  0.000e+00
     59.970     5.8016   3.189821    32.3838       1549     6.4500  0.000e+00
     59.740     5.8015   3.189802    32.3838       1550     6.4542  0.000e+00
     59.511     5.8014   3.189759    32.3836       1551     6.4583  0.000e+00
     59.283     5.8009   3.189680    32.3832       1552     6.4625  0.000e+00
     59.059     5.8006   3.189680    32.3836       1553     6.4667  0.000e+00
     58.831     5.8002   3.189600    32.3832       1554     6.4708  0.000e+00
     58.607     5.8001   3.189337    32.3805       1555     6.4750  0.000e+00
     58.385     5.7999   3.187822    32.3638       1556     6.4792  0.000e+00
     58.171     5.7995   3.187272    32.3580       1557     6.4833  0.000e+00
     57.964     5.7995   3.186948    32.3545       1558     6.4875  0.000e+00
     57.754     5.7996   3.186649    32.3511       1559     6.4917  0.000e+00
     57.550     5.7998   3.186044    32.3443       1560     6.4958  0.000e+00
     57.352     5.8000   3.185580    32.3389       1561     6.5000  0.000e+00
     57.149     5.8005   3.185292    32.3353       1562     6.5042  0.000e+00
     56.949     5.8013   3.185054    32.3320       1563     6.5083  0.000e+00
     56.755     5.8017   3.184626    32.3269       1564     6.5125  0.000e+00
     56.556     5.8013   3.183924    32.3195       1565     6.5167  0.000e+00
     56.349     5.7996   3.183051    32.3114       1566     6.5208  0.000e+00
     56.149     5.7964   3.182849    32.3123       1567     6.5250  0.000e+00
     55.940     5.7937   3.182813    32.3145       1568     6.5292  0.000e+00
     55.725     5.7918   3.182709    32.3153       1569     6.5333  0.000e+00
     55.519     5.7905   3.182690    32.3164       1570     6.5375  0.000e+00
     55.303     5.7899   3.182629    32.3164       1571     6.5417  0.000e+00
     55.090     5.7893   3.182568    32.3164       1572     6.5458  0.000e+00
     54.870     5.7891   3.182647    32.3176       1573     6.5500  0.000e+00
     54.651     5.7896   3.182794    32.3189       1574     6.5542  0.000e+00
     54.431     5.7905   3.182769    32.3178       1575     6.5583  0.000e+00
     54.212     5.7914   3.182794    32.3174       1576     6.5625  0.000e+00
     53.990     5.7921   3.182708    32.3158       1577     6.5667  0.000e+00
     53.768     5.7923   3.182769    32.3165       1578     6.5708  0.000e+00
     53.545     5.7927   3.182910    32.3178       1579     6.5750  0.000e+00
     53.325     5.7935   3.182909    32.3172       1580     6.5792  0.000e+00
     53.105     5.7942   3.182952    32.3171       1581     6.5833  0.000e+00
     52.883     5.7952   3.182708    32.3134       1582     6.5875  0.000e+00
     52.659     5.7954   3.182146    32.3070       1583     6.5917  0.000e+00
     52.447     5.7953   3.181920    32.3047       1584     6.5958  0.000e+00
     52.241     5.7949   3.181560    32.3012       1585     6.6000  0.000e+00
     52.039     5.7941   3.181340    32.2995       1586     6.6042  0.000e+00
     51.833     5.7930   3.180815    32.2948       1587     6.6083  0.000e+00
     51.630     5.7910   3.180088    32.2886       1588     6.6125  0.000e+00
     51.444     5.7873   3.178922    32.2791       1589     6.6167  0.000e+00
     51.259     5.7819   3.177995    32.2739       1590     6.6208  0.000e+00
     51.076     5.7759   3.177610    32.2754       1591     6.6250  0.000e+00
     50.892     5.7704   3.176927    32.2731       1592     6.6292  0.000e+00
     50.713     5.7655   3.176866    32.2772       1593     6.6333  0.000e+00
     50.533     5.7622   3.176866    32.2805       1594     6.6375  0.000e+00
     50.339     5.7605   3.176542    32.2785       1595     6.6417  0.000e+00
     50.141     5.7590   3.175981    32.2738       1596     6.6458  0.000e+00
     49.943     5.7564   3.175676    32.2729       1597     6.6500  0.000e+00
     49.730     5.7535   3.175475    32.2735       1598     6.6542  0.000e+00
     49.504     5.7513   3.175395    32.2748       1599     6.6583  0.000e+00
     49.270     5.7498   3.172461    32.2434       1600     6.6625  0.000e+00
     49.015     5.7433   3.170290    32.2253       1601     6.6667  0.000e+00
     48.757     5.7331   3.168583    32.2159       1602     6.6708  0.000e+00
     48.496     5.7216   3.166219    32.2005       1603     6.6750  0.000e+00
     48.231     5.7080   3.165615    32.2067       1604     6.6792  0.000e+00
     47.960     5.6977   3.166298    32.2244       1605     6.6833  0.000e+00
     47.702     5.6946   3.167322    32.2391       1606     6.6875  0.000e+00
     47.455     5.6978   3.167444    32.2375       1607     6.6917  0.000e+00
     47.222     5.7020   3.166901    32.2275       1608     6.6958  0.000e+00
     46.996     5.7034   3.166359    32.2202       1609     6.7000  0.000e+00
     46.786     5.7022   3.166157    32.2192       1610     6.7042  0.000e+00
     46.591     5.6999   3.164598    32.2038       1611     6.7083  0.000e+00
     46.407     5.6945   3.164256    32.2053       1612     6.7125  0.000e+00
     46.233     5.6884   3.164372    32.2124       1613     6.7167  0.000e+00
     46.068     5.6849   3.164652    32.2190       1614     6.7208  0.000e+00
     45.909     5.6843   3.165195    32.2259       1615     6.7250  0.000e+00
     45.747     5.6858   3.165597    32.2290       1616     6.7292  0.000e+00
     45.589     5.6888   3.165798    32.2285       1617     6.7333  0.000e+00
     45.418     5.6922   3.165194    32.2185       1618     6.7375  0.000e+00
     45.239     5.6930   3.164573    32.2108       1619     6.7417  0.000e+00
     45.053     5.6912   3.164091    32.2072       1620     6.7458  0.000e+00
     44.856     5.6878   3.163409    32.2029       1621     6.7500  0.000e+00
     44.648     5.6832   3.161168    32.1821       1622     6.7542  0.000e+00
     44.426     5.6734   3.160589    32.1851       1623     6.7583  0.000e+00
     44.193     5.6645   3.161691    32.2061       1624     6.7625  0.000e+00
     43.936     5.6663   3.166760    32.2617       1625     6.7667  0.000e+00
     43.689     5.6908   3.167363    32.2451       1626     6.7708  0.000e+00
     43.435     5.7205   3.167022    32.2130       1627     6.7750  0.000e+00
     43.171     5.7423   3.166960    32.1916       1628     6.7792  0.000e+00
     42.920     5.7554   3.166838    32.1779       1629     6.7833  0.000e+00
     42.669     5.7631   3.166899    32.1714       1630     6.7875  0.000e+00
     42.438     5.7680   3.167039    32.1684       1631     6.7917  0.000e+00
     42.200     5.7718   3.167197    32.1667       1632     6.7958  0.000e+00
     41.974     5.7748   3.167258    32.1645       1633     6.8000  0.000e+00
     41.765     5.7772   3.167337    32.1633       1634     6.8042  0.000e+00
     41.566     5.7791   3.167362    32.1618       1635     6.8083  0.000e+00
     41.376     5.7804   3.167362    32.1607       1636     6.8125  0.000e+00
     41.196     5.7812   3.167380    32.1602       1637     6.8167  0.000e+00
     41.008     5.7820   3.167398    32.1598       1638     6.8208  0.000e+00
     40.827     5.7824   3.167441    32.1600       1639     6.8250  0.000e+00
     40.649     5.7830   3.167617    32.1615       1640     6.8292  0.000e+00
     40.462     5.7842   3.167818    32.1626       1641     6.8333  0.000e+00
     40.258     5.7862   3.168001    32.1629       1642     6.8375  0.000e+00
     40.051     5.7883   3.168343    32.1648       1643     6.8417  0.000e+00
     39.830     5.7914   3.168702    32.1661       1644     6.8458  0.000e+00
     39.608     5.7956   3.169385    32.1698       1645     6.8500  0.000e+00
     39.380     5.8016   3.169708    32.1679       1646     6.8542  0.000e+00
     39.140     5.8078   3.170067    32.1660       1647     6.8583  0.000e+00
     38.898     5.8136   3.170549    32.1661       1648     6.8625  0.000e+00
     38.659     5.8200   3.171311    32.1687       1649     6.8667  0.000e+00
     38.428     5.8286   3.175513    32.2078       1650     6.8708  0.000e+00
     38.211     5.8523   3.178692    32.2210       1651     6.8750  0.000e+00
