HB2403/sbe121.cnv
* Sea-Bird SBE 19plus V2 Data File:
* FileName = C:\cruise\data\sbe121.hex
* Software Version Seasave V 7.26.7.121
* Temperature SN = 6128
* Conductivity SN = 6128
* System UpLoad Time = Jun 12 2024 07:09:13
* NMEA Latitude = 42 45.25 N
* NMEA Longitude = 070 07.44 W
* NMEA UTC (Time) = Jun 12 2024  07:09:51
** Ship: Henry Bigelow
** Cruise:  HB2403
** Program:  ECOMON
# nquan = 7
# nvalues = 4068                                  
# units = specified
# name 0 = depSM: Depth [salt water, m]
# name 1 = tv290C: Temperature [ITS-90, deg C]
# name 2 = c0S/m: Conductivity [S/m]
# name 3 = sal00: Salinity, Practical [PSU]
# name 4 = scan: Scan Count
# name 5 = timeM: Time, Elapsed [minutes]
# name 6 = flag:  0.000e+00
# span 0 =     -0.045,    137.029                 
# span 1 =     5.2312,    16.1886                 
# span 2 =   0.000204,   3.972925                 
# span 3 =     0.0086,    33.0797                 
# span 4 =         11,       4078                 
# span 5 =     0.0417,    16.9875                 
# span 6 = 0.0000e+00, 0.0000e+00                 
# interval = seconds: 0.25
# start_time = Jun 12 2024 07:09:51 [NMEA time, header]
# bad_flag = -9.990e-29
*END*
[from data line 821]
     90.585     5.6686   3.161322    32.1752        832     3.4625  0.000e+00
     90.720     5.6688   3.161407    32.1759        833     3.4667  0.000e+00
     90.865     5.6693   3.161444    32.1758        834     3.4708  0.000e+00
     91.009     5.6695   3.161645    32.1778        835     3.4750  0.000e+00
     91.161     5.6701   3.161882    32.1798        836     3.4792  0.000e+00
     91.313     5.6711   3.162163    32.1819        837     3.4833  0.000e+00
     91.464     5.6722   3.162248    32.1818        838     3.4875  0.000e+00
     91.616     5.6730   3.162327    32.1819        839     3.4917  0.000e+00
     91.769     5.6738   3.162485    32.1828        840     3.4958  0.000e+00
     91.923     5.6745   3.162687    32.1843        841     3.5000  0.000e+00
     92.065     5.6757   3.162888    32.1854        842     3.5042  0.000e+00
     92.206     5.6768   3.163022    32.1858        843     3.5083  0.000e+00
     92.335     5.6776   3.163064    32.1854        844     3.5125  0.000e+00
     92.465     5.6784   3.163186    32.1860        845     3.5167  0.000e+00
     92.584     5.6790   3.163247    32.1860        846     3.5208  0.000e+00
     92.700     5.6795   3.163369    32.1869        847     3.5250  0.000e+00
     92.797     5.6801   3.163546    32.1882        848     3.5292  0.000e+00
     92.895     5.6807   3.163808    32.1905        849     3.5333  0.000e+00
     92.985     5.6818   3.163930    32.1908        850     3.5375  0.000e+00
     93.071     5.6827   3.164045    32.1912        851     3.5417  0.000e+00
     93.156     5.6836   3.164149    32.1915        852     3.5458  0.000e+00
     93.237     5.6842   3.164228    32.1918        853     3.5500  0.000e+00
     93.326     5.6846   3.164228    32.1913        854     3.5542  0.000e+00
     93.423     5.6848   3.164289    32.1918        855     3.5583  0.000e+00
     93.524     5.6849   3.164350    32.1924        856     3.5625  0.000e+00
     93.635     5.6853   3.164387    32.1924        857     3.5667  0.000e+00
     93.750     5.6856   3.164472    32.1929        858     3.5708  0.000e+00
     93.866     5.6860   3.164551    32.1934        859     3.5750  0.000e+00
     93.998     5.6864   3.164588    32.1934        860     3.5792  0.000e+00
     94.142     5.6868   3.164752    32.1947        861     3.5833  0.000e+00
     94.281     5.6876   3.164911    32.1958        862     3.5875  0.000e+00
     94.437     5.6885   3.165008    32.1958        863     3.5917  0.000e+00
     94.594     5.6892   3.165088    32.1960        864     3.5958  0.000e+00
     94.749     5.6899   3.165173    32.1962        865     3.6000  0.000e+00
     94.908     5.6902   3.165289    32.1972        866     3.6042  0.000e+00
     95.061     5.6908   3.165472    32.1986        867     3.6083  0.000e+00
     95.213     5.6914   3.165557    32.1989        868     3.6125  0.000e+00
     95.361     5.6922   3.165709    32.1998        869     3.6167  0.000e+00
     95.499     5.6927   3.165813    32.2004        870     3.6208  0.000e+00
     95.628     5.6933   3.165892    32.2007        871     3.6250  0.000e+00
     95.753     5.6939   3.165971    32.2009        872     3.6292  0.000e+00
     95.870     5.6941   3.166093    32.2020        873     3.6333  0.000e+00
     95.987     5.6948   3.166173    32.2022        874     3.6375  0.000e+00
     96.103     5.6952   3.166252    32.2027        875     3.6417  0.000e+00
     96.213     5.6954   3.166355    32.2036        876     3.6458  0.000e+00
     96.329     5.6960   3.166374    32.2032        877     3.6500  0.000e+00
     96.448     5.6964   3.166453    32.2036        878     3.6542  0.000e+00
     96.559     5.6966   3.166514    32.2041        879     3.6583  0.000e+00
     96.686     5.6968   3.166593    32.2047        880     3.6625  0.000e+00
     96.802     5.6971   3.166733    32.2059        881     3.6667  0.000e+00
     96.926     5.6976   3.166813    32.2063        882     3.6708  0.000e+00
     97.051     5.6982   3.167038    32.2082        883     3.6750  0.000e+00
     97.179     5.6987   3.167178    32.2093        884     3.6792  0.000e+00
     97.303     5.6994   3.167319    32.2101        885     3.6833  0.000e+00
     97.435     5.7001   3.167434    32.2107        886     3.6875  0.000e+00
     97.562     5.7006   3.167459    32.2103        887     3.6917  0.000e+00
     97.690     5.7010   3.167636    32.2119        888     3.6958  0.000e+00
     97.813     5.7016   3.167758    32.2127        889     3.7000  0.000e+00
     97.936     5.7023   3.167898    32.2135        890     3.7042  0.000e+00
     98.057     5.7029   3.167916    32.2131        891     3.7083  0.000e+00
     98.177     5.7032   3.168056    32.2143        892     3.7125  0.000e+00
     98.298     5.7036   3.168117    32.2146        893     3.7167  0.000e+00
     98.426     5.7039   3.168203    32.2152        894     3.7208  0.000e+00
     98.554     5.7043   3.168239    32.2152        895     3.7250  0.000e+00
     98.678     5.7041   3.168300    32.2159        896     3.7292  0.000e+00
     98.801     5.7041   3.168380    32.2168        897     3.7333  0.000e+00
     98.930     5.7041   3.168441    32.2174        898     3.7375  0.000e+00
     99.057     5.7040   3.168459    32.2177        899     3.7417  0.000e+00
     99.196     5.7041   3.168599    32.2191        900     3.7458  0.000e+00
     99.319     5.7044   3.168825    32.2213        901     3.7500  0.000e+00
     99.448     5.7049   3.169020    32.2230        902     3.7542  0.000e+00
     99.578     5.7055   3.169343    32.2259        903     3.7583  0.000e+00
     99.694     5.7065   3.169666    32.2286        904     3.7625  0.000e+00
     99.814     5.7078   3.169886    32.2297        905     3.7667  0.000e+00
     99.935     5.7092   3.170148    32.2312        906     3.7708  0.000e+00
    100.049     5.7106   3.170331    32.2320        907     3.7750  0.000e+00
    100.164     5.7120   3.170611    32.2337        908     3.7792  0.000e+00
    100.279     5.7134   3.170831    32.2348        909     3.7833  0.000e+00
    100.396     5.7148   3.171111    32.2366        910     3.7875  0.000e+00
    100.517     5.7164   3.171636    32.2408        911     3.7917  0.000e+00
    100.639     5.7190   3.172178    32.2444        912     3.7958  0.000e+00
    100.768     5.7220   3.172575    32.2460        913     3.8000  0.000e+00
    100.897     5.7251   3.172898    32.2466        914     3.8042  0.000e+00
    101.031     5.7280   3.173160    32.2467        915     3.8083  0.000e+00
    101.168     5.7305   3.173319    32.2460        916     3.8125  0.000e+00
    101.307     5.7327   3.173423    32.2450        917     3.8167  0.000e+00
    101.442     5.7341   3.173459    32.2441        918     3.8208  0.000e+00
    101.580     5.7352   3.173764    32.2464        919     3.8250  0.000e+00
    101.716     5.7364   3.173862    32.2462        920     3.8292  0.000e+00
    101.848     5.7374   3.174124    32.2481        921     3.8333  0.000e+00
    101.986     5.7385   3.174204    32.2480        922     3.8375  0.000e+00
    102.119     5.7396   3.174246    32.2473        923     3.8417  0.000e+00
    102.251     5.7402   3.174265    32.2468        924     3.8458  0.000e+00
    102.383     5.7407   3.174246    32.2461        925     3.8500  0.000e+00
    102.517     5.7409   3.174405    32.2477        926     3.8542  0.000e+00
    102.642     5.7415   3.174692    32.2503        927     3.8583  0.000e+00
    102.767     5.7424   3.174808    32.2506        928     3.8625  0.000e+00
    102.891     5.7436   3.175113    32.2528        929     3.8667  0.000e+00
    103.012     5.7450   3.175332    32.2539        930     3.8708  0.000e+00
    103.124     5.7467   3.175656    32.2558        931     3.8750  0.000e+00
    103.232     5.7488   3.176040    32.2581        932     3.8792  0.000e+00
    103.336     5.7513   3.176321    32.2589        933     3.8833  0.000e+00
    103.438     5.7536   3.176498    32.2586        934     3.8875  0.000e+00
    103.537     5.7557   3.176663    32.2584        935     3.8917  0.000e+00
    103.632     5.7574   3.176882    32.2592        936     3.8958  0.000e+00
    103.729     5.7591   3.177041    32.2593        937     3.9000  0.000e+00
    103.829     5.7608   3.177163    32.2590        938     3.9042  0.000e+00
    103.931     5.7620   3.177364    32.2601        939     3.9083  0.000e+00
    104.036     5.7634   3.177486    32.2600        940     3.9125  0.000e+00
    104.150     5.7648   3.177627    32.2602        941     3.9167  0.000e+00
    104.265     5.7659   3.177810    32.2612        942     3.9208  0.000e+00
    104.398     5.7672   3.178048    32.2626        943     3.9250  0.000e+00
    104.530     5.7686   3.178188    32.2628        944     3.9292  0.000e+00
    104.679     5.7698   3.178335    32.2631        945     3.9333  0.000e+00
    104.830     5.7707   3.178451    32.2635        946     3.9375  0.000e+00
    104.989     5.7717   3.178652    32.2648        947     3.9417  0.000e+00
    105.150     5.7726   3.178817    32.2656        948     3.9458  0.000e+00
    105.318     5.7736   3.179342    32.2705        949     3.9500  0.000e+00
    105.482     5.7748   3.180087    32.2776        950     3.9542  0.000e+00
    105.646     5.7772   3.181253    32.2884        951     3.9583  0.000e+00
    105.806     5.7801   3.182022    32.2942        952     3.9625  0.000e+00
    105.961     5.7835   3.182688    32.2984        953     3.9667  0.000e+00
    106.106     5.7867   3.183475    32.3041        954     3.9708  0.000e+00
    106.239     5.7894   3.184379    32.3116        955     3.9750  0.000e+00
    106.365     5.7920   3.185027    32.3163        956     3.9792  0.000e+00
    106.486     5.7939   3.185552    32.3203        957     3.9833  0.000e+00
    106.593     5.7956   3.185876    32.3223        958     3.9875  0.000e+00
    106.701     5.7964   3.186499    32.3285        959     3.9917  0.000e+00
    106.795     5.7974   3.187104    32.3343        960     3.9958  0.000e+00
    106.889     5.7987   3.187751    32.3402        961     4.0000  0.000e+00
    106.974     5.8001   3.188381    32.3460        962     4.0042  0.000e+00
    107.060     5.8022   3.189065    32.3516        963     4.0083  0.000e+00
    107.148     5.8048   3.189554    32.3545        964     4.0125  0.000e+00
    107.231     5.8076   3.190361    32.3609        965     4.0167  0.000e+00
    107.318     5.8104   3.191131    32.3668        966     4.0208  0.000e+00
    107.404     5.8136   3.191754    32.3708        967     4.0250  0.000e+00
    107.494     5.8166   3.192463    32.3757        968     4.0292  0.000e+00
    107.593     5.8198   3.193173    32.3806        969     4.0333  0.000e+00
    107.698     5.8231   3.193943    32.3860        970     4.0375  0.000e+00
    107.804     5.8266   3.194285    32.3865        971     4.0417  0.000e+00
    107.918     5.8296   3.194793    32.3893        972     4.0458  0.000e+00
    108.044     5.8321   3.195221    32.3916        973     4.0500  0.000e+00
    108.173     5.8346   3.195625    32.3937        974     4.0542  0.000e+00
    108.315     5.8370   3.195949    32.3950        975     4.0583  0.000e+00
    108.461     5.8391   3.196334    32.3972        976     4.0625  0.000e+00
    108.609     5.8411   3.196720    32.3996        977     4.0667  0.000e+00
    108.770     5.8430   3.196940    32.4001        978     4.0708  0.000e+00
    108.925     5.8447   3.197631    32.4061        979     4.0750  0.000e+00
    109.081     5.8468   3.198059    32.4089        980     4.0792  0.000e+00
    109.241     5.8490   3.198420    32.4107        981     4.0833  0.000e+00
    109.401     5.8512   3.198243    32.4066        982     4.0875  0.000e+00
    109.566     5.8527   3.198665    32.4098        983     4.0917  0.000e+00
    109.713     5.8541   3.199112    32.4134        984     4.0958  0.000e+00
    109.856     5.8558   3.199620    32.4174        985     4.1000  0.000e+00
    110.010     5.8578   3.200109    32.4209        986     4.1042  0.000e+00
    110.143     5.8597   3.200287    32.4210        987     4.1083  0.000e+00
    110.271     5.8614   3.200960    32.4269        988     4.1125  0.000e+00
    110.392     5.8628   3.201529    32.4319        989     4.1167  0.000e+00
    110.511     5.8644   3.201951    32.4350        990     4.1208  0.000e+00
    110.621     5.8661   3.202606    32.4406        991     4.1250  0.000e+00
    110.718     5.8680   3.202826    32.4413        992     4.1292  0.000e+00
    110.817     5.8694   3.203335    32.4455        993     4.1333  0.000e+00
    110.913     5.8710   3.203983    32.4512        994     4.1375  0.000e+00
    111.007     5.8733   3.204657    32.4566        995     4.1417  0.000e+00
    111.092     5.8758   3.205630    32.4650        996     4.1458  0.000e+00
    111.186     5.8797   3.207057    32.4772        997     4.1500  0.000e+00
    111.276     5.8855   3.208301    32.4856        998     4.1542  0.000e+00
    111.373     5.8928   3.211284    32.5120        999     4.1583  0.000e+00
    111.484     5.9044   3.213472    32.5254       1000     4.1625  0.000e+00
    111.595     5.9182   3.215899    32.5392       1001     4.1667  0.000e+00
    111.711     5.9334   3.218351    32.5521       1002     4.1708  0.000e+00
    111.837     5.9494   3.220682    32.5627       1003     4.1750  0.000e+00
    111.967     5.9660   3.222725    32.5696       1004     4.1792  0.000e+00
    112.108     5.9821   3.224038    32.5687       1005     4.1833  0.000e+00
    112.247     5.9960   3.225222    32.5686       1006     4.1875  0.000e+00
    112.393     6.0079   3.226511    32.5715       1007     4.1917  0.000e+00
    112.541     6.0187   3.227457    32.5716       1008     4.1958  0.000e+00
    112.691     6.0280   3.228506    32.5744       1009     4.2000  0.000e+00
    112.838     6.0370   3.229587    32.5777       1010     4.2042  0.000e+00
    112.986     6.0449   3.229341    32.5673       1011     4.2083  0.000e+00
    113.129     6.0503   3.230508    32.5751       1012     4.2125  0.000e+00
    113.271     6.0558   3.232443    32.5913       1013     4.2167  0.000e+00
    113.412     6.0641   3.233942    32.6000       1014     4.2208  0.000e+00
    113.551     6.0739   3.234495    32.5968       1015     4.2250  0.000e+00
    113.689     6.0824   3.234845    32.5925       1016     4.2292  0.000e+00
    113.829     6.0886   3.235195    32.5903       1017     4.2333  0.000e+00
    113.963     6.0931   3.235994    32.5949       1018     4.2375  0.000e+00
    114.088     6.0974   3.236160    32.5926       1019     4.2417  0.000e+00
    114.209     6.1015   3.236387    32.5910       1020     4.2458  0.000e+00
    114.325     6.1045   3.237248    32.5977       1021     4.2500  0.000e+00
    114.439     6.1082   3.237844    32.6007       1022     4.2542  0.000e+00
    114.541     6.1124   3.238361    32.6025       1023     4.2583  0.000e+00
    114.650     6.1165   3.238674    32.6019       1024     4.2625  0.000e+00
    114.753     6.1197   3.238809    32.6003       1025     4.2667  0.000e+00
    114.850     6.1222   3.239000    32.6000       1026     4.2708  0.000e+00
    114.948     6.1240   3.239221    32.6007       1027     4.2750  0.000e+00
    115.049     6.1259   3.239283    32.5996       1028     4.2792  0.000e+00
    115.148     6.1271   3.239412    32.5997       1029     4.2833  0.000e+00
    115.247     6.1281   3.239615    32.6010       1030     4.2875  0.000e+00
    115.350     6.1293   3.239848    32.6024       1031     4.2917  0.000e+00
    115.457     6.1308   3.240543    32.6086       1032     4.2958  0.000e+00
    115.559     6.1334   3.240931    32.6105       1033     4.3000  0.000e+00
    115.675     6.1366   3.241220    32.6105       1034     4.3042  0.000e+00
    115.786     6.1392   3.241675    32.6131       1035     4.3083  0.000e+00
