HB2403/sbe115.cnv
* Sea-Bird SBE 19plus V2 Data File:
* FileName = C:\cruise\data\sbe115.hex
* Software Version Seasave V 7.26.7.121
* Temperature SN = 6128
* Conductivity SN = 6128
* System UpLoad Time = Jun 11 2024 18:07:04
* NMEA Latitude = 43 05.91 N
* NMEA Longitude = 068 43.05 W
* NMEA UTC (Time) = Jun 11 2024  18:07:40
** Ship: Henry Bigelow
** Cruise:  HB2403
** Program:  ECOMON
# nquan = 7
# nvalues = 1706                                  
# units = specified
# name 0 = depSM: Depth [salt water, m]
# name 1 = tv290C: Temperature [ITS-90, deg C]
# name 2 = c0S/m: Conductivity [S/m]
# name 3 = sal00: Salinity, Practical [PSU]
# name 4 = scan: Scan Count
# name 5 = timeM: Time, Elapsed [minutes]
# name 6 = flag:  0.000e+00
# span 0 =      0.123,    174.051                 
# span 1 =     6.0976,    12.6202                 
# span 2 =   3.208254,   3.723177                 
# span 3 =    31.5372,    33.6797                 
# span 4 =         11,       1716                 
# span 5 =     0.0417,     7.1458                 
# span 6 = 0.0000e+00, 0.0000e+00                 
# interval = seconds: 0.25
# start_time = Jun 11 2024 18:07:40 [NMEA time, header]
# bad_flag = -9.990e-29
*END*
[from data line 1231]
    101.519     6.4834   3.303911    32.9801       1242     5.1708  0.000e+00
    101.297     6.4821   3.303539    32.9774       1243     5.1750  0.000e+00
    101.051     6.4805   3.303303    32.9765       1244     5.1792  0.000e+00
    100.838     6.4803   3.303514    32.9791       1245     5.1833  0.000e+00
    100.624     6.4839   3.303557    32.9761       1246     5.1875  0.000e+00
    100.400     6.4883   3.303074    32.9667       1247     5.1917  0.000e+00
    100.172     6.4908   3.302758    32.9609       1248     5.1958  0.000e+00
     99.959     6.4914   3.301953    32.9515       1249     5.2000  0.000e+00
     99.741     6.4902   3.301457    32.9473       1250     5.2042  0.000e+00
     99.526     6.4884   3.301048    32.9446       1251     5.2083  0.000e+00
     99.312     6.4859   3.300317    32.9390       1252     5.2125  0.000e+00
     99.095     6.4831   3.299896    32.9372       1253     5.2167  0.000e+00
     98.884     6.4802   3.299370    32.9342       1254     5.2208  0.000e+00
     98.683     6.4776   3.298379    32.9259       1255     5.2250  0.000e+00
     98.474     6.4744   3.297481    32.9192       1256     5.2292  0.000e+00
     98.270     6.4704   3.296807    32.9156       1257     5.2333  0.000e+00
     98.070     6.4664   3.296404    32.9151       1258     5.2375  0.000e+00
     97.874     6.4631   3.296051    32.9145       1259     5.2417  0.000e+00
     97.676     6.4603   3.295631    32.9127       1260     5.2458  0.000e+00
     97.477     6.4575   3.294937    32.9077       1261     5.2500  0.000e+00
     97.276     6.4547   3.293743    32.8974       1262     5.2542  0.000e+00
     97.085     6.4505   3.292437    32.8870       1263     5.2583  0.000e+00
     96.885     6.4447   3.290847    32.8751       1264     5.2625  0.000e+00
     96.693     6.4379   3.290384    32.8765       1265     5.2667  0.000e+00
     96.498     6.4322   3.290068    32.8787       1266     5.2708  0.000e+00
     96.306     6.4280   3.289771    32.8795       1267     5.2750  0.000e+00
     96.109     6.4251   3.289400    32.8783       1268     5.2792  0.000e+00
     95.912     6.4224   3.288942    32.8759       1269     5.2833  0.000e+00
     95.703     6.4200   3.288584    32.8743       1270     5.2875  0.000e+00
     95.489     6.4177   3.288219    32.8726       1271     5.2917  0.000e+00
     95.284     6.4157   3.287477    32.8664       1272     5.2958  0.000e+00
     95.067     6.4129   3.286240    32.8555       1273     5.3000  0.000e+00
     94.842     6.4087   3.285987    32.8568       1274     5.3042  0.000e+00
     94.625     6.4051   3.285912    32.8596       1275     5.3083  0.000e+00
     94.400     6.4028   3.285881    32.8616       1276     5.3125  0.000e+00
     94.168     6.4013   3.285863    32.8629       1277     5.3167  0.000e+00
     93.939     6.4004   3.285795    32.8632       1278     5.3208  0.000e+00
     93.706     6.3999   3.285609    32.8617       1279     5.3250  0.000e+00
     93.471     6.3992   3.285213    32.8581       1280     5.3292  0.000e+00
     93.227     6.3980   3.285046    32.8575       1281     5.3333  0.000e+00
     92.998     6.3966   3.284960    32.8580       1282     5.3375  0.000e+00
     92.761     6.3955   3.284923    32.8588       1283     5.3417  0.000e+00
     92.510     6.3948   3.284855    32.8588       1284     5.3458  0.000e+00
     92.282     6.3944   3.284836    32.8592       1285     5.3500  0.000e+00
     92.062     6.3938   3.284719    32.8585       1286     5.3542  0.000e+00
     91.849     6.3935   3.284626    32.8579       1287     5.3583  0.000e+00
     91.645     6.3927   3.284502    32.8573       1288     5.3625  0.000e+00
     91.447     6.3922   3.284545    32.8585       1289     5.3667  0.000e+00
     91.260     6.3920   3.284539    32.8586       1290     5.3708  0.000e+00
     91.075     6.3918   3.284502    32.8585       1291     5.3750  0.000e+00
     90.907     6.3918   3.284459    32.8581       1292     5.3792  0.000e+00
     90.729     6.3915   3.284335    32.8571       1293     5.3833  0.000e+00
     90.559     6.3912   3.284180    32.8558       1294     5.3875  0.000e+00
     90.380     6.3904   3.284143    32.8562       1295     5.3917  0.000e+00
     90.201     6.3899   3.283853    32.8535       1296     5.3958  0.000e+00
     90.013     6.3890   3.283581    32.8515       1297     5.4000  0.000e+00
     89.811     6.3879   3.283568    32.8526       1298     5.4042  0.000e+00
     89.596     6.3870   3.283414    32.8518       1299     5.4083  0.000e+00
     89.377     6.3863   3.283352    32.8519       1300     5.4125  0.000e+00
     89.157     6.3855   3.283123    32.8502       1301     5.4167  0.000e+00
     88.933     6.3848   3.282709    32.8464       1302     5.4208  0.000e+00
     88.700     6.3835   3.282282    32.8430       1303     5.4250  0.000e+00
     88.468     6.3818   3.281973    32.8413       1304     5.4292  0.000e+00
     88.229     6.3801   3.281844    32.8417       1305     5.4333  0.000e+00
     87.996     6.3787   3.281498    32.8393       1306     5.4375  0.000e+00
     87.755     6.3773   3.281034    32.8357       1307     5.4417  0.000e+00
     87.517     6.3754   3.280657    32.8334       1308     5.4458  0.000e+00
     87.280     6.3733   3.280490    32.8336       1309     5.4500  0.000e+00
     87.056     6.3716   3.280391    32.8343       1310     5.4542  0.000e+00
     86.833     6.3701   3.280218    32.8340       1311     5.4583  0.000e+00
     86.606     6.3690   3.279965    32.8323       1312     5.4625  0.000e+00
     86.402     6.3678   3.279650    32.8301       1313     5.4667  0.000e+00
     86.189     6.3665   3.279397    32.8286       1314     5.4708  0.000e+00
     85.990     6.3649   3.279044    32.8263       1315     5.4750  0.000e+00
     85.795     6.3631   3.277735    32.8136       1316     5.4792  0.000e+00
     85.605     6.3598   3.277068    32.8095       1317     5.4833  0.000e+00
     85.423     6.3561   3.276802    32.8102       1318     5.4875  0.000e+00
     85.242     6.3530   3.276543    32.8104       1319     5.4917  0.000e+00
     85.069     6.3504   3.276419    32.8116       1320     5.4958  0.000e+00
     84.893     6.3489   3.276166    32.8103       1321     5.5000  0.000e+00
     84.716     6.3475   3.276129    32.8114       1322     5.5042  0.000e+00
     84.532     6.3465   3.275796    32.8087       1323     5.5083  0.000e+00
     84.346     6.3454   3.275376    32.8052       1324     5.5125  0.000e+00
     84.149     6.3439   3.274770    32.8001       1325     5.5167  0.000e+00
     83.936     6.3417   3.274209    32.7960       1326     5.5208  0.000e+00
     83.718     6.3394   3.273480    32.7902       1327     5.5250  0.000e+00
     83.486     6.3368   3.273128    32.7890       1328     5.5292  0.000e+00
     83.256     6.3343   3.272980    32.7898       1329     5.5333  0.000e+00
     83.011     6.3327   3.272782    32.7893       1330     5.5375  0.000e+00
     82.753     6.3315   3.272628    32.7888       1331     5.5417  0.000e+00
     82.508     6.3305   3.272418    32.7876       1332     5.5458  0.000e+00
     82.251     6.3294   3.272227    32.7867       1333     5.5500  0.000e+00
     82.004     6.3281   3.271980    32.7853       1334     5.5542  0.000e+00
     81.761     6.3266   3.271653    32.7832       1335     5.5583  0.000e+00
     81.517     6.3252   3.271498    32.7829       1336     5.5625  0.000e+00
     81.295     6.3237   3.271233    32.7815       1337     5.5667  0.000e+00
     81.084     6.3224   3.270961    32.7799       1338     5.5708  0.000e+00
     80.880     6.3211   3.270683    32.7782       1339     5.5750  0.000e+00
     80.685     6.3198   3.270375    32.7761       1340     5.5792  0.000e+00
     80.497     6.3188   3.270023    32.7733       1341     5.5833  0.000e+00
     80.311     6.3178   3.269313    32.7664       1342     5.5875  0.000e+00
     80.130     6.3163   3.268357    32.7573       1343     5.5917  0.000e+00
     79.942     6.3139   3.267740    32.7528       1344     5.5958  0.000e+00
     79.764     6.3112   3.267364    32.7513       1345     5.6000  0.000e+00
     79.571     6.3090   3.267129    32.7510       1346     5.6042  0.000e+00
     79.376     6.3073   3.267006    32.7513       1347     5.6083  0.000e+00
     79.183     6.3062   3.266753    32.7496       1348     5.6125  0.000e+00
     78.989     6.3051   3.265945    32.7418       1349     5.6167  0.000e+00
     78.789     6.3037   3.265260    32.7357       1350     5.6208  0.000e+00
     78.589     6.3020   3.264804    32.7323       1351     5.6250  0.000e+00
     78.381     6.3008   3.264243    32.7273       1352     5.6292  0.000e+00
     78.173     6.2994   3.263398    32.7194       1353     5.6333  0.000e+00
     77.982     6.2970   3.262479    32.7116       1354     5.6375  0.000e+00
     77.776     6.2949   3.262233    32.7110       1355     5.6417  0.000e+00
     77.568     6.2938   3.262270    32.7125       1356     5.6458  0.000e+00
     77.364     6.2937   3.262270    32.7127       1357     5.6500  0.000e+00
     77.150     6.2938   3.262251    32.7125       1358     5.6542  0.000e+00
     76.941     6.2940   3.262146    32.7113       1359     5.6583  0.000e+00
     76.707     6.2940   3.262103    32.7109       1360     5.6625  0.000e+00
     76.477     6.2939   3.261671    32.7063       1361     5.6667  0.000e+00
     76.238     6.2933   3.261523    32.7053       1362     5.6708  0.000e+00
     76.007     6.2923   3.261344    32.7044       1363     5.6750  0.000e+00
     75.757     6.2912   3.261258    32.7047       1364     5.6792  0.000e+00
     75.510     6.2906   3.261320    32.7061       1365     5.6833  0.000e+00
     75.274     6.2901   3.261258    32.7060       1366     5.6875  0.000e+00
     75.037     6.2900   3.261172    32.7052       1367     5.6917  0.000e+00
     74.804     6.2895   3.261171    32.7058       1368     5.6958  0.000e+00
     74.576     6.2890   3.260863    32.7030       1369     5.7000  0.000e+00
     74.357     6.2887   3.260863    32.7034       1370     5.7042  0.000e+00
     74.153     6.2883   3.260795    32.7031       1371     5.7083  0.000e+00
     73.944     6.2881   3.260734    32.7028       1372     5.7125  0.000e+00
     73.744     6.2876   3.260635    32.7022       1373     5.7167  0.000e+00
     73.548     6.2872   3.260407    32.7002       1374     5.7208  0.000e+00
     73.368     6.2867   3.260240    32.6989       1375     5.7250  0.000e+00
     73.191     6.2859   3.260216    32.6994       1376     5.7292  0.000e+00
     73.017     6.2855   3.260154    32.6992       1377     5.7333  0.000e+00
     72.835     6.2851   3.259593    32.6935       1378     5.7375  0.000e+00
     72.661     6.2841   3.259531    32.6938       1379     5.7417  0.000e+00
     72.484     6.2830   3.259531    32.6950       1380     5.7458  0.000e+00
     72.313     6.2826   3.259328    32.6931       1381     5.7500  0.000e+00
     72.112     6.2820   3.259198    32.6924       1382     5.7542  0.000e+00
     71.906     6.2815   3.259081    32.6917       1383     5.7583  0.000e+00
     71.691     6.2810   3.258872    32.6900       1384     5.7625  0.000e+00
     71.480     6.2803   3.258847    32.6904       1385     5.7667  0.000e+00
     71.254     6.2799   3.258785    32.6902       1386     5.7708  0.000e+00
     71.026     6.2795   3.258680    32.6896       1387     5.7750  0.000e+00
     70.787     6.2793   3.258668    32.6897       1388     5.7792  0.000e+00
     70.546     6.2790   3.258600    32.6894       1389     5.7833  0.000e+00
     70.311     6.2786   3.258557    32.6894       1390     5.7875  0.000e+00
     70.073     6.2785   3.258477    32.6887       1391     5.7917  0.000e+00
     69.840     6.2780   3.258101    32.6851       1392     5.7958  0.000e+00
     69.614     6.2774   3.257959    32.6843       1393     5.8000  0.000e+00
     69.401     6.2767   3.257768    32.6829       1394     5.8042  0.000e+00
     69.184     6.2759   3.257645    32.6824       1395     5.8083  0.000e+00
     68.971     6.2752   3.257583    32.6825       1396     5.8125  0.000e+00
     68.772     6.2748   3.257565    32.6828       1397     5.8167  0.000e+00
     68.579     6.2744   3.257583    32.6835       1398     5.8208  0.000e+00
     68.384     6.2738   3.257312    32.6811       1399     5.8250  0.000e+00
     68.187     6.2735   3.257250    32.6809       1400     5.8292  0.000e+00
     67.999     6.2730   3.257213    32.6810       1401     5.8333  0.000e+00
     67.797     6.2723   3.257084    32.6803       1402     5.8375  0.000e+00
     67.605     6.2719   3.257065    32.6806       1403     5.8417  0.000e+00
     67.411     6.2715   3.257090    32.6814       1404     5.8458  0.000e+00
     67.199     6.2714   3.257084    32.6815       1405     5.8500  0.000e+00
     66.999     6.2714   3.257083    32.6816       1406     5.8542  0.000e+00
     66.790     6.2714   3.256695    32.6774       1407     5.8583  0.000e+00
     66.587     6.2706   3.255389    32.6637       1408     5.8625  0.000e+00
     66.373     6.2672   3.255278    32.6658       1409     5.8667  0.000e+00
     66.168     6.2640   3.254933    32.6651       1410     5.8708  0.000e+00
     65.962     6.2607   3.254976    32.6690       1411     5.8750  0.000e+00
     65.761     6.2584   3.254477    32.6657       1412     5.8792  0.000e+00
     65.559     6.2561   3.253917    32.6618       1413     5.8833  0.000e+00
     65.347     6.2531   3.253843    32.6639       1414     5.8875  0.000e+00
     65.138     6.2509   3.253837    32.6661       1415     5.8917  0.000e+00
     64.929     6.2491   3.253381    32.6628       1416     5.8958  0.000e+00
     64.714     6.2475   3.252759    32.6575       1417     5.9000  0.000e+00
     64.488     6.2447   3.253301    32.6664       1418     5.9042  0.000e+00
     64.262     6.2435   3.253073    32.6651       1419     5.9083  0.000e+00
     64.024     6.2426   3.252057    32.6548       1420     5.9125  0.000e+00
     63.786     6.2396   3.251891    32.6560       1421     5.9167  0.000e+00
     63.550     6.2366   3.251724    32.6571       1422     5.9208  0.000e+00
     63.313     6.2340   3.251496    32.6571       1423     5.9250  0.000e+00
     63.074     6.2319   3.250899    32.6526       1424     5.9292  0.000e+00
     62.840     6.2284   3.247138    32.6142       1425     5.9333  0.000e+00
     62.614     6.2174   3.245194    32.6032       1426     5.9375  0.000e+00
     62.397     6.2044   3.244401    32.6070       1427     5.9417  0.000e+00
     62.183     6.1960   3.244111    32.6119       1428     5.9458  0.000e+00
     61.972     6.1917   3.243884    32.6136       1429     5.9500  0.000e+00
     61.775     6.1887   3.243509    32.6124       1430     5.9542  0.000e+00
     61.576     6.1869   3.242893    32.6074       1431     5.9583  0.000e+00
     61.385     6.1843   3.241528    32.5948       1432     5.9625  0.000e+00
     61.199     6.1806   3.239929    32.5806       1433     5.9667  0.000e+00
     61.009     6.1750   3.238282    32.5677       1434     5.9708  0.000e+00
     60.818     6.1678   3.236942    32.5597       1435     5.9750  0.000e+00
     60.633     6.1601   3.234434    32.5392       1436     5.9792  0.000e+00
     60.445     6.1510   3.234207    32.5456       1437     5.9833  0.000e+00
     60.261     6.1445   3.234582    32.5561       1438     5.9875  0.000e+00
     60.069     6.1424   3.234785    32.5604       1439     5.9917  0.000e+00
     59.876     6.1427   3.234268    32.5544       1440     5.9958  0.000e+00
     59.690     6.1437   3.232628    32.5353       1441     6.0000  0.000e+00
     59.493     6.1411   3.230392    32.5130       1442     6.0042  0.000e+00
     59.294     6.1325   3.229490    32.5113       1443     6.0083  0.000e+00
     59.098     6.1227   3.228876    32.5139       1444     6.0125  0.000e+00
     58.889     6.1144   3.228667    32.5195       1445     6.0167  0.000e+00
