HB2403/sbe108.cnv
* Sea-Bird SBE 19plus V2 Data File:
* FileName = C:\cruise\data\sbe108.hex
* Software Version Seasave V 7.26.7.121
* Temperature SN = 6128
* Conductivity SN = 6128
* System UpLoad Time = Jun 11 2024 04:25:10
* NMEA Latitude = 43 55.69 N
* NMEA Longitude = 067 48.17 W
* NMEA UTC (Time) = Jun 11 2024  04:25:47
** Ship: Henry Bigelow
** Cruise:  HB2403
** Program:  ECOMON
# nquan = 7
# nvalues = 3912                                  
# units = specified
# name 0 = depSM: Depth [salt water, m]
# name 1 = tv290C: Temperature [ITS-90, deg C]
# name 2 = c0S/m: Conductivity [S/m]
# name 3 = sal00: Salinity, Practical [PSU]
# name 4 = scan: Scan Count
# name 5 = timeM: Time, Elapsed [minutes]
# name 6 = flag:  0.000e+00
# span 0 =     -0.308,    176.469                 
# span 1 =     5.2214,    12.4011                 
# span 2 =   0.001004,   3.669811                 
# span 3 =     0.0106,    33.9331                 
# span 4 =         11,       3922                 
# span 5 =     0.0417,    16.3375                 
# span 6 = 0.0000e+00, 0.0000e+00                 
# interval = seconds: 0.25
# start_time = Jun 11 2024 04:25:47 [NMEA time, header]
# bad_flag = -9.990e-29
*END*
[from data line 1642]
    145.394     7.2036   3.411136    33.4400       1653     6.8833  0.000e+00
    145.331     7.1991   3.412447    33.4586       1654     6.8875  0.000e+00
    145.264     7.1994   3.411682    33.4501       1655     6.8917  0.000e+00
    145.197     7.1984   3.410590    33.4392       1656     6.8958  0.000e+00
    145.141     7.1944   3.409129    33.4271       1657     6.9000  0.000e+00
    145.078     7.1891   3.408301    33.4233       1658     6.9042  0.000e+00
    145.020     7.1829   3.407674    33.4225       1659     6.9083  0.000e+00
    144.976     7.1774   3.409411    33.4467       1660     6.9125  0.000e+00
    144.924     7.1765   3.408815    33.4412       1661     6.9167  0.000e+00
    144.868     7.1764   3.408671    33.4397       1662     6.9208  0.000e+00
    144.815     7.1752   3.408257    33.4364       1663     6.9250  0.000e+00
    144.757     7.1737   3.407843    33.4334       1664     6.9292  0.000e+00
    144.697     7.1713   3.407122    33.4278       1665     6.9333  0.000e+00
    144.623     7.1680   3.406658    33.4260       1666     6.9375  0.000e+00
    144.550     7.1642   3.406250    33.4252       1667     6.9417  0.000e+00
    144.469     7.1607   3.405586    33.4215       1668     6.9458  0.000e+00
    144.379     7.1568   3.405943    33.4292       1669     6.9500  0.000e+00
    144.292     7.1548   3.405542    33.4268       1670     6.9542  0.000e+00
    144.194     7.1528   3.404351    33.4158       1671     6.9583  0.000e+00
    144.102     7.1482   3.403367    33.4095       1672     6.9625  0.000e+00
    144.012     7.1414   3.404132    33.4245       1673     6.9667  0.000e+00
    143.919     7.1387   3.404809    33.4345       1674     6.9708  0.000e+00
    143.843     7.1381   3.400309    33.3861       1675     6.9750  0.000e+00
    143.769     7.1297   3.402019    33.4129       1676     6.9792  0.000e+00
    143.705     7.1244   3.401794    33.4156       1677     6.9833  0.000e+00
    143.645     7.1218   3.400102    33.3997       1678     6.9875  0.000e+00
    143.593     7.1167   3.402107    33.4266       1679     6.9917  0.000e+00
    143.553     7.1169   3.403198    33.4382       1680     6.9958  0.000e+00
    143.504     7.1215   3.405354    33.4573       1681     7.0000  0.000e+00
    143.472     7.1305   3.406576    33.4620       1682     7.0042  0.000e+00
    143.441     7.1410   3.407636    33.4633       1683     7.0083  0.000e+00
    143.403     7.1507   3.407404    33.4515       1684     7.0125  0.000e+00
    143.366     7.1569   3.407097    33.4421       1685     7.0167  0.000e+00
    143.328     7.1590   3.406225    33.4306       1686     7.0208  0.000e+00
    143.281     7.1580   3.405504    33.4237       1687     7.0250  0.000e+00
    143.231     7.1548   3.404426    33.4151       1688     7.0292  0.000e+00
    143.173     7.1500   3.403435    33.4090       1689     7.0333  0.000e+00
    143.109     7.1438   3.403266    33.4131       1690     7.0375  0.000e+00
    143.037     7.1388   3.402170    33.4061       1691     7.0417  0.000e+00
    142.957     7.1333   3.402126    33.4110       1692     7.0458  0.000e+00
    142.875     7.1281   3.399124    33.3833       1693     7.0500  0.000e+00
    142.787     7.1188   3.400647    33.4090       1694     7.0542  0.000e+00
    142.693     7.1146   3.400365    33.4100       1695     7.0583  0.000e+00
    142.597     7.1134   3.401060    33.4188       1696     7.0625  0.000e+00
    142.509     7.1117   3.395736    33.3624       1697     7.0667  0.000e+00
    142.404     7.1001   3.394296    33.3580       1698     7.0708  0.000e+00
    142.308     7.0847   3.394108    33.3708       1699     7.0750  0.000e+00
    142.214     7.0739   3.394083    33.3811       1700     7.0792  0.000e+00
    142.136     7.0675   3.393820    33.3844       1701     7.0833  0.000e+00
    142.049     7.0630   3.393670    33.3871       1702     7.0875  0.000e+00
    141.973     7.0605   3.394215    33.3955       1703     7.0917  0.000e+00
    141.908     7.0597   3.392950    33.3825       1704     7.0958  0.000e+00
    141.844     7.0567   3.393307    33.3894       1705     7.1000  0.000e+00
    141.790     7.0548   3.393257    33.3907       1706     7.1042  0.000e+00
    141.734     7.0538   3.393157    33.3906       1707     7.1083  0.000e+00
    141.688     7.0528   3.392643    33.3859       1708     7.1125  0.000e+00
    141.637     7.0513   3.392518    33.3862       1709     7.1167  0.000e+00
    141.591     7.0493   3.392437    33.3872       1710     7.1208  0.000e+00
    141.546     7.0478   3.391955    33.3833       1711     7.1250  0.000e+00
    141.493     7.0457   3.391754    33.3833       1712     7.1292  0.000e+00
    141.439     7.0436   3.391391    33.3814       1713     7.1333  0.000e+00
    141.374     7.0411   3.391924    33.3896       1714     7.1375  0.000e+00
    141.304     7.0407   3.390935    33.3792       1715     7.1417  0.000e+00
    141.224     7.0388   3.390415    33.3754       1716     7.1458  0.000e+00
    141.146     7.0345   3.390653    33.3822       1717     7.1500  0.000e+00
    141.063     7.0323   3.391116    33.3894       1718     7.1542  0.000e+00
    140.976     7.0328   3.390953    33.3872       1719     7.1583  0.000e+00
    140.893     7.0335   3.390891    33.3859       1720     7.1625  0.000e+00
    140.812     7.0331   3.390434    33.3814       1721     7.1667  0.000e+00
    140.728     7.0319   3.390208    33.3800       1722     7.1708  0.000e+00
    140.648     7.0300   3.390090    33.3807       1723     7.1750  0.000e+00
    140.571     7.0282   3.390503    33.3869       1724     7.1792  0.000e+00
    140.495     7.0280   3.389501    33.3762       1725     7.1833  0.000e+00
    140.422     7.0238   3.383315    33.3127       1726     7.1875  0.000e+00
    140.346     7.0058   3.383671    33.3341       1727     7.1917  0.000e+00
    140.271     6.9902   3.384366    33.3567       1728     7.1958  0.000e+00
    140.195     6.9838   3.386968    33.3915       1729     7.2000  0.000e+00
    140.126     6.9875   3.387287    33.3914       1730     7.2042  0.000e+00
    140.056     6.9933   3.387312    33.3861       1731     7.2083  0.000e+00
    139.974     6.9974   3.386811    33.3767       1732     7.2125  0.000e+00
    139.895     6.9986   3.387180    33.3796       1733     7.2167  0.000e+00
    139.813     6.9994   3.387243    33.3796       1734     7.2208  0.000e+00
    139.737     7.0005   3.387268    33.3788       1735     7.2250  0.000e+00
    139.660     7.0012   3.387142    33.3768       1736     7.2292  0.000e+00
    139.576     7.0012   3.387311    33.3787       1737     7.2333  0.000e+00
    139.502     7.0021   3.388319    33.3889       1738     7.2375  0.000e+00
    139.428     7.0051   3.388350    33.3864       1739     7.2417  0.000e+00
    139.356     7.0075   3.388462    33.3853       1740     7.2458  0.000e+00
    139.287     7.0096   3.387718    33.3752       1741     7.2500  0.000e+00
    139.220     7.0090   3.387249    33.3706       1742     7.2542  0.000e+00
    139.161     7.0069   3.386892    33.3688       1743     7.2583  0.000e+00
    139.099     7.0040   3.386079    33.3627       1744     7.2625  0.000e+00
    139.034     6.9990   3.383027    33.3342       1745     7.2667  0.000e+00
    138.981     6.9875   3.380732    33.3203       1746     7.2708  0.000e+00
    138.920     6.9728   3.380357    33.3304       1747     7.2750  0.000e+00
    138.857     6.9608   3.381033    33.3495       1748     7.2792  0.000e+00
    138.792     6.9545   3.381202    33.3574       1749     7.2833  0.000e+00
    138.728     6.9521   3.378095    33.3258       1750     7.2875  0.000e+00
    138.652     6.9435   3.375883    33.3099       1751     7.2917  0.000e+00
    138.572     6.9293   3.375027    33.3143       1752     7.2958  0.000e+00
    138.495     6.9167   3.374790    33.3239       1753     7.3000  0.000e+00
    138.404     6.9079   3.374696    33.3315       1754     7.3042  0.000e+00
    138.303     6.9027   3.374665    33.3362       1755     7.3083  0.000e+00
    138.200     6.8997   3.374528    33.3377       1756     7.3125  0.000e+00
    138.096     6.8976   3.374384    33.3382       1757     7.3167  0.000e+00
    137.988     6.8960   3.374303    33.3389       1758     7.3208  0.000e+00
    137.887     6.8947   3.374340    33.3407       1759     7.3250  0.000e+00
    137.784     6.8940   3.374103    33.3388       1760     7.3292  0.000e+00
    137.681     6.8930   3.373884    33.3374       1761     7.3333  0.000e+00
    137.590     6.8916   3.373978    33.3398       1762     7.3375  0.000e+00
    137.507     6.8908   3.373822    33.3389       1763     7.3417  0.000e+00
    137.424     6.8901   3.373934    33.3409       1764     7.3458  0.000e+00
    137.350     6.8898   3.373972    33.3416       1765     7.3500  0.000e+00
    137.277     6.8899   3.374040    33.3422       1766     7.3542  0.000e+00
    137.209     6.8905   3.373972    33.3410       1767     7.3583  0.000e+00
    137.144     6.8903   3.373915    33.3405       1768     7.3625  0.000e+00
    137.080     6.8901   3.373884    33.3404       1769     7.3667  0.000e+00
    137.013     6.8899   3.374040    33.3424       1770     7.3708  0.000e+00
    136.952     6.8902   3.373928    33.3409       1771     7.3750  0.000e+00
    136.881     6.8903   3.373996    33.3416       1772     7.3792  0.000e+00
    136.811     6.8902   3.373928    33.3410       1773     7.3833  0.000e+00
    136.738     6.8898   3.373915    33.3413       1774     7.3875  0.000e+00
    136.666     6.8898   3.373884    33.3409       1775     7.3917  0.000e+00
    136.590     6.8896   3.373734    33.3395       1776     7.3958  0.000e+00
    136.510     6.8891   3.373753    33.3403       1777     7.4000  0.000e+00
    136.430     6.8888   3.373821    33.3414       1778     7.4042  0.000e+00
    136.369     6.8888   3.373934    33.3426       1779     7.4083  0.000e+00
    136.287     6.8893   3.373928    33.3421       1780     7.4125  0.000e+00
    136.217     6.8897   3.373834    33.3407       1781     7.4167  0.000e+00
    136.150     6.8897   3.373821    33.3406       1782     7.4208  0.000e+00
    136.082     6.8895   3.373853    33.3412       1783     7.4250  0.000e+00
    136.017     6.8893   3.373821    33.3410       1784     7.4292  0.000e+00
    135.950     6.8894   3.373852    33.3413       1785     7.4333  0.000e+00
    135.876     6.8894   3.373927    33.3422       1786     7.4375  0.000e+00
    135.794     6.8899   3.374077    33.3434       1787     7.4417  0.000e+00
    135.704     6.8903   3.374165    33.3440       1788     7.4458  0.000e+00
    135.611     6.8913   3.374302    33.3446       1789     7.4500  0.000e+00
    135.510     6.8923   3.374077    33.3412       1790     7.4542  0.000e+00
    135.409     6.8924   3.374102    33.3415       1791     7.4583  0.000e+00
    135.302     6.8923   3.373971    33.3402       1792     7.4625  0.000e+00
    135.192     6.8918   3.374040    33.3415       1793     7.4667  0.000e+00
    135.085     6.8915   3.373802    33.3391       1794     7.4708  0.000e+00
    134.986     6.8904   3.370205    33.3008       1795     7.4750  0.000e+00
    134.885     6.8805   3.367527    33.2811       1796     7.4792  0.000e+00
    134.801     6.8640   3.367246    33.2940       1797     7.4833  0.000e+00
    134.723     6.8507   3.366504    33.2988       1798     7.4875  0.000e+00
    134.644     6.8409   3.366541    33.3087       1799     7.4917  0.000e+00
    134.575     6.8347   3.366485    33.3142       1800     7.4958  0.000e+00
    134.514     6.8311   3.366473    33.3175       1801     7.5000  0.000e+00
    134.454     6.8291   3.366504    33.3199       1802     7.5042  0.000e+00
    134.396     6.8280   3.366473    33.3206       1803     7.5083  0.000e+00
    134.345     6.8275   3.366485    33.3213       1804     7.5125  0.000e+00
    134.291     6.8272   3.366410    33.3207       1805     7.5167  0.000e+00
    134.239     6.8269   3.366423    33.3212       1806     7.5208  0.000e+00
    134.180     6.8267   3.366429    33.3215       1807     7.5250  0.000e+00
    134.122     6.8266   3.366423    33.3215       1808     7.5292  0.000e+00
    134.061     6.8265   3.366279    33.3201       1809     7.5333  0.000e+00
    133.999     6.8262   3.366173    33.3193       1810     7.5375  0.000e+00
    133.936     6.8255   3.366017    33.3183       1811     7.5417  0.000e+00
    133.865     6.8248   3.366154    33.3205       1812     7.5458  0.000e+00
    133.788     6.8244   3.365973    33.3189       1813     7.5500  0.000e+00
    133.711     6.8238   3.365979    33.3196       1814     7.5542  0.000e+00
    133.635     6.8234   3.365792    33.3179       1815     7.5583  0.000e+00
    133.556     6.8224   3.364713    33.3071       1816     7.5625  0.000e+00
    133.473     6.8189   3.364644    33.3098       1817     7.5667  0.000e+00
    133.388     6.8158   3.363870    33.3043       1818     7.5708  0.000e+00
    133.301     6.8123   3.364912    33.3192       1819     7.5750  0.000e+00
    133.225     6.8117   3.365505    33.3263       1820     7.5792  0.000e+00
    133.136     6.8142   3.364975    33.3181       1821     7.5833  0.000e+00
    133.057     6.8149   3.364794    33.3155       1822     7.5875  0.000e+00
    132.973     6.8144   3.364432    33.3121       1823     7.5917  0.000e+00
    132.894     6.8130   3.364606    33.3154       1824     7.5958  0.000e+00
    132.811     6.8120   3.364369    33.3138       1825     7.6000  0.000e+00
    132.731     6.8113   3.364419    33.3150       1826     7.6042  0.000e+00
    132.654     6.8108   3.364213    33.3133       1827     7.6083  0.000e+00
    132.583     6.8100   3.363034    33.3012       1828     7.6125  0.000e+00
    132.505     6.8064   3.363421    33.3090       1829     7.6167  0.000e+00
    132.440     6.8039   3.362909    33.3058       1830     7.6208  0.000e+00
    132.371     6.8017   3.361936    33.2973       1831     7.6250  0.000e+00
    132.310     6.7975   3.361381    33.2952       1832     7.6292  0.000e+00
    132.250     6.7928   3.361444    33.3005       1833     7.6333  0.000e+00
    132.192     6.7897   3.361662    33.3059       1834     7.6375  0.000e+00
    132.138     6.7884   3.361687    33.3075       1835     7.6417  0.000e+00
    132.089     6.7882   3.361936    33.3105       1836     7.6458  0.000e+00
    132.035     6.7888   3.361974    33.3104       1837     7.6500  0.000e+00
    131.983     6.7893   3.361830    33.3083       1838     7.6542  0.000e+00
    131.932     6.7893   3.361749    33.3074       1839     7.6583  0.000e+00
    131.876     6.7890   3.361787    33.3082       1840     7.6625  0.000e+00
    131.818     6.7892   3.362342    33.3141       1841     7.6667  0.000e+00
    131.747     6.7901   3.361487    33.3038       1842     7.6708  0.000e+00
    131.671     6.7894   3.360651    33.2954       1843     7.6750  0.000e+00
    131.604     6.7866   3.361400    33.3063       1844     7.6792  0.000e+00
    131.525     6.7856   3.360608    33.2987       1845     7.6833  0.000e+00
    131.454     6.7833   3.360870    33.3038       1846     7.6875  0.000e+00
    131.378     6.7821   3.360714    33.3033       1847     7.6917  0.000e+00
    131.305     6.7814   3.360807    33.3051       1848     7.6958  0.000e+00
    131.232     6.7810   3.360820    33.3056       1849     7.7000  0.000e+00
    131.163     6.7809   3.360626    33.3036       1850     7.7042  0.000e+00
    131.094     6.7804   3.360695    33.3049       1851     7.7083  0.000e+00
    131.024     6.7800   3.359579    33.2931       1852     7.7125  0.000e+00
    130.957     6.7768   3.358849    33.2881       1853     7.7167  0.000e+00
    130.879     6.7721   3.358674    33.2908       1854     7.7208  0.000e+00
    130.805     6.7671   3.356667    33.2736       1855     7.7250  0.000e+00
    130.733     6.7593   3.356467    33.2790       1856     7.7292  0.000e+00
