HB2403/sbe112.cnv
* Sea-Bird SBE 19plus V2 Data File:
* FileName = C:\cruise\data\sbe112.hex
* Software Version Seasave V 7.26.7.121
* Temperature SN = 6128
* Conductivity SN = 6128
* System UpLoad Time = Jun 11 2024 15:56:53
* NMEA Latitude = 43 12.60 N
* NMEA Longitude = 068 27.74 W
* NMEA UTC (Time) = Jun 11 2024  15:57:30
** Ship: Henry Bigelow
** Cruise:  HB2403
** Program:  ECOMON
# nquan = 7
# nvalues = 4475                                  
# units = specified
# name 0 = depSM: Depth [salt water, m]
# name 1 = tv290C: Temperature [ITS-90, deg C]
# name 2 = c0S/m: Conductivity [S/m]
# name 3 = sal00: Salinity, Practical [PSU]
# name 4 = scan: Scan Count
# name 5 = timeM: Time, Elapsed [minutes]
# name 6 = flag:  0.000e+00
# span 0 =      0.000,    185.696                 
# span 1 =     5.7385,    15.8707                 
# span 2 =   0.000243,   3.938242                 
# span 3 =     0.0085,    33.7614                 
# span 4 =         11,       4485                 
# span 5 =     0.0417,    18.6833                 
# span 6 = 0.0000e+00, 0.0000e+00                 
# interval = seconds: 0.25
# start_time = Jun 11 2024 15:57:30 [NMEA time, header]
# bad_flag = -9.990e-29
*END*
[from data line 3693]
     39.627     6.0448   3.185932    32.1183       3704    15.4292  0.000e+00
     39.606     6.0454   3.185932    32.1178       3705    15.4333  0.000e+00
     39.588     6.0458   3.185932    32.1174       3706    15.4375  0.000e+00
     39.575     6.0458   3.185932    32.1174       3707    15.4417  0.000e+00
     39.560     6.0459   3.185932    32.1173       3708    15.4458  0.000e+00
     39.544     6.0459   3.185975    32.1178       3709    15.4500  0.000e+00
     39.518     6.0461   3.185975    32.1176       3710    15.4542  0.000e+00
     39.497     6.0461   3.185975    32.1176       3711    15.4583  0.000e+00
     39.456     6.0464   3.185950    32.1171       3712    15.4625  0.000e+00
     39.411     6.0465   3.186115    32.1188       3713    15.4667  0.000e+00
     39.356     6.0469   3.186213    32.1196       3714    15.4708  0.000e+00
     39.289     6.0478   3.186133    32.1179       3715    15.4750  0.000e+00
     39.219     6.0483   3.186298    32.1193       3716    15.4792  0.000e+00
     39.144     6.0492   3.186335    32.1189       3717    15.4833  0.000e+00
     39.065     6.0500   3.186439    32.1193       3718    15.4875  0.000e+00
     38.982     6.0513   3.186500    32.1188       3719    15.4917  0.000e+00
     38.909     6.0528   3.186640    32.1189       3720    15.4958  0.000e+00
     38.833     6.0547   3.187166    32.1231       3721    15.5000  0.000e+00
     38.761     6.0584   3.187550    32.1239       3722    15.5042  0.000e+00
     38.698     6.0631   3.187630    32.1203       3723    15.5083  0.000e+00
     38.645     6.0671   3.187666    32.1170       3724    15.5125  0.000e+00
     38.595     6.0701   3.187831    32.1161       3725    15.5167  0.000e+00
     38.558     6.0724   3.188033    32.1161       3726    15.5208  0.000e+00
     38.522     6.0754   3.188393    32.1173       3727    15.5250  0.000e+00
     38.493     6.0788   3.188821    32.1189       3728    15.5292  0.000e+00
     38.470     6.0832   3.189065    32.1175       3729    15.5333  0.000e+00
     38.450     6.0868   3.189267    32.1163       3730    15.5375  0.000e+00
     38.430     6.0902   3.189505    32.1157       3731    15.5417  0.000e+00
     38.408     6.0932   3.189731    32.1155       3732    15.5458  0.000e+00
     38.390     6.0962   3.189933    32.1149       3733    15.5500  0.000e+00
     38.367     6.0987   3.190178    32.1152       3734    15.5542  0.000e+00
     38.337     6.1016   3.190520    32.1163       3735    15.5583  0.000e+00
     38.305     6.1050   3.191247    32.1212       3736    15.5625  0.000e+00
     38.262     6.1102   3.191974    32.1244       3737    15.5667  0.000e+00
     38.216     6.1174   3.192402    32.1224       3738    15.5708  0.000e+00
     38.158     6.1246   3.192928    32.1214       3739    15.5750  0.000e+00
     38.107     6.1320   3.193698    32.1231       3740    15.5792  0.000e+00
     38.046     6.1399   3.194933    32.1293       3741    15.5833  0.000e+00
     37.982     6.1507   3.197887    32.1521       3742    15.5875  0.000e+00
     37.913     6.1699   3.201093    32.1696       3743    15.5917  0.000e+00
     37.850     6.1964   3.203315    32.1692       3744    15.5958  0.000e+00
     37.785     6.2236   3.203957    32.1507       3745    15.6000  0.000e+00
     37.718     6.2448   3.205665    32.1496       3746    15.6042  0.000e+00
     37.653     6.2665   3.209088    32.1672       3747    15.6083  0.000e+00
     37.591     6.2965   3.211349    32.1640       3748    15.6125  0.000e+00
     37.526     6.3290   3.212384    32.1447       3749    15.6167  0.000e+00
     37.466     6.3549   3.213199    32.1294       3750    15.6208  0.000e+00
     37.407     6.3744   3.214406    32.1244       3751    15.6250  0.000e+00
     37.351     6.3911   3.215914    32.1254       3752    15.6292  0.000e+00
     37.297     6.4073   3.218182    32.1352       3753    15.6333  0.000e+00
     37.250     6.4282   3.222145    32.1594       3754    15.6375  0.000e+00
     37.208     6.4625   3.225685    32.1661       3755    15.6417  0.000e+00
     37.174     6.5014   3.229859    32.1756       3756    15.6458  0.000e+00
     37.136     6.5420   3.232205    32.1633       3757    15.6500  0.000e+00
     37.096     6.5801   3.232844    32.1345       3758    15.6542  0.000e+00
     37.062     6.6076   3.233353    32.1143       3759    15.6583  0.000e+00
     37.029     6.6252   3.234097    32.1060       3760    15.6625  0.000e+00
     36.996     6.6383   3.234361    32.0966       3761    15.6667  0.000e+00
     36.964     6.6472   3.234446    32.0892       3762    15.6708  0.000e+00
     36.913     6.6531   3.234557    32.0849       3763    15.6750  0.000e+00
     36.872     6.6567   3.234956    32.0859       3764    15.6792  0.000e+00
     36.827     6.6601   3.235534    32.0891       3765    15.6833  0.000e+00
     36.767     6.6647   3.236105    32.0911       3766    15.6875  0.000e+00
     36.722     6.6702   3.236560    32.0910       3767    15.6917  0.000e+00
     36.671     6.6761   3.238970    32.1120       3768    15.6958  0.000e+00
     36.613     6.6883   3.241478    32.1281       3769    15.7000  0.000e+00
     36.553     6.7073   3.243003    32.1270       3770    15.7042  0.000e+00
     36.496     6.7268   3.244448    32.1246       3771    15.7083  0.000e+00
     36.441     6.7450   3.245722    32.1215       3772    15.7125  0.000e+00
     36.381     6.7629   3.246921    32.1179       3773    15.7167  0.000e+00
     36.324     6.7796   3.248054    32.1148       3774    15.7208  0.000e+00
     36.268     6.7954   3.249315    32.1138       3775    15.7250  0.000e+00
     36.211     6.8111   3.250534    32.1125       3776    15.7292  0.000e+00
     36.159     6.8265   3.251611    32.1099       3777    15.7333  0.000e+00
     36.103     6.8410   3.252664    32.1079       3778    15.7375  0.000e+00
     36.049     6.8546   3.253674    32.1063       3779    15.7417  0.000e+00
     35.998     6.8673   3.254708    32.1057       3780    15.7458  0.000e+00
     35.943     6.8794   3.255786    32.1062       3781    15.7500  0.000e+00
     35.896     6.8915   3.256562    32.1034       3782    15.7542  0.000e+00
     35.855     6.9024   3.257135    32.0995       3783    15.7583  0.000e+00
     35.809     6.9118   3.258065    32.1009       3784    15.7625  0.000e+00
     35.764     6.9214   3.259039    32.1026       3785    15.7667  0.000e+00
     35.722     6.9316   3.259328    32.0963       3786    15.7708  0.000e+00
     35.682     6.9398   3.259476    32.0902       3787    15.7750  0.000e+00
     35.639     6.9457   3.260197    32.0926       3788    15.7792  0.000e+00
     35.599     6.9525   3.261090    32.0960       3789    15.7833  0.000e+00
     35.559     6.9606   3.261670    32.0949       3790    15.7875  0.000e+00
     35.510     6.9690   3.262502    32.0961       3791    15.7917  0.000e+00
     35.467     6.9780   3.263236    32.0957       3792    15.7958  0.000e+00
     35.422     6.9876   3.263747    32.0923       3793    15.8000  0.000e+00
     35.377     6.9958   3.264037    32.0879       3794    15.8042  0.000e+00
     35.331     7.0025   3.264203    32.0835       3795    15.8083  0.000e+00
     35.289     7.0076   3.264327    32.0800       3796    15.8125  0.000e+00
     35.244     7.0111   3.264481    32.0786       3797    15.8167  0.000e+00
     35.197     7.0141   3.264764    32.0789       3798    15.8208  0.000e+00
     35.157     7.0174   3.265177    32.0803       3799    15.8250  0.000e+00
     35.107     7.0218   3.265677    32.0817       3800    15.8292  0.000e+00
     35.069     7.0265   3.266072    32.0815       3801    15.8333  0.000e+00
     35.020     7.0319   3.267262    32.0895       3802    15.8375  0.000e+00
     34.975     7.0405   3.270939    32.1216       3803    15.8417  0.000e+00
     34.926     7.0594   3.274686    32.1447       3804    15.8458  0.000e+00
     34.881     7.0878   3.276309    32.1359       3805    15.8500  0.000e+00
     34.823     7.1145   3.277272    32.1215       3806    15.8542  0.000e+00
     34.776     7.1358   3.278353    32.1135       3807    15.8583  0.000e+00
     34.723     7.1533   3.279063    32.1049       3808    15.8625  0.000e+00
     34.669     7.1684   3.279526    32.0959       3809    15.8667  0.000e+00
     34.620     7.1795   3.279810    32.0887       3810    15.8708  0.000e+00
     34.564     7.1877   3.280193    32.0853       3811    15.8750  0.000e+00
     34.508     7.1943   3.280335    32.0807       3812    15.8792  0.000e+00
     34.455     7.1991   3.280527    32.0784       3813    15.8833  0.000e+00
     34.403     7.2029   3.280780    32.0776       3814    15.8875  0.000e+00
     34.354     7.2069   3.281212    32.0786       3815    15.8917  0.000e+00
     34.298     7.2114   3.281447    32.0770       3816    15.8958  0.000e+00
     34.247     7.2155   3.281737    32.0763       3817    15.9000  0.000e+00
     34.200     7.2192   3.282108    32.0769       3818    15.9042  0.000e+00
     34.156     7.2231   3.282361    32.0761       3819    15.9083  0.000e+00
     34.115     7.2270   3.282887    32.0782       3820    15.9125  0.000e+00
     34.073     7.2317   3.283344    32.0788       3821    15.9167  0.000e+00
     34.037     7.2371   3.283579    32.0763       3822    15.9208  0.000e+00
     34.000     7.2418   3.283782    32.0742       3823    15.9250  0.000e+00
     33.968     7.2455   3.283974    32.0729       3824    15.9292  0.000e+00
     33.939     7.2487   3.284203    32.0724       3825    15.9333  0.000e+00
     33.905     7.2515   3.284376    32.0717       3826    15.9375  0.000e+00
     33.878     7.2542   3.284747    32.0732       3827    15.9417  0.000e+00
     33.838     7.2574   3.285000    32.0730       3828    15.9458  0.000e+00
     33.800     7.2606   3.285352    32.0738       3829    15.9500  0.000e+00
     33.758     7.2643   3.285921    32.0766       3830    15.9542  0.000e+00
     33.711     7.2696   3.286354    32.0764       3831    15.9583  0.000e+00
     33.664     7.2749   3.286650    32.0747       3832    15.9625  0.000e+00
     33.608     7.2797   3.286935    32.0733       3833    15.9667  0.000e+00
     33.556     7.2839   3.287238    32.0727       3834    15.9708  0.000e+00
     33.503     7.2881   3.287843    32.0755       3835    15.9750  0.000e+00
     33.452     7.2936   3.288301    32.0753       3836    15.9792  0.000e+00
     33.396     7.2995   3.288647    32.0736       3837    15.9833  0.000e+00
     33.344     7.3050   3.288888    32.0711       3838    15.9875  0.000e+00
     33.300     7.3095   3.289055    32.0688       3839    15.9917  0.000e+00
     33.253     7.3133   3.289661    32.0718       3840    15.9958  0.000e+00
     33.210     7.3186   3.292847    32.1013       3841    16.0000  0.000e+00
     33.177     7.3356   3.294320    32.1015       3842    16.0042  0.000e+00
     33.134     7.3584   3.300429    32.1464       3843    16.0083  0.000e+00
     33.097     7.3982   3.301507    32.1211       3844    16.0125  0.000e+00
     33.074     7.4348   3.297785    32.0471       3845    16.0167  0.000e+00
     33.041     7.4395   3.297741    32.0423       3846    16.0208  0.000e+00
     33.009     7.4386   3.296646    32.0314       3847    16.0250  0.000e+00
     32.978     7.4345   3.294139    32.0082       3848    16.0292  0.000e+00
     32.945     7.4226   3.308477    32.1737       3849    16.0333  0.000e+00
     32.909     7.4664   3.307671    32.1244       3850    16.0375  0.000e+00
     32.869     7.5151   3.309989    32.1043       3851    16.0417  0.000e+00
     32.822     7.5482   3.306957    32.0412       3852    16.0458  0.000e+00
     32.778     7.5566   3.304683    32.0091       3853    16.0500  0.000e+00
     32.728     7.5457   3.301387    31.9838       3854    16.0542  0.000e+00
     32.672     7.5236   3.303648    32.0284       3855    16.0583  0.000e+00
     32.615     7.5158   3.306579    32.0671       3856    16.0625  0.000e+00
     32.554     7.5299   3.312717    32.1201       3857    16.0667  0.000e+00
     32.497     7.5613   3.310391    32.0661       3858    16.0708  0.000e+00
     32.432     7.5841   3.314447    32.0887       3859    16.0750  0.000e+00
     32.376     7.6094   3.315892    32.0809       3860    16.0792  0.000e+00
     32.318     7.6349   3.317573    32.0754       3861    16.0833  0.000e+00
     32.259     7.6583   3.317535    32.0534       3862    16.0875  0.000e+00
     32.199     7.6749   3.317858    32.0416       3863    16.0917  0.000e+00
     32.155     7.6848   3.318484    32.0393       3864    16.0958  0.000e+00
     32.108     7.6936   3.319037    32.0371       3865    16.1000  0.000e+00
     32.067     7.7018   3.319589    32.0355       3866    16.1042  0.000e+00
     32.034     7.7092   3.319502    32.0277       3867    16.1083  0.000e+00
     32.009     7.7141   3.319545    32.0237       3868    16.1125  0.000e+00
     31.976     7.7173   3.319868    32.0243       3869    16.1167  0.000e+00
     31.951     7.7198   3.319545    32.0186       3870    16.1208  0.000e+00
     31.922     7.7202   3.319545    32.0182       3871    16.1250  0.000e+00
     31.898     7.7199   3.319465    32.0176       3872    16.1292  0.000e+00
     31.878     7.7193   3.319477    32.0183       3873    16.1333  0.000e+00
     31.854     7.7189   3.319415    32.0180       3874    16.1375  0.000e+00
     31.825     7.7183   3.319806    32.0228       3875    16.1417  0.000e+00
     31.795     7.7195   3.319880    32.0225       3876    16.1458  0.000e+00
     31.762     7.7214   3.320265    32.0248       3877    16.1500  0.000e+00
     31.719     7.7242   3.320408    32.0238       3878    16.1542  0.000e+00
     31.680     7.7270   3.320582    32.0231       3879    16.1583  0.000e+00
     31.635     7.7293   3.320836    32.0237       3880    16.1625  0.000e+00
     31.577     7.7321   3.320693    32.0197       3881    16.1667  0.000e+00
     31.521     7.7336   3.321153    32.0232       3882    16.1708  0.000e+00
     31.461     7.7358   3.321320    32.0230       3883    16.1750  0.000e+00
     31.397     7.7388   3.321941    32.0270       3884    16.1792  0.000e+00
     31.325     7.7435   3.322848    32.0323       3885    16.1833  0.000e+00
     31.256     7.7512   3.323692    32.0343       3886    16.1875  0.000e+00
     31.184     7.7606   3.324139    32.0305       3887    16.1917  0.000e+00
     31.119     7.7684   3.323971    32.0216       3888    16.1958  0.000e+00
     31.049     7.7736   3.324095    32.0182       3889    16.2000  0.000e+00
     30.990     7.7768   3.325095    32.0259       3890    16.2042  0.000e+00
     30.942     7.7823   3.325288    32.0229       3891    16.2083  0.000e+00
     30.894     7.7888   3.325362    32.0178       3892    16.2125  0.000e+00
     30.857     7.7930   3.325685    32.0174       3893    16.2167  0.000e+00
     30.821     7.7966   3.326194    32.0195       3894    16.2208  0.000e+00
     30.788     7.8017   3.326635    32.0196       3895    16.2250  0.000e+00
     30.765     7.8067   3.326809    32.0169       3896    16.2292  0.000e+00
     30.737     7.8111   3.326995    32.0148       3897    16.2333  0.000e+00
     30.714     7.8148   3.327256    32.0142       3898    16.2375  0.000e+00
     30.690     7.8182   3.327492    32.0136       3899    16.2417  0.000e+00
     30.657     7.8212   3.327561    32.0116       3900    16.2458  0.000e+00
     30.625     7.8241   3.328045    32.0142       3901    16.2500  0.000e+00
     30.589     7.8276   3.329083    32.0220       3902    16.2542  0.000e+00
     30.545     7.8346   3.330487    32.0306       3903    16.2583  0.000e+00
     30.500     7.8470   3.331164    32.0265       3904    16.2625  0.000e+00
     30.446     7.8581   3.331487    32.0197       3905    16.2667  0.000e+00
     30.390     7.8678   3.334484    32.0428       3906    16.2708  0.000e+00
     30.334     7.8856   3.335186    32.0340       3907    16.2750  0.000e+00
