HB2403/sbe119.cnv
* Sea-Bird SBE 19plus V2 Data File:
* FileName = C:\cruise\data\sbe119.hex
* Software Version Seasave V 7.26.7.121
* Temperature SN = 6128
* Conductivity SN = 6128
* System UpLoad Time = Jun 12 2024 05:13:17
* NMEA Latitude = 42 52.78 N
* NMEA Longitude = 069 52.54 W
* NMEA UTC (Time) = Jun 12 2024  05:13:55
** Ship: Henry Bigelow
** Cruise:  HB2403
** Program:  ECOMON
# nquan = 7
# nvalues = 4690                                  
# units = specified
# name 0 = depSM: Depth [salt water, m]
# name 1 = tv290C: Temperature [ITS-90, deg C]
# name 2 = c0S/m: Conductivity [S/m]
# name 3 = sal00: Salinity, Practical [PSU]
# name 4 = scan: Scan Count
# name 5 = timeM: Time, Elapsed [minutes]
# name 6 = flag:  0.000e+00
# span 0 =     -0.261,    201.061                 
# span 1 =     4.9633,    16.7659                 
# span 2 =   0.000162,   4.040948                 
# span 3 =     0.0085,    34.1247                 
# span 4 =         11,       4700                 
# span 5 =     0.0417,    19.5792                 
# span 6 = 0.0000e+00, 0.0000e+00                 
# interval = seconds: 0.25
# start_time = Jun 12 2024 05:13:55 [NMEA time, header]
# bad_flag = -9.990e-29
*END*
[from data line 206]
     12.250    15.4325   3.946150    31.5142        217     0.9000  0.000e+00
     12.374    15.3823   3.946876    31.5609        218     0.9042  0.000e+00
     12.486    15.3307   3.952917    31.6562        219     0.9083  0.000e+00
     12.596    15.3016   3.960293    31.7455        220     0.9125  0.000e+00
     12.715    15.2926   3.968275    31.8241        221     0.9167  0.000e+00
     12.827    15.2929   3.972888    31.8650        222     0.9208  0.000e+00
     12.941    15.2960   3.974115    31.8734        223     0.9250  0.000e+00
     13.055    15.3012   3.975916    31.8852        224     0.9292  0.000e+00
     13.185    15.3075   3.978144    31.9000        225     0.9333  0.000e+00
     13.319    15.3147   3.981180    31.9212        226     0.9375  0.000e+00
     13.449    15.3226   3.983983    31.9398        227     0.9417  0.000e+00
     13.595    15.3311   3.984931    31.9413        228     0.9458  0.000e+00
     13.741    15.3414   3.984197    31.9263        229     0.9500  0.000e+00
     13.898    15.3517   3.982501    31.9027        230     0.9542  0.000e+00
     14.055    15.3602   3.980445    31.8775        231     0.9583  0.000e+00
     14.220    15.3667   3.976843    31.8399        232     0.9625  0.000e+00
     14.380    15.3704   3.971227    31.7868        233     0.9667  0.000e+00
     14.546    15.3766   3.964136    31.7185        234     0.9708  0.000e+00
     14.703    15.3652   3.956897    31.6631        235     0.9750  0.000e+00
     14.862    15.2151   3.950125    31.7237        236     0.9792  0.000e+00
     15.007    14.9413   3.939211    31.8481        237     0.9833  0.000e+00
     15.148    14.6690   3.926186    31.9533        238     0.9875  0.000e+00
     15.281    14.4344   3.915524    32.0497        239     0.9917  0.000e+00
     15.413    14.2443   3.907860    32.1373        240     0.9958  0.000e+00
     15.532    14.0859   3.903941    32.2335        241     1.0000  0.000e+00
     15.651    13.9630   3.902579    32.3240        242     1.0042  0.000e+00
     15.768    13.8726   3.902342    32.3978        243     1.0083  0.000e+00
     15.879    13.8066   3.913179    32.5540        244     1.0125  0.000e+00
     15.991    13.7780   3.936369    32.7936        245     1.0167  0.000e+00
     16.108    13.7877   3.952499    32.9350        246     1.0208  0.000e+00
     16.214    13.7959   3.965576    33.0494        247     1.0250  0.000e+00
     16.326    13.8119   3.977764    33.1488        248     1.0292  0.000e+00
     16.442    13.8631   3.984050    33.1629        249     1.0333  0.000e+00
     16.559    13.9764   3.987354    33.0958        250     1.0375  0.000e+00
     16.678    14.1352   3.988467    32.9697        251     1.0417  0.000e+00
     16.805    14.3058   3.988418    32.8238        252     1.0458  0.000e+00
     16.942    14.4653   3.988222    32.6869        253     1.0500  0.000e+00
     17.083    14.6060   3.987513    32.5621        254     1.0542  0.000e+00
     17.223    14.7156   3.986109    32.4576        255     1.0583  0.000e+00
     17.373    14.7874   3.982043    32.3608        256     1.0625  0.000e+00
     17.525    14.8127   3.977538    32.2990        257     1.0667  0.000e+00
     17.677    14.8111   3.972376    32.2535        258     1.0708  0.000e+00
     17.837    14.8089   3.968683    32.2218        259     1.0750  0.000e+00
     17.989    14.8110   3.962919    32.1679        260     1.0792  0.000e+00
     18.144    14.7973   3.955848    32.1152        261     1.0833  0.000e+00
     18.293    14.6912   3.951071    32.1594        262     1.0875  0.000e+00
     18.447    14.5323   3.948957    32.2720        263     1.0917  0.000e+00
     18.595    14.4214   3.949737    32.3716        264     1.0958  0.000e+00
     18.736    14.2707   3.950364    32.5036        265     1.1000  0.000e+00
     18.884    14.1421   3.950093    32.6095        266     1.1042  0.000e+00
     19.019    14.0477   3.949835    32.6871        267     1.1083  0.000e+00
     19.158    13.9725   3.950162    32.7541        268     1.1125  0.000e+00
     19.288    13.9073   3.952565    32.8318        269     1.1167  0.000e+00
     19.415    13.8614   3.956426    32.9068        270     1.1208  0.000e+00
     19.539    13.8445   3.960641    32.9604        271     1.1250  0.000e+00
     19.664    13.8562   3.963931    32.9809        272     1.1292  0.000e+00
     19.781    13.8833   3.966803    32.9841        273     1.1333  0.000e+00
     19.899    13.9153   3.970775    32.9934        274     1.1375  0.000e+00
     20.018    13.9494   3.974328    32.9970        275     1.1417  0.000e+00
     20.139    13.9835   3.978831    33.0093        276     1.1458  0.000e+00
     20.255    14.0330   3.982220    32.9982        277     1.1500  0.000e+00
     20.381    14.1364   3.983694    32.9232        278     1.1542  0.000e+00
     20.504    14.3189   3.983785    32.7687        279     1.1583  0.000e+00
     20.638    14.5515   3.983142    32.5666        280     1.1625  0.000e+00
     20.773    14.7877   3.982351    32.3621        281     1.1667  0.000e+00
     20.910    14.9911   3.981708    32.1879        282     1.1708  0.000e+00
     21.046    15.1466   3.981112    32.0548        283     1.1750  0.000e+00
     21.188    15.2562   3.980163    31.9568        284     1.1792  0.000e+00
     21.338    15.3211   3.977793    31.8827        285     1.1833  0.000e+00
     21.477    15.3447   3.974144    31.8310        286     1.1875  0.000e+00
     21.616    15.3429   3.969077    31.7871        287     1.1917  0.000e+00
     21.764    15.3440   3.966032    31.7590        288     1.1958  0.000e+00
     21.905    15.3583   3.963573    31.7255        289     1.2000  0.000e+00
     22.051    15.3416   3.960316    31.7099        290     1.2042  0.000e+00
     22.187    15.2091   3.956882    31.7863        291     1.2083  0.000e+00
     22.331    15.0503   3.954927    31.8978        292     1.2125  0.000e+00
     22.470    14.8006   3.954884    32.1021        293     1.2167  0.000e+00
     22.602    14.5075   3.957950    32.3730        294     1.2208  0.000e+00
     22.733    14.3757   3.950398    32.4142        295     1.2250  0.000e+00
     22.871    14.2493   3.409173    27.6095        296     1.2292  0.000e+00
     23.008    12.7863   3.256588    27.2674        297     1.2333  0.000e+00
     23.143    10.6214   3.238241    28.7217        298     1.2375  0.000e+00
     23.279     9.0659   3.230449    29.9069        299     1.2417  0.000e+00
     23.415     8.1054   3.225295    30.6763        300     1.2458  0.000e+00
     23.555     7.5364   3.221497    31.1398        301     1.2500  0.000e+00
     23.694     7.1999   3.218066    31.4066        302     1.2542  0.000e+00
     23.826     6.9973   3.213458    31.5415        303     1.2583  0.000e+00
     23.969     6.8629   3.206126    31.5849        304     1.2625  0.000e+00
     24.111     6.7516   3.198672    31.6059        305     1.2667  0.000e+00
     24.256     6.6505   3.192417    31.6306        306     1.2708  0.000e+00
     24.396     6.5608   3.186081    31.6439        307     1.2750  0.000e+00
     24.543     6.4800   3.181446    31.6678        308     1.2792  0.000e+00
     24.684     6.4083   3.175503    31.6686        309     1.2833  0.000e+00
     24.814     6.3405   3.169996    31.6708        310     1.2875  0.000e+00
     24.960     6.2738   3.165828    31.6866        311     1.2917  0.000e+00
     25.095     6.2145   3.164159    31.7234        312     1.2958  0.000e+00
     25.230     6.1694   3.162783    31.7501        313     1.3000  0.000e+00
     25.366     6.1361   3.162960    31.7832        314     1.3042  0.000e+00
     25.501     6.1153   3.161322    31.7844        315     1.3083  0.000e+00
     25.644     6.0970   3.160396    31.7912        316     1.3125  0.000e+00
     25.790     6.0810   3.159020    31.7908        317     1.3167  0.000e+00
     25.938     6.0663   3.157718    31.7900        318     1.3208  0.000e+00
     26.090     6.0520   3.156482    31.7895        319     1.3250  0.000e+00
     26.243     6.0393   3.155922    31.7951        320     1.3292  0.000e+00
     26.398     6.0277   3.153209    31.7757        321     1.3333  0.000e+00
     26.561     6.0109   3.149894    31.7544        322     1.3375  0.000e+00
     26.714     5.9855   3.145875    31.7333        323     1.3417  0.000e+00
     26.875     5.9533   3.139969    31.6974        324     1.3458  0.000e+00
     27.032     5.9098   3.135129    31.6840        325     1.3500  0.000e+00
     27.191     5.8602   3.132932    31.7058        326     1.3542  0.000e+00
     27.346     5.8167   3.131737    31.7332        327     1.3583  0.000e+00
     27.501     5.7825   3.129505    31.7403        328     1.3625  0.000e+00
     27.653     5.7521   3.129050    31.7637        329     1.3667  0.000e+00
     27.808     5.7286   3.128177    31.7759        330     1.3708  0.000e+00
     27.954     5.7107   3.127310    31.7830        331     1.3750  0.000e+00
     28.097     5.6965   3.127268    31.7959        332     1.3792  0.000e+00
     28.237     5.6865   3.127310    31.8057        333     1.3833  0.000e+00
     28.371     5.6807   3.127583    31.8142        334     1.3875  0.000e+00
     28.505     5.6779   3.126935    31.8095        335     1.3917  0.000e+00
     28.632     5.6744   3.125255    31.7938        336     1.3958  0.000e+00
     28.757     5.6657   3.124145    31.7894        337     1.4000  0.000e+00
     28.885     5.6536   3.122769    31.7853        338     1.4042  0.000e+00
     29.013     5.6397   3.123261    31.8039        339     1.4083  0.000e+00
     29.140     5.6303   3.125080    31.8332        340     1.4125  0.000e+00
     29.268     5.6298   3.126086    31.8450        341     1.4167  0.000e+00
     29.411     5.6343   3.127530    31.8570        342     1.4208  0.000e+00
     29.552     5.6425   3.130156    31.8787        343     1.4250  0.000e+00
     29.700     5.6560   3.131230    31.8779        344     1.4292  0.000e+00
     29.854     5.6686   3.131145    31.8650        345     1.4333  0.000e+00
     30.015     5.6756   3.131363    31.8607        346     1.4375  0.000e+00
     30.175     5.6795   3.131145    31.8545        347     1.4417  0.000e+00
     30.343     5.6811   3.130751    31.8485        348     1.4458  0.000e+00
     30.515     5.6799   3.130132    31.8425        349     1.4500  0.000e+00
     30.686     5.6764   3.129483    31.8385        350     1.4542  0.000e+00
     30.856     5.6705   3.127687    31.8238        351     1.4583  0.000e+00
     31.026     5.6604   3.126972    31.8252        352     1.4625  0.000e+00
     31.192     5.6497   3.126202    31.8265        353     1.4667  0.000e+00
     31.352     5.6399   3.125214    31.8246        354     1.4708  0.000e+00
     31.511     5.6302   3.125080    31.8322        355     1.4750  0.000e+00
     31.665     5.6231   3.125002    31.8380        356     1.4792  0.000e+00
     31.815     5.6188   3.124729    31.8389        357     1.4833  0.000e+00
     31.959     5.6155   3.123438    31.8274        358     1.4875  0.000e+00
     32.096     5.6077   3.118214    31.7757        359     1.4917  0.000e+00
     32.237     5.5834   3.116300    31.7771        360     1.4958  0.000e+00
     32.366     5.5542   3.113351    31.7712        361     1.5000  0.000e+00
     32.502     5.5245   3.112643    31.7913        362     1.5042  0.000e+00
     32.633     5.4998   3.112208    31.8097        363     1.5083  0.000e+00
     32.767     5.4821   3.112075    31.8249        364     1.5125  0.000e+00
     32.892     5.4707   3.111821    31.8328        365     1.5167  0.000e+00
     33.024     5.4629   3.111718    31.8389        366     1.5208  0.000e+00
     33.156     5.4574   3.111349    31.8399        367     1.5250  0.000e+00
     33.290     5.4523   3.111288    31.8440        368     1.5292  0.000e+00
     33.418     5.4486   3.110901    31.8430        369     1.5333  0.000e+00
     33.555     5.4450   3.110913    31.8465        370     1.5375  0.000e+00
     33.692     5.4425   3.110695    31.8464        371     1.5417  0.000e+00
     33.833     5.4399   3.110229    31.8435        372     1.5458  0.000e+00
     33.981     5.4362   3.109418    31.8378        373     1.5500  0.000e+00
     34.127     5.4304   3.108105    31.8284        374     1.5542  0.000e+00
     34.273     5.4213   3.106200    31.8153        375     1.5583  0.000e+00
     34.427     5.4072   3.103067    31.7931        376     1.5625  0.000e+00
     34.583     5.3855   3.098110    31.7574        377     1.5667  0.000e+00
     34.742     5.3523   3.095627    31.7606        378     1.5708  0.000e+00
     34.897     5.3170   3.094546    31.7817        379     1.5750  0.000e+00
     35.058     5.2874   3.094070    31.8043        380     1.5792  0.000e+00
     35.215     5.2658   3.093091    31.8137        381     1.5833  0.000e+00
     35.374     5.2481   3.091177    31.8087        382     1.5875  0.000e+00
     35.529     5.2298   3.089698    31.8091        383     1.5917  0.000e+00
     35.684     5.2115   3.088389    31.8115        384     1.5958  0.000e+00
     35.840     5.1937   3.087653    31.8200        385     1.6000  0.000e+00
     35.990     5.1783   3.085860    31.8142        386     1.6042  0.000e+00
     36.133     5.1626   3.084069    31.8086        387     1.6083  0.000e+00
     36.280     5.1453   3.083170    31.8148        388     1.6125  0.000e+00
     36.423     5.1306   3.084691    31.8461        389     1.6167  0.000e+00
     36.564     5.1254   3.086211    31.8684        390     1.6208  0.000e+00
     36.699     5.1283   3.086815    31.8724        391     1.6250  0.000e+00
     36.838     5.1331   3.086561    31.8648        392     1.6292  0.000e+00
     36.970     5.1350   3.085119    31.8465        393     1.6333  0.000e+00
     37.106     5.1307   3.083599    31.8332        394     1.6375  0.000e+00
     37.241     5.1207   3.082688    31.8323        395     1.6417  0.000e+00
     37.372     5.1094   3.082863    31.8449        396     1.6458  0.000e+00
     37.509     5.1013   3.082996    31.8542        397     1.6500  0.000e+00
     37.645     5.0964   3.083038    31.8593        398     1.6542  0.000e+00
     37.781     5.0932   3.083817    31.8711        399     1.6583  0.000e+00
     37.924     5.0935   3.085005    31.8843        400     1.6625  0.000e+00
     38.064     5.0972   3.085367    31.8849        401     1.6667  0.000e+00
     38.210     5.1015   3.085723    31.8848        402     1.6708  0.000e+00
     38.359     5.1056   3.086115    31.8853        403     1.6750  0.000e+00
     38.503     5.1094   3.087123    31.8931        404     1.6792  0.000e+00
     38.662     5.1147   3.087998    31.8980        405     1.6833  0.000e+00
     38.812     5.1213   3.088765    31.9003        406     1.6875  0.000e+00
     38.967     5.1286   3.089193    31.8982        407     1.6917  0.000e+00
     39.112     5.1347   3.089326    31.8938        408     1.6958  0.000e+00
     39.265     5.1390   3.089417    31.8906        409     1.7000  0.000e+00
     39.417     5.1418   3.089543    31.8893        410     1.7042  0.000e+00
     39.563     5.1438   3.089622    31.8882        411     1.7083  0.000e+00
     39.713     5.1453   3.089676    31.8874        412     1.7125  0.000e+00
     39.854     5.1461   3.089586    31.8855        413     1.7167  0.000e+00
     40.000     5.1465   3.089465    31.8836        414     1.7208  0.000e+00
     40.153     5.1460   3.089447    31.8838        415     1.7250  0.000e+00
     40.303     5.1454   3.089580    31.8859        416     1.7292  0.000e+00
     40.457     5.1452   3.089387    31.8838        417     1.7333  0.000e+00
     40.603     5.1443   3.089357    31.8842        418     1.7375  0.000e+00
     40.754     5.1433   3.089248    31.8838        419     1.7417  0.000e+00
     40.904     5.1426   3.089194    31.8838        420     1.7458  0.000e+00
