HB2403/sbe102.cnv
* Sea-Bird SBE 19plus V2 Data File:
* FileName = C:\cruise\data\sbe102.hex
* Software Version Seasave V 7.26.7.121
* Temperature SN = 6128
* Conductivity SN = 6128
* System UpLoad Time = Jun 10 2024 15:28:52
* NMEA Latitude = 42 33.45 N
* NMEA Longitude = 067 58.11 W
* NMEA UTC (Time) = Jun 10 2024  15:29:28
** Ship: Henry Bigelow
** Cruise:  HB2403
** Program:  ECOMON
# nquan = 7
# nvalues = 2252                                  
# units = specified
# name 0 = depSM: Depth [salt water, m]
# name 1 = tv290C: Temperature [ITS-90, deg C]
# name 2 = c0S/m: Conductivity [S/m]
# name 3 = sal00: Salinity, Practical [PSU]
# name 4 = scan: Scan Count
# name 5 = timeM: Time, Elapsed [minutes]
# name 6 = flag:  0.000e+00
# span 0 =     -0.073,    193.872                 
# span 1 =     5.4743,    13.9177                 
# span 2 =   3.141902,   3.732079                 
# span 3 =    30.6268,    34.6305                 
# span 4 =         11,       2262                 
# span 5 =     0.0417,     9.4208                 
# span 6 = 0.0000e+00, 0.0000e+00                 
# interval = seconds: 0.25
# start_time = Jun 10 2024 15:29:28 [NMEA time, header]
# bad_flag = -9.990e-29
*END*
[from data line 411]
     74.291     6.0873   3.237383    32.6354        422     1.7542  0.000e+00
     74.469     6.1056   3.239209    32.6381        423     1.7583  0.000e+00
     74.638     6.1234   3.241600    32.6476        424     1.7625  0.000e+00
     74.802     6.1411   3.242363    32.6390        425     1.7667  0.000e+00
     74.954     6.1556   3.243064    32.6327        426     1.7708  0.000e+00
     75.109     6.1655   3.244362    32.6377        427     1.7750  0.000e+00
     75.257     6.1746   3.245765    32.6445        428     1.7792  0.000e+00
     75.406     6.1850   3.246835    32.6464        429     1.7833  0.000e+00
     75.557     6.1950   3.247992    32.6496        430     1.7875  0.000e+00
     75.711     6.2041   3.249124    32.6533        431     1.7917  0.000e+00
     75.867     6.2138   3.251137    32.6664        432     1.7958  0.000e+00
     76.018     6.2251   3.251999    32.6651        433     1.8000  0.000e+00
     76.172     6.2359   3.252929    32.6650        434     1.8042  0.000e+00
     76.335     6.2451   3.254315    32.6715        435     1.8083  0.000e+00
     76.499     6.2550   3.255041    32.6700        436     1.8125  0.000e+00
     76.665     6.2640   3.255226    32.6633        437     1.8167  0.000e+00
     76.847     6.2705   3.256329    32.6692        438     1.8208  0.000e+00
     77.025     6.2773   3.256840    32.6683        439     1.8250  0.000e+00
     77.211     6.2834   3.257173    32.6660        440     1.8292  0.000e+00
     77.407     6.2885   3.257672    32.6666        441     1.8333  0.000e+00
     77.608     6.2931   3.257998    32.6657        442     1.8375  0.000e+00
     77.814     6.2970   3.258572    32.6682        443     1.8417  0.000e+00
     78.022     6.3014   3.259305    32.6721        444     1.8458  0.000e+00
     78.234     6.3066   3.259866    32.6733        445     1.8500  0.000e+00
     78.451     6.3118   3.260445    32.6745        446     1.8542  0.000e+00
     78.671     6.3168   3.261111    32.6770        447     1.8583  0.000e+00
     78.888     6.3222   3.261524    32.6764        448     1.8625  0.000e+00
     79.110     6.3269   3.262146    32.6786        449     1.8667  0.000e+00
     79.332     6.3315   3.262436    32.6774        450     1.8708  0.000e+00
     79.554     6.3356   3.263250    32.6824        451     1.8750  0.000e+00
     79.769     6.3405   3.264181    32.6878        452     1.8792  0.000e+00
     79.980     6.3463   3.264520    32.6859        453     1.8833  0.000e+00
     80.183     6.3517   3.265075    32.6868        454     1.8875  0.000e+00
     80.369     6.3566   3.265926    32.6915        455     1.8917  0.000e+00
     80.552     6.3616   3.266426    32.6921        456     1.8958  0.000e+00
     80.716     6.3670   3.266864    32.6918        457     1.9000  0.000e+00
     80.866     6.3716   3.268745    32.7082        458     1.9042  0.000e+00
     81.003     6.3793   3.270732    32.7227        459     1.9083  0.000e+00
     81.130     6.3900   3.271565    32.7216        460     1.9125  0.000e+00
     81.250     6.4003   3.274127    32.7401        461     1.9167  0.000e+00
     81.367     6.4126   3.274207    32.7291        462     1.9208  0.000e+00
     81.485     6.4225   3.274726    32.7253        463     1.9250  0.000e+00
     81.611     6.4291   3.277480    32.7494        464     1.9292  0.000e+00
     81.749     6.4399   3.278838    32.7540        465     1.9333  0.000e+00
     81.906     6.4519   3.279672    32.7517        466     1.9375  0.000e+00
     82.076     6.4622   3.283726    32.7866        467     1.9417  0.000e+00
     82.271     6.4779   3.285667    32.7929        468     1.9458  0.000e+00
     82.480     6.4959   3.286550    32.7853        469     1.9500  0.000e+00
     82.719     6.5102   3.287694    32.7841        470     1.9542  0.000e+00
     82.972     6.5222   3.289413    32.7915        471     1.9583  0.000e+00
     83.235     6.5344   3.291158    32.7989        472     1.9625  0.000e+00
     83.498     6.5461   3.291912    32.7959        473     1.9667  0.000e+00
     83.764     6.5568   3.293787    32.8062        474     1.9708  0.000e+00
     84.024     6.5677   3.295056    32.8096        475     1.9750  0.000e+00
     84.275     6.5788   3.296021    32.8095        476     1.9792  0.000e+00
     84.505     6.5882   3.296139    32.8017        477     1.9833  0.000e+00
     84.716     6.5950   3.296838    32.8028        478     1.9875  0.000e+00
     84.906     6.6006   3.298039    32.8106        479     1.9917  0.000e+00
     85.070     6.6066   3.299550    32.8214        480     1.9958  0.000e+00
     85.219     6.6148   3.300770    32.8270        481     2.0000  0.000e+00
     85.355     6.6236   3.301736    32.8291        482     2.0042  0.000e+00
     85.465     6.6320   3.303272    32.8379        483     2.0083  0.000e+00
     85.575     6.6415   3.305949    32.8583        484     2.0125  0.000e+00
     85.678     6.6538   3.307634    32.8650        485     2.0167  0.000e+00
     85.788     6.6669   3.308607    32.8631        486     2.0208  0.000e+00
     85.900     6.6784   3.310015    32.8674        487     2.0250  0.000e+00
     86.031     6.6895   3.310777    32.8652        488     2.0292  0.000e+00
     86.177     6.6975   3.310802    32.8577        489     2.0333  0.000e+00
     86.331     6.7031   3.311744    32.8626        490     2.0375  0.000e+00
     86.508     6.7081   3.312172    32.8624        491     2.0417  0.000e+00
     86.708     6.7129   3.313313    32.8703        492     2.0458  0.000e+00
     86.918     6.7180   3.313847    32.8712        493     2.0500  0.000e+00
     87.142     6.7229   3.313946    32.8674        494     2.0542  0.000e+00
     87.388     6.7264   3.313822    32.8626        495     2.0583  0.000e+00
     87.641     6.7283   3.314368    32.8667        496     2.0625  0.000e+00
     87.897     6.7301   3.314833    32.8700        497     2.0667  0.000e+00
     88.148     6.7323   3.315106    32.8707        498     2.0708  0.000e+00
     88.394     6.7342   3.315317    32.8711        499     2.0750  0.000e+00
     88.628     6.7358   3.315466    32.8711        500     2.0792  0.000e+00
     88.843     6.7371   3.315597    32.8711        501     2.0833  0.000e+00
     89.033     6.7380   3.315814    32.8726        502     2.0875  0.000e+00
     89.203     6.7384   3.316124    32.8756        503     2.0917  0.000e+00
     89.349     6.7385   3.316273    32.8770        504     2.0958  0.000e+00
     89.481     6.7384   3.316378    32.8782        505     2.1000  0.000e+00
     89.598     6.7383   3.316503    32.8796        506     2.1042  0.000e+00
     89.710     6.7383   3.316676    32.8815        507     2.1083  0.000e+00
     89.818     6.7385   3.317005    32.8849        508     2.1125  0.000e+00
     89.930     6.7392   3.317601    32.8907        509     2.1167  0.000e+00
     90.058     6.7408   3.318066    32.8942        510     2.1208  0.000e+00
     90.199     6.7432   3.319152    32.9038        511     2.1250  0.000e+00
     90.358     6.7469   3.320866    32.9190        512     2.1292  0.000e+00
     90.533     6.7536   3.324722    32.9548        513     2.1333  0.000e+00
     90.724     6.7666   3.326784    32.9650        514     2.1375  0.000e+00
     90.932     6.7814   3.328138    32.9655        515     2.1417  0.000e+00
     91.154     6.7947   3.330027    32.9734        516     2.1458  0.000e+00
     91.390     6.8066   3.330375    32.9656        517     2.1500  0.000e+00
     91.630     6.8155   3.330791    32.9616        518     2.1542  0.000e+00
     91.883     6.8216   3.332376    32.9730        519     2.1583  0.000e+00
     92.137     6.8277   3.333601    32.9805        520     2.1625  0.000e+00
     92.394     6.8329   3.333794    32.9775        521     2.1667  0.000e+00
     92.643     6.8344   3.333725    32.9752        522     2.1708  0.000e+00
     92.887     6.8337   3.333601    32.9743        523     2.1750  0.000e+00
     93.117     6.8315   3.332899    32.9686        524     2.1792  0.000e+00
     93.331     6.8268   3.331121    32.9535        525     2.1833  0.000e+00
     93.528     6.8163   3.330176    32.9531        526     2.1875  0.000e+00
     93.706     6.8042   3.328617    32.9476        527     2.1917  0.000e+00
     93.870     6.7908   3.326909    32.9416        528     2.1958  0.000e+00
     94.015     6.7729   3.321605    32.9004        529     2.2000  0.000e+00
     94.153     6.7418   3.315418    32.8622        530     2.2042  0.000e+00
     94.278     6.6947   3.313124    32.8820        531     2.2083  0.000e+00
     94.405     6.6522   3.311729    32.9073        532     2.2125  0.000e+00
     94.532     6.6193   3.308598    32.9045        533     2.2167  0.000e+00
     94.670     6.5891   3.307006    32.9159        534     2.2208  0.000e+00
     94.800     6.5621   3.307093    32.9427        535     2.2250  0.000e+00
     94.930     6.5457   3.308116    32.9698        536     2.2292  0.000e+00
     95.072     6.5395   3.307558    32.9695        537     2.2333  0.000e+00
     95.222     6.5350   3.305383    32.9498        538     2.2375  0.000e+00
     95.376     6.5245   3.303376    32.9375        539     2.2417  0.000e+00
     95.534     6.5093   3.301072    32.9266        540     2.2458  0.000e+00
     95.701     6.4903   3.300545    32.9390        541     2.2500  0.000e+00
     95.874     6.4750   3.301326    32.9624        542     2.2542  0.000e+00
     96.059     6.4674   3.300459    32.9601        543     2.2583  0.000e+00
     96.245     6.4610   3.298862    32.9485        544     2.2625  0.000e+00
     96.448     6.4515   3.297834    32.9461        545     2.2667  0.000e+00
     96.663     6.4406   3.297326    32.9509        546     2.2708  0.000e+00
     96.876     6.4313   3.296949    32.9556        547     2.2750  0.000e+00
     97.107     6.4239   3.295984    32.9519        548     2.2792  0.000e+00
     97.339     6.4163   3.295439    32.9531        549     2.2833  0.000e+00
     97.566     6.4081   3.294690    32.9526        550     2.2875  0.000e+00
     97.790     6.4002   3.294158    32.9543        551     2.2917  0.000e+00
     98.012     6.3934   3.293533    32.9538        552     2.2958  0.000e+00
     98.231     6.3866   3.293076    32.9552        553     2.3000  0.000e+00
     98.436     6.3801   3.292754    32.9578        554     2.3042  0.000e+00
     98.628     6.3747   3.292692    32.9622        555     2.3083  0.000e+00
     98.806     6.3713   3.292587    32.9643        556     2.3125  0.000e+00
     98.981     6.3680   3.292556    32.9670        557     2.3167  0.000e+00
     99.152     6.3654   3.292693    32.9709        558     2.3208  0.000e+00
     99.309     6.3636   3.293008    32.9761        559     2.3250  0.000e+00
     99.466     6.3626   3.293534    32.9829        560     2.3292  0.000e+00
     99.618     6.3629   3.293639    32.9837        561     2.3333  0.000e+00
     99.777     6.3636   3.293949    32.9864        562     2.3375  0.000e+00
     99.927     6.3646   3.294308    32.9893        563     2.3417  0.000e+00
    100.092     6.3664   3.294692    32.9918        564     2.3458  0.000e+00
    100.249     6.3681   3.295020    32.9937        565     2.3500  0.000e+00
    100.408     6.3702   3.295632    32.9983        566     2.3542  0.000e+00
    100.569     6.3728   3.296388    33.0041        567     2.3583  0.000e+00
    100.740     6.3762   3.297161    33.0093        568     2.3625  0.000e+00
    100.919     6.3805   3.298845    33.0238        569     2.3667  0.000e+00
    101.097     6.3869   3.300338    33.0341        570     2.3708  0.000e+00
    101.279     6.3948   3.301836    33.0430        571     2.3750  0.000e+00
    101.469     6.4035   3.303348    33.0512        572     2.3792  0.000e+00
    101.655     6.4131   3.304884    33.0589        573     2.3833  0.000e+00
    101.842     6.4230   3.306198    33.0638        574     2.3875  0.000e+00
    102.029     6.4323   3.307220    33.0660        575     2.3917  0.000e+00
    102.226     6.4411   3.309099    33.0782        576     2.3958  0.000e+00
    102.423     6.4504   3.311250    33.0929        577     2.4000  0.000e+00
    102.623     6.4613   3.312875    33.1003        578     2.4042  0.000e+00
    102.821     6.4726   3.313718    33.0986        579     2.4083  0.000e+00
    103.019     6.4826   3.314376    33.0961        580     2.4125  0.000e+00
    103.222     6.4905   3.315114    33.0965        581     2.4167  0.000e+00
    103.422     6.4967   3.315536    33.0950        582     2.4208  0.000e+00
    103.610     6.5019   3.316187    33.0972        583     2.4250  0.000e+00
    103.791     6.5068   3.317229    33.1038        584     2.4292  0.000e+00
    103.971     6.5119   3.318564    33.1136        585     2.4333  0.000e+00
    104.134     6.5185   3.319805    33.1208        586     2.4375  0.000e+00
    104.288     6.5261   3.320767    33.1241        587     2.4417  0.000e+00
    104.440     6.5333   3.322033    33.1310        588     2.4458  0.000e+00
    104.577     6.5416   3.323871    33.1432        589     2.4500  0.000e+00
    104.716     6.5509   3.324387    33.1399        590     2.4542  0.000e+00
    104.853     6.5589   3.326126    33.1513        591     2.4583  0.000e+00
    105.001     6.5677   3.327213    33.1547        592     2.4625  0.000e+00
    105.155     6.5764   3.328443    33.1598        593     2.4667  0.000e+00
    105.320     6.5848   3.329804    33.1665        594     2.4708  0.000e+00
    105.503     6.5939   3.331898    33.1808        595     2.4750  0.000e+00
    105.696     6.6047   3.332650    33.1786        596     2.4792  0.000e+00
    105.902     6.6146   3.333595    33.1793        597     2.4833  0.000e+00
    106.119     6.6232   3.334242    33.1780        598     2.4875  0.000e+00
    106.339     6.6303   3.335050    33.1799        599     2.4917  0.000e+00
    106.563     6.6368   3.335454    33.1780        600     2.4958  0.000e+00
    106.784     6.6419   3.336157    33.1807        601     2.5000  0.000e+00
    107.004     6.6469   3.337252    33.1878        602     2.5042  0.000e+00
    107.208     6.6528   3.338247    33.1930        603     2.5083  0.000e+00
    107.408     6.6596   3.338993    33.1946        604     2.5125  0.000e+00
    107.587     6.6657   3.339441    33.1935        605     2.5167  0.000e+00
    107.750     6.6708   3.340337    33.1984        606     2.5208  0.000e+00
    107.898     6.6759   3.341040    33.2010        607     2.5250  0.000e+00
    108.039     6.6815   3.342216    33.2086        608     2.5292  0.000e+00
    108.173     6.6879   3.343218    33.2133        609     2.5333  0.000e+00
    108.307     6.6946   3.343150    33.2060        610     2.5375  0.000e+00
    108.448     6.6996   3.344370    33.2145        611     2.5417  0.000e+00
    108.591     6.7048   3.345727    33.2244        612     2.5458  0.000e+00
    108.749     6.7117   3.346636    33.2276        613     2.5500  0.000e+00
    108.906     6.7186   3.347726    33.2329        614     2.5542  0.000e+00
    109.082     6.7263   3.348423    33.2330        615     2.5583  0.000e+00
    109.270     6.7333   3.349582    33.2389        616     2.5625  0.000e+00
    109.450     6.7403   3.350578    33.2430        617     2.5667  0.000e+00
    109.647     6.7478   3.351382    33.2445        618     2.5708  0.000e+00
    109.850     6.7540   3.351550    33.2402        619     2.5750  0.000e+00
    110.043     6.7583   3.351737    33.2380        620     2.5792  0.000e+00
    110.251     6.7616   3.352453    33.2426        621     2.5833  0.000e+00
    110.451     6.7652   3.353282    33.2481        622     2.5875  0.000e+00
    110.657     6.7695   3.354167    33.2536        623     2.5917  0.000e+00
    110.854     6.7744   3.354522    33.2527        624     2.5958  0.000e+00
    111.049     6.7789   3.355470    33.2587        625     2.6000  0.000e+00
