HB2403/sbe111.cnv
* Sea-Bird SBE 19plus V2 Data File:
* FileName = C:\cruise\data\sbe111.hex
* Software Version Seasave V 7.26.7.121
* Temperature SN = 6128
* Conductivity SN = 6128
* System UpLoad Time = Jun 11 2024 11:34:36
* NMEA Latitude = 43 36.76 N
* NMEA Longitude = 069 09.27 W
* NMEA UTC (Time) = Jun 11 2024  11:35:12
** Ship: Henry Bigelow
** Cruise:  HB2403
** Program:  ECOMON
# nquan = 7
# nvalues = 3500                                  
# units = specified
# name 0 = depSM: Depth [salt water, m]
# name 1 = tv290C: Temperature [ITS-90, deg C]
# name 2 = c0S/m: Conductivity [S/m]
# name 3 = sal00: Salinity, Practical [PSU]
# name 4 = scan: Scan Count
# name 5 = timeM: Time, Elapsed [minutes]
# name 6 = flag:  0.000e+00
# span 0 =     -0.106,    117.129                 
# span 1 =     5.7787,    12.5679                 
# span 2 =   0.000210,   3.657329                 
# span 3 =     0.0069,    32.7230                 
# span 4 =         11,       3510                 
# span 5 =     0.0417,    14.6208                 
# span 6 = 0.0000e+00, 0.0000e+00                 
# interval = seconds: 0.25
# start_time = Jun 11 2024 11:35:12 [NMEA time, header]
# bad_flag = -9.990e-29
*END*
[from data line 1847]
     65.299     6.3359   3.197612    31.9613       1858     7.7375  0.000e+00
     65.273     6.3342   3.198016    31.9674       1859     7.7417  0.000e+00
     65.252     6.3339   3.197979    31.9673       1860     7.7458  0.000e+00
     65.226     6.3341   3.197998    31.9673       1861     7.7500  0.000e+00
     65.195     6.3345   3.198016    31.9671       1862     7.7542  0.000e+00
     65.166     6.3348   3.198163    31.9685       1863     7.7583  0.000e+00
     65.137     6.3354   3.198132    31.9675       1864     7.7625  0.000e+00
     65.106     6.3359   3.198138    31.9672       1865     7.7667  0.000e+00
     65.077     6.3363   3.198383    31.9696       1866     7.7708  0.000e+00
     65.054     6.3372   3.198463    31.9696       1867     7.7750  0.000e+00
     65.023     6.3385   3.198463    31.9684       1868     7.7792  0.000e+00
     64.990     6.3390   3.198426    31.9675       1869     7.7833  0.000e+00
     64.962     6.3396   3.198505    31.9679       1870     7.7875  0.000e+00
     64.934     6.3400   3.198444    31.9668       1871     7.7917  0.000e+00
     64.906     6.3402   3.198463    31.9669       1872     7.7958  0.000e+00
     64.871     6.3401   3.198463    31.9670       1873     7.8000  0.000e+00
     64.838     6.3404   3.198401    31.9660       1874     7.8042  0.000e+00
     64.813     6.3402   3.198444    31.9666       1875     7.8083  0.000e+00
     64.775     6.3401   3.198401    31.9663       1876     7.8125  0.000e+00
     64.746     6.3400   3.198401    31.9664       1877     7.8167  0.000e+00
     64.717     6.3399   3.198463    31.9672       1878     7.8208  0.000e+00
     64.695     6.3400   3.198401    31.9665       1879     7.8250  0.000e+00
     64.659     6.3399   3.198444    31.9670       1880     7.8292  0.000e+00
     64.630     6.3399   3.198463    31.9673       1881     7.8333  0.000e+00
     64.598     6.3401   3.198426    31.9667       1882     7.8375  0.000e+00
     64.569     6.3401   3.198401    31.9664       1883     7.8417  0.000e+00
     64.534     6.3401   3.198462    31.9671       1884     7.8458  0.000e+00
     64.503     6.3402   3.198505    31.9675       1885     7.8500  0.000e+00
     64.476     6.3405   3.198499    31.9672       1886     7.8542  0.000e+00
     64.444     6.3406   3.198401    31.9660       1887     7.8583  0.000e+00
     64.416     6.3404   3.198322    31.9653       1888     7.8625  0.000e+00
     64.393     6.3396   3.198426    31.9672       1889     7.8667  0.000e+00
     64.371     6.3397   3.198524    31.9683       1890     7.8708  0.000e+00
     64.351     6.3402   3.198548    31.9681       1891     7.8750  0.000e+00
     64.330     6.3407   3.198524    31.9673       1892     7.8792  0.000e+00
     64.311     6.3409   3.198524    31.9671       1893     7.8833  0.000e+00
     64.284     6.3410   3.198566    31.9675       1894     7.8875  0.000e+00
     64.257     6.3412   3.198548    31.9672       1895     7.8917  0.000e+00
     64.224     6.3414   3.198524    31.9667       1896     7.8958  0.000e+00
     64.184     6.3415   3.198383    31.9651       1897     7.9000  0.000e+00
     64.139     6.3408   3.198242    31.9642       1898     7.9042  0.000e+00
     64.107     6.3400   3.198059    31.9629       1899     7.9083  0.000e+00
     64.072     6.3387   3.198462    31.9687       1900     7.9125  0.000e+00
     64.029     6.3387   3.198628    31.9705       1901     7.9167  0.000e+00
     63.987     6.3402   3.198585    31.9687       1902     7.9208  0.000e+00
     63.947     6.3410   3.198646    31.9686       1903     7.9250  0.000e+00
     63.909     6.3416   3.198646    31.9680       1904     7.9292  0.000e+00
     63.867     6.3422   3.198609    31.9670       1905     7.9333  0.000e+00
     63.834     6.3421   3.198548    31.9665       1906     7.9375  0.000e+00
     63.803     6.3422   3.198627    31.9673       1907     7.9417  0.000e+00
     63.771     6.3422   3.198615    31.9672       1908     7.9458  0.000e+00
     63.744     6.3422   3.198646    31.9675       1909     7.9500  0.000e+00
     63.718     6.3425   3.198664    31.9675       1910     7.9542  0.000e+00
     63.695     6.3427   3.198646    31.9671       1911     7.9583  0.000e+00
     63.684     6.3426   3.198609    31.9668       1912     7.9625  0.000e+00
     63.664     6.3427   3.198627    31.9669       1913     7.9667  0.000e+00
     63.644     6.3428   3.198627    31.9669       1914     7.9708  0.000e+00
     63.627     6.3425   3.198566    31.9664       1915     7.9750  0.000e+00
     63.606     6.3424   3.198585    31.9667       1916     7.9792  0.000e+00
     63.577     6.3422   3.198566    31.9668       1917     7.9833  0.000e+00
     63.548     6.3422   3.198646    31.9677       1918     7.9875  0.000e+00
     63.515     6.3424   3.198627    31.9673       1919     7.9917  0.000e+00
     63.481     6.3424   3.198750    31.9686       1920     7.9958  0.000e+00
     63.441     6.3429   3.198566    31.9662       1921     8.0000  0.000e+00
     63.405     6.3428   3.198505    31.9656       1922     8.0042  0.000e+00
     63.358     6.3422   3.198664    31.9679       1923     8.0083  0.000e+00
     63.320     6.3424   3.198688    31.9680       1924     8.0125  0.000e+00
     63.280     6.3428   3.198829    31.9693       1925     8.0167  0.000e+00
     63.238     6.3435   3.199013    31.9706       1926     8.0208  0.000e+00
     63.193     6.3451   3.198909    31.9680       1927     8.0250  0.000e+00
     63.147     6.3455   3.198909    31.9676       1928     8.0292  0.000e+00
     63.104     6.3458   3.198829    31.9665       1929     8.0333  0.000e+00
     63.062     6.3457   3.198786    31.9661       1930     8.0375  0.000e+00
     63.024     6.3453   3.198829    31.9671       1931     8.0417  0.000e+00
     62.983     6.3453   3.198872    31.9675       1932     8.0458  0.000e+00
     62.943     6.3455   3.198890    31.9676       1933     8.0500  0.000e+00
     62.905     6.3457   3.198933    31.9678       1934     8.0542  0.000e+00
     62.865     6.3459   3.198970    31.9681       1935     8.0583  0.000e+00
     62.827     6.3463   3.198829    31.9662       1936     8.0625  0.000e+00
     62.787     6.3462   3.198811    31.9661       1937     8.0667  0.000e+00
     62.751     6.3458   3.198951    31.9681       1938     8.0708  0.000e+00
     62.722     6.3459   3.198994    31.9684       1939     8.0750  0.000e+00
     62.685     6.3464   3.199012    31.9681       1940     8.0792  0.000e+00
     62.645     6.3469   3.199031    31.9679       1941     8.0833  0.000e+00
     62.627     6.3472   3.198951    31.9668       1942     8.0875  0.000e+00
     62.602     6.3473   3.199074    31.9681       1943     8.0917  0.000e+00
     62.580     6.3476   3.199031    31.9674       1944     8.0958  0.000e+00
     62.567     6.3476   3.199031    31.9673       1945     8.1000  0.000e+00
     62.552     6.3478   3.199233    31.9693       1946     8.1042  0.000e+00
     62.537     6.3489   3.199661    31.9731       1947     8.1083  0.000e+00
     62.517     6.3510   3.199257    31.9667       1948     8.1125  0.000e+00
     62.503     6.3513   3.198951    31.9630       1949     8.1167  0.000e+00
     62.484     6.3500   3.198768    31.9622       1950     8.1208  0.000e+00
     62.463     6.3483   3.199343    31.9702       1951     8.1250  0.000e+00
     62.437     6.3489   3.199092    31.9668       1952     8.1292  0.000e+00
     62.399     6.3492   3.199110    31.9668       1953     8.1333  0.000e+00
     62.372     6.3491   3.199171    31.9675       1954     8.1375  0.000e+00
     62.329     6.3491   3.198994    31.9656       1955     8.1417  0.000e+00
     62.282     6.3490   3.199171    31.9677       1956     8.1458  0.000e+00
     62.240     6.3492   3.199153    31.9673       1957     8.1500  0.000e+00
     62.193     6.3497   3.199679    31.9727       1958     8.1542  0.000e+00
     62.146     6.3516   3.199985    31.9743       1959     8.1583  0.000e+00
     62.095     6.3548   3.200352    31.9755       1960     8.1625  0.000e+00
     62.050     6.3582   3.200652    31.9756       1961     8.1667  0.000e+00
     62.007     6.3616   3.200799    31.9740       1962     8.1708  0.000e+00
     61.959     6.3645   3.200738    31.9706       1963     8.1750  0.000e+00
     61.911     6.3663   3.200597    31.9675       1964     8.1792  0.000e+00
     61.860     6.3669   3.200921    31.9705       1965     8.1833  0.000e+00
     61.815     6.3678   3.200958    31.9700       1966     8.1875  0.000e+00
     61.777     6.3691   3.200982    31.9691       1967     8.1917  0.000e+00
     61.740     6.3700   3.201080    31.9694       1968     8.1958  0.000e+00
     61.704     6.3708   3.201080    31.9687       1969     8.2000  0.000e+00
     61.659     6.3715   3.201001    31.9671       1970     8.2042  0.000e+00
     61.619     6.3714   3.200945    31.9666       1971     8.2083  0.000e+00
     61.587     6.3712   3.200860    31.9659       1972     8.2125  0.000e+00
     61.555     6.3707   3.200897    31.9668       1973     8.2167  0.000e+00
     61.524     6.3703   3.200982    31.9681       1974     8.2208  0.000e+00
     61.494     6.3707   3.201098    31.9690       1975     8.2250  0.000e+00
     61.465     6.3714   3.201307    31.9706       1976     8.2292  0.000e+00
     61.443     6.3723   3.201062    31.9671       1977     8.2333  0.000e+00
     61.412     6.3729   3.201123    31.9673       1978     8.2375  0.000e+00
     61.385     6.3728   3.201306    31.9694       1979     8.2417  0.000e+00
     61.358     6.3735   3.201466    31.9706       1980     8.2458  0.000e+00
     61.332     6.3749   3.201404    31.9685       1981     8.2500  0.000e+00
     61.298     6.3756   3.201429    31.9682       1982     8.2542  0.000e+00
     61.273     6.3762   3.201325    31.9665       1983     8.2583  0.000e+00
     61.245     6.3761   3.201429    31.9678       1984     8.2625  0.000e+00
     61.214     6.3761   3.201465    31.9681       1985     8.2667  0.000e+00
     61.182     6.3766   3.201484    31.9679       1986     8.2708  0.000e+00
     61.144     6.3769   3.201447    31.9672       1987     8.2750  0.000e+00
     61.113     6.3769   3.201484    31.9677       1988     8.2792  0.000e+00
     61.079     6.3771   3.201606    31.9689       1989     8.2833  0.000e+00
     61.035     6.3775   3.201563    31.9680       1990     8.2875  0.000e+00
     60.997     6.3780   3.201527    31.9672       1991     8.2917  0.000e+00
     60.954     6.3780   3.201527    31.9672       1992     8.2958  0.000e+00
     60.911     6.3781   3.201465    31.9664       1993     8.3000  0.000e+00
     60.871     6.3780   3.201692    31.9691       1994     8.3042  0.000e+00
     60.822     6.3784   3.201729    31.9691       1995     8.3083  0.000e+00
     60.780     6.3793   3.201588    31.9667       1996     8.3125  0.000e+00
     60.733     6.3794   3.201649    31.9673       1997     8.3167  0.000e+00
     60.693     6.3795   3.201649    31.9672       1998     8.3208  0.000e+00
     60.642     6.3796   3.201588    31.9665       1999     8.3250  0.000e+00
     60.608     6.3793   3.201606    31.9670       2000     8.3292  0.000e+00
     60.565     6.3793   3.201728    31.9684       2001     8.3333  0.000e+00
     60.529     6.3800   3.201606    31.9664       2002     8.3375  0.000e+00
     60.492     6.3796   3.201465    31.9652       2003     8.3417  0.000e+00
     60.454     6.3790   3.201447    31.9656       2004     8.3458  0.000e+00
     60.423     6.3783   3.201545    31.9673       2005     8.3500  0.000e+00
     60.389     6.3783   3.201649    31.9685       2006     8.3542  0.000e+00
     60.362     6.3789   3.201588    31.9673       2007     8.3583  0.000e+00
     60.326     6.3790   3.201667    31.9681       2008     8.3625  0.000e+00
     60.296     6.3793   3.201698    31.9682       2009     8.3667  0.000e+00
     60.267     6.3796   3.201728    31.9682       2010     8.3708  0.000e+00
     60.230     6.3801   3.201728    31.9678       2011     8.3750  0.000e+00
     60.193     6.3805   3.201771    31.9679       2012     8.3792  0.000e+00
     60.157     6.3807   3.201728    31.9673       2013     8.3833  0.000e+00
     60.112     6.3807   3.201814    31.9682       2014     8.3875  0.000e+00
     60.070     6.3810   3.201789    31.9677       2015     8.3917  0.000e+00
     60.025     6.3811   3.201771    31.9674       2016     8.3958  0.000e+00
     59.980     6.3813   3.201912    31.9688       2017     8.4000  0.000e+00
     59.936     6.3819   3.202053    31.9698       2018     8.4042  0.000e+00
     59.893     6.3829   3.202340    31.9721       2019     8.4083  0.000e+00
     59.850     6.3849   3.202401    31.9709       2020     8.4125  0.000e+00
     59.800     6.3866   3.202359    31.9689       2021     8.4167  0.000e+00
     59.757     6.3875   3.202499    31.9696       2022     8.4208  0.000e+00
     59.701     6.3887   3.202560    31.9692       2023     8.4250  0.000e+00
     59.654     6.3903   3.202622    31.9684       2024     8.4292  0.000e+00
     59.612     6.3916   3.202585    31.9668       2025     8.4333  0.000e+00
     59.556     6.3923   3.202340    31.9634       2026     8.4375  0.000e+00
     59.513     6.3930   3.202254    31.9619       2027     8.4417  0.000e+00
     59.468     6.3936   3.202218    31.9609       2028     8.4458  0.000e+00
     59.422     6.3938   3.202175    31.9602       2029     8.4500  0.000e+00
     59.377     6.3942   3.202156    31.9597       2030     8.4542  0.000e+00
     59.332     6.3942   3.202138    31.9595       2031     8.4583  0.000e+00
     59.296     6.3944   3.202113    31.9591       2032     8.4625  0.000e+00
     59.260     6.3944   3.202052    31.9585       2033     8.4667  0.000e+00
     59.215     6.3943   3.202156    31.9597       2034     8.4708  0.000e+00
     59.180     6.3944   3.202199    31.9601       2035     8.4750  0.000e+00
     59.155     6.3945   3.202113    31.9591       2036     8.4792  0.000e+00
     59.126     6.3944   3.202113    31.9592       2037     8.4833  0.000e+00
     59.099     6.3944   3.202015    31.9581       2038     8.4875  0.000e+00
     59.068     6.3941   3.201954    31.9577       2039     8.4917  0.000e+00
     59.039     6.3940   3.201832    31.9565       2040     8.4958  0.000e+00
     59.005     6.3933   3.201728    31.9560       2041     8.5000  0.000e+00
     58.972     6.3927   3.201789    31.9572       2042     8.5042  0.000e+00
     58.939     6.3925   3.201728    31.9568       2043     8.5083  0.000e+00
     58.898     6.3922   3.201771    31.9576       2044     8.5125  0.000e+00
     58.854     6.3922   3.201691    31.9567       2045     8.5167  0.000e+00
     58.813     6.3921   3.201660    31.9565       2046     8.5208  0.000e+00
     58.773     6.3918   3.201648    31.9566       2047     8.5250  0.000e+00
     58.720     6.3916   3.201691    31.9573       2048     8.5292  0.000e+00
     58.673     6.3916   3.201605    31.9564       2049     8.5333  0.000e+00
     58.631     6.3913   3.201648    31.9571       2050     8.5375  0.000e+00
     58.583     6.3913   3.201630    31.9570       2051     8.5417  0.000e+00
     58.536     6.3914   3.201569    31.9562       2052     8.5458  0.000e+00
     58.485     6.3910   3.201587    31.9568       2053     8.5500  0.000e+00
     58.438     6.3907   3.201446    31.9556       2054     8.5542  0.000e+00
     58.394     6.3901   3.201446    31.9562       2055     8.5583  0.000e+00
     58.351     6.3898   3.201569    31.9578       2056     8.5625  0.000e+00
     58.309     6.3898   3.201446    31.9565       2057     8.5667  0.000e+00
     58.262     6.3898   3.201305    31.9549       2058     8.5708  0.000e+00
     58.210     6.3892   3.201428    31.9569       2059     8.5750  0.000e+00
     58.172     6.3890   3.201342    31.9562       2060     8.5792  0.000e+00
     58.126     6.3888   3.201366    31.9566       2061     8.5833  0.000e+00
