HB2403/sbe127.cnv
* Sea-Bird SBE 19plus V2 Data File:
* FileName = C:\cruise\data\sbe127.hex
* Software Version Seasave V 7.26.7.121
* Temperature SN = 6128
* Conductivity SN = 6128
* System UpLoad Time = Jun 12 2024 17:20:39
* NMEA Latitude = 42 31.35 N
* NMEA Longitude = 069 55.59 W
* NMEA UTC (Time) = Jun 12 2024  17:21:17
** Ship: Henry Bigelow
** Cruise:  HB2403
** Program:  ECOMON
# nquan = 7
# nvalues = 4322                                  
# units = specified
# name 0 = depSM: Depth [salt water, m]
# name 1 = tv290C: Temperature [ITS-90, deg C]
# name 2 = c0S/m: Conductivity [S/m]
# name 3 = sal00: Salinity, Practical [PSU]
# name 4 = scan: Scan Count
# name 5 = timeM: Time, Elapsed [minutes]
# name 6 = flag:  0.000e+00
# span 0 =     -0.300,    166.037                 
# span 1 =     5.1780,    19.5720                 
# span 2 =   0.000774,   4.025953                 
# span 3 =     0.0118,    37.3647                 
# span 4 =         11,       4332                 
# span 5 =     0.0417,    18.0458                 
# span 6 = 0.0000e+00, 0.0000e+00                 
# interval = seconds: 0.25
# start_time = Jun 12 2024 17:21:17 [NMEA time, header]
# bad_flag = -9.990e-29
*END*
[from data line 2872]
     60.029     5.2130   3.110851    32.0541       2883    12.0083  0.000e+00
     59.987     5.2128   3.110808    32.0538       2884    12.0125  0.000e+00
     59.945     5.2128   3.110784    32.0535       2885    12.0167  0.000e+00
     59.896     5.2126   3.110784    32.0537       2886    12.0208  0.000e+00
     59.856     5.2125   3.110784    32.0539       2887    12.0250  0.000e+00
     59.813     5.2123   3.110784    32.0541       2888    12.0292  0.000e+00
     59.774     5.2121   3.110851    32.0550       2889    12.0333  0.000e+00
     59.721     5.2126   3.110808    32.0541       2890    12.0375  0.000e+00
     59.681     5.2126   3.110905    32.0553       2891    12.0417  0.000e+00
     59.634     5.2128   3.110826    32.0542       2892    12.0458  0.000e+00
     59.587     5.2131   3.110905    32.0548       2893    12.0500  0.000e+00
     59.539     5.2133   3.110905    32.0547       2894    12.0542  0.000e+00
     59.501     5.2135   3.110911    32.0545       2895    12.0583  0.000e+00
     59.454     5.2138   3.110941    32.0547       2896    12.0625  0.000e+00
     59.408     5.2140   3.110965    32.0548       2897    12.0667  0.000e+00
     59.354     5.2143   3.110923    32.0540       2898    12.0708  0.000e+00
     59.316     5.2142   3.110941    32.0543       2899    12.0750  0.000e+00
     59.268     5.2145   3.110953    32.0542       2900    12.0792  0.000e+00
     59.230     5.2147   3.110941    32.0538       2901    12.0833  0.000e+00
     59.185     5.2150   3.110905    32.0532       2902    12.0875  0.000e+00
     59.147     5.2147   3.110905    32.0535       2903    12.0917  0.000e+00
     59.114     5.2146   3.110941    32.0540       2904    12.0958  0.000e+00
     59.076     5.2151   3.110984    32.0541       2905    12.1000  0.000e+00
     59.046     5.2157   3.110977    32.0534       2906    12.1042  0.000e+00
     59.016     5.2161   3.110923    32.0525       2907    12.1083  0.000e+00
     58.979     5.2165   3.110905    32.0518       2908    12.1125  0.000e+00
     58.945     5.2170   3.110862    32.0509       2909    12.1167  0.000e+00
     58.905     5.2170   3.110844    32.0507       2910    12.1208  0.000e+00
     58.870     5.2170   3.110862    32.0510       2911    12.1250  0.000e+00
     58.827     5.2171   3.110868    32.0510       2912    12.1292  0.000e+00
     58.781     5.2172   3.110784    32.0499       2913    12.1333  0.000e+00
     58.731     5.2171   3.110826    32.0505       2914    12.1375  0.000e+00
     58.677     5.2171   3.110765    32.0498       2915    12.1417  0.000e+00
     58.624     5.2171   3.110747    32.0497       2916    12.1458  0.000e+00
     58.572     5.2170   3.110747    32.0498       2917    12.1500  0.000e+00
     58.521     5.2170   3.110723    32.0496       2918    12.1542  0.000e+00
     58.468     5.2168   3.110705    32.0495       2919    12.1583  0.000e+00
     58.421     5.2167   3.110687    32.0494       2920    12.1625  0.000e+00
     58.378     5.2167   3.110705    32.0497       2921    12.1667  0.000e+00
     58.342     5.2168   3.110687    32.0494       2922    12.1708  0.000e+00
     58.306     5.2167   3.110662    32.0493       2923    12.1750  0.000e+00
     58.273     5.2164   3.110650    32.0494       2924    12.1792  0.000e+00
     58.240     5.2164   3.110590    32.0487       2925    12.1833  0.000e+00
     58.213     5.2163   3.110608    32.0491       2926    12.1875  0.000e+00
     58.176     5.2161   3.110572    32.0488       2927    12.1917  0.000e+00
     58.149     5.2160   3.110547    32.0487       2928    12.1958  0.000e+00
     58.109     5.2159   3.110517    32.0484       2929    12.2000  0.000e+00
     58.075     5.2159   3.110178    32.0446       2930    12.2042  0.000e+00
     58.031     5.2157   3.109882    32.0414       2931    12.2083  0.000e+00
     57.980     5.2153   3.109845    32.0415       2932    12.2125  0.000e+00
     57.929     5.2152   3.109664    32.0395       2933    12.2167  0.000e+00
     57.871     5.2145   3.109216    32.0351       2934    12.2208  0.000e+00
     57.810     5.2135   3.108841    32.0317       2935    12.2250  0.000e+00
     57.748     5.2119   3.108526    32.0298       2936    12.2292  0.000e+00
     57.689     5.2101   3.108411    32.0302       2937    12.2333  0.000e+00
     57.629     5.2087   3.108175    32.0289       2938    12.2375  0.000e+00
     57.574     5.2073   3.108096    32.0293       2939    12.2417  0.000e+00
     57.520     5.2061   3.107842    32.0276       2940    12.2458  0.000e+00
     57.469     5.2046   3.107703    32.0275       2941    12.2500  0.000e+00
     57.424     5.2034   3.107346    32.0246       2942    12.2542  0.000e+00
     57.381     5.2016   3.106959    32.0219       2943    12.2583  0.000e+00
     57.342     5.1998   3.106759    32.0214       2944    12.2625  0.000e+00
     57.304     5.1985   3.106584    32.0207       2945    12.2667  0.000e+00
     57.268     5.1978   3.106517    32.0206       2946    12.2708  0.000e+00
     57.226     5.1973   3.106033    32.0156       2947    12.2750  0.000e+00
     57.192     5.1962   3.105858    32.0146       2948    12.2792  0.000e+00
     57.150     5.1949   3.105271    32.0092       2949    12.2833  0.000e+00
     57.103     5.1929   3.104582    32.0033       2950    12.2875  0.000e+00
     57.050     5.1897   3.103953    31.9992       2951    12.2917  0.000e+00
     57.003     5.1860   3.103741    32.0004       2952    12.2958  0.000e+00
     56.954     5.1827   3.103723    32.0034       2953    12.3000  0.000e+00
     56.901     5.1805   3.103699    32.0052       2954    12.3042  0.000e+00
     56.850     5.1794   3.103663    32.0059       2955    12.3083  0.000e+00
     56.800     5.1787   3.103620    32.0061       2956    12.3125  0.000e+00
     56.758     5.1781   3.103681    32.0074       2957    12.3167  0.000e+00
     56.720     5.1780   3.103644    32.0071       2958    12.3208  0.000e+00
     56.687     5.1780   3.103681    32.0075       2959    12.3250  0.000e+00
     56.656     5.1781   3.103699    32.0077       2960    12.3292  0.000e+00
     56.625     5.1782   3.103705    32.0076       2961    12.3333  0.000e+00
     56.600     5.1783   3.103699    32.0075       2962    12.3375  0.000e+00
     56.571     5.1784   3.103741    32.0079       2963    12.3417  0.000e+00
     56.540     5.1786   3.103759    32.0079       2964    12.3458  0.000e+00
     56.507     5.1790   3.103838    32.0084       2965    12.3500  0.000e+00
     56.458     5.1796   3.104267    32.0128       2966    12.3542  0.000e+00
     56.411     5.1812   3.104201    32.0105       2967    12.3583  0.000e+00
     56.356     5.1829   3.105447    32.0231       2968    12.3625  0.000e+00
     56.293     5.1882   3.106723    32.0327       2969    12.3667  0.000e+00
     56.228     5.1978   3.106366    32.0194       2970    12.3708  0.000e+00
     56.159     5.2041   3.105761    32.0065       2971    12.3750  0.000e+00
     56.081     5.2050   3.105337    32.0008       2972    12.3792  0.000e+00
     56.005     5.2036   3.104031    31.9873       2973    12.3833  0.000e+00
     55.936     5.1991   3.103856    31.9897       2974    12.3875  0.000e+00
     55.864     5.1942   3.103880    31.9947       2975    12.3917  0.000e+00
     55.800     5.1911   3.103995    31.9990       2976    12.3958  0.000e+00
     55.744     5.1897   3.103928    31.9996       2977    12.4000  0.000e+00
     55.699     5.1890   3.104092    32.0021       2978    12.4042  0.000e+00
     55.660     5.1890   3.103348    31.9937       2979    12.4083  0.000e+00
     55.635     5.1869   3.103390    31.9962       2980    12.4125  0.000e+00
     55.613     5.1852   3.103644    32.0007       2981    12.4167  0.000e+00
     55.591     5.1846   3.103457    31.9992       2982    12.4208  0.000e+00
     55.576     5.1843   3.103644    32.0016       2983    12.4250  0.000e+00
     55.560     5.1843   3.103269    31.9973       2984    12.4292  0.000e+00
     55.542     5.1834   3.103233    31.9978       2985    12.4333  0.000e+00
     55.522     5.1823   3.103209    31.9985       2986    12.4375  0.000e+00
     55.494     5.1818   3.103130    31.9982       2987    12.4417  0.000e+00
     55.465     5.1811   3.102997    31.9973       2988    12.4458  0.000e+00
     55.429     5.1802   3.102936    31.9975       2989    12.4500  0.000e+00
     55.384     5.1793   3.102955    31.9986       2990    12.4542  0.000e+00
     55.338     5.1789   3.103190    32.0017       2991    12.4583  0.000e+00
     55.288     5.1793   3.103209    32.0016       2992    12.4625  0.000e+00
     55.235     5.1799   3.103166    32.0006       2993    12.4667  0.000e+00
     55.177     5.1801   3.102918    31.9976       2994    12.4708  0.000e+00
     55.125     5.1794   3.102918    31.9982       2995    12.4750  0.000e+00
     55.070     5.1788   3.102936    31.9990       2996    12.4792  0.000e+00
     55.014     5.1784   3.102955    31.9997       2997    12.4833  0.000e+00
     54.958     5.1784   3.102979    32.0000       2998    12.4875  0.000e+00
     54.907     5.1785   3.102900    31.9990       2999    12.4917  0.000e+00
     54.862     5.1784   3.102876    31.9988       3000    12.4958  0.000e+00
     54.811     5.1782   3.102876    31.9990       3001    12.5000  0.000e+00
     54.760     5.1780   3.102900    31.9995       3002    12.5042  0.000e+00
     54.713     5.1781   3.102894    31.9994       3003    12.5083  0.000e+00
     54.668     5.1784   3.102876    31.9989       3004    12.5125  0.000e+00
     54.624     5.1786   3.102797    31.9979       3005    12.5167  0.000e+00
     54.582     5.1787   3.102840    31.9983       3006    12.5208  0.000e+00
     54.541     5.1790   3.102876    31.9984       3007    12.5250  0.000e+00
     54.504     5.1792   3.102852    31.9980       3008    12.5292  0.000e+00
     54.468     5.1795   3.102876    31.9980       3009    12.5333  0.000e+00
     54.432     5.1794   3.102876    31.9981       3010    12.5375  0.000e+00
     54.399     5.1794   3.102918    31.9986       3011    12.5417  0.000e+00
     54.359     5.1792   3.102918    31.9988       3012    12.5458  0.000e+00
     54.326     5.1792   3.102918    31.9989       3013    12.5500  0.000e+00
     54.295     5.1792   3.102918    31.9988       3014    12.5542  0.000e+00
     54.263     5.1793   3.102900    31.9986       3015    12.5583  0.000e+00
     54.232     5.1794   3.102900    31.9985       3016    12.5625  0.000e+00
     54.197     5.1795   3.102900    31.9984       3017    12.5667  0.000e+00
     54.164     5.1793   3.102761    31.9971       3018    12.5708  0.000e+00
     54.132     5.1795   3.102731    31.9965       3019    12.5750  0.000e+00
     54.099     5.1795   3.102761    31.9969       3020    12.5792  0.000e+00
     54.065     5.1797   3.102779    31.9969       3021    12.5833  0.000e+00
     54.027     5.1798   3.102797    31.9970       3022    12.5875  0.000e+00
     53.985     5.1801   3.102797    31.9967       3023    12.5917  0.000e+00
     53.940     5.1802   3.102791    31.9966       3024    12.5958  0.000e+00
     53.894     5.1803   3.102761    31.9962       3025    12.6000  0.000e+00
     53.843     5.1802   3.102761    31.9963       3026    12.6042  0.000e+00
     53.790     5.1802   3.102761    31.9964       3027    12.6083  0.000e+00
     53.737     5.1799   3.102742    31.9964       3028    12.6125  0.000e+00
     53.687     5.1799   3.102773    31.9968       3029    12.6167  0.000e+00
     53.638     5.1800   3.102779    31.9968       3030    12.6208  0.000e+00
     53.591     5.1802   3.102857    31.9976       3031    12.6250  0.000e+00
     53.543     5.1807   3.102918    31.9978       3032    12.6292  0.000e+00
     53.499     5.1812   3.102875    31.9968       3033    12.6333  0.000e+00
     53.461     5.1815   3.102894    31.9967       3034    12.6375  0.000e+00
     53.432     5.1818   3.102954    31.9971       3035    12.6417  0.000e+00
     53.401     5.1823   3.103111    31.9985       3036    12.6458  0.000e+00
     53.379     5.1831   3.103287    31.9998       3037    12.6500  0.000e+00
     53.351     5.1844   3.103347    31.9992       3038    12.6542  0.000e+00
     53.329     5.1856   3.103498    31.9998       3039    12.6583  0.000e+00
     53.309     5.1870   3.103565    31.9993       3040    12.6625  0.000e+00
     53.287     5.1883   3.103601    31.9984       3041    12.6667  0.000e+00
     53.262     5.1894   3.103583    31.9972       3042    12.6708  0.000e+00
     53.231     5.1898   3.103504    31.9959       3043    12.6750  0.000e+00
     53.197     5.1901   3.103456    31.9951       3044    12.6792  0.000e+00
     53.159     5.1899   3.103407    31.9947       3045    12.6833  0.000e+00
     53.119     5.1897   3.103365    31.9944       3046    12.6875  0.000e+00
     53.072     5.1897   3.103389    31.9948       3047    12.6917  0.000e+00
     53.016     5.1894   3.103407    31.9953       3048    12.6958  0.000e+00
     52.965     5.1894   3.103389    31.9951       3049    12.7000  0.000e+00
     52.905     5.1896   3.103389    31.9950       3050    12.7042  0.000e+00
     52.843     5.1896   3.103329    31.9943       3051    12.7083  0.000e+00
     52.787     5.1894   3.103311    31.9943       3052    12.7125  0.000e+00
     52.736     5.1891   3.103311    31.9946       3053    12.7167  0.000e+00
     52.680     5.1891   3.103232    31.9938       3054    12.7208  0.000e+00
     52.622     5.1891   3.103208    31.9935       3055    12.7250  0.000e+00
     52.574     5.1891   3.103153    31.9929       3056    12.7292  0.000e+00
     52.522     5.1891   3.103208    31.9936       3057    12.7333  0.000e+00
     52.480     5.1894   3.103232    31.9935       3058    12.7375  0.000e+00
     52.433     5.1897   3.103189    31.9928       3059    12.7417  0.000e+00
     52.384     5.1899   3.103141    31.9921       3060    12.7458  0.000e+00
     52.348     5.1900   3.103050    31.9910       3061    12.7500  0.000e+00
     52.302     5.1898   3.102996    31.9906       3062    12.7542  0.000e+00
     52.264     5.1898   3.103093    31.9917       3063    12.7583  0.000e+00
     52.223     5.1904   3.103250    31.9929       3064    12.7625  0.000e+00
     52.183     5.1914   3.103389    31.9936       3065    12.7667  0.000e+00
     52.147     5.1927   3.103389    31.9924       3066    12.7708  0.000e+00
     52.110     5.1937   3.103443    31.9921       3067    12.7750  0.000e+00
     52.078     5.1943   3.103486    31.9919       3068    12.7792  0.000e+00
     52.043     5.1951   3.103504    31.9914       3069    12.7833  0.000e+00
     52.012     5.1955   3.103558    31.9917       3070    12.7875  0.000e+00
     51.985     5.1958   3.103582    31.9916       3071    12.7917  0.000e+00
     51.964     5.1963   3.103564    31.9910       3072    12.7958  0.000e+00
     51.940     5.1966   3.103540    31.9905       3073    12.8000  0.000e+00
     51.914     5.1966   3.103486    31.9898       3074    12.8042  0.000e+00
     51.884     5.1965   3.103431    31.9893       3075    12.8083  0.000e+00
     51.855     5.1964   3.103461    31.9898       3076    12.8125  0.000e+00
     51.820     5.1962   3.103486    31.9903       3077    12.8167  0.000e+00
     51.780     5.1963   3.103504    31.9904       3078    12.8208  0.000e+00
     51.735     5.1966   3.103540    31.9906       3079    12.8250  0.000e+00
     51.682     5.1970   3.103619    31.9911       3080    12.8292  0.000e+00
     51.622     5.1976   3.103637    31.9907       3081    12.8333  0.000e+00
     51.559     5.1983   3.103697    31.9908       3082    12.8375  0.000e+00
     51.488     5.1992   3.103878    31.9921       3083    12.8417  0.000e+00
     51.417     5.2011   3.104108    31.9929       3084    12.8458  0.000e+00
     51.345     5.2038   3.104187    31.9912       3085    12.8500  0.000e+00
     51.269     5.2070   3.104779    31.9950       3086    12.8542  0.000e+00
