HB2403/sbe126.cnv
* Sea-Bird SBE 19plus V2 Data File:
* FileName = C:\cruise\data\sbe126.hex
* Software Version Seasave V 7.26.7.121
* Temperature SN = 6128
* Conductivity SN = 6128
* System UpLoad Time = Jun 12 2024 15:04:48
* NMEA Latitude = 42 19.07 N
* NMEA Longitude = 070 17.33 W
* NMEA UTC (Time) = Jun 12 2024  15:05:25
** Ship: Henry Bigelow
** Cruise:  HB2403
** Program:  ECOMON
# nquan = 7
# nvalues = 1378                                  
# units = specified
# name 0 = depSM: Depth [salt water, m]
# name 1 = tv290C: Temperature [ITS-90, deg C]
# name 2 = c0S/m: Conductivity [S/m]
# name 3 = sal00: Salinity, Practical [PSU]
# name 4 = scan: Scan Count
# name 5 = timeM: Time, Elapsed [minutes]
# name 6 = flag:  0.000e+00
# span 0 =     -0.095,     24.485                 
# span 1 =     5.5643,    19.4948                 
# span 2 =   0.000198,   4.018168                 
# span 3 =     0.0099,    31.4218                 
# span 4 =         11,       1388                 
# span 5 =     0.0417,     5.7792                 
# span 6 = 0.0000e+00, 0.0000e+00                 
# interval = seconds: 0.25
# start_time = Jun 12 2024 15:05:25 [NMEA time, header]
# bad_flag = -9.990e-29
*END*
[from data line 616]
     18.995     6.5647   3.148931    31.2348        627     2.6083  0.000e+00
     18.932     6.6401   3.153839    31.2197        628     2.6125  0.000e+00
     18.867     6.7145   3.157234    31.1892        629     2.6167  0.000e+00
     18.803     6.7794   3.160229    31.1629        630     2.6208  0.000e+00
     18.744     6.8372   3.163712    31.1484        631     2.6250  0.000e+00
     18.692     6.8911   3.166661    31.1317        632     2.6292  0.000e+00
     18.636     6.9407   3.169726    31.1201        633     2.6333  0.000e+00
     18.589     6.9870   3.171433    31.0968        634     2.6375  0.000e+00
     18.531     7.0240   3.174293    31.0945        635     2.6417  0.000e+00
     18.486     7.0597   3.178033    31.1029        636     2.6458  0.000e+00
     18.435     7.1026   3.182867    31.1165        637     2.6500  0.000e+00
     18.385     7.1570   3.188590    31.1293        638     2.6542  0.000e+00
     18.338     7.2208   3.192684    31.1161        639     2.6583  0.000e+00
     18.284     7.2848   3.197753    31.1131        640     2.6625  0.000e+00
     18.237     7.3523   3.202862    31.1075        641     2.6667  0.000e+00
     18.185     7.4241   3.206847    31.0859        642     2.6708  0.000e+00
     18.136     7.4908   3.209596    31.0556        643     2.6750  0.000e+00
     18.080     7.5459   3.212794    31.0407        644     2.6792  0.000e+00
     18.018     7.5951   3.215816    31.0291        645     2.6833  0.000e+00
     17.964     7.6409   3.218630    31.0182        646     2.6875  0.000e+00
     17.915     7.6838   3.220672    31.0019        647     2.6917  0.000e+00
     17.854     7.7203   3.221941    30.9829        648     2.6958  0.000e+00
     17.791     7.7488   3.222616    30.9648        649     2.7000  0.000e+00
     17.758     7.7686   3.222904    30.9504        650     2.7042  0.000e+00
     17.731     7.7812   3.223204    30.9423        651     2.7083  0.000e+00
     17.715     7.7901   3.223536    30.9380        652     2.7125  0.000e+00
     17.700     7.7962   3.223701    30.9343        653     2.7167  0.000e+00
     17.686     7.8006   3.223805    30.9316        654     2.7208  0.000e+00
     17.666     7.8031   3.223824    30.9295        655     2.7250  0.000e+00
     17.651     7.8044   3.223744    30.9275        656     2.7292  0.000e+00
     17.640     7.8048   3.223701    30.9268        657     2.7333  0.000e+00
     17.626     7.8044   3.223658    30.9266        658     2.7375  0.000e+00
     17.613     7.8037   3.223597    30.9266        659     2.7417  0.000e+00
     17.604     7.8027   3.223535    30.9268        660     2.7458  0.000e+00
     17.601     7.8018   3.223333    30.9255        661     2.7500  0.000e+00
     17.597     7.8003   3.223044    30.9237        662     2.7542  0.000e+00
     17.601     7.7978   3.222676    30.9221        663     2.7583  0.000e+00
     17.612     7.7939   3.221940    30.9177        664     2.7625  0.000e+00
     17.624     7.7878   3.220793    30.9109        665     2.7667  0.000e+00
     17.640     7.7777   3.218996    30.9008        666     2.7708  0.000e+00
     17.660     7.7615   3.215446    30.8774        667     2.7750  0.000e+00
     17.680     7.7329   3.209716    30.8417        668     2.7792  0.000e+00
     17.692     7.6841   3.202516    30.8083        669     2.7833  0.000e+00
     17.707     7.6145   3.196490    30.8057        670     2.7875  0.000e+00
     17.719     7.5347   3.190719    30.8148        671     2.7917  0.000e+00
     17.730     7.4532   3.186638    30.8435        672     2.7958  0.000e+00
     17.736     7.3782   3.181917    30.8595        673     2.8000  0.000e+00
     17.732     7.3079   3.178207    30.8824        674     2.8042  0.000e+00
     17.732     7.2429   3.175334    30.9094        675     2.8083  0.000e+00
     17.722     7.1866   3.173339    30.9384        676     2.8125  0.000e+00
     17.703     7.1415   3.171913    30.9634        677     2.8167  0.000e+00
     17.674     7.1074   3.171334    30.9877        678     2.8208  0.000e+00
     17.638     7.0836   3.171596    31.0120        679     2.8250  0.000e+00
     17.601     7.0711   3.172255    31.0304        680     2.8292  0.000e+00
     17.554     7.0677   3.173304    31.0449        681     2.8333  0.000e+00
     17.503     7.0718   3.175494    31.0649        682     2.8375  0.000e+00
     17.458     7.0873   3.177867    31.0767        683     2.8417  0.000e+00
     17.408     7.1115   3.180284    31.0810        684     2.8458  0.000e+00
     17.360     7.1405   3.182927    31.0835        685     2.8500  0.000e+00
     17.313     7.1734   3.185083    31.0771        686     2.8542  0.000e+00
     17.272     7.2055   3.186194    31.0603        687     2.8583  0.000e+00
     17.230     7.2324   3.187611    31.0515        688     2.8625  0.000e+00
     17.198     7.2556   3.189652    31.0526        689     2.8667  0.000e+00
     17.174     7.2803   3.191448    31.0499        690     2.8708  0.000e+00
     17.157     7.3053   3.193313    31.0475        691     2.8750  0.000e+00
     17.138     7.3311   3.195086    31.0434        692     2.8792  0.000e+00
     17.124     7.3567   3.196633    31.0371        693     2.8833  0.000e+00
     17.113     7.3813   3.197385    31.0231        694     2.8875  0.000e+00
     17.106     7.4014   3.197892    31.0106        695     2.8917  0.000e+00
     17.106     7.4159   3.198094    30.9998        696     2.8958  0.000e+00
     17.102     7.4261   3.197990    30.9896        697     2.9000  0.000e+00
     17.100     7.4317   3.197244    30.9765        698     2.9042  0.000e+00
     17.098     7.4309   3.195598    30.9596        699     2.9083  0.000e+00
     17.091     7.4211   3.193837    30.9495        700     2.9125  0.000e+00
     17.086     7.4041   3.192584    30.9512        701     2.9167  0.000e+00
     17.071     7.3856   3.191918    30.9606        702     2.9208  0.000e+00
     17.051     7.3700   3.192120    30.9767        703     2.9250  0.000e+00
     17.026     7.3613   3.192945    30.9934        704     2.9292  0.000e+00
     16.994     7.3606   3.194627    31.0121        705     2.9333  0.000e+00
     16.965     7.3700   3.198437    31.0446        706     2.9375  0.000e+00
     16.921     7.3959   3.203963    31.0808        707     2.9417  0.000e+00
     16.871     7.4443   3.210754    31.1103        708     2.9458  0.000e+00
     16.816     7.5155   3.216956    31.1129        709     2.9500  0.000e+00
     16.754     7.5966   3.220243    31.0756        710     2.9542  0.000e+00
     16.694     7.6663   3.222187    31.0341        711     2.9583  0.000e+00
     16.631     7.7171   3.223751    31.0056        712     2.9625  0.000e+00
     16.557     7.7541   3.225315    30.9894        713     2.9667  0.000e+00
     16.493     7.7838   3.226524    30.9759        714     2.9708  0.000e+00
     16.427     7.8077   3.227224    30.9621        715     2.9750  0.000e+00
     16.369     7.8255   3.227635    30.9508        716     2.9792  0.000e+00
     16.311     7.8385   3.229108    30.9549        717     2.9833  0.000e+00
     16.262     7.8540   3.232990    30.9824        718     2.9875  0.000e+00
     16.219     7.8834   3.236111    30.9894        719     2.9917  0.000e+00
     16.179     7.9203   3.238329    30.9802        720     2.9958  0.000e+00
     16.155     7.9537   3.240222    30.9707        721     3.0000  0.000e+00
     16.137     7.9832   3.241354    30.9566        722     3.0042  0.000e+00
     16.130     8.0077   3.241415    30.9355        723     3.0083  0.000e+00
     16.121     8.0232   3.240818    30.9156        724     3.0125  0.000e+00
     16.121     8.0294   3.240222    30.9038        725     3.0167  0.000e+00
     16.121     8.0290   3.239607    30.8976        726     3.0208  0.000e+00
     16.135     8.0242   3.238605    30.8912        727     3.0250  0.000e+00
     16.142     8.0159   3.236435    30.8757        728     3.0292  0.000e+00
     16.144     7.9998   3.233664    30.8606        729     3.0333  0.000e+00
     16.148     7.9748   3.231895    30.8639        730     3.0375  0.000e+00
     16.140     7.9483   3.231017    30.8781        731     3.0417  0.000e+00
     16.129     7.9260   3.230397    30.8912        732     3.0458  0.000e+00
     16.119     7.9091   3.229930    30.9012        733     3.0500  0.000e+00
     16.097     7.8968   3.229937    30.9122        734     3.0542  0.000e+00
     16.064     7.8896   3.231177    30.9316        735     3.0583  0.000e+00
     16.021     7.8913   3.234034    30.9604        736     3.0625  0.000e+00
     15.976     7.9081   3.237567    30.9830        737     3.0667  0.000e+00
     15.927     7.9397   3.241581    30.9975        738     3.0708  0.000e+00
     15.869     7.9824   3.246281    31.0095        739     3.0750  0.000e+00
     15.808     8.0340   3.250016    31.0033        740     3.0792  0.000e+00
     15.747     8.0868   3.254147    31.0002        741     3.0833  0.000e+00
     15.674     8.1396   3.259001    31.0048        742     3.0875  0.000e+00
     15.608     8.1980   3.265079    31.0172        743     3.0917  0.000e+00
     15.541     8.2666   3.270000    31.0084        744     3.0958  0.000e+00
     15.478     8.3394   3.275919    31.0064        745     3.1000  0.000e+00
     15.420     8.4138   3.280421    30.9881        746     3.1042  0.000e+00
     15.362     8.4856   3.283930    30.9617        747     3.1083  0.000e+00
     15.310     8.5508   3.286983    30.9365        748     3.1125  0.000e+00
     15.265     8.6066   3.289166    30.9104        749     3.1167  0.000e+00
     15.229     8.6505   3.290965    30.8908        750     3.1208  0.000e+00
     15.190     8.6848   3.292579    30.8776        751     3.1250  0.000e+00
     15.169     8.7130   3.293755    30.8653        752     3.1292  0.000e+00
     15.147     8.7361   3.294658    30.8545        753     3.1333  0.000e+00
     15.134     8.7545   3.294843    30.8404        754     3.1375  0.000e+00
     15.127     8.7668   3.294317    30.8242        755     3.1417  0.000e+00
     15.124     8.7715   3.293247    30.8091        756     3.1458  0.000e+00
     15.129     8.7682   3.292071    30.7998        757     3.1500  0.000e+00
     15.131     8.7587   3.290735    30.7942        758     3.1542  0.000e+00
     15.131     8.7453   3.288805    30.7858        759     3.1583  0.000e+00
     15.129     8.7275   3.287272    30.7854        760     3.1625  0.000e+00
     15.141     8.7066   3.285479    30.7849        761     3.1667  0.000e+00
     15.145     8.6835   3.283594    30.7854        762     3.1708  0.000e+00
     15.140     8.6577   3.281259    30.7836        763     3.1750  0.000e+00
     15.132     8.6280   3.278738    30.7833        764     3.1792  0.000e+00
     15.120     8.5962   3.277250    30.7955        765     3.1833  0.000e+00
     15.104     8.5665   3.275559    30.8038        766     3.1875  0.000e+00
     15.077     8.5409   3.274917    30.8194        767     3.1917  0.000e+00
     15.042     8.5213   3.275368    30.8413        768     3.1958  0.000e+00
     15.006     8.5112   3.276454    30.8615        769     3.2000  0.000e+00
     14.964     8.5110   3.278499    30.8829        770     3.2042  0.000e+00
     14.914     8.5233   3.282174    30.9106        771     3.2083  0.000e+00
     14.856     8.5529   3.287929    30.9447        772     3.2125  0.000e+00
     14.791     8.6039   3.293378    30.9568        773     3.2167  0.000e+00
     14.718     8.6661   3.296942    30.9395        774     3.2208  0.000e+00
     14.651     8.7254   3.300242    30.9220        775     3.2250  0.000e+00
     14.581     8.7790   3.306504    30.9402        776     3.2292  0.000e+00
     14.504     8.8412   3.313540    30.9589        777     3.2333  0.000e+00
     14.435     8.9167   3.317808    30.9373        778     3.2375  0.000e+00
     14.370     8.9904   3.321339    30.9096        779     3.2417  0.000e+00
     14.307     9.0541   3.322996    30.8714        780     3.2458  0.000e+00
     14.256     9.1016   3.324100    30.8417        781     3.2500  0.000e+00
     14.209     9.1339   3.325100    30.8240        782     3.2542  0.000e+00
     14.173     9.1568   3.325795    30.8114        783     3.2583  0.000e+00
     14.144     9.1738   3.326410    30.8030        784     3.2625  0.000e+00
     14.133     9.1865   3.326832    30.7965        785     3.2667  0.000e+00
     14.126     9.1961   3.326963    30.7895        786     3.2708  0.000e+00
     14.135     9.2026   3.326733    30.7815        787     3.2750  0.000e+00
     14.148     9.2050   3.326242    30.7744        788     3.2792  0.000e+00
     14.159     9.2036   3.325391    30.7669        789     3.2833  0.000e+00
     14.178     9.1984   3.324534    30.7625        790     3.2875  0.000e+00
     14.204     9.1897   3.323485    30.7593        791     3.2917  0.000e+00
     14.218     9.1789   3.322212    30.7555        792     3.2958  0.000e+00
     14.229     9.1650   3.320412    30.7490        793     3.3000  0.000e+00
     14.236     9.1478   3.318233    30.7415        794     3.3042  0.000e+00
     14.223     9.1254   3.315882    30.7367        795     3.3083  0.000e+00
     14.210     9.0985   3.313798    30.7385        796     3.3125  0.000e+00
     14.192     9.0710   3.312948    30.7535        797     3.3167  0.000e+00
     14.162     9.0486   3.313389    30.7774        798     3.3208  0.000e+00
     14.120     9.0368   3.314642    30.8005        799     3.3250  0.000e+00
     14.071     9.0366   3.316013    30.8148        800     3.3292  0.000e+00
     14.008     9.0452   3.318104    30.8289        801     3.3333  0.000e+00
     13.946     9.0619   3.319829    30.8322        802     3.3375  0.000e+00
     13.872     9.0822   3.321325    30.8301        803     3.3417  0.000e+00
     13.804     9.1018   3.322765    30.8280        804     3.3458  0.000e+00
     13.732     9.1212   3.324274    30.8267        805     3.3500  0.000e+00
     13.658     9.1420   3.326261    30.8292        806     3.3542  0.000e+00
     13.594     9.1647   3.328106    30.8285        807     3.3583  0.000e+00
     13.531     9.1888   3.329149    30.8185        808     3.3625  0.000e+00
     13.479     9.2094   3.329510    30.8044        809     3.3667  0.000e+00
     13.439     9.2236   3.329696    30.7941        810     3.3708  0.000e+00
     13.397     9.2327   3.329975    30.7891        811     3.3750  0.000e+00
     13.372     9.2389   3.330230    30.7864        812     3.3792  0.000e+00
     13.357     9.2438   3.330504    30.7850        813     3.3833  0.000e+00
     13.350     9.2476   3.330547    30.7822        814     3.3875  0.000e+00
     13.355     9.2503   3.330485    30.7792        815     3.3917  0.000e+00
     13.359     9.2514   3.330336    30.7767        816     3.3958  0.000e+00
     13.366     9.2513   3.330168    30.7751        817     3.4000  0.000e+00
     13.375     9.2500   3.329857    30.7730        818     3.4042  0.000e+00
     13.390     9.2476   3.329341    30.7698        819     3.4083  0.000e+00
     13.393     9.2437   3.328745    30.7670        820     3.4125  0.000e+00
     13.395     9.2382   3.328248    30.7667        821     3.4167  0.000e+00
     13.384     9.2316   3.327639    30.7662        822     3.4208  0.000e+00
     13.371     9.2245   3.327155    30.7673        823     3.4250  0.000e+00
     13.354     9.2171   3.326894    30.7710        824     3.4292  0.000e+00
     13.326     9.2116   3.327006    30.7769        825     3.4333  0.000e+00
     13.293     9.2086   3.327360    30.7831        826     3.4375  0.000e+00
     13.260     9.2086   3.327788    30.7876        827     3.4417  0.000e+00
     13.219     9.2113   3.328360    30.7911        828     3.4458  0.000e+00
     13.170     9.2161   3.329130    30.7949        829     3.4500  0.000e+00
     13.124     9.2230   3.330081    30.7987        830     3.4542  0.000e+00
