HB2403/sbe103.cnv
* Sea-Bird SBE 19plus V2 Data File:
* FileName = C:\cruise\data\sbe103.hex
* Software Version Seasave V 7.26.7.121
* Temperature SN = 6128
* Conductivity SN = 6128
* System UpLoad Time = Jun 10 2024 19:02:08
* NMEA Latitude = 42 59.22 N
* NMEA Longitude = 067 39.70 W
* NMEA UTC (Time) = Jun 10 2024  19:02:44
** Ship: Henry Bigelow
** Cruise:  HB2403
** Program:  ECOMON
# nquan = 7
# nvalues = 4498                                  
# units = specified
# name 0 = depSM: Depth [salt water, m]
# name 1 = tv290C: Temperature [ITS-90, deg C]
# name 2 = c0S/m: Conductivity [S/m]
# name 3 = sal00: Salinity, Practical [PSU]
# name 4 = scan: Scan Count
# name 5 = timeM: Time, Elapsed [minutes]
# name 6 = flag:  0.000e+00
# span 0 =     -0.395,    190.653                 
# span 1 =     5.6122,    16.4991                 
# span 2 =   0.000174,   4.005030                 
# span 3 =     0.0086,    34.0680                 
# span 4 =         11,       4508                 
# span 5 =     0.0417,    18.7792                 
# span 6 = 0.0000e+00, 0.0000e+00                 
# interval = seconds: 0.25
# start_time = Jun 10 2024 19:02:44 [NMEA time, header]
# bad_flag = -9.990e-29
*END*
[from data line 1231]
    162.663     7.3427   3.462482    33.8549       1242     5.1708  0.000e+00
    162.793     7.3432   3.462539    33.8549       1243     5.1750  0.000e+00
    162.932     7.3436   3.462589    33.8550       1244     5.1792  0.000e+00
    163.074     7.3440   3.462652    33.8553       1245     5.1833  0.000e+00
    163.228     7.3446   3.462715    33.8553       1246     5.1875  0.000e+00
    163.382     7.3447   3.462734    33.8553       1247     5.1917  0.000e+00
    163.538     7.3450   3.462760    33.8553       1248     5.1958  0.000e+00
    163.699     7.3452   3.462848    33.8559       1249     5.2000  0.000e+00
    163.861     7.3456   3.462886    33.8558       1250     5.2042  0.000e+00
    164.025     7.3457   3.462949    33.8563       1251     5.2083  0.000e+00
    164.184     7.3460   3.463025    33.8568       1252     5.2125  0.000e+00
    164.330     7.3463   3.463050    33.8567       1253     5.2167  0.000e+00
    164.475     7.3465   3.463246    33.8586       1254     5.2208  0.000e+00
    164.608     7.3472   3.463814    33.8640       1255     5.2250  0.000e+00
    164.733     7.3487   3.463984    33.8643       1256     5.2292  0.000e+00
    164.863     7.3502   3.464155    33.8647       1257     5.2333  0.000e+00
    164.994     7.3514   3.464407    33.8661       1258     5.2375  0.000e+00
    165.127     7.3528   3.464786    33.8689       1259     5.2417  0.000e+00
    165.280     7.3541   3.464849    33.8682       1260     5.2458  0.000e+00
    165.431     7.3554   3.464786    33.8662       1261     5.2500  0.000e+00
    165.578     7.3562   3.464963    33.8672       1262     5.2542  0.000e+00
    165.737     7.3567   3.465058    33.8676       1263     5.2583  0.000e+00
    165.896     7.3574   3.465146    33.8679       1264     5.2625  0.000e+00
    166.056     7.3581   3.465291    33.8687       1265     5.2667  0.000e+00
    166.215     7.3586   3.465607    33.8716       1266     5.2708  0.000e+00
    166.372     7.3597   3.465777    33.8722       1267     5.2750  0.000e+00
    166.526     7.3608   3.465904    33.8725       1268     5.2792  0.000e+00
    166.681     7.3619   3.466030    33.8727       1269     5.2833  0.000e+00
    166.835     7.3628   3.466036    33.8718       1270     5.2875  0.000e+00
    166.977     7.3633   3.466055    33.8714       1271     5.2917  0.000e+00
    167.124     7.3636   3.466144    33.8720       1272     5.2958  0.000e+00
    167.259     7.3640   3.466264    33.8729       1273     5.3000  0.000e+00
    167.390     7.3645   3.466289    33.8726       1274     5.3042  0.000e+00
    167.526     7.3648   3.466308    33.8724       1275     5.3083  0.000e+00
    167.650     7.3652   3.466346    33.8724       1276     5.3125  0.000e+00
    167.777     7.3654   3.466390    33.8727       1277     5.3167  0.000e+00
    167.900     7.3658   3.466352    33.8718       1278     5.3208  0.000e+00
    168.023     7.3658   3.466302    33.8712       1279     5.3250  0.000e+00
    168.151     7.3658   3.466327    33.8714       1280     5.3292  0.000e+00
    168.279     7.3658   3.466182    33.8698       1281     5.3333  0.000e+00
    168.410     7.3652   3.466233    33.8708       1282     5.3375  0.000e+00
    168.547     7.3650   3.466289    33.8716       1283     5.3417  0.000e+00
    168.690     7.3652   3.466498    33.8736       1284     5.3458  0.000e+00
    168.832     7.3654   3.466542    33.8738       1285     5.3500  0.000e+00
    168.983     7.3660   3.466567    33.8734       1286     5.3542  0.000e+00
    169.137     7.3664   3.466163    33.8686       1287     5.3583  0.000e+00
    169.290     7.3666   3.466605    33.8731       1288     5.3625  0.000e+00
    169.445     7.3669   3.466631    33.8730       1289     5.3667  0.000e+00
    169.604     7.3670   3.466650    33.8731       1290     5.3708  0.000e+00
    169.764     7.3670   3.466713    33.8737       1291     5.3750  0.000e+00
    169.929     7.3671   3.466814    33.8745       1292     5.3792  0.000e+00
    170.092     7.3675   3.466921    33.8753       1293     5.3833  0.000e+00
    170.245     7.3677   3.466921    33.8750       1294     5.3875  0.000e+00
    170.413     7.3681   3.467048    33.8759       1295     5.3917  0.000e+00
    170.566     7.3685   3.467433    33.8796       1296     5.3958  0.000e+00
    170.720     7.3696   3.468020    33.8849       1297     5.4000  0.000e+00
    170.875     7.3714   3.468936    33.8929       1298     5.4042  0.000e+00
    171.023     7.3745   3.469397    33.8948       1299     5.4083  0.000e+00
    171.171     7.3777   3.470016    33.8983       1300     5.4125  0.000e+00
    171.303     7.3809   3.470287    33.8981       1301     5.4167  0.000e+00
    171.435     7.3838   3.470692    33.8996       1302     5.4208  0.000e+00
    171.566     7.3862   3.470976    33.9003       1303     5.4250  0.000e+00
    171.687     7.3884   3.471791    33.9069       1304     5.4292  0.000e+00
    171.816     7.3915   3.473231    33.9195       1305     5.4333  0.000e+00
    171.937     7.3962   3.474078    33.9240       1306     5.4375  0.000e+00
    172.063     7.4018   3.476751    33.9475       1307     5.4417  0.000e+00
    172.186     7.4103   3.479109    33.9647       1308     5.4458  0.000e+00
    172.307     7.4209   3.480405    33.9683       1309     5.4500  0.000e+00
    172.424     7.4307   3.480715    33.9620       1310     5.4542  0.000e+00
    172.550     7.4379   3.481657    33.9651       1311     5.4583  0.000e+00
    172.682     7.4439   3.481916    33.9620       1312     5.4625  0.000e+00
    172.812     7.4484   3.482024    33.9587       1313     5.4667  0.000e+00
    172.949     7.4511   3.482391    33.9599       1314     5.4708  0.000e+00
    173.095     7.4537   3.483422    33.9685       1315     5.4750  0.000e+00
    173.242     7.4574   3.483871    33.9697       1316     5.4792  0.000e+00
    173.404     7.4608   3.484276    33.9707       1317     5.4833  0.000e+00
    173.565     7.4637   3.484990    33.9755       1318     5.4875  0.000e+00
    173.731     7.4669   3.484655    33.9686       1319     5.4917  0.000e+00
    173.901     7.4688   3.485041    33.9709       1320     5.4958  0.000e+00
    174.069     7.4701   3.485446    33.9739       1321     5.5000  0.000e+00
    174.232     7.4720   3.485908    33.9771       1322     5.5042  0.000e+00
    174.403     7.4742   3.486787    33.9844       1323     5.5083  0.000e+00
    174.565     7.4774   3.487382    33.9875       1324     5.5125  0.000e+00
    174.724     7.4807   3.487705    33.9878       1325     5.5167  0.000e+00
    174.881     7.4835   3.488597    33.9946       1326     5.5208  0.000e+00
    175.032     7.4871   3.489490    34.0007       1327     5.5250  0.000e+00
    175.177     7.4912   3.489642    33.9982       1328     5.5292  0.000e+00
    175.318     7.4944   3.489724    33.9959       1329     5.5333  0.000e+00
    175.459     7.4964   3.489946    33.9963       1330     5.5375  0.000e+00
    175.587     7.4984   3.490155    33.9965       1331     5.5417  0.000e+00
    175.711     7.4997   3.490686    34.0009       1332     5.5458  0.000e+00
    175.826     7.5016   3.490794    34.0002       1333     5.5500  0.000e+00
    175.945     7.5032   3.490705    33.9976       1334     5.5542  0.000e+00
    176.057     7.5042   3.491244    34.0025       1335     5.5583  0.000e+00
    176.171     7.5056   3.491794    34.0070       1336     5.5625  0.000e+00
    176.284     7.5076   3.492181    34.0091       1337     5.5667  0.000e+00
    176.411     7.5098   3.492624    34.0117       1338     5.5708  0.000e+00
    176.541     7.5123   3.493067    34.0141       1339     5.5750  0.000e+00
    176.685     7.5146   3.493181    34.0129       1340     5.5792  0.000e+00
    176.836     7.5165   3.493137    34.0105       1341     5.5833  0.000e+00
    177.002     7.5176   3.493162    34.0097       1342     5.5875  0.000e+00
    177.166     7.5183   3.493517    34.0127       1343     5.5917  0.000e+00
    177.348     7.5193   3.493713    34.0138       1344     5.5958  0.000e+00
    177.527     7.5204   3.493821    34.0138       1345     5.6000  0.000e+00
    177.704     7.5213   3.493910    34.0137       1346     5.6042  0.000e+00
    177.874     7.5220   3.494119    34.0153       1347     5.6083  0.000e+00
    178.034     7.5230   3.494379    34.0170       1348     5.6125  0.000e+00
    178.191     7.5239   3.494569    34.0181       1349     5.6167  0.000e+00
    178.339     7.5251   3.494765    34.0189       1350     5.6208  0.000e+00
    178.481     7.5262   3.495063    34.0210       1351     5.6250  0.000e+00
    178.612     7.5274   3.495379    34.0232       1352     5.6292  0.000e+00
    178.746     7.5290   3.495639    34.0244       1353     5.6333  0.000e+00
    178.873     7.5308   3.496425    34.0311       1354     5.6375  0.000e+00
    179.008     7.5333   3.496874    34.0335       1355     5.6417  0.000e+00
    179.150     7.5358   3.496976    34.0320       1356     5.6458  0.000e+00
    179.295     7.5377   3.496963    34.0299       1357     5.6500  0.000e+00
    179.437     7.5392   3.497559    34.0349       1358     5.6542  0.000e+00
    179.591     7.5409   3.497774    34.0355       1359     5.6583  0.000e+00
    179.744     7.5425   3.497945    34.0357       1360     5.6625  0.000e+00
    179.901     7.5441   3.498211    34.0369       1361     5.6667  0.000e+00
    180.064     7.5455   3.498801    34.0418       1362     5.6708  0.000e+00
    180.221     7.5476   3.499251    34.0446       1363     5.6750  0.000e+00
    180.371     7.5500   3.499701    34.0470       1364     5.6792  0.000e+00
    180.523     7.5523   3.499992    34.0479       1365     5.6833  0.000e+00
    180.669     7.5544   3.500062    34.0465       1366     5.6875  0.000e+00
    180.802     7.5561   3.500125    34.0454       1367     5.6917  0.000e+00
    180.934     7.5572   3.500170    34.0448       1368     5.6958  0.000e+00
    181.059     7.5579   3.500144    34.0438       1369     5.7000  0.000e+00
    181.183     7.5583   3.500214    34.0441       1370     5.7042  0.000e+00
    181.307     7.5585   3.500189    34.0435       1371     5.7083  0.000e+00
    181.438     7.5588   3.500252    34.0439       1372     5.7125  0.000e+00
    181.576     7.5589   3.500360    34.0448       1373     5.7167  0.000e+00
    181.719     7.5592   3.500354    34.0444       1374     5.7208  0.000e+00
    181.873     7.5595   3.500468    34.0453       1375     5.7250  0.000e+00
    182.034     7.5597   3.500639    34.0469       1376     5.7292  0.000e+00
    182.200     7.5602   3.500829    34.0483       1377     5.7333  0.000e+00
    182.370     7.5611   3.501108    34.0504       1378     5.7375  0.000e+00
    182.549     7.5621   3.501343    34.0519       1379     5.7417  0.000e+00
    182.722     7.5633   3.501755    34.0550       1380     5.7458  0.000e+00
    182.896     7.5649   3.501926    34.0553       1381     5.7500  0.000e+00
    183.063     7.5662   3.502053    34.0553       1382     5.7542  0.000e+00
    183.226     7.5675   3.502268    34.0563       1383     5.7583  0.000e+00
    183.381     7.5687   3.502382    34.0563       1384     5.7625  0.000e+00
    183.527     7.5698   3.502458    34.0560       1385     5.7667  0.000e+00
    183.665     7.5705   3.502630    34.0571       1386     5.7708  0.000e+00
    183.789     7.5710   3.502693    34.0571       1387     5.7750  0.000e+00
    183.911     7.5718   3.502845    34.0580       1388     5.7792  0.000e+00
    184.037     7.5724   3.502940    34.0584       1389     5.7833  0.000e+00
    184.165     7.5731   3.502991    34.0581       1390     5.7875  0.000e+00
    184.285     7.5736   3.503017    34.0579       1391     5.7917  0.000e+00
    184.418     7.5740   3.503036    34.0576       1392     5.7958  0.000e+00
    184.554     7.5742   3.503169    34.0588       1393     5.8000  0.000e+00
    184.692     7.5746   3.503207    34.0587       1394     5.8042  0.000e+00
    184.833     7.5750   3.503124    34.0574       1395     5.8083  0.000e+00
    184.983     7.5751   3.503251    34.0586       1396     5.8125  0.000e+00
    185.135     7.5754   3.503549    34.0615       1397     5.8167  0.000e+00
    185.293     7.5761   3.503600    34.0612       1398     5.8208  0.000e+00
    185.451     7.5768   3.503765    34.0623       1399     5.8250  0.000e+00
    185.617     7.5773   3.503854    34.0626       1400     5.8292  0.000e+00
    185.786     7.5783   3.503955    34.0627       1401     5.8333  0.000e+00
    185.951     7.5787   3.504063    34.0634       1402     5.8375  0.000e+00
    186.119     7.5791   3.504139    34.0638       1403     5.8417  0.000e+00
    186.276     7.5798   3.504215    34.0638       1404     5.8458  0.000e+00
    186.433     7.5804   3.504279    34.0639       1405     5.8500  0.000e+00
    186.586     7.5808   3.504323    34.0638       1406     5.8542  0.000e+00
    186.738     7.5812   3.504368    34.0639       1407     5.8583  0.000e+00
    186.888     7.5814   3.504361    34.0635       1408     5.8625  0.000e+00
    187.038     7.5818   3.504387    34.0633       1409     5.8667  0.000e+00
    187.192     7.5817   3.504431    34.0638       1410     5.8708  0.000e+00
    187.342     7.5820   3.504558    34.0649       1411     5.8750  0.000e+00
    187.499     7.5822   3.504647    34.0655       1412     5.8792  0.000e+00
    187.648     7.5827   3.504704    34.0656       1413     5.8833  0.000e+00
    187.798     7.5831   3.504729    34.0654       1414     5.8875  0.000e+00
    187.945     7.5834   3.504749    34.0652       1415     5.8917  0.000e+00
    188.089     7.5836   3.504774    34.0652       1416     5.8958  0.000e+00
    188.226     7.5838   3.504856    34.0659       1417     5.9000  0.000e+00
    188.359     7.5838   3.505021    34.0676       1418     5.9042  0.000e+00
    188.496     7.5844   3.505116    34.0680       1419     5.9083  0.000e+00
    188.626     7.5850   3.505180    34.0680       1420     5.9125  0.000e+00
    188.762     7.5858   3.505180    34.0672       1421     5.9167  0.000e+00
    188.898     7.5861   3.505199    34.0670       1422     5.9208  0.000e+00
    189.035     7.5863   3.505243    34.0673       1423     5.9250  0.000e+00
    189.181     7.5865   3.505288    34.0674       1424     5.9292  0.000e+00
    189.333     7.5864   3.505269    34.0672       1425     5.9333  0.000e+00
    189.484     7.5867   3.505269    34.0669       1426     5.9375  0.000e+00
    189.643     7.5866   3.505307    34.0673       1427     5.9417  0.000e+00
    189.802     7.5867   3.505332    34.0674       1428     5.9458  0.000e+00
    189.966     7.5868   3.505352    34.0674       1429     5.9500  0.000e+00
    190.134     7.5868   3.505396    34.0678       1430     5.9542  0.000e+00
    190.298     7.5871   3.505415    34.0677       1431     5.9583  0.000e+00
    190.465     7.5872   3.505428    34.0677       1432     5.9625  0.000e+00
    190.611     7.5872   3.505441    34.0677       1433     5.9667  0.000e+00
    190.653     7.5873   3.505460    34.0678       1434     5.9708  0.000e+00
    190.626     7.5873   3.505441    34.0676       1435     5.9750  0.000e+00
    190.552     7.5874   3.505460    34.0678       1436     5.9792  0.000e+00
    190.445     7.5874   3.505402    34.0672       1437     5.9833  0.000e+00
    190.383     7.5874   3.505415    34.0674       1438     5.9875  0.000e+00
    190.318     7.5873   3.505440    34.0677       1439     5.9917  0.000e+00
    190.240     7.5872   3.505396    34.0674       1440     5.9958  0.000e+00
    190.170     7.5874   3.505440    34.0677       1441     6.0000  0.000e+00
    190.082     7.5875   3.505402    34.0672       1442     6.0042  0.000e+00
    190.012     7.5874   3.505396    34.0673       1443     6.0083  0.000e+00
    189.939     7.5873   3.505396    34.0674       1444     6.0125  0.000e+00
    189.881     7.5872   3.505396    34.0675       1445     6.0167  0.000e+00
