HB2403/sbe129.cnv
* Sea-Bird SBE 19plus V2 Data File:
* FileName = C:\cruise\data\sbe129.hex
* Software Version Seasave V 7.26.7.121
* Temperature SN = 6128
* Conductivity SN = 6128
* System UpLoad Time = Jun 12 2024 22:15:03
* NMEA Latitude = 42 04.02 N
* NMEA Longitude = 069 39.61 W
* NMEA UTC (Time) = Jun 12 2024  22:15:41
** Ship: Henry Bigelow
** Cruise:  HB2403
** Program:  ECOMON
# nquan = 7
# nvalues = 4860                                  
# units = specified
# name 0 = depSM: Depth [salt water, m]
# name 1 = tv290C: Temperature [ITS-90, deg C]
# name 2 = c0S/m: Conductivity [S/m]
# name 3 = sal00: Salinity, Practical [PSU]
# name 4 = scan: Scan Count
# name 5 = timeM: Time, Elapsed [minutes]
# name 6 = flag:  0.000e+00
# span 0 =     -0.107,    200.414                 
# span 1 =     4.9225,    22.2586                 
# span 2 =   0.001572,   4.104737                 
# span 3 =     0.0156,    34.0155                 
# span 4 =         11,       4870                 
# span 5 =     0.0417,    20.2875                 
# span 6 = 0.0000e+00, 0.0000e+00                 
# interval = seconds: 0.25
# start_time = Jun 12 2024 22:15:41 [NMEA time, header]
# bad_flag = -9.990e-29
*END*
[from data line 2667]
    114.322     6.2309   3.248311    32.5997       2678    11.1542  0.000e+00
    114.255     6.2298   3.248071    32.5982       2679    11.1583  0.000e+00
    114.197     6.2283   3.247302    32.5911       2680    11.1625  0.000e+00
    114.133     6.2257   3.246311    32.5826       2681    11.1667  0.000e+00
    114.064     6.2216   3.245918    32.5822       2682    11.1708  0.000e+00
    113.995     6.2173   3.245715    32.5841       2683    11.1750  0.000e+00
    113.921     6.2140   3.245549    32.5854       2684    11.1792  0.000e+00
    113.857     6.2116   3.245149    32.5833       2685    11.1833  0.000e+00
    113.785     6.2090   3.244847    32.5824       2686    11.1875  0.000e+00
    113.714     6.2066   3.244540    32.5814       2687    11.1917  0.000e+00
    113.652     6.2041   3.244435    32.5826       2688    11.1958  0.000e+00
    113.586     6.2025   3.244349    32.5833       2689    11.2000  0.000e+00
    113.516     6.2010   3.244250    32.5836       2690    11.2042  0.000e+00
    113.450     6.1998   3.244207    32.5843       2691    11.2083  0.000e+00
    113.378     6.1991   3.243912    32.5817       2692    11.2125  0.000e+00
    113.305     6.1981   3.243629    32.5796       2693    11.2167  0.000e+00
    113.231     6.1967   3.243654    32.5812       2694    11.2208  0.000e+00
    113.160     6.1958   3.243568    32.5812       2695    11.2250  0.000e+00
    113.085     6.1951   3.243549    32.5816       2696    11.2292  0.000e+00
    113.013     6.1947   3.243488    32.5814       2697    11.2333  0.000e+00
    112.928     6.1941   3.243463    32.5817       2698    11.2375  0.000e+00
    112.848     6.1940   3.243365    32.5808       2699    11.2417  0.000e+00
    112.776     6.1935   3.243260    32.5802       2700    11.2458  0.000e+00
    112.701     6.1929   3.243094    32.5789       2701    11.2500  0.000e+00
    112.629     6.1923   3.243112    32.5797       2702    11.2542  0.000e+00
    112.558     6.1918   3.242952    32.5784       2703    11.2583  0.000e+00
    112.483     6.1911   3.242682    32.5762       2704    11.2625  0.000e+00
    112.422     6.1900   3.242559    32.5759       2705    11.2667  0.000e+00
    112.362     6.1890   3.242559    32.5769       2706    11.2708  0.000e+00
    112.299     6.1882   3.242516    32.5771       2707    11.2750  0.000e+00
    112.244     6.1879   3.242454    32.5768       2708    11.2792  0.000e+00
    112.189     6.1874   3.242411    32.5768       2709    11.2833  0.000e+00
    112.129     6.1869   3.242393    32.5771       2710    11.2875  0.000e+00
    112.073     6.1866   3.242368    32.5772       2711    11.2917  0.000e+00
    112.021     6.1865   3.242374    32.5774       2712    11.2958  0.000e+00
    111.968     6.1863   3.242313    32.5769       2713    11.3000  0.000e+00
    111.912     6.1860   3.242226    32.5762       2714    11.3042  0.000e+00
    111.863     6.1857   3.242147    32.5757       2715    11.3083  0.000e+00
    111.797     6.1853   3.242085    32.5754       2716    11.3125  0.000e+00
    111.743     6.1847   3.241993    32.5749       2717    11.3167  0.000e+00
    111.683     6.1843   3.241839    32.5737       2718    11.3208  0.000e+00
    111.620     6.1836   3.241611    32.5719       2719    11.3250  0.000e+00
    111.548     6.1825   3.241365    32.5702       2720    11.3292  0.000e+00
    111.476     6.1811   3.241113    32.5687       2721    11.3333  0.000e+00
    111.408     6.1796   3.240787    32.5666       2722    11.3375  0.000e+00
    111.330     6.1777   3.240252    32.5624       2723    11.3417  0.000e+00
    111.252     6.1754   3.239724    32.5589       2724    11.3458  0.000e+00
    111.167     6.1722   3.239595    32.5605       2725    11.3500  0.000e+00
    111.080     6.1695   3.239367    32.5606       2726    11.3542  0.000e+00
    110.998     6.1676   3.239078    32.5593       2727    11.3583  0.000e+00
    110.913     6.1655   3.238586    32.5558       2728    11.3625  0.000e+00
    110.832     6.1633   3.237947    32.5508       2729    11.3667  0.000e+00
    110.743     6.1603   3.237043    32.5437       2730    11.3708  0.000e+00
    110.660     6.1565   3.236306    32.5392       2731    11.3750  0.000e+00
    110.580     6.1519   3.235046    32.5296       2732    11.3792  0.000e+00
    110.510     6.1465   3.234475    32.5284       2733    11.3833  0.000e+00
    110.434     6.1413   3.234370    32.5322       2734    11.3875  0.000e+00
    110.369     6.1379   3.234309    32.5349       2735    11.3917  0.000e+00
    110.307     6.1353   3.234223    32.5364       2736    11.3958  0.000e+00
    110.249     6.1339   3.234125    32.5367       2737    11.4000  0.000e+00
    110.197     6.1328   3.234198    32.5386       2738    11.4042  0.000e+00
    110.144     6.1322   3.234161    32.5387       2739    11.4083  0.000e+00
    110.093     6.1321   3.234100    32.5382       2740    11.4125  0.000e+00
    110.053     6.1316   3.234081    32.5385       2741    11.4167  0.000e+00
    110.011     6.1313   3.234002    32.5379       2742    11.4208  0.000e+00
    109.962     6.1310   3.233959    32.5377       2743    11.4250  0.000e+00
    109.911     6.1308   3.233897    32.5373       2744    11.4292  0.000e+00
    109.864     6.1304   3.233854    32.5372       2745    11.4333  0.000e+00
    109.805     6.1301   3.233787    32.5368       2746    11.4375  0.000e+00
    109.751     6.1296   3.233670    32.5360       2747    11.4417  0.000e+00
    109.682     6.1291   3.233651    32.5363       2748    11.4458  0.000e+00
    109.606     6.1287   3.233627    32.5364       2749    11.4500  0.000e+00
    109.532     6.1282   3.232994    32.5299       2750    11.4542  0.000e+00
    109.448     6.1266   3.231311    32.5127       2751    11.4583  0.000e+00
    109.366     6.1216   3.230347    32.5068       2752    11.4625  0.000e+00
    109.270     6.1150   3.230015    32.5094       2753    11.4667  0.000e+00
    109.192     6.1094   3.229168    32.5053       2754    11.4708  0.000e+00
    109.105     6.1043   3.228664    32.5047       2755    11.4750  0.000e+00
    109.017     6.0995   3.228112    32.5031       2756    11.4792  0.000e+00
    108.931     6.0955   3.227841    32.5040       2757    11.4833  0.000e+00
    108.850     6.0924   3.227620    32.5046       2758    11.4875  0.000e+00
    108.767     6.0897   3.227455    32.5054       2759    11.4917  0.000e+00
    108.687     6.0876   3.227313    32.5058       2760    11.4958  0.000e+00
    108.617     6.0861   3.227105    32.5049       2761    11.5000  0.000e+00
    108.546     6.0847   3.227025    32.5055       2762    11.5042  0.000e+00
    108.479     6.0836   3.226939    32.5055       2763    11.5083  0.000e+00
    108.418     6.0827   3.226878    32.5058       2764    11.5125  0.000e+00
    108.362     6.0819   3.226736    32.5050       2765    11.5167  0.000e+00
    108.301     6.0812   3.226718    32.5055       2766    11.5208  0.000e+00
    108.256     6.0806   3.226632    32.5051       2767    11.5250  0.000e+00
    108.207     6.0802   3.226472    32.5038       2768    11.5292  0.000e+00
    108.163     6.0795   3.226429    32.5040       2769    11.5333  0.000e+00
    108.118     6.0788   3.226386    32.5042       2770    11.5375  0.000e+00
    108.065     6.0784   3.226343    32.5041       2771    11.5417  0.000e+00
    108.017     6.0780   3.226288    32.5039       2772    11.5458  0.000e+00
    107.968     6.0777   3.226184    32.5030       2773    11.5500  0.000e+00
    107.910     6.0771   3.225938    32.5009       2774    11.5542  0.000e+00
    107.852     6.0764   3.225815    32.5003       2775    11.5583  0.000e+00
    107.789     6.0754   3.225650    32.4993       2776    11.5625  0.000e+00
    107.721     6.0743   3.225570    32.4996       2777    11.5667  0.000e+00
    107.646     6.0734   3.225423    32.4988       2778    11.5708  0.000e+00
    107.568     6.0728   3.225275    32.4978       2779    11.5750  0.000e+00
    107.493     6.0718   3.225036    32.4961       2780    11.5792  0.000e+00
    107.408     6.0706   3.224686    32.4934       2781    11.5833  0.000e+00
    107.321     6.0688   3.224238    32.4901       2782    11.5875  0.000e+00
    107.240     6.0669   3.224072    32.4902       2783    11.5917  0.000e+00
    107.156     6.0649   3.224072    32.4921       2784    11.5958  0.000e+00
    107.077     6.0635   3.223318    32.4850       2785    11.6000  0.000e+00
    107.001     6.0612   3.222722    32.4807       2786    11.6042  0.000e+00
    106.925     6.0578   3.222336    32.4797       2787    11.6083  0.000e+00
    106.858     6.0548   3.222152    32.4805       2788    11.6125  0.000e+00
    106.791     6.0522   3.222256    32.4841       2789    11.6167  0.000e+00
    106.726     6.0510   3.222005    32.4826       2790    11.6208  0.000e+00
    106.679     6.0496   3.221986    32.4837       2791    11.6250  0.000e+00
    106.623     6.0487   3.221968    32.4844       2792    11.6292  0.000e+00
    106.577     6.0480   3.221906    32.4844       2793    11.6333  0.000e+00
    106.523     6.0475   3.221845    32.4842       2794    11.6375  0.000e+00
    106.480     6.0469   3.221679    32.4829       2795    11.6417  0.000e+00
    106.433     6.0464   3.221600    32.4826       2796    11.6458  0.000e+00
    106.382     6.0457   3.221557    32.4828       2797    11.6500  0.000e+00
    106.333     6.0452   3.221557    32.4833       2798    11.6542  0.000e+00
    106.288     6.0448   3.221250    32.4802       2799    11.6583  0.000e+00
    106.233     6.0442   3.221207    32.4804       2800    11.6625  0.000e+00
    106.184     6.0434   3.221250    32.4816       2801    11.6667  0.000e+00
    106.132     6.0431   3.221207    32.4815       2802    11.6708  0.000e+00
    106.068     6.0428   3.220925    32.4787       2803    11.6750  0.000e+00
    106.014     6.0421   3.220207    32.4714       2804    11.6792  0.000e+00
    105.945     6.0399   3.219348    32.4639       2805    11.6833  0.000e+00
    105.874     6.0357   3.218244    32.4556       2806    11.6875  0.000e+00
    105.794     6.0306   3.217674    32.4541       2807    11.6917  0.000e+00
    105.712     6.0255   3.217153    32.4533       2808    11.6958  0.000e+00
    105.627     6.0212   3.216650    32.4518       2809    11.7000  0.000e+00
    105.548     6.0173   3.215957    32.4478       2810    11.7042  0.000e+00
    105.457     6.0131   3.214817    32.4391       2811    11.7083  0.000e+00
    105.366     6.0080   3.213855    32.4332       2812    11.7125  0.000e+00
    105.283     6.0019   3.213125    32.4310       2813    11.7167  0.000e+00
    105.196     5.9962   3.212733    32.4322       2814    11.7208  0.000e+00
    105.107     5.9913   3.211961    32.4282       2815    11.7250  0.000e+00
    105.020     5.9867   3.211348    32.4258       2816    11.7292  0.000e+00
    104.946     5.9822   3.210374    32.4192       2817    11.7333  0.000e+00
    104.870     5.9772   3.209805    32.4177       2818    11.7375  0.000e+00
    104.806     5.9719   3.209253    32.4166       2819    11.7417  0.000e+00
    104.740     5.9676   3.208420    32.4114       2820    11.7458  0.000e+00
    104.680     5.9630   3.208089    32.4122       2821    11.7500  0.000e+00
    104.627     5.9590   3.206705    32.4006       2822    11.7542  0.000e+00
    104.571     5.9535   3.205591    32.3934       2823    11.7583  0.000e+00
    104.520     5.9467   3.205022    32.3935       2824    11.7625  0.000e+00
    104.467     5.9406   3.204673    32.3955       2825    11.7667  0.000e+00
    104.411     5.9358   3.204207    32.3948       2826    11.7708  0.000e+00
    104.356     5.9318   3.203595    32.3919       2827    11.7750  0.000e+00
    104.300     5.9280   3.203210    32.3913       2828    11.7792  0.000e+00
    104.249     5.9245   3.202744    32.3894       2829    11.7833  0.000e+00
    104.192     5.9213   3.202316    32.3876       2830    11.7875  0.000e+00
    104.134     5.9184   3.202218    32.3894       2831    11.7917  0.000e+00
    104.073     5.9158   3.202218    32.3919       2832    11.7958  0.000e+00
    104.009     5.9144   3.202053    32.3914       2833    11.8000  0.000e+00
    103.947     5.9133   3.201300    32.3841       2834    11.8042  0.000e+00
    103.889     5.9109   3.200712    32.3798       2835    11.8083  0.000e+00
    103.826     5.9073   3.199599    32.3708       2836    11.8125  0.000e+00
    103.755     5.9023   3.198400    32.3622       2837    11.8167  0.000e+00
    103.692     5.8960   3.196253    32.3442       2838    11.8208  0.000e+00
    103.616     5.8866   3.194491    32.3335       2839    11.8250  0.000e+00
    103.540     5.8754   3.193617    32.3344       2840    11.8292  0.000e+00
    103.467     5.8655   3.192908    32.3360       2841    11.8333  0.000e+00
    103.395     5.8576   3.192401    32.3379       2842    11.8375  0.000e+00
    103.316     5.8516   3.192040    32.3396       2843    11.8417  0.000e+00
    103.236     5.8467   3.192077    32.3447       2844    11.8458  0.000e+00
    103.158     5.8436   3.191471    32.3409       2845    11.8500  0.000e+00
    103.088     5.8408   3.191692    32.3461       2846    11.8542  0.000e+00
    103.013     5.8388   3.191209    32.3426       2847    11.8583  0.000e+00
    102.946     5.8368   3.191007    32.3423       2848    11.8625  0.000e+00
    102.876     5.8346   3.190524    32.3391       2849    11.8667  0.000e+00
    102.805     5.8322   3.190218    32.3379       2850    11.8708  0.000e+00
    102.738     5.8294   3.189852    32.3365       2851    11.8750  0.000e+00
    102.674     5.8266   3.188923    32.3288       2852    11.8792  0.000e+00
    102.605     5.8224   3.189106    32.3349       2853    11.8833  0.000e+00
    102.547     5.8196   3.188257    32.3281       2854    11.8875  0.000e+00
    102.479     5.8160   3.186638    32.3134       2855    11.8917  0.000e+00
    102.412     5.8095   3.186357    32.3164       2856    11.8958  0.000e+00
    102.353     5.8037   3.186400    32.3225       2857    11.9000  0.000e+00
    102.291     5.8000   3.186357    32.3256       2858    11.9042  0.000e+00
    102.226     5.7979   3.186479    32.3290       2859    11.9083  0.000e+00
    102.164     5.7969   3.186436    32.3296       2860    11.9125  0.000e+00
    102.097     5.7964   3.186601    32.3319       2861    11.9167  0.000e+00
    102.028     5.7966   3.186760    32.3335       2862    11.9208  0.000e+00
    101.963     5.7971   3.186577    32.3310       2863    11.9250  0.000e+00
    101.894     5.7974   3.186338    32.3281       2864    11.9292  0.000e+00
    101.820     5.7966   3.186277    32.3282       2865    11.9333  0.000e+00
    101.748     5.7960   3.186216    32.3281       2866    11.9375  0.000e+00
    101.673     5.7952   3.186112    32.3278       2867    11.9417  0.000e+00
    101.605     5.7944   3.186057    32.3279       2868    11.9458  0.000e+00
    101.523     5.7940   3.186235    32.3304       2869    11.9500  0.000e+00
    101.444     5.7939   3.186216    32.3302       2870    11.9542  0.000e+00
    101.366     5.7943   3.186198    32.3297       2871    11.9583  0.000e+00
    101.287     5.7942   3.185892    32.3265       2872    11.9625  0.000e+00
    101.216     5.7935   3.185972    32.3281       2873    11.9667  0.000e+00
    101.148     5.7932   3.186015    32.3289       2874    11.9708  0.000e+00
    101.070     5.7930   3.185349    32.3216       2875    11.9750  0.000e+00
    101.003     5.7913   3.184921    32.3185       2876    11.9792  0.000e+00
    100.933     5.7887   3.184866    32.3204       2877    11.9833  0.000e+00
    100.871     5.7871   3.185367    32.3275       2878    11.9875  0.000e+00
    100.803     5.7871   3.185428    32.3282       2879    11.9917  0.000e+00
    100.736     5.7875   3.184744    32.3202       2880    11.9958  0.000e+00
    100.663     5.7863   3.184781    32.3218       2881    12.0000  0.000e+00
