HB2403/sbe128.cnv
* Sea-Bird SBE 19plus V2 Data File:
* FileName = C:\cruise\data\sbe128.hex
* Software Version Seasave V 7.26.7.121
* Temperature SN = 6128
* Conductivity SN = 6128
* System UpLoad Time = Jun 12 2024 18:37:58
* NMEA Latitude = 42 30.26 N
* NMEA Longitude = 069 41.05 W
* NMEA UTC (Time) = Jun 12 2024  18:38:36
** Ship: Henry Bigelow
** Cruise:  HB2403
** Program:  ECOMON
# nquan = 7
# nvalues = 6102                                  
# units = specified
# name 0 = depSM: Depth [salt water, m]
# name 1 = tv290C: Temperature [ITS-90, deg C]
# name 2 = c0S/m: Conductivity [S/m]
# name 3 = sal00: Salinity, Practical [PSU]
# name 4 = scan: Scan Count
# name 5 = timeM: Time, Elapsed [minutes]
# name 6 = flag:  0.000e+00
# span 0 =      0.006,    199.909                 
# span 1 =     5.0640,    18.7563                 
# span 2 =   0.000288,   4.046080                 
# span 3 =     0.0098,    34.1554                 
# span 4 =         11,       6112                 
# span 5 =     0.0417,    25.4625                 
# span 6 = 0.0000e+00, 0.0000e+00                 
# interval = seconds: 0.25
# start_time = Jun 12 2024 18:38:36 [NMEA time, header]
# bad_flag = -9.990e-29
*END*
[from data line 821]
     94.459     5.9780   3.212160    32.4484        832     3.4625  0.000e+00
     94.580     5.9817   3.213122    32.4555        833     3.4667  0.000e+00
     94.697     5.9872   3.214753    32.4685        834     3.4708  0.000e+00
     94.818     5.9953   3.216003    32.4746        835     3.4750  0.000e+00
     94.937     6.0041   3.216831    32.4754        836     3.4792  0.000e+00
     95.055     6.0125   3.217751    32.4776        837     3.4833  0.000e+00
     95.172     6.0196   3.219063    32.4854        838     3.4875  0.000e+00
     95.286     6.0265   3.219695    32.4858        839     3.4917  0.000e+00
     95.403     6.0326   3.219817    32.4813        840     3.4958  0.000e+00
     95.513     6.0360   3.219124    32.4702        841     3.5000  0.000e+00
     95.627     6.0365   3.219756    32.4767        842     3.5042  0.000e+00
     95.739     6.0369   3.220529    32.4849        843     3.5083  0.000e+00
     95.847     6.0388   3.221308    32.4918        844     3.5125  0.000e+00
     95.959     6.0418   3.221848    32.4948        845     3.5167  0.000e+00
     96.075     6.0453   3.222799    32.5021        846     3.5208  0.000e+00
     96.186     6.0491   3.222866    32.4991        847     3.5250  0.000e+00
     96.302     6.0520   3.222474    32.4920        848     3.5292  0.000e+00
     96.419     6.0527   3.223069    32.4979        849     3.5333  0.000e+00
     96.537     6.0537   3.223069    32.4968        850     3.5375  0.000e+00
     96.659     6.0552   3.223210    32.4969        851     3.5417  0.000e+00
     96.784     6.0563   3.223026    32.4938        852     3.5458  0.000e+00
     96.906     6.0568   3.223192    32.4950        853     3.5500  0.000e+00
     97.031     6.0577   3.223229    32.4946        854     3.5542  0.000e+00
     97.157     6.0588   3.224438    32.5069        855     3.5583  0.000e+00
     97.280     6.0619   3.225235    32.5128        856     3.5625  0.000e+00
     97.402     6.0672   3.225978    32.5160        857     3.5667  0.000e+00
     97.529     6.0730   3.227101    32.5229        858     3.5708  0.000e+00
     97.652     6.0800   3.229048    32.5379        859     3.5750  0.000e+00
     97.770     6.0896   3.229502    32.5336        860     3.5792  0.000e+00
     97.892     6.0986   3.231449    32.5467        861     3.5833  0.000e+00
     98.005     6.1086   3.231307    32.5355        862     3.5875  0.000e+00
     98.128     6.1165   3.231989    32.5354        863     3.5917  0.000e+00
     98.240     6.1218   3.232087    32.5314        864     3.5958  0.000e+00
     98.357     6.1255   3.232929    32.5372        865     3.6000  0.000e+00
     98.479     6.1299   3.233955    32.5444        866     3.6042  0.000e+00
     98.592     6.1357   3.235866    32.5600        867     3.6083  0.000e+00
     98.708     6.1452   3.236524    32.5583        868     3.6125  0.000e+00
     98.825     6.1542   3.236689    32.5514        869     3.6167  0.000e+00
     98.943     6.1601   3.237359    32.5531        870     3.6208  0.000e+00
     99.060     6.1651   3.237943    32.5548        871     3.6250  0.000e+00
     99.181     6.1700   3.238785    32.5594        872     3.6292  0.000e+00
     99.298     6.1749   3.239259    32.5600        873     3.6333  0.000e+00
     99.413     6.1794   3.239794    32.5616        874     3.6375  0.000e+00
     99.532     6.1830   3.240802    32.5693        875     3.6417  0.000e+00
     99.648     6.1872   3.241811    32.5764        876     3.6458  0.000e+00
     99.769     6.1919   3.241854    32.5724        877     3.6500  0.000e+00
     99.882     6.1956   3.243607    32.5882        878     3.6542  0.000e+00
    100.000     6.2007   3.242948    32.5760        879     3.6583  0.000e+00
    100.121     6.2040   3.243957    32.5840        880     3.6625  0.000e+00
    100.245     6.2073   3.244412    32.5858        881     3.6667  0.000e+00
    100.372     6.2109   3.246326    32.6037        882     3.6708  0.000e+00
    100.493     6.2173   3.247852    32.6145        883     3.6750  0.000e+00
    100.623     6.2258   3.247692    32.6045        884     3.6792  0.000e+00
    100.749     6.2315   3.249901    32.6234        885     3.6833  0.000e+00
    100.877     6.2402   3.252752    32.6468        886     3.6875  0.000e+00
    101.014     6.2544   3.254926    32.6573        887     3.6917  0.000e+00
    101.152     6.2697   3.255671    32.6508        888     3.6958  0.000e+00
    101.285     6.2826   3.256176    32.6440        889     3.7000  0.000e+00
    101.418     6.2919   3.254279    32.6139        890     3.7042  0.000e+00
    101.545     6.2940   3.254408    32.6133        891     3.7083  0.000e+00
    101.680     6.2933   3.256041    32.6320        892     3.7125  0.000e+00
    101.801     6.2960   3.257636    32.6471        893     3.7167  0.000e+00
    101.920     6.3027   3.259781    32.6645        894     3.7208  0.000e+00
    102.041     6.3135   3.261617    32.6745        895     3.7250  0.000e+00
    102.155     6.3256   3.261494    32.6614        896     3.7292  0.000e+00
    102.270     6.3330   3.261987    32.6598        897     3.7333  0.000e+00
    102.380     6.3388   3.265662    32.6949        898     3.7375  0.000e+00
    102.493     6.3498   3.267210    32.7014        899     3.7417  0.000e+00
    102.598     6.3623   3.266433    32.6808        900     3.7458  0.000e+00
    102.708     6.3692   3.267037    32.6808        901     3.7500  0.000e+00
    102.812     6.3735   3.266951    32.6758        902     3.7542  0.000e+00
    102.923     6.3765   3.267469    32.6785        903     3.7583  0.000e+00
    103.033     6.3786   3.266050    32.6608        904     3.7625  0.000e+00
    103.150     6.3775   3.266766    32.6697        905     3.7667  0.000e+00
    103.267     6.3774   3.267432    32.6771        906     3.7708  0.000e+00
    103.392     6.3790   3.267722    32.6787        907     3.7750  0.000e+00
    103.515     6.3814   3.268098    32.6805        908     3.7792  0.000e+00
    103.639     6.3838   3.268864    32.6866        909     3.7833  0.000e+00
    103.772     6.3869   3.268654    32.6813        910     3.7875  0.000e+00
    103.906     6.3890   3.268302    32.6753        911     3.7917  0.000e+00
    104.038     6.3895   3.268327    32.6751        912     3.7958  0.000e+00
    104.177     6.3893   3.269228    32.6852        913     3.8000  0.000e+00
    104.316     6.3911   3.269882    32.6906        914     3.8042  0.000e+00
    104.448     6.3937   3.269845    32.6877        915     3.8083  0.000e+00
    104.580     6.3956   3.269549    32.6824        916     3.8125  0.000e+00
    104.711     6.3962   3.270098    32.6879        917     3.8167  0.000e+00
    104.834     6.3968   3.271320    32.7008        918     3.8208  0.000e+00
    104.960     6.3999   3.272338    32.7091        919     3.8250  0.000e+00
    105.081     6.4049   3.272924    32.7108        920     3.8292  0.000e+00
    105.198     6.4093   3.273529    32.7131        921     3.8333  0.000e+00
    105.316     6.4135   3.273758    32.7116        922     3.8375  0.000e+00
    105.428     6.4169   3.274153    32.7127        923     3.8417  0.000e+00
    105.538     6.4195   3.274591    32.7150        924     3.8458  0.000e+00
    105.650     6.4219   3.275258    32.7200        925     3.8500  0.000e+00
    105.758     6.4249   3.276252    32.7281        926     3.8542  0.000e+00
    105.870     6.4290   3.276258    32.7242        927     3.8583  0.000e+00
    105.977     6.4322   3.276573    32.7246        928     3.8625  0.000e+00
    106.088     6.4348   3.276864    32.7252        929     3.8667  0.000e+00
    106.195     6.4371   3.277024    32.7247        930     3.8708  0.000e+00
    106.303     6.4393   3.277092    32.7233        931     3.8750  0.000e+00
    106.415     6.4407   3.277321    32.7244        932     3.8792  0.000e+00
    106.523     6.4421   3.277531    32.7254        933     3.8833  0.000e+00
    106.637     6.4431   3.277500    32.7240        934     3.8875  0.000e+00
    106.749     6.4439   3.277321    32.7212        935     3.8917  0.000e+00
    106.859     6.4444   3.278136    32.7297        936     3.8958  0.000e+00
    106.969     6.4455   3.278636    32.7342        937     3.9000  0.000e+00
    107.079     6.4480   3.278791    32.7334        938     3.9042  0.000e+00
    107.186     6.4503   3.279390    32.7378        939     3.9083  0.000e+00
    107.297     6.4528   3.280032    32.7424        940     3.9125  0.000e+00
    107.404     6.4558   3.280304    32.7426        941     3.9167  0.000e+00
    107.517     6.4592   3.280236    32.7385        942     3.9208  0.000e+00
    107.627     6.4611   3.280329    32.7376        943     3.9250  0.000e+00
    107.735     6.4623   3.281979    32.7546        944     3.9292  0.000e+00
    107.849     6.4671   3.283233    32.7639        945     3.9333  0.000e+00
    107.968     6.4736   3.284024    32.7664        946     3.9375  0.000e+00
    108.083     6.4799   3.284148    32.7616        947     3.9417  0.000e+00
    108.200     6.4853   3.285069    32.7666        948     3.9458  0.000e+00
    108.314     6.4907   3.286515    32.7774        949     3.9500  0.000e+00
    108.431     6.4978   3.286948    32.7753        950     3.9542  0.000e+00
    108.550     6.5040   3.288333    32.7845        951     3.9583  0.000e+00
    108.673     6.5109   3.288816    32.7832        952     3.9625  0.000e+00
    108.790     6.5175   3.288945    32.7782        953     3.9667  0.000e+00
    108.909     6.5220   3.289892    32.7843        954     3.9708  0.000e+00
    109.023     6.5265   3.290745    32.7894        955     3.9750  0.000e+00
    109.145     6.5324   3.291562    32.7927        956     3.9792  0.000e+00
    109.261     6.5383   3.291791    32.7895        957     3.9833  0.000e+00
    109.382     6.5431   3.291228    32.7787        958     3.9875  0.000e+00
    109.495     6.5445   3.291958    32.7853        959     3.9917  0.000e+00
    109.613     6.5466   3.293133    32.7962        960     3.9958  0.000e+00
    109.726     6.5510   3.293560    32.7967        961     4.0000  0.000e+00
    109.842     6.5559   3.294396    32.8011        962     4.0042  0.000e+00
    109.950     6.5612   3.295380    32.8069        963     4.0083  0.000e+00
    110.058     6.5670   3.295380    32.8012        964     4.0125  0.000e+00
    110.165     6.5715   3.295392    32.7970        965     4.0167  0.000e+00
    110.267     6.5741   3.296011    32.8013        966     4.0208  0.000e+00
    110.368     6.5771   3.297100    32.8103        967     4.0250  0.000e+00
    110.468     6.5818   3.297967    32.8154        968     4.0292  0.000e+00
    110.565     6.5873   3.298995    32.8214        969     4.0333  0.000e+00
    110.660     6.5936   3.300215    32.8288        970     4.0375  0.000e+00
    110.758     6.6012   3.300722    32.8271        971     4.0417  0.000e+00
    110.859     6.6073   3.300927    32.8234        972     4.0458  0.000e+00
    110.954     6.6122   3.300883    32.8182        973     4.0500  0.000e+00
    111.059     6.6148   3.300927    32.8161        974     4.0542  0.000e+00
    111.164     6.6164   3.301397    32.8197        975     4.0583  0.000e+00
    111.272     6.6183   3.301620    32.8203        976     4.0625  0.000e+00
    111.382     6.6202   3.301472    32.8168        977     4.0667  0.000e+00
    111.499     6.6212   3.301658    32.8178        978     4.0708  0.000e+00
    111.616     6.6218   3.302023    32.8212        979     4.0750  0.000e+00
    111.735     6.6236   3.302358    32.8231        980     4.0792  0.000e+00
    111.862     6.6256   3.302680    32.8247        981     4.0833  0.000e+00
    111.981     6.6277   3.303095    32.8272        982     4.0875  0.000e+00
    112.107     6.6306   3.303491    32.8288        983     4.0917  0.000e+00
    112.231     6.6334   3.303851    32.8300        984     4.0958  0.000e+00
    112.358     6.6361   3.304061    32.8296        985     4.1000  0.000e+00
    112.481     6.6381   3.304123    32.8283        986     4.1042  0.000e+00
    112.600     6.6396   3.304167    32.8273        987     4.1083  0.000e+00
    112.717     6.6407   3.304761    32.8327        988     4.1125  0.000e+00
    112.834     6.6428   3.305139    32.8348        989     4.1167  0.000e+00
    112.946     6.6452   3.305895    32.8408        990     4.1208  0.000e+00
    113.060     6.6488   3.306342    32.8422        991     4.1250  0.000e+00
    113.164     6.6530   3.307327    32.8490        992     4.1292  0.000e+00
    113.275     6.6580   3.308722    32.8595        993     4.1333  0.000e+00
    113.372     6.6652   3.310209    32.8690        994     4.1375  0.000e+00
    113.477     6.6738   3.310364    32.8624        995     4.1417  0.000e+00
    113.578     6.6803   3.310724    32.8600        996     4.1458  0.000e+00
    113.678     6.6853   3.311028    32.8585        997     4.1500  0.000e+00
    113.783     6.6894   3.311505    32.8599        998     4.1542  0.000e+00
    113.881     6.6929   3.312138    32.8634        999     4.1583  0.000e+00
    113.987     6.6970   3.312274    32.8609       1000     4.1625  0.000e+00
    114.090     6.7001   3.312795    32.8636       1001     4.1667  0.000e+00
    114.200     6.7033   3.313217    32.8651       1002     4.1708  0.000e+00
    114.310     6.7066   3.313595    32.8661       1003     4.1750  0.000e+00
    114.418     6.7095   3.313974    32.8674       1004     4.1792  0.000e+00
    114.527     6.7128   3.314166    32.8663       1005     4.1833  0.000e+00
    114.637     6.7153   3.314017    32.8622       1006     4.1875  0.000e+00
    114.750     6.7166   3.314439    32.8656       1007     4.1917  0.000e+00
    114.862     6.7183   3.315009    32.8701       1008     4.1958  0.000e+00
    114.976     6.7209   3.315096    32.8685       1009     4.2000  0.000e+00
    115.086     6.7230   3.315202    32.8677       1010     4.2042  0.000e+00
    115.197     6.7247   3.316089    32.8757       1011     4.2083  0.000e+00
    115.311     6.7273   3.316170    32.8741       1012     4.2125  0.000e+00
    115.423     6.7300   3.316257    32.8724       1013     4.2167  0.000e+00
    115.535     6.7318   3.316958    32.8783       1014     4.2208  0.000e+00
    115.647     6.7345   3.317088    32.8771       1015     4.2250  0.000e+00
    115.758     6.7366   3.316852    32.8725       1016     4.2292  0.000e+00
    115.877     6.7376   3.317634    32.8800       1017     4.2333  0.000e+00
    115.995     6.7392   3.317572    32.8777       1018     4.2375  0.000e+00
    116.114     6.7410   3.317423    32.8744       1019     4.2417  0.000e+00
    116.233     6.7413   3.317256    32.8721       1020     4.2458  0.000e+00
    116.350     6.7414   3.317355    32.8731       1021     4.2500  0.000e+00
    116.467     6.7414   3.318100    32.8812       1022     4.2542  0.000e+00
    116.586     6.7427   3.318652    32.8860       1023     4.2583  0.000e+00
    116.698     6.7456   3.319142    32.8886       1024     4.2625  0.000e+00
    116.810     6.7488   3.320558    32.9010       1025     4.2667  0.000e+00
    116.925     6.7540   3.322420    32.9164       1026     4.2708  0.000e+00
    117.033     6.7615   3.323829    32.9247       1027     4.2750  0.000e+00
    117.143     6.7707   3.325643    32.9356       1028     4.2792  0.000e+00
    117.259     6.7815   3.328401    32.9556       1029     4.2833  0.000e+00
    117.367     6.7956   3.329942    32.9589       1030     4.2875  0.000e+00
    117.486     6.8091   3.331608    32.9641       1031     4.2917  0.000e+00
    117.594     6.8213   3.332478    32.9620       1032     4.2958  0.000e+00
    117.703     6.8316   3.334057    32.9694       1033     4.3000  0.000e+00
    117.811     6.8416   3.335014    32.9702       1034     4.3042  0.000e+00
    117.918     6.8510   3.335437    32.9658       1035     4.3083  0.000e+00
