HB2403/sbe109.cnv
* Sea-Bird SBE 19plus V2 Data File:
* FileName = C:\cruise\data\sbe109.hex
* Software Version Seasave V 7.26.7.121
* Temperature SN = 6128
* Conductivity SN = 6128
* System UpLoad Time = Jun 11 2024 04:50:22
* NMEA Latitude = 43 55.34 N
* NMEA Longitude = 067 47.93 W
* NMEA UTC (Time) = Jun 11 2024  04:50:59
** Ship: Henry Bigelow
** Cruise:  HB2403
** Program:  ECOMON
# nquan = 7
# nvalues = 2099                                  
# units = specified
# name 0 = depSM: Depth [salt water, m]
# name 1 = tv290C: Temperature [ITS-90, deg C]
# name 2 = c0S/m: Conductivity [S/m]
# name 3 = sal00: Salinity, Practical [PSU]
# name 4 = scan: Scan Count
# name 5 = timeM: Time, Elapsed [minutes]
# name 6 = flag:  0.000e+00
# span 0 =     -0.036,    200.666                 
# span 1 =     5.2203,    10.9928                 
# span 2 =   0.020070,   3.563964                 
# span 3 =     0.1313,    33.9393                 
# span 4 =         11,       2109                 
# span 5 =     0.0417,     8.7833                 
# span 6 = 0.0000e+00, 0.0000e+00                 
# interval = seconds: 0.25
# start_time = Jun 11 2024 04:50:59 [NMEA time, header]
# bad_flag = -9.990e-29
*END*
[from data line 1026]
    196.927     7.7811   3.511035    33.9358       1037     4.3167  0.000e+00
    197.163     7.7813   3.511080    33.9360       1038     4.3208  0.000e+00
    197.391     7.7815   3.511099    33.9358       1039     4.3250  0.000e+00
    197.622     7.7815   3.511124    33.9360       1040     4.3292  0.000e+00
    197.860     7.7814   3.511137    33.9361       1041     4.3333  0.000e+00
    198.095     7.7817   3.511188    33.9363       1042     4.3375  0.000e+00
    198.330     7.7818   3.511188    33.9361       1043     4.3417  0.000e+00
    198.567     7.7818   3.511251    33.9367       1044     4.3458  0.000e+00
    198.797     7.7818   3.511271    33.9368       1045     4.3500  0.000e+00
    199.030     7.7819   3.511321    33.9370       1046     4.3542  0.000e+00
    199.255     7.7822   3.511360    33.9371       1047     4.3583  0.000e+00
    199.469     7.7821   3.511360    33.9371       1048     4.3625  0.000e+00
    199.669     7.7822   3.511404    33.9373       1049     4.3667  0.000e+00
    199.853     7.7825   3.511442    33.9374       1050     4.3708  0.000e+00
    200.032     7.7823   3.511455    33.9376       1051     4.3750  0.000e+00
    200.202     7.7824   3.511468    33.9376       1052     4.3792  0.000e+00
    200.354     7.7825   3.511487    33.9376       1053     4.3833  0.000e+00
    200.509     7.7827   3.511531    33.9379       1054     4.3875  0.000e+00
    200.666     7.7827   3.511550    33.9380       1055     4.3917  0.000e+00
    200.596     7.7828   3.511550    33.9380       1056     4.3958  0.000e+00
    200.594     7.7827   3.511614    33.9387       1057     4.4000  0.000e+00
    200.471     7.7826   3.511658    33.9393       1058     4.4042  0.000e+00
    200.501     7.7829   3.511658    33.9390       1059     4.4083  0.000e+00
    200.489     7.7830   3.511639    33.9387       1060     4.4125  0.000e+00
    200.529     7.7830   3.511658    33.9389       1061     4.4167  0.000e+00
    200.473     7.7828   3.511614    33.9386       1062     4.4208  0.000e+00
    200.473     7.7828   3.511639    33.9389       1063     4.4250  0.000e+00
    200.377     7.7829   3.511576    33.9382       1064     4.4292  0.000e+00
    200.301     7.7829   3.511595    33.9384       1065     4.4333  0.000e+00
    200.046     7.7828   3.511506    33.9378       1066     4.4375  0.000e+00
    199.856     7.7829   3.511499    33.9377       1067     4.4417  0.000e+00
    199.692     7.7829   3.511468    33.9374       1068     4.4458  0.000e+00
    199.509     7.7828   3.511531    33.9382       1069     4.4500  0.000e+00
    199.309     7.7827   3.511506    33.9382       1070     4.4542  0.000e+00
    199.079     7.7828   3.511442    33.9375       1071     4.4583  0.000e+00
    198.883     7.7826   3.511442    33.9377       1072     4.4625  0.000e+00
    198.663     7.7826   3.511385    33.9373       1073     4.4667  0.000e+00
    198.415     7.7826   3.511404    33.9376       1074     4.4708  0.000e+00
    198.185     7.7827   3.511359    33.9371       1075     4.4750  0.000e+00
    197.965     7.7825   3.511188    33.9356       1076     4.4792  0.000e+00
    197.728     7.7823   3.511124    33.9352       1077     4.4833  0.000e+00
    197.485     7.7821   3.511226    33.9366       1078     4.4875  0.000e+00
    197.251     7.7822   3.511188    33.9362       1079     4.4917  0.000e+00
    197.032     7.7820   3.511124    33.9358       1080     4.4958  0.000e+00
    196.802     7.7820   3.511124    33.9359       1081     4.5000  0.000e+00
    196.566     7.7818   3.511314    33.9383       1082     4.5042  0.000e+00
    196.350     7.7820   3.511409    33.9392       1083     4.5083  0.000e+00
    196.135     7.7823   3.511403    33.9390       1084     4.5125  0.000e+00
    195.914     7.7825   3.511270    33.9374       1085     4.5167  0.000e+00
    195.694     7.7824   3.511187    33.9368       1086     4.5208  0.000e+00
    195.485     7.7823   3.511250    33.9376       1087     4.5250  0.000e+00
    195.280     7.7823   3.511098    33.9361       1088     4.5292  0.000e+00
    195.069     7.7822   3.510977    33.9350       1089     4.5333  0.000e+00
    194.861     7.7820   3.510946    33.9350       1090     4.5375  0.000e+00
    194.646     7.7818   3.510927    33.9351       1091     4.5417  0.000e+00
    194.433     7.7815   3.510907    33.9352       1092     4.5458  0.000e+00
    194.214     7.7814   3.510907    33.9354       1093     4.5500  0.000e+00
    193.992     7.7813   3.510888    33.9354       1094     4.5542  0.000e+00
    193.771     7.7814   3.510863    33.9352       1095     4.5583  0.000e+00
    193.557     7.7813   3.510863    33.9354       1096     4.5625  0.000e+00
    193.329     7.7815   3.510863    33.9353       1097     4.5667  0.000e+00
    193.110     7.7815   3.510907    33.9359       1098     4.5708  0.000e+00
    192.889     7.7813   3.510863    33.9357       1099     4.5750  0.000e+00
    192.676     7.7814   3.510862    33.9357       1100     4.5792  0.000e+00
    192.470     7.7812   3.510862    33.9359       1101     4.5833  0.000e+00
    192.264     7.7815   3.510818    33.9353       1102     4.5875  0.000e+00
    192.066     7.7816   3.510818    33.9353       1103     4.5917  0.000e+00
    191.865     7.7813   3.510729    33.9347       1104     4.5958  0.000e+00
    191.660     7.7814   3.510691    33.9344       1105     4.6000  0.000e+00
    191.460     7.7812   3.510665    33.9344       1106     4.6042  0.000e+00
    191.263     7.7814   3.510646    33.9341       1107     4.6083  0.000e+00
    191.052     7.7814   3.510665    33.9343       1108     4.6125  0.000e+00
    190.842     7.7813   3.510665    33.9345       1109     4.6167  0.000e+00
    190.632     7.7814   3.510640    33.9343       1110     4.6208  0.000e+00
    190.424     7.7813   3.510646    33.9345       1111     4.6250  0.000e+00
    190.210     7.7814   3.510601    33.9340       1112     4.6292  0.000e+00
    189.993     7.7812   3.510601    33.9343       1113     4.6333  0.000e+00
    189.767     7.7812   3.510601    33.9345       1114     4.6375  0.000e+00
    189.537     7.7814   3.510570    33.9341       1115     4.6417  0.000e+00
    189.300     7.7814   3.510582    33.9343       1116     4.6458  0.000e+00
    189.062     7.7814   3.510582    33.9344       1117     4.6500  0.000e+00
    188.809     7.7812   3.510563    33.9345       1118     4.6542  0.000e+00
    188.556     7.7812   3.510563    33.9346       1119     4.6583  0.000e+00
    188.304     7.7811   3.510569    33.9350       1120     4.6625  0.000e+00
    188.058     7.7812   3.510518    33.9344       1121     4.6667  0.000e+00
    187.825     7.7812   3.510493    33.9343       1122     4.6708  0.000e+00
    187.592     7.7811   3.510493    33.9345       1123     4.6750  0.000e+00
    187.364     7.7812   3.510429    33.9337       1124     4.6792  0.000e+00
    187.150     7.7812   3.510410    33.9337       1125     4.6833  0.000e+00
    186.945     7.7812   3.510410    33.9338       1126     4.6875  0.000e+00
    186.746     7.7812   3.510410    33.9338       1127     4.6917  0.000e+00
    186.552     7.7812   3.510410    33.9340       1128     4.6958  0.000e+00
    186.370     7.7812   3.510410    33.9341       1129     4.7000  0.000e+00
    186.202     7.7809   3.510410    33.9344       1130     4.7042  0.000e+00
    186.025     7.7811   3.510435    33.9346       1131     4.7083  0.000e+00
    185.857     7.7810   3.510454    33.9349       1132     4.7125  0.000e+00
    185.685     7.7808   3.510429    33.9349       1133     4.7167  0.000e+00
    185.512     7.7809   3.510365    33.9343       1134     4.7208  0.000e+00
    185.329     7.7808   3.510365    33.9345       1135     4.7250  0.000e+00
    185.136     7.7808   3.510365    33.9346       1136     4.7292  0.000e+00
    184.932     7.7810   3.510346    33.9342       1137     4.7333  0.000e+00
    184.715     7.7809   3.510320    33.9342       1138     4.7375  0.000e+00
    184.493     7.7809   3.510320    33.9342       1139     4.7417  0.000e+00
    184.256     7.7809   3.510320    33.9344       1140     4.7458  0.000e+00
    184.009     7.7808   3.510295    33.9344       1141     4.7500  0.000e+00
    183.752     7.7807   3.510282    33.9344       1142     4.7542  0.000e+00
    183.490     7.7807   3.510257    33.9343       1143     4.7583  0.000e+00
    183.231     7.7808   3.510256    33.9343       1144     4.7625  0.000e+00
    182.969     7.7807   3.510193    33.9338       1145     4.7667  0.000e+00
    182.705     7.7807   3.510206    33.9341       1146     4.7708  0.000e+00
    182.445     7.7807   3.510148    33.9336       1147     4.7750  0.000e+00
    182.199     7.7806   3.510129    33.9336       1148     4.7792  0.000e+00
    181.968     7.7808   3.510129    33.9336       1149     4.7833  0.000e+00
    181.742     7.7809   3.510129    33.9335       1150     4.7875  0.000e+00
    181.522     7.7808   3.510173    33.9342       1151     4.7917  0.000e+00
    181.319     7.7809   3.510161    33.9341       1152     4.7958  0.000e+00
    181.129     7.7807   3.510129    33.9341       1153     4.8000  0.000e+00
    180.939     7.7809   3.510148    33.9341       1154     4.8042  0.000e+00
    180.755     7.7808   3.510065    33.9334       1155     4.8083  0.000e+00
    180.570     7.7809   3.510040    33.9331       1156     4.8125  0.000e+00
    180.387     7.7808   3.510027    33.9332       1157     4.8167  0.000e+00
    180.195     7.7808   3.509913    33.9320       1158     4.8208  0.000e+00
    180.003     7.7809   3.509894    33.9319       1159     4.8250  0.000e+00
    179.800     7.7808   3.509868    33.9317       1160     4.8292  0.000e+00
    179.594     7.7807   3.509849    33.9317       1161     4.8333  0.000e+00
    179.383     7.7808   3.509843    33.9317       1162     4.8375  0.000e+00
    179.158     7.7808   3.509849    33.9319       1163     4.8417  0.000e+00
    178.940     7.7807   3.509830    33.9319       1164     4.8458  0.000e+00
    178.712     7.7809   3.509830    33.9318       1165     4.8500  0.000e+00
    178.493     7.7808   3.509804    33.9317       1166     4.8542  0.000e+00
    178.267     7.7809   3.509823    33.9319       1167     4.8583  0.000e+00
    178.057     7.7807   3.509760    33.9315       1168     4.8625  0.000e+00
    177.842     7.7808   3.509696    33.9309       1169     4.8667  0.000e+00
    177.628     7.7805   3.509696    33.9313       1170     4.8708  0.000e+00
    177.426     7.7805   3.509677    33.9311       1171     4.8750  0.000e+00
    177.223     7.7805   3.509303    33.9272       1172     4.8792  0.000e+00
    177.021     7.7803   3.509525    33.9299       1173     4.8833  0.000e+00
    176.813     7.7802   3.509588    33.9308       1174     4.8875  0.000e+00
    176.604     7.7803   3.509417    33.9289       1175     4.8917  0.000e+00
    176.382     7.7800   3.509398    33.9292       1176     4.8958  0.000e+00
    176.163     7.7800   3.509245    33.9276       1177     4.9000  0.000e+00
    175.931     7.7798   3.509163    33.9270       1178     4.9042  0.000e+00
    175.702     7.7797   3.508300    33.9179       1179     4.9083  0.000e+00
    175.454     7.7787   3.508173    33.9176       1180     4.9125  0.000e+00
    175.210     7.7777   3.508281    33.9199       1181     4.9167  0.000e+00
    174.966     7.7772   3.508496    33.9228       1182     4.9208  0.000e+00
    174.720     7.7772   3.508331    33.9212       1183     4.9250  0.000e+00
    174.482     7.7772   3.508173    33.9196       1184     4.9292  0.000e+00
    174.252     7.7770   3.508236    33.9206       1185     4.9333  0.000e+00
    174.034     7.7767   3.508299    33.9217       1186     4.9375  0.000e+00
    173.820     7.7768   3.508173    33.9203       1187     4.9417  0.000e+00
    173.610     7.7766   3.508280    33.9217       1188     4.9458  0.000e+00
    173.409     7.7766   3.507982    33.9186       1189     4.9500  0.000e+00
    173.213     7.7764   3.508001    33.9191       1190     4.9542  0.000e+00
    173.025     7.7762   3.507957    33.9189       1191     4.9583  0.000e+00
    172.833     7.7759   3.507747    33.9170       1192     4.9625  0.000e+00
    172.636     7.7757   3.507652    33.9163       1193     4.9667  0.000e+00
    172.434     7.7754   3.507703    33.9173       1194     4.9708  0.000e+00
    172.228     7.7750   3.507639    33.9171       1195     4.9750  0.000e+00
    172.028     7.7748   3.507443    33.9152       1196     4.9792  0.000e+00
    171.815     7.7747   3.507335    33.9143       1197     4.9833  0.000e+00
    171.607     7.7744   3.507309    33.9144       1198     4.9875  0.000e+00
    171.391     7.7740   3.507296    33.9147       1199     4.9917  0.000e+00
    171.181     7.7739   3.507271    33.9147       1200     4.9958  0.000e+00
    170.975     7.7738   3.507207    33.9142       1201     5.0000  0.000e+00
    170.770     7.7737   3.507017    33.9124       1202     5.0042  0.000e+00
    170.572     7.7735   3.506884    33.9112       1203     5.0083  0.000e+00
    170.373     7.7731   3.506675    33.9094       1204     5.0125  0.000e+00
    170.183     7.7729   3.506541    33.9083       1205     5.0167  0.000e+00
    169.990     7.7724   3.506135    33.9045       1206     5.0208  0.000e+00
    169.798     7.7719   3.506008    33.9038       1207     5.0250  0.000e+00
    169.595     7.7716   3.505869    33.9026       1208     5.0292  0.000e+00
    169.396     7.7712   3.505450    33.8986       1209     5.0333  0.000e+00
    169.179     7.7708   3.504892    33.8931       1210     5.0375  0.000e+00
    168.967     7.7699   3.504569    33.8906       1211     5.0417  0.000e+00
    168.734     7.7690   3.503909    33.8845       1212     5.0458  0.000e+00
    168.488     7.7680   3.503206    33.8780       1213     5.0500  0.000e+00
    168.242     7.7662   3.502236    33.8694       1214     5.0542  0.000e+00
    167.977     7.7647   3.500378    33.8511       1215     5.0583  0.000e+00
    167.705     7.7615   3.499073    33.8403       1216     5.0625  0.000e+00
    167.442     7.7578   3.498857    33.8417       1217     5.0667  0.000e+00
    167.176     7.7550   3.498838    33.8443       1218     5.0708  0.000e+00
    166.909     7.7531   3.498775    33.8456       1219     5.0750  0.000e+00
    166.650     7.7521   3.498686    33.8457       1220     5.0792  0.000e+00
    166.401     7.7514   3.498623    33.8458       1221     5.0833  0.000e+00
    166.170     7.7509   3.498502    33.8451       1222     5.0875  0.000e+00
    165.955     7.7504   3.498217    33.8427       1223     5.0917  0.000e+00
    165.744     7.7499   3.498046    33.8414       1224     5.0958  0.000e+00
    165.553     7.7495   3.498020    33.8416       1225     5.1000  0.000e+00
    165.368     7.7491   3.497982    33.8417       1226     5.1042  0.000e+00
    165.205     7.7489   3.497824    33.8402       1227     5.1083  0.000e+00
    165.043     7.7487   3.497830    33.8406       1228     5.1125  0.000e+00
    164.890     7.7484   3.497786    33.8404       1229     5.1167  0.000e+00
    164.742     7.7485   3.497767    33.8403       1230     5.1208  0.000e+00
    164.597     7.7484   3.497735    33.8401       1231     5.1250  0.000e+00
    164.447     7.7482   3.497678    33.8397       1232     5.1292  0.000e+00
    164.297     7.7477   3.497678    33.8402       1233     5.1333  0.000e+00
    164.141     7.7480   3.497576    33.8390       1234     5.1375  0.000e+00
    163.961     7.7478   3.497551    33.8389       1235     5.1417  0.000e+00
    163.771     7.7475   3.497488    33.8387       1236     5.1458  0.000e+00
    163.568     7.7474   3.497126    33.8350       1237     5.1500  0.000e+00
    163.344     7.7467   3.496227    33.8261       1238     5.1542  0.000e+00
    163.101     7.7446   3.494624    33.8110       1239     5.1583  0.000e+00
    162.846     7.7410   3.493351    33.8009       1240     5.1625  0.000e+00
