HB2403/sbe106.cnv
* Sea-Bird SBE 19plus V2 Data File:
* FileName = C:\cruise\data\sbe106.hex
* Software Version Seasave V 7.26.7.121
* Temperature SN = 6128
* Conductivity SN = 6128
* System UpLoad Time = Jun 11 2024 00:10:23
* NMEA Latitude = 43 25.50 N
* NMEA Longitude = 067 25.68 W
* NMEA UTC (Time) = Jun 11 2024  00:11:00
** Ship: Henry Bigelow
** Cruise:  HB2403
** Program:  ECOMON
# nquan = 7
# nvalues = 4212                                  
# units = specified
# name 0 = depSM: Depth [salt water, m]
# name 1 = tv290C: Temperature [ITS-90, deg C]
# name 2 = c0S/m: Conductivity [S/m]
# name 3 = sal00: Salinity, Practical [PSU]
# name 4 = scan: Scan Count
# name 5 = timeM: Time, Elapsed [minutes]
# name 6 = flag:  0.000e+00
# span 0 =     -0.330,    188.570                 
# span 1 =     6.5628,    12.9958                 
# span 2 =   0.000159,   3.721848                 
# span 3 =     0.0070,    34.0344                 
# span 4 =         11,       4222                 
# span 5 =     0.0417,    17.5875                 
# span 6 = 0.0000e+00, 0.0000e+00                 
# interval = seconds: 0.25
# start_time = Jun 11 2024 00:11:00 [NMEA time, header]
# bad_flag = -9.990e-29
*END*
[from data line 2052]
    131.850     7.7151   3.504519    33.9613       2063     8.5917  0.000e+00
    131.783     7.7133   3.504043    33.9579       2064     8.5958  0.000e+00
    131.719     7.7111   3.503384    33.9530       2065     8.6000  0.000e+00
    131.651     7.7082   3.502630    33.9477       2066     8.6042  0.000e+00
    131.592     7.7040   3.502471    33.9501       2067     8.6083  0.000e+00
    131.529     7.7009   3.502547    33.9540       2068     8.6125  0.000e+00
    131.463     7.6990   3.502547    33.9558       2069     8.6167  0.000e+00
    131.403     7.6980   3.502826    33.9598       2070     8.6208  0.000e+00
    131.347     7.6980   3.503149    33.9634       2071     8.6250  0.000e+00
    131.291     7.6994   3.502503    33.9551       2072     8.6292  0.000e+00
    131.232     7.6988   3.502395    33.9545       2073     8.6333  0.000e+00
    131.163     7.6976   3.502332    33.9551       2074     8.6375  0.000e+00
    131.098     7.6965   3.502287    33.9557       2075     8.6417  0.000e+00
    131.020     7.6961   3.502813    33.9618       2076     8.6458  0.000e+00
    130.944     7.6968   3.502655    33.9595       2077     8.6500  0.000e+00
    130.855     7.6972   3.502503    33.9574       2078     8.6542  0.000e+00
    130.769     7.6973   3.502420    33.9565       2079     8.6583  0.000e+00
    130.667     7.6969   3.502312    33.9557       2080     8.6625  0.000e+00
    130.571     7.6963   3.502224    33.9554       2081     8.6667  0.000e+00
    130.473     7.6957   3.502249    33.9563       2082     8.6708  0.000e+00
    130.379     7.6954   3.502249    33.9567       2083     8.6750  0.000e+00
    130.286     7.6952   3.502185    33.9562       2084     8.6792  0.000e+00
    130.199     7.6950   3.502160    33.9562       2085     8.6833  0.000e+00
    130.119     7.6948   3.502135    33.9562       2086     8.6875  0.000e+00
    130.052     7.6947   3.502204    33.9571       2087     8.6917  0.000e+00
    129.985     7.6947   3.502116    33.9562       2088     8.6958  0.000e+00
    129.931     7.6946   3.502141    33.9566       2089     8.7000  0.000e+00
    129.882     7.6945   3.502065    33.9558       2090     8.7042  0.000e+00
    129.837     7.6944   3.502185    33.9573       2091     8.7083  0.000e+00
    129.798     7.6944   3.502356    33.9591       2092     8.7125  0.000e+00
    129.757     7.6950   3.502204    33.9569       2093     8.7167  0.000e+00
    129.721     7.6950   3.502249    33.9574       2094     8.7208  0.000e+00
    129.685     7.6950   3.502293    33.9579       2095     8.7250  0.000e+00
    129.653     7.6953   3.502394    33.9587       2096     8.7292  0.000e+00
    129.616     7.6958   3.502439    33.9587       2097     8.7333  0.000e+00
    129.579     7.6962   3.502312    33.9570       2098     8.7375  0.000e+00
    129.532     7.6961   3.502052    33.9543       2099     8.7417  0.000e+00
    129.476     7.6953   3.501932    33.9538       2100     8.7458  0.000e+00
    129.409     7.6945   3.501925    33.9545       2101     8.7500  0.000e+00
    129.343     7.6939   3.501862    33.9545       2102     8.7542  0.000e+00
    129.263     7.6934   3.501881    33.9552       2103     8.7583  0.000e+00
    129.178     7.6931   3.501773    33.9544       2104     8.7625  0.000e+00
    129.082     7.6926   3.501640    33.9534       2105     8.7667  0.000e+00
    128.986     7.6921   3.501817    33.9559       2106     8.7708  0.000e+00
    128.877     7.6919   3.501754    33.9554       2107     8.7750  0.000e+00
    128.774     7.6918   3.501152    33.9491       2108     8.7792  0.000e+00
    128.673     7.6904   3.500670    33.9453       2109     8.7833  0.000e+00
    128.579     7.6882   3.500772    33.9487       2110     8.7875  0.000e+00
    128.490     7.6867   3.501114    33.9538       2111     8.7917  0.000e+00
    128.399     7.6867   3.501241    33.9552       2112     8.7958  0.000e+00
    128.327     7.6872   3.501393    33.9564       2113     8.8000  0.000e+00
    128.256     7.6879   3.501120    33.9529       2114     8.8042  0.000e+00
    128.196     7.6879   3.501114    33.9528       2115     8.8083  0.000e+00
    128.144     7.6877   3.501088    33.9528       2116     8.8125  0.000e+00
    128.095     7.6876   3.501025    33.9522       2117     8.8167  0.000e+00
    128.059     7.6874   3.501050    33.9527       2118     8.8208  0.000e+00
    128.026     7.6872   3.501145    33.9539       2119     8.8250  0.000e+00
    128.004     7.6873   3.501240    33.9549       2120     8.8292  0.000e+00
    127.975     7.6878   3.501221    33.9542       2121     8.8333  0.000e+00
    127.940     7.6882   3.501133    33.9528       2122     8.8375  0.000e+00
    127.912     7.6880   3.501050    33.9521       2123     8.8417  0.000e+00
    127.881     7.6877   3.500854    33.9504       2124     8.8458  0.000e+00
    127.844     7.6871   3.500854    33.9510       2125     8.8500  0.000e+00
    127.807     7.6866   3.500708    33.9499       2126     8.8542  0.000e+00
    127.763     7.6861   3.500835    33.9518       2127     8.8583  0.000e+00
    127.712     7.6860   3.501075    33.9545       2128     8.8625  0.000e+00
    127.651     7.6866   3.501221    33.9555       2129     8.8667  0.000e+00
    127.595     7.6871   3.501025    33.9529       2130     8.8708  0.000e+00
    127.517     7.6875   3.501151    33.9539       2131     8.8750  0.000e+00
    127.435     7.6878   3.501151    33.9537       2132     8.8792  0.000e+00
    127.341     7.6878   3.501145    33.9537       2133     8.8833  0.000e+00
    127.242     7.6881   3.501069    33.9526       2134     8.8875  0.000e+00
    127.134     7.6879   3.501025    33.9523       2135     8.8917  0.000e+00
    127.014     7.6877   3.501113    33.9536       2136     8.8958  0.000e+00
    126.889     7.6877   3.501088    33.9534       2137     8.9000  0.000e+00
    126.774     7.6878   3.500803    33.9502       2138     8.9042  0.000e+00
    126.653     7.6873   3.500942    33.9523       2139     8.9083  0.000e+00
    126.541     7.6871   3.500942    33.9526       2140     8.9125  0.000e+00
    126.439     7.6869   3.500879    33.9521       2141     8.9167  0.000e+00
    126.347     7.6867   3.500917    33.9528       2142     8.9208  0.000e+00
    126.273     7.6862   3.499852    33.9417       2143     8.9250  0.000e+00
    126.211     7.6842   3.499953    33.9449       2144     8.9292  0.000e+00
    126.168     7.6820   3.499782    33.9452       2145     8.9333  0.000e+00
    126.130     7.6806   3.500232    33.9515       2146     8.9375  0.000e+00
    126.112     7.6806   3.500308    33.9523       2147     8.9417  0.000e+00
    126.099     7.6810   3.500105    33.9497       2148     8.9458  0.000e+00
    126.092     7.6811   3.500086    33.9493       2149     8.9500  0.000e+00
    126.079     7.6809   3.500194    33.9508       2150     8.9542  0.000e+00
    126.066     7.6810   3.500308    33.9519       2151     8.9583  0.000e+00
    126.053     7.6816   3.500295    33.9512       2152     8.9625  0.000e+00
    126.030     7.6818   3.500340    33.9514       2153     8.9667  0.000e+00
    125.991     7.6822   3.500257    33.9502       2154     8.9708  0.000e+00
    125.949     7.6824   3.500257    33.9501       2155     8.9750  0.000e+00
    125.901     7.6820   3.499611    33.9435       2156     8.9792  0.000e+00
    125.835     7.6801   3.498629    33.9348       2157     8.9833  0.000e+00
    125.765     7.6764   3.499231    33.9449       2158     8.9875  0.000e+00
    125.685     7.6749   3.498781    33.9416       2159     8.9917  0.000e+00
    125.606     7.6736   3.497647    33.9306       2160     8.9958  0.000e+00
    125.520     7.6699   3.497539    33.9331       2161     9.0000  0.000e+00
    125.428     7.6663   3.497539    33.9366       2162     9.0042  0.000e+00
    125.342     7.6648   3.499205    33.9562       2163     9.0083  0.000e+00
    125.245     7.6671   3.498952    33.9512       2164     9.0125  0.000e+00
    125.151     7.6692   3.498375    33.9429       2165     9.0167  0.000e+00
    125.061     7.6695   3.498565    33.9448       2166     9.0208  0.000e+00
    124.971     7.6695   3.498458    33.9436       2167     9.0250  0.000e+00
    124.890     7.6694   3.498502    33.9443       2168     9.0292  0.000e+00
    124.806     7.6691   3.498286    33.9423       2169     9.0333  0.000e+00
    124.734     7.6685   3.498058    33.9404       2170     9.0375  0.000e+00
    124.664     7.6676   3.497773    33.9383       2171     9.0417  0.000e+00
    124.608     7.6662   3.497773    33.9397       2172     9.0458  0.000e+00
    124.548     7.6651   3.498096    33.9442       2173     9.0500  0.000e+00
    124.497     7.6652   3.498305    33.9465       2174     9.0542  0.000e+00
    124.448     7.6661   3.498312    33.9457       2175     9.0583  0.000e+00
    124.399     7.6665   3.497988    33.9418       2176     9.0625  0.000e+00
    124.350     7.6665   3.498179    33.9439       2177     9.0667  0.000e+00
    124.302     7.6670   3.498971    33.9519       2178     9.0708  0.000e+00
    124.258     7.6692   3.499047    33.9506       2179     9.0750  0.000e+00
    124.208     7.6712   3.498863    33.9468       2180     9.0792  0.000e+00
    124.153     7.6714   3.497969    33.9369       2181     9.0833  0.000e+00
    124.099     7.6695   3.497646    33.9353       2182     9.0875  0.000e+00
    124.045     7.6670   3.496981    33.9306       2183     9.0917  0.000e+00
    123.983     7.6635   3.496538    33.9293       2184     9.0958  0.000e+00
    123.925     7.6600   3.496816    33.9358       2185     9.1000  0.000e+00
    123.862     7.6583   3.497114    33.9407       2186     9.1042  0.000e+00
    123.797     7.6582   3.497133    33.9409       2187     9.1083  0.000e+00
    123.732     7.6584   3.496937    33.9387       2188     9.1125  0.000e+00
    123.661     7.6581   3.496962    33.9393       2189     9.1167  0.000e+00
    123.594     7.6583   3.496943    33.9389       2190     9.1208  0.000e+00
    123.528     7.6582   3.496918    33.9387       2191     9.1250  0.000e+00
    123.452     7.6580   3.496506    33.9346       2192     9.1292  0.000e+00
    123.381     7.6569   3.496683    33.9376       2193     9.1333  0.000e+00
    123.302     7.6564   3.496772    33.9390       2194     9.1375  0.000e+00
    123.227     7.6564   3.496664    33.9379       2195     9.1417  0.000e+00
    123.158     7.6562   3.495898    33.9298       2196     9.1458  0.000e+00
    123.086     7.6543   3.495112    33.9233       2197     9.1500  0.000e+00
    123.013     7.6505   3.495511    33.9313       2198     9.1542  0.000e+00
    122.948     7.6488   3.496195    33.9404       2199     9.1583  0.000e+00
    122.876     7.6498   3.495575    33.9328       2200     9.1625  0.000e+00
    122.810     7.6495   3.495739    33.9349       2201     9.1667  0.000e+00
    122.752     7.6492   3.495809    33.9359       2202     9.1708  0.000e+00
    122.682     7.6493   3.496069    33.9386       2203     9.1750  0.000e+00
    122.622     7.6499   3.495619    33.9333       2204     9.1792  0.000e+00
    122.551     7.6494   3.496322    33.9414       2205     9.1833  0.000e+00
    122.493     7.6509   3.496436    33.9412       2206     9.1875  0.000e+00
    122.430     7.6520   3.495872    33.9340       2207     9.1917  0.000e+00
    122.368     7.6517   3.495555    33.9310       2208     9.1958  0.000e+00
    122.303     7.6503   3.495403    33.9307       2209     9.2000  0.000e+00
    122.245     7.6486   3.494979    33.9278       2210     9.2042  0.000e+00
    122.187     7.6467   3.494909    33.9290       2211     9.2083  0.000e+00
    122.140     7.6451   3.494871    33.9301       2212     9.2125  0.000e+00
    122.095     7.6442   3.495853    33.9416       2213     9.2167  0.000e+00
    122.043     7.6460   3.495726    33.9385       2214     9.2208  0.000e+00
    121.998     7.6475   3.495156    33.9309       2215     9.2250  0.000e+00
    121.952     7.6466   3.494998    33.9302       2216     9.2292  0.000e+00
    121.906     7.6455   3.494954    33.9308       2217     9.2333  0.000e+00
    121.853     7.6445   3.494979    33.9320       2218     9.2375  0.000e+00
    121.795     7.6441   3.494979    33.9325       2219     9.2417  0.000e+00
    121.737     7.6437   3.494934    33.9323       2220     9.2458  0.000e+00
    121.672     7.6436   3.495384    33.9373       2221     9.2500  0.000e+00
    121.598     7.6444   3.495017    33.9327       2222     9.2542  0.000e+00
    121.519     7.6444   3.494706    33.9294       2223     9.2583  0.000e+00
    121.437     7.6437   3.494504    33.9279       2224     9.2625  0.000e+00
    121.357     7.6422   3.494440    33.9287       2225     9.2667  0.000e+00
    121.271     7.6414   3.494421    33.9293       2226     9.2708  0.000e+00
    121.189     7.6406   3.494231    33.9281       2227     9.2750  0.000e+00
    121.113     7.6398   3.494238    33.9289       2228     9.2792  0.000e+00
    121.034     7.6392   3.494231    33.9295       2229     9.2833  0.000e+00
    120.969     7.6388   3.494206    33.9297       2230     9.2875  0.000e+00
    120.905     7.6385   3.494060    33.9284       2231     9.2917  0.000e+00
    120.849     7.6380   3.493965    33.9279       2232     9.2958  0.000e+00
    120.802     7.6374   3.493953    33.9284       2233     9.3000  0.000e+00
    120.750     7.6370   3.493801    33.9271       2234     9.3042  0.000e+00
    120.708     7.6365   3.493630    33.9258       2235     9.3083  0.000e+00
    120.661     7.6353   3.493541    33.9260       2236     9.3125  0.000e+00
    120.616     7.6345   3.493098    33.9221       2237     9.3167  0.000e+00
    120.565     7.6328   3.492604    33.9184       2238     9.3208  0.000e+00
    120.516     7.6303   3.492502    33.9197       2239     9.3250  0.000e+00
    120.464     7.6282   3.492414    33.9209       2240     9.3292  0.000e+00
    120.410     7.6267   3.492414    33.9223       2241     9.3333  0.000e+00
    120.354     7.6259   3.492287    33.9218       2242     9.3375  0.000e+00
    120.294     7.6251   3.492097    33.9206       2243     9.3417  0.000e+00
    120.229     7.6241   3.491863    33.9190       2244     9.3458  0.000e+00
    120.167     7.6227   3.490958    33.9106       2245     9.3500  0.000e+00
    120.097     7.6197   3.490135    33.9047       2246     9.3542  0.000e+00
    120.017     7.6153   3.489704    33.9045       2247     9.3583  0.000e+00
    119.949     7.6113   3.489837    33.9098       2248     9.3625  0.000e+00
    119.873     7.6087   3.489432    33.9080       2249     9.3667  0.000e+00
    119.791     7.6064   3.489198    33.9077       2250     9.3708  0.000e+00
    119.715     7.6044   3.489109    33.9088       2251     9.3750  0.000e+00
    119.638     7.6029   3.489046    33.9096       2252     9.3792  0.000e+00
    119.560     7.6018   3.488647    33.9064       2253     9.3833  0.000e+00
    119.491     7.6004   3.488685    33.9082       2254     9.3875  0.000e+00
    119.430     7.5991   3.488280    33.9051       2255     9.3917  0.000e+00
    119.372     7.5977   3.488217    33.9059       2256     9.3958  0.000e+00
    119.314     7.5964   3.488109    33.9060       2257     9.4000  0.000e+00
    119.262     7.5952   3.488090    33.9069       2258     9.4042  0.000e+00
    119.209     7.5945   3.488109    33.9079       2259     9.4083  0.000e+00
    119.166     7.5941   3.488065    33.9078       2260     9.4125  0.000e+00
    119.117     7.5938   3.488128    33.9088       2261     9.4167  0.000e+00
    119.075     7.5939   3.487983    33.9071       2262     9.4208  0.000e+00
    119.028     7.5934   3.487660    33.9041       2263     9.4250  0.000e+00
    118.979     7.5924   3.487622    33.9048       2264     9.4292  0.000e+00
    118.924     7.5917   3.487907    33.9085       2265     9.4333  0.000e+00
    118.870     7.5918   3.487957    33.9090       2266     9.4375  0.000e+00
