HB2403/sbe124.cnv
* Sea-Bird SBE 19plus V2 Data File:
* FileName = C:\cruise\data\sbe124.hex
* Software Version Seasave V 7.26.7.121
* Temperature SN = 6128
* Conductivity SN = 6128
* System UpLoad Time = Jun 12 2024 12:30:21
* NMEA Latitude = 42 25.18 N
* NMEA Longitude = 070 36.91 W
* NMEA UTC (Time) = Jun 12 2024  12:30:59
** Ship: Henry Bigelow
** Cruise:  HB2403
** Program:  ECOMON
# nquan = 7
# nvalues = 1907                                  
# units = specified
# name 0 = depSM: Depth [salt water, m]
# name 1 = tv290C: Temperature [ITS-90, deg C]
# name 2 = c0S/m: Conductivity [S/m]
# name 3 = sal00: Salinity, Practical [PSU]
# name 4 = scan: Scan Count
# name 5 = timeM: Time, Elapsed [minutes]
# name 6 = flag:  0.000e+00
# span 0 =      0.023,     79.505                 
# span 1 =     5.0964,    16.5481                 
# span 2 =   0.000267,   3.848906                 
# span 3 =     0.0087,    32.3602                 
# span 4 =         11,       1917                 
# span 5 =     0.0417,     7.9833                 
# span 6 = 0.0000e+00, 0.0000e+00                 
# interval = seconds: 0.25
# start_time = Jun 12 2024 12:30:59 [NMEA time, header]
# bad_flag = -9.990e-29
*END*
[from data line 411]
     40.507     5.1735   3.059254    31.5133        422     1.7542  0.000e+00
     40.687     5.1729   3.059049    31.5114        423     1.7583  0.000e+00
     40.863     5.1715   3.059061    31.5128        424     1.7625  0.000e+00
     41.039     5.1705   3.058598    31.5084        425     1.7667  0.000e+00
     41.219     5.1675   3.058538    31.5104        426     1.7708  0.000e+00
     41.398     5.1646   3.058869    31.5168        427     1.7750  0.000e+00
     41.579     5.1633   3.058466    31.5134        428     1.7792  0.000e+00
     41.752     5.1631   3.059567    31.5261        429     1.7833  0.000e+00
     41.929     5.1646   3.060271    31.5325        430     1.7875  0.000e+00
     42.102     5.1679   3.060740    31.5347        431     1.7917  0.000e+00
     42.267     5.1718   3.060992    31.5338        432     1.7958  0.000e+00
     42.430     5.1757   3.062081    31.5425        433     1.8000  0.000e+00
     42.583     5.1819   3.065800    31.5789        434     1.8042  0.000e+00
     42.733     5.1964   3.067191    31.5809        435     1.8083  0.000e+00
     42.876     5.2109   3.064097    31.5320        436     1.8125  0.000e+00
     43.015     5.2093   3.062304    31.5130        437     1.8167  0.000e+00
     43.150     5.1978   3.061744    31.5175        438     1.8208  0.000e+00
     43.289     5.1862   3.061684    31.5276        439     1.8250  0.000e+00
     43.425     5.1783   3.061757    31.5358        440     1.8292  0.000e+00
     43.558     5.1738   3.062130    31.5443        441     1.8333  0.000e+00
     43.696     5.1725   3.062322    31.5476        442     1.8375  0.000e+00
     43.833     5.1728   3.062244    31.5464        443     1.8417  0.000e+00
     43.974     5.1726   3.061955    31.5432        444     1.8458  0.000e+00
     44.116     5.1711   3.061823    31.5430        445     1.8500  0.000e+00
     44.262     5.1688   3.062184    31.5493        446     1.8542  0.000e+00
     44.415     5.1684   3.062304    31.5510        447     1.8583  0.000e+00
     44.563     5.1692   3.062226    31.5493        448     1.8625  0.000e+00
     44.718     5.1685   3.062076    31.5481        449     1.8667  0.000e+00
     44.877     5.1668   3.061474    31.5427        450     1.8708  0.000e+00
     45.038     5.1631   3.060915    31.5398        451     1.8750  0.000e+00
     45.195     5.1569   3.060783    31.5441        452     1.8792  0.000e+00
     45.359     5.1505   3.060741    31.5496        453     1.8833  0.000e+00
     45.525     5.1448   3.060915    31.5569        454     1.8875  0.000e+00
     45.694     5.1411   3.061150    31.5630        455     1.8917  0.000e+00
     45.857     5.1390   3.061535    31.5693        456     1.8958  0.000e+00
     46.021     5.1384   3.061650    31.5710        457     1.9000  0.000e+00
     46.184     5.1384   3.061746    31.5721        458     1.9042  0.000e+00
     46.348     5.1382   3.061824    31.5731        459     1.9083  0.000e+00
     46.511     5.1373   3.061818    31.5737        460     1.9125  0.000e+00
     46.678     5.1369   3.062035    31.5765        461     1.9167  0.000e+00
     46.843     5.1374   3.061975    31.5753        462     1.9208  0.000e+00
     47.007     5.1373   3.061963    31.5752        463     1.9250  0.000e+00
     47.170     5.1368   3.061903    31.5749        464     1.9292  0.000e+00
     47.333     5.1363   3.061824    31.5743        465     1.9333  0.000e+00
     47.499     5.1352   3.061836    31.5754        466     1.9375  0.000e+00
     47.652     5.1344   3.061879    31.5766        467     1.9417  0.000e+00
     47.813     5.1334   3.061843    31.5771        468     1.9458  0.000e+00
     47.973     5.1323   3.061843    31.5780        469     1.9500  0.000e+00
     48.126     5.1311   3.061981    31.5807        470     1.9542  0.000e+00
     48.276     5.1308   3.061939    31.5804        471     1.9583  0.000e+00
     48.421     5.1306   3.062114    31.5826        472     1.9625  0.000e+00
     48.570     5.1307   3.062144    31.5827        473     1.9667  0.000e+00
     48.717     5.1308   3.062017    31.5811        474     1.9708  0.000e+00
     48.860     5.1303   3.061939    31.5806        475     1.9750  0.000e+00
     49.004     5.1294   3.062017    31.5823        476     1.9792  0.000e+00
     49.143     5.1288   3.062126    31.5840        477     1.9833  0.000e+00
     49.282     5.1286   3.062174    31.5847        478     1.9875  0.000e+00
     49.428     5.1289   3.062150    31.5840        479     1.9917  0.000e+00
     49.565     5.1290   3.062288    31.5854        480     1.9958  0.000e+00
     49.707     5.1292   3.062367    31.5861        481     2.0000  0.000e+00
     49.847     5.1296   3.062559    31.5879        482     2.0042  0.000e+00
     49.989     5.1302   3.062511    31.5866        483     2.0083  0.000e+00
     50.134     5.1306   3.062613    31.5874        484     2.0125  0.000e+00
     50.280     5.1312   3.062638    31.5870        485     2.0167  0.000e+00
     50.431     5.1315   3.062848    31.5890        486     2.0208  0.000e+00
     50.583     5.1321   3.063245    31.5930        487     2.0250  0.000e+00
     50.739     5.1336   3.063486    31.5942        488     2.0292  0.000e+00
     50.892     5.1349   3.063739    31.5958        489     2.0333  0.000e+00
     51.047     5.1360   3.063919    31.5967        490     2.0375  0.000e+00
     51.206     5.1369   3.064004    31.5967        491     2.0417  0.000e+00
     51.361     5.1378   3.064238    31.5985        492     2.0458  0.000e+00
     51.519     5.1392   3.064202    31.5967        493     2.0500  0.000e+00
     51.681     5.1398   3.064160    31.5956        494     2.0542  0.000e+00
     51.847     5.1399   3.064275    31.5967        495     2.0583  0.000e+00
     52.014     5.1399   3.064100    31.5946        496     2.0625  0.000e+00
     52.176     5.1392   3.064100    31.5952        497     2.0667  0.000e+00
     52.339     5.1385   3.064004    31.5946        498     2.0708  0.000e+00
     52.496     5.1371   3.064142    31.5975        499     2.0750  0.000e+00
     52.657     5.1354   3.064371    31.6016        500     2.0792  0.000e+00
     52.815     5.1344   3.064738    31.6067        501     2.0833  0.000e+00
     52.976     5.1337   3.064973    31.6099        502     2.0875  0.000e+00
     53.135     5.1335   3.065106    31.6116        503     2.0917  0.000e+00
     53.292     5.1331   3.065166    31.6125        504     2.0958  0.000e+00
     53.445     5.1328   3.065304    31.6144        505     2.1000  0.000e+00
     53.597     5.1328   3.065419    31.6156        506     2.1042  0.000e+00
     53.746     5.1327   3.065533    31.6169        507     2.1083  0.000e+00
     53.888     5.1322   3.065629    31.6184        508     2.1125  0.000e+00
     54.036     5.1319   3.065551    31.6177        509     2.1167  0.000e+00
     54.182     5.1311   3.065515    31.6180        510     2.1208  0.000e+00
     54.321     5.1305   3.065636    31.6199        511     2.1250  0.000e+00
     54.466     5.1302   3.065726    31.6211        512     2.1292  0.000e+00
     54.608     5.1304   3.065961    31.6236        513     2.1333  0.000e+00
     54.747     5.1310   3.066021    31.6236        514     2.1375  0.000e+00
     54.892     5.1315   3.066093    31.6239        515     2.1417  0.000e+00
     55.036     5.1313   3.066310    31.6265        516     2.1458  0.000e+00
     55.181     5.1305   3.066460    31.6289        517     2.1500  0.000e+00
     55.331     5.1302   3.066491    31.6294        518     2.1542  0.000e+00
     55.482     5.1301   3.066575    31.6304        519     2.1583  0.000e+00
     55.629     5.1298   3.066503    31.6298        520     2.1625  0.000e+00
     55.779     5.1288   3.066533    31.6310        521     2.1667  0.000e+00
     55.927     5.1280   3.066677    31.6333        522     2.1708  0.000e+00
     56.077     5.1285   3.066792    31.6341        523     2.1750  0.000e+00
     56.230     5.1283   3.066966    31.6362        524     2.1792  0.000e+00
     56.376     5.1274   3.067123    31.6388        525     2.1833  0.000e+00
     56.532     5.1264   3.067388    31.6427        526     2.1875  0.000e+00
     56.684     5.1262   3.067526    31.6443        527     2.1917  0.000e+00
     56.828     5.1265   3.067472    31.6434        528     2.1958  0.000e+00
     56.980     5.1261   3.067527    31.6443        529     2.2000  0.000e+00
     57.129     5.1255   3.067527    31.6448        530     2.2042  0.000e+00
     57.285     5.1251   3.067659    31.6467        531     2.2083  0.000e+00
     57.438     5.1248   3.067780    31.6482        532     2.2125  0.000e+00
     57.589     5.1247   3.067798    31.6485        533     2.2167  0.000e+00
     57.743     5.1242   3.067930    31.6504        534     2.2208  0.000e+00
     57.898     5.1235   3.068021    31.6519        535     2.2250  0.000e+00
     58.048     5.1232   3.068009    31.6520        536     2.2292  0.000e+00
     58.202     5.1225   3.068087    31.6535        537     2.2333  0.000e+00
     58.352     5.1222   3.068123    31.6541        538     2.2375  0.000e+00
     58.503     5.1220   3.068165    31.6548        539     2.2417  0.000e+00
     58.651     5.1213   3.068183    31.6555        540     2.2458  0.000e+00
     58.799     5.1205   3.068226    31.6567        541     2.2500  0.000e+00
     58.947     5.1196   3.068286    31.6582        542     2.2542  0.000e+00
     59.096     5.1192   3.068358    31.6593        543     2.2583  0.000e+00
     59.238     5.1189   3.068322    31.6591        544     2.2625  0.000e+00
     59.388     5.1183   3.068358    31.6600        545     2.2667  0.000e+00
     59.540     5.1177   3.068491    31.6620        546     2.2708  0.000e+00
     59.686     5.1175   3.068629    31.6638        547     2.2750  0.000e+00
     59.833     5.1177   3.068726    31.6645        548     2.2792  0.000e+00
     59.982     5.1183   3.068780    31.6645        549     2.2833  0.000e+00
     60.131     5.1184   3.068822    31.6648        550     2.2875  0.000e+00
     60.277     5.1184   3.068804    31.6646        551     2.2917  0.000e+00
     60.427     5.1176   3.068937    31.6667        552     2.2958  0.000e+00
     60.568     5.1167   3.069003    31.6684        553     2.3000  0.000e+00
     60.716     5.1158   3.068961    31.6686        554     2.3042  0.000e+00
     60.868     5.1149   3.069093    31.6709        555     2.3083  0.000e+00
     61.019     5.1143   3.069172    31.6723        556     2.3125  0.000e+00
     61.166     5.1139   3.069148    31.6724        557     2.3167  0.000e+00
     61.310     5.1134   3.069208    31.6734        558     2.3208  0.000e+00
     61.456     5.1130   3.069250    31.6742        559     2.3250  0.000e+00
     61.604     5.1124   3.069395    31.6764        560     2.3292  0.000e+00
     61.752     5.1125   3.069407    31.6763        561     2.3333  0.000e+00
     61.908     5.1127   3.069425    31.6762        562     2.3375  0.000e+00
     62.061     5.1126   3.069461    31.6767        563     2.3417  0.000e+00
     62.217     5.1119   3.069599    31.6789        564     2.3458  0.000e+00
     62.367     5.1118   3.069678    31.6798        565     2.3500  0.000e+00
     62.524     5.1114   3.069618    31.6794        566     2.3542  0.000e+00
     62.680     5.1104   3.069738    31.6816        567     2.3583  0.000e+00
     62.830     5.1094   3.069871    31.6840        568     2.3625  0.000e+00
     62.985     5.1090   3.069889    31.6845        569     2.3667  0.000e+00
     63.131     5.1086   3.069925    31.6852        570     2.3708  0.000e+00
     63.281     5.1079   3.069985    31.6866        571     2.3750  0.000e+00
     63.429     5.1070   3.070003    31.6876        572     2.3792  0.000e+00
     63.576     5.1066   3.070021    31.6880        573     2.3833  0.000e+00
     63.724     5.1061   3.070070    31.6889        574     2.3875  0.000e+00
     63.876     5.1057   3.070046    31.6890        575     2.3917  0.000e+00
     64.019     5.1053   3.070046    31.6893        576     2.3958  0.000e+00
     64.169     5.1047   3.070064    31.6900        577     2.4000  0.000e+00
     64.317     5.1042   3.070088    31.6907        578     2.4042  0.000e+00
     64.457     5.1037   3.070220    31.6927        579     2.4083  0.000e+00
     64.603     5.1038   3.070275    31.6931        580     2.4125  0.000e+00
     64.746     5.1039   3.070317    31.6934        581     2.4167  0.000e+00
     64.896     5.1039   3.070311    31.6932        582     2.4208  0.000e+00
     65.042     5.1037   3.070413    31.6945        583     2.4250  0.000e+00
     65.185     5.1037   3.070468    31.6951        584     2.4292  0.000e+00
     65.335     5.1038   3.070498    31.6952        585     2.4333  0.000e+00
     65.481     5.1043   3.070432    31.6939        586     2.4375  0.000e+00
     65.630     5.1046   3.070492    31.6943        587     2.4417  0.000e+00
     65.775     5.1045   3.070432    31.6936        588     2.4458  0.000e+00
     65.919     5.1041   3.070438    31.6940        589     2.4500  0.000e+00
     66.063     5.1037   3.070396    31.6938        590     2.4542  0.000e+00
     66.204     5.1031   3.070432    31.6947        591     2.4583  0.000e+00
     66.348     5.1026   3.070468    31.6955        592     2.4625  0.000e+00
     66.487     5.1022   3.070516    31.6964        593     2.4667  0.000e+00
     66.626     5.1024   3.070564    31.6967        594     2.4708  0.000e+00
     66.762     5.1024   3.070564    31.6967        595     2.4750  0.000e+00
     66.901     5.1024   3.070577    31.6967        596     2.4792  0.000e+00
     67.043     5.1025   3.070492    31.6956        597     2.4833  0.000e+00
     67.182     5.1022   3.070510    31.6961        598     2.4875  0.000e+00
     67.319     5.1018   3.070625    31.6976        599     2.4917  0.000e+00
     67.473     5.1020   3.070781    31.6992        600     2.4958  0.000e+00
     67.616     5.1028   3.070721    31.6976        601     2.5000  0.000e+00
     67.767     5.1033   3.070739    31.6973        602     2.5042  0.000e+00
     67.912     5.1036   3.070643    31.6959        603     2.5083  0.000e+00
     68.065     5.1031   3.070703    31.6969        604     2.5125  0.000e+00
     68.221     5.1028   3.070860    31.6989        605     2.5167  0.000e+00
     68.373     5.1031   3.070836    31.6983        606     2.5208  0.000e+00
     68.530     5.1032   3.070884    31.6987        607     2.5250  0.000e+00
     68.686     5.1035   3.070914    31.6986        608     2.5292  0.000e+00
     68.845     5.1037   3.070878    31.6980        609     2.5333  0.000e+00
     69.004     5.1035   3.070782    31.6970        610     2.5375  0.000e+00
     69.158     5.1030   3.070746    31.6970        611     2.5417  0.000e+00
     69.313     5.1023   3.070740    31.6975        612     2.5458  0.000e+00
     69.462     5.1018   3.070782    31.6984        613     2.5500  0.000e+00
     69.612     5.1014   3.070806    31.6989        614     2.5542  0.000e+00
     69.768     5.1014   3.070764    31.6984        615     2.5583  0.000e+00
     69.913     5.1012   3.070818    31.6991        616     2.5625  0.000e+00
     70.055     5.1014   3.070879    31.6996        617     2.5667  0.000e+00
     70.195     5.1017   3.070909    31.6996        618     2.5708  0.000e+00
     70.332     5.1020   3.070915    31.6993        619     2.5750  0.000e+00
     70.466     5.1022   3.070837    31.6981        620     2.5792  0.000e+00
     70.592     5.1019   3.070879    31.6988        621     2.5833  0.000e+00
     70.716     5.1018   3.070909    31.6992        622     2.5875  0.000e+00
     70.841     5.1018   3.070915    31.6992        623     2.5917  0.000e+00
     70.967     5.1019   3.070915    31.6991        624     2.5958  0.000e+00
     71.090     5.1019   3.070927    31.6991        625     2.6000  0.000e+00
