HB2403/sbe114.cnv
* Sea-Bird SBE 19plus V2 Data File:
* FileName = C:\cruise\data\sbe114.hex
* Software Version Seasave V 7.26.7.121
* Temperature SN = 6128
* Conductivity SN = 6128
* System UpLoad Time = Jun 11 2024 17:45:41
* NMEA Latitude = 43 05.51 N
* NMEA Longitude = 068 43.25 W
* NMEA UTC (Time) = Jun 11 2024  17:46:18
** Ship: Henry Bigelow
** Cruise:  HB2403
** Program:  ECOMON
# nquan = 7
# nvalues = 4125                                  
# units = specified
# name 0 = depSM: Depth [salt water, m]
# name 1 = tv290C: Temperature [ITS-90, deg C]
# name 2 = c0S/m: Conductivity [S/m]
# name 3 = sal00: Salinity, Practical [PSU]
# name 4 = scan: Scan Count
# name 5 = timeM: Time, Elapsed [minutes]
# name 6 = flag:  0.000e+00
# span 0 =     -0.274,    178.025                 
# span 1 =     6.0549,    15.5440                 
# span 2 =   0.000204,   3.992660                 
# span 3 =     0.0081,    33.6885                 
# span 4 =         11,       4135                 
# span 5 =     0.0417,    17.2250                 
# span 6 = 0.0000e+00, 0.0000e+00                 
# interval = seconds: 0.25
# start_time = Jun 11 2024 17:46:18 [NMEA time, header]
# bad_flag = -9.990e-29
*END*
[from data line 2872]
     61.331     6.2634   3.254747    32.6661       2883    12.0083  0.000e+00
     61.259     6.2635   3.254704    32.6655       2884    12.0125  0.000e+00
     61.172     6.2635   3.254642    32.6649       2885    12.0167  0.000e+00
     61.093     6.2633   3.254642    32.6651       2886    12.0208  0.000e+00
     61.000     6.2632   3.254704    32.6659       2887    12.0250  0.000e+00
     60.912     6.2629   3.254728    32.6665       2888    12.0292  0.000e+00
     60.823     6.2628   3.254747    32.6669       2889    12.0333  0.000e+00
     60.736     6.2625   3.254704    32.6667       2890    12.0375  0.000e+00
     60.658     6.2625   3.254599    32.6656       2891    12.0417  0.000e+00
     60.570     6.2624   3.254433    32.6638       2892    12.0458  0.000e+00
     60.490     6.2624   3.254156    32.6608       2893    12.0500  0.000e+00
     60.419     6.2619   3.253731    32.6566       2894    12.0542  0.000e+00
     60.345     6.2608   3.253379    32.6538       2895    12.0583  0.000e+00
     60.290     6.2592   3.253213    32.6535       2896    12.0625  0.000e+00
     60.229     6.2579   3.253152    32.6541       2897    12.0667  0.000e+00
     60.185     6.2570   3.253072    32.6541       2898    12.0708  0.000e+00
     60.142     6.2562   3.252942    32.6535       2899    12.0750  0.000e+00
     60.104     6.2556   3.252881    32.6533       2900    12.0792  0.000e+00
     60.075     6.2553   3.252862    32.6535       2901    12.0833  0.000e+00
     60.050     6.2548   3.252844    32.6537       2902    12.0875  0.000e+00
     60.026     6.2545   3.252819    32.6537       2903    12.0917  0.000e+00
     60.004     6.2544   3.252727    32.6529       2904    12.0958  0.000e+00
     59.979     6.2541   3.252653    32.6524       2905    12.1000  0.000e+00
     59.955     6.2537   3.252653    32.6527       2906    12.1042  0.000e+00
     59.927     6.2534   3.252634    32.6529       2907    12.1083  0.000e+00
     59.898     6.2532   3.252653    32.6532       2908    12.1125  0.000e+00
     59.864     6.2531   3.252634    32.6532       2909    12.1167  0.000e+00
     59.820     6.2530   3.252628    32.6532       2910    12.1208  0.000e+00
     59.766     6.2530   3.252677    32.6538       2911    12.1250  0.000e+00
     59.712     6.2530   3.252616    32.6531       2912    12.1292  0.000e+00
     59.650     6.2529   3.252634    32.6534       2913    12.1333  0.000e+00
     59.585     6.2529   3.252616    32.6533       2914    12.1375  0.000e+00
     59.525     6.2529   3.252573    32.6528       2915    12.1417  0.000e+00
     59.453     6.2526   3.252548    32.6528       2916    12.1458  0.000e+00
     59.388     6.2526   3.252511    32.6525       2917    12.1500  0.000e+00
     59.320     6.2526   3.252492    32.6523       2918    12.1542  0.000e+00
     59.250     6.2525   3.252406    32.6515       2919    12.1583  0.000e+00
     59.180     6.2521   3.252388    32.6517       2920    12.1625  0.000e+00
     59.102     6.2518   3.252351    32.6516       2921    12.1667  0.000e+00
     59.029     6.2515   3.252265    32.6510       2922    12.1708  0.000e+00
     58.955     6.2512   3.252160    32.6501       2923    12.1750  0.000e+00
     58.881     6.2506   3.251932    32.6482       2924    12.1792  0.000e+00
     58.817     6.2497   3.251169    32.6406       2925    12.1833  0.000e+00
     58.755     6.2477   3.250695    32.6373       2926    12.1875  0.000e+00
     58.697     6.2446   3.249894    32.6314       2927    12.1917  0.000e+00
     58.643     6.2411   3.246977    32.6023       2928    12.1958  0.000e+00
     58.595     6.2333   3.242849    32.5639       2929    12.2000  0.000e+00
     58.551     6.2182   3.239719    32.5435       2930    12.2042  0.000e+00
     58.513     6.1997   3.237598    32.5376       2931    12.2083  0.000e+00
     58.475     6.1825   3.237002    32.5475       2932    12.2125  0.000e+00
     58.440     6.1696   3.236990    32.5597       2933    12.2167  0.000e+00
     58.404     6.1620   3.236818    32.5651       2934    12.2208  0.000e+00
     58.372     6.1574   3.236247    32.5631       2935    12.2250  0.000e+00
     58.339     6.1536   3.235669    32.5604       2936    12.2292  0.000e+00
     58.299     6.1500   3.235399    32.5609       2937    12.2333  0.000e+00
     58.261     6.1469   3.235276    32.5624       2938    12.2375  0.000e+00
     58.232     6.1447   3.235257    32.5644       2939    12.2417  0.000e+00
     58.195     6.1435   3.235331    32.5663       2940    12.2458  0.000e+00
     58.163     6.1434   3.235276    32.5659       2941    12.2500  0.000e+00
     58.117     6.1431   3.235239    32.5658       2942    12.2542  0.000e+00
     58.069     6.1429   3.235257    32.5661       2943    12.2583  0.000e+00
     58.022     6.1431   3.235196    32.5653       2944    12.2625  0.000e+00
     57.975     6.1435   3.235153    32.5644       2945    12.2667  0.000e+00
     57.917     6.1437   3.235134    32.5641       2946    12.2708  0.000e+00
     57.843     6.1440   3.235030    32.5627       2947    12.2750  0.000e+00
     57.787     6.1439   3.235042    32.5629       2948    12.2792  0.000e+00
     57.724     6.1440   3.234987    32.5623       2949    12.2833  0.000e+00
     57.653     6.1440   3.235011    32.5625       2950    12.2875  0.000e+00
     57.584     6.1442   3.235011    32.5625       2951    12.2917  0.000e+00
     57.505     6.1441   3.235073    32.5632       2952    12.2958  0.000e+00
     57.434     6.1442   3.235054    32.5630       2953    12.3000  0.000e+00
     57.362     6.1445   3.235091    32.5631       2954    12.3042  0.000e+00
     57.297     6.1448   3.235116    32.5631       2955    12.3083  0.000e+00
     57.228     6.1452   3.235091    32.5626       2956    12.3125  0.000e+00
     57.167     6.1455   3.235116    32.5626       2957    12.3167  0.000e+00
     57.103     6.1456   3.235116    32.5625       2958    12.3208  0.000e+00
     57.045     6.1458   3.235116    32.5623       2959    12.3250  0.000e+00
     56.984     6.1459   3.235115    32.5623       2960    12.3292  0.000e+00
     56.938     6.1459   3.235115    32.5622       2961    12.3333  0.000e+00
     56.884     6.1459   3.235079    32.5619       2962    12.3375  0.000e+00
     56.841     6.1459   3.235115    32.5623       2963    12.3417  0.000e+00
     56.795     6.1459   3.235091    32.5620       2964    12.3458  0.000e+00
     56.757     6.1462   3.235054    32.5614       2965    12.3500  0.000e+00
     56.715     6.1463   3.235054    32.5614       2966    12.3542  0.000e+00
     56.680     6.1464   3.235029    32.5610       2967    12.3583  0.000e+00
     56.651     6.1464   3.234968    32.5603       2968    12.3625  0.000e+00
     56.622     6.1462   3.234949    32.5603       2969    12.3667  0.000e+00
     56.590     6.1459   3.234900    32.5600       2970    12.3708  0.000e+00
     56.557     6.1458   3.234925    32.5604       2971    12.3750  0.000e+00
     56.517     6.1458   3.234968    32.5609       2972    12.3792  0.000e+00
     56.479     6.1459   3.234925    32.5604       2973    12.3833  0.000e+00
     56.436     6.1459   3.234863    32.5597       2974    12.3875  0.000e+00
     56.385     6.1456   3.234740    32.5587       2975    12.3917  0.000e+00
     56.333     6.1453   3.234826    32.5599       2976    12.3958  0.000e+00
     56.269     6.1450   3.234863    32.5606       2977    12.4000  0.000e+00
     56.206     6.1451   3.234826    32.5602       2978    12.4042  0.000e+00
     56.135     6.1451   3.234765    32.5595       2979    12.4083  0.000e+00
     56.070     6.1450   3.234802    32.5600       2980    12.4125  0.000e+00
     56.002     6.1449   3.234925    32.5615       2981    12.4167  0.000e+00
     55.931     6.1453   3.234845    32.5603       2982    12.4208  0.000e+00
     55.864     6.1455   3.234783    32.5595       2983    12.4250  0.000e+00
     55.795     6.1452   3.234826    32.5603       2984    12.4292  0.000e+00
     55.734     6.1453   3.234845    32.5605       2985    12.4333  0.000e+00
     55.683     6.1453   3.234802    32.5599       2986    12.4375  0.000e+00
     55.623     6.1453   3.234722    32.5591       2987    12.4417  0.000e+00
     55.569     6.1452   3.234740    32.5595       2988    12.4458  0.000e+00
     55.511     6.1451   3.234660    32.5587       2989    12.4500  0.000e+00
     55.460     6.1449   3.234599    32.5582       2990    12.4542  0.000e+00
     55.404     6.1448   3.234599    32.5583       2991    12.4583  0.000e+00
     55.355     6.1444   3.234593    32.5586       2992    12.4625  0.000e+00
     55.306     6.1445   3.234519    32.5578       2993    12.4667  0.000e+00
     55.265     6.1443   3.234310    32.5556       2994    12.4708  0.000e+00
     55.210     6.1435   3.233573    32.5482       2995    12.4750  0.000e+00
     55.172     6.1413   3.232258    32.5357       2996    12.4792  0.000e+00
     55.125     6.1370   3.232215    32.5393       2997    12.4833  0.000e+00
     55.084     6.1331   3.232031    32.5411       2998    12.4875  0.000e+00
     55.045     6.1302   3.230299    32.5245       2999    12.4917  0.000e+00
     55.006     6.1249   3.228911    32.5141       3000    12.4958  0.000e+00
     54.959     6.1173   3.228788    32.5201       3001    12.5000  0.000e+00
     54.908     6.1113   3.228690    32.5247       3002    12.5042  0.000e+00
     54.862     6.1074   3.228647    32.5280       3003    12.5083  0.000e+00
     54.817     6.1050   3.228438    32.5281       3004    12.5125  0.000e+00
     54.766     6.1030   3.228359    32.5291       3005    12.5167  0.000e+00
     54.701     6.1014   3.228279    32.5298       3006    12.5208  0.000e+00
     54.638     6.1003   3.228193    32.5299       3007    12.5250  0.000e+00
     54.579     6.0994   3.228156    32.5304       3008    12.5292  0.000e+00
     54.513     6.0987   3.228095    32.5303       3009    12.5333  0.000e+00
     54.448     6.0984   3.227972    32.5294       3010    12.5375  0.000e+00
     54.375     6.0979   3.227947    32.5296       3011    12.5417  0.000e+00
     54.310     6.0974   3.227972    32.5304       3012    12.5458  0.000e+00
     54.243     6.0971   3.227990    32.5309       3013    12.5500  0.000e+00
     54.175     6.0971   3.228051    32.5316       3014    12.5542  0.000e+00
     54.115     6.0977   3.228193    32.5326       3015    12.5583  0.000e+00
     54.061     6.0986   3.228193    32.5318       3016    12.5625  0.000e+00
     54.005     6.0994   3.228236    32.5315       3017    12.5667  0.000e+00
     53.955     6.1007   3.227499    32.5220       3018    12.5708  0.000e+00
     53.914     6.1011   3.227210    32.5185       3019    12.5750  0.000e+00
     53.883     6.1006   3.227235    32.5192       3020    12.5792  0.000e+00
     53.849     6.1000   3.226455    32.5111       3021    12.5833  0.000e+00
     53.820     6.0985   3.226701    32.5153       3022    12.5875  0.000e+00
     53.800     6.0973   3.226535    32.5147       3023    12.5917  0.000e+00
     53.783     6.0967   3.226026    32.5096       3024    12.5958  0.000e+00
     53.754     6.0952   3.225823    32.5087       3025    12.6000  0.000e+00
     53.733     6.0937   3.225657    32.5084       3026    12.6042  0.000e+00
     53.700     6.0922   3.225614    32.5094       3027    12.6083  0.000e+00
     53.669     6.0912   3.225571    32.5098       3028    12.6125  0.000e+00
     53.629     6.0904   3.225596    32.5109       3029    12.6167  0.000e+00
     53.586     6.0901   3.225553    32.5107       3030    12.6208  0.000e+00
     53.528     6.0898   3.225492    32.5104       3031    12.6250  0.000e+00
     53.459     6.0896   3.225406    32.5096       3032    12.6292  0.000e+00
     53.398     6.0892   3.225344    32.5094       3033    12.6333  0.000e+00
     53.325     6.0888   3.224964    32.5055       3034    12.6375  0.000e+00
     53.244     6.0877   3.224712    32.5038       3035    12.6417  0.000e+00
     53.164     6.0860   3.224608    32.5043       3036    12.6458  0.000e+00
     53.074     6.0847   3.224466    32.5040       3037    12.6500  0.000e+00
     52.989     6.0834   3.224387    32.5044       3038    12.6542  0.000e+00
     52.909     6.0824   3.224405    32.5056       3039    12.6583  0.000e+00
     52.826     6.0818   3.224571    32.5081       3040    12.6625  0.000e+00
     52.748     6.0823   3.225369    32.5165       3041    12.6667  0.000e+00
     52.680     6.0857   3.226332    32.5240       3042    12.6708  0.000e+00
     52.616     6.0927   3.226541    32.5198       3043    12.6750  0.000e+00
     52.560     6.0993   3.226578    32.5138       3044    12.6792  0.000e+00
     52.510     6.1041   3.226639    32.5100       3045    12.6833  0.000e+00
     52.475     6.1072   3.226596    32.5065       3046    12.6875  0.000e+00
     52.444     6.1088   3.226596    32.5050       3047    12.6917  0.000e+00
     52.426     6.1095   3.226700    32.5055       3048    12.6958  0.000e+00
     52.409     6.1101   3.226657    32.5044       3049    12.7000  0.000e+00
     52.397     6.1106   3.226762    32.5051       3050    12.7042  0.000e+00
     52.386     6.1111   3.226774    32.5048       3051    12.7083  0.000e+00
     52.372     6.1116   3.226780    32.5044       3052    12.7125  0.000e+00
     52.346     6.1119   3.226921    32.5057       3053    12.7167  0.000e+00
     52.317     6.1128   3.226841    32.5039       3054    12.7208  0.000e+00
     52.286     6.1142   3.226307    32.4967       3055    12.7250  0.000e+00
     52.257     6.1148   3.225982    32.4925       3056    12.7292  0.000e+00
     52.205     6.1146   3.226209    32.4952       3057    12.7333  0.000e+00
     52.151     6.1152   3.226393    32.4967       3058    12.7375  0.000e+00
     52.100     6.1165   3.226798    32.5000       3059    12.7417  0.000e+00
     52.029     6.1193   3.226988    32.4996       3060    12.7458  0.000e+00
     51.960     6.1222   3.226964    32.4965       3061    12.7500  0.000e+00
     51.893     6.1242   3.226982    32.4948       3062    12.7542  0.000e+00
     51.830     6.1256   3.227068    32.4944       3063    12.7583  0.000e+00
     51.753     6.1270   3.227105    32.4936       3064    12.7625  0.000e+00
     51.697     6.1282   3.227025    32.4915       3065    12.7667  0.000e+00
     51.624     6.1293   3.227007    32.4903       3066    12.7708  0.000e+00
     51.550     6.1302   3.227191    32.4915       3067    12.7750  0.000e+00
     51.479     6.1320   3.226908    32.4868       3068    12.7792  0.000e+00
     51.405     6.1330   3.226491    32.4812       3069    12.7833  0.000e+00
     51.331     6.1325   3.226043    32.4767       3070    12.7875  0.000e+00
     51.259     6.1310   3.225717    32.4745       3071    12.7917  0.000e+00
     51.190     6.1295   3.225325    32.4716       3072    12.7958  0.000e+00
     51.129     6.1274   3.224238    32.4615       3073    12.8000  0.000e+00
     51.070     6.1241   3.223913    32.4610       3074    12.8042  0.000e+00
     51.016     6.1209   3.223790    32.4628       3075    12.8083  0.000e+00
     50.977     6.1186   3.223747    32.4645       3076    12.8125  0.000e+00
     50.938     6.1172   3.223772    32.4662       3077    12.8167  0.000e+00
     50.913     6.1165   3.223778    32.4669       3078    12.8208  0.000e+00
     50.890     6.1160   3.223668    32.4661       3079    12.8250  0.000e+00
     50.875     6.1158   3.223649    32.4662       3080    12.8292  0.000e+00
     50.864     6.1155   3.223625    32.4662       3081    12.8333  0.000e+00
     50.855     6.1153   3.223588    32.4660       3082    12.8375  0.000e+00
     50.835     6.1152   3.223545    32.4656       3083    12.8417  0.000e+00
     50.819     6.1152   3.223484    32.4650       3084    12.8458  0.000e+00
     50.795     6.1150   3.223527    32.4656       3085    12.8500  0.000e+00
     50.757     6.1153   3.223545    32.4656       3086    12.8542  0.000e+00
