HB2403/sbe101.cnv
* Sea-Bird SBE 19plus V2 Data File:
* FileName = C:\cruise\data\sbe101.hex
* Software Version Seasave V 7.26.7.121
* Temperature SN = 6128
* Conductivity SN = 6128
* System UpLoad Time = Jun 10 2024 14:58:17
* NMEA Latitude = 42 33.66 N
* NMEA Longitude = 067 58.08 W
* NMEA UTC (Time) = Jun 10 2024  14:58:53
** Ship: Henry Bigelow
** Cruise:  HB2403
** Program:  ECOMON
# nquan = 7
# nvalues = 4567                                  
# units = specified
# name 0 = depSM: Depth [salt water, m]
# name 1 = tv290C: Temperature [ITS-90, deg C]
# name 2 = c0S/m: Conductivity [S/m]
# name 3 = sal00: Salinity, Practical [PSU]
# name 4 = scan: Scan Count
# name 5 = timeM: Time, Elapsed [minutes]
# name 6 = flag:  0.000e+00
# span 0 =     -0.117,    190.081                 
# span 1 =     5.4862,    15.1459                 
# span 2 =   0.000177,   3.798747                 
# span 3 =     0.0080,    34.6269                 
# span 4 =         11,       4577                 
# span 5 =     0.0417,    19.0667                 
# span 6 = 0.0000e+00, 0.0000e+00                 
# interval = seconds: 0.25
# start_time = Jun 10 2024 14:58:53 [NMEA time, header]
# bad_flag = -9.990e-29
*END*
[from data line 206]
      8.611    13.5228   3.705997    30.8722        217     0.9000  0.000e+00
      8.739    13.5167   3.706036    30.8774        218     0.9042  0.000e+00
      8.863    13.5107   3.706470    30.8863        219     0.9083  0.000e+00
      8.984    13.5052   3.706879    30.8944        220     0.9125  0.000e+00
      9.109    13.5004   3.707806    30.9069        221     0.9167  0.000e+00
      9.241    13.4953   3.708779    30.9200        222     0.9208  0.000e+00
      9.384    13.4920   3.709376    30.9281        223     0.9250  0.000e+00
      9.537    13.4893   3.709071    30.9274        224     0.9292  0.000e+00
      9.703    13.4871   3.708183    30.9209        225     0.9333  0.000e+00
      9.884    13.4849   3.707385    30.9152        226     0.9375  0.000e+00
     10.066    13.4818   3.706581    30.9102        227     0.9417  0.000e+00
     10.259    13.4775   3.705492    30.9036        228     0.9458  0.000e+00
     10.465    13.4725   3.704319    30.8966        229     0.9500  0.000e+00
     10.680    13.4650   3.702854    30.8890        230     0.9542  0.000e+00
     10.898    13.4532   3.701144    30.8826        231     0.9583  0.000e+00
     11.124    13.4317   3.697600    30.8671        232     0.9625  0.000e+00
     11.344    13.3860   3.690038    30.8337        233     0.9667  0.000e+00
     11.559    13.3177   3.682270    30.8167        234     0.9708  0.000e+00
     11.763    13.2431   3.677642    30.8339        235     0.9750  0.000e+00
     11.957    13.1681   3.672215    30.8440        236     0.9792  0.000e+00
     12.136    13.0786   3.665559    30.8544        237     0.9833  0.000e+00
     12.306    12.9802   3.659063    30.8736        238     0.9875  0.000e+00
     12.468    12.8750   3.653260    30.9049        239     0.9917  0.000e+00
     12.628    12.7723   3.647462    30.9342        240     0.9958  0.000e+00
     12.787    12.6791   3.642414    30.9629        241     1.0000  0.000e+00
     12.944    12.5900   3.638920    31.0031        242     1.0042  0.000e+00
     13.107    12.5103   3.635587    31.0371        243     1.0083  0.000e+00
     13.273    12.4412   3.632462    31.0644        244     1.0125  0.000e+00
     13.439    12.3838   3.629627    31.0849        245     1.0167  0.000e+00
     13.605    12.3348   3.627615    31.1063        246     1.0208  0.000e+00
     13.775    12.2930   3.626433    31.1296        247     1.0250  0.000e+00
     13.948    12.2571   3.624943    31.1452        248     1.0292  0.000e+00
     14.115    12.2265   3.623922    31.1608        249     1.0333  0.000e+00
     14.290    12.1966   3.622830    31.1752        250     1.0375  0.000e+00
     14.461    12.1655   3.621892    31.1921        251     1.0417  0.000e+00
     14.642    12.1360   3.619869    31.1973        252     1.0458  0.000e+00
     14.819    12.1017   3.618001    31.2079        253     1.0500  0.000e+00
     14.996    12.0464   3.612937    31.2054        254     1.0542  0.000e+00
     15.175    11.9601   3.603669    31.1885        255     1.0583  0.000e+00
     15.348    11.8383   3.592029    31.1783        256     1.0625  0.000e+00
     15.527    11.6899   3.581600    31.2020        257     1.0667  0.000e+00
     15.711    11.5476   3.574071    31.2487        258     1.0708  0.000e+00
     15.897    11.4159   3.567985    31.3008        259     1.0750  0.000e+00
     16.093    11.2762   3.560646    31.3475        260     1.0792  0.000e+00
     16.290    11.1268   3.550675    31.3770        261     1.0833  0.000e+00
     16.487    10.9777   3.540943    31.4085        262     1.0875  0.000e+00
     16.689    10.8220   3.527859    31.4126        263     1.0917  0.000e+00
     16.893    10.6734   3.516958    31.4322        264     1.0958  0.000e+00
     17.099    10.5234   3.508906    31.4814        265     1.1000  0.000e+00
     17.308    10.3805   3.501819    31.5342        266     1.1042  0.000e+00
     17.518    10.2413   3.492394    31.5606        267     1.1083  0.000e+00
     17.725    10.1125   3.484876    31.5973        268     1.1125  0.000e+00
     17.929     9.9926   3.477776    31.6304        269     1.1167  0.000e+00
     18.128     9.8826   3.470940    31.6575        270     1.1208  0.000e+00
     18.323     9.7909   3.466572    31.6937        271     1.1250  0.000e+00
     18.516     9.7165   3.462173    31.7145        272     1.1292  0.000e+00
     18.701     9.6469   3.458023    31.7336        273     1.1333  0.000e+00
     18.874     9.5831   3.453383    31.7426        274     1.1375  0.000e+00
     19.045     9.5237   3.450144    31.7621        275     1.1417  0.000e+00
     19.204     9.4737   3.447852    31.7828        276     1.1458  0.000e+00
     19.359     9.4336   3.446422    31.8037        277     1.1500  0.000e+00
     19.506     9.3975   3.444766    31.8188        278     1.1542  0.000e+00
     19.648     9.3595   3.444005    31.8446        279     1.1583  0.000e+00
     19.793     9.3183   3.444011    31.8813        280     1.1625  0.000e+00
     19.939     9.2810   3.444875    31.9234        281     1.1667  0.000e+00
     20.096     9.2518   3.446506    31.9664        282     1.1708  0.000e+00
     20.257     9.2289   3.447206    31.9939        283     1.1750  0.000e+00
     20.423     9.2135   3.444410    31.9789        284     1.1792  0.000e+00
     20.598     9.2030   3.440651    31.9495        285     1.1833  0.000e+00
     20.782     9.1892   3.437662    31.9309        286     1.1875  0.000e+00
     20.977     9.1727   3.433711    31.9049        287     1.1917  0.000e+00
     21.176     9.1541   3.428876    31.8716        288     1.1958  0.000e+00
     21.383     9.1284   3.422643    31.8301        289     1.2000  0.000e+00
     21.600     9.0920   3.417312    31.8075        290     1.2042  0.000e+00
     21.822     9.0293   3.409500    31.7826        291     1.2083  0.000e+00
     22.037     8.9343   3.397561    31.7438        292     1.2125  0.000e+00
     22.257     8.8045   3.381143    31.6893        293     1.2167  0.000e+00
     22.477     8.6488   3.366722    31.6783        294     1.2208  0.000e+00
     22.691     8.4983   3.358776    31.7302        295     1.2250  0.000e+00
     22.896     8.3558   3.351679    31.7840        296     1.2292  0.000e+00
     23.091     8.2307   3.345701    31.8341        297     1.2333  0.000e+00
     23.279     8.1215   3.340699    31.8803        298     1.2375  0.000e+00
     23.461     8.0139   3.335226    31.9202        299     1.2417  0.000e+00
     23.631     7.9128   3.329111    31.9474        300     1.2458  0.000e+00
     23.795     7.8220   3.324707    31.9836        301     1.2500  0.000e+00
     23.956     7.7347   3.321659    32.0311        302     1.2542  0.000e+00
     24.113     7.6545   3.318600    32.0721        303     1.2583  0.000e+00
     24.272     7.5877   3.316646    32.1127        304     1.2625  0.000e+00
     24.436     7.5284   3.314488    32.1443        305     1.2667  0.000e+00
     24.595     7.4769   3.312076    32.1660        306     1.2708  0.000e+00
     24.761     7.4385   3.309950    32.1786        307     1.2750  0.000e+00
     24.935     7.3999   3.308475    32.1985        308     1.2792  0.000e+00
     25.108     7.3627   3.304106    32.1859        309     1.2833  0.000e+00
     25.278     7.3313   3.298644    32.1560        310     1.2875  0.000e+00
     25.462     7.3023   3.295450    32.1482        311     1.2917  0.000e+00
     25.644     7.2773   3.292963    32.1445        312     1.2958  0.000e+00
     25.830     7.2526   3.289220    32.1269        313     1.3000  0.000e+00
     26.033     7.2279   3.287737    32.1337        314     1.3042  0.000e+00
     26.233     7.2055   3.286377    32.1396        315     1.3083  0.000e+00
     26.433     7.1863   3.284671    32.1390        316     1.3125  0.000e+00
     26.652     7.1710   3.283175    32.1368        317     1.3167  0.000e+00
     26.860     7.1597   3.281087    32.1246        318     1.3208  0.000e+00
     27.075     7.1509   3.280210    32.1232        319     1.3250  0.000e+00
     27.291     7.1444   3.279709    32.1238        320     1.3292  0.000e+00
     27.505     7.1404   3.277603    32.1045        321     1.3333  0.000e+00
     27.725     7.1372   3.277208    32.1031        322     1.3375  0.000e+00
     27.938     7.1340   3.276640    32.0998        323     1.3417  0.000e+00
     28.152     7.1254   3.274535    32.0848        324     1.3458  0.000e+00
     28.362     7.1123   3.272201    32.0716        325     1.3500  0.000e+00
     28.568     7.0981   3.270245    32.0634        326     1.3542  0.000e+00
     28.770     7.0795   3.267796    32.0540        327     1.3583  0.000e+00
     28.963     7.0550   3.265545    32.0522        328     1.3625  0.000e+00
     29.145     7.0248   3.259035    32.0094        329     1.3667  0.000e+00
     29.315     6.9868   3.228569    31.7130        330     1.3708  0.000e+00
     29.475     6.9159   3.218641    31.6700        331     1.3750  0.000e+00
     29.633     6.8322   3.217581    31.7357        332     1.3792  0.000e+00
     29.788     6.7705   3.216539    31.7813        333     1.3833  0.000e+00
     29.937     6.7301   3.215540    31.8078        334     1.3875  0.000e+00
     30.094     6.7008   3.214946    31.8283        335     1.3917  0.000e+00
     30.259     6.6806   3.214707    31.8444        336     1.3958  0.000e+00
     30.423     6.6676   3.214376    31.8528        337     1.4000  0.000e+00
     30.589     6.6587   3.214468    31.8621        338     1.4042  0.000e+00
     30.758     6.6537   3.214254    31.8642        339     1.4083  0.000e+00
     30.936     6.6510   3.213948    31.8633        340     1.4125  0.000e+00
     31.118     6.6483   3.213727    31.8633        341     1.4167  0.000e+00
     31.306     6.6455   3.212851    31.8562        342     1.4208  0.000e+00
     31.499     6.6400   3.210136    31.8314        343     1.4250  0.000e+00
     31.690     6.6238   3.207999    31.8230        344     1.4292  0.000e+00
     31.894     6.6017   3.207779    31.8410        345     1.4333  0.000e+00
     32.099     6.5840   3.207068    31.8495        346     1.4375  0.000e+00
     32.308     6.5711   3.205538    31.8446        347     1.4417  0.000e+00
     32.526     6.5571   3.204362    31.8446        348     1.4458  0.000e+00
     32.754     6.5426   3.205520    31.8708        349     1.4500  0.000e+00
     32.981     6.5354   3.204075    31.8615        350     1.4542  0.000e+00
     33.214     6.5292   3.201620    31.8401        351     1.4583  0.000e+00
     33.444     6.5148   3.200531    31.8414        352     1.4625  0.000e+00
     33.664     6.4986   3.199589    31.8460        353     1.4667  0.000e+00
     33.884     6.4844   3.198292    31.8449        354     1.4708  0.000e+00
     34.089     6.4700   3.198066    31.8557        355     1.4750  0.000e+00
     34.276     6.4590   3.196953    31.8536        356     1.4792  0.000e+00
     34.451     6.4483   3.195816    31.8510        357     1.4833  0.000e+00
     34.605     6.4369   3.195455    31.8576        358     1.4875  0.000e+00
     34.749     6.4264   3.193810    31.8492        359     1.4917  0.000e+00
     34.884     6.4132   3.190937    31.8296        360     1.4958  0.000e+00
     35.025     6.3923   3.188756    31.8250        361     1.5000  0.000e+00
     35.173     6.3676   3.187241    31.8312        362     1.5042  0.000e+00
     35.323     6.3425   3.186086    31.8419        363     1.5083  0.000e+00
     35.484     6.3206   3.186068    31.8621        364     1.5125  0.000e+00
     35.652     6.3054   3.185849    31.8738        365     1.5167  0.000e+00
     35.828     6.2938   3.186209    31.8886        366     1.5208  0.000e+00
     36.014     6.2869   3.184841    31.8798        367     1.5250  0.000e+00
     36.198     6.2778   3.183406    31.8723        368     1.5292  0.000e+00
     36.392     6.2623   3.182460    31.8762        369     1.5333  0.000e+00
     36.585     6.2467   3.183687    31.9044        370     1.5375  0.000e+00
     36.787     6.2403   3.181752    31.8888        371     1.5417  0.000e+00
     36.991     6.2292   3.179756    31.8770        372     1.5458  0.000e+00
     37.201     6.2099   3.177364    31.8684        373     1.5500  0.000e+00
     37.414     6.1831   3.175027    31.8675        374     1.5542  0.000e+00
     37.614     6.1513   3.173618    31.8816        375     1.5583  0.000e+00
     37.822     6.1220   3.173094    31.9032        376     1.5625  0.000e+00
     38.018     6.0983   3.170966    31.9017        377     1.5667  0.000e+00
     38.217     6.0738   3.168479    31.8969        378     1.5708  0.000e+00
     38.425     6.0455   3.167596    31.9136        379     1.5750  0.000e+00
     38.629     6.0199   3.167413    31.9356        380     1.5792  0.000e+00
     38.822     6.0023   3.166475    31.9416        381     1.5833  0.000e+00
     39.020     5.9874   3.164507    31.9336        382     1.5875  0.000e+00
     39.213     5.9681   3.163228    31.9374        383     1.5917  0.000e+00
     39.410     5.9471   3.161303    31.9356        384     1.5958  0.000e+00
     39.589     5.9246   3.161127    31.9548        385     1.6000  0.000e+00
     39.764     5.9074   3.160908    31.9685        386     1.6042  0.000e+00
     39.932     5.8955   3.159916    31.9685        387     1.6083  0.000e+00
     40.089     5.8838   3.159368    31.9735        388     1.6125  0.000e+00
     40.234     5.8723   3.157645    31.9650        389     1.6167  0.000e+00
     40.375     5.8565   3.155308    31.9537        390     1.6208  0.000e+00
     40.508     5.8336   3.154170    31.9624        391     1.6250  0.000e+00
     40.653     5.8110   3.153793    31.9796        392     1.6292  0.000e+00
     40.794     5.7941   3.153513    31.9924        393     1.6333  0.000e+00
     40.943     5.7828   3.153994    32.0084        394     1.6375  0.000e+00
     41.101     5.7773   3.154451    32.0187        395     1.6417  0.000e+00
     41.263     5.7774   3.154670    32.0210        396     1.6458  0.000e+00
     41.436     5.7790   3.154688    32.0196        397     1.6500  0.000e+00
     41.612     5.7805   3.154634    32.0174        398     1.6542  0.000e+00
     41.805     5.7808   3.153830    32.0080        399     1.6583  0.000e+00
     41.995     5.7773   3.153496    32.0075        400     1.6625  0.000e+00
     42.202     5.7719   3.153216    32.0094        401     1.6667  0.000e+00
     42.411     5.7667   3.152577    32.0070        402     1.6708  0.000e+00
     42.635     5.7606   3.152748    32.0147        403     1.6750  0.000e+00
     42.857     5.7561   3.152754    32.0188        404     1.6792  0.000e+00
     43.085     5.7537   3.152280    32.0157        405     1.6833  0.000e+00
     43.309     5.7501   3.152298    32.0192        406     1.6875  0.000e+00
     43.531     5.7478   3.152255    32.0208        407     1.6917  0.000e+00
     43.746     5.7461   3.151556    32.0145        408     1.6958  0.000e+00
     43.959     5.7417   3.151142    32.0139        409     1.7000  0.000e+00
     44.161     5.7363   3.150924    32.0164        410     1.7042  0.000e+00
     44.352     5.7318   3.150978    32.0213        411     1.7083  0.000e+00
     44.536     5.7291   3.150583    32.0193        412     1.7125  0.000e+00
     44.706     5.7261   3.150480    32.0208        413     1.7167  0.000e+00
     44.867     5.7231   3.150285    32.0214        414     1.7208  0.000e+00
     45.013     5.7205   3.149847    32.0189        415     1.7250  0.000e+00
     45.158     5.7169   3.149647    32.0200        416     1.7292  0.000e+00
     45.308     5.7132   3.149343    32.0200        417     1.7333  0.000e+00
     45.458     5.7098   3.149464    32.0245        418     1.7375  0.000e+00
     45.613     5.7079   3.149604    32.0279        419     1.7417  0.000e+00
     45.774     5.7074   3.149684    32.0291        420     1.7458  0.000e+00
