HB2403/sbe100.cnv
* Sea-Bird SBE 19plus V2 Data File:
* FileName = C:\cruise\data\sbe100.hex
* Software Version Seasave V 7.26.7.121
* Temperature SN = 6128
* Conductivity SN = 6128
* System UpLoad Time = Jun 10 2024 09:49:20
* NMEA Latitude = 42 23.12 N
* NMEA Longitude = 067 03.12 W
* NMEA UTC (Time) = Jun 10 2024  09:49:56
** Ship: Henry Bigelow
** Cruise:  HB2403
** Program:  ECOMON
# nquan = 7
# nvalues = 4405                                  
# units = specified
# name 0 = depSM: Depth [salt water, m]
# name 1 = tv290C: Temperature [ITS-90, deg C]
# name 2 = c0S/m: Conductivity [S/m]
# name 3 = sal00: Salinity, Practical [PSU]
# name 4 = scan: Scan Count
# name 5 = timeM: Time, Elapsed [minutes]
# name 6 = flag:  0.000e+00
# span 0 =     -0.390,    200.739                 
# span 1 =     5.3747,    13.6919                 
# span 2 =   0.000192,   3.792085                 
# span 3 =     0.0074,    34.4813                 
# span 4 =         11,       4415                 
# span 5 =     0.0417,    18.3917                 
# span 6 = 0.0000e+00, 0.0000e+00                 
# interval = seconds: 0.25
# start_time = Jun 10 2024 09:49:56 [NMEA time, header]
# bad_flag = -9.990e-29
*END*
[from data line 3898]
     23.140     5.7531   3.134753    31.8291       3909    16.2833  0.000e+00
     23.113     5.7553   3.134650    31.8258       3910    16.2875  0.000e+00
     23.086     5.7565   3.134668    31.8249       3911    16.2917  0.000e+00
     23.068     5.7571   3.134608    31.8236       3912    16.2958  0.000e+00
     23.051     5.7574   3.134553    31.8227       3913    16.3000  0.000e+00
     23.037     5.7572   3.134650    31.8240       3914    16.3042  0.000e+00
     23.019     5.7572   3.134711    31.8247       3915    16.3083  0.000e+00
     23.008     5.7576   3.134771    31.8250       3916    16.3125  0.000e+00
     22.989     5.7578   3.134753    31.8246       3917    16.3167  0.000e+00
     22.974     5.7582   3.134808    31.8249       3918    16.3208  0.000e+00
     22.949     5.7585   3.134832    31.8249       3919    16.3250  0.000e+00
     22.921     5.7588   3.134869    31.8250       3920    16.3292  0.000e+00
     22.878     5.7594   3.135172    31.8279       3921    16.3333  0.000e+00
     22.829     5.7608   3.135087    31.8257       3922    16.3375  0.000e+00
     22.764     5.7618   3.135069    31.8245       3923    16.3417  0.000e+00
     22.690     5.7622   3.135287    31.8267       3924    16.3458  0.000e+00
     22.610     5.7633   3.135682    31.8301       3925    16.3500  0.000e+00
     22.534     5.7657   3.135779    31.8290       3926    16.3542  0.000e+00
     22.442     5.7680   3.135803    31.8271       3927    16.3583  0.000e+00
     22.367     5.7696   3.135585    31.8232       3928    16.3625  0.000e+00
     22.294     5.7697   3.135463    31.8217       3929    16.3667  0.000e+00
     22.229     5.7690   3.135797    31.8262       3930    16.3708  0.000e+00
     22.171     5.7698   3.135700    31.8243       3931    16.3750  0.000e+00
     22.129     5.7704   3.135761    31.8245       3932    16.3792  0.000e+00
     22.091     5.7706   3.135779    31.8246       3933    16.3833  0.000e+00
     22.067     5.7710   3.135779    31.8241       3934    16.3875  0.000e+00
     22.035     5.7713   3.135700    31.8230       3935    16.3917  0.000e+00
     22.022     5.7711   3.135821    31.8246       3936    16.3958  0.000e+00
     22.000     5.7715   3.135839    31.8244       3937    16.4000  0.000e+00
     21.980     5.7719   3.135858    31.8243       3938    16.4042  0.000e+00
     21.958     5.7722   3.135858    31.8240       3939    16.4083  0.000e+00
     21.929     5.7722   3.135821    31.8236       3940    16.4125  0.000e+00
     21.904     5.7724   3.135943    31.8248       3941    16.4167  0.000e+00
     21.881     5.7728   3.135882    31.8238       3942    16.4208  0.000e+00
     21.849     5.7728   3.135997    31.8250       3943    16.4250  0.000e+00
     21.814     5.7731   3.135979    31.8245       3944    16.4292  0.000e+00
     21.774     5.7734   3.135979    31.8243       3945    16.4333  0.000e+00
     21.743     5.7736   3.136076    31.8252       3946    16.4375  0.000e+00
     21.700     5.7738   3.136100    31.8253       3947    16.4417  0.000e+00
     21.663     5.7745   3.136131    31.8250       3948    16.4458  0.000e+00
     21.629     5.7746   3.135918    31.8225       3949    16.4500  0.000e+00
     21.598     5.7741   3.135882    31.8226       3950    16.4542  0.000e+00
     21.569     5.7736   3.135858    31.8229       3951    16.4583  0.000e+00
     21.546     5.7731   3.135918    31.8240       3952    16.4625  0.000e+00
     21.526     5.7729   3.135997    31.8251       3953    16.4667  0.000e+00
     21.504     5.7733   3.135979    31.8245       3954    16.4708  0.000e+00
     21.484     5.7735   3.136040    31.8250       3955    16.4750  0.000e+00
     21.464     5.7738   3.136137    31.8258       3956    16.4792  0.000e+00
     21.443     5.7746   3.136616    31.8305       3957    16.4833  0.000e+00
     21.418     5.7769   3.136853    31.8310       3958    16.4875  0.000e+00
     21.387     5.7796   3.137290    31.8334       3959    16.4917  0.000e+00
     21.348     5.7830   3.136969    31.8265       3960    16.4958  0.000e+00
     21.307     5.7846   3.137369    31.8296       3961    16.5000  0.000e+00
     21.262     5.7864   3.137485    31.8292       3962    16.5042  0.000e+00
     21.210     5.7882   3.137151    31.8237       3963    16.5083  0.000e+00
     21.151     5.7885   3.136853    31.8201       3964    16.5125  0.000e+00
     21.086     5.7869   3.136950    31.8228       3965    16.5167  0.000e+00
     21.017     5.7862   3.137454    31.8291       3966    16.5208  0.000e+00
     20.951     5.7877   3.137387    31.8270       3967    16.5250  0.000e+00
     20.878     5.7890   3.137387    31.8258       3968    16.5292  0.000e+00
     20.810     5.7896   3.137624    31.8279       3969    16.5333  0.000e+00
     20.741     5.7906   3.137545    31.8261       3970    16.5375  0.000e+00
     20.689     5.7913   3.137624    31.8264       3971    16.5417  0.000e+00
     20.637     5.7917   3.137545    31.8251       3972    16.5458  0.000e+00
     20.587     5.7919   3.137563    31.8252       3973    16.5500  0.000e+00
     20.543     5.7920   3.137527    31.8247       3974    16.5542  0.000e+00
     20.503     5.7919   3.137575    31.8254       3975    16.5583  0.000e+00
     20.472     5.7921   3.137588    31.8253       3976    16.5625  0.000e+00
     20.439     5.7923   3.137545    31.8247       3977    16.5667  0.000e+00
     20.410     5.7924   3.137545    31.8247       3978    16.5708  0.000e+00
     20.379     5.7923   3.137527    31.8245       3979    16.5750  0.000e+00
     20.350     5.7924   3.137606    31.8254       3980    16.5792  0.000e+00
     20.326     5.7926   3.137642    31.8256       3981    16.5833  0.000e+00
     20.300     5.7928   3.137666    31.8256       3982    16.5875  0.000e+00
     20.279     5.7932   3.137587    31.8244       3983    16.5917  0.000e+00
     20.253     5.7931   3.137545    31.8241       3984    16.5958  0.000e+00
     20.229     5.7927   3.137575    31.8247       3985    16.6000  0.000e+00
     20.210     5.7926   3.137982    31.8294       3986    16.6042  0.000e+00
     20.192     5.7945   3.137861    31.8263       3987    16.6083  0.000e+00
     20.166     5.7955   3.137624    31.8227       3988    16.6125  0.000e+00
     20.145     5.7952   3.137806    31.8251       3989    16.6167  0.000e+00
     20.129     5.7955   3.138541    31.8330       3990    16.6208  0.000e+00
     20.111     5.7987   3.138638    31.8311       3991    16.6250  0.000e+00
     20.087     5.8022   3.138936    31.8311       3992    16.6292  0.000e+00
     20.068     5.8056   3.140703    31.8478       3993    16.6333  0.000e+00
     20.050     5.8150   3.141766    31.8508       3994    16.6375  0.000e+00
     20.026     5.8278   3.143066    31.8534       3995    16.6417  0.000e+00
     19.999     5.8424   3.143765    31.8474       3996    16.6458  0.000e+00
     19.965     5.8556   3.144561    31.8440       3997    16.6500  0.000e+00
     19.922     5.8671   3.144956    31.8375       3998    16.6542  0.000e+00
     19.882     5.8762   3.145436    31.8343       3999    16.6583  0.000e+00
     19.835     5.8839   3.146032    31.8338       4000    16.6625  0.000e+00
     19.781     5.8915   3.146591    31.8330       4001    16.6667  0.000e+00
     19.733     5.8991   3.147247    31.8331       4002    16.6708  0.000e+00
     19.677     5.9071   3.147345    31.8268       4003    16.6750  0.000e+00
     19.624     5.9136   3.148682    31.8356       4004    16.6792  0.000e+00
     19.573     5.9228   3.151030    31.8532       4005    16.6833  0.000e+00
     19.518     5.9402   3.154844    31.8795       4006    16.6875  0.000e+00
     19.461     5.9688   3.156043    31.8660       4007    16.6917  0.000e+00
     19.410     5.9969   3.158179    31.8635       4008    16.6958  0.000e+00
     19.352     6.0247   3.164360    31.9063       4009    16.7000  0.000e+00
     19.292     6.0732   3.167772    31.8987       4010    16.7042  0.000e+00
     19.241     6.1230   3.169735    31.8739       4011    16.7083  0.000e+00
     19.187     6.1658   3.170557    31.8428       4012    16.7125  0.000e+00
     19.133     6.1966   3.172045    31.8305       4013    16.7167  0.000e+00
     19.089     6.2211   3.174600    31.8360       4014    16.7208  0.000e+00
     19.045     6.2487   3.181282    31.8843       4015    16.7250  0.000e+00
     19.009     6.2926   3.181666    31.8475       4016    16.7292  0.000e+00
     18.979     6.3305   3.183419    31.8314       4017    16.7333  0.000e+00
     18.955     6.3603   3.185501    31.8266       4018    16.7375  0.000e+00
     18.929     6.3873   3.186405    31.8114       4019    16.7417  0.000e+00
     18.913     6.4092   3.186490    31.7919       4020    16.7458  0.000e+00
     18.896     6.4235   3.187333    31.7879       4021    16.7500  0.000e+00
     18.880     6.4346   3.187821    31.7829       4022    16.7542  0.000e+00
     18.860     6.4441   3.188243    31.7787       4023    16.7583  0.000e+00
     18.841     6.4520   3.188628    31.7757       4024    16.7625  0.000e+00
     18.821     6.4585   3.189031    31.7741       4025    16.7667  0.000e+00
     18.803     6.4643   3.189459    31.7734       4026    16.7708  0.000e+00
     18.787     6.4697   3.189722    31.7713       4027    16.7750  0.000e+00
     18.764     6.4745   3.189844    31.7682       4028    16.7792  0.000e+00
     18.747     6.4781   3.189984    31.7664       4029    16.7833  0.000e+00
     18.720     6.4806   3.190345    31.7680       4030    16.7875  0.000e+00
     18.687     6.4833   3.190595    31.7683       4031    16.7917  0.000e+00
     18.655     6.4865   3.190895    31.7687       4032    16.7958  0.000e+00
     18.617     6.4897   3.191237    31.7695       4033    16.8000  0.000e+00
     18.568     6.4934   3.191805    31.7723       4034    16.8042  0.000e+00
     18.517     6.4983   3.193040    31.7814       4035    16.8083  0.000e+00
     18.468     6.5067   3.194232    31.7867       4036    16.8125  0.000e+00
     18.421     6.5179   3.195486    31.7901       4037    16.8167  0.000e+00
     18.373     6.5311   3.196685    31.7910       4038    16.8208  0.000e+00
     18.327     6.5455   3.198348    31.7960       4039    16.8250  0.000e+00
     18.292     6.5620   3.199804    31.7967       4040    16.8292  0.000e+00
     18.265     6.5797   3.201352    31.7973       4041    16.8333  0.000e+00
     18.232     6.5981   3.202772    31.7958       4042    16.8375  0.000e+00
     18.207     6.6166   3.205882    31.8128       4043    16.8417  0.000e+00
     18.176     6.6411   3.207063    31.8030       4044    16.8458  0.000e+00
     18.144     6.6647   3.208974    31.8021       4045    16.8500  0.000e+00
     18.109     6.6872   3.211173    31.8053       4046    16.8542  0.000e+00
     18.075     6.7116   3.213459    31.8077       4047    16.8583  0.000e+00
     18.027     6.7377   3.215126    31.8018       4048    16.8625  0.000e+00
     17.978     6.7635   3.216701    31.7952       4049    16.8667  0.000e+00
     17.927     6.7865   3.218166    31.7899       4050    16.8708  0.000e+00
     17.880     6.8082   3.219662    31.7862       4051    16.8750  0.000e+00
     17.830     6.8285   3.220251    31.7738       4052    16.8792  0.000e+00
     17.787     6.8447   3.220987    31.7669       4053    16.8833  0.000e+00
     17.743     6.8570   3.221600    31.7622       4054    16.8875  0.000e+00
     17.705     6.8683   3.222422    31.7608       4055    16.8917  0.000e+00
     17.669     6.8786   3.222809    31.7555       4056    16.8958  0.000e+00
     17.622     6.8873   3.223938    31.7598       4057    16.9000  0.000e+00
     17.584     6.8973   3.224877    31.7608       4058    16.9042  0.000e+00
     17.541     6.9083   3.227786    31.7824       4059    16.9083  0.000e+00
     17.488     6.9267   3.228977    31.7784       4060    16.9125  0.000e+00
     17.441     6.9465   3.230125    31.7726       4061    16.9167  0.000e+00
     17.390     6.9640   3.231476    31.7712       4062    16.9208  0.000e+00
     17.340     6.9812   3.231887    31.7598       4063    16.9250  0.000e+00
     17.294     6.9944   3.232624    31.7557       4064    16.9292  0.000e+00
     17.253     7.0056   3.233306    31.7527       4065    16.9333  0.000e+00
     17.219     7.0157   3.233527    31.7459       4066    16.9375  0.000e+00
     17.186     7.0231   3.233552    31.7394       4067    16.9417  0.000e+00
     17.161     7.0274   3.233490    31.7347       4068    16.9458  0.000e+00
     17.132     7.0296   3.233527    31.7332       4069    16.9500  0.000e+00
     17.123     7.0308   3.233613    31.7330       4070    16.9542  0.000e+00
     17.106     7.0318   3.233693    31.7329       4071    16.9583  0.000e+00
     17.086     7.0327   3.233650    31.7316       4072    16.9625  0.000e+00
     17.072     7.0331   3.233779    31.7327       4073    16.9667  0.000e+00
     17.051     7.0336   3.233668    31.7310       4074    16.9708  0.000e+00
     17.022     7.0335   3.233613    31.7305       4075    16.9750  0.000e+00
     16.998     7.0330   3.233816    31.7332       4076    16.9792  0.000e+00
     16.960     7.0334   3.233840    31.7331       4077    16.9833  0.000e+00
     16.922     7.0340   3.233902    31.7332       4078    16.9875  0.000e+00
     16.874     7.0346   3.233938    31.7331       4079    16.9917  0.000e+00
     16.825     7.0351   3.233963    31.7329       4080    16.9958  0.000e+00
     16.763     7.0354   3.233963    31.7327       4081    17.0000  0.000e+00
     16.709     7.0357   3.234000    31.7328       4082    17.0042  0.000e+00
     16.651     7.0360   3.234147    31.7342       4083    17.0083  0.000e+00
     16.593     7.0367   3.234024    31.7322       4084    17.0125  0.000e+00
     16.539     7.0369   3.234123    31.7332       4085    17.0167  0.000e+00
     16.491     7.0371   3.234043    31.7321       4086    17.0208  0.000e+00
     16.444     7.0370   3.233938    31.7311       4087    17.0250  0.000e+00
     16.402     7.0365   3.233815    31.7302       4088    17.0292  0.000e+00
     16.359     7.0364   3.233944    31.7318       4089    17.0333  0.000e+00
     16.325     7.0359   3.234024    31.7331       4090    17.0375  0.000e+00
     16.291     7.0360   3.234061    31.7334       4091    17.0417  0.000e+00
     16.258     7.0363   3.234104    31.7337       4092    17.0458  0.000e+00
     16.232     7.0364   3.234147    31.7340       4093    17.0500  0.000e+00
     16.191     7.0368   3.234123    31.7334       4094    17.0542  0.000e+00
     16.155     7.0371   3.234184    31.7338       4095    17.0583  0.000e+00
     16.120     7.0375   3.234184    31.7335       4096    17.0625  0.000e+00
     16.074     7.0378   3.234841    31.7403       4097    17.0667  0.000e+00
     16.023     7.0405   3.235874    31.7491       4098    17.0708  0.000e+00
     15.980     7.0475   3.238234    31.7683       4099    17.0750  0.000e+00
     15.918     7.0631   3.243239    31.8083       4100    17.0792  0.000e+00
     15.857     7.0941   3.248272    31.8344       4101    17.0833  0.000e+00
     15.795     7.1403   3.251540    31.8273       4102    17.0875  0.000e+00
     15.737     7.1881   3.256300    31.8348       4103    17.0917  0.000e+00
     15.684     7.2390   3.259399    31.8215       4104    17.0958  0.000e+00
     15.623     7.2879   3.261870    31.8032       4105    17.1000  0.000e+00
     15.570     7.3320   3.265544    31.8024       4106    17.1042  0.000e+00
     15.523     7.3750   3.268325    31.7929       4107    17.1083  0.000e+00
     15.486     7.4167   3.268893    31.7608       4108    17.1125  0.000e+00
     15.453     7.4468   3.269077    31.7353       4109    17.1167  0.000e+00
     15.426     7.4654   3.269447    31.7222       4110    17.1208  0.000e+00
     15.397     7.4773   3.269842    31.7156       4111    17.1250  0.000e+00
     15.379     7.4860   3.270428    31.7139       4112    17.1292  0.000e+00
