HB2403/sbe123.cnv
* Sea-Bird SBE 19plus V2 Data File:
* FileName = C:\cruise\data\sbe123.hex
* Software Version Seasave V 7.26.7.121
* Temperature SN = 6128
* Conductivity SN = 6128
* System UpLoad Time = Jun 12 2024 11:29:46
* NMEA Latitude = 42 26.20 N
* NMEA Longitude = 070 47.92 W
* NMEA UTC (Time) = Jun 12 2024  11:30:24
** Ship: Henry Bigelow
** Cruise:  HB2403
** Program:  ECOMON
# nquan = 7
# nvalues = 1351                                  
# units = specified
# name 0 = depSM: Depth [salt water, m]
# name 1 = tv290C: Temperature [ITS-90, deg C]
# name 2 = c0S/m: Conductivity [S/m]
# name 3 = sal00: Salinity, Practical [PSU]
# name 4 = scan: Scan Count
# name 5 = timeM: Time, Elapsed [minutes]
# name 6 = flag:  0.000e+00
# span 0 =      0.012,     39.124                 
# span 1 =     5.5979,    16.1375                 
# span 2 =   0.000237,   3.964687                 
# span 3 =     0.0086,    33.0017                 
# span 4 =         11,       1361                 
# span 5 =     0.0417,     5.6667                 
# span 6 = 0.0000e+00, 0.0000e+00                 
# interval = seconds: 0.25
# start_time = Jun 12 2024 11:30:24 [NMEA time, header]
# bad_flag = -9.990e-29
*END*
[from data line 411]
     34.848     5.8986   3.095447    31.2472        422     1.7542  0.000e+00
     34.985     5.8766   3.093737    31.2484        423     1.7583  0.000e+00
     35.128     5.8538   3.092989    31.2610        424     1.7625  0.000e+00
     35.267     5.8353   3.093122    31.2796        425     1.7667  0.000e+00
     35.419     5.8244   3.092754    31.2855        426     1.7708  0.000e+00
     35.572     5.8171   3.091854    31.2821        427     1.7750  0.000e+00
     35.720     5.8092   3.091637    31.2870        428     1.7792  0.000e+00
     35.881     5.8030   3.092168    31.2986        429     1.7833  0.000e+00
     36.045     5.8016   3.092325    31.3016        430     1.7875  0.000e+00
     36.218     5.8020   3.091311    31.2898        431     1.7917  0.000e+00
     36.391     5.7985   3.090333    31.2820        432     1.7958  0.000e+00
     36.564     5.7913   3.089452    31.2786        433     1.8000  0.000e+00
     36.735     5.7826   3.088854    31.2799        434     1.8042  0.000e+00
     36.914     5.7738   3.088226    31.2809        435     1.8083  0.000e+00
     37.090     5.7661   3.088365    31.2896        436     1.8125  0.000e+00
     37.257     5.7614   3.088154    31.2915        437     1.8167  0.000e+00
     37.420     5.7580   3.088172    31.2948        438     1.8208  0.000e+00
     37.578     5.7543   3.086223    31.2763        439     1.8250  0.000e+00
     37.732     5.7415   3.083768    31.2606        440     1.8292  0.000e+00
     37.883     5.7168   3.082773    31.2723        441     1.8333  0.000e+00
     38.030     5.6920   3.082116    31.2878        442     1.8375  0.000e+00
     38.176     5.6722   3.081712    31.3016        443     1.8417  0.000e+00
     38.317     5.6577   3.081477    31.3123        444     1.8458  0.000e+00
     38.465     5.6479   3.081073    31.3168        445     1.8500  0.000e+00
     38.599     5.6404   3.080892    31.3217        446     1.8542  0.000e+00
     38.741     5.6347   3.080934    31.3275        447     1.8583  0.000e+00
     38.891     5.6308   3.080368    31.3247        448     1.8625  0.000e+00
     39.016     5.6266   3.079946    31.3237        449     1.8667  0.000e+00
     39.093     5.6216   3.079982    31.3287        450     1.8708  0.000e+00
     39.116     5.6179   3.079861    31.3308        451     1.8750  0.000e+00
     39.068     5.6157   3.079650    31.3305        452     1.8792  0.000e+00
     39.021     5.6134   3.079289    31.3286        453     1.8833  0.000e+00
     39.013     5.6102   3.079126    31.3298        454     1.8875  0.000e+00
     39.021     5.6071   3.079162    31.3331        455     1.8917  0.000e+00
     39.033     5.6055   3.079204    31.3350        456     1.8958  0.000e+00
     39.032     5.6049   3.079246    31.3361        457     1.9000  0.000e+00
     39.032     5.6045   3.079090    31.3347        458     1.9042  0.000e+00
     39.039     5.6037   3.078855    31.3328        459     1.9083  0.000e+00
     39.055     5.6023   3.078776    31.3332        460     1.9125  0.000e+00
     39.071     5.6008   3.078752    31.3343        461     1.9167  0.000e+00
     39.088     5.5998   3.078662    31.3342        462     1.9208  0.000e+00
     39.099     5.5991   3.078638    31.3346        463     1.9250  0.000e+00
     39.108     5.5981   3.078662    31.3357        464     1.9292  0.000e+00
     39.110     5.5979   3.078692    31.3363        465     1.9333  0.000e+00
     39.117     5.5979   3.078740    31.3368        466     1.9375  0.000e+00
     39.121     5.5984   3.078716    31.3361        467     1.9417  0.000e+00
     39.124     5.5988   3.078716    31.3357        468     1.9458  0.000e+00
     39.121     5.5993   3.078692    31.3350        469     1.9500  0.000e+00
     39.111     5.5996   3.078638    31.3341        470     1.9542  0.000e+00
     39.084     5.5992   3.078638    31.3345        471     1.9583  0.000e+00
     39.064     5.5992   3.078620    31.3343        472     1.9625  0.000e+00
     39.032     5.5991   3.078571    31.3338        473     1.9667  0.000e+00
     39.003     5.5990   3.078541    31.3336        474     1.9708  0.000e+00
     38.973     5.5988   3.078505    31.3334        475     1.9750  0.000e+00
     38.942     5.5987   3.078523    31.3337        476     1.9792  0.000e+00
     38.904     5.5988   3.078529    31.3337        477     1.9833  0.000e+00
     38.862     5.5990   3.078583    31.3342        478     1.9875  0.000e+00
     38.820     5.5994   3.078662    31.3347        479     1.9917  0.000e+00
     38.776     5.6002   3.078734    31.3348        480     1.9958  0.000e+00
     38.730     5.6014   3.078583    31.3320        481     2.0000  0.000e+00
     38.689     5.6016   3.078427    31.3301        482     2.0042  0.000e+00
     38.642     5.6006   3.078390    31.3306        483     2.0083  0.000e+00
     38.599     5.5999   3.078402    31.3314        484     2.0125  0.000e+00
     38.559     5.5994   3.078445    31.3324        485     2.0167  0.000e+00
     38.516     5.5992   3.078463    31.3328        486     2.0208  0.000e+00
     38.466     5.5994   3.078487    31.3329        487     2.0250  0.000e+00
     38.428     5.5999   3.078487    31.3324        488     2.0292  0.000e+00
     38.391     5.6002   3.078487    31.3322        489     2.0333  0.000e+00
     38.346     5.6005   3.078523    31.3323        490     2.0375  0.000e+00
     38.308     5.6009   3.078444    31.3311        491     2.0417  0.000e+00
     38.265     5.6010   3.078426    31.3309        492     2.0458  0.000e+00
     38.227     5.6006   3.078330    31.3301        493     2.0500  0.000e+00
     38.186     5.6000   3.078288    31.3302        494     2.0542  0.000e+00
     38.146     5.5994   3.078390    31.3320        495     2.0583  0.000e+00
     38.104     5.5992   3.078426    31.3326        496     2.0625  0.000e+00
     38.057     5.5998   3.078366    31.3313        497     2.0667  0.000e+00
     38.008     5.6002   3.078288    31.3302        498     2.0708  0.000e+00
     37.963     5.6000   3.078444    31.3321        499     2.0750  0.000e+00
     37.910     5.6002   3.078607    31.3338        500     2.0792  0.000e+00
     37.858     5.6018   3.078679    31.3331        501     2.0833  0.000e+00
     37.803     5.6037   3.078890    31.3338        502     2.0875  0.000e+00
     37.753     5.6057   3.079089    31.3342        503     2.0917  0.000e+00
     37.702     5.6086   3.079759    31.3390        504     2.0958  0.000e+00
     37.650     5.6144   3.080814    31.3455        505     2.1000  0.000e+00
     37.601     5.6251   3.081923    31.3480        506     2.1042  0.000e+00
     37.548     5.6396   3.082665    31.3430        507     2.1083  0.000e+00
     37.499     5.6548   3.083244    31.3353        508     2.1125  0.000e+00
     37.451     5.6683   3.083714    31.3280        509     2.1167  0.000e+00
     37.402     5.6804   3.084082    31.3210        510     2.1208  0.000e+00
     37.361     5.6909   3.084239    31.3130        511     2.1250  0.000e+00
     37.315     5.6991   3.084353    31.3067        512     2.1292  0.000e+00
     37.270     5.7048   3.084414    31.3021        513     2.1333  0.000e+00
     37.231     5.7086   3.084395    31.2983        514     2.1375  0.000e+00
     37.191     5.7108   3.084450    31.2970        515     2.1417  0.000e+00
     37.146     5.7124   3.084480    31.2958        516     2.1458  0.000e+00
     37.107     5.7136   3.084474    31.2946        517     2.1500  0.000e+00
     37.065     5.7144   3.084474    31.2939        518     2.1542  0.000e+00
     37.024     5.7150   3.084510    31.2938        519     2.1583  0.000e+00
     36.977     5.7157   3.084703    31.2954        520     2.1625  0.000e+00
     36.933     5.7169   3.084860    31.2961        521     2.1667  0.000e+00
     36.894     5.7185   3.085149    31.2978        522     2.1708  0.000e+00
     36.851     5.7211   3.085542    31.2998        523     2.1750  0.000e+00
     36.812     5.7245   3.086241    31.3045        524     2.1792  0.000e+00
     36.776     5.7295   3.086573    31.3036        525     2.1833  0.000e+00
     36.734     5.7348   3.086477    31.2976        526     2.1875  0.000e+00
     36.695     5.7381   3.086223    31.2918        527     2.1917  0.000e+00
     36.653     5.7390   3.086108    31.2897        528     2.1958  0.000e+00
     36.610     5.7386   3.086181    31.2908        529     2.2000  0.000e+00
     36.569     5.7386   3.086259    31.2918        530     2.2042  0.000e+00
     36.527     5.7390   3.086283    31.2917        531     2.2083  0.000e+00
     36.478     5.7392   3.086302    31.2917        532     2.2125  0.000e+00
     36.433     5.7395   3.086555    31.2943        533     2.2167  0.000e+00
     36.383     5.7410   3.086923    31.2971        534     2.2208  0.000e+00
     36.342     5.7433   3.087176    31.2977        535     2.2250  0.000e+00
     36.296     5.7461   3.087315    31.2967        536     2.2292  0.000e+00
     36.250     5.7486   3.087478    31.2963        537     2.2333  0.000e+00
     36.207     5.7509   3.087587    31.2954        538     2.2375  0.000e+00
     36.160     5.7529   3.087665    31.2945        539     2.2417  0.000e+00
     36.115     5.7543   3.087744    31.2940        540     2.2458  0.000e+00
     36.077     5.7553   3.087623    31.2918        541     2.2500  0.000e+00
     36.035     5.7558   3.087683    31.2920        542     2.2542  0.000e+00
     35.979     5.7562   3.087919    31.2943        543     2.2583  0.000e+00
     35.921     5.7575   3.087979    31.2938        544     2.2625  0.000e+00
     35.847     5.7591   3.088015    31.2928        545     2.2667  0.000e+00
     35.779     5.7600   3.088154    31.2935        546     2.2708  0.000e+00
     35.701     5.7612   3.088190    31.2929        547     2.2750  0.000e+00
     35.628     5.7620   3.088305    31.2934        548     2.2792  0.000e+00
     35.558     5.7633   3.088582    31.2954        549     2.2833  0.000e+00
     35.477     5.7651   3.088606    31.2940        550     2.2875  0.000e+00
     35.401     5.7665   3.088226    31.2885        551     2.2917  0.000e+00
     35.321     5.7658   3.088407    31.2912        552     2.2958  0.000e+00
     35.242     5.7658   3.088793    31.2955        553     2.3000  0.000e+00
     35.163     5.7676   3.089065    31.2970        554     2.3042  0.000e+00
     35.079     5.7701   3.089288    31.2972        555     2.3083  0.000e+00
     35.002     5.7729   3.089518    31.2972        556     2.3125  0.000e+00
     34.921     5.7754   3.090121    31.3016        557     2.3167  0.000e+00
     34.842     5.7799   3.090683    31.3039        558     2.3208  0.000e+00
     34.767     5.7860   3.091305    31.3051        559     2.3250  0.000e+00
     34.693     5.7930   3.092071    31.3074        560     2.3292  0.000e+00
     34.619     5.8011   3.092971    31.3099        561     2.3333  0.000e+00
     34.539     5.8105   3.094276    31.3158        562     2.3375  0.000e+00
     34.471     5.8226   3.095351    31.3167        563     2.3417  0.000e+00
     34.404     5.8359   3.096045    31.3122        564     2.3458  0.000e+00
     34.331     5.8477   3.096740    31.3091        565     2.3500  0.000e+00
     34.263     5.8583   3.097852    31.3116        566     2.3542  0.000e+00
     34.198     5.8700   3.098559    31.3087        567     2.3583  0.000e+00
     34.132     5.8815   3.098830    31.3012        568     2.3625  0.000e+00
     34.071     5.8910   3.098830    31.2924        569     2.3667  0.000e+00
     34.002     5.8982   3.098691    31.2842        570     2.3708  0.000e+00
     33.944     5.9033   3.098637    31.2790        571     2.3750  0.000e+00
     33.883     5.9066   3.098341    31.2726        572     2.3792  0.000e+00
     33.817     5.9086   3.099658    31.2855        573     2.3833  0.000e+00
     33.760     5.9172   3.103140    31.3164        574     2.3875  0.000e+00
     33.691     5.9400   3.103787    31.3026        575     2.3917  0.000e+00
     33.632     5.9629   3.104156    31.2856        576     2.3958  0.000e+00
     33.569     5.9797   3.104041    31.2688        577     2.4000  0.000e+00
     33.502     5.9898   3.103901    31.2579        578     2.4042  0.000e+00
     33.435     5.9950   3.103768    31.2517        579     2.4083  0.000e+00
     33.368     5.9977   3.103726    31.2487        580     2.4125  0.000e+00
     33.309     5.9992   3.103629    31.2464        581     2.4167  0.000e+00
     33.236     5.9995   3.103526    31.2449        582     2.4208  0.000e+00
     33.171     5.9993   3.103375    31.2434        583     2.4250  0.000e+00
     33.106     5.9986   3.103127    31.2414        584     2.4292  0.000e+00
     33.042     5.9976   3.102885    31.2397        585     2.4333  0.000e+00
     32.973     5.9962   3.102492    31.2366        586     2.4375  0.000e+00
     32.908     5.9947   3.101978    31.2323        587     2.4417  0.000e+00
     32.839     5.9930   3.101670    31.2304        588     2.4458  0.000e+00
     32.773     5.9914   3.101742    31.2327        589     2.4500  0.000e+00
     32.707     5.9913   3.102686    31.2434        590     2.4542  0.000e+00
     32.644     5.9962   3.105002    31.2647        591     2.4583  0.000e+00
     32.587     6.0094   3.106472    31.2689        592     2.4625  0.000e+00
     32.533     6.0261   3.107566    31.2657        593     2.4667  0.000e+00
     32.477     6.0419   3.108928    31.2663        594     2.4708  0.000e+00
     32.423     6.0578   3.110949    31.2741        595     2.4750  0.000e+00
     32.372     6.0766   3.113049    31.2802        596     2.4792  0.000e+00
     32.316     6.0979   3.114823    31.2803        597     2.4833  0.000e+00
     32.273     6.1191   3.117500    31.2905        598     2.4875  0.000e+00
     32.216     6.1445   3.124833    31.3484        599     2.4917  0.000e+00
     32.163     6.1900   3.125790    31.3172        600     2.4958  0.000e+00
     32.101     6.2303   3.128707    31.3123        601     2.5000  0.000e+00
     32.042     6.2656   3.131322    31.3088        602     2.5042  0.000e+00
     31.977     6.2987   3.132389    31.2902        603     2.5083  0.000e+00
     31.910     6.3239   3.132784    31.2715        604     2.5125  0.000e+00
     31.846     6.3406   3.133815    31.2676        605     2.5167  0.000e+00
     31.776     6.3541   3.134962    31.2679        606     2.5208  0.000e+00
     31.700     6.3674   3.135600    31.2627        607     2.5250  0.000e+00
     31.626     6.3785   3.135678    31.2535        608     2.5292  0.000e+00
     31.552     6.3857   3.135739    31.2476        609     2.5333  0.000e+00
     31.478     6.3896   3.135897    31.2457        610     2.5375  0.000e+00
     31.407     6.3928   3.136097    31.2451        611     2.5417  0.000e+00
     31.340     6.3952   3.136273    31.2448        612     2.5458  0.000e+00
     31.268     6.3977   3.136868    31.2492        613     2.5500  0.000e+00
     31.205     6.4017   3.137408    31.2514        614     2.5542  0.000e+00
     31.142     6.4079   3.138022    31.2526        615     2.5583  0.000e+00
     31.086     6.4150   3.138514    31.2515        616     2.5625  0.000e+00
     31.034     6.4223   3.138993    31.2501        617     2.5667  0.000e+00
     30.978     6.4294   3.139449    31.2486        618     2.5708  0.000e+00
     30.923     6.4357   3.139686    31.2455        619     2.5750  0.000e+00
     30.876     6.4408   3.139868    31.2429        620     2.5792  0.000e+00
     30.830     6.4444   3.139965    31.2407        621     2.5833  0.000e+00
     30.786     6.4468   3.140026    31.2392        622     2.5875  0.000e+00
     30.736     6.4484   3.140026    31.2377        623     2.5917  0.000e+00
     30.689     6.4493   3.140062    31.2373        624     2.5958  0.000e+00
     30.638     6.4501   3.140001    31.2360        625     2.6000  0.000e+00
