HB2403/sbe144.cnv
* Sea-Bird SBE 19plus V2 Data File:
* FileName = C:\cruise\data\sbe144.hex
* Software Version Seasave V 7.26.7.121
* Temperature SN = 6128
* Conductivity SN = 6128
* System UpLoad Time = Jun 14 2024 03:35:17
* NMEA Latitude = 41 11.80 N
* NMEA Longitude = 070 56.01 W
* NMEA UTC (Time) = Jun 14 2024  03:35:56
** Ship: Henry Bigelow
** Cruise:  HB2403
** Program:  ECOMON
# nquan = 7
# nvalues = 1419                                  
# units = specified
# name 0 = depSM: Depth [salt water, m]
# name 1 = tv290C: Temperature [ITS-90, deg C]
# name 2 = c0S/m: Conductivity [S/m]
# name 3 = sal00: Salinity, Practical [PSU]
# name 4 = scan: Scan Count
# name 5 = timeM: Time, Elapsed [minutes]
# name 6 = flag:  0.000e+00
# span 0 =      0.003,     27.982                 
# span 1 =    11.2846,    17.1146                 
# span 2 =   0.003751,   4.055187                 
# span 3 =     0.0253,    33.7047                 
# span 4 =         11,       1429                 
# span 5 =     0.0417,     5.9500                 
# span 6 = 0.0000e+00, 0.0000e+00                 
# interval = seconds: 0.25
# start_time = Jun 14 2024 03:35:56 [NMEA time, header]
# bad_flag = -9.990e-29
*END*
[from data line 616]
     22.541    11.4668   3.593912    31.5074        627     2.6083  0.000e+00
     22.487    11.4713   3.593931    31.5038        628     2.6125  0.000e+00
     22.436    11.4737   3.593976    31.5022        629     2.6167  0.000e+00
     22.385    11.4754   3.594021    31.5012        630     2.6208  0.000e+00
     22.338    11.4768   3.594002    31.4998        631     2.6250  0.000e+00
     22.292    11.4771   3.593912    31.4987        632     2.6292  0.000e+00
     22.254    11.4769   3.593867    31.4985        633     2.6333  0.000e+00
     22.208    11.4767   3.593758    31.4976        634     2.6375  0.000e+00
     22.166    11.4759   3.593649    31.4973        635     2.6417  0.000e+00
     22.123    11.4748   3.593713    31.4988        636     2.6458  0.000e+00
     22.074    11.4742   3.593777    31.5000        637     2.6500  0.000e+00
     22.031    11.4743   3.593624    31.4984        638     2.6542  0.000e+00
     21.980    11.4737   3.593534    31.4981        639     2.6583  0.000e+00
     21.924    11.4731   3.593515    31.4984        640     2.6625  0.000e+00
     21.870    11.4724   3.593848    31.5023        641     2.6667  0.000e+00
     21.817    11.4737   3.595122    31.5136        642     2.6708  0.000e+00
     21.755    11.4810   3.595635    31.5124        643     2.6750  0.000e+00
     21.697    11.4893   3.595327    31.5024        644     2.6792  0.000e+00
     21.641    11.4929   3.595013    31.4963        645     2.6833  0.000e+00
     21.589    11.4930   3.596006    31.5058        646     2.6875  0.000e+00
     21.537    11.4978   3.597114    31.5126        647     2.6917  0.000e+00
     21.490    11.5068   3.597819    31.5119        648     2.6958  0.000e+00
     21.454    11.5160   3.597972    31.5055        649     2.7000  0.000e+00
     21.414    11.5231   3.598414    31.5038        650     2.7042  0.000e+00
     21.391    11.5290   3.598792    31.5025        651     2.7083  0.000e+00
     21.366    11.5341   3.599407    31.5041        652     2.7125  0.000e+00
     21.337    11.5407   3.600247    31.5067        653     2.7167  0.000e+00
     21.310    11.5486   3.601131    31.5085        654     2.7208  0.000e+00
     21.288    11.5580   3.601689    31.5060        655     2.7250  0.000e+00
     21.268    11.5671   3.602330    31.5045        656     2.7292  0.000e+00
     21.243    11.5757   3.603387    31.5075        657     2.7333  0.000e+00
     21.213    11.5861   3.605182    31.5161        658     2.7375  0.000e+00
     21.175    11.6010   3.606798    31.5191        659     2.7417  0.000e+00
     21.136    11.6191   3.609351    31.5285        660     2.7458  0.000e+00
     21.098    11.6430   3.611968    31.5336        661     2.7500  0.000e+00
     21.059    11.6721   3.614760    31.5360        662     2.7542  0.000e+00
     21.010    11.7052   3.619472    31.5535        663     2.7583  0.000e+00
     20.963    11.7488   3.623525    31.5558        664     2.7625  0.000e+00
     20.917    11.7969   3.628254    31.5607        665     2.7667  0.000e+00
     20.867    11.8497   3.633141    31.5632        666     2.7708  0.000e+00
     20.811    11.9066   3.637592    31.5579        667     2.7750  0.000e+00
     20.758    11.9640   3.642091    31.5527        668     2.7792  0.000e+00
     20.704    12.0194   3.644447    31.5285        669     2.7833  0.000e+00
     20.652    12.0651   3.645431    31.4995        670     2.7875  0.000e+00
     20.601    12.0968   3.645701    31.4754        671     2.7917  0.000e+00
     20.549    12.1162   3.645836    31.4603        672     2.7958  0.000e+00
     20.504    12.1278   3.646055    31.4527        673     2.8000  0.000e+00
     20.464    12.1350   3.646306    31.4491        674     2.8042  0.000e+00
     20.413    12.1398   3.646596    31.4478        675     2.8083  0.000e+00
     20.374    12.1435   3.646661    31.4453        676     2.8125  0.000e+00
     20.325    12.1463   3.646751    31.4439        677     2.8167  0.000e+00
     20.271    12.1478   3.646822    31.4433        678     2.8208  0.000e+00
     20.218    12.1491   3.647021    31.4441        679     2.8250  0.000e+00
     20.161    12.1506   3.647292    31.4455        680     2.8292  0.000e+00
     20.097    12.1529   3.647517    31.4457        681     2.8333  0.000e+00
     20.043    12.1549   3.647672    31.4456        682     2.8375  0.000e+00
     19.987    12.1571   3.647878    31.4458        683     2.8417  0.000e+00
     19.934    12.1589   3.647987    31.4453        684     2.8458  0.000e+00
     19.883    12.1608   3.647852    31.4424        685     2.8500  0.000e+00
     19.843    12.1615   3.647788    31.4413        686     2.8542  0.000e+00
     19.807    12.1611   3.647736    31.4411        687     2.8583  0.000e+00
     19.784    12.1605   3.647742    31.4416        688     2.8625  0.000e+00
     19.760    12.1603   3.647852    31.4429        689     2.8667  0.000e+00
     19.735    12.1604   3.648077    31.4450        690     2.8708  0.000e+00
     19.719    12.1618   3.648168    31.4447        691     2.8750  0.000e+00
     19.704    12.1628   3.647897    31.4413        692     2.8792  0.000e+00
     19.684    12.1627   3.647787    31.4403        693     2.8833  0.000e+00
     19.663    12.1616   3.647891    31.4422        694     2.8875  0.000e+00
     19.642    12.1611   3.648032    31.4440        695     2.8917  0.000e+00
     19.619    12.1616   3.648277    31.4459        696     2.8958  0.000e+00
     19.585    12.1629   3.648728    31.4491        697     2.9000  0.000e+00
     19.560    12.1656   3.649269    31.4521        698     2.9042  0.000e+00
     19.524    12.1697   3.649740    31.4531        699     2.9083  0.000e+00
     19.488    12.1746   3.649939    31.4510        700     2.9125  0.000e+00
     19.437    12.1785   3.650055    31.4489        701     2.9167  0.000e+00
     19.394    12.1818   3.650261    31.4481        702     2.9208  0.000e+00
     19.338    12.1847   3.650616    31.4490        703     2.9250  0.000e+00
     19.282    12.1880   3.650770    31.4478        704     2.9292  0.000e+00
     19.222    12.1910   3.650931    31.4468        705     2.9333  0.000e+00
     19.163    12.1934   3.650996    31.4454        706     2.9375  0.000e+00
     19.098    12.1952   3.651176    31.4457        707     2.9417  0.000e+00
     19.031    12.1973   3.651608    31.4480        708     2.9458  0.000e+00
     18.973    12.2004   3.651717    31.4465        709     2.9500  0.000e+00
     18.910    12.2026   3.651266    31.4404        710     2.9542  0.000e+00
     18.862    12.2027   3.651266    31.4403        711     2.9583  0.000e+00
     18.816    12.2020   3.651066    31.4391        712     2.9625  0.000e+00
     18.777    12.2006   3.650905    31.4387        713     2.9667  0.000e+00
     18.742    12.1988   3.651111    31.4422        714     2.9708  0.000e+00
     18.719    12.1983   3.651202    31.4434        715     2.9750  0.000e+00
     18.706    12.1990   3.651427    31.4451        716     2.9792  0.000e+00
     18.698    12.2004   3.651511    31.4447        717     2.9833  0.000e+00
     18.694    12.2017   3.651511    31.4436        718     2.9875  0.000e+00
     18.697    12.2025   3.651401    31.4419        719     2.9917  0.000e+00
     18.693    12.2025   3.651292    31.4408        720     2.9958  0.000e+00
     18.687    12.2019   3.651221    31.4407        721     3.0000  0.000e+00
     18.685    12.2012   3.651073    31.4398        722     3.0042  0.000e+00
     18.678    12.2001   3.651021    31.4403        723     3.0083  0.000e+00
     18.659    12.1988   3.650976    31.4410        724     3.0125  0.000e+00
     18.632    12.1977   3.650950    31.4416        725     3.0167  0.000e+00
     18.595    12.1971   3.650950    31.4421        726     3.0208  0.000e+00
     18.546    12.1967   3.650950    31.4424        727     3.0250  0.000e+00
     18.493    12.1964   3.650976    31.4430        728     3.0292  0.000e+00
     18.430    12.1963   3.651008    31.4434        729     3.0333  0.000e+00
     18.363    12.1963   3.651511    31.4483        730     3.0375  0.000e+00
     18.300    12.1988   3.652033    31.4512        731     3.0417  0.000e+00
     18.248    12.2032   3.652142    31.4486        732     3.0458  0.000e+00
     18.194    12.2068   3.652258    31.4467        733     3.0500  0.000e+00
     18.139    12.2093   3.652323    31.4452        734     3.0542  0.000e+00
     18.096    12.2111   3.652658    31.4469        735     3.0583  0.000e+00
     18.046    12.2138   3.653045    31.4484        736     3.0625  0.000e+00
     17.996    12.2172   3.653180    31.4468        737     3.0667  0.000e+00
     17.950    12.2204   3.653199    31.4443        738     3.0708  0.000e+00
     17.903    12.2222   3.652883    31.4398        739     3.0750  0.000e+00
     17.851    12.2218   3.652819    31.4396        740     3.0792  0.000e+00
     17.807    12.2210   3.652864    31.4407        741     3.0833  0.000e+00
     17.768    12.2206   3.652928    31.4416        742     3.0875  0.000e+00
     17.732    12.2208   3.652999    31.4421        743     3.0917  0.000e+00
     17.694    12.2212   3.653154    31.4433        744     3.0958  0.000e+00
     17.661    12.2222   3.653199    31.4429        745     3.1000  0.000e+00
     17.632    12.2233   3.653270    31.4427        746     3.1042  0.000e+00
     17.607    12.2240   3.653360    31.4430        747     3.1083  0.000e+00
     17.589    12.2250   3.653425    31.4428        748     3.1125  0.000e+00
     17.569    12.2259   3.653579    31.4435        749     3.1167  0.000e+00
     17.549    12.2270   3.653624    31.4430        750     3.1208  0.000e+00
     17.526    12.2281   3.653695    31.4428        751     3.1250  0.000e+00
     17.504    12.2290   3.653715    31.4422        752     3.1292  0.000e+00
     17.483    12.2297   3.653695    31.4414        753     3.1333  0.000e+00
     17.461    12.2302   3.653624    31.4404        754     3.1375  0.000e+00
     17.441    12.2299   3.653624    31.4407        755     3.1417  0.000e+00
     17.412    12.2301   3.653837    31.4425        756     3.1458  0.000e+00
     17.376    12.2307   3.654147    31.4449        757     3.1500  0.000e+00
     17.349    12.2325   3.654346    31.4454        758     3.1542  0.000e+00
     17.305    12.2349   3.654282    31.4428        759     3.1583  0.000e+00
     17.262    12.2359   3.654146    31.4407        760     3.1625  0.000e+00
     17.205    12.2359   3.654211    31.4413        761     3.1667  0.000e+00
     17.157    12.2363   3.654817    31.4467        762     3.1708  0.000e+00
     17.099    12.2391   3.655017    31.4463        763     3.1750  0.000e+00
     17.050    12.2421   3.655313    31.4467        764     3.1792  0.000e+00
     16.998    12.2454   3.655584    31.4466        765     3.1833  0.000e+00
     16.949    12.2481   3.655629    31.4447        766     3.1875  0.000e+00
     16.904    12.2504   3.655694    31.4434        767     3.1917  0.000e+00
     16.867    12.2519   3.655810    31.4433        768     3.1958  0.000e+00
     16.835    12.2530   3.655423    31.4387        769     3.2000  0.000e+00
     16.802    12.2523   3.655158    31.4367        770     3.2042  0.000e+00
     16.773    12.2502   3.654978    31.4368        771     3.2083  0.000e+00
     16.745    12.2482   3.654372    31.4327        772     3.2125  0.000e+00
     16.719    12.2472   3.655042    31.4400        773     3.2167  0.000e+00
     16.685    12.2467   3.655068    31.4406        774     3.2208  0.000e+00
     16.651    12.2466   3.655184    31.4418        775     3.2250  0.000e+00
     16.613    12.2472   3.655294    31.4424        776     3.2292  0.000e+00
     16.570    12.2479   3.655249    31.4414        777     3.2333  0.000e+00
     16.532    12.2484   3.655429    31.4427        778     3.2375  0.000e+00
     16.494    12.2490   3.655693    31.4447        779     3.2417  0.000e+00
     16.454    12.2508   3.655539    31.4418        780     3.2458  0.000e+00
     16.418    12.2517   3.655564    31.4413        781     3.2500  0.000e+00
     16.386    12.2517   3.655597    31.4416        782     3.2542  0.000e+00
     16.359    12.2520   3.655693    31.4423        783     3.2583  0.000e+00
     16.335    12.2528   3.655719    31.4419        784     3.2625  0.000e+00
     16.308    12.2532   3.655674    31.4411        785     3.2667  0.000e+00
     16.289    12.2536   3.655629    31.4404        786     3.2708  0.000e+00
     16.265    12.2534   3.655564    31.4399        787     3.2750  0.000e+00
     16.245    12.2529   3.655571    31.4404        788     3.2792  0.000e+00
     16.218    12.2529   3.655784    31.4424        789     3.2833  0.000e+00
     16.191    12.2535   3.655964    31.4437        790     3.2875  0.000e+00
     16.158    12.2547   3.655990    31.4429        791     3.2917  0.000e+00
     16.131    12.2556   3.656009    31.4424        792     3.2958  0.000e+00
     16.098    12.2563   3.656099    31.4426        793     3.3000  0.000e+00
     16.069    12.2572   3.656190    31.4428        794     3.3042  0.000e+00
     16.044    12.2579   3.656261    31.4429        795     3.3083  0.000e+00
     16.019    12.2587   3.656306    31.4426        796     3.3125  0.000e+00
     15.999    12.2595   3.656325    31.4422        797     3.3167  0.000e+00
     15.975    12.2599   3.656306    31.4416        798     3.3208  0.000e+00
     15.954    12.2602   3.656351    31.4419        799     3.3250  0.000e+00
     15.928    12.2604   3.656551    31.4436        800     3.3292  0.000e+00
     15.894    12.2615   3.656576    31.4430        801     3.3333  0.000e+00
     15.845    12.2624   3.656731    31.4437        802     3.3375  0.000e+00
     15.796    12.2635   3.656776    31.4432        803     3.3417  0.000e+00
     15.733    12.2647   3.657002    31.4444        804     3.3458  0.000e+00
     15.676    12.2658   3.656802    31.4416        805     3.3500  0.000e+00
     15.616    12.2660   3.656847    31.4419        806     3.3542  0.000e+00
     15.552    12.2663   3.656363    31.4370        807     3.3583  0.000e+00
     15.490    12.2649   3.657111    31.4453        808     3.3625  0.000e+00
     15.434    12.2663   3.657228    31.4453        809     3.3667  0.000e+00
     15.382    12.2686   3.657318    31.4443        810     3.3708  0.000e+00
     15.349    12.2702   3.657563    31.4453        811     3.3750  0.000e+00
     15.327    12.2722   3.657472    31.4427        812     3.3792  0.000e+00
     15.313    12.2733   3.657653    31.4436        813     3.3833  0.000e+00
     15.309    12.2746   3.657782    31.4437        814     3.3875  0.000e+00
     15.308    12.2761   3.657924    31.4438        815     3.3917  0.000e+00
     15.315    12.2773   3.658014    31.4437        816     3.3958  0.000e+00
     15.318    12.2788   3.657724    31.4396        817     3.4000  0.000e+00
     15.324    12.2785   3.657408    31.4369        818     3.4042  0.000e+00
     15.326    12.2769   3.657318    31.4373        819     3.4083  0.000e+00
     15.324    12.2750   3.657285    31.4386        820     3.4125  0.000e+00
     15.304    12.2735   3.657518    31.4421        821     3.4167  0.000e+00
     15.280    12.2736   3.657543    31.4422        822     3.4208  0.000e+00
     15.249    12.2742   3.657427    31.4406        823     3.4250  0.000e+00
     15.208    12.2739   3.657408    31.4408        824     3.4292  0.000e+00
     15.155    12.2738   3.657788    31.4445        825     3.4333  0.000e+00
     15.097    12.2745   3.657182    31.4381        826     3.4375  0.000e+00
     15.038    12.2737   3.657427    31.4412        827     3.4417  0.000e+00
     14.974    12.2734   3.658130    31.4481        828     3.4458  0.000e+00
     14.915    12.2765   3.658575    31.4499        829     3.4500  0.000e+00
     14.862    12.2801   3.656847    31.4304        830     3.4542  0.000e+00
