PC2406/ctd007.cnv
* Sea-Bird SBE 9 Data File:
* FileName = C:\cruise\data\ctd007.hex
* Software Version Seasave V 7.26.7.121
* Temperature SN = 6650
* Conductivity SN = 6035
* Number of Bytes Per Scan = 37
* Number of Voltage Words = 4
* Number of Scans Averaged by the Deck Unit = 1
* NMEA Latitude = 36 00.23 N
* NMEA Longitude = 075 10.24 W
* NMEA UTC (Time) = Nov 07 2024 05:25:04
* NMEA baud rate = 4800
** Ship: Pisces
** Program:  Fall ECOMON
** Chief Scientist:Harvey Walsh
# nquan = 6
# nvalues = 55                          
# units = specified
# name 0 = depSM: Depth [salt water, m]
# name 1 = t090C: Temperature [ITS-90, deg C]
# name 2 = c0S/m: Conductivity [S/m]
# name 3 = sal00: Salinity, Practical [PSU]
# name 4 = scan: Scan Count
# name 5 = flag: flag
# span 0 =      1.000,     29.000       
# span 1 =    19.1355,    19.6119       
# span 2 =   4.286182,   4.410737       
# span 3 =    31.2252,    32.5543       
# span 4 =        148,      15624       
# span 5 = 0.0000e+00, 0.0000e+00       
# interval = meters: 1                  
# start_time = Nov 07 2024 05:25:04 [NMEA time, header]
# bad_flag = -9.990e-29
*END*
      3.000    19.6119   4.366430    31.8324        148 0.0000e+00
      4.000    19.6065   4.376882    31.9213        275 0.0000e+00
      5.000    19.5002   4.371048    31.9546        331 0.0000e+00
      6.000    19.4381   4.369321    31.9876        400 0.0000e+00
      7.000    19.3406   4.365500    32.0307        430 0.0000e+00
      8.000    19.3200   4.366033    32.0506        460 0.0000e+00
      9.000    19.2845   4.363272    32.0549        492 0.0000e+00
     10.000    19.2447   4.358520    32.0462        540 0.0000e+00
     11.000    19.2147   4.354962    32.0397        604 0.0000e+00
     12.000    19.2340   4.357656    32.0466        635 0.0000e+00
     13.000    19.2518   4.360411    32.0552        660 0.0000e+00
     14.000    19.2515   4.362577    32.0729        688 0.0000e+00
     15.000    19.2478   4.367563    32.1164        734 0.0000e+00
     16.000    19.2424   4.371381    32.1516        788 0.0000e+00
     17.000    19.1792   4.365230    32.1495        827 0.0000e+00
     18.000    19.1930   4.369752    32.1756        860 0.0000e+00
     19.000    19.2035   4.373820    32.2007        890 0.0000e+00
     20.000    19.2188   4.381482    32.2515        922 0.0000e+00
     21.000    19.2346   4.387541    32.2888        967 0.0000e+00
     22.000    19.2522   4.394407    32.3312       1016 0.0000e+00
     23.000    19.2511   4.398657    32.3667       1056 0.0000e+00
     24.000    19.2469   4.402050    32.3976       1110 0.0000e+00
     25.000    19.2237   4.402906    32.4223       1197 0.0000e+00
     26.000    19.1650   4.404632    32.4819       1294 0.0000e+00
     27.000    19.1517   4.406819    32.5100       1374 0.0000e+00
     28.000    19.1433   4.408774    32.5323       1609 0.0000e+00
     29.000    19.1355   4.410737    32.5543       2991 0.0000e+00
     28.000    19.1412   4.409569    32.5406       4152 0.0000e+00
     27.000    19.1502   4.407185    32.5142       4607 0.0000e+00
     26.000    19.1515   4.406768    32.5101       4604 0.0000e+00
     25.000    19.1572   4.405668    32.4969       4683 0.0000e+00
     24.000    19.1847   4.403176    32.4552       4739 0.0000e+00
     23.000    19.2178   4.402301    32.4226       4769 0.0000e+00
     22.000    19.2444   4.398604    32.3718       4810 0.0000e+00
     21.000    19.2437   4.391303    32.3127       4886 0.0000e+00
     20.000    19.2263   4.384982    32.2744       4957 0.0000e+00
     19.000    19.2024   4.375993    32.2194       5030 0.0000e+00
     18.000    19.1712   4.365473    32.1573       5156 0.0000e+00
     17.000    19.2040   4.367276    32.1471       5262 0.0000e+00
     16.000    19.2384   4.367032    32.1189       6983 0.0000e+00
     15.000    19.2308   4.361000    32.0755       8215 0.0000e+00
     14.000    19.2106   4.357031    32.0588       8250 0.0000e+00
     13.000    19.2018   4.355591    32.0541       8377 0.0000e+00
     12.000    19.1998   4.355239    32.0531       8477 0.0000e+00
     11.000    19.1988   4.355076    32.0528       8573 0.0000e+00
     10.000    19.1951   4.354381    32.0503      10621 0.0000e+00
      9.000    19.1997   4.351727    32.0253      11551 0.0000e+00
      8.000    19.2145   4.353672    32.0302      11531 0.0000e+00
      7.000    19.3334   4.363918    32.0233      11623 0.0000e+00
      6.000    19.4698   4.367480    31.9483      11703 0.0000e+00
      5.000    19.5734   4.374614    31.9277      11795 0.0000e+00
      4.000    19.5897   4.326615    31.5247      11870 0.0000e+00
      3.000    19.5529   4.287939    31.2381      12016 0.0000e+00
      2.000    19.5514   4.286182    31.2252      14541 0.0000e+00
      1.000    19.5510   4.286231    31.2263      15624 0.0000e+00
