PC2406/ctd010.cnv
* Sea-Bird SBE 9 Data File:
* FileName = C:\cruise\data\ctd010.hex
* Software Version Seasave V 7.26.7.121
* Temperature SN = 6650
* Conductivity SN = 6035
* Number of Bytes Per Scan = 37
* Number of Voltage Words = 4
* Number of Scans Averaged by the Deck Unit = 1
* NMEA Latitude = 38 00.01 N
* NMEA Longitude = 074 57.78 W
* NMEA UTC (Time) = Nov 08 2024 16:00:43
* NMEA baud rate = 4800
** Ship: Pisces
** Program:  Fall ECOMON
** Chief Scientist:Harvey Walsh
# nquan = 6
# nvalues = 37                          
# units = specified
# name 0 = depSM: Depth [salt water, m]
# name 1 = t090C: Temperature [ITS-90, deg C]
# name 2 = c0S/m: Conductivity [S/m]
# name 3 = sal00: Salinity, Practical [PSU]
# name 4 = scan: Scan Count
# name 5 = flag: flag
# span 0 =      1.000,     20.000       
# span 1 =    17.6792,    17.8706       
# span 2 =   4.203777,   4.233576       
# span 3 =    31.8622,    32.2210       
# span 4 =         72,      11154       
# span 5 = 0.0000e+00, 0.0000e+00       
# interval = meters: 1                  
# start_time = Nov 08 2024 16:00:43 [NMEA time, header]
# bad_flag = -9.990e-29
*END*
      3.000    17.8706   4.208955    31.8676         72 0.0000e+00
      4.000    17.8652   4.208536    31.8679        385 0.0000e+00
      5.000    17.8525   4.207365    31.8676        407 0.0000e+00
      6.000    17.8527   4.207435    31.8677        449 0.0000e+00
      7.000    17.8569   4.207824    31.8674        486 0.0000e+00
      8.000    17.8567   4.207871    31.8676        529 0.0000e+00
      9.000    17.8403   4.206396    31.8675        570 0.0000e+00
     10.000    17.7990   4.204085    31.8800        609 0.0000e+00
     11.000    17.7336   4.211385    31.9927        648 0.0000e+00
     12.000    17.6875   4.224418    32.1393        685 0.0000e+00
     13.000    17.6810   4.229042    32.1833        730 0.0000e+00
     14.000    17.6803   4.230832    32.1987        777 0.0000e+00
     15.000    17.6796   4.232449    32.2127        814 0.0000e+00
     16.000    17.6793   4.233057    32.2177        849 0.0000e+00
     17.000    17.6792   4.233411    32.2205        889 0.0000e+00
     18.000    17.6793   4.233461    32.2204        939 0.0000e+00
     19.000    17.6794   4.233576    32.2210        981 0.0000e+00
     20.000    17.6795   4.233481    32.2197       2630 0.0000e+00
     19.000    17.6795   4.233376    32.2192       4681 0.0000e+00
     18.000    17.6797   4.233283    32.2186       4189 0.0000e+00
     17.000    17.6794   4.233083    32.2175       4291 0.0000e+00
     16.000    17.6794   4.232907    32.2163       4369 0.0000e+00
     15.000    17.6798   4.231957    32.2083       4562 0.0000e+00
     14.000    17.6801   4.231180    32.2019       4874 0.0000e+00
     13.000    17.6805   4.229800    32.1901       5027 0.0000e+00
     12.000    17.6829   4.226587    32.1613       5175 0.0000e+00
     11.000    17.7043   4.216372    32.0581       6550 0.0000e+00
     10.000    17.7848   4.203777    31.8885       8036 0.0000e+00
      9.000    17.8196   4.204693    31.8693       8081 0.0000e+00
      8.000    17.8422   4.206631    31.8684       8123 0.0000e+00
      7.000    17.8567   4.207895    31.8681       8163 0.0000e+00
      6.000    17.8559   4.207749    31.8678       8204 0.0000e+00
      5.000    17.8594   4.208063    31.8682       8262 0.0000e+00
      4.000    17.8626   4.208311    31.8681       8302 0.0000e+00
      3.000    17.8615   4.208146    31.8679       8341 0.0000e+00
      2.000    17.8573   4.207043    31.8622      11154 0.0000e+00
      1.000    17.8570   4.207777    31.8690      11058 0.0000e+00
