PC2406/ctd014.cnv
* Sea-Bird SBE 9 Data File:
* FileName = C:\cruise\data\ctd014.hex
* Software Version Seasave V 7.26.7.121
* Temperature SN = 6650
* Conductivity SN = 6035
* Number of Bytes Per Scan = 37
* Number of Voltage Words = 4
* Number of Scans Averaged by the Deck Unit = 1
* NMEA Latitude = 39 03.60 N
* NMEA Longitude = 072 43.81 W
* NMEA UTC (Time) = Nov 10 2024 05:07:44
* NMEA baud rate = 4800
** Ship: Pisces
** Program:  Fall ECOMON
** Chief Scientist:Harvey Walsh
# nquan = 6
# nvalues = 437                         
# units = specified
# name 0 = depSM: Depth [salt water, m]
# name 1 = t090C: Temperature [ITS-90, deg C]
# name 2 = c0S/m: Conductivity [S/m]
# name 3 = sal00: Salinity, Practical [PSU]
# name 4 = scan: Scan Count
# name 5 = flag: flag
# span 0 =      1.000,    220.000       
# span 1 =    12.7789,    19.4633       
# span 2 =   4.150664,   4.722418       
# span 3 =    34.8035,    36.3612       
# span 4 =       -310,      27490       
# span 5 = 0.0000e+00, 0.0000e+00       
# interval = meters: 1                  
# start_time = Nov 10 2024 05:07:44 [NMEA time, header]
# bad_flag = -9.990e-29
*END*
[from data line 239]
    198.000    14.0831   4.298719    35.8194       9984 0.0000e+00
    197.000    14.0303   4.293938    35.8243      10022 0.0000e+00
    196.000    14.0700   4.297167    35.8179      10045 0.0000e+00
    195.000    14.0823   4.299247    35.8263      10063 0.0000e+00
    194.000    14.0991   4.300879    35.8263      10083 0.0000e+00
    193.000    14.0875   4.299383    35.8236      10113 0.0000e+00
    192.000    14.1201   4.303716    35.8342      10149 0.0000e+00
    191.000    14.1335   4.304362    35.8281      10172 0.0000e+00
    190.000    14.1984   4.313072    35.8493      10191 0.0000e+00
    189.000    14.2901   4.323131    35.8582      10212 0.0000e+00
    188.000    14.2941   4.322916    35.8528      10247 0.0000e+00
    187.000    14.3447   4.329720    35.8695      10285 0.0000e+00
    186.000    14.3452   4.329035    35.8631      10306 0.0000e+00
    185.000    14.3710   4.332054    35.8676      10323 0.0000e+00
    184.000    14.3793   4.333173    35.8707      10341 0.0000e+00
    183.000    14.4120   4.336894    35.8753      10364 0.0000e+00
    182.000    14.4389   4.339927    35.8789      10398 0.0000e+00
    181.000    14.4628   4.342647    35.8824      10430 0.0000e+00
    180.000    14.4785   4.344706    35.8872      10456 0.0000e+00
    179.000    14.4930   4.346119    35.8873      10481 0.0000e+00
    178.000    14.4909   4.346046    35.8890      10508 0.0000e+00
    177.000    14.4994   4.346950    35.8900      10533 0.0000e+00
    176.000    14.5064   4.347675    35.8906      10556 0.0000e+00
    175.000    14.5072   4.347854    35.8919      10578 0.0000e+00
    174.000    14.5154   4.348766    35.8931      10604 0.0000e+00
    173.000    14.5293   4.350362    35.8955      10634 0.0000e+00
    172.000    14.5501   4.352782    35.8990      10660 0.0000e+00
    171.000    14.5721   4.355689    35.9059      10682 0.0000e+00
    170.000    14.6009   4.358758    35.9081      10704 0.0000e+00
    169.000    14.6399   4.363364    35.9149      10730 0.0000e+00
    168.000    14.6557   4.365065    35.9164      10764 0.0000e+00
    167.000    14.6653   4.366163    35.9180      10797 0.0000e+00
    166.000    14.6600   4.365652    35.9186      10820 0.0000e+00
    165.000    14.6558   4.364978    35.9167      10840 0.0000e+00
    164.000    14.6702   4.366896    35.9215      10861 0.0000e+00
    163.000    14.6849   4.368416    35.9223      10888 0.0000e+00
    162.000    14.6888   4.368937    35.9240      10919 0.0000e+00
    161.000    14.7025   4.370459    35.9257      10946 0.0000e+00
    160.000    14.7168   4.372346    35.9303      10970 0.0000e+00
    159.000    14.7370   4.374578    35.9326      10993 0.0000e+00
    158.000    14.7388   4.374781    35.9332      11017 0.0000e+00
    157.000    14.7504   4.376156    35.9355      11042 0.0000e+00
    156.000    14.7734   4.378865    35.9396      11067 0.0000e+00
    155.000    14.7842   4.380123    35.9417      11094 0.0000e+00
    154.000    14.8033   4.382386    35.9453      11127 0.0000e+00
    153.000    14.8311   4.385462    35.9483      11159 0.0000e+00
    152.000    14.8381   4.386408    35.9509      11184 0.0000e+00
    151.000    14.8847   4.391727    35.9571      11204 0.0000e+00
    150.000    14.9021   4.393531    35.9580      11222 0.0000e+00
    149.000    14.9087   4.394255    35.9590      11242 0.0000e+00
    148.000    14.9202   4.395512    35.9603      11269 0.0000e+00
    147.000    14.9183   4.395143    35.9591      11309 0.0000e+00
    146.000    14.9260   4.396023    35.9605      11339 0.0000e+00
    145.000    14.9364   4.397455    35.9645      11361 0.0000e+00
    144.000    14.9667   4.400891    35.9685      11380 0.0000e+00
    143.000    15.0001   4.404160    35.9680      11402 0.0000e+00
    142.000    15.0189   4.406578    35.9732      11429 0.0000e+00
    141.000    15.0250   4.407167    35.9734      11459 0.0000e+00
    140.000    15.0156   4.405710    35.9691      11486 0.0000e+00
    139.000    15.0029   4.403968    35.9653      11513 0.0000e+00
    138.000    15.0134   4.404971    35.9652      11542 0.0000e+00
    137.000    15.0095   4.404275    35.9629      11567 0.0000e+00
    136.000    14.9848   4.400844    35.9547      11590 0.0000e+00
    135.000    14.9686   4.398641    35.9498      11611 0.0000e+00
    134.000    14.9543   4.396692    35.9455      11636 0.0000e+00
    133.000    14.9424   4.395039    35.9418      11664 0.0000e+00
    132.000    14.9486   4.395791    35.9434      11691 0.0000e+00
    131.000    14.9479   4.395394    35.9408      11715 0.0000e+00
    130.000    14.9433   4.394480    35.9371      11741 0.0000e+00
    129.000    14.9500   4.395288    35.9387      11772 0.0000e+00
    128.000    14.9480   4.394629    35.9350      11804 0.0000e+00
    127.000    14.9081   4.388659    35.9174      11836 0.0000e+00
    126.000    14.8616   4.382353    35.9028      11868 0.0000e+00
    125.000    14.8552   4.382214    35.9079      11921 0.0000e+00
    124.000    14.8416   4.379716    35.8979      11968 0.0000e+00
    123.000    14.8360   4.378849    35.8955      12003 0.0000e+00
    122.000    14.8277   4.377468    35.8909      12048 0.0000e+00
    121.000    14.8214   4.376360    35.8870      12097 0.0000e+00
    120.000    14.8251   4.376438    35.8847      12171 0.0000e+00
    119.000    14.8309   4.376939    35.8843      12235 0.0000e+00
    118.000    14.8813   4.382719    35.8913      12308 0.0000e+00
    117.000    15.3635   4.440274    35.9737      12396 0.0000e+00
    116.000    15.5968   4.468738    36.0186      12482 0.0000e+00
    115.000    15.6874   4.480153    36.0392      12550 0.0000e+00
    114.000    15.7490   4.487820    36.0524      12624 0.0000e+00
    113.000    15.8389   4.498961    36.0710      13298 0.0000e+00
    112.000    15.9653   4.514930    36.0995      15154 0.0000e+00
    111.000    15.9696   4.515376    36.0999      15598 0.0000e+00
    110.000    15.9934   4.518724    36.1086      15600 0.0000e+00
    109.000    16.0354   4.523825    36.1165      15620 0.0000e+00
    108.000    16.0397   4.524248    36.1168      15638 0.0000e+00
    107.000    16.0542   4.526329    36.1226      15658 0.0000e+00
    106.000    16.0850   4.530311    36.1306      15684 0.0000e+00
    105.000    16.1274   4.535584    36.1396      15718 0.0000e+00
    104.000    16.1446   4.537234    36.1390      15745 0.0000e+00
    103.000    16.1820   4.542312    36.1507      15769 0.0000e+00
    102.000    16.2266   4.547168    36.1539      15797 0.0000e+00
    101.000    16.2450   4.549643    36.1597      15830 0.0000e+00
    100.000    16.3344   4.561084    36.1806      15855 0.0000e+00
     99.000    16.4604   4.576250    36.2014      15874 0.0000e+00
     98.000    16.5345   4.585120    36.2132      15893 0.0000e+00
     97.000    16.5702   4.588870    36.2145      15914 0.0000e+00
     96.000    16.5746   4.589440    36.2159      15946 0.0000e+00
     95.000    16.5769   4.589609    36.2157      15981 0.0000e+00
     94.000    16.5802   4.590031    36.2168      16004 0.0000e+00
     93.000    16.6002   4.591894    36.2156      16024 0.0000e+00
     92.000    16.6043   4.591614    36.2099      16045 0.0000e+00
     91.000    16.5811   4.588800    36.2063      16076 0.0000e+00
     90.000    16.6653   4.599416    36.2244      16118 0.0000e+00
     89.000    16.7879   4.613050    36.2342      16141 0.0000e+00
     88.000    16.8653   4.622234    36.2455      16158 0.0000e+00
     87.000    16.9282   4.630269    36.2598      16175 0.0000e+00
     86.000    17.0138   4.640071    36.2690      16197 0.0000e+00
     85.000    17.0288   4.642164    36.2742      16234 0.0000e+00
     84.000    17.0917   4.650022    36.2868      16267 0.0000e+00
     83.000    17.1485   4.656838    36.2957      16287 0.0000e+00
     82.000    17.1880   4.661133    36.2980      16306 0.0000e+00
     81.000    17.2167   4.664715    36.3039      16330 0.0000e+00
     80.000    17.2480   4.668379    36.3081      16365 0.0000e+00
     79.000    17.2537   4.668892    36.3079      16395 0.0000e+00
     78.000    17.2499   4.668335    36.3068      16416 0.0000e+00
     77.000    17.2563   4.668170    36.3000      16436 0.0000e+00
     76.000    17.3039   4.673362    36.3029      16461 0.0000e+00
     75.000    17.3301   4.676462    36.3068      16490 0.0000e+00
     74.000    17.3961   4.685204    36.3240      16516 0.0000e+00
     73.000    17.5120   4.698395    36.3350      16537 0.0000e+00
     72.000    17.5558   4.703391    36.3395      16558 0.0000e+00
     71.000    17.5769   4.705929    36.3430      16583 0.0000e+00
     70.000    17.6311   4.712548    36.3521      16618 0.0000e+00
     69.000    17.7113   4.721637    36.3594      16646 0.0000e+00
     68.000    17.7019   4.716910    36.3273      16668 0.0000e+00
     67.000    17.6645   4.709421    36.2964      16689 0.0000e+00
     66.000    17.7073   4.710494    36.2678      16716 0.0000e+00
     65.000    17.7698   4.718245    36.2794      16746 0.0000e+00
     64.000    17.7925   4.720305    36.2773      16781 0.0000e+00
     63.000    17.7521   4.712676    36.2478      16817 0.0000e+00
     62.000    17.8236   4.719620    36.2445      16848 0.0000e+00
     61.000    17.8252   4.713703    36.1924      16876 0.0000e+00
     60.000    17.8237   4.709874    36.1611      16906 0.0000e+00
     59.000    17.7603   4.697043    36.1072      16946 0.0000e+00
     58.000    17.7108   4.688588    36.0786      16976 0.0000e+00
     57.000    17.6425   4.674908    36.0213      17000 0.0000e+00
     56.000    17.2633   4.603186    35.7353      17026 0.0000e+00
     55.000    17.1072   4.571440    35.5972      17072 0.0000e+00
     54.000    17.0276   4.553829    35.5140      17106 0.0000e+00
     53.000    16.9366   4.530312    35.3889      17125 0.0000e+00
     52.000    16.9602   4.528569    35.3533      17145 0.0000e+00
     51.000    17.0461   4.539401    35.3728      17193 0.0000e+00
     50.000    17.0957   4.536218    35.3019      17243 0.0000e+00
     49.000    17.2399   4.549347    35.2903      17260 0.0000e+00
     48.000    17.5730   4.579533    35.2618      17277 0.0000e+00
     47.000    17.5783   4.579405    35.2566      17324 0.0000e+00
     46.000    18.3103   4.633717    35.0906      17386 0.0000e+00
     45.000    18.6857   4.660883    35.0008      17434 0.0000e+00
     44.000    18.8938   4.676923    34.9597      17508 0.0000e+00
     43.000    19.0281   4.686530    34.9272      17553 0.0000e+00
     42.000    19.2750   4.703694    34.8630      17630 0.0000e+00
     41.000    19.4257   4.713032    34.8149      17661 0.0000e+00
     40.000    19.4345   4.713930    34.8153      17752 0.0000e+00
     39.000    19.4345   4.714591    34.8211      19898 0.0000e+00
     38.000    19.4525   4.715763    34.8162      20377 0.0000e+00
     37.000    19.4633   4.716421    34.8130      20400 0.0000e+00
     36.000    19.4620   4.716201    34.8127      20426 0.0000e+00
     35.000    19.4614   4.716098    34.8126      20453 0.0000e+00
     34.000    19.4604   4.716015    34.8132      20477 0.0000e+00
     33.000    19.4617   4.716103    34.8131      20499 0.0000e+00
     32.000    19.4627   4.716178    34.8133      20521 0.0000e+00
     31.000    19.4624   4.716126    34.8135      20550 0.0000e+00
     30.000    19.4617   4.716012    34.8135      20581 0.0000e+00
     29.000    19.4596   4.715728    34.8133      20607 0.0000e+00
     28.000    19.4600   4.715687    34.8129      20629 0.0000e+00
     27.000    19.4602   4.715726    34.8135      20657 0.0000e+00
     26.000    19.4595   4.715610    34.8135      20705 0.0000e+00
     25.000    19.4601   4.715640    34.8136      20771 0.0000e+00
     24.000    19.4598   4.715601    34.8139      20814 0.0000e+00
     23.000    19.4592   4.715480    34.8137      20849 0.0000e+00
     22.000    19.4587   4.715296    34.8130      20887 0.0000e+00
     21.000    19.4581   4.715169    34.8128      20953 0.0000e+00
     20.000    19.4575   4.715055    34.8128      21004 0.0000e+00
     19.000    19.4573   4.715035    34.8131      21042 0.0000e+00
     18.000    19.4575   4.715005    34.8131      21091 0.0000e+00
     17.000    19.4561   4.714692    34.8120      21150 0.0000e+00
     16.000    19.4502   4.714078    34.8122      21210 0.0000e+00
     15.000    19.4548   4.714343    34.8109      21276 0.0000e+00
     14.000    19.4500   4.713931    34.8118      21344 0.0000e+00
     13.000    19.4509   4.714033    34.8123      21410 0.0000e+00
     12.000    19.4534   4.714268    34.8126      21476 0.0000e+00
     11.000    19.4543   4.714404    34.8132      21554 0.0000e+00
     10.000    19.4512   4.713939    34.8124      23278 0.0000e+00
      9.000    19.4513   4.713836    34.8118      24150 0.0000e+00
      8.000    19.4584   4.714520    34.8119      24125 0.0000e+00
      7.000    19.4580   4.714436    34.8119      24197 0.0000e+00
      6.000    19.4577   4.714348    34.8118      24271 0.0000e+00
      5.000    19.4574   4.714272    34.8118      24335 0.0000e+00
      4.000    19.4567   4.714152    34.8117      24413 0.0000e+00
      3.000    19.4532   4.713738    34.8116      25458 0.0000e+00
      2.000    19.4435   4.712686    34.8113      27490 0.0000e+00
      1.000    19.4484   4.713065    34.8108      27184 0.0000e+00
