PC2406/ctd005.cnv
* Sea-Bird SBE 9 Data File:
* FileName = C:\cruise\data\ctd005.hex
* Software Version Seasave V 7.26.7.121
* Temperature SN = 6650
* Conductivity SN = 6035
* Number of Bytes Per Scan = 37
* Number of Voltage Words = 4
* Number of Scans Averaged by the Deck Unit = 1
* NMEA Latitude = 39 21.79 N
* NMEA Longitude = 073 23.33 W
* NMEA UTC (Time) = Oct 29 2024 18:50:39
* NMEA baud rate = 4800
** Ship: Pisces
** Program:  Fall ECOMON
** Chief Scientist:Harvey Walsh
# nquan = 6
# nvalues = 88                          
# units = specified
# name 0 = depSM: Depth [salt water, m]
# name 1 = t090C: Temperature [ITS-90, deg C]
# name 2 = c0S/m: Conductivity [S/m]
# name 3 = sal00: Salinity, Practical [PSU]
# name 4 = scan: Scan Count
# name 5 = flag: flag
# span 0 =      2.000,     46.000       
# span 1 =    17.0018,    17.1037       
# span 2 =   4.299824,   4.310530       
# span 3 =    33.3240,    33.3816       
# span 4 =        181,      12664       
# span 5 = 0.0000e+00, 0.0000e+00       
# interval = meters: 1                  
# start_time = Oct 29 2024 18:50:39 [NMEA time, header]
# bad_flag = -9.990e-29
*END*
      3.000    17.1037   4.307900    33.3299        181 0.0000e+00
      4.000    17.1027   4.307832    33.3298        436 0.0000e+00
      5.000    17.1032   4.307935    33.3299        501 0.0000e+00
      6.000    17.1027   4.307958    33.3301        527 0.0000e+00
      7.000    17.0928   4.307139    33.3308        552 0.0000e+00
      8.000    17.0912   4.307084    33.3313        587 0.0000e+00
      9.000    17.0921   4.307202    33.3312        624 0.0000e+00
     10.000    17.0890   4.306939    33.3311        653 0.0000e+00
     11.000    17.0892   4.306996    33.3311        682 0.0000e+00
     12.000    17.0889   4.307002    33.3310        718 0.0000e+00
     13.000    17.0884   4.307009    33.3311        751 0.0000e+00
     14.000    17.0897   4.307223    33.3316        778 0.0000e+00
     15.000    17.0888   4.307162    33.3313        803 0.0000e+00
     16.000    17.0879   4.307085    33.3311        833 0.0000e+00
     17.000    17.0853   4.306824    33.3306        874 0.0000e+00
     18.000    17.0803   4.306355    33.3303        908 0.0000e+00
     19.000    17.0541   4.303517    33.3270        934 0.0000e+00
     20.000    17.0357   4.301566    33.3250        963 0.0000e+00
     21.000    17.0260   4.300670    33.3249        997 0.0000e+00
     22.000    17.0229   4.300428    33.3250       1028 0.0000e+00
     23.000    17.0204   4.300258    33.3252       1055 0.0000e+00
     24.000    17.0171   4.300077    33.3259       1084 0.0000e+00
     25.000    17.0157   4.300012    33.3262       1117 0.0000e+00
     26.000    17.0141   4.299984    33.3269       1147 0.0000e+00
     27.000    17.0133   4.300086    33.3281       1174 0.0000e+00
     28.000    17.0116   4.300080    33.3291       1205 0.0000e+00
     29.000    17.0105   4.300037    33.3293       1243 0.0000e+00
     30.000    17.0074   4.299957    33.3308       1271 0.0000e+00
     31.000    17.0051   4.300050    33.3331       1293 0.0000e+00
     32.000    17.0034   4.299978    33.3335       1324 0.0000e+00
     33.000    17.0024   4.300065    33.3347       1382 0.0000e+00
     34.000    17.0018   4.300463    33.3383       1423 0.0000e+00
     35.000    17.0155   4.303157    33.3499       1454 0.0000e+00
     36.000    17.0416   4.307822    33.3683       1490 0.0000e+00
     37.000    17.0473   4.309021    33.3736       1544 0.0000e+00
     38.000    17.0490   4.309408    33.3752       1590 0.0000e+00
     39.000    17.0499   4.309695    33.3765       1616 0.0000e+00
     40.000    17.0502   4.309939    33.3780       1645 0.0000e+00
     41.000    17.0503   4.310140    33.3793       1701 0.0000e+00
     42.000    17.0505   4.310198    33.3793       1755 0.0000e+00
     43.000    17.0504   4.310324    33.3801       1787 0.0000e+00
     44.000    17.0502   4.310414    33.3806       1814 0.0000e+00
     45.000    17.0499   4.310472    33.3810       1874 0.0000e+00
     46.000    17.0494   4.310530    33.3816       2211 0.0000e+00
     45.000    17.0497   4.310447    33.3810       2279 0.0000e+00
     44.000    17.0500   4.310419    33.3809       4245 0.0000e+00
     43.000    17.0500   4.310373    33.3808       5127 0.0000e+00
     42.000    17.0501   4.310311    33.3806       5312 0.0000e+00
     41.000    17.0503   4.310158    33.3795       5346 0.0000e+00
     40.000    17.0502   4.310116    33.3795       5398 0.0000e+00
     39.000    17.0503   4.309946    33.3784       5464 0.0000e+00
     38.000    17.0502   4.309795    33.3775       5509 0.0000e+00
     37.000    17.0496   4.309594    33.3766       5552 0.0000e+00
     36.000    17.0484   4.309229    33.3749       5599 0.0000e+00
     35.000    17.0486   4.309328    33.3759       5666 0.0000e+00
     34.000    17.0411   4.307631    33.3678       5723 0.0000e+00
     33.000    17.0369   4.306738    33.3639       5755 0.0000e+00
     32.000    17.0095   4.301409    33.3408       5794 0.0000e+00
     31.000    17.0096   4.301345    33.3406       5879 0.0000e+00
     30.000    17.0086   4.301017    33.3389       5916 0.0000e+00
     29.000    17.0084   4.300421    33.3343       5957 0.0000e+00
     28.000    17.0094   4.300282    33.3326       6019 0.0000e+00
     27.000    17.0107   4.300548    33.3343       6072 0.0000e+00
     26.000    17.0115   4.300263    33.3315       6109 0.0000e+00
     25.000    17.0175   4.300305    33.3272       6365 0.0000e+00
     24.000    17.0168   4.300018    33.3257       7715 0.0000e+00
     23.000    17.0156   4.299824    33.3254       8350 0.0000e+00
     22.000    17.0166   4.299866    33.3253       8574 0.0000e+00
     21.000    17.0196   4.300079    33.3251       8606 0.0000e+00
     20.000    17.0196   4.300040    33.3251       8706 0.0000e+00
     19.000    17.0247   4.300460    33.3249       8731 0.0000e+00
     18.000    17.0387   4.301769    33.3250       8788 0.0000e+00
     17.000    17.0411   4.302029    33.3256       8867 0.0000e+00
     16.000    17.0380   4.301497    33.3240       8892 0.0000e+00
     15.000    17.0462   4.302437    33.3257       8954 0.0000e+00
     14.000    17.0668   4.304715    33.3287       9032 0.0000e+00
     13.000    17.0704   4.304969    33.3283       9056 0.0000e+00
     12.000    17.0673   4.304554    33.3277       9107 0.0000e+00
     11.000    17.0660   4.304394    33.3277       9193 0.0000e+00
     10.000    17.0660   4.304346    33.3277       9222 0.0000e+00
      9.000    17.0492   4.302508    33.3261      11361 0.0000e+00
      8.000    17.0751   4.305207    33.3284      11236 0.0000e+00
      7.000    17.0738   4.305007    33.3281      11281 0.0000e+00
      6.000    17.0710   4.304711    33.3282      11330 0.0000e+00
      5.000    17.0753   4.305115    33.3285      11373 0.0000e+00
      4.000    17.0749   4.305078    33.3289      11405 0.0000e+00
      3.000    17.0772   4.305320    33.3295      11430 0.0000e+00
      2.000    17.0680   4.304180    33.3276      12664 0.0000e+00
