PC2406/ctd015.cnv
* Sea-Bird SBE 9 Data File:
* FileName = C:\cruise\data\ctd015.hex
* Software Version Seasave V 7.26.7.121
* Temperature SN = 6650
* Conductivity SN = 6035
* Number of Bytes Per Scan = 37
* Number of Voltage Words = 4
* Number of Scans Averaged by the Deck Unit = 1
* NMEA Latitude = 39 41.44 N
* NMEA Longitude = 073 59.70 W
* NMEA UTC (Time) = Nov 10 2024 14:40:11
* NMEA baud rate = 4800
** Ship: Pisces
** Program:  Fall ECOMON
** Chief Scientist:Harvey Walsh
# nquan = 6
# nvalues = 35                          
# units = specified
# name 0 = depSM: Depth [salt water, m]
# name 1 = t090C: Temperature [ITS-90, deg C]
# name 2 = c0S/m: Conductivity [S/m]
# name 3 = sal00: Salinity, Practical [PSU]
# name 4 = scan: Scan Count
# name 5 = flag: flag
# span 0 =      1.000,     19.000       
# span 1 =    16.0343,    16.0495       
# span 2 =   4.091739,   4.095097       
# span 3 =    32.3196,    32.3322       
# span 4 =        212,      16287       
# span 5 = 0.0000e+00, 0.0000e+00       
# interval = meters: 1                  
# start_time = Nov 10 2024 14:40:11 [NMEA time, header]
# bad_flag = -9.990e-29
*END*
      3.000    16.0378   4.092190    32.3218        212 0.0000e+00
      4.000    16.0363   4.092100    32.3218        472 0.0000e+00
      5.000    16.0349   4.092032    32.3219        524 0.0000e+00
      6.000    16.0368   4.092239    32.3218        568 0.0000e+00
      7.000    16.0402   4.092619    32.3220        613 0.0000e+00
      8.000    16.0408   4.092707    32.3220        656 0.0000e+00
      9.000    16.0407   4.092794    32.3224        702 0.0000e+00
     10.000    16.0417   4.093137    32.3243        746 0.0000e+00
     11.000    16.0422   4.093295    32.3249        787 0.0000e+00
     12.000    16.0433   4.093618    32.3265        832 0.0000e+00
     13.000    16.0434   4.093667    32.3265        880 0.0000e+00
     14.000    16.0437   4.093765    32.3267        921 0.0000e+00
     15.000    16.0444   4.093939    32.3273        963 0.0000e+00
     16.000    16.0452   4.094122    32.3279       1010 0.0000e+00
     17.000    16.0480   4.094761    32.3308       1055 0.0000e+00
     18.000    16.0495   4.095097    32.3322       1102 0.0000e+00
     19.000    16.0483   4.094864    32.3308       3125 0.0000e+00
     18.000    16.0439   4.094029    32.3274       5672 0.0000e+00
     17.000    16.0431   4.093867    32.3270       5652 0.0000e+00
     16.000    16.0430   4.093837    32.3271       5731 0.0000e+00
     15.000    16.0421   4.093632    32.3265       5814 0.0000e+00
     14.000    16.0424   4.093604    32.3264       5898 0.0000e+00
     13.000    16.0411   4.093305    32.3252       6007 0.0000e+00
     12.000    16.0399   4.093041    32.3241       6112 0.0000e+00
     11.000    16.0412   4.093101    32.3240       9766 0.0000e+00
     10.000    16.0394   4.092730    32.3226       9926 0.0000e+00
      9.000    16.0387   4.092521    32.3217       9895 0.0000e+00
      8.000    16.0384   4.092446    32.3216       9939 0.0000e+00
      7.000    16.0378   4.092316    32.3213       9989 0.0000e+00
      6.000    16.0369   4.092088    32.3204      12192 0.0000e+00
      5.000    16.0343   4.091739    32.3199      12764 0.0000e+00
      4.000    16.0394   4.092232    32.3204      12884 0.0000e+00
      3.000    16.0447   4.092646    32.3201      14682 0.0000e+00
      2.000    16.0375   4.091882    32.3196      16287 0.0000e+00
      1.000    16.0366   4.091780    32.3198      16220 0.0000e+00
