PC2406/ctd009.cnv
* Sea-Bird SBE 9 Data File:
* FileName = C:\cruise\data\ctd009.hex
* Software Version Seasave V 7.26.7.121
* Temperature SN = 6650
* Conductivity SN = 6035
* Number of Bytes Per Scan = 37
* Number of Voltage Words = 4
* Number of Scans Averaged by the Deck Unit = 1
* NMEA Latitude = 36 00.02 N
* NMEA Longitude = 074 46.82 W
* NMEA UTC (Time) = Nov 07 2024 13:31:17
** Ship: Pisces
** Program:  Fall ECOMON
** Chief Scientist:Harvey Walsh
# nquan = 6
# nvalues = 739                         
# units = specified
# name 0 = depSM: Depth [salt water, m]
# name 1 = t090C: Temperature [ITS-90, deg C]
# name 2 = c0S/m: Conductivity [S/m]
# name 3 = sal00: Salinity, Practical [PSU]
# name 4 = scan: Scan Count
# name 5 = flag: flag
# span 0 =      1.000,    371.000       
# span 1 =     7.8586,    20.5418       
# span 2 =   3.633844,   4.760799       
# span 3 =    30.6868,    35.7951       
# span 4 =        177,      33394       
# span 5 = 0.0000e+00, 0.0000e+00       
# interval = meters: 1                  
# start_time = Nov 07 2024 13:31:17 [NMEA time, header]
# bad_flag = -9.990e-29
*END*
[from data line 239]
    242.000    10.7900   3.931020    35.3617       6980 0.0000e+00
    243.000    10.7526   3.927260    35.3596       6998 0.0000e+00
    244.000    10.7138   3.923063    35.3544       7017 0.0000e+00
    245.000    10.7080   3.922521    35.3540       7043 0.0000e+00
    246.000    10.6544   3.916801    35.3478       7085 0.0000e+00
    247.000    10.6279   3.913928    35.3441       7117 0.0000e+00
    248.000    10.5974   3.910877    35.3423       7139 0.0000e+00
    249.000    10.5725   3.908231    35.3392       7159 0.0000e+00
    250.000    10.5570   3.906655    35.3379       7181 0.0000e+00
    251.000    10.5488   3.905842    35.3371       7211 0.0000e+00
    252.000    10.5230   3.903040    35.3334       7243 0.0000e+00
    253.000    10.4915   3.899785    35.3305       7268 0.0000e+00
    254.000    10.4761   3.898189    35.3288       7290 0.0000e+00
    255.000    10.4640   3.897039    35.3285       7314 0.0000e+00
    256.000    10.4588   3.896383    35.3265       7344 0.0000e+00
    257.000    10.4610   3.896709    35.3271       7379 0.0000e+00
    258.000    10.4561   3.896079    35.3250       7407 0.0000e+00
    259.000    10.4147   3.891740    35.3208       7429 0.0000e+00
    260.000    10.3952   3.889709    35.3187       7449 0.0000e+00
    261.000    10.3488   3.884817    35.3136       7470 0.0000e+00
    262.000    10.3015   3.879933    35.3095       7495 0.0000e+00
    263.000    10.2356   3.872996    35.3026       7528 0.0000e+00
    264.000    10.1231   3.861120    35.2905       7563 0.0000e+00
    265.000    10.0170   3.849816    35.2780       7591 0.0000e+00
    266.000     9.9450   3.842157    35.2693       7616 0.0000e+00
    267.000     9.8217   3.829490    35.2593       7638 0.0000e+00
    268.000     9.7912   3.826433    35.2572       7659 0.0000e+00
    269.000     9.7185   3.818765    35.2490       7682 0.0000e+00
    270.000     9.7045   3.817464    35.2488       7708 0.0000e+00
    271.000     9.6877   3.815672    35.2463       7741 0.0000e+00
    272.000     9.6857   3.815382    35.2448       7777 0.0000e+00
    273.000     9.6787   3.814712    35.2443       7805 0.0000e+00
    274.000     9.6745   3.814320    35.2439       7826 0.0000e+00
    275.000     9.6693   3.813750    35.2427       7845 0.0000e+00
    276.000     9.6388   3.810729    35.2409       7866 0.0000e+00
    277.000     9.6397   3.810736    35.2396       7889 0.0000e+00
    278.000     9.6099   3.807845    35.2385       7921 0.0000e+00
    279.000     9.6092   3.807746    35.2376       7956 0.0000e+00
    280.000     9.6078   3.807625    35.2373       7987 0.0000e+00
    281.000     9.5991   3.806650    35.2354       8011 0.0000e+00
    282.000     9.5792   3.804657    35.2338       8031 0.0000e+00
    283.000     9.5586   3.802636    35.2326       8051 0.0000e+00
    284.000     9.5523   3.802026    35.2320       8072 0.0000e+00
    285.000     9.5542   3.802234    35.2318       8102 0.0000e+00
    286.000     9.5533   3.802128    35.2311       8140 0.0000e+00
    287.000     9.5436   3.801102    35.2296       8168 0.0000e+00
    288.000     9.5411   3.801017    35.2307       8190 0.0000e+00
    289.000     9.5506   3.801874    35.2298       8211 0.0000e+00
    290.000     9.5274   3.799588    35.2284       8234 0.0000e+00
    291.000     9.5068   3.797334    35.2249       8262 0.0000e+00
    292.000     9.4605   3.792777    35.2226       8294 0.0000e+00
    293.000     9.4455   3.791249    35.2211       8323 0.0000e+00
    294.000     9.4198   3.788495    35.2172       8348 0.0000e+00
    295.000     9.3588   3.782432    35.2138       8370 0.0000e+00
    296.000     9.3194   3.778339    35.2095       8393 0.0000e+00
    297.000     9.2663   3.773187    35.2077       8417 0.0000e+00
    298.000     9.2566   3.772098    35.2054       8444 0.0000e+00
    299.000     9.2510   3.771551    35.2048       8473 0.0000e+00
    300.000     9.2450   3.770967    35.2042       8505 0.0000e+00
    301.000     9.2551   3.771991    35.2044       8533 0.0000e+00
    302.000     9.2567   3.772185    35.2044       8558 0.0000e+00
    303.000     9.2585   3.772378    35.2041       8580 0.0000e+00
    304.000     9.2608   3.772636    35.2041       8603 0.0000e+00
    305.000     9.2594   3.772501    35.2036       8629 0.0000e+00
    306.000     9.2498   3.771562    35.2028       8660 0.0000e+00
    307.000     9.2474   3.771360    35.2027       8694 0.0000e+00
    308.000     9.2562   3.772280    35.2030       8722 0.0000e+00
    309.000     9.2553   3.772230    35.2029       8744 0.0000e+00
    310.000     9.2505   3.771746    35.2022       8766 0.0000e+00
    311.000     9.2446   3.771200    35.2018       8788 0.0000e+00
    312.000     9.2391   3.770633    35.2009       8817 0.0000e+00
    313.000     9.2260   3.769371    35.2002       8852 0.0000e+00
    314.000     9.2235   3.769155    35.1998       8881 0.0000e+00
    315.000     9.2088   3.767658    35.1982       8905 0.0000e+00
    316.000     9.1939   3.766161    35.1969       8928 0.0000e+00
    317.000     9.1820   3.765073    35.1967       8953 0.0000e+00
    318.000     9.1827   3.765141    35.1963       8983 0.0000e+00
    319.000     9.1774   3.764636    35.1958       9014 0.0000e+00
    320.000     9.1790   3.764810    35.1956       9040 0.0000e+00
    321.000     9.1751   3.764469    35.1954       9062 0.0000e+00
    322.000     9.1792   3.764943    35.1958       9085 0.0000e+00
    323.000     9.1813   3.765171    35.1957       9113 0.0000e+00
    324.000     9.1805   3.765132    35.1955       9146 0.0000e+00
    325.000     9.1544   3.762379    35.1921       9176 0.0000e+00
    326.000     9.1248   3.759592    35.1917       9201 0.0000e+00
    327.000     9.1408   3.761283    35.1931       9225 0.0000e+00
    328.000     9.1480   3.761980    35.1928       9248 0.0000e+00
    329.000     9.1449   3.761704    35.1925       9273 0.0000e+00
    330.000     9.1329   3.760501    35.1913       9301 0.0000e+00
    331.000     9.1296   3.760219    35.1912       9334 0.0000e+00
    332.000     9.1338   3.760665    35.1912       9364 0.0000e+00
    333.000     9.1259   3.759884    35.1904       9389 0.0000e+00
    334.000     9.1051   3.757755    35.1882       9410 0.0000e+00
    335.000     9.0675   3.754030    35.1858       9432 0.0000e+00
    336.000     9.0598   3.753338    35.1857       9459 0.0000e+00
    337.000     9.0275   3.749865    35.1808       9496 0.0000e+00
    338.000     8.9166   3.738813    35.1741       9527 0.0000e+00
    339.000     8.8707   3.734267    35.1712       9550 0.0000e+00
    340.000     8.8482   3.732265    35.1720       9570 0.0000e+00
    341.000     8.7914   3.726247    35.1645       9592 0.0000e+00
    342.000     8.7780   3.725228    35.1665       9620 0.0000e+00
    343.000     8.7769   3.724919    35.1639       9653 0.0000e+00
    344.000     8.7625   3.723539    35.1632       9682 0.0000e+00
    345.000     8.7604   3.723313    35.1624       9708 0.0000e+00
    346.000     8.7030   3.717470    35.1572       9733 0.0000e+00
    347.000     8.6253   3.709461    35.1492       9760 0.0000e+00
    348.000     8.5644   3.703837    35.1497       9787 0.0000e+00
    349.000     8.5713   3.704324    35.1475       9843 0.0000e+00
    350.000     8.5551   3.702672    35.1457       9921 0.0000e+00
    351.000     8.5365   3.700802    35.1439       9951 0.0000e+00
    352.000     8.4810   3.694974    35.1368       9979 0.0000e+00
    353.000     8.4091   3.688080    35.1346      10003 0.0000e+00
    354.000     8.3727   3.684485    35.1323      10028 0.0000e+00
    355.000     8.3587   3.683127    35.1312      10057 0.0000e+00
    356.000     8.3429   3.681501    35.1292      10096 0.0000e+00
    357.000     8.3291   3.680134    35.1279      10130 0.0000e+00
    358.000     8.3033   3.677277    35.1227      10154 0.0000e+00
    359.000     8.1469   3.662305    35.1186      10177 0.0000e+00
    360.000     8.1134   3.658903    35.1152      10208 0.0000e+00
    361.000     8.1106   3.658651    35.1148      10261 0.0000e+00
    362.000     8.0840   3.656031    35.1128      10297 0.0000e+00
    363.000     8.0629   3.653948    35.1112      10327 0.0000e+00
    364.000     8.0556   3.653213    35.1102      10386 0.0000e+00
    365.000     8.0513   3.652784    35.1094      10478 0.0000e+00
    366.000     8.0583   3.653481    35.1094      10532 0.0000e+00
    367.000     8.0608   3.653733    35.1091      10576 0.0000e+00
    368.000     8.0477   3.652532    35.1088      10683 0.0000e+00
    369.000     7.9741   3.645343    35.1049      10718 0.0000e+00
    370.000     8.0032   3.648264    35.1066      10775 0.0000e+00
    371.000     7.8586   3.633844    35.0960      11203 0.0000e+00
    370.000     7.9782   3.645352    35.1004      12764 0.0000e+00
    369.000     7.9960   3.647214    35.1030      12983 0.0000e+00
    368.000     7.9999   3.647539    35.1030      13007 0.0000e+00
    367.000     8.0019   3.647636    35.1026      13040 0.0000e+00
    366.000     7.9960   3.647032    35.1026      13075 0.0000e+00
    365.000     7.9944   3.646850    35.1026      13102 0.0000e+00
    364.000     7.9934   3.646716    35.1027      13125 0.0000e+00
    363.000     7.9969   3.647069    35.1034      13147 0.0000e+00
    362.000     8.0031   3.647628    35.1037      13173 0.0000e+00
    361.000     8.0096   3.648225    35.1041      13202 0.0000e+00
    360.000     8.0360   3.651011    35.1080      13229 0.0000e+00
    359.000     8.1997   3.667839    35.1250      13253 0.0000e+00
    358.000     8.2919   3.675900    35.1194      13276 0.0000e+00
    357.000     8.3196   3.678661    35.1217      13300 0.0000e+00
    356.000     8.3571   3.682213    35.1226      13331 0.0000e+00
    355.000     8.3804   3.684511    35.1244      13366 0.0000e+00
    354.000     8.3974   3.686416    35.1282      13393 0.0000e+00
    353.000     8.4163   3.688241    35.1292      13414 0.0000e+00
    352.000     8.4524   3.692112    35.1349      13434 0.0000e+00
    351.000     8.5148   3.698040    35.1362      13457 0.0000e+00
    350.000     8.5398   3.700268    35.1354      13486 0.0000e+00
    349.000     8.5434   3.700707    35.1369      13519 0.0000e+00
    348.000     8.5494   3.701403    35.1388      13545 0.0000e+00
    347.000     8.6303   3.710097    35.1510      13569 0.0000e+00
    346.000     8.6631   3.712889    35.1484      13593 0.0000e+00
    345.000     8.7466   3.721532    35.1572      13622 0.0000e+00
    344.000     8.7752   3.724009    35.1555      13652 0.0000e+00
    343.000     8.8039   3.727101    35.1601      13678 0.0000e+00
    342.000     8.8344   3.730197    35.1630      13702 0.0000e+00
    341.000     8.8987   3.736415    35.1652      13724 0.0000e+00
    340.000     8.8797   3.734495    35.1643      13748 0.0000e+00
    339.000     8.8806   3.734555    35.1645      13775 0.0000e+00
    338.000     8.8788   3.734415    35.1652      13807 0.0000e+00
    337.000     8.8963   3.736237    35.1675      13837 0.0000e+00
    336.000     8.9426   3.741198    35.1743      13861 0.0000e+00
    335.000     8.9984   3.746509    35.1753      13883 0.0000e+00
    334.000     9.0086   3.747484    35.1759      13904 0.0000e+00
    333.000     9.0217   3.748706    35.1763      13928 0.0000e+00
    332.000     9.0207   3.748567    35.1763      13963 0.0000e+00
    331.000     9.0205   3.748555    35.1768      14001 0.0000e+00
    330.000     9.0510   3.751837    35.1816      14024 0.0000e+00
    329.000     9.0615   3.752659    35.1803      14043 0.0000e+00
    328.000     9.0651   3.753038    35.1812      14061 0.0000e+00
    327.000     9.0739   3.753928    35.1822      14083 0.0000e+00
    326.000     9.0836   3.754879    35.1831      14116 0.0000e+00
    325.000     9.0910   3.755578    35.1836      14156 0.0000e+00
    324.000     9.1019   3.756766    35.1857      14182 0.0000e+00
    323.000     9.1193   3.758454    35.1866      14203 0.0000e+00
    322.000     9.1246   3.758992    35.1875      14223 0.0000e+00
    321.000     9.1386   3.760310    35.1880      14246 0.0000e+00
    320.000     9.1420   3.760638    35.1885      14272 0.0000e+00
    319.000     9.1540   3.761873    35.1901      14300 0.0000e+00
    318.000     9.1621   3.762606    35.1901      14329 0.0000e+00
    317.000     9.1585   3.762169    35.1896      14356 0.0000e+00
    316.000     9.1612   3.762489    35.1908      14382 0.0000e+00
    315.000     9.1722   3.763599    35.1920      14411 0.0000e+00
    314.000     9.1920   3.765614    35.1940      14439 0.0000e+00
    313.000     9.2041   3.766728    35.1941      14466 0.0000e+00
    312.000     9.2094   3.767395    35.1964      14489 0.0000e+00
    311.000     9.2311   3.769425    35.1967      14510 0.0000e+00
    310.000     9.2333   3.769606    35.1968      14531 0.0000e+00
    309.000     9.2337   3.769614    35.1970      14555 0.0000e+00
    308.000     9.2368   3.769932    35.1977      14589 0.0000e+00
    307.000     9.2437   3.770601    35.1984      14626 0.0000e+00
    306.000     9.2517   3.771351    35.1988      14653 0.0000e+00
    305.000     9.2538   3.771525    35.1990      14675 0.0000e+00
    304.000     9.2565   3.771788    35.1995      14696 0.0000e+00
    303.000     9.2681   3.772972    35.2009      14717 0.0000e+00
    302.000     9.2764   3.773716    35.2009      14741 0.0000e+00
    301.000     9.2781   3.773860    35.2012      14770 0.0000e+00
    300.000     9.2779   3.773792    35.2012      14802 0.0000e+00
    299.000     9.2808   3.774100    35.2021      14833 0.0000e+00
    298.000     9.2804   3.773973    35.2016      14858 0.0000e+00
    297.000     9.2865   3.774622    35.2028      14881 0.0000e+00
    296.000     9.2906   3.774950    35.2026      14903 0.0000e+00
    295.000     9.2919   3.775036    35.2027      14927 0.0000e+00
    294.000     9.2886   3.774683    35.2028      14955 0.0000e+00
    293.000     9.2991   3.775764    35.2042      14985 0.0000e+00
    292.000     9.3099   3.776854    35.2053      15011 0.0000e+00
    291.000     9.3476   3.780902    35.2108      15036 0.0000e+00
    290.000     9.4672   3.793218    35.2216      15060 0.0000e+00
    289.000     9.5152   3.797737    35.2217      15085 0.0000e+00
    288.000     9.5368   3.799810    35.2224      15111 0.0000e+00
    287.000     9.5430   3.800444    35.2234      15139 0.0000e+00
    286.000     9.5475   3.800913    35.2243      15165 0.0000e+00
    285.000     9.5499   3.801148    35.2249      15190 0.0000e+00
    284.000     9.5556   3.801720    35.2256      15213 0.0000e+00
    283.000     9.5762   3.804026    35.2297      15237 0.0000e+00
    282.000     9.5949   3.805506    35.2272      15264 0.0000e+00
    281.000     9.5882   3.804998    35.2290      15293 0.0000e+00
    280.000     9.6120   3.807488    35.2318      15322 0.0000e+00
    279.000     9.6188   3.808010    35.2310      15348 0.0000e+00
    278.000     9.6170   3.807810    35.2312      15371 0.0000e+00
    277.000     9.6225   3.808393    35.2323      15394 0.0000e+00
    276.000     9.6314   3.809236    35.2327      15417 0.0000e+00
    275.000     9.6438   3.810576    35.2349      15444 0.0000e+00
    274.000     9.6687   3.813011    35.2361      15474 0.0000e+00
    273.000     9.6789   3.813903    35.2358      15503 0.0000e+00
    272.000     9.6879   3.814905    35.2377      15528 0.0000e+00
    271.000     9.6996   3.816215    35.2403      15550 0.0000e+00
    270.000     9.7434   3.820624    35.2432      15573 0.0000e+00
    269.000     9.7340   3.819779    35.2442      15599 0.0000e+00
    268.000     9.8272   3.829296    35.2514      15631 0.0000e+00
    267.000     9.8535   3.832061    35.2546      15660 0.0000e+00
    266.000     9.8816   3.835009    35.2579      15683 0.0000e+00
    265.000     9.9837   3.846460    35.2761      15703 0.0000e+00
    264.000    10.1178   3.859938    35.2837      15724 0.0000e+00
    263.000    10.2436   3.873562    35.3005      15749 0.0000e+00
