PC2406/ctd008.cnv
* Sea-Bird SBE 9 Data File:
* FileName = C:\cruise\data\ctd008.hex
* Software Version Seasave V 7.26.7.121
* Temperature SN = 6650
* Conductivity SN = 6035
* Number of Bytes Per Scan = 37
* Number of Voltage Words = 4
* Number of Scans Averaged by the Deck Unit = 1
* NMEA Latitude = 35 59.83 N
* NMEA Longitude = 074 39.93 W
* NMEA UTC (Time) = Nov 07 2024 12:09:12
* NMEA baud rate = 4800
** Ship: Pisces
** Program:  Fall ECOMON
** Chief Scientist:Harvey Walsh
# nquan = 6
# nvalues = 999                         
# units = specified
# name 0 = depSM: Depth [salt water, m]
# name 1 = t090C: Temperature [ITS-90, deg C]
# name 2 = c0S/m: Conductivity [S/m]
# name 3 = sal00: Salinity, Practical [PSU]
# name 4 = scan: Scan Count
# name 5 = flag: flag
# span 0 =      1.000,    501.000       
# span 1 =     6.9511,    19.6325       
# span 2 =   3.550444,   4.709721       
# span 3 =    30.7114,    35.8192       
# span 4 =        181,      44406       
# span 5 = 0.0000e+00, 0.0000e+00       
# interval = meters: 1                  
# start_time = Nov 07 2024 12:09:12 [NMEA time, header]
# bad_flag = -9.990e-29
*END*
[from data line 717]
    282.000     9.3034   3.775946    35.2070      24600 0.0000e+00
    281.000     9.3142   3.776890    35.2067      24620 0.0000e+00
    280.000     9.3647   3.782281    35.2135      24640 0.0000e+00
    279.000     9.3953   3.785013    35.2123      24663 0.0000e+00
    278.000     9.4154   3.787142    35.2150      24696 0.0000e+00
    277.000     9.4423   3.789865    35.2173      24732 0.0000e+00
    276.000     9.4791   3.793904    35.2235      24756 0.0000e+00
    275.000     9.5957   3.806276    35.2376      24776 0.0000e+00
    274.000     9.7581   3.822801    35.2495      24798 0.0000e+00
    273.000     9.8307   3.829795    35.2509      24822 0.0000e+00
    272.000     9.8550   3.832421    35.2545      24853 0.0000e+00
    271.000     9.8717   3.834258    35.2575      24885 0.0000e+00
    270.000     9.8838   3.835528    35.2593      24910 0.0000e+00
    269.000     9.8913   3.836341    35.2607      24979 0.0000e+00
    268.000     9.8932   3.836602    35.2620      25066 0.0000e+00
    267.000     9.8973   3.837033    35.2629      25120 0.0000e+00
    266.000     9.9022   3.837537    35.2638      25167 0.0000e+00
    265.000     9.9056   3.837895    35.2645      25199 0.0000e+00
    264.000     9.9162   3.838956    35.2655      25238 0.0000e+00
    263.000     9.9264   3.839994    35.2667      25314 0.0000e+00
    262.000     9.9320   3.840584    35.2677      25345 0.0000e+00
    261.000     9.9581   3.843277    35.2704      25377 0.0000e+00
    260.000     9.9885   3.846348    35.2725      25452 0.0000e+00
    259.000    10.0023   3.847851    35.2750      25505 0.0000e+00
    258.000    10.0112   3.848721    35.2757      25530 0.0000e+00
    257.000    10.0188   3.849469    35.2763      25567 0.0000e+00
    256.000    10.0235   3.849941    35.2771      25654 0.0000e+00
    255.000    10.0271   3.850318    35.2779      25691 0.0000e+00
    254.000    10.0336   3.850961    35.2786      25720 0.0000e+00
    253.000    10.0444   3.852060    35.2798      25758 0.0000e+00
    252.000    10.0514   3.852769    35.2806      25830 0.0000e+00
    251.000    10.0533   3.852916    35.2808      25882 0.0000e+00
    250.000    10.0541   3.852977    35.2811      25917 0.0000e+00
    249.000    10.0557   3.853165    35.2819      26725 0.0000e+00
    248.000    10.0418   3.851684    35.2808      29651 0.0000e+00
    247.000    10.0507   3.852636    35.2823      29690 0.0000e+00
    246.000    10.0781   3.855477    35.2851      29714 0.0000e+00
    245.000    10.0906   3.856746    35.2863      29735 0.0000e+00
    244.000    10.1122   3.858962    35.2884      29754 0.0000e+00
    243.000    10.1387   3.861706    35.2910      29777 0.0000e+00
    242.000    10.1756   3.865556    35.2948      29814 0.0000e+00
    241.000    10.2127   3.869371    35.2980      29861 0.0000e+00
    240.000    10.2175   3.869852    35.2988      29884 0.0000e+00
    239.000    10.2228   3.870402    35.2996      29900 0.0000e+00
    238.000    10.2403   3.872247    35.3019      29915 0.0000e+00
    237.000    10.2639   3.874765    35.3050      29930 0.0000e+00
    236.000    10.3002   3.878514    35.3083      29948 0.0000e+00
    235.000    10.3464   3.883205    35.3116      29992 0.0000e+00
    234.000    10.4154   3.890628    35.3204      30045 0.0000e+00
    233.000    10.4256   3.891508    35.3198      30064 0.0000e+00
    232.000    10.4455   3.893616    35.3223      30081 0.0000e+00
    231.000    10.4595   3.895020    35.3234      30098 0.0000e+00
    230.000    10.4794   3.897084    35.3255      30117 0.0000e+00
    229.000    10.5155   3.900871    35.3293      30141 0.0000e+00
    228.000    10.5607   3.905569    35.3334      30174 0.0000e+00
    227.000    10.5540   3.904878    35.3334      30206 0.0000e+00
    226.000    10.5844   3.908178    35.3377      30234 0.0000e+00
    225.000    10.6306   3.913009    35.3422      30259 0.0000e+00
    224.000    10.6673   3.916831    35.3457      30285 0.0000e+00
    223.000    10.6860   3.918819    35.3481      30310 0.0000e+00
    222.000    10.6898   3.919220    35.3489      30335 0.0000e+00
    221.000    10.6926   3.919542    35.3499      30359 0.0000e+00
    220.000    10.7065   3.921006    35.3516      30383 0.0000e+00
    219.000    10.7130   3.921614    35.3519      30409 0.0000e+00
    218.000    10.7620   3.926957    35.3588      30437 0.0000e+00
    217.000    10.8367   3.934684    35.3647      30470 0.0000e+00
    216.000    10.8622   3.937251    35.3664      30500 0.0000e+00
    215.000    10.8905   3.940718    35.3743      30522 0.0000e+00
    214.000    11.0305   3.955555    35.3883      30542 0.0000e+00
    213.000    11.0935   3.962128    35.3937      30561 0.0000e+00
    212.000    11.1224   3.965383    35.3988      30586 0.0000e+00
    211.000    11.1607   3.970067    35.4092      30622 0.0000e+00
    210.000    11.2127   3.975159    35.4103      30652 0.0000e+00
    209.000    11.2499   3.979383    35.4171      30675 0.0000e+00
    208.000    11.3321   3.988200    35.4262      30696 0.0000e+00
    207.000    11.3698   3.992111    35.4293      30722 0.0000e+00
    206.000    11.3764   3.992885    35.4310      30752 0.0000e+00
    205.000    11.3713   3.992403    35.4317      30780 0.0000e+00
    204.000    11.4172   3.997571    35.4392      30803 0.0000e+00
    203.000    11.4504   4.000882    35.4407      30825 0.0000e+00
    202.000    11.4722   4.003282    35.4440      30850 0.0000e+00
    201.000    11.4883   4.005003    35.4460      30878 0.0000e+00
    200.000    11.5081   4.007283    35.4500      30907 0.0000e+00
    199.000    11.5440   4.011201    35.4548      30936 0.0000e+00
    198.000    11.5991   4.017150    35.4613      30964 0.0000e+00
    197.000    11.6701   4.025151    35.4727      30988 0.0000e+00
    196.000    11.7279   4.031372    35.4792      31010 0.0000e+00
    195.000    11.7987   4.039251    35.4894      31031 0.0000e+00
    194.000    11.8551   4.045183    35.4943      31055 0.0000e+00
    193.000    11.9162   4.051797    35.5013      31083 0.0000e+00
    192.000    11.9392   4.054291    35.5042      31114 0.0000e+00
    191.000    12.0017   4.061677    35.5174      31142 0.0000e+00
    190.000    12.0549   4.067065    35.5199      31167 0.0000e+00
    189.000    12.0939   4.071133    35.5229      31192 0.0000e+00
    188.000    12.1250   4.074342    35.5251      31220 0.0000e+00
    187.000    12.1625   4.078161    35.5271      31248 0.0000e+00
    186.000    12.1935   4.081063    35.5264      31271 0.0000e+00
    185.000    12.1986   4.081397    35.5252      31291 0.0000e+00
    184.000    12.2040   4.081903    35.5255      31312 0.0000e+00
    183.000    12.2073   4.081865    35.5223      31339 0.0000e+00
    182.000    12.2161   4.082750    35.5231      31378 0.0000e+00
    181.000    12.2185   4.082617    35.5200      31410 0.0000e+00
    180.000    12.2752   4.088617    35.5249      31432 0.0000e+00
    179.000    12.3329   4.094667    35.5294      31450 0.0000e+00
    178.000    12.3713   4.098858    35.5341      31468 0.0000e+00
    177.000    12.4015   4.102255    35.5388      31490 0.0000e+00
    176.000    12.4307   4.105556    35.5436      31522 0.0000e+00
    175.000    12.4509   4.108389    35.5523      31563 0.0000e+00
    174.000    12.5486   4.120034    35.5729      31590 0.0000e+00
    173.000    12.7332   4.141053    35.6015      31610 0.0000e+00
    172.000    12.8389   4.153130    35.6181      31628 0.0000e+00
    171.000    12.9442   4.165228    35.6353      31647 0.0000e+00
    170.000    13.1080   4.183253    35.6538      31673 0.0000e+00
    169.000    13.1341   4.185837    35.6543      31712 0.0000e+00
    168.000    13.2716   4.201795    35.6775      31749 0.0000e+00
    167.000    13.3554   4.211194    35.6886      31772 0.0000e+00
    166.000    13.4266   4.218589    35.6924      31791 0.0000e+00
    165.000    13.4465   4.220715    35.6944      31808 0.0000e+00
    164.000    13.4585   4.222018    35.6960      31825 0.0000e+00
    163.000    13.4560   4.221598    35.6947      31849 0.0000e+00
    162.000    13.4263   4.218893    35.6973      31890 0.0000e+00
    161.000    13.5245   4.229498    35.7062      31926 0.0000e+00
    160.000    13.5937   4.237075    35.7135      31949 0.0000e+00
    159.000    13.6574   4.242953    35.7098      31969 0.0000e+00
    158.000    13.6862   4.245586    35.7082      31990 0.0000e+00
    157.000    13.7034   4.247339    35.7090      32014 0.0000e+00
    156.000    13.7213   4.249113    35.7095      32041 0.0000e+00
    155.000    13.7264   4.249601    35.7097      32069 0.0000e+00
    154.000    13.7359   4.250401    35.7088      32096 0.0000e+00
    153.000    13.7589   4.251953    35.7023      32123 0.0000e+00
    152.000    13.7588   4.251036    35.6943      32151 0.0000e+00
    151.000    13.7430   4.248517    35.6857      32179 0.0000e+00
    150.000    13.7245   4.244937    35.6698      32203 0.0000e+00
    149.000    13.6883   4.239154    35.6495      32224 0.0000e+00
    148.000    13.7684   4.249011    35.6680      32245 0.0000e+00
    147.000    13.8589   4.258976    35.6778      32270 0.0000e+00
    146.000    13.8877   4.262551    35.6849      32301 0.0000e+00
    145.000    13.9262   4.267967    35.7003      32333 0.0000e+00
    144.000    14.0179   4.279421    35.7227      32357 0.0000e+00
    143.000    14.1343   4.292062    35.7331      32378 0.0000e+00
    142.000    14.1855   4.297399    35.7357      32401 0.0000e+00
    141.000    14.1907   4.297871    35.7357      32432 0.0000e+00
    140.000    14.1990   4.298809    35.7372      32464 0.0000e+00
    139.000    14.2364   4.303568    35.7472      32488 0.0000e+00
    138.000    14.2995   4.310151    35.7503      32508 0.0000e+00
    137.000    14.3307   4.313627    35.7542      32528 0.0000e+00
    136.000    14.3761   4.318482    35.7577      32554 0.0000e+00
    135.000    14.3983   4.320650    35.7576      32584 0.0000e+00
    134.000    14.3921   4.320012    35.7579      32613 0.0000e+00
    133.000    14.4176   4.322577    35.7586      32639 0.0000e+00
    132.000    14.4444   4.325043    35.7570      32665 0.0000e+00
    131.000    14.4482   4.325377    35.7571      32693 0.0000e+00
    130.000    14.4596   4.326752    35.7597      32719 0.0000e+00
    129.000    14.4961   4.330882    35.7646      32742 0.0000e+00
    128.000    14.5070   4.330716    35.7534      32763 0.0000e+00
    127.000    14.5652   4.337116    35.7593      32785 0.0000e+00
    126.000    14.6517   4.346341    35.7650      32811 0.0000e+00
    125.000    14.7740   4.359771    35.7765      32846 0.0000e+00
    124.000    14.8251   4.365915    35.7863      32879 0.0000e+00
    123.000    14.9630   4.381416    35.8023      32903 0.0000e+00
    122.000    15.0678   4.391534    35.7990      32924 0.0000e+00
    121.000    15.1249   4.396341    35.7910      32944 0.0000e+00
    120.000    15.1703   4.401470    35.7967      32967 0.0000e+00
    119.000    15.1857   4.402852    35.7957      32994 0.0000e+00
    118.000    15.1522   4.399323    35.7945      33023 0.0000e+00
    117.000    15.1488   4.398217    35.7880      33051 0.0000e+00
    116.000    15.1421   4.396638    35.7801      33078 0.0000e+00
    115.000    15.1315   4.394197    35.7679      33105 0.0000e+00
    114.000    15.1528   4.396608    35.7709      33133 0.0000e+00
    113.000    15.1791   4.399735    35.7757      33159 0.0000e+00
    112.000    15.1883   4.400050    35.7706      33180 0.0000e+00
    111.000    15.2368   4.405321    35.7747      33200 0.0000e+00
    110.000    15.3606   4.419232    35.7885      33220 0.0000e+00
    109.000    15.4465   4.427615    35.7867      33249 0.0000e+00
    108.000    15.4862   4.434487    35.8130      33292 0.0000e+00
    107.000    15.5624   4.441334    35.8061      33321 0.0000e+00
    106.000    15.6504   4.451274    35.8162      33341 0.0000e+00
    105.000    15.6772   4.453793    35.8149      33359 0.0000e+00
    104.000    15.7255   4.459095    35.8192      33378 0.0000e+00
    103.000    15.7506   4.458506    35.7916      33404 0.0000e+00
    102.000    15.7200   4.452188    35.7628      33442 0.0000e+00
    101.000    15.7155   4.450352    35.7508      33471 0.0000e+00
    100.000    15.7094   4.447498    35.7311      33493 0.0000e+00
     99.000    15.6714   4.439754    35.6961      33513 0.0000e+00
     98.000    15.6405   4.434816    35.6800      33536 0.0000e+00
     97.000    15.6164   4.429668    35.6558      33563 0.0000e+00
     96.000    15.5964   4.423626    35.6199      33593 0.0000e+00
     95.000    15.5623   4.416845    35.5899      33621 0.0000e+00
     94.000    15.5524   4.411510    35.5510      33646 0.0000e+00
     93.000    15.5773   4.413367    35.5458      33669 0.0000e+00
     92.000    15.6206   4.417691    35.5461      33694 0.0000e+00
     91.000    15.6447   4.419274    35.5390      33721 0.0000e+00
     90.000    15.6514   4.415558    35.4999      33749 0.0000e+00
     89.000    15.6574   4.411423    35.4577      33776 0.0000e+00
     88.000    15.6444   4.403070    35.3946      33799 0.0000e+00
     87.000    15.6407   4.400312    35.3735      33821 0.0000e+00
     86.000    15.6514   4.400176    35.3630      33845 0.0000e+00
     85.000    15.6720   4.400666    35.3493      33872 0.0000e+00
     84.000    15.7306   4.403671    35.3243      33904 0.0000e+00
     83.000    15.8015   4.410181    35.3197      33934 0.0000e+00
     82.000    15.8204   4.411851    35.3182      33957 0.0000e+00
     81.000    15.8527   4.415147    35.3193      33977 0.0000e+00
     80.000    15.8568   4.414884    35.3137      33998 0.0000e+00
     79.000    15.8679   4.416056    35.3146      34022 0.0000e+00
     78.000    15.8817   4.415494    35.2977      34054 0.0000e+00
     77.000    15.7242   4.377729    35.0997      34086 0.0000e+00
     76.000    15.6566   4.363113    35.0290      34109 0.0000e+00
     75.000    15.5416   4.341909    34.9407      34128 0.0000e+00
     74.000    15.2710   4.301003    34.8118      34148 0.0000e+00
     73.000    14.6618   4.206770    34.4941      34172 0.0000e+00
     72.000    14.2790   4.151272    34.3245      34205 0.0000e+00
     71.000    14.1418   4.131409    34.2632      34239 0.0000e+00
     70.000    14.1127   4.127270    34.2511      34263 0.0000e+00
     69.000    14.0864   4.123558    34.2405      34283 0.0000e+00
     68.000    14.0435   4.117211    34.2201      34304 0.0000e+00
     67.000    14.0234   4.113744    34.2062      34325 0.0000e+00
     66.000    14.0368   4.114108    34.1981      34348 0.0000e+00
     65.000    14.1394   4.123315    34.1928      34373 0.0000e+00
     64.000    14.2076   4.129388    34.1889      34403 0.0000e+00
     63.000    14.2153   4.129815    34.1865      34438 0.0000e+00
     62.000    14.2193   4.130297    34.1877      34468 0.0000e+00
     61.000    14.3302   4.143681    34.2135      34489 0.0000e+00
     60.000    14.5145   4.163347    34.2321      34508 0.0000e+00
     59.000    14.9138   4.207916    34.2882      34526 0.0000e+00
     58.000    15.2890   4.246375    34.3083      34546 0.0000e+00
     57.000    15.6347   4.283915    34.3451      34641 0.0000e+00
     56.000    16.0824   4.338564    34.4433      34703 0.0000e+00
     55.000    16.8679   4.421132    34.4930      34731 0.0000e+00
     54.000    17.0754   4.439661    34.4770      34763 0.0000e+00
     53.000    17.8152   4.521625    34.5539      34795 0.0000e+00
     52.000    18.2507   4.564302    34.5498      34826 0.0000e+00
     51.000    18.2874   4.567841    34.5493      34857 0.0000e+00
     50.000    18.4060   4.582614    34.5748      34887 0.0000e+00
     49.000    18.9440   4.645507    34.6523      34914 0.0000e+00
     48.000    19.3488   4.664896    34.4772      34937 0.0000e+00
     47.000    19.0022   4.605401    34.2698      34959 0.0000e+00
     46.000    18.6393   4.549916    34.1058      34980 0.0000e+00
     45.000    18.1689   4.479426    33.9011      35003 0.0000e+00
