PC2406/ctd003.cnv
* Sea-Bird SBE 9 Data File:
* FileName = C:\cruise\data\ctd003.hex
* Software Version Seasave V 7.26.7.121
* Temperature SN = 6650
* Conductivity SN = 6035
* Number of Bytes Per Scan = 37
* Number of Voltage Words = 4
* Number of Scans Averaged by the Deck Unit = 1
* NMEA Latitude = 40 02.65 N
* NMEA Longitude = 070 36.40 W
* NMEA UTC (Time) = Oct 28 2024 15:06:20
* NMEA baud rate = 4800
** Ship: Pisces
** Program:  Fall ECOMON
** Chief Scientist:Harvey Walsh
# nquan = 6
# nvalues = 290                         
# units = specified
# name 0 = depSM: Depth [salt water, m]
# name 1 = t090C: Temperature [ITS-90, deg C]
# name 2 = c0S/m: Conductivity [S/m]
# name 3 = sal00: Salinity, Practical [PSU]
# name 4 = scan: Scan Count
# name 5 = flag: flag
# span 0 =      1.000,    146.000       
# span 1 =    13.5488,    21.3106       
# span 2 =   4.181735,   4.934343       
# span 3 =    34.1316,    35.8901       
# span 4 =       -514,      22121       
# span 5 = 0.0000e+00, 0.0000e+00       
# interval = meters: 1                  
# start_time = Oct 28 2024 15:06:20 [NMEA time, header]
# bad_flag = -9.990e-29
*END*
[from data line 239]
     51.000    19.9759   4.778339    34.8913      14465 0.0000e+00
     50.000    20.2281   4.806388    34.9119      14490 0.0000e+00
     49.000    20.5042   4.839440    34.9527      14515 0.0000e+00
     48.000    20.7704   4.870314    34.9834      14548 0.0000e+00
     47.000    20.8456   4.879733    34.9979      14589 0.0000e+00
     46.000    20.9238   4.889177    35.0100      14624 0.0000e+00
     45.000    20.9490   4.892431    35.0158      14655 0.0000e+00
     44.000    20.9678   4.894836    35.0200      14687 0.0000e+00
     43.000    21.0074   4.899963    35.0290      14720 0.0000e+00
     42.000    21.0443   4.904236    35.0333      14752 0.0000e+00
     41.000    21.0951   4.910130    35.0392      14783 0.0000e+00
     40.000    21.1530   4.916780    35.0454      14815 0.0000e+00
     39.000    21.2073   4.923452    35.0547      14844 0.0000e+00
     38.000    21.2912   4.932862    35.0614      14871 0.0000e+00
     37.000    21.3100   4.934343    35.0583      14905 0.0000e+00
     36.000    21.3106   4.933989    35.0553      14955 0.0000e+00
     35.000    21.3047   4.933043    35.0529      15024 0.0000e+00
     34.000    21.2881   4.930137    35.0437      15060 0.0000e+00
     33.000    21.2460   4.923773    35.0276      15158 0.0000e+00
     32.000    21.1079   4.902383    34.9698      15252 0.0000e+00
     31.000    20.9397   4.877109    34.9051      15294 0.0000e+00
     30.000    20.8414   4.862168    34.8658      15387 0.0000e+00
     29.000    20.6453   4.832215    34.7854      15480 0.0000e+00
     28.000    20.5314   4.815287    34.7421      15535 0.0000e+00
     27.000    20.5245   4.813924    34.7371      15604 0.0000e+00
     26.000    20.4683   4.804528    34.7075      15699 0.0000e+00
     25.000    20.1474   4.757142    34.5858      17304 0.0000e+00
     24.000    20.1123   4.751535    34.5692      18889 0.0000e+00
     23.000    20.0619   4.743564    34.5459      18930 0.0000e+00
     22.000    20.0269   4.737696    34.5270      18978 0.0000e+00
     21.000    20.0052   4.734211    34.5167      19028 0.0000e+00
     20.000    19.9705   4.728798    34.5012      19076 0.0000e+00
     19.000    19.9573   4.726885    34.4968      19112 0.0000e+00
     18.000    19.9514   4.725838    34.4934      19145 0.0000e+00
     17.000    19.9479   4.725156    34.4910      19190 0.0000e+00
     16.000    19.5312   4.663873    34.3297      19253 0.0000e+00
     15.000    19.1244   4.605593    34.1823      19303 0.0000e+00
     14.000    19.0721   4.598290    34.1650      19348 0.0000e+00
     13.000    19.0810   4.599135    34.1650      19403 0.0000e+00
     12.000    19.0632   4.596476    34.1579      19457 0.0000e+00
     11.000    19.0512   4.594680    34.1532      19502 0.0000e+00
     10.000    19.0361   4.592084    34.1443      20766 0.0000e+00
      9.000    19.0364   4.592159    34.1451      21714 0.0000e+00
      8.000    19.0477   4.593263    34.1454      21796 0.0000e+00
      7.000    19.0330   4.591155    34.1403      21847 0.0000e+00
      6.000    19.0252   4.590053    34.1379      21887 0.0000e+00
      5.000    19.0220   4.589540    34.1366      21935 0.0000e+00
      4.000    19.0225   4.589625    34.1373      21978 0.0000e+00
      3.000    19.0231   4.589817    34.1388      22018 0.0000e+00
      2.000    19.0133   4.588286    34.1344      22059 0.0000e+00
      1.000    19.0050   4.587087    34.1316      22121 0.0000e+00
