PC2406/ctd014.cnv
* Sea-Bird SBE 9 Data File:
* FileName = C:\cruise\data\ctd014.hex
* Software Version Seasave V 7.26.7.121
* Temperature SN = 6650
* Conductivity SN = 6035
* Number of Bytes Per Scan = 37
* Number of Voltage Words = 4
* Number of Scans Averaged by the Deck Unit = 1
* NMEA Latitude = 39 03.60 N
* NMEA Longitude = 072 43.81 W
* NMEA UTC (Time) = Nov 10 2024 05:07:44
* NMEA baud rate = 4800
** Ship: Pisces
** Program:  Fall ECOMON
** Chief Scientist:Harvey Walsh
# nquan = 6
# nvalues = 437                         
# units = specified
# name 0 = depSM: Depth [salt water, m]
# name 1 = t090C: Temperature [ITS-90, deg C]
# name 2 = c0S/m: Conductivity [S/m]
# name 3 = sal00: Salinity, Practical [PSU]
# name 4 = scan: Scan Count
# name 5 = flag: flag
# span 0 =      1.000,    220.000       
# span 1 =    12.7789,    19.4633       
# span 2 =   4.150664,   4.722418       
# span 3 =    34.8035,    36.3612       
# span 4 =       -310,      27490       
# span 5 = 0.0000e+00, 0.0000e+00       
# interval = meters: 1                  
# start_time = Nov 10 2024 05:07:44 [NMEA time, header]
# bad_flag = -9.990e-29
*END*
      3.000    19.4280   4.710456    34.8055       -310 0.0000e+00
      4.000    19.4374   4.711366    34.8047        558 0.0000e+00
      5.000    19.4408   4.711707    34.8044        563 0.0000e+00
      6.000    19.4437   4.712100    34.8049        590 0.0000e+00
      7.000    19.4441   4.712116    34.8043        612 0.0000e+00
      8.000    19.4417   4.711861    34.8038        632 0.0000e+00
      9.000    19.4420   4.711972    34.8041        659 0.0000e+00
     10.000    19.4427   4.712095    34.8042        695 0.0000e+00
     11.000    19.4439   4.712325    34.8048        725 0.0000e+00
     12.000    19.4445   4.712448    34.8049        748 0.0000e+00
     13.000    19.4437   4.712286    34.8038        769 0.0000e+00
     14.000    19.4436   4.712363    34.8042        793 0.0000e+00
     15.000    19.4442   4.712469    34.8042        824 0.0000e+00
     16.000    19.4447   4.712528    34.8039        856 0.0000e+00
     17.000    19.4459   4.712834    34.8051        883 0.0000e+00
     18.000    19.4443   4.712594    34.8041        908 0.0000e+00
     19.000    19.4441   4.712563    34.8036        934 0.0000e+00
     20.000    19.4426   4.712553    34.8044        962 0.0000e+00
     21.000    19.4424   4.712503    34.8039        990 0.0000e+00
     22.000    19.4426   4.712596    34.8041       1017 0.0000e+00
     23.000    19.4441   4.712754    34.8037       1041 0.0000e+00
     24.000    19.4434   4.712750    34.8039       1065 0.0000e+00
     25.000    19.4434   4.712745    34.8035       1095 0.0000e+00
     26.000    19.4443   4.712911    34.8038       1126 0.0000e+00
     27.000    19.4441   4.712952    34.8039       1152 0.0000e+00
     28.000    19.4440   4.712964    34.8038       1177 0.0000e+00
     29.000    19.4430   4.712908    34.8037       1205 0.0000e+00
     30.000    19.4436   4.713000    34.8037       1233 0.0000e+00
     31.000    19.4435   4.713034    34.8037       1258 0.0000e+00
     32.000    19.4428   4.713032    34.8039       1290 0.0000e+00
     33.000    19.4405   4.713030    34.8054       1429 0.0000e+00
     34.000    19.4387   4.713058    34.8068       1507 0.0000e+00
     35.000    19.4452   4.713567    34.8052       1528 0.0000e+00
     36.000    19.4464   4.713628    34.8043       1550 0.0000e+00
     37.000    19.4470   4.713757    34.8045       1576 0.0000e+00
     38.000    19.4475   4.713820    34.8043       1614 0.0000e+00
     39.000    19.4470   4.713903    34.8050       1653 0.0000e+00
     40.000    19.4300   4.713169    34.8128       1675 0.0000e+00
     41.000    19.4177   4.712668    34.8186       1693 0.0000e+00
     42.000    19.4152   4.712707    34.8206       1712 0.0000e+00
     43.000    19.3933   4.711509    34.8286       1740 0.0000e+00
     44.000    19.3264   4.708307    34.8576       1781 0.0000e+00
     45.000    19.2117   4.701253    34.8948       1811 0.0000e+00
     46.000    19.0491   4.690115    34.9383       1834 0.0000e+00
     47.000    18.8868   4.677929    34.9729       1855 0.0000e+00
     48.000    18.7392   4.666772    35.0038       1876 0.0000e+00
     49.000    18.2955   4.632607    35.0929       1902 0.0000e+00
     50.000    17.7670   4.596373    35.2377       1935 0.0000e+00
     51.000    17.4957   4.572991    35.2713       1967 0.0000e+00
     52.000    17.1532   4.541939    35.3006       1992 0.0000e+00
     53.000    17.0827   4.538166    35.3291       2014 0.0000e+00
     54.000    17.0204   4.533200    35.3400       2039 0.0000e+00
     55.000    16.9666   4.529693    35.3563       2066 0.0000e+00
     56.000    16.9199   4.525845    35.3632       2093 0.0000e+00
     57.000    16.9240   4.534303    35.4333       2119 0.0000e+00
     58.000    17.0448   4.560435    35.5550       2147 0.0000e+00
     59.000    17.1303   4.578102    35.6333       2177 0.0000e+00
     60.000    17.3328   4.625056    35.8622       2206 0.0000e+00
     61.000    17.6797   4.683819    36.0638       2232 0.0000e+00
     62.000    17.7318   4.692967    36.0961       2257 0.0000e+00
     63.000    17.8083   4.706836    36.1475       2281 0.0000e+00
     64.000    17.8356   4.715099    36.1940       2303 0.0000e+00
     65.000    17.8353   4.721584    36.2498       2326 0.0000e+00
     66.000    17.7753   4.716467    36.2587       2354 0.0000e+00
     67.000    17.7922   4.721387    36.2857       2388 0.0000e+00
     68.000    17.7558   4.716690    36.2773       2422 0.0000e+00
     69.000    17.6921   4.709425    36.2710       2448 0.0000e+00
     70.000    17.6749   4.713872    36.3244       2471 0.0000e+00
     71.000    17.7183   4.722418    36.3591       2494 0.0000e+00
     72.000    17.6733   4.718053    36.3612       2518 0.0000e+00
     73.000    17.6128   4.711090    36.3548       2543 0.0000e+00
     74.000    17.5701   4.706223    36.3505       2570 0.0000e+00
     75.000    17.5378   4.702224    36.3443       2600 0.0000e+00
     76.000    17.4236   4.688285    36.3253       2630 0.0000e+00
     77.000    17.3376   4.678494    36.3170       2656 0.0000e+00
     78.000    17.2704   4.670412    36.3065       2680 0.0000e+00
     79.000    17.2445   4.668875    36.3160       2705 0.0000e+00
     80.000    17.2448   4.669054    36.3169       2733 0.0000e+00
     81.000    17.2368   4.668104    36.3154       2762 0.0000e+00
     82.000    17.2230   4.666485    36.3133       2788 0.0000e+00
     83.000    17.1983   4.663453    36.3087       2813 0.0000e+00
     84.000    17.1482   4.657454    36.3009       2840 0.0000e+00
     85.000    17.0920   4.650767    36.2926       2869 0.0000e+00
     86.000    17.0607   4.646967    36.2871       2899 0.0000e+00
     87.000    17.0358   4.643881    36.2822       2928 0.0000e+00
     88.000    17.0125   4.640999    36.2775       2953 0.0000e+00
     89.000    16.9340   4.631284    36.2626       2976 0.0000e+00
     90.000    16.8744   4.624330    36.2549       3001 0.0000e+00
     91.000    16.8430   4.620204    36.2466       3028 0.0000e+00
     92.000    16.7696   4.611237    36.2336       3053 0.0000e+00
     93.000    16.6383   4.595901    36.2166       3082 0.0000e+00
     94.000    16.5835   4.590181    36.2152       3122 0.0000e+00
     95.000    16.5899   4.591307    36.2190       3151 0.0000e+00
     96.000    16.5956   4.592363    36.2228       3170 0.0000e+00
     97.000    16.5859   4.591555    36.2240       3187 0.0000e+00
     98.000    16.5794   4.590938    36.2240       3207 0.0000e+00
     99.000    16.5772   4.590716    36.2237       3249 0.0000e+00
    100.000    16.5670   4.589462    36.2214       3287 0.0000e+00
    101.000    16.4703   4.577666    36.2042       3307 0.0000e+00
    102.000    16.3891   4.568221    36.1936       3323 0.0000e+00
    103.000    16.3389   4.562048    36.1839       3342 0.0000e+00
    104.000    16.2954   4.556975    36.1779       3376 0.0000e+00
    105.000    16.2570   4.552081    36.1688       3424 0.0000e+00
    106.000    16.2213   4.548220    36.1664       3446 0.0000e+00
    107.000    16.1939   4.544818    36.1606       3464 0.0000e+00
    108.000    16.1492   4.539563    36.1540       3484 0.0000e+00
    109.000    16.1244   4.536338    36.1474       3513 0.0000e+00
    110.000    16.0676   4.528811    36.1314       3547 0.0000e+00
    111.000    16.0280   4.523727    36.1216       3575 0.0000e+00
    112.000    16.0156   4.522151    36.1184       3598 0.0000e+00
    113.000    15.9942   4.519228    36.1113       3620 0.0000e+00
    114.000    15.9587   4.514685    36.1025       3646 0.0000e+00
    115.000    15.8980   4.507043    36.0889       3682 0.0000e+00
    116.000    15.8145   4.497088    36.0752       3716 0.0000e+00
    117.000    15.7464   4.488732    36.0617       3738 0.0000e+00
    118.000    15.6598   4.477949    36.0433       3757 0.0000e+00
    119.000    15.5674   4.466477    36.0238       3778 0.0000e+00
    120.000    15.3188   4.434956    35.9653       3808 0.0000e+00
    121.000    14.9626   4.392989    35.9093       3841 0.0000e+00
    122.000    14.8193   4.377899    35.9026       3866 0.0000e+00
    123.000    14.8160   4.377442    35.9011       3889 0.0000e+00
    124.000    14.8117   4.376964    35.9002       3916 0.0000e+00
    125.000    14.8102   4.377025    35.9017       3951 0.0000e+00
    126.000    14.8162   4.377765    35.9026       3981 0.0000e+00
    127.000    14.8195   4.378238    35.9034       4004 0.0000e+00
    128.000    14.8296   4.379584    35.9060       4026 0.0000e+00
    129.000    14.8348   4.380267    35.9071       4049 0.0000e+00
    130.000    14.8502   4.382347    35.9117       4075 0.0000e+00
    131.000    14.8676   4.384766    35.9174       4102 0.0000e+00
    132.000    14.9180   4.391698    35.9341       4128 0.0000e+00
    133.000    14.9243   4.392747    35.9374       4157 0.0000e+00
    134.000    14.9376   4.394894    35.9444       4191 0.0000e+00
    135.000    14.9379   4.394976    35.9445       4219 0.0000e+00
    136.000    14.9193   4.392713    35.9405       4240 0.0000e+00
    137.000    14.9245   4.393705    35.9444       4259 0.0000e+00
    138.000    14.9534   4.397658    35.9536       4282 0.0000e+00
    139.000    14.9895   4.402621    35.9653       4312 0.0000e+00
    140.000    14.9994   4.403917    35.9676       4345 0.0000e+00
    141.000    14.9995   4.403984    35.9678       4374 0.0000e+00
    142.000    15.0051   4.404974    35.9712       4399 0.0000e+00
    143.000    15.0127   4.406354    35.9765       4422 0.0000e+00
    144.000    15.0038   4.405479    35.9762       4444 0.0000e+00
    145.000    14.9857   4.403365    35.9731       4470 0.0000e+00
    146.000    14.9554   4.399823    35.9682       4499 0.0000e+00
    147.000    14.9455   4.398686    35.9665       4528 0.0000e+00
    148.000    14.9319   4.397235    35.9653       4553 0.0000e+00
    149.000    14.9257   4.396707    35.9658       4576 0.0000e+00
    150.000    14.9113   4.395087    35.9638       4600 0.0000e+00
    151.000    14.8870   4.392275    35.9600       4633 0.0000e+00
    152.000    14.8632   4.389544    35.9565       4671 0.0000e+00
    153.000    14.8286   4.385618    35.9520       4693 0.0000e+00
    154.000    14.8062   4.383071    35.9489       4710 0.0000e+00
    155.000    14.7672   4.378582    35.9432       4726 0.0000e+00
    156.000    14.7526   4.376987    35.9416       4747 0.0000e+00
    157.000    14.7481   4.376405    35.9400       4789 0.0000e+00
    158.000    14.7301   4.374244    35.9364       4828 0.0000e+00
    159.000    14.7238   4.373671    35.9365       4849 0.0000e+00
    160.000    14.7370   4.375160    35.9376       4869 0.0000e+00
    161.000    14.7359   4.375063    35.9373       4889 0.0000e+00
    162.000    14.7372   4.375211    35.9370       4912 0.0000e+00
    163.000    14.7031   4.371133    35.9305       4941 0.0000e+00
    164.000    14.7037   4.371254    35.9306       4977 0.0000e+00
    165.000    14.7033   4.371231    35.9304       5005 0.0000e+00
    166.000    14.6999   4.370713    35.9284       5026 0.0000e+00
    167.000    14.6687   4.367121    35.9237       5045 0.0000e+00
    168.000    14.6594   4.366150    35.9229       5066 0.0000e+00
    169.000    14.6731   4.367769    35.9247       5094 0.0000e+00
    170.000    14.6730   4.367701    35.9238       5132 0.0000e+00
    171.000    14.6608   4.366300    35.9217       5164 0.0000e+00
    172.000    14.6527   4.365398    35.9205       5187 0.0000e+00
    173.000    14.6536   4.365516    35.9204       5209 0.0000e+00
    174.000    14.6460   4.364646    35.9190       5232 0.0000e+00
    175.000    14.6349   4.363277    35.9161       5256 0.0000e+00
    176.000    14.5386   4.352057    35.9013       5280 0.0000e+00
    177.000    14.5254   4.350679    35.9003       5305 0.0000e+00
    178.000    14.5123   4.349087    35.8973       5337 0.0000e+00
    179.000    14.5054   4.348308    35.8961       5374 0.0000e+00
    180.000    14.5057   4.348333    35.8957       5399 0.0000e+00
    181.000    14.5028   4.348007    35.8949       5418 0.0000e+00
    182.000    14.5011   4.347872    35.8948       5437 0.0000e+00
    183.000    14.4852   4.345985    35.8917       5459 0.0000e+00
    184.000    14.4716   4.344492    35.8900       5487 0.0000e+00
    185.000    14.4628   4.343406    35.8877       5519 0.0000e+00
    186.000    14.4076   4.337018    35.8792       5549 0.0000e+00
    187.000    14.4011   4.336353    35.8787       5576 0.0000e+00
    188.000    14.3881   4.334794    35.8759       5601 0.0000e+00
    189.000    14.3524   4.330717    35.8708       5627 0.0000e+00
    190.000    14.3359   4.328836    35.8682       5655 0.0000e+00
    191.000    14.2949   4.324073    35.8616       5682 0.0000e+00
    192.000    14.2588   4.319695    35.8540       5729 0.0000e+00
    193.000    14.1542   4.307865    35.8407       5786 0.0000e+00
    194.000    14.1085   4.302738    35.8349       5822 0.0000e+00
    195.000    14.0966   4.301396    35.8331       5841 0.0000e+00
    196.000    14.0899   4.300634    35.8318       5858 0.0000e+00
    197.000    14.0753   4.298930    35.8290       5877 0.0000e+00
    198.000    14.0597   4.297164    35.8266       5916 0.0000e+00
    199.000    14.0391   4.294780    35.8231       5963 0.0000e+00
    200.000    14.0401   4.294947    35.8233       5985 0.0000e+00
    201.000    14.0446   4.295486    35.8237       6002 0.0000e+00
    202.000    14.0230   4.292931    35.8195       6022 0.0000e+00
    203.000    13.9827   4.288259    35.8130       6052 0.0000e+00
    204.000    13.9434   4.283824    35.8076       6089 0.0000e+00
    205.000    13.8954   4.278240    35.7997       6117 0.0000e+00
    206.000    13.8811   4.276606    35.7973       6140 0.0000e+00
    207.000    13.8313   4.270721    35.7881       6162 0.0000e+00
    208.000    13.7600   4.262489    35.7769       6185 0.0000e+00
    209.000    13.5576   4.238726    35.7417       6212 0.0000e+00
    210.000    13.2801   4.207440    35.7051       6247 0.0000e+00
    211.000    13.0793   4.184938    35.6791       6277 0.0000e+00
    212.000    12.9733   4.173147    35.6658       6301 0.0000e+00
    213.000    12.9444   4.169813    35.6607       6325 0.0000e+00
    214.000    12.9065   4.165241    35.6523       6353 0.0000e+00
    215.000    12.8483   4.158686    35.6439       6388 0.0000e+00
    216.000    12.8387   4.157682    35.6428       6417 0.0000e+00
    217.000    12.8383   4.157282    35.6389       6478 0.0000e+00
    218.000    12.7881   4.151633    35.6317       6569 0.0000e+00
    219.000    12.7789   4.150664    35.6306       6633 0.0000e+00
    220.000    12.7988   4.152502    35.6290       7107 0.0000e+00
    219.000    12.8444   4.157328    35.6327       9622 0.0000e+00
    218.000    12.8509   4.158320    35.6366       9460 0.0000e+00
    217.000    12.8860   4.162134    35.6404       9500 0.0000e+00
    216.000    12.9050   4.164299    35.6437       9527 0.0000e+00
    215.000    12.9207   4.166252    35.6481       9549 0.0000e+00
    214.000    12.9749   4.172201    35.6544       9572 0.0000e+00
    213.000    13.0351   4.178904    35.6623       9599 0.0000e+00
    212.000    13.0951   4.185727    35.6713       9630 0.0000e+00
    211.000    13.0898   4.184649    35.6665       9655 0.0000e+00
    210.000    13.2627   4.206660    35.7140       9678 0.0000e+00
    209.000    13.4847   4.230719    35.7343       9702 0.0000e+00
    208.000    13.6702   4.251422    35.7566       9728 0.0000e+00
    207.000    13.7284   4.257824    35.7629       9754 0.0000e+00
    206.000    13.7752   4.263917    35.7769       9779 0.0000e+00
    205.000    13.8636   4.273795    35.7877       9805 0.0000e+00
    204.000    13.9092   4.278683    35.7913       9833 0.0000e+00
    203.000    13.9479   4.283438    35.8002       9864 0.0000e+00
    202.000    13.9791   4.287303    35.8078       9892 0.0000e+00
    201.000    14.0033   4.290580    35.8163       9913 0.0000e+00
    200.000    14.0599   4.296438    35.8188       9932 0.0000e+00
