PC2406/ctd013.cnv
* Sea-Bird SBE 9 Data File:
* FileName = C:\cruise\data\ctd013.hex
* Software Version Seasave V 7.26.7.121
* Temperature SN = 6650
* Conductivity SN = 6035
* Number of Bytes Per Scan = 37
* Number of Voltage Words = 4
* Number of Scans Averaged by the Deck Unit = 1
* NMEA Latitude = 39 01.31 N
* NMEA Longitude = 072 35.55 W
* NMEA UTC (Time) = Nov 10 2024 03:21:10
* NMEA baud rate = 4800
** Ship: Pisces
** Program:  Fall ECOMON
** Chief Scientist:Harvey Walsh
# nquan = 6
# nvalues = 995                         
# units = specified
# name 0 = depSM: Depth [salt water, m]
# name 1 = t090C: Temperature [ITS-90, deg C]
# name 2 = c0S/m: Conductivity [S/m]
# name 3 = sal00: Salinity, Practical [PSU]
# name 4 = scan: Scan Count
# name 5 = flag: flag
# span 0 =      1.000,    499.000       
# span 1 =     5.1509,    20.1081       
# span 2 =   3.381446,   4.825688       
# span 3 =    34.7367,    36.0491       
# span 4 =        298,      44747       
# span 5 = 0.0000e+00, 0.0000e+00       
# interval = meters: 1                  
# start_time = Nov 10 2024 03:21:10 [NMEA time, header]
# bad_flag = -9.990e-29
*END*
[from data line 717]
    278.000     9.9405   3.841942    35.2659      26441 0.0000e+00
    277.000     9.9839   3.846176    35.2674      26463 0.0000e+00
    276.000     9.9931   3.847083    35.2682      26484 0.0000e+00
    275.000    10.0008   3.847923    35.2697      26510 0.0000e+00
    274.000    10.0155   3.849474    35.2718      26544 0.0000e+00
    273.000    10.0291   3.850902    35.2735      26573 0.0000e+00
    272.000    10.0471   3.852866    35.2766      26597 0.0000e+00
    271.000    10.0670   3.854914    35.2785      26622 0.0000e+00
    270.000    10.0724   3.855412    35.2788      26648 0.0000e+00
    269.000    10.0806   3.856313    35.2805      26675 0.0000e+00
    268.000    10.1021   3.858722    35.2846      26700 0.0000e+00
    267.000    10.1319   3.861660    35.2860      26723 0.0000e+00
    266.000    10.1521   3.863784    35.2885      26747 0.0000e+00
    265.000    10.1712   3.865730    35.2902      26778 0.0000e+00
    264.000    10.2058   3.869460    35.2950      26817 0.0000e+00
    263.000    10.2541   3.874532    35.3002      26845 0.0000e+00
    262.000    10.2818   3.877366    35.3025      26864 0.0000e+00
    261.000    10.2978   3.879057    35.3046      26882 0.0000e+00
    260.000    10.3395   3.883686    35.3115      26900 0.0000e+00
    259.000    10.4089   3.890909    35.3180      26924 0.0000e+00
    258.000    10.5033   3.900783    35.3268      26980 0.0000e+00
    257.000    10.5534   3.906036    35.3319      27032 0.0000e+00
    256.000    10.5735   3.908245    35.3352      27085 0.0000e+00
    255.000    10.6068   3.911905    35.3403      27193 0.0000e+00
    254.000    10.6387   3.915425    35.3454      27297 0.0000e+00
    253.000    10.6585   3.917546    35.3481      27383 0.0000e+00
    252.000    10.6790   3.919796    35.3514      27494 0.0000e+00
    251.000    10.6960   3.921840    35.3560      29243 0.0000e+00
    250.000    10.7370   3.926204    35.3608      30342 0.0000e+00
    249.000    10.7851   3.931947    35.3725      30380 0.0000e+00
    248.000    10.9487   3.949796    35.3940      30406 0.0000e+00
    247.000    11.0420   3.958974    35.3964      30431 0.0000e+00
    246.000    11.0624   3.961203    35.3995      30455 0.0000e+00
    245.000    11.0778   3.962847    35.4015      30479 0.0000e+00
    244.000    11.0931   3.964507    35.4038      30506 0.0000e+00
    243.000    11.1237   3.967901    35.4086      30533 0.0000e+00
    242.000    11.1602   3.971723    35.4121      30561 0.0000e+00
    241.000    11.1925   3.975486    35.4189      30587 0.0000e+00
    240.000    11.2626   3.983031    35.4272      30611 0.0000e+00
    239.000    11.3590   3.993568    35.4397      30633 0.0000e+00
    238.000    11.4145   3.999154    35.4422      30657 0.0000e+00
    237.000    11.4352   4.001337    35.4445      30688 0.0000e+00
    236.000    11.4434   4.002221    35.4458      30717 0.0000e+00
    235.000    11.4458   4.002492    35.4466      30739 0.0000e+00
    234.000    11.4594   4.003930    35.4483      30760 0.0000e+00
    233.000    11.4598   4.003935    35.4484      30786 0.0000e+00
    232.000    11.4735   4.005462    35.4509      30816 0.0000e+00
    231.000    11.4814   4.006270    35.4517      30840 0.0000e+00
    230.000    11.4896   4.007180    35.4533      30861 0.0000e+00
    229.000    11.4944   4.007666    35.4539      30885 0.0000e+00
    228.000    11.4839   4.006709    35.4550      30925 0.0000e+00
    227.000    11.5181   4.010259    35.4578      30956 0.0000e+00
    226.000    11.5361   4.012190    35.4600      30974 0.0000e+00
    225.000    11.5595   4.014657    35.4625      30990 0.0000e+00
    224.000    11.5824   4.017054    35.4647      31007 0.0000e+00
    223.000    11.5812   4.017007    35.4658      31036 0.0000e+00
    222.000    11.6134   4.020265    35.4676      31081 0.0000e+00
    221.000    11.6217   4.021199    35.4693      31104 0.0000e+00
    220.000    11.6455   4.023700    35.4717      31123 0.0000e+00
    219.000    11.6544   4.024612    35.4726      31144 0.0000e+00
    218.000    11.6692   4.026206    35.4746      31174 0.0000e+00
    217.000    11.7965   4.040886    35.4977      31205 0.0000e+00
    216.000    11.9311   4.055048    35.5087      31228 0.0000e+00
    215.000    11.9700   4.058773    35.5086      31250 0.0000e+00
    214.000    11.9751   4.059426    35.5105      31276 0.0000e+00
    213.000    11.9825   4.060208    35.5116      31309 0.0000e+00
    212.000    11.9850   4.060552    35.5130      31337 0.0000e+00
    211.000    11.9948   4.061707    35.5154      31358 0.0000e+00
    210.000    12.0248   4.065338    35.5227      31377 0.0000e+00
    209.000    12.1256   4.076730    35.5385      31402 0.0000e+00
    208.000    12.2003   4.084975    35.5482      31437 0.0000e+00
    207.000    12.2177   4.086930    35.5512      31466 0.0000e+00
    206.000    12.2231   4.087392    35.5510      31486 0.0000e+00
    205.000    12.2252   4.087748    35.5528      31507 0.0000e+00
    204.000    12.2352   4.089226    35.5581      31536 0.0000e+00
    203.000    12.3253   4.100069    35.5784      31570 0.0000e+00
    202.000    12.3634   4.102955    35.5707      31595 0.0000e+00
    201.000    12.4535   4.114767    35.6002      31617 0.0000e+00
    200.000    12.5122   4.120809    35.6034      31639 0.0000e+00
    199.000    12.5907   4.129683    35.6152      31665 0.0000e+00
    198.000    12.6220   4.132944    35.6174      31695 0.0000e+00
    197.000    12.6290   4.133826    35.6198      31721 0.0000e+00
    196.000    12.6632   4.137963    35.6277      31744 0.0000e+00
    195.000    12.7519   4.147734    35.6384      31768 0.0000e+00
    194.000    12.8077   4.153781    35.6442      31800 0.0000e+00
    193.000    12.8059   4.153585    35.6445      31834 0.0000e+00
    192.000    12.8246   4.155625    35.6468      31858 0.0000e+00
    191.000    12.8642   4.160091    35.6528      31879 0.0000e+00
    190.000    12.8775   4.161364    35.6529      31898 0.0000e+00
    189.000    12.8835   4.162058    35.6543      31920 0.0000e+00
    188.000    12.8874   4.162487    35.6551      31948 0.0000e+00
    187.000    12.8864   4.162433    35.6560      31980 0.0000e+00
    186.000    12.9225   4.166729    35.6636      32011 0.0000e+00
    185.000    12.9706   4.172115    35.6703      32037 0.0000e+00
    184.000    13.0348   4.179138    35.6773      32060 0.0000e+00
    183.000    13.0552   4.181299    35.6792      32082 0.0000e+00
    182.000    13.0649   4.182362    35.6807      32107 0.0000e+00
    181.000    13.0669   4.182650    35.6819      32137 0.0000e+00
    180.000    13.0643   4.182245    35.6810      32163 0.0000e+00
    179.000    13.1249   4.189875    35.6972      32185 0.0000e+00
    178.000    13.1968   4.197302    35.7008      32210 0.0000e+00
    177.000    13.1725   4.194810    35.7003      32243 0.0000e+00
    176.000    13.2470   4.203145    35.7100      32274 0.0000e+00
    175.000    13.3070   4.210652    35.7254      32295 0.0000e+00
    174.000    13.4061   4.220960    35.7306      32314 0.0000e+00
    173.000    13.4393   4.224647    35.7349      32333 0.0000e+00
    172.000    13.4090   4.221102    35.7301      32361 0.0000e+00
    171.000    13.4260   4.223285    35.7353      32399 0.0000e+00
    170.000    13.4428   4.224846    35.7348      32428 0.0000e+00
    169.000    13.5262   4.235436    35.7572      32452 0.0000e+00
    168.000    13.6191   4.245001    35.7610      32475 0.0000e+00
    167.000    13.6401   4.247423    35.7646      32499 0.0000e+00
    166.000    13.6555   4.249302    35.7683      32521 0.0000e+00
    165.000    13.6728   4.251232    35.7708      32544 0.0000e+00
    164.000    13.6778   4.251812    35.7720      32569 0.0000e+00
    163.000    13.6532   4.248665    35.7658      32604 0.0000e+00
    162.000    13.6456   4.248425    35.7711      32639 0.0000e+00
    161.000    13.6553   4.249567    35.7732      32661 0.0000e+00
    160.000    13.6961   4.254078    35.7780      32678 0.0000e+00
    159.000    13.7295   4.258198    35.7860      32696 0.0000e+00
    158.000    13.7481   4.259912    35.7851      32726 0.0000e+00
    157.000    13.7620   4.262294    35.7949      32770 0.0000e+00
    156.000    13.8276   4.268896    35.7962      32791 0.0000e+00
    155.000    13.9306   4.282816    35.8309      32807 0.0000e+00
    154.000    14.0205   4.291489    35.8288      32824 0.0000e+00
    153.000    14.0396   4.293272    35.8281      32852 0.0000e+00
    152.000    14.0200   4.291856    35.8336      32902 0.0000e+00
    151.000    14.0373   4.293248    35.8308      32921 0.0000e+00
    150.000    14.1089   4.302805    35.8538      32938 0.0000e+00
    149.000    14.1915   4.311368    35.8573      32954 0.0000e+00
    148.000    14.2192   4.314329    35.8595      32982 0.0000e+00
    147.000    14.2124   4.313617    35.8596      33026 0.0000e+00
    146.000    14.2129   4.313502    35.8585      33049 0.0000e+00
    145.000    14.2735   4.321637    35.8783      33068 0.0000e+00
    144.000    14.3408   4.328251    35.8776      33089 0.0000e+00
    143.000    14.3466   4.328840    35.8781      33121 0.0000e+00
    142.000    14.3464   4.328929    35.8796      33152 0.0000e+00
    141.000    14.3336   4.327191    35.8757      33174 0.0000e+00
    140.000    14.3498   4.329648    35.8839      33194 0.0000e+00
    139.000    14.3662   4.331134    35.8830      33220 0.0000e+00
    138.000    14.3733   4.331999    35.8847      33254 0.0000e+00
    137.000    14.3760   4.332135    35.8840      33282 0.0000e+00
    136.000    14.3622   4.330997    35.8866      33304 0.0000e+00
    135.000    14.4067   4.335900    35.8912      33325 0.0000e+00
    134.000    14.4429   4.340013    35.8962      33352 0.0000e+00
    133.000    14.4703   4.342980    35.8987      33383 0.0000e+00
    132.000    14.4793   4.344184    35.9019      33411 0.0000e+00
    131.000    14.5142   4.348690    35.9116      33435 0.0000e+00
    130.000    14.5831   4.356081    35.9166      33457 0.0000e+00
    129.000    14.6160   4.359911    35.9220      33480 0.0000e+00
    128.000    14.6529   4.364170    35.9275      33506 0.0000e+00
    127.000    14.6856   4.367913    35.9322      33535 0.0000e+00
    126.000    14.7244   4.372512    35.9390      33566 0.0000e+00
    125.000    14.7706   4.377828    35.9456      33591 0.0000e+00
    124.000    14.8181   4.382968    35.9494      33612 0.0000e+00
    123.000    14.8335   4.384495    35.9496      33634 0.0000e+00
    122.000    14.8307   4.384181    35.9498      33666 0.0000e+00
    121.000    14.8530   4.386852    35.9541      33699 0.0000e+00
    120.000    14.8624   4.387728    35.9540      33722 0.0000e+00
    119.000    14.8786   4.389385    35.9546      33742 0.0000e+00
    118.000    14.8842   4.389944    35.9550      33765 0.0000e+00
    117.000    14.8911   4.390593    35.9550      33793 0.0000e+00
    116.000    14.8929   4.390714    35.9549      33820 0.0000e+00
    115.000    14.8927   4.390622    35.9546      33845 0.0000e+00
    114.000    14.8952   4.390810    35.9545      33870 0.0000e+00
    113.000    14.9051   4.391885    35.9556      33899 0.0000e+00
    112.000    14.9221   4.393793    35.9578      33929 0.0000e+00
    111.000    14.9319   4.394756    35.9580      33954 0.0000e+00
    110.000    14.9448   4.396401    35.9617      33975 0.0000e+00
    109.000    14.9777   4.400071    35.9653      33996 0.0000e+00
    108.000    14.9901   4.401124    35.9640      34018 0.0000e+00
    107.000    14.9907   4.400928    35.9621      34050 0.0000e+00
    106.000    14.9427   4.393502    35.9387      34090 0.0000e+00
    105.000    14.9415   4.392737    35.9332      34114 0.0000e+00
    104.000    15.0347   4.404807    35.9583      34131 0.0000e+00
    103.000    15.1526   4.419599    35.9852      34148 0.0000e+00
    102.000    15.2217   4.427673    35.9958      34169 0.0000e+00
    101.000    15.2303   4.428752    35.9981      34203 0.0000e+00
    100.000    15.1564   4.418709    35.9749      34243 0.0000e+00
     99.000    15.1331   4.414303    35.9565      34268 0.0000e+00
     98.000    15.0902   4.407912    35.9381      34286 0.0000e+00
     97.000    15.0415   4.401371    35.9235      34305 0.0000e+00
     96.000    15.0339   4.399162    35.9106      34326 0.0000e+00
     95.000    14.9498   4.387286    35.8798      34358 0.0000e+00
     94.000    14.8059   4.367381    35.8301      34396 0.0000e+00
     93.000    14.8445   4.372258    35.8397      34421 0.0000e+00
     92.000    14.9303   4.381946    35.8500      34443 0.0000e+00
     91.000    14.9484   4.383117    35.8445      34465 0.0000e+00
     90.000    14.9376   4.380997    35.8355      34489 0.0000e+00
     89.000    14.8757   4.370794    35.7993      34513 0.0000e+00
     88.000    14.7977   4.360278    35.7748      34538 0.0000e+00
     87.000    14.8223   4.362603    35.7740      34566 0.0000e+00
     86.000    14.8524   4.365924    35.7772      34597 0.0000e+00
     85.000    14.9226   4.374446    35.7913      34626 0.0000e+00
     84.000    14.9996   4.383834    35.8070      34650 0.0000e+00
     83.000    15.0644   4.391642    35.8194      34672 0.0000e+00
     82.000    15.1027   4.395135    35.8165      34695 0.0000e+00
     81.000    15.2338   4.411261    35.8438      34723 0.0000e+00
     80.000    15.3525   4.424617    35.8572      34749 0.0000e+00
     79.000    15.4473   4.437395    35.8868      34774 0.0000e+00
     78.000    15.7334   4.473091    35.9487      34797 0.0000e+00
     77.000    15.8891   4.491112    35.9695      34821 0.0000e+00
     76.000    15.8196   4.479246    35.9264      34848 0.0000e+00
     75.000    15.8709   4.485764    35.9388      34877 0.0000e+00
     74.000    15.9945   4.499617    35.9511      34904 0.0000e+00
     73.000    15.8514   4.475921    35.8689      34928 0.0000e+00
     72.000    15.6884   4.451390    35.7965      34949 0.0000e+00
     71.000    15.5145   4.424592    35.7130      34972 0.0000e+00
     70.000    15.4783   4.417462    35.6818      34998 0.0000e+00
     69.000    15.5280   4.422460    35.6823      35025 0.0000e+00
     68.000    15.5638   4.426380    35.6856      35052 0.0000e+00
     67.000    15.5926   4.428936    35.6831      35078 0.0000e+00
     66.000    15.6086   4.429752    35.6763      35104 0.0000e+00
     65.000    15.6819   4.436624    35.6722      35129 0.0000e+00
     64.000    15.9338   4.462401    35.6767      35152 0.0000e+00
     63.000    15.9960   4.458298    35.5844      35176 0.0000e+00
     62.000    15.9930   4.449076    35.5050      35202 0.0000e+00
     61.000    16.0008   4.446271    35.4734      35228 0.0000e+00
     60.000    15.9981   4.443320    35.4499      35251 0.0000e+00
     59.000    16.0122   4.443704    35.4410      35273 0.0000e+00
     58.000    16.0412   4.444448    35.4222      35298 0.0000e+00
     57.000    16.0633   4.442298    35.3836      35331 0.0000e+00
     56.000    16.0918   4.441696    35.3532      35361 0.0000e+00
     55.000    16.8202   4.517880    35.3812      35383 0.0000e+00
     54.000    18.0750   4.634717    35.2983      35402 0.0000e+00
     53.000    18.5673   4.690314    35.3472      35423 0.0000e+00
     52.000    18.8719   4.716611    35.3084      35449 0.0000e+00
     51.000    19.0887   4.726693    35.2086      35482 0.0000e+00
     50.000    19.2759   4.743667    35.1919      35509 0.0000e+00
     49.000    19.5281   4.765841    35.1635      35531 0.0000e+00
     48.000    19.6231   4.774190    35.1530      35553 0.0000e+00
     47.000    19.6684   4.778784    35.1532      35576 0.0000e+00
     46.000    19.7536   4.787574    35.1545      35603 0.0000e+00
     45.000    19.8986   4.803325    35.1629      35637 0.0000e+00
     44.000    20.0504   4.819853    35.1719      35669 0.0000e+00
     43.000    20.0748   4.821898    35.1686      35696 0.0000e+00
     42.000    20.0960   4.824341    35.1713      35736 0.0000e+00
     41.000    20.1077   4.825683    35.1728      35804 0.0000e+00
