PC2406/ctd012.cnv
* Sea-Bird SBE 9 Data File:
* FileName = C:\cruise\data\ctd012.hex
* Software Version Seasave V 7.26.7.121
* Temperature SN = 6650
* Conductivity SN = 6035
* Number of Bytes Per Scan = 37
* Number of Voltage Words = 4
* Number of Scans Averaged by the Deck Unit = 1
* NMEA Latitude = 37 42.42 N
* NMEA Longitude = 074 15.69 W
* NMEA UTC (Time) = Nov 08 2024 21:33:19
* NMEA baud rate = 4800
** Ship: Pisces
** Program:  Fall ECOMON
** Chief Scientist:Harvey Walsh
# nquan = 6
# nvalues = 192                         
# units = specified
# name 0 = depSM: Depth [salt water, m]
# name 1 = t090C: Temperature [ITS-90, deg C]
# name 2 = c0S/m: Conductivity [S/m]
# name 3 = sal00: Salinity, Practical [PSU]
# name 4 = scan: Scan Count
# name 5 = flag: flag
# span 0 =      1.000,     98.000       
# span 1 =    13.9682,    18.6187       
# span 2 =   4.268430,   4.582707       
# span 3 =    33.6727,    35.7949       
# span 4 =        349,      21729       
# span 5 = 0.0000e+00, 0.0000e+00       
# interval = meters: 1                  
# start_time = Nov 08 2024 21:33:19 [NMEA time, header]
# bad_flag = -9.990e-29
*END*
      4.000    18.0715   4.444492    33.7005        349 0.0000e+00
      5.000    18.0297   4.443069    33.7226        528 0.0000e+00
      6.000    18.0182   4.443327    33.7339        558 0.0000e+00
      7.000    18.0094   4.443078    33.7386        598 0.0000e+00
      8.000    18.0089   4.443716    33.7441        642 0.0000e+00
      9.000    18.0430   4.455510    33.8158        679 0.0000e+00
     10.000    18.1181   4.473518    33.9060        711 0.0000e+00
     11.000    18.2408   4.500929    34.0362        744 0.0000e+00
     12.000    18.3814   4.528535    34.1524        773 0.0000e+00
     13.000    18.5176   4.549382    34.2146        802 0.0000e+00
     14.000    18.5801   4.558356    34.2379        830 0.0000e+00
     15.000    18.6084   4.562926    34.2524        857 0.0000e+00
     16.000    18.6183   4.565414    34.2648        883 0.0000e+00
     17.000    18.6073   4.565817    34.2769        908 0.0000e+00
     18.000    18.5855   4.565452    34.2916        933 0.0000e+00
     19.000    18.5311   4.562457    34.3113        959 0.0000e+00
     20.000    18.5182   4.561686    34.3152        986 0.0000e+00
     21.000    18.5181   4.561910    34.3168       1016 0.0000e+00
     22.000    18.5113   4.561618    34.3196       1045 0.0000e+00
     23.000    18.4949   4.560289    34.3218       1071 0.0000e+00
     24.000    18.4891   4.560510    34.3282       1094 0.0000e+00
     25.000    18.4874   4.560918    34.3326       1118 0.0000e+00
     26.000    18.4892   4.561763    34.3379       1144 0.0000e+00
     27.000    18.4905   4.562634    34.3438       1170 0.0000e+00
     28.000    18.4891   4.562859    34.3465       1198 0.0000e+00
     29.000    18.4861   4.562612    34.3465       1227 0.0000e+00
     30.000    18.4808   4.562758    34.3518       1256 0.0000e+00
     31.000    18.4559   4.561851    34.3646       1282 0.0000e+00
     32.000    18.4259   4.559900    34.3729       1306 0.0000e+00
     33.000    18.3481   4.553578    34.3841       1329 0.0000e+00
     34.000    18.2456   4.545952    34.4052       1354 0.0000e+00
     35.000    18.1796   4.542035    34.4270       1382 0.0000e+00
     36.000    18.1361   4.541316    34.4571       1410 0.0000e+00
     37.000    18.1291   4.541935    34.4679       1436 0.0000e+00
     38.000    18.1560   4.546511    34.4838       1461 0.0000e+00
     39.000    18.2102   4.554626    34.5067       1487 0.0000e+00
     40.000    18.2679   4.565000    34.5457       1514 0.0000e+00
     41.000    18.3098   4.574981    34.5946       1540 0.0000e+00
     42.000    18.3136   4.582707    34.6565       1563 0.0000e+00
     43.000    17.9973   4.554808    34.6868       1587 0.0000e+00
     44.000    17.7697   4.533588    34.6986       1613 0.0000e+00
     45.000    17.5251   4.510538    34.7091       1640 0.0000e+00
     46.000    17.4033   4.498149    34.7062       1668 0.0000e+00
     47.000    17.3102   4.487560    34.6940       1696 0.0000e+00
     48.000    17.1997   4.474478    34.6752       1722 0.0000e+00
     49.000    16.6254   4.406514    34.5759       1746 0.0000e+00
     50.000    16.0724   4.355861    34.6085       1771 0.0000e+00
     51.000    15.9837   4.351336    34.6453       1797 0.0000e+00
     52.000    15.9170   4.357640    34.7595       1823 0.0000e+00
     53.000    15.8965   4.362295    34.8187       1849 0.0000e+00
     54.000    15.9043   4.366446    34.8486       1876 0.0000e+00
     55.000    15.9080   4.370605    34.8821       1903 0.0000e+00
     56.000    15.8791   4.368148    34.8852       1929 0.0000e+00
     57.000    15.8685   4.367471    34.8880       1953 0.0000e+00
     58.000    15.8206   4.361730    34.8786       1975 0.0000e+00
     59.000    15.8071   4.360203    34.8764       1999 0.0000e+00
     60.000    15.7793   4.356552    34.8678       2027 0.0000e+00
     61.000    15.6967   4.346154    34.8472       2058 0.0000e+00
     62.000    15.5754   4.336238    34.8650       2087 0.0000e+00
     63.000    15.5835   4.343740    34.9249       2113 0.0000e+00
     64.000    15.5512   4.350105    35.0105       2136 0.0000e+00
     65.000    15.5380   4.364685    35.1533       2158 0.0000e+00
     66.000    15.5831   4.375462    35.2097       2181 0.0000e+00
     67.000    15.5801   4.375608    35.2133       2206 0.0000e+00
     68.000    15.5780   4.375720    35.2158       2233 0.0000e+00
     69.000    15.5798   4.376729    35.2229       2262 0.0000e+00
     70.000    15.6169   4.383692    35.2520       2290 0.0000e+00
     71.000    15.6644   4.393515    35.2975       2317 0.0000e+00
     72.000    15.6517   4.398581    35.3541       2343 0.0000e+00
     73.000    15.6311   4.404898    35.4290       2368 0.0000e+00
     74.000    15.6662   4.413731    35.4766       2391 0.0000e+00
     75.000    15.6901   4.419186    35.5038       2414 0.0000e+00
     76.000    15.7008   4.421637    35.5158       2440 0.0000e+00
     77.000    15.7045   4.422723    35.5218       2469 0.0000e+00
     78.000    15.7666   4.434685    35.5731       2498 0.0000e+00
     79.000    15.7980   4.441936    35.6095       2524 0.0000e+00
     80.000    15.7839   4.441767    35.6203       2547 0.0000e+00
     81.000    15.8099   4.448814    35.6598       2570 0.0000e+00
     82.000    15.8677   4.458545    35.6945       2593 0.0000e+00
     83.000    15.9351   4.468169    35.7195       2623 0.0000e+00
     84.000    15.9628   4.472244    35.7306       2657 0.0000e+00
     85.000    15.9203   4.467688    35.7278       2686 0.0000e+00
     86.000    15.9172   4.468008    35.7330       2710 0.0000e+00
     87.000    15.9068   4.471239    35.7710       2739 0.0000e+00
     88.000    15.8701   4.470252    35.7949       2777 0.0000e+00
     89.000    15.8123   4.464269    35.7932       2836 0.0000e+00
     90.000    15.5162   4.432481    35.7750       2907 0.0000e+00
     91.000    15.2615   4.407121    35.7768       2956 0.0000e+00
     92.000    15.1485   4.395564    35.7744       3023 0.0000e+00
     93.000    15.0626   4.386436    35.7693       3093 0.0000e+00
     94.000    14.9258   4.371874    35.7610       3164 0.0000e+00
     95.000    14.7116   4.349348    35.7506       3228 0.0000e+00
     96.000    14.4215   4.318319    35.7310       3294 0.0000e+00
     97.000    14.0922   4.282928    35.7063       3551 0.0000e+00
     98.000    13.9682   4.268430    35.6857       5355 0.0000e+00
     97.000    14.1468   4.288398    35.7067       6390 0.0000e+00
     96.000    14.4150   4.317038    35.7251       6810 0.0000e+00
     95.000    14.6393   4.341526    35.7450       6844 0.0000e+00
     94.000    14.8585   4.364533    35.7555       6881 0.0000e+00
     93.000    15.0064   4.379471    35.7571       6913 0.0000e+00
     92.000    15.1212   4.391772    35.7648       6944 0.0000e+00
     91.000    15.2366   4.403618    35.7677       6976 0.0000e+00
     90.000    15.4910   4.431562    35.7896       7006 0.0000e+00
     89.000    15.7748   4.459515    35.7845       7031 0.0000e+00
     88.000    15.8315   4.464397    35.7773       7056 0.0000e+00
     87.000    15.8919   4.466331    35.7405       7083 0.0000e+00
     86.000    15.8833   4.463300    35.7214       7110 0.0000e+00
     85.000    15.8867   4.463595    35.7214       7136 0.0000e+00
     84.000    15.9263   4.467678    35.7227       7161 0.0000e+00
     83.000    15.9346   4.466799    35.7077       7186 0.0000e+00
     82.000    15.9249   4.464988    35.7007       7211 0.0000e+00
     81.000    15.9024   4.459843    35.6752       7237 0.0000e+00
     80.000    15.7971   4.443315    35.6223       7263 0.0000e+00
     79.000    15.7896   4.441590    35.6140       7288 0.0000e+00
     78.000    15.8045   4.442114    35.6057       7312 0.0000e+00
     77.000    15.7661   4.432656    35.5556       7337 0.0000e+00
     76.000    15.7104   4.422738    35.5171       7364 0.0000e+00
     75.000    15.7072   4.421496    35.5092       7391 0.0000e+00
     74.000    15.6848   4.416468    35.4845       7416 0.0000e+00
     73.000    15.6427   4.405899    35.4276       7439 0.0000e+00
     72.000    15.6331   4.400324    35.3864       7461 0.0000e+00
     71.000    15.6676   4.396097    35.3178       7485 0.0000e+00
     70.000    15.6403   4.386696    35.2581       7513 0.0000e+00
     69.000    15.5981   4.378699    35.2242       7542 0.0000e+00
     68.000    15.5849   4.377089    35.2220       7570 0.0000e+00
     67.000    15.5837   4.376498    35.2181       7598 0.0000e+00
     66.000    15.5899   4.377150    35.2189       7629 0.0000e+00
     65.000    15.5641   4.369482    35.1732       7662 0.0000e+00
     64.000    15.5305   4.354986    35.0730       7698 0.0000e+00
     63.000    15.5656   4.342211    34.9271       7736 0.0000e+00
     62.000    15.5816   4.338985    34.8842       7773 0.0000e+00
     61.000    15.6018   4.336824    34.8473       7805 0.0000e+00
     60.000    15.6774   4.343751    34.8431       7839 0.0000e+00
     59.000    15.7778   4.356113    34.8657       7878 0.0000e+00
     58.000    15.8356   4.362107    34.8687       7918 0.0000e+00
     57.000    15.8686   4.365992    34.8748       7954 0.0000e+00
     56.000    15.8772   4.365945    34.8672       7989 0.0000e+00
     55.000    15.9049   4.364975    34.8345       8029 0.0000e+00
     54.000    15.8999   4.358615    34.7824       8086 0.0000e+00
     53.000    15.9186   4.353681    34.7224       8137 0.0000e+00
     52.000    15.9541   4.347466    34.6363       8176 0.0000e+00
     51.000    16.2250   4.363290    34.5411      10230 0.0000e+00
     50.000    17.1094   4.462930    34.6517      11340 0.0000e+00
     49.000    17.3225   4.486832    34.6764      11391 0.0000e+00
     48.000    17.4184   4.497490    34.6867      11448 0.0000e+00
     47.000    17.4767   4.504462    34.6973      11494 0.0000e+00
     46.000    17.6637   4.523093    34.6983      11532 0.0000e+00
     45.000    17.8559   4.541294    34.6909      11570 0.0000e+00
     44.000    18.1278   4.566554    34.6758      11605 0.0000e+00
     43.000    18.3274   4.579792    34.6198      11640 0.0000e+00
     42.000    18.2953   4.566422    34.5340      11682 0.0000e+00
     41.000    18.2538   4.559459    34.5102      11729 0.0000e+00
     40.000    18.1988   4.551091    34.4859      11767 0.0000e+00
     39.000    18.1530   4.543437    34.4598      11819 0.0000e+00
     38.000    18.1208   4.537644    34.4380      11892 0.0000e+00
     37.000    18.1399   4.537539    34.4215      11980 0.0000e+00
     36.000    18.2127   4.542360    34.4016      12046 0.0000e+00
     35.000    18.3015   4.549319    34.3864      12129 0.0000e+00
     34.000    18.3824   4.556161    34.3769      12191 0.0000e+00
     33.000    18.4339   4.560320    34.3693      12276 0.0000e+00
     32.000    18.4712   4.563319    34.3638      12351 0.0000e+00
     31.000    18.4860   4.563248    34.3512      12412 0.0000e+00
     30.000    18.4960   4.563738    34.3474      13638 0.0000e+00
     29.000    18.5107   4.565124    34.3472      14937 0.0000e+00
     28.000    18.4932   4.562179    34.3373      14902 0.0000e+00
     27.000    18.4867   4.560732    34.3309      14936 0.0000e+00
     26.000    18.4852   4.560231    34.3283      14973 0.0000e+00
     25.000    18.4887   4.560187    34.3254      15013 0.0000e+00
     24.000    18.5022   4.560989    34.3212      15051 0.0000e+00
     23.000    18.5168   4.562527    34.3224      15086 0.0000e+00
     22.000    18.5228   4.562495    34.3175      15123 0.0000e+00
     21.000    18.5226   4.561904    34.3130      15162 0.0000e+00
     20.000    18.5311   4.562648    34.3126      15204 0.0000e+00
     19.000    18.5846   4.565783    34.2948      15255 0.0000e+00
     18.000    18.6066   4.566458    34.2825      15305 0.0000e+00
     17.000    18.6187   4.566158    34.2703      15352 0.0000e+00
     16.000    18.6026   4.562588    34.2540      15401 0.0000e+00
     15.000    18.5445   4.553399    34.2253      15451 0.0000e+00
     14.000    18.4297   4.535665    34.1717      15497 0.0000e+00
     13.000    18.3172   4.516324    34.1022      15545 0.0000e+00
     12.000    18.2017   4.491166    33.9856      15600 0.0000e+00
     11.000    18.0361   4.454967    33.8161      15648 0.0000e+00
     10.000    17.9902   4.445304    33.7723      16528 0.0000e+00
      9.000    17.9678   4.440975    33.7544      18671 0.0000e+00
      8.000    17.9634   4.439801    33.7484      18607 0.0000e+00
      7.000    17.9717   4.439601    33.7403      18664 0.0000e+00
      6.000    18.0219   4.441895    33.7187      18711 0.0000e+00
      5.000    18.0805   4.444479    33.6926      18772 0.0000e+00
      4.000    18.1142   4.445481    33.6737      18829 0.0000e+00
      3.000    18.1129   4.445194    33.6727      18872 0.0000e+00
      2.000    18.1061   4.444708    33.6746      21221 0.0000e+00
      1.000    18.1026   4.444238    33.6738      21729 0.0000e+00
