PC2406/ctd011.cnv
* Sea-Bird SBE 9 Data File:
* FileName = C:\cruise\data\ctd011.hex
* Software Version Seasave V 7.26.7.121
* Temperature SN = 6650
* Conductivity SN = 6035
* Number of Bytes Per Scan = 37
* Number of Voltage Words = 4
* Number of Scans Averaged by the Deck Unit = 1
* NMEA Latitude = 37 50.81 N
* NMEA Longitude = 074 34.78 W
* NMEA UTC (Time) = Nov 08 2024 19:00:17
* NMEA baud rate = 4800
** Ship: Pisces
** Program:  Fall ECOMON
** Chief Scientist:Harvey Walsh
# nquan = 6
# nvalues = 95                          
# units = specified
# name 0 = depSM: Depth [salt water, m]
# name 1 = t090C: Temperature [ITS-90, deg C]
# name 2 = c0S/m: Conductivity [S/m]
# name 3 = sal00: Salinity, Practical [PSU]
# name 4 = scan: Scan Count
# name 5 = flag: flag
# span 0 =      2.000,     49.000       
# span 1 =    17.5174,    18.2395       
# span 2 =   4.345060,   4.498554       
# span 3 =    32.7925,    34.4753       
# span 4 =        234,      16006       
# span 5 = 0.0000e+00, 0.0000e+00       
# interval = meters: 1                  
# start_time = Nov 08 2024 19:00:17 [NMEA time, header]
# bad_flag = -9.990e-29
*END*
      2.000    18.2052   4.355268    32.8381        234 0.0000e+00
      3.000    18.1036   4.355005    32.9170        487 0.0000e+00
      4.000    18.1276   4.354506    32.8932        503 0.0000e+00
      5.000    18.0912   4.355671    32.9319        537 0.0000e+00
      6.000    18.0847   4.355850    32.9383        568 0.0000e+00
      7.000    18.0587   4.356230    32.9621        602 0.0000e+00
      8.000    17.9758   4.356831    33.0338        636 0.0000e+00
      9.000    17.8721   4.357676    33.1247        664 0.0000e+00
     10.000    17.8252   4.358014    33.1653        693 0.0000e+00
     11.000    17.8100   4.358351    33.1802        724 0.0000e+00
     12.000    17.7833   4.359064    33.2076        756 0.0000e+00
     13.000    17.7226   4.363001    33.2904        789 0.0000e+00
     14.000    17.6383   4.363878    33.3666        819 0.0000e+00
     15.000    17.5937   4.361467    33.3823        847 0.0000e+00
     16.000    17.5592   4.361931    33.4143        875 0.0000e+00
     17.000    17.6113   4.373260    33.4680        902 0.0000e+00
     18.000    17.6767   4.386378    33.5259        928 0.0000e+00
     19.000    17.6436   4.383528    33.5285        953 0.0000e+00
     20.000    17.6039   4.379334    33.5250        980 0.0000e+00
     21.000    17.5852   4.377537    33.5247       1011 0.0000e+00
     22.000    17.5631   4.375448    33.5247       1042 0.0000e+00
     23.000    17.5495   4.374639    33.5286       1072 0.0000e+00
     24.000    17.5769   4.379249    33.5450       1099 0.0000e+00
     25.000    17.5618   4.378187    33.5481       1124 0.0000e+00
     26.000    17.5346   4.375627    33.5482       1148 0.0000e+00
     27.000    17.5220   4.376104    33.5624       1175 0.0000e+00
     28.000    17.5174   4.376907    33.5728       1206 0.0000e+00
     29.000    17.5526   4.385212    33.6144       1238 0.0000e+00
     30.000    17.5871   4.391656    33.6407       1268 0.0000e+00
     31.000    17.5910   4.394957    33.6654       1294 0.0000e+00
     32.000    17.5993   4.398364    33.6874       1317 0.0000e+00
     33.000    17.6122   4.401615    33.7042       1342 0.0000e+00
     34.000    17.6273   4.404917    33.7195       1373 0.0000e+00
     35.000    17.6548   4.411518    33.7528       1405 0.0000e+00
     36.000    17.6678   4.415919    33.7793       1434 0.0000e+00
     37.000    17.7091   4.433716    33.8969       1460 0.0000e+00
     38.000    17.7360   4.445533    33.9752       1484 0.0000e+00
     39.000    17.7660   4.458841    34.0636       1509 0.0000e+00
     40.000    17.7899   4.475783    34.1880       1540 0.0000e+00
     41.000    17.8259   4.493248    34.3068       1577 0.0000e+00
     42.000    17.8249   4.493913    34.3129       1606 0.0000e+00
     43.000    17.8011   4.495832    34.3490       1636 0.0000e+00
     44.000    17.7805   4.497718    34.3822       1670 0.0000e+00
     45.000    17.7393   4.498554    34.4238       1712 0.0000e+00
     46.000    17.6423   4.493820    34.4649       1753 0.0000e+00
     47.000    17.5914   4.489901    34.4741       1794 0.0000e+00
     48.000    17.5803   4.488989    34.4753       1867 0.0000e+00
     49.000    17.5792   4.488711    34.4735       3043 0.0000e+00
     48.000    17.5810   4.488639    34.4717       5572 0.0000e+00
     47.000    17.5823   4.488802    34.4724       4829 0.0000e+00
     46.000    17.5906   4.489672    34.4732       4832 0.0000e+00
     45.000    17.6272   4.492646    34.4681       4866 0.0000e+00
     44.000    17.7152   4.497704    34.4372       4905 0.0000e+00
     43.000    17.7579   4.497395    34.3989       4948 0.0000e+00
     42.000    17.7614   4.496861    34.3917       4992 0.0000e+00
     41.000    17.7616   4.495657    34.3816       5032 0.0000e+00
     40.000    17.7939   4.495738    34.3554       5071 0.0000e+00
     39.000    17.8105   4.493615    34.3236       5105 0.0000e+00
     38.000    17.7983   4.481695    34.2323       5139 0.0000e+00
     37.000    17.7626   4.476641    34.2195       5181 0.0000e+00
     36.000    17.7275   4.478922    34.2689       5231 0.0000e+00
     35.000    17.7287   4.454147    34.0561       5271 0.0000e+00
     34.000    17.6748   4.421738    33.8240       5300 0.0000e+00
     33.000    17.6635   4.418956    33.8100       5332 0.0000e+00
     32.000    17.6564   4.420290    33.8277       5379 0.0000e+00
     31.000    17.6169   4.404093    33.7222       5426 0.0000e+00
     30.000    17.6169   4.405887    33.7380       5463 0.0000e+00
     29.000    17.6250   4.407725    33.7473       5518 0.0000e+00
     28.000    17.5900   4.392737    33.6483       6660 0.0000e+00
     27.000    17.5852   4.390574    33.6342       8115 0.0000e+00
     26.000    17.5626   4.385864    33.6128       8073 0.0000e+00
     25.000    17.5325   4.379934    33.5873       8129 0.0000e+00
     24.000    17.5235   4.376076    33.5621       8212 0.0000e+00
     23.000    17.5489   4.378050    33.5583       8261 0.0000e+00
     22.000    17.5803   4.381665    33.5637       8319 0.0000e+00
     21.000    17.5719   4.377762    33.5376       8391 0.0000e+00
     20.000    17.5531   4.375320    33.5326       8449 0.0000e+00
     19.000    17.5621   4.376713    33.5374       8544 0.0000e+00
     18.000    17.5853   4.377474    33.5251       8658 0.0000e+00
     17.000    17.6121   4.380216    33.5269       8777 0.0000e+00
     16.000    17.6563   4.384767    33.5297      11565 0.0000e+00
     15.000    17.6671   4.385105    33.5241      11957 0.0000e+00
     14.000    17.6407   4.377913    33.4847      12071 0.0000e+00
     13.000    17.5683   4.362885    33.4161      12148 0.0000e+00
     12.000    17.6213   4.364366    33.3855      12225 0.0000e+00
     11.000    17.6957   4.362743    33.3110      12306 0.0000e+00
     10.000    17.6873   4.350281    33.2118      12378 0.0000e+00
      9.000    17.6860   4.345060    33.1687      14071 0.0000e+00
      8.000    17.6885   4.346618    33.1803      14332 0.0000e+00
      7.000    17.7012   4.347654    33.1791      14373 0.0000e+00
      6.000    17.7349   4.350876    33.1795      14437 0.0000e+00
      5.000    17.8268   4.355467    33.1441      14521 0.0000e+00
      4.000    17.9930   4.352716    32.9865      14580 0.0000e+00
      3.000    18.1662   4.352153    32.8427      14657 0.0000e+00
      2.000    18.2395   4.353121    32.7925      16006 0.0000e+00
