PC2406/ctd004.cnv
* Sea-Bird SBE 9 Data File:
* FileName = C:\cruise\data\ctd004.hex
* Software Version Seasave V 7.26.7.121
* Temperature SN = 6650
* Conductivity SN = 6035
* Number of Bytes Per Scan = 37
* Number of Voltage Words = 4
* Number of Scans Averaged by the Deck Unit = 1
* NMEA Latitude = 39 49.98 N
* NMEA Longitude = 070 37.30 W
* NMEA UTC (Time) = Oct 28 2024 17:22:42
* NMEA baud rate = 4800
** Ship: Pisces
** Program:  Fall ECOMON
** Chief Scientist:Harvey Walsh
# nquan = 6
# nvalues = 1000                        
# units = specified
# name 0 = depSM: Depth [salt water, m]
# name 1 = t090C: Temperature [ITS-90, deg C]
# name 2 = c0S/m: Conductivity [S/m]
# name 3 = sal00: Salinity, Practical [PSU]
# name 4 = scan: Scan Count
# name 5 = flag: flag
# span 0 =      2.000,    502.000       
# span 1 =     6.6669,    20.7211       
# span 2 =   3.525457,   4.947701       
# span 3 =    34.7054,    36.6092       
# span 4 =        301,      39138       
# span 5 = 0.0000e+00, 0.0000e+00       
# interval = meters: 1                  
# start_time = Oct 28 2024 17:22:42 [NMEA time, header]
# bad_flag = -9.990e-29
*END*
[from data line 239]
    242.000    12.9816   4.177215    35.6838       7400 0.0000e+00
    243.000    12.9465   4.173230    35.6784       7421 0.0000e+00
    244.000    12.9197   4.170180    35.6740       7445 0.0000e+00
    245.000    12.8959   4.167430    35.6697       7469 0.0000e+00
    246.000    12.8751   4.165083    35.6664       7494 0.0000e+00
    247.000    12.8532   4.162588    35.6627       7521 0.0000e+00
    248.000    12.8421   4.161276    35.6602       7551 0.0000e+00
    249.000    12.8250   4.159315    35.6571       7582 0.0000e+00
    250.000    12.8128   4.157944    35.6549       7609 0.0000e+00
    251.000    12.7796   4.154124    35.6493       7633 0.0000e+00
    252.000    12.7043   4.145581    35.6378       7657 0.0000e+00
    253.000    12.6326   4.137712    35.6294       7682 0.0000e+00
    254.000    12.6140   4.135592    35.6261       7708 0.0000e+00
    255.000    12.5907   4.132888    35.6216       7737 0.0000e+00
    256.000    12.5417   4.127404    35.6146       7767 0.0000e+00
    257.000    12.5075   4.123575    35.6095       7792 0.0000e+00
    258.000    12.4601   4.118346    35.6035       7814 0.0000e+00
    259.000    12.4391   4.116082    35.6011       7837 0.0000e+00
    260.000    12.4260   4.114590    35.5986       7864 0.0000e+00
    261.000    12.4059   4.112328    35.5953       7891 0.0000e+00
    262.000    12.3894   4.110494    35.5928       7917 0.0000e+00
    263.000    12.3630   4.107523    35.5885       7947 0.0000e+00
    264.000    12.3393   4.104946    35.5856       7976 0.0000e+00
    265.000    12.2931   4.099652    35.5776       8002 0.0000e+00
    266.000    12.2307   4.092643    35.5684       8028 0.0000e+00
    267.000    12.0864   4.076752    35.5504       8053 0.0000e+00
    268.000    12.0302   4.070611    35.5434       8077 0.0000e+00
    269.000    11.9989   4.067098    35.5385       8100 0.0000e+00
    270.000    11.9808   4.065042    35.5352       8122 0.0000e+00
    271.000    11.9650   4.063244    35.5322       8148 0.0000e+00
    272.000    11.9377   4.060172    35.5278       8179 0.0000e+00
    273.000    11.9097   4.057038    35.5233       8210 0.0000e+00
    274.000    11.8923   4.055157    35.5210       8237 0.0000e+00
    275.000    11.8706   4.052681    35.5170       8264 0.0000e+00
    276.000    11.8384   4.049089    35.5121       8290 0.0000e+00
    277.000    11.8130   4.046260    35.5081       8313 0.0000e+00
    278.000    11.7653   4.040630    35.4979       8334 0.0000e+00
    279.000    11.6130   4.024389    35.4832       8357 0.0000e+00
    280.000    11.5628   4.018926    35.4769       8383 0.0000e+00
    281.000    11.5417   4.016518    35.4728       8410 0.0000e+00
    282.000    11.5240   4.014529    35.4697       8438 0.0000e+00
    283.000    11.5113   4.013119    35.4675       8469 0.0000e+00
    284.000    11.4960   4.011428    35.4649       8501 0.0000e+00
    285.000    11.4737   4.009001    35.4619       8528 0.0000e+00
    286.000    11.4188   4.002887    35.4536       8551 0.0000e+00
    287.000    11.3319   3.993655    35.4449       8573 0.0000e+00
    288.000    11.2876   3.988828    35.4391       8594 0.0000e+00
    289.000    11.2466   3.984525    35.4353       8616 0.0000e+00
    290.000    11.2197   3.981681    35.4325       8639 0.0000e+00
    291.000    11.1944   3.978834    35.4279       8668 0.0000e+00
    292.000    11.1826   3.977595    35.4265       8702 0.0000e+00
    293.000    11.1767   3.976993    35.4257       8732 0.0000e+00
    294.000    11.1657   3.975871    35.4246       8758 0.0000e+00
    295.000    11.1554   3.974769    35.4232       8781 0.0000e+00
    296.000    11.1421   3.973366    35.4215       8804 0.0000e+00
    297.000    11.1395   3.973156    35.4214       8827 0.0000e+00
    298.000    11.1216   3.971163    35.4184       8851 0.0000e+00
    299.000    11.0737   3.965995    35.4125       8878 0.0000e+00
    300.000    11.0219   3.960190    35.4039       8909 0.0000e+00
    301.000    10.8934   3.946151    35.3868       8938 0.0000e+00
    302.000    10.7600   3.931913    35.3723       8964 0.0000e+00
    303.000    10.7184   3.927277    35.3654       8987 0.0000e+00
    304.000    10.6877   3.923993    35.3615       9011 0.0000e+00
    305.000    10.6739   3.922362    35.3580       9037 0.0000e+00
    306.000    10.6544   3.920205    35.3547       9065 0.0000e+00
    307.000    10.6174   3.916054    35.3482       9095 0.0000e+00
    308.000    10.5709   3.911098    35.3428       9123 0.0000e+00
    309.000    10.5369   3.907232    35.3362       9147 0.0000e+00
    310.000    10.4073   3.893190    35.3192       9167 0.0000e+00
    311.000    10.3189   3.884036    35.3117       9190 0.0000e+00
    312.000    10.3066   3.882535    35.3079       9219 0.0000e+00
    313.000    10.2986   3.881558    35.3053       9254 0.0000e+00
    314.000    10.2942   3.881033    35.3038       9283 0.0000e+00
    315.000    10.2802   3.879467    35.3010       9307 0.0000e+00
    316.000    10.2713   3.878538    35.2998       9330 0.0000e+00
    317.000    10.2212   3.872933    35.2910       9353 0.0000e+00
    318.000    10.0371   3.853605    35.2725       9378 0.0000e+00
    319.000    10.0068   3.850542    35.2703       9405 0.0000e+00
    320.000     9.9929   3.848981    35.2674       9429 0.0000e+00
    321.000     9.9665   3.846138    35.2636       9454 0.0000e+00
    322.000     9.9479   3.844145    35.2609       9488 0.0000e+00
    323.000     9.9216   3.841358    35.2575       9522 0.0000e+00
    324.000     9.8948   3.838719    35.2561       9546 0.0000e+00
    325.000     9.8825   3.837510    35.2552       9567 0.0000e+00
    326.000     9.8714   3.836301    35.2532       9590 0.0000e+00
    327.000     9.8484   3.833897    35.2505       9616 0.0000e+00
    328.000     9.8107   3.829802    35.2449       9640 0.0000e+00
    329.000     9.7570   3.824256    35.2398       9664 0.0000e+00
    330.000     9.7305   3.821506    35.2369       9693 0.0000e+00
    331.000     9.7142   3.819851    35.2354       9725 0.0000e+00
    332.000     9.7067   3.819079    35.2343       9753 0.0000e+00
    333.000     9.6877   3.817105    35.2321       9779 0.0000e+00
    334.000     9.6674   3.815053    35.2304       9805 0.0000e+00
    335.000     9.6445   3.812736    35.2284       9830 0.0000e+00
    336.000     9.6243   3.810655    35.2263       9853 0.0000e+00
    337.000     9.6152   3.809788    35.2257       9877 0.0000e+00
    338.000     9.6110   3.809312    35.2245       9903 0.0000e+00
    339.000     9.6018   3.808368    35.2233       9931 0.0000e+00
    340.000     9.5946   3.807644    35.2224       9959 0.0000e+00
    341.000     9.5927   3.807466    35.2220       9987 0.0000e+00
    342.000     9.5914   3.807337    35.2214      10015 0.0000e+00
    343.000     9.5887   3.807084    35.2210      10042 0.0000e+00
    344.000     9.5862   3.806864    35.2207      10067 0.0000e+00
    345.000     9.5860   3.806862    35.2204      10091 0.0000e+00
    346.000     9.5826   3.806535    35.2199      10117 0.0000e+00
    347.000     9.5740   3.805705    35.2194      10141 0.0000e+00
    348.000     9.5677   3.805122    35.2190      10167 0.0000e+00
    349.000     9.5582   3.804241    35.2188      10197 0.0000e+00
    350.000     9.5537   3.803828    35.2184      10225 0.0000e+00
    351.000     9.5413   3.802660    35.2180      10249 0.0000e+00
    352.000     9.5318   3.801723    35.2172      10275 0.0000e+00
    353.000     9.5226   3.800861    35.2168      10305 0.0000e+00
    354.000     9.5162   3.800261    35.2164      10333 0.0000e+00
    355.000     9.4794   3.796398    35.2120      10356 0.0000e+00
    356.000     9.3816   3.786213    35.2020      10377 0.0000e+00
    357.000     9.3241   3.780171    35.1953      10402 0.0000e+00
    358.000     9.2728   3.774861    35.1900      10431 0.0000e+00
    359.000     9.2628   3.773783    35.1882      10461 0.0000e+00
    360.000     9.2484   3.772230    35.1857      10491 0.0000e+00
    361.000     9.2417   3.771566    35.1849      10518 0.0000e+00
    362.000     9.2223   3.769454    35.1816      10541 0.0000e+00
    363.000     9.1970   3.766887    35.1793      10564 0.0000e+00
    364.000     9.1809   3.765297    35.1780      10590 0.0000e+00
    365.000     9.1583   3.763050    35.1763      10619 0.0000e+00
    366.000     9.1132   3.758236    35.1701      10647 0.0000e+00
    367.000     9.0887   3.755607    35.1662      10672 0.0000e+00
    368.000     9.0702   3.753563    35.1627      10696 0.0000e+00
    369.000     9.0505   3.751674    35.1618      10721 0.0000e+00
    370.000     9.0300   3.749752    35.1615      10747 0.0000e+00
    371.000     9.0110   3.747659    35.1579      10778 0.0000e+00
    372.000     8.9232   3.738603    35.1492      10808 0.0000e+00
    373.000     8.8903   3.735524    35.1489      10835 0.0000e+00
    374.000     8.8519   3.731521    35.1443      10859 0.0000e+00
    375.000     8.8242   3.728563    35.1402      10883 0.0000e+00
    376.000     8.7760   3.723494    35.1340      10908 0.0000e+00
    377.000     8.7403   3.719556    35.1274      10933 0.0000e+00
    378.000     8.7212   3.717526    35.1244      10961 0.0000e+00
    379.000     8.7162   3.716969    35.1231      10989 0.0000e+00
    380.000     8.6877   3.714091    35.1204      11017 0.0000e+00
    381.000     8.6564   3.710905    35.1173      11044 0.0000e+00
    382.000     8.5896   3.703969    35.1098      11069 0.0000e+00
    383.000     8.5510   3.699612    35.1015      11093 0.0000e+00
    384.000     8.5335   3.697747    35.0987      11119 0.0000e+00
    385.000     8.5190   3.696081    35.0950      11147 0.0000e+00
    386.000     8.4389   3.687643    35.0846      11174 0.0000e+00
    387.000     8.3792   3.681432    35.0774      11200 0.0000e+00
    388.000     8.3453   3.677809    35.0722      11227 0.0000e+00
    389.000     8.2969   3.673145    35.0702      11254 0.0000e+00
    390.000     8.2834   3.672092    35.0720      11280 0.0000e+00
    391.000     8.2817   3.672022    35.0724      11308 0.0000e+00
    392.000     8.2819   3.672410    35.0759      11335 0.0000e+00
    393.000     8.2817   3.672569    35.0773      11362 0.0000e+00
    394.000     8.2807   3.672527    35.0773      11387 0.0000e+00
    395.000     8.2709   3.671921    35.0802      11412 0.0000e+00
    396.000     8.2518   3.670531    35.0839      11438 0.0000e+00
    397.000     8.1993   3.665493    35.0820      11465 0.0000e+00
    398.000     8.1305   3.658786    35.0784      11490 0.0000e+00
    399.000     8.1062   3.656428    35.0770      11516 0.0000e+00
    400.000     8.0846   3.654289    35.0752      11545 0.0000e+00
    401.000     8.0571   3.651489    35.0722      11577 0.0000e+00
    402.000     8.0096   3.646885    35.0699      11603 0.0000e+00
    403.000     7.9728   3.643269    35.0674      11626 0.0000e+00
    404.000     7.8995   3.635890    35.0610      11651 0.0000e+00
    405.000     7.8611   3.632148    35.0587      11680 0.0000e+00
    406.000     7.8513   3.631054    35.0562      11710 0.0000e+00
    407.000     7.8310   3.628966    35.0537      11736 0.0000e+00
    408.000     7.8092   3.626803    35.0517      11760 0.0000e+00
    409.000     7.8005   3.625927    35.0505      11783 0.0000e+00
    410.000     7.7704   3.622762    35.0461      11808 0.0000e+00
    411.000     7.7407   3.619845    35.0439      11837 0.0000e+00
    412.000     7.7268   3.618352    35.0413      11867 0.0000e+00
    413.000     7.7093   3.616507    35.0384      11897 0.0000e+00
    414.000     7.6775   3.613378    35.0361      11925 0.0000e+00
    415.000     7.6662   3.612240    35.0345      11949 0.0000e+00
    416.000     7.6518   3.610761    35.0325      11973 0.0000e+00
    417.000     7.6279   3.608450    35.0311      11997 0.0000e+00
    418.000     7.6044   3.605987    35.0276      12023 0.0000e+00
    419.000     7.5507   3.600715    35.0239      12051 0.0000e+00
    420.000     7.4803   3.594116    35.0226      12079 0.0000e+00
    421.000     7.4507   3.591515    35.0237      12106 0.0000e+00
    422.000     7.4482   3.591273    35.0231      12133 0.0000e+00
    423.000     7.4445   3.591019    35.0235      12159 0.0000e+00
    424.000     7.4414   3.590804    35.0238      12186 0.0000e+00
    425.000     7.4456   3.591075    35.0221      12214 0.0000e+00
    426.000     7.4341   3.590260    35.0243      12242 0.0000e+00
    427.000     7.4286   3.589882    35.0253      12266 0.0000e+00
    428.000     7.4256   3.589672    35.0255      12291 0.0000e+00
    429.000     7.4246   3.589625    35.0255      12317 0.0000e+00
    430.000     7.4232   3.589537    35.0255      12346 0.0000e+00
    431.000     7.4208   3.589323    35.0251      12375 0.0000e+00
    432.000     7.4178   3.589072    35.0248      12400 0.0000e+00
    433.000     7.4145   3.588837    35.0251      12424 0.0000e+00
    434.000     7.3965   3.587211    35.0252      12450 0.0000e+00
    435.000     7.3699   3.584799    35.0252      12479 0.0000e+00
    436.000     7.3348   3.581549    35.0247      12506 0.0000e+00
    437.000     7.3107   3.579371    35.0248      12532 0.0000e+00
    438.000     7.2925   3.577678    35.0242      12559 0.0000e+00
    439.000     7.2811   3.576572    35.0231      12587 0.0000e+00
    440.000     7.2666   3.575235    35.0227      12614 0.0000e+00
    441.000     7.2588   3.574524    35.0223      12639 0.0000e+00
    442.000     7.2491   3.573598    35.0215      12664 0.0000e+00
    443.000     7.2402   3.572775    35.0210      12690 0.0000e+00
    444.000     7.2343   3.572260    35.0209      12715 0.0000e+00
    445.000     7.2249   3.571383    35.0203      12740 0.0000e+00
    446.000     7.2178   3.570706    35.0196      12770 0.0000e+00
    447.000     7.2068   3.569636    35.0185      12803 0.0000e+00
    448.000     7.2006   3.569090    35.0183      12831 0.0000e+00
    449.000     7.1980   3.568876    35.0181      12856 0.0000e+00
    450.000     7.1863   3.567799    35.0177      12880 0.0000e+00
    451.000     7.1733   3.566600    35.0172      12902 0.0000e+00
    452.000     7.1651   3.565893    35.0173      12925 0.0000e+00
    453.000     7.1329   3.562853    35.0161      12950 0.0000e+00
    454.000     7.1022   3.560085    35.0163      12982 0.0000e+00
    455.000     7.0683   3.557128    35.0177      13013 0.0000e+00
    456.000     7.0320   3.554074    35.0204      13039 0.0000e+00
    457.000     7.0252   3.553509    35.0207      13064 0.0000e+00
    458.000     7.0219   3.553240    35.0206      13091 0.0000e+00
    459.000     7.0190   3.553052    35.0209      13119 0.0000e+00
    460.000     7.0108   3.552448    35.0221      13145 0.0000e+00
    461.000     7.0025   3.552121    35.0265      13171 0.0000e+00
    462.000     7.0026   3.552214    35.0269      13196 0.0000e+00
    463.000     7.0049   3.552526    35.0275      13223 0.0000e+00
    464.000     7.0111   3.553410    35.0304      13247 0.0000e+00
    465.000     7.0122   3.553614    35.0310      13270 0.0000e+00
    466.000     7.0128   3.553752    35.0315      13296 0.0000e+00
    467.000     7.0136   3.553983    35.0327      13326 0.0000e+00
    468.000     7.0104   3.553838    35.0338      13357 0.0000e+00
    469.000     6.9990   3.552939    35.0350      13385 0.0000e+00
    470.000     6.9931   3.552600    35.0368      13412 0.0000e+00
    471.000     6.9943   3.552782    35.0371      13439 0.0000e+00
    472.000     6.9973   3.553192    35.0380      13464 0.0000e+00
    473.000     7.0076   3.554448    35.0410      13488 0.0000e+00
    474.000     6.9920   3.552947    35.0398      13512 0.0000e+00
    475.000     6.9822   3.552135    35.0403      13536 0.0000e+00
    476.000     6.9782   3.551873    35.0410      13561 0.0000e+00
    477.000     6.9643   3.550589    35.0404      13590 0.0000e+00
    478.000     6.9535   3.549666    35.0408      13621 0.0000e+00
    479.000     6.9504   3.549626    35.0430      13651 0.0000e+00
