PC2406/sbe029.cnv
* Sea-Bird SBE 19plus V2 Data File:
* FileName = C:\cruise\data\sbe029.hex
* Software Version Seasave V 7.26.7.121
* Temperature SN = 7142
* Conductivity SN = 7142
* System UpLoad Time = Oct 29 2024 20:27:00
* NMEA Latitude = 39 12.48 N
* NMEA Longitude = 073 32.99 W
* NMEA UTC (Time) = Oct 29 2024  20:26:58
** Ship: Pisces
** Cruise:  PC2406
** Program:  Fall ECOMON
# nquan = 7
# nvalues = 1482                                  
# units = specified
# name 0 = depSM: Depth [salt water, m]
# name 1 = tv290C: Temperature [ITS-90, deg C]
# name 2 = c0S/m: Conductivity [S/m]
# name 3 = sal00: Salinity, Practical [PSU]
# name 4 = scan: Scan Count
# name 5 = timeM: Time, Elapsed [minutes]
# name 6 = flag:  0.000e+00
# span 0 =      0.107,     40.850                 
# span 1 =    17.1833,    18.9421                 
# span 2 =   0.000005,   4.356559                 
# span 3 =     0.0095,    33.5007                 
# span 4 =         11,       1492                 
# span 5 =     0.0417,     6.2125                 
# span 6 = 0.0000e+00, 0.0000e+00                 
# interval = seconds: 0.25
# start_time = Oct 29 2024 20:26:58 [NMEA time, header]
# bad_flag = -9.990e-29
*END*
[from data line 411]
     38.743    17.3726   4.353950    33.4913        422     1.7542  0.000e+00
     38.865    17.3729   4.354102    33.4924        423     1.7583  0.000e+00
     38.996    17.3736   4.354194    33.4925        424     1.7625  0.000e+00
     39.136    17.3741   4.354148    33.4917        425     1.7667  0.000e+00
     39.275    17.3744   4.354174    33.4916        426     1.7708  0.000e+00
     39.411    17.3746   4.354227    33.4918        427     1.7750  0.000e+00
     39.564    17.3748   4.354300    33.4923        428     1.7792  0.000e+00
     39.713    17.3750   4.354353    33.4925        429     1.7833  0.000e+00
     39.868    17.3754   4.354353    33.4921        430     1.7875  0.000e+00
     40.024    17.3758   4.354677    33.4945        431     1.7917  0.000e+00
     40.175    17.3766   4.354716    33.4942        432     1.7958  0.000e+00
     40.326    17.3774   4.354875    33.4948        433     1.8000  0.000e+00
     40.475    17.3781   4.355152    33.4965        434     1.8042  0.000e+00
     40.616    17.3791   4.355073    33.4950        435     1.8083  0.000e+00
     40.771    17.3798   4.354948    33.4932        436     1.8125  0.000e+00
     40.830    17.3798   4.355192    33.4953        437     1.8167  0.000e+00
     40.850    17.3801   4.355430    33.4971        438     1.8208  0.000e+00
     40.778    17.3811   4.355925    33.5005        439     1.8250  0.000e+00
     40.663    17.3828   4.355925    33.4992        440     1.8292  0.000e+00
     40.579    17.3842   4.355819    33.4971        441     1.8333  0.000e+00
     40.511    17.3849   4.355978    33.4980        442     1.8375  0.000e+00
     40.440    17.3851   4.356130    33.4992        443     1.8417  0.000e+00
     40.365    17.3857   4.355951    33.4971        444     1.8458  0.000e+00
     40.291    17.3860   4.355951    33.4969        445     1.8500  0.000e+00
     40.223    17.3859   4.355925    33.4968        446     1.8542  0.000e+00
     40.162    17.3857   4.355799    33.4959        447     1.8583  0.000e+00
     40.097    17.3854   4.355449    33.4932        448     1.8625  0.000e+00
     40.044    17.3843   4.355317    33.4929        449     1.8667  0.000e+00
     39.990    17.3832   4.355278    33.4936        450     1.8708  0.000e+00
     39.927    17.3822   4.355278    33.4944        451     1.8750  0.000e+00
     39.871    17.3819   4.355304    33.4949        452     1.8792  0.000e+00
     39.823    17.3817   4.355344    33.4955        453     1.8833  0.000e+00
     39.771    17.3818   4.355251    33.4945        454     1.8875  0.000e+00
     39.724    17.3817   4.355198    33.4942        455     1.8917  0.000e+00
     39.672    17.3816   4.355377    33.4959        456     1.8958  0.000e+00
     39.623    17.3815   4.355317    33.4954        457     1.9000  0.000e+00
     39.564    17.3818   4.355502    33.4968        458     1.9042  0.000e+00
     39.499    17.3822   4.355727    33.4985        459     1.9083  0.000e+00
     39.433    17.3832   4.356004    33.5000        460     1.9125  0.000e+00
     39.354    17.3843   4.356103    33.5000        461     1.9167  0.000e+00
     39.268    17.3853   4.355826    33.4968        462     1.9208  0.000e+00
     39.174    17.3856   4.355502    33.4938        463     1.9250  0.000e+00
     39.086    17.3847   4.355502    33.4946        464     1.9292  0.000e+00
     38.996    17.3839   4.355753    33.4974        465     1.9333  0.000e+00
     38.907    17.3838   4.355138    33.4922        466     1.9375  0.000e+00
     38.811    17.3831   4.355152    33.4930        467     1.9417  0.000e+00
     38.725    17.3819   4.355152    33.4940        468     1.9458  0.000e+00
     38.626    17.3815   4.355178    33.4946        469     1.9500  0.000e+00
     38.538    17.3814   4.355422    33.4968        470     1.9542  0.000e+00
     38.452    17.3820   4.355528    33.4973        471     1.9583  0.000e+00
     38.368    17.3826   4.355627    33.4977        472     1.9625  0.000e+00
     38.283    17.3832   4.355548    33.4965        473     1.9667  0.000e+00
     38.210    17.3834   4.355634    33.4971        474     1.9708  0.000e+00
     38.143    17.3837   4.355627    33.4968        475     1.9750  0.000e+00
     38.079    17.3838   4.355653    33.4970        476     1.9792  0.000e+00
     38.018    17.3839   4.355653    33.4969        477     1.9833  0.000e+00
     37.964    17.3842   4.355581    33.4961        478     1.9875  0.000e+00
     37.908    17.3840   4.355653    33.4969        479     1.9917  0.000e+00
     37.850    17.3842   4.355653    33.4968        480     1.9958  0.000e+00
     37.793    17.3843   4.355726    33.4973        481     2.0000  0.000e+00
     37.732    17.3845   4.355765    33.4975        482     2.0042  0.000e+00
     37.669    17.3847   4.355726    33.4970        483     2.0083  0.000e+00
     37.597    17.3848   4.355779    33.4974        484     2.0125  0.000e+00
     37.509    17.3850   4.355653    33.4962        485     2.0167  0.000e+00
     37.412    17.3849   4.355871    33.4982        486     2.0208  0.000e+00
     37.304    17.3853   4.356201    33.5007        487     2.0250  0.000e+00
     37.186    17.3863   4.356274    33.5006        488     2.0292  0.000e+00
     37.057    17.3874   4.356274    33.4997        489     2.0333  0.000e+00
     36.926    17.3879   4.355369    33.4916        490     2.0375  0.000e+00
     36.791    17.3870   4.355547    33.4939        491     2.0417  0.000e+00
     36.654    17.3852   4.355124    33.4918        492     2.0458  0.000e+00
     36.514    17.3836   4.355124    33.4932        493     2.0500  0.000e+00
     36.385    17.3824   4.354721    33.4908        494     2.0542  0.000e+00
     36.257    17.3808   4.353909    33.4851        495     2.0583  0.000e+00
     36.135    17.3781   4.354147    33.4895        496     2.0625  0.000e+00
     36.024    17.3762   4.353849    33.4885        497     2.0667  0.000e+00
     35.925    17.3748   4.353295    33.4850        498     2.0708  0.000e+00
     35.837    17.3727   4.353202    33.4859        499     2.0750  0.000e+00
     35.763    17.3708   4.353070    33.4864        500     2.0792  0.000e+00
     35.704    17.3695   4.353321    33.4896        501     2.0833  0.000e+00
     35.645    17.3690   4.352997    33.4873        502     2.0875  0.000e+00
     35.596    17.3685   4.353176    33.4892        503     2.0917  0.000e+00
     35.555    17.3684   4.352799    33.4861        504     2.0958  0.000e+00
     35.519    17.3672   4.351597    33.4768        505     2.1000  0.000e+00
     35.478    17.3642   4.352046    33.4832        506     2.1042  0.000e+00
     35.431    17.3622   4.351551    33.4806        507     2.1083  0.000e+00
     35.390    17.3603   4.350244    33.4709        508     2.1125  0.000e+00
     35.325    17.3560   4.348772    33.4618        509     2.1167  0.000e+00
     35.259    17.3498   4.348574    33.4652        510     2.1208  0.000e+00
     35.176    17.3451   4.348494    33.4685        511     2.1250  0.000e+00
     35.090    17.3421   4.348448    33.4706        512     2.1292  0.000e+00
     34.993    17.3406   4.348468    33.4721        513     2.1333  0.000e+00
     34.887    17.3399   4.348547    33.4734        514     2.1375  0.000e+00
     34.772    17.3397   4.348646    33.4744        515     2.1417  0.000e+00
     34.657    17.3401   4.349194    33.4788        516     2.1458  0.000e+00
     34.540    17.3410   4.350719    33.4913        517     2.1500  0.000e+00
     34.429    17.3452   4.350032    33.4820        518     2.1542  0.000e+00
     34.314    17.3477   4.349220    33.4729        519     2.1583  0.000e+00
     34.208    17.3462   4.348745    33.4701        520     2.1625  0.000e+00
     34.097    17.3438   4.348573    33.4706        521     2.1667  0.000e+00
     34.002    17.3416   4.348468    33.4716        522     2.1708  0.000e+00
     33.892    17.3402   4.348494    33.4730        523     2.1750  0.000e+00
     33.799    17.3398   4.348593    33.4742        524     2.1792  0.000e+00
     33.694    17.3404   4.348619    33.4740        525     2.1833  0.000e+00
     33.594    17.3416   4.348731    33.4740        526     2.1875  0.000e+00
     33.495    17.3425   4.348943    33.4751        527     2.1917  0.000e+00
     33.405    17.3435   4.348896    33.4739        528     2.1958  0.000e+00
     33.330    17.3443   4.348672    33.4714        529     2.2000  0.000e+00
     33.263    17.3442   4.348777    33.4724        530     2.2042  0.000e+00
     33.211    17.3445   4.350718    33.4889        531     2.2083  0.000e+00
     33.166    17.3497   4.350923    33.4863        532     2.2125  0.000e+00
     33.130    17.3560   4.350817    33.4802        533     2.2167  0.000e+00
     33.100    17.3589   4.350870    33.4783        534     2.2208  0.000e+00
     33.071    17.3603   4.349866    33.4685        535     2.2250  0.000e+00
     33.039    17.3581   4.349847    33.4702        536     2.2292  0.000e+00
     33.003    17.3557   4.350467    33.4775        537     2.2333  0.000e+00
     32.958    17.3563   4.350896    33.4807        538     2.2375  0.000e+00
     32.904    17.3583   4.350943    33.4794        539     2.2417  0.000e+00
     32.836    17.3603   4.351022    33.4786        540     2.2458  0.000e+00
     32.759    17.3615   4.350843    33.4760        541     2.2500  0.000e+00
     32.665    17.3612   4.351028    33.4779        542     2.2542  0.000e+00
     32.549    17.3615   4.351319    33.4802        543     2.2583  0.000e+00
     32.430    17.3624   4.351246    33.4788        544     2.2625  0.000e+00
     32.302    17.3629   4.351345    33.4794        545     2.2667  0.000e+00
     32.171    17.3639   4.351312    33.4783        546     2.2708  0.000e+00
     32.044    17.3644   4.351068    33.4758        547     2.2750  0.000e+00
     31.909    17.3644   4.350770    33.4733        548     2.2792  0.000e+00
     31.780    17.3634   4.350592    33.4727        549     2.2833  0.000e+00
     31.661    17.3617   4.350764    33.4756        550     2.2875  0.000e+00
     31.537    17.3611   4.350645    33.4751        551     2.2917  0.000e+00
     31.431    17.3612   4.350968    33.4779        552     2.2958  0.000e+00
     31.334    17.3619   4.351166    33.4790        553     2.3000  0.000e+00
     31.241    17.3634   4.350896    33.4754        554     2.3042  0.000e+00
     31.153    17.3633   4.349370    33.4625        555     2.3083  0.000e+00
     31.078    17.3593   4.350466    33.4753        556     2.3125  0.000e+00
     31.006    17.3576   4.351147    33.4825        557     2.3167  0.000e+00
     30.946    17.3597   4.351338    33.4825        558     2.3208  0.000e+00
     30.889    17.3629   4.351470    33.4810        559     2.3250  0.000e+00
     30.837    17.3655   4.351694    33.4807        560     2.3292  0.000e+00
     30.778    17.3674   4.351793    33.4800        561     2.3333  0.000e+00
     30.726    17.3691   4.351892    33.4795        562     2.3375  0.000e+00
     30.670    17.3702   4.351846    33.4782        563     2.3417  0.000e+00
     30.611    17.3710   4.351945    33.4785        564     2.3458  0.000e+00
     30.546    17.3715   4.351919    33.4779        565     2.3500  0.000e+00
     30.480    17.3713   4.351965    33.4784        566     2.3542  0.000e+00
     30.404    17.3712   4.352170    33.4803        567     2.3583  0.000e+00
     30.323    17.3717   4.352196    33.4801        568     2.3625  0.000e+00
     30.239    17.3724   4.352070    33.4785        569     2.3667  0.000e+00
     30.149    17.3725   4.351681    33.4751        570     2.3708  0.000e+00
     30.065    17.3714   4.352196    33.4805        571     2.3750  0.000e+00
     29.978    17.3718   4.352321    33.4813        572     2.3792  0.000e+00
     29.892    17.3730   4.352097    33.4783        573     2.3833  0.000e+00
     29.813    17.3731   4.352123    33.4785        574     2.3875  0.000e+00
     29.732    17.3733   4.352321    33.4801        575     2.3917  0.000e+00
     29.662    17.3749   4.352394    33.4795        576     2.3958  0.000e+00
     29.596    17.3768   4.352394    33.4779        577     2.4000  0.000e+00
     29.529    17.3779   4.352361    33.4767        578     2.4042  0.000e+00
     29.463    17.3783   4.352367    33.4765        579     2.4083  0.000e+00
     29.395    17.3786   4.352572    33.4780        580     2.4125  0.000e+00
     29.319    17.3788   4.352493    33.4772        581     2.4167  0.000e+00
     29.244    17.3789   4.352413    33.4765        582     2.4208  0.000e+00
     29.159    17.3786   4.352446    33.4771        583     2.4250  0.000e+00
     29.057    17.3782   4.352743    33.4799        584     2.4292  0.000e+00
     28.958    17.3788   4.352294    33.4756        585     2.4333  0.000e+00
     28.851    17.3790   4.351469    33.4684        586     2.4375  0.000e+00
     28.748    17.3781   4.351244    33.4673        587     2.4417  0.000e+00
     28.633    17.3766   4.351291    33.4690        588     2.4458  0.000e+00
     28.529    17.3755   4.351218    33.4693        589     2.4500  0.000e+00
     28.423    17.3750   4.351389    33.4712        590     2.4542  0.000e+00
     28.317    17.3749   4.351515    33.4724        591     2.4583  0.000e+00
     28.229    17.3753   4.351515    33.4721        592     2.4625  0.000e+00
     28.150    17.3755   4.351191    33.4692        593     2.4667  0.000e+00
     28.078    17.3751   4.351211    33.4697        594     2.4708  0.000e+00
     28.010    17.3746   4.351317    33.4710        595     2.4750  0.000e+00
     27.954    17.3746   4.351766    33.4749        596     2.4792  0.000e+00
     27.902    17.3756   4.351719    33.4737        597     2.4833  0.000e+00
     27.852    17.3761   4.351917    33.4750        598     2.4875  0.000e+00
     27.816    17.3768   4.351515    33.4710        599     2.4917  0.000e+00
     27.775    17.3766   4.351343    33.4697        600     2.4958  0.000e+00
     27.733    17.3760   4.351719    33.4735        601     2.5000  0.000e+00
     27.692    17.3761   4.351937    33.4753        602     2.5042  0.000e+00
     27.640    17.3768   4.350795    33.4649        603     2.5083  0.000e+00
     27.584    17.3751   4.350293    33.4619        604     2.5125  0.000e+00
     27.522    17.3730   4.350339    33.4642        605     2.5167  0.000e+00
     27.457    17.3713   4.350267    33.4649        606     2.5208  0.000e+00
     27.390    17.3705   4.350267    33.4656        607     2.5250  0.000e+00
     27.306    17.3703   4.350240    33.4656        608     2.5292  0.000e+00
     27.218    17.3700   4.350418    33.4674        609     2.5333  0.000e+00
     27.125    17.3703   4.350029    33.4639        610     2.5375  0.000e+00
     27.029    17.3700   4.349890    33.4629        611     2.5417  0.000e+00
     26.929    17.3690   4.350141    33.4659        612     2.5458  0.000e+00
     26.828    17.3690   4.350689    33.4707        613     2.5500  0.000e+00
     26.737    17.3700   4.350504    33.4683        614     2.5542  0.000e+00
     26.643    17.3709   4.349639    33.4602        615     2.5583  0.000e+00
     26.555    17.3697   4.350068    33.4649        616     2.5625  0.000e+00
     26.483    17.3684   4.349481    33.4610        617     2.5667  0.000e+00
     26.413    17.3678   4.348939    33.4568        618     2.5708  0.000e+00
     26.360    17.3656   4.349289    33.4616        619     2.5750  0.000e+00
     26.306    17.3649   4.349118    33.4608        620     2.5792  0.000e+00
     26.252    17.3643   4.348048    33.4521        621     2.5833  0.000e+00
     26.205    17.3622   4.346669    33.4420        622     2.5875  0.000e+00
     26.153    17.3575   4.346669    33.4459        623     2.5917  0.000e+00
     26.106    17.3541   4.346695    33.4489        624     2.5958  0.000e+00
     26.061    17.3523   4.346345    33.4475        625     2.6000  0.000e+00
