PC2406/sbe052.cnv
* Sea-Bird SBE 19plus V2 Data File:
* FileName = C:\cruise\data\sbe052.hex
* Software Version Seasave V 7.26.7.121
* Temperature SN = 7142
* Conductivity SN = 7142
* System UpLoad Time = Nov 09 2024 01:07:14
* NMEA Latitude = 38 06.87 N
* NMEA Longitude = 073 53.36 W
* NMEA UTC (Time) = Nov 09 2024  01:07:07
** Ship: Pisces
** Cruise:  PC2406
** Program:  Fall ECOMON
# nquan = 7
# nvalues = 3273                                  
# units = specified
# name 0 = depSM: Depth [salt water, m]
# name 1 = tv290C: Temperature [ITS-90, deg C]
# name 2 = c0S/m: Conductivity [S/m]
# name 3 = sal00: Salinity, Practical [PSU]
# name 4 = scan: Scan Count
# name 5 = timeM: Time, Elapsed [minutes]
# name 6 = flag:  0.000e+00
# span 0 =     -0.022,    120.211                 
# span 1 =    14.3437,    19.4197                 
# span 2 =   0.000115,   4.706601                 
# span 3 =     0.0086,    35.8400                 
# span 4 =         11,       3283                 
# span 5 =     0.0417,    13.6750                 
# span 6 = 0.0000e+00, 0.0000e+00                 
# interval = seconds: 0.25
# start_time = Nov 09 2024 01:07:07 [NMEA time, header]
# bad_flag = -9.990e-29
*END*
[from data line 821]
     83.387    15.6003   4.427092    35.6527        832     3.4625  0.000e+00
     83.502    15.5999   4.427298    35.6549        833     3.4667  0.000e+00
     83.620    15.6001   4.427424    35.6558        834     3.4708  0.000e+00
     83.733    15.6005   4.427478    35.6559        835     3.4750  0.000e+00
     83.850    15.6007   4.427524    35.6560        836     3.4792  0.000e+00
     83.965    15.6007   4.427757    35.6582        837     3.4833  0.000e+00
     84.089    15.6007   4.427937    35.6597        838     3.4875  0.000e+00
     84.211    15.6010   4.428269    35.6624        839     3.4917  0.000e+00
     84.337    15.6014   4.428602    35.6649        840     3.4958  0.000e+00
     84.467    15.6026   4.428728    35.6649        841     3.5000  0.000e+00
     84.607    15.6034   4.428935    35.6660        842     3.5042  0.000e+00
     84.745    15.6041   4.429034    35.6662        843     3.5083  0.000e+00
     84.885    15.6048   4.429061    35.6658        844     3.5125  0.000e+00
     85.029    15.6051   4.428981    35.6647        845     3.5167  0.000e+00
     85.174    15.6051   4.428981    35.6647        846     3.5208  0.000e+00
     85.325    15.6047   4.428981    35.6650        847     3.5250  0.000e+00
     85.480    15.6044   4.428982    35.6652        848     3.5292  0.000e+00
     85.633    15.6037   4.429161    35.6674        849     3.5333  0.000e+00
     85.784    15.6025   4.429288    35.6695        850     3.5375  0.000e+00
     85.929    15.6016   4.429188    35.6694        851     3.5417  0.000e+00
     86.075    15.6005   4.429494    35.6731        852     3.5458  0.000e+00
     86.215    15.5995   4.430033    35.6788        853     3.5500  0.000e+00
     86.359    15.5990   4.430186    35.6806        854     3.5542  0.000e+00
     86.497    15.5974   4.430672    35.6863        855     3.5583  0.000e+00
     86.628    15.5962   4.434405    35.7211        856     3.5625  0.000e+00
     86.761    15.6032   4.436508    35.7337        857     3.5667  0.000e+00
     86.892    15.6153   4.437407    35.7308        858     3.5708  0.000e+00
     87.027    15.6257   4.438299    35.7293        859     3.5750  0.000e+00
     87.160    15.6340   4.438965    35.7277        860     3.5792  0.000e+00
     87.300    15.6407   4.439684    35.7281        861     3.5833  0.000e+00
     87.429    15.6463   4.440636    35.7315        862     3.5875  0.000e+00
     87.568    15.6516   4.441455    35.7341        863     3.5917  0.000e+00
     87.697    15.6565   4.442534    35.7393        864     3.5958  0.000e+00
     87.832    15.6615   4.443020    35.7391        865     3.6000  0.000e+00
     87.958    15.6663   4.443247    35.7368        866     3.6042  0.000e+00
     88.087    15.6694   4.443380    35.7350        867     3.6083  0.000e+00
     88.213    15.6716   4.443293    35.7322        868     3.6125  0.000e+00
     88.339    15.6723   4.442661    35.7259        869     3.6167  0.000e+00
     88.470    15.6704   4.441841    35.7202        870     3.6208  0.000e+00
     88.596    15.6655   4.441429    35.7208        871     3.6250  0.000e+00
     88.725    15.6605   4.441276    35.7239        872     3.6292  0.000e+00
     88.851    15.6565   4.441149    35.7263        873     3.6333  0.000e+00
     88.987    15.6533   4.440557    35.7238        874     3.6375  0.000e+00
     89.122    15.6496   4.440250    35.7244        875     3.6417  0.000e+00
     89.266    15.6453   4.439991    35.7259        876     3.6458  0.000e+00
     89.406    15.6421   4.439585    35.7251        877     3.6500  0.000e+00
     89.544    15.6385   4.440863    35.7399        878     3.6542  0.000e+00
     89.694    15.6385   4.442275    35.7525        879     3.6583  0.000e+00
     89.839    15.6430   4.442841    35.7534        880     3.6625  0.000e+00
     89.976    15.6478   4.442222    35.7435        881     3.6667  0.000e+00
     90.112    15.6485   4.441862    35.7396        882     3.6708  0.000e+00
     90.242    15.6459   4.441816    35.7414        883     3.6750  0.000e+00
     90.373    15.6432   4.441303    35.7392        884     3.6792  0.000e+00
     90.502    15.6396   4.440711    35.7371        885     3.6833  0.000e+00
     90.632    15.6339   4.440171    35.7373        886     3.6875  0.000e+00
     90.765    15.6279   4.439685    35.7383        887     3.6917  0.000e+00
     90.897    15.6219   4.439299    35.7402        888     3.6958  0.000e+00
     91.036    15.6166   4.438966    35.7419        889     3.7000  0.000e+00
     91.171    15.6121   4.438813    35.7446        890     3.7042  0.000e+00
     91.313    15.6084   4.438587    35.7459        891     3.7083  0.000e+00
     91.458    15.6053   4.438201    35.7451        892     3.7125  0.000e+00
     91.602    15.6019   4.437689    35.7435        893     3.7167  0.000e+00
     91.746    15.5972   4.437562    35.7466        894     3.7208  0.000e+00
     91.884    15.5927   4.437609    35.7510        895     3.7250  0.000e+00
     92.026    15.5896   4.437922    35.7567        896     3.7292  0.000e+00
     92.164    15.5882   4.437969    35.7583        897     3.7333  0.000e+00
     92.303    15.5873   4.438022    35.7595        898     3.7375  0.000e+00
     92.439    15.5865   4.438202    35.7618        899     3.7417  0.000e+00
     92.576    15.5859   4.438149    35.7618        900     3.7458  0.000e+00
     92.714    15.5853   4.438022    35.7612        901     3.7500  0.000e+00
     92.847    15.5843   4.437942    35.7613        902     3.7542  0.000e+00
     92.989    15.5831   4.437923    35.7621        903     3.7583  0.000e+00
     93.127    15.5821   4.437843    35.7623        904     3.7625  0.000e+00
     93.266    15.5808   4.437816    35.7631        905     3.7667  0.000e+00
     93.413    15.5796   4.437843    35.7645        906     3.7708  0.000e+00
     93.561    15.5788   4.438049    35.7670        907     3.7750  0.000e+00
     93.708    15.5786   4.438176    35.7682        908     3.7792  0.000e+00
     93.862    15.5786   4.438256    35.7689        909     3.7833  0.000e+00
     94.006    15.5783   4.438409    35.7705        910     3.7875  0.000e+00
     94.157    15.5782   4.438509    35.7714        911     3.7917  0.000e+00
     94.310    15.5786   4.438562    35.7714        912     3.7958  0.000e+00
     94.457    15.5786   4.438662    35.7723        913     3.8000  0.000e+00
     94.603    15.5786   4.438716    35.7727        914     3.8042  0.000e+00
     94.741    15.5784   4.438842    35.7740        915     3.8083  0.000e+00
     94.870    15.5785   4.438816    35.7736        916     3.8125  0.000e+00
     95.000    15.5785   4.438816    35.7736        917     3.8167  0.000e+00
     95.131    15.5782   4.438789    35.7736        918     3.8208  0.000e+00
     95.259    15.5775   4.438663    35.7730        919     3.8250  0.000e+00
     95.392    15.5756   4.438097    35.7695        920     3.8292  0.000e+00
     95.526    15.5719   4.437970    35.7717        921     3.8333  0.000e+00
     95.659    15.5679   4.437791    35.7736        922     3.8375  0.000e+00
     95.801    15.5648   4.437817    35.7767        923     3.8417  0.000e+00
     95.945    15.5625   4.437924    35.7797        924     3.8458  0.000e+00
     96.089    15.5613   4.437871    35.7803        925     3.8500  0.000e+00
     96.233    15.5602   4.437791    35.7804        926     3.8542  0.000e+00
     96.378    15.5593   4.437844    35.7817        927     3.8583  0.000e+00
     96.529    15.5589   4.437844    35.7820        928     3.8625  0.000e+00
     96.675    15.5584   4.437771    35.7817        929     3.8667  0.000e+00
     96.818    15.5580   4.437691    35.7813        930     3.8708  0.000e+00
     96.959    15.5573   4.437692    35.7819        931     3.8750  0.000e+00
     97.102    15.5568   4.437692    35.7823        932     3.8792  0.000e+00
     97.248    15.5565   4.437718    35.7828        933     3.8833  0.000e+00
     97.390    15.5566   4.437745    35.7829        934     3.8875  0.000e+00
     97.537    15.5564   4.437765    35.7831        935     3.8917  0.000e+00
     97.681    15.5566   4.437792    35.7832        936     3.8958  0.000e+00
     97.825    15.5567   4.437765    35.7827        937     3.9000  0.000e+00
     97.968    15.5567   4.437792    35.7829        938     3.9042  0.000e+00
     98.114    15.5569   4.437819    35.7830        939     3.9083  0.000e+00
     98.265    15.5566   4.437792    35.7829        940     3.9125  0.000e+00
     98.412    15.5566   4.437819    35.7831        941     3.9167  0.000e+00
     98.554    15.5568   4.437792    35.7826        942     3.9208  0.000e+00
     98.700    15.5568   4.437972    35.7842        943     3.9250  0.000e+00
     98.851    15.5572   4.438052    35.7845        944     3.9292  0.000e+00
     99.005    15.5580   4.438025    35.7835        945     3.9333  0.000e+00
     99.158    15.5580   4.438052    35.7836        946     3.9375  0.000e+00
     99.314    15.5584   4.438052    35.7832        947     3.9417  0.000e+00
     99.467    15.5584   4.438072    35.7833        948     3.9458  0.000e+00
     99.622    15.5586   4.438052    35.7829        949     3.9500  0.000e+00
     99.782    15.5585   4.438026    35.7827        950     3.9542  0.000e+00
     99.933    15.5584   4.438026    35.7827        951     3.9583  0.000e+00
    100.080    15.5580   4.438026    35.7830        952     3.9625  0.000e+00
    100.215    15.5580   4.437999    35.7827        953     3.9667  0.000e+00
    100.348    15.5577   4.437999    35.7829        954     3.9708  0.000e+00
    100.475    15.5574   4.437973    35.7829        955     3.9750  0.000e+00
    100.599    15.5572   4.437846    35.7819        956     3.9792  0.000e+00
    100.725    15.5562   4.437793    35.7822        957     3.9833  0.000e+00
    100.849    15.5556   4.437793    35.7828        958     3.9875  0.000e+00
    100.977    15.5551   4.437793    35.7832        959     3.9917  0.000e+00
    101.110    15.5546   4.437767    35.7833        960     3.9958  0.000e+00
    101.244    15.5544   4.437793    35.7837        961     4.0000  0.000e+00
    101.381    15.5542   4.437820    35.7841        962     4.0042  0.000e+00
    101.521    15.5542   4.437847    35.7842        963     4.0083  0.000e+00
    101.665    15.5544   4.437927    35.7848        964     4.0125  0.000e+00
    101.821    15.5547   4.437927    35.7843        965     4.0167  0.000e+00
    101.976    15.5550   4.437927    35.7841        966     4.0208  0.000e+00
    102.134    15.5552   4.437933    35.7839        967     4.0250  0.000e+00
    102.290    15.5552   4.437947    35.7839        968     4.0292  0.000e+00
    102.443    15.5552   4.437900    35.7834        969     4.0333  0.000e+00
    102.599    15.5550   4.437927    35.7838        970     4.0375  0.000e+00
    102.747    15.5550   4.437874    35.7833        971     4.0417  0.000e+00
    102.892    15.5548   4.437927    35.7838        972     4.0458  0.000e+00
    103.041    15.5547   4.437874    35.7834        973     4.0500  0.000e+00
    103.180    15.5544   4.437821    35.7832        974     4.0542  0.000e+00
    103.318    15.5541   4.437768    35.7829        975     4.0583  0.000e+00
    103.456    15.5536   4.437768    35.7833        976     4.0625  0.000e+00
    103.602    15.5532   4.437768    35.7836        977     4.0667  0.000e+00
    103.749    15.5530   4.437848    35.7844        978     4.0708  0.000e+00
    103.895    15.5531   4.437874    35.7845        979     4.0750  0.000e+00
    104.041    15.5533   4.437874    35.7843        980     4.0792  0.000e+00
    104.195    15.5533   4.437928    35.7847        981     4.0833  0.000e+00
    104.346    15.5534   4.437928    35.7845        982     4.0875  0.000e+00
    104.504    15.5536   4.437901    35.7840        983     4.0917  0.000e+00
    104.659    15.5536   4.437875    35.7837        984     4.0958  0.000e+00
    104.811    15.5534   4.437848    35.7836        985     4.1000  0.000e+00
    104.964    15.5531   4.437855    35.7839        986     4.1042  0.000e+00
    105.119    15.5528   4.437848    35.7841        987     4.1083  0.000e+00
    105.268    15.5525   4.437848    35.7843        988     4.1125  0.000e+00
    105.421    15.5524   4.437822    35.7841        989     4.1167  0.000e+00
    105.570    15.5521   4.437749    35.7836        990     4.1208  0.000e+00
    105.715    15.5515   4.437695    35.7836        991     4.1250  0.000e+00
    105.861    15.5509   4.437642    35.7836        992     4.1292  0.000e+00
    106.008    15.5501   4.437616    35.7840        993     4.1333  0.000e+00
    106.156    15.5496   4.437596    35.7842        994     4.1375  0.000e+00
    106.301    15.5492   4.437516    35.7839        995     4.1417  0.000e+00
    106.450    15.5485   4.437463    35.7840        996     4.1458  0.000e+00
    106.594    15.5478   4.437390    35.7839        997     4.1500  0.000e+00
    106.750    15.5470   4.437336    35.7840        998     4.1542  0.000e+00
    106.909    15.5465   4.437283    35.7840        999     4.1583  0.000e+00
    107.070    15.5456   4.437237    35.7843       1000     4.1625  0.000e+00
    107.230    15.5452   4.437237    35.7846       1001     4.1667  0.000e+00
    107.397    15.5447   4.437257    35.7852       1002     4.1708  0.000e+00
    107.557    15.5444   4.437210    35.7850       1003     4.1750  0.000e+00
    107.723    15.5441   4.437184    35.7849       1004     4.1792  0.000e+00
    107.877    15.5435   4.437137    35.7849       1005     4.1833  0.000e+00
    108.032    15.5432   4.437084    35.7847       1006     4.1875  0.000e+00
    108.179    15.5426   4.436951    35.7840       1007     4.1917  0.000e+00
    108.321    15.5415   4.436159    35.7777       1008     4.1958  0.000e+00
    108.463    15.5380   4.435240    35.7726       1009     4.2000  0.000e+00
    108.603    15.5305   4.434748    35.7749       1010     4.2042  0.000e+00
    108.740    15.5236   4.434163    35.7758       1011     4.2083  0.000e+00
    108.876    15.5167   4.433910    35.7797       1012     4.2125  0.000e+00
    109.013    15.5112   4.433803    35.7838       1013     4.2167  0.000e+00
    109.150    15.5073   4.433830    35.7874       1014     4.2208  0.000e+00
    109.295    15.5053   4.433597    35.7871       1015     4.2250  0.000e+00
    109.443    15.5034   4.433191    35.7851       1016     4.2292  0.000e+00
    109.586    15.5006   4.432426    35.7807       1017     4.2333  0.000e+00
    109.732    15.4959   4.431934    35.7805       1018     4.2375  0.000e+00
    109.883    15.4905   4.431655    35.7827       1019     4.2417  0.000e+00
    110.034    15.4858   4.431402    35.7847       1020     4.2458  0.000e+00
    110.188    15.4820   4.430956    35.7841       1021     4.2500  0.000e+00
    110.347    15.4778   4.430630    35.7848       1022     4.2542  0.000e+00
    110.496    15.4732   4.430125    35.7844       1023     4.2583  0.000e+00
    110.659    15.4685   4.430225    35.7895       1024     4.2625  0.000e+00
    110.828    15.4652   4.430019    35.7906       1025     4.2667  0.000e+00
    110.997    15.4630   4.430072    35.7930       1026     4.2708  0.000e+00
    111.164    15.4618   4.429686    35.7906       1027     4.2750  0.000e+00
    111.331    15.4600   4.429434    35.7899       1028     4.2792  0.000e+00
    111.502    15.4573   4.429254    35.7906       1029     4.2833  0.000e+00
    111.676    15.4545   4.429048    35.7912       1030     4.2875  0.000e+00
    111.849    15.4520   4.428895    35.7920       1031     4.2917  0.000e+00
    112.016    15.4495   4.428742    35.7929       1032     4.2958  0.000e+00
    112.174    15.4478   4.428463    35.7918       1033     4.3000  0.000e+00
    112.336    15.4450   4.427851    35.7888       1034     4.3042  0.000e+00
    112.489    15.4407   4.427459    35.7890       1035     4.3083  0.000e+00
