PC2406/sbe076.cnv
* Sea-Bird SBE 19plus V2 Data File:
* FileName = C:\cruise\data\sbe076.hex
* Software Version Seasave V 7.26.7.121
* Temperature SN = 7142
* Conductivity SN = 7142
* System UpLoad Time = Nov 12 2024 06:20:57
* NMEA Latitude = 40 16.21 N
* NMEA Longitude = 070 44.71 W
* NMEA UTC (Time) = Nov 12 2024  06:20:41
** Ship: Pisces
** Cruise:  PC2406
** Program:  Fall ECOMON
# nquan = 7
# nvalues = 3371                                  
# units = specified
# name 0 = depSM: Depth [salt water, m]
# name 1 = tv290C: Temperature [ITS-90, deg C]
# name 2 = c0S/m: Conductivity [S/m]
# name 3 = sal00: Salinity, Practical [PSU]
# name 4 = scan: Scan Count
# name 5 = timeM: Time, Elapsed [minutes]
# name 6 = flag:  0.000e+00
# span 0 =     -0.102,    115.177                 
# span 1 =    10.4876,    19.6043                 
# span 2 =   0.175797,   4.727391                 
# span 3 =     1.1405,    35.6891                 
# span 4 =         11,       3381                 
# span 5 =     0.0417,    14.0833                 
# span 6 = 0.0000e+00, 0.0000e+00                 
# interval = seconds: 0.25
# start_time = Nov 12 2024 06:20:41 [NMEA time, header]
# bad_flag = -9.990e-29
*END*
      7.795    14.3634   3.954518    32.4681         11     0.0417  0.000e+00
      7.989    14.3650   3.954804    32.4692         12     0.0458  0.000e+00
      8.190    14.3660   3.955102    32.4710         13     0.0500  0.000e+00
      8.387    14.3659   3.954867    32.4689         14     0.0542  0.000e+00
      8.592    14.3648   3.954080    32.4625         15     0.0583  0.000e+00
      8.806    14.3638   3.952982    32.4532         16     0.0625  0.000e+00
      9.021    14.3630   3.952246    32.4471         17     0.0667  0.000e+00
      9.233    14.3594   3.951402    32.4423         18     0.0708  0.000e+00
      9.438    14.3531   3.949448    32.4296         19     0.0750  0.000e+00
      9.640    14.3466   3.947659    32.4186         20     0.0792  0.000e+00
      9.824    14.3408   3.946664    32.4143         21     0.0833  0.000e+00
      9.994    14.3360   3.945966    32.4119         22     0.0875  0.000e+00
     10.149    14.3323   3.945687    32.4124         23     0.0917  0.000e+00
     10.276    14.3299   3.945599    32.4136         24     0.0958  0.000e+00
     10.375    14.3281   3.945548    32.4145         25     0.1000  0.000e+00
     10.440    14.3271   3.945504    32.4149         26     0.1042  0.000e+00
     10.483    14.3267   3.946017    32.4200         27     0.1083  0.000e+00
     10.531    14.3263   3.948960    32.4472         28     0.1125  0.000e+00
     10.601    14.3263   3.950267    32.4592         29     0.1167  0.000e+00
     10.694    14.3287   3.950591    32.4601         30     0.1208  0.000e+00
     10.799    14.3362   3.950058    32.4489         31     0.1250  0.000e+00
     10.919    14.3440   3.949715    32.4392         32     0.1292  0.000e+00
     11.054    14.3489   3.949658    32.4345         33     0.1333  0.000e+00
     11.195    14.3519   3.949798    32.4332         34     0.1375  0.000e+00
     11.362    14.3535   3.949893    32.4326         35     0.1417  0.000e+00
     11.546    14.3547   3.950128    32.4337         36     0.1458  0.000e+00
     11.748    14.3554   3.950299    32.4346         37     0.1500  0.000e+00
     11.955    14.3560   3.950617    32.4369         38     0.1542  0.000e+00
     12.172    14.3569   3.950889    32.4386         39     0.1583  0.000e+00
     12.388    14.3581   3.951099    32.4394         40     0.1625  0.000e+00
     12.619    14.3594   3.951029    32.4376         41     0.1667  0.000e+00
     12.851    14.3603   3.950541    32.4323         42     0.1708  0.000e+00
     13.079    14.3600   3.950059    32.4280         43     0.1750  0.000e+00
     13.302    14.3569   3.948942    32.4203         44     0.1792  0.000e+00
     13.510    14.3516   3.947363    32.4102         45     0.1833  0.000e+00
     13.711    14.3450   3.946272    32.4057         46     0.1875  0.000e+00
     13.898    14.3393   3.945727    32.4054         47     0.1917  0.000e+00
     14.074    14.3349   3.945530    32.4072         48     0.1958  0.000e+00
     14.239    14.3320   3.945530    32.4096         49     0.2000  0.000e+00
     14.388    14.3305   3.945530    32.4108         50     0.2042  0.000e+00
     14.528    14.3293   3.945600    32.4124         51     0.2083  0.000e+00
     14.654    14.3288   3.945626    32.4130         52     0.2125  0.000e+00
     14.771    14.3285   3.945619    32.4131         53     0.2167  0.000e+00
     14.871    14.3281   3.945619    32.4134         54     0.2208  0.000e+00
     14.964    14.3278   3.945759    32.4149         55     0.2250  0.000e+00
     15.065    14.3276   3.946482    32.4217         56     0.2292  0.000e+00
     15.167    14.3277   3.948131    32.4367         57     0.2333  0.000e+00
     15.288    14.3277   3.948429    32.4394         58     0.2375  0.000e+00
     15.412    14.3289   3.948778    32.4415         59     0.2417  0.000e+00
     15.546    14.3325   3.948829    32.4389         60     0.2458  0.000e+00
     15.686    14.3370   3.948893    32.4356         61     0.2500  0.000e+00
     15.841    14.3412   3.948937    32.4325         62     0.2542  0.000e+00
     15.999    14.3445   3.949032    32.4305         63     0.2583  0.000e+00
     16.164    14.3471   3.949083    32.4287         64     0.2625  0.000e+00
     16.335    14.3489   3.949172    32.4279         65     0.2667  0.000e+00
     16.514    14.3508   3.949242    32.4269         66     0.2708  0.000e+00
     16.704    14.3521   3.949324    32.4265         67     0.2750  0.000e+00
     16.907    14.3532   3.949451    32.4267         68     0.2792  0.000e+00
     17.116    14.3543   3.949660    32.4276         69     0.2833  0.000e+00
     17.333    14.3548   3.949730    32.4277         70     0.2875  0.000e+00
     17.550    14.3550   3.949058    32.4213         71     0.2917  0.000e+00
     17.769    14.3549   3.948405    32.4153         72     0.2958  0.000e+00
     17.990    14.3563   3.948525    32.4152         73     0.3000  0.000e+00
     18.204    14.3622   3.950384    32.4272         74     0.3042  0.000e+00
     18.417    14.3732   3.953544    32.4468         75     0.3083  0.000e+00
     18.624    14.3894   3.956572    32.4608         76     0.3125  0.000e+00
     18.820    14.4074   3.959417    32.4716         77     0.3167  0.000e+00
     18.990    14.4286   3.962491    32.4819         78     0.3208  0.000e+00
     19.145    14.4495   3.964683    32.4843         79     0.3250  0.000e+00
     19.290    14.4695   3.966436    32.4835         80     0.3292  0.000e+00
     19.419    14.4887   3.968280    32.4841         81     0.3333  0.000e+00
     19.531    14.5072   3.969939    32.4838         82     0.3375  0.000e+00
     19.631    14.5255   3.971452    32.4822         83     0.3417  0.000e+00
     19.723    14.5420   3.971738    32.4709         84     0.3458  0.000e+00
     19.827    14.5553   3.968419    32.4295         85     0.3500  0.000e+00
     19.940    14.5647   3.962814    32.3707         86     0.3542  0.000e+00
     20.066    14.5727   3.961022    32.3476         87     0.3583  0.000e+00
     20.208    14.5720   3.959041    32.3301         88     0.3625  0.000e+00
     20.360    14.5545   3.958457    32.3392         89     0.3667  0.000e+00
     20.527    14.5285   3.958514    32.3614         90     0.3708  0.000e+00
     20.718    14.5060   3.958851    32.3832         91     0.3750  0.000e+00
     20.924    14.4868   3.959131    32.4017         92     0.3792  0.000e+00
     21.160    14.4721   3.959252    32.4150         93     0.3833  0.000e+00
     21.407    14.4618   3.959392    32.4248         94     0.3875  0.000e+00
     21.659    14.4560   3.960249    32.4374         95     0.3917  0.000e+00
     21.887    14.4539   3.962727    32.4617         96     0.3958  0.000e+00
     22.097    14.4535   3.962936    32.4639         97     0.4000  0.000e+00
     22.302    14.4746   3.966857    32.4819         98     0.4042  0.000e+00
     22.494    14.5225   3.977947    32.5428         99     0.4083  0.000e+00
     22.670    14.5780   3.990604    32.6115        100     0.4125  0.000e+00
     22.830    14.6382   4.000286    32.6491        101     0.4167  0.000e+00
     22.955    14.6954   4.005504    32.6484        102     0.4208  0.000e+00
     23.034    14.7410   4.007629    32.6295        103     0.4250  0.000e+00
     23.090    14.7750   4.008732    32.6109        104     0.4292  0.000e+00
     23.142    14.7995   4.004654    32.5535        105     0.4333  0.000e+00
     23.219    14.8149   3.994769    32.4510        106     0.4375  0.000e+00
     23.323    14.8247   3.994227    32.4379        107     0.4417  0.000e+00
     23.447    14.8139   3.995024    32.4540        108     0.4458  0.000e+00
     23.584    14.7851   3.994464    32.4730        109     0.4500  0.000e+00
     23.731    14.7607   3.992412    32.4746        110     0.4542  0.000e+00
     23.889    14.7428   3.989424    32.4624        111     0.4583  0.000e+00
     24.061    14.7304   3.986558    32.4467        112     0.4625  0.000e+00
     24.245    14.7192   3.986062    32.4514        113     0.4667  0.000e+00
     24.435    14.7080   3.990463    32.5006        114     0.4708  0.000e+00
     24.632    14.7007   3.995160    32.5493        115     0.4750  0.000e+00
     24.841    14.6990   3.997028    32.5676        116     0.4792  0.000e+00
     25.051    14.7185   4.005032    32.6239        117     0.4833  0.000e+00
     25.259    14.7590   4.013880    32.6702        118     0.4875  0.000e+00
     25.473    14.8034   4.021066    32.6981        119     0.4917  0.000e+00
     25.672    14.8481   4.026078    32.7060        120     0.4958  0.000e+00
     25.861    14.8891   4.028981    32.6977        121     0.5000  0.000e+00
     26.022    14.9219   4.030887    32.6874        122     0.5042  0.000e+00
     26.179    14.9478   4.032269    32.6782        123     0.5083  0.000e+00
     26.329    14.9673   4.033484    32.6728        124     0.5125  0.000e+00
     26.477    14.9823   4.033862    32.6636        125     0.5167  0.000e+00
     26.628    14.9943   4.033913    32.6540        126     0.5208  0.000e+00
     26.778    15.0046   4.034271    32.6485        127     0.5250  0.000e+00
     26.922    15.0146   4.034840    32.6453        128     0.5292  0.000e+00
     27.064    15.0247   4.035436    32.6422        129     0.5333  0.000e+00
     27.204    15.0350   4.035986    32.6384        130     0.5375  0.000e+00
     27.344    15.0449   4.036536    32.6351        131     0.5417  0.000e+00
     27.482    15.0536   4.036703    32.6293        132     0.5458  0.000e+00
     27.626    15.0602   4.036799    32.6246        133     0.5500  0.000e+00
     27.770    15.0654   4.036466    32.6172        134     0.5542  0.000e+00
     27.926    15.0702   4.035173    32.6015        135     0.5583  0.000e+00
     28.091    15.0721   4.032434    32.5751        136     0.5625  0.000e+00
     28.262    15.0713   4.032767    32.5787        137     0.5667  0.000e+00
     28.434    15.0699   4.034648    32.5968        138     0.5708  0.000e+00
     28.621    15.0696   4.034124    32.5922        139     0.5750  0.000e+00
     28.815    15.0713   4.034725    32.5962        140     0.5792  0.000e+00
     29.018    15.0751   4.036991    32.6133        141     0.5833  0.000e+00
     29.226    15.0823   4.040545    32.6393        142     0.5875  0.000e+00
     29.438    15.0955   4.045323    32.6712        143     0.5917  0.000e+00
     29.652    15.1099   4.049443    32.6963        144     0.5958  0.000e+00
     29.864    15.1210   4.053014    32.7190        145     0.6000  0.000e+00
     30.074    15.1342   4.056997    32.7438        146     0.6042  0.000e+00
     30.268    15.1515   4.060102    32.7572        147     0.6083  0.000e+00
     30.449    15.1708   4.062951    32.7667        148     0.6125  0.000e+00
     30.616    15.1905   4.065910    32.7767        149     0.6167  0.000e+00
     30.763    15.2105   4.068773    32.7857        150     0.6208  0.000e+00
     30.896    15.2282   4.070655    32.7877        151     0.6250  0.000e+00
     31.002    15.2441   4.072197    32.7882        152     0.6292  0.000e+00
     31.096    15.2585   4.073186    32.7850        153     0.6333  0.000e+00
     31.187    15.2709   4.073212    32.7749        154     0.6375  0.000e+00
     31.286    15.2813   4.072730    32.7618        155     0.6417  0.000e+00
     31.390    15.2913   4.071933    32.7463        156     0.6458  0.000e+00
     31.498    15.3022   4.070314    32.7226        157     0.6500  0.000e+00
     31.611    15.3118   4.062282    32.6426        158     0.6542  0.000e+00
     31.738    15.3157   4.054904    32.5732        159     0.6583  0.000e+00
     31.880    15.3179   4.054308    32.5659        160     0.6625  0.000e+00
     32.033    15.3091   4.053346    32.5645        161     0.6667  0.000e+00
     32.186    15.2864   4.094353    32.9514        162     0.6708  0.000e+00
     32.360    15.3201   4.127477    33.2205        163     0.6750  0.000e+00
     32.534    15.4388   4.130028    33.1430        164     0.6792  0.000e+00
     32.730    15.5374   4.130666    33.0657        165     0.6833  0.000e+00
     32.936    15.5934   4.131544    33.0265        166     0.6875  0.000e+00
     33.148    15.6240   4.130342    32.9901        167     0.6917  0.000e+00
     33.367    15.6369   4.131421    32.9889        168     0.6958  0.000e+00
     33.590    15.6427   4.132772    32.9959        169     0.7000  0.000e+00
     33.807    15.6507   4.137854    33.0345        170     0.7042  0.000e+00
     34.028    15.6679   4.142504    33.0614        171     0.7083  0.000e+00
     34.236    15.6923   4.147312    33.0837        172     0.7125  0.000e+00
     34.430    15.7229   4.152699    33.1060        173     0.7167  0.000e+00
     34.617    15.7567   4.163371    33.1725        174     0.7208  0.000e+00
     34.795    15.8069   4.189180    33.3598        175     0.7250  0.000e+00
     34.966    15.9052   4.210964    33.4704        176     0.7292  0.000e+00
     35.125    16.0369   4.222355    33.4601        177     0.7333  0.000e+00
     35.280    16.1550   4.242307    33.5368        178     0.7375  0.000e+00
     35.427    16.2732   4.259033    33.5847        179     0.7417  0.000e+00
     35.585    16.3906   4.268342    33.5676        180     0.7458  0.000e+00
     35.731    16.4848   4.277541    33.5691        181     0.7500  0.000e+00
     35.878    16.5634   4.285897    33.5763        182     0.7542  0.000e+00
     36.025    16.6316   4.302615    33.6652        183     0.7583  0.000e+00
     36.169    16.7118   4.307663    33.6419        184     0.7625  0.000e+00
     36.311    16.7827   4.326359    33.7454        185     0.7667  0.000e+00
     36.454    16.8671   4.353454    33.9105        186     0.7708  0.000e+00
     36.589    16.9860   4.387083    34.1026        187     0.7750  0.000e+00
     36.722    17.1523   4.425773    34.2973        188     0.7792  0.000e+00
     36.866    17.3616   4.461600    34.4294        189     0.7833  0.000e+00
     37.013    17.5816   4.480002    34.4011        190     0.7875  0.000e+00
     37.166    17.7696   4.497466    34.3917        191     0.7917  0.000e+00
     37.324    17.9227   4.501187    34.2945        192     0.7958  0.000e+00
     37.487    18.0265   4.496679    34.1690        193     0.8000  0.000e+00
     37.661    18.0748   4.492381    34.0920        194     0.8042  0.000e+00
     37.841    18.0839   4.504996    34.1915        195     0.8083  0.000e+00
     38.037    18.1059   4.511764    34.2306        196     0.8125  0.000e+00
     38.236    18.1467   4.506590    34.1525        197     0.8167  0.000e+00
     38.435    18.1698   4.516498    34.2172        198     0.8208  0.000e+00
     38.635    18.1956   4.519563    34.2216        199     0.8250  0.000e+00
     38.827    18.2236   4.525541    34.2488        200     0.8292  0.000e+00
     39.010    18.2571   4.533465    34.2878        201     0.8333  0.000e+00
     39.170    18.2932   4.545676    34.3610        202     0.8375  0.000e+00
     39.315    18.3459   4.556434    34.4078        203     0.8417  0.000e+00
     39.443    18.4122   4.570255    34.4691        204     0.8458  0.000e+00
     39.565    18.4906   4.577563    34.4650        205     0.8500  0.000e+00
     39.671    18.5606   4.582413    34.4472        206     0.8542  0.000e+00
     39.777    18.6121   4.588284    34.4535        207     0.8583  0.000e+00
     39.870    18.6575   4.595658    34.4776        208     0.8625  0.000e+00
     39.973    18.7030   4.599002    34.4676        209     0.8667  0.000e+00
     40.080    18.7414   4.605573    34.4906        210     0.8708  0.000e+00
     40.188    18.7778   4.608223    34.4824        211     0.8750  0.000e+00
     40.312    18.8106   4.612864    34.4939        212     0.8792  0.000e+00
     40.445    18.8399   4.615455    34.4912        213     0.8833  0.000e+00
     40.589    18.8658   4.619246    34.5012        214     0.8875  0.000e+00
     40.741    18.8903   4.621710    34.5013        215     0.8917  0.000e+00
