PC2406/sbe016.cnv
* Sea-Bird SBE 19plus V2 Data File:
* FileName = C:\cruise\data\sbe016.hex
* Software Version Seasave V 7.26.7.121
* Temperature SN = 7142
* Conductivity SN = 7142
* System UpLoad Time = Oct 28 2024 14:41:18
* NMEA Latitude = 40 02.23 N
* NMEA Longitude = 070 36.19 W
* NMEA UTC (Time) = Oct 28 2024  14:41:15
** Ship: Pisces
** Cruise:  PC2406
** Program:  Fall ECOMON
# nquan = 7
# nvalues = 3204                                  
# units = specified
# name 0 = depSM: Depth [salt water, m]
# name 1 = tv290C: Temperature [ITS-90, deg C]
# name 2 = c0S/m: Conductivity [S/m]
# name 3 = sal00: Salinity, Practical [PSU]
# name 4 = scan: Scan Count
# name 5 = timeM: Time, Elapsed [minutes]
# name 6 = flag:  0.000e+00
# span 0 =      0.141,  17522.388                 
# span 1 =    12.9967,    21.1977                 
# span 2 =   0.000014,   4.920413                 
# span 3 =     0.0067,    39.0834                 
# span 4 =         11,       3214                 
# span 5 =     0.0417,    13.3875                 
# span 6 = 0.0000e+00, 0.0000e+00                 
# interval = seconds: 0.25
# start_time = Oct 28 2024 14:41:15 [NMEA time, header]
# bad_flag = -9.990e-29
*END*
[from data line 1436]
    150.522    14.0812   4.260884    35.4883       1447     6.0250  0.000e+00
    150.425    14.0815   4.260969    35.4888       1448     6.0292  0.000e+00
    150.317    14.0821   4.260976    35.4884       1449     6.0333  0.000e+00
    150.209    14.0825   4.260943    35.4878       1450     6.0375  0.000e+00
    150.100    14.0824   4.260079    35.4798       1451     6.0417  0.000e+00
    149.996    14.0803   4.259614    35.4775       1452     6.0458  0.000e+00
    149.888    14.0773   4.259372    35.4780       1453     6.0500  0.000e+00
    149.784    14.0749   4.259261    35.4793       1454     6.0542  0.000e+00
    149.667    14.0731   4.259176    35.4802       1455     6.0583  0.000e+00
    149.546    14.0717   4.259110    35.4809       1456     6.0625  0.000e+00
    149.431    14.0711   4.259150    35.4819       1457     6.0667  0.000e+00
    149.316    14.0706   4.258979    35.4808       1458     6.0708  0.000e+00
    149.201    14.0699   4.258763    35.4795       1459     6.0750  0.000e+00
    149.086    14.0690   4.258763    35.4804       1460     6.0792  0.000e+00
    148.975    14.0683   4.258678    35.4803       1461     6.0833  0.000e+00
    148.867    14.0677   4.258711    35.4812       1462     6.0875  0.000e+00
    148.754    14.0678   4.258776    35.4818       1463     6.0917  0.000e+00
    148.642    14.0677   4.258835    35.4824       1464     6.0958  0.000e+00
    148.533    14.0681   4.259005    35.4837       1465     6.1000  0.000e+00
    148.419    14.0687   4.258979    35.4830       1466     6.1042  0.000e+00
    148.299    14.0693   4.258828    35.4811       1467     6.1083  0.000e+00
    148.175    14.0690   4.258737    35.4805       1468     6.1125  0.000e+00
    148.053    14.0685   4.258776    35.4814       1469     6.1167  0.000e+00
    147.921    14.0681   4.258861    35.4826       1470     6.1208  0.000e+00
    147.785    14.0684   4.258926    35.4829       1471     6.1250  0.000e+00
    147.641    14.0686   4.258907    35.4827       1472     6.1292  0.000e+00
    147.497    14.0687   4.259109    35.4845       1473     6.1333  0.000e+00
    147.341    14.0696   4.259149    35.4842       1474     6.1375  0.000e+00
    147.185    14.0702   4.258540    35.4780       1475     6.1417  0.000e+00
    147.023    14.0688   4.258396    35.4780       1476     6.1458  0.000e+00
    146.859    14.0671   4.258370    35.4794       1477     6.1500  0.000e+00
    146.701    14.0661   4.258317    35.4799       1478     6.1542  0.000e+00
    146.539    14.0655   4.258252    35.4799       1479     6.1583  0.000e+00
    146.376    14.0652   4.258291    35.4806       1480     6.1625  0.000e+00
    146.228    14.0649   4.258343    35.4814       1481     6.1667  0.000e+00
    146.086    14.0651   4.258396    35.4818       1482     6.1708  0.000e+00
    145.953    14.0652   4.258297    35.4808       1483     6.1750  0.000e+00
    145.835    14.0652   4.258369    35.4815       1484     6.1792  0.000e+00
    145.722    14.0652   4.258422    35.4821       1485     6.1833  0.000e+00
    145.603    14.0657   4.258395    35.4815       1486     6.1875  0.000e+00
    145.504    14.0658   4.258127    35.4789       1487     6.1917  0.000e+00
    145.405    14.0651   4.257145    35.4704       1488     6.1958  0.000e+00
    145.305    14.0619   4.256079    35.4634       1489     6.2000  0.000e+00
    145.209    14.0563   4.255889    35.4669       1490     6.2042  0.000e+00
    145.102    14.0517   4.255693    35.4694       1491     6.2083  0.000e+00
    144.999    14.0486   4.255085    35.4666       1492     6.2125  0.000e+00
    144.893    14.0455   4.254829    35.4671       1493     6.2167  0.000e+00
    144.789    14.0424   4.254352    35.4655       1494     6.2208  0.000e+00
    144.679    14.0400   4.254300    35.4673       1495     6.2250  0.000e+00
    144.571    14.0383   4.254476    35.4706       1496     6.2292  0.000e+00
    144.467    14.0375   4.254398    35.4706       1497     6.2333  0.000e+00
    144.357    14.0373   4.254352    35.4704       1498     6.2375  0.000e+00
    144.259    14.0367   4.254502    35.4724       1499     6.2417  0.000e+00
    144.162    14.0368   4.254352    35.4710       1500     6.2458  0.000e+00
    144.072    14.0365   4.254195    35.4698       1501     6.2500  0.000e+00
    143.982    14.0365   4.254064    35.4687       1502     6.2542  0.000e+00
    143.894    14.0359   4.253560    35.4645       1503     6.2583  0.000e+00
    143.806    14.0345   4.253305    35.4635       1504     6.2625  0.000e+00
    143.712    14.0330   4.253455    35.4663       1505     6.2667  0.000e+00
    143.626    14.0321   4.253357    35.4662       1506     6.2708  0.000e+00
    143.531    14.0316   4.253279    35.4660       1507     6.2750  0.000e+00
    143.432    14.0312   4.253501    35.4685       1508     6.2792  0.000e+00
    143.326    14.0315   4.253305    35.4665       1509     6.2833  0.000e+00
    143.218    14.0315   4.253161    35.4652       1510     6.2875  0.000e+00
    143.105    14.0310   4.253625    35.4700       1511     6.2917  0.000e+00
    142.997    14.0317   4.252723    35.4610       1512     6.2958  0.000e+00
    142.884    14.0306   4.252140    35.4566       1513     6.3000  0.000e+00
    142.769    14.0276   4.251879    35.4570       1514     6.3042  0.000e+00
    142.652    14.0253   4.251728    35.4578       1515     6.3083  0.000e+00
    142.530    14.0232   4.251473    35.4573       1516     6.3125  0.000e+00
    142.415    14.0220   4.251486    35.4586       1517     6.3167  0.000e+00
    142.292    14.0211   4.251702    35.4615       1518     6.3208  0.000e+00
    142.174    14.0210   4.251925    35.4637       1519     6.3250  0.000e+00
    142.046    14.0218   4.251983    35.4636       1520     6.3292  0.000e+00
    141.919    14.0226   4.251996    35.4630       1521     6.3333  0.000e+00
    141.789    14.0232   4.252009    35.4627       1522     6.3375  0.000e+00
    141.671    14.0236   4.252016    35.4624       1523     6.3417  0.000e+00
    141.547    14.0235   4.251806    35.4605       1524     6.3458  0.000e+00
    141.419    14.0233   4.251067    35.4539       1525     6.3500  0.000e+00
    141.291    14.0215   4.250917    35.4543       1526     6.3542  0.000e+00
    141.166    14.0194   4.250825    35.4554       1527     6.3583  0.000e+00
    141.038    14.0180   4.250688    35.4554       1528     6.3625  0.000e+00
    140.912    14.0170   4.250708    35.4565       1529     6.3667  0.000e+00
    140.786    14.0163   4.250531    35.4556       1530     6.3708  0.000e+00
    140.661    14.0158   4.250028    35.4515       1531     6.3750  0.000e+00
    140.540    14.0142   4.250283    35.4553       1532     6.3792  0.000e+00
    140.427    14.0135   4.248955    35.4437       1533     6.3833  0.000e+00
    140.319    14.0104   4.248301    35.4405       1534     6.3875  0.000e+00
    140.215    14.0062   4.248498    35.4462       1535     6.3917  0.000e+00
    140.121    14.0034   4.246118    35.4266       1536     6.3958  0.000e+00
    140.035    13.9964   4.242766    35.4018       1537     6.4000  0.000e+00
    139.943    13.9818   4.241857    35.4068       1538     6.4042  0.000e+00
    139.859    13.9692   4.240949    35.4100       1539     6.4083  0.000e+00
    139.774    13.9593   4.240741    35.4171       1540     6.4125  0.000e+00
    139.688    13.9532   4.240512    35.4207       1541     6.4167  0.000e+00
    139.602    13.9495   4.240669    35.4256       1542     6.4208  0.000e+00
    139.521    13.9480   4.240904    35.4292       1543     6.4250  0.000e+00
    139.435    13.9481   4.240871    35.4289       1544     6.4292  0.000e+00
    139.349    13.9484   4.241002    35.4298       1545     6.4333  0.000e+00
    139.255    13.9488   4.241805    35.4370       1546     6.4375  0.000e+00
    139.162    13.9512   4.241511    35.4321       1547     6.4417  0.000e+00
    139.061    13.9528   4.241198    35.4277       1548     6.4458  0.000e+00
    138.971    13.9520   4.240708    35.4239       1549     6.4500  0.000e+00
    138.872    13.9504   4.241322    35.4312       1550     6.4542  0.000e+00
    138.772    13.9505   4.243275    35.4494       1551     6.4583  0.000e+00
    138.666    13.9560   4.244216    35.4532       1552     6.4625  0.000e+00
    138.558    13.9629   4.243641    35.4415       1553     6.4667  0.000e+00
    138.444    13.9662   4.242491    35.4277       1554     6.4708  0.000e+00
    138.335    13.9644   4.238016    35.3876       1555     6.4750  0.000e+00
    138.220    13.9506   4.231024    35.3350       1556     6.4792  0.000e+00
    138.108    13.9212   4.230352    35.3558       1557     6.4833  0.000e+00
    137.999    13.8974   4.230398    35.3782       1558     6.4875  0.000e+00
    137.882    13.8848   4.231148    35.3969       1559     6.4917  0.000e+00
    137.772    13.8811   4.231788    35.4063       1560     6.4958  0.000e+00
    137.663    13.8819   4.232238    35.4099       1561     6.5000  0.000e+00
    137.544    13.8847   4.232774    35.4124       1562     6.5042  0.000e+00
    137.429    13.8871   4.230254    35.3866       1563     6.5083  0.000e+00
    137.319    13.8839   4.231181    35.3983       1564     6.5125  0.000e+00
    137.206    13.8813   4.233857    35.4258       1565     6.5167  0.000e+00
    137.093    13.8875   4.232695    35.4092       1566     6.5208  0.000e+00
    136.982    13.8908   4.232747    35.4067       1567     6.5250  0.000e+00
    136.877    13.8914   4.233008    35.4087       1568     6.5292  0.000e+00
    136.771    13.8921   4.233021    35.4082       1569     6.5333  0.000e+00
    136.667    13.8932   4.233230    35.4091       1570     6.5375  0.000e+00
    136.561    13.8942   4.230697    35.3846       1571     6.5417  0.000e+00
    136.460    13.8887   4.230352    35.3865       1572     6.5458  0.000e+00
    136.349    13.8822   4.230776    35.3965       1573     6.5500  0.000e+00
    136.254    13.8794   4.231272    35.4037       1574     6.5542  0.000e+00
    136.139    13.8800   4.229940    35.3908       1575     6.5583  0.000e+00
    136.033    13.8780   4.229940    35.3927       1576     6.5625  0.000e+00
    135.937    13.8741   4.230848    35.4047       1577     6.5667  0.000e+00
    135.830    13.8752   4.230645    35.4019       1578     6.5708  0.000e+00
    135.727    13.8768   4.229816    35.3927       1579     6.5750  0.000e+00
    135.618    13.8762   4.231709    35.4110       1580     6.5792  0.000e+00
    135.510    13.8774   4.231539    35.4084       1581     6.5833  0.000e+00
    135.398    13.8806   4.227617    35.3688       1582     6.5875  0.000e+00
    135.278    13.8725   4.231702    35.4145       1583     6.5917  0.000e+00
    135.165    13.8732   4.233223    35.4282       1584     6.5958  0.000e+00
    135.055    13.8825   4.234992    35.4362       1585     6.6000  0.000e+00
    134.944    13.8939   4.234692    35.4229       1586     6.6042  0.000e+00
    134.827    13.9006   4.232165    35.3932       1587     6.6083  0.000e+00
    134.724    13.8975   4.228504    35.3618       1588     6.6125  0.000e+00
    134.613    13.8828   4.230351    35.3926       1589     6.6167  0.000e+00
    134.514    13.8773   4.230599    35.4001       1590     6.6208  0.000e+00
    134.415    13.8770   4.229653    35.3916       1591     6.6250  0.000e+00
    134.315    13.8749   4.229131    35.3887       1592     6.6292  0.000e+00
    134.225    13.8718   4.230064    35.4003       1593     6.6333  0.000e+00
    134.133    13.8718   4.231206    35.4111       1594     6.6375  0.000e+00
    134.040    13.8754   4.231656    35.4120       1595     6.6417  0.000e+00
    133.935    13.8800   4.234137    35.4310       1596     6.6458  0.000e+00
    133.840    13.8886   4.233882    35.4207       1597     6.6500  0.000e+00
    133.747    13.8951   4.233131    35.4077       1598     6.6542  0.000e+00
    133.639    13.8937   4.217358    35.2615       1599     6.6583  0.000e+00
    133.536    13.8553   4.215404    35.2785       1600     6.6625  0.000e+00
    133.429    13.8131   4.216082    35.3237       1601     6.6667  0.000e+00
    133.319    13.7919   4.216923    35.3513       1602     6.6708  0.000e+00
    133.211    13.7844   4.220763    35.3942       1603     6.6750  0.000e+00
    133.102    13.7910   4.222125    35.4010       1604     6.6792  0.000e+00
    133.003    13.8034   4.222275    35.3909       1605     6.6833  0.000e+00
    132.906    13.8119   4.220006    35.3619       1606     6.6875  0.000e+00
    132.809    13.8106   4.213456    35.3017       1607     6.6917  0.000e+00
    132.719    13.7905   4.209443    35.2827       1608     6.6958  0.000e+00
    132.624    13.7625   4.206422    35.2801       1609     6.7000  0.000e+00
    132.532    13.7368   4.206383    35.3035       1610     6.7042  0.000e+00
    132.438    13.7202   4.209040    35.3437       1611     6.7083  0.000e+00
    132.341    13.7206   4.218644    35.4337       1612     6.7125  0.000e+00
    132.246    13.7468   4.211632    35.3436       1613     6.7167  0.000e+00
    132.149    13.7548   4.205992    35.2833       1614     6.7208  0.000e+00
    132.039    13.7355   4.204853    35.2905       1615     6.7250  0.000e+00
    131.932    13.7163   4.203473    35.2953       1616     6.7292  0.000e+00
    131.824    13.7023   4.203727    35.3106       1617     6.7333  0.000e+00
    131.712    13.6943   4.201449    35.2967       1618     6.7375  0.000e+00
    131.599    13.6855   4.200428    35.2952       1619     6.7417  0.000e+00
    131.484    13.6759   4.199745    35.2977       1620     6.7458  0.000e+00
    131.366    13.6683   4.196960    35.2786       1621     6.7500  0.000e+00
    131.258    13.6573   4.195094    35.2712       1622     6.7542  0.000e+00
    131.143    13.6434   4.194892    35.2822       1623     6.7583  0.000e+00
    131.024    13.6342   4.194092    35.2832       1624     6.7625  0.000e+00
    130.914    13.6272   4.192844    35.2779       1625     6.7667  0.000e+00
    130.798    13.6202   4.192103    35.2775       1626     6.7708  0.000e+00
    130.684    13.6127   4.189970    35.2644       1627     6.7750  0.000e+00
    130.566    13.6026   4.189724    35.2714       1628     6.7792  0.000e+00
    130.447    13.5948   4.189503    35.2766       1629     6.7833  0.000e+00
    130.327    13.5895   4.185876    35.2474       1630     6.7875  0.000e+00
    130.206    13.5778   4.182264    35.2242       1631     6.7917  0.000e+00
    130.086    13.5583   4.179322    35.2145       1632     6.7958  0.000e+00
    129.962    13.5370   4.176492    35.2075       1633     6.8000  0.000e+00
    129.834    13.5165   4.172591    35.1897       1634     6.8042  0.000e+00
    129.714    13.4934   4.167940    35.1672       1635     6.8083  0.000e+00
    129.583    13.4678   4.165048    35.1635       1636     6.8125  0.000e+00
    129.466    13.4428   4.164160    35.1782       1637     6.8167  0.000e+00
    129.356    13.4250   4.162014    35.1744       1638     6.8208  0.000e+00
    129.245    13.4103   4.159927    35.1683       1639     6.8250  0.000e+00
    129.146    13.3960   4.159305    35.1757       1640     6.8292  0.000e+00
    129.067    13.3853   4.159033    35.1830       1641     6.8333  0.000e+00
    128.981    13.3789   4.158884    35.1876       1642     6.8375  0.000e+00
    128.913    13.3751   4.158715    35.1895       1643     6.8417  0.000e+00
    128.850    13.3728   4.158566    35.1902       1644     6.8458  0.000e+00
    128.794    13.3712   4.158443    35.1906       1645     6.8500  0.000e+00
    128.747    13.3700   4.158217    35.1896       1646     6.8542  0.000e+00
    128.695    13.3686   4.158093    35.1897       1647     6.8583  0.000e+00
    128.643    13.3675   4.157381    35.1840       1648     6.8625  0.000e+00
    128.602    13.3654   4.156039    35.1733       1649     6.8667  0.000e+00
    128.548    13.3608   4.155301    35.1705       1650     6.8708  0.000e+00
    128.488    13.3553   4.154919    35.1721       1651     6.8750  0.000e+00
