PC2406/sbe035.cnv
* Sea-Bird SBE 19plus V2 Data File:
* FileName = C:\cruise\data\sbe035.hex
* Software Version Seasave V 7.26.7.121
* Temperature SN = 7142
* Conductivity SN = 7142
* System UpLoad Time = Nov 07 2024 02:49:40
* NMEA Latitude = 36 04.56 N
* NMEA Longitude = 075 27.12 W
* NMEA UTC (Time) = Nov 07 2024  02:49:32
** Ship: Pisces
** Cruise:  PC2406
** Program:  Fall ECOMON
# nquan = 7
# nvalues = 1219                                  
# units = specified
# name 0 = depSM: Depth [salt water, m]
# name 1 = tv290C: Temperature [ITS-90, deg C]
# name 2 = c0S/m: Conductivity [S/m]
# name 3 = sal00: Salinity, Practical [PSU]
# name 4 = scan: Scan Count
# name 5 = timeM: Time, Elapsed [minutes]
# name 6 = flag:  0.000e+00
# span 0 =      0.035,     19.942                 
# span 1 =    18.8139,    20.0594                 
# span 2 =   0.000008,   4.275631                 
# span 3 =     0.0100,    31.5258                 
# span 4 =         11,       1229                 
# span 5 =     0.0417,     5.1167                 
# span 6 = 0.0000e+00, 0.0000e+00                 
# interval = seconds: 0.25
# start_time = Nov 07 2024 02:49:32 [NMEA time, header]
# bad_flag = -9.990e-29
*END*
[from data line 1026]
      7.126    18.9152   4.126779    30.3917       1037     4.3167  0.000e+00
      7.076    18.9196   4.126857    30.3891       1038     4.3208  0.000e+00
      7.013    18.9230   4.126999    30.3878       1039     4.3250  0.000e+00
      6.955    18.9261   4.127225    30.3874       1040     4.3292  0.000e+00
      6.894    18.9293   4.127490    30.3872       1041     4.3333  0.000e+00
      6.840    18.9328   4.127787    30.3871       1042     4.3375  0.000e+00
      6.788    18.9368   4.128174    30.3873       1043     4.3417  0.000e+00
      6.738    18.9415   4.128239    30.3845       1044     4.3458  0.000e+00
      6.698    18.9455   4.128323    30.3823       1045     4.3500  0.000e+00
      6.664    18.9486   4.128349    30.3802       1046     4.3542  0.000e+00
      6.634    18.9511   4.128374    30.3786       1047     4.3583  0.000e+00
      6.614    18.9532   4.128426    30.3775       1048     4.3625  0.000e+00
      6.596    18.9552   4.128471    30.3764       1049     4.3667  0.000e+00
      6.580    18.9569   4.128497    30.3753       1050     4.3708  0.000e+00
      6.567    18.9584   4.128497    30.3743       1051     4.3750  0.000e+00
      6.544    18.9596   4.128361    30.3723       1052     4.3792  0.000e+00
      6.530    18.9612   4.128251    30.3702       1053     4.3833  0.000e+00
      6.521    18.9634   4.128374    30.3696       1054     4.3875  0.000e+00
      6.503    18.9654   4.128497    30.3692       1055     4.3917  0.000e+00
      6.490    18.9664   4.128523    30.3687       1056     4.3958  0.000e+00
      6.474    18.9665   4.128497    30.3684       1057     4.4000  0.000e+00
      6.452    18.9666   4.128568    30.3689       1058     4.4042  0.000e+00
      6.425    18.9672   4.128568    30.3685       1059     4.4083  0.000e+00
      6.404    18.9676   4.128523    30.3678       1060     4.4125  0.000e+00
      6.380    18.9682   4.128594    30.3679       1061     4.4167  0.000e+00
      6.361    18.9689   4.128716    30.3685       1062     4.4208  0.000e+00
      6.343    18.9701   4.129156    30.3712       1063     4.4250  0.000e+00
      6.334    18.9721   4.129233    30.3704       1064     4.4292  0.000e+00
      6.328    18.9742   4.129014    30.3670       1065     4.4333  0.000e+00
      6.318    18.9756   4.128477    30.3616       1066     4.4375  0.000e+00
      6.309    18.9785   4.127734    30.3534       1067     4.4417  0.000e+00
      6.296    18.9842   4.127463    30.3470       1068     4.4458  0.000e+00
      6.296    18.9918   4.127269    30.3399       1069     4.4500  0.000e+00
      6.291    18.9985   4.127605    30.3377       1070     4.4542  0.000e+00
      6.282    19.0031   4.128619    30.3427       1071     4.4583  0.000e+00
      6.267    19.0033   4.129033    30.3460       1072     4.4625  0.000e+00
      6.246    19.0003   4.128839    30.3466       1073     4.4667  0.000e+00
      6.213    18.9966   4.128684    30.3480       1074     4.4708  0.000e+00
      6.179    18.9937   4.128619    30.3496       1075     4.4750  0.000e+00
      6.127    18.9915   4.128716    30.3520       1076     4.4792  0.000e+00
      6.061    18.9904   4.129970    30.3631       1077     4.4833  0.000e+00
      5.983    18.9914   4.128445    30.3499       1078     4.4875  0.000e+00
      5.890    19.0013   4.127159    30.3322       1079     4.4917  0.000e+00
      5.779    19.0154   4.130163    30.3465       1080     4.4958  0.000e+00
      5.684    19.0244   4.126144    30.3071       1081     4.5000  0.000e+00
      5.572    19.0321   4.125434    30.2957       1082     4.5042  0.000e+00
      5.470    19.0409   4.125756    30.2919       1083     4.5083  0.000e+00
      5.380    19.0485   4.125556    30.2848       1084     4.5125  0.000e+00
      5.292    19.0546   4.123812    30.2661       1085     4.5167  0.000e+00
      5.208    19.0621   4.123767    30.2603       1086     4.5208  0.000e+00
      5.128    19.0706   4.124522    30.2603       1087     4.5250  0.000e+00
      5.066    19.0762   4.124819    30.2587       1088     4.5292  0.000e+00
      5.012    19.0799   4.124619    30.2544       1089     4.5333  0.000e+00
      4.967    19.0821   4.123347    30.2424       1090     4.5375  0.000e+00
      4.938    19.0860   4.123082    30.2374       1091     4.5417  0.000e+00
      4.924    19.0916   4.123082    30.2334       1092     4.5458  0.000e+00
      4.915    19.0961   4.123960    30.2373       1093     4.5500  0.000e+00
      4.924    19.0986   4.125110    30.2448       1094     4.5542  0.000e+00
      4.936    19.0986   4.125794    30.2504       1095     4.5583  0.000e+00
      4.942    19.0974   4.126285    30.2553       1096     4.5625  0.000e+00
      4.949    19.0957   4.126337    30.2570       1097     4.5667  0.000e+00
      4.949    19.0944   4.125232    30.2489       1098     4.5708  0.000e+00
      4.938    19.0949   4.125995    30.2547       1099     4.5750  0.000e+00
      4.911    19.0956   4.128171    30.2721       1100     4.5792  0.000e+00
      4.875    19.0934   4.128753    30.2784       1101     4.5833  0.000e+00
      4.811    19.0896   4.127829    30.2736       1102     4.5875  0.000e+00
      4.744    19.0869   4.125969    30.2604       1103     4.5917  0.000e+00
      4.681    19.0878   4.125433    30.2554       1104     4.5958  0.000e+00
      4.613    19.0900   4.126873    30.2656       1105     4.6000  0.000e+00
      4.554    19.0906   4.125891    30.2572       1106     4.6042  0.000e+00
      4.485    19.0901   4.124231    30.2440       1107     4.6083  0.000e+00
      4.414    19.0916   4.123934    30.2405       1108     4.6125  0.000e+00
      4.342    19.0942   4.122029    30.2231       1109     4.6167  0.000e+00
      4.257    19.0998   4.122145    30.2199       1110     4.6208  0.000e+00
      4.176    19.1062   4.122249    30.2162       1111     4.6250  0.000e+00
      4.094    19.1106   4.124547    30.2318       1112     4.6292  0.000e+00
      4.011    19.1106   4.125187    30.2370       1113     4.6333  0.000e+00
      3.936    19.1064   4.124547    30.2349       1114     4.6375  0.000e+00
      3.880    19.1020   4.125193    30.2434       1115     4.6417  0.000e+00
      3.823    19.1004   4.126776    30.2575       1116     4.6458  0.000e+00
      3.774    19.0938   4.126730    30.2619       1117     4.6500  0.000e+00
      3.749    19.0873   4.126388    30.2639       1118     4.6542  0.000e+00
      3.727    19.0837   4.125452    30.2589       1119     4.6583  0.000e+00
      3.711    19.0829   4.124231    30.2495       1120     4.6625  0.000e+00
      3.697    19.0852   4.122688    30.2352       1121     4.6667  0.000e+00
      3.690    19.0900   4.122371    30.2291       1122     4.6708  0.000e+00
      3.670    19.0973   4.124379    30.2402       1123     4.6750  0.000e+00
      3.639    19.1004   4.123998    30.2349       1124     4.6792  0.000e+00
      3.613    19.1016   4.124450    30.2377       1125     4.6833  0.000e+00
      3.566    19.1013   4.125064    30.2429       1126     4.6875  0.000e+00
      3.510    19.0980   4.125942    30.2526       1127     4.6917  0.000e+00
      3.438    19.0915   4.126162    30.2591       1128     4.6958  0.000e+00
      3.357    19.0834   4.125871    30.2626       1129     4.7000  0.000e+00
      3.282    19.0778   4.125232    30.2615       1130     4.7042  0.000e+00
      3.216    19.0765   4.103748    30.0869       1131     4.7083  0.000e+00
      3.137    19.1000   4.122371    30.2220       1132     4.7125  0.000e+00
      3.052    19.1128   4.124256    30.2282       1133     4.7167  0.000e+00
      2.962    19.1007   4.124353    30.2378       1134     4.7208  0.000e+00
      2.883    19.0899   4.122810    30.2330       1135     4.7250  0.000e+00
      2.806    19.0979   4.122687    30.2263       1136     4.7292  0.000e+00
      2.743    19.1055   4.126407    30.2511       1137     4.7333  0.000e+00
      2.686    19.0858   4.127725    30.2762       1138     4.7375  0.000e+00
      2.628    19.0489   4.125258    30.2830       1139     4.7417  0.000e+00
      2.596    19.0442   4.122688    30.2654       1140     4.7458  0.000e+00
      2.589    19.0687   4.121048    30.2341       1141     4.7500  0.000e+00
      2.587    19.0992   4.119556    30.1998       1142     4.7542  0.000e+00
      2.582    19.1287   4.119478    30.1777       1143     4.7583  0.000e+00
      2.583    19.1483   4.119555    30.1642       1144     4.7625  0.000e+00
      2.580    19.1589   4.119600    30.1569       1145     4.7667  0.000e+00
      2.564    19.1643   4.119678    30.1536       1146     4.7708  0.000e+00
      2.544    19.1668   4.119762    30.1525       1147     4.7750  0.000e+00
      2.511    19.1680   4.119723    30.1513       1148     4.7792  0.000e+00
      2.465    19.1688   4.119845    30.1517       1149     4.7833  0.000e+00
      2.406    19.1696   4.119897    30.1516       1150     4.7875  0.000e+00
      2.330    19.1692   4.119652    30.1499       1151     4.7917  0.000e+00
      2.240    19.1690   4.119807    30.1513       1152     4.7958  0.000e+00
      2.143    19.1696   4.119335    30.1471       1153     4.8000  0.000e+00
      2.046    19.1717   4.119380    30.1460       1154     4.8042  0.000e+00
      1.944    19.1742   4.119529    30.1454       1155     4.8083  0.000e+00
      1.845    19.1751   4.119774    30.1468       1156     4.8125  0.000e+00
      1.766    19.1742   4.120691    30.1549       1157     4.8167  0.000e+00
      1.689    19.1670   4.123151    30.1802       1158     4.8208  0.000e+00
      1.628    19.1445   4.122809    30.1938       1159     4.8250  0.000e+00
      1.565    19.1317   4.119484    30.1760       1160     4.8292  0.000e+00
      1.513    19.1428   4.119335    30.1667       1161     4.8333  0.000e+00
      1.473    19.1588   4.119174    30.1538       1162     4.8375  0.000e+00
      1.459    19.1685   4.119283    30.1477       1163     4.8417  0.000e+00
      1.468    19.1734   4.119335    30.1446       1164     4.8458  0.000e+00
      1.477    19.1756   4.119432    30.1437       1165     4.8500  0.000e+00
      1.493    19.1769   4.119483    30.1433       1166     4.8542  0.000e+00
      1.513    19.1773   4.119503    30.1431       1167     4.8583  0.000e+00
      1.531    19.1773   4.119483    30.1429       1168     4.8625  0.000e+00
      1.529    19.1775   4.119309    30.1414       1169     4.8667  0.000e+00
      1.525    19.1782   4.119458    30.1421       1170     4.8708  0.000e+00
      1.520    19.1782   4.119290    30.1407       1171     4.8750  0.000e+00
      1.520    19.1782   4.119238    30.1403       1172     4.8792  0.000e+00
      1.513    19.1787   4.118844    30.1367       1173     4.8833  0.000e+00
      1.497    19.1805   4.118696    30.1342       1174     4.8875  0.000e+00
      1.448    19.1823   4.118599    30.1321       1175     4.8917  0.000e+00
      1.389    19.1838   4.118612    30.1312       1176     4.8958  0.000e+00
      1.324    19.1842   4.118528    30.1302       1177     4.9000  0.000e+00
      1.261    19.1837   4.118476    30.1302       1178     4.9042  0.000e+00
      1.202    19.1828   4.118573    30.1316       1179     4.9083  0.000e+00
      1.123    19.1824   4.118651    30.1326       1180     4.9125  0.000e+00
      1.006    19.1823   4.118567    30.1320       1181     4.9167  0.000e+00
      0.823    19.1829   4.118650    30.1323       1182     4.9208  0.000e+00
      0.679    19.1835   4.118599    30.1315       1183     4.9250  0.000e+00
      0.647    19.1842   4.118818    30.1328       1184     4.9292  0.000e+00
      0.611    19.1846   4.118870    30.1329       1185     4.9333  0.000e+00
      0.566    19.1840   4.118799    30.1328       1186     4.9375  0.000e+00
      0.539    19.1834   4.118844    30.1336       1187     4.9417  0.000e+00
      0.523    19.1827   4.118676    30.1327       1188     4.9458  0.000e+00
      0.498    19.1819   4.118599    30.1327       1189     4.9500  0.000e+00
      0.478    19.1806   4.118624    30.1339       1190     4.9542  0.000e+00
      0.496    19.1796   4.118683    30.1351       1191     4.9583  0.000e+00
      0.507    19.1793   4.118747    30.1358       1192     4.9625  0.000e+00
      0.491    19.1795   4.118696    30.1352       1193     4.9667  0.000e+00
      0.462    19.1794   4.118747    30.1357       1194     4.9708  0.000e+00
      0.432    19.1794   4.118896    30.1369       1195     4.9750  0.000e+00
      0.419    19.1800   4.118960    30.1371       1196     4.9792  0.000e+00
      0.423    19.1806   4.118941    30.1365       1197     4.9833  0.000e+00
      0.428    19.1811   4.118870    30.1355       1198     4.9875  0.000e+00
      0.458    19.1810   4.118896    30.1358       1199     4.9917  0.000e+00
      0.496    19.1813   4.118896    30.1356       1200     4.9958  0.000e+00
      0.525    19.1813   4.118915    30.1357       1201     5.0000  0.000e+00
      0.523    19.1814   4.118792    30.1347       1202     5.0042  0.000e+00
      0.498    19.1812   4.118818    30.1350       1203     5.0083  0.000e+00
      0.457    19.1812   4.118792    30.1348       1204     5.0125  0.000e+00
      0.405    19.1814   4.118844    30.1351       1205     5.0167  0.000e+00
      0.399    19.1816   4.118792    30.1346       1206     5.0208  0.000e+00
      0.392    19.1815   4.118818    30.1348       1207     5.0250  0.000e+00
      0.396    19.1816   4.118747    30.1342       1208     5.0292  0.000e+00
      0.401    19.1809   4.118573    30.1332       1209     5.0333  0.000e+00
      0.370    19.1803   4.118379    30.1321       1210     5.0375  0.000e+00
      0.351    19.1801   4.118211    30.1309       1211     5.0417  0.000e+00
      0.306    19.1805   4.118257    30.1310       1212     5.0458  0.000e+00
      0.220    19.1817   4.118334    30.1308       1213     5.0500  0.000e+00
      0.144    19.1827   4.118256    30.1294       1214     5.0542  0.000e+00
      0.074    19.1831   4.032107    29.4281       1215     5.0583  0.000e+00
      0.040    19.1831   0.852112     5.4061       1216     5.0625  0.000e+00
      0.040    19.1857   0.540273     3.3191       1217     5.0667  0.000e+00
      0.036    19.1941   0.360105     2.1554       1218     5.0708  0.000e+00
      0.035    19.2087   0.337142     2.0093       1219     5.0750  0.000e+00
      0.042    19.2168   0.279465     1.6471       1220     5.0792  0.000e+00
      0.044    19.2181   0.250230     1.4657       1221     5.0833  0.000e+00
      0.038    19.2174   0.232071     1.3537       1222     5.0875  0.000e+00
      0.038    19.2160   0.212054     1.2311       1223     5.0917  0.000e+00
      0.040    19.2147   0.201040     1.1639       1224     5.0958  0.000e+00
      0.042    19.2133   0.186436     1.0752       1225     5.1000  0.000e+00
      0.045    19.2120   0.169576     0.9734       1226     5.1042  0.000e+00
      0.044    19.2109   0.149408     0.8524       1227     5.1083  0.000e+00
      0.036    19.2097   0.088068     0.4912       1228     5.1125  0.000e+00
      0.038    19.2083   0.070911     0.3925       1229     5.1167  0.000e+00
