PC2406/sbe027.cnv
* Sea-Bird SBE 19plus V2 Data File:
* FileName = C:\cruise\data\sbe027.hex
* Software Version Seasave V 7.26.7.121
* Temperature SN = 7142
* Conductivity SN = 7142
* System UpLoad Time = Oct 29 2024 17:28:13
* NMEA Latitude = 39 25.79 N
* NMEA Longitude = 073 13.68 W
* NMEA UTC (Time) = Oct 29 2024  17:28:11
** Ship: Pisces
** Cruise:  PC2406
** Program:  Fall ECOMON
# nquan = 7
# nvalues = 1487                                  
# units = specified
# name 0 = depSM: Depth [salt water, m]
# name 1 = tv290C: Temperature [ITS-90, deg C]
# name 2 = c0S/m: Conductivity [S/m]
# name 3 = sal00: Salinity, Practical [PSU]
# name 4 = scan: Scan Count
# name 5 = timeM: Time, Elapsed [minutes]
# name 6 = flag:  0.000e+00
# span 0 =      0.127,     48.738                 
# span 1 =    17.0870,    17.9898                 
# span 2 =  -0.061574,   4.338092                 
# span 3 =     0.0000,    33.4809                 
# span 4 =         11,       1497                 
# span 5 =     0.0417,     6.2333                 
# span 6 = 0.0000e+00, 0.0000e+00                 
# interval = seconds: 0.25
# start_time = Oct 29 2024 17:28:11 [NMEA time, header]
# bad_flag = -9.990e-29
*END*
[from data line 1231]
      8.967    17.1771   4.310584    33.2902       1242     5.1708  0.000e+00
      8.917    17.1772   4.310624    33.2905       1243     5.1750  0.000e+00
      8.861    17.1775   4.311078    33.2942       1244     5.1792  0.000e+00
      8.805    17.1789   4.310953    33.2919       1245     5.1833  0.000e+00
      8.743    17.1799   4.311249    33.2937       1246     5.1875  0.000e+00
      8.673    17.1818   4.311551    33.2948       1247     5.1917  0.000e+00
      8.601    17.1840   4.311051    33.2887       1248     5.1958  0.000e+00
      8.520    17.1837   4.310913    33.2878       1249     5.2000  0.000e+00
      8.441    17.1824   4.310906    33.2889       1250     5.2042  0.000e+00
      8.364    17.1816   4.310906    33.2895       1251     5.2083  0.000e+00
      8.290    17.1808   4.310808    33.2894       1252     5.2125  0.000e+00
      8.227    17.1803   4.310808    33.2898       1253     5.2167  0.000e+00
      8.175    17.1797   4.310755    33.2898       1254     5.2208  0.000e+00
      8.130    17.1794   4.310729    33.2898       1255     5.2250  0.000e+00
      8.102    17.1792   4.310683    33.2897       1256     5.2292  0.000e+00
      8.084    17.1788   4.310656    33.2898       1257     5.2333  0.000e+00
      8.069    17.1784   4.310597    33.2896       1258     5.2375  0.000e+00
      8.057    17.1783   4.310584    33.2896       1259     5.2417  0.000e+00
      8.051    17.1780   4.310630    33.2902       1260     5.2458  0.000e+00
      8.037    17.1780   4.310702    33.2909       1261     5.2500  0.000e+00
      8.026    17.1780   4.310781    33.2915       1262     5.2542  0.000e+00
      8.010    17.1786   4.310808    33.2913       1263     5.2583  0.000e+00
      7.976    17.1791   4.310834    33.2911       1264     5.2625  0.000e+00
      7.926    17.1794   4.310808    33.2907       1265     5.2667  0.000e+00
      7.857    17.1799   4.310886    33.2909       1266     5.2708  0.000e+00
      7.769    17.1801   4.310932    33.2912       1267     5.2750  0.000e+00
      7.671    17.1809   4.310755    33.2891       1268     5.2792  0.000e+00
      7.565    17.1802   4.310498    33.2874       1269     5.2833  0.000e+00
      7.460    17.1788   4.310511    33.2888       1270     5.2875  0.000e+00
      7.363    17.1777   4.310735    33.2916       1271     5.2917  0.000e+00
      7.277    17.1780   4.310551    33.2899       1272     5.2958  0.000e+00
      7.209    17.1778   4.310360    33.2884       1273     5.3000  0.000e+00
      7.148    17.1768   4.310485    33.2903       1274     5.3042  0.000e+00
      7.096    17.1764   4.310445    33.2903       1275     5.3083  0.000e+00
      7.053    17.1764   4.310334    33.2894       1276     5.3125  0.000e+00
      7.015    17.1760   4.310413    33.2904       1277     5.3167  0.000e+00
      6.986    17.1758   4.310524    33.2915       1278     5.3208  0.000e+00
      6.961    17.1765   4.310630    33.2919       1279     5.3250  0.000e+00
      6.927    17.1772   4.310511    33.2903       1280     5.3292  0.000e+00
      6.904    17.1773   4.310498    33.2901       1281     5.3333  0.000e+00
      6.873    17.1771   4.310386    33.2893       1282     5.3375  0.000e+00
      6.855    17.1766   4.310288    33.2888       1283     5.3417  0.000e+00
      6.837    17.1757   4.310163    33.2885       1284     5.3458  0.000e+00
      6.816    17.1748   4.310090    33.2887       1285     5.3500  0.000e+00
      6.794    17.1738   4.310038    33.2890       1286     5.3542  0.000e+00
      6.783    17.1730   4.309926    33.2888       1287     5.3583  0.000e+00
      6.765    17.1725   4.309992    33.2897       1288     5.3625  0.000e+00
      6.740    17.1719   4.310136    33.2915       1289     5.3667  0.000e+00
      6.710    17.1722   4.310314    33.2927       1290     5.3708  0.000e+00
      6.660    17.1734   4.310458    33.2931       1291     5.3750  0.000e+00
      6.586    17.1750   4.310524    33.2923       1292     5.3792  0.000e+00
      6.487    17.1762   4.310458    33.2908       1293     5.3833  0.000e+00
      6.381    17.1768   4.310412    33.2900       1294     5.3875  0.000e+00
      6.274    17.1765   4.310340    33.2896       1295     5.3917  0.000e+00
      6.159    17.1765   4.310360    33.2899       1296     5.3958  0.000e+00
      6.051    17.1761   4.310333    33.2899       1297     5.4000  0.000e+00
      5.948    17.1759   4.310702    33.2934       1298     5.4042  0.000e+00
      5.866    17.1767   4.310412    33.2902       1299     5.4083  0.000e+00
      5.807    17.1770   4.310333    33.2893       1300     5.4125  0.000e+00
      5.778    17.1763   4.310524    33.2915       1301     5.4167  0.000e+00
      5.769    17.1766   4.310655    33.2924       1302     5.4208  0.000e+00
      5.776    17.1776   4.310780    33.2927       1303     5.4250  0.000e+00
      5.794    17.1786   4.310833    33.2923       1304     5.4292  0.000e+00
      5.825    17.1797   4.310853    33.2916       1305     5.4333  0.000e+00
      5.859    17.1805   4.311004    33.2922       1306     5.4375  0.000e+00
      5.900    17.1813   4.311142    33.2927       1307     5.4417  0.000e+00
      5.934    17.1824   4.311103    33.2915       1308     5.4458  0.000e+00
      5.956    17.1832   4.311247    33.2920       1309     5.4500  0.000e+00
      5.965    17.1838   4.311372    33.2926       1310     5.4542  0.000e+00
      5.952    17.1847   4.311201    33.2904       1311     5.4583  0.000e+00
      5.907    17.1858   4.311175    33.2893       1312     5.4625  0.000e+00
      5.834    17.1853   4.311247    33.2903       1313     5.4667  0.000e+00
      5.738    17.1852   4.311274    33.2907       1314     5.4708  0.000e+00
      5.622    17.1849   4.310675    33.2858       1315     5.4750  0.000e+00
      5.505    17.1832   4.310609    33.2867       1316     5.4792  0.000e+00
      5.390    17.1809   4.310780    33.2901       1317     5.4833  0.000e+00
      5.300    17.1804   4.310833    33.2910       1318     5.4875  0.000e+00
      5.239    17.1806   4.310905    33.2915       1319     5.4917  0.000e+00
      5.196    17.1809   4.310977    33.2918       1320     5.4958  0.000e+00
      5.185    17.1816   4.311247    33.2936       1321     5.5000  0.000e+00
      5.189    17.1830   4.311569    33.2952       1322     5.5042  0.000e+00
      5.198    17.1852   4.311793    33.2954       1323     5.5083  0.000e+00
      5.216    17.1878   4.311997    33.2950       1324     5.5125  0.000e+00
      5.232    17.1900   4.312069    33.2938       1325     5.5167  0.000e+00
      5.252    17.1918   4.312115    33.2927       1326     5.5208  0.000e+00
      5.263    17.1926   4.312148    33.2923       1327     5.5250  0.000e+00
      5.261    17.1933   4.312168    33.2919       1328     5.5292  0.000e+00
      5.216    17.1937   4.312069    33.2907       1329     5.5333  0.000e+00
      5.142    17.1938   4.312201    33.2918       1330     5.5375  0.000e+00
      5.033    17.1939   4.311845    33.2887       1331     5.5417  0.000e+00
      4.914    17.1931   4.312069    33.2914       1332     5.5458  0.000e+00
      4.810    17.1928   4.312385    33.2943       1333     5.5500  0.000e+00
      4.731    17.1939   4.312437    33.2939       1334     5.5542  0.000e+00
      4.693    17.1954   4.312582    33.2940       1335     5.5583  0.000e+00
      4.675    17.1970   4.312483    33.2918       1336     5.5625  0.000e+00
      4.677    17.1975   4.312483    33.2913       1337     5.5667  0.000e+00
      4.686    17.1976   4.312510    33.2915       1338     5.5708  0.000e+00
      4.697    17.1977   4.312641    33.2926       1339     5.5750  0.000e+00
      4.706    17.1984   4.312786    33.2933       1340     5.5792  0.000e+00
      4.711    17.1991   4.312786    33.2926       1341     5.5833  0.000e+00
      4.697    17.2000   4.312615    33.2905       1342     5.5875  0.000e+00
      4.659    17.1996   4.312385    33.2888       1343     5.5917  0.000e+00
      4.596    17.1985   4.312312    33.2891       1344     5.5958  0.000e+00
      4.523    17.1973   4.312253    33.2896       1345     5.6000  0.000e+00
      4.454    17.1963   4.312214    33.2901       1346     5.6042  0.000e+00
      4.395    17.1956   4.312240    33.2909       1347     5.6083  0.000e+00
      4.347    17.1953   4.312332    33.2920       1348     5.6125  0.000e+00
      4.300    17.1956   4.312286    33.2914       1349     5.6167  0.000e+00
      4.246    17.1959   4.312115    33.2897       1350     5.6208  0.000e+00
      4.183    17.1951   4.312042    33.2897       1351     5.6250  0.000e+00
      4.124    17.1945   4.312167    33.2914       1352     5.6292  0.000e+00
      4.058    17.1941   4.312358    33.2933       1353     5.6333  0.000e+00
      3.997    17.1951   4.312312    33.2921       1354     5.6375  0.000e+00
      3.953    17.1958   4.312187    33.2905       1355     5.6417  0.000e+00
      3.934    17.1954   4.312148    33.2905       1356     5.6458  0.000e+00
      3.941    17.1950   4.312042    33.2899       1357     5.6500  0.000e+00
      3.973    17.1944   4.311990    33.2899       1358     5.6542  0.000e+00
      4.004    17.1938   4.312121    33.2915       1359     5.6583  0.000e+00
      4.036    17.1939   4.312167    33.2919       1360     5.6625  0.000e+00
      4.074    17.1943   4.312213    33.2919       1361     5.6667  0.000e+00
      4.106    17.1947   4.312095    33.2905       1362     5.6708  0.000e+00
      4.128    17.1945   4.311963    33.2896       1363     5.6750  0.000e+00
      4.122    17.1938   4.311963    33.2901       1364     5.6792  0.000e+00
      4.067    17.1931   4.311891    33.2902       1365     5.6833  0.000e+00
      3.975    17.1922   4.311621    33.2885       1366     5.6875  0.000e+00
      3.871    17.1912   4.311398    33.2875       1367     5.6917  0.000e+00
      3.786    17.1896   4.311503    33.2898       1368     5.6958  0.000e+00
      3.718    17.1887   4.311398    33.2896       1369     5.7000  0.000e+00
      3.675    17.1880   4.311549    33.2915       1370     5.7042  0.000e+00
      3.654    17.1882   4.311529    33.2912       1371     5.7083  0.000e+00
      3.628    17.1882   4.311569    33.2916       1372     5.7125  0.000e+00
      3.607    17.1882   4.311569    33.2915       1373     5.7167  0.000e+00
      3.578    17.1886   4.312042    33.2953       1374     5.7208  0.000e+00
      3.535    17.1903   4.312411    33.2971       1375     5.7250  0.000e+00
      3.458    17.1932   4.312312    33.2939       1376     5.7292  0.000e+00
      3.348    17.1950   4.311970    33.2895       1377     5.7333  0.000e+00
      3.219    17.1945   4.311720    33.2878       1378     5.7375  0.000e+00
      3.092    17.1930   4.311450    33.2868       1379     5.7417  0.000e+00
      2.995    17.1907   4.311555    33.2896       1380     5.7458  0.000e+00
      2.930    17.1895   4.311522    33.2903       1381     5.7500  0.000e+00
      2.914    17.1891   4.311621    33.2915       1382     5.7542  0.000e+00
      2.944    17.1891   4.311634    33.2916       1383     5.7583  0.000e+00
      2.987    17.1894   4.311667    33.2916       1384     5.7625  0.000e+00
      3.032    17.1897   4.311667    33.2913       1385     5.7667  0.000e+00
      3.074    17.1898   4.311759    33.2921       1386     5.7708  0.000e+00
      3.113    17.1901   4.311864    33.2927       1387     5.7750  0.000e+00
      3.153    17.1908   4.311943    33.2928       1388     5.7792  0.000e+00
      3.185    17.1916   4.311943    33.2922       1389     5.7833  0.000e+00
      3.178    17.1922   4.311917    33.2914       1390     5.7875  0.000e+00
      3.128    17.1921   4.311812    33.2906       1391     5.7917  0.000e+00
      3.041    17.1919   4.312088    33.2932       1392     5.7958  0.000e+00
      2.941    17.1921   4.312068    33.2929       1393     5.8000  0.000e+00
      2.835    17.1928   4.311555    33.2879       1394     5.8042  0.000e+00
      2.758    17.1916   4.311943    33.2923       1395     5.8083  0.000e+00
      2.715    17.1916   4.311963    33.2925       1396     5.8125  0.000e+00
      2.693    17.1922   4.312022    33.2925       1397     5.8167  0.000e+00
      2.673    17.1926   4.311989    33.2919       1398     5.8208  0.000e+00
      2.664    17.1930   4.311917    33.2910       1399     5.8250  0.000e+00
      2.670    17.1926   4.311838    33.2906       1400     5.8292  0.000e+00
      2.679    17.1925   4.311496    33.2877       1401     5.8333  0.000e+00
      2.695    17.1921   4.311864    33.2912       1402     5.8375  0.000e+00
      2.709    17.1918   4.311838    33.2912       1403     5.8417  0.000e+00
      2.723    17.1916   4.311818    33.2912       1404     5.8458  0.000e+00
      2.718    17.1916   4.311766    33.2908       1405     5.8500  0.000e+00
      2.675    17.1911   4.311423    33.2883       1406     5.8542  0.000e+00
      2.564    17.1901   4.311844    33.2928       1407     5.8583  0.000e+00
      2.415    17.1900   4.311864    33.2931       1408     5.8625  0.000e+00
      2.267    17.1907   4.311654    33.2907       1409     5.8667  0.000e+00
      2.138    17.1906   4.311719    33.2914       1410     5.8708  0.000e+00
      2.066    17.1906   4.311943    33.2934       1411     5.8750  0.000e+00
      2.061    17.1913   4.311838    33.2919       1412     5.8792  0.000e+00
      2.106    17.1916   4.311746    33.2908       1413     5.8833  0.000e+00
      2.167    17.1915   4.311693    33.2904       1414     5.8875  0.000e+00
      2.226    17.1910   4.311634    33.2903       1415     5.8917  0.000e+00
      2.296    17.1905   4.311667    33.2910       1416     5.8958  0.000e+00
      2.357    17.1900   4.311746    33.2921       1417     5.9000  0.000e+00
      2.415    17.1902   4.311838    33.2926       1418     5.9042  0.000e+00
      2.427    17.1907   4.311943    33.2931       1419     5.9083  0.000e+00
      2.402    17.1914   4.311818    33.2915       1420     5.9125  0.000e+00
      2.355    17.1919   4.311785    33.2908       1421     5.9167  0.000e+00
      2.310    17.1914   4.311469    33.2885       1422     5.9208  0.000e+00
      2.285    17.1901   4.311608    33.2908       1423     5.9250  0.000e+00
      2.264    17.1897   4.311844    33.2932       1424     5.9292  0.000e+00
      2.231    17.1902   4.312015    33.2943       1425     5.9333  0.000e+00
      2.199    17.1916   4.312121    33.2940       1426     5.9375  0.000e+00
      2.165    17.1930   4.312114    33.2929       1427     5.9417  0.000e+00
      2.127    17.1936   4.312015    33.2915       1428     5.9458  0.000e+00
      2.068    17.1936   4.311995    33.2913       1429     5.9500  0.000e+00
      1.998    17.1935   4.311943    33.2910       1430     5.9542  0.000e+00
      1.921    17.1931   4.311844    33.2905       1431     5.9583  0.000e+00
      1.831    17.1926   4.311785    33.2905       1432     5.9625  0.000e+00
      1.756    17.1918   4.311791    33.2912       1433     5.9667  0.000e+00
      1.682    17.1917   4.311647    33.2900       1434     5.9708  0.000e+00
      1.628    17.1908   4.311653    33.2909       1435     5.9750  0.000e+00
      1.571    17.1903   4.311693    33.2916       1436     5.9792  0.000e+00
      1.535    17.1904   4.311693    33.2916       1437     5.9833  0.000e+00
      1.520    17.1905   4.311758    33.2921       1438     5.9875  0.000e+00
      1.524    17.1907   4.311818    33.2924       1439     5.9917  0.000e+00
      1.537    17.1910   4.311864    33.2926       1440     5.9958  0.000e+00
      1.585    17.1915   4.311864    33.2921       1441     6.0000  0.000e+00
      1.648    17.1917   4.311818    33.2915       1442     6.0042  0.000e+00
      1.725    17.1916   4.311693    33.2905       1443     6.0083  0.000e+00
      1.813    17.1912   4.311680    33.2907       1444     6.0125  0.000e+00
      1.888    17.1908   4.311719    33.2913       1445     6.0167  0.000e+00
