PC2406/sbe069.cnv
* Sea-Bird SBE 19plus V2 Data File:
* FileName = C:\cruise\data\sbe069.hex
* Software Version Seasave V 7.26.7.121
* Temperature SN = 7142
* Conductivity SN = 7142
* System UpLoad Time = Nov 11 2024 03:09:50
* NMEA Latitude = 40 46.35 N
* NMEA Longitude = 072 35.93 W
* NMEA UTC (Time) = Nov 11 2024  03:09:44
** Ship: Pisces
** Cruise:  PC2406
** Program:  Fall ECOMON
# nquan = 7
# nvalues = 1135                                  
# units = specified
# name 0 = depSM: Depth [salt water, m]
# name 1 = tv290C: Temperature [ITS-90, deg C]
# name 2 = c0S/m: Conductivity [S/m]
# name 3 = sal00: Salinity, Practical [PSU]
# name 4 = scan: Scan Count
# name 5 = timeM: Time, Elapsed [minutes]
# name 6 = flag:  0.000e+00
# span 0 =     -0.011,     18.671                 
# span 1 =    15.8281,    15.9989                 
# span 2 =   0.000160,   4.108567                 
# span 3 =     0.0083,    32.5931                 
# span 4 =         11,       1145                 
# span 5 =     0.0417,     4.7667                 
# span 6 = 0.0000e+00, 0.0000e+00                 
# interval = seconds: 0.25
# start_time = Nov 11 2024 03:09:44 [NMEA time, header]
# bad_flag = -9.990e-29
*END*
[from data line 411]
     18.294    15.8441   4.101264    32.5547        422     1.7542  0.000e+00
     18.280    15.8440   4.101245    32.5546        423     1.7583  0.000e+00
     18.255    15.8438   4.101194    32.5543        424     1.7625  0.000e+00
     18.226    15.8441   4.101245    32.5546        425     1.7667  0.000e+00
     18.190    15.8440   4.101245    32.5547        426     1.7708  0.000e+00
     18.159    15.8439   4.101264    32.5549        427     1.7750  0.000e+00
     18.127    15.8439   4.101264    32.5549        428     1.7792  0.000e+00
     18.097    15.8443   4.101290    32.5548        429     1.7833  0.000e+00
     18.068    15.8442   4.101219    32.5543        430     1.7875  0.000e+00
     18.046    15.8442   4.101245    32.5545        431     1.7917  0.000e+00
     18.025    15.8441   4.101245    32.5547        432     1.7958  0.000e+00
     18.012    15.8441   4.101245    32.5547        433     1.8000  0.000e+00
     18.000    15.8442   4.101290    32.5550        434     1.8042  0.000e+00
     17.984    15.8443   4.101316    32.5551        435     1.8083  0.000e+00
     17.967    15.8442   4.101309    32.5552        436     1.8125  0.000e+00
     17.958    15.8444   4.101264    32.5546        437     1.8167  0.000e+00
     17.946    15.8444   4.101342    32.5553        438     1.8208  0.000e+00
     17.921    15.8445   4.101361    32.5554        439     1.8250  0.000e+00
     17.905    15.8447   4.101387    32.5554        440     1.8292  0.000e+00
     17.879    15.8449   4.101361    32.5551        441     1.8333  0.000e+00
     17.852    15.8452   4.101335    32.5546        442     1.8375  0.000e+00
     17.831    15.8449   4.101342    32.5549        443     1.8417  0.000e+00
     17.811    15.8449   4.101342    32.5549        444     1.8458  0.000e+00
     17.788    15.8450   4.101342    32.5549        445     1.8500  0.000e+00
     17.764    15.8450   4.101361    32.5551        446     1.8542  0.000e+00
     17.752    15.8450   4.101361    32.5550        447     1.8583  0.000e+00
     17.736    15.8450   4.101354    32.5550        448     1.8625  0.000e+00
     17.716    15.8452   4.101342    32.5547        449     1.8667  0.000e+00
     17.694    15.8451   4.101316    32.5546        450     1.8708  0.000e+00
     17.682    15.8452   4.101245    32.5539        451     1.8750  0.000e+00
     17.662    15.8448   4.101412    32.5557        452     1.8792  0.000e+00
     17.639    15.8450   4.101535    32.5567        453     1.8833  0.000e+00
     17.623    15.8456   4.101567    32.5564        454     1.8875  0.000e+00
     17.599    15.8460   4.101438    32.5550        455     1.8917  0.000e+00
     17.581    15.8461   4.101361    32.5542        456     1.8958  0.000e+00
     17.565    15.8458   4.101361    32.5545        457     1.9000  0.000e+00
     17.554    15.8454   4.101387    32.5550        458     1.9042  0.000e+00
     17.542    15.8453   4.101361    32.5549        459     1.9083  0.000e+00
     17.533    15.8453   4.101354    32.5548        460     1.9125  0.000e+00
     17.522    15.8453   4.101438    32.5556        461     1.9167  0.000e+00
     17.501    15.8454   4.101631    32.5572        462     1.9208  0.000e+00
     17.477    15.8459   4.101780    32.5581        463     1.9250  0.000e+00
     17.452    15.8469   4.101850    32.5580        464     1.9292  0.000e+00
     17.413    15.8475   4.101876    32.5577        465     1.9333  0.000e+00
     17.373    15.8482   4.101941    32.5577        466     1.9375  0.000e+00
     17.325    15.8487   4.101895    32.5569        467     1.9417  0.000e+00
     17.280    15.8489   4.101799    32.5559        468     1.9458  0.000e+00
     17.229    15.8488   4.101728    32.5553        469     1.9500  0.000e+00
     17.188    15.8484   4.101657    32.5551        470     1.9542  0.000e+00
     17.147    15.8478   4.101631    32.5553        471     1.9583  0.000e+00
     17.111    15.8477   4.101631    32.5555        472     1.9625  0.000e+00
     17.080    15.8473   4.101870    32.5579        473     1.9667  0.000e+00
     17.061    15.8478   4.102140    32.5599        474     1.9708  0.000e+00
     17.050    15.8489   4.102359    32.5609        475     1.9750  0.000e+00
     17.044    15.8503   4.102482    32.5609        476     1.9792  0.000e+00
     17.043    15.8514   4.102437    32.5596        477     1.9833  0.000e+00
     17.039    15.8519   4.102385    32.5587        478     1.9875  0.000e+00
     17.034    15.8521   4.102449    32.5591        479     1.9917  0.000e+00
     17.027    15.8522   4.102333    32.5580        480     1.9958  0.000e+00
     17.023    15.8522   4.102314    32.5578        481     2.0000  0.000e+00
     17.014    15.8520   4.102288    32.5578        482     2.0042  0.000e+00
     16.998    15.8519   4.102333    32.5583        483     2.0083  0.000e+00
     16.973    15.8516   4.102359    32.5587        484     2.0125  0.000e+00
     16.948    15.8517   4.102308    32.5582        485     2.0167  0.000e+00
     16.906    15.8516   4.102217    32.5575        486     2.0208  0.000e+00
     16.863    15.8514   4.102114    32.5568        487     2.0250  0.000e+00
     16.816    15.8509   4.102192    32.5579        488     2.0292  0.000e+00
     16.761    15.8508   4.102288    32.5588        489     2.0333  0.000e+00
     16.702    15.8511   4.102456    32.5601        490     2.0375  0.000e+00
     16.644    15.8518   4.102565    32.5605        491     2.0417  0.000e+00
     16.594    15.8524   4.102578    32.5602        492     2.0458  0.000e+00
     16.536    15.8530   4.102604    32.5599        493     2.0500  0.000e+00
     16.497    15.8531   4.102604    32.5598        494     2.0542  0.000e+00
     16.463    15.8532   4.102604    32.5598        495     2.0583  0.000e+00
     16.438    15.8535   4.102604    32.5595        496     2.0625  0.000e+00
     16.414    15.8536   4.102591    32.5594        497     2.0667  0.000e+00
     16.403    15.8537   4.102533    32.5588        498     2.0708  0.000e+00
     16.393    15.8536   4.102456    32.5582        499     2.0750  0.000e+00
     16.385    15.8532   4.102456    32.5585        500     2.0792  0.000e+00
     16.382    15.8531   4.102456    32.5586        501     2.0833  0.000e+00
     16.375    15.8530   4.102436    32.5585        502     2.0875  0.000e+00
     16.369    15.8528   4.102430    32.5586        503     2.0917  0.000e+00
     16.364    15.8529   4.102436    32.5586        504     2.0958  0.000e+00
     16.355    15.8526   4.102411    32.5586        505     2.1000  0.000e+00
     16.346    15.8526   4.102385    32.5584        506     2.1042  0.000e+00
     16.323    15.8526   4.102359    32.5582        507     2.1083  0.000e+00
     16.292    15.8523   4.102359    32.5584        508     2.1125  0.000e+00
     16.263    15.8523   4.102333    32.5582        509     2.1167  0.000e+00
     16.231    15.8521   4.102333    32.5584        510     2.1208  0.000e+00
     16.192    15.8520   4.102314    32.5583        511     2.1250  0.000e+00
     16.147    15.8519   4.102288    32.5582        512     2.1292  0.000e+00
     16.102    15.8517   4.102288    32.5584        513     2.1333  0.000e+00
     16.057    15.8517   4.102236    32.5579        514     2.1375  0.000e+00
     16.012    15.8514   4.102172    32.5576        515     2.1417  0.000e+00
     15.969    15.8512   4.102217    32.5582        516     2.1458  0.000e+00
     15.933    15.8512   4.102217    32.5582        517     2.1500  0.000e+00
     15.910    15.8512   4.102191    32.5580        518     2.1542  0.000e+00
     15.895    15.8511   4.102165    32.5578        519     2.1583  0.000e+00
     15.890    15.8508   4.102095    32.5574        520     2.1625  0.000e+00
     15.904    15.8508   4.102030    32.5569        521     2.1667  0.000e+00
     15.917    15.8505   4.101895    32.5559        522     2.1708  0.000e+00
     15.937    15.8500   4.101876    32.5562        523     2.1750  0.000e+00
     15.956    15.8496   4.101921    32.5569        524     2.1792  0.000e+00
     15.967    15.8492   4.101972    32.5576        525     2.1833  0.000e+00
     15.964    15.8494   4.101998    32.5577        526     2.1875  0.000e+00
     15.953    15.8496   4.101959    32.5572        527     2.1917  0.000e+00
     15.922    15.8496   4.101972    32.5574        528     2.1958  0.000e+00
     15.877    15.8496   4.101972    32.5573        529     2.2000  0.000e+00
     15.820    15.8496   4.101946    32.5571        530     2.2042  0.000e+00
     15.741    15.8496   4.102017    32.5579        531     2.2083  0.000e+00
     15.658    15.8500   4.101998    32.5574        532     2.2125  0.000e+00
     15.577    15.8500   4.101772    32.5554        533     2.2167  0.000e+00
     15.495    15.8496   4.101946    32.5573        534     2.2208  0.000e+00
     15.414    15.8492   4.102017    32.5582        535     2.2250  0.000e+00
     15.351    15.8496   4.101998    32.5578        536     2.2292  0.000e+00
     15.297    15.8497   4.101998    32.5577        537     2.2333  0.000e+00
     15.267    15.8496   4.101998    32.5578        538     2.2375  0.000e+00
     15.249    15.8497   4.102030    32.5580        539     2.2417  0.000e+00
     15.251    15.8500   4.102017    32.5577        540     2.2458  0.000e+00
     15.261    15.8500   4.102017    32.5576        541     2.2500  0.000e+00
     15.285    15.8501   4.101850    32.5561        542     2.2542  0.000e+00
     15.315    15.8500   4.101920    32.5568        543     2.2583  0.000e+00
     15.342    15.8495   4.101920    32.5572        544     2.2625  0.000e+00
     15.369    15.8494   4.101959    32.5576        545     2.2667  0.000e+00
     15.394    15.8495   4.101998    32.5579        546     2.2708  0.000e+00
     15.407    15.8496   4.101875    32.5567        547     2.2750  0.000e+00
     15.402    15.8496   4.101972    32.5576        548     2.2792  0.000e+00
     15.385    15.8495   4.101920    32.5572        549     2.2833  0.000e+00
     15.353    15.8494   4.101875    32.5569        550     2.2875  0.000e+00
     15.310    15.8493   4.101869    32.5569        551     2.2917  0.000e+00
     15.263    15.8492   4.101850    32.5568        552     2.2958  0.000e+00
     15.206    15.8492   4.101875    32.5571        553     2.3000  0.000e+00
     15.152    15.8492   4.101895    32.5573        554     2.3042  0.000e+00
     15.100    15.8492   4.101946    32.5578        555     2.3083  0.000e+00
     15.055    15.8492   4.101895    32.5574        556     2.3125  0.000e+00
     15.021    15.8492   4.101869    32.5571        557     2.3167  0.000e+00
     14.999    15.8492   4.101798    32.5565        558     2.3208  0.000e+00
     14.990    15.8492   4.101849    32.5570        559     2.3250  0.000e+00
     14.990    15.8492   4.101875    32.5572        560     2.3292  0.000e+00
     14.992    15.8492   4.101895    32.5574        561     2.3333  0.000e+00
     15.005    15.8491   4.101849    32.5570        562     2.3375  0.000e+00
     15.015    15.8492   4.101888    32.5572        563     2.3417  0.000e+00
     15.037    15.8492   4.101920    32.5575        564     2.3458  0.000e+00
     15.050    15.8493   4.101920    32.5575        565     2.3500  0.000e+00
     15.064    15.8493   4.101875    32.5570        566     2.3542  0.000e+00
     15.068    15.8494   4.101972    32.5578        567     2.3583  0.000e+00
     15.075    15.8495   4.101972    32.5578        568     2.3625  0.000e+00
     15.066    15.8494   4.101940    32.5576        569     2.3667  0.000e+00
     15.051    15.8496   4.101849    32.5566        570     2.3708  0.000e+00
     15.015    15.8494   4.101972    32.5579        571     2.3750  0.000e+00
     14.980    15.8496   4.101946    32.5575        572     2.3792  0.000e+00
     14.935    15.8496   4.101920    32.5573        573     2.3833  0.000e+00
     14.888    15.8496   4.101998    32.5580        574     2.3875  0.000e+00
     14.834    15.8496   4.102010    32.5581        575     2.3917  0.000e+00
     14.787    15.8496   4.101972    32.5577        576     2.3958  0.000e+00
     14.743    15.8498   4.101972    32.5576        577     2.4000  0.000e+00
     14.712    15.8496   4.101946    32.5575        578     2.4042  0.000e+00
     14.687    15.8495   4.101946    32.5577        579     2.4083  0.000e+00
     14.669    15.8496   4.101946    32.5576        580     2.4125  0.000e+00
     14.647    15.8496   4.101914    32.5573        581     2.4167  0.000e+00
     14.635    15.8496   4.101798    32.5563        582     2.4208  0.000e+00
     14.629    15.8496   4.102017    32.5583        583     2.4250  0.000e+00
     14.615    15.8497   4.102043    32.5584        584     2.4292  0.000e+00
     14.606    15.8500   4.101946    32.5573        585     2.4333  0.000e+00
     14.586    15.8503   4.102094    32.5584        586     2.4375  0.000e+00
     14.556    15.8503   4.102075    32.5582        587     2.4417  0.000e+00
     14.531    15.8504   4.102094    32.5583        588     2.4458  0.000e+00
     14.500    15.8505   4.102017    32.5575        589     2.4500  0.000e+00
     14.470    15.8507   4.102094    32.5580        590     2.4542  0.000e+00
     14.446    15.8508   4.102094    32.5580        591     2.4583  0.000e+00
     14.421    15.8507   4.102094    32.5581        592     2.4625  0.000e+00
     14.409    15.8509   4.102100    32.5580        593     2.4667  0.000e+00
     14.407    15.8508   4.102113    32.5582        594     2.4708  0.000e+00
     14.419    15.8507   4.102094    32.5581        595     2.4750  0.000e+00
     14.435    15.8507   4.102094    32.5581        596     2.4792  0.000e+00
     14.461    15.8507   4.102113    32.5582        597     2.4833  0.000e+00
     14.486    15.8507   4.102113    32.5583        598     2.4875  0.000e+00
     14.509    15.8507   4.102101    32.5581        599     2.4917  0.000e+00
     14.529    15.8505   4.102113    32.5584        600     2.4958  0.000e+00
     14.531    15.8507   4.102139    32.5585        601     2.5000  0.000e+00
     14.529    15.8507   4.102165    32.5586        602     2.5042  0.000e+00
     14.513    15.8507   4.102216    32.5591        603     2.5083  0.000e+00
     14.488    15.8510   4.102262    32.5593        604     2.5125  0.000e+00
     14.444    15.8513   4.102216    32.5587        605     2.5167  0.000e+00
     14.400    15.8512   4.102068    32.5574        606     2.5208  0.000e+00
     14.358    15.8512   4.102165    32.5583        607     2.5250  0.000e+00
     14.312    15.8511   4.102216    32.5589        608     2.5292  0.000e+00
     14.260    15.8512   4.102216    32.5588        609     2.5333  0.000e+00
     14.207    15.8511   4.102236    32.5591        610     2.5375  0.000e+00
     14.154    15.8513   4.102242    32.5590        611     2.5417  0.000e+00
     14.105    15.8513   4.102287    32.5594        612     2.5458  0.000e+00
     14.058    15.8513   4.102313    32.5597        613     2.5500  0.000e+00
     14.023    15.8515   4.102332    32.5597        614     2.5542  0.000e+00
     13.994    15.8516   4.102313    32.5594        615     2.5583  0.000e+00
     13.976    15.8516   4.102313    32.5594        616     2.5625  0.000e+00
     13.970    15.8517   4.102287    32.5592        617     2.5667  0.000e+00
     13.967    15.8517   4.102287    32.5592        618     2.5708  0.000e+00
     13.952    15.8517   4.102236    32.5587        619     2.5750  0.000e+00
     13.940    15.8516   4.102190    32.5584        620     2.5792  0.000e+00
     13.927    15.8515   4.102236    32.5589        621     2.5833  0.000e+00
     13.909    15.8516   4.102287    32.5592        622     2.5875  0.000e+00
     13.897    15.8515   4.102261    32.5591        623     2.5917  0.000e+00
     13.886    15.8515   4.102190    32.5585        624     2.5958  0.000e+00
     13.873    15.8515   4.102216    32.5588        625     2.6000  0.000e+00
