PC2406/sbe047.cnv
* Sea-Bird SBE 19plus V2 Data File:
* FileName = C:\cruise\data\sbe047.hex
* Software Version Seasave V 7.26.7.121
* Temperature SN = 7142
* Conductivity SN = 7142
* System UpLoad Time = Nov 08 2024 13:26:36
* NMEA Latitude = 37 45.86 N
* NMEA Longitude = 075 16.01 W
* NMEA UTC (Time) = Nov 08 2024  13:26:29
** Ship: Pisces
** Cruise:  PC2406
** Program:  Fall ECOMON
# nquan = 7
# nvalues = 1577                                  
# units = specified
# name 0 = depSM: Depth [salt water, m]
# name 1 = tv290C: Temperature [ITS-90, deg C]
# name 2 = c0S/m: Conductivity [S/m]
# name 3 = sal00: Salinity, Practical [PSU]
# name 4 = scan: Scan Count
# name 5 = timeM: Time, Elapsed [minutes]
# name 6 = flag:  0.000e+00
# span 0 =      0.028,     17.738                 
# span 1 =    17.8386,    18.1558                 
# span 2 =   0.000289,   4.252132                 
# span 3 =     0.0095,    32.1138                 
# span 4 =         11,       1587                 
# span 5 =     0.0417,     6.6083                 
# span 6 = 0.0000e+00, 0.0000e+00                 
# interval = seconds: 0.25
# start_time = Nov 08 2024 13:26:29 [NMEA time, header]
# bad_flag = -9.990e-29
*END*
[from data line 616]
     12.336    17.9832   4.245122    32.0816        627     2.6083  0.000e+00
     12.303    17.9833   4.244795    32.0788        628     2.6125  0.000e+00
     12.276    17.9833   4.244560    32.0768        629     2.6167  0.000e+00
     12.240    17.9825   4.244481    32.0768        630     2.6208  0.000e+00
     12.199    17.9821   4.244338    32.0759        631     2.6250  0.000e+00
     12.156    17.9816   4.243874    32.0724        632     2.6292  0.000e+00
     12.116    17.9806   4.243397    32.0692        633     2.6333  0.000e+00
     12.073    17.9793   4.243220    32.0687        634     2.6375  0.000e+00
     12.025    17.9783   4.242841    32.0663        635     2.6417  0.000e+00
     11.980    17.9771   4.242077    32.0608        636     2.6458  0.000e+00
     11.937    17.9755   4.241802    32.0598        637     2.6500  0.000e+00
     11.890    17.9740   4.241691    32.0600        638     2.6542  0.000e+00
     11.845    17.9730   4.241600    32.0600        639     2.6583  0.000e+00
     11.793    17.9723   4.241521    32.0600        640     2.6625  0.000e+00
     11.750    17.9719   4.241214    32.0577        641     2.6667  0.000e+00
     11.718    17.9713   4.241064    32.0569        642     2.6708  0.000e+00
     11.673    17.9709   4.240986    32.0566        643     2.6750  0.000e+00
     11.630    17.9703   4.240966    32.0569        644     2.6792  0.000e+00
     11.596    17.9701   4.240940    32.0569        645     2.6833  0.000e+00
     11.567    17.9698   4.240914    32.0569        646     2.6875  0.000e+00
     11.538    17.9696   4.240966    32.0574        647     2.6917  0.000e+00
     11.511    17.9697   4.240940    32.0572        648     2.6958  0.000e+00
     11.493    17.9697   4.240986    32.0576        649     2.7000  0.000e+00
     11.479    17.9696   4.240986    32.0577        650     2.7042  0.000e+00
     11.472    17.9696   4.241012    32.0579        651     2.7083  0.000e+00
     11.455    17.9696   4.240986    32.0577        652     2.7125  0.000e+00
     11.454    17.9696   4.240966    32.0575        653     2.7167  0.000e+00
     11.448    17.9697   4.241012    32.0578        654     2.7208  0.000e+00
     11.454    17.9696   4.240966    32.0575        655     2.7250  0.000e+00
     11.457    17.9697   4.240809    32.0561        656     2.7292  0.000e+00
     11.463    17.9697   4.240724    32.0554        657     2.7333  0.000e+00
     11.464    17.9698   4.240737    32.0554        658     2.7375  0.000e+00
     11.466    17.9696   4.240796    32.0560        659     2.7417  0.000e+00
     11.466    17.9696   4.240783    32.0559        660     2.7458  0.000e+00
     11.464    17.9697   4.240770    32.0558        661     2.7500  0.000e+00
     11.452    17.9696   4.240737    32.0556        662     2.7542  0.000e+00
     11.439    17.9695   4.240744    32.0557        663     2.7583  0.000e+00
     11.411    17.9695   4.240737    32.0557        664     2.7625  0.000e+00
     11.387    17.9694   4.240724    32.0557        665     2.7667  0.000e+00
     11.353    17.9696   4.240659    32.0550        666     2.7708  0.000e+00
     11.326    17.9693   4.240626    32.0549        667     2.7750  0.000e+00
     11.281    17.9692   4.240659    32.0553        668     2.7792  0.000e+00
     11.244    17.9690   4.240698    32.0558        669     2.7833  0.000e+00
     11.195    17.9690   4.240580    32.0548        670     2.7875  0.000e+00
     11.150    17.9690   4.240554    32.0546        671     2.7917  0.000e+00
     11.102    17.9687   4.240508    32.0545        672     2.7958  0.000e+00
     11.055    17.9684   4.240456    32.0543        673     2.8000  0.000e+00
     11.001    17.9683   4.240404    32.0540        674     2.8042  0.000e+00
     10.954    17.9682   4.240404    32.0540        675     2.8083  0.000e+00
     10.901    17.9681   4.240352    32.0537        676     2.8125  0.000e+00
     10.856    17.9680   4.240312    32.0534        677     2.8167  0.000e+00
     10.816    17.9678   4.240227    32.0529        678     2.8208  0.000e+00
     10.775    17.9677   4.240234    32.0531        679     2.8250  0.000e+00
     10.744    17.9677   4.240227    32.0530        680     2.8292  0.000e+00
     10.708    17.9677   4.240234    32.0531        681     2.8333  0.000e+00
     10.680    17.9676   4.240201    32.0529        682     2.8375  0.000e+00
     10.653    17.9677   4.240116    32.0521        683     2.8417  0.000e+00
     10.638    17.9678   4.240077    32.0517        684     2.8458  0.000e+00
     10.617    17.9678   4.240045    32.0515        685     2.8500  0.000e+00
     10.604    17.9678   4.240025    32.0513        686     2.8542  0.000e+00
     10.593    17.9679   4.239992    32.0509        687     2.8583  0.000e+00
     10.593    17.9679   4.239973    32.0507        688     2.8625  0.000e+00
     10.593    17.9680   4.239947    32.0504        689     2.8667  0.000e+00
     10.593    17.9683   4.239849    32.0494        690     2.8708  0.000e+00
     10.601    17.9685   4.239849    32.0492        691     2.8750  0.000e+00
     10.602    17.9688   4.239927    32.0497        692     2.8792  0.000e+00
     10.604    17.9688   4.239947    32.0498        693     2.8833  0.000e+00
     10.608    17.9688   4.239999    32.0503        694     2.8875  0.000e+00
     10.608    17.9685   4.239973    32.0503        695     2.8917  0.000e+00
     10.617    17.9684   4.239947    32.0502        696     2.8958  0.000e+00
     10.610    17.9685   4.239920    32.0498        697     2.9000  0.000e+00
     10.599    17.9684   4.239927    32.0499        698     2.9042  0.000e+00
     10.584    17.9686   4.239927    32.0498        699     2.9083  0.000e+00
     10.568    17.9684   4.239875    32.0496        700     2.9125  0.000e+00
     10.550    17.9686   4.239646    32.0475        701     2.9167  0.000e+00
     10.527    17.9689   4.238980    32.0416        702     2.9208  0.000e+00
     10.489    17.9694   4.237543    32.0291        703     2.9250  0.000e+00
     10.455    17.9697   4.235930    32.0153        704     2.9292  0.000e+00
     10.416    17.9702   4.234232    32.0006        705     2.9333  0.000e+00
     10.372    17.9705   4.233220    31.9918        706     2.9375  0.000e+00
     10.326    17.9710   4.232711    31.9872        707     2.9417  0.000e+00
     10.272    17.9713   4.232417    31.9844        708     2.9458  0.000e+00
     10.223    17.9719   4.231954    31.9801        709     2.9500  0.000e+00
     10.164    17.9728   4.231308    31.9740        710     2.9542  0.000e+00
     10.114    17.9736   4.230466    31.9663        711     2.9583  0.000e+00
     10.058    17.9742   4.229519    31.9578        712     2.9625  0.000e+00
     10.012    17.9741   4.229024    31.9538        713     2.9667  0.000e+00
      9.974    17.9736   4.228214    31.9473        714     2.9708  0.000e+00
      9.931    17.9730   4.227914    31.9452        715     2.9750  0.000e+00
      9.898    17.9728   4.227803    31.9445        716     2.9792  0.000e+00
      9.871    17.9725   4.227738    31.9442        717     2.9833  0.000e+00
      9.846    17.9728   4.227712    31.9437        718     2.9875  0.000e+00
      9.832    17.9730   4.227686    31.9434        719     2.9917  0.000e+00
      9.828    17.9731   4.227686    31.9433        720     2.9958  0.000e+00
      9.821    17.9730   4.227686    31.9433        721     3.0000  0.000e+00
      9.827    17.9732   4.227712    31.9434        722     3.0042  0.000e+00
      9.834    17.9734   4.227712    31.9433        723     3.0083  0.000e+00
      9.846    17.9737   4.227712    31.9430        724     3.0125  0.000e+00
      9.857    17.9737   4.227686    31.9428        725     3.0167  0.000e+00
      9.868    17.9738   4.227686    31.9427        726     3.0208  0.000e+00
      9.882    17.9738   4.227712    31.9429        727     3.0250  0.000e+00
      9.895    17.9736   4.227712    31.9431        728     3.0292  0.000e+00
      9.907    17.9738   4.227712    31.9429        729     3.0333  0.000e+00
      9.913    17.9737   4.227712    31.9430        730     3.0375  0.000e+00
      9.918    17.9739   4.227634    31.9422        731     3.0417  0.000e+00
      9.914    17.9740   4.227562    31.9415        732     3.0458  0.000e+00
      9.906    17.9742   4.227484    31.9407        733     3.0500  0.000e+00
      9.891    17.9745   4.227203    31.9381        734     3.0542  0.000e+00
      9.875    17.9744   4.226577    31.9329        735     3.0583  0.000e+00
      9.852    17.9746   4.225951    31.9275        736     3.0625  0.000e+00
      9.825    17.9748   4.225468    31.9233        737     3.0667  0.000e+00
      9.789    17.9748   4.225129    31.9204        738     3.0708  0.000e+00
      9.753    17.9745   4.224835    31.9182        739     3.0750  0.000e+00
      9.713    17.9747   4.224594    31.9160        740     3.0792  0.000e+00
      9.672    17.9746   4.223954    31.9107        741     3.0833  0.000e+00
      9.631    17.9742   4.223602    31.9081        742     3.0875  0.000e+00
      9.584    17.9739   4.223198    31.9049        743     3.0917  0.000e+00
      9.541    17.9736   4.222944    31.9030        744     3.0958  0.000e+00
      9.498    17.9734   4.222787    31.9019        745     3.1000  0.000e+00
      9.460    17.9733   4.222644    31.9007        746     3.1042  0.000e+00
      9.430    17.9733   4.222500    31.8995        747     3.1083  0.000e+00
      9.408    17.9733   4.222415    31.8988        748     3.1125  0.000e+00
      9.385    17.9730   4.222331    31.8983        749     3.1167  0.000e+00
      9.372    17.9731   4.221809    31.8939        750     3.1208  0.000e+00
      9.360    17.9732   4.221124    31.8880        751     3.1250  0.000e+00
      9.360    17.9737   4.220857    31.8854        752     3.1292  0.000e+00
      9.351    17.9741   4.220681    31.8836        753     3.1333  0.000e+00
      9.352    17.9739   4.220622    31.8833        754     3.1375  0.000e+00
      9.352    17.9742   4.220505    31.8821        755     3.1417  0.000e+00
      9.361    17.9741   4.220427    31.8815        756     3.1458  0.000e+00
      9.367    17.9741   4.220172    31.8793        757     3.1500  0.000e+00
      9.378    17.9741   4.220068    31.8784        758     3.1542  0.000e+00
      9.381    17.9738   4.220550    31.8827        759     3.1583  0.000e+00
      9.392    17.9739   4.220955    31.8861        760     3.1625  0.000e+00
      9.388    17.9743   4.220753    31.8840        761     3.1667  0.000e+00
      9.385    17.9742   4.220524    31.8822        762     3.1708  0.000e+00
      9.374    17.9743   4.220231    31.8796        763     3.1750  0.000e+00
      9.360    17.9741   4.219846    31.8766        764     3.1792  0.000e+00
      9.343    17.9740   4.219533    31.8740        765     3.1833  0.000e+00
      9.325    17.9737   4.219520    31.8741        766     3.1875  0.000e+00
      9.297    17.9736   4.219462    31.8737        767     3.1917  0.000e+00
      9.270    17.9734   4.219194    31.8717        768     3.1958  0.000e+00
      9.239    17.9734   4.218595    31.8666        769     3.2000  0.000e+00
      9.203    17.9729   4.217982    31.8619        770     3.2042  0.000e+00
      9.178    17.9727   4.217454    31.8575        771     3.2083  0.000e+00
      9.149    17.9724   4.217128    31.8551        772     3.2125  0.000e+00
      9.124    17.9726   4.217076    31.8544        773     3.2167  0.000e+00
      9.097    17.9730   4.217174    31.8550        774     3.2208  0.000e+00
      9.078    17.9731   4.217330    31.8562        775     3.2250  0.000e+00
      9.060    17.9728   4.217395    31.8570        776     3.2292  0.000e+00
      9.042    17.9727   4.217278    31.8561        777     3.2333  0.000e+00
      9.031    17.9729   4.217232    31.8556        778     3.2375  0.000e+00
      9.022    17.9728   4.217297    31.8562        779     3.2417  0.000e+00
      9.013    17.9727   4.217356    31.8568        780     3.2458  0.000e+00
      9.011    17.9727   4.217415    31.8573        781     3.2500  0.000e+00
      9.011    17.9726   4.217454    31.8577        782     3.2542  0.000e+00
      9.015    17.9725   4.217558    31.8587        783     3.2583  0.000e+00
      9.024    17.9725   4.217630    31.8593        784     3.2625  0.000e+00
      9.031    17.9723   4.217532    31.8586        785     3.2667  0.000e+00
      9.036    17.9724   4.217415    31.8575        786     3.2708  0.000e+00
      9.038    17.9725   4.217232    31.8559        787     3.2750  0.000e+00
      9.047    17.9727   4.217128    31.8548        788     3.2792  0.000e+00
      9.054    17.9729   4.217180    31.8551        789     3.2833  0.000e+00
      9.052    17.9730   4.217200    31.8552        790     3.2875  0.000e+00
      9.054    17.9730   4.217076    31.8542        791     3.2917  0.000e+00
      9.052    17.9728   4.216985    31.8536        792     3.2958  0.000e+00
      9.036    17.9728   4.216978    31.8535        793     3.3000  0.000e+00
      9.026    17.9727   4.217030    31.8540        794     3.3042  0.000e+00
      9.004    17.9730   4.216985    31.8534        795     3.3083  0.000e+00
      8.984    17.9729   4.216776    31.8518        796     3.3125  0.000e+00
      8.955    17.9730   4.216502    31.8493        797     3.3167  0.000e+00
      8.923    17.9736   4.216346    31.8476        798     3.3208  0.000e+00
      8.884    17.9738   4.216333    31.8473        799     3.3250  0.000e+00
      8.842    17.9743   4.216196    31.8458        800     3.3292  0.000e+00
      8.805    17.9746   4.216222    31.8458        801     3.3333  0.000e+00
      8.767    17.9747   4.215994    31.8438        802     3.3375  0.000e+00
      8.729    17.9754   4.215922    31.8427        803     3.3417  0.000e+00
      8.697    17.9760   4.215707    31.8404        804     3.3458  0.000e+00
      8.661    17.9771   4.215642    31.8390        805     3.3500  0.000e+00
      8.630    17.9782   4.215420    31.8363        806     3.3542  0.000e+00
      8.600    17.9795   4.215042    31.8321        807     3.3583  0.000e+00
      8.575    17.9812   4.215016    31.8306        808     3.3625  0.000e+00
      8.557    17.9826   4.214840    31.8280        809     3.3667  0.000e+00
      8.542    17.9836   4.214514    31.8245        810     3.3708  0.000e+00
      8.532    17.9845   4.214651    31.8250        811     3.3750  0.000e+00
      8.528    17.9852   4.214638    31.8243        812     3.3792  0.000e+00
      8.530    17.9856   4.214651    31.8241        813     3.3833  0.000e+00
      8.537    17.9856   4.214762    31.8250        814     3.3875  0.000e+00
      8.542    17.9852   4.214795    31.8256        815     3.3917  0.000e+00
      8.557    17.9847   4.214716    31.8253        816     3.3958  0.000e+00
      8.566    17.9846   4.214586    31.8243        817     3.4000  0.000e+00
      8.575    17.9852   4.214768    31.8253        818     3.4042  0.000e+00
      8.587    17.9853   4.214990    31.8271        819     3.4083  0.000e+00
      8.598    17.9845   4.215036    31.8282        820     3.4125  0.000e+00
      8.605    17.9835   4.215016    31.8288        821     3.4167  0.000e+00
      8.603    17.9829   4.214938    31.8286        822     3.4208  0.000e+00
      8.598    17.9829   4.214762    31.8271        823     3.4250  0.000e+00
      8.594    17.9835   4.214690    31.8260        824     3.4292  0.000e+00
      8.578    17.9845   4.214527    31.8239        825     3.4333  0.000e+00
      8.562    17.9859   4.214384    31.8216        826     3.4375  0.000e+00
      8.535    17.9881   4.214338    31.8195        827     3.4417  0.000e+00
      8.512    17.9899   4.214312    31.8179        828     3.4458  0.000e+00
      8.483    17.9916   4.214338    31.8168        829     3.4500  0.000e+00
      8.453    17.9936   4.214312    31.8150        830     3.4542  0.000e+00
