PC2406/sbe070.cnv
* Sea-Bird SBE 19plus V2 Data File:
* FileName = C:\cruise\data\sbe070.hex
* Software Version Seasave V 7.26.7.121
* Temperature SN = 7142
* Conductivity SN = 7142
* System UpLoad Time = Nov 11 2024 04:48:55
* NMEA Latitude = 40 46.82 N
* NMEA Longitude = 072 19.33 W
* NMEA UTC (Time) = Nov 11 2024  04:48:49
** Ship: Pisces
** Cruise:  PC2406
** Program:  Fall ECOMON
# nquan = 7
# nvalues = 1515                                  
# units = specified
# name 0 = depSM: Depth [salt water, m]
# name 1 = tv290C: Temperature [ITS-90, deg C]
# name 2 = c0S/m: Conductivity [S/m]
# name 3 = sal00: Salinity, Practical [PSU]
# name 4 = scan: Scan Count
# name 5 = timeM: Time, Elapsed [minutes]
# name 6 = flag:  0.000e+00
# span 0 =     -0.036,     29.751                 
# span 1 =    15.8141,    16.4486                 
# span 2 =   0.001340,   4.202022                 
# span 3 =     0.0132,    33.0071                 
# span 4 =         11,       1525                 
# span 5 =     0.0417,     6.3500                 
# span 6 = 0.0000e+00, 0.0000e+00                 
# interval = seconds: 0.25
# start_time = Nov 11 2024 04:48:49 [NMEA time, header]
# bad_flag = -9.990e-29
*END*
[from data line 821]
     16.098    15.8627   4.111352    32.6295        832     3.4625  0.000e+00
     16.161    15.8638   4.111642    32.6312        833     3.4667  0.000e+00
     16.213    15.8649   4.112003    32.6335        834     3.4708  0.000e+00
     16.262    15.8665   4.112229    32.6342        835     3.4750  0.000e+00
     16.305    15.8682   4.112397    32.6342        836     3.4792  0.000e+00
     16.335    15.8698   4.112642    32.6351        837     3.4833  0.000e+00
     16.346    15.8713   4.112861    32.6357        838     3.4875  0.000e+00
     16.346    15.8728   4.112797    32.6339        839     3.4917  0.000e+00
     16.332    15.8737   4.112790    32.6332        840     3.4958  0.000e+00
     16.305    15.8741   4.113493    32.6391        841     3.5000  0.000e+00
     16.269    15.8756   4.113448    32.6374        842     3.5042  0.000e+00
     16.235    15.8769   4.112423    32.6273        843     3.5083  0.000e+00
     16.197    15.8755   4.111494    32.6202        844     3.5125  0.000e+00
     16.167    15.8715   4.111029    32.6194        845     3.5167  0.000e+00
     16.147    15.8673   4.111055    32.6232        846     3.5208  0.000e+00
     16.131    15.8650   4.110907    32.6238        847     3.5250  0.000e+00
     16.129    15.8634   4.110468    32.6211        848     3.5292  0.000e+00
     16.136    15.8618   4.110082    32.6191        849     3.5333  0.000e+00
     16.143    15.8596   4.109972    32.6199        850     3.5375  0.000e+00
     16.158    15.8577   4.109811    32.6200        851     3.5417  0.000e+00
     16.183    15.8564   4.109791    32.6209        852     3.5458  0.000e+00
     16.210    15.8555   4.110398    32.6270        853     3.5500  0.000e+00
     16.247    15.8565   4.111055    32.6320        854     3.5542  0.000e+00
     16.296    15.8589   4.111326    32.6324        855     3.5583  0.000e+00
     16.348    15.8615   4.111449    32.6313        856     3.5625  0.000e+00
     16.395    15.8634   4.111371    32.6290        857     3.5667  0.000e+00
     16.445    15.8642   4.110449    32.6202        858     3.5708  0.000e+00
     16.486    15.8623   4.109011    32.6090        859     3.5750  0.000e+00
     16.520    15.8573   4.107947    32.6037        860     3.5792  0.000e+00
     16.542    15.8507   4.106768    32.5986        861     3.5833  0.000e+00
     16.540    15.8440   4.106155    32.5988        862     3.5875  0.000e+00
     16.531    15.8376   4.105575    32.5989        863     3.5917  0.000e+00
     16.508    15.8327   4.105375    32.6012        864     3.5958  0.000e+00
     16.484    15.8290   4.105279    32.6034        865     3.6000  0.000e+00
     16.456    15.8268   4.105337    32.6057        866     3.6042  0.000e+00
     16.422    15.8258   4.105156    32.6050        867     3.6083  0.000e+00
     16.373    15.8247   4.104989    32.6045        868     3.6125  0.000e+00
     16.310    15.8235   4.104937    32.6049        869     3.6167  0.000e+00
     16.246    15.8228   4.104918    32.6054        870     3.6208  0.000e+00
     16.177    15.8224   4.104963    32.6062        871     3.6250  0.000e+00
     16.120    15.8223   4.104944    32.6061        872     3.6292  0.000e+00
     16.075    15.8220   4.104963    32.6065        873     3.6333  0.000e+00
     16.050    15.8223   4.104963    32.6063        874     3.6375  0.000e+00
     16.039    15.8221   4.104892    32.6058        875     3.6417  0.000e+00
     16.046    15.8222   4.104866    32.6055        876     3.6458  0.000e+00
     16.064    15.8219   4.104866    32.6058        877     3.6500  0.000e+00
     16.098    15.8217   4.104873    32.6059        878     3.6542  0.000e+00
     16.141    15.8216   4.104866    32.6059        879     3.6583  0.000e+00
     16.192    15.8217   4.104866    32.6059        880     3.6625  0.000e+00
     16.244    15.8216   4.104892    32.6061        881     3.6667  0.000e+00
     16.292    15.8216   4.104892    32.6061        882     3.6708  0.000e+00
     16.326    15.8219   4.104892    32.6059        883     3.6750  0.000e+00
     16.352    15.8217   4.104873    32.6059        884     3.6792  0.000e+00
     16.357    15.8218   4.104841    32.6055        885     3.6833  0.000e+00
     16.353    15.8216   4.104841    32.6057        886     3.6875  0.000e+00
     16.337    15.8215   4.104841    32.6058        887     3.6917  0.000e+00
     16.310    15.8215   4.104841    32.6058        888     3.6958  0.000e+00
     16.276    15.8216   4.104873    32.6060        889     3.7000  0.000e+00
     16.231    15.8216   4.105015    32.6073        890     3.7042  0.000e+00
     16.188    15.8220   4.105060    32.6073        891     3.7083  0.000e+00
     16.136    15.8226   4.105330    32.6093        892     3.7125  0.000e+00
     16.086    15.8234   4.105305    32.6084        893     3.7167  0.000e+00
     16.039    15.8242   4.105279    32.6075        894     3.7208  0.000e+00
     15.996    15.8245   4.105292    32.6074        895     3.7250  0.000e+00
     15.966    15.8245   4.105279    32.6073        896     3.7292  0.000e+00
     15.939    15.8245   4.105234    32.6069        897     3.7333  0.000e+00
     15.928    15.8245   4.105182    32.6065        898     3.7375  0.000e+00
     15.921    15.8243   4.105137    32.6063        899     3.7417  0.000e+00
     15.921    15.8239   4.105182    32.6069        900     3.7458  0.000e+00
     15.939    15.8239   4.105246    32.6076        901     3.7500  0.000e+00
     15.957    15.8239   4.105375    32.6086        902     3.7542  0.000e+00
     15.983    15.8246   4.105479    32.6090        903     3.7583  0.000e+00
     16.019    15.8249   4.105453    32.6085        904     3.7625  0.000e+00
     16.048    15.8254   4.105427    32.6079        905     3.7667  0.000e+00
     16.079    15.8254   4.105427    32.6078        906     3.7708  0.000e+00
     16.097    15.8258   4.105524    32.6084        907     3.7750  0.000e+00
     16.098    15.8258   4.105595    32.6090        908     3.7792  0.000e+00
     16.084    15.8262   4.105769    32.6102        909     3.7833  0.000e+00
     16.055    15.8269   4.106059    32.6122        910     3.7875  0.000e+00
     16.016    15.8281   4.106497    32.6151        911     3.7917  0.000e+00
     15.966    15.8300   4.106478    32.6134        912     3.7958  0.000e+00
     15.901    15.8315   4.105794    32.6061        913     3.8000  0.000e+00
     15.836    15.8309   4.105620    32.6051        914     3.8042  0.000e+00
     15.770    15.8293   4.105672    32.6069        915     3.8083  0.000e+00
     15.712    15.8283   4.105620    32.6073        916     3.8125  0.000e+00
     15.660    15.8277   4.105698    32.6085        917     3.8167  0.000e+00
     15.621    15.8275   4.105665    32.6084        918     3.8208  0.000e+00
     15.581    15.8274   4.105646    32.6084        919     3.8250  0.000e+00
     15.540    15.8273   4.105697    32.6089        920     3.8292  0.000e+00
     15.513    15.8273   4.105697    32.6089        921     3.8333  0.000e+00
     15.488    15.8274   4.105717    32.6090        922     3.8375  0.000e+00
     15.461    15.8275   4.105743    32.6091        923     3.8417  0.000e+00
     15.432    15.8276   4.105665    32.6084        924     3.8458  0.000e+00
     15.404    15.8274   4.105498    32.6070        925     3.8500  0.000e+00
     15.373    15.8270   4.105330    32.6059        926     3.8542  0.000e+00
     15.342    15.8262   4.105137    32.6048        927     3.8583  0.000e+00
     15.312    15.8251   4.104988    32.6045        928     3.8625  0.000e+00
     15.289    15.8241   4.104892    32.6045        929     3.8667  0.000e+00
     15.263    15.8231   4.104847    32.6049        930     3.8708  0.000e+00
     15.245    15.8226   4.104866    32.6055        931     3.8750  0.000e+00
     15.224    15.8224   4.104988    32.6068        932     3.8792  0.000e+00
     15.204    15.8224   4.105233    32.6089        933     3.8833  0.000e+00
     15.186    15.8231   4.105278    32.6087        934     3.8875  0.000e+00
     15.167    15.8238   4.105182    32.6073        935     3.8917  0.000e+00
     15.140    15.8240   4.105059    32.6061        936     3.8958  0.000e+00
     15.109    15.8239   4.104937    32.6051        937     3.9000  0.000e+00
     15.077    15.8234   4.104795    32.6043        938     3.9042  0.000e+00
     15.035    15.8227   4.104718    32.6042        939     3.9083  0.000e+00
     14.999    15.8220   4.104672    32.6044        940     3.9125  0.000e+00
     14.955    15.8215   4.104640    32.6045        941     3.9167  0.000e+00
     14.912    15.8212   4.104672    32.6051        942     3.9208  0.000e+00
     14.868    15.8209   4.104672    32.6053        943     3.9250  0.000e+00
     14.827    15.8208   4.104672    32.6054        944     3.9292  0.000e+00
     14.788    15.8209   4.104647    32.6051        945     3.9333  0.000e+00
     14.750    15.8208   4.104621    32.6050        946     3.9375  0.000e+00
     14.707    15.8205   4.104589    32.6049        947     3.9417  0.000e+00
     14.667    15.8204   4.104601    32.6052        948     3.9458  0.000e+00
     14.615    15.8203   4.104621    32.6054        949     3.9500  0.000e+00
     14.560    15.8205   4.104647    32.6055        950     3.9542  0.000e+00
     14.502    15.8206   4.104601    32.6051        951     3.9583  0.000e+00
     14.443    15.8205   4.104576    32.6050        952     3.9625  0.000e+00
     14.373    15.8204   4.104588    32.6052        953     3.9667  0.000e+00
     14.303    15.8204   4.104820    32.6073        954     3.9708  0.000e+00
     14.253    15.8208   4.104988    32.6084        955     3.9750  0.000e+00
     14.199    15.8218   4.105110    32.6087        956     3.9792  0.000e+00
     14.152    15.8228   4.105110    32.6079        957     3.9833  0.000e+00
     14.114    15.8234   4.105181    32.6081        958     3.9875  0.000e+00
     14.080    15.8239   4.105265    32.6084        959     3.9917  0.000e+00
     14.046    15.8243   4.105330    32.6087        960     3.9958  0.000e+00
     14.021    15.8248   4.105329    32.6082        961     4.0000  0.000e+00
     14.005    15.8250   4.105259    32.6075        962     4.0042  0.000e+00
     13.983    15.8253   4.105181    32.6065        963     4.0083  0.000e+00
     13.976    15.8249   4.105155    32.6066        964     4.0125  0.000e+00
     13.958    15.8246   4.105194    32.6072        965     4.0167  0.000e+00
     13.931    15.8245   4.105549    32.6105        966     4.0208  0.000e+00
     13.897    15.8254   4.105864    32.6126        967     4.0250  0.000e+00
     13.854    15.8267   4.105813    32.6110        968     4.0292  0.000e+00
     13.805    15.8280   4.106032    32.6119        969     4.0333  0.000e+00
     13.746    15.8289   4.106032    32.6112        970     4.0375  0.000e+00
     13.683    15.8293   4.106206    32.6124        971     4.0417  0.000e+00
     13.617    15.8301   4.106522    32.6146        972     4.0458  0.000e+00
     13.549    15.8314   4.106548    32.6138        973     4.0500  0.000e+00
     13.479    15.8326   4.106496    32.6124        974     4.0542  0.000e+00
     13.414    15.8331   4.106618    32.6131        975     4.0583  0.000e+00
     13.353    15.8334   4.106547    32.6122        976     4.0625  0.000e+00
     13.283    15.8337   4.106618    32.6126        977     4.0667  0.000e+00
     13.213    15.8337   4.106573    32.6122        978     4.0708  0.000e+00
     13.141    15.8339   4.106889    32.6149        979     4.0750  0.000e+00
     13.071    15.8344   4.106689    32.6127        980     4.0792  0.000e+00
     13.005    15.8347   4.106573    32.6115        981     4.0833  0.000e+00
     12.949    15.8342   4.106315    32.6097        982     4.0875  0.000e+00
     12.897    15.8337   4.106425    32.6110        983     4.0917  0.000e+00
     12.859    15.8332   4.106670    32.6136        984     4.0958  0.000e+00
     12.838    15.8337   4.106889    32.6152        985     4.1000  0.000e+00
     12.825    15.8345   4.106986    32.6154        986     4.1042  0.000e+00
     12.827    15.8354   4.106592    32.6112        987     4.1083  0.000e+00
     12.829    15.8350   4.106573    32.6113        988     4.1125  0.000e+00
     12.836    15.8345   4.106644    32.6124        989     4.1167  0.000e+00
     12.843    15.8342   4.106573    32.6119        990     4.1208  0.000e+00
     12.848    15.8342   4.106451    32.6108        991     4.1250  0.000e+00
     12.843    15.8337   4.106425    32.6111        992     4.1292  0.000e+00
     12.825    15.8334   4.106805    32.6147        993     4.1333  0.000e+00
     12.802    15.8339   4.106863    32.6148        994     4.1375  0.000e+00
     12.753    15.8347   4.106425    32.6102        995     4.1417  0.000e+00
     12.683    15.8342   4.106205    32.6087        996     4.1458  0.000e+00
     12.602    15.8331   4.106251    32.6101        997     4.1500  0.000e+00
     12.507    15.8324   4.106135    32.6097        998     4.1542  0.000e+00
     12.407    15.8319   4.106102    32.6099        999     4.1583  0.000e+00
     12.308    15.8314   4.106134    32.6106       1000     4.1625  0.000e+00
     12.213    15.8312   4.106328    32.6125       1001     4.1667  0.000e+00
     12.136    15.8313   4.107250    32.6206       1002     4.1708  0.000e+00
     12.066    15.8337   4.107353    32.6196       1003     4.1750  0.000e+00
     12.010    15.8365   4.107198    32.6159       1004     4.1792  0.000e+00
     11.969    15.8379   4.106914    32.6123       1005     4.1833  0.000e+00
     11.945    15.8374   4.106811    32.6118       1006     4.1875  0.000e+00
     11.920    15.8365   4.106592    32.6105       1007     4.1917  0.000e+00
     11.906    15.8355   4.106547    32.6110       1008     4.1958  0.000e+00
     11.895    15.8347   4.106573    32.6119       1009     4.2000  0.000e+00
     11.886    15.8344   4.106521    32.6117       1010     4.2042  0.000e+00
     11.868    15.8340   4.106424    32.6112       1011     4.2083  0.000e+00
     11.841    15.8335   4.106250    32.6100       1012     4.2125  0.000e+00
     11.818    15.8331   4.106031    32.6084       1013     4.2167  0.000e+00
     11.793    15.8320   4.105934    32.6085       1014     4.2208  0.000e+00
     11.769    15.8310   4.105915    32.6092       1015     4.2250  0.000e+00
     11.746    15.8304   4.106057    32.6109       1016     4.2292  0.000e+00
     11.721    15.8304   4.106276    32.6129       1017     4.2333  0.000e+00
     11.694    15.8312   4.106276    32.6123       1018     4.2375  0.000e+00
     11.662    15.8317   4.106618    32.6149       1019     4.2417  0.000e+00
     11.631    15.8326   4.106811    32.6159       1020     4.2458  0.000e+00
     11.593    15.8342   4.107082    32.6170       1021     4.2500  0.000e+00
     11.545    15.8355   4.107398    32.6187       1022     4.2542  0.000e+00
     11.489    15.8373   4.107469    32.6178       1023     4.2583  0.000e+00
     11.430    15.8387   4.107765    32.6194       1024     4.2625  0.000e+00
     11.355    15.8400   4.107178    32.6131       1025     4.2667  0.000e+00
     11.283    15.8396   4.107133    32.6130       1026     4.2708  0.000e+00
     11.214    15.8390   4.107617    32.6179       1027     4.2750  0.000e+00
     11.150    15.8393   4.107765    32.6189       1028     4.2792  0.000e+00
     11.089    15.8401   4.106495    32.6070       1029     4.2833  0.000e+00
     11.042    15.8385   4.105496    32.5996       1030     4.2875  0.000e+00
     11.004    15.8339   4.105425    32.6028       1031     4.2917  0.000e+00
     10.983    15.8304   4.105302    32.6046       1032     4.2958  0.000e+00
     10.965    15.8285   4.105290    32.6060       1033     4.3000  0.000e+00
     10.949    15.8271   4.105206    32.6064       1034     4.3042  0.000e+00
     10.929    15.8262   4.105180    32.6069       1035     4.3083  0.000e+00
