PC2406/sbe043.cnv
* Sea-Bird SBE 19plus V2 Data File:
* FileName = C:\cruise\data\sbe043.hex
* Software Version Seasave V 7.26.7.121
* Temperature SN = 7142
* Conductivity SN = 7142
* System UpLoad Time = Nov 08 2024 01:46:20
* NMEA Latitude = 36 43.81 N
* NMEA Longitude = 074 48.69 W
* NMEA UTC (Time) = Nov 08 2024  01:46:12
** Ship: Pisces
** Cruise:  PC2406
** Program:  Fall ECOMON
# nquan = 7
# nvalues = 1344                                  
# units = specified
# name 0 = depSM: Depth [salt water, m]
# name 1 = tv290C: Temperature [ITS-90, deg C]
# name 2 = c0S/m: Conductivity [S/m]
# name 3 = sal00: Salinity, Practical [PSU]
# name 4 = scan: Scan Count
# name 5 = timeM: Time, Elapsed [minutes]
# name 6 = flag:  0.000e+00
# span 0 =      0.014,     49.907                 
# span 1 =    17.4580,    18.9539                 
# span 2 =   0.000019,   4.574460                 
# span 3 =     0.0095,    34.8619                 
# span 4 =         11,       1354                 
# span 5 =     0.0417,     5.6375                 
# span 6 = 0.0000e+00, 0.0000e+00                 
# interval = seconds: 0.25
# start_time = Nov 08 2024 01:46:12 [NMEA time, header]
# bad_flag = -9.990e-29
*END*
      0.032    18.9487   0.000025     0.0096         11     0.0417  0.000e+00
      0.030    18.9487   0.000025     0.0096         12     0.0458  0.000e+00
      0.032    18.9489   0.000025     0.0096         13     0.0500  0.000e+00
      0.027    18.9491   0.000025     0.0096         14     0.0542  0.000e+00
      0.032    18.9491   0.000025     0.0096         15     0.0583  0.000e+00
      0.030    18.9493   0.000025     0.0096         16     0.0625  0.000e+00
      0.029    18.9492   0.000025     0.0096         17     0.0667  0.000e+00
      0.032    18.9494   0.000031     0.0095         18     0.0708  0.000e+00
      0.034    18.9492   0.000025     0.0096         19     0.0750  0.000e+00
      0.032    18.9493   0.000025     0.0096         20     0.0792  0.000e+00
      0.034    18.9493   0.000025     0.0096         21     0.0833  0.000e+00
      0.031    18.9491   0.000025     0.0096         22     0.0875  0.000e+00
      0.034    18.9494   0.000019     0.0096         23     0.0917  0.000e+00
      0.034    18.9493   0.000025     0.0096         24     0.0958  0.000e+00
      0.029    18.9493   0.000025     0.0096         25     0.1000  0.000e+00
      0.031    18.9494   0.000025     0.0096         26     0.1042  0.000e+00
      0.036    18.9494   0.000025     0.0096         27     0.1083  0.000e+00
      0.040    18.9493   0.000025     0.0096         28     0.1125  0.000e+00
      0.029    18.9495   0.000031     0.0095         29     0.1167  0.000e+00
      0.032    18.9494   0.000025     0.0096         30     0.1208  0.000e+00
      0.034    18.9496   0.000031     0.0095         31     0.1250  0.000e+00
      0.036    18.9496   0.000025     0.0096         32     0.1292  0.000e+00
      0.029    18.9497   0.000025     0.0096         33     0.1333  0.000e+00
      0.032    18.9501   0.000025     0.0096         34     0.1375  0.000e+00
      0.034    18.9511   0.000031     0.0095         35     0.1417  0.000e+00
      0.036    18.9527   0.000031     0.0095         36     0.1458  0.000e+00
      0.038    18.9539   0.483461     2.9646         37     0.1500  0.000e+00
      0.110    18.9510   1.557553    10.4239         38     0.1542  0.000e+00
      0.181    18.8947   3.176374    22.7492         39     0.1583  0.000e+00
      0.271    18.8108   3.572133    25.9553         40     0.1625  0.000e+00
      0.377    18.7464   2.941965    20.9807         41     0.1667  0.000e+00
      0.471    18.7059   3.139534    22.5605         42     0.1708  0.000e+00
      0.546    18.6816   3.179222    22.8887         43     0.1750  0.000e+00
      0.618    18.6670   3.927773    28.9393         44     0.1792  0.000e+00
      0.693    18.6588   2.689479    19.0499         45     0.1833  0.000e+00
      0.783    18.6518   4.437606    33.1712         46     0.1875  0.000e+00
      0.889    18.6488   4.395880    32.8249         47     0.1917  0.000e+00
      1.006    18.6467   4.344066    32.3944         48     0.1958  0.000e+00
      1.130    18.6420   4.441681    33.2131         49     0.2000  0.000e+00
      1.261    18.6382   4.448230    33.2709         50     0.2042  0.000e+00
      1.404    18.6363   4.450489    33.2912         51     0.2083  0.000e+00
      1.557    18.6353   4.451416    33.2998         52     0.2125  0.000e+00
      1.717    18.6350   4.452343    33.3077         53     0.2167  0.000e+00
      1.893    18.6355   4.452416    33.3079         54     0.2208  0.000e+00
      2.067    18.6361   4.452603    33.3089         55     0.2250  0.000e+00
      2.254    18.6343   4.452036    33.3056         56     0.2292  0.000e+00
      2.437    18.6227   4.448591    33.2860         57     0.2333  0.000e+00
      2.615    18.6045   4.444200    33.2638         58     0.2375  0.000e+00
      2.791    18.5844   4.441709    33.2591         59     0.2417  0.000e+00
      2.938    18.5651   4.440424    33.2639         60     0.2458  0.000e+00
      3.082    18.5501   4.439885    33.2714         61     0.2500  0.000e+00
      3.213    18.5389   4.439866    33.2803         62     0.2542  0.000e+00
      3.348    18.5312   4.439886    33.2867         63     0.2583  0.000e+00
      3.479    18.5259   4.439866    33.2907         64     0.2625  0.000e+00
      3.599    18.5214   4.439733    33.2932         65     0.2667  0.000e+00
      3.714    18.5175   4.439633    33.2954         66     0.2708  0.000e+00
      3.822    18.5145   4.439913    33.3002         67     0.2750  0.000e+00
      3.946    18.5120   4.440452    33.3067         68     0.2792  0.000e+00
      4.068    18.5108   4.441072    33.3128         69     0.2833  0.000e+00
      4.192    18.5102   4.441811    33.3195         70     0.2875  0.000e+00
      4.312    18.5089   4.442224    33.3239         71     0.2917  0.000e+00
      4.438    18.5080   4.443689    33.3370         72     0.2958  0.000e+00
      4.587    18.5079   4.445815    33.3548         73     0.3000  0.000e+00
      4.727    18.5079   4.446667    33.3619         74     0.3042  0.000e+00
      4.882    18.5079   4.447127    33.3657         75     0.3083  0.000e+00
      5.024    18.5080   4.447307    33.3671         76     0.3125  0.000e+00
      5.171    18.5086   4.447294    33.3665         77     0.3167  0.000e+00
      5.331    18.5091   4.447614    33.3687         78     0.3208  0.000e+00
      5.489    18.5102   4.447641    33.3679         79     0.3250  0.000e+00
      5.659    18.5113   4.446488    33.3573         80     0.3292  0.000e+00
      5.816    18.5123   4.444762    33.3419         81     0.3333  0.000e+00
      5.975    18.5120   4.442478    33.3230         82     0.3375  0.000e+00
      6.130    18.5094   4.441685    33.3184         83     0.3417  0.000e+00
      6.295    18.5061   4.441785    33.3219         84     0.3458  0.000e+00
      6.469    18.5041   4.442125    33.3263         85     0.3500  0.000e+00
      6.627    18.5027   4.441686    33.3236         86     0.3542  0.000e+00
      6.777    18.5005   4.440147    33.3124         87     0.3583  0.000e+00
      6.908    18.4977   4.439455    33.3088         88     0.3625  0.000e+00
      7.053    18.4946   4.439455    33.3113         89     0.3667  0.000e+00
      7.190    18.4929   4.439815    33.3157         90     0.3708  0.000e+00
      7.306    18.4911   4.439202    33.3119         91     0.3750  0.000e+00
      7.418    18.4892   4.438530    33.3078         92     0.3792  0.000e+00
      7.508    18.4874   4.439635    33.3185         93     0.3833  0.000e+00
      7.621    18.4856   4.443997    33.3565         94     0.3875  0.000e+00
      7.728    18.4840   4.445277    33.3685         95     0.3917  0.000e+00
      7.842    18.4824   4.445816    33.3743         96     0.3958  0.000e+00
      7.958    18.4882   4.446642    33.3765         97     0.4000  0.000e+00
      8.059    18.4991   4.447435    33.3743         98     0.4042  0.000e+00
      8.186    18.5063   4.447668    33.3703         99     0.4083  0.000e+00
      8.323    18.5209   4.447722    33.3589        100     0.4125  0.000e+00
      8.461    18.5419   4.447921    33.3435        101     0.4167  0.000e+00
      8.609    18.5592   4.448081    33.3308        102     0.4208  0.000e+00
      8.750    18.5722   4.448314    33.3222        103     0.4250  0.000e+00
      8.898    18.5806   4.448594    33.3177        104     0.4292  0.000e+00
      9.068    18.5853   4.448801    33.3156        105     0.4333  0.000e+00
      9.241    18.5884   4.448208    33.3080        106     0.4375  0.000e+00
      9.410    18.5907   4.447181    33.2975        107     0.4417  0.000e+00
      9.587    18.5922   4.446642    33.2917        108     0.4458  0.000e+00
      9.764    18.5816   4.445483    33.2905        109     0.4500  0.000e+00
      9.927    18.5561   4.443638    33.2956        110     0.4542  0.000e+00
     10.110    18.5303   4.442792    33.3093        111     0.4583  0.000e+00
     10.292    18.5095   4.440868    33.3099        112     0.4625  0.000e+00
     10.464    18.4905   4.437865    33.3000        113     0.4667  0.000e+00
     10.622    18.4728   4.436334    33.3015        114     0.4708  0.000e+00
     10.755    18.4573   4.435409    33.3062        115     0.4750  0.000e+00
     10.881    18.4448   4.435896    33.3204        116     0.4792  0.000e+00
     11.023    18.4361   4.436715    33.3342        117     0.4833  0.000e+00
     11.136    18.4295   4.435823    33.3321        118     0.4875  0.000e+00
     11.242    18.4228   4.435976    33.3387        119     0.4917  0.000e+00
     11.321    18.4161   4.436688    33.3501        120     0.4958  0.000e+00
     11.425    18.4096   4.440537    33.3877        121     0.5000  0.000e+00
     11.554    18.4042   4.442149    33.4056        122     0.5042  0.000e+00
     11.657    18.3998   4.442408    33.4114        123     0.5083  0.000e+00
     11.770    18.3976   4.442508    33.4139        124     0.5125  0.000e+00
     11.869    18.3981   4.441256    33.4029        125     0.5167  0.000e+00
     11.985    18.3983   4.443648    33.4229        126     0.5208  0.000e+00
     12.127    18.3988   4.444567    33.4302        127     0.5250  0.000e+00
     12.260    18.4090   4.444767    33.4235        128     0.5292  0.000e+00
     12.395    18.4317   4.444766    33.4050        129     0.5333  0.000e+00
     12.531    18.4587   4.444639    33.3820        130     0.5375  0.000e+00
     12.659    18.4745   4.444819    33.3706        131     0.5417  0.000e+00
     12.810    18.4842   4.445385    33.3675        132     0.5458  0.000e+00
     12.973    18.4905   4.445412    33.3625        133     0.5500  0.000e+00
     13.128    18.4962   4.445512    33.3587        134     0.5542  0.000e+00
     13.282    18.4988   4.445126    33.3533        135     0.5583  0.000e+00
     13.429    18.4997   4.443693    33.3404        136     0.5625  0.000e+00
     13.573    18.4963   4.443640    33.3427        137     0.5667  0.000e+00
     13.737    18.4846   4.444766    33.3616        138     0.5708  0.000e+00
     13.913    18.4726   4.444900    33.3724        139     0.5750  0.000e+00
     14.067    18.4611   4.443767    33.3721        140     0.5792  0.000e+00
     14.222    18.4453   4.442509    33.3743        141     0.5833  0.000e+00
     14.360    18.4276   4.441996    33.3844        142     0.5875  0.000e+00
     14.495    18.4114   4.443309    33.4085        143     0.5917  0.000e+00
     14.656    18.4005   4.444568    33.4279        144     0.5958  0.000e+00
     14.796    18.3931   4.444515    33.4334        145     0.6000  0.000e+00
     14.920    18.3863   4.444668    33.4402        146     0.6042  0.000e+00
     15.044    18.3806   4.445774    33.4541        147     0.6083  0.000e+00
     15.156    18.3747   4.446414    33.4642        148     0.6125  0.000e+00
     15.290    18.3692   4.446674    33.4709        149     0.6167  0.000e+00
     15.420    18.3650   4.447081    33.4777        150     0.6208  0.000e+00
     15.535    18.3622   4.447214    33.4811        151     0.6250  0.000e+00
     15.660    18.3608   4.447880    33.4878        152     0.6292  0.000e+00
     15.777    18.3602   4.447827    33.4878        153     0.6333  0.000e+00
     15.923    18.3602   4.447301    33.4833        154     0.6375  0.000e+00
     16.077    18.3656   4.447214    33.4780        155     0.6417  0.000e+00
     16.212    18.3871   4.447234    33.4606        156     0.6458  0.000e+00
     16.357    18.4178   4.447880    33.4411        157     0.6500  0.000e+00
     16.487    18.4383   4.448933    33.4332        158     0.6542  0.000e+00
     16.639    18.4475   4.448546    33.4224        159     0.6583  0.000e+00
     16.808    18.4537   4.447773    33.4108        160     0.6625  0.000e+00
     16.966    18.4556   4.448986    33.4194        161     0.6667  0.000e+00
     17.112    18.4551   4.449319    33.4225        162     0.6708  0.000e+00
     17.261    18.4540   4.449572    33.4255        163     0.6750  0.000e+00
     17.390    18.4460   4.450426    33.4391        164     0.6792  0.000e+00
     17.550    18.4326   4.450526    33.4509        165     0.6833  0.000e+00
     17.719    18.4216   4.451219    33.4656        166     0.6875  0.000e+00
     17.861    18.4130   4.452633    33.4844        167     0.6917  0.000e+00
     18.012    18.4045   4.454953    33.5109        168     0.6958  0.000e+00
     18.141    18.3969   4.459436    33.5547        169     0.7000  0.000e+00
     18.277    18.3909   4.461471    33.5767        170     0.7042  0.000e+00
     18.427    18.3867   4.462605    33.5896        171     0.7083  0.000e+00
     18.556    18.3847   4.465909    33.6190        172     0.7125  0.000e+00
     18.682    18.3824   4.468312    33.6411        173     0.7167  0.000e+00
     18.789    18.3806   4.470536    33.6613        174     0.7208  0.000e+00
     18.894    18.3797   4.468600    33.6457        175     0.7250  0.000e+00
     19.025    18.3794   4.462552    33.5950        176     0.7292  0.000e+00
     19.140    18.3788   4.465469    33.6199        177     0.7333  0.000e+00
     19.251    18.3784   4.465989    33.6246        178     0.7375  0.000e+00
     19.350    18.3782   4.470770    33.6650        179     0.7417  0.000e+00
     19.463    18.3783   4.464621    33.6131        180     0.7458  0.000e+00
     19.601    18.3782   4.459643    33.5712        181     0.7500  0.000e+00
     19.738    18.3842   4.458196    33.5541        182     0.7542  0.000e+00
     19.869    18.4009   4.458429    33.5423        183     0.7583  0.000e+00
     20.025    18.4206   4.458816    33.5295        184     0.7625  0.000e+00
     20.156    18.4346   4.458375    33.5143        185     0.7667  0.000e+00
     20.316    18.4478   4.458222    33.5022        186     0.7708  0.000e+00
     20.496    18.4592   4.458842    33.4981        187     0.7750  0.000e+00
     20.677    18.4673   4.460984    33.5094        188     0.7792  0.000e+00
     20.841    18.4731   4.463613    33.5267        189     0.7833  0.000e+00
     21.017    18.4758   4.465268    33.5383        190     0.7875  0.000e+00
     21.171    18.4745   4.466636    33.5509        191     0.7917  0.000e+00
     21.342    18.4626   4.467097    33.5644        192     0.7958  0.000e+00
     21.523    18.4487   4.468286    33.5857        193     0.8000  0.000e+00
     21.681    18.4365   4.472219    33.6287        194     0.8042  0.000e+00
     21.830    18.4235   4.476515    33.6754        195     0.8083  0.000e+00
     21.969    18.4113   4.481254    33.7253        196     0.8125  0.000e+00
     22.104    18.4012   4.482738    33.7461        197     0.8167  0.000e+00
     22.262    18.3944   4.489774    33.8108        198     0.8208  0.000e+00
     22.404    18.3833   4.493521    33.8516        199     0.8250  0.000e+00
     22.544    18.3632   4.493595    33.8687        200     0.8292  0.000e+00
     22.678    18.3460   4.494118    33.8872        201     0.8333  0.000e+00
     22.801    18.3353   4.494479    33.8991        202     0.8375  0.000e+00
     22.957    18.3289   4.494533    33.9048        203     0.8417  0.000e+00
     23.099    18.3248   4.494479    33.9077        204     0.8458  0.000e+00
     23.235    18.3223   4.494640    33.9111        205     0.8500  0.000e+00
     23.379    18.3208   4.495029    33.9155        206     0.8542  0.000e+00
     23.499    18.3205   4.495444    33.9192        207     0.8583  0.000e+00
     23.647    18.3215   4.496073    33.9236        208     0.8625  0.000e+00
     23.805    18.3234   4.496434    33.9251        209     0.8667  0.000e+00
     23.939    18.3260   4.497244    33.9297        210     0.8708  0.000e+00
     24.094    18.3296   4.497405    33.9280        211     0.8750  0.000e+00
     24.223    18.3320   4.497398    33.9259        212     0.8792  0.000e+00
     24.358    18.3323   4.497425    33.9259        213     0.8833  0.000e+00
     24.523    18.3314   4.497245    33.9250        214     0.8875  0.000e+00
     24.663    18.3303   4.496903    33.9230        215     0.8917  0.000e+00
