PC2406/sbe013.cnv
* Sea-Bird SBE 19plus V2 Data File:
* FileName = C:\cruise\data\sbe013.hex
* Software Version Seasave V 7.26.7.121
* Temperature SN = 7142
* Conductivity SN = 7142
* System UpLoad Time = Oct 28 2024 07:41:09
* NMEA Latitude = 40 41.85 N
* NMEA Longitude = 070 03.45 W
* NMEA UTC (Time) = Oct 28 2024  07:41:06
** Ship: Pisces
** Cruise:  PC2406
** Program:  Fall ECOMON
# nquan = 7
# nvalues = 1211                                  
# units = specified
# name 0 = depSM: Depth [salt water, m]
# name 1 = tv290C: Temperature [ITS-90, deg C]
# name 2 = c0S/m: Conductivity [S/m]
# name 3 = sal00: Salinity, Practical [PSU]
# name 4 = scan: Scan Count
# name 5 = timeM: Time, Elapsed [minutes]
# name 6 = flag:  0.000e+00
# span 0 =      0.094,     40.876                 
# span 1 =    10.7517,    14.4957                 
# span 2 =   0.000014,   3.904468                 
# span 3 =     0.0055,    31.9215                 
# span 4 =         11,       1221                 
# span 5 =     0.0417,     5.0833                 
# span 6 = 0.0000e+00, 0.0000e+00                 
# interval = seconds: 0.25
# start_time = Oct 28 2024 07:41:06 [NMEA time, header]
# bad_flag = -9.990e-29
*END*
[from data line 411]
     38.319    14.4571   3.904145    31.9184        422     1.7542  0.000e+00
     38.268    14.4571   3.904013    31.9173        423     1.7583  0.000e+00
     38.218    14.4573   3.903937    31.9164        424     1.7625  0.000e+00
     38.162    14.4574   3.903893    31.9159        425     1.7667  0.000e+00
     38.117    14.4574   3.903848    31.9155        426     1.7708  0.000e+00
     38.065    14.4576   3.903867    31.9156        427     1.7750  0.000e+00
     38.011    14.4577   3.903893    31.9158        428     1.7792  0.000e+00
     37.956    14.4577   3.903912    31.9159        429     1.7833  0.000e+00
     37.897    14.4579   3.903918    31.9159        430     1.7875  0.000e+00
     37.835    14.4579   3.903893    31.9157        431     1.7917  0.000e+00
     37.778    14.4579   3.903962    31.9163        432     1.7958  0.000e+00
     37.697    14.4580   3.903893    31.9156        433     1.8000  0.000e+00
     37.618    14.4578   3.903937    31.9162        434     1.8042  0.000e+00
     37.528    14.4578   3.903911    31.9160        435     1.8083  0.000e+00
     37.437    14.4579   3.903918    31.9161        436     1.8125  0.000e+00
     37.345    14.4579   3.903867    31.9156        437     1.8167  0.000e+00
     37.245    14.4580   3.903867    31.9156        438     1.8208  0.000e+00
     37.140    14.4580   3.903911    31.9161        439     1.8250  0.000e+00
     37.043    14.4580   3.903892    31.9159        440     1.8292  0.000e+00
     36.943    14.4579   3.903848    31.9156        441     1.8333  0.000e+00
     36.841    14.4581   3.903848    31.9155        442     1.8375  0.000e+00
     36.745    14.4579   3.903842    31.9156        443     1.8417  0.000e+00
     36.648    14.4580   3.903867    31.9158        444     1.8458  0.000e+00
     36.560    14.4582   3.903892    31.9159        445     1.8500  0.000e+00
     36.480    14.4579   3.903917    31.9164        446     1.8542  0.000e+00
     36.401    14.4579   3.903911    31.9164        447     1.8583  0.000e+00
     36.341    14.4580   3.903848    31.9158        448     1.8625  0.000e+00
     36.287    14.4580   3.903841    31.9157        449     1.8667  0.000e+00
     36.234    14.4580   3.903848    31.9158        450     1.8708  0.000e+00
     36.194    14.4583   3.903848    31.9156        451     1.8750  0.000e+00
     36.153    14.4582   3.903848    31.9157        452     1.8792  0.000e+00
     36.113    14.4583   3.903797    31.9151        453     1.8833  0.000e+00
     36.083    14.4583   3.903797    31.9152        454     1.8875  0.000e+00
     36.043    14.4583   3.903822    31.9154        455     1.8917  0.000e+00
     36.005    14.4582   3.903841    31.9157        456     1.8958  0.000e+00
     35.961    14.4583   3.903848    31.9156        457     1.9000  0.000e+00
     35.905    14.4583   3.903797    31.9152        458     1.9042  0.000e+00
     35.855    14.4584   3.903772    31.9149        459     1.9083  0.000e+00
     35.803    14.4583   3.903664    31.9140        460     1.9125  0.000e+00
     35.747    14.4585   3.903683    31.9141        461     1.9167  0.000e+00
     35.689    14.4583   3.903696    31.9143        462     1.9208  0.000e+00
     35.628    14.4587   3.903544    31.9127        463     1.9250  0.000e+00
     35.580    14.4586   3.903412    31.9116        464     1.9292  0.000e+00
     35.522    14.4590   3.903292    31.9102        465     1.9333  0.000e+00
     35.454    14.4591   3.903273    31.9100        466     1.9375  0.000e+00
     35.384    14.4597   3.903090    31.9078        467     1.9417  0.000e+00
     35.301    14.4599   3.903090    31.9077        468     1.9458  0.000e+00
     35.215    14.4605   3.903052    31.9068        469     1.9500  0.000e+00
     35.126    14.4605   3.902793    31.9045        470     1.9542  0.000e+00
     35.029    14.4615   3.902654    31.9025        471     1.9583  0.000e+00
     34.923    14.4618   3.902786    31.9035        472     1.9625  0.000e+00
     34.815    14.4624   3.902679    31.9021        473     1.9667  0.000e+00
     34.696    14.4625   3.902698    31.9022        474     1.9708  0.000e+00
     34.596    14.4629   3.902717    31.9021        475     1.9750  0.000e+00
     34.483    14.4627   3.902288    31.8984        476     1.9792  0.000e+00
     34.375    14.4633   3.902104    31.8962        477     1.9833  0.000e+00
     34.269    14.4640   3.902117    31.8958        478     1.9875  0.000e+00
     34.161    14.4646   3.902035    31.8946        479     1.9917  0.000e+00
     34.046    14.4651   3.902035    31.8943        480     1.9958  0.000e+00
     33.940    14.4656   3.902060    31.8941        481     2.0000  0.000e+00
     33.822    14.4655   3.901852    31.8924        482     2.0042  0.000e+00
     33.712    14.4658   3.901738    31.8912        483     2.0083  0.000e+00
     33.597    14.4664   3.901694    31.8903        484     2.0125  0.000e+00
     33.484    14.4668   3.901536    31.8885        485     2.0167  0.000e+00
     33.367    14.4675   3.901511    31.8878        486     2.0208  0.000e+00
     33.251    14.4679   3.901555    31.8879        487     2.0250  0.000e+00
     33.132    14.4683   3.901372    31.8860        488     2.0292  0.000e+00
     33.033    14.4684   3.901390    31.8861        489     2.0333  0.000e+00
     32.935    14.4687   3.901327    31.8854        490     2.0375  0.000e+00
     32.838    14.4691   3.900866    31.8808        491     2.0417  0.000e+00
     32.751    14.4702   3.901005    31.8812        492     2.0458  0.000e+00
     32.672    14.4710   3.900570    31.8766        493     2.0500  0.000e+00
     32.601    14.4721   3.900361    31.8739        494     2.0542  0.000e+00
     32.534    14.4735   3.900317    31.8723        495     2.0583  0.000e+00
     32.479    14.4747   3.899856    31.8671        496     2.0625  0.000e+00
     32.421    14.4763   3.899736    31.8648        497     2.0667  0.000e+00
     32.365    14.4780   3.899490    31.8611        498     2.0708  0.000e+00
     32.308    14.4795   3.899175    31.8571        499     2.0750  0.000e+00
     32.258    14.4815   3.899067    31.8544        500     2.0792  0.000e+00
     32.206    14.4833   3.899837    31.8600        501     2.0833  0.000e+00
     32.148    14.4827   3.900588    31.8674        502     2.0875  0.000e+00
     32.080    14.4791   3.900708    31.8714        503     2.0917  0.000e+00
     32.012    14.4763   3.900557    31.8724        504     2.0958  0.000e+00
     31.931    14.4748   3.900456    31.8728        505     2.1000  0.000e+00
     31.848    14.4746   3.900405    31.8724        506     2.1042  0.000e+00
     31.764    14.4748   3.900481    31.8730        507     2.1083  0.000e+00
     31.674    14.4749   3.899906    31.8677        508     2.1125  0.000e+00
     31.575    14.4762   3.898991    31.8584        509     2.1167  0.000e+00
     31.480    14.4806   3.898947    31.8544        510     2.1208  0.000e+00
     31.383    14.4843   3.898922    31.8512        511     2.1250  0.000e+00
     31.279    14.4878   3.898991    31.8490        512     2.1292  0.000e+00
     31.182    14.4904   3.899041    31.8473        513     2.1333  0.000e+00
     31.085    14.4925   3.899123    31.8464        514     2.1375  0.000e+00
     30.986    14.4940   3.899079    31.8448        515     2.1417  0.000e+00
     30.886    14.4950   3.898997    31.8433        516     2.1458  0.000e+00
     30.796    14.4950   3.899060    31.8439        517     2.1500  0.000e+00
     30.702    14.4954   3.898965    31.8427        518     2.1542  0.000e+00
     30.611    14.4953   3.898902    31.8422        519     2.1583  0.000e+00
     30.519    14.4950   3.898921    31.8428        520     2.1625  0.000e+00
     30.424    14.4950   3.898808    31.8417        521     2.1667  0.000e+00
     30.336    14.4951   3.898852    31.8421        522     2.1708  0.000e+00
     30.248    14.4953   3.898826    31.8418        523     2.1750  0.000e+00
     30.160    14.4956   3.898782    31.8411        524     2.1792  0.000e+00
     30.081    14.4957   3.898807    31.8413        525     2.1833  0.000e+00
     29.991    14.4954   3.898757    31.8411        526     2.1875  0.000e+00
     29.916    14.4953   3.898713    31.8408        527     2.1917  0.000e+00
     29.839    14.4956   3.898599    31.8395        528     2.1958  0.000e+00
     29.765    14.4953   3.898586    31.8398        529     2.2000  0.000e+00
     29.697    14.4946   3.898511    31.8397        530     2.2042  0.000e+00
     29.632    14.4937   3.898485    31.8401        531     2.2083  0.000e+00
     29.566    14.4931   3.898397    31.8399        532     2.2125  0.000e+00
     29.508    14.4929   3.898372    31.8398        533     2.2167  0.000e+00
     29.445    14.4925   3.898302    31.8395        534     2.2208  0.000e+00
     29.392    14.4925   3.898157    31.8382        535     2.2250  0.000e+00
     29.332    14.4922   3.898050    31.8375        536     2.2292  0.000e+00
     29.275    14.4921   3.897980    31.8370        537     2.2333  0.000e+00
     29.217    14.4916   3.897797    31.8358        538     2.2375  0.000e+00
     29.162    14.4913   3.897753    31.8356        539     2.2417  0.000e+00
     29.102    14.4908   3.897684    31.8355        540     2.2458  0.000e+00
     29.036    14.4906   3.897772    31.8365        541     2.2500  0.000e+00
     28.975    14.4905   3.897842    31.8372        542     2.2542  0.000e+00
     28.908    14.4906   3.897797    31.8367        543     2.2583  0.000e+00
     28.844    14.4904   3.897602    31.8351        544     2.2625  0.000e+00
     28.770    14.4905   3.897614    31.8352        545     2.2667  0.000e+00
     28.697    14.4903   3.897728    31.8365        546     2.2708  0.000e+00
     28.616    14.4901   3.897677    31.8362        547     2.2750  0.000e+00
     28.537    14.4902   3.897658    31.8360        548     2.2792  0.000e+00
     28.461    14.4899   3.897614    31.8358        549     2.2833  0.000e+00
     28.382    14.4899   3.897532    31.8351        550     2.2875  0.000e+00
     28.303    14.4898   3.897501    31.8349        551     2.2917  0.000e+00
     28.233    14.4897   3.897501    31.8350        552     2.2958  0.000e+00
     28.172    14.4895   3.897488    31.8351        553     2.3000  0.000e+00
     28.126    14.4899   3.897475    31.8347        554     2.3042  0.000e+00
     28.086    14.4899   3.897475    31.8346        555     2.3083  0.000e+00
     28.045    14.4900   3.897488    31.8347        556     2.3125  0.000e+00
     28.005    14.4899   3.897475    31.8347        557     2.3167  0.000e+00
     27.957    14.4899   3.897475    31.8348        558     2.3208  0.000e+00
     27.917    14.4899   3.897456    31.8346        559     2.3250  0.000e+00
     27.878    14.4904   3.897463    31.8342        560     2.3292  0.000e+00
     27.838    14.4906   3.897456    31.8341        561     2.3333  0.000e+00
     27.802    14.4906   3.897431    31.8338        562     2.3375  0.000e+00
     27.766    14.4907   3.897437    31.8338        563     2.3417  0.000e+00
     27.723    14.4906   3.897229    31.8320        564     2.3458  0.000e+00
     27.684    14.4902   3.897134    31.8315        565     2.3500  0.000e+00
     27.648    14.4894   3.896983    31.8308        566     2.3542  0.000e+00
     27.616    14.4886   3.896932    31.8310        567     2.3583  0.000e+00
     27.572    14.4878   3.897109    31.8333        568     2.3625  0.000e+00
     27.533    14.4880   3.897197    31.8339        569     2.3667  0.000e+00
     27.492    14.4884   3.896977    31.8316        570     2.3708  0.000e+00
     27.449    14.4884   3.896541    31.8276        571     2.3750  0.000e+00
     27.405    14.4869   3.896547    31.8290        572     2.3792  0.000e+00
     27.364    14.4857   3.896724    31.8316        573     2.3833  0.000e+00
     27.319    14.4856   3.897021    31.8344        574     2.3875  0.000e+00
     27.282    14.4867   3.897223    31.8353        575     2.3917  0.000e+00
     27.242    14.4878   3.897134    31.8336        576     2.3958  0.000e+00
     27.204    14.4887   3.896907    31.8308        577     2.4000  0.000e+00
     27.167    14.4881   3.896768    31.8301        578     2.4042  0.000e+00
     27.134    14.4871   3.896724    31.8305        579     2.4083  0.000e+00
     27.104    14.4862   3.896699    31.8311        580     2.4125  0.000e+00
     27.073    14.4852   3.896787    31.8326        581     2.4167  0.000e+00
     27.050    14.4849   3.896907    31.8340        582     2.4208  0.000e+00
     27.032    14.4848   3.896951    31.8345        583     2.4250  0.000e+00
     27.019    14.4850   3.896907    31.8339        584     2.4292  0.000e+00
     26.996    14.4852   3.896951    31.8342        585     2.4333  0.000e+00
     26.982    14.4853   3.896793    31.8327        586     2.4375  0.000e+00
     26.958    14.4850   3.896478    31.8300        587     2.4417  0.000e+00
     26.937    14.4844   3.896427    31.8301        588     2.4458  0.000e+00
     26.919    14.4831   3.896427    31.8312        589     2.4500  0.000e+00
     26.888    14.4827   3.896289    31.8302        590     2.4542  0.000e+00
     26.851    14.4820   3.896566    31.8334        591     2.4583  0.000e+00
     26.811    14.4825   3.896812    31.8352        592     2.4625  0.000e+00
     26.763    14.4835   3.896743    31.8338        593     2.4667  0.000e+00
     26.707    14.4841   3.896837    31.8342        594     2.4708  0.000e+00
     26.655    14.4846   3.896951    31.8348        595     2.4750  0.000e+00
     26.597    14.4856   3.896667    31.8315        596     2.4792  0.000e+00
     26.547    14.4850   3.896244    31.8281        597     2.4833  0.000e+00
     26.486    14.4837   3.896263    31.8294        598     2.4875  0.000e+00
     26.434    14.4824   3.896244    31.8303        599     2.4917  0.000e+00
     26.385    14.4817   3.896169    31.8302        600     2.4958  0.000e+00
     26.333    14.4815   3.896175    31.8304        601     2.5000  0.000e+00
     26.290    14.4811   3.896131    31.8304        602     2.5042  0.000e+00
     26.254    14.4812   3.896049    31.8296        603     2.5083  0.000e+00
     26.213    14.4809   3.896105    31.8304        604     2.5125  0.000e+00
     26.184    14.4807   3.896080    31.8303        605     2.5167  0.000e+00
     26.152    14.4805   3.896074    31.8304        606     2.5208  0.000e+00
     26.121    14.4805   3.896080    31.8304        607     2.5250  0.000e+00
     26.089    14.4802   3.896080    31.8307        608     2.5292  0.000e+00
     26.060    14.4805   3.896049    31.8302        609     2.5333  0.000e+00
     26.033    14.4803   3.895922    31.8292        610     2.5375  0.000e+00
     26.010    14.4800   3.895853    31.8288        611     2.5417  0.000e+00
     25.978    14.4797   3.895834    31.8289        612     2.5458  0.000e+00
     25.951    14.4791   3.895834    31.8294        613     2.5500  0.000e+00
     25.920    14.4791   3.895897    31.8300        614     2.5542  0.000e+00
     25.897    14.4790   3.895973    31.8308        615     2.5583  0.000e+00
     25.863    14.4796   3.896036    31.8309        616     2.5625  0.000e+00
     25.836    14.4800   3.896036    31.8306        617     2.5667  0.000e+00
     25.802    14.4803   3.895929    31.8294        618     2.5708  0.000e+00
     25.771    14.4804   3.895948    31.8295        619     2.5750  0.000e+00
     25.730    14.4804   3.895992    31.8299        620     2.5792  0.000e+00
     25.696    14.4802   3.895973    31.8299        621     2.5833  0.000e+00
     25.658    14.4805   3.895992    31.8298        622     2.5875  0.000e+00
     25.629    14.4805   3.895992    31.8299        623     2.5917  0.000e+00
     25.604    14.4808   3.896023    31.8299        624     2.5958  0.000e+00
     25.577    14.4809   3.896017    31.8297        625     2.6000  0.000e+00
