PC2406/sbe059.cnv
* Sea-Bird SBE 19plus V2 Data File:
* FileName = C:\cruise\data\sbe059.hex
* Software Version Seasave V 7.26.7.121
* Temperature SN = 7142
* Conductivity SN = 7142
* System UpLoad Time = Nov 09 2024 19:43:55
* NMEA Latitude = 38 33.28 N
* NMEA Longitude = 073 35.94 W
* NMEA UTC (Time) = Nov 09 2024  19:43:49
** Ship: Pisces
** Cruise:  PC2406
** Program:  Fall ECOMON
# nquan = 7
# nvalues = 1614                                  
# units = specified
# name 0 = depSM: Depth [salt water, m]
# name 1 = tv290C: Temperature [ITS-90, deg C]
# name 2 = c0S/m: Conductivity [S/m]
# name 3 = sal00: Salinity, Practical [PSU]
# name 4 = scan: Scan Count
# name 5 = timeM: Time, Elapsed [minutes]
# name 6 = flag:  0.000e+00
# span 0 =      0.082,     64.345                 
# span 1 =    15.9981,    20.6221                 
# span 2 =   0.000047,   4.598498                 
# span 3 =     0.0100,    35.1096                 
# span 4 =         11,       1624                 
# span 5 =     0.0417,     6.7625                 
# span 6 = 0.0000e+00, 0.0000e+00                 
# interval = seconds: 0.25
# start_time = Nov 09 2024 19:43:49 [NMEA time, header]
# bad_flag = -9.990e-29
*END*
      0.089    20.4332   0.000098     0.0101         11     0.0417  0.000e+00
      0.092    20.4206   0.000064     0.0101         12     0.0458  0.000e+00
      0.092    20.3368   0.000047     0.0101         13     0.0500  0.000e+00
      0.092    20.2485   0.000078     0.0100         14     0.0542  0.000e+00
      0.098    20.2453   0.000089     0.0100         15     0.0583  0.000e+00
      0.096    20.2928   0.000092     0.0101         16     0.0625  0.000e+00
      0.090    20.3443   0.000095     0.0101         17     0.0667  0.000e+00
      0.094    20.3687   0.000098     0.0101         18     0.0708  0.000e+00
      0.094    20.3931   0.000095     0.0101         19     0.0750  0.000e+00
      0.094    20.4131   0.000098     0.0101         20     0.0792  0.000e+00
      0.092    20.4541   0.000098     0.0101         21     0.0833  0.000e+00
      0.089    20.5036   0.000098     0.0102         22     0.0875  0.000e+00
      0.089    20.5488   0.000098     0.0102         23     0.0917  0.000e+00
      0.090    20.5794   0.000095     0.0102         24     0.0958  0.000e+00
      0.089    20.5838   0.000095     0.0102         25     0.1000  0.000e+00
      0.089    20.5488   0.000092     0.0102         26     0.1042  0.000e+00
      0.090    20.5213   0.000095     0.0102         27     0.1083  0.000e+00
      0.083    20.5371   0.000092     0.0102         28     0.1125  0.000e+00
      0.083    20.5695   0.000095     0.0102         29     0.1167  0.000e+00
      0.090    20.5967   0.000098     0.0102         30     0.1208  0.000e+00
      0.082    20.6221   0.000098     0.0102         31     0.1250  0.000e+00
      0.085    20.6213   0.000089     0.0102         32     0.1292  0.000e+00
      0.082    20.5980   0.000084     0.0102         33     0.1333  0.000e+00
      0.087    20.5252   0.000081     0.0102         34     0.1375  0.000e+00
      0.091    20.4553   0.000095     0.0101         35     0.1417  0.000e+00
      0.089    20.4588   0.000092     0.0101         36     0.1458  0.000e+00
      0.089    20.4891   0.000089     0.0101         37     0.1500  0.000e+00
      0.096    20.5191   0.000084     0.0102         38     0.1542  0.000e+00
      0.099    20.4923   0.000070     0.0101         39     0.1583  0.000e+00
      0.101    20.4168   0.000075     0.0101         40     0.1625  0.000e+00
      0.094    20.3447   0.000081     0.0101         41     0.1667  0.000e+00
      0.092    20.3359   0.000084     0.0101         42     0.1708  0.000e+00
      0.096    20.3817   0.000075     0.0101         43     0.1750  0.000e+00
      0.110    20.4430   0.000070     0.0101         44     0.1792  0.000e+00
      0.266    20.4997   0.425151     2.4937         45     0.1833  0.000e+00
      0.448    20.5127   2.817980    19.1889         46     0.1875  0.000e+00
      0.566    20.2444   2.812289    19.2672         47     0.1917  0.000e+00
      0.642    19.9163   2.933154    20.3364         48     0.1958  0.000e+00
      0.715    19.7056   2.540219    17.4516         49     0.2000  0.000e+00
      0.796    19.5912   2.746016    19.0606         50     0.2042  0.000e+00
      0.897    19.5300   2.496700    17.1956         51     0.2083  0.000e+00
      1.005    19.4988   2.889913    20.2056         52     0.2125  0.000e+00
      1.107    19.4900   2.839068    19.8191         53     0.2167  0.000e+00
      1.136    19.4904   3.397692    24.1594         54     0.2208  0.000e+00
      1.150    19.4820   4.042391    29.3009         55     0.2250  0.000e+00
      1.172    19.4449   1.677209    11.1640         56     0.2292  0.000e+00
      1.202    19.4041   2.789162    19.4762         57     0.2333  0.000e+00
      1.200    19.4271   4.297949    31.4144         58     0.2375  0.000e+00
      1.157    19.4936   3.804262    27.3806         59     0.2417  0.000e+00
      1.098    19.5292   3.155762    22.2463         60     0.2458  0.000e+00
      1.014    19.5311   3.296236    23.3408         61     0.2500  0.000e+00
      0.909    19.4777   3.269704    23.1628         62     0.2542  0.000e+00
      0.852    19.3845   2.647163    18.3987         63     0.2583  0.000e+00
      0.780    19.2554   2.974289    20.9772         64     0.2625  0.000e+00
      0.690    19.1127   3.393278    24.3435         65     0.2667  0.000e+00
      0.584    18.9662   4.572219    34.0397         66     0.2708  0.000e+00
      0.475    18.8248   4.560180    34.0556         67     0.2750  0.000e+00
      0.376    18.7017   4.561024    34.1644         68     0.2792  0.000e+00
      0.299    18.6124   4.563383    34.2583         69     0.2833  0.000e+00
      0.263    18.5593   4.164953    30.9729         70     0.2875  0.000e+00
      0.275    18.5314   2.902285    20.7768         71     0.2917  0.000e+00
      0.374    18.5479   4.587066    34.5116         72     0.2958  0.000e+00
      0.495    18.6396   4.596526    34.5144         73     0.3000  0.000e+00
      0.597    18.7205   4.598498    34.4632         74     0.3042  0.000e+00
      0.674    18.7632   4.590189    34.3579         75     0.3083  0.000e+00
      0.735    18.7618   4.578877    34.2642         76     0.3125  0.000e+00
      0.759    18.7159   4.572998    34.2529         77     0.3167  0.000e+00
      0.782    18.6576   4.561833    34.2076         78     0.3208  0.000e+00
      0.775    18.6053   4.559564    34.2319         79     0.3250  0.000e+00
      0.750    18.5660   4.556973    34.2429         80     0.3292  0.000e+00
      0.719    18.5371   4.555196    34.2519         81     0.3333  0.000e+00
      0.669    18.5132   4.552794    34.2516         82     0.3375  0.000e+00
      0.568    18.4929   4.551132    34.2546         83     0.3417  0.000e+00
      0.457    18.4723   4.548246    34.2474         84     0.3458  0.000e+00
      0.338    18.4525   4.547715    34.2594         85     0.3500  0.000e+00
      0.180    18.4401   4.548220    34.2741         86     0.3542  0.000e+00
      0.101    18.4316   4.548139    34.2806         87     0.3583  0.000e+00
      0.092    18.4225   4.172213    31.1363         88     0.3625  0.000e+00
      0.092    18.4103   0.925907     6.0210         89     0.3667  0.000e+00
      0.089    18.4001   1.736408    11.8862         90     0.3708  0.000e+00
      0.089    18.4011   4.551335    34.3330         91     0.3750  0.000e+00
      0.209    18.4206   4.558617    34.3782         92     0.3792  0.000e+00
      0.344    18.4630   4.564153    34.3894         93     0.3833  0.000e+00
      0.398    18.4966   4.567393    34.3886         94     0.3875  0.000e+00
      0.543    18.5130   4.570311    34.3995         95     0.3917  0.000e+00
      0.732    18.5193   4.573001    34.4168         96     0.3958  0.000e+00
      0.895    18.5217   4.568188    34.3742         97     0.4000  0.000e+00
      0.992    18.5188   4.557263    34.2844         98     0.4042  0.000e+00
      1.024    18.5057   4.552579    34.2559         99     0.4083  0.000e+00
      1.006    18.4844   4.552148    34.2701        100     0.4125  0.000e+00
      0.942    18.4646   4.553030    34.2940        101     0.4167  0.000e+00
      0.891    18.4531   4.559836    34.3610        102     0.4208  0.000e+00
      1.010    18.4478   4.564477    34.4046        103     0.4250  0.000e+00
      1.173    18.4436   4.566646    34.4264        104     0.4292  0.000e+00
      1.330    18.4419   4.566835    34.4294        105     0.4333  0.000e+00
      1.491    18.4420   4.566249    34.4242        106     0.4375  0.000e+00
      1.669    18.4430   4.567179    34.4312        107     0.4417  0.000e+00
      1.822    18.4442   4.566566    34.4250        108     0.4458  0.000e+00
      1.962    18.4455   4.560288    34.3708        109     0.4500  0.000e+00
      2.082    18.4448   4.554882    34.3257        110     0.4542  0.000e+00
      2.184    18.4481   4.553717    34.3131        111     0.4583  0.000e+00
      2.269    18.4529   4.553031    34.3033        112     0.4625  0.000e+00
      2.324    18.4527   4.552829    34.3017        113     0.4667  0.000e+00
      2.369    18.4523   4.554485    34.3160        114     0.4708  0.000e+00
      2.378    18.4518   4.552318    34.2981        115     0.4750  0.000e+00
      2.384    18.4523   4.556309    34.3314        116     0.4792  0.000e+00
      2.447    18.4536   4.558510    34.3488        117     0.4833  0.000e+00
      2.529    18.4537   4.556888    34.3350        118     0.4875  0.000e+00
      2.642    18.4522   4.559783    34.3607        119     0.4917  0.000e+00
      2.793    18.4514   4.560126    34.3642        120     0.4958  0.000e+00
      2.942    18.4524   4.555414    34.3235        121     0.5000  0.000e+00
      3.057    18.4526   4.554990    34.3198        122     0.5042  0.000e+00
      3.203    18.4527   4.557453    34.3404        123     0.5083  0.000e+00
      3.386    18.4543   4.559440    34.3558        124     0.5125  0.000e+00
      3.578    18.4555   4.559197    34.3527        125     0.5167  0.000e+00
      3.770    18.4552   4.554855    34.3162        126     0.5208  0.000e+00
      3.953    18.4551   4.553873    34.3079        127     0.5250  0.000e+00
      4.126    18.4582   4.553059    34.2984        128     0.5292  0.000e+00
      4.276    18.4616   4.555441    34.3156        129     0.5333  0.000e+00
      4.434    18.4619   4.560605    34.3589        130     0.5375  0.000e+00
      4.610    18.4610   4.563643    34.3852        131     0.5417  0.000e+00
      4.754    18.4608   4.557501    34.3334        132     0.5458  0.000e+00
      4.865    18.4595   4.554486    34.3091        133     0.5500  0.000e+00
      4.935    18.4560   4.552426    34.2946        134     0.5542  0.000e+00
      4.982    18.4543   4.556471    34.3301        135     0.5583  0.000e+00
      5.059    18.4538   4.564485    34.3982        136     0.5625  0.000e+00
      5.129    18.4527   4.560525    34.3656        137     0.5667  0.000e+00
      5.208    18.4507   4.560686    34.3686        138     0.5708  0.000e+00
      5.296    18.4500   4.554223    34.3146        139     0.5750  0.000e+00
      5.348    18.4480   4.553672    34.3116        140     0.5792  0.000e+00
      5.471    18.4463   4.556418    34.3362        141     0.5833  0.000e+00
      5.620    18.4458   4.558114    34.3508        142     0.5875  0.000e+00
      5.763    18.4470   4.554224    34.3170        143     0.5917  0.000e+00
      5.907    18.4467   4.553773    34.3134        144     0.5958  0.000e+00
      6.058    18.4459   4.552481    34.3030        145     0.6000  0.000e+00
      6.149    18.4465   4.552212    34.3002        146     0.6042  0.000e+00
      6.275    18.4505   4.556869    34.3362        147     0.6083  0.000e+00
      6.435    18.4518   4.558909    34.3522        148     0.6125  0.000e+00
      6.577    18.4518   4.553564    34.3071        149     0.6167  0.000e+00
      6.706    18.4504   4.552299    34.2976        150     0.6208  0.000e+00
      6.841    18.4489   4.552320    34.2989        151     0.6250  0.000e+00
      6.922    18.4486   4.552555    34.3011        152     0.6292  0.000e+00
      7.020    18.4492   4.558169    34.3479        153     0.6333  0.000e+00
      7.148    18.4497   4.561691    34.3773        154     0.6375  0.000e+00
      7.261    18.4506   4.561852    34.3778        155     0.6417  0.000e+00
      7.365    18.4563   4.561058    34.3663        156     0.6458  0.000e+00
      7.491    18.4577   4.558458    34.3431        157     0.6500  0.000e+00
      7.599    18.4569   4.556688    34.3288        158     0.6542  0.000e+00
      7.753    18.4557   4.562479    34.3786        159     0.6583  0.000e+00
      7.933    18.4551   4.563786    34.3901        160     0.6625  0.000e+00
      8.121    18.4659   4.563604    34.3795        161     0.6667  0.000e+00
      8.272    18.4870   4.560182    34.3330        162     0.6708  0.000e+00
      8.419    18.4996   4.557118    34.2965        163     0.6750  0.000e+00
      8.552    18.4955   4.553322    34.2679        164     0.6792  0.000e+00
      8.667    18.4849   4.553962    34.2821        165     0.6833  0.000e+00
      8.807    18.4756   4.555201    34.3002        166     0.6875  0.000e+00
      8.931    18.4682   4.552899    34.2869        167     0.6917  0.000e+00
      9.014    18.4623   4.551668    34.2814        168     0.6958  0.000e+00
      9.082    18.4590   4.550948    34.2781        169     0.7000  0.000e+00
      9.100    18.4562   4.552718    34.2953        170     0.7042  0.000e+00
      9.156    18.4540   4.556709    34.3309        171     0.7083  0.000e+00
      9.215    18.4528   4.554091    34.3097        172     0.7125  0.000e+00
      9.271    18.4518   4.553216    34.3031        173     0.7167  0.000e+00
      9.357    18.4511   4.552475    34.2974        174     0.7208  0.000e+00
      9.411    18.4515   4.552186    34.2947        175     0.7250  0.000e+00
      9.518    18.4531   4.557880    34.3413        176     0.7292  0.000e+00
      9.673    18.4538   4.559759    34.3566        177     0.7333  0.000e+00
      9.852    18.4602   4.560978    34.3615        178     0.7375  0.000e+00
     10.034    18.4747   4.560048    34.3414        179     0.7417  0.000e+00
     10.197    18.4898   4.557981    34.3113        180     0.7458  0.000e+00
     10.380    18.4931   4.556157    34.2931        181     0.7500  0.000e+00
     10.583    18.4866   4.554050    34.2807        182     0.7542  0.000e+00
     10.759    18.4782   4.551978    34.2702        183     0.7583  0.000e+00
     10.968    18.4701   4.552826    34.2840        184     0.7625  0.000e+00
     11.190    18.4643   4.551978    34.2816        185     0.7667  0.000e+00
     11.393    18.4600   4.550128    34.2695        186     0.7708  0.000e+00
     11.537    18.4573   4.550101    34.2715        187     0.7750  0.000e+00
     11.675    18.4553   4.549967    34.2719        188     0.7792  0.000e+00
     11.744    18.4523   4.549940    34.2741        189     0.7833  0.000e+00
     11.839    18.4500   4.551158    34.2863        190     0.7875  0.000e+00
     11.905    18.4485   4.549772    34.2759        191     0.7917  0.000e+00
     11.979    18.4471   4.549496    34.2747        192     0.7958  0.000e+00
     12.033    18.4459   4.548756    34.2694        193     0.8000  0.000e+00
     12.099    18.4455   4.551266    34.2909        194     0.8042  0.000e+00
     12.196    18.4454   4.553325    34.3083        195     0.8083  0.000e+00
     12.259    18.4451   4.553035    34.3062        196     0.8125  0.000e+00
     12.359    18.4448   4.555943    34.3309        197     0.8167  0.000e+00
     12.478    18.4448   4.553379    34.3092        198     0.8208  0.000e+00
     12.564    18.4445   4.551791    34.2960        199     0.8250  0.000e+00
     12.697    18.4444   4.552665    34.3035        200     0.8292  0.000e+00
     12.839    18.4454   4.552383    34.3001        201     0.8333  0.000e+00
     12.961    18.4456   4.551185    34.2898        202     0.8375  0.000e+00
     13.114    18.4453   4.551979    34.2967        203     0.8417  0.000e+00
     13.252    18.4452   4.550761    34.2865        204     0.8458  0.000e+00
     13.360    18.4450   4.552747    34.3034        205     0.8500  0.000e+00
     13.505    18.4457   4.547667    34.2599        206     0.8542  0.000e+00
     13.654    18.4436   4.545824    34.2460        207     0.8583  0.000e+00
     13.780    18.4404   4.545744    34.2480        208     0.8625  0.000e+00
     13.933    18.4375   4.545825    34.2510        209     0.8667  0.000e+00
     14.062    18.4354   4.545979    34.2540        210     0.8708  0.000e+00
     14.175    18.4352   4.546000    34.2543        211     0.8750  0.000e+00
     14.351    18.4352   4.545953    34.2538        212     0.8792  0.000e+00
     14.520    18.4354   4.545926    34.2534        213     0.8833  0.000e+00
     14.673    18.4355   4.545906    34.2530        214     0.8875  0.000e+00
     14.811    18.4352   4.545906    34.2533        215     0.8917  0.000e+00
