PC2406/sbe081.cnv
* Sea-Bird SBE 19plus V2 Data File:
* FileName = C:\cruise\data\sbe081.hex
* Software Version Seasave V 7.26.7.121
* Temperature SN = 7142
* Conductivity SN = 7142
* System UpLoad Time = Nov 12 2024 19:09:26
* NMEA Latitude = 40 58.49 N
* NMEA Longitude = 070 30.19 W
* NMEA UTC (Time) = Nov 12 2024  19:09:22
** Ship: Pisces
** Cruise:  PC2406
** Program:  Fall ECOMON
# nquan = 7
# nvalues = 1471                                  
# units = specified
# name 0 = depSM: Depth [salt water, m]
# name 1 = tv290C: Temperature [ITS-90, deg C]
# name 2 = c0S/m: Conductivity [S/m]
# name 3 = sal00: Salinity, Practical [PSU]
# name 4 = scan: Scan Count
# name 5 = timeM: Time, Elapsed [minutes]
# name 6 = flag:  0.000e+00
# span 0 =     -0.058,     40.784                 
# span 1 =    10.7751,    15.4080                 
# span 2 =   0.001227,   4.051909                 
# span 3 =     0.0113,    33.0274                 
# span 4 =         11,       1481                 
# span 5 =     0.0417,     6.1667                 
# span 6 = 0.0000e+00, 0.0000e+00                 
# interval = seconds: 0.25
# start_time = Nov 12 2024 19:09:22 [NMEA time, header]
# bad_flag = -9.990e-29
*END*
[from data line 1436]
      0.751    15.3716   4.046698    32.4652       1447     6.0250  0.000e+00
      0.620    15.3705   4.046365    32.4632       1448     6.0292  0.000e+00
      0.438    15.3677   4.046006    32.4623       1449     6.0333  0.000e+00
      0.219    15.3648   4.045596    32.4611       1450     6.0375  0.000e+00
      0.124    15.3614   4.045289    32.4613       1451     6.0417  0.000e+00
      0.207    15.3575   4.045263    32.4642       1452     6.0458  0.000e+00
      0.288    15.3546   4.045430    32.4681       1453     6.0500  0.000e+00
      0.354    15.3538   4.045744    32.4715       1454     6.0542  0.000e+00
      0.399    15.3552   4.045552    32.4686       1455     6.0583  0.000e+00
      0.446    15.3555   4.045334    32.4664       1456     6.0625  0.000e+00
      0.474    15.3543   4.045308    32.4672       1457     6.0667  0.000e+00
      0.428    15.3535   4.045667    32.4710       1458     6.0708  0.000e+00
      0.356    15.3544   4.045859    32.4721       1459     6.0750  0.000e+00
      0.284    15.3561   4.045026    32.4632       1460     6.0792  0.000e+00
      0.210    15.3531   4.044783    32.4635       1461     6.0833  0.000e+00
      0.085    15.3498   4.043136    32.4516       1462     6.0875  0.000e+00
     -0.016    15.3424   4.023856    32.2852       1463     6.0917  0.000e+00
     -0.027    15.3264   1.760785    13.0193       1464     6.0958  0.000e+00
     -0.011    15.3100   3.887937    31.0982       1465     6.1000  0.000e+00
      0.059    15.3013   3.938520    31.5560       1466     6.1042  0.000e+00
      0.156    15.3054   3.954966    31.6995       1467     6.1083  0.000e+00
      0.261    15.3162   3.960516    31.7403       1468     6.1125  0.000e+00
      0.366    15.3251   3.959042    31.7199       1469     6.1167  0.000e+00
      0.445    15.3324   3.956318    31.6896       1470     6.1208  0.000e+00
      0.462    15.3413   3.958229    31.6996       1471     6.1250  0.000e+00
      0.451    15.3496   3.958623    31.6964       1472     6.1292  0.000e+00
      0.388    15.3560   3.957766    31.6836       1473     6.1333  0.000e+00
      0.208    15.3604   3.954667    31.6525       1474     6.1375  0.000e+00
      0.065    15.3626   3.992605    31.9893       1475     6.1417  0.000e+00
     -0.020    15.3612   1.360897     9.8353       1476     6.1458  0.000e+00
     -0.029    15.3372   0.509967     3.4280       1477     6.1500  0.000e+00
     -0.029    15.2685   0.355096     2.3365       1478     6.1542  0.000e+00
     -0.030    15.1718   0.310361     2.0306       1479     6.1583  0.000e+00
     -0.029    15.1143   0.264168     1.7148       1480     6.1625  0.000e+00
     -0.027    15.0977   0.245601     1.5884       1481     6.1667  0.000e+00
