PC2406/sbe037.cnv
* Sea-Bird SBE 19plus V2 Data File:
* FileName = C:\cruise\data\sbe037.hex
* Software Version Seasave V 7.26.7.121
* Temperature SN = 7142
* Conductivity SN = 7142
* System UpLoad Time = Nov 07 2024 09:17:11
* NMEA Latitude = 35 38.86 N
* NMEA Longitude = 074 49.17 W
* NMEA UTC (Time) = Nov 07 2024  09:17:03
** Ship: Pisces
** Cruise:  PC2406
** Program:  Fall ECOMON
# nquan = 7
# nvalues = 1939                                  
# units = specified
# name 0 = depSM: Depth [salt water, m]
# name 1 = tv290C: Temperature [ITS-90, deg C]
# name 2 = c0S/m: Conductivity [S/m]
# name 3 = sal00: Salinity, Practical [PSU]
# name 4 = scan: Scan Count
# name 5 = timeM: Time, Elapsed [minutes]
# name 6 = flag:  0.000e+00
# span 0 =      0.047,     94.259                 
# span 1 =    13.8784,    24.1189                 
# span 2 =   0.000008,   5.224091                 
# span 3 =     0.0104,    35.9022                 
# span 4 =         11,       1949                 
# span 5 =     0.0417,     8.1167                 
# span 6 = 0.0000e+00, 0.0000e+00                 
# interval = seconds: 0.25
# start_time = Nov 07 2024 09:17:03 [NMEA time, header]
# bad_flag = -9.990e-29
*END*
[from data line 821]
     80.873    14.0349   4.275568    35.6977        832     3.4625  0.000e+00
     80.894    14.0350   4.275627    35.6982        833     3.4667  0.000e+00
     80.916    14.0354   4.275647    35.6979        834     3.4708  0.000e+00
     80.939    14.0355   4.275627    35.6977        835     3.4750  0.000e+00
     80.961    14.0356   4.275621    35.6975        836     3.4792  0.000e+00
     80.981    14.0356   4.275555    35.6969        837     3.4833  0.000e+00
     80.982    14.0354   4.275555    35.6971        838     3.4875  0.000e+00
     80.975    14.0352   4.275542    35.6971        839     3.4917  0.000e+00
     80.939    14.0349   4.275555    35.6976        840     3.4958  0.000e+00
     80.884    14.0348   4.275496    35.6971        841     3.5000  0.000e+00
     80.803    14.0346   4.275437    35.6968        842     3.5042  0.000e+00
     80.700    14.0341   4.275470    35.6976        843     3.5083  0.000e+00
     80.580    14.0341   4.275922    35.7019        844     3.5125  0.000e+00
     80.445    14.0356   4.276584    35.7067        845     3.5167  0.000e+00
     80.303    14.0391   4.276853    35.7061        846     3.5208  0.000e+00
     80.143    14.0424   4.276925    35.7037        847     3.5250  0.000e+00
     79.983    14.0448   4.277004    35.7023        848     3.5292  0.000e+00
     79.823    14.0465   4.277462    35.7050        849     3.5333  0.000e+00
     79.656    14.0489   4.277948    35.7075        850     3.5375  0.000e+00
     79.498    14.0525   4.278124    35.7058        851     3.5417  0.000e+00
     79.347    14.0557   4.278249    35.7041        852     3.5458  0.000e+00
     79.194    14.0584   4.278819    35.7070        853     3.5500  0.000e+00
     79.056    14.0622   4.279816    35.7128        854     3.5542  0.000e+00
     78.925    14.0684   4.280898    35.7172        855     3.5583  0.000e+00
     78.815    14.0769   4.281947    35.7192        856     3.5625  0.000e+00
     78.707    14.0863   4.282439    35.7151        857     3.5667  0.000e+00
     78.610    14.0943   4.282635    35.7095        858     3.5708  0.000e+00
     78.522    14.0997   4.283029    35.7082        859     3.5750  0.000e+00
     78.443    14.1039   4.283331    35.7072        860     3.5792  0.000e+00
     78.377    14.1077   4.283619    35.7064        861     3.5833  0.000e+00
     78.310    14.1110   4.284000    35.7069        862     3.5875  0.000e+00
     78.240    14.1144   4.284255    35.7062        863     3.5917  0.000e+00
     78.181    14.1175   4.284498    35.7056        864     3.5958  0.000e+00
     78.130    14.1202   4.284793    35.7058        865     3.6000  0.000e+00
     78.078    14.1231   4.285088    35.7060        866     3.6042  0.000e+00
     78.031    14.1258   4.285252    35.7050        867     3.6083  0.000e+00
     77.985    14.1283   4.285410    35.7041        868     3.6125  0.000e+00
     77.938    14.1303   4.285528    35.7034        869     3.6167  0.000e+00
     77.897    14.1319   4.285613    35.7027        870     3.6208  0.000e+00
     77.845    14.1333   4.285652    35.7019        871     3.6250  0.000e+00
     77.785    14.1341   4.285718    35.7017        872     3.6292  0.000e+00
     77.722    14.1348   4.285797    35.7018        873     3.6333  0.000e+00
     77.656    14.1357   4.285875    35.7017        874     3.6375  0.000e+00
     77.580    14.1366   4.285921    35.7014        875     3.6417  0.000e+00
     77.500    14.1372   4.285974    35.7013        876     3.6458  0.000e+00
     77.413    14.1380   4.286000    35.7009        877     3.6500  0.000e+00
     77.318    14.1384   4.285993    35.7005        878     3.6542  0.000e+00
     77.221    14.1387   4.286020    35.7005        879     3.6583  0.000e+00
     77.117    14.1391   4.286052    35.7005        880     3.6625  0.000e+00
     77.009    14.1393   4.286092    35.7007        881     3.6667  0.000e+00
     76.903    14.1397   4.286098    35.7004        882     3.6708  0.000e+00
     76.802    14.1399   4.286092    35.7002        883     3.6750  0.000e+00
     76.696    14.1402   4.286118    35.7002        884     3.6792  0.000e+00
     76.592    14.1405   4.286150    35.7003        885     3.6833  0.000e+00
     76.497    14.1408   4.286170    35.7002        886     3.6875  0.000e+00
     76.405    14.1412   4.286229    35.7005        887     3.6917  0.000e+00
     76.324    14.1415   4.286288    35.7008        888     3.6958  0.000e+00
     76.242    14.1419   4.286341    35.7010        889     3.7000  0.000e+00
     76.168    14.1426   4.286485    35.7017        890     3.7042  0.000e+00
     76.094    14.1435   4.286656    35.7024        891     3.7083  0.000e+00
     76.026    14.1447   4.286898    35.7037        892     3.7125  0.000e+00
     75.952    14.1463   4.287075    35.7038        893     3.7167  0.000e+00
     75.886    14.1482   4.287200    35.7033        894     3.7208  0.000e+00
     75.814    14.1498   4.287207    35.7019        895     3.7250  0.000e+00
     75.740    14.1510   4.287200    35.7007        896     3.7292  0.000e+00
     75.665    14.1517   4.287226    35.7004        897     3.7333  0.000e+00
     75.584    14.1522   4.287397    35.7015        898     3.7375  0.000e+00
     75.505    14.1533   4.287738    35.7037        899     3.7417  0.000e+00
     75.420    14.1553   4.288125    35.7055        900     3.7458  0.000e+00
     75.336    14.1584   4.288598    35.7071        901     3.7500  0.000e+00
     75.242    14.1621   4.288998    35.7074        902     3.7542  0.000e+00
     75.162    14.1660   4.289359    35.7072        903     3.7583  0.000e+00
     75.075    14.1704   4.289602    35.7054        904     3.7625  0.000e+00
     74.998    14.1740   4.289851    35.7045        905     3.7667  0.000e+00
     74.923    14.1770   4.290074    35.7038        906     3.7708  0.000e+00
     74.856    14.1798   4.290363    35.7039        907     3.7750  0.000e+00
     74.791    14.1827   4.290638    35.7038        908     3.7792  0.000e+00
     74.730    14.1856   4.290907    35.7036        909     3.7833  0.000e+00
     74.671    14.1883   4.291058    35.7026        910     3.7875  0.000e+00
     74.612    14.1904   4.291177    35.7017        911     3.7917  0.000e+00
     74.552    14.1923   4.291288    35.7011        912     3.7958  0.000e+00
     74.491    14.1938   4.291347    35.7003        913     3.8000  0.000e+00
     74.427    14.1949   4.291373    35.6996        914     3.8042  0.000e+00
     74.349    14.1955   4.291413    35.6993        915     3.8083  0.000e+00
     74.277    14.1962   4.291524    35.6998        916     3.8125  0.000e+00
     74.191    14.1970   4.291695    35.7007        917     3.8167  0.000e+00
     74.103    14.1979   4.291800    35.7008        918     3.8208  0.000e+00
     74.011    14.1991   4.292135    35.7029        919     3.8250  0.000e+00
     73.913    14.2012   4.292804    35.7073        920     3.8292  0.000e+00
     73.812    14.2053   4.293756    35.7123        921     3.8333  0.000e+00
     73.711    14.2113   4.294892    35.7174        922     3.8375  0.000e+00
     73.620    14.2196   4.295477    35.7152        923     3.8417  0.000e+00
     73.528    14.2277   4.295877    35.7115        924     3.8458  0.000e+00
     73.447    14.2336   4.296094    35.7080        925     3.8500  0.000e+00
     73.375    14.2380   4.296192    35.7049        926     3.8542  0.000e+00
     73.312    14.2408   4.296317    35.7035        927     3.8583  0.000e+00
     73.264    14.2429   4.296455    35.7028        928     3.8625  0.000e+00
     73.230    14.2444   4.296711    35.7039        929     3.8667  0.000e+00
     73.208    14.2466   4.297131    35.7057        930     3.8708  0.000e+00
     73.196    14.2498   4.297407    35.7054        931     3.8750  0.000e+00
     73.188    14.2533   4.297525    35.7033        932     3.8792  0.000e+00
     73.174    14.2563   4.297663    35.7018        933     3.8833  0.000e+00
     73.161    14.2585   4.297749    35.7005        934     3.8875  0.000e+00
     73.133    14.2602   4.297821    35.6996        935     3.8917  0.000e+00
     73.095    14.2613   4.297873    35.6991        936     3.8958  0.000e+00
     73.045    14.2624   4.297919    35.6985        937     3.9000  0.000e+00
     72.978    14.2632   4.298143    35.6999        938     3.9042  0.000e+00
     72.904    14.2648   4.299108    35.7074        939     3.9083  0.000e+00
     72.804    14.2704   4.300087    35.7114        940     3.9125  0.000e+00
     72.691    14.2834   4.300212    35.7006        941     3.9167  0.000e+00
     72.574    14.3013   4.300579    35.6875        942     3.9208  0.000e+00
     72.450    14.3211   4.301493    35.6777        943     3.9250  0.000e+00
     72.320    14.3409   4.302458    35.6684        944     3.9292  0.000e+00
     72.193    14.3591   4.303142    35.6580        945     3.9333  0.000e+00
     72.074    14.3756   4.303536    35.6465        946     3.9375  0.000e+00
     71.961    14.3891   4.304239    35.6406        947     3.9417  0.000e+00
     71.862    14.4014   4.304942    35.6359        948     3.9458  0.000e+00
     71.774    14.4135   4.305389    35.6288        949     3.9500  0.000e+00
     71.697    14.4250   4.305730    35.6215        950     3.9542  0.000e+00
     71.632    14.4346   4.306151    35.6165        951     3.9583  0.000e+00
     71.582    14.4435   4.306532    35.6119        952     3.9625  0.000e+00
     71.542    14.4519   4.306867    35.6073        953     3.9667  0.000e+00
     71.521    14.4596   4.307288    35.6041        954     3.9708  0.000e+00
     71.497    14.4674   4.307590    35.5998        955     3.9750  0.000e+00
     71.481    14.4750   4.307807    35.5947        956     3.9792  0.000e+00
     71.474    14.4815   4.307952    35.5901        957     3.9833  0.000e+00
     71.476    14.4869   4.308057    35.5861        958     3.9875  0.000e+00
     71.472    14.4905   4.308149    35.5837        959     3.9917  0.000e+00
     71.474    14.4932   4.308228    35.5819        960     3.9958  0.000e+00
     71.469    14.4952   4.308313    35.5809        961     4.0000  0.000e+00
     71.456    14.4966   4.308300    35.5794        962     4.0042  0.000e+00
     71.438    14.4974   4.308353    35.5792        963     4.0083  0.000e+00
     71.411    14.4979   4.308418    35.5794        964     4.0125  0.000e+00
     71.368    14.4985   4.308524    35.5798        965     4.0167  0.000e+00
     71.318    14.4994   4.308622    35.5799        966     4.0208  0.000e+00
     71.249    14.5011   4.308879    35.5808        967     4.0250  0.000e+00
     71.169    14.5038   4.309464    35.5838        968     4.0292  0.000e+00
     71.073    14.5100   4.310352    35.5863        969     4.0333  0.000e+00
     70.962    14.5214   4.310845    35.5804        970     4.0375  0.000e+00
     70.840    14.5330   4.311713    35.5778        971     4.0417  0.000e+00
     70.712    14.5450   4.312785    35.5768        972     4.0458  0.000e+00
     70.576    14.5583   4.314035    35.5762        973     4.0500  0.000e+00
     70.432    14.5742   4.314903    35.5696        974     4.0542  0.000e+00
     70.286    14.5894   4.315837    35.5644        975     4.0583  0.000e+00
     70.153    14.6032   4.316561    35.5584        976     4.0625  0.000e+00
     70.017    14.6148   4.316731    35.5494        977     4.0667  0.000e+00
     69.889    14.6231   4.317416    35.5482        978     4.0708  0.000e+00
     69.763    14.6303   4.317949    35.5465        979     4.0750  0.000e+00
     69.646    14.6389   4.318265    35.5416        980     4.0792  0.000e+00
     69.544    14.6465   4.318633    35.5381        981     4.0833  0.000e+00
     69.454    14.6527   4.318764    35.5337        982     4.0875  0.000e+00
     69.368    14.6578   4.318909    35.5304        983     4.0917  0.000e+00
     69.300    14.6625   4.318962    35.5266        984     4.0958  0.000e+00
     69.240    14.6663   4.319093    35.5244        985     4.1000  0.000e+00
     69.190    14.6694   4.319212    35.5226        986     4.1042  0.000e+00
     69.147    14.6718   4.319310    35.5214        987     4.1083  0.000e+00
     69.111    14.6737   4.319383    35.5203        988     4.1125  0.000e+00
     69.079    14.6750   4.319482    35.5200        989     4.1167  0.000e+00
     69.062    14.6764   4.319705    35.5208        990     4.1208  0.000e+00
     69.044    14.6782   4.319870    35.5207        991     4.1250  0.000e+00
     69.034    14.6799   4.319903    35.5195        992     4.1292  0.000e+00
     69.016    14.6810   4.319876    35.5182        993     4.1333  0.000e+00
     68.998    14.6817   4.319949    35.5182        994     4.1375  0.000e+00
     68.967    14.6822   4.320001    35.5183        995     4.1417  0.000e+00
     68.937    14.6827   4.320028    35.5181        996     4.1458  0.000e+00
     68.890    14.6831   4.320080    35.5182        997     4.1500  0.000e+00
     68.834    14.6834   4.320271    35.5197        998     4.1542  0.000e+00
     68.759    14.6845   4.320594    35.5218        999     4.1583  0.000e+00
     68.674    14.6864   4.321917    35.5322       1000     4.1625  0.000e+00
     68.577    14.6922   4.323550    35.5420       1001     4.1667  0.000e+00
     68.473    14.7025   4.324215    35.5387       1002     4.1708  0.000e+00
     68.365    14.7116   4.324880    35.5365       1003     4.1750  0.000e+00
     68.254    14.7189   4.326573    35.5455       1004     4.1792  0.000e+00
     68.137    14.7279   4.326876    35.5401       1005     4.1833  0.000e+00
     68.022    14.7359   4.327370    35.5373       1006     4.1875  0.000e+00
     67.912    14.7418   4.327989    35.5377       1007     4.1917  0.000e+00
     67.801    14.7469   4.328984    35.5422       1008     4.1958  0.000e+00
     67.691    14.7532   4.329333    35.5397       1009     4.2000  0.000e+00
     67.594    14.7592   4.329029    35.5315       1010     4.2042  0.000e+00
     67.499    14.7620   4.330776    35.5450       1011     4.2083  0.000e+00
     67.406    14.7678   4.331046    35.5423       1012     4.2125  0.000e+00
     67.319    14.7735   4.331553    35.5417       1013     4.2167  0.000e+00
     67.237    14.7785   4.331671    35.5382       1014     4.2208  0.000e+00
     67.156    14.7819   4.331645    35.5349       1015     4.2250  0.000e+00
     67.075    14.7838   4.331889    35.5355       1016     4.2292  0.000e+00
     66.994    14.7854   4.332713    35.5416       1017     4.2333  0.000e+00
     66.911    14.7894   4.333807    35.5480       1018     4.2375  0.000e+00
     66.832    14.7956   4.334578    35.5495       1019     4.2417  0.000e+00
     66.744    14.8031   4.335039    35.5469       1020     4.2458  0.000e+00
     66.662    14.8093   4.335877    35.5490       1021     4.2500  0.000e+00
     66.574    14.8155   4.336747    35.5513       1022     4.2542  0.000e+00
     66.480    14.8226   4.337538    35.5521       1023     4.2583  0.000e+00
     66.389    14.8305   4.337940    35.5486       1024     4.2625  0.000e+00
     66.292    14.8370   4.338441    35.5473       1025     4.2667  0.000e+00
     66.202    14.8425   4.338540    35.5432       1026     4.2708  0.000e+00
     66.112    14.8470   4.338626    35.5400       1027     4.2750  0.000e+00
     66.024    14.8504   4.339114    35.5413       1028     4.2792  0.000e+00
     65.932    14.8547   4.339509    35.5411       1029     4.2833  0.000e+00
     65.851    14.8591   4.340531    35.5465       1030     4.2875  0.000e+00
     65.769    14.8649   4.341178    35.5471       1031     4.2917  0.000e+00
     65.691    14.8719   4.342029    35.5487       1032     4.2958  0.000e+00
     65.618    14.8786   4.342629    35.5480       1033     4.3000  0.000e+00
     65.544    14.8852   4.343031    35.5457       1034     4.3042  0.000e+00
     65.472    14.8911   4.343302    35.5429       1035     4.3083  0.000e+00
