PC2406/sbe023.cnv
* Sea-Bird SBE 19plus V2 Data File:
* FileName = C:\cruise\data\sbe023.hex
* Software Version Seasave V 7.26.7.121
* Temperature SN = 7142
* Conductivity SN = 7142
* System UpLoad Time = Oct 29 2024 09:08:01
* NMEA Latitude = 40 00.50 N
* NMEA Longitude = 072 42.59 W
* NMEA UTC (Time) = Oct 29 2024  09:07:59
** Ship: Pisces
** Cruise:  PC2406
** Program:  Fall ECOMON
# nquan = 7
# nvalues = 1372                                  
# units = specified
# name 0 = depSM: Depth [salt water, m]
# name 1 = tv290C: Temperature [ITS-90, deg C]
# name 2 = c0S/m: Conductivity [S/m]
# name 3 = sal00: Salinity, Practical [PSU]
# name 4 = scan: Scan Count
# name 5 = timeM: Time, Elapsed [minutes]
# name 6 = flag:  0.000e+00
# span 0 =      0.149,     55.152                 
# span 1 =    13.2830,    18.1543                 
# span 2 =   0.000008,   4.456202                 
# span 3 =     0.0069,    33.8834                 
# span 4 =         11,       1382                 
# span 5 =     0.0417,     5.7542                 
# span 6 = 0.0000e+00, 0.0000e+00                 
# interval = seconds: 0.25
# start_time = Oct 29 2024 09:07:59 [NMEA time, header]
# bad_flag = -9.990e-29
*END*
[from data line 616]
     47.371    18.0533   4.453011    33.7719        627     2.6083  0.000e+00
     47.328    18.0514   4.453171    33.7748        628     2.6125  0.000e+00
     47.274    18.0506   4.453218    33.7760        629     2.6167  0.000e+00
     47.222    18.0506   4.453171    33.7756        630     2.6208  0.000e+00
     47.166    18.0505   4.452911    33.7735        631     2.6250  0.000e+00
     47.104    18.0497   4.452731    33.7726        632     2.6292  0.000e+00
     47.032    18.0488   4.452731    33.7734        633     2.6333  0.000e+00
     46.956    18.0478   4.452424    33.7716        634     2.6375  0.000e+00
     46.877    18.0466   4.452264    33.7713        635     2.6417  0.000e+00
     46.796    18.0451   4.451777    33.7684        636     2.6458  0.000e+00
     46.710    18.0432   4.451497    33.7676        637     2.6500  0.000e+00
     46.628    18.0409   4.451444    33.7691        638     2.6542  0.000e+00
     46.549    18.0394   4.450391    33.7615        639     2.6583  0.000e+00
     46.471    18.0366   4.448231    33.7455        640     2.6625  0.000e+00
     46.387    18.0302   4.447205    33.7420        641     2.6667  0.000e+00
     46.306    18.0225   4.445740    33.7360        642     2.6708  0.000e+00
     46.220    18.0146   4.443175    33.7208        643     2.6750  0.000e+00
     46.132    18.0041   4.441736    33.7173        644     2.6792  0.000e+00
     46.044    17.9920   4.439712    33.7101        645     2.6833  0.000e+00
     45.949    17.9797   4.437815    33.7041        646     2.6875  0.000e+00
     45.855    17.9673   4.434906    33.6897        647     2.6917  0.000e+00
     45.764    17.9511   4.431080    33.6706        648     2.6958  0.000e+00
     45.670    17.9302   4.427860    33.6604        649     2.7000  0.000e+00
     45.579    17.9085   4.424921    33.6534        650     2.7042  0.000e+00
     45.494    17.8874   4.423472    33.6585        651     2.7083  0.000e+00
     45.419    17.8706   4.421963    33.6595        652     2.7125  0.000e+00
     45.343    17.8571   4.420640    33.6594        653     2.7167  0.000e+00
     45.280    17.8462   4.416992    33.6374        654     2.7208  0.000e+00
     45.207    17.8323   4.415570    33.6368        655     2.7250  0.000e+00
     45.137    17.8198   4.414853    33.6410        656     2.7292  0.000e+00
     45.065    17.8120   4.415085    33.6494        657     2.7333  0.000e+00
     44.991    17.8092   4.415690    33.6569        658     2.7375  0.000e+00
     44.914    17.8105   4.415823    33.6570        659     2.7417  0.000e+00
     44.833    17.8128   4.416381    33.6599        660     2.7458  0.000e+00
     44.751    17.8156   4.417783    33.6695        661     2.7500  0.000e+00
     44.661    17.8217   4.420793    33.6902        662     2.7542  0.000e+00
     44.569    17.8347   4.423492    33.7025        663     2.7583  0.000e+00
     44.478    17.8530   4.426351    33.7118        664     2.7625  0.000e+00
     44.381    17.8740   4.431925    33.7420        665     2.7667  0.000e+00
     44.285    17.9031   4.437222    33.7630        666     2.7708  0.000e+00
     44.192    17.9422   4.441197    33.7645        667     2.7750  0.000e+00
     44.102    17.9800   4.442608    33.7453        668     2.7792  0.000e+00
     44.014    18.0087   4.443174    33.7264        669     2.7833  0.000e+00
     43.926    18.0268   4.443374    33.7132        670     2.7875  0.000e+00
     43.831    18.0370   4.443400    33.7051        671     2.7917  0.000e+00
     43.738    18.0423   4.443300    33.6999        672     2.7958  0.000e+00
     43.648    18.0443   4.442967    33.6954        673     2.8000  0.000e+00
     43.554    18.0443   4.443300    33.6984        674     2.8042  0.000e+00
     43.461    18.0452   4.443713    33.7011        675     2.8083  0.000e+00
     43.364    18.0470   4.446044    33.7195        676     2.8125  0.000e+00
     43.265    18.0544   4.448123    33.7310        677     2.8167  0.000e+00
     43.154    18.0691   4.448410    33.7214        678     2.8208  0.000e+00
     43.050    18.0806   4.449022    33.7171        679     2.8250  0.000e+00
     42.938    18.0890   4.451082    33.7277        680     2.8292  0.000e+00
     42.831    18.0994   4.451675    33.7242        681     2.8333  0.000e+00
     42.714    18.1094   4.451881    33.7178        682     2.8375  0.000e+00
     42.595    18.1160   4.452241    33.7154        683     2.8417  0.000e+00
     42.484    18.1205   4.453348    33.7211        684     2.8458  0.000e+00
     42.367    18.1266   4.453321    33.7159        685     2.8500  0.000e+00
     42.254    18.1311   4.452961    33.7092        686     2.8542  0.000e+00
     42.146    18.1326   4.452854    33.7071        687     2.8583  0.000e+00
     42.035    18.1329   4.452827    33.7067        688     2.8625  0.000e+00
     41.925    18.1331   4.453421    33.7116        689     2.8667  0.000e+00
     41.825    18.1355   4.453987    33.7144        690     2.8708  0.000e+00
     41.726    18.1400   4.453934    33.7103        691     2.8750  0.000e+00
     41.626    18.1433   4.453807    33.7065        692     2.8792  0.000e+00
     41.530    18.1445   4.453060    33.6993        693     2.8833  0.000e+00
     41.439    18.1434   4.452934    33.6991        694     2.8875  0.000e+00
     41.351    18.1421   4.452340    33.6952        695     2.8917  0.000e+00
     41.272    18.1401   4.450954    33.6851        696     2.8958  0.000e+00
     41.194    18.1359   4.450460    33.6844        697     2.9000  0.000e+00
     41.115    18.1316   4.450101    33.6850        698     2.9042  0.000e+00
     41.036    18.1280   4.449767    33.6852        699     2.9083  0.000e+00
     40.968    18.1253   4.449434    33.6846        700     2.9125  0.000e+00
     40.893    18.1227   4.449181    33.6846        701     2.9167  0.000e+00
     40.821    18.1205   4.448281    33.6788        702     2.9208  0.000e+00
     40.747    18.1178   4.447455    33.6741        703     2.9250  0.000e+00
     40.670    18.1139   4.447175    33.6749        704     2.9292  0.000e+00
     40.589    18.1107   4.447202    33.6778        705     2.9333  0.000e+00
     40.499    18.1090   4.447581    33.6824        706     2.9375  0.000e+00
     40.422    18.1094   4.448101    33.6866        707     2.9417  0.000e+00
     40.350    18.1119   4.448561    33.6884        708     2.9458  0.000e+00
     40.278    18.1150   4.449127    33.6907        709     2.9500  0.000e+00
     40.208    18.1192   4.449740    33.6924        710     2.9542  0.000e+00
     40.138    18.1236   4.449874    33.6900        711     2.9583  0.000e+00
     40.072    18.1275   4.450100    33.6887        712     2.9625  0.000e+00
     39.996    18.1303   4.449667    33.6828        713     2.9667  0.000e+00
     39.925    18.1322   4.447801    33.6655        714     2.9708  0.000e+00
     39.844    18.1295   4.446122    33.6535        715     2.9750  0.000e+00
     39.759    18.1227   4.445502    33.6538        716     2.9792  0.000e+00
     39.661    18.1161   4.444916    33.6544        717     2.9833  0.000e+00
     39.555    18.1107   4.441605    33.6308        718     2.9875  0.000e+00
     39.434    18.1000   4.437191    33.6022        719     2.9917  0.000e+00
     39.303    18.0823   4.433996    33.5897        720     2.9958  0.000e+00
     39.161    18.0616   4.430563    33.5776        721     3.0000  0.000e+00
     39.021    18.0413   4.429851    33.5884        722     3.0042  0.000e+00
     38.888    18.0258   4.429592    33.5989        723     3.0083  0.000e+00
     38.750    18.0168   4.429239    33.6034        724     3.0125  0.000e+00
     38.631    18.0116   4.428494    33.6014        725     3.0167  0.000e+00
     38.515    18.0063   4.423926    33.5670        726     3.0208  0.000e+00
     38.416    17.9943   4.420223    33.5455        727     3.0250  0.000e+00
     38.324    17.9729   4.419871    33.5601        728     3.0292  0.000e+00
     38.253    17.9580   4.418296    33.5589        729     3.0333  0.000e+00
     38.191    17.9471   4.416708    33.5545        730     3.0375  0.000e+00
     38.134    17.9364   4.416556    33.5620        731     3.0417  0.000e+00
     38.086    17.9293   4.415971    33.5628        732     3.0458  0.000e+00
     38.050    17.9235   4.415765    33.5658        733     3.0500  0.000e+00
     38.010    17.9197   4.415181    33.5640        734     3.0542  0.000e+00
     37.972    17.9164   4.413779    33.5549        735     3.0583  0.000e+00
     37.936    17.9108   4.411647    33.5413        736     3.0625  0.000e+00
     37.893    17.9013   4.410040    33.5355        737     3.0667  0.000e+00
     37.848    17.8912   4.409330    33.5378        738     3.0708  0.000e+00
     37.796    17.8829   4.408526    33.5378        739     3.0750  0.000e+00
     37.737    17.8761   4.406993    33.5303        740     3.0792  0.000e+00
     37.674    17.8689   4.404577    33.5157        741     3.0833  0.000e+00
     37.602    17.8588   4.403947    33.5187        742     3.0875  0.000e+00
     37.536    17.8504   4.402195    33.5107        743     3.0917  0.000e+00
     37.453    17.8424   4.399276    33.4925        744     3.0958  0.000e+00
     37.369    17.8307   4.392565    33.4449        745     3.1000  0.000e+00
     37.276    17.8082   4.388450    33.4284        746     3.1042  0.000e+00
     37.180    17.7796   4.382991    33.4053        747     3.1083  0.000e+00
     37.089    17.7479   4.379158    33.3986        748     3.1125  0.000e+00
     36.990    17.7177   4.379337    33.4251        749     3.1167  0.000e+00
     36.895    17.6982   4.374902    33.4033        750     3.1208  0.000e+00
     36.801    17.6775   4.375657    33.4267        751     3.1250  0.000e+00
     36.712    17.6645   4.374955    33.4315        752     3.1292  0.000e+00
     36.620    17.6574   4.376339    33.4492        753     3.1333  0.000e+00
     36.534    17.6570   4.381629    33.4947        754     3.1375  0.000e+00
     36.455    17.6708   4.380271    33.4718        755     3.1417  0.000e+00
     36.378    17.6811   4.379920    33.4603        756     3.1458  0.000e+00
     36.307    17.6849   4.379608    33.4546        757     3.1500  0.000e+00
     36.239    17.6857   4.379311    33.4514        758     3.1542  0.000e+00
     36.171    17.6846   4.378907    33.4489        759     3.1583  0.000e+00
     36.101    17.6825   4.378933    33.4508        760     3.1625  0.000e+00
     36.033    17.6811   4.378907    33.4518        761     3.1667  0.000e+00
     35.957    17.6805   4.377503    33.4403        762     3.1708  0.000e+00
     35.884    17.6770   4.377066    33.4395        763     3.1750  0.000e+00
     35.805    17.6728   4.378205    33.4527        764     3.1792  0.000e+00
     35.722    17.6723   4.376537    33.4389        765     3.1833  0.000e+00
     35.641    17.6700   4.375888    33.4353        766     3.1875  0.000e+00
     35.560    17.6647   4.375240    33.4341        767     3.1917  0.000e+00
     35.481    17.6602   4.374876    33.4347        768     3.1958  0.000e+00
     35.404    17.6562   4.373969    33.4303        769     3.2000  0.000e+00
     35.334    17.6514   4.373771    33.4326        770     3.2042  0.000e+00
     35.266    17.6477   4.373996    33.4376        771     3.2083  0.000e+00
     35.199    17.6460   4.373896    33.4382        772     3.2125  0.000e+00
     35.135    17.6453   4.373771    33.4377        773     3.2167  0.000e+00
     35.066    17.6444   4.374174    33.4419        774     3.2208  0.000e+00
     35.011    17.6451   4.374704    33.4459        775     3.2250  0.000e+00
     34.946    17.6473   4.374856    33.4454        776     3.2292  0.000e+00
     34.883    17.6495   4.375266    33.4472        777     3.2333  0.000e+00
     34.817    17.6516   4.376186    33.4532        778     3.2375  0.000e+00
     34.747    17.6553   4.376212    33.4505        779     3.2417  0.000e+00
     34.671    17.6584   4.375630    33.4430        780     3.2458  0.000e+00
     34.594    17.6592   4.375054    33.4375        781     3.2500  0.000e+00
     34.513    17.6575   4.375133    33.4395        782     3.2542  0.000e+00
     34.427    17.6560   4.375206    33.4414        783     3.2583  0.000e+00
     34.341    17.6558   4.375888    33.4475        784     3.2625  0.000e+00
     34.260    17.6569   4.375987    33.4474        785     3.2667  0.000e+00
     34.179    17.6588   4.376159    33.4473        786     3.2708  0.000e+00
     34.104    17.6601   4.375907    33.4442        787     3.2750  0.000e+00
     34.036    17.6606   4.375629    33.4414        788     3.2792  0.000e+00
     33.973    17.6599   4.375378    33.4398        789     3.2833  0.000e+00
     33.912    17.6585   4.375232    33.4398        790     3.2875  0.000e+00
     33.845    17.6573   4.375457    33.4427        791     3.2917  0.000e+00
     33.780    17.6567   4.376338    33.4508        792     3.2958  0.000e+00
     33.718    17.6586   4.376708    33.4523        793     3.3000  0.000e+00
     33.655    17.6622   4.377092    33.4527        794     3.3042  0.000e+00
     33.592    17.6654   4.377145    33.4506        795     3.3083  0.000e+00
     33.525    17.6673   4.377191    33.4494        796     3.3125  0.000e+00
     33.452    17.6688   4.376867    33.4455        797     3.3167  0.000e+00
     33.369    17.6688   4.376529    33.4426        798     3.3208  0.000e+00
     33.290    17.6673   4.376139    33.4406        799     3.3250  0.000e+00
     33.200    17.6655   4.376966    33.4491        800     3.3292  0.000e+00
     33.111    17.6659   4.377423    33.4527        801     3.3333  0.000e+00
     33.023    17.6681   4.377648    33.4529        802     3.3375  0.000e+00
     32.933    17.6712   4.377740    33.4511        803     3.3417  0.000e+00
     32.847    17.6730   4.377621    33.4487        804     3.3458  0.000e+00
     32.766    17.6736   4.377217    33.4448        805     3.3500  0.000e+00
     32.696    17.6727   4.377118    33.4446        806     3.3542  0.000e+00
     32.636    17.6716   4.377091    33.4453        807     3.3583  0.000e+00
     32.579    17.6705   4.376761    33.4434        808     3.3625  0.000e+00
     32.525    17.6692   4.375781    33.4362        809     3.3667  0.000e+00
     32.477    17.6662   4.375232    33.4340        810     3.3708  0.000e+00
     32.433    17.6621   4.374596    33.4319        811     3.3750  0.000e+00
     32.381    17.6580   4.374272    33.4326        812     3.3792  0.000e+00
     32.326    17.6543   4.374001    33.4333        813     3.3833  0.000e+00
     32.257    17.6517   4.374219    33.4373        814     3.3875  0.000e+00
     32.195    17.6503   4.374729    33.4429        815     3.3917  0.000e+00
     32.132    17.6510   4.374980    33.4445        816     3.3958  0.000e+00
     32.060    17.6524   4.375404    33.4469        817     3.4000  0.000e+00
     31.974    17.6542   4.374828    33.4406        818     3.4042  0.000e+00
     31.898    17.6545   4.374365    33.4364        819     3.4083  0.000e+00
     31.818    17.6535   4.374424    33.4378        820     3.4125  0.000e+00
     31.744    17.6524   4.374245    33.4372        821     3.4167  0.000e+00
     31.667    17.6515   4.374398    33.4392        822     3.4208  0.000e+00
     31.591    17.6511   4.374451    33.4401        823     3.4250  0.000e+00
     31.525    17.6513   4.374312    33.4387        824     3.4292  0.000e+00
     31.456    17.6514   4.374093    33.4368        825     3.4333  0.000e+00
     31.390    17.6506   4.374272    33.4390        826     3.4375  0.000e+00
     31.327    17.6503   4.374219    33.4388        827     3.4417  0.000e+00
     31.270    17.6502   4.373643    33.4340        828     3.4458  0.000e+00
     31.205    17.6487   4.373418    33.4333        829     3.4500  0.000e+00
     31.142    17.6463   4.372962    33.4314        830     3.4542  0.000e+00
