PC2406/sbe055.cnv
* Sea-Bird SBE 19plus V2 Data File:
* FileName = C:\cruise\data\sbe055.hex
* Software Version Seasave V 7.26.7.121
* Temperature SN = 7142
* Conductivity SN = 7142
* System UpLoad Time = Nov 09 2024 08:31:41
* NMEA Latitude = 38 38.96 N
* NMEA Longitude = 074 59.60 W
* NMEA UTC (Time) = Nov 09 2024  08:31:34
** Ship: Pisces
** Cruise:  PC2406
** Program:  Fall ECOMON
# nquan = 7
# nvalues = 1135                                  
# units = specified
# name 0 = depSM: Depth [salt water, m]
# name 1 = tv290C: Temperature [ITS-90, deg C]
# name 2 = c0S/m: Conductivity [S/m]
# name 3 = sal00: Salinity, Practical [PSU]
# name 4 = scan: Scan Count
# name 5 = timeM: Time, Elapsed [minutes]
# name 6 = flag:  0.000e+00
# span 0 =      0.039,     13.682                 
# span 1 =    13.8616,    16.9211                 
# span 2 =   0.000059,   4.001223                 
# span 3 =     0.0072,    31.3574                 
# span 4 =         11,       1145                 
# span 5 =     0.0417,     4.7667                 
# span 6 = 0.0000e+00, 0.0000e+00                 
# interval = seconds: 0.25
# start_time = Nov 09 2024 08:31:34 [NMEA time, header]
# bad_flag = -9.990e-29
*END*
      0.048    13.8616   0.000123     0.0073         11     0.0417  0.000e+00
      0.048    13.8733   0.000126     0.0073         12     0.0458  0.000e+00
      0.050    13.8828   0.000115     0.0073         13     0.0500  0.000e+00
      0.048    13.8891   0.000120     0.0073         14     0.0542  0.000e+00
      0.052    13.9000   0.000123     0.0073         15     0.0583  0.000e+00
      0.050    13.9106   0.000123     0.0073         16     0.0625  0.000e+00
      0.053    13.9167   0.000120     0.0073         17     0.0667  0.000e+00
      0.053    13.9225   0.000123     0.0073         18     0.0708  0.000e+00
      0.053    13.9347   0.000120     0.0073         19     0.0750  0.000e+00
      0.053    13.9420   0.000109     0.0073         20     0.0792  0.000e+00
      0.057    13.9326   0.000115     0.0073         21     0.0833  0.000e+00
      0.052    13.9281   0.000120     0.0073         22     0.0875  0.000e+00
      0.055    13.9359   0.000120     0.0073         23     0.0917  0.000e+00
      0.053    13.9421   0.000123     0.0073         24     0.0958  0.000e+00
      0.050    13.9481   0.000120     0.0073         25     0.1000  0.000e+00
      0.053    13.9571   0.000120     0.0073         26     0.1042  0.000e+00
      0.055    13.9625   0.000115     0.0073         27     0.1083  0.000e+00
      0.053    13.9584   0.000115     0.0073         28     0.1125  0.000e+00
      0.052    13.9498   0.000109     0.0073         29     0.1167  0.000e+00
      0.053    13.9409   0.000115     0.0073         30     0.1208  0.000e+00
      0.051    13.9383   0.000115     0.0073         31     0.1250  0.000e+00
      0.057    13.9393   0.000104     0.0073         32     0.1292  0.000e+00
      0.055    13.9302   0.000095     0.0073         33     0.1333  0.000e+00
      0.051    13.9183   0.000115     0.0073         34     0.1375  0.000e+00
      0.055    13.9183   0.000120     0.0073         35     0.1417  0.000e+00
      0.053    13.9249   0.000109     0.0073         36     0.1458  0.000e+00
      0.046    13.9212   0.000104     0.0073         37     0.1500  0.000e+00
      0.053    13.9112   0.000084     0.0072         38     0.1542  0.000e+00
      0.053    13.9016   0.000104     0.0073         39     0.1583  0.000e+00
      0.055    13.9076   0.000115     0.0073         40     0.1625  0.000e+00
      0.050    13.9164   0.000109     0.0073         41     0.1667  0.000e+00
      0.050    13.9146   0.000089     0.0072         42     0.1708  0.000e+00
      0.053    13.9062   0.000098     0.0073         43     0.1750  0.000e+00
      0.055    13.9032   0.000109     0.0073         44     0.1792  0.000e+00
      0.055    13.9111   0.000109     0.0073         45     0.1833  0.000e+00
      0.057    13.9134   0.000095     0.0073         46     0.1875  0.000e+00
      0.057    13.9071   0.000095     0.0072         47     0.1917  0.000e+00
      0.050    13.9005   0.000075     0.0072         48     0.1958  0.000e+00
      0.046    13.8941   0.000070     0.0072         49     0.2000  0.000e+00
      0.053    13.8887   0.000070     0.0072         50     0.2042  0.000e+00
      0.057    13.8857   0.000078     0.0072         51     0.2083  0.000e+00
      0.050    13.8889   0.000070     0.0072         52     0.2125  0.000e+00
      0.050    13.8874   0.000059     0.0072         53     0.2167  0.000e+00
      0.050    13.8797   0.000064     0.0072         54     0.2208  0.000e+00
      0.051    13.8736   0.000064     0.0072         55     0.2250  0.000e+00
      0.050    13.8701   0.000059     0.0072         56     0.2292  0.000e+00
      0.050    13.8670   0.000059     0.0072         57     0.2333  0.000e+00
      0.044    13.8671   0.000092     0.0072         58     0.2375  0.000e+00
      0.064    13.8841   0.000095     0.0072         59     0.2417  0.000e+00
      0.123    13.9439   0.000098     0.0073         60     0.2458  0.000e+00
      0.209    14.3125   0.000109     0.0075         61     0.2500  0.000e+00
      0.297    14.8630   1.122204     8.0860         62     0.2542  0.000e+00
      0.344    15.3740   2.169328    16.3249         63     0.2583  0.000e+00
      0.350    15.6703   1.569556    11.3910         64     0.2625  0.000e+00
      0.296    15.8498   1.781050    13.0097         65     0.2667  0.000e+00
      0.271    15.9797   3.601218    28.0802         66     0.2708  0.000e+00
      0.335    16.0695   2.226859    16.5073         67     0.2750  0.000e+00
      0.439    16.1303   0.837531     5.7155         68     0.2792  0.000e+00
      0.552    16.1718   0.957303     6.5921         69     0.2833  0.000e+00
      0.667    16.1891   1.130492     7.8828         70     0.2875  0.000e+00
      0.788    16.1564   1.928043    14.0745         71     0.2917  0.000e+00
      0.843    16.1089   3.353059    25.8604         72     0.2958  0.000e+00
      0.755    16.1344   3.991117    31.3574         73     0.3000  0.000e+00
      0.382    16.3255   3.984599    31.1506         74     0.3042  0.000e+00
      0.111    16.5365   3.980534    30.9515         75     0.3083  0.000e+00
      0.050    16.6648   3.978115    30.8316         76     0.3125  0.000e+00
      0.055    16.7321   3.901532    30.1210         77     0.3167  0.000e+00
      0.060    16.7584   2.414019    17.7248         78     0.3208  0.000e+00
      0.218    16.7554   1.446095    10.1444         79     0.3250  0.000e+00
      0.416    16.7248   2.453254    18.0556         80     0.3292  0.000e+00
      0.545    16.6529   3.116015    23.5266         81     0.3333  0.000e+00
      0.624    16.6057   3.725092    28.7006         82     0.3375  0.000e+00
      0.621    16.5784   3.601016    27.6604         83     0.3417  0.000e+00
      0.463    16.5706   2.501279    18.5140         84     0.3458  0.000e+00
      0.260    16.6089   3.665781    28.1916         85     0.3500  0.000e+00
      0.077    16.6914   3.971353    30.7528         86     0.3542  0.000e+00
      0.042    16.7511   3.473754    26.4652         87     0.3583  0.000e+00
      0.048    16.7769   0.731519     4.8643         88     0.3625  0.000e+00
      0.130    16.7731   0.526962     3.4255         89     0.3667  0.000e+00
      0.236    16.7580   1.629955    11.5503         90     0.3708  0.000e+00
      0.222    16.7576   3.726453    28.6040         91     0.3750  0.000e+00
      0.193    16.7907   3.958884    30.5696         92     0.3792  0.000e+00
      0.116    16.8203   3.547389    27.0410         93     0.3833  0.000e+00
      0.055    16.8410   3.288761    24.8549         94     0.3875  0.000e+00
      0.050    16.8418   0.551955     3.5931         95     0.3917  0.000e+00
      0.046    16.8223   0.416238     2.6614         96     0.3958  0.000e+00
      0.048    16.7985   0.345929     2.1879         97     0.4000  0.000e+00
      0.042    16.7767   0.302439     1.8986         98     0.4042  0.000e+00
      0.042    16.7569   0.286916     1.7966         99     0.4083  0.000e+00
      0.059    16.7301   3.620403    27.7209        100     0.4125  0.000e+00
      0.193    16.6961   3.968714    30.7265        101     0.4167  0.000e+00
      0.333    16.6713   3.964926    30.7128        102     0.4208  0.000e+00
      0.446    16.6659   3.970584    30.7657        103     0.4250  0.000e+00
      0.540    16.6823   3.975366    30.7943        104     0.4292  0.000e+00
      0.615    16.7170   3.979177    30.8005        105     0.4333  0.000e+00
      0.673    16.7518   3.979386    30.7756        106     0.4375  0.000e+00
      0.727    16.7838   3.909698    30.1521        107     0.4417  0.000e+00
      0.754    16.8124   3.978775    30.7239        108     0.4458  0.000e+00
      0.561    16.8361   3.988139    30.7864        109     0.4500  0.000e+00
      0.294    16.8524   3.987247    30.7663        110     0.4542  0.000e+00
      0.154    16.8599   3.985655    30.7470        111     0.4583  0.000e+00
      0.073    16.8608   3.985133    30.7418        112     0.4625  0.000e+00
      0.077    16.8591   3.983770    30.7314        113     0.4667  0.000e+00
      0.059    16.8525   3.981071    30.7132        114     0.4708  0.000e+00
      0.057    16.8407   3.948766    30.4448        115     0.4750  0.000e+00
      0.107    16.8305   3.820799    29.3566        116     0.4792  0.000e+00
      0.262    16.8228   3.861196    29.7076        117     0.4833  0.000e+00
      0.459    16.8168   3.941664    30.4017        118     0.4875  0.000e+00
      0.621    16.8118   3.978775    30.7244        119     0.4917  0.000e+00
      0.772    16.8095   3.980175    30.7382        120     0.4958  0.000e+00
      0.913    16.8130   3.981473    30.7466        121     0.5000  0.000e+00
      1.059    16.8199   3.982765    30.7524        122     0.5042  0.000e+00
      1.150    16.8269   3.983962    30.7573        123     0.5083  0.000e+00
      1.118    16.8334   3.985134    30.7624        124     0.5125  0.000e+00
      0.973    16.8400   3.987082    30.7742        125     0.5167  0.000e+00
      0.798    16.8467   3.987108    30.7693        126     0.5208  0.000e+00
      0.655    16.8522   3.987063    30.7648        127     0.5250  0.000e+00
      0.596    16.8568   3.987152    30.7620        128     0.5292  0.000e+00
      0.545    16.8593   3.987630    30.7643        129     0.5333  0.000e+00
      0.470    16.8616   3.987833    30.7642        130     0.5375  0.000e+00
      0.429    16.8649   3.987107    30.7555        131     0.5417  0.000e+00
      0.421    16.8675   3.986286    30.7465        132     0.5458  0.000e+00
      0.441    16.8687   3.986496    30.7474        133     0.5500  0.000e+00
      0.499    16.8685   3.986617    30.7486        134     0.5542  0.000e+00
      0.610    16.8680   3.985910    30.7428        135     0.5583  0.000e+00
      0.786    16.8676   3.941175    30.3591        136     0.5625  0.000e+00
      1.012    16.8662   3.931304    30.2755        137     0.5667  0.000e+00
      1.210    16.8646   3.982695    30.7176        138     0.5708  0.000e+00
      1.364    16.8640   3.986356    30.7494        139     0.5750  0.000e+00
      1.502    16.8627   3.986757    30.7538        140     0.5792  0.000e+00
      1.598    16.8625   3.986522    30.7519        141     0.5833  0.000e+00
      1.574    16.8625   3.987388    30.7594        142     0.5875  0.000e+00
      1.323    16.8625   3.988069    30.7653        143     0.5917  0.000e+00
      1.019    16.8623   3.987999    30.7650        144     0.5958  0.000e+00
      0.825    16.8614   3.987330    30.7600        145     0.6000  0.000e+00
      0.761    16.8607   3.987228    30.7596        146     0.6042  0.000e+00
      0.761    16.8610   3.987298    30.7600        147     0.6083  0.000e+00
      0.791    16.8629   3.987063    30.7565        148     0.6125  0.000e+00
      0.845    16.8652   3.986095    30.7464        149     0.6167  0.000e+00
      0.948    16.8684   3.986260    30.7454        150     0.6208  0.000e+00
      1.084    16.8703   3.985560    30.7379        151     0.6250  0.000e+00
      1.228    16.8703   3.985840    30.7403        152     0.6292  0.000e+00
      1.352    16.8689   3.985159    30.7354        153     0.6333  0.000e+00
      1.468    16.8670   3.984306    30.7295        154     0.6375  0.000e+00
      1.585    16.8646   3.984949    30.7368        155     0.6417  0.000e+00
      1.668    16.8629   3.985299    30.7411        156     0.6458  0.000e+00
      1.695    16.8651   3.987694    30.7600        157     0.6500  0.000e+00
      1.642    16.8673   3.988235    30.7629        158     0.6542  0.000e+00
      1.554    16.8682   3.988706    30.7663        159     0.6583  0.000e+00
      1.466    16.8686   3.988611    30.7652        160     0.6625  0.000e+00
      1.423    16.8685   3.988375    30.7633        161     0.6667  0.000e+00
      1.423    16.8678   3.987789    30.7588        162     0.6708  0.000e+00
      1.458    16.8671   3.986312    30.7467        163     0.6750  0.000e+00
      1.556    16.8662   3.981893    30.7094        164     0.6792  0.000e+00
      1.684    16.8657   3.982924    30.7186        165     0.6833  0.000e+00
      1.818    16.8648   3.983981    30.7282        166     0.6875  0.000e+00
      1.928    16.8623   3.984287    30.7328        167     0.6917  0.000e+00
      2.052    16.8596   3.984593    30.7374        168     0.6958  0.000e+00
      2.178    16.8580   3.986191    30.7523        169     0.7000  0.000e+00
      2.258    16.8570   3.988165    30.7700        170     0.7042  0.000e+00
      2.203    16.8588   3.988732    30.7736        171     0.7083  0.000e+00
      2.072    16.8615   3.989178    30.7754        172     0.7125  0.000e+00
      1.923    16.8643   3.989401    30.7752        173     0.7167  0.000e+00
      1.818    16.8674   3.989108    30.7703        174     0.7208  0.000e+00
      1.743    16.8702   3.988776    30.7654        175     0.7250  0.000e+00
      1.738    16.8716   3.988305    30.7602        176     0.7292  0.000e+00
      1.801    16.8712   3.987439    30.7530        177     0.7333  0.000e+00
      1.872    16.8713   3.986522    30.7451        178     0.7375  0.000e+00
      1.976    16.8711   3.986216    30.7426        179     0.7417  0.000e+00
      2.104    16.8702   3.986732    30.7477        180     0.7458  0.000e+00
      2.228    16.8691   3.987133    30.7519        181     0.7500  0.000e+00
      2.341    16.8679   3.987458    30.7556        182     0.7542  0.000e+00
      2.456    16.8656   3.987930    30.7614        183     0.7583  0.000e+00
      2.580    16.8646   3.987885    30.7617        184     0.7625  0.000e+00
      2.670    16.8642   3.988000    30.7630        185     0.7667  0.000e+00
      2.691    16.8646   3.988401    30.7661        186     0.7708  0.000e+00
      2.636    16.8651   3.988681    30.7681        187     0.7750  0.000e+00
      2.549    16.8661   3.989414    30.7737        188     0.7792  0.000e+00
      2.469    16.8680   3.989293    30.7712        189     0.7833  0.000e+00
      2.402    16.8698   3.989248    30.7695        190     0.7875  0.000e+00
      2.363    16.8700   3.989057    30.7677        191     0.7917  0.000e+00
      2.361    16.8702   3.988586    30.7635        192     0.7958  0.000e+00
      2.402    16.8696   3.988121    30.7599        193     0.8000  0.000e+00
      2.488    16.8696   3.987789    30.7571        194     0.8042  0.000e+00
      2.591    16.8692   3.987815    30.7576        195     0.8083  0.000e+00
      2.691    16.8685   3.987860    30.7584        196     0.8125  0.000e+00
      2.801    16.8674   3.988121    30.7615        197     0.8167  0.000e+00
      2.917    16.8662   3.988516    30.7658        198     0.8208  0.000e+00
      3.045    16.8667   3.988681    30.7667        199     0.8250  0.000e+00
      3.142    16.8679   3.989127    30.7697        200     0.8292  0.000e+00
      3.167    16.8698   3.989548    30.7717        201     0.8333  0.000e+00
      3.097    16.8721   3.989885    30.7729        202     0.8375  0.000e+00
      2.978    16.8745   3.990427    30.7758        203     0.8417  0.000e+00
      2.903    16.8771   3.990280    30.7726        204     0.8458  0.000e+00
      2.867    16.8791   3.990025    30.7689        205     0.8500  0.000e+00
      2.903    16.8803   3.989790    30.7659        206     0.8542  0.000e+00
      2.982    16.8812   3.989363    30.7616        207     0.8583  0.000e+00
      3.056    16.8818   3.988987    30.7579        208     0.8625  0.000e+00
      3.126    16.8819   3.989153    30.7591        209     0.8667  0.000e+00
      3.201    16.8813   3.989484    30.7624        210     0.8708  0.000e+00
      3.278    16.8800   3.989624    30.7646        211     0.8750  0.000e+00
      3.350    16.8781   3.989669    30.7664        212     0.8792  0.000e+00
      3.386    16.8766   3.989815    30.7688        213     0.8833  0.000e+00
      3.374    16.8763   3.990026    30.7709        214     0.8875  0.000e+00
      3.325    16.8769   3.990331    30.7730        215     0.8917  0.000e+00
