PC2406/sbe067.cnv
* Sea-Bird SBE 19plus V2 Data File:
* FileName = C:\cruise\data\sbe067.hex
* Software Version Seasave V 7.26.7.121
* Temperature SN = 7142
* Conductivity SN = 7142
* System UpLoad Time = Nov 10 2024 20:48:28
* NMEA Latitude = 40 15.25 N
* NMEA Longitude = 073 12.04 W
* NMEA UTC (Time) = Nov 10 2024  20:48:23
** Ship: Pisces
** Cruise:  PC2406
** Program:  Fall ECOMON
# nquan = 7
# nvalues = 1567                                  
# units = specified
# name 0 = depSM: Depth [salt water, m]
# name 1 = tv290C: Temperature [ITS-90, deg C]
# name 2 = c0S/m: Conductivity [S/m]
# name 3 = sal00: Salinity, Practical [PSU]
# name 4 = scan: Scan Count
# name 5 = timeM: Time, Elapsed [minutes]
# name 6 = flag:  0.000e+00
# span 0 =      0.047,     35.215                 
# span 1 =    14.7185,    16.6228                 
# span 2 =   0.000084,   4.220932                 
# span 3 =     0.0076,    32.9755                 
# span 4 =         11,       1577                 
# span 5 =     0.0417,     6.5667                 
# span 6 = 0.0000e+00, 0.0000e+00                 
# interval = seconds: 0.25
# start_time = Nov 10 2024 20:48:23 [NMEA time, header]
# bad_flag = -9.990e-29
*END*
[from data line 1436]
      3.658    16.1924   4.145267    32.6623       1447     6.0250  0.000e+00
      3.639    16.1922   4.145319    32.6629       1448     6.0292  0.000e+00
      3.619    16.1926   4.145371    32.6630       1449     6.0333  0.000e+00
      3.590    16.1928   4.145436    32.6635       1450     6.0375  0.000e+00
      3.560    16.1934   4.145468    32.6633       1451     6.0417  0.000e+00
      3.507    16.1938   4.145494    32.6632       1452     6.0458  0.000e+00
      3.448    16.1940   4.145513    32.6632       1453     6.0500  0.000e+00
      3.385    16.1944   4.145507    32.6629       1454     6.0542  0.000e+00
      3.314    16.1949   4.145494    32.6624       1455     6.0583  0.000e+00
      3.247    16.1950   4.145494    32.6623       1456     6.0625  0.000e+00
      3.206    16.1948   4.145533    32.6628       1457     6.0667  0.000e+00
      3.184    16.1948   4.145539    32.6629       1458     6.0708  0.000e+00
      3.174    16.1950   4.145539    32.6628       1459     6.0750  0.000e+00
      3.172    16.1953   4.145494    32.6621       1460     6.0792  0.000e+00
      3.175    16.1954   4.145578    32.6628       1461     6.0833  0.000e+00
      3.168    16.1955   4.145591    32.6627       1462     6.0875  0.000e+00
      3.157    16.1956   4.145636    32.6631       1463     6.0917  0.000e+00
      3.136    16.1959   4.145688    32.6633       1464     6.0958  0.000e+00
      3.116    16.1963   4.145720    32.6633       1465     6.1000  0.000e+00
      3.080    16.1967   4.145740    32.6631       1466     6.1042  0.000e+00
      3.021    16.1969   4.145714    32.6628       1467     6.1083  0.000e+00
      2.958    16.1970   4.145688    32.6625       1468     6.1125  0.000e+00
      2.886    16.1971   4.145558    32.6613       1469     6.1167  0.000e+00
      2.822    16.1963   4.145494    32.6614       1470     6.1208  0.000e+00
      2.768    16.1952   4.145468    32.6621       1471     6.1250  0.000e+00
      2.719    16.1943   4.145506    32.6632       1472     6.1292  0.000e+00
      2.681    16.1940   4.145539    32.6637       1473     6.1333  0.000e+00
      2.647    16.1941   4.145565    32.6639       1474     6.1375  0.000e+00
      2.615    16.1943   4.145565    32.6637       1475     6.1417  0.000e+00
      2.583    16.1946   4.145558    32.6634       1476     6.1458  0.000e+00
      2.563    16.1946   4.145539    32.6632       1477     6.1500  0.000e+00
      2.547    16.1946   4.145493    32.6629       1478     6.1542  0.000e+00
      2.536    16.1946   4.145539    32.6633       1479     6.1583  0.000e+00
      2.515    16.1945   4.145603    32.6640       1480     6.1625  0.000e+00
      2.493    16.1948   4.145713    32.6647       1481     6.1667  0.000e+00
      2.462    16.1955   4.145713    32.6642       1482     6.1708  0.000e+00
      2.414    16.1962   4.145603    32.6626       1483     6.1750  0.000e+00
      2.369    16.1960   4.145565    32.6624       1484     6.1792  0.000e+00
      2.326    16.1954   4.145636    32.6636       1485     6.1833  0.000e+00
      2.276    16.1955   4.145662    32.6637       1486     6.1875  0.000e+00
      2.231    16.1956   4.145720    32.6642       1487     6.1917  0.000e+00
      2.181    16.1964   4.145759    32.6639       1488     6.1958  0.000e+00
      2.137    16.1970   4.145636    32.6623       1489     6.2000  0.000e+00
      2.109    16.1972   4.145810    32.6637       1490     6.2042  0.000e+00
      2.098    16.1976   4.145836    32.6636       1491     6.2083  0.000e+00
      2.091    16.1980   4.145836    32.6633       1492     6.2125  0.000e+00
      2.078    16.1983   4.145836    32.6631       1493     6.2167  0.000e+00
      2.041    16.1985   4.145836    32.6629       1494     6.2208  0.000e+00
      1.978    16.1984   4.145836    32.6630       1495     6.2250  0.000e+00
      1.891    16.1987   4.145862    32.6630       1496     6.2292  0.000e+00
      1.739    16.1987   4.145881    32.6632       1497     6.2333  0.000e+00
      1.565    16.1991   4.145836    32.6626       1498     6.2375  0.000e+00
      1.410    16.1992   4.145758    32.6618       1499     6.2417  0.000e+00
      1.326    16.1989   4.145739    32.6620       1500     6.2458  0.000e+00
      1.308    16.1987   4.145810    32.6628       1501     6.2500  0.000e+00
      1.331    16.1986   4.145791    32.6627       1502     6.2542  0.000e+00
      1.410    16.1986   4.145784    32.6626       1503     6.2583  0.000e+00
      1.498    16.1987   4.145836    32.6629       1504     6.2625  0.000e+00
      1.584    16.1987   4.145959    32.6639       1505     6.2667  0.000e+00
      1.660    16.1991   4.146004    32.6640       1506     6.2708  0.000e+00
      1.719    16.1998   4.146134    32.6646       1507     6.2750  0.000e+00
      1.739    16.2006   4.146108    32.6637       1508     6.2792  0.000e+00
      1.728    16.2010   4.145907    32.6616       1509     6.2833  0.000e+00
      1.667    16.2004   4.145467    32.6582       1510     6.2875  0.000e+00
      1.565    16.1982   4.145881    32.6637       1511     6.2917  0.000e+00
      1.385    16.1975   4.146134    32.6666       1512     6.2958  0.000e+00
      1.189    16.1991   4.146049    32.6646       1513     6.3000  0.000e+00
      1.062    16.2000   4.146004    32.6635       1514     6.3042  0.000e+00
      1.004    16.2006   4.146030    32.6633       1515     6.3083  0.000e+00
      0.994    16.2009   4.146082    32.6635       1516     6.3125  0.000e+00
      1.003    16.2011   4.146075    32.6633       1517     6.3167  0.000e+00
      1.037    16.2012   4.146082    32.6632       1518     6.3208  0.000e+00
      1.075    16.2011   4.145933    32.6620       1519     6.3250  0.000e+00
      1.098    16.2008   4.145616    32.6595       1520     6.3292  0.000e+00
      1.118    16.1991   4.145506    32.6599       1521     6.3333  0.000e+00
      1.146    16.1970   4.145564    32.6621       1522     6.3375  0.000e+00
      1.164    16.1959   4.145713    32.6643       1523     6.3417  0.000e+00
      1.166    16.1960   4.145907    32.6659       1524     6.3458  0.000e+00
      1.152    16.1969   4.144872    32.6561       1525     6.3500  0.000e+00
      1.080    16.1942   4.145344    32.6624       1526     6.3542  0.000e+00
      0.974    16.1919   4.145169    32.6628       1527     6.3583  0.000e+00
      0.855    16.1922   4.143907    32.6516       1528     6.3625  0.000e+00
      0.706    16.1871   4.144257    32.6589       1529     6.3667  0.000e+00
      0.627    16.1835   4.144555    32.6645       1530     6.3708  0.000e+00
      0.618    16.1833   4.144600    32.6651       1531     6.3750  0.000e+00
      0.608    16.1838   4.144826    32.6666       1532     6.3792  0.000e+00
      0.660    16.1853   4.144554    32.6630       1533     6.3833  0.000e+00
      0.748    16.1852   4.144503    32.6626       1534     6.3875  0.000e+00
      0.832    16.1845   4.144529    32.6633       1535     6.3917  0.000e+00
      0.909    16.1841   4.144755    32.6657       1536     6.3958  0.000e+00
      0.988    16.1848   4.144975    32.6670       1537     6.4000  0.000e+00
      1.065    16.1866   4.145441    32.6695       1538     6.4042  0.000e+00
      1.114    16.1896   4.145745    32.6698       1539     6.4083  0.000e+00
      1.109    16.1929   4.146108    32.6702       1540     6.4125  0.000e+00
      1.013    16.1963   4.146302    32.6692       1541     6.4167  0.000e+00
      0.857    16.1996   4.146205    32.6657       1542     6.4208  0.000e+00
      0.649    16.2014   4.146192    32.6642       1543     6.4250  0.000e+00
      0.414    16.2022   4.146030    32.6622       1544     6.4292  0.000e+00
      0.196    16.2016   4.144871    32.6525       1545     6.4333  0.000e+00
      0.087    16.1979   4.144923    32.6561       1546     6.4375  0.000e+00
      0.099    16.1938   4.144774    32.6581       1547     6.4417  0.000e+00
      0.198    16.1910   4.144994    32.6624       1548     6.4458  0.000e+00
      0.290    16.1896   4.144431    32.6585       1549     6.4500  0.000e+00
      0.441    16.1885   4.144748    32.6622       1550     6.4542  0.000e+00
      0.631    16.1874   4.144988    32.6651       1551     6.4583  0.000e+00
      0.731    16.1882   4.145020    32.6646       1552     6.4625  0.000e+00
      0.785    16.1893   4.145221    32.6655       1553     6.4667  0.000e+00
      0.843    16.1902   4.145648    32.6685       1554     6.4708  0.000e+00
      0.834    16.1924   4.145836    32.6683       1555     6.4750  0.000e+00
      0.796    16.1952   4.145862    32.6663       1556     6.4792  0.000e+00
      0.674    16.1971   4.145318    32.6600       1557     6.4833  0.000e+00
      0.539    16.1963   4.145318    32.6607       1558     6.4875  0.000e+00
      0.241    16.1950   4.141352    32.6270       1559     6.4917  0.000e+00
      0.058    16.1913   1.641347    11.8029       1560     6.4958  0.000e+00
      0.051    16.1760   0.734625     4.9597       1561     6.5000  0.000e+00
      0.055    16.1336   0.486668     3.1971       1562     6.5042  0.000e+00
      0.055    16.0724   0.400573     2.6027       1563     6.5083  0.000e+00
      0.105    16.0245   0.453819     2.9758       1564     6.5125  0.000e+00
      0.162    16.0084   1.610919    11.6184       1565     6.5167  0.000e+00
      0.338    16.0086   2.012195    14.8002       1566     6.5208  0.000e+00
      0.496    16.0349   0.593505     3.9610       1567     6.5250  0.000e+00
      0.547    16.0821   1.108953     7.7415       1568     6.5292  0.000e+00
      0.541    16.1160   2.811682    21.2916       1569     6.5333  0.000e+00
      0.476    16.1375   2.763154    20.8767       1570     6.5375  0.000e+00
      0.326    16.1544   0.973538     6.7155       1571     6.5417  0.000e+00
      0.189    16.1636   1.342078     9.4950       1572     6.5458  0.000e+00
      0.150    16.1656   0.746221     5.0450       1573     6.5500  0.000e+00
      0.141    16.1674   1.892830    13.7910       1574     6.5542  0.000e+00
      0.083    16.1718   2.446282    18.2489       1575     6.5583  0.000e+00
      0.049    16.1767   3.321201    25.5456       1576     6.5625  0.000e+00
      0.051    16.1798   4.095790    32.2391       1577     6.5667  0.000e+00
