PC2406/sbe011.cnv
* Sea-Bird SBE 19plus V2 Data File:
* FileName = C:\cruise\data\sbe011.hex
* Software Version Seasave V 7.26.7.121
* Temperature SN = 7142
* Conductivity SN = 7142
* System UpLoad Time = Oct 28 2024 05:37:56
* NMEA Latitude = 40 49.86 N
* NMEA Longitude = 070 18.48 W
* NMEA UTC (Time) = Oct 28 2024  05:37:53
** Ship: Pisces
** Cruise:  PC2406
** Program:  Fall ECOMON
# nquan = 7
# nvalues = 1274                                  
# units = specified
# name 0 = depSM: Depth [salt water, m]
# name 1 = tv290C: Temperature [ITS-90, deg C]
# name 2 = c0S/m: Conductivity [S/m]
# name 3 = sal00: Salinity, Practical [PSU]
# name 4 = scan: Scan Count
# name 5 = timeM: Time, Elapsed [minutes]
# name 6 = flag:  0.000e+00
# span 0 =      0.091,     42.019                 
# span 1 =    11.5048,    15.4706                 
# span 2 =   0.000008,   4.029388                 
# span 3 =     0.0059,    32.2189                 
# span 4 =         11,       1284                 
# span 5 =     0.0417,     5.3458                 
# span 6 = 0.0000e+00, 0.0000e+00                 
# interval = seconds: 0.25
# start_time = Oct 28 2024 05:37:53 [NMEA time, header]
# bad_flag = -9.990e-29
*END*
[from data line 411]
     40.320    15.4703   4.029388    32.2144        422     1.7542  0.000e+00
     40.247    15.4703   4.029388    32.2145        423     1.7583  0.000e+00
     40.177    15.4706   4.029363    32.2141        424     1.7625  0.000e+00
     40.101    15.4704   4.029337    32.2140        425     1.7667  0.000e+00
     40.022    15.4705   4.029337    32.2140        426     1.7708  0.000e+00
     39.949    15.4703   4.029311    32.2139        427     1.7750  0.000e+00
     39.868    15.4702   4.029267    32.2136        428     1.7792  0.000e+00
     39.785    15.4700   4.029241    32.2136        429     1.7833  0.000e+00
     39.703    15.4699   4.029311    32.2143        430     1.7875  0.000e+00
     39.615    15.4699   4.029362    32.2148        431     1.7917  0.000e+00
     39.530    15.4702   4.029215    32.2132        432     1.7958  0.000e+00
     39.448    15.4699   4.029215    32.2136        433     1.8000  0.000e+00
     39.358    15.4699   4.029145    32.2129        434     1.8042  0.000e+00
     39.261    15.4695   4.028959    32.2117        435     1.8083  0.000e+00
     39.166    15.4690   4.028883    32.2114        436     1.8125  0.000e+00
     39.063    15.4683   4.029196    32.2149        437     1.8167  0.000e+00
     38.965    15.4687   4.029292    32.2154        438     1.8208  0.000e+00
     38.868    15.4692   4.029337    32.2154        439     1.8250  0.000e+00
     38.771    15.4695   4.029292    32.2148        440     1.8292  0.000e+00
     38.672    15.4699   4.029215    32.2138        441     1.8333  0.000e+00
     38.577    15.4699   4.028978    32.2118        442     1.8375  0.000e+00
     38.478    15.4692   4.028959    32.2122        443     1.8417  0.000e+00
     38.379    15.4687   4.028786    32.2111        444     1.8458  0.000e+00
     38.282    15.4681   4.028882    32.2125        445     1.8500  0.000e+00
     38.178    15.4677   4.028812    32.2123        446     1.8542  0.000e+00
     38.074    15.4676   4.028863    32.2128        447     1.8583  0.000e+00
     37.966    15.4674   4.028716    32.2117        448     1.8625  0.000e+00
     37.855    15.4673   4.028601    32.2108        449     1.8667  0.000e+00
     37.738    15.4667   4.028645    32.2117        450     1.8708  0.000e+00
     37.625    15.4665   4.028575    32.2113        451     1.8750  0.000e+00
     37.506    15.4663   4.028409    32.2100        452     1.8792  0.000e+00
     37.388    15.4659   4.028383    32.2102        453     1.8833  0.000e+00
     37.269    15.4652   4.028671    32.2134        454     1.8875  0.000e+00
     37.153    15.4655   4.028504    32.2117        455     1.8917  0.000e+00
     37.050    15.4656   4.028837    32.2146        456     1.8958  0.000e+00
     36.943    15.4665   4.029144    32.2167        457     1.9000  0.000e+00
     36.849    15.4677   4.029125    32.2156        458     1.9042  0.000e+00
     36.758    15.4687   4.029144    32.2149        459     1.9083  0.000e+00
     36.675    15.4691   4.029144    32.2146        460     1.9125  0.000e+00
     36.596    15.4695   4.029144    32.2143        461     1.9167  0.000e+00
     36.517    15.4693   4.029144    32.2145        462     1.9208  0.000e+00
     36.445    15.4697   4.029073    32.2136        463     1.9250  0.000e+00
     36.371    15.4693   4.029073    32.2139        464     1.9292  0.000e+00
     36.298    15.4694   4.028907    32.2124        465     1.9333  0.000e+00
     36.221    15.4690   4.028811    32.2119        466     1.9375  0.000e+00
     36.143    15.4685   4.028811    32.2123        467     1.9417  0.000e+00
     36.063    15.4679   4.028837    32.2131        468     1.9458  0.000e+00
     35.978    15.4681   4.028958    32.2141        469     1.9500  0.000e+00
     35.883    15.4682   4.028907    32.2135        470     1.9542  0.000e+00
     35.791    15.4684   4.028715    32.2117        471     1.9583  0.000e+00
     35.700    15.4680   4.028766    32.2125        472     1.9625  0.000e+00
     35.606    15.4678   4.028740    32.2125        473     1.9667  0.000e+00
     35.506    15.4675   4.028958    32.2147        474     1.9708  0.000e+00
     35.411    15.4680   4.029003    32.2148        475     1.9750  0.000e+00
     35.306    15.4686   4.028836    32.2128        476     1.9792  0.000e+00
     35.202    15.4686   4.028644    32.2111        477     1.9833  0.000e+00
     35.091    15.4679   4.028491    32.2104        478     1.9875  0.000e+00
     34.985    15.4670   4.028715    32.2131        479     1.9917  0.000e+00
     34.870    15.4669   4.028740    32.2135        480     1.9958  0.000e+00
     34.753    15.4673   4.028836    32.2140        481     2.0000  0.000e+00
     34.642    15.4677   4.028881    32.2142        482     2.0042  0.000e+00
     34.523    15.4681   4.028810    32.2133        483     2.0083  0.000e+00
     34.407    15.4683   4.028670    32.2119        484     2.0125  0.000e+00
     34.295    15.4680   4.028145    32.2075        485     2.0167  0.000e+00
     34.198    15.4665   4.028215    32.2094        486     2.0208  0.000e+00
     34.094    15.4653   4.028024    32.2087        487     2.0250  0.000e+00
     33.990    15.4643   4.027646    32.2062        488     2.0292  0.000e+00
     33.897    15.4626   4.027576    32.2070        489     2.0333  0.000e+00
     33.798    15.4613   4.027051    32.2034        490     2.0375  0.000e+00
     33.699    15.4594   4.027077    32.2053        491     2.0417  0.000e+00
     33.613    15.4582   4.026194    32.1984        492     2.0458  0.000e+00
     33.514    15.4554   4.025529    32.1948        493     2.0500  0.000e+00
     33.416    15.4515   4.024340    32.1875        494     2.0542  0.000e+00
     33.315    15.4455   4.024296    32.1920        495     2.0583  0.000e+00
     33.211    15.4413   4.022819    32.1823        496     2.0625  0.000e+00
     33.114    15.4350   4.020064    32.1629        497     2.0667  0.000e+00
     33.019    15.4237   4.016339    32.1389        498     2.0708  0.000e+00
     32.925    15.4076   4.016033    32.1494        499     2.0750  0.000e+00
     32.839    15.3929   4.012904    32.1335        500     2.0792  0.000e+00
     32.749    15.3786   4.008594    32.1067        501     2.0833  0.000e+00
     32.668    15.3560   4.003394    32.0788        502     2.0875  0.000e+00
     32.586    15.3285   4.000422    32.0747        503     2.0917  0.000e+00
     32.503    15.3011   3.992835    32.0293        504     2.0958  0.000e+00
     32.426    15.2659   3.985516    31.9925        505     2.1000  0.000e+00
     32.340    15.2238   3.975505    31.9373        506     2.1042  0.000e+00
     32.250    15.1703   3.962931    31.8682        507     2.1083  0.000e+00
     32.167    15.1009   3.932668    31.6533        508     2.1125  0.000e+00
     32.076    14.9799   3.928655    31.7153        509     2.1167  0.000e+00
     31.986    14.8785   3.926878    31.7817        510     2.1208  0.000e+00
     31.896    14.8178   3.926214    31.8253        511     2.1250  0.000e+00
     31.805    14.7845   3.926487    31.8550        512     2.1292  0.000e+00
     31.715    14.7693   3.926139    31.8643        513     2.1333  0.000e+00
     31.622    14.7623   3.925607    31.8652        514     2.1375  0.000e+00
     31.535    14.7564   3.925993    31.8736        515     2.1417  0.000e+00
     31.442    14.7544   3.926094    31.8762        516     2.1458  0.000e+00
     31.352    14.7541   3.925886    31.8746        517     2.1500  0.000e+00
     31.266    14.7540   3.926278    31.8783        518     2.1542  0.000e+00
     31.176    14.7543   3.926696    31.8818        519     2.1583  0.000e+00
     31.083    14.7561   3.926715    31.8805        520     2.1625  0.000e+00
     30.989    14.7580   3.927892    31.8897        521     2.1667  0.000e+00
     30.898    14.7627   3.926714    31.8752        522     2.1708  0.000e+00
     30.806    14.7630   3.925727    31.8661        523     2.1750  0.000e+00
     30.711    14.7590   3.925493    31.8673        524     2.1792  0.000e+00
     30.623    14.7551   3.925379    31.8694        525     2.1833  0.000e+00
     30.532    14.7527   3.925449    31.8721        526     2.1875  0.000e+00
     30.442    14.7515   3.925366    31.8724        527     2.1917  0.000e+00
     30.350    14.7513   3.925771    31.8762        528     2.1958  0.000e+00
     30.271    14.7518   3.925354    31.8720        529     2.2000  0.000e+00
     30.180    14.7518   3.925031    31.8692        530     2.2042  0.000e+00
     30.093    14.7499   3.925075    31.8712        531     2.2083  0.000e+00
     30.004    14.7488   3.925100    31.8724        532     2.2125  0.000e+00
     29.917    14.7483   3.925031    31.8721        533     2.2167  0.000e+00
     29.826    14.7482   3.924873    31.8708        534     2.2208  0.000e+00
     29.732    14.7474   3.924689    31.8699        535     2.2250  0.000e+00
     29.637    14.7465   3.924638    31.8702        536     2.2292  0.000e+00
     29.540    14.7453   3.924430    31.8693        537     2.2333  0.000e+00
     29.436    14.7440   3.924474    31.8708        538     2.2375  0.000e+00
     29.336    14.7430   3.924480    31.8717        539     2.2417  0.000e+00
     29.230    14.7427   3.924594    31.8730        540     2.2458  0.000e+00
     29.131    14.7432   3.924664    31.8733        541     2.2500  0.000e+00
     29.025    14.7439   3.924663    31.8728        542     2.2542  0.000e+00
     28.931    14.7443   3.924550    31.8715        543     2.2583  0.000e+00
     28.829    14.7443   3.924366    31.8699        544     2.2625  0.000e+00
     28.743    14.7433   3.924410    31.8711        545     2.2667  0.000e+00
     28.651    14.7427   3.924106    31.8688        546     2.2708  0.000e+00
     28.567    14.7413   3.923904    31.8682        547     2.2750  0.000e+00
     28.486    14.7396   3.923809    31.8688        548     2.2792  0.000e+00
     28.398    14.7380   3.923739    31.8695        549     2.2833  0.000e+00
     28.314    14.7370   3.923771    31.8706        550     2.2875  0.000e+00
     28.237    14.7364   3.923853    31.8719        551     2.2917  0.000e+00
     28.158    14.7370   3.924410    31.8765        552     2.2958  0.000e+00
     28.080    14.7391   3.924385    31.8746        553     2.3000  0.000e+00
     28.001    14.7410   3.924328    31.8725        554     2.3042  0.000e+00
     27.920    14.7417   3.924157    31.8704        555     2.3083  0.000e+00
     27.843    14.7414   3.924593    31.8746        556     2.3125  0.000e+00
     27.766    14.7424   3.924707    31.8749        557     2.3167  0.000e+00
     27.687    14.7444   3.924808    31.8742        558     2.3208  0.000e+00
     27.604    14.7458   3.924777    31.8728        559     2.3250  0.000e+00
     27.527    14.7466   3.924821    31.8725        560     2.3292  0.000e+00
     27.446    14.7473   3.924568    31.8698        561     2.3333  0.000e+00
     27.369    14.7466   3.924517    31.8698        562     2.3375  0.000e+00
     27.283    14.7461   3.924941    31.8741        563     2.3417  0.000e+00
     27.197    14.7470   3.924960    31.8736        564     2.3458  0.000e+00
     27.107    14.7480   3.924688    31.8704        565     2.3500  0.000e+00
     27.014    14.7480   3.924593    31.8695        566     2.3542  0.000e+00
     26.924    14.7471   3.924593    31.8703        567     2.3583  0.000e+00
     26.832    14.7465   3.924777    31.8725        568     2.3625  0.000e+00
     26.741    14.7468   3.924783    31.8724        569     2.3667  0.000e+00
     26.646    14.7476   3.924871    31.8726        570     2.3708  0.000e+00
     26.554    14.7481   3.924802    31.8715        571     2.3750  0.000e+00
     26.459    14.7483   3.924871    31.8720        572     2.3792  0.000e+00
     26.373    14.7486   3.924903    31.8721        573     2.3833  0.000e+00
     26.281    14.7490   3.924960    31.8723        574     2.3875  0.000e+00
     26.189    14.7492   3.924960    31.8722        575     2.3917  0.000e+00
     26.092    14.7495   3.924985    31.8722        576     2.3958  0.000e+00
     25.997    14.7497   3.925029    31.8725        577     2.4000  0.000e+00
     25.899    14.7502   3.925055    31.8724        578     2.4042  0.000e+00
     25.807    14.7507   3.925029    31.8717        579     2.4083  0.000e+00
     25.717    14.7510   3.925010    31.8714        580     2.4125  0.000e+00
     25.622    14.7510   3.925004    31.8713        581     2.4167  0.000e+00
     25.541    14.7510   3.925010    31.8714        582     2.4208  0.000e+00
     25.441    14.7508   3.925010    31.8716        583     2.4250  0.000e+00
     25.345    14.7510   3.924959    31.8710        584     2.4292  0.000e+00
     25.257    14.7511   3.925124    31.8725        585     2.4333  0.000e+00
     25.160    14.7513   3.922239    31.8462        586     2.4375  0.000e+00
     25.080    14.7515   3.925080    31.8718        587     2.4417  0.000e+00
     24.988    14.7515   3.925098    31.8720        588     2.4458  0.000e+00
     24.900    14.7519   3.925219    31.8728        589     2.4500  0.000e+00
     24.817    14.7523   3.925143    31.8718        590     2.4542  0.000e+00
     24.738    14.7527   3.925079    31.8710        591     2.4583  0.000e+00
     24.656    14.7522   3.925098    31.8716        592     2.4625  0.000e+00
     24.586    14.7521   3.925535    31.8757        593     2.4667  0.000e+00
     24.509    14.7531   3.925421    31.8738        594     2.4708  0.000e+00
     24.435    14.7542   3.925332    31.8721        595     2.4750  0.000e+00
     24.370    14.7539   3.925143    31.8707        596     2.4792  0.000e+00
     24.300    14.7537   3.925124    31.8707        597     2.4833  0.000e+00
     24.228    14.7530   3.924940    31.8697        598     2.4875  0.000e+00
     24.158    14.7521   3.924915    31.8701        599     2.4917  0.000e+00
     24.088    14.7513   3.924953    31.8712        600     2.4958  0.000e+00
     24.015    14.7510   3.924870    31.8707        601     2.5000  0.000e+00
     23.938    14.7504   3.924845    31.8710        602     2.5042  0.000e+00
     23.860    14.7502   3.924870    31.8714        603     2.5083  0.000e+00
     23.787    14.7502   3.924902    31.8718        604     2.5125  0.000e+00
     23.710    14.7503   3.924845    31.8712        605     2.5167  0.000e+00
     23.638    14.7500   3.924845    31.8715        606     2.5208  0.000e+00
     23.560    14.7502   3.924661    31.8697        607     2.5250  0.000e+00
     23.489    14.7495   3.924446    31.8683        608     2.5292  0.000e+00
     23.408    14.7485   3.924427    31.8690        609     2.5333  0.000e+00
     23.338    14.7476   3.924427    31.8698        610     2.5375  0.000e+00
     23.268    14.7472   3.924478    31.8706        611     2.5417  0.000e+00
     23.185    14.7473   3.924516    31.8709        612     2.5458  0.000e+00
     23.113    14.7476   3.924566    31.8711        613     2.5500  0.000e+00
     23.034    14.7479   3.924547    31.8708        614     2.5542  0.000e+00
     22.964    14.7480   3.924497    31.8702        615     2.5583  0.000e+00
     22.892    14.7479   3.924636    31.8716        616     2.5625  0.000e+00
     22.815    14.7482   3.924889    31.8736        617     2.5667  0.000e+00
     22.740    14.7493   3.924617    31.8703        618     2.5708  0.000e+00
     22.666    14.7492   3.924591    31.8702        619     2.5750  0.000e+00
     22.591    14.7486   3.924541    31.8702        620     2.5792  0.000e+00
     22.519    14.7482   3.924496    31.8702        621     2.5833  0.000e+00
     22.442    14.7479   3.924496    31.8705        622     2.5875  0.000e+00
     22.361    14.7477   3.924496    31.8707        623     2.5917  0.000e+00
     22.284    14.7478   3.924496    31.8706        624     2.5958  0.000e+00
     22.199    14.7478   3.924566    31.8713        625     2.6000  0.000e+00
