PC2406/sbe062.cnv
* Sea-Bird SBE 19plus V2 Data File:
* FileName = C:\cruise\data\sbe062.hex
* Software Version Seasave V 7.26.7.121
* Temperature SN = 7142
* Conductivity SN = 7142
* System UpLoad Time = Nov 10 2024 02:52:19
* NMEA Latitude = 39 00.75 N
* NMEA Longitude = 072 35.15 W
* NMEA UTC (Time) = Nov 10 2024  02:52:13
** Ship: Pisces
** Cruise:  PC2406
** Program:  Fall ECOMON
# nquan = 7
# nvalues = 4497                                  
# units = specified
# name 0 = depSM: Depth [salt water, m]
# name 1 = tv290C: Temperature [ITS-90, deg C]
# name 2 = c0S/m: Conductivity [S/m]
# name 3 = sal00: Salinity, Practical [PSU]
# name 4 = scan: Scan Count
# name 5 = timeM: Time, Elapsed [minutes]
# name 6 = flag:  0.000e+00
# span 0 =      0.119,    199.309                 
# span 1 =    12.2410,    19.9511                 
# span 2 =   0.000075,   4.807196                 
# span 3 =     0.0064,    36.2008                 
# span 4 =         11,       4507                 
# span 5 =     0.0417,    18.7750                 
# span 6 = 0.0000e+00, 0.0000e+00                 
# interval = seconds: 0.25
# start_time = Nov 10 2024 02:52:13 [NMEA time, header]
# bad_flag = -9.990e-29
*END*
[from data line 411]
     55.098    18.0355   4.597046    35.0102        422     1.7542  0.000e+00
     55.259    17.8577   4.576784    34.9894        423     1.7583  0.000e+00
     55.421    17.6626   4.569290    35.0930        424     1.7625  0.000e+00
     55.588    17.4827   4.554576    35.1217        425     1.7667  0.000e+00
     55.753    17.3125   4.552493    35.2516        426     1.7708  0.000e+00
     55.920    17.1844   4.551512    35.3551        427     1.7750  0.000e+00
     56.078    17.1083   4.552785    35.4329        428     1.7792  0.000e+00
     56.233    17.0642   4.556676    35.5057        429     1.7833  0.000e+00
     56.386    17.0566   4.555566    35.5026        430     1.7875  0.000e+00
     56.518    17.0584   4.547377    35.4295        431     1.7917  0.000e+00
     56.635    17.0209   4.539955    35.3976        432     1.7958  0.000e+00
     56.734    16.9532   4.540776    35.4644        433     1.8000  0.000e+00
     56.826    16.9026   4.539533    35.4982        434     1.8042  0.000e+00
     56.899    16.8689   4.540589    35.5372        435     1.8083  0.000e+00
     56.968    16.8417   4.541873    35.5726        436     1.8125  0.000e+00
     57.030    16.8234   4.543305    35.6014        437     1.8167  0.000e+00
     57.099    16.8154   4.544758    35.6212        438     1.8208  0.000e+00
     57.172    16.8145   4.546607    35.6383        439     1.8250  0.000e+00
     57.255    16.8186   4.548800    35.6538        440     1.8292  0.000e+00
     57.345    16.8271   4.550065    35.6574        441     1.8333  0.000e+00
     57.440    16.8364   4.550623    35.6540        442     1.8375  0.000e+00
     57.550    16.8433   4.552150    35.6612        443     1.8417  0.000e+00
     57.670    16.8483   4.553792    35.6712        444     1.8458  0.000e+00
     57.808    16.8542   4.554849    35.6751        445     1.8500  0.000e+00
     57.961    16.8593   4.554984    35.6717        446     1.8542  0.000e+00
     58.124    16.8605   4.548268    35.6116        447     1.8583  0.000e+00
     58.299    16.8393   4.537774    35.5382        448     1.8625  0.000e+00
     58.485    16.7863   4.531695    35.5317        449     1.8667  0.000e+00
     58.683    16.7224   4.524679    35.5266        450     1.8708  0.000e+00
     58.888    16.6568   4.522660    35.5669        451     1.8750  0.000e+00
     59.094    16.6048   4.519608    35.5863        452     1.8792  0.000e+00
     59.297    16.5654   4.517892    35.6061        453     1.8833  0.000e+00
     59.493    16.5345   4.515015    35.6081        454     1.8875  0.000e+00
     59.684    16.5055   4.511040    35.5988        455     1.8917  0.000e+00
     59.858    16.4721   4.508661    35.6075        456     1.8958  0.000e+00
     60.016    16.4403   4.504011    35.5947        457     1.9000  0.000e+00
     60.160    16.4045   4.498380    35.5766        458     1.9042  0.000e+00
     60.293    16.3564   4.492108    35.5639        459     1.9083  0.000e+00
     60.411    16.2995   4.490236    35.5981        460     1.9125  0.000e+00
     60.508    16.2544   4.488290    35.6212        461     1.9167  0.000e+00
     60.605    16.2237   4.487013    35.6372        462     1.9208  0.000e+00
     60.688    16.2020   4.485863    35.6464        463     1.9250  0.000e+00
     60.770    16.1863   4.485275    35.6552        464     1.9292  0.000e+00
     60.857    16.1752   4.485014    35.6628        465     1.9333  0.000e+00
     60.943    16.1677   4.484573    35.6656        466     1.9375  0.000e+00
     61.036    16.1623   4.484004    35.6654        467     1.9417  0.000e+00
     61.135    16.1576   4.483878    35.6684        468     1.9458  0.000e+00
     61.241    16.1545   4.483356    35.6666        469     1.9500  0.000e+00
     61.361    16.1513   4.482915    35.6655        470     1.9542  0.000e+00
     61.496    16.1479   4.482888    35.6682        471     1.9583  0.000e+00
     61.645    16.1450   4.482915    35.6710        472     1.9625  0.000e+00
     61.805    16.1443   4.483069    35.6729        473     1.9667  0.000e+00
     61.965    16.1445   4.483022    35.6722        474     1.9708  0.000e+00
     62.137    16.1448   4.482708    35.6691        475     1.9750  0.000e+00
     62.314    16.1440   4.481438    35.6584        476     1.9792  0.000e+00
     62.491    16.1389   4.479386    35.6446        477     1.9833  0.000e+00
     62.667    16.1282   4.479132    35.6519        478     1.9875  0.000e+00
     62.834    16.1174   4.476072    35.6343        479     1.9917  0.000e+00
     62.991    16.1023   4.473380    35.6237        480     1.9958  0.000e+00
     63.131    16.0794   4.472218    35.6338        481     2.0000  0.000e+00
     63.251    16.0543   4.472760    35.6612        482     2.0042  0.000e+00
     63.372    16.0361   4.473615    35.6852        483     2.0083  0.000e+00
     63.479    16.0255   4.473976    35.6979        484     2.0125  0.000e+00
     63.582    16.0180   4.474363    35.7081        485     2.0167  0.000e+00
     63.695    16.0107   4.474243    35.7136        486     2.0208  0.000e+00
     63.817    16.0029   4.474651    35.7242        487     2.0250  0.000e+00
     63.943    15.9969   4.475560    35.7377        488     2.0292  0.000e+00
     64.072    15.9938   4.475607    35.7408        489     2.0333  0.000e+00
     64.211    15.9913   4.475353    35.7408        490     2.0375  0.000e+00
     64.349    15.9879   4.474110    35.7327        491     2.0417  0.000e+00
     64.493    15.9815   4.472941    35.7279        492     2.0458  0.000e+00
     64.649    15.9730   4.471753    35.7249        493     2.0500  0.000e+00
     64.798    15.9644   4.471339    35.7289        494     2.0542  0.000e+00
     64.952    15.9581   4.470304    35.7253        495     2.0583  0.000e+00
     65.107    15.9503   4.469556    35.7256        496     2.0625  0.000e+00
     65.260    15.9426   4.468682    35.7246        497     2.0667  0.000e+00
     65.407    15.9341   4.468034    35.7264        498     2.0708  0.000e+00
     65.558    15.9261   4.467721    35.7308        499     2.0750  0.000e+00
     65.703    15.9192   4.467260    35.7328        500     2.0792  0.000e+00
     65.838    15.9129   4.466920    35.7354        501     2.0833  0.000e+00
     65.976    15.9069   4.466613    35.7380        502     2.0875  0.000e+00
     66.113    15.9019   4.466379    35.7404        503     2.0917  0.000e+00
     66.242    15.8974   4.466326    35.7438        504     2.0958  0.000e+00
     66.368    15.8938   4.466353    35.7473        505     2.1000  0.000e+00
     66.485    15.8912   4.466353    35.7497        506     2.1042  0.000e+00
     66.602    15.8896   4.466533    35.7527        507     2.1083  0.000e+00
     66.713    15.8884   4.466667    35.7549        508     2.1125  0.000e+00
     66.819    15.8874   4.467001    35.7588        509     2.1167  0.000e+00
     66.927    15.8870   4.467154    35.7605        510     2.1208  0.000e+00
     67.036    15.8866   4.467154    35.7608        511     2.1250  0.000e+00
     67.149    15.8862   4.467128    35.7608        512     2.1292  0.000e+00
     67.264    15.8851   4.467101    35.7615        513     2.1333  0.000e+00
     67.394    15.8844   4.466948    35.7607        514     2.1375  0.000e+00
     67.527    15.8832   4.466921    35.7615        515     2.1417  0.000e+00
     67.670    15.8822   4.467235    35.7652        516     2.1458  0.000e+00
     67.818    15.8823   4.467882    35.7709        517     2.1500  0.000e+00
     67.972    15.8841   4.468684    35.7764        518     2.1542  0.000e+00
     68.134    15.8877   4.469665    35.7819        519     2.1583  0.000e+00
     68.303    15.8920   4.470674    35.7870        520     2.1625  0.000e+00
     68.477    15.8971   4.471602    35.7906        521     2.1667  0.000e+00
     68.640    15.9027   4.473285    35.8005        522     2.1708  0.000e+00
     68.795    15.9098   4.475563    35.8145        523     2.1750  0.000e+00
     68.940    15.9202   4.478670    35.8329        524     2.1792  0.000e+00
     69.075    15.9343   4.483884    35.8668        525     2.1833  0.000e+00
     69.188    15.9549   4.487984    35.8848        526     2.1875  0.000e+00
     69.287    15.9795   4.490840    35.8881        527     2.1917  0.000e+00
     69.373    16.0008   4.496435    35.9189        528     2.1958  0.000e+00
     69.460    16.0266   4.500137    35.9285        529     2.2000  0.000e+00
     69.546    16.0514   4.503840    35.9392        530     2.2042  0.000e+00
     69.629    16.0754   4.506292    35.9393        531     2.2083  0.000e+00
     69.720    16.0962   4.508436    35.9396        532     2.2125  0.000e+00
     69.812    16.1138   4.510239    35.9397        533     2.2167  0.000e+00
     69.911    16.1292   4.515073    35.9689        534     2.2208  0.000e+00
     70.020    16.1484   4.520760    36.0023        535     2.2250  0.000e+00
     70.133    16.1746   4.525874    36.0241        536     2.2292  0.000e+00
     70.261    16.2050   4.533126    36.0611        537     2.2333  0.000e+00
     70.396    16.2401   4.538789    36.0797        538     2.2375  0.000e+00
     70.534    16.2772   4.541686    36.0718        539     2.2417  0.000e+00
     70.685    16.3064   4.543924    36.0653        540     2.2458  0.000e+00
     70.847    16.3285   4.545195    36.0564        541     2.2500  0.000e+00
     71.010    16.3434   4.545726    36.0476        542     2.2542  0.000e+00
     71.181    16.3532   4.544320    36.0261        543     2.2583  0.000e+00
     71.355    16.3546   4.543688    36.0192        544     2.2625  0.000e+00
     71.526    16.3510   4.543399    36.0199        545     2.2667  0.000e+00
     71.696    16.3472   4.542768    36.0176        546     2.2708  0.000e+00
     71.862    16.3432   4.541127    36.0065        547     2.2750  0.000e+00
     72.021    16.3373   4.543427    36.0322        548     2.2792  0.000e+00
     72.178    16.3371   4.548733    36.0796        549     2.2833  0.000e+00
     72.320    16.3479   4.549843    36.0796        550     2.2875  0.000e+00
     72.447    16.3620   4.549735    36.0658        551     2.2917  0.000e+00
     72.568    16.3703   4.550058    36.0611        552     2.2958  0.000e+00
     72.677    16.3732   4.549130    36.0502        553     2.3000  0.000e+00
     72.776    16.3710   4.549311    36.0538        554     2.3042  0.000e+00
     72.864    16.3675   4.550684    36.0691        555     2.3083  0.000e+00
     72.948    16.3672   4.551774    36.0790        556     2.3125  0.000e+00
     73.026    16.3698   4.552339    36.0816        557     2.3167  0.000e+00
     73.096    16.3735   4.552750    36.0820        558     2.3208  0.000e+00
     73.168    16.3763   4.553200    36.0834        559     2.3250  0.000e+00
     73.243    16.3790   4.553571    36.0841        560     2.3292  0.000e+00
     73.329    16.3816   4.554042    36.0860        561     2.3333  0.000e+00
     73.424    16.3838   4.554311    36.0863        562     2.3375  0.000e+00
     73.532    16.3858   4.554493    36.0861        563     2.3417  0.000e+00
     73.649    16.3870   4.554789    36.0876        564     2.3458  0.000e+00
     73.778    16.3884   4.554284    36.0818        565     2.3500  0.000e+00
     73.924    16.3878   4.554069    36.0804        566     2.3542  0.000e+00
     74.087    16.3862   4.554291    36.0838        567     2.3583  0.000e+00
     74.263    16.3856   4.554735    36.0882        568     2.3625  0.000e+00
     74.450    16.3867   4.555792    36.0964        569     2.3667  0.000e+00
     74.648    16.3904   4.557697    36.1099        570     2.3708  0.000e+00
     74.849    16.3978   4.558956    36.1144        571     2.3750  0.000e+00
     75.045    16.4056   4.559313    36.1104        572     2.3792  0.000e+00
     75.241    16.4119   4.561643    36.1253        573     2.3833  0.000e+00
     75.433    16.4199   4.563583    36.1351        574     2.3875  0.000e+00
     75.598    16.4305   4.566183    36.1486        575     2.3917  0.000e+00
     75.742    16.4443   4.570193    36.1716        576     2.3958  0.000e+00
     75.861    16.4621   4.571278    36.1650        577     2.4000  0.000e+00
     75.952    16.4778   4.572262    36.1596        578     2.4042  0.000e+00
     76.037    16.4885   4.574096    36.1661        579     2.4083  0.000e+00
     76.119    16.4983   4.575720    36.1716        580     2.4125  0.000e+00
     76.197    16.5078   4.577002    36.1743        581     2.4167  0.000e+00
     76.281    16.5167   4.575855    36.1560        582     2.4208  0.000e+00
     76.367    16.5194   4.574446    36.1410        583     2.4250  0.000e+00
     76.464    16.5151   4.573327    36.1350        584     2.4292  0.000e+00
     76.561    16.5078   4.573064    36.1392        585     2.4333  0.000e+00
     76.671    16.5019   4.574096    36.1536        586     2.4375  0.000e+00
     76.784    16.5002   4.574885    36.1621        587     2.4417  0.000e+00
     76.908    16.5027   4.576092    36.1705        588     2.4458  0.000e+00
     77.035    16.5075   4.576415    36.1690        589     2.4500  0.000e+00
     77.177    16.5119   4.576624    36.1668        590     2.4542  0.000e+00
     77.318    16.5152   4.576591    36.1634        591     2.4583  0.000e+00
     77.463    16.5167   4.576308    36.1595        592     2.4625  0.000e+00
     77.614    16.5166   4.576254    36.1591        593     2.4667  0.000e+00
     77.767    16.5160   4.576146    36.1587        594     2.4708  0.000e+00
     77.919    16.5151   4.576051    36.1585        595     2.4750  0.000e+00
     78.070    16.5143   4.576200    36.1606        596     2.4792  0.000e+00
     78.223    16.5138   4.576551    36.1640        597     2.4833  0.000e+00
     78.360    16.5149   4.578196    36.1775        598     2.4875  0.000e+00
     78.503    16.5200   4.581185    36.1993        599     2.4917  0.000e+00
     78.638    16.5302   4.582406    36.2008        600     2.4958  0.000e+00
     78.776    16.5417   4.582993    36.1956        601     2.5000  0.000e+00
     78.913    16.5504   4.583330    36.1907        602     2.5042  0.000e+00
     79.042    16.5559   4.583128    36.1838        603     2.5083  0.000e+00
     79.177    16.5585   4.583020    36.1804        604     2.5125  0.000e+00
     79.312    16.5592   4.583634    36.1852        605     2.5167  0.000e+00
     79.450    16.5608   4.584073    36.1876        606     2.5208  0.000e+00
     79.594    16.5634   4.584863    36.1922        607     2.5250  0.000e+00
     79.727    16.5665   4.582649    36.1697        608     2.5292  0.000e+00
     79.863    16.5635   4.580240    36.1511        609     2.5333  0.000e+00
     80.002    16.5524   4.578999    36.1500        610     2.5375  0.000e+00
     80.135    16.5405   4.577772    36.1499        611     2.5417  0.000e+00
     80.268    16.5298   4.577158    36.1541        612     2.5458  0.000e+00
     80.399    16.5208   4.575648    36.1488        613     2.5500  0.000e+00
     80.526    16.5114   4.573753    36.1404        614     2.5542  0.000e+00
     80.652    16.4996   4.571414    36.1304        615     2.5583  0.000e+00
     80.780    16.4847   4.567566    36.1096        616     2.5625  0.000e+00
     80.912    16.4634   4.563787    36.0954        617     2.5667  0.000e+00
     81.054    16.4377   4.563026    36.1119        618     2.5708  0.000e+00
     81.198    16.4170   4.561329    36.1154        619     2.5750  0.000e+00
     81.358    16.4008   4.560562    36.1233        620     2.5792  0.000e+00
     81.516    16.3875   4.560454    36.1343        621     2.5833  0.000e+00
     81.680    16.3803   4.558475    36.1232        622     2.5875  0.000e+00
     81.852    16.3704   4.554025    36.0925        623     2.5917  0.000e+00
     82.014    16.3510   4.554793    36.1169        624     2.5958  0.000e+00
     82.168    16.3364   4.552566    36.1102        625     2.6000  0.000e+00
