PC2406/sbe053.cnv
* Sea-Bird SBE 19plus V2 Data File:
* FileName = C:\cruise\data\sbe053.hex
* Software Version Seasave V 7.26.7.121
* Temperature SN = 7142
* Conductivity SN = 7142
* System UpLoad Time = Nov 09 2024 03:29:18
* NMEA Latitude = 38 20.71 N
* NMEA Longitude = 074 11.06 W
* NMEA UTC (Time) = Nov 09 2024  03:28:59
** Ship: Pisces
** Cruise:  PC2406
** Program:  Fall ECOMON
# nquan = 7
# nvalues = 1275                                  
# units = specified
# name 0 = depSM: Depth [salt water, m]
# name 1 = tv290C: Temperature [ITS-90, deg C]
# name 2 = c0S/m: Conductivity [S/m]
# name 3 = sal00: Salinity, Practical [PSU]
# name 4 = scan: Scan Count
# name 5 = timeM: Time, Elapsed [minutes]
# name 6 = flag:  0.000e+00
# span 0 =     -0.020,     50.376                 
# span 1 =    17.2532,    18.2632                 
# span 2 =   0.090733,   4.547268                 
# span 3 =     0.5284,    34.5930                 
# span 4 =         11,       1285                 
# span 5 =     0.0417,     5.3500                 
# span 6 = 0.0000e+00, 0.0000e+00                 
# interval = seconds: 0.25
# start_time = Nov 09 2024 03:28:59 [NMEA time, header]
# bad_flag = -9.990e-29
*END*
[from data line 206]
     32.273    17.8208   4.437631    33.8392        217     0.9000  0.000e+00
     32.410    17.8230   4.438377    33.8436        218     0.9042  0.000e+00
     32.548    17.8254   4.438603    33.8435        219     0.9083  0.000e+00
     32.683    17.8273   4.438890    33.8443        220     0.9125  0.000e+00
     32.826    17.8287   4.439243    33.8461        221     0.9167  0.000e+00
     32.965    17.8295   4.439243    33.8454        222     0.9208  0.000e+00
     33.105    17.8288   4.439090    33.8447        223     0.9250  0.000e+00
     33.249    17.8270   4.439043    33.8457        224     0.9292  0.000e+00
     33.392    17.8255   4.439809    33.8535        225     0.9333  0.000e+00
     33.547    17.8262   4.442912    33.8793        226     0.9375  0.000e+00
     33.699    17.8328   4.443812    33.8814        227     0.9417  0.000e+00
     33.848    17.8406   4.446790    33.9003        228     0.9458  0.000e+00
     34.003    17.8504   4.448949    33.9105        229     0.9500  0.000e+00
     34.156    17.8615   4.451568    33.9236        230     0.9542  0.000e+00
     34.315    17.8727   4.452368    33.9210        231     0.9583  0.000e+00
     34.473    17.8813   4.452161    33.9120        232     0.9625  0.000e+00
     34.615    17.8861   4.452828    33.9136        233     0.9667  0.000e+00
     34.768    17.8894   4.456048    33.9383        234     0.9708  0.000e+00
     34.921    17.8960   4.458496    33.9536        235     0.9750  0.000e+00
     35.066    17.9057   4.459343    33.9527        236     0.9792  0.000e+00
     35.219    17.9133   4.460377    33.9552        237     0.9833  0.000e+00
     35.368    17.9195   4.461792    33.9620        238     0.9875  0.000e+00
     35.508    17.9254   4.463934    33.9752        239     0.9917  0.000e+00
     35.657    17.9333   4.465823    33.9847        240     0.9958  0.000e+00
     35.805    17.9419   4.466417    33.9825        241     1.0000  0.000e+00
     35.957    17.9478   4.466030    33.9743        242     1.0042  0.000e+00
     36.108    17.9515   4.467398    33.9828        243     1.0083  0.000e+00
     36.246    17.9550   4.469414    33.9970        244     1.0125  0.000e+00
     36.386    17.9613   4.472052    34.0142        245     1.0167  0.000e+00
     36.525    17.9708   4.474484    34.0269        246     1.0208  0.000e+00
     36.661    17.9820   4.475412    34.0254        247     1.0250  0.000e+00
     36.803    17.9916   4.482102    34.0743        248     1.0292  0.000e+00
     36.936    18.0088   4.490254    34.1293        249     1.0333  0.000e+00
     37.071    18.0375   4.498372    34.1743        250     1.0375  0.000e+00
     37.209    18.0723   4.506966    34.2182        251     1.0417  0.000e+00
     37.353    18.1105   4.511053    34.2210        252     1.0458  0.000e+00
     37.506    18.1428   4.514352    34.2219        253     1.0500  0.000e+00
     37.655    18.1673   4.514063    34.1989        254     1.0542  0.000e+00
     37.802    18.1812   4.513433    34.1819        255     1.0583  0.000e+00
     37.951    18.1876   4.517362    34.2098        256     1.0625  0.000e+00
     38.100    18.1948   4.516812    34.1991        257     1.0667  0.000e+00
     38.256    18.1996   4.514378    34.1744        258     1.0708  0.000e+00
     38.414    18.1981   4.517141    34.1990        259     1.0750  0.000e+00
     38.560    18.1982   4.520374    34.2263        260     1.0792  0.000e+00
     38.705    18.2052   4.522159    34.2355        261     1.0833  0.000e+00
     38.858    18.2123   4.520925    34.2191        262     1.0875  0.000e+00
     39.016    18.2133   4.521683    34.2246        263     1.0917  0.000e+00
     39.180    18.2129   4.525152    34.2543        264     1.0958  0.000e+00
     39.341    18.2167   4.525126    34.2509        265     1.1000  0.000e+00
     39.494    18.2206   4.526461    34.2588        266     1.1042  0.000e+00
     39.652    18.2235   4.527804    34.2678        267     1.1083  0.000e+00
     39.805    18.2261   4.529771    34.2822        268     1.1125  0.000e+00
     39.959    18.2260   4.529563    34.2804        269     1.1167  0.000e+00
     40.114    18.2231   4.529033    34.2783        270     1.1208  0.000e+00
     40.252    18.2179   4.528248    34.2760        271     1.1250  0.000e+00
     40.387    18.2082   4.526334    34.2678        272     1.1292  0.000e+00
     40.516    18.1916   4.525254    34.2725        273     1.1333  0.000e+00
     40.649    18.1725   4.524939    34.2857        274     1.1375  0.000e+00
     40.787    18.1577   4.525308    34.3012        275     1.1417  0.000e+00
     40.911    18.1479   4.525913    34.3146        276     1.1458  0.000e+00
     41.035    18.1412   4.525678    34.3181        277     1.1500  0.000e+00
     41.155    18.1347   4.525732    34.3240        278     1.1542  0.000e+00
     41.281    18.1276   4.526390    34.3354        279     1.1583  0.000e+00
     41.412    18.1221   4.527303    34.3478        280     1.1625  0.000e+00
     41.540    18.1194   4.529277    34.3668        281     1.1667  0.000e+00
     41.669    18.1227   4.532561    34.3918        282     1.1708  0.000e+00
     41.808    18.1325   4.533824    34.3943        283     1.1750  0.000e+00
     41.944    18.1431   4.535087    34.3961        284     1.1792  0.000e+00
     42.093    18.1525   4.535960    34.3956        285     1.1833  0.000e+00
     42.240    18.1609   4.536558    34.3935        286     1.1875  0.000e+00
     42.384    18.1674   4.536900    34.3909        287     1.1917  0.000e+00
     42.530    18.1724   4.537270    34.3898        288     1.1958  0.000e+00
     42.677    18.1774   4.538587    34.3967        289     1.2000  0.000e+00
     42.824    18.1816   4.538063    34.3887        290     1.2042  0.000e+00
     42.981    18.1844   4.538533    34.3903        291     1.2083  0.000e+00
     43.130    18.1866   4.538587    34.3889        292     1.2125  0.000e+00
     43.273    18.1878   4.538614    34.3880        293     1.2167  0.000e+00
     43.422    18.1886   4.539354    34.3935        294     1.2208  0.000e+00
     43.571    18.1905   4.539138    34.3901        295     1.2250  0.000e+00
     43.730    18.1918   4.538749    34.3856        296     1.2292  0.000e+00
     43.882    18.1921   4.539045    34.3878        297     1.2333  0.000e+00
     44.028    18.1920   4.539723    34.3936        298     1.2375  0.000e+00
     44.168    18.1935   4.540799    34.4015        299     1.2417  0.000e+00
     44.306    18.1959   4.541041    34.4014        300     1.2458  0.000e+00
     44.450    18.1982   4.541935    34.4070        301     1.2500  0.000e+00
     44.597    18.2004   4.541868    34.4045        302     1.2542  0.000e+00
     44.730    18.2014   4.542123    34.4059        303     1.2583  0.000e+00
     44.863    18.2014   4.542170    34.4061        304     1.2625  0.000e+00
     44.998    18.2000   4.542171    34.4073        305     1.2667  0.000e+00
     45.134    18.1976   4.541962    34.4075        306     1.2708  0.000e+00
     45.267    18.1947   4.541700    34.4077        307     1.2750  0.000e+00
     45.404    18.1915   4.541418    34.4079        308     1.2792  0.000e+00
     45.537    18.1879   4.542097    34.4167        309     1.2833  0.000e+00
     45.670    18.1857   4.543173    34.4276        310     1.2875  0.000e+00
     45.806    18.1863   4.544181    34.4356        311     1.2917  0.000e+00
     45.946    18.1892   4.544471    34.4356        312     1.2958  0.000e+00
     46.088    18.1910   4.544578    34.4349        313     1.3000  0.000e+00
     46.234    18.1917   4.545049    34.4382        314     1.3042  0.000e+00
     46.372    18.1923   4.546078    34.4464        315     1.3083  0.000e+00
     46.516    18.1938   4.544545    34.4321        316     1.3125  0.000e+00
     46.663    18.1874   4.540881    34.4063        317     1.3167  0.000e+00
     46.814    18.1657   4.534605    34.3712        318     1.3208  0.000e+00
     46.963    18.1254   4.528621    34.3542        319     1.3250  0.000e+00
     47.107    18.0708   4.520226    34.3285        320     1.3292  0.000e+00
     47.257    18.0026   4.510275    34.3011        321     1.3333  0.000e+00
     47.403    17.9148   4.505786    34.3366        322     1.3375  0.000e+00
     47.548    17.8306   4.501822    34.3737        323     1.3417  0.000e+00
     47.696    17.7631   4.498227    34.3998        324     1.3458  0.000e+00
     47.832    17.7081   4.497913    34.4436        325     1.3500  0.000e+00
     47.965    17.6736   4.496013    34.4565        326     1.3542  0.000e+00
     48.095    17.6495   4.492446    34.4462        327     1.3583  0.000e+00
     48.228    17.6186   4.490666    34.4571        328     1.3625  0.000e+00
     48.355    17.5873   4.489897    34.4771        329     1.3667  0.000e+00
     48.481    17.5661   4.489664    34.4930        330     1.3708  0.000e+00
     48.603    17.5498   4.487871    34.4914        331     1.3750  0.000e+00
     48.727    17.5314   4.487196    34.5012        332     1.3792  0.000e+00
     48.856    17.5143   4.485691    34.5027        333     1.3833  0.000e+00
     48.987    17.4980   4.484682    34.5079        334     1.3875  0.000e+00
     49.120    17.4813   4.482783    34.5057        335     1.3917  0.000e+00
     49.257    17.4633   4.480838    34.5041        336     1.3958  0.000e+00
     49.383    17.4424   4.481026    34.5236        337     1.4000  0.000e+00
     49.512    17.4292   4.479469    34.5214        338     1.4042  0.000e+00
     49.652    17.4164   4.477811    34.5178        339     1.4083  0.000e+00
     49.794    17.4005   4.476462    34.5198        340     1.4125  0.000e+00
     49.934    17.3826   4.475814    34.5294        341     1.4167  0.000e+00
     50.067    17.3681   4.473282    34.5198        342     1.4208  0.000e+00
     50.204    17.3487   4.471907    34.5244        343     1.4250  0.000e+00
     50.329    17.3296   4.471446    34.5367        344     1.4292  0.000e+00
     50.376    17.3158   4.471781    34.5514        345     1.4333  0.000e+00
     50.374    17.3103   4.472555    34.5628        346     1.4375  0.000e+00
     50.326    17.3108   4.471106    34.5498        347     1.4417  0.000e+00
     50.266    17.3066   4.469116    34.5362        348     1.4458  0.000e+00
     50.259    17.2936   4.468055    34.5381        349     1.4500  0.000e+00
     50.265    17.2789   4.467828    34.5488        350     1.4542  0.000e+00
     50.275    17.2683   4.467668    34.5564        351     1.4583  0.000e+00
     50.275    17.2621   4.467541    34.5606        352     1.4625  0.000e+00
     50.268    17.2586   4.467488    34.5632        353     1.4667  0.000e+00
     50.238    17.2563   4.467388    34.5642        354     1.4708  0.000e+00
     50.184    17.2549   4.467307    34.5648        355     1.4750  0.000e+00
     50.112    17.2537   4.467254    34.5654        356     1.4792  0.000e+00
     50.020    17.2534   4.467281    34.5659        357     1.4833  0.000e+00
     49.950    17.2532   4.467334    34.5665        358     1.4875  0.000e+00
     49.880    17.2535   4.467541    34.5681        359     1.4917  0.000e+00
     49.785    17.2549   4.468082    34.5716        360     1.4958  0.000e+00
     49.668    17.2583   4.468809    34.5751        361     1.5000  0.000e+00
     49.591    17.2646   4.469450    34.5752        362     1.5042  0.000e+00
     49.521    17.2715   4.469971    34.5739        363     1.5083  0.000e+00
     49.469    17.2788   4.470538    34.5726        364     1.5125  0.000e+00
     49.413    17.2857   4.471266    34.5730        365     1.5167  0.000e+00
     49.345    17.2934   4.472248    34.5750        366     1.5208  0.000e+00
     49.266    17.3030   4.473256    34.5755        367     1.5250  0.000e+00
     49.194    17.3141   4.474004    34.5725        368     1.5292  0.000e+00
     49.126    17.3253   4.474445    34.5668        369     1.5333  0.000e+00
     49.054    17.3343   4.474752    34.5617        370     1.5375  0.000e+00
     48.993    17.3415   4.474886    34.5568        371     1.5417  0.000e+00
     48.933    17.3466   4.475066    34.5540        372     1.5458  0.000e+00
     48.878    17.3501   4.475273    34.5528        373     1.5500  0.000e+00
     48.822    17.3533   4.475787    34.5546        374     1.5542  0.000e+00
     48.772    17.3571   4.476489    34.5574        375     1.5583  0.000e+00
     48.718    17.3626   4.477217    34.5590        376     1.5625  0.000e+00
     48.669    17.3690   4.477912    34.5595        377     1.5667  0.000e+00
     48.623    17.3765   4.478614    34.5593        378     1.5708  0.000e+00
     48.576    17.3845   4.479155    34.5571        379     1.5750  0.000e+00
     48.528    17.3924   4.479649    34.5546        380     1.5792  0.000e+00
     48.475    17.3995   4.480010    34.5518        381     1.5833  0.000e+00
     48.425    17.4053   4.480324    34.5495        382     1.5875  0.000e+00
     48.377    17.4102   4.480865    34.5500        383     1.5917  0.000e+00
     48.321    17.4157   4.481748    34.5530        384     1.5958  0.000e+00
     48.267    17.4235   4.482683    34.5544        385     1.6000  0.000e+00
     48.211    17.4338   4.483225    34.5503        386     1.6042  0.000e+00
     48.161    17.4440   4.483599    34.5449        387     1.6083  0.000e+00
     48.104    17.4529   4.483800    34.5390        388     1.6125  0.000e+00
     48.046    17.4600   4.483853    34.5335        389     1.6167  0.000e+00
     47.989    17.4646   4.483926    34.5302        390     1.6208  0.000e+00
     47.924    17.4674   4.484033    34.5287        391     1.6250  0.000e+00
     47.848    17.4704   4.484368    34.5291        392     1.6292  0.000e+00
     47.771    17.4750   4.484575    34.5270        393     1.6333  0.000e+00
     47.696    17.4798   4.484575    34.5230        394     1.6375  0.000e+00
     47.617    17.4828   4.485043    34.5245        395     1.6417  0.000e+00
     47.531    17.4870   4.486393    34.5326        396     1.6458  0.000e+00
     47.452    17.4980   4.487637    34.5339        397     1.6500  0.000e+00
     47.363    17.5123   4.488654    34.5305        398     1.6542  0.000e+00
     47.277    17.5266   4.489617    34.5267        399     1.6583  0.000e+00
     47.196    17.5398   4.490339    34.5217        400     1.6625  0.000e+00
     47.112    17.5510   4.490807    34.5162        401     1.6667  0.000e+00
     47.024    17.5597   4.492420    34.5227        402     1.6708  0.000e+00
     46.938    17.5701   4.493644    34.5244        403     1.6750  0.000e+00
     46.852    17.5825   4.495431    34.5293        404     1.6792  0.000e+00
     46.771    17.5966   4.496823    34.5293        405     1.6833  0.000e+00
     46.684    17.6146   4.496977    34.5153        406     1.6875  0.000e+00
     46.596    17.6316   4.499688    34.5243        407     1.6917  0.000e+00
     46.514    17.6543   4.508376    34.5797        408     1.6958  0.000e+00
     46.424    17.6996   4.514416    34.5930        409     1.7000  0.000e+00
     46.336    17.7562   4.518996    34.5841        410     1.7042  0.000e+00
     46.252    17.8162   4.524450    34.5799        411     1.7083  0.000e+00
     46.171    17.8780   4.531512    34.5880        412     1.7125  0.000e+00
     46.090    17.9425   4.536852    34.5789        413     1.7167  0.000e+00
     46.009    18.0070   4.541307    34.5623        414     1.7208  0.000e+00
     45.930    18.0628   4.544129    34.5392        415     1.7250  0.000e+00
     45.855    18.1071   4.545447    34.5131        416     1.7292  0.000e+00
     45.779    18.1388   4.546294    34.4935        417     1.7333  0.000e+00
     45.702    18.1601   4.546932    34.4810        418     1.7375  0.000e+00
     45.626    18.1752   4.547134    34.4700        419     1.7417  0.000e+00
     45.549    18.1853   4.547268    34.4627        420     1.7458  0.000e+00
