PC2406/sbe031.cnv
* Sea-Bird SBE 19plus V2 Data File:
* FileName = C:\cruise\data\sbe031.hex
* Software Version Seasave V 7.26.7.121
* Temperature SN = 7142
* Conductivity SN = 7142
* System UpLoad Time = Oct 30 2024 01:14:12
* NMEA Latitude = 39 03.18 N
* NMEA Longitude = 072 44.66 W
* NMEA UTC (Time) = Oct 30 2024  01:14:10
** Ship: Pisces
** Cruise:  PC2406
** Program:  Fall ECOMON
# nquan = 7
# nvalues = 2637                                  
# units = specified
# name 0 = depSM: Depth [salt water, m]
# name 1 = tv290C: Temperature [ITS-90, deg C]
# name 2 = c0S/m: Conductivity [S/m]
# name 3 = sal00: Salinity, Practical [PSU]
# name 4 = scan: Scan Count
# name 5 = timeM: Time, Elapsed [minutes]
# name 6 = flag:  0.000e+00
# span 0 =      0.123,  30758.289                 
# span 1 =   -99.0000,    20.2174                 
# span 2 =   0.000019,  99.000000                 
# span 3 = -1999.0000,  1999.0000                 
# span 4 =         11,       2647                 
# span 5 =     0.0417,    11.0250                 
# span 6 = 0.0000e+00, 0.0000e+00                 
# interval = seconds: 0.25
# start_time = Oct 30 2024 01:14:10 [NMEA time, header]
# bad_flag = -9.990e-29
*END*
[from data line 821]
    109.226    14.3545   4.288340    35.5094        832     3.4625  0.000e+00
    109.425    14.3561   4.288524    35.5095        833     3.4667  0.000e+00
    109.628    14.3569   4.288583    35.5093        834     3.4708  0.000e+00
    109.821    14.3570   4.288780    35.5109        835     3.4750  0.000e+00
    110.013    14.3567   4.288655    35.5099        836     3.4792  0.000e+00
    110.187    14.3561   4.288655    35.5104        837     3.4833  0.000e+00
    110.352    14.3540   4.288498    35.5108        838     3.4875  0.000e+00
    110.516    14.3514   4.288609    35.5142        839     3.4917  0.000e+00
    110.665    14.3488   4.288498    35.5155        840     3.4958  0.000e+00
    110.805    14.3468   4.288341    35.5158        841     3.5000  0.000e+00
    110.929    14.3441   4.288045    35.5155        842     3.5042  0.000e+00
    111.043    14.3401   4.286628    35.5060        843     3.5083  0.000e+00
    111.143    14.3329   4.287035    35.5164        844     3.5125  0.000e+00
    111.237    14.3278   4.286346    35.5146        845     3.5167  0.000e+00
    111.326    14.3238   4.285493    35.5103        846     3.5208  0.000e+00
    111.404    14.3183   4.285027    35.5110        847     3.5250  0.000e+00
    111.479    14.3127   4.284339    35.5097        848     3.5292  0.000e+00
    111.549    14.3075   4.283971    35.5111        849     3.5333  0.000e+00
    111.625    14.3032   4.284057    35.5158        850     3.5375  0.000e+00
    111.704    14.3005   4.285001    35.5270        851     3.5417  0.000e+00
    111.790    14.3020   4.285225    35.5276        852     3.5458  0.000e+00
    111.885    14.3045   4.285034    35.5236        853     3.5500  0.000e+00
    111.995    14.3061   4.287410    35.5441        854     3.5542  0.000e+00
    112.121    14.3128   4.287167    35.5356        855     3.5583  0.000e+00
    112.265    14.3188   4.287259    35.5309        856     3.5625  0.000e+00
    112.426    14.3215   4.286694    35.5231        857     3.5667  0.000e+00
    112.606    14.3221   4.286675    35.5223        858     3.5708  0.000e+00
    112.798    14.3212   4.287384    35.5296        859     3.5750  0.000e+00
    113.003    14.3231   4.287830    35.5320        860     3.5792  0.000e+00
    113.222    14.3255   4.287410    35.5258        861     3.5833  0.000e+00
    113.440    14.3265   4.287607    35.5265        862     3.5875  0.000e+00
    113.654    14.3269   4.286885    35.5194        863     3.5917  0.000e+00
    113.858    14.3253   4.285422    35.5072        864     3.5958  0.000e+00
    114.053    14.3194   4.284267    35.5019        865     3.6000  0.000e+00
    114.232    14.3090   4.273147    35.4082        866     3.6042  0.000e+00
    114.376    14.2724   4.266203    35.3773        867     3.6083  0.000e+00
    114.484    14.2202   4.256345    35.3335        868     3.6125  0.000e+00
    114.568    14.1563   4.251349    35.3456        869     3.6167  0.000e+00
    114.656    14.0999   4.247041    35.3572        870     3.6208  0.000e+00
    114.741    14.0515   4.238782    35.3246        871     3.6250  0.000e+00
    114.843    13.9984   4.232051    35.3105        872     3.6292  0.000e+00
    114.951    13.9418   4.228645    35.3307        873     3.6333  0.000e+00
    115.057    13.8960   4.227250    35.3598        874     3.6375  0.000e+00
    115.176    13.8647   4.223904    35.3572        875     3.6417  0.000e+00
    115.307    13.8379   4.222333    35.3671        876     3.6458  0.000e+00
    115.451    13.8159   4.221811    35.3825        877     3.6500  0.000e+00
    115.607    13.8011   4.221609    35.3942        878     3.6542  0.000e+00
    115.769    13.7936   4.221355    35.3986        879     3.6583  0.000e+00
    115.925    13.7893   4.220019    35.3900        880     3.6625  0.000e+00
    116.092    13.7825   4.218461    35.3817        881     3.6667  0.000e+00
    116.263    13.7730   4.218337    35.3892        882     3.6708  0.000e+00
    116.432    13.7659   4.218057    35.3930        883     3.6750  0.000e+00
    116.597    13.7609   4.217529    35.3926        884     3.6792  0.000e+00
    116.752    13.7571   4.216337    35.3849        885     3.6833  0.000e+00
    116.903    13.7511   4.215972    35.3870        886     3.6875  0.000e+00
    117.036    13.7446   4.215353    35.3871        887     3.6917  0.000e+00
    117.167    13.7385   4.214565    35.3853        888     3.6958  0.000e+00
    117.291    13.7331   4.214219    35.3869        889     3.7000  0.000e+00
    117.400    13.7281   4.213737    35.3870        890     3.7042  0.000e+00
    117.508    13.7239   4.213587    35.3894        891     3.7083  0.000e+00
    117.616    13.7203   4.213047    35.3876        892     3.7125  0.000e+00
    117.713    13.7170   4.212780    35.3881        893     3.7167  0.000e+00
    117.808    13.7136   4.212493    35.3885        894     3.7208  0.000e+00
    117.902    13.7106   4.212428    35.3906        895     3.7250  0.000e+00
    118.001    13.7083   4.212923    35.3974        896     3.7292  0.000e+00
    118.116    13.7079   4.213536    35.4035        897     3.7333  0.000e+00
    118.234    13.7097   4.215119    35.4166        898     3.7375  0.000e+00
    118.355    13.7155   4.216990    35.4288        899     3.7417  0.000e+00
    118.488    13.7248   4.218815    35.4373        900     3.7458  0.000e+00
    118.628    13.7360   4.219303    35.4314        901     3.7500  0.000e+00
    118.779    13.7454   4.220327    35.4323        902     3.7542  0.000e+00
    118.941    13.7532   4.222622    35.4466        903     3.7583  0.000e+00
    119.104    13.7638   4.228676    35.4936        904     3.7625  0.000e+00
    119.278    13.7865   4.231919    35.5029        905     3.7667  0.000e+00
    119.444    13.8128   4.234739    35.5050        906     3.7708  0.000e+00
    119.609    13.8347   4.235013    35.4871        907     3.7750  0.000e+00
    119.771    13.8505   4.238519    35.5054        908     3.7792  0.000e+00
    119.920    13.8666   4.245046    35.5516        909     3.7833  0.000e+00
    120.066    13.8930   4.248831    35.5625        910     3.7875  0.000e+00
    120.193    13.9205   4.249896    35.5469        911     3.7917  0.000e+00
    120.314    13.9409   4.251897    35.5468        912     3.7958  0.000e+00
    120.430    13.9559   4.254395    35.5562        913     3.8000  0.000e+00
    120.547    13.9696   4.255965    35.5581        914     3.8042  0.000e+00
    120.671    13.9817   4.257313    35.5595        915     3.8083  0.000e+00
    120.802    13.9918   4.258052    35.5570        916     3.8125  0.000e+00
    120.939    13.9994   4.257994    35.5494        917     3.8167  0.000e+00
    121.083    14.0033   4.258203    35.5476        918     3.8208  0.000e+00
    121.234    14.0053   4.258700    35.5503        919     3.8250  0.000e+00
    121.385    14.0072   4.259708    35.5580        920     3.8292  0.000e+00
    121.537    14.0106   4.260212    35.5594        921     3.8333  0.000e+00
    121.683    14.0147   4.261390    35.5666        922     3.8375  0.000e+00
    121.827    14.0197   4.262039    35.5680        923     3.8417  0.000e+00
    121.963    14.0249   4.262228    35.5649        924     3.8458  0.000e+00
    122.095    14.0285   4.262431    35.5634        925     3.8500  0.000e+00
    122.211    14.0308   4.262746    35.5642        926     3.8542  0.000e+00
    122.321    14.0324   4.262922    35.5642        927     3.8583  0.000e+00
    122.425    14.0338   4.263086    35.5645        928     3.8625  0.000e+00
    122.528    14.0349   4.263250    35.5649        929     3.8667  0.000e+00
    122.634    14.0358   4.263263    35.5642        930     3.8708  0.000e+00
    122.742    14.0362   4.263328    35.5644        931     3.8750  0.000e+00
    122.842    14.0362   4.263381    35.5648        932     3.8792  0.000e+00
    122.941    14.0363   4.263329    35.5642        933     3.8833  0.000e+00
    123.040    14.0362   4.263237    35.5634        934     3.8875  0.000e+00
    123.144    14.0358   4.263224    35.5636        935     3.8917  0.000e+00
    123.248    14.0356   4.263237    35.5639        936     3.8958  0.000e+00
    123.360    14.0353   4.263198    35.5638        937     3.9000  0.000e+00
    123.471    14.0351   4.263211    35.5640        938     3.9042  0.000e+00
    123.595    14.0348   4.263067    35.5628        939     3.9083  0.000e+00
    123.728    14.0344   4.263021    35.5628        940     3.9125  0.000e+00
    123.870    14.0336   4.262916    35.5625        941     3.9167  0.000e+00
    124.019    14.0331   4.262969    35.5633        942     3.9208  0.000e+00
    124.172    14.0327   4.262917    35.5631        943     3.9250  0.000e+00
    124.334    14.0325   4.262845    35.5626        944     3.9292  0.000e+00
    124.503    14.0321   4.262897    35.5634        945     3.9333  0.000e+00
    124.675    14.0319   4.262845    35.5630        946     3.9375  0.000e+00
    124.855    14.0319   4.262701    35.5616        947     3.9417  0.000e+00
    125.033    14.0314   4.262694    35.5619        948     3.9458  0.000e+00
    125.209    14.0309   4.262747    35.5628        949     3.9500  0.000e+00
    125.376    14.0309   4.262799    35.5633        950     3.9542  0.000e+00
    125.545    14.0311   4.262740    35.5624        951     3.9583  0.000e+00
    125.702    14.0309   4.262819    35.5632        952     3.9625  0.000e+00
    125.856    14.0309   4.263074    35.5656        953     3.9667  0.000e+00
    126.000    14.0313   4.263068    35.5651        954     3.9708  0.000e+00
    126.129    14.0318   4.263048    35.5644        955     3.9750  0.000e+00
    126.253    14.0318   4.263336    35.5671        956     3.9792  0.000e+00
    126.366    14.0321   4.263913    35.5721        957     3.9833  0.000e+00
    126.471    14.0333   4.264653    35.5779        958     3.9875  0.000e+00
    126.570    14.0350   4.264528    35.5750        959     3.9917  0.000e+00
    126.667    14.0361   4.264358    35.5724        960     3.9958  0.000e+00
    126.765    14.0361   4.264286    35.5717        961     4.0000  0.000e+00
    126.868    14.0357   4.264555    35.5745        962     4.0042  0.000e+00
    126.968    14.0360   4.264921    35.5776        963     4.0083  0.000e+00
    127.075    14.0368   4.265013    35.5777        964     4.0125  0.000e+00
    127.181    14.0379   4.265190    35.5783        965     4.0167  0.000e+00
    127.299    14.0388   4.265648    35.5817        966     4.0208  0.000e+00
    127.420    14.0401   4.265923    35.5830        967     4.0250  0.000e+00
    127.547    14.0416   4.265498    35.5776        968     4.0292  0.000e+00
    127.680    14.0421   4.265386    35.5761        969     4.0333  0.000e+00
    127.817    14.0415   4.265622    35.5787        970     4.0375  0.000e+00
    127.961    14.0418   4.266022    35.5822        971     4.0417  0.000e+00
    128.115    14.0430   4.266533    35.5857        972     4.0458  0.000e+00
    128.270    14.0448   4.266723    35.5857        973     4.0500  0.000e+00
    128.433    14.0465   4.266749    35.5843        974     4.0542  0.000e+00
    128.606    14.0478   4.267568    35.5907        975     4.0583  0.000e+00
    128.776    14.0503   4.268170    35.5940        976     4.0625  0.000e+00
    128.951    14.0533   4.269507    35.6036        977     4.0667  0.000e+00
    129.131    14.0582   4.269756    35.6013        978     4.0708  0.000e+00
    129.303    14.0623   4.269481    35.5949        979     4.0750  0.000e+00
    129.467    14.0643   4.270535    35.6028        980     4.0792  0.000e+00
    129.619    14.0670   4.271957    35.6135        981     4.0833  0.000e+00
    129.752    14.0717   4.273419    35.6227        982     4.0875  0.000e+00
    129.869    14.0779   4.273766    35.6202        983     4.0917  0.000e+00
    129.966    14.0827   4.274336    35.6210        984     4.0958  0.000e+00
    130.049    14.0865   4.274572    35.6196        985     4.1000  0.000e+00
    130.126    14.0892   4.274795    35.6192        986     4.1042  0.000e+00
    130.205    14.0912   4.274742    35.6169        987     4.1083  0.000e+00
    130.293    14.0924   4.274815    35.6164        988     4.1125  0.000e+00
    130.390    14.0930   4.274952    35.6171        989     4.1167  0.000e+00
    130.498    14.0937   4.275208    35.6188        990     4.1208  0.000e+00
    130.613    14.0946   4.276231    35.6275        991     4.1250  0.000e+00
    130.743    14.0958   4.277240    35.6357        992     4.1292  0.000e+00
    130.886    14.0975   4.277870    35.6399        993     4.1333  0.000e+00
    131.046    14.0994   4.278027    35.6395        994     4.1375  0.000e+00
    131.213    14.1014   4.277706    35.6347        995     4.1417  0.000e+00
    131.390    14.1021   4.278152    35.6381        996     4.1458  0.000e+00
    131.571    14.1027   4.278611    35.6417        997     4.1500  0.000e+00
    131.753    14.1034   4.279378    35.6482        998     4.1542  0.000e+00
    131.941    14.1038   4.280893    35.6619        999     4.1583  0.000e+00
    132.130    14.1047   4.282139    35.6725       1000     4.1625  0.000e+00
    132.312    14.1067   4.282657    35.6755       1001     4.1667  0.000e+00
    132.488    14.1077   4.283097    35.6786       1002     4.1708  0.000e+00
    132.649    14.1071   4.283635    35.6840       1003     4.1750  0.000e+00
    132.809    14.1061   4.283642    35.6850       1004     4.1792  0.000e+00
    132.960    14.1049   4.283839    35.6879       1005     4.1833  0.000e+00
    133.113    14.1035   4.284304    35.6935       1006     4.1875  0.000e+00
    133.259    14.1022   4.284305    35.6946       1007     4.1917  0.000e+00
    133.394    14.1005   4.284226    35.6954       1008     4.1958  0.000e+00
    133.528    14.0987   4.284206    35.6968       1009     4.2000  0.000e+00
    133.652    14.0969   4.284174    35.6981       1010     4.2042  0.000e+00
    133.780    14.0948   4.284226    35.7005       1011     4.2083  0.000e+00
    133.900    14.0935   4.284279    35.7021       1012     4.2125  0.000e+00
    134.019    14.0925   4.284121    35.7015       1013     4.2167  0.000e+00
    134.127    14.0914   4.284029    35.7016       1014     4.2208  0.000e+00
    134.236    14.0900   4.283380    35.6969       1015     4.2250  0.000e+00
    134.351    14.0868   4.282514    35.6916       1016     4.2292  0.000e+00
    134.466    14.0809   4.281950    35.6918       1017     4.2333  0.000e+00
    134.583    14.0752   4.281636    35.6942       1018     4.2375  0.000e+00
    134.706    14.0705   4.281531    35.6974       1019     4.2417  0.000e+00
    134.831    14.0673   4.281301    35.6982       1020     4.2458  0.000e+00
    134.964    14.0649   4.281288    35.7003       1021     4.2500  0.000e+00
    135.097    14.0636   4.281210    35.7007       1022     4.2542  0.000e+00
    135.241    14.0625   4.281203    35.7016       1023     4.2583  0.000e+00
    135.394    14.0618   4.281092    35.7012       1024     4.2625  0.000e+00
    135.550    14.0610   4.280993    35.7009       1025     4.2667  0.000e+00
    135.710    14.0603   4.280994    35.7015       1026     4.2708  0.000e+00
    135.879    14.0600   4.280843    35.7003       1027     4.2750  0.000e+00
    136.046    14.0593   4.280797    35.7004       1028     4.2792  0.000e+00
    136.212    14.0587   4.280745    35.7005       1029     4.2833  0.000e+00
    136.390    14.0578   4.280613    35.7000       1030     4.2875  0.000e+00
    136.559    14.0569   4.280528    35.6999       1031     4.2917  0.000e+00
    136.728    14.0560   4.280640    35.7018       1032     4.2958  0.000e+00
    136.893    14.0557   4.280476    35.7004       1033     4.3000  0.000e+00
    137.040    14.0551   4.280378    35.7000       1034     4.3042  0.000e+00
    137.179    14.0541   4.280129    35.6985       1035     4.3083  0.000e+00
