PC2406/sbe007.cnv
* Sea-Bird SBE 19plus V2 Data File:
* FileName = C:\cruise\data\sbe007.hex
* Software Version Seasave V 7.26.7.121
* Temperature SN = 7142
* Conductivity SN = 7142
* System UpLoad Time = Oct 28 2024 00:48:20
* NMEA Latitude = 40 54.16 N
* NMEA Longitude = 070 39.40 W
* NMEA UTC (Time) = Oct 28 2024  00:48:17
** Ship: Pisces
** Cruise:  PC2406
** Program:  Fall ECOMON
# nquan = 7
# nvalues = 1122                                  
# units = specified
# name 0 = depSM: Depth [salt water, m]
# name 1 = tv290C: Temperature [ITS-90, deg C]
# name 2 = c0S/m: Conductivity [S/m]
# name 3 = sal00: Salinity, Practical [PSU]
# name 4 = scan: Scan Count
# name 5 = timeM: Time, Elapsed [minutes]
# name 6 = flag:  0.000e+00
# span 0 =      0.086,     47.611                 
# span 1 =    10.7368,    16.6349                 
# span 2 =   0.000008,   4.210705                 
# span 3 =     0.0055,    32.8742                 
# span 4 =         11,       1132                 
# span 5 =     0.0417,     4.7125                 
# span 6 = 0.0000e+00, 0.0000e+00                 
# interval = seconds: 0.25
# start_time = Oct 28 2024 00:48:17 [NMEA time, header]
# bad_flag = -9.990e-29
*END*
[from data line 411]
     43.223    16.2359   4.153550    32.6846        422     1.7542  0.000e+00
     43.178    16.2336   4.153356    32.6848        423     1.7583  0.000e+00
     43.135    16.2322   4.152734    32.6805        424     1.7625  0.000e+00
     43.083    16.2299   4.151847    32.6746        425     1.7667  0.000e+00
     43.026    16.2262   4.151154    32.6716        426     1.7708  0.000e+00
     42.970    16.2224   4.150643    32.6702        427     1.7750  0.000e+00
     42.909    16.2187   4.149918    32.6669        428     1.7792  0.000e+00
     42.844    16.2150   4.149451    32.6659        429     1.7833  0.000e+00
     42.773    16.2113   4.148959    32.6646        430     1.7875  0.000e+00
     42.702    16.2079   4.148260    32.6613        431     1.7917  0.000e+00
     42.634    16.2046   4.147477    32.6571        432     1.7958  0.000e+00
     42.562    16.2005   4.147056    32.6568        433     1.8000  0.000e+00
     42.494    16.1969   4.146771    32.6573        434     1.8042  0.000e+00
     42.429    16.1942   4.146441    32.6567        435     1.8083  0.000e+00
     42.368    16.1914   4.146170    32.6565        436     1.8125  0.000e+00
     42.305    16.1896   4.145898    32.6557        437     1.8167  0.000e+00
     42.252    16.1875   4.145781    32.6564        438     1.8208  0.000e+00
     42.199    16.1861   4.145509    32.6552        439     1.8250  0.000e+00
     42.149    16.1849   4.145309    32.6544        440     1.8292  0.000e+00
     42.101    16.1833   4.144966    32.6527        441     1.8333  0.000e+00
     42.050    16.1818   4.144675    32.6514        442     1.8375  0.000e+00
     42.005    16.1800   4.144493    32.6513        443     1.8417  0.000e+00
     41.957    16.1787   4.144150    32.6494        444     1.8458  0.000e+00
     41.910    16.1769   4.143710    32.6470        445     1.8500  0.000e+00
     41.864    16.1746   4.143342    32.6457        446     1.8542  0.000e+00
     41.817    16.1725   4.143115    32.6454        447     1.8583  0.000e+00
     41.772    16.1705   4.142843    32.6447        448     1.8625  0.000e+00
     41.724    16.1687   4.142675    32.6447        449     1.8667  0.000e+00
     41.675    16.1673   4.142501    32.6444        450     1.8708  0.000e+00
     41.630    16.1660   4.142306    32.6437        451     1.8750  0.000e+00
     41.582    16.1651   4.141938    32.6412        452     1.8792  0.000e+00
     41.530    16.1633   4.141498    32.6389        453     1.8833  0.000e+00
     41.478    16.1613   4.141200    32.6379        454     1.8875  0.000e+00
     41.418    16.1592   4.140929    32.6373        455     1.8917  0.000e+00
     41.368    16.1570   4.140780    32.6378        456     1.8958  0.000e+00
     41.309    16.1555   4.140625    32.6377        457     1.9000  0.000e+00
     41.257    16.1540   4.140482    32.6377        458     1.9042  0.000e+00
     41.208    16.1530   4.140262    32.6366        459     1.9083  0.000e+00
     41.156    16.1518   4.140114    32.6363        460     1.9125  0.000e+00
     41.104    16.1507   4.140036    32.6365        461     1.9167  0.000e+00
     41.052    16.1499   4.139822    32.6353        462     1.9208  0.000e+00
     40.998    16.1488   4.139525    32.6336        463     1.9250  0.000e+00
     40.942    16.1476   4.139279    32.6325        464     1.9292  0.000e+00
     40.892    16.1460   4.139098    32.6322        465     1.9333  0.000e+00
     40.840    16.1446   4.139033    32.6328        466     1.9375  0.000e+00
     40.792    16.1437   4.139007    32.6333        467     1.9417  0.000e+00
     40.739    16.1432   4.139033    32.6340        468     1.9458  0.000e+00
     40.693    16.1432   4.139072    32.6344        469     1.9500  0.000e+00
     40.642    16.1433   4.139104    32.6345        470     1.9542  0.000e+00
     40.592    16.1438   4.139156    32.6346        471     1.9583  0.000e+00
     40.556    16.1444   4.139156    32.6342        472     1.9625  0.000e+00
     40.508    16.1446   4.138768    32.6306        473     1.9667  0.000e+00
     40.461    16.1444   4.138367    32.6273        474     1.9708  0.000e+00
     40.418    16.1426   4.137585    32.6218        475     1.9750  0.000e+00
     40.369    16.1396   4.136822    32.6176        476     1.9792  0.000e+00
     40.321    16.1359   4.135852    32.6121        477     1.9833  0.000e+00
     40.274    16.1307   4.135244    32.6110        478     1.9875  0.000e+00
     40.228    16.1260   4.134876    32.6117        479     1.9917  0.000e+00
     40.176    16.1220   4.134733    32.6137        480     1.9958  0.000e+00
     40.123    16.1194   4.134656    32.6152        481     2.0000  0.000e+00
     40.068    16.1177   4.134630    32.6164        482     2.0042  0.000e+00
     40.016    16.1167   4.134533    32.6164        483     2.0083  0.000e+00
     39.960    16.1162   4.134488    32.6164        484     2.0125  0.000e+00
     39.912    16.1156   4.134442    32.6165        485     2.0167  0.000e+00
     39.859    16.1151   4.134462    32.6171        486     2.0208  0.000e+00
     39.802    16.1150   4.134488    32.6175        487     2.0250  0.000e+00
     39.741    16.1150   4.134462    32.6172        488     2.0292  0.000e+00
     39.674    16.1150   4.134442    32.6171        489     2.0333  0.000e+00
     39.603    16.1146   4.134436    32.6174        490     2.0375  0.000e+00
     39.524    16.1149   4.134462    32.6174        491     2.0417  0.000e+00
     39.448    16.1147   4.134436    32.6174        492     2.0458  0.000e+00
     39.371    16.1148   4.134513    32.6180        493     2.0500  0.000e+00
     39.292    16.1151   4.134487    32.6175        494     2.0542  0.000e+00
     39.216    16.1153   4.134462    32.6172        495     2.0583  0.000e+00
     39.143    16.1151   4.134462    32.6174        496     2.0625  0.000e+00
     39.066    16.1151   4.134513    32.6178        497     2.0667  0.000e+00
     39.003    16.1155   4.134533    32.6177        498     2.0708  0.000e+00
     38.936    16.1156   4.134487    32.6173        499     2.0750  0.000e+00
     38.882    16.1157   4.134364    32.6161        500     2.0792  0.000e+00
     38.832    16.1155   4.134287    32.6156        501     2.0833  0.000e+00
     38.784    16.1150   4.134112    32.6146        502     2.0875  0.000e+00
     38.741    16.1144   4.134041    32.6144        503     2.0917  0.000e+00
     38.694    16.1138   4.133996    32.6146        504     2.0958  0.000e+00
     38.653    16.1129   4.133847    32.6140        505     2.1000  0.000e+00
     38.608    16.1123   4.133737    32.6135        506     2.1042  0.000e+00
     38.557    16.1114   4.133602    32.6130        507     2.1083  0.000e+00
     38.511    16.1108   4.133084    32.6090        508     2.1125  0.000e+00
     38.460    16.1092   4.132690    32.6069        509     2.1167  0.000e+00
     38.405    16.1070   4.131837    32.6012        510     2.1208  0.000e+00
     38.353    16.1040   4.131443    32.6002        511     2.1250  0.000e+00
     38.293    16.1015   4.131443    32.6023        512     2.1292  0.000e+00
     38.232    16.1021   4.132076    32.6074        513     2.1333  0.000e+00
     38.162    16.1066   4.133828    32.6192        514     2.1375  0.000e+00
     38.091    16.1178   4.135444    32.6242        515     2.1417  0.000e+00
     38.013    16.1319   4.136472    32.6217        516     2.1458  0.000e+00
     37.943    16.1459   4.137234    32.6170        517     2.1500  0.000e+00
     37.868    16.1581   4.137823    32.6122        518     2.1542  0.000e+00
     37.787    16.1674   4.138443    32.6101        519     2.1583  0.000e+00
     37.704    16.1759   4.139226    32.6100        520     2.1625  0.000e+00
     37.620    16.1836   4.139795    32.6087        521     2.1667  0.000e+00
     37.536    16.1914   4.140086    32.6049        522     2.1708  0.000e+00
     37.448    16.1975   4.139697    32.5965        523     2.1750  0.000e+00
     37.363    16.2008   4.139348    32.5908        524     2.1792  0.000e+00
     37.275    16.2019   4.139057    32.5874        525     2.1833  0.000e+00
     37.187    16.2012   4.138598    32.5840        526     2.1875  0.000e+00
     37.097    16.2004   4.138488    32.5836        527     2.1917  0.000e+00
     37.008    16.1995   4.139102    32.5898        528     2.1958  0.000e+00
     36.912    16.2016   4.139548    32.5921        529     2.2000  0.000e+00
     36.823    16.2054   4.139303    32.5868        530     2.2042  0.000e+00
     36.729    16.2087   4.138733    32.5791        531     2.2083  0.000e+00
     36.625    16.2100   4.137925    32.5710        532     2.2125  0.000e+00
     36.535    16.2086   4.136916    32.5633        533     2.2167  0.000e+00
     36.436    16.2053   4.134957    32.5488        534     2.2208  0.000e+00
     36.345    16.1985   4.133328    32.5401        535     2.2250  0.000e+00
     36.255    16.1896   4.131344    32.5300        536     2.2292  0.000e+00
     36.160    16.1790   4.130019    32.5271        537     2.2333  0.000e+00
     36.070    16.1687   4.127609    32.5143        538     2.2375  0.000e+00
     35.980    16.1577   4.126679    32.5152        539     2.2417  0.000e+00
     35.889    16.1468   4.124819    32.5078        540     2.2458  0.000e+00
     35.804    16.1364   4.123889    32.5081        541     2.2500  0.000e+00
     35.716    16.1268   4.120881    32.4895        542     2.2542  0.000e+00
     35.636    16.1144   4.114762    32.4459        543     2.2583  0.000e+00
     35.555    16.0954   4.110157    32.4209        544     2.2625  0.000e+00
     35.476    16.0710   4.107527    32.4177        545     2.2667  0.000e+00
     35.397    16.0511   4.105747    32.4182        546     2.2708  0.000e+00
     35.314    16.0365   4.103775    32.4129        547     2.2750  0.000e+00
     35.233    16.0249   4.103073    32.4162        548     2.2792  0.000e+00
     35.156    16.0158   4.102268    32.4165        549     2.2833  0.000e+00
     35.081    16.0091   4.101320    32.4137        550     2.2875  0.000e+00
     35.012    16.0032   4.100129    32.4080        551     2.2917  0.000e+00
     34.944    15.9968   4.099278    32.4058        552     2.2958  0.000e+00
     34.876    15.9907   4.097552    32.3955        553     2.3000  0.000e+00
     34.811    15.9836   4.096097    32.3885        554     2.3042  0.000e+00
     34.747    15.9757   4.094480    32.3808        555     2.3083  0.000e+00
     34.684    15.9679   4.093180    32.3757        556     2.3125  0.000e+00
     34.632    15.9604   4.092407    32.3750        557     2.3167  0.000e+00
     34.574    15.9543   4.091918    32.3756        558     2.3208  0.000e+00
     34.508    15.9496   4.091242    32.3735        559     2.3250  0.000e+00
     34.456    15.9461   4.090856    32.3730        560     2.3292  0.000e+00
     34.393    15.9435   4.090637    32.3732        561     2.3333  0.000e+00
     34.337    15.9414   4.090329    32.3722        562     2.3375  0.000e+00
     34.276    15.9397   4.089884    32.3698        563     2.3417  0.000e+00
     34.210    15.9375   4.089325    32.3666        564     2.3458  0.000e+00
     34.145    15.9353   4.089035    32.3659        565     2.3500  0.000e+00
     34.078    15.9329   4.088771    32.3655        566     2.3542  0.000e+00
     34.003    15.9312   4.088552    32.3650        567     2.3583  0.000e+00
     33.928    15.9294   4.088186    32.3633        568     2.3625  0.000e+00
     33.849    15.9277   4.087272    32.3567        569     2.3667  0.000e+00
     33.766    15.9245   4.086326    32.3509        570     2.3708  0.000e+00
     33.676    15.9201   4.085618    32.3483        571     2.3750  0.000e+00
     33.581    15.9161   4.085232    32.3482        572     2.3792  0.000e+00
     33.486    15.9128   4.084557    32.3449        573     2.3833  0.000e+00
     33.378    15.9097   4.083856    32.3413        574     2.3875  0.000e+00
     33.279    15.9060   4.083078    32.3375        575     2.3917  0.000e+00
     33.173    15.9020   4.082499    32.3357        576     2.3958  0.000e+00
     33.069    15.8982   4.082062    32.3350        577     2.4000  0.000e+00
     32.969    15.8948   4.081534    32.3331        578     2.4042  0.000e+00
     32.866    15.8918   4.081052    32.3313        579     2.4083  0.000e+00
     32.766    15.8885   4.080133    32.3259        580     2.4125  0.000e+00
     32.671    15.8847   4.078995    32.3191        581     2.4167  0.000e+00
     32.568    15.8794   4.078198    32.3163        582     2.4208  0.000e+00
     32.468    15.8739   4.077278    32.3127        583     2.4250  0.000e+00
     32.374    15.8685   4.076726    32.3123        584     2.4292  0.000e+00
     32.284    15.8638   4.076411    32.3134        585     2.4333  0.000e+00
     32.198    15.8601   4.076122    32.3139        586     2.4375  0.000e+00
     32.110    15.8571   4.075774    32.3133        587     2.4417  0.000e+00
     32.038    15.8552   4.075273    32.3104        588     2.4458  0.000e+00
     31.963    15.8523   4.074091    32.3023        589     2.4500  0.000e+00
     31.891    15.8481   4.072671    32.2932        590     2.4542  0.000e+00
     31.823    15.8417   4.072189    32.2942        591     2.4583  0.000e+00
     31.764    15.8353   4.071733    32.2955        592     2.4625  0.000e+00
     31.710    15.8304   4.071560    32.2979        593     2.4667  0.000e+00
     31.656    15.8270   4.070937    32.2952        594     2.4708  0.000e+00
     31.609    15.8239   4.070403    32.2931        595     2.4750  0.000e+00
     31.563    15.8203   4.070089    32.2932        596     2.4792  0.000e+00
     31.519    15.8174   4.069967    32.2946        597     2.4833  0.000e+00
     31.467    15.8151   4.069703    32.2941        598     2.4875  0.000e+00
     31.417    15.8135   4.069684    32.2953        599     2.4917  0.000e+00
     31.370    15.8124   4.069633    32.2957        600     2.4958  0.000e+00
     31.315    15.8117   4.069299    32.2933        601     2.5000  0.000e+00
     31.250    15.8105   4.068958    32.2913        602     2.5042  0.000e+00
     31.184    15.8084   4.068740    32.2911        603     2.5083  0.000e+00
     31.117    15.8071   4.068836    32.2931        604     2.5125  0.000e+00
     31.040    15.8062   4.068817    32.2937        605     2.5167  0.000e+00
     30.963    15.8060   4.068958    32.2951        606     2.5208  0.000e+00
     30.880    15.8056   4.067706    32.2844        607     2.5250  0.000e+00
     30.799    15.8031   4.067032    32.2805        608     2.5292  0.000e+00
     30.711    15.7987   4.067635    32.2894        609     2.5333  0.000e+00
     30.623    15.7972   4.066621    32.2817        610     2.5375  0.000e+00
     30.539    15.7949   4.066358    32.2813        611     2.5417  0.000e+00
     30.449    15.7915   4.066409    32.2845        612     2.5458  0.000e+00
     30.370    15.7902   4.066287    32.2846        613     2.5500  0.000e+00
     30.286    15.7892   4.066313    32.2856        614     2.5542  0.000e+00
     30.210    15.7885   4.065780    32.2815        615     2.5583  0.000e+00
     30.131    15.7873   4.065472    32.2798        616     2.5625  0.000e+00
     30.056    15.7850   4.065279    32.2800        617     2.5667  0.000e+00
     29.980    15.7832   4.065395    32.2825        618     2.5708  0.000e+00
     29.907    15.7820   4.065735    32.2865        619     2.5750  0.000e+00
     29.837    15.7827   4.065735    32.2860        620     2.5792  0.000e+00
     29.758    15.7834   4.065472    32.2832        621     2.5833  0.000e+00
     29.684    15.7833   4.065664    32.2850        622     2.5875  0.000e+00
     29.603    15.7832   4.065516    32.2837        623     2.5917  0.000e+00
     29.526    15.7831   4.065587    32.2845        624     2.5958  0.000e+00
     29.447    15.7831   4.065902    32.2873        625     2.6000  0.000e+00
