PC2406/sbe050.cnv
* Sea-Bird SBE 19plus V2 Data File:
* FileName = C:\cruise\data\sbe050.hex
* Software Version Seasave V 7.26.7.121
* Temperature SN = 7142
* Conductivity SN = 7142
* System UpLoad Time = Nov 08 2024 18:47:19
* NMEA Latitude = 37 50.60 N
* NMEA Longitude = 074 34.81 W
* NMEA UTC (Time) = Nov 08 2024  18:47:13
** Ship: Pisces
** Cruise:  PC2406
** Program:  Fall ECOMON
# nquan = 7
# nvalues = 1687                                  
# units = specified
# name 0 = depSM: Depth [salt water, m]
# name 1 = tv290C: Temperature [ITS-90, deg C]
# name 2 = c0S/m: Conductivity [S/m]
# name 3 = sal00: Salinity, Practical [PSU]
# name 4 = scan: Scan Count
# name 5 = timeM: Time, Elapsed [minutes]
# name 6 = flag:  0.000e+00
# span 0 =     -0.016,     50.841                 
# span 1 =    17.5149,    22.9538                 
# span 2 =   0.000098,   4.565672                 
# span 3 =     0.0110,    34.4932                 
# span 4 =         11,       1697                 
# span 5 =     0.0417,     7.0667                 
# span 6 = 0.0000e+00, 0.0000e+00                 
# interval = seconds: 0.25
# start_time = Nov 08 2024 18:47:13 [NMEA time, header]
# bad_flag = -9.990e-29
*END*
     -0.005    22.7060   0.000109     0.0110         11     0.0417  0.000e+00
     -0.007    22.7055   0.000115     0.0110         12     0.0458  0.000e+00
     -0.001    22.7048   0.000115     0.0110         13     0.0500  0.000e+00
      0.001    22.7000   0.000109     0.0110         14     0.0542  0.000e+00
     -0.005    22.6948   0.000115     0.0110         15     0.0583  0.000e+00
     -0.001    22.6913   0.000115     0.0110         16     0.0625  0.000e+00
      0.001    22.6906   0.000115     0.0110         17     0.0667  0.000e+00
     -0.001    22.6910   0.000115     0.0110         18     0.0708  0.000e+00
     -0.003    22.6920   0.000109     0.0110         19     0.0750  0.000e+00
     -0.001    22.6930   0.000115     0.0110         20     0.0792  0.000e+00
      0.001    22.6946   0.000109     0.0110         21     0.0833  0.000e+00
      0.006    22.6932   0.000115     0.0110         22     0.0875  0.000e+00
     -0.003    22.6928   0.000115     0.0110         23     0.0917  0.000e+00
     -0.014    22.6975   0.000115     0.0110         24     0.0958  0.000e+00
     -0.005    22.7128   0.000115     0.0110         25     0.1000  0.000e+00
     -0.003    22.7617   0.000126     0.0110         26     0.1042  0.000e+00
     -0.003    22.8307   0.000109     0.0111         27     0.1083  0.000e+00
     -0.001    22.8980   0.000098     0.0111         28     0.1125  0.000e+00
      0.010    22.9538   0.681792     3.9026         29     0.1167  0.000e+00
      0.065    22.9312   1.960021    12.2028         30     0.1208  0.000e+00
      0.024    22.1867   2.438265    15.7513         31     0.1250  0.000e+00
      0.002    21.0832   4.094289    28.6180         32     0.1292  0.000e+00
     -0.001    20.2890   1.329377     8.5069         33     0.1333  0.000e+00
      0.002    19.9724   2.162047    14.5383         34     0.1375  0.000e+00
      0.175    19.9129   4.504584    32.7258         35     0.1417  0.000e+00
      0.372    19.9931   4.538045    32.9350         36     0.1458  0.000e+00
      0.536    20.0560   4.548149    32.9677         37     0.1500  0.000e+00
      0.676    20.0756   4.565672    33.0944         38     0.1542  0.000e+00
      0.780    20.0288   4.552926    33.0277         39     0.1583  0.000e+00
      0.812    19.8711   4.512346    32.8213         40     0.1625  0.000e+00
      0.812    19.6007   4.492738    32.8731         41     0.1667  0.000e+00
      0.807    19.3356   4.446574    32.7025         42     0.1708  0.000e+00
      0.715    19.0822   4.437753    32.8293         43     0.1750  0.000e+00
      0.568    18.8767   4.437629    32.9914         44     0.1792  0.000e+00
      0.419    18.7365   4.457822    33.2721         45     0.1833  0.000e+00
      0.304    18.6603   3.043303    21.8233         46     0.1875  0.000e+00
      0.263    18.6442   4.148541    30.7734         47     0.1917  0.000e+00
      0.311    18.8468   4.236998    31.3522         48     0.1958  0.000e+00
      0.403    19.1408   4.063105    29.7101         49     0.2000  0.000e+00
      0.460    19.3809   4.002908    29.0528         50     0.2042  0.000e+00
      0.480    19.5274   4.205808    30.5907         51     0.2083  0.000e+00
      0.494    19.6023   4.521572    33.1081         52     0.2125  0.000e+00
      0.475    19.6082   4.509661    33.0058         53     0.2167  0.000e+00
      0.428    19.4870   4.447291    32.5900         54     0.2208  0.000e+00
      0.356    19.2464   4.422795    32.5768         55     0.2250  0.000e+00
      0.268    18.9854   4.412784    32.6992         56     0.2292  0.000e+00
      0.135    18.7766   4.407575    32.8212         57     0.2333  0.000e+00
      0.029    18.6374   4.337503    32.3474         58     0.2375  0.000e+00
      0.002    18.5532   4.400112    32.9369         59     0.2417  0.000e+00
     -0.010    18.4880   4.401128    32.9976         60     0.2458  0.000e+00
     -0.012    18.4342   4.399942    33.0308         61     0.2500  0.000e+00
     -0.008    18.4003   3.716122    27.3885         62     0.2542  0.000e+00
     -0.008    18.4008   2.424070    17.1047         63     0.2583  0.000e+00
      0.002    18.4582   4.439699    33.3453         64     0.2625  0.000e+00
      0.090    18.5903   4.441681    33.2551         65     0.2667  0.000e+00
      0.213    18.7271   4.448921    33.2054         66     0.2708  0.000e+00
      0.261    18.7848   4.417624    32.8982         67     0.2750  0.000e+00
      0.200    18.7221   4.400415    32.8047         68     0.2792  0.000e+00
      0.117    18.6133   4.394998    32.8461         69     0.2833  0.000e+00
      0.033    18.5371   4.388318    32.8511         70     0.2875  0.000e+00
      0.002    18.4562   4.386530    32.9007         71     0.2917  0.000e+00
     -0.012    18.3923   4.383093    32.9230         72     0.2958  0.000e+00
     -0.016    18.3588   2.358041    16.6122         73     0.3000  0.000e+00
     -0.014    18.3476   0.957565     6.2522         74     0.3042  0.000e+00
     -0.014    18.3565   3.722964    27.4736         75     0.3083  0.000e+00
     -0.012    18.3767   4.414141    33.1965         76     0.3125  0.000e+00
      0.015    18.3729   4.419590    33.2454         77     0.3167  0.000e+00
      0.069    18.3759   4.425613    33.2936         78     0.3208  0.000e+00
      0.178    18.3719   4.412156    33.1836         79     0.3250  0.000e+00
      0.256    18.3606   4.393709    33.0375         80     0.3292  0.000e+00
      0.311    18.3431   4.386479    32.9908         81     0.3333  0.000e+00
      0.360    18.3283   4.385319    32.9929         82     0.3375  0.000e+00
      0.415    18.3165   4.388043    33.0253         83     0.3417  0.000e+00
      0.505    18.3105   4.392543    33.0679         84     0.3458  0.000e+00
      0.629    18.3085   4.395586    33.0952         85     0.3500  0.000e+00
      0.762    18.3067   4.391993    33.0663         86     0.3542  0.000e+00
      0.877    18.3041   4.389461    33.0471         87     0.3583  0.000e+00
      0.976    18.3052   4.386758    33.0234         88     0.3625  0.000e+00
      1.066    18.3093   4.384406    33.0002         89     0.3667  0.000e+00
      1.130    18.3139   4.383750    32.9910         90     0.3708  0.000e+00
      1.184    18.3117   4.384260    32.9971         91     0.3750  0.000e+00
      1.240    18.3055   4.390356    33.0533         92     0.3792  0.000e+00
      1.342    18.3042   4.410324    33.2225         93     0.3833  0.000e+00
      1.486    18.3048   4.418242    33.2887         94     0.3875  0.000e+00
      1.642    18.3013   4.417299    33.2835         95     0.3917  0.000e+00
      1.773    18.3037   4.396396    33.1054         96     0.3958  0.000e+00
      1.856    18.3092   4.383678    32.9940         97     0.4000  0.000e+00
      1.947    18.3107   4.386102    33.0131         98     0.4042  0.000e+00
      2.050    18.3067   4.390940    33.0570         99     0.4083  0.000e+00
      2.159    18.3022   4.397411    33.1151        100     0.4125  0.000e+00
      2.283    18.3010   4.411420    33.2340        101     0.4167  0.000e+00
      2.421    18.3040   4.417532    33.2830        102     0.4208  0.000e+00
      2.565    18.3053   4.406846    33.1919        103     0.4250  0.000e+00
      2.725    18.3074   4.401815    33.1477        104     0.4292  0.000e+00
      2.885    18.3097   4.398094    33.1145        105     0.4333  0.000e+00
      3.039    18.3064   4.389694    33.0464        106     0.4375  0.000e+00
      3.183    18.3005   4.385851    33.0187        107     0.4417  0.000e+00
      3.323    18.2992   4.385142    33.0137        108     0.4458  0.000e+00
      3.461    18.3001   4.383122    32.9960        109     0.4500  0.000e+00
      3.610    18.2978   4.384513    33.0095        110     0.4542  0.000e+00
      3.759    18.2913   4.385268    33.0210        111     0.4583  0.000e+00
      3.917    18.2859   4.386819    33.0384        112     0.4625  0.000e+00
      4.099    18.2802   4.389688    33.0671        113     0.4667  0.000e+00
      4.278    18.2742   4.385017    33.0324        114     0.4708  0.000e+00
      4.449    18.2662   4.379971    32.9963        115     0.4750  0.000e+00
      4.602    18.2586   4.377402    32.9808        116     0.4792  0.000e+00
      4.758    18.2522   4.378687    32.9967        117     0.4833  0.000e+00
      4.923    18.2459   4.381064    33.0217        118     0.4875  0.000e+00
      5.085    18.2401   4.381660    33.0314        119     0.4917  0.000e+00
      5.246    18.2343   4.379641    33.0190        120     0.4958  0.000e+00
      5.408    18.2294   4.377933    33.0085        121     0.5000  0.000e+00
      5.555    18.2274   4.377575    33.0070        122     0.5042  0.000e+00
      5.708    18.2253   4.381250    33.0396        123     0.5083  0.000e+00
      5.871    18.2243   4.385595    33.0770        124     0.5125  0.000e+00
      6.031    18.2199   4.398501    33.1894        125     0.5167  0.000e+00
      6.202    18.2158   4.408754    33.2792        126     0.5208  0.000e+00
      6.371    18.2207   4.409743    33.2835        127     0.5250  0.000e+00
      6.520    18.2760   4.412492    33.2618        128     0.5292  0.000e+00
      6.681    18.3232   4.415288    33.2470        129     0.5333  0.000e+00
      6.854    18.3560   4.417074    33.2354        130     0.5375  0.000e+00
      7.021    18.3813   4.419447    33.2349        131     0.5417  0.000e+00
      7.182    18.3912   4.421507    33.2441        132     0.5458  0.000e+00
      7.348    18.3930   4.418981    33.2213        133     0.5500  0.000e+00
      7.493    18.3938   4.413660    33.1759        134     0.5542  0.000e+00
      7.637    18.3943   4.413327    33.1727        135     0.5583  0.000e+00
      7.795    18.3845   4.412590    33.1744        136     0.5625  0.000e+00
      7.946    18.3618   4.411017    33.1794        137     0.5667  0.000e+00
      8.102    18.3342   4.412233    33.2119        138     0.5708  0.000e+00
      8.281    18.3172   4.417175    33.2672        139     0.5750  0.000e+00
      8.466    18.3104   4.414704    33.2518        140     0.5792  0.000e+00
      8.653    18.3010   4.405401    33.1810        141     0.5833  0.000e+00
      8.813    18.2816   4.392394    33.0871        142     0.5875  0.000e+00
      8.971    18.2521   4.387391    33.0686        143     0.5917  0.000e+00
      9.126    18.2243   4.387239    33.0897        144     0.5958  0.000e+00
      9.307    18.2073   4.389970    33.1264        145     0.6000  0.000e+00
      9.485    18.1962   4.392349    33.1554        146     0.6042  0.000e+00
      9.648    18.1805   4.385445    33.1098        147     0.6083  0.000e+00
      9.801    18.1680   4.383001    33.0991        148     0.6125  0.000e+00
      9.961    18.1584   4.383756    33.1132        149     0.6167  0.000e+00
     10.128    18.1508   4.385803    33.1366        150     0.6208  0.000e+00
     10.298    18.1462   4.387698    33.1563        151     0.6250  0.000e+00
     10.464    18.1414   4.385830    33.1443        152     0.6292  0.000e+00
     10.618    18.1350   4.384366    33.1371        153     0.6333  0.000e+00
     10.776    18.1301   4.384744    33.1442        154     0.6375  0.000e+00
     10.936    18.1255   4.384996    33.1500        155     0.6417  0.000e+00
     11.099    18.1217   4.385983    33.1613        156     0.6458  0.000e+00
     11.254    18.1201   4.387672    33.1769        157     0.6500  0.000e+00
     11.408    18.1200   4.390303    33.1991        158     0.6542  0.000e+00
     11.568    18.1204   4.393644    33.2270        159     0.6583  0.000e+00
     11.728    18.1243   4.396376    33.2469        160     0.6625  0.000e+00
     11.893    18.1308   4.395083    33.2306        161     0.6667  0.000e+00
     12.042    18.1335   4.394122    33.2203        162     0.6708  0.000e+00
     12.193    18.1311   4.390502    33.1915        163     0.6750  0.000e+00
     12.346    18.1257   4.390754    33.1980        164     0.6792  0.000e+00
     12.507    18.1221   4.395309    33.2393        165     0.6833  0.000e+00
     12.678    18.1241   4.396476    33.2475        166     0.6875  0.000e+00
     12.829    18.1286   4.394069    33.2235        167     0.6917  0.000e+00
     12.969    18.1292   4.387242    33.1653        168     0.6958  0.000e+00
     13.093    18.1222   4.385957    33.1600        169     0.7000  0.000e+00
     13.219    18.1104   4.390755    33.2101        170     0.7042  0.000e+00
     13.343    18.1021   4.404059    33.3294        171     0.7083  0.000e+00
     13.492    18.0962   4.411893    33.4005        172     0.7125  0.000e+00
     13.668    18.1038   4.418789    33.4526        173     0.7167  0.000e+00
     13.845    18.1892   4.419266    33.3869        174     0.7208  0.000e+00
     13.998    18.3002   4.412674    33.2410        175     0.7250  0.000e+00
     14.129    18.3735   4.404739    33.1149        176     0.7292  0.000e+00
     14.262    18.4034   4.405044    33.0933        177     0.7333  0.000e+00
     14.411    18.3809   4.406213    33.1212        178     0.7375  0.000e+00
     14.555    18.3401   4.406266    33.1546        179     0.7417  0.000e+00
     14.704    18.3124   4.405032    33.1665        180     0.7458  0.000e+00
     14.853    18.2889   4.399844    33.1417        181     0.7500  0.000e+00
     14.986    18.2459   4.397616    33.1576        182     0.7542  0.000e+00
     15.140    18.2027   4.397670    33.1930        183     0.7583  0.000e+00
     15.307    18.1671   4.396682    33.2135        184     0.7625  0.000e+00
     15.476    18.1376   4.393997    33.2146        185     0.7667  0.000e+00
     15.638    18.1095   4.389039    33.1955        186     0.7708  0.000e+00
     15.742    18.0769   4.385422    33.1912        187     0.7750  0.000e+00
     15.850    18.0435   4.396047    33.3084        188     0.7792  0.000e+00
     16.008    18.0114   4.407925    33.4352        189     0.7833  0.000e+00
     16.166    17.9791   4.376504    33.1950        190     0.7875  0.000e+00
     16.313    17.9305   4.366469    33.1492        191     0.7917  0.000e+00
     16.480    17.8466   4.365267    33.2072        192     0.7958  0.000e+00
     16.586    17.7755   4.365717    33.2690        193     0.8000  0.000e+00
     16.723    17.7291   4.366346    33.3123        194     0.8042  0.000e+00
     16.891    17.7011   4.366750    33.3386        195     0.8083  0.000e+00
     17.044    17.6858   4.367002    33.3532        196     0.8125  0.000e+00
     17.190    17.6796   4.367134    33.3594        197     0.8167  0.000e+00
     17.353    17.6760   4.367326    33.3639        198     0.8208  0.000e+00
     17.472    17.6745   4.367326    33.3651        199     0.8250  0.000e+00
     17.621    17.6742   4.367353    33.3656        200     0.8292  0.000e+00
     17.773    17.6722   4.367227    33.3660        201     0.8333  0.000e+00
     17.908    17.6697   4.367055    33.3666        202     0.8375  0.000e+00
     18.025    17.6673   4.366976    33.3679        203     0.8417  0.000e+00
     18.159    17.6649   4.366897    33.3691        204     0.8458  0.000e+00
     18.276    17.6627   4.366976    33.3715        205     0.8500  0.000e+00
     18.431    17.6616   4.366950    33.3721        206     0.8542  0.000e+00
     18.583    17.6608   4.367075    33.3738        207     0.8583  0.000e+00
     18.709    17.6610   4.367201    33.3747        208     0.8625  0.000e+00
     18.849    17.6613   4.367102    33.3736        209     0.8667  0.000e+00
     18.971    17.6610   4.367076    33.3735        210     0.8708  0.000e+00
     19.115    17.6599   4.367109    33.3746        211     0.8750  0.000e+00
     19.275    17.6581   4.367506    33.3794        212     0.8792  0.000e+00
     19.411    17.6571   4.367750    33.3823        213     0.8833  0.000e+00
     19.557    17.6569   4.367777    33.3827        214     0.8875  0.000e+00
     19.693    17.6554   4.367479    33.3813        215     0.8917  0.000e+00
