PC2406/sbe063.cnv
* Sea-Bird SBE 19plus V2 Data File:
* FileName = C:\cruise\data\sbe063.hex
* Software Version Seasave V 7.26.7.121
* Temperature SN = 7142
* Conductivity SN = 7142
* System UpLoad Time = Nov 10 2024 04:41:29
* NMEA Latitude = 39 03.02 N
* NMEA Longitude = 072 44.21 W
* NMEA UTC (Time) = Nov 10 2024  04:41:23
** Ship: Pisces
** Cruise:  PC2406
** Program:  Fall ECOMON
# nquan = 7
# nvalues = 4792                                  
# units = specified
# name 0 = depSM: Depth [salt water, m]
# name 1 = tv290C: Temperature [ITS-90, deg C]
# name 2 = c0S/m: Conductivity [S/m]
# name 3 = sal00: Salinity, Practical [PSU]
# name 4 = scan: Scan Count
# name 5 = timeM: Time, Elapsed [minutes]
# name 6 = flag:  0.000e+00
# span 0 =      0.120,    200.190                 
# span 1 =    12.3377,    19.5317                 
# span 2 =   0.000098,   4.733689                 
# span 3 =     0.0065,    36.3991                 
# span 4 =         11,       4802                 
# span 5 =     0.0417,    20.0042                 
# span 6 = 0.0000e+00, 0.0000e+00                 
# interval = seconds: 0.25
# start_time = Nov 10 2024 04:41:23 [NMEA time, header]
# bad_flag = -9.990e-29
*END*
[from data line 3077]
    101.185    16.4466   4.577014    36.2198       3088    12.8625  0.000e+00
    101.142    16.4505   4.577263    36.2185       3089    12.8667  0.000e+00
    101.103    16.4537   4.577546    36.2181       3090    12.8708  0.000e+00
    101.063    16.4564   4.577755    36.2176       3091    12.8750  0.000e+00
    101.031    16.4586   4.577836    36.2162       3092    12.8792  0.000e+00
    100.999    16.4603   4.577951    36.2157       3093    12.8833  0.000e+00
    100.972    16.4616   4.578099    36.2159       3094    12.8875  0.000e+00
    100.950    16.4627   4.578261    36.2164       3095    12.8917  0.000e+00
    100.930    16.4641   4.578369    36.2160       3096    12.8958  0.000e+00
    100.910    16.4653   4.578416    36.2154       3097    12.9000  0.000e+00
    100.900    16.4660   4.578531    36.2158       3098    12.9042  0.000e+00
    100.885    16.4667   4.578686    36.2165       3099    12.9083  0.000e+00
    100.871    16.4678   4.578740    36.2160       3100    12.9125  0.000e+00
    100.853    16.4686   4.578767    36.2155       3101    12.9167  0.000e+00
    100.842    16.4692   4.578794    36.2152       3102    12.9208  0.000e+00
    100.819    16.4697   4.578848    36.2152       3103    12.9250  0.000e+00
    100.786    16.4702   4.578895    36.2152       3104    12.9292  0.000e+00
    100.736    16.4705   4.579037    36.2162       3105    12.9333  0.000e+00
    100.673    16.4713   4.579192    36.2169       3106    12.9375  0.000e+00
    100.598    16.4720   4.579354    36.2177       3107    12.9417  0.000e+00
    100.503    16.4731   4.579691    36.2197       3108    12.9458  0.000e+00
    100.406    16.4750   4.580150    36.2222       3109    12.9500  0.000e+00
    100.299    16.4778   4.580473    36.2226       3110    12.9542  0.000e+00
    100.197    16.4809   4.580608    36.2209       3111    12.9583  0.000e+00
    100.096    16.4829   4.580608    36.2191       3112    12.9625  0.000e+00
     99.999    16.4846   4.580635    36.2179       3113    12.9667  0.000e+00
     99.911    16.4852   4.581168    36.2221       3114    12.9708  0.000e+00
     99.836    16.4870   4.581525    36.2237       3115    12.9750  0.000e+00
     99.764    16.4898   4.581701    36.2227       3116    12.9792  0.000e+00
     99.714    16.4924   4.581802    36.2213       3117    12.9833  0.000e+00
     99.671    16.4942   4.581829    36.2199       3118    12.9875  0.000e+00
     99.647    16.4954   4.581910    36.2196       3119    12.9917  0.000e+00
     99.629    16.4959   4.582045    36.2203       3120    12.9958  0.000e+00
     99.620    16.4969   4.582018    36.2192       3121    13.0000  0.000e+00
     99.609    16.4974   4.582072    36.2192       3122    13.0042  0.000e+00
     99.604    16.4979   4.582112    36.2191       3123    13.0083  0.000e+00
     99.591    16.4982   4.582207    36.2197       3124    13.0125  0.000e+00
     99.577    16.4986   4.582281    36.2200       3125    13.0167  0.000e+00
     99.554    16.4990   4.582321    36.2200       3126    13.0208  0.000e+00
     99.523    16.4997   4.582389    36.2199       3127    13.0250  0.000e+00
     99.487    16.5001   4.582497    36.2205       3128    13.0292  0.000e+00
     99.442    16.5009   4.582686    36.2216       3129    13.0333  0.000e+00
     99.392    16.5019   4.583010    36.2235       3130    13.0375  0.000e+00
     99.342    16.5037   4.583273    36.2242       3131    13.0417  0.000e+00
     99.288    16.5059   4.583455    36.2239       3132    13.0458  0.000e+00
     99.232    16.5078   4.583698    36.2243       3133    13.0500  0.000e+00
     99.185    16.5099   4.583907    36.2243       3134    13.0542  0.000e+00
     99.139    16.5117   4.584042    36.2238       3135    13.0583  0.000e+00
     99.095    16.5131   4.584123    36.2233       3136    13.0625  0.000e+00
     99.058    16.5145   4.584210    36.2229       3137    13.0667  0.000e+00
     99.025    16.5155   4.584312    36.2229       3138    13.0708  0.000e+00
     98.986    16.5162   4.584285    36.2220       3139    13.0750  0.000e+00
     98.950    16.5168   4.584393    36.2225       3140    13.0792  0.000e+00
     98.918    16.5174   4.584413    36.2221       3141    13.0833  0.000e+00
     98.885    16.5179   4.584521    36.2226       3142    13.0875  0.000e+00
     98.851    16.5184   4.584521    36.2222       3143    13.0917  0.000e+00
     98.812    16.5190   4.584669    36.2230       3144    13.0958  0.000e+00
     98.777    16.5195   4.584548    36.2214       3145    13.1000  0.000e+00
     98.727    16.5196   4.584548    36.2214       3146    13.1042  0.000e+00
     98.677    16.5195   4.584602    36.2219       3147    13.1083  0.000e+00
     98.618    16.5199   4.584696    36.2225       3148    13.1125  0.000e+00
     98.551    16.5202   4.584818    36.2233       3149    13.1167  0.000e+00
     98.481    16.5207   4.584791    36.2226       3150    13.1208  0.000e+00
     98.402    16.5211   4.584770    36.2221       3151    13.1250  0.000e+00
     98.332    16.5214   4.584736    36.2216       3152    13.1292  0.000e+00
     98.262    16.5213   4.584736    36.2217       3153    13.1333  0.000e+00
     98.197    16.5212   4.584493    36.2196       3154    13.1375  0.000e+00
     98.141    16.5205   4.584669    36.2219       3155    13.1417  0.000e+00
     98.093    16.5203   4.584493    36.2205       3156    13.1458  0.000e+00
     98.057    16.5199   4.584574    36.2216       3157    13.1500  0.000e+00
     98.032    16.5198   4.584568    36.2217       3158    13.1542  0.000e+00
     98.017    16.5198   4.584655    36.2224       3159    13.1583  0.000e+00
     98.012    16.5200   4.584682    36.2225       3160    13.1625  0.000e+00
     98.008    16.5207   4.584709    36.2221       3161    13.1667  0.000e+00
     98.008    16.5211   4.584723    36.2219       3162    13.1708  0.000e+00
     98.010    16.5213   4.584709    36.2215       3163    13.1750  0.000e+00
     98.007    16.5213   4.584709    36.2215       3164    13.1792  0.000e+00
     97.992    16.5214   4.584696    36.2213       3165    13.1833  0.000e+00
     97.969    16.5211   4.584790    36.2224       3166    13.1875  0.000e+00
     97.935    16.5214   4.584898    36.2232       3167    13.1917  0.000e+00
     97.890    16.5219   4.585080    36.2243       3168    13.1958  0.000e+00
     97.825    16.5231   4.585566    36.2276       3169    13.2000  0.000e+00
     97.764    16.5253   4.586390    36.2329       3170    13.2042  0.000e+00
     97.687    16.5297   4.587058    36.2349       3171    13.2083  0.000e+00
     97.615    16.5350   4.587456    36.2336       3172    13.2125  0.000e+00
     97.550    16.5402   4.588313    36.2365       3173    13.2167  0.000e+00
     97.478    16.5462   4.589063    36.2378       3174    13.2208  0.000e+00
     97.417    16.5529   4.589697    36.2373       3175    13.2250  0.000e+00
     97.354    16.5597   4.589886    36.2328       3176    13.2292  0.000e+00
     97.297    16.5648   4.589805    36.2275       3177    13.2333  0.000e+00
     97.238    16.5678   4.589832    36.2251       3178    13.2375  0.000e+00
     97.182    16.5693   4.589812    36.2235       3179    13.2417  0.000e+00
     97.128    16.5700   4.589832    36.2231       3180    13.2458  0.000e+00
     97.070    16.5704   4.589832    36.2228       3181    13.2500  0.000e+00
     97.015    16.5707   4.589859    36.2228       3182    13.2542  0.000e+00
     96.954    16.5706   4.589832    36.2226       3183    13.2583  0.000e+00
     96.900    16.5709   4.589859    36.2226       3184    13.2625  0.000e+00
     96.849    16.5709   4.589859    36.2227       3185    13.2667  0.000e+00
     96.806    16.5708   4.589886    36.2230       3186    13.2708  0.000e+00
     96.770    16.5709   4.589886    36.2229       3187    13.2750  0.000e+00
     96.740    16.5709   4.589859    36.2226       3188    13.2792  0.000e+00
     96.716    16.5712   4.589785    36.2218       3189    13.2833  0.000e+00
     96.695    16.5711   4.589724    36.2213       3190    13.2875  0.000e+00
     96.668    16.5709   4.589724    36.2215       3191    13.2917  0.000e+00
     96.643    16.5709   4.589724    36.2215       3192    13.2958  0.000e+00
     96.610    16.5707   4.589731    36.2218       3193    13.3000  0.000e+00
     96.574    16.5708   4.589724    36.2217       3194    13.3042  0.000e+00
     96.530    16.5707   4.589724    36.2218       3195    13.3083  0.000e+00
     96.485    16.5708   4.589703    36.2215       3196    13.3125  0.000e+00
     96.434    16.5707   4.589568    36.2204       3197    13.3167  0.000e+00
     96.384    16.5705   4.589433    36.2194       3198    13.3208  0.000e+00
     96.328    16.5699   4.589406    36.2198       3199    13.3250  0.000e+00
     96.274    16.5694   4.589528    36.2213       3200    13.3292  0.000e+00
     96.221    16.5695   4.589568    36.2216       3201    13.3333  0.000e+00
     96.168    16.5699   4.589649    36.2220       3202    13.3375  0.000e+00
     96.120    16.5704   4.589683    36.2219       3203    13.3417  0.000e+00
     96.070    16.5707   4.589568    36.2206       3204    13.3458  0.000e+00
     96.014    16.5707   4.589541    36.2203       3205    13.3500  0.000e+00
     95.953    16.5706   4.589568    36.2207       3206    13.3542  0.000e+00
     95.895    16.5708   4.589683    36.2216       3207    13.3583  0.000e+00
     95.836    16.5713   4.589750    36.2218       3208    13.3625  0.000e+00
     95.771    16.5717   4.589723    36.2212       3209    13.3667  0.000e+00
     95.708    16.5720   4.589757    36.2212       3210    13.3708  0.000e+00
     95.642    16.5723   4.589804    36.2213       3211    13.3750  0.000e+00
     95.577    16.5727   4.589750    36.2206       3212    13.3792  0.000e+00
     95.516    16.5727   4.589757    36.2207       3213    13.3833  0.000e+00
     95.450    16.5729   4.589750    36.2204       3214    13.3875  0.000e+00
     95.396    16.5727   4.589723    36.2204       3215    13.3917  0.000e+00
     95.338    16.5727   4.589750    36.2207       3216    13.3958  0.000e+00
     95.295    16.5727   4.589730    36.2205       3217    13.4000  0.000e+00
     95.248    16.5728   4.589750    36.2206       3218    13.4042  0.000e+00
     95.196    16.5727   4.589696    36.2202       3219    13.4083  0.000e+00
     95.155    16.5728   4.589959    36.2225       3220    13.4125  0.000e+00
     95.112    16.5735   4.589966    36.2220       3221    13.4167  0.000e+00
     95.069    16.5744   4.590047    36.2219       3222    13.4208  0.000e+00
     95.020    16.5749   4.590047    36.2214       3223    13.4250  0.000e+00
     94.965    16.5755   4.590040    36.2208       3224    13.4292  0.000e+00
     94.921    16.5757   4.590047    36.2208       3225    13.4333  0.000e+00
     94.869    16.5757   4.590074    36.2210       3226    13.4375  0.000e+00
     94.808    16.5757   4.590169    36.2218       3227    13.4417  0.000e+00
     94.744    16.5762   4.590047    36.2203       3228    13.4458  0.000e+00
     94.677    16.5762   4.589966    36.2196       3229    13.4500  0.000e+00
     94.611    16.5761   4.589831    36.2186       3230    13.4542  0.000e+00
     94.546    16.5756   4.589676    36.2177       3231    13.4583  0.000e+00
     94.478    16.5751   4.589675    36.2182       3232    13.4625  0.000e+00
     94.408    16.5747   4.589675    36.2186       3233    13.4667  0.000e+00
     94.337    16.5747   4.589473    36.2168       3234    13.4708  0.000e+00
     94.264    16.5742   4.589061    36.2136       3235    13.4750  0.000e+00
     94.196    16.5730   4.588494    36.2097       3236    13.4792  0.000e+00
     94.124    16.5709   4.588372    36.2106       3237    13.4833  0.000e+00
     94.052    16.5692   4.588285    36.2113       3238    13.4875  0.000e+00
     93.989    16.5682   4.588312    36.2126       3239    13.4917  0.000e+00
     93.921    16.5679   4.588474    36.2143       3240    13.4958  0.000e+00
     93.858    16.5684   4.588656    36.2154       3241    13.5000  0.000e+00
     93.804    16.5695   4.588602    36.2140       3242    13.5042  0.000e+00
     93.743    16.5703   4.588392    36.2115       3243    13.5083  0.000e+00
     93.701    16.5700   4.588170    36.2097       3244    13.5125  0.000e+00
     93.656    16.5696   4.588068    36.2092       3245    13.5167  0.000e+00
     93.621    16.5690   4.588176    36.2108       3246    13.5208  0.000e+00
     93.585    16.5687   4.588284    36.2120       3247    13.5250  0.000e+00
     93.547    16.5690   4.588710    36.2155       3248    13.5292  0.000e+00
     93.509    16.5700   4.588710    36.2146       3249    13.5333  0.000e+00
     93.462    16.5710   4.588602    36.2128       3250    13.5375  0.000e+00
     93.407    16.5714   4.588196    36.2089       3251    13.5417  0.000e+00
     93.355    16.5705   4.588203    36.2098       3252    13.5458  0.000e+00
     93.295    16.5698   4.588203    36.2104       3253    13.5500  0.000e+00
     93.238    16.5695   4.588196    36.2107       3254    13.5542  0.000e+00
     93.164    16.5693   4.588230    36.2111       3255    13.5583  0.000e+00
     93.099    16.5694   4.588176    36.2106       3256    13.5625  0.000e+00
     93.031    16.5693   4.588176    36.2107       3257    13.5667  0.000e+00
     92.961    16.5693   4.588298    36.2118       3258    13.5708  0.000e+00
     92.895    16.5699   4.588392    36.2122       3259    13.5750  0.000e+00
     92.828    16.5704   4.588284    36.2108       3260    13.5792  0.000e+00
     92.760    16.5708   4.588142    36.2092       3261    13.5833  0.000e+00
     92.701    16.5706   4.588068    36.2087       3262    13.5875  0.000e+00
     92.636    16.5701   4.587859    36.2073       3263    13.5917  0.000e+00
     92.578    16.5696   4.587723    36.2067       3264    13.5958  0.000e+00
     92.530    16.5687   4.587710    36.2073       3265    13.6000  0.000e+00
     92.480    16.5680   4.587642    36.2074       3266    13.6042  0.000e+00
     92.440    16.5676   4.587831    36.2094       3267    13.6083  0.000e+00
     92.397    16.5678   4.587993    36.2108       3268    13.6125  0.000e+00
     92.357    16.5683   4.587960    36.2100       3269    13.6167  0.000e+00
     92.325    16.5687   4.588014    36.2101       3270    13.6208  0.000e+00
     92.296    16.5691   4.587906    36.2088       3271    13.6250  0.000e+00
     92.262    16.5692   4.587784    36.2077       3272    13.6292  0.000e+00
     92.228    16.5688   4.587777    36.2079       3273    13.6333  0.000e+00
     92.190    16.5684   4.587777    36.2083       3274    13.6375  0.000e+00
     92.145    16.5682   4.587683    36.2077       3275    13.6417  0.000e+00
     92.099    16.5681   4.587642    36.2075       3276    13.6458  0.000e+00
     92.043    16.5680   4.587642    36.2076       3277    13.6500  0.000e+00
     91.978    16.5679   4.587696    36.2081       3278    13.6542  0.000e+00
     91.905    16.5680   4.587811    36.2091       3279    13.6583  0.000e+00
     91.820    16.5684   4.588067    36.2110       3280    13.6625  0.000e+00
     91.730    16.5694   4.588256    36.2119       3281    13.6667  0.000e+00
     91.646    16.5710   4.588580    36.2133       3282    13.6708  0.000e+00
     91.551    16.5730   4.589323    36.2181       3283    13.6750  0.000e+00
     91.459    16.5769   4.589647    36.2175       3284    13.6792  0.000e+00
     91.366    16.5810   4.589674    36.2140       3285    13.6833  0.000e+00
     91.279    16.5836   4.589782    36.2127       3286    13.6875  0.000e+00
     91.184    16.5853   4.589856    36.2118       3287    13.6917  0.000e+00
     91.098    16.5869   4.589964    36.2114       3288    13.6958  0.000e+00
     91.012    16.5879   4.590167    36.2123       3289    13.7000  0.000e+00
     90.920    16.5890   4.590876    36.2176       3290    13.7042  0.000e+00
     90.835    16.5921   4.591490    36.2203       3291    13.7083  0.000e+00
     90.747    16.5969   4.592544    36.2253       3292    13.7125  0.000e+00
