PC2406/sbe057.cnv
* Sea-Bird SBE 19plus V2 Data File:
* FileName = C:\cruise\data\sbe057.hex
* Software Version Seasave V 7.26.7.121
* Temperature SN = 7142
* Conductivity SN = 7142
* System UpLoad Time = Nov 09 2024 14:37:57
* NMEA Latitude = 39 04.49 N
* NMEA Longitude = 074 12.86 W
* NMEA UTC (Time) = Nov 09 2024  14:37:50
** Ship: Pisces
** Cruise:  PC2406
** Program:  Fall ECOMON
# nquan = 7
# nvalues = 1177                                  
# units = specified
# name 0 = depSM: Depth [salt water, m]
# name 1 = tv290C: Temperature [ITS-90, deg C]
# name 2 = c0S/m: Conductivity [S/m]
# name 3 = sal00: Salinity, Practical [PSU]
# name 4 = scan: Scan Count
# name 5 = timeM: Time, Elapsed [minutes]
# name 6 = flag:  0.000e+00
# span 0 =      0.103,     26.425                 
# span 1 =    13.3639,    17.3228                 
# span 2 =  -0.034908,   4.302936                 
# span 3 =     0.0000,    33.1007                 
# span 4 =         11,       1187                 
# span 5 =     0.0417,     4.9417                 
# span 6 = 0.0000e+00, 0.0000e+00                 
# interval = seconds: 0.25
# start_time = Nov 09 2024 14:37:50 [NMEA time, header]
# bad_flag = -9.990e-29
*END*
[from data line 206]
     10.056    16.9602   4.222586    32.7070        217     0.9000  0.000e+00
     10.178    16.9619   4.222658    32.7062        218     0.9042  0.000e+00
     10.306    16.9635   4.222730    32.7055        219     0.9083  0.000e+00
     10.435    16.9641   4.222710    32.7047        220     0.9125  0.000e+00
     10.568    16.9648   4.222612    32.7033        221     0.9167  0.000e+00
     10.701    16.9645   4.222632    32.7036        222     0.9208  0.000e+00
     10.829    16.9643   4.222612    32.7036        223     0.9250  0.000e+00
     10.945    16.9636   4.222554    32.7036        224     0.9292  0.000e+00
     11.057    16.9631   4.222534    32.7038        225     0.9333  0.000e+00
     11.154    16.9631   4.222580    32.7042        226     0.9375  0.000e+00
     11.247    16.9632   4.222580    32.7041        227     0.9417  0.000e+00
     11.326    16.9630   4.222613    32.7044        228     0.9458  0.000e+00
     11.392    16.9630   4.222710    32.7053        229     0.9500  0.000e+00
     11.457    16.9633   4.222756    32.7054        230     0.9542  0.000e+00
     11.531    16.9639   4.222808    32.7054        231     0.9583  0.000e+00
     11.610    16.9641   4.222926    32.7062        232     0.9625  0.000e+00
     11.707    16.9649   4.222887    32.7051        233     0.9667  0.000e+00
     11.807    16.9651   4.222971    32.7057        234     0.9708  0.000e+00
     11.924    16.9656   4.223187    32.7071        235     0.9750  0.000e+00
     12.051    16.9664   4.223187    32.7064        236     0.9792  0.000e+00
     12.177    16.9668   4.223187    32.7060        237     0.9833  0.000e+00
     12.319    16.9668   4.223187    32.7060        238     0.9875  0.000e+00
     12.459    16.9669   4.223141    32.7055        239     0.9917  0.000e+00
     12.608    16.9668   4.223265    32.7066        240     0.9958  0.000e+00
     12.755    16.9669   4.223330    32.7070        241     1.0000  0.000e+00
     12.906    16.9674   4.223441    32.7075        242     1.0042  0.000e+00
     13.048    16.9681   4.223428    32.7068        243     1.0083  0.000e+00
     13.172    16.9684   4.223441    32.7066        244     1.0125  0.000e+00
     13.280    16.9685   4.223428    32.7064        245     1.0167  0.000e+00
     13.371    16.9686   4.223389    32.7059        246     1.0208  0.000e+00
     13.454    16.9687   4.223468    32.7064        247     1.0250  0.000e+00
     13.526    16.9685   4.223357    32.7057        248     1.0292  0.000e+00
     13.603    16.9681   4.223337    32.7058        249     1.0333  0.000e+00
     13.680    16.9678   4.223383    32.7064        250     1.0375  0.000e+00
     13.770    16.9677   4.223292    32.7057        251     1.0417  0.000e+00
     13.860    16.9675   4.223213    32.7051        252     1.0458  0.000e+00
     13.950    16.9674   4.223135    32.7045        253     1.0500  0.000e+00
     14.045    16.9672   4.223187    32.7051        254     1.0542  0.000e+00
     14.138    16.9670   4.223161    32.7049        255     1.0583  0.000e+00
     14.230    16.9670   4.223214    32.7054        256     1.0625  0.000e+00
     14.323    16.9672   4.223188    32.7050        257     1.0667  0.000e+00
     14.436    16.9673   4.223240    32.7052        258     1.0708  0.000e+00
     14.551    16.9674   4.223240    32.7051        259     1.0750  0.000e+00
     14.677    16.9676   4.223338    32.7058        260     1.0792  0.000e+00
     14.808    16.9677   4.223410    32.7062        261     1.0833  0.000e+00
     14.946    16.9681   4.223390    32.7058        262     1.0875  0.000e+00
     15.081    16.9680   4.223357    32.7055        263     1.0917  0.000e+00
     15.216    16.9682   4.223338    32.7051        264     1.0958  0.000e+00
     15.347    16.9675   4.223331    32.7056        265     1.1000  0.000e+00
     15.480    16.9674   4.223364    32.7059        266     1.1042  0.000e+00
     15.605    16.9672   4.223338    32.7057        267     1.1083  0.000e+00
     15.724    16.9672   4.223312    32.7055        268     1.1125  0.000e+00
     15.842    16.9672   4.223293    32.7053        269     1.1167  0.000e+00
     15.957    16.9673   4.223384    32.7059        270     1.1208  0.000e+00
     16.067    16.9678   4.223488    32.7064        271     1.1250  0.000e+00
     16.169    16.9683   4.223573    32.7067        272     1.1292  0.000e+00
     16.263    16.9688   4.223743    32.7077        273     1.1333  0.000e+00
     16.345    16.9696   4.223841    32.7079        274     1.1375  0.000e+00
     16.426    16.9700   4.223821    32.7073        275     1.1417  0.000e+00
     16.510    16.9701   4.223795    32.7070        276     1.1458  0.000e+00
     16.591    16.9700   4.223717    32.7064        277     1.1500  0.000e+00
     16.681    16.9697   4.223769    32.7071        278     1.1542  0.000e+00
     16.774    16.9696   4.223815    32.7075        279     1.1583  0.000e+00
     16.871    16.9695   4.223769    32.7072        280     1.1625  0.000e+00
     16.970    16.9694   4.223841    32.7078        281     1.1667  0.000e+00
     17.071    16.9695   4.223743    32.7069        282     1.1708  0.000e+00
     17.179    16.9695   4.223671    32.7062        283     1.1750  0.000e+00
     17.288    16.9696   4.223717    32.7065        284     1.1792  0.000e+00
     17.399    16.9698   4.223965    32.7084        285     1.1833  0.000e+00
     17.516    16.9702   4.224174    32.7099        286     1.1875  0.000e+00
     17.631    16.9709   4.224148    32.7090        287     1.1917  0.000e+00
     17.742    16.9712   4.224278    32.7099        288     1.1958  0.000e+00
     17.847    16.9718   4.224500    32.7113        289     1.2000  0.000e+00
     17.945    16.9724   4.224519    32.7109        290     1.2042  0.000e+00
     18.037    16.9729   4.224624    32.7113        291     1.2083  0.000e+00
     18.119    16.9734   4.224663    32.7112        292     1.2125  0.000e+00
     18.211    16.9738   4.225054    32.7143        293     1.2167  0.000e+00
     18.303    16.9748   4.224976    32.7128        294     1.2208  0.000e+00
     18.391    16.9755   4.225485    32.7166        295     1.2250  0.000e+00
     18.480    16.9769   4.225387    32.7146        296     1.2292  0.000e+00
     18.579    16.9776   4.224428    32.7056        297     1.2333  0.000e+00
     18.678    16.9761   4.224650    32.7087        298     1.2375  0.000e+00
     18.773    16.9752   4.224924    32.7119        299     1.2417  0.000e+00
     18.876    16.9752   4.224905    32.7116        300     1.2458  0.000e+00
     18.971    16.9756   4.225244    32.7142        301     1.2500  0.000e+00
     19.068    16.9761   4.225459    32.7156        302     1.2542  0.000e+00
     19.174    16.9771   4.225798    32.7177        303     1.2583  0.000e+00
     19.271    16.9783   4.226164    32.7199        304     1.2625  0.000e+00
     19.375    16.9799   4.226810    32.7241        305     1.2667  0.000e+00
     19.470    16.9821   4.227782    32.7307        306     1.2708  0.000e+00
     19.576    16.9851   4.228956    32.7383        307     1.2750  0.000e+00
     19.677    16.9896   4.229374    32.7383        308     1.2792  0.000e+00
     19.775    16.9935   4.229269    32.7342        309     1.2833  0.000e+00
     19.872    16.9954   4.230555    32.7437        310     1.2875  0.000e+00
     19.969    16.9988   4.231292    32.7472        311     1.2917  0.000e+00
     20.073    17.0027   4.232291    32.7527        312     1.2958  0.000e+00
     20.183    17.0067   4.231847    32.7456        313     1.3000  0.000e+00
     20.285    17.0086   4.231155    32.7380        314     1.3042  0.000e+00
     20.388    17.0081   4.230712    32.7346        315     1.3083  0.000e+00
     20.488    17.0068   4.231084    32.7387        316     1.3125  0.000e+00
     20.582    17.0066   4.233819    32.7625        317     1.3167  0.000e+00
     20.679    17.0111   4.237763    32.7929        318     1.3208  0.000e+00
     20.777    17.0223   4.239461    32.7985        319     1.3250  0.000e+00
     20.869    17.0337   4.240062    32.7943        320     1.3292  0.000e+00
     20.961    17.0415   4.242224    32.8066        321     1.3333  0.000e+00
     21.050    17.0497   4.244302    32.8179        322     1.3375  0.000e+00
     21.138    17.0585   4.247093    32.8347        323     1.3417  0.000e+00
     21.221    17.0685   4.247530    32.8303        324     1.3458  0.000e+00
     21.305    17.0766   4.248589    32.8328        325     1.3500  0.000e+00
     21.384    17.0824   4.249034    32.8319        326     1.3542  0.000e+00
     21.467    17.0868   4.249374    32.8313        327     1.3583  0.000e+00
     21.550    17.0898   4.250296    32.8368        328     1.3625  0.000e+00
     21.630    17.0928   4.250368    32.8349        329     1.3667  0.000e+00
     21.709    17.0952   4.250760    32.8363        330     1.3708  0.000e+00
     21.781    17.0969   4.250976    32.8368        331     1.3750  0.000e+00
     21.857    17.0986   4.251610    32.8408        332     1.3792  0.000e+00
     21.928    17.1005   4.252905    32.8504        333     1.3833  0.000e+00
     22.000    17.1042   4.255378    32.8687        334     1.3875  0.000e+00
     22.079    17.1103   4.254154    32.8531        335     1.3917  0.000e+00
     22.167    17.1134   4.252532    32.8366        336     1.3958  0.000e+00
     22.259    17.1115   4.253337    32.8451        337     1.4000  0.000e+00
     22.367    17.1108   4.254455    32.8552        338     1.4042  0.000e+00
     22.473    17.1123   4.254482    32.8542        339     1.4083  0.000e+00
     22.580    17.1140   4.255960    32.8655        340     1.4125  0.000e+00
     22.690    17.1177   4.261006    32.9060        341     1.4167  0.000e+00
     22.791    17.1282   4.261254    32.8995        342     1.4208  0.000e+00
     22.889    17.1372   4.261516    32.8944        343     1.4250  0.000e+00
     22.977    17.1420   4.262020    32.8948        344     1.4292  0.000e+00
     23.065    17.1455   4.262177    32.8933        345     1.4333  0.000e+00
     23.146    17.1478   4.262223    32.8918        346     1.4375  0.000e+00
     23.231    17.1492   4.261935    32.8882        347     1.4417  0.000e+00
     23.311    17.1493   4.261686    32.8859        348     1.4458  0.000e+00
     23.387    17.1488   4.262177    32.8905        349     1.4500  0.000e+00
     23.455    17.1488   4.262583    32.8940        350     1.4542  0.000e+00
     23.523    17.1498   4.263421    32.9003        351     1.4583  0.000e+00
     23.588    17.1522   4.264227    32.9054        352     1.4625  0.000e+00
     23.663    17.1555   4.264619    32.9060        353     1.4667  0.000e+00
     23.741    17.1585   4.265569    32.9117        354     1.4708  0.000e+00
     23.823    17.1618   4.265896    32.9118        355     1.4750  0.000e+00
     23.915    17.1648   4.266152    32.9116        356     1.4792  0.000e+00
     24.010    17.1668   4.266433    32.9123        357     1.4833  0.000e+00
     24.107    17.1681   4.266912    32.9153        358     1.4875  0.000e+00
     24.215    17.1699   4.267252    32.9167        359     1.4917  0.000e+00
     24.321    17.1716   4.267494    32.9174        360     1.4958  0.000e+00
     24.421    17.1730   4.268254    32.9228        361     1.5000  0.000e+00
     24.529    17.1748   4.269879    32.9353        362     1.5042  0.000e+00
     24.631    17.1783   4.271478    32.9462        363     1.5083  0.000e+00
     24.739    17.1838   4.273765    32.9613        364     1.5125  0.000e+00
     24.834    17.1913   4.275908    32.9736        365     1.5167  0.000e+00
     24.929    17.2003   4.278727    32.9905        366     1.5208  0.000e+00
     25.008    17.2110   4.278845    32.9828        367     1.5250  0.000e+00
     25.084    17.2188   4.279409    32.9812        368     1.5292  0.000e+00
     25.147    17.2236   4.280215    32.9842        369     1.5333  0.000e+00
     25.204    17.2274   4.281271    32.9902        370     1.5375  0.000e+00
     25.264    17.2316   4.281678    32.9903        371     1.5417  0.000e+00
     25.328    17.2349   4.281487    32.9859        372     1.5458  0.000e+00
     25.402    17.2365   4.281776    32.9870        373     1.5500  0.000e+00
     25.475    17.2374   4.281861    32.9871        374     1.5542  0.000e+00
     25.553    17.2380   4.282248    32.9898        375     1.5583  0.000e+00
     25.628    17.2388   4.284190    33.0058        376     1.5625  0.000e+00
     25.700    17.2427   4.285929    33.0177        377     1.5667  0.000e+00
     25.774    17.2484   4.287064    33.0227        378     1.5708  0.000e+00
     25.844    17.2544   4.287674    33.0230        379     1.5750  0.000e+00
     25.924    17.2593   4.289715    33.0366        380     1.5792  0.000e+00
     26.002    17.2648   4.291842    33.0504        381     1.5833  0.000e+00
     26.082    17.2720   4.294508    33.0674        382     1.5875  0.000e+00
     26.167    17.2806   4.296524    33.0776        383     1.5917  0.000e+00
     26.260    17.2891   4.298180    33.0849        384     1.5958  0.000e+00
     26.343    17.2970   4.299283    33.0880        385     1.6000  0.000e+00
     26.397    17.3039   4.300486    33.0926        386     1.6042  0.000e+00
     26.425    17.3092   4.300761    33.0906        387     1.6083  0.000e+00
     26.418    17.3126   4.301281    33.0923        388     1.6125  0.000e+00
     26.388    17.3150   4.301984    33.0964        389     1.6167  0.000e+00
     26.359    17.3173   4.302588    33.0997        390     1.6208  0.000e+00
     26.343    17.3198   4.302936    33.1007        391     1.6250  0.000e+00
     26.318    17.3220   4.302812    33.0978        392     1.6292  0.000e+00
     26.287    17.3228   4.302292    33.0927        393     1.6333  0.000e+00
     26.249    17.3226   4.301445    33.0856        394     1.6375  0.000e+00
     26.208    17.3213   4.300617    33.0796        395     1.6417  0.000e+00
     26.170    17.3190   4.299112    33.0685        396     1.6458  0.000e+00
     26.133    17.3154   4.296931    33.0527        397     1.6500  0.000e+00
     26.102    17.3095   4.294928    33.0403        398     1.6542  0.000e+00
     26.077    17.3025   4.292958    33.0291        399     1.6583  0.000e+00
     26.025    17.2950   4.291041    33.0187        400     1.6625  0.000e+00
     25.969    17.2876   4.289072    33.0079        401     1.6667  0.000e+00
     25.892    17.2799   4.286834    32.9950        402     1.6708  0.000e+00
     25.820    17.2718   4.285023    32.9860        403     1.6750  0.000e+00
     25.757    17.2638   4.284387    32.9871        404     1.6792  0.000e+00
     25.702    17.2576   4.284111    32.9898        405     1.6833  0.000e+00
     25.644    17.2537   4.283599    32.9886        406     1.6875  0.000e+00
     25.567    17.2509   4.282983    32.9856        407     1.6917  0.000e+00
     25.477    17.2480   4.281737    32.9773        408     1.6958  0.000e+00
     25.368    17.2443   4.278982    32.9566        409     1.7000  0.000e+00
     25.247    17.2376   4.276760    32.9430        410     1.7042  0.000e+00
     25.114    17.2290   4.276078    32.9442        411     1.7083  0.000e+00
     24.974    17.2212   4.272283    32.9180        412     1.7125  0.000e+00
     24.829    17.2113   4.269106    32.8988        413     1.7167  0.000e+00
     24.676    17.1989   4.267913    32.8986        414     1.7208  0.000e+00
     24.509    17.1878   4.268890    32.9161        415     1.7250  0.000e+00
     24.365    17.1833   4.268706    32.9183        416     1.7292  0.000e+00
     24.256    17.1817   4.267619    32.9103        417     1.7333  0.000e+00
     24.152    17.1794   4.267180    32.9084        418     1.7375  0.000e+00
     24.085    17.1765   4.264443    32.8872        419     1.7417  0.000e+00
     24.021    17.1711   4.263251    32.8813        420     1.7458  0.000e+00
