PC2406/sbe012.cnv
* Sea-Bird SBE 19plus V2 Data File:
* FileName = C:\cruise\data\sbe012.hex
* Software Version Seasave V 7.26.7.121
* Temperature SN = 7142
* Conductivity SN = 7142
* System UpLoad Time = Oct 28 2024 07:01:31
* NMEA Latitude = 40 43.85 N
* NMEA Longitude = 070 06.93 W
* NMEA UTC (Time) = Oct 28 2024  07:01:29
** Ship: Pisces
** Cruise:  PC2406
** Program:  Fall ECOMON
# nquan = 7
# nvalues = 1224                                  
# units = specified
# name 0 = depSM: Depth [salt water, m]
# name 1 = tv290C: Temperature [ITS-90, deg C]
# name 2 = c0S/m: Conductivity [S/m]
# name 3 = sal00: Salinity, Practical [PSU]
# name 4 = scan: Scan Count
# name 5 = timeM: Time, Elapsed [minutes]
# name 6 = flag:  0.000e+00
# span 0 =      0.102,     38.220                 
# span 1 =    11.0216,    14.4921                 
# span 2 =   0.000005,   3.882926                 
# span 3 =     0.0057,    31.7415                 
# span 4 =         11,       1234                 
# span 5 =     0.0417,     5.1375                 
# span 6 = 0.0000e+00, 0.0000e+00                 
# interval = seconds: 0.25
# start_time = Oct 28 2024 07:01:29 [NMEA time, header]
# bad_flag = -9.990e-29
*END*
      0.106    11.0313   0.000014     0.0057         11     0.0417  0.000e+00
      0.105    11.0281   0.000019     0.0057         12     0.0458  0.000e+00
      0.105    11.0255   0.000008     0.0057         13     0.0500  0.000e+00
      0.106    11.0287   0.000014     0.0057         14     0.0542  0.000e+00
      0.106    11.0336   0.000019     0.0057         15     0.0583  0.000e+00
      0.105    11.0362   0.000014     0.0057         16     0.0625  0.000e+00
      0.103    11.0355   0.000014     0.0057         17     0.0667  0.000e+00
      0.106    11.0306   0.000008     0.0057         18     0.0708  0.000e+00
      0.108    11.0275   0.000014     0.0057         19     0.0750  0.000e+00
      0.112    11.0249   0.000014     0.0057         20     0.0792  0.000e+00
      0.110    11.0224   0.000014     0.0057         21     0.0833  0.000e+00
      0.108    11.0216   0.000008     0.0057         22     0.0875  0.000e+00
      0.103    11.0263   0.000014     0.0057         23     0.0917  0.000e+00
      0.106    11.0309   0.000014     0.0057         24     0.0958  0.000e+00
      0.110    11.0301   0.000014     0.0057         25     0.1000  0.000e+00
      0.110    11.0283   0.000019     0.0057         26     0.1042  0.000e+00
      0.110    11.0356   0.000008     0.0057         27     0.1083  0.000e+00
      0.113    11.0421   0.000014     0.0057         28     0.1125  0.000e+00
      0.110    11.0441   0.000014     0.0057         29     0.1167  0.000e+00
      0.106    11.0466   0.000014     0.0057         30     0.1208  0.000e+00
      0.108    11.0488   0.000014     0.0057         31     0.1250  0.000e+00
      0.110    11.0557   0.000005     0.0058         32     0.1292  0.000e+00
      0.148    11.0781   0.000008     0.0058         33     0.1333  0.000e+00
      0.271    11.1037   0.000008     0.0058         34     0.1375  0.000e+00
      0.340    11.1421   1.020295     8.0448         35     0.1417  0.000e+00
      0.394    11.6778   1.940045    15.9117         36     0.1458  0.000e+00
      0.453    12.4521   1.904082    15.2720         37     0.1500  0.000e+00
      0.514    12.9022   1.639264    12.8224         38     0.1542  0.000e+00
      0.605    13.1578   2.010402    15.9056         39     0.1583  0.000e+00
      0.733    13.2868   1.074873     8.0385         40     0.1625  0.000e+00
      0.850    13.3475   2.289101    18.2388         41     0.1667  0.000e+00
      0.968    13.3837   3.148476    25.8665         42     0.1708  0.000e+00
      1.092    13.4532   3.792728    31.7377         43     0.1750  0.000e+00
      1.225    13.5828   3.804735    31.7415         44     0.1792  0.000e+00
      1.363    13.7202   3.814199    31.7153         45     0.1833  0.000e+00
      1.512    13.8348   3.815743    31.6349         46     0.1875  0.000e+00
      1.681    13.9269   3.814685    31.5493         47     0.1917  0.000e+00
      1.850    13.9935   3.817862    31.5239         48     0.1958  0.000e+00
      2.017    14.0467   3.823783    31.5346         49     0.2000  0.000e+00
      2.191    14.0975   3.830447    31.5540         50     0.2042  0.000e+00
      2.359    14.1501   3.836024    31.5621         51     0.2083  0.000e+00
      2.521    14.1973   3.837974    31.5412         52     0.2125  0.000e+00
      2.688    14.2363   3.840394    31.5315         53     0.2167  0.000e+00
      2.842    14.2697   3.841140    31.5110         54     0.2208  0.000e+00
      2.995    14.2945   3.841598    31.4949         55     0.2250  0.000e+00
      3.133    14.3109   3.843342    31.4974         56     0.2292  0.000e+00
      3.263    14.3225   3.841736    31.4733         57     0.2333  0.000e+00
      3.394    14.3302   3.838355    31.4362         58     0.2375  0.000e+00
      3.532    14.3346   3.838136    31.4305         59     0.2417  0.000e+00
      3.672    14.3382   3.842558    31.4678         60     0.2458  0.000e+00
      3.792    14.3436   3.844515    31.4812         61     0.2500  0.000e+00
      3.918    14.3496   3.844377    31.4750         62     0.2542  0.000e+00
      4.049    14.3548   3.842696    31.4555         63     0.2583  0.000e+00
      4.203    14.3567   3.840889    31.4374         64     0.2625  0.000e+00
      4.367    14.3545   3.842401    31.4529         65     0.2667  0.000e+00
      4.518    14.3513   3.843267    31.4633         66     0.2708  0.000e+00
      4.659    14.3499   3.842332    31.4559         67     0.2750  0.000e+00
      4.792    14.3501   3.842376    31.4561         68     0.2792  0.000e+00
      4.918    14.3529   3.843524    31.4642         69     0.2833  0.000e+00
      5.047    14.3569   3.843386    31.4597         70     0.2875  0.000e+00
      5.180    14.3603   3.845237    31.4737         71     0.2917  0.000e+00
      5.316    14.3643   3.848545    31.5005         72     0.2958  0.000e+00
      5.444    14.3693   3.848972    31.5003         73     0.3000  0.000e+00
      5.571    14.3728   3.851697    31.5222         74     0.3042  0.000e+00
      5.694    14.3745   3.850837    31.5129         75     0.3083  0.000e+00
      5.830    14.3756   3.850146    31.5057         76     0.3125  0.000e+00
      5.979    14.3764   3.849399    31.4982         77     0.3167  0.000e+00
      6.128    14.3776   3.851113    31.5128         78     0.3208  0.000e+00
      6.272    14.3782   3.851572    31.5165         79     0.3250  0.000e+00
      6.419    14.3788   3.852891    31.5279         80     0.3292  0.000e+00
      6.559    14.3797   3.853274    31.5306         81     0.3333  0.000e+00
      6.697    14.3816   3.853205    31.5283         82     0.3375  0.000e+00
      6.823    14.3844   3.853726    31.5308         83     0.3417  0.000e+00
      6.945    14.3869   3.854668    31.5373         84     0.3458  0.000e+00
      7.056    14.3891   3.854675    31.5355         85     0.3500  0.000e+00
      7.164    14.3912   3.854197    31.5294         86     0.3542  0.000e+00
      7.266    14.3919   3.849939    31.4900         87     0.3583  0.000e+00
      7.369    14.3911   3.139661    25.1188         88     0.3625  0.000e+00
      7.475    14.3867   2.307544    17.9092         89     0.3667  0.000e+00
      7.582    14.3825   2.427863    18.9363         90     0.3708  0.000e+00
      7.699    14.3761   2.940524    23.3763         91     0.3750  0.000e+00
      7.834    14.3155   3.837391    31.4376         92     0.3792  0.000e+00
      7.983    14.2285   3.841720    31.5479         93     0.3833  0.000e+00
      8.128    14.1815   3.838741    31.5591         94     0.3875  0.000e+00
      8.275    14.1588   3.837218    31.5637         95     0.3917  0.000e+00
      8.421    14.1481   3.840046    31.5982         96     0.3958  0.000e+00
      8.561    14.1582   3.844049    31.6266         97     0.4000  0.000e+00
      8.705    14.1940   3.850539    31.6566         98     0.4042  0.000e+00
      8.855    14.2378   3.855538    31.6664         99     0.4083  0.000e+00
      8.999    14.2756   3.858855    31.6656        100     0.4125  0.000e+00
      9.134    14.3059   3.860891    31.6594        101     0.4167  0.000e+00
      9.258    14.3311   3.862859    31.6566        102     0.4208  0.000e+00
      9.360    14.3511   3.863714    31.6480        103     0.4250  0.000e+00
      9.451    14.3659   3.863085    31.6301        104     0.4292  0.000e+00
      9.545    14.3769   3.829193    31.3125        105     0.4333  0.000e+00
      9.645    14.3853   3.813693    31.1646        106     0.4375  0.000e+00
      9.749    14.3909   3.794692    30.9874        107     0.4417  0.000e+00
      9.861    14.3942   3.791865    30.9591        108     0.4458  0.000e+00
      9.974    14.3958   3.815877    31.1759        109     0.4500  0.000e+00
     10.087    14.3974   3.826850    31.2744        110     0.4542  0.000e+00
     10.202    14.3989   3.835215    31.3492        111     0.4583  0.000e+00
     10.320    14.4011   3.833692    31.3335        112     0.4625  0.000e+00
     10.446    14.4035   3.831185    31.3088        113     0.4667  0.000e+00
     10.572    14.4048   3.834501    31.3378        114     0.4708  0.000e+00
     10.712    14.4059   3.842892    31.4132        115     0.4750  0.000e+00
     10.852    14.4082   3.845666    31.4365        116     0.4792  0.000e+00
     10.985    14.4109   3.846663    31.4434        117     0.4833  0.000e+00
     11.114    14.4145   3.850619    31.4764        118     0.4875  0.000e+00
     11.245    14.4179   3.849589    31.4642        119     0.4917  0.000e+00
     11.365    14.4196   3.845753    31.4279        120     0.4958  0.000e+00
     11.497    14.4192   3.844047    31.4126        121     0.5000  0.000e+00
     11.617    14.4198   3.849218    31.4591        122     0.5042  0.000e+00
     11.734    14.4204   3.850751    31.4725        123     0.5083  0.000e+00
     11.836    14.4199   3.850299    31.4688        124     0.5125  0.000e+00
     11.931    14.4196   3.845189    31.4225        125     0.5167  0.000e+00
     12.026    14.4194   3.836520    31.3438        126     0.5208  0.000e+00
     12.123    14.4200   3.833511    31.3159        127     0.5250  0.000e+00
     12.227    14.4216   3.818912    31.1819        128     0.5292  0.000e+00
     12.337    14.4223   3.798532    30.9962        129     0.5333  0.000e+00
     12.452    14.4222   3.796041    30.9736        130     0.5375  0.000e+00
     12.565    14.4219   3.796984    30.9824        131     0.5417  0.000e+00
     12.685    14.4210   3.797315    30.9860        132     0.5458  0.000e+00
     12.804    14.4210   3.810999    31.1103        133     0.5500  0.000e+00
     12.922    14.4214   3.817304    31.1672        134     0.5542  0.000e+00
     13.052    14.4216   3.805061    31.0558        135     0.5583  0.000e+00
     13.190    14.4216   3.820652    31.1974        136     0.5625  0.000e+00
     13.326    14.4216   3.845415    31.4225        137     0.5667  0.000e+00
     13.463    14.4220   3.850958    31.4725        138     0.5708  0.000e+00
     13.590    14.4232   3.852064    31.4815        139     0.5750  0.000e+00
     13.707    14.4241   3.853439    31.4933        140     0.5792  0.000e+00
     13.820    14.4221   3.850977    31.4725        141     0.5833  0.000e+00
     13.930    14.4177   3.840754    31.3830        142     0.5875  0.000e+00
     14.032    14.4148   3.838070    31.3609        143     0.5917  0.000e+00
     14.132    14.4144   3.838377    31.3639        144     0.5958  0.000e+00
     14.237    14.4144   3.831832    31.3044        145     0.6000  0.000e+00
     14.341    14.4138   3.825186    31.2444        146     0.6042  0.000e+00
     14.441    14.4138   3.806305    31.0728        147     0.6083  0.000e+00
     14.547    14.4132   3.805149    31.0627        148     0.6125  0.000e+00
     14.664    14.4107   3.813714    31.1425        149     0.6167  0.000e+00
     14.788    14.4056   3.813145    31.1414        150     0.6208  0.000e+00
     14.917    14.4006   3.801506    31.0396        151     0.6250  0.000e+00
     15.048    14.3986   3.804268    31.0662        152     0.6292  0.000e+00
     15.183    14.3977   3.850576    31.4881        153     0.6333  0.000e+00
     15.309    14.3965   3.861389    31.5875        154     0.6375  0.000e+00
     15.432    14.3971   3.864262    31.6131        155     0.6417  0.000e+00
     15.556    14.4002   3.865847    31.6250        156     0.6458  0.000e+00
     15.678    14.4044   3.866413    31.6267        157     0.6500  0.000e+00
     15.808    14.4084   3.866954    31.6283        158     0.6542  0.000e+00
     15.928    14.4110   3.867577    31.6317        159     0.6583  0.000e+00
     16.048    14.4131   3.868470    31.6382        160     0.6625  0.000e+00
     16.152    14.4155   3.869005    31.6410        161     0.6667  0.000e+00
     16.257    14.4169   3.869156    31.6412        162     0.6708  0.000e+00
     16.359    14.4177   3.868948    31.6386        163     0.6750  0.000e+00
     16.461    14.4179   3.868219    31.6318        164     0.6792  0.000e+00
     16.573    14.4172   3.867432    31.6252        165     0.6833  0.000e+00
     16.682    14.4167   3.866747    31.6193        166     0.6875  0.000e+00
     16.788    14.4173   3.867634    31.6268        167     0.6917  0.000e+00
     16.887    14.4185   3.868791    31.6364        168     0.6958  0.000e+00
     16.975    14.4205   3.869357    31.6398        169     0.7000  0.000e+00
     17.065    14.4221   3.869357    31.6385        170     0.7042  0.000e+00
     17.154    14.4225   3.868647    31.6317        171     0.7083  0.000e+00
     17.251    14.4213   3.866344    31.6116        172     0.7125  0.000e+00
     17.352    14.4181   3.862068    31.5753        173     0.7167  0.000e+00
     17.445    14.4147   3.859523    31.5549        174     0.7208  0.000e+00
     17.542    14.4135   3.858473    31.5463        175     0.7250  0.000e+00
     17.637    14.4123   3.857462    31.5379        176     0.7292  0.000e+00
     17.738    14.4109   3.856984    31.5347        177     0.7333  0.000e+00
     17.842    14.4104   3.856305    31.5289        178     0.7375  0.000e+00
     17.955    14.4092   3.854861    31.5167        179     0.7417  0.000e+00
     18.065    14.3980   3.854138    31.5192        180     0.7458  0.000e+00
     18.178    14.3708   3.853774    31.5380        181     0.7500  0.000e+00
     18.286    14.3458   3.853712    31.5578        182     0.7542  0.000e+00
     18.390    14.3311   3.854460    31.5765        183     0.7583  0.000e+00
     18.494    14.3220   3.855993    31.5979        184     0.7625  0.000e+00
     18.589    14.3167   3.856621    31.6080        185     0.7667  0.000e+00
     18.695    14.3158   3.856942    31.6116        186     0.7708  0.000e+00
     18.805    14.3210   3.857708    31.6142        187     0.7750  0.000e+00
     18.919    14.3338   3.859260    31.6179        188     0.7792  0.000e+00
     19.027    14.3489   3.861705    31.6278        189     0.7833  0.000e+00
     19.142    14.3640   3.864352    31.6396        190     0.7875  0.000e+00
     19.250    14.3769   3.866302    31.6468        191     0.7917  0.000e+00
     19.368    14.3882   3.867113    31.6449        192     0.7958  0.000e+00
     19.490    14.3967   3.867295    31.6396        193     0.8000  0.000e+00
     19.614    14.4025   3.867635    31.6378        194     0.8042  0.000e+00
     19.742    14.4077   3.869050    31.6464        195     0.8083  0.000e+00
     19.868    14.4129   3.876118    31.7066        196     0.8125  0.000e+00
     19.982    14.4190   3.879619    31.7334        197     0.8167  0.000e+00
     20.096    14.4310   3.879972    31.7267        198     0.8208  0.000e+00
     20.196    14.4415   3.880142    31.7197        199     0.8250  0.000e+00
     20.297    14.4484   3.880325    31.7156        200     0.8292  0.000e+00
     20.403    14.4524   3.880400    31.7130        201     0.8333  0.000e+00
     20.500    14.4546   3.880463    31.7117        202     0.8375  0.000e+00
     20.598    14.4560   3.880507    31.7109        203     0.8417  0.000e+00
     20.686    14.4570   3.880614    31.7111        204     0.8458  0.000e+00
     20.776    14.4579   3.880646    31.7106        205     0.8500  0.000e+00
     20.866    14.4587   3.880614    31.7096        206     0.8542  0.000e+00
     20.961    14.4587   3.880690    31.7102        207     0.8583  0.000e+00
     21.064    14.4589   3.880646    31.7097        208     0.8625  0.000e+00
     21.166    14.4588   3.880640    31.7096        209     0.8667  0.000e+00
     21.268    14.4587   3.880665    31.7099        210     0.8708  0.000e+00
     21.365    14.4585   3.880734    31.7107        211     0.8750  0.000e+00
     21.455    14.4587   3.880804    31.7111        212     0.8792  0.000e+00
     21.547    14.4592   3.880848    31.7111        213     0.8833  0.000e+00
     21.629    14.4597   3.880873    31.7108        214     0.8875  0.000e+00
     21.726    14.4602   3.880829    31.7100        215     0.8917  0.000e+00
