PC2406/sbe005.cnv
* Sea-Bird SBE 19plus V2 Data File:
* FileName = C:\cruise\data\sbe005.hex
* Software Version Seasave V 7.26.7.121
* Temperature SN = 7142
* Conductivity SN = 7142
* System UpLoad Time = Oct 27 2024 21:58:58
* NMEA Latitude = 41 06.15 N
* NMEA Longitude = 070 37.12 W
* NMEA UTC (Time) = Oct 27 2024  21:58:55
** Ship: Pisces
** Cruise:  PC2406
** Program:  Fall ECOMON
# nquan = 7
# nvalues = 1227                                  
# units = specified
# name 0 = depSM: Depth [salt water, m]
# name 1 = tv290C: Temperature [ITS-90, deg C]
# name 2 = c0S/m: Conductivity [S/m]
# name 3 = sal00: Salinity, Practical [PSU]
# name 4 = scan: Scan Count
# name 5 = timeM: Time, Elapsed [minutes]
# name 6 = flag:  0.000e+00
# span 0 =      0.086,     39.304                 
# span 1 =    10.0946,    16.4942                 
# span 2 =  -0.000009,   4.169757                 
# span 3 =     0.0000,    32.7917                 
# span 4 =         11,       1237                 
# span 5 =     0.0417,     5.1500                 
# span 6 = 0.0000e+00, 0.0000e+00                 
# interval = seconds: 0.25
# start_time = Oct 27 2024 21:58:55 [NMEA time, header]
# bad_flag = -9.990e-29
*END*
[from data line 821]
     11.625    15.6500   4.021408    32.0078        832     3.4625  0.000e+00
     11.597    15.6497   4.021357    32.0076        833     3.4667  0.000e+00
     11.564    15.6493   4.021338    32.0078        834     3.4708  0.000e+00
     11.539    15.6491   4.021357    32.0081        835     3.4750  0.000e+00
     11.512    15.6492   4.021433    32.0088        836     3.4792  0.000e+00
     11.492    15.6496   4.021478    32.0088        837     3.4833  0.000e+00
     11.464    15.6500   4.021478    32.0085        838     3.4875  0.000e+00
     11.446    15.6505   4.021453    32.0079        839     3.4917  0.000e+00
     11.421    15.6506   4.021504    32.0083        840     3.4958  0.000e+00
     11.392    15.6508   4.021504    32.0081        841     3.5000  0.000e+00
     11.368    15.6511   4.021504    32.0079        842     3.5042  0.000e+00
     11.334    15.6511   4.021453    32.0074        843     3.5083  0.000e+00
     11.304    15.6509   4.021433    32.0074        844     3.5125  0.000e+00
     11.272    15.6510   4.021408    32.0071        845     3.5167  0.000e+00
     11.241    15.6507   4.021357    32.0069        846     3.5208  0.000e+00
     11.207    15.6504   4.021312    32.0068        847     3.5250  0.000e+00
     11.175    15.6500   4.021312    32.0071        848     3.5292  0.000e+00
     11.146    15.6495   4.021286    32.0073        849     3.5333  0.000e+00
     11.113    15.6492   4.021267    32.0074        850     3.5375  0.000e+00
     11.083    15.6489   4.021216    32.0072        851     3.5417  0.000e+00
     11.049    15.6487   4.021235    32.0075        852     3.5458  0.000e+00
     11.017    15.6484   4.021337    32.0087        853     3.5500  0.000e+00
     10.990    15.6489   4.021504    32.0098        854     3.5542  0.000e+00
     10.959    15.6495   4.021599    32.0102        855     3.5583  0.000e+00
     10.929    15.6507   4.021599    32.0092        856     3.5625  0.000e+00
     10.896    15.6513   4.021619    32.0089        857     3.5667  0.000e+00
     10.860    15.6519   4.021689    32.0090        858     3.5708  0.000e+00
     10.828    15.6526   4.021689    32.0085        859     3.5750  0.000e+00
     10.799    15.6529   4.021714    32.0085        860     3.5792  0.000e+00
     10.772    15.6532   4.021740    32.0085        861     3.5833  0.000e+00
     10.749    15.6534   4.021689    32.0078        862     3.5875  0.000e+00
     10.722    15.6536   4.021503    32.0061        863     3.5917  0.000e+00
     10.699    15.6525   4.021050    32.0030        864     3.5958  0.000e+00
     10.681    15.6497   4.020743    32.0025        865     3.6000  0.000e+00
     10.666    15.6466   4.020673    32.0044        866     3.6042  0.000e+00
     10.648    15.6443   4.020884    32.0082        867     3.6083  0.000e+00
     10.630    15.6437   4.021024    32.0099        868     3.6125  0.000e+00
     10.616    15.6446   4.021120    32.0100        869     3.6167  0.000e+00
     10.596    15.6457   4.021286    32.0106        870     3.6208  0.000e+00
     10.577    15.6470   4.021241    32.0092        871     3.6250  0.000e+00
     10.557    15.6474   4.021101    32.0076        872     3.6292  0.000e+00
     10.533    15.6474   4.020935    32.0062        873     3.6333  0.000e+00
     10.503    15.6462   4.020526    32.0035        874     3.6375  0.000e+00
     10.478    15.6440   4.020315    32.0034        875     3.6417  0.000e+00
     10.446    15.6409   4.020340    32.0062        876     3.6458  0.000e+00
     10.417    15.6394   4.020506    32.0089        877     3.6500  0.000e+00
     10.381    15.6395   4.020526    32.0090        878     3.6542  0.000e+00
     10.352    15.6400   4.020481    32.0082        879     3.6583  0.000e+00
     10.325    15.6400   4.020526    32.0086        880     3.6625  0.000e+00
     10.295    15.6402   4.020813    32.0110        881     3.6667  0.000e+00
     10.270    15.6414   4.021024    32.0119        882     3.6708  0.000e+00
     10.241    15.6433   4.021171    32.0116        883     3.6750  0.000e+00
     10.217    15.6454   4.021120    32.0095        884     3.6792  0.000e+00
     10.194    15.6464   4.020743    32.0054        885     3.6833  0.000e+00
     10.169    15.6455   4.020410    32.0031        886     3.6875  0.000e+00
     10.146    15.6429   4.020385    32.0051        887     3.6917  0.000e+00
     10.137    15.6410   4.020385    32.0066        888     3.6958  0.000e+00
     10.119    15.6399   4.020366    32.0073        889     3.7000  0.000e+00
     10.099    15.6392   4.020340    32.0077        890     3.7042  0.000e+00
     10.083    15.6388   4.020340    32.0080        891     3.7083  0.000e+00
     10.070    15.6388   4.020270    32.0074        892     3.7125  0.000e+00
     10.050    15.6382   4.020193    32.0072        893     3.7167  0.000e+00
     10.029    15.6377   4.020148    32.0072        894     3.7208  0.000e+00
     10.007    15.6370   4.020219    32.0084        895     3.7250  0.000e+00
      9.984    15.6368   4.020244    32.0088        896     3.7292  0.000e+00
      9.955    15.6370   4.020315    32.0093        897     3.7333  0.000e+00
      9.925    15.6374   4.020340    32.0092        898     3.7375  0.000e+00
      9.898    15.6381   4.020481    32.0099        899     3.7417  0.000e+00
      9.871    15.6390   4.020672    32.0109        900     3.7458  0.000e+00
      9.849    15.6404   4.020858    32.0114        901     3.7500  0.000e+00
      9.833    15.6420   4.020909    32.0105        902     3.7542  0.000e+00
      9.815    15.6434   4.020839    32.0088        903     3.7583  0.000e+00
      9.794    15.6439   4.020838    32.0084        904     3.7625  0.000e+00
      9.785    15.6442   4.020813    32.0079        905     3.7667  0.000e+00
      9.772    15.6439   4.020858    32.0086        906     3.7708  0.000e+00
      9.754    15.6442   4.020883    32.0086        907     3.7750  0.000e+00
      9.733    15.6445   4.020858    32.0081        908     3.7792  0.000e+00
      9.713    15.6445   4.020883    32.0083        909     3.7833  0.000e+00
      9.697    15.6446   4.020813    32.0076        910     3.7875  0.000e+00
      9.675    15.6444   4.020838    32.0080        911     3.7917  0.000e+00
      9.657    15.6444   4.020813    32.0078        912     3.7958  0.000e+00
      9.637    15.6443   4.020858    32.0083        913     3.8000  0.000e+00
      9.623    15.6446   4.020858    32.0081        914     3.8042  0.000e+00
      9.609    15.6446   4.020858    32.0081        915     3.8083  0.000e+00
      9.598    15.6448   4.020953    32.0088        916     3.8125  0.000e+00
      9.580    15.6450   4.021075    32.0097        917     3.8167  0.000e+00
      9.566    15.6459   4.021145    32.0095        918     3.8208  0.000e+00
      9.548    15.6469   4.021215    32.0094        919     3.8250  0.000e+00
      9.530    15.6478   4.021267    32.0091        920     3.8292  0.000e+00
      9.512    15.6485   4.021267    32.0086        921     3.8333  0.000e+00
      9.485    15.6492   4.021356    32.0088        922     3.8375  0.000e+00
      9.452    15.6497   4.021382    32.0086        923     3.8417  0.000e+00
      9.413    15.6500   4.021433    32.0088        924     3.8458  0.000e+00
      9.370    15.6507   4.021528    32.0091        925     3.8500  0.000e+00
      9.323    15.6516   4.021477    32.0080        926     3.8542  0.000e+00
      9.275    15.6521   4.021356    32.0065        927     3.8583  0.000e+00
      9.235    15.6515   4.021241    32.0060        928     3.8625  0.000e+00
      9.197    15.6504   4.021145    32.0060        929     3.8667  0.000e+00
      9.165    15.6493   4.021119    32.0067        930     3.8708  0.000e+00
      9.138    15.6488   4.021119    32.0072        931     3.8750  0.000e+00
      9.113    15.6482   4.021145    32.0079        932     3.8792  0.000e+00
      9.091    15.6481   4.021145    32.0079        933     3.8833  0.000e+00
      9.075    15.6481   4.021170    32.0082        934     3.8875  0.000e+00
      9.054    15.6482   4.021145    32.0079        935     3.8917  0.000e+00
      9.039    15.6483   4.021119    32.0076        936     3.8958  0.000e+00
      9.020    15.6482   4.021100    32.0075        937     3.9000  0.000e+00
      9.000    15.6480   4.021075    32.0075        938     3.9042  0.000e+00
      8.975    15.6476   4.021049    32.0076        939     3.9083  0.000e+00
      8.948    15.6475   4.021119    32.0083        940     3.9125  0.000e+00
      8.919    15.6476   4.021119    32.0082        941     3.9167  0.000e+00
      8.889    15.6478   4.021075    32.0076        942     3.9208  0.000e+00
      8.856    15.6474   4.021049    32.0078        943     3.9250  0.000e+00
      8.824    15.6475   4.021100    32.0081        944     3.9292  0.000e+00
      8.795    15.6474   4.021170    32.0089        945     3.9333  0.000e+00
      8.775    15.6480   4.021215    32.0088        946     3.9375  0.000e+00
      8.752    15.6484   4.021337    32.0096        947     3.9417  0.000e+00
      8.732    15.6492   4.021407    32.0095        948     3.9458  0.000e+00
      8.718    15.6501   4.021452    32.0092        949     3.9500  0.000e+00
      8.700    15.6508   4.021432    32.0084        950     3.9542  0.000e+00
      8.687    15.6514   4.021432    32.0080        951     3.9583  0.000e+00
      8.678    15.6513   4.021381    32.0076        952     3.9625  0.000e+00
      8.666    15.6513   4.021432    32.0081        953     3.9667  0.000e+00
      8.650    15.6513   4.021477    32.0085        954     3.9708  0.000e+00
      8.635    15.6517   4.021503    32.0084        955     3.9750  0.000e+00
      8.616    15.6519   4.021522    32.0084        956     3.9792  0.000e+00
      8.603    15.6522   4.021522    32.0081        957     3.9833  0.000e+00
      8.574    15.6523   4.021503    32.0079        958     3.9875  0.000e+00
      8.546    15.6524   4.021451    32.0074        959     3.9917  0.000e+00
      8.515    15.6522   4.021407    32.0071        960     3.9958  0.000e+00
      8.477    15.6519   4.021432    32.0076        961     4.0000  0.000e+00
      8.436    15.6518   4.021458    32.0080        962     4.0042  0.000e+00
      8.395    15.6519   4.021477    32.0081        963     4.0083  0.000e+00
      8.357    15.6522   4.021451    32.0077        964     4.0125  0.000e+00
      8.321    15.6522   4.021451    32.0077        965     4.0167  0.000e+00
      8.283    15.6522   4.021451    32.0077        966     4.0208  0.000e+00
      8.255    15.6520   4.021477    32.0081        967     4.0250  0.000e+00
      8.229    15.6522   4.021432    32.0075        968     4.0292  0.000e+00
      8.208    15.6521   4.021381    32.0072        969     4.0333  0.000e+00
      8.194    15.6519   4.021355    32.0071        970     4.0375  0.000e+00
      8.174    15.6514   4.021381    32.0077        971     4.0417  0.000e+00
      8.158    15.6514   4.021407    32.0080        972     4.0458  0.000e+00
      8.141    15.6515   4.021451    32.0083        973     4.0500  0.000e+00
      8.125    15.6516   4.021502    32.0086        974     4.0542  0.000e+00
      8.104    15.6522   4.021522    32.0083        975     4.0583  0.000e+00
      8.082    15.6525   4.021547    32.0084        976     4.0625  0.000e+00
      8.061    15.6529   4.021451    32.0072        977     4.0667  0.000e+00
      8.032    15.6529   4.021432    32.0070        978     4.0708  0.000e+00
      8.007    15.6533   4.021432    32.0067        979     4.0750  0.000e+00
      7.987    15.6533   4.021432    32.0067        980     4.0792  0.000e+00
      7.971    15.6533   4.021381    32.0062        981     4.0833  0.000e+00
      7.949    15.6531   4.021381    32.0064        982     4.0875  0.000e+00
      7.933    15.6530   4.021381    32.0066        983     4.0917  0.000e+00
      7.910    15.6532   4.021406    32.0066        984     4.0958  0.000e+00
      7.888    15.6530   4.021381    32.0066        985     4.1000  0.000e+00
      7.868    15.6533   4.021406    32.0065        986     4.1042  0.000e+00
      7.847    15.6530   4.021477    32.0074        987     4.1083  0.000e+00
      7.818    15.6535   4.021521    32.0074        988     4.1125  0.000e+00
      7.789    15.6536   4.021573    32.0078        989     4.1167  0.000e+00
      7.763    15.6539   4.021573    32.0075        990     4.1208  0.000e+00
      7.725    15.6540   4.021521    32.0070        991     4.1250  0.000e+00
      7.689    15.6539   4.021502    32.0070        992     4.1292  0.000e+00
      7.655    15.6539   4.021573    32.0076        993     4.1333  0.000e+00
      7.621    15.6540   4.021643    32.0082        994     4.1375  0.000e+00
      7.594    15.6544   4.021668    32.0081        995     4.1417  0.000e+00
      7.558    15.6545   4.021598    32.0074        996     4.1458  0.000e+00
      7.526    15.6547   4.021502    32.0064        997     4.1500  0.000e+00
      7.495    15.6544   4.021477    32.0064        998     4.1542  0.000e+00
      7.454    15.6541   4.021477    32.0066        999     4.1583  0.000e+00
      7.421    15.6541   4.021547    32.0073       1000     4.1625  0.000e+00
      7.389    15.6541   4.021655    32.0082       1001     4.1667  0.000e+00
      7.355    15.6542   4.021668    32.0083       1002     4.1708  0.000e+00
      7.321    15.6545   4.021617    32.0076       1003     4.1750  0.000e+00
      7.299    15.6548   4.021547    32.0067       1004     4.1792  0.000e+00
      7.280    15.6545   4.021451    32.0062       1005     4.1833  0.000e+00
      7.265    15.6541   4.021451    32.0065       1006     4.1875  0.000e+00
      7.260    15.6537   4.021381    32.0062       1007     4.1917  0.000e+00
      7.256    15.6535   4.021355    32.0061       1008     4.1958  0.000e+00
      7.253    15.6530   4.021336    32.0064       1009     4.2000  0.000e+00
      7.251    15.6528   4.021310    32.0063       1010     4.2042  0.000e+00
      7.253    15.6526   4.021285    32.0062       1011     4.2083  0.000e+00
      7.242    15.6522   4.021266    32.0064       1012     4.2125  0.000e+00
      7.235    15.6522   4.021266    32.0064       1013     4.2167  0.000e+00
      7.218    15.6519   4.021266    32.0066       1014     4.2208  0.000e+00
      7.195    15.6520   4.021285    32.0067       1015     4.2250  0.000e+00
      7.165    15.6519   4.021285    32.0068       1016     4.2292  0.000e+00
      7.125    15.6522   4.021310    32.0069       1017     4.2333  0.000e+00
      7.078    15.6522   4.021336    32.0070       1018     4.2375  0.000e+00
      7.034    15.6526   4.021381    32.0071       1019     4.2417  0.000e+00
      6.978    15.6530   4.021451    32.0075       1020     4.2458  0.000e+00
      6.924    15.6533   4.021476    32.0075       1021     4.2500  0.000e+00
      6.865    15.6538   4.021425    32.0066       1022     4.2542  0.000e+00
      6.813    15.6539   4.021406    32.0064       1023     4.2583  0.000e+00
      6.764    15.6538   4.021406    32.0065       1024     4.2625  0.000e+00
      6.723    15.6537   4.021432    32.0069       1025     4.2667  0.000e+00
      6.694    15.6538   4.021432    32.0068       1026     4.2708  0.000e+00
      6.673    15.6539   4.021432    32.0067       1027     4.2750  0.000e+00
      6.660    15.6541   4.021355    32.0058       1028     4.2792  0.000e+00
      6.644    15.6536   4.021310    32.0059       1029     4.2833  0.000e+00
      6.637    15.6532   4.021310    32.0062       1030     4.2875  0.000e+00
      6.628    15.6528   4.021240    32.0059       1031     4.2917  0.000e+00
      6.619    15.6524   4.021265    32.0065       1032     4.2958  0.000e+00
      6.606    15.6522   4.021240    32.0064       1033     4.3000  0.000e+00
      6.590    15.6519   4.021144    32.0058       1034     4.3042  0.000e+00
      6.570    15.6516   4.021118    32.0058       1035     4.3083  0.000e+00
