PC2406/sbe008.cnv
* Sea-Bird SBE 19plus V2 Data File:
* FileName = C:\cruise\data\009.hex
* Software Version Seasave V 7.26.7.121
* Temperature SN = 7142
* Conductivity SN = 7142
* System UpLoad Time = Oct 28 2024 01:56:31
* NMEA Latitude = 40 46.57 N
* NMEA Longitude = 070 41.93 W
* NMEA UTC (Time) = Oct 28 2024  01:56:29
** Ship: Pisces
** Cruise:  PC2406
** Program:  Fall ECOMON
# nquan = 7
# nvalues = 213                                   
# units = specified
# name 0 = depSM: Depth [salt water, m]
# name 1 = tv290C: Temperature [ITS-90, deg C]
# name 2 = c0S/m: Conductivity [S/m]
# name 3 = sal00: Salinity, Practical [PSU]
# name 4 = scan: Scan Count
# name 5 = timeM: Time, Elapsed [minutes]
# name 6 = flag:  0.000e+00
# span 0 =      0.088,     15.619                 
# span 1 =    14.7071,    16.4741                 
# span 2 =   0.000339,   4.168209                 
# span 3 =     0.0088,    33.4643                 
# span 4 =         11,        223                 
# span 5 =     0.0417,     0.9250                 
# span 6 = 0.0000e+00, 0.0000e+00                 
# interval = seconds: 0.25
# start_time = Oct 28 2024 01:56:29 [NMEA time, header]
# bad_flag = -9.990e-29
*END*
      6.568    15.9123   4.015799    31.7486         11     0.0417  0.000e+00
      6.717    15.8841   4.014164    31.7568         12     0.0458  0.000e+00
      6.866    15.8177   4.011751    31.7887         13     0.0500  0.000e+00
      7.015    15.7367   4.010188    31.8400         14     0.0542  0.000e+00
      7.166    15.6579   4.006902    31.8744         15     0.0583  0.000e+00
      7.317    15.5977   4.002252    31.8817         16     0.0625  0.000e+00
      7.475    15.5684   4.000217    31.8873         17     0.0667  0.000e+00
      7.640    15.5600   4.006080    31.9461         18     0.0708  0.000e+00
      7.798    15.5560   4.017446    32.0504         19     0.0750  0.000e+00
      7.961    15.5867   4.038237    32.2103         20     0.0792  0.000e+00
      8.114    15.6594   4.059214    32.3371         21     0.0833  0.000e+00
      8.261    15.7377   4.068732    32.3575         22     0.0875  0.000e+00
      8.415    15.8056   4.072058    32.3314         23     0.0917  0.000e+00
      8.566    15.8581   4.075071    32.3151         24     0.0958  0.000e+00
      8.715    15.8958   4.076761    32.2992         25     0.1000  0.000e+00
      8.862    15.9225   4.077731    32.2859         26     0.1042  0.000e+00
      9.003    15.9405   4.077776    32.2716         27     0.1083  0.000e+00
      9.144    15.9515   4.076715    32.2533         28     0.1125  0.000e+00
      9.301    15.9589   4.075167    32.2335         29     0.1167  0.000e+00
      9.455    15.9635   4.073772    32.2174         30     0.1208  0.000e+00
      9.613    15.9676   4.074036    32.2163         31     0.1250  0.000e+00
      9.771    15.9722   4.076349    32.2329         32     0.1292  0.000e+00
      9.925    15.9777   4.077802    32.2412         33     0.1333  0.000e+00
     10.076    15.9794   4.076953    32.2323         34     0.1375  0.000e+00
     10.229    15.9781   4.075559    32.2210         35     0.1417  0.000e+00
     10.387    15.9763   4.074010    32.2087         36     0.1458  0.000e+00
     10.532    15.9751   4.071935    32.1914         37     0.1500  0.000e+00
     10.678    15.9711   4.065808    32.1405         38     0.1542  0.000e+00
     10.818    15.9616   4.042153    31.9396         39     0.1583  0.000e+00
     10.965    15.9554   4.031533    31.8511         40     0.1625  0.000e+00
     11.118    15.9318   4.027535    31.8347         41     0.1667  0.000e+00
     11.276    15.8142   4.030249    31.9534         42     0.1708  0.000e+00
     11.439    15.6541   4.034519    32.1209         43     0.1750  0.000e+00
     11.599    15.5437   4.038239    32.2440         44     0.1792  0.000e+00
     11.755    15.4818   4.042204    32.3301         45     0.1833  0.000e+00
     11.917    15.4524   4.043953    32.3698         46     0.1875  0.000e+00
     12.069    15.4483   4.037671    32.3170         47     0.1917  0.000e+00
     12.211    15.4526   4.029493    32.2404         48     0.1958  0.000e+00
     12.346    15.4138   4.024358    32.2264         49     0.2000  0.000e+00
     12.473    15.3479   4.018255    32.2259         50     0.2042  0.000e+00
     12.601    15.2873   4.010911    32.2098         51     0.2083  0.000e+00
     12.730    15.2276   4.008429    32.2366         52     0.2125  0.000e+00
     12.863    15.1413   4.007313    32.2976         53     0.2167  0.000e+00
     13.003    15.0662   4.004551    32.3347         54     0.2208  0.000e+00
     13.143    15.0146   4.000960    32.3450         55     0.2250  0.000e+00
     13.288    14.9682   3.998557    32.3617         56     0.2292  0.000e+00
     13.443    14.9252   3.997378    32.3866         57     0.2333  0.000e+00
     13.601    14.8898   3.996715    32.4100         58     0.2375  0.000e+00
     13.761    14.8597   3.996480    32.4328         59     0.2417  0.000e+00
     13.917    14.8335   3.995632    32.4469         60     0.2458  0.000e+00
     14.071    14.8182   3.994619    32.4504         61     0.2500  0.000e+00
     14.224    14.8068   3.993701    32.4515         62     0.2542  0.000e+00
     14.376    14.7926   3.992599    32.4534         63     0.2583  0.000e+00
     14.527    14.7782   3.992192    32.4615         64     0.2625  0.000e+00
     14.671    14.7624   3.991771    32.4709         65     0.2667  0.000e+00
     14.818    14.7499   3.991230    32.4763         66     0.2708  0.000e+00
     14.965    14.7412   3.990905    32.4806         67     0.2750  0.000e+00
     15.113    14.7333   3.990459    32.4831         68     0.2792  0.000e+00
     15.276    14.7275   3.990740    32.4905         69     0.2833  0.000e+00
     15.389    14.7219   3.989631    32.4850         70     0.2875  0.000e+00
     15.497    14.7189   3.989020    32.4819         71     0.2917  0.000e+00
     15.542    14.7223   3.988810    32.4772         72     0.2958  0.000e+00
     15.549    14.7202   3.988695    32.4779         73     0.3000  0.000e+00
     15.531    14.7165   3.989090    32.4845         74     0.3042  0.000e+00
     15.524    14.7129   3.989963    32.4954         75     0.3083  0.000e+00
     15.545    14.7088   3.990619    32.5048         76     0.3125  0.000e+00
     15.581    14.7071   3.991919    32.5180         77     0.3167  0.000e+00
     15.610    14.7109   3.993232    32.5268         78     0.3208  0.000e+00
     15.617    14.7189   3.993703    32.5244         79     0.3250  0.000e+00
     15.619    14.7303   3.993824    32.5160         80     0.3292  0.000e+00
     15.601    14.7391   3.993684    32.5074         81     0.3333  0.000e+00
     15.590    14.7458   3.993614    32.5011         82     0.3375  0.000e+00
     15.578    14.7477   3.993422    32.4978         83     0.3417  0.000e+00
     15.562    14.7482   3.993091    32.4943         84     0.3458  0.000e+00
     15.538    14.7480   3.992320    32.4875         85     0.3500  0.000e+00
     15.479    14.7478   3.999383    32.5518         86     0.3542  0.000e+00
     15.391    14.8299   4.075936    33.1777         87     0.3583  0.000e+00
     15.263    15.1733   4.139948    33.4643         88     0.3625  0.000e+00
     15.125    15.6259   4.152731    33.1951         89     0.3667  0.000e+00
     14.969    15.9663   4.159892    32.9740         90     0.3708  0.000e+00
     14.813    16.1813   4.162002    32.8145         91     0.3750  0.000e+00
     14.617    16.3114   4.167045    32.7518         92     0.3792  0.000e+00
     14.389    16.3932   4.167614    32.6897         93     0.3833  0.000e+00
     14.143    16.4395   4.166933    32.6459         94     0.3875  0.000e+00
     13.897    16.4621   4.166154    32.6207         95     0.3917  0.000e+00
     13.649    16.4673   4.165363    32.6097         96     0.3958  0.000e+00
     13.396    16.4674   4.166076    32.6159         97     0.4000  0.000e+00
     13.141    16.4684   4.166076    32.6152         98     0.4042  0.000e+00
     12.879    16.4682   4.166847    32.6222         99     0.4083  0.000e+00
     12.620    16.4705   4.168209    32.6323        100     0.4125  0.000e+00
     12.374    16.4741   4.165959    32.6098        101     0.4167  0.000e+00
     12.123    16.4715   4.164020    32.5950        102     0.4208  0.000e+00
     11.877    16.4650   4.163702    32.5977        103     0.4250  0.000e+00
     11.626    16.4587   4.161193    32.5810        104     0.4292  0.000e+00
     11.390    16.4484   4.161148    32.5891        105     0.4333  0.000e+00
     11.146    16.4394   4.160137    32.5876        106     0.4375  0.000e+00
     10.915    16.4337   4.161854    32.6074        107     0.4417  0.000e+00
     10.672    16.4326   4.159022    32.5837        108     0.4458  0.000e+00
     10.428    16.4258   4.156890    32.5707        109     0.4500  0.000e+00
     10.196    16.4142   4.152965    32.5459        110     0.4542  0.000e+00
      9.945    16.3933   4.145720    32.4996        111     0.4583  0.000e+00
      9.699    16.3609   4.144925    32.5192        112     0.4625  0.000e+00
      9.448    16.3338   4.137984    32.4805        113     0.4667  0.000e+00
      9.198    16.3012   4.134331    32.4752        114     0.4708  0.000e+00
      8.941    16.2686   4.133271    32.4926        115     0.4750  0.000e+00
      8.681    16.2450   4.132922    32.5088        116     0.4792  0.000e+00
      8.415    16.2316   4.135967    32.5467        117     0.4833  0.000e+00
      8.153    16.2322   4.138431    32.5679        118     0.4875  0.000e+00
      7.886    16.2408   4.137460    32.5525        119     0.4917  0.000e+00
      7.618    16.2449   4.132088    32.5020        120     0.4958  0.000e+00
      7.358    16.2321   4.122702    32.4302        121     0.5000  0.000e+00
      7.087    16.1970   4.119526    32.4310        122     0.5042  0.000e+00
      6.817    16.1618   4.116460    32.4328        123     0.5083  0.000e+00
      6.550    16.1318   4.115660    32.4504        124     0.5125  0.000e+00
      6.282    16.1108   4.115273    32.4642        125     0.5167  0.000e+00
      6.029    16.0986   4.114906    32.4711        126     0.5208  0.000e+00
      5.787    16.0907   4.115222    32.4804        127     0.5250  0.000e+00
      5.539    16.0873   4.116364    32.4934        128     0.5292  0.000e+00
      5.279    16.0895   4.117248    32.4994        129     0.5333  0.000e+00
      5.035    16.0944   4.118326    32.5050        130     0.5375  0.000e+00
      4.776    16.0997   4.116273    32.4827        131     0.5417  0.000e+00
      4.544    16.0984   4.114976    32.4724        132     0.5458  0.000e+00
      4.327    16.0922   4.113628    32.4657        133     0.5500  0.000e+00
      4.112    16.0841   4.113976    32.4755        134     0.5542  0.000e+00
      3.905    16.0794   4.115150    32.4897        135     0.5583  0.000e+00
      3.711    16.0805   4.115976    32.4962        136     0.5625  0.000e+00
      3.523    16.0841   4.115976    32.4933        137     0.5667  0.000e+00
      3.327    16.0876   4.115408    32.4855        138     0.5708  0.000e+00
      3.151    16.0867   4.111782    32.4544        139     0.5750  0.000e+00
      2.948    16.0748   4.110003    32.4485        140     0.5792  0.000e+00
      2.776    16.0591   4.110441    32.4653        141     0.5833  0.000e+00
      2.609    16.0503   4.112073    32.4869        142     0.5875  0.000e+00
      2.402    16.0513   4.113376    32.4976        143     0.5917  0.000e+00
      2.237    16.0577   4.111125    32.4726        144     0.5958  0.000e+00
      2.108    16.0560   4.111292    32.4755        145     0.6000  0.000e+00
      1.946    16.0519   4.110950    32.4759        146     0.6042  0.000e+00
      1.794    16.0492   4.110073    32.4705        147     0.6083  0.000e+00
      1.648    16.0450   4.110338    32.4763        148     0.6125  0.000e+00
      1.519    16.0430   4.110970    32.4836        149     0.6167  0.000e+00
      1.406    16.0441   4.111389    32.4864        150     0.6208  0.000e+00
      1.287    16.0466   4.112221    32.4917        151     0.6250  0.000e+00
      1.142    16.0515   4.113292    32.4972        152     0.6292  0.000e+00
      0.948    16.0581   4.112537    32.4852        153     0.6333  0.000e+00
      0.770    16.0605   4.112066    32.4792        154     0.6375  0.000e+00
      0.621    16.0590   4.112220    32.4818        155     0.6417  0.000e+00
      0.435    16.0572   4.113781    32.4971        156     0.6458  0.000e+00
      0.207    16.0602   4.110118    32.4625        157     0.6500  0.000e+00
      0.108    16.0515   4.106584    32.4384        158     0.6542  0.000e+00
      0.095    16.0406   1.302904     9.2237        159     0.6583  0.000e+00
      0.092    16.0053   0.562375     3.7422        160     0.6625  0.000e+00
      0.094    15.9223   0.367177     2.3817        161     0.6667  0.000e+00
      0.095    15.8366   0.328477     2.1208        162     0.6708  0.000e+00
      0.094    15.7852   0.284678     1.8250        163     0.6750  0.000e+00
      0.088    15.7656   0.240562     1.5283        164     0.6792  0.000e+00
      0.095    15.7561   0.221566     1.4016        165     0.6833  0.000e+00
      0.094    15.7524   0.215095     1.3586        166     0.6875  0.000e+00
      0.094    15.7509   0.199997     1.2584        167     0.6917  0.000e+00
      0.097    15.7503   0.183249     1.1478        168     0.6958  0.000e+00
      0.097    15.7497   0.171593     1.0712        169     0.7000  0.000e+00
      0.099    15.7482   0.154449     0.9592        170     0.7042  0.000e+00
      0.101    15.7471   0.147969     0.9171        171     0.7083  0.000e+00
      0.099    15.7456   0.140751     0.8703        172     0.7125  0.000e+00
      0.099    15.7437   0.126339     0.7773        173     0.7167  0.000e+00
      0.099    15.7421   0.112238     0.6869        174     0.7208  0.000e+00
      0.103    15.7403   0.106209     0.6484        175     0.7250  0.000e+00
      0.101    15.7384   0.102784     0.6267        176     0.7292  0.000e+00
      0.097    15.7364   0.092293     0.5602        177     0.7333  0.000e+00
      0.099    15.7339   0.080418     0.4855        178     0.7375  0.000e+00
      0.106    15.7314   0.074015     0.4454        179     0.7417  0.000e+00
      0.102    15.7292   0.068653     0.4121        180     0.7458  0.000e+00
      0.103    15.7266   0.062830     0.3760        181     0.7500  0.000e+00
      0.106    15.7241   0.058720     0.3506        182     0.7542  0.000e+00
      0.108    15.7218   0.054526     0.3248        183     0.7583  0.000e+00
      0.106    15.7190   0.047635     0.2826        184     0.7625  0.000e+00
      0.110    15.7164   0.035952     0.2119        185     0.7667  0.000e+00
      0.113    15.7139   0.035652     0.2101        186     0.7708  0.000e+00
      0.115    15.7107   0.035601     0.2098        187     0.7750  0.000e+00
      0.110    15.7079   0.035303     0.2080        188     0.7792  0.000e+00
      0.111    15.7051   0.035040     0.2064        189     0.7833  0.000e+00
      0.111    15.7021   0.034346     0.2023        190     0.7875  0.000e+00
      0.106    15.6991   0.032287     0.1900        191     0.7917  0.000e+00
      0.110    15.6955   0.032901     0.1937        192     0.7958  0.000e+00
      0.108    15.6920   0.032481     0.1912        193     0.8000  0.000e+00
      0.113    15.6891   0.032293     0.1900        194     0.8042  0.000e+00
      0.120    15.6860   0.031645     0.1862        195     0.8083  0.000e+00
      0.115    15.6822   0.030461     0.1791        196     0.8125  0.000e+00
      0.113    15.6789   0.029740     0.1748        197     0.8167  0.000e+00
      0.117    15.6753   0.029381     0.1727        198     0.8208  0.000e+00
      0.117    15.6722   0.029098     0.1710        199     0.8250  0.000e+00
      0.113    15.6691   0.028902     0.1699        200     0.8292  0.000e+00
      0.113    15.6659   0.027993     0.1645        201     0.8333  0.000e+00
      0.111    15.6628   0.026826     0.1576        202     0.8375  0.000e+00
      0.117    15.6594   0.025952     0.1524        203     0.8417  0.000e+00
      0.115    15.6562   0.025676     0.1508        204     0.8458  0.000e+00
      0.115    15.6533   0.024993     0.1467        205     0.8500  0.000e+00
      0.113    15.6498   0.023745     0.1394        206     0.8542  0.000e+00
      0.113    15.6464   0.022291     0.1308        207     0.8583  0.000e+00
      0.115    15.6433   0.021183     0.1243        208     0.8625  0.000e+00
      0.115    15.6402   0.020284     0.1191        209     0.8667  0.000e+00
      0.110    15.6365   0.019183     0.1126        210     0.8708  0.000e+00
      0.115    15.6335   0.018029     0.1059        211     0.8750  0.000e+00
      0.111    15.6304   0.017026     0.1001        212     0.8792  0.000e+00
      0.111    15.6272   0.015721     0.0926        213     0.8833  0.000e+00
      0.117    15.6240   0.014332     0.0845        214     0.8875  0.000e+00
      0.113    15.6204   0.013571     0.0802        215     0.8917  0.000e+00
