PC2406/sbe021.cnv
* Sea-Bird SBE 19plus V2 Data File:
* FileName = C:\cruise\data\sbe021.hex
* Software Version Seasave V 7.26.7.121
* Temperature SN = 7142
* Conductivity SN = 7142
* System UpLoad Time = Oct 29 2024 05:22:46
* NMEA Latitude = 40 13.33 N
* NMEA Longitude = 072 14.99 W
* NMEA UTC (Time) = Oct 29 2024  05:22:44
** Ship: Pisces
** Cruise:  PC2406
** Program:  Fall ECOMON
# nquan = 7
# nvalues = 1550                                  
# units = specified
# name 0 = depSM: Depth [salt water, m]
# name 1 = tv290C: Temperature [ITS-90, deg C]
# name 2 = c0S/m: Conductivity [S/m]
# name 3 = sal00: Salinity, Practical [PSU]
# name 4 = scan: Scan Count
# name 5 = timeM: Time, Elapsed [minutes]
# name 6 = flag:  0.000e+00
# span 0 =      0.150,     57.606                 
# span 1 =    12.4720,    18.6716                 
# span 2 =   0.000005,   4.517569                 
# span 3 =     0.0065,    33.8471                 
# span 4 =         11,       1560                 
# span 5 =     0.0417,     6.4958                 
# span 6 = 0.0000e+00, 0.0000e+00                 
# interval = seconds: 0.25
# start_time = Oct 29 2024 05:22:44 [NMEA time, header]
# bad_flag = -9.990e-29
*END*
[from data line 206]
     19.772    17.5379   4.347073    33.3031        217     0.9000  0.000e+00
     19.883    17.5477   4.348412    33.3065        218     0.9042  0.000e+00
     19.998    17.5560   4.350215    33.3151        219     0.9083  0.000e+00
     20.111    17.5652   4.352163    33.3242        220     0.9125  0.000e+00
     20.224    17.5752   4.354315    33.3343        221     0.9167  0.000e+00
     20.337    17.5864   4.355716    33.3371        222     0.9208  0.000e+00
     20.452    17.5971   4.356416    33.3342        223     0.9250  0.000e+00
     20.565    17.6052   4.357816    33.3395        224     0.9292  0.000e+00
     20.684    17.6125   4.359633    33.3491        225     0.9333  0.000e+00
     20.810    17.6202   4.361405    33.3578        226     0.9375  0.000e+00
     20.943    17.6289   4.363110    33.3652        227     0.9417  0.000e+00
     21.075    17.6375   4.364690    33.3716        228     0.9458  0.000e+00
     21.214    17.6465   4.366217    33.3772        229     0.9500  0.000e+00
     21.357    17.6551   4.368003    33.3854        230     0.9542  0.000e+00
     21.497    17.6640   4.369008    33.3867        231     0.9583  0.000e+00
     21.645    17.6716   4.369286    33.3827        232     0.9625  0.000e+00
     21.799    17.6767   4.369510    33.3804        233     0.9667  0.000e+00
     21.943    17.6796   4.369656    33.3792        234     0.9708  0.000e+00
     22.081    17.6810   4.369716    33.3785        235     0.9750  0.000e+00
     22.216    17.6811   4.369762    33.3788        236     0.9792  0.000e+00
     22.347    17.6817   4.369788    33.3785        237     0.9833  0.000e+00
     22.482    17.6816   4.369762    33.3783        238     0.9875  0.000e+00
     22.602    17.6812   4.369868    33.3795        239     0.9917  0.000e+00
     22.715    17.6808   4.370040    33.3812        240     0.9958  0.000e+00
     22.824    17.6809   4.370219    33.3826        241     1.0000  0.000e+00
     22.925    17.6813   4.370192    33.3820        242     1.0042  0.000e+00
     23.026    17.6812   4.370139    33.3816        243     1.0083  0.000e+00
     23.115    17.6811   4.370417    33.3840        244     1.0125  0.000e+00
     23.203    17.6819   4.370523    33.3843        245     1.0167  0.000e+00
     23.295    17.6826   4.370596    33.3842        246     1.0208  0.000e+00
     23.383    17.6831   4.370695    33.3846        247     1.0250  0.000e+00
     23.480    17.6838   4.370748    33.3845        248     1.0292  0.000e+00
     23.581    17.6842   4.370735    33.3840        249     1.0333  0.000e+00
     23.686    17.6846   4.370794    33.3842        250     1.0375  0.000e+00
     23.791    17.6848   4.370847    33.3844        251     1.0417  0.000e+00
     23.904    17.6851   4.370900    33.3845        252     1.0458  0.000e+00
     24.022    17.6855   4.371000    33.3851        253     1.0500  0.000e+00
     24.155    17.6862   4.370973    33.3842        254     1.0542  0.000e+00
     24.288    17.6862   4.370874    33.3833        255     1.0583  0.000e+00
     24.426    17.6857   4.370596    33.3813        256     1.0625  0.000e+00
     24.565    17.6838   4.370041    33.3781        257     1.0667  0.000e+00
     24.706    17.6807   4.370259    33.3824        258     1.0708  0.000e+00
     24.852    17.6778   4.371046    33.3915        259     1.0750  0.000e+00
     25.001    17.6781   4.372912    33.4071        260     1.0792  0.000e+00
     25.148    17.6830   4.374573    33.4173        261     1.0833  0.000e+00
     25.288    17.6910   4.376406    33.4263        262     1.0875  0.000e+00
     25.437    17.7005   4.377889    33.4310        263     1.0917  0.000e+00
     25.577    17.7104   4.379279    33.4347        264     1.0958  0.000e+00
     25.721    17.7199   4.380643    33.4385        265     1.1000  0.000e+00
     25.858    17.7291   4.381246    33.4361        266     1.1042  0.000e+00
     25.990    17.7367   4.381802    33.4345        267     1.1083  0.000e+00
     26.111    17.7422   4.382206    33.4334        268     1.1125  0.000e+00
     26.229    17.7464   4.382504    33.4324        269     1.1167  0.000e+00
     26.341    17.7495   4.382815    33.4325        270     1.1208  0.000e+00
     26.452    17.7518   4.383014    33.4322        271     1.1250  0.000e+00
     26.560    17.7542   4.383067    33.4307        272     1.1292  0.000e+00
     26.657    17.7556   4.383166    33.4304        273     1.1333  0.000e+00
     26.759    17.7563   4.383219    33.4302        274     1.1375  0.000e+00
     26.863    17.7573   4.383292    33.4299        275     1.1417  0.000e+00
     26.966    17.7579   4.383318    33.4297        276     1.1458  0.000e+00
     27.070    17.7584   4.383319    33.4293        277     1.1500  0.000e+00
     27.181    17.7585   4.383266    33.4286        278     1.1542  0.000e+00
     27.283    17.7585   4.383239    33.4284        279     1.1583  0.000e+00
     27.391    17.7584   4.383246    33.4285        280     1.1625  0.000e+00
     27.504    17.7584   4.383292    33.4289        281     1.1667  0.000e+00
     27.625    17.7582   4.383266    33.4288        282     1.1708  0.000e+00
     27.741    17.7580   4.383239    33.4286        283     1.1750  0.000e+00
     27.862    17.7579   4.383167    33.4280        284     1.1792  0.000e+00
     27.980    17.7577   4.383239    33.4288        285     1.1833  0.000e+00
     28.104    17.7579   4.383451    33.4304        286     1.1875  0.000e+00
     28.230    17.7582   4.383697    33.4322        287     1.1917  0.000e+00
     28.363    17.7593   4.383849    33.4326        288     1.1958  0.000e+00
     28.496    17.7605   4.383948    33.4324        289     1.2000  0.000e+00
     28.627    17.7616   4.384048    33.4323        290     1.2042  0.000e+00
     28.763    17.7623   4.384008    33.4313        291     1.2083  0.000e+00
     28.903    17.7630   4.383975    33.4304        292     1.2125  0.000e+00
     29.047    17.7628   4.384147    33.4319        293     1.2167  0.000e+00
     29.196    17.7633   4.384426    33.4339        294     1.2208  0.000e+00
     29.334    17.7642   4.384578    33.4344        295     1.2250  0.000e+00
     29.476    17.7655   4.384578    33.4333        296     1.2292  0.000e+00
     29.618    17.7660   4.384512    33.4323        297     1.2333  0.000e+00
     29.763    17.7660   4.384379    33.4311        298     1.2375  0.000e+00
     29.907    17.7655   4.384227    33.4301        299     1.2417  0.000e+00
     30.036    17.7647   4.384101    33.4296        300     1.2458  0.000e+00
     30.160    17.7636   4.384022    33.4298        301     1.2500  0.000e+00
     30.272    17.7625   4.384048    33.4309        302     1.2542  0.000e+00
     30.379    17.7620   4.384088    33.4316        303     1.2583  0.000e+00
     30.493    17.7616   4.384327    33.4340        304     1.2625  0.000e+00
     30.602    17.7622   4.384704    33.4367        305     1.2667  0.000e+00
     30.704    17.7635   4.384883    33.4370        306     1.2708  0.000e+00
     30.801    17.7651   4.385135    33.4378        307     1.2750  0.000e+00
     30.918    17.7662   4.385234    33.4377        308     1.2792  0.000e+00
     31.026    17.7674   4.385433    33.4384        309     1.2833  0.000e+00
     31.143    17.7683   4.385692    33.4398        310     1.2875  0.000e+00
     31.261    17.7695   4.385791    33.4396        311     1.2917  0.000e+00
     31.383    17.7704   4.385870    33.4396        312     1.2958  0.000e+00
     31.500    17.7712   4.385996    33.4399        313     1.3000  0.000e+00
     31.627    17.7719   4.386122    33.4404        314     1.3042  0.000e+00
     31.760    17.7724   4.386149    33.4401        315     1.3083  0.000e+00
     31.888    17.7730   4.386169    33.4398        316     1.3125  0.000e+00
     32.005    17.7733   4.386169    33.4395        317     1.3167  0.000e+00
     32.125    17.7734   4.386149    33.4392        318     1.3208  0.000e+00
     32.247    17.7732   4.386401    33.4415        319     1.3250  0.000e+00
     32.367    17.7737   4.386911    33.4454        320     1.3292  0.000e+00
     32.493    17.7754   4.387335    33.4476        321     1.3333  0.000e+00
     32.624    17.7779   4.387487    33.4467        322     1.3375  0.000e+00
     32.750    17.7797   4.387587    33.4461        323     1.3417  0.000e+00
     32.888    17.7814   4.387633    33.4450        324     1.3458  0.000e+00
     33.030    17.7823   4.387713    33.4449        325     1.3500  0.000e+00
     33.174    17.7829   4.387759    33.4447        326     1.3542  0.000e+00
     33.321    17.7833   4.387812    33.4448        327     1.3583  0.000e+00
     33.465    17.7837   4.387839    33.4447        328     1.3625  0.000e+00
     33.605    17.7838   4.387865    33.4447        329     1.3667  0.000e+00
     33.736    17.7841   4.387866    33.4445        330     1.3708  0.000e+00
     33.874    17.7841   4.387813    33.4440        331     1.3750  0.000e+00
     34.007    17.7838   4.387813    33.4441        332     1.3792  0.000e+00
     34.136    17.7838   4.387866    33.4445        333     1.3833  0.000e+00
     34.262    17.7836   4.387866    33.4447        334     1.3875  0.000e+00
     34.390    17.7838   4.387912    33.4448        335     1.3917  0.000e+00
     34.521    17.7839   4.387912    33.4447        336     1.3958  0.000e+00
     34.654    17.7842   4.387992    33.4451        337     1.4000  0.000e+00
     34.795    17.7844   4.388025    33.4452        338     1.4042  0.000e+00
     34.935    17.7846   4.388018    33.4449        339     1.4083  0.000e+00
     35.068    17.7848   4.388018    33.4447        340     1.4125  0.000e+00
     35.201    17.7848   4.388019    33.4447        341     1.4167  0.000e+00
     35.331    17.7848   4.387966    33.4442        342     1.4208  0.000e+00
     35.458    17.7847   4.388045    33.4449        343     1.4250  0.000e+00
     35.580    17.7849   4.388131    33.4454        344     1.4292  0.000e+00
     35.690    17.7848   4.388191    33.4460        345     1.4333  0.000e+00
     35.797    17.7852   4.388191    33.4456        346     1.4375  0.000e+00
     35.902    17.7853   4.388191    33.4455        347     1.4417  0.000e+00
     36.015    17.7855   4.388145    33.4449        348     1.4458  0.000e+00
     36.135    17.7855   4.388145    33.4448        349     1.4500  0.000e+00
     36.259    17.7854   4.388317    33.4463        350     1.4542  0.000e+00
     36.379    17.7861   4.388397    33.4463        351     1.4583  0.000e+00
     36.507    17.7864   4.388317    33.4454        352     1.4625  0.000e+00
     36.634    17.7869   4.388244    33.4443        353     1.4667  0.000e+00
     36.762    17.7866   4.388244    33.4445        354     1.4708  0.000e+00
     36.898    17.7864   4.388245    33.4447        355     1.4750  0.000e+00
     37.028    17.7864   4.388238    33.4445        356     1.4792  0.000e+00
     37.161    17.7861   4.388245    33.4448        357     1.4833  0.000e+00
     37.288    17.7861   4.388318    33.4453        358     1.4875  0.000e+00
     37.417    17.7859   4.388298    33.4453        359     1.4917  0.000e+00
     37.547    17.7861   4.388298    33.4451        360     1.4958  0.000e+00
     37.674    17.7861   4.388245    33.4446        361     1.5000  0.000e+00
     37.796    17.7862   4.388238    33.4444        362     1.5042  0.000e+00
     37.920    17.7859   4.388192    33.4442        363     1.5083  0.000e+00
     38.044    17.7855   4.388344    33.4458        364     1.5125  0.000e+00
     38.172    17.7859   4.388371    33.4457        365     1.5167  0.000e+00
     38.305    17.7864   4.388371    33.4452        366     1.5208  0.000e+00
     38.434    17.7866   4.388345    33.4447        367     1.5250  0.000e+00
     38.567    17.7866   4.388371    33.4450        368     1.5292  0.000e+00
     38.709    17.7870   4.388596    33.4465        369     1.5333  0.000e+00
     38.843    17.7872   4.388722    33.4473        370     1.5375  0.000e+00
     38.987    17.7881   4.388928    33.4483        371     1.5417  0.000e+00
     39.127    17.7893   4.389054    33.4484        372     1.5458  0.000e+00
     39.269    17.7904   4.389206    33.4487        373     1.5500  0.000e+00
     39.406    17.7909   4.389133    33.4476        374     1.5542  0.000e+00
     39.544    17.7916   4.389233    33.4479        375     1.5583  0.000e+00
     39.682    17.7920   4.389385    33.4488        376     1.5625  0.000e+00
     39.819    17.7925   4.389511    33.4494        377     1.5667  0.000e+00
     39.950    17.7937   4.389962    33.4522        378     1.5708  0.000e+00
     40.077    17.7950   4.391228    33.4618        379     1.5750  0.000e+00
     40.199    17.7994   4.392627    33.4701        380     1.5792  0.000e+00
     40.327    17.8070   4.393581    33.4720        381     1.5833  0.000e+00
     40.447    17.8145   4.394443    33.4731        382     1.5875  0.000e+00
     40.576    17.8216   4.396214    33.4823        383     1.5917  0.000e+00
     40.702    17.8305   4.397022    33.4818        384     1.5958  0.000e+00
     40.831    17.8390   4.397633    33.4800        385     1.6000  0.000e+00
     40.955    17.8453   4.398316    33.4806        386     1.6042  0.000e+00
     41.090    17.8509   4.398793    33.4800        387     1.6083  0.000e+00
     41.212    17.8554   4.399052    33.4784        388     1.6125  0.000e+00
     41.334    17.8592   4.399357    33.4779        389     1.6167  0.000e+00
     41.446    17.8619   4.399331    33.4754        390     1.6208  0.000e+00
     41.561    17.8636   4.399205    33.4729        391     1.6250  0.000e+00
     41.670    17.8638   4.399205    33.4727        392     1.6292  0.000e+00
     41.782    17.8639   4.399178    33.4724        393     1.6333  0.000e+00
     41.886    17.8638   4.399218    33.4728        394     1.6375  0.000e+00
     41.984    17.8638   4.399231    33.4729        395     1.6417  0.000e+00
     42.094    17.8641   4.399357    33.4736        396     1.6458  0.000e+00
     42.198    17.8644   4.399384    33.4735        397     1.6500  0.000e+00
     42.319    17.8649   4.399231    33.4718        398     1.6542  0.000e+00
     42.439    17.8648   4.399231    33.4718        399     1.6583  0.000e+00
     42.561    17.8645   4.399258    33.4722        400     1.6625  0.000e+00
     42.683    17.8648   4.399935    33.4777        401     1.6667  0.000e+00
     42.812    17.8661   4.400598    33.4822        402     1.6708  0.000e+00
     42.940    17.8696   4.401082    33.4834        403     1.6750  0.000e+00
     43.073    17.8730   4.401766    33.4864        404     1.6792  0.000e+00
     43.211    17.8772   4.402781    33.4916        405     1.6833  0.000e+00
     43.342    17.8825   4.403438    33.4928        406     1.6875  0.000e+00
     43.477    17.8883   4.403743    33.4905        407     1.6917  0.000e+00
     43.612    17.8923   4.404685    33.4952        408     1.6958  0.000e+00
     43.752    17.8971   4.407307    33.5136        409     1.7000  0.000e+00
     43.899    17.9073   4.410653    33.5336        410     1.7042  0.000e+00
     44.053    17.9236   4.411902    33.5307        411     1.7083  0.000e+00
     44.202    17.9388   4.412818    33.5260        412     1.7125  0.000e+00
     44.352    17.9498   4.413755    33.5249        413     1.7167  0.000e+00
     44.506    17.9592   4.415362    33.5307        414     1.7208  0.000e+00
     44.660    17.9689   4.419336    33.5565        415     1.7250  0.000e+00
     44.808    17.9855   4.426349    33.6024        416     1.7292  0.000e+00
     44.950    18.0144   4.429954    33.6092        417     1.7333  0.000e+00
     45.074    18.0445   4.430852    33.5920        418     1.7375  0.000e+00
     45.197    18.0647   4.435124    33.6116        419     1.7417  0.000e+00
     45.307    18.0859   4.436481    33.6056        420     1.7458  0.000e+00
