PC2406/sbe046.cnv
* Sea-Bird SBE 19plus V2 Data File:
* FileName = C:\cruise\data\sbe046.hex
* Software Version Seasave V 7.26.7.121
* Temperature SN = 7142
* Conductivity SN = 7142
* System UpLoad Time = Nov 08 2024 09:28:51
* NMEA Latitude = 37 16.54 N
* NMEA Longitude = 075 33.73 W
* NMEA UTC (Time) = Nov 08 2024  09:28:44
** Ship: Pisces
** Cruise:  PC2406
** Program:  Fall ECOMON
# nquan = 7
# nvalues = 1281                                  
# units = specified
# name 0 = depSM: Depth [salt water, m]
# name 1 = tv290C: Temperature [ITS-90, deg C]
# name 2 = c0S/m: Conductivity [S/m]
# name 3 = sal00: Salinity, Practical [PSU]
# name 4 = scan: Scan Count
# name 5 = timeM: Time, Elapsed [minutes]
# name 6 = flag:  0.000e+00
# span 0 =      0.015,     16.127                 
# span 1 =    18.0458,    18.7027                 
# span 2 =   0.000078,   4.290287                 
# span 3 =     0.0091,    32.1713                 
# span 4 =         11,       1291                 
# span 5 =     0.0417,     5.3750                 
# span 6 = 0.0000e+00, 0.0000e+00                 
# interval = seconds: 0.25
# start_time = Nov 08 2024 09:28:44 [NMEA time, header]
# bad_flag = -9.990e-29
*END*
[from data line 1026]
      3.371    18.7004   4.271572    31.7491       1037     4.3167  0.000e+00
      3.361    18.7005   4.271638    31.7495       1038     4.3208  0.000e+00
      3.357    18.7006   4.271671    31.7497       1039     4.3250  0.000e+00
      3.362    18.7009   4.271690    31.7497       1040     4.3292  0.000e+00
      3.359    18.7013   4.271670    31.7492       1041     4.3333  0.000e+00
      3.359    18.7013   4.271612    31.7487       1042     4.3375  0.000e+00
      3.366    18.7014   4.271592    31.7485       1043     4.3417  0.000e+00
      3.362    18.7011   4.271500    31.7479       1044     4.3458  0.000e+00
      3.366    18.7011   4.271435    31.7474       1045     4.3500  0.000e+00
      3.370    18.7005   4.271376    31.7473       1046     4.3542  0.000e+00
      3.375    18.7000   4.271304    31.7471       1047     4.3583  0.000e+00
      3.379    18.6994   4.271304    31.7476       1048     4.3625  0.000e+00
      3.375    18.6991   4.271330    31.7480       1049     4.3667  0.000e+00
      3.373    18.6990   4.271422    31.7489       1050     4.3708  0.000e+00
      3.362    18.6994   4.271546    31.7496       1051     4.3750  0.000e+00
      3.344    18.7002   4.271585    31.7494       1052     4.3792  0.000e+00
      3.325    18.7008   4.271572    31.7488       1053     4.3833  0.000e+00
      3.301    18.7014   4.271559    31.7482       1054     4.3875  0.000e+00
      3.271    18.7017   4.271572    31.7481       1055     4.3917  0.000e+00
      3.237    18.7017   4.271592    31.7483       1056     4.3958  0.000e+00
      3.190    18.7018   4.271618    31.7484       1057     4.4000  0.000e+00
      3.143    18.7021   4.271638    31.7484       1058     4.4042  0.000e+00
      3.095    18.7025   4.271618    31.7480       1059     4.4083  0.000e+00
      3.057    18.7025   4.271611    31.7479       1060     4.4125  0.000e+00
      3.010    18.7026   4.271618    31.7479       1061     4.4167  0.000e+00
      2.962    18.7027   4.271611    31.7478       1062     4.4208  0.000e+00
      2.919    18.7027   4.271474    31.7466       1063     4.4250  0.000e+00
      2.877    18.7023   4.271585    31.7479       1064     4.4292  0.000e+00
      2.843    18.7018   4.271592    31.7483       1065     4.4333  0.000e+00
      2.816    18.7015   4.271644    31.7490       1066     4.4375  0.000e+00
      2.793    18.7016   4.271664    31.7491       1067     4.4417  0.000e+00
      2.777    18.7020   4.271670    31.7488       1068     4.4458  0.000e+00
      2.775    18.7025   4.271664    31.7485       1069     4.4500  0.000e+00
      2.779    18.7027   4.271644    31.7481       1070     4.4542  0.000e+00
      2.791    18.7027   4.271611    31.7478       1071     4.4583  0.000e+00
      2.820    18.7025   4.271546    31.7474       1072     4.4625  0.000e+00
      2.851    18.7025   4.271572    31.7476       1073     4.4667  0.000e+00
      2.885    18.7021   4.271559    31.7478       1074     4.4708  0.000e+00
      2.913    18.7019   4.271592    31.7482       1075     4.4750  0.000e+00
      2.946    18.7018   4.271611    31.7485       1076     4.4792  0.000e+00
      2.971    18.7021   4.271618    31.7483       1077     4.4833  0.000e+00
      2.983    18.7021   4.271638    31.7484       1078     4.4875  0.000e+00
      2.987    18.7021   4.271644    31.7485       1079     4.4917  0.000e+00
      2.971    18.7022   4.271644    31.7484       1080     4.4958  0.000e+00
      2.942    18.7023   4.271638    31.7483       1081     4.5000  0.000e+00
      2.903    18.7024   4.271618    31.7481       1082     4.5042  0.000e+00
      2.858    18.7025   4.271638    31.7482       1083     4.5083  0.000e+00
      2.797    18.7024   4.271644    31.7484       1084     4.5125  0.000e+00
      2.725    18.7025   4.271559    31.7476       1085     4.5167  0.000e+00
      2.649    18.7023   4.271447    31.7468       1086     4.5208  0.000e+00
      2.572    18.7017   4.271460    31.7474       1087     4.5250  0.000e+00
      2.511    18.7011   4.271447    31.7478       1088     4.5292  0.000e+00
      2.455    18.7007   4.271519    31.7487       1089     4.5333  0.000e+00
      2.412    18.7010   4.271513    31.7485       1090     4.5375  0.000e+00
      2.371    18.7011   4.271500    31.7483       1091     4.5417  0.000e+00
      2.349    18.7012   4.271487    31.7481       1092     4.5458  0.000e+00
      2.351    18.7011   4.271421    31.7476       1093     4.5500  0.000e+00
      2.367    18.7010   4.271408    31.7476       1094     4.5542  0.000e+00
      2.389    18.7007   4.271375    31.7475       1095     4.5583  0.000e+00
      2.416    18.7004   4.271349    31.7476       1096     4.5625  0.000e+00
      2.448    18.6999   4.271329    31.7477       1097     4.5667  0.000e+00
      2.477    18.6997   4.271303    31.7477       1098     4.5708  0.000e+00
      2.506    18.6994   4.271303    31.7479       1099     4.5750  0.000e+00
      2.531    18.6990   4.271303    31.7482       1100     4.5792  0.000e+00
      2.543    18.6989   4.271303    31.7483       1101     4.5833  0.000e+00
      2.554    18.6990   4.271375    31.7488       1102     4.5875  0.000e+00
      2.561    18.6995   4.271382    31.7485       1103     4.5917  0.000e+00
      2.554    18.6993   4.271303    31.7480       1104     4.5958  0.000e+00
      2.538    18.6994   4.271225    31.7472       1105     4.6000  0.000e+00
      2.524    18.6989   4.271153    31.7471       1106     4.6042  0.000e+00
      2.497    18.6983   4.271133    31.7474       1107     4.6083  0.000e+00
      2.457    18.6978   4.271100    31.7474       1108     4.6125  0.000e+00
      2.400    18.6973   4.271133    31.7481       1109     4.6167  0.000e+00
      2.346    18.6970   4.271179    31.7487       1110     4.6208  0.000e+00
      2.305    18.6969   4.271152    31.7487       1111     4.6250  0.000e+00
      2.265    18.6970   4.271179    31.7488       1112     4.6292  0.000e+00
      2.231    18.6972   4.271179    31.7486       1113     4.6333  0.000e+00
      2.206    18.6972   4.271133    31.7483       1114     4.6375  0.000e+00
      2.181    18.6973   4.271126    31.7482       1115     4.6417  0.000e+00
      2.145    18.6971   4.271133    31.7484       1116     4.6458  0.000e+00
      2.114    18.6973   4.271126    31.7482       1117     4.6500  0.000e+00
      2.076    18.6973   4.271107    31.7480       1118     4.6542  0.000e+00
      2.050    18.6971   4.271126    31.7483       1119     4.6583  0.000e+00
      2.030    18.6967   4.271205    31.7493       1120     4.6625  0.000e+00
      2.024    18.6967   4.271251    31.7497       1121     4.6667  0.000e+00
      2.028    18.6972   4.271303    31.7498       1122     4.6708  0.000e+00
      2.037    18.6974   4.271303    31.7496       1123     4.6750  0.000e+00
      2.044    18.6976   4.271303    31.7494       1124     4.6792  0.000e+00
      2.058    18.6977   4.271323    31.7495       1125     4.6833  0.000e+00
      2.066    18.6977   4.271329    31.7496       1126     4.6875  0.000e+00
      2.082    18.6979   4.271349    31.7496       1127     4.6917  0.000e+00
      2.102    18.6981   4.271349    31.7494       1128     4.6958  0.000e+00
      2.127    18.6983   4.271382    31.7496       1129     4.7000  0.000e+00
      2.148    18.6983   4.271421    31.7498       1130     4.7042  0.000e+00
      2.163    18.6985   4.271460    31.7500       1131     4.7083  0.000e+00
      2.177    18.6989   4.271447    31.7496       1132     4.7125  0.000e+00
      2.175    18.6993   4.271460    31.7494       1133     4.7167  0.000e+00
      2.155    18.6994   4.271447    31.7492       1134     4.7208  0.000e+00
      2.103    18.6995   4.271447    31.7492       1135     4.7250  0.000e+00
      2.032    18.6997   4.271382    31.7485       1136     4.7292  0.000e+00
      1.949    18.6994   4.271349    31.7485       1137     4.7333  0.000e+00
      1.882    18.6994   4.271303    31.7481       1138     4.7375  0.000e+00
      1.820    18.6989   4.271303    31.7485       1139     4.7417  0.000e+00
      1.757    18.6984   4.271303    31.7489       1140     4.7458  0.000e+00
      1.690    18.6984   4.271303    31.7489       1141     4.7500  0.000e+00
      1.624    18.6982   4.271303    31.7491       1142     4.7542  0.000e+00
      1.572    18.6979   4.271178    31.7483       1143     4.7583  0.000e+00
      1.547    18.6976   4.271178    31.7485       1144     4.7625  0.000e+00
      1.548    18.6976   4.271100    31.7480       1145     4.7667  0.000e+00
      1.570    18.6971   4.271080    31.7481       1146     4.7708  0.000e+00
      1.597    18.6968   4.271126    31.7488       1147     4.7750  0.000e+00
      1.629    18.6966   4.271133    31.7489       1148     4.7792  0.000e+00
      1.680    18.6964   4.271100    31.7488       1149     4.7833  0.000e+00
      1.723    18.6963   4.271133    31.7491       1150     4.7875  0.000e+00
      1.764    18.6962   4.271152    31.7494       1151     4.7917  0.000e+00
      1.791    18.6963   4.271152    31.7493       1152     4.7958  0.000e+00
      1.805    18.6964   4.271178    31.7494       1153     4.8000  0.000e+00
      1.794    18.6965   4.271257    31.7500       1154     4.8042  0.000e+00
      1.769    18.6970   4.271277    31.7498       1155     4.8083  0.000e+00
      1.739    18.6974   4.271303    31.7497       1156     4.8125  0.000e+00
      1.690    18.6976   4.271349    31.7499       1157     4.8167  0.000e+00
      1.644    18.6980   4.271329    31.7495       1158     4.8208  0.000e+00
      1.592    18.6983   4.271323    31.7493       1159     4.8250  0.000e+00
      1.539    18.6983   4.271323    31.7493       1160     4.8292  0.000e+00
      1.502    18.6983   4.271329    31.7493       1161     4.8333  0.000e+00
      1.473    18.6984   4.271349    31.7494       1162     4.8375  0.000e+00
      1.462    18.6983   4.271329    31.7494       1163     4.8417  0.000e+00
      1.462    18.6983   4.271375    31.7497       1164     4.8458  0.000e+00
      1.468    18.6982   4.271381    31.7499       1165     4.8500  0.000e+00
      1.477    18.6984   4.271375    31.7496       1166     4.8542  0.000e+00
      1.487    18.6985   4.271375    31.7495       1167     4.8583  0.000e+00
      1.471    18.6987   4.271355    31.7492       1168     4.8625  0.000e+00
      1.444    18.6987   4.271375    31.7494       1169     4.8667  0.000e+00
      1.407    18.6985   4.271408    31.7498       1170     4.8708  0.000e+00
      1.387    18.6984   4.271421    31.7500       1171     4.8750  0.000e+00
      1.356    18.6984   4.271434    31.7501       1172     4.8792  0.000e+00
      1.326    18.6990   4.271349    31.7490       1173     4.8833  0.000e+00
      1.292    18.6990   4.271257    31.7483       1174     4.8875  0.000e+00
      1.241    18.6991   4.271224    31.7479       1175     4.8917  0.000e+00
      1.195    18.6990   4.271250    31.7483       1176     4.8958  0.000e+00
      1.144    18.6988   4.271257    31.7485       1177     4.9000  0.000e+00
      1.114    18.6988   4.271250    31.7484       1178     4.9042  0.000e+00
      1.125    18.6986   4.271231    31.7484       1179     4.9083  0.000e+00
      1.117    18.6984   4.271204    31.7483       1180     4.9125  0.000e+00
      1.114    18.6983   4.271204    31.7484       1181     4.9167  0.000e+00
      1.114    18.6983   4.271152    31.7480       1182     4.9208  0.000e+00
      1.119    18.6983   4.271178    31.7482       1183     4.9250  0.000e+00
      1.099    18.6986   4.271204    31.7482       1184     4.9292  0.000e+00
      1.103    18.6990   4.271204    31.7478       1185     4.9333  0.000e+00
      1.105    18.6990   4.271204    31.7479       1186     4.9375  0.000e+00
      1.123    18.6990   4.271204    31.7478       1187     4.9417  0.000e+00
      1.141    18.6992   4.271178    31.7475       1188     4.9458  0.000e+00
      1.151    18.6992   4.271152    31.7473       1189     4.9500  0.000e+00
      1.164    18.6990   4.271178    31.7476       1190     4.9542  0.000e+00
      1.177    18.6988   4.271132    31.7474       1191     4.9583  0.000e+00
      1.166    18.6988   4.271178    31.7478       1192     4.9625  0.000e+00
      1.130    18.6984   4.271204    31.7483       1193     4.9667  0.000e+00
      1.094    18.6985   4.271276    31.7488       1194     4.9708  0.000e+00
      1.062    18.6990   4.271152    31.7474       1195     4.9750  0.000e+00
      1.017    18.6990   4.271224    31.7480       1196     4.9792  0.000e+00
      0.968    18.6990   4.271276    31.7485       1197     4.9833  0.000e+00
      0.896    18.6992   4.271375    31.7492       1198     4.9875  0.000e+00
      0.814    18.6996   4.271152    31.7471       1199     4.9917  0.000e+00
      0.769    18.6992   4.271204    31.7478       1200     4.9958  0.000e+00
      0.755    18.6988   4.271224    31.7483       1201     5.0000  0.000e+00
      0.760    18.6989   4.271257    31.7485       1202     5.0042  0.000e+00
      0.782    18.6991   4.271276    31.7485       1203     5.0083  0.000e+00
      0.778    18.6994   4.271230    31.7479       1204     5.0125  0.000e+00
      0.789    18.6992   4.270981    31.7460       1205     5.0167  0.000e+00
      0.808    18.6983   4.270949    31.7464       1206     5.0208  0.000e+00
      0.800    18.6972   4.270955    31.7473       1207     5.0250  0.000e+00
      0.787    18.6966   4.270883    31.7472       1208     5.0292  0.000e+00
      0.792    18.6963   4.270844    31.7471       1209     5.0333  0.000e+00
      0.780    18.6956   4.270837    31.7476       1210     5.0375  0.000e+00
      0.755    18.6953   4.270844    31.7479       1211     5.0417  0.000e+00
      0.722    18.6950   4.270785    31.7476       1212     5.0458  0.000e+00
      0.711    18.6949   4.270765    31.7475       1213     5.0500  0.000e+00
      0.708    18.6948   4.270739    31.7474       1214     5.0542  0.000e+00
      0.688    18.6946   4.270837    31.7484       1215     5.0583  0.000e+00
      0.659    18.6949   4.270923    31.7489       1216     5.0625  0.000e+00
      0.600    18.6956   4.270981    31.7488       1217     5.0667  0.000e+00
      0.555    18.6962   4.270975    31.7483       1218     5.0708  0.000e+00
      0.579    18.6964   4.270955    31.7480       1219     5.0750  0.000e+00
      0.627    18.6966   4.270922    31.7475       1220     5.0792  0.000e+00
      0.663    18.6967   4.270936    31.7476       1221     5.0833  0.000e+00
      0.667    18.6965   4.270949    31.7478       1222     5.0875  0.000e+00
      0.667    18.6965   4.270955    31.7479       1223     5.0917  0.000e+00
      0.685    18.6968   4.270981    31.7479       1224     5.0958  0.000e+00
      0.693    18.6965   4.271001    31.7482       1225     5.1000  0.000e+00
      0.702    18.6969   4.270981    31.7478       1226     5.1042  0.000e+00
      0.708    18.6971   4.270975    31.7475       1227     5.1083  0.000e+00
      0.722    18.6969   4.270981    31.7478       1228     5.1125  0.000e+00
      0.715    18.6970   4.271047    31.7483       1229     5.1167  0.000e+00
      0.726    18.6970   4.271054    31.7483       1230     5.1208  0.000e+00
      0.701    18.6972   4.271034    31.7480       1231     5.1250  0.000e+00
      0.652    18.6977   4.271021    31.7475       1232     5.1292  0.000e+00
      0.623    18.6971   4.271080    31.7484       1233     5.1333  0.000e+00
      0.595    18.6975   4.271073    31.7481       1234     5.1375  0.000e+00
      0.510    18.6977   4.271106    31.7482       1235     5.1417  0.000e+00
      0.431    18.6980   4.270922    31.7465       1236     5.1458  0.000e+00
      0.350    18.6974   4.271034    31.7480       1237     5.1500  0.000e+00
      0.253    18.6971   4.271073    31.7485       1238     5.1542  0.000e+00
      0.236    18.6974   4.271034    31.7480       1239     5.1583  0.000e+00
      0.237    18.6974   4.271053    31.7482       1240     5.1625  0.000e+00
