PC2406/sbe071.cnv
* Sea-Bird SBE 19plus V2 Data File:
* FileName = C:\cruise\data\sbe071.hex
* Software Version Seasave V 7.26.7.121
* Temperature SN = 7142
* Conductivity SN = 7142
* System UpLoad Time = Nov 11 2024 06:15:54
* NMEA Latitude = 40 45.94 N
* NMEA Longitude = 072 06.07 W
* NMEA UTC (Time) = Nov 11 2024  06:15:48
** Ship: Pisces
** Cruise:  PC2406
** Program:  Fall ECOMON
# nquan = 7
# nvalues = 1257                                  
# units = specified
# name 0 = depSM: Depth [salt water, m]
# name 1 = tv290C: Temperature [ITS-90, deg C]
# name 2 = c0S/m: Conductivity [S/m]
# name 3 = sal00: Salinity, Practical [PSU]
# name 4 = scan: Scan Count
# name 5 = timeM: Time, Elapsed [minutes]
# name 6 = flag:  0.000e+00
# span 0 =     -0.074,     41.960                 
# span 1 =    15.5881,    17.0345                 
# span 2 =   0.003038,   4.294767                 
# span 3 =     0.0217,    33.3026                 
# span 4 =         11,       1267                 
# span 5 =     0.0417,     5.2750                 
# span 6 = 0.0000e+00, 0.0000e+00                 
# interval = seconds: 0.25
# start_time = Nov 11 2024 06:15:48 [NMEA time, header]
# bad_flag = -9.990e-29
*END*
[from data line 1026]
      5.106    15.6792   4.082324    32.5274       1037     4.3167  0.000e+00
      5.064    15.6794   4.082465    32.5285       1038     4.3208  0.000e+00
      5.036    15.6798   4.082735    32.5306       1039     4.3250  0.000e+00
      5.018    15.6809   4.082902    32.5312       1040     4.3292  0.000e+00
      5.011    15.6817   4.082832    32.5299       1041     4.3333  0.000e+00
      5.016    15.6822   4.082838    32.5295       1042     4.3375  0.000e+00
      5.027    15.6825   4.082928    32.5301       1043     4.3417  0.000e+00
      5.056    15.6827   4.082973    32.5303       1044     4.3458  0.000e+00
      5.088    15.6829   4.082613    32.5269       1045     4.3500  0.000e+00
      5.117    15.6826   4.082761    32.5285       1046     4.3542  0.000e+00
      5.147    15.6823   4.082928    32.5302       1047     4.3583  0.000e+00
      5.178    15.6826   4.082928    32.5299       1048     4.3625  0.000e+00
      5.199    15.6828   4.082780    32.5285       1049     4.3667  0.000e+00
      5.222    15.6828   4.082954    32.5300       1050     4.3708  0.000e+00
      5.248    15.6830   4.083005    32.5303       1051     4.3750  0.000e+00
      5.266    15.6832   4.083050    32.5305       1052     4.3792  0.000e+00
      5.284    15.6836   4.082857    32.5284       1053     4.3833  0.000e+00
      5.298    15.6836   4.082832    32.5283       1054     4.3875  0.000e+00
      5.301    15.6832   4.082542    32.5260       1055     4.3917  0.000e+00
      5.301    15.6822   4.082034    32.5223       1056     4.3958  0.000e+00
      5.278    15.6806   4.082150    32.5247       1057     4.4000  0.000e+00
      5.190    15.6794   4.082349    32.5275       1058     4.4042  0.000e+00
      5.052    15.6795   4.082401    32.5279       1059     4.4083  0.000e+00
      4.910    15.6795   4.082369    32.5276       1060     4.4125  0.000e+00
      4.774    15.6800   4.082420    32.5277       1061     4.4167  0.000e+00
      4.668    15.6801   4.082176    32.5255       1062     4.4208  0.000e+00
      4.603    15.6796   4.082034    32.5247       1063     4.4250  0.000e+00
      4.585    15.6789   4.082053    32.5255       1064     4.4292  0.000e+00
      4.590    15.6786   4.082176    32.5268       1065     4.4333  0.000e+00
      4.625    15.6785   4.082227    32.5273       1066     4.4375  0.000e+00
      4.695    15.6787   4.082323    32.5280       1067     4.4417  0.000e+00
      4.779    15.6792   4.082426    32.5284       1068     4.4458  0.000e+00
      4.865    15.6796   4.082516    32.5289       1069     4.4500  0.000e+00
      4.951    15.6801   4.082542    32.5287       1070     4.4542  0.000e+00
      5.043    15.6806   4.082542    32.5282       1071     4.4583  0.000e+00
      5.127    15.6806   4.082491    32.5277       1072     4.4625  0.000e+00
      5.179    15.6807   4.082446    32.5272       1073     4.4667  0.000e+00
      5.190    15.6805   4.082420    32.5272       1074     4.4708  0.000e+00
      5.158    15.6802   4.082446    32.5276       1075     4.4750  0.000e+00
      5.117    15.6802   4.082427    32.5275       1076     4.4792  0.000e+00
      5.064    15.6804   4.082394    32.5271       1077     4.4833  0.000e+00
      5.034    15.6803   4.082446    32.5276       1078     4.4875  0.000e+00
      5.020    15.6802   4.082227    32.5258       1079     4.4917  0.000e+00
      5.011    15.6798   4.082253    32.5264       1080     4.4958  0.000e+00
      5.023    15.6797   4.082253    32.5264       1081     4.5000  0.000e+00
      5.039    15.6792   4.082150    32.5259       1082     4.5042  0.000e+00
      5.066    15.6790   4.082131    32.5259       1083     4.5083  0.000e+00
      5.090    15.6789   4.082169    32.5263       1084     4.5125  0.000e+00
      5.104    15.6787   4.082201    32.5268       1085     4.5167  0.000e+00
      5.118    15.6787   4.082150    32.5262       1086     4.5208  0.000e+00
      5.122    15.6786   4.082131    32.5262       1087     4.5250  0.000e+00
      5.104    15.6785   4.082227    32.5271       1088     4.5292  0.000e+00
      5.063    15.6788   4.082446    32.5288       1089     4.5333  0.000e+00
      4.994    15.6791   4.082465    32.5288       1090     4.5375  0.000e+00
      4.917    15.6796   4.082639    32.5299       1091     4.5417  0.000e+00
      4.820    15.6803   4.082658    32.5296       1092     4.5458  0.000e+00
      4.720    15.6809   4.082471    32.5275       1093     4.5500  0.000e+00
      4.637    15.6810   4.082272    32.5256       1094     4.5542  0.000e+00
      4.581    15.6804   4.082130    32.5249       1095     4.5583  0.000e+00
      4.540    15.6797   4.082272    32.5268       1096     4.5625  0.000e+00
      4.538    15.6795   4.081983    32.5244       1097     4.5667  0.000e+00
      4.551    15.6788   4.081764    32.5230       1098     4.5708  0.000e+00
      4.578    15.6777   4.081790    32.5241       1099     4.5750  0.000e+00
      4.630    15.6772   4.081764    32.5243       1100     4.5792  0.000e+00
      4.687    15.6766   4.081706    32.5242       1101     4.5833  0.000e+00
      4.757    15.6764   4.081693    32.5243       1102     4.5875  0.000e+00
      4.842    15.6761   4.081719    32.5247       1103     4.5917  0.000e+00
      4.910    15.6760   4.081693    32.5245       1104     4.5958  0.000e+00
      4.950    15.6761   4.081668    32.5242       1105     4.6000  0.000e+00
      4.944    15.6758   4.081623    32.5240       1106     4.6042  0.000e+00
      4.910    15.6757   4.081719    32.5250       1107     4.6083  0.000e+00
      4.880    15.6759   4.082150    32.5287       1108     4.6125  0.000e+00
      4.847    15.6768   4.082298    32.5293       1109     4.6167  0.000e+00
      4.820    15.6781   4.082098    32.5264       1110     4.6208  0.000e+00
      4.804    15.6782   4.082201    32.5273       1111     4.6250  0.000e+00
      4.793    15.6786   4.082298    32.5278       1112     4.6292  0.000e+00
      4.781    15.6791   4.082227    32.5268       1113     4.6333  0.000e+00
      4.752    15.6792   4.082008    32.5247       1114     4.6375  0.000e+00
      4.689    15.6787   4.081597    32.5215       1115     4.6417  0.000e+00
      4.596    15.6776   4.081597    32.5225       1116     4.6458  0.000e+00
      4.495    15.6764   4.081622    32.5237       1117     4.6500  0.000e+00
      4.384    15.6759   4.081918    32.5268       1118     4.6542  0.000e+00
      4.294    15.6764   4.081886    32.5262       1119     4.6583  0.000e+00
      4.219    15.6769   4.081790    32.5249       1120     4.6625  0.000e+00
      4.174    15.6767   4.081764    32.5249       1121     4.6667  0.000e+00
      4.156    15.6764   4.081745    32.5250       1122     4.6708  0.000e+00
      4.151    15.6763   4.081790    32.5254       1123     4.6750  0.000e+00
      4.165    15.6763   4.081815    32.5256       1124     4.6792  0.000e+00
      4.203    15.6763   4.081841    32.5259       1125     4.6833  0.000e+00
      4.248    15.6766   4.081841    32.5256       1126     4.6875  0.000e+00
      4.314    15.6768   4.081847    32.5255       1127     4.6917  0.000e+00
      4.368    15.6768   4.081841    32.5254       1128     4.6958  0.000e+00
      4.416    15.6768   4.081841    32.5253       1129     4.7000  0.000e+00
      4.441    15.6768   4.081815    32.5251       1130     4.7042  0.000e+00
      4.449    15.6766   4.081790    32.5250       1131     4.7083  0.000e+00
      4.445    15.6766   4.081719    32.5244       1132     4.7125  0.000e+00
      4.427    15.6762   4.081745    32.5250       1133     4.7167  0.000e+00
      4.402    15.6761   4.081745    32.5251       1134     4.7208  0.000e+00
      4.355    15.6761   4.081751    32.5252       1135     4.7250  0.000e+00
      4.278    15.6761   4.081622    32.5241       1136     4.7292  0.000e+00
      4.172    15.6760   4.081622    32.5242       1137     4.7333  0.000e+00
      4.039    15.6757   4.081597    32.5242       1138     4.7375  0.000e+00
      3.910    15.6757   4.081622    32.5245       1139     4.7417  0.000e+00
      3.815    15.6757   4.081571    32.5241       1140     4.7458  0.000e+00
      3.759    15.6757   4.081545    32.5239       1141     4.7500  0.000e+00
      3.748    15.6754   4.081571    32.5243       1142     4.7542  0.000e+00
      3.768    15.6753   4.081596    32.5246       1143     4.7583  0.000e+00
      3.791    15.6753   4.081571    32.5245       1144     4.7625  0.000e+00
      3.840    15.6756   4.081571    32.5242       1145     4.7667  0.000e+00
      3.894    15.6753   4.081693    32.5254       1146     4.7708  0.000e+00
      3.955    15.6756   4.081764    32.5258       1147     4.7750  0.000e+00
      4.009    15.6760   4.081719    32.5251       1148     4.7792  0.000e+00
      4.028    15.6762   4.081667    32.5244       1149     4.7833  0.000e+00
      3.994    15.6760   4.081648    32.5245       1150     4.7875  0.000e+00
      3.912    15.6761   4.081667    32.5246       1151     4.7917  0.000e+00
      3.808    15.6759   4.081661    32.5247       1152     4.7958  0.000e+00
      3.695    15.6759   4.081860    32.5265       1153     4.8000  0.000e+00
      3.605    15.6763   4.081789    32.5256       1154     4.8042  0.000e+00
      3.520    15.6765   4.081744    32.5251       1155     4.8083  0.000e+00
      3.470    15.6764   4.081744    32.5252       1156     4.8125  0.000e+00
      3.447    15.6764   4.081744    32.5252       1157     4.8167  0.000e+00
      3.438    15.6765   4.081693    32.5246       1158     4.8208  0.000e+00
      3.436    15.6763   4.081693    32.5248       1159     4.8250  0.000e+00
      3.447    15.6761   4.081764    32.5256       1160     4.8292  0.000e+00
      3.447    15.6763   4.081706    32.5249       1161     4.8333  0.000e+00
      3.420    15.6763   4.081693    32.5248       1162     4.8375  0.000e+00
      3.343    15.6762   4.081648    32.5245       1163     4.8417  0.000e+00
      3.222    15.6761   4.081648    32.5246       1164     4.8458  0.000e+00
      3.070    15.6761   4.081667    32.5249       1165     4.8500  0.000e+00
      2.940    15.6760   4.081648    32.5249       1166     4.8542  0.000e+00
      2.847    15.6761   4.081648    32.5248       1167     4.8583  0.000e+00
      2.793    15.6760   4.081622    32.5247       1168     4.8625  0.000e+00
      2.784    15.6760   4.081705    32.5254       1169     4.8667  0.000e+00
      2.795    15.6761   4.081693    32.5253       1170     4.8708  0.000e+00
      2.806    15.6761   4.081763    32.5259       1171     4.8750  0.000e+00
      2.836    15.6763   4.081648    32.5247       1172     4.8792  0.000e+00
      2.833    15.6764   4.081718    32.5252       1173     4.8833  0.000e+00
      2.786    15.6765   4.081718    32.5252       1174     4.8875  0.000e+00
      2.693    15.6765   4.081692    32.5249       1175     4.8917  0.000e+00
      2.590    15.6765   4.081647    32.5245       1176     4.8958  0.000e+00
      2.488    15.6763   4.081545    32.5239       1177     4.9000  0.000e+00
      2.411    15.6759   4.081519    32.5240       1178     4.9042  0.000e+00
      2.359    15.6757   4.081525    32.5243       1179     4.9083  0.000e+00
      2.325    15.6756   4.081525    32.5243       1180     4.9125  0.000e+00
      2.305    15.6755   4.081525    32.5244       1181     4.9167  0.000e+00
      2.290    15.6757   4.081596    32.5249       1182     4.9208  0.000e+00
      2.269    15.6758   4.081570    32.5246       1183     4.9250  0.000e+00
      2.258    15.6759   4.081570    32.5245       1184     4.9292  0.000e+00
      2.264    15.6759   4.081570    32.5245       1185     4.9333  0.000e+00
      2.237    15.6757   4.081519    32.5242       1186     4.9375  0.000e+00
      2.167    15.6757   4.081570    32.5247       1187     4.9417  0.000e+00
      2.048    15.6757   4.081525    32.5244       1188     4.9458  0.000e+00
      1.910    15.6757   4.081448    32.5237       1189     4.9500  0.000e+00
      1.750    15.6755   4.081428    32.5238       1190     4.9542  0.000e+00
      1.648    15.6753   4.081473    32.5243       1191     4.9583  0.000e+00
      1.605    15.6752   4.081499    32.5247       1192     4.9625  0.000e+00
      1.601    15.6754   4.081570    32.5251       1193     4.9667  0.000e+00
      1.649    15.6753   4.081621    32.5256       1194     4.9708  0.000e+00
      1.687    15.6757   4.081518    32.5245       1195     4.9750  0.000e+00
      1.714    15.6757   4.081473    32.5240       1196     4.9792  0.000e+00
      1.757    15.6754   4.081474    32.5242       1197     4.9833  0.000e+00
      1.791    15.6750   4.081525    32.5250       1198     4.9875  0.000e+00
      1.804    15.6753   4.081474    32.5243       1199     4.9917  0.000e+00
      1.773    15.6751   4.081351    32.5234       1200     4.9958  0.000e+00
      1.696    15.6750   4.081428    32.5242       1201     5.0000  0.000e+00
      1.576    15.6748   4.081428    32.5244       1202     5.0042  0.000e+00
      1.400    15.6749   4.081377    32.5240       1203     5.0083  0.000e+00
      1.181    15.6748   4.081313    32.5235       1204     5.0125  0.000e+00
      1.000    15.6748   4.081280    32.5233       1205     5.0167  0.000e+00
      0.939    15.6746   4.081351    32.5242       1206     5.0208  0.000e+00
      0.933    15.6746   4.081280    32.5235       1207     5.0250  0.000e+00
      0.953    15.6746   4.081280    32.5235       1208     5.0292  0.000e+00
      0.989    15.6744   4.081306    32.5239       1209     5.0333  0.000e+00
      1.025    15.6744   4.081306    32.5239       1210     5.0375  0.000e+00
      1.057    15.6744   4.081280    32.5236       1211     5.0417  0.000e+00
      1.043    15.6743   4.081267    32.5236       1212     5.0458  0.000e+00
      0.964    15.6743   4.081139    32.5225       1213     5.0500  0.000e+00
      0.867    15.6744   4.081306    32.5239       1214     5.0542  0.000e+00
      0.775    15.6744   4.081235    32.5233       1215     5.0583  0.000e+00
      0.773    15.6744   4.081235    32.5233       1216     5.0625  0.000e+00
      0.876    15.6742   4.081280    32.5238       1217     5.0667  0.000e+00
      0.985    15.6744   4.081280    32.5236       1218     5.0708  0.000e+00
      1.048    15.6744   4.081255    32.5234       1219     5.0750  0.000e+00
      1.088    15.6745   4.081306    32.5238       1220     5.0792  0.000e+00
      1.044    15.6746   4.081287    32.5235       1221     5.0833  0.000e+00
      0.912    15.6746   4.081255    32.5233       1222     5.0875  0.000e+00
      0.565    15.6746   4.081332    32.5241       1223     5.0917  0.000e+00
      0.174    15.6748   4.081254    32.5234       1224     5.0958  0.000e+00
     -0.035    15.6752   2.045985    15.1983       1225     5.1000  0.000e+00
     -0.060    15.6768   0.779398     5.3509       1226     5.1042  0.000e+00
     -0.035    15.6811   0.415203     2.7304       1227     5.1083  0.000e+00
      0.143    15.6888   3.245359    25.2088       1228     5.1125  0.000e+00
      0.220    15.6941   3.730693    29.4143       1229     5.1167  0.000e+00
      0.272    15.6935   3.825033    30.2429       1230     5.1208  0.000e+00
      0.351    15.6911   3.886029    30.7818       1231     5.1250  0.000e+00
      0.427    15.6891   3.993283    31.7311       1232     5.1292  0.000e+00
      0.524    15.6867   3.885859    30.7837       1233     5.1333  0.000e+00
      0.599    15.6829   4.065654    32.3779       1234     5.1375  0.000e+00
      0.574    15.6791   4.081139    32.5186       1235     5.1417  0.000e+00
      0.490    15.6765   4.081209    32.5214       1236     5.1458  0.000e+00
      0.305    15.6753   4.081235    32.5227       1237     5.1500  0.000e+00
      0.070    15.6746   4.081171    32.5229       1238     5.1542  0.000e+00
     -0.053    15.6749   3.699007    29.1512       1239     5.1583  0.000e+00
     -0.056    15.6775   1.058400     7.4365       1240     5.1625  0.000e+00
