PC2406/sbe003.cnv
* Sea-Bird SBE 19plus V2 Data File:
* FileName = C:\cruise\data\sbe003.hex
* Software Version Seasave V 7.26.7.121
* Temperature SN = 7142
* Conductivity SN = 7142
* System UpLoad Time = Oct 27 2024 18:55:35
* NMEA Latitude = 41 04.25 N
* NMEA Longitude = 070 59.61 W
* NMEA UTC (Time) = Oct 27 2024  18:55:32
** Ship: Pisces
** Cruise:  PC2406
** Program:  Fall ECOMON
# nquan = 7
# nvalues = 1020                                  
# units = specified
# name 0 = depSM: Depth [salt water, m]
# name 1 = tv290C: Temperature [ITS-90, deg C]
# name 2 = c0S/m: Conductivity [S/m]
# name 3 = sal00: Salinity, Practical [PSU]
# name 4 = scan: Scan Count
# name 5 = timeM: Time, Elapsed [minutes]
# name 6 = flag:  0.000e+00
# span 0 =      0.090,     29.179                 
# span 1 =    15.4719,    16.2201                 
# span 2 =  -0.000087,   4.088150                 
# span 3 =     0.0000,    32.2998                 
# span 4 =         11,       1030                 
# span 5 =     0.0417,     4.2875                 
# span 6 = 0.0000e+00, 0.0000e+00                 
# interval = seconds: 0.25
# start_time = Oct 27 2024 18:55:32 [NMEA time, header]
# bad_flag = -9.990e-29
*END*
[from data line 411]
     22.835    15.9556   4.070976    32.1942        422     1.7542  0.000e+00
     22.793    15.9566   4.070906    32.1928        423     1.7583  0.000e+00
     22.757    15.9569   4.070739    32.1910        424     1.7625  0.000e+00
     22.721    15.9568   4.070642    32.1903        425     1.7667  0.000e+00
     22.687    15.9562   4.070379    32.1885        426     1.7708  0.000e+00
     22.659    15.9554   4.070328    32.1887        427     1.7750  0.000e+00
     22.621    15.9544   4.070206    32.1884        428     1.7792  0.000e+00
     22.581    15.9537   4.070064    32.1878        429     1.7833  0.000e+00
     22.538    15.9527   4.069936    32.1875        430     1.7875  0.000e+00
     22.502    15.9516   4.069891    32.1880        431     1.7917  0.000e+00
     22.452    15.9511   4.069820    32.1877        432     1.7958  0.000e+00
     22.407    15.9505   4.069749    32.1877        433     1.8000  0.000e+00
     22.359    15.9500   4.069679    32.1874        434     1.8042  0.000e+00
     22.310    15.9494   4.069627    32.1875        435     1.8083  0.000e+00
     22.256    15.9487   4.069602    32.1878        436     1.8125  0.000e+00
     22.206    15.9484   4.069197    32.1846        437     1.8167  0.000e+00
     22.152    15.9480   4.069268    32.1855        438     1.8208  0.000e+00
     22.098    15.9471   4.069049    32.1844        439     1.8250  0.000e+00
     22.037    15.9460   4.068979    32.1846        440     1.8292  0.000e+00
     21.973    15.9450   4.068857    32.1844        441     1.8333  0.000e+00
     21.906    15.9441   4.068786    32.1845        442     1.8375  0.000e+00
     21.835    15.9433   4.068786    32.1852        443     1.8417  0.000e+00
     21.763    15.9428   4.068619    32.1842        444     1.8458  0.000e+00
     21.687    15.9421   4.068426    32.1830        445     1.8500  0.000e+00
     21.614    15.9412   4.068060    32.1806        446     1.8542  0.000e+00
     21.535    15.9397   4.068015    32.1815        447     1.8583  0.000e+00
     21.454    15.9385   4.067771    32.1803        448     1.8625  0.000e+00
     21.382    15.9370   4.067675    32.1807        449     1.8667  0.000e+00
     21.305    15.9360   4.067604    32.1809        450     1.8708  0.000e+00
     21.231    15.9351   4.067412    32.1799        451     1.8750  0.000e+00
     21.158    15.9343   4.067245    32.1791        452     1.8792  0.000e+00
     21.088    15.9332   4.067148    32.1792        453     1.8833  0.000e+00
     21.026    15.9320   4.067103    32.1798        454     1.8875  0.000e+00
     20.965    15.9316   4.067174    32.1808        455     1.8917  0.000e+00
     20.912    15.9315   4.067219    32.1813        456     1.8958  0.000e+00
     20.861    15.9313   4.067219    32.1815        457     1.9000  0.000e+00
     20.816    15.9316   4.067245    32.1815        458     1.9042  0.000e+00
     20.775    15.9316   4.067123    32.1804        459     1.9083  0.000e+00
     20.741    15.9315   4.067097    32.1803        460     1.9125  0.000e+00
     20.716    15.9314   4.067078    32.1802        461     1.9167  0.000e+00
     20.685    15.9312   4.067078    32.1804        462     1.9208  0.000e+00
     20.666    15.9311   4.067052    32.1803        463     1.9250  0.000e+00
     20.640    15.9309   4.067052    32.1804        464     1.9292  0.000e+00
     20.619    15.9308   4.067000    32.1801        465     1.9333  0.000e+00
     20.588    15.9308   4.066943    32.1796        466     1.9375  0.000e+00
     20.558    15.9305   4.066885    32.1793        467     1.9417  0.000e+00
     20.527    15.9301   4.066859    32.1794        468     1.9458  0.000e+00
     20.490    15.9299   4.066808    32.1791        469     1.9500  0.000e+00
     20.448    15.9296   4.066808    32.1794        470     1.9542  0.000e+00
     20.405    15.9294   4.066808    32.1796        471     1.9583  0.000e+00
     20.366    15.9293   4.066789    32.1795        472     1.9625  0.000e+00
     20.326    15.9292   4.066788    32.1796        473     1.9667  0.000e+00
     20.285    15.9292   4.066788    32.1796        474     1.9708  0.000e+00
     20.236    15.9290   4.066737    32.1793        475     1.9750  0.000e+00
     20.188    15.9290   4.066666    32.1787        476     1.9792  0.000e+00
     20.136    15.9287   4.066615    32.1785        477     1.9833  0.000e+00
     20.093    15.9284   4.066641    32.1790        478     1.9875  0.000e+00
     20.039    15.9281   4.066596    32.1789        479     1.9917  0.000e+00
     19.987    15.9281   4.066474    32.1779        480     1.9958  0.000e+00
     19.931    15.9277   4.066403    32.1776        481     2.0000  0.000e+00
     19.877    15.9270   4.066403    32.1781        482     2.0042  0.000e+00
     19.823    15.9269   4.066570    32.1797        483     2.0083  0.000e+00
     19.766    15.9273   4.066615    32.1798        484     2.0125  0.000e+00
     19.707    15.9275   4.066641    32.1799        485     2.0167  0.000e+00
     19.647    15.9277   4.066596    32.1793        486     2.0208  0.000e+00
     19.588    15.9281   4.066519    32.1784        487     2.0250  0.000e+00
     19.529    15.9280   4.066448    32.1779        488     2.0292  0.000e+00
     19.466    15.9277   4.066377    32.1775        489     2.0333  0.000e+00
     19.403    15.9273   4.066339    32.1775        490     2.0375  0.000e+00
     19.340    15.9268   4.066422    32.1787        491     2.0417  0.000e+00
     19.278    15.9269   4.066499    32.1793        492     2.0458  0.000e+00
     19.224    15.9270   4.066499    32.1792        493     2.0500  0.000e+00
     19.168    15.9272   4.066518    32.1793        494     2.0542  0.000e+00
     19.116    15.9273   4.066518    32.1792        495     2.0583  0.000e+00
     19.068    15.9273   4.066518    32.1792        496     2.0625  0.000e+00
     19.026    15.9277   4.066518    32.1789        497     2.0667  0.000e+00
     18.990    15.9276   4.066544    32.1792        498     2.0708  0.000e+00
     18.956    15.9274   4.066518    32.1792        499     2.0750  0.000e+00
     18.929    15.9277   4.066499    32.1787        500     2.0792  0.000e+00
     18.897    15.9276   4.066473    32.1787        501     2.0833  0.000e+00
     18.866    15.9276   4.066473    32.1787        502     2.0875  0.000e+00
     18.832    15.9276   4.066454    32.1785        503     2.0917  0.000e+00
     18.796    15.9273   4.066422    32.1785        504     2.0958  0.000e+00
     18.755    15.9272   4.066403    32.1784        505     2.1000  0.000e+00
     18.710    15.9271   4.066377    32.1783        506     2.1042  0.000e+00
     18.667    15.9270   4.066326    32.1779        507     2.1083  0.000e+00
     18.626    15.9269   4.066326    32.1780        508     2.1125  0.000e+00
     18.574    15.9267   4.066281    32.1778        509     2.1167  0.000e+00
     18.522    15.9261   4.066229    32.1778        510     2.1208  0.000e+00
     18.468    15.9261   4.066306    32.1785        511     2.1250  0.000e+00
     18.412    15.9261   4.066351    32.1790        512     2.1292  0.000e+00
     18.358    15.9264   4.066377    32.1790        513     2.1333  0.000e+00
     18.310    15.9264   4.066306    32.1784        514     2.1375  0.000e+00
     18.261    15.9265   4.066203    32.1774        515     2.1417  0.000e+00
     18.215    15.9264   4.066184    32.1773        516     2.1458  0.000e+00
     18.175    15.9258   4.066114    32.1772        517     2.1500  0.000e+00
     18.136    15.9256   4.066133    32.1775        518     2.1542  0.000e+00
     18.100    15.9254   4.066158    32.1780        519     2.1583  0.000e+00
     18.062    15.9254   4.066158    32.1780        520     2.1625  0.000e+00
     18.028    15.9253   4.066184    32.1783        521     2.1667  0.000e+00
     17.994    15.9255   4.066133    32.1777        522     2.1708  0.000e+00
     17.956    15.9254   4.066113    32.1776        523     2.1750  0.000e+00
     17.920    15.9253   4.066158    32.1781        524     2.1792  0.000e+00
     17.872    15.9254   4.066158    32.1780        525     2.1833  0.000e+00
     17.825    15.9254   4.066133    32.1778        526     2.1875  0.000e+00
     17.782    15.9254   4.066178    32.1782        527     2.1917  0.000e+00
     17.734    15.9255   4.066158    32.1780        528     2.1958  0.000e+00
     17.681    15.9255   4.066158    32.1780        529     2.2000  0.000e+00
     17.640    15.9256   4.066113    32.1776        530     2.2042  0.000e+00
     17.593    15.9255   4.066062    32.1772        531     2.2083  0.000e+00
     17.541    15.9254   4.065991    32.1767        532     2.2125  0.000e+00
     17.497    15.9252   4.065895    32.1760        533     2.2167  0.000e+00
     17.443    15.9250   4.065895    32.1762        534     2.2208  0.000e+00
     17.392    15.9246   4.065895    32.1765        535     2.2250  0.000e+00
     17.340    15.9246   4.065895    32.1765        536     2.2292  0.000e+00
     17.288    15.9245   4.065895    32.1767        537     2.2333  0.000e+00
     17.240    15.9244   4.065966    32.1774        538     2.2375  0.000e+00
     17.189    15.9245   4.066062    32.1782        539     2.2417  0.000e+00
     17.150    15.9249   4.066113    32.1783        540     2.2458  0.000e+00
     17.107    15.9253   4.066062    32.1776        541     2.2500  0.000e+00
     17.076    15.9253   4.065965    32.1767        542     2.2542  0.000e+00
     17.042    15.9252   4.065895    32.1762        543     2.2583  0.000e+00
     17.010    15.9248   4.065869    32.1763        544     2.2625  0.000e+00
     16.978    15.9246   4.065747    32.1754        545     2.2667  0.000e+00
     16.945    15.9244   4.065824    32.1762        546     2.2708  0.000e+00
     16.908    15.9242   4.065843    32.1766        547     2.2750  0.000e+00
     16.877    15.9242   4.065869    32.1769        548     2.2792  0.000e+00
     16.839    15.9242   4.065824    32.1764        549     2.2833  0.000e+00
     16.803    15.9243   4.065798    32.1761        550     2.2875  0.000e+00
     16.768    15.9243   4.065798    32.1761        551     2.2917  0.000e+00
     16.732    15.9240   4.065811    32.1765        552     2.2958  0.000e+00
     16.699    15.9239   4.065798    32.1765        553     2.3000  0.000e+00
     16.667    15.9240   4.065824    32.1767        554     2.3042  0.000e+00
     16.624    15.9239   4.065824    32.1767        555     2.3083  0.000e+00
     16.586    15.9240   4.065843    32.1769        556     2.3125  0.000e+00
     16.545    15.9241   4.065895    32.1773        557     2.3167  0.000e+00
     16.496    15.9242   4.065920    32.1774        558     2.3208  0.000e+00
     16.441    15.9244   4.065920    32.1773        559     2.3250  0.000e+00
     16.389    15.9245   4.065895    32.1770        560     2.3292  0.000e+00
     16.331    15.9246   4.065869    32.1767        561     2.3333  0.000e+00
     16.267    15.9245   4.065824    32.1764        562     2.3375  0.000e+00
     16.213    15.9242   4.065798    32.1764        563     2.3417  0.000e+00
     16.152    15.9242   4.065747    32.1760        564     2.3458  0.000e+00
     16.092    15.9240   4.065561    32.1746        565     2.3500  0.000e+00
     16.040    15.9238   4.065702    32.1759        566     2.3542  0.000e+00
     15.990    15.9237   4.065702    32.1761        567     2.3583  0.000e+00
     15.940    15.9238   4.065727    32.1763        568     2.3625  0.000e+00
     15.897    15.9236   4.065727    32.1764        569     2.3667  0.000e+00
     15.854    15.9236   4.065747    32.1766        570     2.3708  0.000e+00
     15.814    15.9238   4.065824    32.1772        571     2.3750  0.000e+00
     15.778    15.9240   4.065869    32.1774        572     2.3792  0.000e+00
     15.751    15.9242   4.065824    32.1769        573     2.3833  0.000e+00
     15.726    15.9244   4.065772    32.1762        574     2.3875  0.000e+00
     15.701    15.9242   4.065747    32.1762        575     2.3917  0.000e+00
     15.674    15.9241   4.065727    32.1761        576     2.3958  0.000e+00
     15.645    15.9240   4.065727    32.1762        577     2.4000  0.000e+00
     15.620    15.9238   4.065695    32.1760        578     2.4042  0.000e+00
     15.590    15.9238   4.065316    32.1727        579     2.4083  0.000e+00
     15.563    15.9238   4.065676    32.1760        580     2.4125  0.000e+00
     15.527    15.9238   4.065676    32.1760        581     2.4167  0.000e+00
     15.491    15.9238   4.065657    32.1758        582     2.4208  0.000e+00
     15.455    15.9236   4.065657    32.1760        583     2.4250  0.000e+00
     15.419    15.9235   4.065657    32.1760        584     2.4292  0.000e+00
     15.381    15.9234   4.065657    32.1761        585     2.4333  0.000e+00
     15.342    15.9234   4.065657    32.1761        586     2.4375  0.000e+00
     15.302    15.9235   4.065657    32.1761        587     2.4417  0.000e+00
     15.258    15.9235   4.065631    32.1759        588     2.4458  0.000e+00
     15.213    15.9237   4.065657    32.1760        589     2.4500  0.000e+00
     15.166    15.9236   4.065605    32.1756        590     2.4542  0.000e+00
     15.118    15.9235   4.065605    32.1757        591     2.4583  0.000e+00
     15.064    15.9234   4.065605    32.1758        592     2.4625  0.000e+00
     15.019    15.9234   4.065605    32.1759        593     2.4667  0.000e+00
     14.974    15.9234   4.065605    32.1759        594     2.4708  0.000e+00
     14.934    15.9234   4.065631    32.1761        595     2.4750  0.000e+00
     14.891    15.9235   4.065631    32.1760        596     2.4792  0.000e+00
     14.850    15.9237   4.065631    32.1759        597     2.4833  0.000e+00
     14.807    15.9237   4.065656    32.1761        598     2.4875  0.000e+00
     14.766    15.9238   4.065656    32.1760        599     2.4917  0.000e+00
     14.717    15.9240   4.065676    32.1761        600     2.4958  0.000e+00
     14.667    15.9242   4.065676    32.1760        601     2.5000  0.000e+00
     14.615    15.9244   4.065676    32.1758        602     2.5042  0.000e+00
     14.563    15.9243   4.065695    32.1760        603     2.5083  0.000e+00
     14.507    15.9246   4.065701    32.1759        604     2.5125  0.000e+00
     14.455    15.9246   4.065701    32.1759        605     2.5167  0.000e+00
     14.398    15.9246   4.065727    32.1762        606     2.5208  0.000e+00
     14.349    15.9249   4.065746    32.1761        607     2.5250  0.000e+00
     14.299    15.9251   4.065746    32.1760        608     2.5292  0.000e+00
     14.256    15.9254   4.065772    32.1760        609     2.5333  0.000e+00
     14.207    15.9255   4.065797    32.1761        610     2.5375  0.000e+00
     14.159    15.9257   4.065797    32.1760        611     2.5417  0.000e+00
     14.112    15.9258   4.065797    32.1759        612     2.5458  0.000e+00
     14.056    15.9261   4.065842    32.1761        613     2.5500  0.000e+00
     14.010    15.9261   4.065868    32.1763        614     2.5542  0.000e+00
     13.952    15.9265   4.065881    32.1761        615     2.5583  0.000e+00
     13.893    15.9267   4.065894    32.1761        616     2.5625  0.000e+00
     13.841    15.9269   4.065868    32.1757        617     2.5667  0.000e+00
     13.787    15.9271   4.065868    32.1756        618     2.5708  0.000e+00
     13.739    15.9271   4.065842    32.1754        619     2.5750  0.000e+00
     13.687    15.9270   4.065868    32.1757        620     2.5792  0.000e+00
     13.636    15.9272   4.065842    32.1754        621     2.5833  0.000e+00
     13.593    15.9272   4.065868    32.1756        622     2.5875  0.000e+00
     13.546    15.9273   4.065919    32.1760        623     2.5917  0.000e+00
     13.505    15.9273   4.065919    32.1760        624     2.5958  0.000e+00
     13.460    15.9275   4.065938    32.1760        625     2.6000  0.000e+00
