PC2406/sbe072.cnv
* Sea-Bird SBE 19plus V2 Data File:
* FileName = C:\cruise\data\sbe072.hex
* Software Version Seasave V 7.26.7.121
* Temperature SN = 7142
* Conductivity SN = 7142
* System UpLoad Time = Nov 11 2024 19:26:03
* NMEA Latitude = 41 04.82 N
* NMEA Longitude = 071 43.35 W
* NMEA UTC (Time) = Nov 11 2024  19:25:58
** Ship: Pisces
** Cruise:  PC2406
** Program:  Fall ECOMON
# nquan = 7
# nvalues = 1530                                  
# units = specified
# name 0 = depSM: Depth [salt water, m]
# name 1 = tv290C: Temperature [ITS-90, deg C]
# name 2 = c0S/m: Conductivity [S/m]
# name 3 = sal00: Salinity, Practical [PSU]
# name 4 = scan: Scan Count
# name 5 = timeM: Time, Elapsed [minutes]
# name 6 = flag:  0.000e+00
# span 0 =     -0.142,     34.803                 
# span 1 =    15.1573,    19.4402                 
# span 2 =   0.001095,   4.132867                 
# span 3 =     0.0130,    32.8149                 
# span 4 =         11,       1540                 
# span 5 =     0.0417,     6.4125                 
# span 6 = 0.0000e+00, 0.0000e+00                 
# interval = seconds: 0.25
# start_time = Nov 11 2024 19:25:58 [NMEA time, header]
# bad_flag = -9.990e-29
*END*
[from data line 821]
     20.385    15.5247   4.038102    32.2551        832     3.4625  0.000e+00
     20.435    15.5247   4.038602    32.2595        833     3.4667  0.000e+00
     20.501    15.5262   4.039793    32.2688        834     3.4708  0.000e+00
     20.586    15.5288   4.040010    32.2686        835     3.4750  0.000e+00
     20.674    15.5313   4.039677    32.2636        836     3.4792  0.000e+00
     20.767    15.5322   4.040177    32.2673        837     3.4833  0.000e+00
     20.862    15.5331   4.041586    32.2790        838     3.4875  0.000e+00
     20.966    15.5357   4.042373    32.2839        839     3.4917  0.000e+00
     21.060    15.5388   4.043834    32.2943        840     3.4958  0.000e+00
     21.146    15.5428   4.046179    32.3119        841     3.5000  0.000e+00
     21.211    15.5489   4.047133    32.3153        842     3.5042  0.000e+00
     21.252    15.5549   4.046896    32.3083        843     3.5083  0.000e+00
     21.275    15.5580   4.046153    32.2992        844     3.5125  0.000e+00
     21.281    15.5587   4.046223    32.2992        845     3.5167  0.000e+00
     21.273    15.5586   4.045218    32.2903        846     3.5208  0.000e+00
     21.236    15.5570   4.045243    32.2919        847     3.5250  0.000e+00
     21.178    15.5555   4.044577    32.2872        848     3.5292  0.000e+00
     21.112    15.5541   4.043501    32.2788        849     3.5333  0.000e+00
     21.022    15.5516   4.042469    32.2717        850     3.5375  0.000e+00
     20.945    15.5482   4.040394    32.2560        851     3.5417  0.000e+00
     20.862    15.5432   4.039293    32.2504        852     3.5458  0.000e+00
     20.785    15.5378   4.038409    32.2469        853     3.5500  0.000e+00
     20.713    15.5328   4.036809    32.2368        854     3.5542  0.000e+00
     20.652    15.5284   4.041112    32.2787        855     3.5583  0.000e+00
     20.598    15.5304   4.040036    32.2675        856     3.5625  0.000e+00
     20.557    15.5328   4.037718    32.2449        857     3.5667  0.000e+00
     20.528    15.5302   4.037430    32.2446        858     3.5708  0.000e+00
     20.528    15.5272   4.038557    32.2570        859     3.5750  0.000e+00
     20.543    15.5273   4.041278    32.2811        860     3.5792  0.000e+00
     20.577    15.5309   4.040465    32.2709        861     3.5833  0.000e+00
     20.620    15.5338   4.040990    32.2733        862     3.5875  0.000e+00
     20.681    15.5352   4.041278    32.2747        863     3.5917  0.000e+00
     20.756    15.5369   4.042181    32.2813        864     3.5958  0.000e+00
     20.837    15.5390   4.042354    32.2810        865     3.6000  0.000e+00
     20.922    15.5407   4.041586    32.2728        866     3.6042  0.000e+00
     21.011    15.5408   4.041541    32.2722        867     3.6083  0.000e+00
     21.097    15.5403   4.042591    32.2820        868     3.6125  0.000e+00
     21.164    15.5415   4.044430    32.2974        869     3.6167  0.000e+00
     21.218    15.5451   4.047012    32.3174        870     3.6208  0.000e+00
     21.248    15.5514   4.048716    32.3274        871     3.6250  0.000e+00
     21.266    15.5587   4.049723    32.3304        872     3.6292  0.000e+00
     21.270    15.5646   4.050684    32.3340        873     3.6333  0.000e+00
     21.259    15.5695   4.050966    32.3326        874     3.6375  0.000e+00
     21.238    15.5731   4.049216    32.3140        875     3.6417  0.000e+00
     21.211    15.5731   4.049146    32.3135        876     3.6458  0.000e+00
     21.171    15.5712   4.049819    32.3210        877     3.6500  0.000e+00
     21.123    15.5711   4.047710    32.3023        878     3.6542  0.000e+00
     21.071    15.5687   4.046729    32.2956        879     3.6583  0.000e+00
     21.011    15.5650   4.043955    32.2739        880     3.6625  0.000e+00
     20.938    15.5590   4.041060    32.2531        881     3.6667  0.000e+00
     20.860    15.5501   4.040798    32.2581        882     3.6708  0.000e+00
     20.785    15.5434   4.040561    32.2615        883     3.6750  0.000e+00
     20.706    15.5397   4.040990    32.2684        884     3.6792  0.000e+00
     20.640    15.5382   4.039415    32.2556        885     3.6833  0.000e+00
     20.564    15.5357   4.038768    32.2519        886     3.6875  0.000e+00
     20.507    15.5327   4.034902    32.2200        887     3.6917  0.000e+00
     20.451    15.5255   4.032566    32.2051        888     3.6958  0.000e+00
     20.419    15.5162   4.034883    32.2333        889     3.7000  0.000e+00
     20.394    15.5137   4.040395    32.2845        890     3.7042  0.000e+00
     20.390    15.5209   4.039415    32.2699        891     3.7083  0.000e+00
     20.403    15.5262   4.037071    32.2446        892     3.7125  0.000e+00
     20.430    15.5259   4.038435    32.2570        893     3.7167  0.000e+00
     20.458    15.5258   4.039319    32.2650        894     3.7208  0.000e+00
     20.498    15.5277   4.039440    32.2645        895     3.7250  0.000e+00
     20.537    15.5293   4.038742    32.2569        896     3.7292  0.000e+00
     20.591    15.5295   4.039101    32.2600        897     3.7333  0.000e+00
     20.640    15.5295   4.039152    32.2604        898     3.7375  0.000e+00
     20.686    15.5299   4.040824    32.2749        899     3.7417  0.000e+00
     20.726    15.5322   4.044692    32.3075        900     3.7458  0.000e+00
     20.764    15.5401   4.049338    32.3424        901     3.7500  0.000e+00
     20.783    15.5522   4.050485    32.3426        902     3.7542  0.000e+00
     20.801    15.5630   4.052280    32.3498        903     3.7583  0.000e+00
     20.801    15.5711   4.054659    32.3643        904     3.7625  0.000e+00
     20.800    15.5795   4.054922    32.3597        905     3.7667  0.000e+00
     20.801    15.5857   4.051658    32.3256        906     3.7708  0.000e+00
     20.801    15.5852   4.050152    32.3126        907     3.7750  0.000e+00
     20.801    15.5804   4.053101    32.3428        908     3.7792  0.000e+00
     20.796    15.5807   4.056025    32.3686        909     3.7833  0.000e+00
     20.800    15.5869   4.056865    32.3710        910     3.7875  0.000e+00
     20.796    15.5933   4.057558    32.3719        911     3.7917  0.000e+00
     20.789    15.5977   4.057128    32.3644        912     3.7958  0.000e+00
     20.798    15.6000   4.057320    32.3643        913     3.8000  0.000e+00
     20.792    15.6010   4.056602    32.3571        914     3.8042  0.000e+00
     20.785    15.6006   4.056480    32.3563        915     3.8083  0.000e+00
     20.774    15.5998   4.056262    32.3550        916     3.8125  0.000e+00
     20.753    15.5991   4.056191    32.3550        917     3.8167  0.000e+00
     20.726    15.5983   4.055569    32.3501        918     3.8208  0.000e+00
     20.686    15.5970   4.055306    32.3488        919     3.8250  0.000e+00
     20.636    15.5957   4.055133    32.3484        920     3.8292  0.000e+00
     20.570    15.5944   4.052831    32.3290        921     3.8333  0.000e+00
     20.509    15.5907   4.049023    32.2982        922     3.8375  0.000e+00
     20.435    15.5814   4.044000    32.2611        923     3.8417  0.000e+00
     20.363    15.5687   4.040849    32.2436        924     3.8458  0.000e+00
     20.295    15.5544   4.040202    32.2495        925     3.8500  0.000e+00
     20.229    15.5443   4.039459    32.2512        926     3.8542  0.000e+00
     20.160    15.5382   4.040369    32.2642        927     3.8583  0.000e+00
     20.112    15.5357   4.040228    32.2651        928     3.8625  0.000e+00
     20.067    15.5346   4.041611    32.2784        929     3.8667  0.000e+00
     20.040    15.5364   4.042066    32.2809        930     3.8708  0.000e+00
     20.022    15.5386   4.042399    32.2821        931     3.8750  0.000e+00
     20.017    15.5403   4.041278    32.2707        932     3.8792  0.000e+00
     20.026    15.5401   4.040823    32.2669        933     3.8833  0.000e+00
     20.040    15.5386   4.041233    32.2717        934     3.8875  0.000e+00
     20.060    15.5382   4.041374    32.2733        935     3.8917  0.000e+00
     20.085    15.5380   4.041015    32.2702        936     3.8958  0.000e+00
     20.121    15.5380   4.040465    32.2653        937     3.9000  0.000e+00
     20.168    15.5369   4.039965    32.2617        938     3.9042  0.000e+00
     20.221    15.5354   4.040631    32.2689        939     3.9083  0.000e+00
     20.274    15.5353   4.040727    32.2698        940     3.9125  0.000e+00
     20.329    15.5355   4.039677    32.2603        941     3.9167  0.000e+00
     20.383    15.5341   4.039082    32.2561        942     3.9208  0.000e+00
     20.426    15.5323   4.039415    32.2605        943     3.9250  0.000e+00
     20.458    15.5312   4.040106    32.2676        944     3.9292  0.000e+00
     20.473    15.5317   4.039031    32.2575        945     3.9333  0.000e+00
     20.480    15.5309   4.035260    32.2247        946     3.9375  0.000e+00
     20.467    15.5252   4.031952    32.1998        947     3.9417  0.000e+00
     20.439    15.5165   4.033423    32.2201        948     3.9458  0.000e+00
     20.408    15.5108   4.028542    32.1813        949     3.9500  0.000e+00
     20.360    15.5016   4.027736    32.1816        950     3.9542  0.000e+00
     20.288    15.4934   4.029233    32.2017        951     3.9583  0.000e+00
     20.193    15.4902   4.028498    32.1978        952     3.9625  0.000e+00
     20.080    15.4905   4.034569    32.2517        953     3.9667  0.000e+00
     19.950    15.4960   4.031114    32.2165        954     3.9708  0.000e+00
     19.805    15.5009   4.044385    32.3308        955     3.9750  0.000e+00
     19.645    15.5149   4.046992    32.3426        956     3.9792  0.000e+00
     19.498    15.5358   4.047466    32.3297        957     3.9833  0.000e+00
     19.363    15.5493   4.047639    32.3202        958     3.9875  0.000e+00
     19.234    15.5564   4.047421    32.3125        959     3.9917  0.000e+00
     19.123    15.5598   4.047517    32.3106        960     3.9958  0.000e+00
     19.036    15.5613   4.047325    32.3077        961     4.0000  0.000e+00
     18.970    15.5617   4.046825    32.3029        962     4.0042  0.000e+00
     18.925    15.5610   4.046870    32.3039        963     4.0083  0.000e+00
     18.907    15.5606   4.046729    32.3031        964     4.0125  0.000e+00
     18.909    15.5601   4.046011    32.2971        965     4.0167  0.000e+00
     18.948    15.5588   4.045601    32.2945        966     4.0208  0.000e+00
     18.995    15.5573   4.045652    32.2962        967     4.0250  0.000e+00
     19.058    15.5561   4.045627    32.2969        968     4.0292  0.000e+00
     19.130    15.5557   4.044909    32.2908        969     4.0333  0.000e+00
     19.212    15.5544   4.043641    32.2805        970     4.0375  0.000e+00
     19.291    15.5517   4.042565    32.2731        971     4.0417  0.000e+00
     19.370    15.5481   4.040893    32.2612        972     4.0458  0.000e+00
     19.439    15.5434   4.038819    32.2465        973     4.0500  0.000e+00
     19.498    15.5373   4.037551    32.2402        974     4.0542  0.000e+00
     19.534    15.5313   4.035976    32.2311        975     4.0583  0.000e+00
     19.545    15.5253   4.035023    32.2275        976     4.0625  0.000e+00
     19.546    15.5198   4.034639    32.2285        977     4.0667  0.000e+00
     19.536    15.5160   4.035548    32.2397        978     4.0708  0.000e+00
     19.511    15.5148   4.035836    32.2433        979     4.0750  0.000e+00
     19.462    15.5155   4.036457    32.2483        980     4.0792  0.000e+00
     19.403    15.5169   4.037859    32.2597        981     4.0833  0.000e+00
     19.324    15.5200   4.039414    32.2710        982     4.0875  0.000e+00
     19.221    15.5244   4.039651    32.2696        983     4.0917  0.000e+00
     19.105    15.5281   4.040298    32.2723        984     4.0958  0.000e+00
     18.983    15.5309   4.038505    32.2541        985     4.1000  0.000e+00
     18.853    15.5302   4.033474    32.2100        986     4.1042  0.000e+00
     18.724    15.5209   4.025977    32.1508        987     4.1083  0.000e+00
     18.591    15.5042   4.023407    32.1416        988     4.1125  0.000e+00
     18.469    15.4873   4.022672    32.1489        989     4.1167  0.000e+00
     18.352    15.4751   4.022602    32.1583        990     4.1208  0.000e+00
     18.241    15.4684   4.022455    32.1625        991     4.1250  0.000e+00
     18.142    15.4650   4.022576    32.1664        992     4.1292  0.000e+00
     18.065    15.4634   4.022525    32.1672        993     4.1333  0.000e+00
     17.997    15.4627   4.023337    32.1751        994     4.1375  0.000e+00
     17.943    15.4643   4.028663    32.2213        995     4.1417  0.000e+00
     17.916    15.4733   4.034306    32.2643        996     4.1458  0.000e+00
     17.898    15.4884   4.036072    32.2677        997     4.1500  0.000e+00
     17.902    15.5009   4.036668    32.2627        998     4.1542  0.000e+00
     17.927    15.5107   4.036168    32.2502        999     4.1583  0.000e+00
     17.957    15.5142   4.035810    32.2442       1000     4.1625  0.000e+00
     18.001    15.5161   4.035669    32.2413       1001     4.1667  0.000e+00
     18.049    15.5159   4.035310    32.2383       1002     4.1708  0.000e+00
     18.103    15.5155   4.036981    32.2535       1003     4.1750  0.000e+00
     18.159    15.5171   4.038313    32.2640       1004     4.1792  0.000e+00
     18.209    15.5210   4.038383    32.2614       1005     4.1833  0.000e+00
     18.250    15.5237   4.038742    32.2624       1006     4.1875  0.000e+00
     18.282    15.5257   4.039292    32.2657       1007     4.1917  0.000e+00
     18.297    15.5277   4.039177    32.2630       1008     4.1958  0.000e+00
     18.290    15.5287   4.038479    32.2559       1009     4.2000  0.000e+00
     18.264    15.5283   4.037314    32.2459       1010     4.2042  0.000e+00
     18.216    15.5261   4.036763    32.2428       1011     4.2083  0.000e+00
     18.144    15.5233   4.035810    32.2367       1012     4.2125  0.000e+00
     18.067    15.5204   4.036431    32.2445       1013     4.2167  0.000e+00
     17.956    15.5193   4.036238    32.2438       1014     4.2208  0.000e+00
     17.835    15.5186   4.036405    32.2459       1015     4.2250  0.000e+00
     17.706    15.5184   4.030997    32.1980       1016     4.2292  0.000e+00
     17.570    15.5120   4.026878    32.1665       1017     4.2333  0.000e+00
     17.435    15.4988   4.022838    32.1414       1018     4.2375  0.000e+00
     17.302    15.4835   4.022505    32.1510       1019     4.2417  0.000e+00
     17.171    15.4728   4.022288    32.1579       1020     4.2458  0.000e+00
     17.054    15.4666   4.022103    32.1612       1021     4.2500  0.000e+00
     16.943    15.4632   4.022243    32.1653       1022     4.2542  0.000e+00
     16.848    15.4616   4.022077    32.1652       1023     4.2583  0.000e+00
     16.769    15.4605   4.021841    32.1640       1024     4.2625  0.000e+00
     16.699    15.4597   4.022192    32.1679       1025     4.2667  0.000e+00
     16.656    15.4595   4.022103    32.1672       1026     4.2708  0.000e+00
     16.625    15.4597   4.022218    32.1681       1027     4.2750  0.000e+00
     16.614    15.4599   4.022077    32.1667       1028     4.2792  0.000e+00
     16.627    15.4598   4.022192    32.1678       1029     4.2833  0.000e+00
     16.645    15.4598   4.022243    32.1682       1030     4.2875  0.000e+00
     16.663    15.4599   4.022288    32.1685       1031     4.2917  0.000e+00
     16.688    15.4602   4.022269    32.1681       1032     4.2958  0.000e+00
     16.711    15.4605   4.022269    32.1679       1033     4.3000  0.000e+00
     16.738    15.4605   4.022269    32.1678       1034     4.3042  0.000e+00
     16.753    15.4606   4.022314    32.1682       1035     4.3083  0.000e+00
