PC2406/sbe051.cnv
* Sea-Bird SBE 19plus V2 Data File:
* FileName = C:\cruise\data\sbe051.hex
* Software Version Seasave V 7.26.7.121
* Temperature SN = 7142
* Conductivity SN = 7142
* System UpLoad Time = Nov 08 2024 21:16:37
* NMEA Latitude = 37 42.16 N
* NMEA Longitude = 074 15.54 W
* NMEA UTC (Time) = Nov 08 2024  21:16:30
** Ship: Pisces
** Cruise:  PC2406
** Program:  Fall ECOMON
# nquan = 7
# nvalues = 2455                                  
# units = specified
# name 0 = depSM: Depth [salt water, m]
# name 1 = tv290C: Temperature [ITS-90, deg C]
# name 2 = c0S/m: Conductivity [S/m]
# name 3 = sal00: Salinity, Practical [PSU]
# name 4 = scan: Scan Count
# name 5 = timeM: Time, Elapsed [minutes]
# name 6 = flag:  0.000e+00
# span 0 =     -0.012,    100.692                 
# span 1 =    13.6916,    22.8378                 
# span 2 =  -0.007453,   4.578580                 
# span 3 =     0.0000,    36.1184                 
# span 4 =         11,       2465                 
# span 5 =     0.0417,    10.2667                 
# span 6 = 0.0000e+00, 0.0000e+00                 
# interval = seconds: 0.25
# start_time = Nov 08 2024 21:16:30 [NMEA time, header]
# bad_flag = -9.990e-29
*END*
[from data line 2257]
      8.910    18.1324   4.448854    33.6855       2268     9.4458  0.000e+00
      8.847    18.1330   4.448934    33.6857       2269     9.4500  0.000e+00
      8.790    18.1343   4.448854    33.6840       2270     9.4542  0.000e+00
      8.723    18.1353   4.448880    33.6834       2271     9.4583  0.000e+00
      8.659    18.1359   4.448700    33.6814       2272     9.4625  0.000e+00
      8.606    18.1354   4.448600    33.6810       2273     9.4667  0.000e+00
      8.558    18.1345   4.448647    33.6822       2274     9.4708  0.000e+00
      8.524    18.1333   4.448700    33.6836       2275     9.4750  0.000e+00
      8.493    18.1324   4.448754    33.6848       2276     9.4792  0.000e+00
      8.466    18.1323   4.448780    33.6851       2277     9.4833  0.000e+00
      8.448    18.1323   4.448700    33.6845       2278     9.4875  0.000e+00
      8.438    18.1323   4.448754    33.6850       2279     9.4917  0.000e+00
      8.432    18.1323   4.448780    33.6851       2280     9.4958  0.000e+00
      8.422    18.1327   4.448807    33.6851       2281     9.5000  0.000e+00
      8.411    18.1330   4.448727    33.6841       2282     9.5042  0.000e+00
      8.404    18.1330   4.448780    33.6846       2283     9.5083  0.000e+00
      8.380    18.1326   4.448807    33.6852       2284     9.5125  0.000e+00
      8.360    18.1329   4.448907    33.6858       2285     9.5167  0.000e+00
      8.337    18.1333   4.448933    33.6857       2286     9.5208  0.000e+00
      8.312    18.1338   4.448880    33.6848       2287     9.5250  0.000e+00
      8.274    18.1342   4.448880    33.6845       2288     9.5292  0.000e+00
      8.237    18.1345   4.448853    33.6841       2289     9.5333  0.000e+00
      8.201    18.1347   4.448853    33.6839       2290     9.5375  0.000e+00
      8.154    18.1349   4.448827    33.6835       2291     9.5417  0.000e+00
      8.100    18.1348   4.448827    33.6836       2292     9.5458  0.000e+00
      8.037    18.1347   4.448753    33.6831       2293     9.5500  0.000e+00
      7.987    18.1347   4.448827    33.6837       2294     9.5542  0.000e+00
      7.928    18.1344   4.448807    33.6839       2295     9.5583  0.000e+00
      7.861    18.1344   4.448880    33.6845       2296     9.5625  0.000e+00
      7.804    18.1347   4.448620    33.6820       2297     9.5667  0.000e+00
      7.744    18.1345   4.448753    33.6834       2298     9.5708  0.000e+00
      7.687    18.1347   4.448493    33.6810       2299     9.5750  0.000e+00
      7.630    18.1344   4.448807    33.6840       2300     9.5792  0.000e+00
      7.570    18.1349   4.448826    33.6837       2301     9.5833  0.000e+00
      7.509    18.1357   4.449006    33.6846       2302     9.5875  0.000e+00
      7.441    18.1371   4.449086    33.6842       2303     9.5917  0.000e+00
      7.378    18.1381   4.449060    33.6832       2304     9.5958  0.000e+00
      7.321    18.1385   4.448520    33.6783       2305     9.6000  0.000e+00
      7.267    18.1376   4.448520    33.6791       2306     9.6042  0.000e+00
      7.215    18.1364   4.448546    33.6803       2307     9.6083  0.000e+00
      7.172    18.1356   4.448520    33.6807       2308     9.6125  0.000e+00
      7.136    18.1351   4.448420    33.6803       2309     9.6167  0.000e+00
      7.111    18.1345   4.448446    33.6810       2310     9.6208  0.000e+00
      7.100    18.1341   4.448466    33.6815       2311     9.6250  0.000e+00
      7.091    18.1337   4.448446    33.6817       2312     9.6292  0.000e+00
      7.082    18.1339   4.448393    33.6811       2313     9.6333  0.000e+00
      7.073    18.1335   4.448493    33.6823       2314     9.6375  0.000e+00
      7.060    18.1332   4.448520    33.6827       2315     9.6417  0.000e+00
      7.044    18.1329   4.448493    33.6827       2316     9.6458  0.000e+00
      7.026    18.1329   4.448186    33.6802       2317     9.6500  0.000e+00
      6.996    18.1317   4.447980    33.6794       2318     9.6542  0.000e+00
      6.961    18.1303   4.448213    33.6826       2319     9.6583  0.000e+00
      6.922    18.1299   4.447727    33.6787       2320     9.6625  0.000e+00
      6.882    18.1288   4.447647    33.6790       2321     9.6667  0.000e+00
      6.836    18.1275   4.448060    33.6836       2322     9.6708  0.000e+00
      6.780    18.1276   4.448060    33.6835       2323     9.6750  0.000e+00
      6.717    18.1284   4.448573    33.6873       2324     9.6792  0.000e+00
      6.656    18.1305   4.448033    33.6809       2325     9.6833  0.000e+00
      6.593    18.1308   4.447926    33.6798       2326     9.6875  0.000e+00
      6.522    18.1299   4.448033    33.6816       2327     9.6917  0.000e+00
      6.455    18.1299   4.447906    33.6805       2328     9.6958  0.000e+00
      6.389    18.1294   4.448160    33.6830       2329     9.7000  0.000e+00
      6.324    18.1298   4.448160    33.6828       2330     9.7042  0.000e+00
      6.265    18.1305   4.448186    33.6824       2331     9.7083  0.000e+00
      6.205    18.1309   4.448133    33.6817       2332     9.7125  0.000e+00
      6.146    18.1312   4.448399    33.6837       2333     9.7167  0.000e+00
      6.085    18.1320   4.448493    33.6838       2334     9.7208  0.000e+00
      6.029    18.1329   4.448519    33.6834       2335     9.7250  0.000e+00
      5.977    18.1335   4.448466    33.6824       2336     9.7292  0.000e+00
      5.923    18.1335   4.448313    33.6812       2337     9.7333  0.000e+00
      5.873    18.1328   4.448266    33.6814       2338     9.7375  0.000e+00
      5.821    18.1319   4.448213    33.6816       2339     9.7417  0.000e+00
      5.783    18.1314   4.448266    33.6825       2340     9.7458  0.000e+00
      5.749    18.1314   4.448239    33.6823       2341     9.7500  0.000e+00
      5.721    18.1317   4.448239    33.6821       2342     9.7542  0.000e+00
      5.692    18.1317   4.448186    33.6817       2343     9.7583  0.000e+00
      5.665    18.1311   4.448086    33.6813       2344     9.7625  0.000e+00
      5.640    18.1305   4.447926    33.6805       2345     9.7667  0.000e+00
      5.616    18.1294   4.447673    33.6792       2346     9.7708  0.000e+00
      5.588    18.1279   4.448086    33.6840       2347     9.7750  0.000e+00
      5.555    18.1282   4.448159    33.6843       2348     9.7792  0.000e+00
      5.510    18.1293   4.448266    33.6844       2349     9.7833  0.000e+00
      5.455    18.1304   4.448239    33.6833       2350     9.7875  0.000e+00
      5.388    18.1313   4.448266    33.6827       2351     9.7917  0.000e+00
      5.322    18.1320   4.448312    33.6826       2352     9.7958  0.000e+00
      5.245    18.1324   4.448032    33.6799       2353     9.8000  0.000e+00
      5.169    18.1318   4.448086    33.6809       2354     9.8042  0.000e+00
      5.094    18.1311   4.448086    33.6815       2355     9.8083  0.000e+00
      5.026    18.1311   4.448132    33.6820       2356     9.8125  0.000e+00
      4.964    18.1309   4.447726    33.6787       2357     9.8167  0.000e+00
      4.909    18.1298   4.447646    33.6789       2358     9.8208  0.000e+00
      4.859    18.1287   4.447673    33.6801       2359     9.8250  0.000e+00
      4.812    18.1277   4.447593    33.6802       2360     9.8292  0.000e+00
      4.763    18.1270   4.447646    33.6812       2361     9.8333  0.000e+00
      4.724    18.1269   4.447726    33.6820       2362     9.8375  0.000e+00
      4.681    18.1269   4.447619    33.6812       2363     9.8417  0.000e+00
      4.636    18.1268   4.447826    33.6830       2364     9.8458  0.000e+00
      4.591    18.1273   4.447852    33.6828       2365     9.8500  0.000e+00
      4.542    18.1276   4.447313    33.6780       2366     9.8542  0.000e+00
      4.505    18.1261   4.446979    33.6765       2367     9.8583  0.000e+00
      4.460    18.1231   4.447006    33.6792       2368     9.8625  0.000e+00
      4.420    18.1213   4.447006    33.6807       2369     9.8667  0.000e+00
      4.386    18.1204   4.446953    33.6809       2370     9.8708  0.000e+00
      4.354    18.1197   4.447033    33.6822       2371     9.8750  0.000e+00
      4.318    18.1200   4.447159    33.6831       2372     9.8792  0.000e+00
      4.278    18.1208   4.447259    33.6833       2373     9.8833  0.000e+00
      4.225    18.1215   4.447366    33.6836       2374     9.8875  0.000e+00
      4.167    18.1223   4.447592    33.6849       2375     9.8917  0.000e+00
      4.101    18.1239   4.447746    33.6849       2376     9.8958  0.000e+00
      4.025    18.1257   4.447905    33.6848       2377     9.9000  0.000e+00
      3.952    18.1271   4.448005    33.6845       2378     9.9042  0.000e+00
      3.862    18.1286   4.448005    33.6833       2379     9.9083  0.000e+00
      3.772    18.1291   4.448032    33.6832       2380     9.9125  0.000e+00
      3.677    18.1298   4.447772    33.6805       2381     9.9167  0.000e+00
      3.580    18.1290   4.447592    33.6796       2382     9.9208  0.000e+00
      3.501    18.1279   4.447439    33.6792       2383     9.9250  0.000e+00
      3.424    18.1266   4.447565    33.6814       2384     9.9292  0.000e+00
      3.348    18.1261   4.447365    33.6802       2385     9.9333  0.000e+00
      3.293    18.1254   4.447519    33.6820       2386     9.9375  0.000e+00
      3.235    18.1253   4.447565    33.6825       2387     9.9417  0.000e+00
      3.205    18.1254   4.447825    33.6847       2388     9.9458  0.000e+00
      3.170    18.1265   4.447698    33.6827       2389     9.9500  0.000e+00
      3.144    18.1269   4.447592    33.6815       2390     9.9542  0.000e+00
      3.127    18.1263   4.447439    33.6807       2391     9.9583  0.000e+00
      3.118    18.1254   4.447212    33.6795       2392     9.9625  0.000e+00
      3.115    18.1244   4.447232    33.6805       2393     9.9667  0.000e+00
      3.108    18.1234   4.447005    33.6794       2394     9.9708  0.000e+00
      3.088    18.1218   4.446852    33.6794       2395     9.9750  0.000e+00
      3.057    18.1202   4.447159    33.6834       2396     9.9792  0.000e+00
      3.016    18.1201   4.446872    33.6810       2397     9.9833  0.000e+00
      2.966    18.1197   4.446566    33.6788       2398     9.9875  0.000e+00
      2.901    18.1176   4.446979    33.6840       2399     9.9917  0.000e+00
      2.836    18.1176   4.447139    33.6854       2400     9.9958  0.000e+00
      2.775    18.1193   4.447312    33.6855       2401    10.0000  0.000e+00
      2.709    18.1211   4.446979    33.6812       2402    10.0042  0.000e+00
      2.653    18.1211   4.446925    33.6808       2403    10.0083  0.000e+00
      2.594    18.1203   4.446872    33.6811       2404    10.0125  0.000e+00
      2.508    18.1197   4.446619    33.6794       2405    10.0167  0.000e+00
      2.409    18.1185   4.446952    33.6833       2406    10.0208  0.000e+00
      2.316    18.1186   4.446286    33.6775       2407    10.0250  0.000e+00
      2.213    18.1167   4.446026    33.6769       2408    10.0292  0.000e+00
      2.116    18.1131   4.446232    33.6817       2409    10.0333  0.000e+00
      2.035    18.1122   4.446899    33.6881       2410    10.0375  0.000e+00
      1.960    18.1140   4.447285    33.6899       2411    10.0417  0.000e+00
      1.886    18.1179   4.447105    33.6852       2412    10.0458  0.000e+00
      1.804    18.1200   4.447232    33.6846       2413    10.0500  0.000e+00
      1.727    18.1210   4.447158    33.6832       2414    10.0542  0.000e+00
      1.649    18.1218   4.447211    33.6830       2415    10.0583  0.000e+00
      1.581    18.1216   4.446438    33.6766       2416    10.0625  0.000e+00
      1.552    18.1194   4.446745    33.6811       2417    10.0667  0.000e+00
      1.522    18.1177   4.446672    33.6819       2418    10.0708  0.000e+00
      1.495    18.1168   4.446745    33.6832       2419    10.0750  0.000e+00
      1.463    18.1171   4.446692    33.6825       2420    10.0792  0.000e+00
      1.429    18.1172   4.446385    33.6799       2421    10.0833  0.000e+00
      1.391    18.1157   4.445566    33.6742       2422    10.0875  0.000e+00
      1.353    18.1118   4.445746    33.6789       2423    10.0917  0.000e+00
      1.308    18.1089   4.445619    33.6803       2424    10.0958  0.000e+00
      1.247    18.1075   4.446285    33.6871       2425    10.1000  0.000e+00
      1.161    18.1092   4.447005    33.6918       2426    10.1042  0.000e+00
      1.062    18.1132   4.446692    33.6859       2427    10.1083  0.000e+00
      0.960    18.1159   4.446798    33.6846       2428    10.1125  0.000e+00
      0.884    18.1167   4.446132    33.6783       2429    10.1167  0.000e+00
      0.850    18.1149   4.445872    33.6777       2430    10.1208  0.000e+00
      0.823    18.1122   4.446039    33.6813       2431    10.1250  0.000e+00
      0.829    18.1106   4.445819    33.6807       2432    10.1292  0.000e+00
      0.836    18.1096   4.445332    33.6774       2433    10.1333  0.000e+00
      0.836    18.1078   4.445459    33.6799       2434    10.1375  0.000e+00
      0.823    18.1063   4.445619    33.6826       2435    10.1417  0.000e+00
      0.816    18.1058   4.445692    33.6836       2436    10.1458  0.000e+00
      0.811    18.1059   4.445666    33.6833       2437    10.1500  0.000e+00
      0.795    18.1059   4.445512    33.6820       2438    10.1542  0.000e+00
      0.741    18.1053   4.445412    33.6816       2439    10.1583  0.000e+00
      0.658    18.1045   4.445719    33.6850       2440    10.1625  0.000e+00
      0.549    18.1047   4.445745    33.6850       2441    10.1667  0.000e+00
      0.464    18.1056   4.445692    33.6839       2442    10.1708  0.000e+00
      0.443    18.1057   4.445692    33.6838       2443    10.1750  0.000e+00
      0.439    18.1057   4.445619    33.6832       2444    10.1792  0.000e+00
      0.423    18.1054   4.445745    33.6845       2445    10.1833  0.000e+00
      0.412    18.1057   4.444919    33.6773       2446    10.1875  0.000e+00
      0.391    18.1030   4.444433    33.6754       2447    10.1917  0.000e+00
      0.358    18.0981   4.443947    33.6753       2448    10.1958  0.000e+00
      0.317    18.0936   4.444073    33.6801       2449    10.2000  0.000e+00
      0.261    18.0915   4.445952    33.6978       2450    10.2042  0.000e+00
      0.206    18.0966   4.446105    33.6949       2451    10.2083  0.000e+00
      0.170    18.1029   4.445385    33.6837       2452    10.2125  0.000e+00
      0.121    18.1046   4.445872    33.6864       2453    10.2167  0.000e+00
      0.073    18.1057   4.445412    33.6816       2454    10.2208  0.000e+00
      0.024    18.1053   4.443074    33.6621       2455    10.2250  0.000e+00
      0.012    18.1007   1.961301    13.6698       2456    10.2292  0.000e+00
      0.015    18.0901   0.645490     4.1204       2457    10.2333  0.000e+00
      0.012    18.0652   0.407347     2.5237       2458    10.2375  0.000e+00
      0.012    18.0319   0.236722     1.4218       2459    10.2417  0.000e+00
      0.012    18.0034   0.160052     0.9427       2460    10.2458  0.000e+00
      0.013    17.9944   0.195268     1.1619       2461    10.2500  0.000e+00
      0.008    17.9943   0.209277     1.2498       2462    10.2542  0.000e+00
      0.017    17.9969   0.176793     1.0466       2463    10.2583  0.000e+00
      0.013    17.9999   0.283457     1.7210       2464    10.2625  0.000e+00
      0.012    18.0025   0.387496     2.3968       2465    10.2667  0.000e+00
