PC2406/sbe065.cnv
* Sea-Bird SBE 19plus V2 Data File:
* FileName = C:\cruise\data\sbe065.hex
* Software Version Seasave V 7.26.7.121
* Temperature SN = 7142
* Conductivity SN = 7142
* System UpLoad Time = Nov 10 2024 14:24:00
* NMEA Latitude = 39 41.64 N
* NMEA Longitude = 073 59.93 W
* NMEA UTC (Time) = Nov 10 2024  14:23:54
** Ship: Pisces
** Cruise:  PC2406
** Program:  Fall ECOMON
# nquan = 7
# nvalues = 1683                                  
# units = specified
# name 0 = depSM: Depth [salt water, m]
# name 1 = tv290C: Temperature [ITS-90, deg C]
# name 2 = c0S/m: Conductivity [S/m]
# name 3 = sal00: Salinity, Practical [PSU]
# name 4 = scan: Scan Count
# name 5 = timeM: Time, Elapsed [minutes]
# name 6 = flag:  0.000e+00
# span 0 =      0.107,     18.205                 
# span 1 =    13.7636,    16.0382                 
# span 2 =   0.000123,   4.091641                 
# span 3 =     0.0073,    33.3594                 
# span 4 =         11,       1693                 
# span 5 =     0.0417,     7.0500                 
# span 6 = 0.0000e+00, 0.0000e+00                 
# interval = seconds: 0.25
# start_time = Nov 10 2024 14:23:54 [NMEA time, header]
# bad_flag = -9.990e-29
*END*
[from data line 206]
      5.533    15.2399   4.003410    32.1842        217     0.9000  0.000e+00
      5.603    15.2862   4.004188    32.1531        218     0.9042  0.000e+00
      5.666    15.3630   4.008418    32.1281        219     0.9083  0.000e+00
      5.722    15.4442   4.015926    32.1288        220     0.9125  0.000e+00
      5.779    15.5193   4.023613    32.1359        221     0.9167  0.000e+00
      5.822    15.5937   4.029034    32.1235        222     0.9208  0.000e+00
      5.871    15.6505   4.031727    32.1011        223     0.9250  0.000e+00
      5.914    15.6989   4.033038    32.0734        224     0.9292  0.000e+00
      5.955    15.7353   4.033562    32.0485        225     0.9333  0.000e+00
      6.002    15.7620   4.033703    32.0281        226     0.9375  0.000e+00
      6.056    15.7842   4.033011    32.0040        227     0.9417  0.000e+00
      6.111    15.7999   4.029985    31.9645        228     0.9458  0.000e+00
      6.167    15.8060   4.025041    31.9158        229     0.9500  0.000e+00
      6.233    15.8082   4.021570    31.8833        230     0.9542  0.000e+00
      6.303    15.8197   4.020311    31.8629        231     0.9583  0.000e+00
      6.381    15.8334   4.019953    31.8487        232     0.9625  0.000e+00
      6.461    15.8413   4.019550    31.8388        233     0.9667  0.000e+00
      6.551    15.8453   4.019103    31.8316        234     0.9708  0.000e+00
      6.645    15.8457   4.018815    31.8287        235     0.9750  0.000e+00
      6.740    15.8415   4.021979    31.8600        236     0.9792  0.000e+00
      6.835    15.8381   4.029057    31.9251        237     0.9833  0.000e+00
      6.927    15.8438   4.035897    31.9810        238     0.9875  0.000e+00
      7.011    15.8598   4.042274    32.0243        239     0.9917  0.000e+00
      7.085    15.8809   4.047816    32.0562        240     0.9958  0.000e+00
      7.158    15.9006   4.051745    32.0749        241     1.0000  0.000e+00
      7.216    15.9149   4.054720    32.0895        242     1.0042  0.000e+00
      7.271    15.9246   4.056233    32.0950        243     1.0083  0.000e+00
      7.325    15.9316   4.055393    32.0820        244     1.0125  0.000e+00
      7.377    15.9344   4.052321    32.0525        245     1.0167  0.000e+00
      7.428    15.9317   4.045258    31.9924        246     1.0208  0.000e+00
      7.485    15.9299   4.038636    31.9355        247     1.0250  0.000e+00
      7.541    15.9333   4.034610    31.8972        248     1.0292  0.000e+00
      7.602    15.9394   4.034200    31.8887        249     1.0333  0.000e+00
      7.661    15.9453   4.033035    31.8736        250     1.0375  0.000e+00
      7.727    15.9484   4.030988    31.8531        251     1.0417  0.000e+00
      7.794    15.9292   4.028346    31.8452        252     1.0458  0.000e+00
      7.866    15.8845   4.026275    31.8629        253     1.0500  0.000e+00
      7.936    15.8459   4.025131    31.8838        254     1.0542  0.000e+00
      8.004    15.8208   4.024562    31.8990        255     1.0583  0.000e+00
      8.079    15.8067   4.023827    31.9038        256     1.0625  0.000e+00
      8.157    15.7979   4.023425    31.9073        257     1.0667  0.000e+00
      8.228    15.7911   4.023661    31.9149        258     1.0708  0.000e+00
      8.304    15.7867   4.024895    31.9293        259     1.0750  0.000e+00
      8.376    15.7865   4.027798    31.9552        260     1.0792  0.000e+00
      8.446    15.7927   4.031419    31.9821        261     1.0833  0.000e+00
      8.514    15.8035   4.034183    31.9978        262     1.0875  0.000e+00
      8.588    15.8179   4.036353    32.0053        263     1.0917  0.000e+00
      8.650    15.8357   4.038209    32.0073        264     1.0958  0.000e+00
      8.720    15.8549   4.039931    32.0070        265     1.1000  0.000e+00
      8.787    15.8740   4.041532    32.0056        266     1.1042  0.000e+00
      8.851    15.8911   4.043344    32.0078        267     1.1083  0.000e+00
      8.923    15.9047   4.045304    32.0141        268     1.1125  0.000e+00
      8.992    15.9170   4.047771    32.0259        269     1.1167  0.000e+00
      9.056    15.9281   4.050809    32.0437        270     1.1208  0.000e+00
      9.121    15.9372   4.054194    32.0661        271     1.1250  0.000e+00
      9.189    15.9461   4.056926    32.0830        272     1.1292  0.000e+00
      9.248    15.9538   4.058415    32.0899        273     1.1333  0.000e+00
      9.313    15.9601   4.058992    32.0899        274     1.1375  0.000e+00
      9.379    15.9644   4.059255    32.0886        275     1.1417  0.000e+00
      9.446    15.9680   4.059447    32.0874        276     1.1458  0.000e+00
      9.514    15.9717   4.059710    32.0867        277     1.1500  0.000e+00
      9.582    15.9749   4.059807    32.0850        278     1.1542  0.000e+00
      9.654    15.9766   4.059159    32.0778        279     1.1583  0.000e+00
      9.728    15.9767   4.058562    32.0725        280     1.1625  0.000e+00
      9.803    15.9754   4.058004    32.0686        281     1.1667  0.000e+00
      9.875    15.9738   4.057722    32.0674        282     1.1708  0.000e+00
      9.950    15.9726   4.057600    32.0672        283     1.1750  0.000e+00
     10.019    15.9721   4.057433    32.0662        284     1.1792  0.000e+00
     10.089    15.9733   4.058004    32.0702        285     1.1833  0.000e+00
     10.157    15.9748   4.059473    32.0819        286     1.1875  0.000e+00
     10.213    15.9770   4.061392    32.0970        287     1.1917  0.000e+00
     10.277    15.9789   4.062213    32.1027        288     1.1958  0.000e+00
     10.342    15.9805   4.061443    32.0945        289     1.2000  0.000e+00
     10.407    15.9805   4.057504    32.0599        290     1.2042  0.000e+00
     10.471    15.9778   4.052803    32.0206        291     1.2083  0.000e+00
     10.539    15.9754   4.079685    32.2595        292     1.2125  0.000e+00
     10.609    15.9800   4.088079    32.3298        293     1.2167  0.000e+00
     10.685    15.9942   4.088555    32.3224        294     1.2208  0.000e+00
     10.749    16.0070   4.088587    32.3122        295     1.2250  0.000e+00
     10.818    16.0147   4.088664    32.3066        296     1.2292  0.000e+00
     10.884    16.0189   4.088735    32.3037        297     1.2333  0.000e+00
     10.947    16.0214   4.088857    32.3028        298     1.2375  0.000e+00
     11.015    16.0226   4.088883    32.3019        299     1.2417  0.000e+00
     11.067    16.0234   4.088980    32.3022        300     1.2458  0.000e+00
     11.125    16.0241   4.088999    32.3018        301     1.2500  0.000e+00
     11.182    16.0243   4.089050    32.3020        302     1.2542  0.000e+00
     11.236    16.0247   4.089096    32.3020        303     1.2583  0.000e+00
     11.292    16.0249   4.089096    32.3019        304     1.2625  0.000e+00
     11.347    16.0249   4.089147    32.3023        305     1.2667  0.000e+00
     11.405    16.0247   4.089199    32.3029        306     1.2708  0.000e+00
     11.455    16.0249   4.089269    32.3034        307     1.2750  0.000e+00
     11.514    16.0250   4.089244    32.3031        308     1.2792  0.000e+00
     11.570    16.0250   4.089257    32.3031        309     1.2833  0.000e+00
     11.624    16.0251   4.089340    32.3037        310     1.2875  0.000e+00
     11.678    16.0253   4.089366    32.3038        311     1.2917  0.000e+00
     11.732    16.0254   4.089411    32.3041        312     1.2958  0.000e+00
     11.778    16.0254   4.089392    32.3039        313     1.3000  0.000e+00
     11.834    16.0254   4.089437    32.3043        314     1.3042  0.000e+00
     11.886    16.0256   4.089463    32.3043        315     1.3083  0.000e+00
     11.936    16.0257   4.089437    32.3040        316     1.3125  0.000e+00
     11.992    16.0258   4.089488    32.3044        317     1.3167  0.000e+00
     12.042    16.0259   4.089514    32.3045        318     1.3208  0.000e+00
     12.098    16.0259   4.089514    32.3044        319     1.3250  0.000e+00
     12.150    16.0260   4.089533    32.3045        320     1.3292  0.000e+00
     12.206    16.0259   4.089559    32.3048        321     1.3333  0.000e+00
     12.256    16.0261   4.089585    32.3049        322     1.3375  0.000e+00
     12.315    16.0262   4.089585    32.3047        323     1.3417  0.000e+00
     12.375    16.0262   4.089604    32.3049        324     1.3458  0.000e+00
     12.432    16.0262   4.089611    32.3049        325     1.3500  0.000e+00
     12.484    16.0264   4.089630    32.3049        326     1.3542  0.000e+00
     12.549    16.0263   4.089630    32.3050        327     1.3583  0.000e+00
     12.610    16.0262   4.089656    32.3052        328     1.3625  0.000e+00
     12.678    16.0263   4.089656    32.3051        329     1.3667  0.000e+00
     12.745    16.0265   4.089682    32.3052        330     1.3708  0.000e+00
     12.811    16.0264   4.089669    32.3051        331     1.3750  0.000e+00
     12.881    16.0265   4.089708    32.3054        332     1.3792  0.000e+00
     12.949    16.0264   4.089708    32.3054        333     1.3833  0.000e+00
     13.017    16.0265   4.089708    32.3053        334     1.3875  0.000e+00
     13.084    16.0263   4.089727    32.3056        335     1.3917  0.000e+00
     13.152    16.0264   4.089708    32.3054        336     1.3958  0.000e+00
     13.217    16.0265   4.089727    32.3054        337     1.4000  0.000e+00
     13.271    16.0263   4.089740    32.3057        338     1.4042  0.000e+00
     13.328    16.0264   4.089753    32.3057        339     1.4083  0.000e+00
     13.386    16.0263   4.089727    32.3055        340     1.4125  0.000e+00
     13.439    16.0265   4.089727    32.3054        341     1.4167  0.000e+00
     13.488    16.0263   4.089753    32.3057        342     1.4208  0.000e+00
     13.531    16.0266   4.089779    32.3057        343     1.4250  0.000e+00
     13.581    16.0266   4.089779    32.3056        344     1.4292  0.000e+00
     13.626    16.0266   4.089779    32.3056        345     1.4333  0.000e+00
     13.664    16.0266   4.089785    32.3057        346     1.4375  0.000e+00
     13.702    16.0267   4.089779    32.3055        347     1.4417  0.000e+00
     13.736    16.0267   4.089824    32.3059        348     1.4458  0.000e+00
     13.772    16.0267   4.089804    32.3057        349     1.4500  0.000e+00
     13.809    16.0266   4.089824    32.3059        350     1.4542  0.000e+00
     13.845    16.0268   4.089824    32.3058        351     1.4583  0.000e+00
     13.888    16.0269   4.089849    32.3059        352     1.4625  0.000e+00
     13.928    16.0267   4.089837    32.3060        353     1.4667  0.000e+00
     13.975    16.0266   4.089824    32.3059        354     1.4708  0.000e+00
     14.028    16.0266   4.089850    32.3062        355     1.4750  0.000e+00
     14.077    16.0267   4.089850    32.3060        356     1.4792  0.000e+00
     14.134    16.0264   4.089850    32.3062        357     1.4833  0.000e+00
     14.195    16.0262   4.089875    32.3066        358     1.4875  0.000e+00
     14.258    16.0263   4.089850    32.3063        359     1.4917  0.000e+00
     14.323    16.0262   4.089882    32.3066        360     1.4958  0.000e+00
     14.388    16.0262   4.089901    32.3067        361     1.5000  0.000e+00
     14.450    16.0266   4.089901    32.3065        362     1.5042  0.000e+00
     14.520    16.0265   4.089927    32.3067        363     1.5083  0.000e+00
     14.587    16.0264   4.089927    32.3068        364     1.5125  0.000e+00
     14.657    16.0262   4.089927    32.3069        365     1.5167  0.000e+00
     14.722    16.0264   4.089946    32.3069        366     1.5208  0.000e+00
     14.788    16.0261   4.089946    32.3071        367     1.5250  0.000e+00
     14.858    16.0260   4.089972    32.3074        368     1.5292  0.000e+00
     14.921    16.0259   4.089972    32.3074        369     1.5333  0.000e+00
     14.987    16.0262   4.089946    32.3070        370     1.5375  0.000e+00
     15.050    16.0262   4.089972    32.3072        371     1.5417  0.000e+00
     15.106    16.0262   4.089972    32.3072        372     1.5458  0.000e+00
     15.165    16.0262   4.089998    32.3073        373     1.5500  0.000e+00
     15.208    16.0262   4.089998    32.3074        374     1.5542  0.000e+00
     15.250    16.0263   4.089998    32.3072        375     1.5583  0.000e+00
     15.293    16.0262   4.089998    32.3073        376     1.5625  0.000e+00
     15.334    16.0262   4.090043    32.3076        377     1.5667  0.000e+00
     15.373    16.0262   4.090024    32.3075        378     1.5708  0.000e+00
     15.409    16.0264   4.090024    32.3073        379     1.5750  0.000e+00
     15.447    16.0262   4.090024    32.3074        380     1.5792  0.000e+00
     15.490    16.0263   4.090043    32.3075        381     1.5833  0.000e+00
     15.539    16.0264   4.090043    32.3074        382     1.5875  0.000e+00
     15.585    16.0263   4.090069    32.3077        383     1.5917  0.000e+00
     15.639    16.0264   4.090069    32.3076        384     1.5958  0.000e+00
     15.697    16.0265   4.090069    32.3075        385     1.6000  0.000e+00
     15.758    16.0266   4.090095    32.3077        386     1.6042  0.000e+00
     15.819    16.0265   4.090095    32.3077        387     1.6083  0.000e+00
     15.878    16.0266   4.090095    32.3076        388     1.6125  0.000e+00
     15.948    16.0266   4.090088    32.3075        389     1.6167  0.000e+00
     16.016    16.0265   4.090095    32.3076        390     1.6208  0.000e+00
     16.077    16.0266   4.089998    32.3066        391     1.6250  0.000e+00
     16.142    16.0266   4.090121    32.3078        392     1.6292  0.000e+00
     16.194    16.0266   4.090121    32.3077        393     1.6333  0.000e+00
     16.248    16.0265   4.090121    32.3078        394     1.6375  0.000e+00
     16.298    16.0267   4.090121    32.3076        395     1.6417  0.000e+00
     16.347    16.0266   4.090095    32.3075        396     1.6458  0.000e+00
     16.392    16.0267   4.090114    32.3075        397     1.6500  0.000e+00
     16.426    16.0268   4.090121    32.3075        398     1.6542  0.000e+00
     16.462    16.0269   4.090121    32.3074        399     1.6583  0.000e+00
     16.492    16.0269   4.090121    32.3074        400     1.6625  0.000e+00
     16.519    16.0269   4.090140    32.3075        401     1.6667  0.000e+00
     16.544    16.0270   4.090166    32.3077        402     1.6708  0.000e+00
     16.577    16.0269   4.090095    32.3071        403     1.6750  0.000e+00
     16.613    16.0270   4.090159    32.3075        404     1.6792  0.000e+00
     16.648    16.0270   4.090166    32.3076        405     1.6833  0.000e+00
     16.692    16.0270   4.090140    32.3074        406     1.6875  0.000e+00
     16.742    16.0270   4.090140    32.3073        407     1.6917  0.000e+00
     16.789    16.0271   4.090166    32.3075        408     1.6958  0.000e+00
     16.848    16.0270   4.090140    32.3073        409     1.7000  0.000e+00
     16.914    16.0270   4.090140    32.3073        410     1.7042  0.000e+00
     16.981    16.0270   4.090185    32.3076        411     1.7083  0.000e+00
     17.052    16.0270   4.090166    32.3074        412     1.7125  0.000e+00
     17.126    16.0270   4.090166    32.3075        413     1.7167  0.000e+00
     17.196    16.0269   4.090192    32.3077        414     1.7208  0.000e+00
     17.263    16.0270   4.090192    32.3076        415     1.7250  0.000e+00
     17.333    16.0271   4.090218    32.3077        416     1.7292  0.000e+00
     17.397    16.0271   4.090263    32.3081        417     1.7333  0.000e+00
     17.453    16.0273   4.090237    32.3077        418     1.7375  0.000e+00
     17.501    16.0272   4.090276    32.3081        419     1.7417  0.000e+00
     17.543    16.0272   4.090289    32.3082        420     1.7458  0.000e+00
