PC2406/sbe010.cnv
* Sea-Bird SBE 19plus V2 Data File:
* FileName = C:\cruise\data\sbe010.hex
* Software Version Seasave V 7.26.7.121
* Temperature SN = 7142
* Conductivity SN = 7142
* System UpLoad Time = Oct 28 2024 03:14:53
* NMEA Latitude = 40 40.31 N
* NMEA Longitude = 070 37.56 W
* NMEA UTC (Time) = Oct 28 2024  03:14:50
** Ship: Pisces
** Cruise:  PC2406
** Program:  Fall ECOMON
# nquan = 7
# nvalues = 1245                                  
# units = specified
# name 0 = depSM: Depth [salt water, m]
# name 1 = tv290C: Temperature [ITS-90, deg C]
# name 2 = c0S/m: Conductivity [S/m]
# name 3 = sal00: Salinity, Practical [PSU]
# name 4 = scan: Scan Count
# name 5 = timeM: Time, Elapsed [minutes]
# name 6 = flag:  0.000e+00
# span 0 =      0.100,     56.669                 
# span 1 =    11.1069,    16.7297                 
# span 2 =   0.000002,   4.285998                 
# span 3 =     0.0057,    34.0544                 
# span 4 =         11,       1255                 
# span 5 =     0.0417,     5.2250                 
# span 6 = 0.0000e+00, 0.0000e+00                 
# interval = seconds: 0.25
# start_time = Oct 28 2024 03:14:50 [NMEA time, header]
# bad_flag = -9.990e-29
*END*
      0.115    11.1099   0.000019     0.0057         11     0.0417  0.000e+00
      0.114    11.1098   0.000019     0.0057         12     0.0458  0.000e+00
      0.115    11.1097   0.000014     0.0057         13     0.0500  0.000e+00
      0.110    11.1097   0.000019     0.0057         14     0.0542  0.000e+00
      0.115    11.1096   0.000014     0.0057         15     0.0583  0.000e+00
      0.117    11.1092   0.000019     0.0057         16     0.0625  0.000e+00
      0.119    11.1093   0.000019     0.0057         17     0.0667  0.000e+00
      0.117    11.1090   0.000025     0.0057         18     0.0708  0.000e+00
      0.117    11.1087   0.000014     0.0057         19     0.0750  0.000e+00
      0.114    11.1086   0.000025     0.0057         20     0.0792  0.000e+00
      0.110    11.1084   0.000019     0.0057         21     0.0833  0.000e+00
      0.112    11.1081   0.000025     0.0057         22     0.0875  0.000e+00
      0.110    11.1079   0.000014     0.0057         23     0.0917  0.000e+00
      0.114    11.1078   0.000025     0.0057         24     0.0958  0.000e+00
      0.119    11.1074   0.000019     0.0057         25     0.1000  0.000e+00
      0.115    11.1071   0.000036     0.0057         26     0.1042  0.000e+00
      0.112    11.1069   0.000014     0.0057         27     0.1083  0.000e+00
      0.110    11.1071   0.000008     0.0058         28     0.1125  0.000e+00
      0.119    11.1159   0.000008     0.0058         29     0.1167  0.000e+00
      0.173    11.1329   0.000008     0.0058         30     0.1208  0.000e+00
      0.126    11.1508   0.000002     0.0058         31     0.1250  0.000e+00
      0.119    11.1908   0.000005     0.0058         32     0.1292  0.000e+00
      0.117    11.3483   0.444535     3.2848         33     0.1333  0.000e+00
      0.119    11.4558   0.408092     2.9902         34     0.1375  0.000e+00
      0.115    11.5042   0.328050     2.3682         35     0.1417  0.000e+00
      0.112    11.5321   0.288576     2.0658         36     0.1458  0.000e+00
      0.108    11.5574   0.255294     1.8134         37     0.1500  0.000e+00
      0.132    11.5817   0.236130     1.6688         38     0.1542  0.000e+00
      0.315    11.6075   2.936878    25.1113         39     0.1583  0.000e+00
      0.498    11.7732   3.881623    34.0544         40     0.1625  0.000e+00
      0.649    12.4891   3.891851    33.5057         41     0.1667  0.000e+00
      0.787    13.1238   3.615761    30.3572         42     0.1708  0.000e+00
      0.898    13.4953   3.909993    32.7962         43     0.1750  0.000e+00
      0.922    13.7443   3.953082    32.9839         44     0.1792  0.000e+00
      0.866    14.1131   4.007775    33.1731         45     0.1833  0.000e+00
      0.733    14.5563   4.020894    32.9148         46     0.1875  0.000e+00
      0.647    14.9215   3.828431    30.8734         47     0.1917  0.000e+00
      0.647    15.1671   3.654486    29.1348         48     0.1958  0.000e+00
      0.755    15.3023   3.925475    31.4386         49     0.2000  0.000e+00
      1.001    15.2590   3.964151    31.8188         50     0.2042  0.000e+00
      1.243    15.1094   3.949994    31.8134         51     0.2083  0.000e+00
      1.403    14.9843   3.918571    31.6326         52     0.2125  0.000e+00
      1.552    14.9058   3.955207    32.0265         53     0.2167  0.000e+00
      1.704    14.8626   3.965440    32.1544         54     0.2208  0.000e+00
      1.855    14.9094   3.997775    32.4078         55     0.2250  0.000e+00
      1.985    15.0493   4.029545    32.5781         56     0.2292  0.000e+00
      2.110    15.2305   4.038361    32.5067         57     0.2333  0.000e+00
      2.216    15.3844   4.040197    32.3959         58     0.2375  0.000e+00
      2.295    15.5011   4.042681    32.3221         59     0.2417  0.000e+00
      2.354    15.5815   4.042679    32.2561         60     0.2458  0.000e+00
      2.396    15.6325   4.041699    32.2056         61     0.2500  0.000e+00
      2.442    15.6593   4.035776    32.1312         62     0.2542  0.000e+00
      2.520    15.6706   3.144269    24.3535         63     0.2583  0.000e+00
      2.615    15.6698   2.773691    21.2114         64     0.2625  0.000e+00
      2.737    15.6753   3.191313    24.7532         65     0.2667  0.000e+00
      2.863    15.6531   3.871004    30.6779         66     0.2708  0.000e+00
      2.981    15.6123   3.680857    29.0373         67     0.2750  0.000e+00
      3.096    15.5959   2.809395    21.5519         68     0.2792  0.000e+00
      3.218    15.5980   2.690594    20.5511         69     0.2833  0.000e+00
      3.349    15.6128   3.964033    31.5320         70     0.2875  0.000e+00
      3.484    15.6326   4.031796    32.1172         71     0.2917  0.000e+00
      3.617    15.6537   4.036494    32.1417         72     0.2958  0.000e+00
      3.742    15.6712   4.037089    32.1327         73     0.3000  0.000e+00
      3.857    15.6776   3.632773    28.5690         74     0.3042  0.000e+00
      3.988    15.6656   2.610754    19.8484         75     0.3083  0.000e+00
      4.117    15.6542   2.650237    20.1839         76     0.3125  0.000e+00
      4.259    15.6612   2.536736    19.2338         77     0.3167  0.000e+00
      4.390    15.6714   2.531447    19.1849         78     0.3208  0.000e+00
      4.518    15.6748   2.765421    21.1388         79     0.3250  0.000e+00
      4.654    15.6723   3.482690    27.2665         80     0.3292  0.000e+00
      4.794    15.6420   3.112800    24.1013         81     0.3333  0.000e+00
      4.929    15.5326   3.994211    31.8638         82     0.3375  0.000e+00
      5.064    15.3371   3.992111    32.0037         83     0.3417  0.000e+00
      5.193    15.2067   3.989812    32.0897         84     0.3458  0.000e+00
      5.315    15.1444   3.987087    32.1162         85     0.3500  0.000e+00
      5.448    15.1043   3.984527    32.1261         86     0.3542  0.000e+00
      5.588    15.0729   3.981733    32.1267         87     0.3583  0.000e+00
      5.726    15.0497   3.977794    32.1103         88     0.3625  0.000e+00
      5.873    15.0338   3.977960    32.1248         89     0.3667  0.000e+00
      6.010    15.0224   3.983211    32.1813         90     0.3708  0.000e+00
      6.143    15.0294   3.985044    32.1921         91     0.3750  0.000e+00
      6.286    15.0810   3.984751    32.1469         92     0.3792  0.000e+00
      6.432    15.1373   3.983725    32.0914         93     0.3833  0.000e+00
      6.581    15.1928   3.982668    32.0365         94     0.3875  0.000e+00
      6.728    15.2344   3.983845    32.0129         95     0.3917  0.000e+00
      6.865    15.2686   3.989481    32.0355         96     0.3958  0.000e+00
      6.992    15.3013   3.993743    32.0468         97     0.4000  0.000e+00
      7.123    15.3316   3.994775    32.0313         98     0.4042  0.000e+00
      7.243    15.3631   3.994374    32.0020         99     0.4083  0.000e+00
      7.358    15.3879   3.993812    31.9767        100     0.4125  0.000e+00
      7.470    15.3957   3.993761    31.9699        101     0.4167  0.000e+00
      7.567    15.3926   3.984766    31.8922        102     0.4208  0.000e+00
      7.669    15.3859   3.975608    31.8158        103     0.4250  0.000e+00
      7.766    15.3933   3.972638    31.7833        104     0.4292  0.000e+00
      7.881    15.3854   3.970698    31.7724        105     0.4333  0.000e+00
      8.003    15.2854   3.969670    31.8441        106     0.4375  0.000e+00
      8.127    15.1364   3.969131    31.9605        107     0.4417  0.000e+00
      8.267    15.0329   3.968809    32.0423        108     0.4458  0.000e+00
      8.409    14.9595   3.969191    32.1058        109     0.4500  0.000e+00
      8.559    14.9001   3.968925    32.1523        110     0.4542  0.000e+00
      8.712    14.8547   3.967597    32.1777        111     0.4583  0.000e+00
      8.870    14.8182   3.964884    32.1833        112     0.4625  0.000e+00
      9.012    14.7949   3.972131    32.2681        113     0.4667  0.000e+00
      9.152    14.7878   3.976838    32.3165        114     0.4708  0.000e+00
      9.294    14.8359   3.979637    32.3019        115     0.4750  0.000e+00
      9.430    14.9521   3.985537    32.2590        116     0.4792  0.000e+00
      9.565    15.0690   3.991249    32.2140        117     0.4833  0.000e+00
      9.701    15.1633   3.994779    32.1681        118     0.4875  0.000e+00
      9.831    15.2379   3.995511    32.1134        119     0.4917  0.000e+00
      9.967    15.2887   3.991763    32.0383        120     0.4958  0.000e+00
     10.098    15.3155   3.979129    31.9035        121     0.5000  0.000e+00
     10.229    15.3229   3.971495    31.8292        122     0.5042  0.000e+00
     10.364    15.3427   3.968945    31.7904        123     0.5083  0.000e+00
     10.502    15.3180   3.966835    31.7914        124     0.5125  0.000e+00
     10.632    15.2294   3.966118    31.8569        125     0.5167  0.000e+00
     10.766    15.1205   3.965211    31.9373        126     0.5208  0.000e+00
     10.894    15.0278   3.964812    32.0094        127     0.5250  0.000e+00
     11.018    14.9531   3.964533    32.0681        128     0.5292  0.000e+00
     11.140    14.9001   3.963861    32.1056        129     0.5333  0.000e+00
     11.260    14.8654   3.963048    32.1268        130     0.5375  0.000e+00
     11.373    14.8456   3.962108    32.1346        131     0.5417  0.000e+00
     11.483    14.8374   3.961339    32.1343        132     0.5458  0.000e+00
     11.603    14.8234   3.961924    32.1512        133     0.5500  0.000e+00
     11.723    14.7995   3.963532    32.1854        134     0.5542  0.000e+00
     11.847    14.7663   3.964021    32.2172        135     0.5583  0.000e+00
     11.978    14.7363   3.964200    32.2436        136     0.5625  0.000e+00
     12.104    14.7144   3.964842    32.2676        137     0.5667  0.000e+00
     12.240    14.6942   3.966266    32.2972        138     0.5708  0.000e+00
     12.379    14.6731   3.967524    32.3261        139     0.5750  0.000e+00
     12.524    14.6594   3.968415    32.3456        140     0.5792  0.000e+00
     12.669    14.6579   3.968624    32.3486        141     0.5833  0.000e+00
     12.817    14.6582   3.968230    32.3447        142     0.5875  0.000e+00
     12.960    14.6578   3.967258    32.3362        143     0.5917  0.000e+00
     13.102    14.6565   3.966686    32.3320        144     0.5958  0.000e+00
     13.251    14.6519   3.966012    32.3297        145     0.6000  0.000e+00
     13.400    14.6464   3.964564    32.3210        146     0.6042  0.000e+00
     13.535    14.6392   3.964049    32.3223        147     0.6083  0.000e+00
     13.670    14.6298   3.963535    32.3254        148     0.6125  0.000e+00
     13.801    14.6199   3.963567    32.3339        149     0.6167  0.000e+00
     13.932    14.6100   3.964285    32.3486        150     0.6208  0.000e+00
     14.066    14.6090   3.964120    32.3478        151     0.6250  0.000e+00
     14.212    14.6090   3.962906    32.3368        152     0.6292  0.000e+00
     14.348    14.5916   3.961998    32.3429        153     0.6333  0.000e+00
     14.487    14.5681   3.961160    32.3548        154     0.6375  0.000e+00
     14.628    14.5477   3.960366    32.3646        155     0.6417  0.000e+00
     14.774    14.5325   3.959598    32.3702        156     0.6458  0.000e+00
     14.914    14.5228   3.959223    32.3748        157     0.6500  0.000e+00
     15.065    14.5140   3.958849    32.3787        158     0.6542  0.000e+00
     15.205    14.5041   3.958360    32.3824        159     0.6583  0.000e+00
     15.341    14.4972   3.957827    32.3833        160     0.6625  0.000e+00
     15.469    14.4949   3.957414    32.3814        161     0.6667  0.000e+00
     15.602    14.4928   3.957014    32.3795        162     0.6708  0.000e+00
     15.738    14.4884   3.956849    32.3816        163     0.6750  0.000e+00
     15.866    14.4831   3.957014    32.3875        164     0.6792  0.000e+00
     15.988    14.4771   3.957084    32.3931        165     0.6833  0.000e+00
     16.112    14.4729   3.957199    32.3976        166     0.6875  0.000e+00
     16.235    14.4680   3.957453    32.4039        167     0.6917  0.000e+00
     16.363    14.4582   3.957732    32.4146        168     0.6958  0.000e+00
     16.496    14.4472   3.957733    32.4238        169     0.7000  0.000e+00
     16.629    14.4402   3.957733    32.4296        170     0.7042  0.000e+00
     16.763    14.4396   3.957618    32.4290        171     0.7083  0.000e+00
     16.893    14.4407   3.957511    32.4270        172     0.7125  0.000e+00
     17.024    14.4430   3.957574    32.4257        173     0.7167  0.000e+00
     17.162    14.4442   3.957968    32.4282        174     0.7208  0.000e+00
     17.300    14.4436   3.958203    32.4308        175     0.7250  0.000e+00
     17.437    14.4420   3.958038    32.4306        176     0.7292  0.000e+00
     17.573    14.4415   3.957784    32.4286        177     0.7333  0.000e+00
     17.704    14.4426   3.957409    32.4242        178     0.7375  0.000e+00
     17.843    14.4427   3.957295    32.4231        179     0.7417  0.000e+00
     17.983    14.4409   3.957689    32.4281        180     0.7458  0.000e+00
     18.126    14.4391   3.958387    32.4359        181     0.7500  0.000e+00
     18.275    14.4371   3.958667    32.4401        182     0.7542  0.000e+00
     18.415    14.4337   3.958832    32.4444        183     0.7583  0.000e+00
     18.557    14.4310   3.959061    32.4487        184     0.7625  0.000e+00
     18.704    14.4301   3.959690    32.4551        185     0.7667  0.000e+00
     18.859    14.4305   3.960299    32.4603        186     0.7708  0.000e+00
     19.010    14.4372   3.960185    32.4536        187     0.7750  0.000e+00
     19.159    14.4447   3.959112    32.4374        188     0.7792  0.000e+00
     19.306    14.4494   3.958102    32.4242        189     0.7833  0.000e+00
     19.446    14.4503   3.958362    32.4258        190     0.7875  0.000e+00
     19.591    14.4494   3.958737    32.4299        191     0.7917  0.000e+00
     19.741    14.4490   3.958737    32.4302        192     0.7958  0.000e+00
     19.882    14.4777   3.958972    32.4082        193     0.8000  0.000e+00
     20.017    14.5558   3.959320    32.3462        194     0.8042  0.000e+00
     20.150    14.6397   3.960037    32.2828        195     0.8083  0.000e+00
     20.286    14.7262   3.961738    32.2265        196     0.8125  0.000e+00
     20.417    14.8113   3.963230    32.1696        197     0.8167  0.000e+00
     20.558    14.8730   4.049751    32.9015        198     0.8208  0.000e+00
     20.690    15.0696   4.095569    33.1497        199     0.8250  0.000e+00
     20.814    15.4401   4.102244    32.8977        200     0.8292  0.000e+00
     20.944    15.7106   4.107377    32.7182        201     0.8333  0.000e+00
     21.073    15.8718   4.109793    32.6064        202     0.8375  0.000e+00
     21.209    15.9620   4.111250    32.5450        203     0.8417  0.000e+00
     21.349    16.0110   4.112029    32.5117        204     0.8458  0.000e+00
     21.488    16.0374   4.113616    32.5040        205     0.8500  0.000e+00
     21.624    16.0543   4.114229    32.4956        206     0.8542  0.000e+00
     21.757    16.0660   4.115364    32.4959        207     0.8583  0.000e+00
     21.904    16.0748   4.115448    32.4894        208     0.8625  0.000e+00
     22.052    16.0810   4.117132    32.4991        209     0.8667  0.000e+00
     22.195    16.0875   4.116667    32.4896        210     0.8708  0.000e+00
     22.342    16.0921   4.116087    32.4807        211     0.8750  0.000e+00
     22.481    16.0914   4.116416    32.4842        212     0.8792  0.000e+00
     22.626    16.0909   4.113396    32.4579        213     0.8833  0.000e+00
     22.768    16.0829   4.113642    32.4665        214     0.8875  0.000e+00
     22.915    16.0753   4.115281    32.4871        215     0.8917  0.000e+00
