PC2406/sbe030.cnv
* Sea-Bird SBE 19plus V2 Data File:
* FileName = C:\cruise\data\sbe030.hex
* Software Version Seasave V 7.26.7.121
* Temperature SN = 7142
* Conductivity SN = 7142
* System UpLoad Time = Oct 29 2024 22:50:31
* NMEA Latitude = 39 00.54 N
* NMEA Longitude = 073 10.92 W
* NMEA UTC (Time) = Oct 29 2024  22:50:29
** Ship: Pisces
** Cruise:  PC2406
** Program:  Fall ECOMON
# nquan = 7
# nvalues = 1886                                  
# units = specified
# name 0 = depSM: Depth [salt water, m]
# name 1 = tv290C: Temperature [ITS-90, deg C]
# name 2 = c0S/m: Conductivity [S/m]
# name 3 = sal00: Salinity, Practical [PSU]
# name 4 = scan: Scan Count
# name 5 = timeM: Time, Elapsed [minutes]
# name 6 = flag:  0.000e+00
# span 0 =      0.092,     68.034                 
# span 1 =    16.6349,    18.9108                 
# span 2 =  -0.000006,   4.634821                 
# span 3 =     0.0000,    34.6659                 
# span 4 =         11,       1896                 
# span 5 =     0.0417,     7.8958                 
# span 6 = 0.0000e+00, 0.0000e+00                 
# interval = seconds: 0.25
# start_time = Oct 29 2024 22:50:29 [NMEA time, header]
# bad_flag = -9.990e-29
*END*
[from data line 1231]
     33.110    18.0937   4.489342    34.0521       1242     5.1708  0.000e+00
     33.020    18.0920   4.489181    34.0522       1243     5.1750  0.000e+00
     32.943    18.0904   4.489469    34.0560       1244     5.1792  0.000e+00
     32.860    18.0903   4.490539    34.0652       1245     5.1833  0.000e+00
     32.778    18.0931   4.491081    34.0675       1246     5.1875  0.000e+00
     32.697    18.0975   4.492747    34.0781       1247     5.1917  0.000e+00
     32.609    18.1048   4.492981    34.0739       1248     5.1958  0.000e+00
     32.519    18.1109   4.492486    34.0647       1249     5.2000  0.000e+00
     32.422    18.1135   4.492720    34.0646       1250     5.2042  0.000e+00
     32.320    18.1146   4.492305    34.0602       1251     5.2083  0.000e+00
     32.214    18.1145   4.490277    34.0431       1252     5.2125  0.000e+00
     32.104    18.1096   4.486819    34.0178       1253     5.2167  0.000e+00
     31.996    18.0972   4.485495    34.0170       1254     5.2208  0.000e+00
     31.890    18.0841   4.484974    34.0235       1255     5.2250  0.000e+00
     31.788    18.0745   4.484459    34.0271       1256     5.2292  0.000e+00
     31.686    18.0680   4.483576    34.0251       1257     5.2333  0.000e+00
     31.583    18.0624   4.482145    34.0176       1258     5.2375  0.000e+00
     31.477    18.0561   4.480902    34.0124       1259     5.2417  0.000e+00
     31.369    18.0484   4.479452    34.0065       1260     5.2458  0.000e+00
     31.258    18.0397   4.479138    34.0110       1261     5.2500  0.000e+00
     31.143    18.0327   4.479298    34.0183       1262     5.2542  0.000e+00
     31.007    18.0295   4.479064    34.0190       1263     5.2583  0.000e+00
     30.865    18.0277   4.478804    34.0184       1264     5.2625  0.000e+00
     30.719    18.0261   4.477895    34.0121       1265     5.2667  0.000e+00
     30.567    18.0225   4.476004    33.9989       1266     5.2708  0.000e+00
     30.403    18.0158   4.474300    33.9901       1267     5.2750  0.000e+00
     30.234    18.0063   4.474347    33.9985       1268     5.2792  0.000e+00
     30.066    17.9993   4.474166    34.0028       1269     5.2833  0.000e+00
     29.908    17.9954   4.473906    34.0039       1270     5.2875  0.000e+00
     29.757    17.9926   4.473726    34.0048       1271     5.2917  0.000e+00
     29.613    17.9910   4.473859    34.0073       1272     5.2958  0.000e+00
     29.487    17.9903   4.474126    34.0102       1273     5.3000  0.000e+00
     29.371    17.9902   4.474454    34.0131       1274     5.3042  0.000e+00
     29.266    17.9916   4.473725    34.0058       1275     5.3083  0.000e+00
     29.171    17.9911   4.473805    34.0069       1276     5.3125  0.000e+00
     29.080    17.9899   4.472850    33.9999       1277     5.3167  0.000e+00
     28.999    17.9874   4.472743    34.0011       1278     5.3208  0.000e+00
     28.920    17.9847   4.472743    34.0033       1279     5.3250  0.000e+00
     28.842    17.9830   4.472409    34.0019       1280     5.3292  0.000e+00
     28.769    17.9816   4.471655    33.9967       1281     5.3333  0.000e+00
     28.697    17.9788   4.471347    33.9965       1282     5.3375  0.000e+00
     28.625    17.9758   4.471608    34.0012       1283     5.3417  0.000e+00
     28.550    17.9743   4.471554    34.0020       1284     5.3458  0.000e+00
     28.464    17.9737   4.470933    33.9972       1285     5.3500  0.000e+00
     28.370    17.9721   4.470806    33.9975       1286     5.3542  0.000e+00
     28.273    17.9704   4.471474    34.0047       1287     5.3583  0.000e+00
     28.167    17.9705   4.471220    34.0025       1288     5.3625  0.000e+00
     28.043    17.9712   4.471267    34.0023       1289     5.3667  0.000e+00
     27.909    17.9713   4.470285    33.9939       1290     5.3708  0.000e+00
     27.776    17.9692   4.469411    33.9883       1291     5.3750  0.000e+00
     27.625    17.9650   4.469177    33.9899       1292     5.3792  0.000e+00
     27.488    17.9615   4.468636    33.9882       1293     5.3833  0.000e+00
     27.341    17.9580   4.468062    33.9863       1294     5.3875  0.000e+00
     27.215    17.9541   4.467755    33.9869       1295     5.3917  0.000e+00
     27.086    17.9509   4.467755    33.9897       1296     5.3958  0.000e+00
     26.962    17.9486   4.467134    33.9864       1297     5.4000  0.000e+00
     26.836    17.9464   4.465845    33.9773       1298     5.4042  0.000e+00
     26.723    17.9415   4.463543    33.9618       1299     5.4083  0.000e+00
     26.614    17.9318   4.462021    33.9569       1300     5.4125  0.000e+00
     26.511    17.9210   4.461768    33.9638       1301     5.4167  0.000e+00
     26.411    17.9133   4.461608    33.9689       1302     5.4208  0.000e+00
     26.303    17.9086   4.461328    33.9705       1303     5.4250  0.000e+00
     26.195    17.9054   4.460787    33.9685       1304     5.4292  0.000e+00
     26.084    17.9027   4.460527    33.9686       1305     5.4333  0.000e+00
     25.978    17.8995   4.459366    33.9614       1306     5.4375  0.000e+00
     25.867    17.8955   4.459880    33.9692       1307     5.4417  0.000e+00
     25.762    17.8924   4.459680    33.9701       1308     5.4458  0.000e+00
     25.667    17.8917   4.459753    33.9713       1309     5.4500  0.000e+00
     25.561    17.8913   4.459680    33.9711       1310     5.4542  0.000e+00
     25.464    17.8910   4.459573    33.9705       1311     5.4583  0.000e+00
     25.365    17.8905   4.459833    33.9731       1312     5.4625  0.000e+00
     25.265    17.8908   4.459239    33.9679       1313     5.4667  0.000e+00
     25.157    17.8899   4.459132    33.9678       1314     5.4708  0.000e+00
     25.049    17.8887   4.459573    33.9726       1315     5.4750  0.000e+00
     24.931    17.8885   4.459833    33.9750       1316     5.4792  0.000e+00
     24.807    17.8899   4.459573    33.9716       1317     5.4833  0.000e+00
     24.674    17.8905   4.459679    33.9720       1318     5.4875  0.000e+00
     24.555    17.8901   4.455917    33.9404       1319     5.4917  0.000e+00
     24.421    17.8831   4.450537    33.9004       1320     5.4958  0.000e+00
     24.281    17.8630   4.450484    33.9167       1321     5.5000  0.000e+00
     24.157    17.8458   4.449278    33.9207       1322     5.5042  0.000e+00
     24.035    17.8332   4.448098    33.9212       1323     5.5083  0.000e+00
     23.914    17.8234   4.447172    33.9215       1324     5.5125  0.000e+00
     23.817    17.8152   4.446146    33.9196       1325     5.5167  0.000e+00
     23.726    17.8074   4.445733    33.9226       1326     5.5208  0.000e+00
     23.640    17.8019   4.445040    33.9213       1327     5.5250  0.000e+00
     23.564    17.7977   4.444934    33.9239       1328     5.5292  0.000e+00
     23.482    17.7948   4.444734    33.9247       1329     5.5333  0.000e+00
     23.397    17.7927   4.444401    33.9236       1330     5.5375  0.000e+00
     23.304    17.7908   4.443781    33.9200       1331     5.5417  0.000e+00
     23.198    17.7884   4.443321    33.9180       1332     5.5458  0.000e+00
     23.090    17.7854   4.442449    33.9132       1333     5.5500  0.000e+00
     22.971    17.7817   4.441576    33.9088       1334     5.5542  0.000e+00
     22.844    17.7770   4.441357    33.9109       1335     5.5583  0.000e+00
     22.725    17.7732   4.439885    33.9016       1336     5.5625  0.000e+00
     22.591    17.7685   4.438860    33.8967       1337     5.5667  0.000e+00
     22.456    17.7619   4.435578    33.8742       1338     5.5708  0.000e+00
     22.325    17.7525   4.437395    33.8976       1339     5.5750  0.000e+00
     22.208    17.7477   4.426370    33.8074       1340     5.5792  0.000e+00
     22.100    17.7256   4.423205    33.7988       1341     5.5833  0.000e+00
     22.002    17.6946   4.425938    33.8480       1342     5.5875  0.000e+00
     21.917    17.6813   4.424588    33.8476       1343     5.5917  0.000e+00
     21.842    17.6747   4.421882    33.8299       1344     5.5958  0.000e+00
     21.783    17.6651   4.418719    33.8108       1345     5.6000  0.000e+00
     21.713    17.6494   4.419304    33.8290       1346     5.6042  0.000e+00
     21.655    17.6396   4.419995    33.8430       1347     5.6083  0.000e+00
     21.594    17.6371   4.419969    33.8449       1348     5.6125  0.000e+00
     21.535    17.6355   4.419816    33.8449       1349     5.6167  0.000e+00
     21.461    17.6352   4.420347    33.8498       1350     5.6208  0.000e+00
     21.368    17.6355   4.416858    33.8197       1351     5.6250  0.000e+00
     21.267    17.6312   4.421318    33.8615       1352     5.6292  0.000e+00
     21.150    17.6326   4.420221    33.8510       1353     5.6333  0.000e+00
     21.018    17.6364   4.417164    33.8217       1354     5.6375  0.000e+00
     20.886    17.6296   4.412660    33.7888       1355     5.6417  0.000e+00
     20.750    17.6149   4.406405    33.7475       1356     5.6458  0.000e+00
     20.604    17.5883   4.403844    33.7477       1357     5.6500  0.000e+00
     20.455    17.5610   4.400540    33.7421       1358     5.6542  0.000e+00
     20.308    17.5374   4.401078    33.7664       1359     5.6583  0.000e+00
     20.166    17.5212   4.399552    33.7668       1360     5.6625  0.000e+00
     20.039    17.5106   4.400242    33.7816       1361     5.6667  0.000e+00
     19.915    17.5052   4.399784    33.7823       1362     5.6708  0.000e+00
     19.807    17.5017   4.396614    33.7580       1363     5.6750  0.000e+00
     19.721    17.4949   4.392112    33.7250       1364     5.6792  0.000e+00
     19.647    17.4758   4.386989    33.6969       1365     5.6833  0.000e+00
     19.590    17.4513   4.386420    33.7124       1366     5.6875  0.000e+00
     19.536    17.4284   4.385062    33.7198       1367     5.6917  0.000e+00
     19.496    17.4138   4.389124    33.7669       1368     5.6958  0.000e+00
     19.462    17.4148   4.389508    33.7695       1369     5.7000  0.000e+00
     19.426    17.4212   4.389455    33.7636       1370     5.7042  0.000e+00
     19.389    17.4252   4.391510    33.7780       1371     5.7083  0.000e+00
     19.347    17.4326   4.390190    33.7605       1372     5.7125  0.000e+00
     19.295    17.4343   4.381048    33.6804       1373     5.7167  0.000e+00
     19.223    17.4114   4.381400    33.7026       1374     5.7208  0.000e+00
     19.135    17.3940   4.381499    33.7179       1375     5.7250  0.000e+00
     19.033    17.3836   4.379685    33.7111       1376     5.7292  0.000e+00
     18.922    17.3771   4.366504    33.6030       1377     5.7333  0.000e+00
     18.791    17.3425   4.369845    33.6606       1378     5.7375  0.000e+00
     18.665    17.3116   4.360304    33.6041       1379     5.7417  0.000e+00
     18.528    17.2853   4.353090    33.5638       1380     5.7458  0.000e+00
     18.395    17.2430   4.360028    33.6589       1381     5.7500  0.000e+00
     18.254    17.2265   4.360933    33.6806       1382     5.7542  0.000e+00
     18.123    17.2272   4.358072    33.6553       1383     5.7583  0.000e+00
     17.991    17.2232   4.352391    33.6096       1384     5.7625  0.000e+00
     17.876    17.2035   4.329884    33.4317       1385     5.7667  0.000e+00
     17.749    17.1470   4.328560    33.4671       1386     5.7708  0.000e+00
     17.639    17.0885   4.328679    33.5168       1387     5.7750  0.000e+00
     17.544    17.0544   4.328693    33.5454       1388     5.7792  0.000e+00
     17.454    17.0384   4.330050    33.5704       1389     5.7833  0.000e+00
     17.384    17.0337   4.330373    33.5773       1390     5.7875  0.000e+00
     17.316    17.0349   4.330373    33.5763       1391     5.7917  0.000e+00
     17.248    17.0365   4.330564    33.5766       1392     5.7958  0.000e+00
     17.185    17.0382   4.330848    33.5777       1393     5.8000  0.000e+00
     17.131    17.0400   4.331217    33.5794       1394     5.8042  0.000e+00
     17.074    17.0429   4.332120    33.5848       1395     5.8083  0.000e+00
     17.020    17.0468   4.332166    33.5820       1396     5.8125  0.000e+00
     16.961    17.0499   4.332713    33.5841       1397     5.8167  0.000e+00
     16.889    17.0537   4.334987    33.6007       1398     5.8208  0.000e+00
     16.806    17.0625   4.335395    33.5970       1399     5.8250  0.000e+00
     16.718    17.0720   4.337637    33.6085       1400     5.8292  0.000e+00
     16.627    17.0837   4.338534    33.6066       1401     5.8333  0.000e+00
     16.517    17.0962   4.339985    33.6087       1402     5.8375  0.000e+00
     16.406    17.1094   4.344569    33.6374       1403     5.8417  0.000e+00
     16.294    17.1309   4.346866    33.6395       1404     5.8458  0.000e+00
     16.187    17.1570   4.349638    33.6416       1405     5.8500  0.000e+00
     16.073    17.1823   4.349505    33.6195       1406     5.8542  0.000e+00
     15.967    17.1998   4.351842    33.6251       1407     5.8583  0.000e+00
     15.863    17.2159   4.353414    33.6253       1408     5.8625  0.000e+00
     15.772    17.2324   4.353618    33.6134       1409     5.8667  0.000e+00
     15.693    17.2444   4.353770    33.6047       1410     5.8708  0.000e+00
     15.607    17.2516   4.353816    33.5992       1411     5.8750  0.000e+00
     15.545    17.2555   4.353915    33.5968       1412     5.8792  0.000e+00
     15.474    17.2577   4.354391    33.5991       1413     5.8833  0.000e+00
     15.404    17.2611   4.354186    33.5946       1414     5.8875  0.000e+00
     15.337    17.2634   4.354793    33.5979       1415     5.8917  0.000e+00
     15.258    17.2660   4.354919    33.5969       1416     5.8958  0.000e+00
     15.174    17.2701   4.355718    33.6004       1417     5.9000  0.000e+00
     15.075    17.2755   4.356200    33.6000       1418     5.9042  0.000e+00
     14.971    17.2822   4.356695    33.5988       1419     5.9083  0.000e+00
     14.852    17.2895   4.358321    33.6069       1420     5.9125  0.000e+00
     14.719    17.2995   4.359503    33.6088       1421     5.9167  0.000e+00
     14.595    17.3123   4.360422    33.6061       1422     5.9208  0.000e+00
     14.457    17.3245   4.360580    33.5974       1423     5.9250  0.000e+00
     14.348    17.3340   4.362384    33.6051       1424     5.9292  0.000e+00
     14.226    17.3453   4.365041    33.6186       1425     5.9333  0.000e+00
     14.102    17.3636   4.366774    33.6183       1426     5.9375  0.000e+00
     13.997    17.3826   4.367210    33.6064       1427     5.9417  0.000e+00
     13.895    17.3985   4.368360    33.6031       1428     5.9458  0.000e+00
     13.809    17.4102   4.368360    33.5934       1429     5.9500  0.000e+00
     13.732    17.4178   4.369967    33.6010       1430     5.9542  0.000e+00
     13.654    17.4266   4.370972    33.6024       1431     5.9583  0.000e+00
     13.584    17.4368   4.370747    33.5920       1432     5.9625  0.000e+00
     13.529    17.4431   4.370119    33.5814       1433     5.9667  0.000e+00
     13.477    17.4441   4.370919    33.5875       1434     5.9708  0.000e+00
     13.432    17.4457   4.371376    33.5901       1435     5.9750  0.000e+00
     13.383    17.4498   4.371601    33.5886       1436     5.9792  0.000e+00
     13.337    17.4533   4.371673    33.5864       1437     5.9833  0.000e+00
     13.290    17.4558   4.372050    33.5875       1438     5.9875  0.000e+00
     13.238    17.4581   4.372758    33.5917       1439     5.9917  0.000e+00
     13.191    17.4615   4.373665    33.5967       1440     5.9958  0.000e+00
     13.125    17.4684   4.373545    33.5899       1441     6.0000  0.000e+00
     13.055    17.4720   4.374465    33.5950       1442     6.0042  0.000e+00
     12.968    17.4768   4.375478    33.5996       1443     6.0083  0.000e+00
     12.875    17.4837   4.375855    33.5972       1444     6.0125  0.000e+00
     12.755    17.4897   4.375954    33.5931       1445     6.0167  0.000e+00
