PC2406/sbe015.cnv
* Sea-Bird SBE 19plus V2 Data File:
* FileName = C:\cruise\data\sbe015.hex
* Software Version Seasave V 7.26.7.121
* Temperature SN = 7142
* Conductivity SN = 7142
* System UpLoad Time = Oct 28 2024 12:02:33
* NMEA Latitude = 40 05.52 N
* NMEA Longitude = 070 06.23 W
* NMEA UTC (Time) = Oct 28 2024  12:02:30
** Ship: Pisces
** Cruise:  PC2406
** Program:  Fall ECOMON
# nquan = 7
# nvalues = 3505                                  
# units = specified
# name 0 = depSM: Depth [salt water, m]
# name 1 = tv290C: Temperature [ITS-90, deg C]
# name 2 = c0S/m: Conductivity [S/m]
# name 3 = sal00: Salinity, Practical [PSU]
# name 4 = scan: Scan Count
# name 5 = timeM: Time, Elapsed [minutes]
# name 6 = flag:  0.000e+00
# span 0 =      0.123,    149.049                 
# span 1 =     9.5203,    16.1707                 
# span 2 =   0.000014,   4.473218                 
# span 3 =     0.0066,    35.8607                 
# span 4 =         11,       3515                 
# span 5 =     0.0417,    14.6417                 
# span 6 = 0.0000e+00, 0.0000e+00                 
# interval = seconds: 0.25
# start_time = Oct 28 2024 12:02:30 [NMEA time, header]
# bad_flag = -9.990e-29
*END*
[from data line 411]
     43.981    13.3231   3.926257    33.0800        422     1.7542  0.000e+00
     44.130    13.3734   3.932087    33.0910        423     1.7583  0.000e+00
     44.283    13.4217   3.935634    33.0823        424     1.7625  0.000e+00
     44.435    13.4589   3.939777    33.0887        425     1.7667  0.000e+00
     44.592    13.4900   3.938224    33.0472        426     1.7708  0.000e+00
     44.737    13.5040   3.934968    33.0046        427     1.7750  0.000e+00
     44.890    13.4968   3.939245    33.0507        428     1.7792  0.000e+00
     45.030    13.4973   3.947779    33.1301        429     1.7833  0.000e+00
     45.172    13.5245   3.957178    33.1944        430     1.7875  0.000e+00
     45.310    13.5701   3.965683    33.2342        431     1.7917  0.000e+00
     45.456    13.6254   3.974195    33.2655        432     1.7958  0.000e+00
     45.599    13.6840   3.980258    33.2711        433     1.8000  0.000e+00
     45.754    13.7374   3.988293    33.2995        434     1.8042  0.000e+00
     45.899    13.7923   3.995779    33.3214        435     1.8083  0.000e+00
     46.045    13.8478   3.997780    33.2918        436     1.8125  0.000e+00
     46.196    13.8875   3.997359    33.2533        437     1.8167  0.000e+00
     46.348    13.9062   3.990406    33.1726        438     1.8208  0.000e+00
     46.495    13.8895   3.966315    32.9636        439     1.8250  0.000e+00
     46.637    13.7962   3.947890    32.8727        440     1.8292  0.000e+00
     46.770    13.6531   3.930805    32.8365        441     1.8333  0.000e+00
     46.898    13.5011   3.900240    32.6817        442     1.8375  0.000e+00
     47.027    13.2954   3.853196    32.4172        443     1.8417  0.000e+00
     47.149    13.0047   3.831473    32.4611        444     1.8458  0.000e+00
     47.270    12.7255   3.818164    32.5751        445     1.8500  0.000e+00
     47.384    12.5124   3.808584    32.6684        446     1.8542  0.000e+00
     47.501    12.3530   3.803368    32.7573        447     1.8583  0.000e+00
     47.618    12.2462   3.795937    32.7793        448     1.8625  0.000e+00
     47.744    12.1638   3.793067    32.8238        449     1.8667  0.000e+00
     47.866    12.1031   3.787621    32.8245        450     1.8708  0.000e+00
     47.979    12.0536   3.783525    32.8285        451     1.8750  0.000e+00
     48.101    12.0087   3.780296    32.8367        452     1.8792  0.000e+00
     48.223    11.9707   3.774409    32.8132        453     1.8833  0.000e+00
     48.351    11.9278   3.747603    32.5913        454     1.8875  0.000e+00
     48.487    11.8064   3.710081    32.3335        455     1.8917  0.000e+00
     48.620    11.5797   3.690935    32.3448        456     1.8958  0.000e+00
     48.757    11.3443   3.676388    32.4085        457     1.9000  0.000e+00
     48.899    11.1501   3.666775    32.4849        458     1.9042  0.000e+00
     49.042    11.0005   3.653243    32.4834        459     1.9083  0.000e+00
     49.193    10.8682   3.638141    32.4509        460     1.9125  0.000e+00
     49.349    10.7319   3.618213    32.3735        461     1.9167  0.000e+00
     49.511    10.5770   3.606336    32.3924        462     1.9208  0.000e+00
     49.676    10.4341   3.601062    32.4667        463     1.9250  0.000e+00
     49.843    10.3228   3.595595    32.5112        464     1.9292  0.000e+00
     50.010    10.2428   3.585541    32.4816        465     1.9333  0.000e+00
     50.181    10.1675   3.586122    32.5549        466     1.9375  0.000e+00
     50.352    10.1099   3.580450    32.5493        467     1.9417  0.000e+00
     50.517    10.0709   3.583176    32.6119        468     1.9458  0.000e+00
     50.668    10.0471   3.575208    32.5526        469     1.9500  0.000e+00
     50.819    10.0140   3.572923    32.5592        470     1.9542  0.000e+00
     50.960     9.9704   3.565761    32.5259        471     1.9583  0.000e+00
     51.097     9.9201   3.563911    32.5524        472     1.9625  0.000e+00
     51.226     9.8756   3.564515    32.5987        473     1.9667  0.000e+00
     51.347     9.8490   3.561137    32.5883        474     1.9708  0.000e+00
     51.463     9.8242   3.560042    32.5995        475     1.9750  0.000e+00
     51.587     9.8035   3.558266    32.6001        476     1.9792  0.000e+00
     51.709     9.7838   3.558857    32.6239        477     1.9833  0.000e+00
     51.842     9.7724   3.559502    32.6407        478     1.9875  0.000e+00
     51.975     9.7687   3.560213    32.6513        479     1.9917  0.000e+00
     52.105     9.7679   3.560901    32.6589        480     1.9958  0.000e+00
     52.237     9.7692   3.560877    32.6575        481     2.0000  0.000e+00
     52.376     9.7692   3.560767    32.6563        482     2.0042  0.000e+00
     52.514     9.7673   3.561114    32.6615        483     2.0083  0.000e+00
     52.654     9.7660   3.561674    32.6683        484     2.0125  0.000e+00
     52.796     9.7671   3.564084    32.6918        485     2.0167  0.000e+00
     52.929     9.7741   3.566629    32.7113        486     2.0208  0.000e+00
     53.064     9.7875   3.568894    32.7222        487     2.0250  0.000e+00
     53.200     9.8043   3.574937    32.7684        488     2.0292  0.000e+00
     53.333     9.8311   3.576918    32.7643        489     2.0333  0.000e+00
     53.459     9.8549   3.574376    32.7166        490     2.0375  0.000e+00
     53.585     9.8573   3.571695    32.6871        491     2.0417  0.000e+00
     53.710     9.8439   3.568199    32.6637        492     2.0458  0.000e+00
     53.843     9.8186   3.565618    32.6603        493     2.0500  0.000e+00
     53.980     9.7898   3.562319    32.6527        494     2.0542  0.000e+00
     54.113     9.7580   3.558882    32.6465        495     2.0583  0.000e+00
     54.256     9.7238   3.557879    32.6672        496     2.0625  0.000e+00
     54.396     9.6966   3.556906    32.6819        497     2.0667  0.000e+00
     54.544     9.6774   3.556906    32.6993        498     2.0708  0.000e+00
     54.691     9.6667   3.556280    32.7026        499     2.0750  0.000e+00
     54.849     9.6593   3.556152    32.7079        500     2.0792  0.000e+00
     55.005     9.6544   3.557332    32.7244        501     2.0833  0.000e+00
     55.154     9.6574   3.568811    32.8389        502     2.0875  0.000e+00
     55.312     9.6938   3.573580    32.8544        503     2.0917  0.000e+00
     55.465     9.7442   3.583987    32.9146        504     2.0958  0.000e+00
     55.621     9.8080   3.598150    33.0007        505     2.1000  0.000e+00
     55.776     9.8920   3.603381    32.9770        506     2.1042  0.000e+00
     55.927     9.9653   3.605147    32.9280        507     2.1083  0.000e+00
     56.079    10.0133   3.605495    32.8877        508     2.1125  0.000e+00
     56.228    10.0398   3.605996    32.8687        509     2.1167  0.000e+00
     56.379    10.0548   3.606327    32.8583        510     2.1208  0.000e+00
     56.530    10.0635   3.607703    32.8642        511     2.1250  0.000e+00
     56.690    10.0710   3.609801    32.8786        512     2.1292  0.000e+00
     56.841    10.0816   3.610761    32.8787        513     2.1333  0.000e+00
     56.983    10.0919   3.614831    32.9104        514     2.1375  0.000e+00
     57.132    10.1108   3.625317    32.9993        515     2.1417  0.000e+00
     57.277    10.1550   3.628963    32.9959        516     2.1458  0.000e+00
     57.416    10.2031   3.629643    32.9589        517     2.1500  0.000e+00
     57.556    10.2344   3.632329    32.9576        518     2.1542  0.000e+00
     57.685    10.2580   3.633764    32.9505        519     2.1583  0.000e+00
     57.811    10.2762   3.633782    32.9341        520     2.1625  0.000e+00
     57.940    10.2862   3.634138    32.9286        521     2.1667  0.000e+00
     58.075    10.2910   3.634224    32.9251        522     2.1708  0.000e+00
     58.208    10.2935   3.634070    32.9212        523     2.1750  0.000e+00
     58.335    10.2944   3.634334    32.9230        524     2.1792  0.000e+00
     58.465    10.2951   3.634708    32.9260        525     2.1833  0.000e+00
     58.598    10.2967   3.635040    32.9279        526     2.1875  0.000e+00
     58.734    10.2989   3.635126    32.9267        527     2.1917  0.000e+00
     58.869    10.3004   3.635279    32.9268        528     2.1958  0.000e+00
     59.002    10.3017   3.635414    32.9269        529     2.2000  0.000e+00
     59.133    10.3031   3.635592    32.9274        530     2.2042  0.000e+00
     59.264    10.3045   3.635831    32.9285        531     2.2083  0.000e+00
     59.401    10.3059   3.635702    32.9258        532     2.2125  0.000e+00
     59.546    10.3069   3.635831    32.9262        533     2.2167  0.000e+00
     59.690    10.3074   3.635666    32.9240        534     2.2208  0.000e+00
     59.837    10.3074   3.635746    32.9247        535     2.2250  0.000e+00
     59.979    10.3073   3.635764    32.9249        536     2.2292  0.000e+00
     60.126    10.3066   3.635899    32.9269        537     2.2333  0.000e+00
     60.281    10.3065   3.635875    32.9266        538     2.2375  0.000e+00
     60.432    10.3063   3.635543    32.9235        539     2.2417  0.000e+00
     60.586    10.3043   3.635237    32.9220        540     2.2458  0.000e+00
     60.735    10.3014   3.635016    32.9224        541     2.2500  0.000e+00
     60.882    10.2975   3.633433    32.9100        542     2.2542  0.000e+00
     61.030    10.2885   3.630766    32.8912        543     2.2583  0.000e+00
     61.182    10.2706   3.629601    32.8956        544     2.2625  0.000e+00
     61.330    10.2523   3.630196    32.9181        545     2.2667  0.000e+00
     61.472    10.2422   3.630944    32.9348        546     2.2708  0.000e+00
     61.615    10.2399   3.631275    32.9402        547     2.2750  0.000e+00
     61.746    10.2410   3.631496    32.9413        548     2.2792  0.000e+00
     61.885    10.2425   3.632067    32.9456        549     2.2833  0.000e+00
     62.012    10.2448   3.632220    32.9451        550     2.2875  0.000e+00
     62.142    10.2471   3.632355    32.9443        551     2.2917  0.000e+00
     62.266    10.2485   3.632619    32.9456        552     2.2958  0.000e+00
     62.382    10.2500   3.633103    32.9491        553     2.3000  0.000e+00
     62.506    10.2522   3.633299    32.9490        554     2.3042  0.000e+00
     62.636    10.2539   3.633674    32.9512        555     2.3083  0.000e+00
     62.770    10.2544   3.633741    32.9513        556     2.3125  0.000e+00
     62.909    10.2537   3.633606    32.9506        557     2.3167  0.000e+00
     63.038    10.2519   3.633674    32.9528        558     2.3208  0.000e+00
     63.180    10.2500   3.633386    32.9516        559     2.3250  0.000e+00
     63.331    10.2465   3.631386    32.9345        560     2.3292  0.000e+00
     63.483    10.2356   3.629314    32.9234        561     2.3333  0.000e+00
     63.643    10.2178   3.627690    32.9232        562     2.3375  0.000e+00
     63.805    10.1983   3.626832    32.9321        563     2.3417  0.000e+00
     63.974    10.1804   3.626041    32.9403        564     2.3458  0.000e+00
     64.143    10.1617   3.621036    32.9066        565     2.3500  0.000e+00
     64.308    10.1297   3.616431    32.8891        566     2.3542  0.000e+00
     64.484    10.0891   3.612728    32.8884        567     2.3583  0.000e+00
     64.651    10.0505   3.608929    32.8849        568     2.3625  0.000e+00
     64.811    10.0127   3.606306    32.8926        569     2.3667  0.000e+00
     64.962     9.9782   3.599765    32.8575        570     2.3708  0.000e+00
     65.107     9.9327   3.597260    32.8734        571     2.3750  0.000e+00
     65.242     9.8910   3.590085    32.8385        572     2.3792  0.000e+00
     65.373     9.8406   3.586027    32.8429        573     2.3833  0.000e+00
     65.501     9.7897   3.584722    32.8760        574     2.3875  0.000e+00
     65.623     9.7536   3.583033    32.8917        575     2.3917  0.000e+00
     65.743     9.7283   3.583448    32.9191        576     2.3958  0.000e+00
     65.863     9.7137   3.584485    32.9429        577     2.4000  0.000e+00
     65.987     9.7098   3.588067    32.9831        578     2.4042  0.000e+00
     66.113     9.7184   3.590539    33.0004        579     2.4083  0.000e+00
     66.239     9.7338   3.591302    32.9940        580     2.4125  0.000e+00
     66.357     9.7459   3.590630    32.9760        581     2.4167  0.000e+00
     66.481     9.7495   3.587914    32.9449        582     2.4208  0.000e+00
     66.614     9.7389   3.584833    32.9231        583     2.4250  0.000e+00
     66.743     9.7160   3.583338    32.9287        584     2.4292  0.000e+00
     66.876     9.6929   3.582125    32.9374        585     2.4333  0.000e+00
     67.009     9.6729   3.581564    32.9499        586     2.4375  0.000e+00
     67.140     9.6584   3.580522    32.9525        587     2.4417  0.000e+00
     67.272     9.6464   3.580156    32.9597        588     2.4458  0.000e+00
     67.406     9.6369   3.579034    32.9568        589     2.4500  0.000e+00
     67.541     9.6266   3.578790    32.9638        590     2.4542  0.000e+00
     67.676     9.6185   3.577949    32.9626        591     2.4583  0.000e+00
     67.812     9.6102   3.577687    32.9674        592     2.4625  0.000e+00
     67.947     9.6035   3.577169    32.9682        593     2.4667  0.000e+00
     68.087     9.5979   3.576804    32.9695        594     2.4708  0.000e+00
     68.233     9.5929   3.576889    32.9749        595     2.4750  0.000e+00
     68.380     9.5901   3.576499    32.9734        596     2.4792  0.000e+00
     68.524     9.5873   3.575591    32.9666        597     2.4833  0.000e+00
     68.666     9.5817   3.574744    32.9630        598     2.4875  0.000e+00
     68.815     9.5734   3.574208    32.9651        599     2.4917  0.000e+00
     68.969     9.5664   3.573647    32.9657        600     2.4958  0.000e+00
     69.131     9.5599   3.573824    32.9734        601     2.5000  0.000e+00
     69.289     9.5561   3.573349    32.9719        602     2.5042  0.000e+00
     69.438     9.5525   3.573520    32.9769        603     2.5083  0.000e+00
     69.594     9.5497   3.573995    32.9843        604     2.5125  0.000e+00
     69.742     9.5491   3.572917    32.9737        605     2.5167  0.000e+00
     69.891     9.5459   3.572429    32.9716        606     2.5208  0.000e+00
     70.036     9.5406   3.571985    32.9719        607     2.5250  0.000e+00
     70.174     9.5351   3.571924    32.9762        608     2.5292  0.000e+00
     70.307     9.5307   3.572052    32.9815        609     2.5333  0.000e+00
     70.438     9.5284   3.572052    32.9836        610     2.5375  0.000e+00
     70.570     9.5268   3.572655    32.9912        611     2.5417  0.000e+00
     70.701     9.5267   3.573112    32.9959        612     2.5458  0.000e+00
     70.832     9.5284   3.573411    32.9974        613     2.5500  0.000e+00
     70.958     9.5304   3.573978    33.0012        614     2.5542  0.000e+00
     71.089     9.5334   3.575074    33.0097        615     2.5583  0.000e+00
     71.218     9.5388   3.576007    33.0142        616     2.5625  0.000e+00
     71.351     9.5455   3.576373    33.0118        617     2.5667  0.000e+00
     71.484     9.5511   3.576830    33.0113        618     2.5708  0.000e+00
     71.613     9.5556   3.577195    33.0108        619     2.5750  0.000e+00
     71.735     9.5595   3.577561    33.0109        620     2.5792  0.000e+00
     71.854     9.5629   3.579183    33.0243        621     2.5833  0.000e+00
     71.976     9.5702   3.579768    33.0236        622     2.5875  0.000e+00
     72.098     9.5778   3.581195    33.0312        623     2.5917  0.000e+00
     72.217     9.5867   3.583860    33.0503        624     2.5958  0.000e+00
     72.334     9.6019   3.585532    33.0534        625     2.6000  0.000e+00
