PC2406/sbe017.cnv
* Sea-Bird SBE 19plus V2 Data File:
* FileName = C:\cruise\data\sbe017.hex
* Software Version Seasave V 7.26.7.121
* Temperature SN = 7142
* Conductivity SN = 7142
* System UpLoad Time = Oct 28 2024 16:56:12
* NMEA Latitude = 39 49.61 N
* NMEA Longitude = 070 37.38 W
* NMEA UTC (Time) = Oct 28 2024  16:56:09
** Ship: Pisces
** Cruise:  PC2406
** Program:  Fall ECOMON
# nquan = 7
# nvalues = 3890                                  
# units = specified
# name 0 = depSM: Depth [salt water, m]
# name 1 = tv290C: Temperature [ITS-90, deg C]
# name 2 = c0S/m: Conductivity [S/m]
# name 3 = sal00: Salinity, Practical [PSU]
# name 4 = scan: Scan Count
# name 5 = timeM: Time, Elapsed [minutes]
# name 6 = flag:  0.000e+00
# span 0 =      0.135,  20050.374                 
# span 1 =   -99.0000,    20.6814                 
# span 2 =   0.000008,  99.000000                 
# span 3 =     0.0075,  1999.0000                 
# span 4 =         11,       3900                 
# span 5 =     0.0417,    16.2458                 
# span 6 = 0.0000e+00, 0.0000e+00                 
# interval = seconds: 0.25
# start_time = Oct 28 2024 16:56:09 [NMEA time, header]
# bad_flag = -9.990e-29
*END*
[from data line 3283]
     38.032    19.1982   4.736647    35.2036       3294    13.7208  0.000e+00
     37.952    19.1925   4.733548    35.1826       3295    13.7250  0.000e+00
     37.871    19.1736   4.740535    35.2570       3296    13.7292  0.000e+00
     37.785    19.1809   4.739973    35.2462       3297    13.7333  0.000e+00
     37.700    19.1937   4.738687    35.2246       3298    13.7375  0.000e+00
     37.627    19.1954   4.739097    35.2266       3299    13.7417  0.000e+00
     37.553    19.1953   4.746060    35.2848       3300    13.7458  0.000e+00
     37.477    19.2180   4.744854    35.2554       3301    13.7500  0.000e+00
     37.409    19.2400   4.749874    35.2787       3302    13.7542  0.000e+00
     37.339    19.2583   4.753053    35.2897       3303    13.7583  0.000e+00
     37.278    19.2906   4.754979    35.2784       3304    13.7625  0.000e+00
     37.219    19.3206   4.756315    35.2641       3305    13.7667  0.000e+00
     37.163    19.3425   4.757130    35.2523       3306    13.7708  0.000e+00
     37.111    19.3583   4.757898    35.2453       3307    13.7750  0.000e+00
     37.059    19.3695   4.753908    35.2027       3308    13.7792  0.000e+00
     37.014    19.3654   4.748447    35.1608       3309    13.7833  0.000e+00
     36.962    19.3304   4.739813    35.1186       3310    13.7875  0.000e+00
     36.912    19.2801   4.742669    35.1848       3311    13.7917  0.000e+00
     36.867    19.2484   4.751854    35.2883       3312    13.7958  0.000e+00
     36.811    19.2692   4.756720    35.3112       3313    13.8000  0.000e+00
     36.759    19.3089   4.761299    35.3156       3314    13.8042  0.000e+00
     36.711    19.3518   4.762828    35.2919       3315    13.8083  0.000e+00
     36.662    19.3867   4.761936    35.2550       3316    13.8125  0.000e+00
     36.615    19.4041   4.757760    35.2056       3317    13.8167  0.000e+00
     36.570    19.4004   4.758219    35.2126       3318    13.8208  0.000e+00
     36.533    19.3901   4.755806    35.2012       3319    13.8250  0.000e+00
     36.488    19.3772   4.748029    35.1476       3320    13.8292  0.000e+00
     36.448    19.3445   4.755005    35.2332       3321    13.8333  0.000e+00
     36.405    19.3351   4.758268    35.2683       3322    13.8375  0.000e+00
     36.359    19.3525   4.762396    35.2879       3323    13.8417  0.000e+00
     36.312    19.3806   4.764981    35.2856       3324    13.8458  0.000e+00
     36.256    19.4094   4.765852    35.2685       3325    13.8500  0.000e+00
     36.195    19.4299   4.766524    35.2567       3326    13.8542  0.000e+00
     36.136    19.4436   4.766942    35.2486       3327    13.8583  0.000e+00
     36.071    19.4529   4.768802    35.2563       3328    13.8625  0.000e+00
     35.999    19.4630   4.770256    35.2598       3329    13.8667  0.000e+00
     35.926    19.4756   4.774148    35.2815       3330    13.8708  0.000e+00
     35.856    19.4958   4.777176    35.2895       3331    13.8750  0.000e+00
     35.780    19.5199   4.780795    35.2992       3332    13.8792  0.000e+00
     35.701    19.5468   4.784409    35.3064       3333    13.8833  0.000e+00
     35.624    19.5747   4.786677    35.3016       3334    13.8875  0.000e+00
     35.547    19.6005   4.786374    35.2773       3335    13.8917  0.000e+00
     35.466    19.6183   4.785940    35.2587       3336    13.8958  0.000e+00
     35.381    19.6289   4.785837    35.2490       3337    13.9000  0.000e+00
     35.302    19.6354   4.786902    35.2523       3338    13.9042  0.000e+00
     35.218    19.6424   4.787644    35.2526       3339    13.9083  0.000e+00
     35.135    19.6496   4.788992    35.2577       3340    13.9125  0.000e+00
     35.051    19.6579   4.789830    35.2577       3341    13.9167  0.000e+00
     34.963    19.6667   4.788648    35.2405       3342    13.9208  0.000e+00
     34.888    19.6705   4.788799    35.2386       3343    13.9250  0.000e+00
     34.800    19.6723   4.789802    35.2454       3344    13.9292  0.000e+00
     34.721    19.6764   4.790744    35.2497       3345    13.9333  0.000e+00
     34.638    19.6821   4.791886    35.2544       3346    13.9375  0.000e+00
     34.555    19.6890   4.794341    35.2689       3347    13.9417  0.000e+00
     34.485    19.7009   4.797580    35.2856       3348    13.9458  0.000e+00
     34.412    19.7191   4.800773    35.2966       3349    13.9500  0.000e+00
     34.349    19.7410   4.806114    35.3222       3350    13.9542  0.000e+00
     34.297    19.7701   4.807656    35.3105       3351    13.9583  0.000e+00
     34.250    19.7963   4.809797    35.3061       3352    13.9625  0.000e+00
     34.205    19.8186   4.810913    35.2965       3353    13.9667  0.000e+00
     34.166    19.8367   4.813503    35.3026       3354    13.9708  0.000e+00
     34.128    19.8566   4.817513    35.3188       3355    13.9750  0.000e+00
     34.094    19.8862   4.821566    35.3273       3356    13.9792  0.000e+00
     34.060    19.9241   4.826385    35.3350       3357    13.9833  0.000e+00
     34.020    19.9692   4.836238    35.3780       3358    13.9875  0.000e+00
     33.988    20.0365   4.843785    35.3833       3359    13.9917  0.000e+00
     33.943    20.1196   4.850936    35.3721       3360    13.9958  0.000e+00
     33.900    20.2009   4.855249    35.3392       3361    14.0000  0.000e+00
     33.860    20.2730   4.857468    35.2969       3362    14.0042  0.000e+00
     33.817    20.3298   4.859473    35.2658       3363    14.0083  0.000e+00
     33.774    20.3721   4.860323    35.2375       3364    14.0125  0.000e+00
     33.727    20.4005   4.860848    35.2181       3365    14.0167  0.000e+00
     33.684    20.4183   4.861208    35.2062       3366    14.0208  0.000e+00
     33.636    20.4289   4.861422    35.1991       3367    14.0250  0.000e+00
     33.585    20.4352   4.861726    35.1964       3368    14.0292  0.000e+00
     33.535    20.4391   4.862307    35.1979       3369    14.0333  0.000e+00
     33.478    20.4433   4.863048    35.2004       3370    14.0375  0.000e+00
     33.415    20.4497   4.865857    35.2179       3371    14.0417  0.000e+00
     33.350    20.4625   4.867151    35.2178       3372    14.0458  0.000e+00
     33.280    20.4772   4.867837    35.2112       3373    14.0500  0.000e+00
     33.201    20.4898   4.868002    35.2021       3374    14.0542  0.000e+00
     33.117    20.4983   4.867012    35.1870       3375    14.0583  0.000e+00
     33.030    20.5035   4.866957    35.1823       3376    14.0625  0.000e+00
     32.933    20.5089   4.867234    35.1800       3377    14.0667  0.000e+00
     32.845    20.5138   4.867372    35.1772       3378    14.0708  0.000e+00
     32.754    20.5181   4.867476    35.1745       3379    14.0750  0.000e+00
     32.666    20.5210   4.868445    35.1799       3380    14.0792  0.000e+00
     32.585    20.5257   4.868140    35.1736       3381    14.0833  0.000e+00
     32.510    20.5289   4.868306    35.1724       3382    14.0875  0.000e+00
     32.438    20.5303   4.868666    35.1741       3383    14.0917  0.000e+00
     32.366    20.5326   4.868964    35.1746       3384    14.0958  0.000e+00
     32.310    20.5347   4.869102    35.1740       3385    14.1000  0.000e+00
     32.251    20.5366   4.870424    35.1832       3386    14.1042  0.000e+00
     32.190    20.5405   4.870258    35.1786       3387    14.1083  0.000e+00
     32.140    20.5438   4.870237    35.1758       3388    14.1125  0.000e+00
     32.082    20.5456   4.870126    35.1733       3389    14.1167  0.000e+00
     32.030    20.5464   4.870701    35.1774       3390    14.1208  0.000e+00
     31.974    20.5485   4.871255    35.1801       3391    14.1250  0.000e+00
     31.922    20.5517   4.870071    35.1679       3392    14.1292  0.000e+00
     31.867    20.5512   4.870016    35.1679       3393    14.1333  0.000e+00
     31.807    20.5484   4.869025    35.1622       3394    14.1375  0.000e+00
     31.753    20.5447   4.868278    35.1592       3395    14.1417  0.000e+00
     31.696    20.5396   4.867696    35.1588       3396    14.1458  0.000e+00
     31.637    20.5345   4.868610    35.1704       3397    14.1500  0.000e+00
     31.581    20.5337   4.869711    35.1801       3398    14.1542  0.000e+00
     31.518    20.5378   4.870507    35.1831       3399    14.1583  0.000e+00
     31.461    20.5430   4.871116    35.1838       3400    14.1625  0.000e+00
     31.401    20.5487   4.871116    35.1791       3401    14.1667  0.000e+00
     31.342    20.5527   4.871532    35.1791       3402    14.1708  0.000e+00
     31.283    20.5556   4.871587    35.1772       3403    14.1750  0.000e+00
     31.224    20.5578   4.871338    35.1734       3404    14.1792  0.000e+00
     31.163    20.5583   4.871532    35.1745       3405    14.1833  0.000e+00
     31.102    20.5589   4.871421    35.1732       3406    14.1875  0.000e+00
     31.039    20.5588   4.870749    35.1679       3407    14.1917  0.000e+00
     30.978    20.5571   4.870673    35.1687       3408    14.1958  0.000e+00
     30.911    20.5558   4.870451    35.1680       3409    14.2000  0.000e+00
     30.852    20.5541   4.870209    35.1674       3410    14.2042  0.000e+00
     30.787    20.5528   4.870285    35.1691       3411    14.2083  0.000e+00
     30.721    20.5522   4.871005    35.1755       3412    14.2125  0.000e+00
     30.662    20.5545   4.871531    35.1779       3413    14.2167  0.000e+00
     30.606    20.5578   4.870126    35.1637       3414    14.2208  0.000e+00
     30.554    20.5581   4.869461    35.1581       3415    14.2250  0.000e+00
     30.503    20.5553   4.869184    35.1582       3416    14.2292  0.000e+00
     30.457    20.5524   4.868748    35.1571       3417    14.2333  0.000e+00
     30.410    20.5497   4.867972    35.1531       3418    14.2375  0.000e+00
     30.374    20.5462   4.867613    35.1531       3419    14.2417  0.000e+00
     30.331    20.5431   4.867640    35.1559       3420    14.2458  0.000e+00
     30.286    20.5418   4.868194    35.1615       3421    14.2500  0.000e+00
     30.236    20.5431   4.868748    35.1649       3422    14.2542  0.000e+00
     30.180    20.5465   4.869156    35.1655       3423    14.2583  0.000e+00
     30.124    20.5502   4.869295    35.1635       3424    14.2625  0.000e+00
     30.053    20.5536   4.871614    35.1796       3425    14.2667  0.000e+00
     29.984    20.5606   4.872549    35.1813       3426    14.2708  0.000e+00
     29.909    20.5696   4.872743    35.1755       3427    14.2750  0.000e+00
     29.828    20.5762   4.873484    35.1760       3428    14.2792  0.000e+00
     29.747    20.5810   4.873400    35.1714       3429    14.2833  0.000e+00
     29.667    20.5847   4.874536    35.1775       3430    14.2875  0.000e+00
     29.591    20.5895   4.874869    35.1763       3431    14.2917  0.000e+00
     29.514    20.5939   4.874688    35.1712       3432    14.2958  0.000e+00
     29.440    20.5959   4.874841    35.1708       3433    14.3000  0.000e+00
     29.368    20.5973   4.875277    35.1732       3434    14.3042  0.000e+00
     29.298    20.5992   4.875693    35.1750       3435    14.3083  0.000e+00
     29.237    20.6020   4.875942    35.1747       3436    14.3125  0.000e+00
     29.178    20.6044   4.875970    35.1730       3437    14.3167  0.000e+00
     29.119    20.6060   4.875803    35.1703       3438    14.3208  0.000e+00
     29.058    20.6071   4.874729    35.1607       3439    14.3250  0.000e+00
     28.993    20.6057   4.874563    35.1606       3440    14.3292  0.000e+00
     28.936    20.6038   4.872382    35.1445       3441    14.3333  0.000e+00
     28.869    20.5989   4.871800    35.1439       3442    14.3375  0.000e+00
     28.810    20.5935   4.871585    35.1467       3443    14.3417  0.000e+00
     28.742    20.5895   4.867583    35.1176       3444    14.3458  0.000e+00
     28.682    20.5801   4.864912    35.1037       3445    14.3500  0.000e+00
     28.625    20.5679   4.860158    35.0753       3446    14.3542  0.000e+00
     28.564    20.5514   4.852026    35.0231       3447    14.3583  0.000e+00
     28.505    20.5225   4.845281    34.9923       3448    14.3625  0.000e+00
     28.442    20.4858   4.833363    34.9260       3449    14.3667  0.000e+00
     28.386    20.4371   4.827057    34.9150       3450    14.3708  0.000e+00
     28.329    20.3880   4.824527    34.9350       3451    14.3750  0.000e+00
     28.268    20.3514   4.823624    34.9579       3452    14.3792  0.000e+00
     28.214    20.3293   4.823466    34.9750       3453    14.3833  0.000e+00
     28.158    20.3173   4.817861    34.9393       3454    14.3875  0.000e+00
     28.106    20.2997   4.808733    34.8796       3455    14.3917  0.000e+00
     28.050    20.2651   4.804423    34.8731       3456    14.3958  0.000e+00
     28.002    20.2292   4.801244    34.8769       3457    14.4000  0.000e+00
     27.951    20.1979   4.799950    34.8922       3458    14.4042  0.000e+00
     27.908    20.1757   4.798492    34.8988       3459    14.4083  0.000e+00
     27.867    20.1601   4.797818    34.9062       3460    14.4125  0.000e+00
     27.828    20.1495   4.797006    34.9083       3461    14.4167  0.000e+00
     27.790    20.1416   4.796408    34.9100       3462    14.4208  0.000e+00
     27.749    20.1352   4.795706    34.9096       3463    14.4250  0.000e+00
     27.698    20.1297   4.795245    34.9104       3464    14.4292  0.000e+00
     27.650    20.1257   4.794640    34.9088       3465    14.4333  0.000e+00
     27.601    20.1219   4.792137    34.8915       3466    14.4375  0.000e+00
     27.538    20.1138   4.790273    34.8830       3467    14.4417  0.000e+00
     27.472    20.1033   4.788520    34.8774       3468    14.4458  0.000e+00
     27.405    20.0919   4.787311    34.8770       3469    14.4500  0.000e+00
     27.341    20.0814   4.785771    34.8731       3470    14.4542  0.000e+00
     27.271    20.0710   4.780220    34.8364       3471    14.4583  0.000e+00
     27.212    20.0522   4.777582    34.8304       3472    14.4625  0.000e+00
     27.136    20.0302   4.776855    34.8427       3473    14.4667  0.000e+00
     27.077    20.0148   4.775591    34.8451       3474    14.4708  0.000e+00
     27.016    20.0031   4.773010    34.8337       3475    14.4750  0.000e+00
     26.953    19.9897   4.770093    34.8209       3476    14.4792  0.000e+00
     26.895    19.9739   4.768872    34.8241       3477    14.4833  0.000e+00
     26.834    19.9590   4.768659    34.8347       3478    14.4875  0.000e+00
     26.771    19.9506   4.767266    34.8303       3479    14.4917  0.000e+00
     26.710    19.9435   4.770217    34.8604       3480    14.4958  0.000e+00
     26.648    19.9450   4.765277    34.8186       3481    14.5000  0.000e+00
     26.572    19.9385   4.758227    34.7662       3482    14.5042  0.000e+00
     26.511    19.9143   4.755636    34.7651       3483    14.5083  0.000e+00
     26.436    19.8903   4.753415    34.7667       3484    14.5125  0.000e+00
     26.366    19.8679   4.742176    34.6931       3485    14.5167  0.000e+00
     26.288    19.8309   4.734053    34.6570       3486    14.5208  0.000e+00
     26.215    19.7829   4.728787    34.6534       3487    14.5250  0.000e+00
     26.139    19.7371   4.727017    34.6768       3488    14.5292  0.000e+00
     26.064    19.7031   4.726450    34.7003       3489    14.5333  0.000e+00
     25.992    19.6836   4.726026    34.7131       3490    14.5375  0.000e+00
     25.917    19.6724   4.726211    34.7239       3491    14.5417  0.000e+00
     25.859    19.6674   4.727011    34.7347       3492    14.5458  0.000e+00
     25.793    19.6678   4.727872    34.7414       3493    14.5500  0.000e+00
     25.732    19.6720   4.728631    34.7442       3494    14.5542  0.000e+00
     25.678    19.6772   4.729294    34.7454       3495    14.5583  0.000e+00
     25.624    19.6829   4.729260    34.7404       3496    14.5625  0.000e+00
     25.575    19.6865   4.728651    34.7324       3497    14.5667  0.000e+00
