PC2406/sbe079.cnv
* Sea-Bird SBE 19plus V2 Data File:
* FileName = C:\cruise\data\sbe079.hex
* Software Version Seasave V 7.26.7.121
* Temperature SN = 7142
* Conductivity SN = 7142
* System UpLoad Time = Nov 12 2024 16:05:58
* NMEA Latitude = 40 41.81 N
* NMEA Longitude = 070 03.19 W
* NMEA UTC (Time) = Nov 12 2024  16:05:53
** Ship: Pisces
** Cruise:  PC2406
** Program:  Fall ECOMON
# nquan = 7
# nvalues = 1162                                  
# units = specified
# name 0 = depSM: Depth [salt water, m]
# name 1 = tv290C: Temperature [ITS-90, deg C]
# name 2 = c0S/m: Conductivity [S/m]
# name 3 = sal00: Salinity, Practical [PSU]
# name 4 = scan: Scan Count
# name 5 = timeM: Time, Elapsed [minutes]
# name 6 = flag:  0.000e+00
# span 0 =     -0.076,     39.638                 
# span 1 =    11.4102,    13.9570                 
# span 2 =   0.000620,   3.852015                 
# span 3 =     0.0083,    32.6390                 
# span 4 =         11,       1172                 
# span 5 =     0.0417,     4.8792                 
# span 6 = 0.0000e+00, 0.0000e+00                 
# interval = seconds: 0.25
# start_time = Nov 12 2024 16:05:53 [NMEA time, header]
# bad_flag = -9.990e-29
*END*
[from data line 616]
     26.112    13.4552   3.832212    32.0941        627     2.6083  0.000e+00
     26.053    13.4559   3.832206    32.0935        628     2.6125  0.000e+00
     25.992    13.4567   3.832206    32.0928        629     2.6167  0.000e+00
     25.938    13.4571   3.832237    32.0928        630     2.6208  0.000e+00
     25.890    13.4576   3.832256    32.0925        631     2.6250  0.000e+00
     25.839    13.4581   3.832262    32.0922        632     2.6292  0.000e+00
     25.794    13.4584   3.832274    32.0921        633     2.6333  0.000e+00
     25.750    13.4590   3.832281    32.0916        634     2.6375  0.000e+00
     25.694    13.4589   3.832299    32.0919        635     2.6417  0.000e+00
     25.647    13.4597   3.832306    32.0914        636     2.6458  0.000e+00
     25.586    13.4600   3.832318    32.0913        637     2.6500  0.000e+00
     25.520    13.4605   3.832306    32.0907        638     2.6542  0.000e+00
     25.448    13.4606   3.832318    32.0908        639     2.6583  0.000e+00
     25.365    13.4609   3.832331    32.0907        640     2.6625  0.000e+00
     25.281    13.4611   3.832299    32.0902        641     2.6667  0.000e+00
     25.198    13.4614   3.832331    32.0903        642     2.6708  0.000e+00
     25.125    13.4618   3.832362    32.0903        643     2.6750  0.000e+00
     25.067    13.4620   3.832374    32.0903        644     2.6792  0.000e+00
     25.017    13.4625   3.832362    32.0897        645     2.6833  0.000e+00
     24.995    13.4630   3.832356    32.0892        646     2.6875  0.000e+00
     24.992    13.4632   3.832387    32.0894        647     2.6917  0.000e+00
     24.999    13.4636   3.832399    32.0892        648     2.6958  0.000e+00
     25.021    13.4639   3.832387    32.0889        649     2.7000  0.000e+00
     25.053    13.4639   3.832374    32.0887        650     2.7042  0.000e+00
     25.083    13.4639   3.832362    32.0886        651     2.7083  0.000e+00
     25.116    13.4641   3.832374    32.0885        652     2.7125  0.000e+00
     25.148    13.4639   3.832387    32.0887        653     2.7167  0.000e+00
     25.164    13.4641   3.832374    32.0885        654     2.7208  0.000e+00
     25.180    13.4641   3.832412    32.0888        655     2.7250  0.000e+00
     25.191    13.4641   3.832374    32.0885        656     2.7292  0.000e+00
     25.177    13.4641   3.832412    32.0888        657     2.7333  0.000e+00
     25.137    13.4639   3.832412    32.0890        658     2.7375  0.000e+00
     25.080    13.4641   3.832450    32.0892        659     2.7417  0.000e+00
     25.008    13.4644   3.832456    32.0891        660     2.7458  0.000e+00
     24.913    13.4650   3.832450    32.0886        661     2.7500  0.000e+00
     24.798    13.4653   3.832475    32.0885        662     2.7542  0.000e+00
     24.676    13.4658   3.832493    32.0883        663     2.7583  0.000e+00
     24.550    13.4666   3.832500    32.0878        664     2.7625  0.000e+00
     24.440    13.4672   3.832518    32.0875        665     2.7667  0.000e+00
     24.347    13.4680   3.832518    32.0869        666     2.7708  0.000e+00
     24.270    13.4683   3.832562    32.0870        667     2.7750  0.000e+00
     24.212    13.4689   3.832568    32.0866        668     2.7792  0.000e+00
     24.184    13.4696   3.832587    32.0862        669     2.7833  0.000e+00
     24.164    13.4702   3.832587    32.0858        670     2.7875  0.000e+00
     24.160    13.4705   3.832562    32.0852        671     2.7917  0.000e+00
     24.167    13.4705   3.832568    32.0853        672     2.7958  0.000e+00
     24.176    13.4705   3.832562    32.0852        673     2.8000  0.000e+00
     24.191    13.4704   3.832568    32.0854        674     2.8042  0.000e+00
     24.209    13.4705   3.832562    32.0853        675     2.8083  0.000e+00
     24.223    13.4705   3.832568    32.0853        676     2.8125  0.000e+00
     24.236    13.4705   3.832562    32.0853        677     2.8167  0.000e+00
     24.236    13.4703   3.832568    32.0854        678     2.8208  0.000e+00
     24.225    13.4701   3.832562    32.0856        679     2.8250  0.000e+00
     24.200    13.4700   3.832543    32.0855        680     2.8292  0.000e+00
     24.150    13.4696   3.832562    32.0860        681     2.8333  0.000e+00
     24.087    13.4696   3.832612    32.0865        682     2.8375  0.000e+00
     24.011    13.4703   3.832637    32.0862        683     2.8417  0.000e+00
     23.914    13.4713   3.832568    32.0847        684     2.8458  0.000e+00
     23.814    13.4715   3.832587    32.0848        685     2.8500  0.000e+00
     23.710    13.4712   3.832656    32.0857        686     2.8542  0.000e+00
     23.613    13.4721   3.832700    32.0854        687     2.8583  0.000e+00
     23.523    13.4735   3.832725    32.0845        688     2.8625  0.000e+00
     23.440    13.4748   3.832743    32.0836        689     2.8667  0.000e+00
     23.388    13.4759   3.832725    32.0825        690     2.8708  0.000e+00
     23.347    13.4765   3.832725    32.0821        691     2.8750  0.000e+00
     23.320    13.4770   3.832750    32.0819        692     2.8792  0.000e+00
     23.311    13.4768   3.832743    32.0819        693     2.8833  0.000e+00
     23.315    13.4768   3.832725    32.0818        694     2.8875  0.000e+00
     23.322    13.4768   3.832743    32.0820        695     2.8917  0.000e+00
     23.325    13.4771   3.832750    32.0818        696     2.8958  0.000e+00
     23.336    13.4771   3.832743    32.0817        697     2.9000  0.000e+00
     23.334    13.4773   3.832775    32.0818        698     2.9042  0.000e+00
     23.332    13.4777   3.832787    32.0816        699     2.9083  0.000e+00
     23.327    13.4779   3.832800    32.0816        700     2.9125  0.000e+00
     23.306    13.4783   3.832812    32.0814        701     2.9167  0.000e+00
     23.282    13.4787   3.832819    32.0811        702     2.9208  0.000e+00
     23.239    13.4794   3.832837    32.0807        703     2.9250  0.000e+00
     23.201    13.4796   3.832844    32.0806        704     2.9292  0.000e+00
     23.160    13.4801   3.832837    32.0802        705     2.9333  0.000e+00
     23.112    13.4800   3.832818    32.0801        706     2.9375  0.000e+00
     23.063    13.4802   3.832881    32.0805        707     2.9417  0.000e+00
     23.004    13.4805   3.832894    32.0804        708     2.9458  0.000e+00
     22.955    13.4811   3.832969    32.0806        709     2.9500  0.000e+00
     22.896    13.4825   3.833057    32.0803        710     2.9542  0.000e+00
     22.846    13.4844   3.833100    32.0791        711     2.9583  0.000e+00
     22.792    13.4867   3.833169    32.0779        712     2.9625  0.000e+00
     22.725    13.4889   3.833150    32.0758        713     2.9667  0.000e+00
     22.652    13.4903   3.833395    32.0769        714     2.9708  0.000e+00
     22.566    13.4936   3.833526    32.0755        715     2.9750  0.000e+00
     22.469    13.4980   3.833821    32.0746        716     2.9792  0.000e+00
     22.363    13.5040   3.834159    32.0726        717     2.9833  0.000e+00
     22.246    13.5137   3.834247    32.0654        718     2.9875  0.000e+00
     22.122    13.5212   3.834253    32.0593        719     2.9917  0.000e+00
     21.991    13.5253   3.834359    32.0568        720     2.9958  0.000e+00
     21.869    13.5280   3.835237    32.0628        721     3.0000  0.000e+00
     21.752    13.5392   3.834716    32.0486        722     3.0042  0.000e+00
     21.650    13.5458   3.835826    32.0534        723     3.0083  0.000e+00
     21.571    13.5566   3.836578    32.0513        724     3.0125  0.000e+00
     21.504    13.5762   3.837261    32.0413        725     3.0167  0.000e+00
     21.456    13.5976   3.837230    32.0231        726     3.0208  0.000e+00
     21.425    13.6107   3.837355    32.0133        727     3.0250  0.000e+00
     21.404    13.6182   3.837405    32.0075        728     3.0292  0.000e+00
     21.384    13.6227   3.837380    32.0036        729     3.0333  0.000e+00
     21.372    13.6249   3.837342    32.0014        730     3.0375  0.000e+00
     21.366    13.6254   3.837185    31.9995        731     3.0417  0.000e+00
     21.357    13.6233   3.836928    31.9988        732     3.0458  0.000e+00
     21.355    13.6189   3.836916    32.0024        733     3.0500  0.000e+00
     21.352    13.6149   3.836910    32.0057        734     3.0542  0.000e+00
     21.334    13.6123   3.836891    32.0077        735     3.0583  0.000e+00
     21.303    13.6108   3.836979    32.0098        736     3.0625  0.000e+00
     21.264    13.6109   3.837361    32.0133        737     3.0667  0.000e+00
     21.217    13.6149   3.837568    32.0118        738     3.0708  0.000e+00
     21.156    13.6203   3.837812    32.0096        739     3.0750  0.000e+00
     21.088    13.6260   3.838151    32.0081        740     3.0792  0.000e+00
     21.021    13.6336   3.838552    32.0054        741     3.0833  0.000e+00
     20.946    13.6428   3.838884    32.0009        742     3.0875  0.000e+00
     20.872    13.6523   3.839474    31.9984        743     3.0917  0.000e+00
     20.799    13.6640   3.839706    31.9909        744     3.0958  0.000e+00
     20.720    13.6746   3.840076    31.9854        745     3.1000  0.000e+00
     20.652    13.6840   3.840270    31.9794        746     3.1042  0.000e+00
     20.573    13.6918   3.840395    31.9741        747     3.1083  0.000e+00
     20.495    13.6977   3.840395    31.9692        748     3.1125  0.000e+00
     20.422    13.7009   3.840389    31.9665        749     3.1167  0.000e+00
     20.341    13.7020   3.840395    31.9656        750     3.1208  0.000e+00
     20.262    13.7029   3.840244    31.9635        751     3.1250  0.000e+00
     20.179    13.7023   3.840188    31.9636        752     3.1292  0.000e+00
     20.100    13.7003   3.840106    31.9645        753     3.1333  0.000e+00
     20.016    13.6984   3.840031    31.9655        754     3.1375  0.000e+00
     19.926    13.6962   3.840012    31.9671        755     3.1417  0.000e+00
     19.843    13.6944   3.840012    31.9687        756     3.1458  0.000e+00
     19.757    13.6943   3.841116    31.9790        757     3.1500  0.000e+00
     19.675    13.7032   3.841963    31.9795        758     3.1542  0.000e+00
     19.590    13.7188   3.842107    31.9678        759     3.1583  0.000e+00
     19.508    13.7326   3.842232    31.9575        760     3.1625  0.000e+00
     19.439    13.7403   3.842257    31.9513        761     3.1667  0.000e+00
     19.371    13.7444   3.842339    31.9487        762     3.1708  0.000e+00
     19.312    13.7473   3.842546    31.9482        763     3.1750  0.000e+00
     19.258    13.7505   3.842577    31.9458        764     3.1792  0.000e+00
     19.211    13.7532   3.842709    31.9448        765     3.1833  0.000e+00
     19.166    13.7555   3.842690    31.9428        766     3.1875  0.000e+00
     19.131    13.7574   3.842753    31.9417        767     3.1917  0.000e+00
     19.086    13.7582   3.842765    31.9412        768     3.1958  0.000e+00
     19.050    13.7592   3.842771    31.9405        769     3.2000  0.000e+00
     19.021    13.7600   3.842903    31.9410        770     3.2042  0.000e+00
     18.989    13.7614   3.843154    31.9423        771     3.2083  0.000e+00
     18.960    13.7647   3.843380    31.9416        772     3.2125  0.000e+00
     18.926    13.7695   3.843424    31.9380        773     3.2167  0.000e+00
     18.886    13.7729   3.843198    31.9331        774     3.2208  0.000e+00
     18.842    13.7730   3.843072    31.9319        775     3.2250  0.000e+00
     18.786    13.7708   3.843022    31.9333        776     3.2292  0.000e+00
     18.725    13.7685   3.843681    31.9412        777     3.2333  0.000e+00
     18.648    13.7725   3.843762    31.9387        778     3.2375  0.000e+00
     18.552    13.7776   3.843825    31.9351        779     3.2417  0.000e+00
     18.454    13.7809   3.844371    31.9374        780     3.2458  0.000e+00
     18.346    13.7880   3.843844    31.9267        781     3.2500  0.000e+00
     18.226    13.7888   3.844484    31.9320        782     3.2542  0.000e+00
     18.103    13.7914   3.845312    31.9375        783     3.2583  0.000e+00
     17.981    13.8040   3.845092    31.9250        784     3.2625  0.000e+00
     17.863    13.8111   3.845155    31.9198        785     3.2667  0.000e+00
     17.748    13.8140   3.844954    31.9155        786     3.2708  0.000e+00
     17.635    13.8144   3.845136    31.9170        787     3.2750  0.000e+00
     17.541    13.8151   3.845424    31.9190        788     3.2792  0.000e+00
     17.459    13.8185   3.845719    31.9190        789     3.2833  0.000e+00
     17.394    13.8234   3.845989    31.9174        790     3.2875  0.000e+00
     17.331    13.8292   3.845606    31.9091        791     3.2917  0.000e+00
     17.283    13.8296   3.845543    31.9082        792     3.2958  0.000e+00
     17.240    13.8283   3.845675    31.9105        793     3.3000  0.000e+00
     17.207    13.8280   3.845920    31.9130        794     3.3042  0.000e+00
     17.170    13.8302   3.846252    31.9143        795     3.3083  0.000e+00
     17.136    13.8346   3.846416    31.9121        796     3.3125  0.000e+00
     17.098    13.8392   3.846579    31.9098        797     3.3167  0.000e+00
     17.057    13.8432   3.846572    31.9065        798     3.3208  0.000e+00
     17.003    13.8455   3.846459    31.9036        799     3.3250  0.000e+00
     16.945    13.8460   3.846346    31.9021        800     3.3292  0.000e+00
     16.870    13.8447   3.846390    31.9036        801     3.3333  0.000e+00
     16.791    13.8438   3.846302    31.9036        802     3.3375  0.000e+00
     16.699    13.8424   3.845832    31.9004        803     3.3417  0.000e+00
     16.599    13.8381   3.845192    31.8981        804     3.3458  0.000e+00
     16.504    13.8291   3.845198    31.9058        805     3.3500  0.000e+00
     16.408    13.8229   3.845236    31.9113        806     3.3542  0.000e+00
     16.324    13.8206   3.845380    31.9145        807     3.3583  0.000e+00
     16.232    13.8206   3.845399    31.9147        808     3.3625  0.000e+00
     16.153    13.8221   3.845901    31.9182        809     3.3667  0.000e+00
     16.082    13.8260   3.845399    31.9103        810     3.3708  0.000e+00
     16.013    13.8264   3.845135    31.9076        811     3.3750  0.000e+00
     15.952    13.8224   3.845085    31.9105        812     3.3792  0.000e+00
     15.897    13.8193   3.845330    31.9154        813     3.3833  0.000e+00
     15.857    13.8194   3.845850    31.9201        814     3.3875  0.000e+00
     15.819    13.8245   3.846039    31.9176        815     3.3917  0.000e+00
     15.782    13.8294   3.845944    31.9127        816     3.3958  0.000e+00
     15.755    13.8321   3.845706    31.9082        817     3.4000  0.000e+00
     15.722    13.8316   3.845875    31.9102        818     3.4042  0.000e+00
     15.696    13.8318   3.846082    31.9120        819     3.4083  0.000e+00
     15.658    13.8341   3.846302    31.9121        820     3.4125  0.000e+00
     15.611    13.8379   3.846723    31.9129        821     3.4167  0.000e+00
     15.543    13.8433   3.847363    31.9143        822     3.4208  0.000e+00
     15.462    13.8527   3.847921    31.9117        823     3.4250  0.000e+00
     15.372    13.8639   3.848040    31.9035        824     3.4292  0.000e+00
     15.263    13.8717   3.848015    31.8969        825     3.4333  0.000e+00
     15.153    13.8758   3.848134    31.8946        826     3.4375  0.000e+00
     15.047    13.8783   3.848285    31.8939        827     3.4417  0.000e+00
     14.940    13.8805   3.847921    31.8888        828     3.4458  0.000e+00
     14.837    13.8808   3.847808    31.8875        829     3.4500  0.000e+00
     14.742    13.8790   3.847921    31.8901        830     3.4542  0.000e+00
