PC2406/sbe042.cnv
* Sea-Bird SBE 19plus V2 Data File:
* FileName = C:\cruise\data\sbe042.hex
* Software Version Seasave V 7.26.7.121
* Temperature SN = 7142
* Conductivity SN = 7142
* System UpLoad Time = Nov 08 2024 00:21:04
* NMEA Latitude = 36 36.92 N
* NMEA Longitude = 074 42.76 W
* NMEA UTC (Time) = Nov 08 2024  00:20:56
** Ship: Pisces
** Cruise:  PC2406
** Program:  Fall ECOMON
# nquan = 7
# nvalues = 4445                                  
# units = specified
# name 0 = depSM: Depth [salt water, m]
# name 1 = tv290C: Temperature [ITS-90, deg C]
# name 2 = c0S/m: Conductivity [S/m]
# name 3 = sal00: Salinity, Practical [PSU]
# name 4 = scan: Scan Count
# name 5 = timeM: Time, Elapsed [minutes]
# name 6 = flag:  0.000e+00
# span 0 =      0.027,    190.246                 
# span 1 =    10.8423,    19.0956                 
# span 2 =   0.000025,   4.664132                 
# span 3 =     0.0096,    35.9297                 
# span 4 =         11,       4455                 
# span 5 =     0.0417,    18.5583                 
# span 6 = 0.0000e+00, 0.0000e+00                 
# interval = seconds: 0.25
# start_time = Nov 08 2024 00:20:56 [NMEA time, header]
# bad_flag = -9.990e-29
*END*
[from data line 3488]
     58.539    16.8722   4.474456    34.9542       3499    14.5750  0.000e+00
     58.448    16.8864   4.474509    34.9424       3500    14.5792  0.000e+00
     58.354    16.8943   4.474636    34.9366       3501    14.5833  0.000e+00
     58.254    16.8988   4.475491    34.9402       3502    14.5875  0.000e+00
     58.156    16.9039   4.476940    34.9485       3503    14.5917  0.000e+00
     58.056    16.9131   4.477742    34.9475       3504    14.5958  0.000e+00
     57.962    16.9224   4.478103    34.9426       3505    14.6000  0.000e+00
     57.869    16.9305   4.478390    34.9381       3506    14.6042  0.000e+00
     57.788    16.9361   4.478517    34.9344       3507    14.6083  0.000e+00
     57.707    16.9400   4.478517    34.9311       3508    14.6125  0.000e+00
     57.630    16.9422   4.478650    34.9303       3509    14.6167  0.000e+00
     57.569    16.9437   4.478751    34.9299       3510    14.6208  0.000e+00
     57.508    16.9453   4.478858    34.9295       3511    14.6250  0.000e+00
     57.450    16.9463   4.478911    34.9291       3512    14.6292  0.000e+00
     57.398    16.9471   4.478884    34.9282       3513    14.6333  0.000e+00
     57.346    16.9477   4.478984    34.9286       3514    14.6375  0.000e+00
     57.296    16.9481   4.479091    34.9292       3515    14.6417  0.000e+00
     57.251    16.9489   4.479245    34.9299       3516    14.6458  0.000e+00
     57.204    16.9500   4.479352    34.9298       3517    14.6500  0.000e+00
     57.154    16.9516   4.479633    34.9309       3518    14.6542  0.000e+00
     57.105    16.9537   4.480047    34.9327       3519    14.6583  0.000e+00
     57.053    16.9571   4.480461    34.9334       3520    14.6625  0.000e+00
     56.999    16.9616   4.480568    34.9304       3521    14.6667  0.000e+00
     56.942    16.9658   4.480682    34.9279       3522    14.6708  0.000e+00
     56.877    16.9691   4.480829    34.9263       3523    14.6750  0.000e+00
     56.818    16.9722   4.480748    34.9229       3524    14.6792  0.000e+00
     56.746    16.9744   4.480748    34.9210       3525    14.6833  0.000e+00
     56.672    16.9758   4.480828    34.9205       3526    14.6875  0.000e+00
     56.593    16.9774   4.480875    34.9196       3527    14.6917  0.000e+00
     56.520    16.9790   4.480848    34.9180       3528    14.6958  0.000e+00
     56.455    16.9816   4.480828    34.9156       3529    14.7000  0.000e+00
     56.383    16.9839   4.481035    34.9154       3530    14.7042  0.000e+00
     56.315    16.9864   4.480875    34.9119       3531    14.7083  0.000e+00
     56.250    16.9898   4.479117    34.8936       3532    14.7125  0.000e+00
     56.187    16.9902   4.478776    34.8903       3533    14.7167  0.000e+00
     56.126    16.9892   4.479712    34.8994       3534    14.7208  0.000e+00
     56.069    16.9919   4.480253    34.9018       3535    14.7250  0.000e+00
     56.017    16.9977   4.481216    34.9052       3536    14.7292  0.000e+00
     55.968    17.0049   4.481810    34.9041       3537    14.7333  0.000e+00
     55.923    17.0127   4.482225    34.9010       3538    14.7375  0.000e+00
     55.875    17.0194   4.482459    34.8972       3539    14.7417  0.000e+00
     55.830    17.0251   4.482693    34.8944       3540    14.7458  0.000e+00
     55.774    17.0311   4.483729    34.8982       3541    14.7500  0.000e+00
     55.724    17.0399   4.484377    34.8962       3542    14.7542  0.000e+00
     55.664    17.0501   4.485427    34.8966       3543    14.7583  0.000e+00
     55.609    17.0597   4.486089    34.8940       3544    14.7625  0.000e+00
     55.535    17.0727   4.482016    34.8474       3545    14.7667  0.000e+00
     55.465    17.0830   4.479764    34.8188       3546    14.7708  0.000e+00
     55.384    17.0869   4.479115    34.8098       3547    14.7750  0.000e+00
     55.305    17.0885   4.479088    34.8083       3548    14.7792  0.000e+00
     55.215    17.0911   4.479296    34.8078       3549    14.7833  0.000e+00
     55.127    17.0962   4.481962    34.8267       3550    14.7875  0.000e+00
     55.030    17.1092   4.482223    34.8177       3551    14.7917  0.000e+00
     54.940    17.1214   4.481521    34.8011       3552    14.7958  0.000e+00
     54.856    17.1285   4.485312    34.8280       3553    14.8000  0.000e+00
     54.777    17.1410   4.486428    34.8269       3554    14.8042  0.000e+00
     54.694    17.1576   4.487311    34.8203       3555    14.8083  0.000e+00
     54.617    17.1704   4.489364    34.8271       3556    14.8125  0.000e+00
     54.549    17.1863   4.489023    34.8105       3557    14.8167  0.000e+00
     54.486    17.1965   4.488996    34.8014       3558    14.8208  0.000e+00
     54.428    17.2031   4.489310    34.7985       3559    14.8250  0.000e+00
     54.383    17.2083   4.489544    34.7961       3560    14.8292  0.000e+00
     54.340    17.2127   4.488982    34.7874       3561    14.8333  0.000e+00
     54.297    17.2151   4.488788    34.7837       3562    14.8375  0.000e+00
     54.263    17.2159   4.488788    34.7830       3563    14.8417  0.000e+00
     54.229    17.2160   4.488715    34.7823       3564    14.8458  0.000e+00
     54.198    17.2160   4.488634    34.7816       3565    14.8500  0.000e+00
     54.164    17.2159   4.488454    34.7801       3566    14.8542  0.000e+00
     54.132    17.2157   4.488507    34.7808       3567    14.8583  0.000e+00
     54.100    17.2157   4.488842    34.7837       3568    14.8625  0.000e+00
     54.067    17.2162   4.488995    34.7846       3569    14.8667  0.000e+00
     54.022    17.2174   4.488922    34.7830       3570    14.8708  0.000e+00
     53.976    17.2181   4.488273    34.7768       3571    14.8750  0.000e+00
     53.929    17.2183   4.489229    34.7849       3572    14.8792  0.000e+00
     53.877    17.2213   4.489597    34.7855       3573    14.8833  0.000e+00
     53.816    17.2255   4.490193    34.7871       3574    14.8875  0.000e+00
     53.751    17.2306   4.491390    34.7931       3575    14.8917  0.000e+00
     53.683    17.2391   4.491209    34.7843       3576    14.8958  0.000e+00
     53.611    17.2453   4.491477    34.7813       3577    14.9000  0.000e+00
     53.548    17.2492   4.492635    34.7880       3578    14.9042  0.000e+00
     53.476    17.2548   4.493571    34.7913       3579    14.9083  0.000e+00
     53.406    17.2629   4.495372    34.8000       3580    14.9125  0.000e+00
     53.336    17.2730   4.496047    34.7971       3581    14.9167  0.000e+00
     53.268    17.2821   4.496697    34.7949       3582    14.9208  0.000e+00
     53.199    17.2905   4.498966    34.8074       3583    14.9250  0.000e+00
     53.133    17.3005   4.499508    34.8035       3584    14.9292  0.000e+00
     53.070    17.3107   4.500084    34.7998       3585    14.9333  0.000e+00
     53.009    17.3179   4.500606    34.7981       3586    14.9375  0.000e+00
     52.950    17.3237   4.500894    34.7956       3587    14.9417  0.000e+00
     52.894    17.3281   4.500398    34.7875       3588    14.9458  0.000e+00
     52.835    17.3294   4.500552    34.7878       3589    14.9500  0.000e+00
     52.777    17.3291   4.500499    34.7877       3590    14.9542  0.000e+00
     52.720    17.3285   4.484245    34.6475       3591    14.9583  0.000e+00
     52.660    17.3007   4.462482    34.4829       3592    14.9625  0.000e+00
     52.603    17.2254   4.460088    34.5266       3593    14.9667  0.000e+00
     52.544    17.1575   4.429105    34.3159       3594    14.9708  0.000e+00
     52.484    17.0584   4.416933    34.2946       3595    14.9750  0.000e+00
     52.422    16.9383   4.415546    34.3850       3596    14.9792  0.000e+00
     52.353    16.8644   4.418537    34.4744       3597    14.9833  0.000e+00
     52.299    16.8349   4.419608    34.5092       3598    14.9875  0.000e+00
     52.242    16.8280   4.421296    34.5299       3599    14.9917  0.000e+00
     52.183    16.8312   4.424507    34.5552       3600    14.9958  0.000e+00
     52.123    16.8428   4.427034    34.5674       3601    15.0000  0.000e+00
     52.084    16.8604   4.427931    34.5601       3602    15.0042  0.000e+00
     52.032    16.8758   4.430180    34.5665       3603    15.0083  0.000e+00
     51.990    16.8914   4.431969    34.5687       3604    15.0125  0.000e+00
     51.953    16.9061   4.432328    34.5592       3605    15.0167  0.000e+00
     51.915    16.9174   4.432328    34.5495       3606    15.0208  0.000e+00
     51.886    16.9239   4.432301    34.5436       3607    15.0250  0.000e+00
     51.857    16.9276   4.432301    34.5405       3608    15.0292  0.000e+00
     51.830    16.9294   4.432301    34.5390       3609    15.0333  0.000e+00
     51.802    16.9303   4.432301    34.5382       3610    15.0375  0.000e+00
     51.766    16.9309   4.432248    34.5372       3611    15.0417  0.000e+00
     51.735    16.9313   4.432534    34.5394       3612    15.0458  0.000e+00
     51.694    16.9327   4.432687    34.5395       3613    15.0500  0.000e+00
     51.658    16.9350   4.432707    34.5377       3614    15.0542  0.000e+00
     51.604    16.9369   4.433173    34.5402       3615    15.0583  0.000e+00
     51.548    16.9388   4.433452    34.5410       3616    15.0625  0.000e+00
     51.484    16.9413   4.433685    34.5409       3617    15.0667  0.000e+00
     51.410    16.9439   4.433758    34.5394       3618    15.0708  0.000e+00
     51.338    16.9467   4.434836    34.5464       3619    15.0750  0.000e+00
     51.263    16.9526   4.436753    34.5581       3620    15.0792  0.000e+00
     51.173    16.9640   4.437139    34.5516       3621    15.0833  0.000e+00
     51.088    16.9739   4.437651    34.5476       3622    15.0875  0.000e+00
     51.006    16.9813   4.438417    34.5480       3623    15.0917  0.000e+00
     50.916    16.9879   4.441134    34.5660       3624    15.0958  0.000e+00
     50.830    16.9994   4.444830    34.5884       3625    15.1000  0.000e+00
     50.749    17.0197   4.447042    34.5903       3626    15.1042  0.000e+00
     50.668    17.0412   4.450694    34.6036       3627    15.1083  0.000e+00
     50.602    17.0647   4.451020    34.5863       3628    15.1125  0.000e+00
     50.537    17.0827   4.449813    34.5604       3629    15.1167  0.000e+00
     50.483    17.0880   4.448860    34.5475       3630    15.1208  0.000e+00
     50.434    17.0879   4.450533    34.5622       3631    15.1250  0.000e+00
     50.391    17.0907   4.450793    34.5621       3632    15.1292  0.000e+00
     50.354    17.0947   4.450200    34.5535       3633    15.1333  0.000e+00
     50.316    17.0962   4.448093    34.5339       3634    15.1375  0.000e+00
     50.289    17.0910   4.446574    34.5252       3635    15.1417  0.000e+00
     50.264    17.0820   4.445961    34.5276       3636    15.1458  0.000e+00
     50.242    17.0737   4.446115    34.5361       3637    15.1500  0.000e+00
     50.224    17.0689   4.446035    34.5394       3638    15.1542  0.000e+00
     50.203    17.0667   4.446115    34.5420       3639    15.1583  0.000e+00
     50.187    17.0655   4.446601    34.5473       3640    15.1625  0.000e+00
     50.161    17.0666   4.447961    34.5582       3641    15.1667  0.000e+00
     50.133    17.0708   4.448940    34.5631       3642    15.1708  0.000e+00
     50.099    17.0768   4.449920    34.5665       3643    15.1750  0.000e+00
     50.063    17.0838   4.450819    34.5683       3644    15.1792  0.000e+00
     50.012    17.0903   4.450479    34.5599       3645    15.1833  0.000e+00
     49.966    17.0947   4.451199    34.5624       3646    15.1875  0.000e+00
     49.899    17.0982   4.451046    34.5580       3647    15.1917  0.000e+00
     49.842    17.1004   4.451379    34.5591       3648    15.1958  0.000e+00
     49.772    17.1024   4.452412    34.5664       3649    15.2000  0.000e+00
     49.698    17.1065   4.453186    34.5696       3650    15.2042  0.000e+00
     49.630    17.1116   4.453545    34.5683       3651    15.2083  0.000e+00
     49.554    17.1169   4.454112    34.5688       3652    15.2125  0.000e+00
     49.471    17.1209   4.453619    34.5611       3653    15.2167  0.000e+00
     49.387    17.1235   4.454985    34.5708       3654    15.2208  0.000e+00
     49.304    17.1266   4.456146    34.5782       3655    15.2250  0.000e+00
     49.222    17.1328   4.456966    34.5800       3656    15.2292  0.000e+00
     49.146    17.1397   4.457559    34.5793       3657    15.2333  0.000e+00
     49.069    17.1460   4.458000    34.5778       3658    15.2375  0.000e+00
     48.990    17.1512   4.458486    34.5775       3659    15.2417  0.000e+00
     48.916    17.1566   4.459594    34.5826       3660    15.2458  0.000e+00
     48.853    17.1638   4.460754    34.5865       3661    15.2500  0.000e+00
     48.798    17.1728   4.461428    34.5847       3662    15.2542  0.000e+00
     48.746    17.1819   4.461608    34.5785       3663    15.2583  0.000e+00
     48.695    17.1892   4.461528    34.5715       3664    15.2625  0.000e+00
     48.654    17.1942   4.461501    34.5670       3665    15.2667  0.000e+00
     48.625    17.1973   4.461474    34.5641       3666    15.2708  0.000e+00
     48.598    17.1995   4.461554    34.5629       3667    15.2750  0.000e+00
     48.577    17.2018   4.461734    34.5626       3668    15.2792  0.000e+00
     48.566    17.2039   4.461888    34.5621       3669    15.2833  0.000e+00
     48.553    17.2058   4.462121    34.5625       3670    15.2875  0.000e+00
     48.544    17.2079   4.462328    34.5625       3671    15.2917  0.000e+00
     48.537    17.2100   4.462455    34.5618       3672    15.2958  0.000e+00
     48.528    17.2117   4.462508    34.5608       3673    15.3000  0.000e+00
     48.519    17.2132   4.462869    34.5627       3674    15.3042  0.000e+00
     48.501    17.2147   4.463409    34.5661       3675    15.3083  0.000e+00
     48.474    17.2176   4.463950    34.5682       3676    15.3125  0.000e+00
     48.446    17.2216   4.464624    34.5707       3677    15.3167  0.000e+00
     48.406    17.2265   4.465425    34.5734       3678    15.3208  0.000e+00
     48.363    17.2319   4.466713    34.5800       3679    15.3250  0.000e+00
     48.313    17.2388   4.468676    34.5911       3680    15.3292  0.000e+00
     48.257    17.2498   4.473771    34.6259       3681    15.3333  0.000e+00
     48.196    17.2729   4.484524    34.6993       3682    15.3375  0.000e+00
     48.129    17.3230   4.497136    34.7655       3683    15.3417  0.000e+00
     48.058    17.3992   4.508012    34.7941       3684    15.3458  0.000e+00
     47.980    17.4889   4.518423    34.8070       3685    15.3500  0.000e+00
     47.908    17.5800   4.527287    34.8052       3686    15.3542  0.000e+00
     47.840    17.6658   4.531563    34.7686       3687    15.3583  0.000e+00
     47.774    17.7342   4.534356    34.7342       3688    15.3625  0.000e+00
     47.707    17.7813   4.536492    34.7123       3689    15.3667  0.000e+00
     47.641    17.8139   4.538702    34.7035       3690    15.3708  0.000e+00
     47.580    17.8384   4.541807    34.7092       3691    15.3750  0.000e+00
     47.522    17.8616   4.546958    34.7335       3692    15.3792  0.000e+00
     47.474    17.8893   4.551868    34.7519       3693    15.3833  0.000e+00
     47.432    17.9234   4.557508    34.7711       3694    15.3875  0.000e+00
     47.387    17.9615   4.563123    34.7867       3695    15.3917  0.000e+00
     47.346    18.0056   4.568533    34.7953       3696    15.3958  0.000e+00
     47.310    18.0503   4.570487    34.7739       3697    15.4000  0.000e+00
     47.280    18.0864   4.571430    34.7512       3698    15.4042  0.000e+00
     47.247    18.1108   4.572306    34.7379       3699    15.4083  0.000e+00
     47.210    18.1269   4.572946    34.7298       3700    15.4125  0.000e+00
     47.183    18.1374   4.573290    34.7238       3701    15.4167  0.000e+00
     47.156    18.1448   4.573559    34.7198       3702    15.4208  0.000e+00
