PC2406/sbe052.cnv
* Sea-Bird SBE 19plus V2 Data File:
* FileName = C:\cruise\data\sbe052.hex
* Software Version Seasave V 7.26.7.121
* Temperature SN = 7142
* Conductivity SN = 7142
* System UpLoad Time = Nov 09 2024 01:07:14
* NMEA Latitude = 38 06.87 N
* NMEA Longitude = 073 53.36 W
* NMEA UTC (Time) = Nov 09 2024  01:07:07
** Ship: Pisces
** Cruise:  PC2406
** Program:  Fall ECOMON
# nquan = 7
# nvalues = 3273                                  
# units = specified
# name 0 = depSM: Depth [salt water, m]
# name 1 = tv290C: Temperature [ITS-90, deg C]
# name 2 = c0S/m: Conductivity [S/m]
# name 3 = sal00: Salinity, Practical [PSU]
# name 4 = scan: Scan Count
# name 5 = timeM: Time, Elapsed [minutes]
# name 6 = flag:  0.000e+00
# span 0 =     -0.022,    120.211                 
# span 1 =    14.3437,    19.4197                 
# span 2 =   0.000115,   4.706601                 
# span 3 =     0.0086,    35.8400                 
# span 4 =         11,       3283                 
# span 5 =     0.0417,    13.6750                 
# span 6 = 0.0000e+00, 0.0000e+00                 
# interval = seconds: 0.25
# start_time = Nov 09 2024 01:07:07 [NMEA time, header]
# bad_flag = -9.990e-29
*END*
     -0.012    16.8175   0.000123     0.0086         11     0.0417  0.000e+00
     -0.010    16.8236   0.000120     0.0086         12     0.0458  0.000e+00
     -0.007    16.8282   0.000120     0.0086         13     0.0500  0.000e+00
     -0.007    16.8347   0.000129     0.0087         14     0.0542  0.000e+00
     -0.010    16.8437   0.000120     0.0087         15     0.0583  0.000e+00
     -0.012    16.8514   0.000123     0.0087         16     0.0625  0.000e+00
     -0.010    16.8532   0.000120     0.0087         17     0.0667  0.000e+00
     -0.012    16.8526   0.000123     0.0087         18     0.0708  0.000e+00
     -0.010    16.8515   0.000123     0.0087         19     0.0750  0.000e+00
     -0.012    16.8505   0.000126     0.0087         20     0.0792  0.000e+00
     -0.010    16.8516   0.000123     0.0087         21     0.0833  0.000e+00
     -0.012    16.8571   0.000120     0.0087         22     0.0875  0.000e+00
     -0.010    16.8650   0.000120     0.0087         23     0.0917  0.000e+00
     -0.010    16.8689   0.000123     0.0087         24     0.0958  0.000e+00
     -0.009    16.8730   0.000126     0.0087         25     0.1000  0.000e+00
     -0.009    16.8781   0.000129     0.0087         26     0.1042  0.000e+00
     -0.010    16.8835   0.000120     0.0087         27     0.1083  0.000e+00
     -0.007    16.8857   0.000120     0.0087         28     0.1125  0.000e+00
     -0.009    16.8836   0.000120     0.0087         29     0.1167  0.000e+00
     -0.010    16.8813   0.000126     0.0087         30     0.1208  0.000e+00
     -0.009    16.8824   0.000123     0.0087         31     0.1250  0.000e+00
     -0.009    16.8841   0.000120     0.0087         32     0.1292  0.000e+00
     -0.009    16.8852   0.000120     0.0087         33     0.1333  0.000e+00
     -0.010    16.8826   0.000120     0.0087         34     0.1375  0.000e+00
     -0.009    16.8772   0.000120     0.0087         35     0.1417  0.000e+00
     -0.007    16.8718   0.000120     0.0087         36     0.1458  0.000e+00
     -0.012    16.8666   0.000120     0.0087         37     0.1500  0.000e+00
     -0.010    16.8646   0.000115     0.0087         38     0.1542  0.000e+00
     -0.014    16.8649   0.000120     0.0087         39     0.1583  0.000e+00
     -0.010    16.8669   0.000120     0.0087         40     0.1625  0.000e+00
     -0.007    16.8698   0.000123     0.0087         41     0.1667  0.000e+00
     -0.012    16.8749   0.000120     0.0087         42     0.1708  0.000e+00
     -0.012    16.8805   0.000120     0.0087         43     0.1750  0.000e+00
     -0.014    16.8856   0.000120     0.0087         44     0.1792  0.000e+00
     -0.007    16.8859   0.000120     0.0087         45     0.1833  0.000e+00
     -0.003    16.8884   0.000123     0.0087         46     0.1875  0.000e+00
     -0.001    16.9009   0.000123     0.0087         47     0.1917  0.000e+00
     -0.005    16.9173   0.000126     0.0087         48     0.1958  0.000e+00
     -0.003    16.9333   0.000120     0.0087         49     0.2000  0.000e+00
     -0.009    16.9478   0.000115     0.0087         50     0.2042  0.000e+00
     -0.007    16.9609   0.000120     0.0087         51     0.2083  0.000e+00
     -0.001    16.9676   0.437203     2.7942         52     0.2125  0.000e+00
      0.042    16.9705   2.669792    19.6910         53     0.2167  0.000e+00
      0.286    16.9946   4.370973    33.9690         54     0.2208  0.000e+00
      0.534    17.1470   4.381270    33.9298         55     0.2250  0.000e+00
      0.742    17.3038   4.382049    33.8049         56     0.2292  0.000e+00
      0.873    17.4306   4.386671    33.7388         57     0.2333  0.000e+00
      0.941    17.5484   4.397368    33.7326         58     0.2375  0.000e+00
      1.017    17.6416   4.403238    33.7055         59     0.2417  0.000e+00
      1.081    17.7061   4.406675    33.6814         60     0.2458  0.000e+00
      1.119    17.7461   4.402864    33.6158         61     0.2500  0.000e+00
      1.162    17.7712   4.392326    33.5050         62     0.2542  0.000e+00
      1.249    17.7865   3.367669    24.9275         63     0.2583  0.000e+00
      1.387    17.7962   3.012504    22.0368         64     0.2625  0.000e+00
      1.568    17.7870   4.363047    33.2424         65     0.2667  0.000e+00
      1.760    17.7597   4.370936    33.3318         66     0.2708  0.000e+00
      1.952    17.7341   4.374258    33.3811         67     0.2750  0.000e+00
      2.143    17.7197   4.372445    33.3774         68     0.2792  0.000e+00
      2.310    17.7228   4.338743    33.0872         69     0.2833  0.000e+00
      2.466    17.7359   4.362651    33.2804         70     0.2875  0.000e+00
      2.619    17.7489   4.386349    33.4719         71     0.2917  0.000e+00
      2.766    17.7587   4.378766    33.3991         72     0.2958  0.000e+00
      2.926    17.7678   4.395973    33.5384         73     0.3000  0.000e+00
      3.096    17.7835   4.398480    33.5467         74     0.3042  0.000e+00
      3.276    17.7998   4.401929    33.5627         75     0.3083  0.000e+00
      3.450    17.8147   4.403475    33.5635         76     0.3125  0.000e+00
      3.619    17.8280   4.407610    33.5877         77     0.3167  0.000e+00
      3.773    17.8400   4.405506    33.5598         78     0.3208  0.000e+00
      3.921    17.8488   4.411301    33.6019         79     0.3250  0.000e+00
      4.077    17.8547   4.414529    33.6245         80     0.3292  0.000e+00
      4.237    17.8584   4.413307    33.6110         81     0.3333  0.000e+00
      4.391    17.8610   4.414556    33.6194         82     0.3375  0.000e+00
      4.533    17.8622   4.412417    33.6002         83     0.3417  0.000e+00
      4.666    17.8634   4.407537    33.5575         84     0.3458  0.000e+00
      4.801    17.8650   4.399136    33.4847         85     0.3500  0.000e+00
      4.939    17.8672   4.398274    33.4754         86     0.3542  0.000e+00
      5.086    17.8690   4.406601    33.5448         87     0.3583  0.000e+00
      5.221    17.8700   4.402460    33.5087         88     0.3625  0.000e+00
      5.357    17.8707   4.405605    33.5348         89     0.3667  0.000e+00
      5.492    17.8716   4.387773    33.3823         90     0.3708  0.000e+00
      5.643    17.8712   4.384719    33.3566         91     0.3750  0.000e+00
      5.803    17.8706   4.395721    33.4506         92     0.3792  0.000e+00
      5.955    17.8705   4.404424    33.5247         93     0.3833  0.000e+00
      6.097    17.8699   4.412391    33.5930         94     0.3875  0.000e+00
      6.236    17.8684   4.406747    33.5462         95     0.3917  0.000e+00
      6.381    17.8669   4.397007    33.4644         96     0.3958  0.000e+00
      6.532    17.8665   4.400304    33.4927         97     0.4000  0.000e+00
      6.676    17.8661   4.407159    33.5514         98     0.4042  0.000e+00
      6.807    17.8656   4.407106    33.5513         99     0.4083  0.000e+00
      6.934    17.8656   4.396053    33.4572        100     0.4125  0.000e+00
      7.069    17.8656   4.350278    33.0678        101     0.4167  0.000e+00
      7.222    17.8651   4.338921    32.9716        102     0.4208  0.000e+00
      7.394    17.8647   4.338822    32.9710        103     0.4250  0.000e+00
      7.561    17.8650   4.385104    33.3642        104     0.4292  0.000e+00
      7.723    17.8661   4.407438    33.5534        105     0.4333  0.000e+00
      7.882    17.8689   4.410997    33.5813        106     0.4375  0.000e+00
      8.048    17.8711   4.409749    33.5688        107     0.4417  0.000e+00
      8.216    17.8735   4.410260    33.5712        108     0.4458  0.000e+00
      8.380    17.8772   4.416491    33.6211        109     0.4500  0.000e+00
      8.529    17.8803   4.419169    33.6412        110     0.4542  0.000e+00
      8.667    17.8836   4.415933    33.6110        111     0.4583  0.000e+00
      8.802    17.8862   4.410891    33.5658        112     0.4625  0.000e+00
      8.946    17.8887   4.406151    33.5234        113     0.4667  0.000e+00
      9.089    17.8909   4.410360    33.5573        114     0.4708  0.000e+00
      9.233    17.8928   4.412804    33.5765        115     0.4750  0.000e+00
      9.368    17.8946   4.414943    33.5932        116     0.4792  0.000e+00
      9.506    17.8969   4.403782    33.4962        117     0.4833  0.000e+00
      9.648    17.8989   4.395085    33.4206        118     0.4875  0.000e+00
      9.806    17.8998   4.407592    33.5262        119     0.4917  0.000e+00
      9.959    17.9008   4.416239    33.5989        120     0.4958  0.000e+00
     10.099    17.9023   4.413442    33.5738        121     0.5000  0.000e+00
     10.230    17.9035   4.421748    33.6435        122     0.5042  0.000e+00
     10.359    17.9048   4.413309    33.5705        123     0.5083  0.000e+00
     10.506    17.9052   4.408681    33.5308        124     0.5125  0.000e+00
     10.655    17.9059   4.414153    33.5767        125     0.5167  0.000e+00
     10.783    17.9073   4.412087    33.5579        126     0.5208  0.000e+00
     10.910    17.9086   4.411835    33.5547        127     0.5250  0.000e+00
     11.038    17.9104   4.398481    33.4396        128     0.5292  0.000e+00
     11.187    17.9133   4.386840    33.3381        129     0.5333  0.000e+00
     11.350    17.9157   4.404506    33.4863        130     0.5375  0.000e+00
     11.514    17.9181   4.412931    33.5559        131     0.5417  0.000e+00
     11.665    17.9217   4.415933    33.5785        132     0.5458  0.000e+00
     11.807    17.9269   4.417335    33.5861        133     0.5500  0.000e+00
     11.959    17.9332   4.416903    33.5772        134     0.5542  0.000e+00
     12.123    17.9400   4.419116    33.5903        135     0.5583  0.000e+00
     12.284    17.9463   4.423836    33.6252        136     0.5625  0.000e+00
     12.433    17.9541   4.429149    33.6639        137     0.5667  0.000e+00
     12.579    17.9665   4.435497    33.7076        138     0.5708  0.000e+00
     12.713    17.9841   4.437414    33.7093        139     0.5750  0.000e+00
     12.852    18.0021   4.428204    33.6161        140     0.5792  0.000e+00
     13.006    18.0220   4.433779    33.6471        141     0.5833  0.000e+00
     13.143    18.0414   4.441269    33.6946        142     0.5875  0.000e+00
     13.277    18.0635   4.445005    33.7081        143     0.5917  0.000e+00
     13.396    18.0945   4.446650    33.6965        144     0.5958  0.000e+00
     13.525    18.1260   4.433319    33.5575        145     0.6000  0.000e+00
     13.674    18.1498   4.436979    33.5689        146     0.6042  0.000e+00
     13.798    18.1685   4.455055    33.7066        147     0.6083  0.000e+00
     13.920    18.1891   4.457402    33.7095        148     0.6125  0.000e+00
     14.030    18.2163   4.454641    33.6636        149     0.6167  0.000e+00
     14.148    18.2454   4.445976    33.5665        150     0.6208  0.000e+00
     14.285    18.2773   4.447801    33.5558        151     0.6250  0.000e+00
     14.409    18.3050   4.447414    33.5298        152     0.6292  0.000e+00
     14.538    18.3319   4.452713    33.5524        153     0.6333  0.000e+00
     14.662    18.3538   4.458968    33.5873        154     0.6375  0.000e+00
     14.790    18.3768   4.471235    33.6718        155     0.6417  0.000e+00
     14.946    18.3916   4.449652    33.4779        156     0.6458  0.000e+00
     15.104    18.4022   4.457400    33.5343        157     0.6500  0.000e+00
     15.248    18.4160   4.468183    33.6138        158     0.6542  0.000e+00
     15.404    18.4388   4.500105    33.8638        159     0.6583  0.000e+00
     15.551    18.4738   4.517060    33.9778        160     0.6625  0.000e+00
     15.706    18.5119   4.506467    33.8572        161     0.6667  0.000e+00
     15.873    18.5406   4.521319    33.9583        162     0.6708  0.000e+00
     16.029    18.5676   4.537306    34.0704        163     0.6750  0.000e+00
     16.169    18.5989   4.541123    34.0765        164     0.6792  0.000e+00
     16.307    18.6307   4.556238    34.1772        165     0.6833  0.000e+00
     16.433    18.6571   4.561537    34.1998        166     0.6875  0.000e+00
     16.577    18.6756   4.557503    34.1505        167     0.6917  0.000e+00
     16.711    18.6933   4.558116    34.1410        168     0.6958  0.000e+00
     16.830    18.7125   4.558297    34.1265        169     0.7000  0.000e+00
     16.947    18.7322   4.564452    34.1618        170     0.7042  0.000e+00
     17.056    18.7543   4.563516    34.1357        171     0.7083  0.000e+00
     17.194    18.7772   4.563071    34.1129        172     0.7125  0.000e+00
     17.327    18.7965   4.564876    34.1121        173     0.7167  0.000e+00
     17.450    18.8183   4.570954    34.1449        174     0.7208  0.000e+00
     17.575    18.8437   4.579437    34.1949        175     0.7250  0.000e+00
     17.687    18.8710   4.581224    34.1872        176     0.7292  0.000e+00
     17.812    18.8960   4.581602    34.1697        177     0.7333  0.000e+00
     17.943    18.9193   4.589627    34.2174        178     0.7375  0.000e+00
     18.062    18.9446   4.595989    34.2495        179     0.7417  0.000e+00
     18.180    18.9726   4.604593    34.2982        180     0.7458  0.000e+00
     18.285    19.0021   4.607486    34.2978        181     0.7500  0.000e+00
     18.407    19.0318   4.606776    34.2673        182     0.7542  0.000e+00
     18.522    19.0540   4.606952    34.2504        183     0.7583  0.000e+00
     18.640    19.0724   4.608777    34.2504        184     0.7625  0.000e+00
     18.759    19.0870   4.609887    34.2475        185     0.7667  0.000e+00
     18.865    19.0984   4.605504    34.2016        186     0.7708  0.000e+00
     19.001    19.1015   4.592008    34.0867        187     0.7750  0.000e+00
     19.136    19.1004   4.583394    34.0160        188     0.7792  0.000e+00
     19.269    19.0996   4.579812    33.9867        189     0.7833  0.000e+00
     19.413    19.1014   4.582794    34.0100        190     0.7875  0.000e+00
     19.545    19.1036   4.594305    34.1039        191     0.7917  0.000e+00
     19.678    19.1050   4.604334    34.1862        192     0.7958  0.000e+00
     19.824    19.1073   4.611734    34.2458        193     0.8000  0.000e+00
     19.957    19.1131   4.623330    34.3374        194     0.8042  0.000e+00
     20.090    19.1317   4.630796    34.3841        195     0.8083  0.000e+00
     20.205    19.1602   4.640919    34.4446        196     0.8125  0.000e+00
     20.314    19.1891   4.645526    34.4590        197     0.8167  0.000e+00
     20.418    19.2129   4.646585    34.4480        198     0.8208  0.000e+00
     20.512    19.2333   4.649266    34.4533        199     0.8250  0.000e+00
     20.611    19.2521   4.649510    34.4397        200     0.8292  0.000e+00
     20.704    19.2646   4.645634    34.3972        201     0.8333  0.000e+00
     20.799    19.2718   4.624588    34.2167        202     0.8375  0.000e+00
     20.898    19.2751   4.608613    34.0815        203     0.8417  0.000e+00
     21.004    19.2795   4.597222    33.9835        204     0.8458  0.000e+00
     21.121    19.2645   4.583339    33.8807        205     0.8500  0.000e+00
     21.236    19.2040   4.578745    33.8919        206     0.8542  0.000e+00
     21.351    19.1208   4.577492    33.9494        207     0.8583  0.000e+00
     21.474    19.0553   4.576832    33.9975        208     0.8625  0.000e+00
     21.595    19.0025   4.577096    34.0430        209     0.8667  0.000e+00
     21.726    18.9599   4.577521    34.0814        210     0.8708  0.000e+00
     21.861    18.9306   4.580638    34.1316        211     0.8750  0.000e+00
     21.986    18.9249   4.593890    34.2468        212     0.8792  0.000e+00
     22.123    18.9395   4.670480    34.8752        213     0.8833  0.000e+00
     22.258    19.0268   4.699344    35.0430        214     0.8875  0.000e+00
     22.389    19.1859   4.700651    34.9197        215     0.8917  0.000e+00
