PC2406/sbe038.cnv
* Sea-Bird SBE 19plus V2 Data File:
* FileName = C:\cruise\data\sbe038.hex
* Software Version Seasave V 7.26.7.121
* Temperature SN = 7142
* Conductivity SN = 7142
* System UpLoad Time = Nov 07 2024 18:35:35
* NMEA Latitude = 36 23.43 N
* NMEA Longitude = 075 18.70 W
* NMEA UTC (Time) = Nov 07 2024  18:35:27
** Ship: Pisces
** Cruise:  PC2406
** Program:  Fall ECOMON
# nquan = 7
# nvalues = 1295                                  
# units = specified
# name 0 = depSM: Depth [salt water, m]
# name 1 = tv290C: Temperature [ITS-90, deg C]
# name 2 = c0S/m: Conductivity [S/m]
# name 3 = sal00: Salinity, Practical [PSU]
# name 4 = scan: Scan Count
# name 5 = timeM: Time, Elapsed [minutes]
# name 6 = flag:  0.000e+00
# span 0 =      0.016,     26.153                 
# span 1 =    18.5477,    21.1584                 
# span 2 =  -0.001721,   4.503960                 
# span 3 =     0.0000,    33.3016                 
# span 4 =         11,       1305                 
# span 5 =     0.0417,     5.4333                 
# span 6 = 0.0000e+00, 0.0000e+00                 
# interval = seconds: 0.25
# start_time = Nov 07 2024 18:35:27 [NMEA time, header]
# bad_flag = -9.990e-29
*END*
[from data line 206]
      6.676    19.8879   4.471617    32.4751        217     0.9000  0.000e+00
      6.768    19.8853   4.473588    32.4931        218     0.9042  0.000e+00
      6.861    19.8836   4.477263    32.5243        219     0.9083  0.000e+00
      6.953    19.8833   4.479595    32.5434        220     0.9125  0.000e+00
      7.043    19.8830   4.480685    32.5524        221     0.9167  0.000e+00
      7.125    19.8823   4.481507    32.5596        222     0.9208  0.000e+00
      7.208    19.8804   4.481433    32.5605        223     0.9250  0.000e+00
      7.287    19.8845   4.480631    32.5508        224     0.9292  0.000e+00
      7.364    19.8919   4.480090    32.5406        225     0.9333  0.000e+00
      7.436    19.9064   4.479775    32.5268        226     0.9375  0.000e+00
      7.508    19.9248   4.479514    32.5105        227     0.9417  0.000e+00
      7.565    19.9389   4.479414    32.4987        228     0.9458  0.000e+00
      7.635    19.9474   4.479541    32.4931        229     0.9500  0.000e+00
      7.704    19.9527   4.479721    32.4905        230     0.9542  0.000e+00
      7.761    19.9562   4.479928    32.4895        231     0.9583  0.000e+00
      7.822    19.9599   4.479955    32.4868        232     0.9625  0.000e+00
      7.876    19.9647   4.479467    32.4791        233     0.9667  0.000e+00
      7.934    19.9692   4.478585    32.4684        234     0.9708  0.000e+00
      7.987    19.9710   4.477055    32.4547        235     0.9750  0.000e+00
      8.047    19.9653   4.475992    32.4504        236     0.9792  0.000e+00
      8.115    19.9579   4.475785    32.4544        237     0.9833  0.000e+00
      8.181    19.9531   4.476253    32.4619        238     0.9875  0.000e+00
      8.248    19.9499   4.477496    32.4744        239     0.9917  0.000e+00
      8.323    19.9460   4.478171    32.4829        240     0.9958  0.000e+00
      8.395    19.9430   4.478559    32.4883        241     1.0000  0.000e+00
      8.480    19.9418   4.478973    32.4926        242     1.0042  0.000e+00
      8.568    19.9417   4.479361    32.4958        243     1.0083  0.000e+00
      8.665    19.9418   4.479334    32.4954        244     1.0125  0.000e+00
      8.760    19.9423   4.478064    32.4847        245     1.0167  0.000e+00
      8.866    19.9423   4.476888    32.4752        246     1.0208  0.000e+00
      8.974    19.9399   4.476541    32.4741        247     1.0250  0.000e+00
      9.087    19.9138   4.476488    32.4938        248     1.0292  0.000e+00
      9.200    19.8693   4.476589    32.5290        249     1.0333  0.000e+00
      9.315    19.8351   4.476589    32.5555        250     1.0375  0.000e+00
      9.430    19.8059   4.476490    32.5773        251     1.0417  0.000e+00
      9.541    19.7687   4.476049    32.6026        252     1.0458  0.000e+00
      9.653    19.7135   4.475115    32.6378        253     1.0500  0.000e+00
      9.757    19.6369   4.473306    32.6827        254     1.0542  0.000e+00
      9.859    19.5406   4.470822    32.7377        255     1.0583  0.000e+00
      9.954    19.4319   4.467519    32.7958        256     1.0625  0.000e+00
     10.037    19.3429   4.463542    32.8331        257     1.0667  0.000e+00
     10.130    19.2672   4.459626    32.8605        258     1.0708  0.000e+00
     10.202    19.1918   4.455325    32.8846        259     1.0750  0.000e+00
     10.276    19.1125   4.450953    32.9112        260     1.0792  0.000e+00
     10.346    19.0436   4.447482    32.9370        261     1.0833  0.000e+00
     10.409    18.9797   4.445297    32.9697        262     1.0875  0.000e+00
     10.470    18.9242   4.444379    33.0062        263     1.0917  0.000e+00
     10.525    18.8810   4.444759    33.0438        264     1.0958  0.000e+00
     10.581    18.8485   4.446352    33.0830        265     1.1000  0.000e+00
     10.630    18.8271   4.448565    33.1185        266     1.1042  0.000e+00
     10.689    18.8148   4.450751    33.1465        267     1.1083  0.000e+00
     10.748    18.8095   4.453037    33.1698        268     1.1125  0.000e+00
     10.811    18.8078   4.456412    33.1993        269     1.1167  0.000e+00
     10.876    18.8069   4.459347    33.2245        270     1.1208  0.000e+00
     10.939    18.8034   4.461181    33.2425        271     1.1250  0.000e+00
     11.009    18.7967   4.462389    33.2580        272     1.1292  0.000e+00
     11.081    18.7875   4.466728    33.3016        273     1.1333  0.000e+00
     11.167    18.8184   4.469465    33.2994        274     1.1375  0.000e+00
     11.264    18.8829   4.470499    33.2562        275     1.1417  0.000e+00
     11.364    18.9648   4.471172    33.1960        276     1.1458  0.000e+00
     11.472    19.0532   4.471819    33.1307        277     1.1500  0.000e+00
     11.580    19.1010   4.470756    33.0837        278     1.1542  0.000e+00
     11.702    19.1058   4.466643    33.0458        279     1.1583  0.000e+00
     11.824    19.0996   4.466723    33.0514        280     1.1625  0.000e+00
     11.946    19.0942   4.464427    33.0366        281     1.1667  0.000e+00
     12.072    19.0546   4.460377    33.0345        282     1.1708  0.000e+00
     12.200    18.9898   4.454609    33.0383        283     1.1750  0.000e+00
     12.323    18.9245   4.433640    32.9161        284     1.1792  0.000e+00
     12.440    18.8437   4.429981    32.9499        285     1.1833  0.000e+00
     12.555    18.7526   4.429903    33.0219        286     1.1875  0.000e+00
     12.667    18.6935   4.429824    33.0685        287     1.1917  0.000e+00
     12.762    18.6631   4.429625    33.0911        288     1.1958  0.000e+00
     12.853    18.6474   4.429552    33.1031        289     1.2000  0.000e+00
     12.938    18.6398   4.429372    33.1077        290     1.2042  0.000e+00
     13.013    18.6359   4.429240    33.1097        291     1.2083  0.000e+00
     13.083    18.6337   4.429140    33.1106        292     1.2125  0.000e+00
     13.146    18.6323   4.429067    33.1111        293     1.2167  0.000e+00
     13.205    18.6314   4.428987    33.1111        294     1.2208  0.000e+00
     13.256    18.6307   4.428861    33.1106        295     1.2250  0.000e+00
     13.308    18.6300   4.428781    33.1105        296     1.2292  0.000e+00
     13.364    18.6294   4.428754    33.1107        297     1.2333  0.000e+00
     13.416    18.6290   4.428708    33.1106        298     1.2375  0.000e+00
     13.480    18.6284   4.428681    33.1109        299     1.2417  0.000e+00
     13.549    18.6281   4.428654    33.1109        300     1.2458  0.000e+00
     13.619    18.6275   4.428655    33.1113        301     1.2500  0.000e+00
     13.705    18.6268   4.428708    33.1123        302     1.2542  0.000e+00
     13.778    18.6266   4.428808    33.1133        303     1.2583  0.000e+00
     13.872    18.6262   4.428907    33.1144        304     1.2625  0.000e+00
     13.967    18.6261   4.428961    33.1149        305     1.2667  0.000e+00
     14.060    18.6261   4.429041    33.1156        306     1.2708  0.000e+00
     14.170    18.6259   4.429041    33.1157        307     1.2750  0.000e+00
     14.276    18.6258   4.429167    33.1167        308     1.2792  0.000e+00
     14.382    18.6255   4.429320    33.1182        309     1.2833  0.000e+00
     14.490    18.6254   4.429500    33.1198        310     1.2875  0.000e+00
     14.594    18.6252   4.429653    33.1212        311     1.2917  0.000e+00
     14.695    18.6252   4.429832    33.1227        312     1.2958  0.000e+00
     14.799    18.6251   4.430059    33.1246        313     1.3000  0.000e+00
     14.892    18.6253   4.430292    33.1264        314     1.3042  0.000e+00
     14.989    18.6256   4.430551    33.1282        315     1.3083  0.000e+00
     15.081    18.6259   4.430724    33.1294        316     1.3125  0.000e+00
     15.162    18.6260   4.430984    33.1315        317     1.3167  0.000e+00
     15.242    18.6260   4.431316    33.1342        318     1.3208  0.000e+00
     15.311    18.6261   4.431596    33.1364        319     1.3250  0.000e+00
     15.377    18.6261   4.431928    33.1392        320     1.3292  0.000e+00
     15.444    18.6260   4.432108    33.1408        321     1.3333  0.000e+00
     15.510    18.6254   4.432208    33.1420        322     1.3375  0.000e+00
     15.582    18.6248   4.432341    33.1436        323     1.3417  0.000e+00
     15.652    18.6241   4.432414    33.1448        324     1.3458  0.000e+00
     15.735    18.6234   4.432468    33.1458        325     1.3500  0.000e+00
     15.812    18.6228   4.432494    33.1464        326     1.3542  0.000e+00
     15.894    18.6227   4.432514    33.1467        327     1.3583  0.000e+00
     15.988    18.6220   4.432594    33.1478        328     1.3625  0.000e+00
     16.081    18.6218   4.432647    33.1484        329     1.3667  0.000e+00
     16.173    18.6211   4.432687    33.1493        330     1.3708  0.000e+00
     16.273    18.6205   4.432801    33.1507        331     1.3750  0.000e+00
     16.376    18.6201   4.432927    33.1520        332     1.3792  0.000e+00
     16.478    18.6193   4.433054    33.1537        333     1.3833  0.000e+00
     16.582    18.6184   4.433160    33.1553        334     1.3875  0.000e+00
     16.679    18.6174   4.433313    33.1573        335     1.3917  0.000e+00
     16.776    18.6159   4.433466    33.1597        336     1.3958  0.000e+00
     16.872    18.6139   4.433620    33.1627        337     1.4000  0.000e+00
     16.958    18.6111   4.433799    33.1664        338     1.4042  0.000e+00
     17.039    18.6078   4.433952    33.1703        339     1.4083  0.000e+00
     17.114    18.6036   4.434079    33.1747        340     1.4125  0.000e+00
     17.199    18.5995   4.434159    33.1786        341     1.4167  0.000e+00
     17.272    18.5959   4.434206    33.1819        342     1.4208  0.000e+00
     17.351    18.5932   4.434232    33.1842        343     1.4250  0.000e+00
     17.430    18.5915   4.434179    33.1851        344     1.4292  0.000e+00
     17.509    18.5902   4.434206    33.1864        345     1.4333  0.000e+00
     17.587    18.5886   4.434186    33.1875        346     1.4375  0.000e+00
     17.673    18.5872   4.434159    33.1884        347     1.4417  0.000e+00
     17.763    18.5854   4.434133    33.1895        348     1.4458  0.000e+00
     17.845    18.5837   4.434106    33.1906        349     1.4500  0.000e+00
     17.942    18.5815   4.434080    33.1921        350     1.4542  0.000e+00
     18.030    18.5795   4.434026    33.1933        351     1.4583  0.000e+00
     18.120    18.5774   4.434000    33.1948        352     1.4625  0.000e+00
     18.206    18.5753   4.433927    33.1957        353     1.4667  0.000e+00
     18.300    18.5738   4.433900    33.1968        354     1.4708  0.000e+00
     18.390    18.5720   4.433827    33.1976        355     1.4750  0.000e+00
     18.479    18.5703   4.433827    33.1989        356     1.4792  0.000e+00
     18.567    18.5692   4.433801    33.1995        357     1.4833  0.000e+00
     18.659    18.5680   4.433747    33.2000        358     1.4875  0.000e+00
     18.743    18.5669   4.433721    33.2006        359     1.4917  0.000e+00
     18.830    18.5660   4.433694    33.2011        360     1.4958  0.000e+00
     18.916    18.5650   4.433668    33.2017        361     1.5000  0.000e+00
     19.000    18.5641   4.433628    33.2020        362     1.5042  0.000e+00
     19.088    18.5631   4.433621    33.2028        363     1.5083  0.000e+00
     19.182    18.5620   4.433648    33.2038        364     1.5125  0.000e+00
     19.268    18.5614   4.433621    33.2040        365     1.5167  0.000e+00
     19.361    18.5611   4.433595    33.2041        366     1.5208  0.000e+00
     19.453    18.5608   4.433595    33.2042        367     1.5250  0.000e+00
     19.545    18.5606   4.433595    33.2043        368     1.5292  0.000e+00
     19.640    18.5601   4.433568    33.2045        369     1.5333  0.000e+00
     19.735    18.5596   4.433568    33.2049        370     1.5375  0.000e+00
     19.834    18.5592   4.433595    33.2054        371     1.5417  0.000e+00
     19.931    18.5591   4.433568    33.2052        372     1.5458  0.000e+00
     20.031    18.5593   4.433568    33.2051        373     1.5500  0.000e+00
     20.127    18.5593   4.433542    33.2048        374     1.5542  0.000e+00
     20.222    18.5590   4.433515    33.2048        375     1.5583  0.000e+00
     20.312    18.5587   4.433495    33.2048        376     1.5625  0.000e+00
     20.401    18.5582   4.433495    33.2052        377     1.5667  0.000e+00
     20.493    18.5578   4.433495    33.2055        378     1.5708  0.000e+00
     20.583    18.5573   4.433389    33.2049        379     1.5750  0.000e+00
     20.676    18.5566   4.433389    33.2055        380     1.5792  0.000e+00
     20.771    18.5558   4.433316    33.2055        381     1.5833  0.000e+00
     20.865    18.5551   4.433289    33.2058        382     1.5875  0.000e+00
     20.964    18.5544   4.433236    33.2059        383     1.5917  0.000e+00
     21.061    18.5534   4.433210    33.2064        384     1.5958  0.000e+00
     21.163    18.5530   4.433210    33.2067        385     1.6000  0.000e+00
     21.265    18.5526   4.433236    33.2072        386     1.6042  0.000e+00
     21.371    18.5524   4.433210    33.2071        387     1.6083  0.000e+00
     21.479    18.5520   4.433210    33.2074        388     1.6125  0.000e+00
     21.587    18.5519   4.433210    33.2075        389     1.6167  0.000e+00
     21.698    18.5519   4.433236    33.2076        390     1.6208  0.000e+00
     21.806    18.5517   4.433210    33.2075        391     1.6250  0.000e+00
     21.910    18.5517   4.433183    33.2073        392     1.6292  0.000e+00
     22.009    18.5514   4.433183    33.2074        393     1.6333  0.000e+00
     22.110    18.5516   4.433177    33.2072        394     1.6375  0.000e+00
     22.203    18.5513   4.433164    33.2073        395     1.6417  0.000e+00
     22.295    18.5511   4.433164    33.2075        396     1.6458  0.000e+00
     22.381    18.5509   4.433031    33.2065        397     1.6500  0.000e+00
     22.464    18.5508   4.433137    33.2074        398     1.6542  0.000e+00
     22.548    18.5508   4.433137    33.2074        399     1.6583  0.000e+00
     22.625    18.5507   4.433137    33.2074        400     1.6625  0.000e+00
     22.697    18.5504   4.433137    33.2077        401     1.6667  0.000e+00
     22.778    18.5506   4.433137    33.2074        402     1.6708  0.000e+00
     22.853    18.5505   4.433137    33.2075        403     1.6750  0.000e+00
     22.934    18.5506   4.433164    33.2076        404     1.6792  0.000e+00
     23.017    18.5506   4.433164    33.2076        405     1.6833  0.000e+00
     23.110    18.5506   4.432545    33.2024        406     1.6875  0.000e+00
     23.197    18.5505   4.433164    33.2076        407     1.6917  0.000e+00
     23.288    18.5505   4.433137    33.2074        408     1.6958  0.000e+00
     23.380    18.5505   4.433184    33.2077        409     1.7000  0.000e+00
     23.473    18.5504   4.433204    33.2079        410     1.7042  0.000e+00
     23.567    18.5504   4.433184    33.2077        411     1.7083  0.000e+00
     23.667    18.5506   4.433164    33.2074        412     1.7125  0.000e+00
     23.766    18.5506   4.433164    33.2074        413     1.7167  0.000e+00
     23.863    18.5504   4.433138    33.2072        414     1.7208  0.000e+00
     23.964    18.5503   4.433138    33.2073        415     1.7250  0.000e+00
     24.059    18.5500   4.433164    33.2077        416     1.7292  0.000e+00
     24.159    18.5499   4.433138    33.2076        417     1.7333  0.000e+00
     24.265    18.5499   4.433164    33.2077        418     1.7375  0.000e+00
     24.373    18.5499   4.433138    33.2075        419     1.7417  0.000e+00
     24.488    18.5499   4.433138    33.2074        420     1.7458  0.000e+00
