PC2406/sbe049.cnv
* Sea-Bird SBE 19plus V2 Data File:
* FileName = C:\cruise\data\sbe049.hex
* Software Version Seasave V 7.26.7.121
* Temperature SN = 7142
* Conductivity SN = 7142
* System UpLoad Time = Nov 08 2024 17:35:54
* NMEA Latitude = 37 55.56 N
* NMEA Longitude = 074 44.96 W
* NMEA UTC (Time) = Nov 08 2024  17:35:47
** Ship: Pisces
** Cruise:  PC2406
** Program:  Fall ECOMON
# nquan = 7
# nvalues = 1310                                  
# units = specified
# name 0 = depSM: Depth [salt water, m]
# name 1 = tv290C: Temperature [ITS-90, deg C]
# name 2 = c0S/m: Conductivity [S/m]
# name 3 = sal00: Salinity, Practical [PSU]
# name 4 = scan: Scan Count
# name 5 = timeM: Time, Elapsed [minutes]
# name 6 = flag:  0.000e+00
# span 0 =     -0.006,     24.996                 
# span 1 =    17.6518,    20.3465                 
# span 2 =   0.000362,   4.384730                 
# span 3 =     0.0106,    33.5144                 
# span 4 =         11,       1320                 
# span 5 =     0.0417,     5.4958                 
# span 6 = 0.0000e+00, 0.0000e+00                 
# interval = seconds: 0.25
# start_time = Nov 08 2024 17:35:47 [NMEA time, header]
# bad_flag = -9.990e-29
*END*
[from data line 1026]
      6.952    18.0018   4.262912    32.2190       1037     4.3167  0.000e+00
      6.923    18.0033   4.262794    32.2168       1038     4.3208  0.000e+00
      6.891    18.0048   4.262813    32.2158       1039     4.3250  0.000e+00
      6.864    18.0063   4.262794    32.2145       1040     4.3292  0.000e+00
      6.835    18.0073   4.262741    32.2132       1041     4.3333  0.000e+00
      6.814    18.0082   4.262695    32.2122       1042     4.3375  0.000e+00
      6.798    18.0088   4.262689    32.2117       1043     4.3417  0.000e+00
      6.781    18.0094   4.262741    32.2116       1044     4.3458  0.000e+00
      6.767    18.0101   4.262767    32.2113       1045     4.3500  0.000e+00
      6.758    18.0108   4.262794    32.2110       1046     4.3542  0.000e+00
      6.746    18.0112   4.262892    32.2115       1047     4.3583  0.000e+00
      6.724    18.0119   4.263010    32.2120       1048     4.3625  0.000e+00
      6.710    18.0131   4.263023    32.2111       1049     4.3667  0.000e+00
      6.694    18.0136   4.263010    32.2106       1050     4.3708  0.000e+00
      6.677    18.0134   4.263049    32.2111       1051     4.3750  0.000e+00
      6.670    18.0131   4.263062    32.2115       1052     4.3792  0.000e+00
      6.661    18.0132   4.263082    32.2115       1053     4.3833  0.000e+00
      6.652    18.0138   4.263095    32.2112       1054     4.3875  0.000e+00
      6.643    18.0139   4.263160    32.2116       1055     4.3917  0.000e+00
      6.634    18.0139   4.263173    32.2118       1056     4.3958  0.000e+00
      6.614    18.0144   4.263304    32.2125       1057     4.4000  0.000e+00
      6.593    18.0161   4.263448    32.2123       1058     4.4042  0.000e+00
      6.573    18.0189   4.263579    32.2113       1059     4.4083  0.000e+00
      6.539    18.0217   4.263939    32.2121       1060     4.4125  0.000e+00
      6.501    18.0261   4.264325    32.2120       1061     4.4167  0.000e+00
      6.462    18.0325   4.264705    32.2101       1062     4.4208  0.000e+00
      6.415    18.0395   4.264941    32.2066       1063     4.4250  0.000e+00
      6.367    18.0458   4.265157    32.2035       1064     4.4292  0.000e+00
      6.324    18.0508   4.265471    32.2022       1065     4.4333  0.000e+00
      6.277    18.0558   4.265667    32.2000       1066     4.4375  0.000e+00
      6.237    18.0594   4.265752    32.1979       1067     4.4417  0.000e+00
      6.207    18.0620   4.265765    32.1959       1068     4.4458  0.000e+00
      6.180    18.0638   4.265726    32.1942       1069     4.4500  0.000e+00
      6.151    18.0644   4.265746    32.1939       1070     4.4542  0.000e+00
      6.131    18.0646   4.265877    32.1948       1071     4.4583  0.000e+00
      6.106    18.0653   4.265746    32.1932       1072     4.4625  0.000e+00
      6.074    18.0655   4.265752    32.1931       1073     4.4667  0.000e+00
      6.047    18.0654   4.265890    32.1944       1074     4.4708  0.000e+00
      6.017    18.0660   4.266204    32.1966       1075     4.4750  0.000e+00
      5.982    18.0680   4.266512    32.1976       1076     4.4792  0.000e+00
      5.959    18.0714   4.266643    32.1960       1077     4.4833  0.000e+00
      5.929    18.0744   4.266440    32.1919       1078     4.4875  0.000e+00
      5.896    18.0754   4.266400    32.1909       1079     4.4917  0.000e+00
      5.867    18.0750   4.266492    32.1919       1080     4.4958  0.000e+00
      5.842    18.0753   4.266472    32.1915       1081     4.5000  0.000e+00
      5.821    18.0755   4.266616    32.1926       1082     4.5042  0.000e+00
      5.797    18.0762   4.266623    32.1922       1083     4.5083  0.000e+00
      5.785    18.0769   4.266597    32.1913       1084     4.5125  0.000e+00
      5.765    18.0769   4.266590    32.1913       1085     4.5167  0.000e+00
      5.753    18.0772   4.267009    32.1946       1086     4.5208  0.000e+00
      5.736    18.0789   4.267153    32.1945       1087     4.5250  0.000e+00
      5.715    18.0816   4.267232    32.1930       1088     4.5292  0.000e+00
      5.697    18.0839   4.267487    32.1934       1089     4.5333  0.000e+00
      5.670    18.0868   4.267867    32.1943       1090     4.5375  0.000e+00
      5.641    18.0904   4.268018    32.1927       1091     4.5417  0.000e+00
      5.603    18.0934   4.268011    32.1904       1092     4.5458  0.000e+00
      5.569    18.0952   4.267985    32.1888       1093     4.5500  0.000e+00
      5.533    18.0958   4.267991    32.1883       1094     4.5542  0.000e+00
      5.499    18.0964   4.268109    32.1889       1095     4.5583  0.000e+00
      5.465    18.0967   4.268070    32.1883       1096     4.5625  0.000e+00
      5.436    18.0971   4.268063    32.1879       1097     4.5667  0.000e+00
      5.390    18.0975   4.267991    32.1871       1098     4.5708  0.000e+00
      5.356    18.0972   4.267893    32.1865       1099     4.5750  0.000e+00
      5.313    18.0964   4.267945    32.1875       1100     4.5792  0.000e+00
      5.268    18.0960   4.267965    32.1880       1101     4.5833  0.000e+00
      5.219    18.0963   4.268207    32.1899       1102     4.5875  0.000e+00
      5.178    18.0973   4.268247    32.1894       1103     4.5917  0.000e+00
      5.133    18.0988   4.268234    32.1882       1104     4.5958  0.000e+00
      5.097    18.0994   4.268247    32.1878       1105     4.6000  0.000e+00
      5.065    18.0997   4.268234    32.1875       1106     4.6042  0.000e+00
      5.036    18.0997   4.268273    32.1878       1107     4.6083  0.000e+00
      5.011    18.1000   4.268253    32.1874       1108     4.6125  0.000e+00
      4.984    18.0999   4.268247    32.1875       1109     4.6167  0.000e+00
      4.959    18.1000   4.268233    32.1872       1110     4.6208  0.000e+00
      4.932    18.1001   4.268306    32.1878       1111     4.6250  0.000e+00
      4.898    18.1005   4.269092    32.1941       1112     4.6292  0.000e+00
      4.853    18.1044   4.270087    32.1995       1113     4.6333  0.000e+00
      4.815    18.1128   4.270343    32.1950       1114     4.6375  0.000e+00
      4.777    18.1204   4.270329    32.1889       1115     4.6417  0.000e+00
      4.733    18.1247   4.270677    32.1885       1116     4.6458  0.000e+00
      4.688    18.1282   4.270480    32.1841       1117     4.6500  0.000e+00
      4.645    18.1300   4.270192    32.1803       1118     4.6542  0.000e+00
      4.607    18.1291   4.270061    32.1799       1119     4.6583  0.000e+00
      4.576    18.1270   4.270087    32.1818       1120     4.6625  0.000e+00
      4.546    18.1257   4.270421    32.1856       1121     4.6667  0.000e+00
      4.521    18.1270   4.270775    32.1876       1122     4.6708  0.000e+00
      4.485    18.1301   4.271011    32.1871       1123     4.6750  0.000e+00
      4.449    18.1336   4.271161    32.1857       1124     4.6792  0.000e+00
      4.413    18.1365   4.271187    32.1836       1125     4.6833  0.000e+00
      4.377    18.1382   4.271115    32.1817       1126     4.6875  0.000e+00
      4.343    18.1389   4.270965    32.1799       1127     4.6917  0.000e+00
      4.307    18.1386   4.270827    32.1790       1128     4.6958  0.000e+00
      4.271    18.1373   4.270722    32.1791       1129     4.7000  0.000e+00
      4.235    18.1360   4.270676    32.1798       1130     4.7042  0.000e+00
      4.194    18.1349   4.270676    32.1807       1131     4.7083  0.000e+00
      4.152    18.1341   4.270650    32.1811       1132     4.7125  0.000e+00
      4.109    18.1340   4.270676    32.1814       1133     4.7167  0.000e+00
      4.072    18.1339   4.270958    32.1839       1134     4.7208  0.000e+00
      4.029    18.1353   4.270794    32.1814       1135     4.7250  0.000e+00
      3.985    18.1356   4.271017    32.1831       1136     4.7292  0.000e+00
      3.951    18.1366   4.272157    32.1919       1137     4.7333  0.000e+00
      3.914    18.1425   4.272799    32.1926       1138     4.7375  0.000e+00
      3.880    18.1510   4.273002    32.1877       1139     4.7417  0.000e+00
      3.853    18.1573   4.272897    32.1819       1140     4.7458  0.000e+00
      3.826    18.1605   4.272897    32.1794       1141     4.7500  0.000e+00
      3.795    18.1619   4.273067    32.1797       1142     4.7542  0.000e+00
      3.759    18.1632   4.272995    32.1781       1143     4.7583  0.000e+00
      3.714    18.1639   4.272976    32.1774       1144     4.7625  0.000e+00
      3.660    18.1641   4.272871    32.1764       1145     4.7667  0.000e+00
      3.598    18.1637   4.272464    32.1733       1146     4.7708  0.000e+00
      3.542    18.1615   4.272117    32.1721       1147     4.7750  0.000e+00
      3.481    18.1580   4.272130    32.1750       1148     4.7792  0.000e+00
      3.431    18.1558   4.272091    32.1764       1149     4.7833  0.000e+00
      3.391    18.1547   4.271993    32.1765       1150     4.7875  0.000e+00
      3.368    18.1537   4.271953    32.1769       1151     4.7917  0.000e+00
      3.361    18.1527   4.271966    32.1779       1152     4.7958  0.000e+00
      3.352    18.1523   4.271953    32.1780       1153     4.8000  0.000e+00
      3.346    18.1522   4.271796    32.1768       1154     4.8042  0.000e+00
      3.337    18.1516   4.271776    32.1771       1155     4.8083  0.000e+00
      3.321    18.1510   4.271875    32.1785       1156     4.8125  0.000e+00
      3.289    18.1507   4.272006    32.1798       1157     4.8167  0.000e+00
      3.233    18.1515   4.274096    32.1968       1158     4.8208  0.000e+00
      3.163    18.1606   4.274856    32.1960       1159     4.8250  0.000e+00
      3.084    18.1727   4.274509    32.1836       1160     4.8292  0.000e+00
      3.007    18.1782   4.275171    32.1849       1161     4.8333  0.000e+00
      2.940    18.1826   4.275151    32.1813       1162     4.8375  0.000e+00
      2.886    18.1859   4.275000    32.1775       1163     4.8417  0.000e+00
      2.849    18.1870   4.274941    32.1761       1164     4.8458  0.000e+00
      2.829    18.1869   4.274902    32.1758       1165     4.8500  0.000e+00
      2.816    18.1865   4.274928    32.1764       1166     4.8542  0.000e+00
      2.809    18.1864   4.274994    32.1770       1167     4.8583  0.000e+00
      2.807    18.1868   4.275170    32.1782       1168     4.8625  0.000e+00
      2.806    18.1877   4.275433    32.1797       1169     4.8667  0.000e+00
      2.786    18.1892   4.275420    32.1784       1170     4.8708  0.000e+00
      2.754    18.1905   4.275151    32.1751       1171     4.8750  0.000e+00
      2.698    18.1900   4.275052    32.1747       1172     4.8792  0.000e+00
      2.626    18.1892   4.275000    32.1750       1173     4.8833  0.000e+00
      2.549    18.1882   4.274941    32.1753       1174     4.8875  0.000e+00
      2.475    18.1873   4.274069    32.1687       1175     4.8917  0.000e+00
      2.398    18.1839   4.274358    32.1738       1176     4.8958  0.000e+00
      2.335    18.1813   4.273951    32.1724       1177     4.9000  0.000e+00
      2.281    18.1791   4.273846    32.1733       1178     4.9042  0.000e+00
      2.245    18.1770   4.273512    32.1721       1179     4.9083  0.000e+00
      2.220    18.1741   4.273558    32.1748       1180     4.9125  0.000e+00
      2.215    18.1728   4.273486    32.1753       1181     4.9167  0.000e+00
      2.204    18.1716   4.273460    32.1760       1182     4.9208  0.000e+00
      2.209    18.1708   4.273512    32.1770       1183     4.9250  0.000e+00
      2.213    18.1707   4.273683    32.1785       1184     4.9292  0.000e+00
      2.200    18.1717   4.273945    32.1799       1185     4.9333  0.000e+00
      2.183    18.1731   4.274246    32.1814       1186     4.9375  0.000e+00
      2.147    18.1757   4.274613    32.1825       1187     4.9417  0.000e+00
      2.093    18.1790   4.274921    32.1825       1188     4.9458  0.000e+00
      2.017    18.1825   4.275151    32.1817       1189     4.9500  0.000e+00
      1.947    18.1854   4.275249    32.1803       1190     4.9542  0.000e+00
      1.886    18.1874   4.275223    32.1785       1191     4.9583  0.000e+00
      1.840    18.1887   4.275380    32.1788       1192     4.9625  0.000e+00
      1.814    18.1900   4.275635    32.1799       1193     4.9667  0.000e+00
      1.802    18.1920   4.275688    32.1788       1194     4.9708  0.000e+00
      1.804    18.1935   4.275662    32.1774       1195     4.9750  0.000e+00
      1.811    18.1941   4.275635    32.1767       1196     4.9792  0.000e+00
      1.813    18.1942   4.275609    32.1764       1197     4.9833  0.000e+00
      1.822    18.1942   4.275419    32.1748       1198     4.9875  0.000e+00
      1.809    18.1933   4.274816    32.1705       1199     4.9917  0.000e+00
      1.773    18.1902   4.274488    32.1702       1200     4.9958  0.000e+00
      1.717    18.1867   4.269181    32.1283       1201     5.0000  0.000e+00
      1.631    18.1877   4.269423    32.1296       1202     5.0042  0.000e+00
      1.520    18.1910   4.275268    32.1762       1203     5.0083  0.000e+00
      1.383    18.1926   4.275714    32.1787       1204     5.0125  0.000e+00
      1.263    18.1936   4.275688    32.1777       1205     5.0167  0.000e+00
      1.189    18.1947   4.275661    32.1767       1206     5.0208  0.000e+00
      1.170    18.1948   4.275563    32.1758       1207     5.0250  0.000e+00
      1.173    18.1946   4.275661    32.1768       1208     5.0292  0.000e+00
      1.189    18.1947   4.275733    32.1773       1209     5.0333  0.000e+00
      1.204    18.1953   4.275858    32.1779       1210     5.0375  0.000e+00
      1.220    18.1960   4.275891    32.1776       1211     5.0417  0.000e+00
      1.247    18.1968   4.275832    32.1765       1212     5.0458  0.000e+00
      1.277    18.1970   4.275760    32.1757       1213     5.0500  0.000e+00
      1.294    18.1966   4.275563    32.1743       1214     5.0542  0.000e+00
      1.272    18.1959   4.275733    32.1763       1215     5.0583  0.000e+00
      1.224    18.1957   4.275504    32.1746       1216     5.0625  0.000e+00
      1.175    18.1947   4.275563    32.1758       1217     5.0667  0.000e+00
      1.127    18.1941   4.275478    32.1756       1218     5.0708  0.000e+00
      1.069    18.1940   4.275733    32.1779       1219     5.0750  0.000e+00
      0.987    18.1947   4.275891    32.1787       1220     5.0792  0.000e+00
      0.890    18.1958   4.275563    32.1751       1221     5.0833  0.000e+00
      0.803    18.1955   4.275366    32.1737       1222     5.0875  0.000e+00
      0.751    18.1945   4.275504    32.1757       1223     5.0917  0.000e+00
      0.751    18.1939   4.275517    32.1763       1224     5.0958  0.000e+00
      0.767    18.1941   4.275432    32.1754       1225     5.1000  0.000e+00
      0.782    18.1934   4.275392    32.1756       1226     5.1042  0.000e+00
      0.793    18.1929   4.275274    32.1750       1227     5.1083  0.000e+00
      0.802    18.1924   4.275150    32.1743       1228     5.1125  0.000e+00
      0.782    18.1913   4.275150    32.1752       1229     5.1167  0.000e+00
      0.708    18.1906   4.275943    32.1824       1230     5.1208  0.000e+00
      0.565    18.1929   4.276422    32.1847       1231     5.1250  0.000e+00
      0.462    18.1972   4.276349    32.1807       1232     5.1292  0.000e+00
      0.423    18.2002   4.276251    32.1776       1233     5.1333  0.000e+00
      0.426    18.2014   4.276244    32.1766       1234     5.1375  0.000e+00
      0.464    18.2020   4.276369    32.1772       1235     5.1417  0.000e+00
      0.493    18.2024   4.276467    32.1777       1236     5.1458  0.000e+00
      0.505    18.2033   4.276507    32.1773       1237     5.1500  0.000e+00
      0.514    18.2038   4.276297    32.1751       1238     5.1542  0.000e+00
      0.523    18.2034   4.276454    32.1767       1239     5.1583  0.000e+00
      0.518    18.2036   4.276520    32.1772       1240     5.1625  0.000e+00
