PC2406/sbe058.cnv
* Sea-Bird SBE 19plus V2 Data File:
* FileName = C:\cruise\data\sbe058.hex
* Software Version Seasave V 7.26.7.121
* Temperature SN = 7142
* Conductivity SN = 7142
* System UpLoad Time = Nov 09 2024 17:02:12
* NMEA Latitude = 38 55.97 N
* NMEA Longitude = 073 47.28 W
* NMEA UTC (Time) = Nov 09 2024  17:02:06
** Ship: Pisces
** Cruise:  PC2406
** Program:  Fall ECOMON
# nquan = 7
# nvalues = 1211                                  
# units = specified
# name 0 = depSM: Depth [salt water, m]
# name 1 = tv290C: Temperature [ITS-90, deg C]
# name 2 = c0S/m: Conductivity [S/m]
# name 3 = sal00: Salinity, Practical [PSU]
# name 4 = scan: Scan Count
# name 5 = timeM: Time, Elapsed [minutes]
# name 6 = flag:  0.000e+00
# span 0 =      0.076,     37.260                 
# span 1 =    16.6066,    17.4108                 
# span 2 =   0.000075,   4.364825                 
# span 3 =     0.0085,    33.5546                 
# span 4 =         11,       1221                 
# span 5 =     0.0417,     5.0833                 
# span 6 = 0.0000e+00, 0.0000e+00                 
# interval = seconds: 0.25
# start_time = Nov 09 2024 17:02:06 [NMEA time, header]
# bad_flag = -9.990e-29
*END*
[from data line 821]
     18.198    16.9813   4.254698    32.9647        832     3.4625  0.000e+00
     18.185    16.9814   4.254815    32.9656        833     3.4667  0.000e+00
     18.176    16.9817   4.254868    32.9658        834     3.4708  0.000e+00
     18.178    16.9822   4.178218    32.3029        835     3.4750  0.000e+00
     18.173    16.9827   4.253631    32.9543        836     3.4792  0.000e+00
     18.162    16.9831   4.233237    32.7775        837     3.4833  0.000e+00
     18.148    16.9831   4.244354    32.8737        838     3.4875  0.000e+00
     18.126    16.9831   4.255123    32.9669        839     3.4917  0.000e+00
     18.104    16.9835   4.255306    32.9682        840     3.4958  0.000e+00
     18.065    16.9838   4.255142    32.9665        841     3.5000  0.000e+00
     18.027    16.9840   4.255110    32.9661        842     3.5042  0.000e+00
     17.968    16.9838   4.255397    32.9687        843     3.5083  0.000e+00
     17.909    16.9841   4.255476    32.9692        844     3.5125  0.000e+00
     17.842    16.9846   4.255325    32.9675        845     3.5167  0.000e+00
     17.761    16.9846   4.255188    32.9663        846     3.5208  0.000e+00
     17.672    16.9845   4.255162    32.9663        847     3.5250  0.000e+00
     17.566    16.9841   4.253768    32.9546        848     3.5292  0.000e+00
     17.454    16.9818   4.253069    32.9505        849     3.5333  0.000e+00
     17.345    16.9785   4.254763    32.9678        850     3.5375  0.000e+00
     17.228    16.9786   4.255188    32.9714        851     3.5417  0.000e+00
     17.117    16.9811   4.255142    32.9691        852     3.5458  0.000e+00
     17.011    16.9827   4.254939    32.9660        853     3.5500  0.000e+00
     16.907    16.9828   4.253009    32.9493        854     3.5542  0.000e+00
     16.810    16.9796   4.252826    32.9503        855     3.5583  0.000e+00
     16.723    16.9765   4.253186    32.9561        856     3.5625  0.000e+00
     16.646    16.9752   4.253023    32.9557        857     3.5667  0.000e+00
     16.585    16.9744   4.252859    32.9550        858     3.5708  0.000e+00
     16.533    16.9739   4.252414    32.9515        859     3.5750  0.000e+00
     16.495    16.9727   4.252041    32.9493        860     3.5792  0.000e+00
     16.468    16.9708   4.251564    32.9468        861     3.5833  0.000e+00
     16.456    16.9687   4.251381    32.9469        862     3.5875  0.000e+00
     16.452    16.9673   4.251466    32.9488        863     3.5917  0.000e+00
     16.447    16.9663   4.251715    32.9518        864     3.5958  0.000e+00
     16.440    16.9663   4.251832    32.9527        865     3.6000  0.000e+00
     16.443    16.9668   4.251865    32.9526        866     3.6042  0.000e+00
     16.432    16.9673   4.251904    32.9526        867     3.6083  0.000e+00
     16.413    16.9677   4.252015    32.9532        868     3.6125  0.000e+00
     16.373    16.9681   4.252218    32.9547        869     3.6167  0.000e+00
     16.321    16.9686   4.252349    32.9554        870     3.6208  0.000e+00
     16.246    16.9695   4.252362    32.9548        871     3.6250  0.000e+00
     16.156    16.9700   4.251917    32.9505        872     3.6292  0.000e+00
     16.052    16.9696   4.251198    32.9448        873     3.6333  0.000e+00
     15.942    16.9674   4.250616    32.9415        874     3.6375  0.000e+00
     15.820    16.9645   4.251485    32.9515        875     3.6417  0.000e+00
     15.694    16.9640   4.251054    32.9482        876     3.6458  0.000e+00
     15.578    16.9640   4.250799    32.9460        877     3.6500  0.000e+00
     15.463    16.9631   4.250759    32.9464        878     3.6542  0.000e+00
     15.355    16.9627   4.250772    32.9469        879     3.6583  0.000e+00
     15.269    16.9621   4.250929    32.9489        880     3.6625  0.000e+00
     15.192    16.9622   4.251125    32.9505        881     3.6667  0.000e+00
     15.131    16.9630   4.251466    32.9528        882     3.6708  0.000e+00
     15.071    16.9640   4.250798    32.9462        883     3.6750  0.000e+00
     15.023    16.9639   4.250975    32.9479        884     3.6792  0.000e+00
     14.971    16.9632   4.250923    32.9480        885     3.6833  0.000e+00
     14.931    16.9630   4.250419    32.9438        886     3.6875  0.000e+00
     14.879    16.9619   4.250288    32.9436        887     3.6917  0.000e+00
     14.827    16.9607   4.249739    32.9398        888     3.6958  0.000e+00
     14.766    16.9590   4.249373    32.9381        889     3.7000  0.000e+00
     14.712    16.9571   4.249445    32.9403        890     3.7042  0.000e+00
     14.653    16.9557   4.249576    32.9426        891     3.7083  0.000e+00
     14.588    16.9556   4.249909    32.9455        892     3.7125  0.000e+00
     14.525    16.9562   4.249831    32.9444        893     3.7167  0.000e+00
     14.470    16.9569   4.250033    32.9456        894     3.7208  0.000e+00
     14.407    16.9573   4.249935    32.9445        895     3.7250  0.000e+00
     14.351    16.9578   4.249863    32.9435        896     3.7292  0.000e+00
     14.295    16.9575   4.249909    32.9441        897     3.7333  0.000e+00
     14.233    16.9575   4.249955    32.9445        898     3.7375  0.000e+00
     14.175    16.9576   4.250439    32.9487        899     3.7417  0.000e+00
     14.107    16.9588   4.250543    32.9487        900     3.7458  0.000e+00
     14.033    16.9600   4.250393    32.9464        901     3.7500  0.000e+00
     13.954    16.9606   4.249863    32.9413        902     3.7542  0.000e+00
     13.879    16.9595   4.250412    32.9470        903     3.7583  0.000e+00
     13.791    16.9597   4.250589    32.9484        904     3.7625  0.000e+00
     13.706    16.9605   4.250491    32.9469        905     3.7667  0.000e+00
     13.609    16.9611   4.250562    32.9471        906     3.7708  0.000e+00
     13.514    16.9611   4.250340    32.9452        907     3.7750  0.000e+00
     13.425    16.9611   4.250713    32.9485        908     3.7792  0.000e+00
     13.326    16.9613   4.250634    32.9476        909     3.7833  0.000e+00
     13.225    16.9615   4.250340    32.9450        910     3.7875  0.000e+00
     13.126    16.9613   4.250347    32.9452        911     3.7917  0.000e+00
     13.035    16.9608   4.250490    32.9469        912     3.7958  0.000e+00
     12.949    16.9607   4.250464    32.9468        913     3.8000  0.000e+00
     12.866    16.9608   4.250516    32.9472        914     3.8042  0.000e+00
     12.787    16.9612   4.250686    32.9484        915     3.8083  0.000e+00
     12.724    16.9616   4.250719    32.9484        916     3.8125  0.000e+00
     12.665    16.9621   4.250418    32.9454        917     3.8167  0.000e+00
     12.613    16.9620   4.250438    32.9457        918     3.8208  0.000e+00
     12.564    16.9616   4.250444    32.9460        919     3.8250  0.000e+00
     12.525    16.9612   4.250516    32.9470        920     3.8292  0.000e+00
     12.480    16.9612   4.250588    32.9476        921     3.8333  0.000e+00
     12.437    16.9612   4.250490    32.9468        922     3.8375  0.000e+00
     12.390    16.9615   4.250758    32.9489        923     3.8417  0.000e+00
     12.336    16.9622   4.250974    32.9502        924     3.8458  0.000e+00
     12.282    16.9630   4.250830    32.9484        925     3.8500  0.000e+00
     12.228    16.9633   4.250895    32.9487        926     3.8542  0.000e+00
     12.171    16.9632   4.251124    32.9508        927     3.8583  0.000e+00
     12.101    16.9639   4.251026    32.9494        928     3.8625  0.000e+00
     12.024    16.9641   4.250784    32.9471        929     3.8667  0.000e+00
     11.950    16.9636   4.251072    32.9500        930     3.8708  0.000e+00
     11.862    16.9637   4.251144    32.9506        931     3.8750  0.000e+00
     11.780    16.9644   4.251530    32.9535        932     3.8792  0.000e+00
     11.690    16.9653   4.251438    32.9520        933     3.8833  0.000e+00
     11.596    16.9663   4.251176    32.9489        934     3.8875  0.000e+00
     11.499    16.9661   4.251072    32.9482        935     3.8917  0.000e+00
     11.390    16.9656   4.251098    32.9489        936     3.8958  0.000e+00
     11.289    16.9650   4.250856    32.9473        937     3.9000  0.000e+00
     11.198    16.9644   4.251150    32.9503        938     3.9042  0.000e+00
     11.101    16.9643   4.250830    32.9477        939     3.9083  0.000e+00
     11.011    16.9640   4.249345    32.9352        940     3.9125  0.000e+00
     10.923    16.9610   4.250149    32.9446        941     3.9167  0.000e+00
     10.840    16.9595   4.250202    32.9463        942     3.9208  0.000e+00
     10.770    16.9592   4.249450    32.9401        943     3.9250  0.000e+00
     10.702    16.9579   4.249737    32.9436        944     3.9292  0.000e+00
     10.632    16.9574   4.250006    32.9464        945     3.9333  0.000e+00
     10.571    16.9579   4.249934    32.9454        946     3.9375  0.000e+00
     10.514    16.9584   4.249731    32.9432        947     3.9417  0.000e+00
     10.458    16.9583   4.249934    32.9451        948     3.9458  0.000e+00
     10.397    16.9581   4.249933    32.9453        949     3.9500  0.000e+00
     10.341    16.9585   4.250293    32.9481        950     3.9542  0.000e+00
     10.280    16.9593   4.250208    32.9467        951     3.9583  0.000e+00
     10.223    16.9598   4.249371    32.9391        952     3.9625  0.000e+00
     10.158    16.9583   4.249776    32.9438        953     3.9667  0.000e+00
     10.097    16.9577   4.249881    32.9453        954     3.9708  0.000e+00
     10.048    16.9579   4.249803    32.9444        955     3.9750  0.000e+00
      9.998    16.9581   4.249861    32.9448        956     3.9792  0.000e+00
      9.948    16.9582   4.249776    32.9440        957     3.9833  0.000e+00
      9.905    16.9581   4.249783    32.9442        958     3.9875  0.000e+00
      9.853    16.9580   4.249750    32.9440        959     3.9917  0.000e+00
      9.795    16.9579   4.249737    32.9440        960     3.9958  0.000e+00
      9.747    16.9579   4.249881    32.9453        961     4.0000  0.000e+00
      9.689    16.9580   4.250443    32.9500        962     4.0042  0.000e+00
      9.616    16.9593   4.251097    32.9546        963     4.0083  0.000e+00
      9.538    16.9620   4.250541    32.9477        964     4.0125  0.000e+00
      9.450    16.9625   4.249247    32.9361        965     4.0167  0.000e+00
      9.341    16.9597   4.248959    32.9359        966     4.0208  0.000e+00
      9.228    16.9567   4.248841    32.9374        967     4.0250  0.000e+00
      9.115    16.9546   4.248913    32.9398        968     4.0292  0.000e+00
      9.012    16.9535   4.248815    32.9399        969     4.0333  0.000e+00
      8.908    16.9527   4.248789    32.9403        970     4.0375  0.000e+00
      8.824    16.9524   4.248841    32.9411        971     4.0417  0.000e+00
      8.761    16.9522   4.248834    32.9412        972     4.0458  0.000e+00
      8.705    16.9523   4.248815    32.9409        973     4.0500  0.000e+00
      8.666    16.9525   4.248861    32.9412        974     4.0542  0.000e+00
      8.626    16.9527   4.248867    32.9412        975     4.0583  0.000e+00
      8.590    16.9527   4.248815    32.9407        976     4.0625  0.000e+00
      8.544    16.9527   4.248789    32.9405        977     4.0667  0.000e+00
      8.483    16.9526   4.248789    32.9406        978     4.0708  0.000e+00
      8.411    16.9525   4.248789    32.9407        979     4.0750  0.000e+00
      8.326    16.9525   4.248815    32.9409        980     4.0792  0.000e+00
      8.245    16.9527   4.248887    32.9415        981     4.0833  0.000e+00
      8.161    16.9529   4.248932    32.9417        982     4.0875  0.000e+00
      8.082    16.9529   4.248886    32.9413        983     4.0917  0.000e+00
      8.014    16.9532   4.248867    32.9409        984     4.0958  0.000e+00
      7.958    16.9535   4.248860    32.9407        985     4.1000  0.000e+00
      7.912    16.9533   4.248867    32.9409        986     4.1042  0.000e+00
      7.870    16.9535   4.248913    32.9412        987     4.1083  0.000e+00
      7.831    16.9535   4.248965    32.9416        988     4.1125  0.000e+00
      7.795    16.9537   4.248932    32.9412        989     4.1167  0.000e+00
      7.761    16.9537   4.248912    32.9411        990     4.1208  0.000e+00
      7.716    16.9537   4.249082    32.9425        991     4.1250  0.000e+00
      7.664    16.9541   4.249220    32.9434        992     4.1292  0.000e+00
      7.612    16.9544   4.249200    32.9430        993     4.1333  0.000e+00
      7.554    16.9546   4.248991    32.9410        994     4.1375  0.000e+00
      7.491    16.9546   4.248834    32.9397        995     4.1417  0.000e+00
      7.418    16.9541   4.248814    32.9400        996     4.1458  0.000e+00
      7.340    16.9537   4.248834    32.9405        997     4.1500  0.000e+00
      7.267    16.9536   4.248938    32.9415        998     4.1542  0.000e+00
      7.191    16.9537   4.249056    32.9425        999     4.1583  0.000e+00
      7.129    16.9537   4.249069    32.9426       1000     4.1625  0.000e+00
      7.078    16.9540   4.249102    32.9427       1001     4.1667  0.000e+00
      7.044    16.9544   4.249043    32.9418       1002     4.1708  0.000e+00
      7.023    16.9543   4.249004    32.9416       1003     4.1750  0.000e+00
      7.008    16.9541   4.249089    32.9425       1004     4.1792  0.000e+00
      7.001    16.9540   4.249128    32.9429       1005     4.1833  0.000e+00
      6.994    16.9543   4.249193    32.9432       1006     4.1875  0.000e+00
      6.992    16.9546   4.249226    32.9432       1007     4.1917  0.000e+00
      6.987    16.9549   4.249069    32.9417       1008     4.1958  0.000e+00
      6.971    16.9549   4.249004    32.9411       1009     4.2000  0.000e+00
      6.942    16.9546   4.249017    32.9415       1010     4.2042  0.000e+00
      6.920    16.9542   4.248716    32.9392       1011     4.2083  0.000e+00
      6.892    16.9533   4.248683    32.9397       1012     4.2125  0.000e+00
      6.854    16.9520   4.248690    32.9408       1013     4.2167  0.000e+00
      6.802    16.9512   4.248762    32.9421       1014     4.2208  0.000e+00
      6.741    16.9513   4.248664    32.9412       1015     4.2250  0.000e+00
      6.651    16.9509   4.248533    32.9405       1016     4.2292  0.000e+00
      6.540    16.9496   4.248644    32.9425       1017     4.2333  0.000e+00
      6.419    16.9494   4.248657    32.9428       1018     4.2375  0.000e+00
      6.306    16.9496   4.248814    32.9440       1019     4.2417  0.000e+00
      6.216    16.9504   4.248912    32.9443       1020     4.2458  0.000e+00
      6.141    16.9516   4.248860    32.9429       1021     4.2500  0.000e+00
      6.100    16.9522   4.248964    32.9433       1022     4.2542  0.000e+00
      6.062    16.9530   4.248984    32.9428       1023     4.2583  0.000e+00
      6.055    16.9536   4.248990    32.9424       1024     4.2625  0.000e+00
      6.064    16.9541   4.249082    32.9427       1025     4.2667  0.000e+00
      6.083    16.9546   4.248990    32.9415       1026     4.2708  0.000e+00
      6.103    16.9547   4.249003    32.9416       1027     4.2750  0.000e+00
      6.130    16.9546   4.248990    32.9415       1028     4.2792  0.000e+00
      6.155    16.9545   4.248984    32.9416       1029     4.2833  0.000e+00
      6.186    16.9546   4.248958    32.9413       1030     4.2875  0.000e+00
      6.209    16.9544   4.248840    32.9404       1031     4.2917  0.000e+00
      6.236    16.9537   4.248788    32.9405       1032     4.2958  0.000e+00
      6.263    16.9531   4.248840    32.9415       1033     4.3000  0.000e+00
      6.263    16.9528   4.248814    32.9414       1034     4.3042  0.000e+00
      6.247    16.9523   4.248762    32.9414       1035     4.3083  0.000e+00
