PC2406/sbe038.cnv
* Sea-Bird SBE 19plus V2 Data File:
* FileName = C:\cruise\data\sbe038.hex
* Software Version Seasave V 7.26.7.121
* Temperature SN = 7142
* Conductivity SN = 7142
* System UpLoad Time = Nov 07 2024 18:35:35
* NMEA Latitude = 36 23.43 N
* NMEA Longitude = 075 18.70 W
* NMEA UTC (Time) = Nov 07 2024  18:35:27
** Ship: Pisces
** Cruise:  PC2406
** Program:  Fall ECOMON
# nquan = 7
# nvalues = 1295                                  
# units = specified
# name 0 = depSM: Depth [salt water, m]
# name 1 = tv290C: Temperature [ITS-90, deg C]
# name 2 = c0S/m: Conductivity [S/m]
# name 3 = sal00: Salinity, Practical [PSU]
# name 4 = scan: Scan Count
# name 5 = timeM: Time, Elapsed [minutes]
# name 6 = flag:  0.000e+00
# span 0 =      0.016,     26.153                 
# span 1 =    18.5477,    21.1584                 
# span 2 =  -0.001721,   4.503960                 
# span 3 =     0.0000,    33.3016                 
# span 4 =         11,       1305                 
# span 5 =     0.0417,     5.4333                 
# span 6 = 0.0000e+00, 0.0000e+00                 
# interval = seconds: 0.25
# start_time = Nov 07 2024 18:35:27 [NMEA time, header]
# bad_flag = -9.990e-29
*END*
      0.027    21.1530   0.000008     0.0106         11     0.0417  0.000e+00
      0.023    21.1539   0.000014     0.0105         12     0.0458  0.000e+00
      0.027    21.1553   0.000014     0.0105         13     0.0500  0.000e+00
      0.027    21.1572   0.000014     0.0105         14     0.0542  0.000e+00
      0.029    21.1584   0.000014     0.0105         15     0.0583  0.000e+00
      0.023    21.1575   0.000014     0.0105         16     0.0625  0.000e+00
      0.025    21.1564   0.000014     0.0105         17     0.0667  0.000e+00
      0.029    21.1548   0.000008     0.0106         18     0.0708  0.000e+00
      0.029    21.1533   0.000014     0.0105         19     0.0750  0.000e+00
      0.029    21.1522   0.000014     0.0105         20     0.0792  0.000e+00
      0.029    21.1513   0.000014     0.0105         21     0.0833  0.000e+00
      0.032    21.1499   0.000019     0.0105         22     0.0875  0.000e+00
      0.029    21.1483   0.000008     0.0106         23     0.0917  0.000e+00
      0.027    21.1470   0.000014     0.0105         24     0.0958  0.000e+00
      0.031    21.1467   0.000014     0.0105         25     0.1000  0.000e+00
      0.031    21.1473   0.000019     0.0105         26     0.1042  0.000e+00
      0.029    21.1485   0.000014     0.0105         27     0.1083  0.000e+00
      0.032    21.1494   0.000008     0.0106         28     0.1125  0.000e+00
      0.027    21.1498   0.000008     0.0106         29     0.1167  0.000e+00
      0.023    21.1502   0.000008     0.0106         30     0.1208  0.000e+00
      0.025    21.1513   0.000014     0.0105         31     0.1250  0.000e+00
      0.025    21.1520   0.000014     0.0105         32     0.1292  0.000e+00
      0.025    21.1509   0.000014     0.0105         33     0.1333  0.000e+00
      0.025    21.1505   0.000014     0.0105         34     0.1375  0.000e+00
      0.027    21.1514   0.000014     0.0105         35     0.1417  0.000e+00
      0.027    21.1525   0.000014     0.0105         36     0.1458  0.000e+00
      0.027    21.1532   0.000014     0.0105         37     0.1500  0.000e+00
      0.025    21.1537   0.000008     0.0106         38     0.1542  0.000e+00
      0.025    21.1548   0.000008     0.0106         39     0.1583  0.000e+00
      0.027    21.1550   0.000014     0.0105         40     0.1625  0.000e+00
      0.031    21.1548   0.000014     0.0105         41     0.1667  0.000e+00
      0.029    21.1538   0.000008     0.0106         42     0.1708  0.000e+00
      0.032    21.1530   0.000008     0.0106         43     0.1750  0.000e+00
      0.029    21.1513   0.000014     0.0105         44     0.1792  0.000e+00
      0.029    21.1486   0.000008     0.0106         45     0.1833  0.000e+00
      0.031    21.1466   0.000014     0.0105         46     0.1875  0.000e+00
      0.031    21.1460   0.000008     0.0106         47     0.1917  0.000e+00
      0.029    21.1455   0.000014     0.0105         48     0.1958  0.000e+00
      0.031    21.1460   0.000008     0.0106         49     0.2000  0.000e+00
      0.032    21.1462   0.000005     0.0106         50     0.2042  0.000e+00
      0.027    21.1459   0.000008     0.0106         51     0.2083  0.000e+00
      0.031    21.1458   0.000008     0.0106         52     0.2125  0.000e+00
      0.031    21.1454   0.000008     0.0106         53     0.2167  0.000e+00
      0.029    21.1452   0.000008     0.0106         54     0.2208  0.000e+00
      0.029    21.1448   0.000014     0.0105         55     0.2250  0.000e+00
      0.027    21.1433   0.000014     0.0105         56     0.2292  0.000e+00
      0.027    21.1416   0.000008     0.0106         57     0.2333  0.000e+00
      0.027    21.1408   0.000014     0.0105         58     0.2375  0.000e+00
      0.029    21.1405   0.000008     0.0106         59     0.2417  0.000e+00
      0.029    21.1407   0.000014     0.0105         60     0.2458  0.000e+00
      0.029    21.1411   0.000008     0.0106         61     0.2500  0.000e+00
      0.031    21.1418   0.000014     0.0105         62     0.2542  0.000e+00
      0.027    21.1420   0.000014     0.0105         63     0.2583  0.000e+00
      0.027    21.1430   0.000008     0.0106         64     0.2625  0.000e+00
      0.029    21.1443   0.000008     0.0106         65     0.2667  0.000e+00
      0.034    21.1456   0.000014     0.0105         66     0.2708  0.000e+00
      0.031    21.1465   0.000014     0.0105         67     0.2750  0.000e+00
      0.029    21.1472   0.000008     0.0106         68     0.2792  0.000e+00
      0.025    21.1476   0.000014     0.0105         69     0.2833  0.000e+00
      0.023    21.1476   0.000014     0.0105         70     0.2875  0.000e+00
      0.025    21.1474   0.000014     0.0105         71     0.2917  0.000e+00
      0.029    21.1464   0.000014     0.0105         72     0.2958  0.000e+00
      0.025    21.1452   0.000014     0.0105         73     0.3000  0.000e+00
      0.025    21.1448   0.000014     0.0105         74     0.3042  0.000e+00
      0.023    21.1449   0.000014     0.0105         75     0.3083  0.000e+00
      0.018    21.1420   0.000014     0.0105         76     0.3125  0.000e+00
      0.023    21.1379   0.000014     0.0105         77     0.3167  0.000e+00
      0.023    21.1318   0.000008     0.0106         78     0.3208  0.000e+00
      0.022    21.1234   0.000008     0.0106         79     0.3250  0.000e+00
      0.020    21.1173   0.000008     0.0106         80     0.3292  0.000e+00
      0.023    21.1120   0.000019     0.0105         81     0.3333  0.000e+00
      0.025    21.1047   0.000014     0.0105         82     0.3375  0.000e+00
      0.023    21.0959   0.000008     0.0106         83     0.3417  0.000e+00
      0.023    21.0874   0.000014     0.0105         84     0.3458  0.000e+00
      0.022    21.0780   0.000014     0.0105         85     0.3500  0.000e+00
      0.025    21.0722   0.000008     0.0106         86     0.3542  0.000e+00
      0.023    21.0695   0.000008     0.0106         87     0.3583  0.000e+00
      0.023    21.0668   0.000014     0.0105         88     0.3625  0.000e+00
      0.022    21.0654   0.000014     0.0105         89     0.3667  0.000e+00
      0.023    21.0662   0.000014     0.0105         90     0.3708  0.000e+00
      0.023    21.0674   0.000019     0.0105         91     0.3750  0.000e+00
      0.029    21.0690   0.000014     0.0105         92     0.3792  0.000e+00
      0.029    21.0711   0.000008     0.0106         93     0.3833  0.000e+00
      0.025    21.0733   0.000014     0.0105         94     0.3875  0.000e+00
      0.022    21.0749   0.000014     0.0105         95     0.3917  0.000e+00
      0.022    21.0759   0.000014     0.0105         96     0.3958  0.000e+00
      0.023    21.0768   0.000014     0.0105         97     0.4000  0.000e+00
      0.029    21.0779   0.000014     0.0105         98     0.4042  0.000e+00
      0.025    21.0796   0.000008     0.0106         99     0.4083  0.000e+00
      0.023    21.0811   0.000014     0.0105        100     0.4125  0.000e+00
      0.025    21.0811   0.000014     0.0105        101     0.4167  0.000e+00
      0.025    21.0817   0.000014     0.0105        102     0.4208  0.000e+00
      0.023    21.0826   0.000008     0.0106        103     0.4250  0.000e+00
      0.025    21.0837   0.000014     0.0105        104     0.4292  0.000e+00
      0.023    21.0856   0.000014     0.0105        105     0.4333  0.000e+00
      0.034    21.0899   0.000014     0.0105        106     0.4375  0.000e+00
      0.088    21.0952   0.000002     0.0106        107     0.4417  0.000e+00
      0.075    21.0337   0.000008     0.0105        108     0.4458  0.000e+00
      0.034    20.6266  -0.001721     0.0000        109     0.4500  0.000e+00
      0.029    20.2327   1.297605     8.2981        110     0.4542  0.000e+00
      0.027    20.0369   0.470603     2.8083        111     0.4583  0.000e+00
      0.022    19.9731   0.372383     2.1930        112     0.4625  0.000e+00
      0.025    19.9574   0.326525     1.9086        113     0.4667  0.000e+00
      0.016    19.9588   0.286146     1.6597        114     0.4708  0.000e+00
      0.023    19.9706   0.261797     1.5105        115     0.4750  0.000e+00
      0.029    19.9853   0.234396     1.3438        116     0.4792  0.000e+00
      0.031    19.9988   0.201079     1.1431        117     0.4833  0.000e+00
      0.025    20.0104   0.182479     1.0320        118     0.4875  0.000e+00
      0.018    20.0227   0.170960     0.9634        119     0.4917  0.000e+00
      0.023    20.0407   0.155474     0.8718        120     0.4958  0.000e+00
      0.027    20.0592   0.138635     0.7729        121     0.5000  0.000e+00
      0.022    20.0742   0.122237     0.6774        122     0.5042  0.000e+00
      0.020    20.0872   0.108533     0.5982        123     0.5083  0.000e+00
      0.020    20.1019   0.100133     0.5499        124     0.5125  0.000e+00
      0.061    20.1297   3.111258    21.5917        125     0.5167  0.000e+00
      0.137    20.1166   4.199454    30.1143        126     0.5208  0.000e+00
      0.253    19.9890   4.223890    30.4016        127     0.5250  0.000e+00
      0.323    19.8952   4.181879    30.1316        128     0.5292  0.000e+00
      0.363    19.8308   4.243843    30.6768        129     0.5333  0.000e+00
      0.440    19.7863   4.338634    31.4758        130     0.5375  0.000e+00
      0.539    19.7604   4.372541    31.7703        131     0.5417  0.000e+00
      0.614    19.7733   4.300913    31.1800        132     0.5458  0.000e+00
      0.674    19.8056   4.304672    31.1865        133     0.5500  0.000e+00
      0.690    19.8278   4.378457    31.7672        134     0.5542  0.000e+00
      0.690    19.8404   4.448159    32.3232        135     0.5583  0.000e+00
      0.701    19.8218   4.418759    32.0987        136     0.5625  0.000e+00
      0.742    19.7766   4.279311    31.0028        137     0.5667  0.000e+00
      0.806    19.7257   4.456601    32.4804        138     0.5708  0.000e+00
      0.868    19.6708   4.494792    32.8348        139     0.5750  0.000e+00
      0.916    19.6784   4.494711    32.8282        140     0.5792  0.000e+00
      0.977    19.7391   4.496169    32.7926        141     0.5833  0.000e+00
      1.063    19.7862   4.492735    32.7278        142     0.5875  0.000e+00
      1.157    19.8415   2.841221    19.6710        143     0.5917  0.000e+00
      1.232    19.8921   2.758913    19.0228        144     0.5958  0.000e+00
      1.299    19.9430   3.818539    27.2024        145     0.6000  0.000e+00
      1.378    20.0247   4.496139    32.5701        146     0.6042  0.000e+00
      1.460    20.0927   4.495227    32.5102        147     0.6083  0.000e+00
      1.545    20.1155   4.494578    32.4873        148     0.6125  0.000e+00
      1.625    20.1117   4.494966    32.4934        149     0.6167  0.000e+00
      1.690    20.1011   4.494839    32.5004        150     0.6208  0.000e+00
      1.764    20.0892   4.494659    32.5081        151     0.6250  0.000e+00
      1.846    20.0781   4.495047    32.5198        152     0.6292  0.000e+00
      1.934    20.0701   4.495777    32.5319        153     0.6333  0.000e+00
      2.035    20.0649   4.496480    32.5415        154     0.6375  0.000e+00
      2.145    20.0625   4.498381    32.5587        155     0.6417  0.000e+00
      2.258    20.0620   4.502942    32.5960        156     0.6458  0.000e+00
      2.380    20.0668   4.503880    32.5999        157     0.6500  0.000e+00
      2.504    20.0743   4.503960    32.5947        158     0.6542  0.000e+00
      2.617    20.0801   4.502580    32.5790        159     0.6583  0.000e+00
      2.716    20.0511   4.497598    32.5611        160     0.6625  0.000e+00
      2.804    19.9327   4.477962    32.4933        161     0.6667  0.000e+00
      2.863    19.7965   4.458815    32.4430        162     0.6708  0.000e+00
      2.917    19.6773   4.448729    32.4530        163     0.6750  0.000e+00
      2.956    19.5802   4.442568    32.4780        164     0.6792  0.000e+00
      2.998    19.4997   4.439439    32.5149        165     0.6833  0.000e+00
      3.044    19.4376   4.437902    32.5507        166     0.6875  0.000e+00
      3.098    19.3921   4.436671    32.5761        167     0.6917  0.000e+00
      3.145    19.3568   4.433297    32.5759        168     0.6958  0.000e+00
      3.199    19.3307   4.430862    32.5762        169     0.7000  0.000e+00
      3.253    19.3128   4.430583    32.5880        170     0.7042  0.000e+00
      3.317    19.2962   4.429332    32.5906        171     0.7083  0.000e+00
      3.384    19.2804   4.427723    32.5897        172     0.7125  0.000e+00
      3.456    19.2670   4.426473    32.5899        173     0.7167  0.000e+00
      3.531    19.2545   4.424731    32.5853        174     0.7208  0.000e+00
      3.607    19.2422   4.422763    32.5787        175     0.7250  0.000e+00
      3.686    19.2309   4.421467    32.5768        176     0.7292  0.000e+00
      3.766    19.2228   4.421547    32.5838        177     0.7333  0.000e+00
      3.844    19.2166   4.422797    32.5989        178     0.7375  0.000e+00
      3.930    19.2123   4.424532    32.6165        179     0.7417  0.000e+00
      4.016    19.2114   4.429640    32.6594        180     0.7458  0.000e+00
      4.106    19.2158   4.441494    32.7536        181     0.7500  0.000e+00
      4.194    19.2227   4.451229    32.8285        182     0.7542  0.000e+00
      4.295    19.2227   4.456610    32.8728        183     0.7583  0.000e+00
      4.384    19.2188   4.457997    32.8873        184     0.7625  0.000e+00
      4.481    19.2151   4.458878    32.8974        185     0.7667  0.000e+00
      4.568    19.2131   4.460292    32.9107        186     0.7708  0.000e+00
      4.654    19.2127   4.462047    32.9254        187     0.7750  0.000e+00
      4.742    19.2187   4.463468    32.9324        188     0.7792  0.000e+00
      4.830    19.2299   4.463982    32.9278        189     0.7833  0.000e+00
      4.911    19.2411   4.462794    32.9091        190     0.7875  0.000e+00
      4.986    19.2482   4.459751    32.8783        191     0.7917  0.000e+00
      5.056    19.2505   4.453135    32.8219        192     0.7958  0.000e+00
      5.115    19.2478   4.448376    32.7848        193     0.8000  0.000e+00
      5.178    19.2418   4.445678    32.7673        194     0.8042  0.000e+00
      5.236    19.2342   4.442980    32.7510        195     0.8083  0.000e+00
      5.290    19.2246   4.440829    32.7408        196     0.8125  0.000e+00
      5.335    19.2124   4.441262    32.7539        197     0.8167  0.000e+00
      5.383    19.2036   4.444932    32.7911        198     0.8208  0.000e+00
      5.424    19.2025   4.451796    32.8487        199     0.8250  0.000e+00
      5.466    19.2078   4.458798    32.9022        200     0.8292  0.000e+00
      5.498    19.2133   4.463569    32.9372        201     0.8333  0.000e+00
      5.537    19.2132   4.467620    32.9707        202     0.8375  0.000e+00
      5.579    19.2143   4.474786    33.0290        203     0.8417  0.000e+00
      5.622    19.2626   4.479784    33.0319        204     0.8458  0.000e+00
      5.674    19.3613   4.482924    32.9796        205     0.8500  0.000e+00
      5.733    19.4842   4.482301    32.8775        206     0.8542  0.000e+00
      5.800    19.6091   4.480661    32.7659        207     0.8583  0.000e+00
      5.870    19.7157   4.480299    32.6797        208     0.8625  0.000e+00
      5.943    19.7817   4.480839    32.6327        209     0.8667  0.000e+00
      6.028    19.8151   4.481046    32.6084        210     0.8708  0.000e+00
      6.114    19.8366   4.480865    32.5902        211     0.8750  0.000e+00
      6.202    19.8532   4.480063    32.5708        212     0.8792  0.000e+00
      6.297    19.8674   4.478479    32.5469        213     0.8833  0.000e+00
      6.389    19.8777   4.475298    32.5130        214     0.8875  0.000e+00
      6.489    19.8840   4.472860    32.4883        215     0.8917  0.000e+00
