PC2406/sbe080.cnv
* Sea-Bird SBE 19plus V2 Data File:
* FileName = C:\cruise\data\sbe080.hex
* Software Version Seasave V 7.26.7.121
* Temperature SN = 7142
* Conductivity SN = 7142
* System UpLoad Time = Nov 12 2024 17:42:10
* NMEA Latitude = 40 49.91 N
* NMEA Longitude = 070 18.09 W
* NMEA UTC (Time) = Nov 12 2024  17:42:06
** Ship: Pisces
** Cruise:  PC2406
** Program:  Fall ECOMON
# nquan = 7
# nvalues = 1291                                  
# units = specified
# name 0 = depSM: Depth [salt water, m]
# name 1 = tv290C: Temperature [ITS-90, deg C]
# name 2 = c0S/m: Conductivity [S/m]
# name 3 = sal00: Salinity, Practical [PSU]
# name 4 = scan: Scan Count
# name 5 = timeM: Time, Elapsed [minutes]
# name 6 = flag:  0.000e+00
# span 0 =     -0.068,     40.279                 
# span 1 =    11.0329,    14.8932                 
# span 2 =   0.001039,   3.968123                 
# span 3 =     0.0103,    32.5133                 
# span 4 =         11,       1301                 
# span 5 =     0.0417,     5.4167                 
# span 6 = 0.0000e+00, 0.0000e+00                 
# interval = seconds: 0.25
# start_time = Nov 12 2024 17:42:06 [NMEA time, header]
# bad_flag = -9.990e-29
*END*
[from data line 206]
     20.496    14.8772   3.964913    32.1304        217     0.9000  0.000e+00
     20.627    14.8775   3.964868    32.1297        218     0.9042  0.000e+00
     20.727    14.8773   3.964818    32.1294        219     0.9083  0.000e+00
     20.821    14.8768   3.964843    32.1300        220     0.9125  0.000e+00
     20.896    14.8769   3.964913    32.1305        221     0.9167  0.000e+00
     20.977    14.8769   3.964869    32.1300        222     0.9208  0.000e+00
     21.067    14.8772   3.964888    32.1300        223     0.9250  0.000e+00
     21.171    14.8776   3.964913    32.1298        224     0.9292  0.000e+00
     21.286    14.8778   3.965008    32.1304        225     0.9333  0.000e+00
     21.408    14.8782   3.965053    32.1305        226     0.9375  0.000e+00
     21.543    14.8783   3.965123    32.1310        227     0.9417  0.000e+00
     21.679    14.8788   3.965028    32.1297        228     0.9458  0.000e+00
     21.825    14.8785   3.965009    32.1297        229     0.9500  0.000e+00
     21.981    14.8780   3.965034    32.1303        230     0.9542  0.000e+00
     22.141    14.8778   3.965098    32.1310        231     0.9583  0.000e+00
     22.300    14.8779   3.965168    32.1314        232     0.9625  0.000e+00
     22.466    14.8781   3.965263    32.1321        233     0.9667  0.000e+00
     22.625    14.8786   3.965263    32.1316        234     0.9708  0.000e+00
     22.780    14.8792   3.965289    32.1312        235     0.9750  0.000e+00
     22.932    14.8795   3.965301    32.1311        236     0.9792  0.000e+00
     23.082    14.8798   3.965263    32.1304        237     0.9833  0.000e+00
     23.216    14.8795   3.965054    32.1287        238     0.9875  0.000e+00
     23.333    14.8792   3.965054    32.1289        239     0.9917  0.000e+00
     23.444    14.8786   3.964984    32.1287        240     0.9958  0.000e+00
     23.550    14.8782   3.964958    32.1288        241     1.0000  0.000e+00
     23.656    14.8780   3.965009    32.1294        242     1.0042  0.000e+00
     23.751    14.8780   3.965009    32.1294        243     1.0083  0.000e+00
     23.855    14.8783   3.965054    32.1295        244     1.0125  0.000e+00
     23.952    14.8782   3.965079    32.1298        245     1.0167  0.000e+00
     24.055    14.8782   3.965098    32.1299        246     1.0208  0.000e+00
     24.173    14.8782   3.965098    32.1298        247     1.0250  0.000e+00
     24.303    14.8783   3.965111    32.1298        248     1.0292  0.000e+00
     24.450    14.8783   3.965168    32.1303        249     1.0333  0.000e+00
     24.602    14.8784   3.965149    32.1300        250     1.0375  0.000e+00
     24.764    14.8783   3.965264    32.1310        251     1.0417  0.000e+00
     24.929    14.8783   3.965289    32.1312        252     1.0458  0.000e+00
     25.103    14.8788   3.965309    32.1309        253     1.0500  0.000e+00
     25.287    14.8790   3.965309    32.1307        254     1.0542  0.000e+00
     25.475    14.8792   3.965302    32.1304        255     1.0583  0.000e+00
     25.660    14.8790   3.965239    32.1299        256     1.0625  0.000e+00
     25.843    14.8792   3.965264    32.1299        257     1.0667  0.000e+00
     26.012    14.8790   3.965290    32.1302        258     1.0708  0.000e+00
     26.177    14.8788   3.965264    32.1301        259     1.0750  0.000e+00
     26.319    14.8788   3.965239    32.1298        260     1.0792  0.000e+00
     26.441    14.8785   3.965303    32.1306        261     1.0833  0.000e+00
     26.522    14.8788   3.965239    32.1297        262     1.0875  0.000e+00
     26.579    14.8785   3.965239    32.1300        263     1.0917  0.000e+00
     26.626    14.8785   3.965239    32.1300        264     1.0958  0.000e+00
     26.680    14.8783   3.965265    32.1303        265     1.1000  0.000e+00
     26.734    14.8785   3.965290    32.1304        266     1.1042  0.000e+00
     26.799    14.8785   3.965303    32.1304        267     1.1083  0.000e+00
     26.870    14.8789   3.965360    32.1306        268     1.1125  0.000e+00
     26.942    14.8792   3.965335    32.1301        269     1.1167  0.000e+00
     27.019    14.8794   3.965360    32.1301        270     1.1208  0.000e+00
     27.104    14.8796   3.965500    32.1312        271     1.1250  0.000e+00
     27.195    14.8799   3.965500    32.1309        272     1.1292  0.000e+00
     27.291    14.8806   3.965500    32.1303        273     1.1333  0.000e+00
     27.398    14.8806   3.965475    32.1300        274     1.1375  0.000e+00
     27.519    14.8807   3.965449    32.1297        275     1.1417  0.000e+00
     27.652    14.8805   3.965430    32.1296        276     1.1458  0.000e+00
     27.790    14.8805   3.965430    32.1296        277     1.1500  0.000e+00
     27.937    14.8802   3.965449    32.1300        278     1.1542  0.000e+00
     28.097    14.8802   3.965430    32.1297        279     1.1583  0.000e+00
     28.260    14.8799   3.965450    32.1300        280     1.1625  0.000e+00
     28.436    14.8796   3.965450    32.1302        281     1.1667  0.000e+00
     28.619    14.8796   3.965431    32.1300        282     1.1708  0.000e+00
     28.806    14.8794   3.965450    32.1303        283     1.1750  0.000e+00
     29.000    14.8795   3.965475    32.1303        284     1.1792  0.000e+00
     29.196    14.8794   3.965475    32.1304        285     1.1833  0.000e+00
     29.390    14.8795   3.965526    32.1306        286     1.1875  0.000e+00
     29.577    14.8795   3.965590    32.1312        287     1.1917  0.000e+00
     29.753    14.8798   3.965520    32.1302        288     1.1958  0.000e+00
     29.916    14.8797   3.965501    32.1301        289     1.2000  0.000e+00
     30.069    14.8796   3.965571    32.1307        290     1.2042  0.000e+00
     30.187    14.8798   3.965685    32.1315        291     1.2083  0.000e+00
     30.279    14.8803   3.965673    32.1310        292     1.2125  0.000e+00
     30.329    14.8808   3.965590    32.1298        293     1.2167  0.000e+00
     30.365    14.8807   3.965546    32.1295        294     1.2208  0.000e+00
     30.390    14.8803   3.965571    32.1300        295     1.2250  0.000e+00
     30.419    14.8798   3.965616    32.1308        296     1.2292  0.000e+00
     30.449    14.8802   3.965686    32.1311        297     1.2333  0.000e+00
     30.492    14.8802   3.965870    32.1328        298     1.2375  0.000e+00
     30.553    14.8808   3.966105    32.1343        299     1.2417  0.000e+00
     30.636    14.8818   3.966296    32.1353        300     1.2458  0.000e+00
     30.738    14.8830   3.966340    32.1346        301     1.2500  0.000e+00
     30.855    14.8836   3.966366    32.1343        302     1.2542  0.000e+00
     30.992    14.8843   3.966315    32.1332        303     1.2583  0.000e+00
     31.141    14.8845   3.966245    32.1323        304     1.2625  0.000e+00
     31.304    14.8840   3.966258    32.1328        305     1.2667  0.000e+00
     31.485    14.8839   3.966271    32.1329        306     1.2708  0.000e+00
     31.672    14.8837   3.966226    32.1326        307     1.2750  0.000e+00
     31.870    14.8837   3.966245    32.1327        308     1.2792  0.000e+00
     32.062    14.8834   3.966296    32.1334        309     1.2833  0.000e+00
     32.249    14.8835   3.966226    32.1326        310     1.2875  0.000e+00
     32.437    14.8832   3.966239    32.1329        311     1.2917  0.000e+00
     32.618    14.8833   3.966315    32.1334        312     1.2958  0.000e+00
     32.785    14.8835   3.966316    32.1332        313     1.3000  0.000e+00
     32.938    14.8838   3.966366    32.1333        314     1.3042  0.000e+00
     33.069    14.8840   3.966411    32.1335        315     1.3083  0.000e+00
     33.195    14.8842   3.966621    32.1352        316     1.3125  0.000e+00
     33.313    14.8848   3.966703    32.1354        317     1.3167  0.000e+00
     33.437    14.8857   3.966621    32.1339        318     1.3208  0.000e+00
     33.552    14.8858   3.966621    32.1337        319     1.3250  0.000e+00
     33.658    14.8858   3.966576    32.1333        320     1.3292  0.000e+00
     33.755    14.8858   3.966526    32.1328        321     1.3333  0.000e+00
     33.850    14.8855   3.966507    32.1329        322     1.3375  0.000e+00
     33.954    14.8853   3.966437    32.1324        323     1.3417  0.000e+00
     34.069    14.8848   3.966386    32.1322        324     1.3458  0.000e+00
     34.181    14.8845   3.966367    32.1323        325     1.3500  0.000e+00
     34.297    14.8842   3.966411    32.1329        326     1.3542  0.000e+00
     34.429    14.8844   3.966342    32.1321        327     1.3583  0.000e+00
     34.556    14.8843   3.966367    32.1323        328     1.3625  0.000e+00
     34.693    14.8844   3.966367    32.1322        329     1.3667  0.000e+00
     34.836    14.8843   3.966412    32.1326        330     1.3708  0.000e+00
     34.978    14.8843   3.966412    32.1326        331     1.3750  0.000e+00
     35.136    14.8842   3.966367    32.1322        332     1.3792  0.000e+00
     35.287    14.8841   3.966437    32.1329        333     1.3833  0.000e+00
     35.443    14.8839   3.966412    32.1327        334     1.3875  0.000e+00
     35.599    14.8839   3.966482    32.1333        335     1.3917  0.000e+00
     35.745    14.8842   3.966507    32.1332        336     1.3958  0.000e+00
     35.876    14.8845   3.966507    32.1329        337     1.4000  0.000e+00
     35.995    14.8845   3.966526    32.1330        338     1.4042  0.000e+00
     36.101    14.8845   3.966527    32.1330        339     1.4083  0.000e+00
     36.199    14.8845   3.966527    32.1330        340     1.4125  0.000e+00
     36.303    14.8845   3.966552    32.1331        341     1.4167  0.000e+00
     36.417    14.8848   3.966597    32.1332        342     1.4208  0.000e+00
     36.537    14.8849   3.966603    32.1332        343     1.4250  0.000e+00
     36.663    14.8851   3.966597    32.1330        344     1.4292  0.000e+00
     36.795    14.8849   3.966648    32.1335        345     1.4333  0.000e+00
     36.930    14.8851   3.966667    32.1335        346     1.4375  0.000e+00
     37.059    14.8855   3.966832    32.1346        347     1.4417  0.000e+00
     37.201    14.8860   3.966953    32.1352        348     1.4458  0.000e+00
     37.336    14.8864   3.966997    32.1352        349     1.4500  0.000e+00
     37.474    14.8868   3.966997    32.1348        350     1.4542  0.000e+00
     37.611    14.8872   3.967182    32.1361        351     1.4583  0.000e+00
     37.751    14.8875   3.967322    32.1371        352     1.4625  0.000e+00
     37.884    14.8883   3.967347    32.1366        353     1.4667  0.000e+00
     38.011    14.8887   3.967347    32.1362        354     1.4708  0.000e+00
     38.137    14.8890   3.967341    32.1359        355     1.4750  0.000e+00
     38.261    14.8889   3.967392    32.1364        356     1.4792  0.000e+00
     38.379    14.8894   3.967392    32.1359        357     1.4833  0.000e+00
     38.487    14.8894   3.967532    32.1372        358     1.4875  0.000e+00
     38.588    14.8899   3.967582    32.1371        359     1.4917  0.000e+00
     38.690    14.8901   3.967627    32.1374        360     1.4958  0.000e+00
     38.789    14.8906   3.967678    32.1373        361     1.5000  0.000e+00
     38.893    14.8908   3.967754    32.1379        362     1.5042  0.000e+00
     39.003    14.8911   3.967767    32.1377        363     1.5083  0.000e+00
     39.116    14.8911   3.967462    32.1348        364     1.5125  0.000e+00
     39.243    14.8908   3.967322    32.1338        365     1.5167  0.000e+00
     39.372    14.8901   3.967487    32.1359        366     1.5208  0.000e+00
     39.505    14.8898   3.967627    32.1373        367     1.5250  0.000e+00
     39.640    14.8899   3.967780    32.1385        368     1.5292  0.000e+00
     39.780    14.8904   3.967748    32.1378        369     1.5333  0.000e+00
     39.920    14.8908   3.967748    32.1374        370     1.5375  0.000e+00
     40.064    14.8908   3.967863    32.1383        371     1.5417  0.000e+00
     40.204    14.8912   3.967907    32.1384        372     1.5458  0.000e+00
     40.263    14.8916   3.967907    32.1380        373     1.5500  0.000e+00
     40.279    14.8919   3.967907    32.1378        374     1.5542  0.000e+00
     40.211    14.8918   3.968003    32.1388        375     1.5583  0.000e+00
     40.111    14.8924   3.968003    32.1383        376     1.5625  0.000e+00
     40.033    14.8924   3.968047    32.1387        377     1.5667  0.000e+00
     39.972    14.8928   3.968047    32.1384        378     1.5708  0.000e+00
     39.918    14.8930   3.968028    32.1381        379     1.5750  0.000e+00
     39.861    14.8932   3.968002    32.1377        380     1.5792  0.000e+00
     39.798    14.8931   3.967952    32.1374        381     1.5833  0.000e+00
     39.753    14.8931   3.967907    32.1370        382     1.5875  0.000e+00
     39.723    14.8924   3.967818    32.1367        383     1.5917  0.000e+00
     39.710    14.8926   3.967977    32.1381        384     1.5958  0.000e+00
     39.706    14.8925   3.967907    32.1375        385     1.6000  0.000e+00
     39.712    14.8928   3.967818    32.1365        386     1.6042  0.000e+00
     39.724    14.8921   3.967697    32.1359        387     1.6083  0.000e+00
     39.750    14.8918   3.967754    32.1367        388     1.6125  0.000e+00
     39.782    14.8915   3.967697    32.1364        389     1.6167  0.000e+00
     39.809    14.8914   3.967608    32.1357        390     1.6208  0.000e+00
     39.832    14.8912   3.967583    32.1356        391     1.6250  0.000e+00
     39.850    14.8908   3.967322    32.1335        392     1.6292  0.000e+00
     39.852    14.8901   3.967138    32.1325        393     1.6333  0.000e+00
     39.832    14.8894   3.966903    32.1310        394     1.6375  0.000e+00
     39.769    14.8881   3.966763    32.1308        395     1.6417  0.000e+00
     39.681    14.8871   3.967208    32.1356        396     1.6458  0.000e+00
     39.588    14.8875   3.967723    32.1400        397     1.6500  0.000e+00
     39.493    14.8890   3.967748    32.1390        398     1.6542  0.000e+00
     39.385    14.8902   3.967907    32.1395        399     1.6583  0.000e+00
     39.272    14.8913   3.968002    32.1395        400     1.6625  0.000e+00
     39.166    14.8921   3.968123    32.1400        401     1.6667  0.000e+00
     39.065    14.8928   3.967977    32.1381        402     1.6708  0.000e+00
     38.968    14.8932   3.967977    32.1378        403     1.6750  0.000e+00
     38.873    14.8929   3.967678    32.1354        404     1.6792  0.000e+00
     38.780    14.8925   3.967163    32.1311        405     1.6833  0.000e+00
     38.685    14.8909   3.966788    32.1291        406     1.6875  0.000e+00
     38.589    14.8890   3.966457    32.1277        407     1.6917  0.000e+00
     38.491    14.8870   3.966299    32.1280        408     1.6958  0.000e+00
     38.390    14.8857   3.966229    32.1285        409     1.7000  0.000e+00
     38.295    14.8845   3.966178    32.1291        410     1.7042  0.000e+00
     38.209    14.8840   3.966133    32.1291        411     1.7083  0.000e+00
     38.124    14.8835   3.966133    32.1295        412     1.7125  0.000e+00
     38.056    14.8834   3.966114    32.1295        413     1.7167  0.000e+00
     37.995    14.8831   3.966089    32.1294        414     1.7208  0.000e+00
     37.950    14.8831   3.966063    32.1292        415     1.7250  0.000e+00
     37.912    14.8829   3.966089    32.1297        416     1.7292  0.000e+00
     37.887    14.8830   3.966063    32.1294        417     1.7333  0.000e+00
     37.866    14.8826   3.966038    32.1295        418     1.7375  0.000e+00
     37.859    14.8829   3.966133    32.1301        419     1.7417  0.000e+00
     37.851    14.8825   3.966165    32.1307        420     1.7458  0.000e+00
