PC2406/sbe009.cnv
* Sea-Bird SBE 19plus V2 Data File:
* FileName = C:\cruise\data\sbe009.hex
* Software Version Seasave V 7.26.7.121
* Temperature SN = 7142
* Conductivity SN = 7142
* System UpLoad Time = Oct 28 2024 02:09:16
* NMEA Latitude = 40 46.40 N
* NMEA Longitude = 070 42.13 W
* NMEA UTC (Time) = Oct 28 2024  02:09:14
** Ship: Pisces
** Cruise:  PC2406
** Program:  Fall ECOMON
# nquan = 7
# nvalues = 1324                                  
# units = specified
# name 0 = depSM: Depth [salt water, m]
# name 1 = tv290C: Temperature [ITS-90, deg C]
# name 2 = c0S/m: Conductivity [S/m]
# name 3 = sal00: Salinity, Practical [PSU]
# name 4 = scan: Scan Count
# name 5 = timeM: Time, Elapsed [minutes]
# name 6 = flag:  0.000e+00
# span 0 =      0.099,     55.244                 
# span 1 =    10.6764,    18.1486                 
# span 2 = -3.789e-07,   4.494548                 
# span 3 =     0.0000,    34.0507                 
# span 4 =         11,       1334                 
# span 5 =     0.0417,     5.5542                 
# span 6 = 0.0000e+00, 0.0000e+00                 
# interval = seconds: 0.25
# start_time = Oct 28 2024 02:09:14 [NMEA time, header]
# bad_flag = -9.990e-29
*END*
[from data line 616]
     42.083    17.2522   4.315472    33.2582        627     2.6083  0.000e+00
     42.065    17.2513   4.315110    33.2558        628     2.6125  0.000e+00
     42.047    17.2501   4.314853    33.2547        629     2.6167  0.000e+00
     42.031    17.2486   4.314630    33.2540        630     2.6208  0.000e+00
     42.009    17.2472   4.314465    33.2537        631     2.6250  0.000e+00
     41.984    17.2458   4.314505    33.2552        632     2.6292  0.000e+00
     41.955    17.2447   4.314557    33.2566        633     2.6333  0.000e+00
     41.926    17.2443   4.314650    33.2577        634     2.6375  0.000e+00
     41.891    17.2444   4.314728    33.2583        635     2.6417  0.000e+00
     41.847    17.2448   4.314492    33.2559        636     2.6458  0.000e+00
     41.813    17.2445   4.314057    33.2525        637     2.6500  0.000e+00
     41.774    17.2430   4.313761    33.2512        638     2.6542  0.000e+00
     41.731    17.2409   4.313636    33.2518        639     2.6583  0.000e+00
     41.693    17.2393   4.313663    33.2534        640     2.6625  0.000e+00
     41.662    17.2382   4.313985    33.2571        641     2.6667  0.000e+00
     41.637    17.2383   4.314209    33.2590        642     2.6708  0.000e+00
     41.618    17.2395   4.313985    33.2560        643     2.6750  0.000e+00
     41.600    17.2395   4.313590    33.2526        644     2.6792  0.000e+00
     41.583    17.2383   4.313301    33.2512        645     2.6833  0.000e+00
     41.571    17.2364   4.313241    33.2522        646     2.6875  0.000e+00
     41.556    17.2349   4.313367    33.2546        647     2.6917  0.000e+00
     41.535    17.2345   4.313511    33.2561        648     2.6958  0.000e+00
     41.503    17.2347   4.313439    33.2553        649     2.7000  0.000e+00
     41.468    17.2354   4.312649    33.2479        650     2.7042  0.000e+00
     41.425    17.2339   4.310538    33.2311        651     2.7083  0.000e+00
     41.371    17.2280   4.308473    33.2181        652     2.7125  0.000e+00
     41.318    17.2182   4.306073    33.2055        653     2.7167  0.000e+00
     41.264    17.2059   4.302583    33.1855        654     2.7208  0.000e+00
     41.201    17.1886   4.298877    33.1678        655     2.7250  0.000e+00
     41.147    17.1671   4.295448    33.1559        656     2.7292  0.000e+00
     41.097    17.1440   4.291594    33.1416        657     2.7333  0.000e+00
     41.050    17.1200   4.288765    33.1370        658     2.7375  0.000e+00
     41.007    17.0984   4.286403    33.1343        659     2.7417  0.000e+00
     40.975    17.0810   4.283877    33.1268        660     2.7458  0.000e+00
     40.949    17.0664   4.281870    33.1215        661     2.7500  0.000e+00
     40.922    17.0541   4.280841    33.1227        662     2.7542  0.000e+00
     40.899    17.0451   4.280375    33.1261        663     2.7583  0.000e+00
     40.879    17.0398   4.280073    33.1278        664     2.7625  0.000e+00
     40.852    17.0366   4.279857    33.1286        665     2.7667  0.000e+00
     40.827    17.0351   4.279792    33.1292        666     2.7708  0.000e+00
     40.793    17.0347   4.279733    33.1291        667     2.7750  0.000e+00
     40.755    17.0346   4.279759    33.1294        668     2.7792  0.000e+00
     40.723    17.0349   4.279765    33.1293        669     2.7833  0.000e+00
     40.689    17.0353   4.279759    33.1289        670     2.7875  0.000e+00
     40.648    17.0360   4.279687    33.1276        671     2.7917  0.000e+00
     40.608    17.0366   4.279516    33.1257        672     2.7958  0.000e+00
     40.572    17.0372   4.279464    33.1248        673     2.8000  0.000e+00
     40.531    17.0378   4.279582    33.1254        674     2.8042  0.000e+00
     40.493    17.0380   4.279418    33.1237        675     2.8083  0.000e+00
     40.457    17.0385   4.279175    33.1213        676     2.8125  0.000e+00
     40.425    17.0389   4.278952    33.1191        677     2.8167  0.000e+00
     40.391    17.0397   4.278736    33.1165        678     2.8208  0.000e+00
     40.357    17.0403   4.277850    33.1083        679     2.8250  0.000e+00
     40.321    17.0409   4.276356    33.0950        680     2.8292  0.000e+00
     40.288    17.0421   4.276513    33.0954        681     2.8333  0.000e+00
     40.254    17.0498   4.278755    33.1085        682     2.8375  0.000e+00
     40.215    17.0673   4.282145    33.1234        683     2.8417  0.000e+00
     40.175    17.0963   4.284664    33.1213        684     2.8458  0.000e+00
     40.130    17.1285   4.286232    33.1084        685     2.8500  0.000e+00
     40.087    17.1556   4.287045    33.0932        686     2.8542  0.000e+00
     40.035    17.1764   4.287655    33.0815        687     2.8583  0.000e+00
     39.985    17.1909   4.288252    33.0748        688     2.8625  0.000e+00
     39.924    17.2014   4.288665    33.0697        689     2.8667  0.000e+00
     39.863    17.2094   4.288934    33.0655        690     2.8708  0.000e+00
     39.794    17.2154   4.289151    33.0625        691     2.8750  0.000e+00
     39.723    17.2202   4.289597    33.0624        692     2.8792  0.000e+00
     39.654    17.2249   4.290076    33.0628        693     2.8833  0.000e+00
     39.588    17.2301   4.290555    33.0627        694     2.8875  0.000e+00
     39.525    17.2363   4.291120    33.0625        695     2.8917  0.000e+00
     39.477    17.2422   4.291540    33.0613        696     2.8958  0.000e+00
     39.434    17.2482   4.292032    33.0606        697     2.9000  0.000e+00
     39.407    17.2540   4.292465    33.0596        698     2.9042  0.000e+00
     39.387    17.2598   4.292623    33.0562        699     2.9083  0.000e+00
     39.374    17.2649   4.292721    33.0529        700     2.9125  0.000e+00
     39.374    17.2689   4.292747    33.0499        701     2.9167  0.000e+00
     39.372    17.2718   4.292793    33.0479        702     2.9208  0.000e+00
     39.374    17.2736   4.292793    33.0464        703     2.9250  0.000e+00
     39.367    17.2745   4.292826    33.0460        704     2.9292  0.000e+00
     39.364    17.2741   4.292819    33.0462        705     2.9333  0.000e+00
     39.349    17.2740   4.292846    33.0466        706     2.9375  0.000e+00
     39.320    17.2736   4.292865    33.0470        707     2.9417  0.000e+00
     39.284    17.2735   4.292918    33.0476        708     2.9458  0.000e+00
     39.241    17.2743   4.292951    33.0473        709     2.9500  0.000e+00
     39.193    17.2758   4.292937    33.0459        710     2.9542  0.000e+00
     39.141    17.2781   4.292977    33.0444        711     2.9583  0.000e+00
     39.076    17.2805   4.292990    33.0426        712     2.9625  0.000e+00
     39.013    17.2825   4.292990    33.0409        713     2.9667  0.000e+00
     38.959    17.2842   4.292950    33.0393        714     2.9708  0.000e+00
     38.900    17.2851   4.292767    33.0370        715     2.9750  0.000e+00
     38.850    17.2863   4.292615    33.0347        716     2.9792  0.000e+00
     38.798    17.2871   4.292425    33.0324        717     2.9833  0.000e+00
     38.746    17.2878   4.292130    33.0294        718     2.9875  0.000e+00
     38.692    17.2878   4.291795    33.0265        719     2.9917  0.000e+00
     38.641    17.2871   4.291315    33.0229        720     2.9958  0.000e+00
     38.588    17.2866   4.291585    33.0257        721     3.0000  0.000e+00
     38.528    17.2864   4.291355    33.0239        722     3.0042  0.000e+00
     38.478    17.2860   4.290948    33.0208        723     3.0083  0.000e+00
     38.426    17.2851   4.289714    33.0109        724     3.0125  0.000e+00
     38.379    17.2825   4.287823    32.9968        725     3.0167  0.000e+00
     38.338    17.2765   4.285914    32.9853        726     3.0208  0.000e+00
     38.300    17.2676   4.284320    32.9788        727     3.0250  0.000e+00
     38.268    17.2580   4.280981    32.9580        728     3.0292  0.000e+00
     38.239    17.2441   4.277683    32.9409        729     3.0333  0.000e+00
     38.219    17.2268   4.275493    32.9362        730     3.0375  0.000e+00
     38.192    17.2094   4.273875    32.9364        731     3.0417  0.000e+00
     38.166    17.1944   4.272341    32.9355        732     3.0458  0.000e+00
     38.140    17.1819   4.271188    32.9357        733     3.0500  0.000e+00
     38.115    17.1715   4.269989    32.9339        734     3.0542  0.000e+00
     38.087    17.1624   4.268457    32.9281        735     3.0583  0.000e+00
     38.060    17.1533   4.267206    32.9248        736     3.0625  0.000e+00
     38.029    17.1446   4.265889    32.9205        737     3.0667  0.000e+00
     37.997    17.1360   4.265189    32.9215        738     3.0708  0.000e+00
     37.968    17.1288   4.264082    32.9179        739     3.0750  0.000e+00
     37.937    17.1223   4.263401    32.9173        740     3.0792  0.000e+00
     37.912    17.1162   4.262937    32.9183        741     3.0833  0.000e+00
     37.891    17.1117   4.262426    32.9176        742     3.0875  0.000e+00
     37.878    17.1079   4.262203    32.9187        743     3.0917  0.000e+00
     37.864    17.1052   4.262210    32.9210        744     3.0958  0.000e+00
     37.858    17.1034   4.262256    32.9229        745     3.1000  0.000e+00
     37.844    17.1026   4.262210    32.9231        746     3.1042  0.000e+00
     37.826    17.1024   4.262001    32.9215        747     3.1083  0.000e+00
     37.806    17.1016   4.261843    32.9208        748     3.1125  0.000e+00
     37.774    17.1007   4.261595    32.9194        749     3.1167  0.000e+00
     37.734    17.0995   4.261379    32.9185        750     3.1208  0.000e+00
     37.686    17.0980   4.261137    32.9177        751     3.1250  0.000e+00
     37.630    17.0965   4.260940    32.9173        752     3.1292  0.000e+00
     37.564    17.0948   4.260371    32.9137        753     3.1333  0.000e+00
     37.485    17.0927   4.259454    32.9076        754     3.1375  0.000e+00
     37.411    17.0886   4.258309    32.9010        755     3.1417  0.000e+00
     37.339    17.0832   4.257210    32.8960        756     3.1458  0.000e+00
     37.268    17.0773   4.256431    32.8941        757     3.1500  0.000e+00
     37.203    17.0712   4.255561    32.8916        758     3.1542  0.000e+00
     37.145    17.0655   4.254560    32.8877        759     3.1583  0.000e+00
     37.102    17.0593   4.253828    32.8864        760     3.1625  0.000e+00
     37.061    17.0536   4.253174    32.8854        761     3.1667  0.000e+00
     37.021    17.0489   4.252736    32.8855        762     3.1708  0.000e+00
     36.987    17.0453   4.252422    32.8857        763     3.1750  0.000e+00
     36.953    17.0427   4.252180    32.8857        764     3.1792  0.000e+00
     36.919    17.0408   4.251912    32.8850        765     3.1833  0.000e+00
     36.890    17.0391   4.251696    32.8845        766     3.1875  0.000e+00
     36.851    17.0377   4.251421    32.8833        767     3.1917  0.000e+00
     36.817    17.0359   4.251186    32.8828        768     3.1958  0.000e+00
     36.777    17.0344   4.250839    32.8810        769     3.2000  0.000e+00
     36.743    17.0322   4.250041    32.8760        770     3.2042  0.000e+00
     36.704    17.0293   4.249067    32.8699        771     3.2083  0.000e+00
     36.677    17.0247   4.247354    32.8589        772     3.2125  0.000e+00
     36.639    17.0176   4.245596    32.8494        773     3.2167  0.000e+00
     36.612    17.0086   4.244812    32.8500        774     3.2208  0.000e+00
     36.589    17.0002   4.244361    32.8530        775     3.2250  0.000e+00
     36.574    16.9943   4.243930    32.8541        776     3.2292  0.000e+00
     36.560    16.9898   4.243290    32.8523        777     3.2333  0.000e+00
     36.546    16.9853   4.242760    32.8513        778     3.2375  0.000e+00
     36.542    16.9815   4.242662    32.8536        779     3.2417  0.000e+00
     36.526    16.9787   4.242813    32.8572        780     3.2458  0.000e+00
     36.510    16.9776   4.242636    32.8565        781     3.2500  0.000e+00
     36.484    16.9769   4.242760    32.8582        782     3.2542  0.000e+00
     36.457    16.9766   4.242610    32.8571        783     3.2583  0.000e+00
     36.422    16.9763   4.242408    32.8557        784     3.2625  0.000e+00
     36.382    16.9755   4.242127    32.8539        785     3.2667  0.000e+00
     36.339    16.9742   4.241774    32.8519        786     3.2708  0.000e+00
     36.296    16.9724   4.241330    32.8496        787     3.2750  0.000e+00
     36.247    16.9700   4.240252    32.8422        788     3.2792  0.000e+00
     36.201    16.9658   4.238978    32.8347        789     3.2833  0.000e+00
     36.152    16.9595   4.237593    32.8278        790     3.2875  0.000e+00
     36.118    16.9517   4.236457    32.8244        791     3.2917  0.000e+00
     36.079    16.9432   4.234936    32.8181        792     3.2958  0.000e+00
     36.043    16.9345   4.233049    32.8089        793     3.3000  0.000e+00
     36.003    16.9239   4.232462    32.8125        794     3.3042  0.000e+00
     35.962    16.9152   4.232442    32.8194        795     3.3083  0.000e+00
     35.919    16.9100   4.231503    32.8156        796     3.3125  0.000e+00
     35.877    16.9051   4.230028    32.8068        797     3.3167  0.000e+00
     35.831    16.8984   4.229329    32.8063        798     3.3208  0.000e+00
     35.777    16.8917   4.227829    32.7987        799     3.3250  0.000e+00
     35.721    16.8841   4.226928    32.7972        800     3.3292  0.000e+00
     35.665    16.8767   4.226655    32.8008        801     3.3333  0.000e+00
     35.595    16.8711   4.226309    32.8024        802     3.3375  0.000e+00
     35.534    16.8673   4.226172    32.8043        803     3.3417  0.000e+00
     35.473    16.8643   4.226068    32.8059        804     3.3458  0.000e+00
     35.419    16.8628   4.226146    32.8078        805     3.3500  0.000e+00
     35.366    16.8624   4.226622    32.8123        806     3.3542  0.000e+00
     35.317    16.8630   4.227007    32.8152        807     3.3583  0.000e+00
     35.270    16.8649   4.227327    32.8164        808     3.3625  0.000e+00
     35.229    16.8671   4.227281    32.8143        809     3.3667  0.000e+00
     35.193    16.8685   4.227059    32.8112        810     3.3708  0.000e+00
     35.159    16.8686   4.226681    32.8078        811     3.3750  0.000e+00
     35.127    16.8675   4.226374    32.8061        812     3.3792  0.000e+00
     35.100    16.8657   4.226380    32.8076        813     3.3833  0.000e+00
     35.073    16.8645   4.226576    32.8103        814     3.3875  0.000e+00
     35.051    16.8643   4.226694    32.8115        815     3.3917  0.000e+00
     35.033    16.8648   4.226654    32.8107        816     3.3958  0.000e+00
     35.019    16.8651   4.226818    32.8119        817     3.4000  0.000e+00
     35.004    16.8657   4.227105    32.8140        818     3.4042  0.000e+00
     34.994    16.8668   4.227496    32.8164        819     3.4083  0.000e+00
     34.976    16.8685   4.227764    32.8174        820     3.4125  0.000e+00
     34.956    16.8705   4.227757    32.8157        821     3.4167  0.000e+00
     34.934    16.8718   4.227411    32.8116        822     3.4208  0.000e+00
     34.904    16.8716   4.226889    32.8073        823     3.4250  0.000e+00
     34.868    16.8701   4.226576    32.8058        824     3.4292  0.000e+00
     34.827    16.8679   4.226504    32.8070        825     3.4333  0.000e+00
     34.778    16.8662   4.226406    32.8075        826     3.4375  0.000e+00
     34.731    16.8652   4.226198    32.8065        827     3.4417  0.000e+00
     34.681    16.8640   4.225806    32.8042        828     3.4458  0.000e+00
     34.631    16.8623   4.225389    32.8020        829     3.4500  0.000e+00
     34.581    16.8598   4.225297    32.8032        830     3.4542  0.000e+00
