PC2406/sbe077.cnv
* Sea-Bird SBE 19plus V2 Data File:
* FileName = C:\cruise\data\sbe077.hex
* Software Version Seasave V 7.26.7.121
* Temperature SN = 7142
* Conductivity SN = 7142
* System UpLoad Time = Nov 12 2024 12:54:45
* NMEA Latitude = 40 36.68 N
* NMEA Longitude = 069 31.49 W
* NMEA UTC (Time) = Nov 12 2024  12:54:41
** Ship: Pisces
** Cruise:  PC2406
** Program:  Fall ECOMON
# nquan = 7
# nvalues = 1700                                  
# units = specified
# name 0 = depSM: Depth [salt water, m]
# name 1 = tv290C: Temperature [ITS-90, deg C]
# name 2 = c0S/m: Conductivity [S/m]
# name 3 = sal00: Salinity, Practical [PSU]
# name 4 = scan: Scan Count
# name 5 = timeM: Time, Elapsed [minutes]
# name 6 = flag:  0.000e+00
# span 0 =     -0.094,     55.192                 
# span 1 =    13.0436,    16.1617                 
# span 2 =   0.000761,   3.946594                 
# span 3 =     0.0106,    32.2704                 
# span 4 =         11,       1710                 
# span 5 =     0.0417,     7.1208                 
# span 6 = 0.0000e+00, 0.0000e+00                 
# interval = seconds: 0.25
# start_time = Nov 12 2024 12:54:41 [NMEA time, header]
# bad_flag = -9.990e-29
*END*
[from data line 1231]
     14.349    13.2414   3.809188    32.0635       1242     5.1708  0.000e+00
     14.313    13.2414   3.809170    32.0634       1243     5.1750  0.000e+00
     14.281    13.2413   3.809145    32.0632       1244     5.1792  0.000e+00
     14.252    13.2413   3.809151    32.0634       1245     5.1833  0.000e+00
     14.229    13.2410   3.809163    32.0637       1246     5.1875  0.000e+00
     14.197    13.2410   3.809151    32.0636       1247     5.1917  0.000e+00
     14.173    13.2409   3.809101    32.0632       1248     5.1958  0.000e+00
     14.141    13.2405   3.809057    32.0631       1249     5.2000  0.000e+00
     14.096    13.2403   3.809076    32.0635       1250     5.2042  0.000e+00
     14.053    13.2400   3.809007    32.0631       1251     5.2083  0.000e+00
     14.003    13.2396   3.809007    32.0635       1252     5.2125  0.000e+00
     13.952    13.2394   3.809032    32.0640       1253     5.2167  0.000e+00
     13.900    13.2394   3.808988    32.0636       1254     5.2208  0.000e+00
     13.850    13.2394   3.809032    32.0640       1255     5.2250  0.000e+00
     13.794    13.2392   3.809007    32.0639       1256     5.2292  0.000e+00
     13.751    13.2393   3.809007    32.0639       1257     5.2333  0.000e+00
     13.714    13.2392   3.809032    32.0642       1258     5.2375  0.000e+00
     13.680    13.2392   3.809007    32.0640       1259     5.2417  0.000e+00
     13.662    13.2392   3.809007    32.0640       1260     5.2458  0.000e+00
     13.649    13.2391   3.808988    32.0639       1261     5.2500  0.000e+00
     13.645    13.2390   3.809007    32.0641       1262     5.2542  0.000e+00
     13.651    13.2389   3.809032    32.0644       1263     5.2583  0.000e+00
     13.654    13.2389   3.809057    32.0647       1264     5.2625  0.000e+00
     13.662    13.2391   3.809032    32.0643       1265     5.2667  0.000e+00
     13.674    13.2392   3.809007    32.0640       1266     5.2708  0.000e+00
     13.681    13.2392   3.809032    32.0642       1267     5.2750  0.000e+00
     13.694    13.2392   3.809032    32.0642       1268     5.2792  0.000e+00
     13.699    13.2393   3.809007    32.0639       1269     5.2833  0.000e+00
     13.707    13.2393   3.809032    32.0641       1270     5.2875  0.000e+00
     13.699    13.2392   3.809032    32.0642       1271     5.2917  0.000e+00
     13.692    13.2394   3.809057    32.0643       1272     5.2958  0.000e+00
     13.671    13.2396   3.809057    32.0641       1273     5.3000  0.000e+00
     13.640    13.2399   3.809057    32.0639       1274     5.3042  0.000e+00
     13.604    13.2401   3.809057    32.0637       1275     5.3083  0.000e+00
     13.549    13.2400   3.809057    32.0639       1276     5.3125  0.000e+00
     13.493    13.2400   3.809075    32.0641       1277     5.3167  0.000e+00
     13.430    13.2402   3.809032    32.0634       1278     5.3208  0.000e+00
     13.373    13.2402   3.809032    32.0634       1279     5.3250  0.000e+00
     13.306    13.2402   3.809032    32.0635       1280     5.3292  0.000e+00
     13.250    13.2402   3.809007    32.0633       1281     5.3333  0.000e+00
     13.193    13.2401   3.809032    32.0636       1282     5.3375  0.000e+00
     13.132    13.2400   3.809007    32.0636       1283     5.3417  0.000e+00
     13.075    13.2399   3.809032    32.0639       1284     5.3458  0.000e+00
     13.010    13.2400   3.809007    32.0635       1285     5.3500  0.000e+00
     12.943    13.2402   3.809032    32.0637       1286     5.3542  0.000e+00
     12.881    13.2400   3.809031    32.0639       1287     5.3583  0.000e+00
     12.816    13.2402   3.809031    32.0637       1288     5.3625  0.000e+00
     12.753    13.2402   3.809031    32.0638       1289     5.3667  0.000e+00
     12.712    13.2402   3.808963    32.0631       1290     5.3708  0.000e+00
     12.676    13.2400   3.808963    32.0633       1291     5.3750  0.000e+00
     12.653    13.2397   3.808988    32.0638       1292     5.3792  0.000e+00
     12.638    13.2398   3.808988    32.0637       1293     5.3833  0.000e+00
     12.629    13.2399   3.809006    32.0638       1294     5.3875  0.000e+00
     12.622    13.2400   3.809006    32.0637       1295     5.3917  0.000e+00
     12.620    13.2400   3.808988    32.0636       1296     5.3958  0.000e+00
     12.626    13.2400   3.808988    32.0635       1297     5.4000  0.000e+00
     12.629    13.2400   3.808988    32.0636       1298     5.4042  0.000e+00
     12.629    13.2399   3.809006    32.0638       1299     5.4083  0.000e+00
     12.628    13.2400   3.808988    32.0635       1300     5.4125  0.000e+00
     12.619    13.2399   3.809006    32.0638       1301     5.4167  0.000e+00
     12.615    13.2400   3.809006    32.0637       1302     5.4208  0.000e+00
     12.604    13.2402   3.808944    32.0630       1303     5.4250  0.000e+00
     12.586    13.2398   3.808963    32.0635       1304     5.4292  0.000e+00
     12.566    13.2397   3.808944    32.0634       1305     5.4333  0.000e+00
     12.547    13.2395   3.808938    32.0635       1306     5.4375  0.000e+00
     12.523    13.2394   3.808919    32.0635       1307     5.4417  0.000e+00
     12.500    13.2392   3.808913    32.0636       1308     5.4458  0.000e+00
     12.466    13.2391   3.808963    32.0641       1309     5.4500  0.000e+00
     12.434    13.2392   3.809006    32.0644       1310     5.4542  0.000e+00
     12.403    13.2397   3.809006    32.0641       1311     5.4583  0.000e+00
     12.374    13.2400   3.808988    32.0636       1312     5.4625  0.000e+00
     12.346    13.2401   3.808988    32.0636       1313     5.4667  0.000e+00
     12.322    13.2402   3.809006    32.0637       1314     5.4708  0.000e+00
     12.301    13.2403   3.809031    32.0638       1315     5.4750  0.000e+00
     12.265    13.2404   3.809031    32.0638       1316     5.4792  0.000e+00
     12.234    13.2404   3.809031    32.0638       1317     5.4833  0.000e+00
     12.204    13.2405   3.809006    32.0634       1318     5.4875  0.000e+00
     12.170    13.2406   3.809075    32.0640       1319     5.4917  0.000e+00
     12.141    13.2408   3.809056    32.0637       1320     5.4958  0.000e+00
     12.114    13.2410   3.809056    32.0636       1321     5.5000  0.000e+00
     12.089    13.2413   3.809056    32.0633       1322     5.5042  0.000e+00
     12.064    13.2411   3.809056    32.0635       1323     5.5083  0.000e+00
     12.039    13.2411   3.809075    32.0636       1324     5.5125  0.000e+00
     12.014    13.2413   3.809075    32.0635       1325     5.5167  0.000e+00
     12.001    13.2413   3.809075    32.0635       1326     5.5208  0.000e+00
     11.988    13.2412   3.809075    32.0636       1327     5.5250  0.000e+00
     11.967    13.2413   3.809031    32.0631       1328     5.5292  0.000e+00
     11.933    13.2413   3.809056    32.0634       1329     5.5333  0.000e+00
     11.897    13.2412   3.809056    32.0635       1330     5.5375  0.000e+00
     11.856    13.2413   3.809056    32.0634       1331     5.5417  0.000e+00
     11.794    13.2412   3.809056    32.0635       1332     5.5458  0.000e+00
     11.732    13.2413   3.809006    32.0630       1333     5.5500  0.000e+00
     11.658    13.2410   3.808987    32.0630       1334     5.5542  0.000e+00
     11.590    13.2408   3.809006    32.0635       1335     5.5583  0.000e+00
     11.522    13.2408   3.809056    32.0640       1336     5.5625  0.000e+00
     11.462    13.2410   3.809031    32.0636       1337     5.5667  0.000e+00
     11.412    13.2410   3.809006    32.0633       1338     5.5708  0.000e+00
     11.380    13.2410   3.808962    32.0630       1339     5.5750  0.000e+00
     11.355    13.2408   3.808962    32.0632       1340     5.5792  0.000e+00
     11.344    13.2405   3.808912    32.0629       1341     5.5833  0.000e+00
     11.351    13.2403   3.808900    32.0630       1342     5.5875  0.000e+00
     11.360    13.2400   3.808893    32.0631       1343     5.5917  0.000e+00
     11.383    13.2398   3.808900    32.0634       1344     5.5958  0.000e+00
     11.400    13.2396   3.808868    32.0633       1345     5.6000  0.000e+00
     11.423    13.2393   3.808875    32.0635       1346     5.6042  0.000e+00
     11.452    13.2392   3.808893    32.0638       1347     5.6083  0.000e+00
     11.470    13.2394   3.808875    32.0635       1348     5.6125  0.000e+00
     11.480    13.2392   3.808893    32.0638       1349     5.6167  0.000e+00
     11.488    13.2392   3.808912    32.0639       1350     5.6208  0.000e+00
     11.489    13.2394   3.808900    32.0636       1351     5.6250  0.000e+00
     11.482    13.2395   3.808893    32.0635       1352     5.6292  0.000e+00
     11.464    13.2393   3.808900    32.0638       1353     5.6333  0.000e+00
     11.439    13.2393   3.808868    32.0635       1354     5.6375  0.000e+00
     11.419    13.2391   3.808856    32.0636       1355     5.6417  0.000e+00
     11.396    13.2390   3.808868    32.0637       1356     5.6458  0.000e+00
     11.367    13.2391   3.808918    32.0642       1357     5.6500  0.000e+00
     11.331    13.2393   3.808893    32.0638       1358     5.6542  0.000e+00
     11.301    13.2396   3.808962    32.0642       1359     5.6583  0.000e+00
     11.258    13.2400   3.808987    32.0641       1360     5.6625  0.000e+00
     11.215    13.2402   3.808962    32.0637       1361     5.6667  0.000e+00
     11.179    13.2402   3.808987    32.0639       1362     5.6708  0.000e+00
     11.148    13.2402   3.808937    32.0634       1363     5.6750  0.000e+00
     11.118    13.2403   3.808918    32.0632       1364     5.6792  0.000e+00
     11.100    13.2403   3.808893    32.0630       1365     5.6833  0.000e+00
     11.075    13.2400   3.808918    32.0635       1366     5.6875  0.000e+00
     11.060    13.2397   3.808912    32.0637       1367     5.6917  0.000e+00
     11.039    13.2397   3.808918    32.0637       1368     5.6958  0.000e+00
     11.017    13.2399   3.808937    32.0638       1369     5.7000  0.000e+00
     10.983    13.2399   3.808962    32.0641       1370     5.7042  0.000e+00
     10.945    13.2400   3.808962    32.0639       1371     5.7083  0.000e+00
     10.906    13.2402   3.808962    32.0638       1372     5.7125  0.000e+00
     10.863    13.2402   3.808987    32.0640       1373     5.7167  0.000e+00
     10.814    13.2403   3.808943    32.0636       1374     5.7208  0.000e+00
     10.771    13.2403   3.808962    32.0638       1375     5.7250  0.000e+00
     10.717    13.2401   3.808937    32.0637       1376     5.7292  0.000e+00
     10.665    13.2403   3.808962    32.0638       1377     5.7333  0.000e+00
     10.606    13.2402   3.808912    32.0635       1378     5.7375  0.000e+00
     10.558    13.2400   3.808899    32.0635       1379     5.7417  0.000e+00
     10.522    13.2397   3.808893    32.0638       1380     5.7458  0.000e+00
     10.497    13.2396   3.808899    32.0639       1381     5.7500  0.000e+00
     10.482    13.2397   3.808937    32.0642       1382     5.7542  0.000e+00
     10.473    13.2397   3.808943    32.0643       1383     5.7583  0.000e+00
     10.466    13.2400   3.808987    32.0644       1384     5.7625  0.000e+00
     10.461    13.2402   3.808962    32.0640       1385     5.7667  0.000e+00
     10.457    13.2402   3.808987    32.0642       1386     5.7708  0.000e+00
     10.461    13.2404   3.808943    32.0637       1387     5.7750  0.000e+00
     10.450    13.2403   3.808937    32.0637       1388     5.7792  0.000e+00
     10.443    13.2400   3.808893    32.0635       1389     5.7833  0.000e+00
     10.423    13.2399   3.808856    32.0633       1390     5.7875  0.000e+00
     10.398    13.2394   3.808843    32.0635       1391     5.7917  0.000e+00
     10.362    13.2392   3.808831    32.0637       1392     5.7958  0.000e+00
     10.326    13.2389   3.808868    32.0643       1393     5.8000  0.000e+00
     10.281    13.2388   3.808874    32.0644       1394     5.8042  0.000e+00
     10.252    13.2390   3.808893    32.0644       1395     5.8083  0.000e+00
     10.224    13.2392   3.808943    32.0647       1396     5.8125  0.000e+00
     10.202    13.2397   3.808962    32.0645       1397     5.8167  0.000e+00
     10.193    13.2401   3.808943    32.0640       1398     5.8208  0.000e+00
     10.186    13.2403   3.808868    32.0631       1399     5.8250  0.000e+00
     10.190    13.2400   3.808830    32.0631       1400     5.8292  0.000e+00
     10.197    13.2394   3.808818    32.0634       1401     5.8333  0.000e+00
     10.206    13.2389   3.808799    32.0636       1402     5.8375  0.000e+00
     10.216    13.2387   3.808830    32.0641       1403     5.8417  0.000e+00
     10.218    13.2386   3.808843    32.0643       1404     5.8458  0.000e+00
     10.215    13.2386   3.808918    32.0650       1405     5.8500  0.000e+00
     10.191    13.2392   3.808937    32.0647       1406     5.8542  0.000e+00
     10.155    13.2399   3.808943    32.0642       1407     5.8583  0.000e+00
     10.107    13.2400   3.808937    32.0641       1408     5.8625  0.000e+00
     10.048    13.2400   3.808943    32.0641       1409     5.8667  0.000e+00
      9.979    13.2400   3.808912    32.0639       1410     5.8708  0.000e+00
      9.917    13.2401   3.808874    32.0635       1411     5.8750  0.000e+00
      9.850    13.2397   3.808868    32.0637       1412     5.8792  0.000e+00
      9.796    13.2397   3.808855    32.0636       1413     5.8833  0.000e+00
      9.741    13.2395   3.808868    32.0640       1414     5.8875  0.000e+00
      9.696    13.2394   3.808843    32.0639       1415     5.8917  0.000e+00
      9.651    13.2394   3.808805    32.0635       1416     5.8958  0.000e+00
      9.610    13.2390   3.808818    32.0640       1417     5.9000  0.000e+00
      9.568    13.2388   3.808830    32.0643       1418     5.9042  0.000e+00
      9.538    13.2390   3.808774    32.0636       1419     5.9083  0.000e+00
      9.507    13.2387   3.808805    32.0642       1420     5.9125  0.000e+00
      9.475    13.2387   3.808799    32.0641       1421     5.9167  0.000e+00
      9.461    13.2386   3.808761    32.0638       1422     5.9208  0.000e+00
      9.437    13.2385   3.808799    32.0643       1423     5.9250  0.000e+00
      9.423    13.2385   3.808805    32.0644       1424     5.9292  0.000e+00
      9.416    13.2386   3.808774    32.0640       1425     5.9333  0.000e+00
      9.412    13.2384   3.808774    32.0642       1426     5.9375  0.000e+00
      9.412    13.2384   3.808786    32.0643       1427     5.9417  0.000e+00
      9.412    13.2382   3.808749    32.0641       1428     5.9458  0.000e+00
      9.412    13.2381   3.808761    32.0643       1429     5.9500  0.000e+00
      9.407    13.2380   3.808749    32.0643       1430     5.9542  0.000e+00
      9.400    13.2380   3.808718    32.0640       1431     5.9583  0.000e+00
      9.389    13.2378   3.808730    32.0643       1432     5.9625  0.000e+00
      9.367    13.2378   3.808743    32.0644       1433     5.9667  0.000e+00
      9.342    13.2376   3.808730    32.0644       1434     5.9708  0.000e+00
      9.321    13.2377   3.808743    32.0645       1435     5.9750  0.000e+00
      9.290    13.2376   3.808705    32.0642       1436     5.9792  0.000e+00
      9.254    13.2378   3.808761    32.0646       1437     5.9833  0.000e+00
      9.204    13.2378   3.808799    32.0649       1438     5.9875  0.000e+00
      9.145    13.2382   3.808799    32.0647       1439     5.9917  0.000e+00
      9.075    13.2385   3.808830    32.0647       1440     5.9958  0.000e+00
      9.008    13.2386   3.808818    32.0645       1441     6.0000  0.000e+00
      8.945    13.2388   3.808830    32.0645       1442     6.0042  0.000e+00
      8.895    13.2389   3.808774    32.0640       1443     6.0083  0.000e+00
      8.852    13.2386   3.808717    32.0637       1444     6.0125  0.000e+00
      8.823    13.2384   3.808730    32.0640       1445     6.0167  0.000e+00
