PC2406/sbe001.cnv
* Sea-Bird SBE 19plus V2 Data File:
* FileName = C:\cruise\data\sbe001.hex
* Software Version Seasave V 7.26.7.121
* Temperature SN = 7142
* Conductivity SN = 7142
* System UpLoad Time = Oct 27 2024 15:40:14
* NMEA Latitude = 41 14.65 N
* NMEA Longitude = 071 04.86 W
* NMEA UTC (Time) = Oct 27 2024  15:40:11
** Ship: Pisces
** Cruise:  PC2406
** Program:  Fall ECOMON
# nquan = 7
# nvalues = 1353                                  
# units = specified
# name 0 = depSM: Depth [salt water, m]
# name 1 = tv290C: Temperature [ITS-90, deg C]
# name 2 = c0S/m: Conductivity [S/m]
# name 3 = sal00: Salinity, Practical [PSU]
# name 4 = scan: Scan Count
# name 5 = timeM: Time, Elapsed [minutes]
# name 6 = flag:  0.000e+00
# span 0 =      0.075,     38.934                 
# span 1 =    15.8846,    16.4361                 
# span 2 = -3.788e-07,   4.136972                 
# span 3 =     0.0000,    32.3833                 
# span 4 =         11,       1363                 
# span 5 =     0.0417,     5.6750                 
# span 6 = 0.0000e+00, 0.0000e+00                 
# interval = seconds: 0.25
# start_time = Oct 27 2024 15:40:11 [NMEA time, header]
# bad_flag = -9.990e-29
*END*
[from data line 616]
     25.763    16.1661   4.089614    32.1865        627     2.6083  0.000e+00
     25.716    16.1661   4.089659    32.1869        628     2.6125  0.000e+00
     25.673    16.1662   4.089633    32.1866        629     2.6167  0.000e+00
     25.627    16.1663   4.089633    32.1865        630     2.6208  0.000e+00
     25.580    16.1665   4.089698    32.1870        631     2.6250  0.000e+00
     25.537    16.1666   4.089730    32.1872        632     2.6292  0.000e+00
     25.495    16.1668   4.089826    32.1879        633     2.6333  0.000e+00
     25.454    16.1669   4.089852    32.1880        634     2.6375  0.000e+00
     25.416    16.1673   4.089852    32.1877        635     2.6417  0.000e+00
     25.379    16.1672   4.089730    32.1867        636     2.6458  0.000e+00
     25.346    16.1672   4.089614    32.1857        637     2.6500  0.000e+00
     25.309    16.1666   4.089517    32.1854        638     2.6542  0.000e+00
     25.275    16.1664   4.089492    32.1853        639     2.6583  0.000e+00
     25.233    16.1661   4.089440    32.1852        640     2.6625  0.000e+00
     25.196    16.1658   4.089440    32.1854        641     2.6667  0.000e+00
     25.152    16.1656   4.089414    32.1853        642     2.6708  0.000e+00
     25.109    16.1654   4.089414    32.1856        643     2.6750  0.000e+00
     25.061    16.1653   4.089395    32.1855        644     2.6792  0.000e+00
     25.016    16.1653   4.089414    32.1857        645     2.6833  0.000e+00
     24.960    16.1652   4.089421    32.1858        646     2.6875  0.000e+00
     24.905    16.1654   4.089440    32.1858        647     2.6917  0.000e+00
     24.854    16.1655   4.089440    32.1857        648     2.6958  0.000e+00
     24.802    16.1657   4.089440    32.1856        649     2.7000  0.000e+00
     24.748    16.1658   4.089440    32.1856        650     2.7042  0.000e+00
     24.696    16.1658   4.089414    32.1854        651     2.7083  0.000e+00
     24.637    16.1656   4.089395    32.1854        652     2.7125  0.000e+00
     24.581    16.1658   4.089376    32.1851        653     2.7167  0.000e+00
     24.520    16.1657   4.089318    32.1847        654     2.7208  0.000e+00
     24.465    16.1652   4.089298    32.1849        655     2.7250  0.000e+00
     24.402    16.1651   4.089273    32.1848        656     2.7292  0.000e+00
     24.344    16.1650   4.089273    32.1849        657     2.7333  0.000e+00
     24.280    16.1647   4.089298    32.1854        658     2.7375  0.000e+00
     24.222    16.1648   4.089247    32.1849        659     2.7417  0.000e+00
     24.167    16.1648   4.089221    32.1847        660     2.7458  0.000e+00
     24.107    16.1645   4.089208    32.1848        661     2.7500  0.000e+00
     24.054    16.1644   4.089176    32.1846        662     2.7542  0.000e+00
     24.001    16.1645   4.089221    32.1850        663     2.7583  0.000e+00
     23.944    16.1645   4.089247    32.1852        664     2.7625  0.000e+00
     23.885    16.1645   4.089247    32.1853        665     2.7667  0.000e+00
     23.831    16.1648   4.089202    32.1846        666     2.7708  0.000e+00
     23.777    16.1646   4.089202    32.1848        667     2.7750  0.000e+00
     23.727    16.1646   4.089234    32.1851        668     2.7792  0.000e+00
     23.680    16.1646   4.089221    32.1850        669     2.7833  0.000e+00
     23.632    16.1646   4.089202    32.1848        670     2.7875  0.000e+00
     23.590    16.1644   4.089124    32.1843        671     2.7917  0.000e+00
     23.554    16.1642   4.089099    32.1843        672     2.7958  0.000e+00
     23.518    16.1642   4.089099    32.1843        673     2.8000  0.000e+00
     23.481    16.1639   4.089124    32.1848        674     2.8042  0.000e+00
     23.445    16.1640   4.089150    32.1850        675     2.8083  0.000e+00
     23.411    16.1641   4.089118    32.1846        676     2.8125  0.000e+00
     23.378    16.1641   4.089098    32.1845        677     2.8167  0.000e+00
     23.339    16.1641   4.089053    32.1841        678     2.8208  0.000e+00
     23.299    16.1639   4.089053    32.1842        679     2.8250  0.000e+00
     23.265    16.1638   4.089079    32.1845        680     2.8292  0.000e+00
     23.228    16.1638   4.089098    32.1848        681     2.8333  0.000e+00
     23.183    16.1638   4.089098    32.1847        682     2.8375  0.000e+00
     23.143    16.1638   4.089092    32.1847        683     2.8417  0.000e+00
     23.109    16.1638   4.089028    32.1841        684     2.8458  0.000e+00
     23.073    16.1638   4.088982    32.1837        685     2.8500  0.000e+00
     23.034    16.1636   4.088931    32.1835        686     2.8542  0.000e+00
     22.992    16.1634   4.088931    32.1837        687     2.8583  0.000e+00
     22.958    16.1632   4.088886    32.1835        688     2.8625  0.000e+00
     22.915    16.1630   4.088860    32.1834        689     2.8667  0.000e+00
     22.879    16.1626   4.088886    32.1839        690     2.8708  0.000e+00
     22.838    16.1626   4.088931    32.1844        691     2.8750  0.000e+00
     22.793    16.1627   4.088982    32.1848        692     2.8792  0.000e+00
     22.752    16.1630   4.088931    32.1841        693     2.8833  0.000e+00
     22.700    16.1630   4.088738    32.1825        694     2.8875  0.000e+00
     22.653    16.1624   4.088641    32.1821        695     2.8917  0.000e+00
     22.601    16.1617   4.088641    32.1827        696     2.8958  0.000e+00
     22.552    16.1615   4.088809    32.1843        697     2.9000  0.000e+00
     22.504    16.1618   4.088957    32.1854        698     2.9042  0.000e+00
     22.455    16.1622   4.088957    32.1850        699     2.9083  0.000e+00
     22.403    16.1628   4.088886    32.1840        700     2.9125  0.000e+00
     22.353    16.1626   4.088808    32.1835        701     2.9167  0.000e+00
     22.289    16.1623   4.088763    32.1833        702     2.9208  0.000e+00
     22.236    16.1624   4.088860    32.1842        703     2.9250  0.000e+00
     22.179    16.1625   4.089001    32.1853        704     2.9292  0.000e+00
     22.123    16.1629   4.089072    32.1857        705     2.9333  0.000e+00
     22.068    16.1635   4.089027    32.1848        706     2.9375  0.000e+00
     22.014    16.1635   4.088982    32.1844        707     2.9417  0.000e+00
     21.958    16.1633   4.088982    32.1846        708     2.9458  0.000e+00
     21.910    16.1634   4.089001    32.1847        709     2.9500  0.000e+00
     21.861    16.1634   4.089001    32.1847        710     2.9542  0.000e+00
     21.818    16.1634   4.088789    32.1829        711     2.9583  0.000e+00
     21.771    16.1629   4.088544    32.1812        712     2.9625  0.000e+00
     21.732    16.1618   4.088351    32.1804        713     2.9667  0.000e+00
     21.689    16.1608   4.088255    32.1803        714     2.9708  0.000e+00
     21.642    16.1601   4.088229    32.1807        715     2.9750  0.000e+00
     21.597    16.1595   4.088178    32.1807        716     2.9792  0.000e+00
     21.552    16.1591   4.088158    32.1809        717     2.9833  0.000e+00
     21.507    16.1589   4.088158    32.1811        718     2.9875  0.000e+00
     21.472    16.1588   4.088158    32.1812        719     2.9917  0.000e+00
     21.427    16.1588   4.088210    32.1817        720     2.9958  0.000e+00
     21.385    16.1589   4.088203    32.1816        721     3.0000  0.000e+00
     21.348    16.1589   4.088203    32.1815        722     3.0042  0.000e+00
     21.310    16.1590   4.088229    32.1817        723     3.0083  0.000e+00
     21.272    16.1589   4.088229    32.1818        724     3.0125  0.000e+00
     21.235    16.1590   4.088229    32.1817        725     3.0167  0.000e+00
     21.197    16.1592   4.088203    32.1814        726     3.0208  0.000e+00
     21.157    16.1589   4.088229    32.1818        727     3.0250  0.000e+00
     21.123    16.1591   4.088210    32.1815        728     3.0292  0.000e+00
     21.084    16.1588   4.088203    32.1817        729     3.0333  0.000e+00
     21.044    16.1590   4.088229    32.1818        730     3.0375  0.000e+00
     21.005    16.1589   4.088229    32.1819        731     3.0417  0.000e+00
     20.972    16.1590   4.088229    32.1818        732     3.0458  0.000e+00
     20.936    16.1591   4.088229    32.1817        733     3.0500  0.000e+00
     20.897    16.1589   4.088229    32.1819        734     3.0542  0.000e+00
     20.854    16.1590   4.088235    32.1819        735     3.0583  0.000e+00
     20.813    16.1590   4.088229    32.1819        736     3.0625  0.000e+00
     20.770    16.1591   4.088229    32.1818        737     3.0667  0.000e+00
     20.721    16.1591   4.088203    32.1816        738     3.0708  0.000e+00
     20.680    16.1591   4.088177    32.1814        739     3.0750  0.000e+00
     20.633    16.1589   4.088158    32.1814        740     3.0792  0.000e+00
     20.590    16.1589   4.088177    32.1816        741     3.0833  0.000e+00
     20.545    16.1588   4.088158    32.1815        742     3.0875  0.000e+00
     20.497    16.1588   4.088145    32.1814        743     3.0917  0.000e+00
     20.462    16.1585   4.088158    32.1818        744     3.0958  0.000e+00
     20.427    16.1588   4.088106    32.1811        745     3.1000  0.000e+00
     20.389    16.1587   4.088081    32.1810        746     3.1042  0.000e+00
     20.344    16.1586   4.088106    32.1813        747     3.1083  0.000e+00
     20.303    16.1586   4.088158    32.1817        748     3.1125  0.000e+00
     20.265    16.1585   4.088106    32.1814        749     3.1167  0.000e+00
     20.216    16.1584   4.088074    32.1812        750     3.1208  0.000e+00
     20.166    16.1585   4.088106    32.1814        751     3.1250  0.000e+00
     20.121    16.1585   4.088132    32.1817        752     3.1292  0.000e+00
     20.071    16.1586   4.088177    32.1820        753     3.1333  0.000e+00
     20.023    16.1585   4.088177    32.1821        754     3.1375  0.000e+00
     19.976    16.1587   4.088177    32.1820        755     3.1417  0.000e+00
     19.931    16.1589   4.088158    32.1816        756     3.1458  0.000e+00
     19.884    16.1588   4.088203    32.1822        757     3.1500  0.000e+00
     19.847    16.1588   4.088164    32.1818        758     3.1542  0.000e+00
     19.803    16.1588   4.088132    32.1816        759     3.1583  0.000e+00
     19.766    16.1588   4.088132    32.1816        760     3.1625  0.000e+00
     19.732    16.1587   4.088177    32.1821        761     3.1667  0.000e+00
     19.690    16.1589   4.088299    32.1830        762     3.1708  0.000e+00
     19.651    16.1592   4.088376    32.1835        763     3.1750  0.000e+00
     19.611    16.1596   4.088396    32.1833        764     3.1792  0.000e+00
     19.577    16.1598   4.088421    32.1834        765     3.1833  0.000e+00
     19.534    16.1602   4.088492    32.1837        766     3.1875  0.000e+00
     19.495    16.1605   4.088518    32.1837        767     3.1917  0.000e+00
     19.452    16.1606   4.088589    32.1843        768     3.1958  0.000e+00
     19.410    16.1611   4.088685    32.1847        769     3.2000  0.000e+00
     19.365    16.1616   4.088711    32.1846        770     3.2042  0.000e+00
     19.322    16.1618   4.088666    32.1840        771     3.2083  0.000e+00
     19.283    16.1618   4.088569    32.1832        772     3.2125  0.000e+00
     19.243    16.1618   4.088511    32.1827        773     3.2167  0.000e+00
     19.206    16.1614   4.088473    32.1827        774     3.2208  0.000e+00
     19.171    16.1611   4.088421    32.1825        775     3.2250  0.000e+00
     19.132    16.1607   4.088395    32.1826        776     3.2292  0.000e+00
     19.098    16.1606   4.088447    32.1832        777     3.2333  0.000e+00
     19.062    16.1606   4.088492    32.1836        778     3.2375  0.000e+00
     19.024    16.1606   4.088518    32.1838        779     3.2417  0.000e+00
     18.988    16.1607   4.088518    32.1837        780     3.2458  0.000e+00
     18.947    16.1610   4.088466    32.1831        781     3.2500  0.000e+00
     18.908    16.1610   4.088395    32.1824        782     3.2542  0.000e+00
     18.863    16.1611   4.088395    32.1824        783     3.2583  0.000e+00
     18.820    16.1610   4.088350    32.1820        784     3.2625  0.000e+00
     18.777    16.1611   4.088350    32.1820        785     3.2667  0.000e+00
     18.730    16.1611   4.088324    32.1818        786     3.2708  0.000e+00
     18.685    16.1609   4.088324    32.1820        787     3.2750  0.000e+00
     18.640    16.1609   4.088305    32.1818        788     3.2792  0.000e+00
     18.592    16.1608   4.088273    32.1816        789     3.2833  0.000e+00
     18.548    16.1605   4.088273    32.1819        790     3.2875  0.000e+00
     18.504    16.1605   4.088273    32.1819        791     3.2917  0.000e+00
     18.460    16.1604   4.088273    32.1820        792     3.2958  0.000e+00
     18.417    16.1604   4.088273    32.1820        793     3.3000  0.000e+00
     18.378    16.1605   4.088299    32.1822        794     3.3042  0.000e+00
     18.338    16.1604   4.088299    32.1823        795     3.3083  0.000e+00
     18.299    16.1606   4.088350    32.1826        796     3.3125  0.000e+00
     18.258    16.1609   4.088472    32.1834        797     3.3167  0.000e+00
     18.216    16.1612   4.088588    32.1842        798     3.3208  0.000e+00
     18.170    16.1616   4.088588    32.1839        799     3.3250  0.000e+00
     18.130    16.1618   4.088517    32.1832        800     3.3292  0.000e+00
     18.087    16.1618   4.088569    32.1836        801     3.3333  0.000e+00
     18.042    16.1620   4.088665    32.1843        802     3.3375  0.000e+00
     17.999    16.1624   4.088742    32.1847        803     3.3417  0.000e+00
     17.961    16.1628   4.088858    32.1854        804     3.3458  0.000e+00
     17.922    16.1633   4.088929    32.1856        805     3.3500  0.000e+00
     17.884    16.1636   4.088903    32.1852        806     3.3542  0.000e+00
     17.852    16.1638   4.088903    32.1850        807     3.3583  0.000e+00
     17.811    16.1639   4.088884    32.1848        808     3.3625  0.000e+00
     17.776    16.1639   4.088884    32.1848        809     3.3667  0.000e+00
     17.737    16.1639   4.088910    32.1850        810     3.3708  0.000e+00
     17.701    16.1638   4.088929    32.1853        811     3.3750  0.000e+00
     17.663    16.1640   4.088903    32.1849        812     3.3792  0.000e+00
     17.624    16.1641   4.088884    32.1847        813     3.3833  0.000e+00
     17.590    16.1641   4.088884    32.1847        814     3.3875  0.000e+00
     17.550    16.1638   4.088884    32.1849        815     3.3917  0.000e+00
     17.512    16.1638   4.088858    32.1848        816     3.3958  0.000e+00
     17.471    16.1638   4.088832    32.1846        817     3.4000  0.000e+00
     17.432    16.1635   4.088813    32.1846        818     3.4042  0.000e+00
     17.392    16.1636   4.088858    32.1850        819     3.4083  0.000e+00
     17.353    16.1636   4.088858    32.1850        820     3.4125  0.000e+00
     17.311    16.1637   4.088832    32.1847        821     3.4167  0.000e+00
     17.270    16.1635   4.088787    32.1844        822     3.4208  0.000e+00
     17.220    16.1636   4.088761    32.1842        823     3.4250  0.000e+00
     17.171    16.1630   4.088736    32.1844        824     3.4292  0.000e+00
     17.130    16.1632   4.088723    32.1842        825     3.4333  0.000e+00
     17.089    16.1633   4.088710    32.1840        826     3.4375  0.000e+00
     17.053    16.1632   4.088929    32.1860        827     3.4417  0.000e+00
     17.017    16.1633   4.088929    32.1860        828     3.4458  0.000e+00
     16.985    16.1633   4.088954    32.1862        829     3.4500  0.000e+00
     16.950    16.1632   4.088954    32.1863        830     3.4542  0.000e+00
