PC2406/sbe057.cnv
* Sea-Bird SBE 19plus V2 Data File:
* FileName = C:\cruise\data\sbe057.hex
* Software Version Seasave V 7.26.7.121
* Temperature SN = 7142
* Conductivity SN = 7142
* System UpLoad Time = Nov 09 2024 14:37:57
* NMEA Latitude = 39 04.49 N
* NMEA Longitude = 074 12.86 W
* NMEA UTC (Time) = Nov 09 2024  14:37:50
** Ship: Pisces
** Cruise:  PC2406
** Program:  Fall ECOMON
# nquan = 7
# nvalues = 1177                                  
# units = specified
# name 0 = depSM: Depth [salt water, m]
# name 1 = tv290C: Temperature [ITS-90, deg C]
# name 2 = c0S/m: Conductivity [S/m]
# name 3 = sal00: Salinity, Practical [PSU]
# name 4 = scan: Scan Count
# name 5 = timeM: Time, Elapsed [minutes]
# name 6 = flag:  0.000e+00
# span 0 =      0.103,     26.425                 
# span 1 =    13.3639,    17.3228                 
# span 2 =  -0.034908,   4.302936                 
# span 3 =     0.0000,    33.1007                 
# span 4 =         11,       1187                 
# span 5 =     0.0417,     4.9417                 
# span 6 = 0.0000e+00, 0.0000e+00                 
# interval = seconds: 0.25
# start_time = Nov 09 2024 14:37:50 [NMEA time, header]
# bad_flag = -9.990e-29
*END*
[from data line 616]
      8.457    16.9821   4.224796    32.7089        627     2.6083  0.000e+00
      8.416    16.9810   4.224685    32.7088        628     2.6125  0.000e+00
      8.371    16.9799   4.224776    32.7106        629     2.6167  0.000e+00
      8.322    16.9790   4.224757    32.7111        630     2.6208  0.000e+00
      8.281    16.9787   4.224998    32.7135        631     2.6250  0.000e+00
      8.234    16.9792   4.224998    32.7131        632     2.6292  0.000e+00
      8.197    16.9796   4.224776    32.7108        633     2.6333  0.000e+00
      8.163    16.9794   4.225129    32.7141        634     2.6375  0.000e+00
      8.141    16.9798   4.225259    32.7149        635     2.6417  0.000e+00
      8.125    16.9808   4.225357    32.7150        636     2.6458  0.000e+00
      8.109    16.9814   4.225259    32.7136        637     2.6500  0.000e+00
      8.098    16.9821   4.225376    32.7141        638     2.6542  0.000e+00
      8.096    16.9820   4.225455    32.7148        639     2.6583  0.000e+00
      8.093    16.9822   4.225155    32.7121        640     2.6625  0.000e+00
      8.089    16.9813   4.224900    32.7106        641     2.6667  0.000e+00
      8.094    16.9805   4.224776    32.7101        642     2.6708  0.000e+00
      8.093    16.9791   4.224574    32.7095        643     2.6750  0.000e+00
      8.085    16.9781   4.224828    32.7125        644     2.6792  0.000e+00
      8.082    16.9783   4.224796    32.7121        645     2.6833  0.000e+00
      8.067    16.9782   4.224972    32.7137        646     2.6875  0.000e+00
      8.046    16.9790   4.224724    32.7109        647     2.6917  0.000e+00
      8.024    16.9797   4.224920    32.7121        648     2.6958  0.000e+00
      7.999    16.9801   4.225278    32.7149        649     2.7000  0.000e+00
      7.970    16.9814   4.225455    32.7153        650     2.7042  0.000e+00
      7.945    16.9825   4.225605    32.7158        651     2.7083  0.000e+00
      7.929    16.9834   4.225722    32.7160        652     2.7125  0.000e+00
      7.915    16.9842   4.225755    32.7157        653     2.7167  0.000e+00
      7.891    16.9846   4.225931    32.7169        654     2.7208  0.000e+00
      7.870    16.9856   4.225813    32.7150        655     2.7250  0.000e+00
      7.856    16.9856   4.225533    32.7126        656     2.7292  0.000e+00
      7.836    16.9851   4.225794    32.7153        657     2.7333  0.000e+00
      7.818    16.9851   4.225252    32.7107        658     2.7375  0.000e+00
      7.800    16.9837   4.224704    32.7070        659     2.7417  0.000e+00
      7.778    16.9816   4.224848    32.7100        660     2.7458  0.000e+00
      7.762    16.9801   4.225017    32.7127        661     2.7500  0.000e+00
      7.746    16.9799   4.225024    32.7129        662     2.7542  0.000e+00
      7.733    16.9803   4.225044    32.7128        663     2.7583  0.000e+00
      7.721    16.9805   4.224952    32.7118        664     2.7625  0.000e+00
      7.721    16.9806   4.224978    32.7120        665     2.7667  0.000e+00
      7.728    16.9810   4.224828    32.7103        666     2.7708  0.000e+00
      7.737    16.9813   4.225076    32.7123        667     2.7750  0.000e+00
      7.748    16.9818   4.225644    32.7168        668     2.7792  0.000e+00
      7.760    16.9832   4.225983    32.7185        669     2.7833  0.000e+00
      7.766    16.9853   4.225911    32.7162        670     2.7875  0.000e+00
      7.778    16.9865   4.226289    32.7185        671     2.7917  0.000e+00
      7.784    16.9878   4.226205    32.7167        672     2.7958  0.000e+00
      7.785    16.9883   4.225683    32.7117        673     2.8000  0.000e+00
      7.785    16.9876   4.224802    32.7047        674     2.8042  0.000e+00
      7.793    16.9847   4.224443    32.7040        675     2.8083  0.000e+00
      7.787    16.9813   4.224222    32.7048        676     2.8125  0.000e+00
      7.782    16.9776   4.223765    32.7039        677     2.8167  0.000e+00
      7.780    16.9743   4.223537    32.7046        678     2.8208  0.000e+00
      7.769    16.9709   4.223694    32.7087        679     2.8250  0.000e+00
      7.758    16.9694   4.223889    32.7116        680     2.8292  0.000e+00
      7.753    16.9698   4.224052    32.7127        681     2.8333  0.000e+00
      7.742    16.9709   4.224020    32.7116        682     2.8375  0.000e+00
      7.746    16.9716   4.224391    32.7142        683     2.8417  0.000e+00
      7.744    16.9729   4.223889    32.7088        684     2.8458  0.000e+00
      7.748    16.9729   4.223739    32.7075        685     2.8500  0.000e+00
      7.742    16.9713   4.223713    32.7086        686     2.8542  0.000e+00
      7.737    16.9700   4.223615    32.7087        687     2.8583  0.000e+00
      7.739    16.9694   4.223935    32.7120        688     2.8625  0.000e+00
      7.733    16.9695   4.224398    32.7160        689     2.8667  0.000e+00
      7.723    16.9718   4.224998    32.7193        690     2.8708  0.000e+00
      7.706    16.9764   4.224848    32.7143        691     2.8750  0.000e+00
      7.694    16.9788   4.225044    32.7140        692     2.8792  0.000e+00
      7.681    16.9804   4.225357    32.7155        693     2.8833  0.000e+00
      7.667    16.9822   4.225259    32.7131        694     2.8875  0.000e+00
      7.654    16.9833   4.225252    32.7121        695     2.8917  0.000e+00
      7.651    16.9838   4.225285    32.7120        696     2.8958  0.000e+00
      7.645    16.9839   4.225304    32.7121        697     2.9000  0.000e+00
      7.642    16.9841   4.225376    32.7126        698     2.9042  0.000e+00
      7.640    16.9844   4.225115    32.7101        699     2.9083  0.000e+00
      7.633    16.9839   4.225480    32.7137        700     2.9125  0.000e+00
      7.629    16.9844   4.225572    32.7140        701     2.9167  0.000e+00
      7.629    16.9851   4.225507    32.7129        702     2.9208  0.000e+00
      7.633    16.9856   4.225239    32.7102        703     2.9250  0.000e+00
      7.638    16.9852   4.225683    32.7143        704     2.9292  0.000e+00
      7.645    16.9855   4.225598    32.7133        705     2.9333  0.000e+00
      7.647    16.9863   4.225454    32.7115        706     2.9375  0.000e+00
      7.654    16.9861   4.225624    32.7131        707     2.9417  0.000e+00
      7.658    16.9860   4.225807    32.7147        708     2.9458  0.000e+00
      7.661    16.9869   4.225604    32.7123        709     2.9500  0.000e+00
      7.652    16.9869   4.225454    32.7110        710     2.9542  0.000e+00
      7.636    16.9866   4.225428    32.7110        711     2.9583  0.000e+00
      7.606    16.9863   4.225644    32.7131        712     2.9625  0.000e+00
      7.584    16.9864   4.225604    32.7127        713     2.9667  0.000e+00
      7.555    16.9869   4.225572    32.7121        714     2.9708  0.000e+00
      7.521    16.9869   4.225402    32.7105        715     2.9750  0.000e+00
      7.503    16.9865   4.225285    32.7099        716     2.9792  0.000e+00
      7.489    16.9855   4.225200    32.7099        717     2.9833  0.000e+00
      7.482    16.9848   4.225115    32.7098        718     2.9875  0.000e+00
      7.482    16.9841   4.225154    32.7108        719     2.9917  0.000e+00
      7.491    16.9836   4.225311    32.7125        720     2.9958  0.000e+00
      7.498    16.9839   4.225278    32.7120        721     3.0000  0.000e+00
      7.512    16.9844   4.225304    32.7118        722     3.0042  0.000e+00
      7.521    16.9846   4.225330    32.7119        723     3.0083  0.000e+00
      7.537    16.9847   4.225357    32.7120        724     3.0125  0.000e+00
      7.552    16.9848   4.225330    32.7117        725     3.0167  0.000e+00
      7.572    16.9851   4.225174    32.7101        726     3.0208  0.000e+00
      7.579    16.9844   4.225161    32.7105        727     3.0250  0.000e+00
      7.579    16.9837   4.225376    32.7129        728     3.0292  0.000e+00
      7.575    16.9842   4.225454    32.7132        729     3.0333  0.000e+00
      7.573    16.9850   4.225428    32.7124        730     3.0375  0.000e+00
      7.563    16.9853   4.225383    32.7117        731     3.0417  0.000e+00
      7.554    16.9854   4.225174    32.7098        732     3.0458  0.000e+00
      7.546    16.9847   4.225102    32.7098        733     3.0500  0.000e+00
      7.528    16.9840   4.225089    32.7102        734     3.0542  0.000e+00
      7.507    16.9835   4.225174    32.7114        735     3.0583  0.000e+00
      7.489    16.9833   4.225187    32.7116        736     3.0625  0.000e+00
      7.466    16.9832   4.225154    32.7114        737     3.0667  0.000e+00
      7.449    16.9832   4.225141    32.7113        738     3.0708  0.000e+00
      7.433    16.9825   4.224978    32.7105        739     3.0750  0.000e+00
      7.417    16.9812   4.224972    32.7116        740     3.0792  0.000e+00
      7.405    16.9802   4.224724    32.7102        741     3.0833  0.000e+00
      7.394    16.9787   4.224730    32.7115        742     3.0875  0.000e+00
      7.379    16.9780   4.224750    32.7122        743     3.0917  0.000e+00
      7.376    16.9777   4.224998    32.7146        744     3.0958  0.000e+00
      7.369    16.9783   4.225070    32.7148        745     3.1000  0.000e+00
      7.367    16.9788   4.225128    32.7149        746     3.1042  0.000e+00
      7.365    16.9798   4.225187    32.7146        747     3.1083  0.000e+00
      7.369    16.9804   4.225200    32.7141        748     3.1125  0.000e+00
      7.374    16.9808   4.225285    32.7145        749     3.1167  0.000e+00
      7.385    16.9814   4.225480    32.7158        750     3.1208  0.000e+00
      7.387    16.9825   4.225187    32.7124        751     3.1250  0.000e+00
      7.395    16.9830   4.224900    32.7095        752     3.1292  0.000e+00
      7.390    16.9815   4.224874    32.7104        753     3.1333  0.000e+00
      7.386    16.9803   4.224822    32.7110        754     3.1375  0.000e+00
      7.374    16.9793   4.224848    32.7120        755     3.1417  0.000e+00
      7.351    16.9789   4.224919    32.7130        756     3.1458  0.000e+00
      7.309    16.9791   4.224952    32.7131        757     3.1500  0.000e+00
      7.279    16.9794   4.224998    32.7132        758     3.1542  0.000e+00
      7.246    16.9798   4.224900    32.7121        759     3.1583  0.000e+00
      7.209    16.9799   4.224919    32.7122        760     3.1625  0.000e+00
      7.176    16.9799   4.224952    32.7125        761     3.1667  0.000e+00
      7.153    16.9798   4.224802    32.7113        762     3.1708  0.000e+00
      7.153    16.9791   4.224574    32.7099        763     3.1750  0.000e+00
      7.162    16.9779   4.224730    32.7122        764     3.1792  0.000e+00
      7.180    16.9773   4.225050    32.7155        765     3.1833  0.000e+00
      7.205    16.9783   4.225174    32.7157        766     3.1875  0.000e+00
      7.239    16.9796   4.225239    32.7152        767     3.1917  0.000e+00
      7.272    16.9808   4.225154    32.7135        768     3.1958  0.000e+00
      7.307    16.9811   4.225500    32.7162        769     3.2000  0.000e+00
      7.340    16.9818   4.225454    32.7152        770     3.2042  0.000e+00
      7.352    16.9831   4.225526    32.7148        771     3.2083  0.000e+00
      7.343    16.9836   4.225807    32.7168        772     3.2125  0.000e+00
      7.313    16.9847   4.226152    32.7189        773     3.2167  0.000e+00
      7.271    16.9865   4.226387    32.7196        774     3.2208  0.000e+00
      7.232    16.9879   4.225963    32.7148        775     3.2250  0.000e+00
      7.189    16.9880   4.225780    32.7131        776     3.2292  0.000e+00
      7.151    16.9868   4.225911    32.7152        777     3.2333  0.000e+00
      7.126    16.9864   4.225963    32.7160        778     3.2375  0.000e+00
      7.112    16.9866   4.226061    32.7167        779     3.2417  0.000e+00
      7.106    16.9870   4.225741    32.7136        780     3.2458  0.000e+00
      7.110    16.9865   4.225506    32.7119        781     3.2500  0.000e+00
      7.117    16.9851   4.225885    32.7163        782     3.2542  0.000e+00
      7.133    16.9849   4.225682    32.7148        783     3.2583  0.000e+00
      7.148    16.9851   4.225311    32.7114        784     3.2625  0.000e+00
      7.158    16.9841   4.225226    32.7114        785     3.2667  0.000e+00
      7.171    16.9827   4.225839    32.7179        786     3.2708  0.000e+00
      7.182    16.9834   4.226009    32.7188        787     3.2750  0.000e+00
      7.183    16.9853   4.226009    32.7173        788     3.2792  0.000e+00
      7.183    16.9869   4.226054    32.7163        789     3.2833  0.000e+00
      7.192    16.9879   4.226087    32.7158        790     3.2875  0.000e+00
      7.201    16.9884   4.226080    32.7153        791     3.2917  0.000e+00
      7.216    16.9886   4.226113    32.7155        792     3.2958  0.000e+00
      7.232    16.9888   4.226126    32.7154        793     3.3000  0.000e+00
      7.252    16.9889   4.226113    32.7152        794     3.3042  0.000e+00
      7.275    16.9892   4.226250    32.7162        795     3.3083  0.000e+00
      7.306    16.9897   4.226263    32.7159        796     3.3125  0.000e+00
      7.331    16.9902   4.226250    32.7153        797     3.3167  0.000e+00
      7.345    16.9901   4.225956    32.7129        798     3.3208  0.000e+00
      7.361    16.9898   4.225885    32.7125        799     3.3250  0.000e+00
      7.374    16.9893   4.225806    32.7122        800     3.3292  0.000e+00
      7.367    16.9891   4.225754    32.7119        801     3.3333  0.000e+00
      7.349    16.9887   4.225741    32.7121        802     3.3375  0.000e+00
      7.304    16.9885   4.225780    32.7126        803     3.3417  0.000e+00
      7.252    16.9887   4.225813    32.7128        804     3.3458  0.000e+00
      7.194    16.9887   4.225780    32.7125        805     3.3500  0.000e+00
      7.130    16.9886   4.225767    32.7125        806     3.3542  0.000e+00
      7.067    16.9887   4.226087    32.7152        807     3.3583  0.000e+00
      7.013    16.9892   4.226276    32.7165        808     3.3625  0.000e+00
      6.977    16.9902   4.226237    32.7153        809     3.3667  0.000e+00
      6.952    16.9909   4.226276    32.7151        810     3.3708  0.000e+00
      6.945    16.9912   4.226263    32.7147        811     3.3750  0.000e+00
      6.954    16.9916   4.226211    32.7140        812     3.3792  0.000e+00
      6.973    16.9919   4.226224    32.7138        813     3.3833  0.000e+00
      7.004    16.9917   4.226387    32.7154        814     3.3875  0.000e+00
      7.036    16.9923   4.226491    32.7158        815     3.3917  0.000e+00
      7.070    16.9930   4.226491    32.7152        816     3.3958  0.000e+00
      7.094    16.9935   4.226491    32.7148        817     3.4000  0.000e+00
      7.108    16.9939   4.226491    32.7145        818     3.4042  0.000e+00
      7.119    16.9940   4.226367    32.7133        819     3.4083  0.000e+00
      7.099    16.9938   4.226439    32.7141        820     3.4125  0.000e+00
      7.067    16.9937   4.226733    32.7167        821     3.4167  0.000e+00
      7.016    16.9943   4.227626    32.7240        822     3.4208  0.000e+00
      6.957    16.9968   4.227672    32.7224        823     3.4250  0.000e+00
      6.885    16.9991   4.227600    32.7199        824     3.4292  0.000e+00
      6.812    17.0003   4.227522    32.7183        825     3.4333  0.000e+00
      6.740    17.0006   4.227430    32.7172        826     3.4375  0.000e+00
      6.675    17.0006   4.227522    32.7181        827     3.4417  0.000e+00
      6.616    17.0006   4.227554    32.7184        828     3.4458  0.000e+00
      6.578    17.0007   4.227574    32.7185        829     3.4500  0.000e+00
      6.553    17.0011   4.227626    32.7186        830     3.4542  0.000e+00
