PC2406/sbe024.cnv
* Sea-Bird SBE 19plus V2 Data File:
* FileName = C:\cruise\data\sbe024.hex
* Software Version Seasave V 7.26.7.121
* Temperature SN = 7142
* Conductivity SN = 7142
* System UpLoad Time = Oct 29 2024 11:02:00
* NMEA Latitude = 39 49.50 N
* NMEA Longitude = 072 28.42 W
* NMEA UTC (Time) = Oct 29 2024  11:01:58
** Ship: Pisces
** Cruise:  PC2406
** Program:  Fall ECOMON
# nquan = 7
# nvalues = 1461                                  
# units = specified
# name 0 = depSM: Depth [salt water, m]
# name 1 = tv290C: Temperature [ITS-90, deg C]
# name 2 = c0S/m: Conductivity [S/m]
# name 3 = sal00: Salinity, Practical [PSU]
# name 4 = scan: Scan Count
# name 5 = timeM: Time, Elapsed [minutes]
# name 6 = flag:  0.000e+00
# span 0 =      0.150,     62.776                 
# span 1 =    14.6075,    17.8589                 
# span 2 =   0.000005,   4.445950                 
# span 3 =     0.0076,    34.0163                 
# span 4 =         11,       1471                 
# span 5 =     0.0417,     6.1250                 
# span 6 = 0.0000e+00, 0.0000e+00                 
# interval = seconds: 0.25
# start_time = Oct 29 2024 11:01:58 [NMEA time, header]
# bad_flag = -9.990e-29
*END*
[from data line 206]
     12.591    17.4706   4.359394    33.4668        217     0.9000  0.000e+00
     12.722    17.4823   4.358694    33.4511        218     0.9042  0.000e+00
     12.857    17.4896   4.360577    33.4612        219     0.9083  0.000e+00
     12.961    17.4950   4.363181    33.4790        220     0.9125  0.000e+00
     13.078    17.5027   4.360676    33.4511        221     0.9167  0.000e+00
     13.207    17.5126   4.360478    33.4413        222     0.9208  0.000e+00
     13.307    17.5218   4.360953    33.4377        223     0.9250  0.000e+00
     13.424    17.5304   4.359975    33.4222        224     0.9292  0.000e+00
     13.512    17.5378   4.360491    33.4205        225     0.9333  0.000e+00
     13.616    17.5437   4.357239    33.3877        226     0.9375  0.000e+00
     13.749    17.5475   4.357768    33.3891        227     0.9417  0.000e+00
     13.869    17.5167   4.358667    33.4221        228     0.9458  0.000e+00
     14.015    17.4644   4.358741    33.4658        229     0.9500  0.000e+00
     14.166    17.4307   4.358695    33.4932        230     0.9542  0.000e+00
     14.308    17.4067   4.358497    33.5113        231     0.9583  0.000e+00
     14.466    17.3896   4.373038    33.6505        232     0.9625  0.000e+00
     14.645    17.4107   4.390388    33.7822        233     0.9667  0.000e+00
     14.819    17.5045   4.391009    33.7094        234     0.9708  0.000e+00
     14.995    17.5780   4.391346    33.6512        235     0.9750  0.000e+00
     15.171    17.6182   4.391598    33.6200        236     0.9792  0.000e+00
     15.342    17.6395   4.391598    33.6023        237     0.9833  0.000e+00
     15.489    17.6501   4.391677    33.5941        238     0.9875  0.000e+00
     15.658    17.6553   4.391677    33.5898        239     0.9917  0.000e+00
     15.816    17.6576   4.391717    33.5881        240     0.9958  0.000e+00
     15.938    17.6587   4.391750    33.5875        241     1.0000  0.000e+00
     16.064    17.6592   4.391929    33.5885        242     1.0042  0.000e+00
     16.166    17.6602   4.392135    33.5894        243     1.0083  0.000e+00
     16.297    17.6619   4.392135    33.5880        244     1.0125  0.000e+00
     16.427    17.6629   4.392135    33.5872        245     1.0167  0.000e+00
     16.550    17.6632   4.392234    33.5877        246     1.0208  0.000e+00
     16.685    17.6637   4.392274    33.5876        247     1.0250  0.000e+00
     16.798    17.6640   4.392082    33.5856        248     1.0292  0.000e+00
     16.944    17.6636   4.392261    33.5874        249     1.0333  0.000e+00
     17.107    17.6635   4.392261    33.5874        250     1.0375  0.000e+00
     17.245    17.6637   4.392234    33.5870        251     1.0417  0.000e+00
     17.403    17.6636   4.392281    33.5874        252     1.0458  0.000e+00
     17.561    17.6635   4.392221    33.5869        253     1.0500  0.000e+00
     17.687    17.6631   4.392056    33.5858        254     1.0542  0.000e+00
     17.842    17.6628   4.392182    33.5871        255     1.0583  0.000e+00
     18.001    17.6624   4.392155    33.5872        256     1.0625  0.000e+00
     18.136    17.6624   4.392208    33.5876        257     1.0667  0.000e+00
     18.283    17.6624   4.392235    33.5877        258     1.0708  0.000e+00
     18.405    17.6625   4.392261    33.5878        259     1.0750  0.000e+00
     18.529    17.6628   4.392328    33.5881        260     1.0792  0.000e+00
     18.669    17.6632   4.392387    33.5882        261     1.0833  0.000e+00
     18.802    17.6638   4.392388    33.5877        262     1.0875  0.000e+00
     18.942    17.6638   4.392361    33.5874        263     1.0917  0.000e+00
     19.088    17.6638   4.392308    33.5869        264     1.0958  0.000e+00
     19.212    17.6633   4.392434    33.5883        265     1.1000  0.000e+00
     19.373    17.6635   4.392302    33.5870        266     1.1042  0.000e+00
     19.539    17.6628   4.392209    33.5867        267     1.1083  0.000e+00
     19.684    17.6621   4.392156    33.5868        268     1.1125  0.000e+00
     19.855    17.6618   4.392461    33.5896        269     1.1167  0.000e+00
     20.004    17.6623   4.392991    33.5937        270     1.1208  0.000e+00
     20.142    17.6641   4.393502    33.5964        271     1.1250  0.000e+00
     20.309    17.6667   4.393727    33.5962        272     1.1292  0.000e+00
     20.471    17.6691   4.393502    33.5922        273     1.1333  0.000e+00
     20.612    17.6697   4.393045    33.5877        274     1.1375  0.000e+00
     20.769    17.6685   4.392892    33.5874        275     1.1417  0.000e+00
     20.894    17.6671   4.392866    33.5883        276     1.1458  0.000e+00
     21.026    17.6664   4.393071    33.5905        277     1.1500  0.000e+00
     21.178    17.6666   4.393423    33.5934        278     1.1542  0.000e+00
     21.309    17.6676   4.393496    33.5931        279     1.1583  0.000e+00
     21.446    17.6688   4.393701    33.5938        280     1.1625  0.000e+00
     21.579    17.6700   4.393675    33.5926        281     1.1667  0.000e+00
     21.690    17.6705   4.393827    33.5933        282     1.1708  0.000e+00
     21.834    17.6715   4.394411    33.5975        283     1.1750  0.000e+00
     21.974    17.6732   4.394411    33.5961        284     1.1792  0.000e+00
     22.099    17.6742   4.394736    33.5980        285     1.1833  0.000e+00
     22.239    17.6754   4.394563    33.5955        286     1.1875  0.000e+00
     22.349    17.6762   4.394338    33.5928        287     1.1917  0.000e+00
     22.476    17.6760   4.394537    33.5946        288     1.1958  0.000e+00
     22.606    17.6759   4.395021    33.5988        289     1.2000  0.000e+00
     22.715    17.6772   4.395121    33.5985        290     1.2042  0.000e+00
     22.841    17.6785   4.395399    33.5998        291     1.2083  0.000e+00
     22.947    17.6796   4.394948    33.5950        292     1.2125  0.000e+00
     23.058    17.6796   4.394995    33.5954        293     1.2167  0.000e+00
     23.195    17.6795   4.395121    33.5965        294     1.2208  0.000e+00
     23.331    17.6794   4.394842    33.5941        295     1.2250  0.000e+00
     23.477    17.6786   4.395121    33.5971        296     1.2292  0.000e+00
     23.646    17.6787   4.395804    33.6028        297     1.2333  0.000e+00
     23.796    17.6802   4.396387    33.6065        298     1.2375  0.000e+00
     23.963    17.6825   4.396646    33.6067        299     1.2417  0.000e+00
     24.150    17.6846   4.396586    33.6045        300     1.2458  0.000e+00
     24.346    17.6857   4.396388    33.6017        301     1.2500  0.000e+00
     24.529    17.6856   4.396918    33.6063        302     1.2542  0.000e+00
     24.716    17.6862   4.397349    33.6094        303     1.2583  0.000e+00
     24.899    17.6875   4.397960    33.6135        304     1.2625  0.000e+00
     25.050    17.6899   4.398437    33.6155        305     1.2667  0.000e+00
     25.211    17.6923   4.398868    33.6171        306     1.2708  0.000e+00
     25.373    17.6945   4.399120    33.6174        307     1.2750  0.000e+00
     25.499    17.6963   4.399910    33.6227        308     1.2792  0.000e+00
     25.623    17.6992   4.401429    33.6332        309     1.2833  0.000e+00
     25.707    17.7035   4.402245    33.6366        310     1.2875  0.000e+00
     25.818    17.7080   4.403108    33.6402        311     1.2917  0.000e+00
     25.941    17.7123   4.404070    33.6448        312     1.2958  0.000e+00
     26.050    17.7162   4.403878    33.6399        313     1.3000  0.000e+00
     26.178    17.7189   4.404448    33.6425        314     1.3042  0.000e+00
     26.282    17.7210   4.404296    33.6395        315     1.3083  0.000e+00
     26.402    17.7220   4.404654    33.6416        316     1.3125  0.000e+00
     26.544    17.7229   4.404860    33.6426        317     1.3167  0.000e+00
     26.680    17.7238   4.404833    33.6416        318     1.3208  0.000e+00
     26.819    17.7240   4.404322    33.6370        319     1.3250  0.000e+00
     26.966    17.7236   4.403738    33.6323        320     1.3292  0.000e+00
     27.088    17.7222   4.404435    33.6394        321     1.3333  0.000e+00
     27.244    17.7216   4.404986    33.6445        322     1.3375  0.000e+00
     27.406    17.7228   4.404834    33.6421        323     1.3417  0.000e+00
     27.553    17.7235   4.404807    33.6413        324     1.3458  0.000e+00
     27.713    17.7234   4.404860    33.6417        325     1.3500  0.000e+00
     27.853    17.7236   4.404880    33.6417        326     1.3542  0.000e+00
     27.984    17.7236   4.404960    33.6423        327     1.3583  0.000e+00
     28.151    17.7241   4.404834    33.6408        328     1.3625  0.000e+00
     28.309    17.7240   4.404807    33.6406        329     1.3667  0.000e+00
     28.455    17.7233   4.404934    33.6421        330     1.3708  0.000e+00
     28.618    17.7233   4.405060    33.6432        331     1.3750  0.000e+00
     28.767    17.7236   4.405086    33.6431        332     1.3792  0.000e+00
     28.925    17.7237   4.405418    33.6458        333     1.3833  0.000e+00
     29.107    17.7243   4.405545    33.6464        334     1.3875  0.000e+00
     29.293    17.7249   4.405418    33.6447        335     1.3917  0.000e+00
     29.469    17.7250   4.405578    33.6459        336     1.3958  0.000e+00
     29.653    17.7250   4.405591    33.6459        337     1.4000  0.000e+00
     29.832    17.7253   4.405770    33.6472        338     1.4042  0.000e+00
     29.990    17.7257   4.405877    33.6477        339     1.4083  0.000e+00
     30.168    17.7261   4.405877    33.6473        340     1.4125  0.000e+00
     30.335    17.7265   4.405923    33.6473        341     1.4167  0.000e+00
     30.461    17.7267   4.405976    33.6475        342     1.4208  0.000e+00
     30.587    17.7270   4.406076    33.6481        343     1.4250  0.000e+00
     30.669    17.7273   4.406056    33.6476        344     1.4292  0.000e+00
     30.782    17.7273   4.406103    33.6480        345     1.4333  0.000e+00
     30.885    17.7276   4.406229    33.6488        346     1.4375  0.000e+00
     30.980    17.7279   4.406255    33.6487        347     1.4417  0.000e+00
     31.075    17.7281   4.406408    33.6499        348     1.4458  0.000e+00
     31.161    17.7283   4.406481    33.6502        349     1.4500  0.000e+00
     31.285    17.7288   4.406787    33.6524        350     1.4542  0.000e+00
     31.395    17.7299   4.406893    33.6523        351     1.4583  0.000e+00
     31.524    17.7307   4.406959    33.6522        352     1.4625  0.000e+00
     31.673    17.7315   4.407019    33.6521        353     1.4667  0.000e+00
     31.813    17.7320   4.406993    33.6514        354     1.4708  0.000e+00
     31.973    17.7322   4.406913    33.6504        355     1.4750  0.000e+00
     32.156    17.7317   4.406840    33.6501        356     1.4792  0.000e+00
     32.341    17.7311   4.406867    33.6508        357     1.4833  0.000e+00
     32.533    17.7309   4.406893    33.6511        358     1.4875  0.000e+00
     32.733    17.7306   4.406966    33.6519        359     1.4917  0.000e+00
     32.939    17.7308   4.407146    33.6532        360     1.4958  0.000e+00
     33.124    17.7314   4.407272    33.6538        361     1.5000  0.000e+00
     33.327    17.7323   4.407325    33.6534        362     1.5042  0.000e+00
     33.525    17.7330   4.407398    33.6534        363     1.5083  0.000e+00
     33.697    17.7334   4.407631    33.6549        364     1.5125  0.000e+00
     33.864    17.7342   4.407910    33.6566        365     1.5167  0.000e+00
     34.002    17.7354   4.408109    33.6572        366     1.5208  0.000e+00
     34.128    17.7364   4.408162    33.6568        367     1.5250  0.000e+00
     34.282    17.7371   4.408235    33.6568        368     1.5292  0.000e+00
     34.410    17.7376   4.408182    33.6559        369     1.5333  0.000e+00
     34.534    17.7375   4.408288    33.6569        370     1.5375  0.000e+00
     34.640    17.7378   4.408315    33.6568        371     1.5417  0.000e+00
     34.749    17.7378   4.408341    33.6570        372     1.5458  0.000e+00
     34.897    17.7379   4.408388    33.6573        373     1.5500  0.000e+00
     35.021    17.7381   4.408341    33.6566        374     1.5542  0.000e+00
     35.154    17.7382   4.408368    33.6567        375     1.5583  0.000e+00
     35.295    17.7380   4.408315    33.6564        376     1.5625  0.000e+00
     35.410    17.7377   4.408315    33.6566        377     1.5667  0.000e+00
     35.567    17.7377   4.408342    33.6567        378     1.5708  0.000e+00
     35.719    17.7377   4.408289    33.6562        379     1.5750  0.000e+00
     35.863    17.7375   4.408315    33.6566        380     1.5792  0.000e+00
     36.023    17.7372   4.408236    33.6561        381     1.5833  0.000e+00
     36.168    17.7370   4.408315    33.6569        382     1.5875  0.000e+00
     36.310    17.7370   4.408369    33.6573        383     1.5917  0.000e+00
     36.472    17.7372   4.408468    33.6579        384     1.5958  0.000e+00
     36.621    17.7375   4.408502    33.6579        385     1.6000  0.000e+00
     36.773    17.7377   4.408674    33.6591        386     1.6042  0.000e+00
     36.917    17.7381   4.408721    33.6591        387     1.6083  0.000e+00
     37.054    17.7388   4.408774    33.6590        388     1.6125  0.000e+00
     37.208    17.7392   4.409232    33.6625        389     1.6167  0.000e+00
     37.363    17.7404   4.409305    33.6621        390     1.6208  0.000e+00
     37.512    17.7417   4.409458    33.6623        391     1.6250  0.000e+00
     37.671    17.7427   4.409717    33.6636        392     1.6292  0.000e+00
     37.813    17.7439   4.409843    33.6636        393     1.6333  0.000e+00
     37.968    17.7447   4.410129    33.6653        394     1.6375  0.000e+00
     38.135    17.7463   4.410301    33.6655        395     1.6417  0.000e+00
     38.304    17.7474   4.410195    33.6636        396     1.6458  0.000e+00
     38.472    17.7479   4.410096    33.6623        397     1.6500  0.000e+00
     38.652    17.7474   4.410527    33.6663        398     1.6542  0.000e+00
     38.810    17.7482   4.410833    33.6682        399     1.6583  0.000e+00
     38.983    17.7496   4.410986    33.6683        400     1.6625  0.000e+00
     39.168    17.7509   4.411039    33.6675        401     1.6667  0.000e+00
     39.338    17.7518   4.410979    33.6662        402     1.6708  0.000e+00
     39.518    17.7520   4.411059    33.6667        403     1.6750  0.000e+00
     39.696    17.7521   4.411165    33.6674        404     1.6792  0.000e+00
     39.848    17.7524   4.411365    33.6688        405     1.6833  0.000e+00
     40.013    17.7533   4.411444    33.6687        406     1.6875  0.000e+00
     40.188    17.7538   4.411624    33.6698        407     1.6917  0.000e+00
     40.344    17.7544   4.411750    33.6703        408     1.6958  0.000e+00
     40.507    17.7551   4.411956    33.6714        409     1.7000  0.000e+00
     40.640    17.7561   4.412255    33.6731        410     1.7042  0.000e+00
     40.771    17.7575   4.412627    33.6750        411     1.7083  0.000e+00
     40.922    17.7591   4.412766    33.6749        412     1.7125  0.000e+00
     41.055    17.7607   4.412972    33.6752        413     1.7167  0.000e+00
     41.192    17.7621   4.413377    33.6775        414     1.7208  0.000e+00
     41.325    17.7638   4.413630    33.6782        415     1.7250  0.000e+00
     41.443    17.7656   4.413809    33.6782        416     1.7292  0.000e+00
     41.592    17.7672   4.414268    33.6808        417     1.7333  0.000e+00
     41.736    17.7692   4.414958    33.6849        418     1.7375  0.000e+00
     41.881    17.7723   4.415696    33.6886        419     1.7417  0.000e+00
     42.041    17.7763   4.417018    33.6965        420     1.7458  0.000e+00
