PC2406/sbe014.cnv
* Sea-Bird SBE 19plus V2 Data File:
* FileName = C:\cruise\data\sbe014.hex
* Software Version Seasave V 7.26.7.121
* Temperature SN = 7142
* Conductivity SN = 7142
* System UpLoad Time = Oct 28 2024 09:39:18
* NMEA Latitude = 40 25.21 N
* NMEA Longitude = 070 02.62 W
* NMEA UTC (Time) = Oct 28 2024  09:39:16
** Ship: Pisces
** Cruise:  PC2406
** Program:  Fall ECOMON
# nquan = 7
# nvalues = 1490                                  
# units = specified
# name 0 = depSM: Depth [salt water, m]
# name 1 = tv290C: Temperature [ITS-90, deg C]
# name 2 = c0S/m: Conductivity [S/m]
# name 3 = sal00: Salinity, Practical [PSU]
# name 4 = scan: Scan Count
# name 5 = timeM: Time, Elapsed [minutes]
# name 6 = flag:  0.000e+00
# span 0 =      0.105,     73.034                 
# span 1 =    10.9915,    14.4318                 
# span 2 =   0.000008,   3.928654                 
# span 3 =     0.0063,    33.0535                 
# span 4 =         11,       1500                 
# span 5 =     0.0417,     6.2458                 
# span 6 = 0.0000e+00, 0.0000e+00                 
# interval = seconds: 0.25
# start_time = Oct 28 2024 09:39:16 [NMEA time, header]
# bad_flag = -9.990e-29
*END*
[from data line 411]
     53.682    11.0627   3.659860    32.4918        422     1.7542  0.000e+00
     53.834    11.0521   3.659147    32.4941        423     1.7583  0.000e+00
     53.996    11.0414   3.659282    32.5048        424     1.7625  0.000e+00
     54.161    11.0347   3.660082    32.5185        425     1.7667  0.000e+00
     54.321    11.0338   3.660236    32.5208        426     1.7708  0.000e+00
     54.485    11.0342   3.660169    32.5197        427     1.7750  0.000e+00
     54.652    11.0331   3.660772    32.5266        428     1.7792  0.000e+00
     54.813    11.0336   3.661190    32.5302        429     1.7833  0.000e+00
     54.977    11.0354   3.661971    32.5363        430     1.7875  0.000e+00
     55.144    11.0378   3.662790    32.5422        431     1.7917  0.000e+00
     55.296    11.0405   3.663842    32.5501        432     1.7958  0.000e+00
     55.447    11.0443   3.665375    32.5618        433     1.8000  0.000e+00
     55.593    11.0513   3.666243    32.5641        434     1.8042  0.000e+00
     55.735    11.0587   3.668896    32.5837        435     1.8083  0.000e+00
     55.880    11.0698   3.677823    32.6620        436     1.8125  0.000e+00
     56.017    11.0995   3.682336    32.6801        437     1.8167  0.000e+00
     56.153    11.1352   3.682404    32.6490        438     1.8208  0.000e+00
     56.286    11.1562   3.682706    32.6333        439     1.8250  0.000e+00
     56.428    11.1653   3.684556    32.6434        440     1.8292  0.000e+00
     56.573    11.1742   3.685604    32.6458        441     1.8333  0.000e+00
     56.728    11.1817   3.686302    32.6460        442     1.8375  0.000e+00
     56.879    11.1889   3.687579    32.6521        443     1.8417  0.000e+00
     57.024    11.1963   3.687850    32.6482        444     1.8458  0.000e+00
     57.179    11.2017   3.688757    32.6522        445     1.8500  0.000e+00
     57.335    11.2068   3.690047    32.6604        446     1.8542  0.000e+00
     57.498    11.2130   3.690566    32.6599        447     1.8583  0.000e+00
     57.660    11.2189   3.691775    32.6665        448     1.8625  0.000e+00
     57.818    11.2246   3.691529    32.6590        449     1.8667  0.000e+00
     57.964    11.2291   3.692671    32.6662        450     1.8708  0.000e+00
     58.113    11.2334   3.692955    32.6651        451     1.8750  0.000e+00
     58.256    11.2377   3.693844    32.6699        452     1.8792  0.000e+00
     58.404    11.2422   3.695233    32.6796        453     1.8833  0.000e+00
     58.546    11.2490   3.697345    32.6943        454     1.8875  0.000e+00
     58.686    11.2595   3.699415    32.7053        455     1.8917  0.000e+00
     58.824    11.2725   3.704081    32.7396        456     1.8958  0.000e+00
     58.964    11.2932   3.707376    32.7535        457     1.9000  0.000e+00
     59.111    11.3169   3.709719    32.7555        458     1.9042  0.000e+00
     59.257    11.3387   3.708204    32.7211        459     1.9083  0.000e+00
     59.406    11.3486   3.707190    32.7024        460     1.9125  0.000e+00
     59.550    11.3485   3.706732    32.6980        461     1.9167  0.000e+00
     59.697    11.3450   3.710622    32.7391        462     1.9208  0.000e+00
     59.851    11.3511   3.712225    32.7495        463     1.9250  0.000e+00
     60.006    11.3632   3.713833    32.7544        464     1.9292  0.000e+00
     60.164    11.3743   3.715616    32.7620        465     1.9333  0.000e+00
     60.316    11.3869   3.721274    32.8063        466     1.9375  0.000e+00
     60.475    11.4103   3.725430    32.8262        467     1.9417  0.000e+00
     60.642    11.4386   3.728857    32.8346        468     1.9458  0.000e+00
     60.814    11.4660   3.730041    32.8218        469     1.9500  0.000e+00
     60.985    11.4871   3.730766    32.8101        470     1.9542  0.000e+00
     61.157    11.5014   3.732973    32.8189        471     1.9583  0.000e+00
     61.322    11.5148   3.738096    32.8571        472     1.9625  0.000e+00
     61.488    11.5352   3.737240    32.8306        473     1.9667  0.000e+00
     61.662    11.5482   3.735385    32.8008        474     1.9708  0.000e+00
     61.829    11.5503   3.737935    32.8239        475     1.9750  0.000e+00
     61.990    11.5555   3.741124    32.8504        476     1.9792  0.000e+00
     62.145    11.5690   3.747587    32.9014        477     1.9833  0.000e+00
     62.290    11.5959   3.752482    32.9253        478     1.9875  0.000e+00
     62.434    11.6293   3.755390    32.9240        479     1.9917  0.000e+00
     62.569    11.6588   3.756298    32.9066        480     1.9958  0.000e+00
     62.707    11.6798   3.760756    32.9315        481     2.0000  0.000e+00
     62.829    11.7024   3.762043    32.9239        482     2.0042  0.000e+00
     62.950    11.7223   3.764973    32.9347        483     2.0083  0.000e+00
     63.065    11.7408   3.765763    32.9260        484     2.0125  0.000e+00
     63.183    11.7551   3.767531    32.9305        485     2.0167  0.000e+00
     63.309    11.7675   3.769915    32.9427        486     2.0208  0.000e+00
     63.438    11.7815   3.772181    32.9522        487     2.0250  0.000e+00
     63.566    11.7986   3.775961    32.9738        488     2.0292  0.000e+00
     63.691    11.8190   3.777949    32.9749        489     2.0333  0.000e+00
     63.824    11.8389   3.778316    32.9609        490     2.0375  0.000e+00
     63.963    11.8520   3.778185    32.9479        491     2.0417  0.000e+00
     64.106    11.8580   3.779101    32.9514        492     2.0458  0.000e+00
     64.245    11.8633   3.781781    32.9727        493     2.0500  0.000e+00
     64.387    11.8736   3.783608    32.9812        494     2.0542  0.000e+00
     64.521    11.8852   3.784736    32.9819        495     2.0583  0.000e+00
     64.667    11.8961   3.787099    32.9951        496     2.0625  0.000e+00
     64.812    11.9094   3.787561    32.9878        497     2.0667  0.000e+00
     64.954    11.9188   3.786987    32.9738        498     2.0708  0.000e+00
     65.089    11.9226   3.787536    32.9757        499     2.0750  0.000e+00
     65.233    11.9261   3.790499    33.0013        500     2.0792  0.000e+00
     65.373    11.9351   3.790898    32.9971        501     2.0833  0.000e+00
     65.516    11.9441   3.791728    32.9971        502     2.0875  0.000e+00
     65.664    11.9504   3.791142    32.9858        503     2.0917  0.000e+00
     65.809    11.9535   3.792053    32.9918        504     2.0958  0.000e+00
     65.951    11.9559   3.792677    32.9957        505     2.1000  0.000e+00
     66.095    11.9600   3.794418    33.0089        506     2.1042  0.000e+00
     66.249    11.9670   3.795948    33.0174        507     2.1083  0.000e+00
     66.411    11.9753   3.795130    33.0021        508     2.1125  0.000e+00
     66.574    11.9802   3.796347    33.0095        509     2.1167  0.000e+00
     66.731    11.9837   3.797677    33.0192        510     2.1208  0.000e+00
     66.892    11.9901   3.799363    33.0297        511     2.1250  0.000e+00
     67.056    11.9994   3.799094    33.0189        512     2.1292  0.000e+00
     67.217    12.0054   3.799575    33.0181        513     2.1333  0.000e+00
     67.384    12.0093   3.800269    33.0213        514     2.1375  0.000e+00
     67.544    12.0125   3.801093    33.0264        515     2.1417  0.000e+00
     67.688    12.0176   3.802061    33.0312        516     2.1458  0.000e+00
     67.835    12.0231   3.803467    33.0398        517     2.1500  0.000e+00
     67.979    12.0303   3.804573    33.0441        518     2.1542  0.000e+00
     68.126    12.0398   3.805754    33.0471        519     2.1583  0.000e+00
     68.256    12.0476   3.805991    33.0424        520     2.1625  0.000e+00
     68.387    12.0540   3.807066    33.0471        521     2.1667  0.000e+00
     68.507    12.0598   3.807529    33.0464        522     2.1708  0.000e+00
     68.626    12.0655   3.808341    33.0491        523     2.1750  0.000e+00
     68.744    12.0706   3.809023    33.0512        524     2.1792  0.000e+00
     68.865    12.0761   3.809135    33.0473        525     2.1833  0.000e+00
     68.989    12.0800   3.809354    33.0460        526     2.1875  0.000e+00
     69.105    12.0828   3.809510    33.0449        527     2.1917  0.000e+00
     69.224    12.0844   3.809535    33.0437        528     2.1958  0.000e+00
     69.357    12.0857   3.809604    33.0432        529     2.2000  0.000e+00
     69.490    12.0864   3.809667    33.0431        530     2.2042  0.000e+00
     69.624    12.0866   3.809579    33.0420        531     2.2083  0.000e+00
     69.763    12.0868   3.809736    33.0432        532     2.2125  0.000e+00
     69.903    12.0872   3.809648    33.0420        533     2.2167  0.000e+00
     70.045    12.0873   3.809692    33.0423        534     2.2208  0.000e+00
     70.190    12.0870   3.809673    33.0423        535     2.2250  0.000e+00
     70.345    12.0873   3.809767    33.0429        536     2.2292  0.000e+00
     70.494    12.0873   3.810092    33.0459        537     2.2333  0.000e+00
     70.634    12.0883   3.810255    33.0466        538     2.2375  0.000e+00
     70.776    12.0899   3.810336    33.0460        539     2.2417  0.000e+00
     70.923    12.0908   3.810511    33.0467        540     2.2458  0.000e+00
     71.074    12.0919   3.810755    33.0481        541     2.2500  0.000e+00
     71.219    12.0933   3.810887    33.0480        542     2.2542  0.000e+00
     71.360    12.0946   3.810893    33.0469        543     2.2583  0.000e+00
     71.498    12.0953   3.810912    33.0464        544     2.2625  0.000e+00
     71.642    12.0959   3.811112    33.0477        545     2.2667  0.000e+00
     71.785    12.0965   3.811256    33.0485        546     2.2708  0.000e+00
     71.938    12.0975   3.811249    33.0475        547     2.2750  0.000e+00
     72.089    12.0982   3.810999    33.0444        548     2.2792  0.000e+00
     72.229    12.0978   3.811162    33.0463        549     2.2833  0.000e+00
     72.374    12.0976   3.811093    33.0458        550     2.2875  0.000e+00
     72.520    12.0976   3.811256    33.0473        551     2.2917  0.000e+00
     72.664    12.0978   3.811669    33.0510        552     2.2958  0.000e+00
     72.809    12.0994   3.811794    33.0507        553     2.3000  0.000e+00
     72.960    12.1012   3.811963    33.0507        554     2.3042  0.000e+00
     73.018    12.1025   3.812075    33.0506        555     2.3083  0.000e+00
     73.034    12.1039   3.811981    33.0485        556     2.3125  0.000e+00
     72.987    12.1042   3.812006    33.0485        557     2.3167  0.000e+00
     72.908    12.1044   3.812181    33.0500        558     2.3208  0.000e+00
     72.838    12.1049   3.812307    33.0508        559     2.3250  0.000e+00
     72.806    12.1059   3.812363    33.0505        560     2.3292  0.000e+00
     72.788    12.1068   3.812356    33.0497        561     2.3333  0.000e+00
     72.766    12.1072   3.812338    33.0491        562     2.3375  0.000e+00
     72.741    12.1072   3.812381    33.0495        563     2.3417  0.000e+00
     72.716    12.1075   3.812425    33.0497        564     2.3458  0.000e+00
     72.707    12.1078   3.812450    33.0497        565     2.3500  0.000e+00
     72.669    12.1079   3.812494    33.0500        566     2.3542  0.000e+00
     72.621    12.1081   3.812519    33.0501        567     2.3583  0.000e+00
     72.547    12.1085   3.812563    33.0502        568     2.3625  0.000e+00
     72.477    12.1086   3.812632    33.0508        569     2.3667  0.000e+00
     72.432    12.1090   3.812613    33.0503        570     2.3708  0.000e+00
     72.387    12.1094   3.812581    33.0497        571     2.3750  0.000e+00
     72.335    12.1096   3.812544    33.0492        572     2.3792  0.000e+00
     72.254    12.1093   3.812475    33.0488        573     2.3833  0.000e+00
     72.170    12.1090   3.812450    33.0489        574     2.3875  0.000e+00
     72.074    12.1087   3.812538    33.0500        575     2.3917  0.000e+00
     71.972    12.1089   3.812613    33.0506        576     2.3958  0.000e+00
     71.864    12.1092   3.812650    33.0507        577     2.4000  0.000e+00
     71.744    12.1097   3.812681    33.0506        578     2.4042  0.000e+00
     71.616    12.1100   3.812831    33.0518        579     2.4083  0.000e+00
     71.487    12.1105   3.812963    33.0528        580     2.4125  0.000e+00
     71.358    12.1115   3.812806    33.0505        581     2.4167  0.000e+00
     71.223    12.1118   3.812844    33.0506        582     2.4208  0.000e+00
     71.085    12.1119   3.812937    33.0514        583     2.4250  0.000e+00
     70.950    12.1121   3.813163    33.0535        584     2.4292  0.000e+00
     70.812    12.1131   3.812844    33.0496        585     2.4333  0.000e+00
     70.672    12.1131   3.812937    33.0506        586     2.4375  0.000e+00
     70.535    12.1132   3.812212    33.0435        587     2.4417  0.000e+00
     70.386    12.1103   3.811536    33.0396        588     2.4458  0.000e+00
     70.231    12.1063   3.811280    33.0407        589     2.4500  0.000e+00
     70.057    12.1029   3.811067    33.0418        590     2.4542  0.000e+00
     69.860    12.1002   3.810980    33.0434        591     2.4583  0.000e+00
     69.684    12.0987   3.810980    33.0448        592     2.4625  0.000e+00
     69.513    12.0976   3.810604    33.0422        593     2.4667  0.000e+00
     69.351    12.0964   3.810223    33.0396        594     2.4708  0.000e+00
     69.204    12.0941   3.810723    33.0466        595     2.4750  0.000e+00
     69.060    12.0939   3.811111    33.0506        596     2.4792  0.000e+00
     68.915    12.0956   3.811348    33.0514        597     2.4833  0.000e+00
     68.755    12.0979   3.811442    33.0504        598     2.4875  0.000e+00
     68.597    12.0990   3.810423    33.0396        599     2.4917  0.000e+00
     68.453    12.0972   3.810160    33.0387        600     2.4958  0.000e+00
     68.304    12.0945   3.810248    33.0420        601     2.5000  0.000e+00
     68.162    12.0924   3.810304    33.0445        602     2.5042  0.000e+00
     68.029    12.0919   3.810266    33.0446        603     2.5083  0.000e+00
     67.896    12.0917   3.810160    33.0438        604     2.5125  0.000e+00
     67.760    12.0912   3.809822    33.0411        605     2.5167  0.000e+00
     67.645    12.0897   3.809672    33.0410        606     2.5208  0.000e+00
     67.526    12.0880   3.809441    33.0403        607     2.5250  0.000e+00
     67.424    12.0861   3.808878    33.0366        608     2.5292  0.000e+00
     67.320    12.0838   3.808953    33.0394        609     2.5333  0.000e+00
     67.217    12.0822   3.808178    33.0333        610     2.5375  0.000e+00
     67.108    12.0794   3.806828    33.0228        611     2.5417  0.000e+00
     67.000    12.0744   3.807022    33.0291        612     2.5458  0.000e+00
     66.896    12.0699   3.807059    33.0336        613     2.5500  0.000e+00
     66.786    12.0683   3.805284    33.0178        614     2.5542  0.000e+00
     66.682    12.0628   3.803991    33.0103        615     2.5583  0.000e+00
     66.578    12.0546   3.802710    33.0052        616     2.5625  0.000e+00
     66.474    12.0462   3.803360    33.0190        617     2.5667  0.000e+00
     66.377    12.0419   3.804241    33.0313        618     2.5708  0.000e+00
     66.276    12.0427   3.803760    33.0260        619     2.5750  0.000e+00
     66.177    12.0435   3.803685    33.0246        620     2.5792  0.000e+00
     66.082    12.0426   3.802872    33.0176        621     2.5833  0.000e+00
     65.985    12.0400   3.802804    33.0193        622     2.5875  0.000e+00
     65.890    12.0373   3.802379    33.0175        623     2.5917  0.000e+00
     65.798    12.0347   3.802591    33.0219        624     2.5958  0.000e+00
     65.703    12.0343   3.802710    33.0235        625     2.6000  0.000e+00
