PC2406/sbe004.cnv
* Sea-Bird SBE 19plus V2 Data File:
* FileName = C:\cruise\data\sbe004.hex
* Software Version Seasave V 7.26.7.121
* Temperature SN = 7142
* Conductivity SN = 7142
* System UpLoad Time = Oct 27 2024 20:03:46
* NMEA Latitude = 40 56.82 N
* NMEA Longitude = 070 53.42 W
* NMEA UTC (Time) = Oct 27 2024  20:03:43
** Ship: Pisces
** Cruise:  PC2406
** Program:  Fall ECOMON
# nquan = 7
# nvalues = 1463                                  
# units = specified
# name 0 = depSM: Depth [salt water, m]
# name 1 = tv290C: Temperature [ITS-90, deg C]
# name 2 = c0S/m: Conductivity [S/m]
# name 3 = sal00: Salinity, Practical [PSU]
# name 4 = scan: Scan Count
# name 5 = timeM: Time, Elapsed [minutes]
# name 6 = flag:  0.000e+00
# span 0 =      0.092,     49.910                 
# span 1 =    15.5272,    18.3539                 
# span 2 =  -0.000014,   4.456895                 
# span 3 =     0.0000,    33.6492                 
# span 4 =         11,       1473                 
# span 5 =     0.0417,     6.1333                 
# span 6 = 0.0000e+00, 0.0000e+00                 
# interval = seconds: 0.25
# start_time = Oct 27 2024 20:03:43 [NMEA time, header]
# bad_flag = -9.990e-29
*END*
[from data line 1026]
     21.532    16.1904   4.115104    32.3922       1037     4.3167  0.000e+00
     21.519    16.1905   4.115078    32.3919       1038     4.3208  0.000e+00
     21.507    16.1906   4.115104    32.3920       1039     4.3250  0.000e+00
     21.485    16.1903   4.115059    32.3918       1040     4.3292  0.000e+00
     21.467    16.1904   4.115059    32.3918       1041     4.3333  0.000e+00
     21.444    16.1902   4.115059    32.3920       1042     4.3375  0.000e+00
     21.422    16.1902   4.115078    32.3922       1043     4.3417  0.000e+00
     21.403    16.1901   4.115104    32.3925       1044     4.3458  0.000e+00
     21.383    16.1902   4.115059    32.3920       1045     4.3500  0.000e+00
     21.361    16.1900   4.115007    32.3917       1046     4.3542  0.000e+00
     21.327    16.1900   4.115059    32.3922       1047     4.3583  0.000e+00
     21.302    16.1901   4.115078    32.3923       1048     4.3625  0.000e+00
     21.268    16.1902   4.115078    32.3922       1049     4.3667  0.000e+00
     21.234    16.1902   4.115014    32.3917       1050     4.3708  0.000e+00
     21.191    16.1902   4.115007    32.3916       1051     4.3750  0.000e+00
     21.148    16.1898   4.114981    32.3917       1052     4.3792  0.000e+00
     21.097    16.1897   4.114956    32.3916       1053     4.3833  0.000e+00
     21.049    16.1894   4.114956    32.3919       1054     4.3875  0.000e+00
     21.002    16.1892   4.114943    32.3919       1055     4.3917  0.000e+00
     20.961    16.1890   4.114936    32.3920       1056     4.3958  0.000e+00
     20.918    16.1892   4.114936    32.3919       1057     4.4000  0.000e+00
     20.871    16.1890   4.114910    32.3918       1058     4.4042  0.000e+00
     20.831    16.1889   4.114910    32.3920       1059     4.4083  0.000e+00
     20.801    16.1889   4.114872    32.3916       1060     4.4125  0.000e+00
     20.770    16.1887   4.114885    32.3919       1061     4.4167  0.000e+00
     20.740    16.1885   4.114885    32.3920       1062     4.4208  0.000e+00
     20.718    16.1885   4.114910    32.3923       1063     4.4250  0.000e+00
     20.697    16.1886   4.114936    32.3924       1064     4.4292  0.000e+00
     20.679    16.1889   4.114968    32.3925       1065     4.4333  0.000e+00
     20.661    16.1891   4.114955    32.3922       1066     4.4375  0.000e+00
     20.647    16.1894   4.114955    32.3920       1067     4.4417  0.000e+00
     20.634    16.1894   4.114936    32.3919       1068     4.4458  0.000e+00
     20.612    16.1893   4.114910    32.3917       1069     4.4500  0.000e+00
     20.600    16.1894   4.114923    32.3918       1070     4.4542  0.000e+00
     20.584    16.1890   4.114910    32.3919       1071     4.4583  0.000e+00
     20.564    16.1890   4.114936    32.3922       1072     4.4625  0.000e+00
     20.539    16.1890   4.114936    32.3922       1073     4.4667  0.000e+00
     20.506    16.1892   4.114936    32.3920       1074     4.4708  0.000e+00
     20.472    16.1894   4.114955    32.3921       1075     4.4750  0.000e+00
     20.436    16.1894   4.114923    32.3918       1076     4.4792  0.000e+00
     20.399    16.1894   4.114936    32.3920       1077     4.4833  0.000e+00
     20.361    16.1894   4.114936    32.3920       1078     4.4875  0.000e+00
     20.314    16.1893   4.114955    32.3922       1079     4.4917  0.000e+00
     20.280    16.1895   4.114981    32.3923       1080     4.4958  0.000e+00
     20.243    16.1896   4.114988    32.3923       1081     4.5000  0.000e+00
     20.203    16.1899   4.114981    32.3920       1082     4.5042  0.000e+00
     20.162    16.1900   4.114981    32.3919       1083     4.5083  0.000e+00
     20.128    16.1899   4.114936    32.3916       1084     4.5125  0.000e+00
     20.085    16.1898   4.114910    32.3914       1085     4.5167  0.000e+00
     20.041    16.1896   4.114923    32.3918       1086     4.5208  0.000e+00
     19.995    16.1897   4.114955    32.3920       1087     4.5250  0.000e+00
     19.941    16.1895   4.114955    32.3922       1088     4.5292  0.000e+00
     19.883    16.1898   4.114981    32.3921       1089     4.5333  0.000e+00
     19.822    16.1898   4.115007    32.3924       1090     4.5375  0.000e+00
     19.769    16.1903   4.115013    32.3921       1091     4.5417  0.000e+00
     19.702    16.1903   4.115007    32.3920       1092     4.5458  0.000e+00
     19.643    16.1903   4.115007    32.3921       1093     4.5500  0.000e+00
     19.578    16.1904   4.115007    32.3920       1094     4.5542  0.000e+00
     19.512    16.1906   4.115007    32.3919       1095     4.5583  0.000e+00
     19.447    16.1906   4.114987    32.3918       1096     4.5625  0.000e+00
     19.377    16.1906   4.115007    32.3920       1097     4.5667  0.000e+00
     19.303    16.1906   4.114981    32.3918       1098     4.5708  0.000e+00
     19.228    16.1907   4.114936    32.3913       1099     4.5750  0.000e+00
     19.154    16.1904   4.114910    32.3913       1100     4.5792  0.000e+00
     19.081    16.1902   4.114923    32.3916       1101     4.5833  0.000e+00
     19.004    16.1904   4.114813    32.3905       1102     4.5875  0.000e+00
     18.932    16.1902   4.114690    32.3897       1103     4.5917  0.000e+00
     18.856    16.1894   4.114445    32.3882       1104     4.5958  0.000e+00
     18.783    16.1885   4.114348    32.3880       1105     4.6000  0.000e+00
     18.709    16.1875   4.114361    32.3890       1106     4.6042  0.000e+00
     18.636    16.1868   4.114374    32.3898       1107     4.6083  0.000e+00
     18.569    16.1868   4.114374    32.3898       1108     4.6125  0.000e+00
     18.494    16.1866   4.114226    32.3886       1109     4.6167  0.000e+00
     18.425    16.1863   4.114174    32.3885       1110     4.6208  0.000e+00
     18.355    16.1858   4.114174    32.3889       1111     4.6250  0.000e+00
     18.284    16.1855   4.114174    32.3892       1112     4.6292  0.000e+00
     18.210    16.1854   4.114174    32.3893       1113     4.6333  0.000e+00
     18.129    16.1854   4.114155    32.3891       1114     4.6375  0.000e+00
     18.057    16.1853   4.114154    32.3893       1115     4.6417  0.000e+00
     17.975    16.1853   4.114122    32.3890       1116     4.6458  0.000e+00
     17.899    16.1854   4.114154    32.3892       1117     4.6500  0.000e+00
     17.815    16.1856   4.114103    32.3887       1118     4.6542  0.000e+00
     17.734    16.1857   4.114103    32.3886       1119     4.6583  0.000e+00
     17.648    16.1857   4.114129    32.3888       1120     4.6625  0.000e+00
     17.567    16.1858   4.114148    32.3890       1121     4.6667  0.000e+00
     17.486    16.1859   4.114128    32.3887       1122     4.6708  0.000e+00
     17.413    16.1860   4.114077    32.3883       1123     4.6750  0.000e+00
     17.337    16.1859   4.114032    32.3880       1124     4.6792  0.000e+00
     17.265    16.1861   4.114103    32.3885       1125     4.6833  0.000e+00
     17.201    16.1862   4.114077    32.3881       1126     4.6875  0.000e+00
     17.134    16.1862   4.114102    32.3884       1127     4.6917  0.000e+00
     17.073    16.1862   4.114102    32.3884       1128     4.6958  0.000e+00
     17.014    16.1863   4.114051    32.3879       1129     4.7000  0.000e+00
     16.955    16.1862   4.114031    32.3878       1130     4.7042  0.000e+00
     16.905    16.1861   4.114006    32.3878       1131     4.7083  0.000e+00
     16.854    16.1862   4.113986    32.3875       1132     4.7125  0.000e+00
     16.808    16.1862   4.113980    32.3874       1133     4.7167  0.000e+00
     16.766    16.1861   4.113980    32.3876       1134     4.7208  0.000e+00
     16.727    16.1863   4.113980    32.3874       1135     4.7250  0.000e+00
     16.698    16.1863   4.114006    32.3876       1136     4.7292  0.000e+00
     16.668    16.1864   4.114006    32.3876       1137     4.7333  0.000e+00
     16.633    16.1863   4.114031    32.3879       1138     4.7375  0.000e+00
     16.598    16.1862   4.114051    32.3881       1139     4.7417  0.000e+00
     16.563    16.1863   4.114031    32.3879       1140     4.7458  0.000e+00
     16.517    16.1863   4.114005    32.3877       1141     4.7500  0.000e+00
     16.474    16.1862   4.114005    32.3878       1142     4.7542  0.000e+00
     16.431    16.1862   4.113980    32.3876       1143     4.7583  0.000e+00
     16.378    16.1862   4.113954    32.3874       1144     4.7625  0.000e+00
     16.332    16.1863   4.113980    32.3875       1145     4.7667  0.000e+00
     16.274    16.1863   4.113954    32.3873       1146     4.7708  0.000e+00
     16.226    16.1864   4.113960    32.3873       1147     4.7750  0.000e+00
     16.168    16.1864   4.113954    32.3873       1148     4.7792  0.000e+00
     16.116    16.1864   4.113954    32.3873       1149     4.7833  0.000e+00
     16.062    16.1865   4.113954    32.3873       1150     4.7875  0.000e+00
     16.009    16.1863   4.113954    32.3874       1151     4.7917  0.000e+00
     15.958    16.1862   4.113960    32.3876       1152     4.7958  0.000e+00
     15.904    16.1863   4.113954    32.3875       1153     4.8000  0.000e+00
     15.860    16.1862   4.113954    32.3876       1154     4.8042  0.000e+00
     15.808    16.1862   4.113954    32.3876       1155     4.8083  0.000e+00
     15.770    16.1862   4.113954    32.3876       1156     4.8125  0.000e+00
     15.732    16.1861   4.113979    32.3880       1157     4.8167  0.000e+00
     15.693    16.1861   4.113960    32.3877       1158     4.8208  0.000e+00
     15.657    16.1862   4.113954    32.3876       1159     4.8250  0.000e+00
     15.619    16.1864   4.113934    32.3873       1160     4.8292  0.000e+00
     15.585    16.1863   4.113953    32.3876       1161     4.8333  0.000e+00
     15.544    16.1864   4.113953    32.3875       1162     4.8375  0.000e+00
     15.511    16.1865   4.113818    32.3863       1163     4.8417  0.000e+00
     15.466    16.1865   4.113953    32.3875       1164     4.8458  0.000e+00
     15.427    16.1865   4.113934    32.3873       1165     4.8500  0.000e+00
     15.384    16.1865   4.113934    32.3874       1166     4.8542  0.000e+00
     15.346    16.1865   4.113934    32.3874       1167     4.8583  0.000e+00
     15.310    16.1866   4.113940    32.3873       1168     4.8625  0.000e+00
     15.276    16.1868   4.113934    32.3871       1169     4.8667  0.000e+00
     15.246    16.1869   4.113934    32.3871       1170     4.8708  0.000e+00
     15.215    16.1870   4.113979    32.3874       1171     4.8750  0.000e+00
     15.190    16.1871   4.113934    32.3869       1172     4.8792  0.000e+00
     15.163    16.1873   4.113940    32.3869       1173     4.8833  0.000e+00
     15.143    16.1873   4.113953    32.3869       1174     4.8875  0.000e+00
     15.120    16.1873   4.113934    32.3867       1175     4.8917  0.000e+00
     15.098    16.1872   4.113953    32.3871       1176     4.8958  0.000e+00
     15.073    16.1871   4.113953    32.3871       1177     4.9000  0.000e+00
     15.046    16.1870   4.113960    32.3873       1178     4.9042  0.000e+00
     15.018    16.1872   4.113953    32.3871       1179     4.9083  0.000e+00
     14.992    16.1873   4.113934    32.3868       1180     4.9125  0.000e+00
     14.965    16.1872   4.113953    32.3871       1181     4.9167  0.000e+00
     14.937    16.1873   4.113934    32.3869       1182     4.9208  0.000e+00
     14.903    16.1873   4.113940    32.3869       1183     4.9250  0.000e+00
     14.874    16.1872   4.113908    32.3867       1184     4.9292  0.000e+00
     14.829    16.1870   4.113856    32.3864       1185     4.9333  0.000e+00
     14.793    16.1869   4.113882    32.3868       1186     4.9375  0.000e+00
     14.748    16.1866   4.113882    32.3870       1187     4.9417  0.000e+00
     14.705    16.1867   4.113908    32.3872       1188     4.9458  0.000e+00
     14.662    16.1867   4.113889    32.3870       1189     4.9500  0.000e+00
     14.615    16.1866   4.113908    32.3873       1190     4.9542  0.000e+00
     14.565    16.1869   4.113908    32.3870       1191     4.9583  0.000e+00
     14.518    16.1869   4.113908    32.3871       1192     4.9625  0.000e+00
     14.470    16.1870   4.113882    32.3868       1193     4.9667  0.000e+00
     14.418    16.1869   4.113889    32.3870       1194     4.9708  0.000e+00
     14.375    16.1869   4.113856    32.3867       1195     4.9750  0.000e+00
     14.332    16.1869   4.113882    32.3870       1196     4.9792  0.000e+00
     14.294    16.1868   4.113856    32.3868       1197     4.9833  0.000e+00
     14.251    16.1870   4.113882    32.3869       1198     4.9875  0.000e+00
     14.209    16.1872   4.113888    32.3868       1199     4.9917  0.000e+00
     14.166    16.1871   4.113882    32.3868       1200     4.9958  0.000e+00
     14.127    16.1873   4.113882    32.3867       1201     5.0000  0.000e+00
     14.089    16.1873   4.113856    32.3864       1202     5.0042  0.000e+00
     14.055    16.1875   4.113882    32.3866       1203     5.0083  0.000e+00
     14.026    16.1877   4.113914    32.3867       1204     5.0125  0.000e+00
     13.998    16.1877   4.113908    32.3866       1205     5.0167  0.000e+00
     13.969    16.1877   4.113933    32.3869       1206     5.0208  0.000e+00
     13.946    16.1877   4.113908    32.3867       1207     5.0250  0.000e+00
     13.917    16.1878   4.113908    32.3866       1208     5.0292  0.000e+00
     13.888    16.1879   4.113888    32.3863       1209     5.0333  0.000e+00
     13.850    16.1879   4.113882    32.3863       1210     5.0375  0.000e+00
     13.814    16.1877   4.113882    32.3864       1211     5.0417  0.000e+00
     13.775    16.1877   4.113882    32.3865       1212     5.0458  0.000e+00
     13.726    16.1878   4.113830    32.3860       1213     5.0500  0.000e+00
     13.689    16.1878   4.113869    32.3863       1214     5.0542  0.000e+00
     13.647    16.1879   4.113882    32.3864       1215     5.0583  0.000e+00
     13.606    16.1879   4.113856    32.3862       1216     5.0625  0.000e+00
     13.565    16.1880   4.113856    32.3861       1217     5.0667  0.000e+00
     13.524    16.1881   4.113856    32.3860       1218     5.0708  0.000e+00
     13.479    16.1882   4.113856    32.3859       1219     5.0750  0.000e+00
     13.439    16.1885   4.113843    32.3857       1220     5.0792  0.000e+00
     13.398    16.1886   4.113856    32.3857       1221     5.0833  0.000e+00
     13.355    16.1890   4.113811    32.3849       1222     5.0875  0.000e+00
     13.310    16.1890   4.113785    32.3847       1223     5.0917  0.000e+00
     13.265    16.1889   4.113785    32.3849       1224     5.0958  0.000e+00
     13.215    16.1890   4.113753    32.3845       1225     5.1000  0.000e+00
     13.175    16.1887   4.113785    32.3850       1226     5.1042  0.000e+00
     13.127    16.1891   4.113811    32.3850       1227     5.1083  0.000e+00
     13.075    16.1893   4.113811    32.3849       1228     5.1125  0.000e+00
     13.028    16.1898   4.113881    32.3850       1229     5.1167  0.000e+00
     12.987    16.1905   4.113914    32.3848       1230     5.1208  0.000e+00
     12.938    16.1912   4.113907    32.3842       1231     5.1250  0.000e+00
     12.895    16.1915   4.113759    32.3826       1232     5.1292  0.000e+00
     12.852    16.1911   4.113733    32.3828       1233     5.1333  0.000e+00
     12.809    16.1906   4.113759    32.3834       1234     5.1375  0.000e+00
     12.762    16.1904   4.113752    32.3835       1235     5.1417  0.000e+00
     12.714    16.1902   4.113785    32.3840       1236     5.1458  0.000e+00
     12.662    16.1902   4.113810    32.3843       1237     5.1500  0.000e+00
     12.612    16.1908   4.113810    32.3838       1238     5.1542  0.000e+00
     12.563    16.1915   4.113784    32.3830       1239     5.1583  0.000e+00
     12.513    16.1918   4.113752    32.3825       1240     5.1625  0.000e+00
