PC2406/sbe020.cnv
* Sea-Bird SBE 19plus V2 Data File:
* FileName = C:\cruise\data\sbe020.hex
* Software Version Seasave V 7.26.7.121
* Temperature SN = 7142
* Conductivity SN = 7142
* System UpLoad Time = Oct 29 2024 03:31:41
* NMEA Latitude = 40 11.77 N
* NMEA Longitude = 071 56.17 W
* NMEA UTC (Time) = Oct 29 2024  03:31:38
** Ship: Pisces
** Cruise:  PC2406
** Program:  Fall ECOMON
# nquan = 7
# nvalues = 1636                                  
# units = specified
# name 0 = depSM: Depth [salt water, m]
# name 1 = tv290C: Temperature [ITS-90, deg C]
# name 2 = c0S/m: Conductivity [S/m]
# name 3 = sal00: Salinity, Practical [PSU]
# name 4 = scan: Scan Count
# name 5 = timeM: Time, Elapsed [minutes]
# name 6 = flag:  0.000e+00
# span 0 =      0.153,     69.355                 
# span 1 =    12.3966,    20.0099                 
# span 2 =   0.000002,   4.767611                 
# span 3 =     0.0064,    35.5372                 
# span 4 =         11,       1646                 
# span 5 =     0.0417,     6.8542                 
# span 6 = 0.0000e+00, 0.0000e+00                 
# interval = seconds: 0.25
# start_time = Oct 29 2024 03:31:38 [NMEA time, header]
# bad_flag = -9.990e-29
*END*
[from data line 1026]
     32.550    19.9906   4.766150    34.7859       1037     4.3167  0.000e+00
     32.473    19.9932   4.766033    34.7828       1038     4.3208  0.000e+00
     32.395    19.9953   4.765628    34.7778       1039     4.3250  0.000e+00
     32.320    19.9959   4.765587    34.7770       1040     4.3292  0.000e+00
     32.239    19.9958   4.765711    34.7781       1041     4.3333  0.000e+00
     32.158    19.9960   4.765683    34.7777       1042     4.3375  0.000e+00
     32.070    19.9965   4.767096    34.7890       1043     4.3417  0.000e+00
     31.986    20.0000   4.767611    34.7903       1044     4.3458  0.000e+00
     31.898    20.0050   4.767453    34.7848       1045     4.3500  0.000e+00
     31.806    20.0081   4.767405    34.7820       1046     4.3542  0.000e+00
     31.713    20.0096   4.767316    34.7800       1047     4.3583  0.000e+00
     31.618    20.0099   4.764955    34.7605       1048     4.3625  0.000e+00
     31.515    20.0048   4.760415    34.7276       1049     4.3667  0.000e+00
     31.411    19.9898   4.760237    34.7386       1050     4.3708  0.000e+00
     31.307    19.9777   4.760450    34.7503       1051     4.3750  0.000e+00
     31.201    19.9714   4.760354    34.7548       1052     4.3792  0.000e+00
     31.097    19.9687   4.760265    34.7564       1053     4.3833  0.000e+00
     30.991    19.9671   4.760237    34.7574       1054     4.3875  0.000e+00
     30.889    19.9660   4.760587    34.7613       1055     4.3917  0.000e+00
     30.788    19.9667   4.759908    34.7552       1056     4.3958  0.000e+00
     30.689    19.9661   4.756919    34.7312       1057     4.4000  0.000e+00
     30.591    19.9594   4.755075    34.7217       1058     4.4042  0.000e+00
     30.490    19.9471   4.755856    34.7383       1059     4.4083  0.000e+00
     30.395    19.9384   4.752532    34.7183       1060     4.4125  0.000e+00
     30.298    19.9289   4.759435    34.7828       1061     4.4167  0.000e+00
     30.199    19.9366   4.755246    34.7421       1062     4.4208  0.000e+00
     30.102    19.9394   4.757076    34.7548       1063     4.4250  0.000e+00
     30.000    19.9344   4.745483    34.6640       1064     4.4292  0.000e+00
     29.899    19.9140   4.744819    34.6754       1065     4.4333  0.000e+00
     29.802    19.8829   4.739240    34.6554       1066     4.4375  0.000e+00
     29.698    19.8609   4.733007    34.6224       1067     4.4417  0.000e+00
     29.594    19.8340   4.732002    34.6364       1068     4.4458  0.000e+00
     29.486    19.7914   4.709734    34.4887       1069     4.4500  0.000e+00
     29.384    19.7381   4.684363    34.3242       1070     4.4542  0.000e+00
     29.274    19.6273   4.675290    34.3405       1071     4.4583  0.000e+00
     29.163    19.5208   4.662458    34.3222       1072     4.4625  0.000e+00
     29.051    19.4309   4.652553    34.3143       1073     4.4667  0.000e+00
     28.940    19.3433   4.642047    34.2995       1074     4.4708  0.000e+00
     28.816    19.2689   4.632208    34.2793       1075     4.4750  0.000e+00
     28.690    19.1992   4.625161    34.2784       1076     4.4792  0.000e+00
     28.565    19.1381   4.620692    34.2916       1077     4.4833  0.000e+00
     28.435    19.0937   4.615554    34.2856       1078     4.4875  0.000e+00
     28.302    19.0515   4.611718    34.2886       1079     4.4917  0.000e+00
     28.171    19.0181   4.611949    34.3182       1080     4.4958  0.000e+00
     28.038    18.9949   4.611577    34.3344       1081     4.5000  0.000e+00
     27.918    18.9845   4.605983    34.2964       1082     4.5042  0.000e+00
     27.794    18.9673   4.603657    34.2913       1083     4.5083  0.000e+00
     27.661    18.9445   4.597257    34.2567       1084     4.5125  0.000e+00
     27.546    18.9216   4.592636    34.2371       1085     4.5167  0.000e+00
     27.422    18.8895   4.590651    34.2472       1086     4.5208  0.000e+00
     27.300    18.8622   4.586884    34.2383       1087     4.5250  0.000e+00
     27.196    18.8394   4.586959    34.2578       1088     4.5292  0.000e+00
     27.081    18.8230   4.584887    34.2541       1089     4.5333  0.000e+00
     26.968    18.8114   4.583152    34.2492       1090     4.5375  0.000e+00
     26.859    18.7992   4.579178    34.2261       1091     4.5417  0.000e+00
     26.744    18.7848   4.576636    34.2168       1092     4.5458  0.000e+00
     26.631    18.7651   4.576494    34.2320       1093     4.5500  0.000e+00
     26.512    18.7517   4.573588    34.2188       1094     4.5542  0.000e+00
     26.393    18.7382   4.574789    34.2400       1095     4.5583  0.000e+00
     26.277    18.7325   4.572530    34.2259       1096     4.5625  0.000e+00
     26.160    18.7241   4.571013    34.2201       1097     4.5667  0.000e+00
     26.045    18.7159   4.570535    34.2230       1098     4.5708  0.000e+00
     25.930    18.7081   4.571438    34.2371       1099     4.5750  0.000e+00
     25.817    18.7057   4.571384    34.2387       1100     4.5792  0.000e+00
     25.702    18.7058   4.568991    34.2186       1101     4.5833  0.000e+00
     25.589    18.7011   4.567057    34.2063       1102     4.5875  0.000e+00
     25.476    18.6903   4.566950    34.2144       1103     4.5917  0.000e+00
     25.363    18.6831   4.568102    34.2301       1104     4.5958  0.000e+00
     25.255    18.6822   4.564666    34.2020       1105     4.6000  0.000e+00
     25.138    18.6758   4.566182    34.2201       1106     4.6042  0.000e+00
     25.023    18.6718   4.564059    34.2056       1107     4.6083  0.000e+00
     24.908    18.6662   4.561897    34.1922       1108     4.6125  0.000e+00
     24.792    18.6563   4.565171    34.2279       1109     4.6167  0.000e+00
     24.677    18.6551   4.565730    34.2336       1110     4.6208  0.000e+00
     24.553    18.6607   4.565804    34.2297       1111     4.6250  0.000e+00
     24.436    18.6640   4.563520    34.2078       1112     4.6292  0.000e+00
     24.316    18.6624   4.564827    34.2202       1113     4.6333  0.000e+00
     24.190    18.6602   4.562598    34.2033       1114     4.6375  0.000e+00
     24.068    18.6551   4.562436    34.2062       1115     4.6417  0.000e+00
     23.951    18.6502   4.562732    34.2128       1116     4.6458  0.000e+00
     23.834    18.6479   4.561614    34.2054       1117     4.6500  0.000e+00
     23.721    18.6459   4.560530    34.1979       1118     4.6542  0.000e+00
     23.606    18.6403   4.557190    34.1746       1119     4.6583  0.000e+00
     23.497    18.6288   4.554256    34.1594       1120     4.6625  0.000e+00
     23.391    18.6112   4.552459    34.1590       1121     4.6667  0.000e+00
     23.287    18.5942   4.552089    34.1700       1122     4.6708  0.000e+00
     23.188    18.5836   4.557750    34.2265       1123     4.6750  0.000e+00
     23.091    18.5919   4.556477    34.2089       1124     4.6792  0.000e+00
     22.999    18.5993   4.554969    34.1901       1125     4.6833  0.000e+00
     22.910    18.5983   4.557325    34.2108       1126     4.6875  0.000e+00
     22.816    18.6007   4.555999    34.1977       1127     4.6917  0.000e+00
     22.726    18.6018   4.553246    34.1737       1128     4.6958  0.000e+00
     22.635    18.5949   4.552351    34.1719       1129     4.7000  0.000e+00
     22.545    18.5865   4.558955    34.2344       1130     4.7042  0.000e+00
     22.457    18.5965   4.561668    34.2490       1131     4.7083  0.000e+00
     22.369    18.6153   4.559897    34.2185       1132     4.7125  0.000e+00
     22.283    18.6251   4.558281    34.1968       1133     4.7167  0.000e+00
     22.202    18.6238   4.558806    34.2024       1134     4.7208  0.000e+00
     22.123    18.6215   4.558846    34.2046       1135     4.7250  0.000e+00
     22.046    18.6194   4.554598    34.1707       1136     4.7292  0.000e+00
     21.965    18.6097   4.550104    34.1410       1137     4.7333  0.000e+00
     21.890    18.5919   4.550528    34.1593       1138     4.7375  0.000e+00
     21.805    18.5760   4.555763    34.2166       1139     4.7417  0.000e+00
     21.714    18.5811   4.558416    34.2347       1140     4.7458  0.000e+00
     21.617    18.5963   4.561405    34.2472       1141     4.7500  0.000e+00
     21.507    18.6161   4.561560    34.2321       1142     4.7542  0.000e+00
     21.398    18.6288   4.561243    34.2189       1143     4.7583  0.000e+00
     21.284    18.6351   4.561182    34.2132       1144     4.7625  0.000e+00
     21.182    18.6375   4.561351    34.2127       1145     4.7667  0.000e+00
     21.072    18.6384   4.560980    34.2089       1146     4.7708  0.000e+00
     20.968    18.6384   4.561377    34.2123       1147     4.7750  0.000e+00
     20.873    18.6391   4.560650    34.2056       1148     4.7792  0.000e+00
     20.773    18.6377   4.555365    34.1624       1149     4.7833  0.000e+00
     20.686    18.6241   4.551610    34.1422       1150     4.7875  0.000e+00
     20.605    18.6030   4.551213    34.1564       1151     4.7917  0.000e+00
     20.525    18.5850   4.550870    34.1684       1152     4.7958  0.000e+00
     20.458    18.5750   4.549801    34.1678       1153     4.8000  0.000e+00
     20.394    18.5674   4.547009    34.1506       1154     4.8042  0.000e+00
     20.333    18.5575   4.546619    34.1555       1155     4.8083  0.000e+00
     20.289    18.5453   4.544111    34.1446       1156     4.8125  0.000e+00
     20.237    18.5332   4.543661    34.1509       1157     4.8167  0.000e+00
     20.198    18.5239   4.543217    34.1549       1158     4.8208  0.000e+00
     20.151    18.5180   4.541812    34.1480       1159     4.8250  0.000e+00
     20.110    18.5108   4.541395    34.1504       1160     4.8292  0.000e+00
     20.072    18.5049   4.542794    34.1671       1161     4.8333  0.000e+00
     20.036    18.5052   4.543607    34.1737       1162     4.8375  0.000e+00
     19.995    18.5087   4.545241    34.1846       1163     4.8417  0.000e+00
     19.963    18.5153   4.544508    34.1729       1164     4.8458  0.000e+00
     19.925    18.5193   4.544481    34.1694       1165     4.8500  0.000e+00
     19.882    18.5199   4.544212    34.1667       1166     4.8542  0.000e+00
     19.846    18.5200   4.543822    34.1634       1167     4.8583  0.000e+00
     19.805    18.5180   4.543741    34.1643       1168     4.8625  0.000e+00
     19.761    18.5167   4.543701    34.1650       1169     4.8667  0.000e+00
     19.718    18.5153   4.541153    34.1447       1170     4.8708  0.000e+00
     19.675    18.5095   4.544185    34.1751       1171     4.8750  0.000e+00
     19.627    18.5104   4.545086    34.1820       1172     4.8792  0.000e+00
     19.573    18.5166   4.544111    34.1687       1173     4.8833  0.000e+00
     19.517    18.5181   4.543096    34.1589       1174     4.8875  0.000e+00
     19.451    18.5159   4.544770    34.1749       1175     4.8917  0.000e+00
     19.395    18.5180   4.545537    34.1796       1176     4.8958  0.000e+00
     19.327    18.5224   4.545321    34.1741       1177     4.9000  0.000e+00
     19.253    18.5249   4.545086    34.1701       1178     4.9042  0.000e+00
     19.189    18.5255   4.544864    34.1677       1179     4.9083  0.000e+00
     19.119    18.5246   4.543687    34.1586       1180     4.9125  0.000e+00
     19.048    18.5217   4.543607    34.1604       1181     4.9167  0.000e+00
     18.986    18.5180   4.537443    34.1116       1182     4.9208  0.000e+00
     18.919    18.5021   4.535568    34.1090       1183     4.9250  0.000e+00
     18.858    18.4808   4.534675    34.1192       1184     4.9292  0.000e+00
     18.797    18.4666   4.536174    34.1436       1185     4.9333  0.000e+00
     18.741    18.4628   4.539339    34.1735       1186     4.9375  0.000e+00
     18.688    18.4695   4.543029    34.1990       1187     4.9417  0.000e+00
     18.630    18.4855   4.546169    34.2122       1188     4.9458  0.000e+00
     18.578    18.5077   4.551611    34.2396       1189     4.9500  0.000e+00
     18.535    18.5326   4.551139    34.2149       1190     4.9542  0.000e+00
     18.483    18.5522   4.550607    34.1942       1191     4.9583  0.000e+00
     18.440    18.5597   4.551765    34.1977       1192     4.9625  0.000e+00
     18.386    18.5644   4.547116    34.1547       1193     4.9667  0.000e+00
     18.345    18.5582   4.549201    34.1774       1194     4.9708  0.000e+00
     18.298    18.5559   4.546887    34.1599       1195     4.9750  0.000e+00
     18.258    18.5488   4.544715    34.1475       1196     4.9792  0.000e+00
     18.222    18.5385   4.545401    34.1619       1197     4.9833  0.000e+00
     18.188    18.5324   4.543976    34.1549       1198     4.9875  0.000e+00
     18.151    18.5262   4.542867    34.1507       1199     4.9917  0.000e+00
     18.115    18.5197   4.543344    34.1602       1200     4.9958  0.000e+00
     18.077    18.5160   4.543821    34.1673       1201     5.0000  0.000e+00
     18.041    18.5159   4.543526    34.1649       1202     5.0042  0.000e+00
     17.996    18.5154   4.543842    34.1679       1203     5.0083  0.000e+00
     17.951    18.5157   4.544400    34.1724       1204     5.0125  0.000e+00
     17.908    18.5175   4.544635    34.1729       1205     5.0167  0.000e+00
     17.861    18.5198   4.544258    34.1679       1206     5.0208  0.000e+00
     17.818    18.5205   4.542154    34.1496       1207     5.0250  0.000e+00
     17.772    18.5151   4.533042    34.0774       1208     5.0292  0.000e+00
     17.730    18.4870   4.537255    34.1362       1209     5.0333  0.000e+00
     17.689    18.4724   4.538256    34.1568       1210     5.0375  0.000e+00
     17.644    18.4752   4.545496    34.2154       1211     5.0417  0.000e+00
     17.594    18.4939   4.545456    34.1996       1212     5.0458  0.000e+00
     17.540    18.5128   4.544850    34.1788       1213     5.0500  0.000e+00
     17.486    18.5211   4.546114    34.1826       1214     5.0542  0.000e+00
     17.430    18.5264   4.545509    34.1731       1215     5.0583  0.000e+00
     17.373    18.5293   4.545569    34.1712       1216     5.0625  0.000e+00
     17.317    18.5299   4.546854    34.1815       1217     5.0667  0.000e+00
     17.260    18.5331   4.547351    34.1831       1218     5.0708  0.000e+00
     17.211    18.5377   4.545744    34.1658       1219     5.0750  0.000e+00
     17.159    18.5363   4.545562    34.1654       1220     5.0792  0.000e+00
     17.113    18.5330   4.543606    34.1517       1221     5.0833  0.000e+00
     17.069    18.5272   4.539377    34.1210       1222     5.0875  0.000e+00
     17.028    18.5103   4.539283    34.1342       1223     5.0917  0.000e+00
     16.983    18.4980   4.542893    34.1748       1224     5.0958  0.000e+00
     16.944    18.4993   4.543182    34.1762       1225     5.1000  0.000e+00
     16.904    18.5066   4.543209    34.1704       1226     5.1042  0.000e+00
     16.863    18.5095   4.543041    34.1665       1227     5.1083  0.000e+00
     16.815    18.5117   4.546222    34.1915       1228     5.1125  0.000e+00
     16.775    18.5199   4.545455    34.1783       1229     5.1167  0.000e+00
     16.736    18.5246   4.538416    34.1151       1230     5.1208  0.000e+00
     16.691    18.5110   4.539122    34.1324       1231     5.1250  0.000e+00
     16.653    18.4971   4.541300    34.1622       1232     5.1292  0.000e+00
     16.613    18.4956   4.541179    34.1625       1233     5.1333  0.000e+00
     16.574    18.4978   4.540997    34.1591       1234     5.1375  0.000e+00
     16.527    18.4982   4.540520    34.1548       1235     5.1417  0.000e+00
     16.486    18.4973   4.539653    34.1483       1236     5.1458  0.000e+00
     16.441    18.4936   4.540077    34.1549       1237     5.1500  0.000e+00
     16.391    18.4920   4.538800    34.1455       1238     5.1542  0.000e+00
     16.346    18.4890   4.538598    34.1463       1239     5.1583  0.000e+00
     16.292    18.4849   4.539573    34.1580       1240     5.1625  0.000e+00
