PC2406/sbe028.cnv
* Sea-Bird SBE 19plus V2 Data File:
* FileName = C:\cruise\data\sbe028.hex
* Software Version Seasave V 7.26.7.121
* Temperature SN = 7142
* Conductivity SN = 7142
* System UpLoad Time = Oct 29 2024 18:36:47
* NMEA Latitude = 39 21.68 N
* NMEA Longitude = 073 23.59 W
* NMEA UTC (Time) = Oct 29 2024  18:36:45
** Ship: Pisces
** Cruise:  PC2406
** Program:  Fall ECOMON
# nquan = 7
# nvalues = 1462                                  
# units = specified
# name 0 = depSM: Depth [salt water, m]
# name 1 = tv290C: Temperature [ITS-90, deg C]
# name 2 = c0S/m: Conductivity [S/m]
# name 3 = sal00: Salinity, Practical [PSU]
# name 4 = scan: Scan Count
# name 5 = timeM: Time, Elapsed [minutes]
# name 6 = flag:  0.000e+00
# span 0 =      0.115,     44.779                 
# span 1 =    16.9986,    17.8046                 
# span 2 =   0.000008,   4.321019                 
# span 3 =     0.0091,    33.3920                 
# span 4 =         11,       1472                 
# span 5 =     0.0417,     6.1292                 
# span 6 = 0.0000e+00, 0.0000e+00                 
# interval = seconds: 0.25
# start_time = Oct 29 2024 18:36:45 [NMEA time, header]
# bad_flag = -9.990e-29
*END*
[from data line 821]
     22.986    17.0124   4.300521    33.3341        832     3.4625  0.000e+00
     22.923    17.0130   4.300646    33.3347        833     3.4667  0.000e+00
     22.876    17.0138   4.300646    33.3340        834     3.4708  0.000e+00
     22.841    17.0147   4.300541    33.3324        835     3.4750  0.000e+00
     22.814    17.0146   4.300521    33.3324        836     3.4792  0.000e+00
     22.797    17.0143   4.300521    33.3326        837     3.4833  0.000e+00
     22.792    17.0141   4.300619    33.3336        838     3.4875  0.000e+00
     22.799    17.0143   4.300692    33.3340        839     3.4917  0.000e+00
     22.814    17.0147   4.300764    33.3343        840     3.4958  0.000e+00
     22.837    17.0157   4.300725    33.3332        841     3.5000  0.000e+00
     22.862    17.0160   4.300619    33.3320        842     3.5042  0.000e+00
     22.893    17.0157   4.300593    33.3321        843     3.5083  0.000e+00
     22.923    17.0153   4.300620    33.3326        844     3.5125  0.000e+00
     22.948    17.0152   4.300646    33.3328        845     3.5167  0.000e+00
     22.959    17.0152   4.300646    33.3328        846     3.5208  0.000e+00
     22.964    17.0153   4.300666    33.3329        847     3.5250  0.000e+00
     22.946    17.0153   4.300620    33.3325        848     3.5292  0.000e+00
     22.925    17.0153   4.300698    33.3332        849     3.5333  0.000e+00
     22.885    17.0155   4.300764    33.3337        850     3.5375  0.000e+00
     22.832    17.0159   4.300817    33.3338        851     3.5417  0.000e+00
     22.774    17.0166   4.300777    33.3329        852     3.5458  0.000e+00
     22.706    17.0169   4.300915    33.3339        853     3.5500  0.000e+00
     22.636    17.0172   4.300928    33.3338        854     3.5542  0.000e+00
     22.566    17.0178   4.300915    33.3332        855     3.5583  0.000e+00
     22.499    17.0182   4.300941    33.3331        856     3.5625  0.000e+00
     22.433    17.0185   4.300954    33.3330        857     3.5667  0.000e+00
     22.375    17.0187   4.300961    33.3329        858     3.5708  0.000e+00
     22.325    17.0190   4.301059    33.3335        859     3.5750  0.000e+00
     22.282    17.0195   4.301211    33.3344        860     3.5792  0.000e+00
     22.242    17.0205   4.301257    33.3340        861     3.5833  0.000e+00
     22.210    17.0214   4.301158    33.3325        862     3.5875  0.000e+00
     22.174    17.0215   4.301283    33.3335        863     3.5917  0.000e+00
     22.151    17.0219   4.301355    33.3337        864     3.5958  0.000e+00
     22.122    17.0228   4.301289    33.3325        865     3.6000  0.000e+00
     22.092    17.0232   4.301256    33.3319        866     3.6042  0.000e+00
     22.049    17.0228   4.301158    33.3314        867     3.6083  0.000e+00
     22.013    17.0222   4.301138    33.3317        868     3.6125  0.000e+00
     21.968    17.0217   4.301059    33.3315        869     3.6167  0.000e+00
     21.921    17.0211   4.301256    33.3337        870     3.6208  0.000e+00
     21.864    17.0217   4.301316    33.3337        871     3.6250  0.000e+00
     21.813    17.0223   4.301309    33.3331        872     3.6292  0.000e+00
     21.761    17.0230   4.301289    33.3324        873     3.6333  0.000e+00
     21.715    17.0231   4.301283    33.3323        874     3.6375  0.000e+00
     21.671    17.0232   4.301256    33.3320        875     3.6417  0.000e+00
     21.636    17.0232   4.301210    33.3316        876     3.6458  0.000e+00
     21.616    17.0230   4.301256    33.3322        877     3.6500  0.000e+00
     21.591    17.0231   4.301256    33.3321        878     3.6542  0.000e+00
     21.573    17.0228   4.301289    33.3326        879     3.6583  0.000e+00
     21.565    17.0227   4.301237    33.3323        880     3.6625  0.000e+00
     21.553    17.0228   4.301158    33.3315        881     3.6667  0.000e+00
     21.542    17.0225   4.301184    33.3320        882     3.6708  0.000e+00
     21.522    17.0221   4.301138    33.3320        883     3.6750  0.000e+00
     21.506    17.0218   4.301112    33.3319        884     3.6792  0.000e+00
     21.477    17.0217   4.301085    33.3319        885     3.6833  0.000e+00
     21.449    17.0214   4.301059    33.3319        886     3.6875  0.000e+00
     21.411    17.0212   4.301085    33.3323        887     3.6917  0.000e+00
     21.368    17.0209   4.301158    33.3331        888     3.6958  0.000e+00
     21.310    17.0214   4.301236    33.3334        889     3.7000  0.000e+00
     21.260    17.0221   4.301420    33.3345        890     3.7042  0.000e+00
     21.196    17.0231   4.301532    33.3347        891     3.7083  0.000e+00
     21.131    17.0248   4.301598    33.3338        892     3.7125  0.000e+00
     21.057    17.0259   4.301506    33.3322        893     3.7167  0.000e+00
     20.987    17.0264   4.301657    33.3331        894     3.7208  0.000e+00
     20.921    17.0268   4.301598    33.3323        895     3.7250  0.000e+00
     20.872    17.0270   4.301578    33.3320        896     3.7292  0.000e+00
     20.835    17.0270   4.301433    33.3307        897     3.7333  0.000e+00
     20.811    17.0264   4.301420    33.3311        898     3.7375  0.000e+00
     20.806    17.0260   4.301407    33.3313        899     3.7417  0.000e+00
     20.804    17.0257   4.301335    33.3309        900     3.7458  0.000e+00
     20.822    17.0255   4.301368    33.3314        901     3.7500  0.000e+00
     20.835    17.0251   4.301308    33.3312        902     3.7542  0.000e+00
     20.851    17.0249   4.301263    33.3310        903     3.7583  0.000e+00
     20.865    17.0246   4.301282    33.3314        904     3.7625  0.000e+00
     20.862    17.0242   4.301309    33.3320        905     3.7667  0.000e+00
     20.849    17.0241   4.301447    33.3332        906     3.7708  0.000e+00
     20.824    17.0245   4.301604    33.3343        907     3.7750  0.000e+00
     20.786    17.0256   4.301775    33.3348        908     3.7792  0.000e+00
     20.732    17.0270   4.301854    33.3344        909     3.7833  0.000e+00
     20.678    17.0282   4.301676    33.3319        910     3.7875  0.000e+00
     20.623    17.0285   4.301650    33.3315        911     3.7917  0.000e+00
     20.563    17.0281   4.301551    33.3309        912     3.7958  0.000e+00
     20.499    17.0277   4.301453    33.3304        913     3.8000  0.000e+00
     20.434    17.0266   4.301446    33.3313        914     3.8042  0.000e+00
     20.380    17.0261   4.301453    33.3318        915     3.8083  0.000e+00
     20.334    17.0260   4.301551    33.3328        916     3.8125  0.000e+00
     20.296    17.0261   4.301420    33.3315        917     3.8167  0.000e+00
     20.263    17.0259   4.301453    33.3320        918     3.8208  0.000e+00
     20.247    17.0256   4.301630    33.3338        919     3.8250  0.000e+00
     20.233    17.0264   4.301650    33.3333        920     3.8292  0.000e+00
     20.237    17.0270   4.301676    33.3330        921     3.8333  0.000e+00
     20.242    17.0275   4.301729    33.3330        922     3.8375  0.000e+00
     20.246    17.0278   4.301755    33.3331        923     3.8417  0.000e+00
     20.258    17.0284   4.301827    33.3332        924     3.8458  0.000e+00
     20.272    17.0288   4.301545    33.3304        925     3.8500  0.000e+00
     20.274    17.0289   4.301729    33.3319        926     3.8542  0.000e+00
     20.276    17.0288   4.301676    33.3316        927     3.8583  0.000e+00
     20.258    17.0284   4.301703    33.3321        928     3.8625  0.000e+00
     20.240    17.0282   4.301729    33.3325        929     3.8667  0.000e+00
     20.208    17.0283   4.301729    33.3324        930     3.8708  0.000e+00
     20.168    17.0285   4.301702    33.3321        931     3.8750  0.000e+00
     20.132    17.0284   4.301604    33.3313        932     3.8792  0.000e+00
     20.095    17.0279   4.301571    33.3315        933     3.8833  0.000e+00
     20.059    17.0275   4.301532    33.3314        934     3.8875  0.000e+00
     20.025    17.0270   4.301578    33.3322        935     3.8917  0.000e+00
     20.007    17.0270   4.301597    33.3324        936     3.8958  0.000e+00
     19.989    17.0273   4.301656    33.3327        937     3.9000  0.000e+00
     19.978    17.0276   4.301801    33.3337        938     3.9042  0.000e+00
     19.974    17.0285   4.301880    33.3337        939     3.9083  0.000e+00
     19.982    17.0292   4.301926    33.3335        940     3.9125  0.000e+00
     19.987    17.0297   4.301906    33.3329        941     3.9167  0.000e+00
     19.990    17.0303   4.301926    33.3325        942     3.9208  0.000e+00
     19.994    17.0305   4.301998    33.3330        943     3.9250  0.000e+00
     19.991    17.0311   4.302090    33.3333        944     3.9292  0.000e+00
     19.978    17.0314   4.302051    33.3327        945     3.9333  0.000e+00
     19.955    17.0318   4.302024    33.3322        946     3.9375  0.000e+00
     19.917    17.0319   4.302090    33.3327        947     3.9417  0.000e+00
     19.876    17.0320   4.302097    33.3327        948     3.9458  0.000e+00
     19.825    17.0323   4.302248    33.3337        949     3.9500  0.000e+00
     19.768    17.0331   4.302241    33.3331        950     3.9542  0.000e+00
     19.705    17.0336   4.302169    33.3321        951     3.9583  0.000e+00
     19.642    17.0335   4.302011    33.3308        952     3.9625  0.000e+00
     19.577    17.0327   4.302024    33.3315        953     3.9667  0.000e+00
     19.524    17.0323   4.302070    33.3323        954     3.9708  0.000e+00
     19.481    17.0323   4.301958    33.3314        955     3.9750  0.000e+00
     19.443    17.0321   4.301926    33.3313        956     3.9792  0.000e+00
     19.419    17.0315   4.301952    33.3320        957     3.9833  0.000e+00
     19.400    17.0313   4.301932    33.3320        958     3.9875  0.000e+00
     19.389    17.0310   4.301952    33.3324        959     3.9917  0.000e+00
     19.389    17.0311   4.301926    33.3321        960     3.9958  0.000e+00
     19.398    17.0311   4.301932    33.3322        961     4.0000  0.000e+00
     19.412    17.0311   4.301952    33.3323        962     4.0042  0.000e+00
     19.441    17.0311   4.301932    33.3322        963     4.0083  0.000e+00
     19.470    17.0311   4.301952    33.3323        964     4.0125  0.000e+00
     19.506    17.0313   4.301926    33.3319        965     4.0167  0.000e+00
     19.540    17.0310   4.301853    33.3315        966     4.0208  0.000e+00
     19.574    17.0308   4.301774    33.3310        967     4.0250  0.000e+00
     19.601    17.0303   4.301728    33.3310        968     4.0292  0.000e+00
     19.613    17.0294   4.301650    33.3310        969     4.0333  0.000e+00
     19.622    17.0289   4.301729    33.3322        970     4.0375  0.000e+00
     19.621    17.0286   4.301656    33.3318        971     4.0417  0.000e+00
     19.610    17.0285   4.301781    33.3330        972     4.0458  0.000e+00
     19.585    17.0286   4.301827    33.3333        973     4.0500  0.000e+00
     19.550    17.0289   4.301650    33.3315        974     4.0542  0.000e+00
     19.500    17.0289   4.301630    33.3314        975     4.0583  0.000e+00
     19.450    17.0284   4.301656    33.3320        976     4.0625  0.000e+00
     19.392    17.0282   4.301853    33.3339        977     4.0667  0.000e+00
     19.335    17.0288   4.302096    33.3355        978     4.0708  0.000e+00
     19.285    17.0305   4.302195    33.3350        979     4.0750  0.000e+00
     19.227    17.0319   4.302188    33.3338        980     4.0792  0.000e+00
     19.173    17.0330   4.302169    33.3327        981     4.0833  0.000e+00
     19.123    17.0333   4.302142    33.3323        982     4.0875  0.000e+00
     19.080    17.0332   4.302024    33.3313        983     4.0917  0.000e+00
     19.040    17.0329   4.302024    33.3316        984     4.0958  0.000e+00
     19.008    17.0326   4.302063    33.3322        985     4.1000  0.000e+00
     18.983    17.0327   4.302096    33.3325        986     4.1042  0.000e+00
     18.965    17.0327   4.302149    33.3329        987     4.1083  0.000e+00
     18.956    17.0329   4.302214    33.3333        988     4.1125  0.000e+00
     18.954    17.0332   4.302221    33.3331        989     4.1167  0.000e+00
     18.958    17.0339   4.302247    33.3328        990     4.1208  0.000e+00
     18.956    17.0341   4.302214    33.3323        991     4.1250  0.000e+00
     18.953    17.0344   4.302221    33.3321        992     4.1292  0.000e+00
     18.949    17.0342   4.302267    33.3327        993     4.1333  0.000e+00
     18.945    17.0343   4.302267    33.3326        994     4.1375  0.000e+00
     18.940    17.0345   4.302293    33.3327        995     4.1417  0.000e+00
     18.931    17.0346   4.302293    33.3325        996     4.1458  0.000e+00
     18.924    17.0349   4.302320    33.3326        997     4.1500  0.000e+00
     18.911    17.0350   4.302293    33.3323        998     4.1542  0.000e+00
     18.893    17.0351   4.302293    33.3321        999     4.1583  0.000e+00
     18.877    17.0351   4.302247    33.3318       1000     4.1625  0.000e+00
     18.865    17.0351   4.302247    33.3318       1001     4.1667  0.000e+00
     18.839    17.0349   4.302214    33.3317       1002     4.1708  0.000e+00
     18.820    17.0344   4.302168    33.3317       1003     4.1750  0.000e+00
     18.793    17.0341   4.302142    33.3318       1004     4.1792  0.000e+00
     18.760    17.0338   4.302122    33.3318       1005     4.1833  0.000e+00
     18.724    17.0335   4.302024    33.3312       1006     4.1875  0.000e+00
     18.685    17.0332   4.301958    33.3310       1007     4.1917  0.000e+00
     18.644    17.0326   4.301951    33.3314       1008     4.1958  0.000e+00
     18.586    17.0321   4.301925    33.3316       1009     4.2000  0.000e+00
     18.543    17.0320   4.301932    33.3317       1010     4.2042  0.000e+00
     18.495    17.0320   4.301951    33.3319       1011     4.2083  0.000e+00
     18.451    17.0319   4.301971    33.3322       1012     4.2125  0.000e+00
     18.412    17.0323   4.302116    33.3331       1013     4.2167  0.000e+00
     18.380    17.0328   4.302149    33.3330       1014     4.2208  0.000e+00
     18.356    17.0335   4.302214    33.3330       1015     4.2250  0.000e+00
     18.329    17.0343   4.302195    33.3322       1016     4.2292  0.000e+00
     18.310    17.0346   4.302267    33.3325       1017     4.2333  0.000e+00
     18.295    17.0348   4.302162    33.3315       1018     4.2375  0.000e+00
     18.284    17.0349   4.302148    33.3313       1019     4.2417  0.000e+00
     18.277    17.0346   4.302194    33.3320       1020     4.2458  0.000e+00
     18.277    17.0346   4.302293    33.3329       1021     4.2500  0.000e+00
     18.272    17.0349   4.302247    33.3322       1022     4.2542  0.000e+00
     18.263    17.0351   4.302024    33.3300       1023     4.2583  0.000e+00
     18.258    17.0343   4.301958    33.3302       1024     4.2625  0.000e+00
     18.247    17.0336   4.302096    33.3320       1025     4.2667  0.000e+00
     18.229    17.0333   4.302162    33.3328       1026     4.2708  0.000e+00
     18.211    17.0338   4.302024    33.3312       1027     4.2750  0.000e+00
     18.189    17.0336   4.301899    33.3303       1028     4.2792  0.000e+00
     18.170    17.0328   4.301826    33.3303       1029     4.2833  0.000e+00
     18.144    17.0321   4.301826    33.3309       1030     4.2875  0.000e+00
     18.118    17.0317   4.301853    33.3315       1031     4.2917  0.000e+00
     18.092    17.0315   4.301932    33.3323       1032     4.2958  0.000e+00
     18.060    17.0320   4.301951    33.3321       1033     4.3000  0.000e+00
     18.031    17.0319   4.301853    33.3313       1034     4.3042  0.000e+00
     17.997    17.0318   4.301826    33.3312       1035     4.3083  0.000e+00
