PC2406/sbe066.cnv
* Sea-Bird SBE 19plus V2 Data File:
* FileName = C:\cruise\data\sbe066.hex
* Software Version Seasave V 7.26.7.121
* Temperature SN = 7142
* Conductivity SN = 7142
* System UpLoad Time = Nov 10 2024 16:36:23
* NMEA Latitude = 39 53.05 N
* NMEA Longitude = 073 54.49 W
* NMEA UTC (Time) = Nov 10 2024  16:36:17
** Ship: Pisces
** Cruise:  PC2406
** Program:  Fall ECOMON
# nquan = 7
# nvalues = 1454                                  
# units = specified
# name 0 = depSM: Depth [salt water, m]
# name 1 = tv290C: Temperature [ITS-90, deg C]
# name 2 = c0S/m: Conductivity [S/m]
# name 3 = sal00: Salinity, Practical [PSU]
# name 4 = scan: Scan Count
# name 5 = timeM: Time, Elapsed [minutes]
# name 6 = flag:  0.000e+00
# span 0 =      0.067,     23.325                 
# span 1 =    14.8418,    16.1028                 
# span 2 =   0.000109,   4.097765                 
# span 3 =     0.0077,    32.3171                 
# span 4 =         11,       1464                 
# span 5 =     0.0417,     6.0958                 
# span 6 = 0.0000e+00, 0.0000e+00                 
# interval = seconds: 0.25
# start_time = Nov 10 2024 16:36:17 [NMEA time, header]
# bad_flag = -9.990e-29
*END*
[from data line 821]
     14.003    16.0321   4.084162    32.2516        832     3.4625  0.000e+00
     13.981    16.0309   4.085082    32.2607        833     3.4667  0.000e+00
     13.953    16.0315   4.084934    32.2588        834     3.4708  0.000e+00
     13.935    16.0325   4.085809    32.2658        835     3.4750  0.000e+00
     13.911    16.0346   4.086606    32.2711        836     3.4792  0.000e+00
     13.892    16.0378   4.086651    32.2689        837     3.4833  0.000e+00
     13.870    16.0401   4.086625    32.2668        838     3.4875  0.000e+00
     13.847    16.0413   4.086658    32.2661        839     3.4917  0.000e+00
     13.823    16.0419   4.086625    32.2654        840     3.4958  0.000e+00
     13.807    16.0423   4.086941    32.2678        841     3.5000  0.000e+00
     13.786    16.0428   4.087089    32.2687        842     3.5042  0.000e+00
     13.766    16.0436   4.087307    32.2700        843     3.5083  0.000e+00
     13.746    16.0448   4.088080    32.2758        844     3.5125  0.000e+00
     13.734    16.0471   4.088227    32.2753        845     3.5167  0.000e+00
     13.716    16.0491   4.088208    32.2735        846     3.5208  0.000e+00
     13.699    16.0501   4.088009    32.2709        847     3.5250  0.000e+00
     13.687    16.0503   4.088009    32.2708        848     3.5292  0.000e+00
     13.674    16.0502   4.087764    32.2687        849     3.5333  0.000e+00
     13.664    16.0497   4.087764    32.2691        850     3.5375  0.000e+00
     13.646    16.0492   4.087648    32.2685        851     3.5417  0.000e+00
     13.635    16.0487   4.087430    32.2670        852     3.5458  0.000e+00
     13.620    16.0480   4.087552    32.2686        853     3.5500  0.000e+00
     13.606    16.0477   4.087513    32.2685        854     3.5542  0.000e+00
     13.586    16.0475   4.087526    32.2688        855     3.5583  0.000e+00
     13.572    16.0474   4.087256    32.2665        856     3.5625  0.000e+00
     13.559    16.0469   4.087140    32.2659        857     3.5667  0.000e+00
     13.540    16.0463   4.087211    32.2670        858     3.5708  0.000e+00
     13.513    16.0459   4.087185    32.2672        859     3.5750  0.000e+00
     13.493    16.0458   4.087063    32.2662        860     3.5792  0.000e+00
     13.462    16.0455   4.087018    32.2660        861     3.5833  0.000e+00
     13.437    16.0450   4.086818    32.2647        862     3.5875  0.000e+00
     13.410    16.0446   4.086702    32.2640        863     3.5917  0.000e+00
     13.380    16.0440   4.086606    32.2636        864     3.5958  0.000e+00
     13.351    16.0435   4.086484    32.2630        865     3.6000  0.000e+00
     13.328    16.0427   4.085975    32.2592        866     3.6042  0.000e+00
     13.303    16.0415   4.085609    32.2569        867     3.6083  0.000e+00
     13.286    16.0400   4.085853    32.2603        868     3.6125  0.000e+00
     13.276    16.0391   4.085525    32.2581        869     3.6167  0.000e+00
     13.263    16.0383   4.085274    32.2566        870     3.6208  0.000e+00
     13.254    16.0371   4.085030    32.2554        871     3.6250  0.000e+00
     13.249    16.0357   4.084959    32.2559        872     3.6292  0.000e+00
     13.251    16.0347   4.084985    32.2570        873     3.6333  0.000e+00
     13.252    16.0341   4.085976    32.2661        874     3.6375  0.000e+00
     13.256    16.0353   4.086484    32.2696        875     3.6417  0.000e+00
     13.258    16.0378   4.086921    32.2715        876     3.6458  0.000e+00
     13.263    16.0404   4.086870    32.2689        877     3.6500  0.000e+00
     13.272    16.0421   4.086625    32.2654        878     3.6542  0.000e+00
     13.277    16.0424   4.086554    32.2645        879     3.6583  0.000e+00
     13.281    16.0424   4.086432    32.2634        880     3.6625  0.000e+00
     13.277    16.0423   4.086432    32.2635        881     3.6667  0.000e+00
     13.267    16.0418   4.086509    32.2646        882     3.6708  0.000e+00
     13.252    16.0416   4.086143    32.2615        883     3.6750  0.000e+00
     13.234    16.0411   4.085827    32.2592        884     3.6792  0.000e+00
     13.202    16.0399   4.085892    32.2608        885     3.6833  0.000e+00
     13.170    16.0390   4.085396    32.2571        886     3.6875  0.000e+00
     13.134    16.0380   4.084715    32.2520        887     3.6917  0.000e+00
     13.094    16.0357   4.084181    32.2492        888     3.6958  0.000e+00
     13.049    16.0330   4.083795    32.2479        889     3.7000  0.000e+00
     13.003    16.0304   4.083724    32.2495        890     3.7042  0.000e+00
     12.965    16.0285   4.083917    32.2527        891     3.7083  0.000e+00
     12.917    16.0277   4.083891    32.2531        892     3.7125  0.000e+00
     12.879    16.0277   4.084046    32.2545        893     3.7167  0.000e+00
     12.845    16.0281   4.085300    32.2653        894     3.7208  0.000e+00
     12.814    16.0300   4.085879    32.2688        895     3.7250  0.000e+00
     12.789    16.0336   4.085441    32.2621        896     3.7292  0.000e+00
     12.778    16.0357   4.085905    32.2645        897     3.7333  0.000e+00
     12.762    16.0368   4.086117    32.2654        898     3.7375  0.000e+00
     12.753    16.0382   4.086020    32.2634        899     3.7417  0.000e+00
     12.742    16.0388   4.086220    32.2647        900     3.7458  0.000e+00
     12.737    16.0392   4.086426    32.2662        901     3.7500  0.000e+00
     12.735    16.0401   4.086509    32.2662        902     3.7542  0.000e+00
     12.726    16.0410   4.086220    32.2629        903     3.7583  0.000e+00
     12.719    16.0411   4.085975    32.2607        904     3.7625  0.000e+00
     12.705    16.0404   4.086072    32.2621        905     3.7667  0.000e+00
     12.699    16.0397   4.086168    32.2635        906     3.7708  0.000e+00
     12.701    16.0400   4.086316    32.2646        907     3.7750  0.000e+00
     12.696    16.0403   4.086361    32.2647        908     3.7792  0.000e+00
     12.685    16.0406   4.086426    32.2651        909     3.7833  0.000e+00
     12.676    16.0409   4.086265    32.2634        910     3.7875  0.000e+00
     12.667    16.0409   4.086001    32.2611        911     3.7917  0.000e+00
     12.658    16.0404   4.085924    32.2608        912     3.7958  0.000e+00
     12.644    16.0398   4.085808    32.2603        913     3.8000  0.000e+00
     12.622    16.0392   4.085538    32.2584        914     3.8042  0.000e+00
     12.602    16.0382   4.084959    32.2541        915     3.8083  0.000e+00
     12.574    16.0366   4.084959    32.2554        916     3.8125  0.000e+00
     12.547    16.0353   4.084875    32.2558        917     3.8167  0.000e+00
     12.516    16.0342   4.084669    32.2548        918     3.8208  0.000e+00
     12.480    16.0333   4.084573    32.2548        919     3.8250  0.000e+00
     12.453    16.0325   4.084232    32.2524        920     3.8292  0.000e+00
     12.423    16.0314   4.083383    32.2458        921     3.8333  0.000e+00
     12.387    16.0289   4.081743    32.2335        922     3.8375  0.000e+00
     12.349    16.0241   4.081981    32.2395        923     3.8417  0.000e+00
     12.313    16.0205   4.081692    32.2398        924     3.8458  0.000e+00
     12.283    16.0189   4.081312    32.2378        925     3.8500  0.000e+00
     12.252    16.0168   4.079615    32.2246        926     3.8542  0.000e+00
     12.225    16.0127   4.078888    32.2215        927     3.8583  0.000e+00
     12.196    16.0080   4.078214    32.2194        928     3.8625  0.000e+00
     12.171    16.0034   4.078792    32.2282        929     3.8667  0.000e+00
     12.139    16.0013   4.078548    32.2278        930     3.8708  0.000e+00
     12.117    16.0003   4.078625    32.2293        931     3.8750  0.000e+00
     12.094    15.9997   4.078837    32.2317        932     3.8792  0.000e+00
     12.065    16.0000   4.078741    32.2306        933     3.8833  0.000e+00
     12.033    15.9999   4.078721    32.2305        934     3.8875  0.000e+00
     12.004    15.9998   4.078284    32.2267        935     3.8917  0.000e+00
     11.976    15.9993   4.078503    32.2290        936     3.8958  0.000e+00
     11.949    15.9989   4.078863    32.2326        937     3.9000  0.000e+00
     11.916    15.9992   4.078837    32.2321        938     3.9042  0.000e+00
     11.889    16.0000   4.078625    32.2296        939     3.9083  0.000e+00
     11.866    15.9999   4.078503    32.2286        940     3.9125  0.000e+00
     11.837    15.9995   4.078599    32.2298        941     3.9167  0.000e+00
     11.807    15.9993   4.078625    32.2302        942     3.9208  0.000e+00
     11.774    15.9993   4.078978    32.2334        943     3.9250  0.000e+00
     11.737    15.9999   4.078888    32.2321        944     3.9292  0.000e+00
     11.715    16.0005   4.079056    32.2331        945     3.9333  0.000e+00
     11.688    16.0013   4.079538    32.2367        946     3.9375  0.000e+00
     11.652    16.0026   4.080071    32.2403        947     3.9417  0.000e+00
     11.613    16.0043   4.080123    32.2394        948     3.9458  0.000e+00
     11.577    16.0061   4.078914    32.2273        949     3.9500  0.000e+00
     11.537    16.0048   4.078625    32.2258        950     3.9542  0.000e+00
     11.496    16.0026   4.078766    32.2289        951     3.9583  0.000e+00
     11.444    16.0013   4.079113    32.2330        952     3.9625  0.000e+00
     11.388    16.0013   4.079467    32.2361        953     3.9667  0.000e+00
     11.344    16.0027   4.080142    32.2410        954     3.9708  0.000e+00
     11.295    16.0048   4.079036    32.2295        955     3.9750  0.000e+00
     11.243    16.0044   4.078721    32.2271        956     3.9792  0.000e+00
     11.189    16.0023   4.078792    32.2295        957     3.9833  0.000e+00
     11.137    16.0008   4.078502    32.2282        958     3.9875  0.000e+00
     11.089    16.0000   4.079081    32.2340        959     3.9917  0.000e+00
     11.044    16.0004   4.079081    32.2336        960     3.9958  0.000e+00
     10.999    16.0012   4.078882    32.2313        961     4.0000  0.000e+00
     10.959    16.0011   4.079055    32.2329        962     4.0042  0.000e+00
     10.922    16.0010   4.079589    32.2376        963     4.0083  0.000e+00
     10.882    16.0022   4.080000    32.2403        964     4.0125  0.000e+00
     10.841    16.0040   4.079930    32.2383        965     4.0167  0.000e+00
     10.790    16.0056   4.080142    32.2389        966     4.0208  0.000e+00
     10.737    16.0067   4.080219    32.2387        967     4.0250  0.000e+00
     10.684    16.0074   4.080193    32.2379        968     4.0292  0.000e+00
     10.631    16.0082   4.080000    32.2355        969     4.0333  0.000e+00
     10.564    16.0081   4.079254    32.2291        970     4.0375  0.000e+00
     10.496    16.0063   4.079203    32.2301        971     4.0417  0.000e+00
     10.428    16.0047   4.079736    32.2362        972     4.0458  0.000e+00
     10.343    16.0048   4.079659    32.2354        973     4.0500  0.000e+00
     10.262    16.0048   4.080553    32.2433        974     4.0542  0.000e+00
     10.171    16.0072   4.080508    32.2410        975     4.0583  0.000e+00
     10.063    16.0092   4.080604    32.2402        976     4.0625  0.000e+00
      9.954    16.0104   4.078450    32.2204        977     4.0667  0.000e+00
      9.842    16.0071   4.077846    32.2178        978     4.0708  0.000e+00
      9.742    16.0016   4.078328    32.2265        979     4.0750  0.000e+00
      9.645    15.9989   4.078136    32.2271        980     4.0792  0.000e+00
      9.553    15.9976   4.077923    32.2263        981     4.0833  0.000e+00
      9.469    15.9964   4.078258    32.2302        982     4.0875  0.000e+00
      9.393    15.9966   4.078039    32.2281        983     4.0917  0.000e+00
      9.318    15.9962   4.077705    32.2255        984     4.0958  0.000e+00
      9.250    15.9951   4.077750    32.2269        985     4.1000  0.000e+00
      9.189    15.9944   4.077923    32.2290        986     4.1042  0.000e+00
      9.140    15.9946   4.077994    32.2295        987     4.1083  0.000e+00
      9.094    15.9950   4.077917    32.2284        988     4.1125  0.000e+00
      9.058    15.9952   4.077942    32.2286        989     4.1167  0.000e+00
      9.029    15.9952   4.077923    32.2284        990     4.1208  0.000e+00
      8.997    15.9951   4.077801    32.2274        991     4.1250  0.000e+00
      8.968    15.9950   4.077846    32.2279        992     4.1292  0.000e+00
      8.948    15.9950   4.078020    32.2295        993     4.1333  0.000e+00
      8.910    15.9954   4.078065    32.2296        994     4.1375  0.000e+00
      8.865    15.9957   4.077653    32.2257        995     4.1417  0.000e+00
      8.831    15.9950   4.078476    32.2335        996     4.1458  0.000e+00
      8.788    15.9958   4.079280    32.2399        997     4.1500  0.000e+00
      8.740    15.9995   4.079684    32.2405        998     4.1542  0.000e+00
      8.691    16.0025   4.079807    32.2392        999     4.1583  0.000e+00
      8.636    16.0047   4.079588    32.2355       1000     4.1625  0.000e+00
      8.578    16.0056   4.079440    32.2335       1001     4.1667  0.000e+00
      8.521    16.0054   4.079421    32.2335       1002     4.1708  0.000e+00
      8.458    16.0053   4.079517    32.2344       1003     4.1750  0.000e+00
      8.397    16.0052   4.079736    32.2364       1004     4.1792  0.000e+00
      8.336    16.0056   4.079491    32.2341       1005     4.1833  0.000e+00
      8.273    16.0059   4.079343    32.2325       1006     4.1875  0.000e+00
      8.214    16.0053   4.079466    32.2341       1007     4.1917  0.000e+00
      8.153    16.0052   4.078135    32.2225       1008     4.1958  0.000e+00
      8.090    16.0025   4.078186    32.2251       1009     4.2000  0.000e+00
      8.038    16.0002   4.079009    32.2343       1010     4.2042  0.000e+00
      7.980    16.0002   4.079080    32.2349       1011     4.2083  0.000e+00
      7.921    16.0013   4.079536    32.2380       1012     4.2125  0.000e+00
      7.865    16.0031   4.079395    32.2354       1013     4.2167  0.000e+00
      7.808    16.0039   4.078861    32.2301       1014     4.2208  0.000e+00
      7.750    16.0033   4.079395    32.2353       1015     4.2250  0.000e+00
      7.688    16.0034   4.080385    32.2439       1016     4.2292  0.000e+00
      7.627    16.0064   4.080288    32.2407       1017     4.2333  0.000e+00
      7.562    16.0083   4.079343    32.2308       1018     4.2375  0.000e+00
      7.503    16.0074   4.079227    32.2305       1019     4.2417  0.000e+00
      7.442    16.0057   4.079710    32.2362       1020     4.2458  0.000e+00
      7.379    16.0059   4.079877    32.2375       1021     4.2500  0.000e+00
      7.319    16.0066   4.079999    32.2381       1022     4.2542  0.000e+00
      7.258    16.0072   4.079298    32.2314       1023     4.2583  0.000e+00
      7.215    16.0066   4.079092    32.2301       1024     4.2625  0.000e+00
      7.170    16.0052   4.079034    32.2307       1025     4.2667  0.000e+00
      7.124    16.0041   4.079054    32.2318       1026     4.2708  0.000e+00
      7.090    16.0033   4.079324    32.2349       1027     4.2750  0.000e+00
      7.061    16.0039   4.079227    32.2336       1028     4.2792  0.000e+00
      7.023    16.0041   4.079131    32.2325       1029     4.2833  0.000e+00
      6.996    16.0041   4.079227    32.2334       1030     4.2875  0.000e+00
      6.962    16.0043   4.078861    32.2300       1031     4.2917  0.000e+00
      6.944    16.0035   4.078816    32.2303       1032     4.2958  0.000e+00
      6.926    16.0026   4.078559    32.2288       1033     4.3000  0.000e+00
      6.906    16.0017   4.078597    32.2299       1034     4.3042  0.000e+00
      6.889    16.0009   4.078887    32.2331       1035     4.3083  0.000e+00
