PC2406/sbe073.cnv
* Sea-Bird SBE 19plus V2 Data File:
* FileName = C:\cruise\data\sbe073.hex
* Software Version Seasave V 7.26.7.121
* Temperature SN = 7142
* Conductivity SN = 7142
* System UpLoad Time = Nov 11 2024 22:06:51
* NMEA Latitude = 40 53.01 N
* NMEA Longitude = 071 36.83 W
* NMEA UTC (Time) = Nov 11 2024  22:06:46
** Ship: Pisces
** Cruise:  PC2406
** Program:  Fall ECOMON
# nquan = 7
# nvalues = 1533                                  
# units = specified
# name 0 = depSM: Depth [salt water, m]
# name 1 = tv290C: Temperature [ITS-90, deg C]
# name 2 = c0S/m: Conductivity [S/m]
# name 3 = sal00: Salinity, Practical [PSU]
# name 4 = scan: Scan Count
# name 5 = timeM: Time, Elapsed [minutes]
# name 6 = flag:  0.000e+00
# span 0 =     -0.143,     50.109                 
# span 1 =    15.7511,    19.1768                 
# span 2 =   0.001640,   4.659853                 
# span 3 =     0.0147,    34.6404                 
# span 4 =         11,       1543                 
# span 5 =     0.0417,     6.4250                 
# span 6 = 0.0000e+00, 0.0000e+00                 
# interval = seconds: 0.25
# start_time = Nov 11 2024 22:06:46 [NMEA time, header]
# bad_flag = -9.990e-29
*END*
[from data line 1231]
      9.533    16.1042   4.150968    32.7829       1242     5.1708  0.000e+00
      9.488    16.1035   4.150845    32.7824       1243     5.1750  0.000e+00
      9.454    16.1038   4.150773    32.7815       1244     5.1792  0.000e+00
      9.423    16.1035   4.149906    32.7741       1245     5.1833  0.000e+00
      9.409    16.1020   4.149342    32.7704       1246     5.1875  0.000e+00
      9.398    16.0990   4.148799    32.7682       1247     5.1917  0.000e+00
      9.409    16.0958   4.148650    32.7694       1248     5.1958  0.000e+00
      9.409    16.0933   4.148281    32.7683       1249     5.2000  0.000e+00
      9.418    16.0911   4.148352    32.7707       1250     5.2042  0.000e+00
      9.411    16.0899   4.148151    32.7699       1251     5.2083  0.000e+00
      9.402    16.0891   4.145621    32.7482       1252     5.2125  0.000e+00
      9.366    16.0836   4.144436    32.7424       1253     5.2167  0.000e+00
      9.319    16.0754   4.143104    32.7374       1254     5.2208  0.000e+00
      9.260    16.0678   4.139436    32.7113       1255     5.2250  0.000e+00
      9.190    16.0576   4.128414    32.6225       1256     5.2292  0.000e+00
      9.122    16.0386   4.116547    32.5335       1257     5.2333  0.000e+00
      9.046    16.0084   4.105983    32.4650       1258     5.2375  0.000e+00
      8.964    15.9759   4.102941    32.4649       1259     5.2417  0.000e+00
      8.890    15.9495   4.103515    32.4916       1260     5.2458  0.000e+00
      8.809    15.9355   4.103380    32.5019       1261     5.2500  0.000e+00
      8.746    15.9293   4.103135    32.5048       1262     5.2542  0.000e+00
      8.693    15.9259   4.100680    32.4860       1263     5.2583  0.000e+00
      8.640    15.9211   4.097613    32.4628       1264     5.2625  0.000e+00
      8.590    15.9144   4.095772    32.4521       1265     5.2667  0.000e+00
      8.542    15.9079   4.096132    32.4606       1266     5.2708  0.000e+00
      8.475    15.9037   4.093293    32.4389       1267     5.2750  0.000e+00
      8.402    15.8990   4.088446    32.4000       1268     5.2792  0.000e+00
      8.328    15.8905   4.085397    32.3800       1269     5.2833  0.000e+00
      8.249    15.8802   4.085249    32.3871       1270     5.2875  0.000e+00
      8.170    15.8727   4.076138    32.3127       1271     5.2917  0.000e+00
      8.104    15.8608   4.080265    32.3589       1272     5.2958  0.000e+00
      8.050    15.8525   4.079249    32.3568       1273     5.3000  0.000e+00
      7.994    15.8493   4.074422    32.3167       1274     5.3042  0.000e+00
      7.962    15.8431   4.078953    32.3619       1275     5.3083  0.000e+00
      7.946    15.8419   4.078021    32.3546       1276     5.3125  0.000e+00
      7.946    15.8430   4.076620    32.3413       1277     5.3167  0.000e+00
      7.965    15.8411   4.073773    32.3177       1278     5.3208  0.000e+00
      8.000    15.8369   4.073889    32.3221       1279     5.3250  0.000e+00
      8.043    15.8335   4.073099    32.3179       1280     5.3292  0.000e+00
      8.095    15.8307   4.072398    32.3140       1281     5.3333  0.000e+00
      8.152    15.8281   4.071962    32.3122       1282     5.3375  0.000e+00
      8.208    15.8262   4.072206    32.3159       1283     5.3417  0.000e+00
      8.256    15.8253   4.072225    32.3168       1284     5.3458  0.000e+00
      8.310    15.8251   4.072399    32.3185       1285     5.3500  0.000e+00
      8.348    15.8251   4.074667    32.3385       1286     5.3542  0.000e+00
      8.386    15.8278   4.076935    32.3564       1287     5.3583  0.000e+00
      8.412    15.8328   4.077224    32.3548       1288     5.3625  0.000e+00
      8.427    15.8369   4.073047    32.3145       1289     5.3667  0.000e+00
      8.409    15.8346   4.067119    32.2640       1290     5.3708  0.000e+00
      8.333    15.8240   4.066881    32.2705       1291     5.3750  0.000e+00
      8.215    15.8158   4.066567    32.2745       1292     5.3792  0.000e+00
      8.093    15.8113   4.066997    32.2820       1293     5.3833  0.000e+00
      7.974    15.8093   4.066612    32.2803       1294     5.3875  0.000e+00
      7.867    15.8079   4.064692    32.2644       1295     5.3917  0.000e+00
      7.773    15.8048   4.061419    32.2380       1296     5.3958  0.000e+00
      7.703    15.7987   4.061483    32.2436       1297     5.4000  0.000e+00
      7.657    15.7936   4.062234    32.2544       1298     5.4042  0.000e+00
      7.631    15.7914   4.062356    32.2573       1299     5.4083  0.000e+00
      7.628    15.7917   4.063460    32.2668       1300     5.4125  0.000e+00
      7.646    15.7929   4.063389    32.2652       1301     5.4167  0.000e+00
      7.692    15.7940   4.063486    32.2652       1302     5.4208  0.000e+00
      7.750    15.7947   4.063749    32.2669       1303     5.4250  0.000e+00
      7.818    15.7953   4.063967    32.2683       1304     5.4292  0.000e+00
      7.886    15.7964   4.064211    32.2696       1305     5.4333  0.000e+00
      7.937    15.7972   4.064545    32.2719       1306     5.4375  0.000e+00
      7.974    15.7983   4.065219    32.2768       1307     5.4417  0.000e+00
      8.001    15.7999   4.065919    32.2818       1308     5.4458  0.000e+00
      8.007    15.8016   4.065026    32.2725       1309     5.4500  0.000e+00
      7.996    15.8016   4.064911    32.2715       1310     5.4542  0.000e+00
      7.976    15.8016   4.069579    32.3128       1311     5.4583  0.000e+00
      7.960    15.8060   4.070131    32.3141       1312     5.4625  0.000e+00
      7.944    15.8123   4.070131    32.3090       1313     5.4667  0.000e+00
      7.924    15.8151   4.066182    32.2717       1314     5.4708  0.000e+00
      7.915    15.8129   4.067652    32.2865       1315     5.4750  0.000e+00
      7.899    15.8108   4.067382    32.2859       1316     5.4792  0.000e+00
      7.883    15.8102   4.067312    32.2857       1317     5.4833  0.000e+00
      7.854    15.8103   4.063774    32.2543       1318     5.4875  0.000e+00
      7.804    15.8060   4.064500    32.2643       1319     5.4917  0.000e+00
      7.737    15.8026   4.064307    32.2654       1320     5.4958  0.000e+00
      7.649    15.8011   4.063896    32.2630       1321     5.5000  0.000e+00
      7.556    15.7995   4.063004    32.2564       1322     5.5042  0.000e+00
      7.463    15.7970   4.061092    32.2416       1323     5.5083  0.000e+00
      7.371    15.7934   4.060341    32.2379       1324     5.5125  0.000e+00
      7.297    15.7892   4.059115    32.2305       1325     5.5167  0.000e+00
      7.233    15.7851   4.059160    32.2343       1326     5.5208  0.000e+00
      7.188    15.7823   4.058750    32.2329       1327     5.5250  0.000e+00
      7.168    15.7804   4.059257    32.2389       1328     5.5292  0.000e+00
      7.174    15.7795   4.060508    32.2508       1329     5.5333  0.000e+00
      7.202    15.7809   4.059712    32.2426       1330     5.5375  0.000e+00
      7.245    15.7816   4.059879    32.2435       1331     5.5417  0.000e+00
      7.292    15.7818   4.060245    32.2466       1332     5.5458  0.000e+00
      7.353    15.7825   4.060912    32.2519       1333     5.5500  0.000e+00
      7.425    15.7839   4.062792    32.2673       1334     5.5542  0.000e+00
      7.495    15.7871   4.064712    32.2817       1335     5.5583  0.000e+00
      7.561    15.7924   4.066323    32.2916       1336     5.5625  0.000e+00
      7.595    15.7978   4.066959    32.2929       1337     5.5667  0.000e+00
      7.612    15.8020   4.066881    32.2887       1338     5.5708  0.000e+00
      7.601    15.8042   4.064063    32.2620       1339     5.5750  0.000e+00
      7.569    15.8024   4.065463    32.2759       1340     5.5792  0.000e+00
      7.536    15.8009   4.066471    32.2860       1341     5.5833  0.000e+00
      7.491    15.8021   4.068686    32.3046       1342     5.5875  0.000e+00
      7.425    15.8060   4.068012    32.2955       1343     5.5917  0.000e+00
      7.353    15.8085   4.066348    32.2788       1344     5.5958  0.000e+00
      7.258    15.8077   4.063678    32.2558       1345     5.6000  0.000e+00
      7.156    15.8025   4.061541    32.2412       1346     5.6042  0.000e+00
      7.055    15.7962   4.061156    32.2430       1347     5.6083  0.000e+00
      6.960    15.7915   4.059956    32.2362       1348     5.6125  0.000e+00
      6.875    15.7879   4.058993    32.2307       1349     5.6167  0.000e+00
      6.807    15.7839   4.059596    32.2392       1350     5.6208  0.000e+00
      6.748    15.7826   4.061117    32.2538       1351     5.6250  0.000e+00
      6.709    15.7839   4.061008    32.2518       1352     5.6292  0.000e+00
      6.676    15.7854   4.060552    32.2466       1353     5.6333  0.000e+00
      6.655    15.7858   4.060552    32.2462       1354     5.6375  0.000e+00
      6.637    15.7856   4.060841    32.2490       1355     5.6417  0.000e+00
      6.630    15.7860   4.061348    32.2532       1356     5.6458  0.000e+00
      6.613    15.7870   4.061541    32.2540       1357     5.6500  0.000e+00
      6.583    15.7877   4.061470    32.2528       1358     5.6542  0.000e+00
      6.531    15.7880   4.061515    32.2530       1359     5.6583  0.000e+00
      6.464    15.7881   4.060340    32.2425       1360     5.6625  0.000e+00
      6.396    15.7869   4.060026    32.2408       1361     5.6667  0.000e+00
      6.337    15.7850   4.060437    32.2460       1362     5.6708  0.000e+00
      6.292    15.7845   4.060385    32.2460       1363     5.6750  0.000e+00
      6.263    15.7846   4.060385    32.2459       1364     5.6792  0.000e+00
      6.260    15.7846   4.060533    32.2472       1365     5.6833  0.000e+00
      6.267    15.7848   4.059667    32.2394       1366     5.6875  0.000e+00
      6.299    15.7840   4.059596    32.2394       1367     5.6917  0.000e+00
      6.335    15.7827   4.059930    32.2433       1368     5.6958  0.000e+00
      6.384    15.7825   4.060770    32.2510       1369     5.7000  0.000e+00
      6.432    15.7836   4.061104    32.2530       1370     5.7042  0.000e+00
      6.475    15.7852   4.060264    32.2442       1371     5.7083  0.000e+00
      6.504    15.7852   4.058704    32.2304       1372     5.7125  0.000e+00
      6.509    15.7827   4.057627    32.2229       1373     5.7167  0.000e+00
      6.482    15.7789   4.057672    32.2264       1374     5.7208  0.000e+00
      6.410    15.7760   4.057697    32.2290       1375     5.7250  0.000e+00
      6.319    15.7746   4.057550    32.2289       1376     5.7292  0.000e+00
      6.227    15.7737   4.057479    32.2290       1377     5.7333  0.000e+00
      6.109    15.7732   4.057479    32.2295       1378     5.7375  0.000e+00
      6.001    15.7729   4.057530    32.2302       1379     5.7417  0.000e+00
      5.904    15.7729   4.057479    32.2299       1380     5.7458  0.000e+00
      5.814    15.7729   4.057530    32.2304       1381     5.7500  0.000e+00
      5.741    15.7729   4.057556    32.2305       1382     5.7542  0.000e+00
      5.680    15.7730   4.057550    32.2304       1383     5.7583  0.000e+00
      5.622    15.7729   4.057505    32.2302       1384     5.7625  0.000e+00
      5.586    15.7729   4.057530    32.2304       1385     5.7667  0.000e+00
      5.538    15.7729   4.057479    32.2300       1386     5.7708  0.000e+00
      5.489    15.7725   4.057453    32.2301       1387     5.7750  0.000e+00
      5.416    15.7726   4.057383    32.2294       1388     5.7792  0.000e+00
      5.326    15.7724   4.057338    32.2292       1389     5.7833  0.000e+00
      5.231    15.7719   4.057479    32.2309       1390     5.7875  0.000e+00
      5.128    15.7722   4.057383    32.2298       1391     5.7917  0.000e+00
      5.028    15.7726   4.057357    32.2293       1392     5.7958  0.000e+00
      4.942    15.7726   4.057286    32.2287       1393     5.8000  0.000e+00
      4.865    15.7722   4.057023    32.2267       1394     5.8042  0.000e+00
      4.816    15.7714   4.056953    32.2268       1395     5.8083  0.000e+00
      4.795    15.7706   4.056978    32.2277       1396     5.8125  0.000e+00
      4.786    15.7700   4.057190    32.2300       1397     5.8167  0.000e+00
      4.800    15.7703   4.057575    32.2332       1398     5.8208  0.000e+00
      4.827    15.7713   4.057312    32.2300       1399     5.8250  0.000e+00
      4.854    15.7718   4.057286    32.2294       1400     5.8292  0.000e+00
      4.897    15.7719   4.057338    32.2298       1401     5.8333  0.000e+00
      4.938    15.7716   4.057549    32.2319       1402     5.8375  0.000e+00
      4.974    15.7722   4.057767    32.2333       1403     5.8417  0.000e+00
      5.001    15.7733   4.057767    32.2324       1404     5.8458  0.000e+00
      5.003    15.7740   4.058030    32.2341       1405     5.8500  0.000e+00
      4.978    15.7748   4.058415    32.2369       1406     5.8542  0.000e+00
      4.927    15.7758   4.058178    32.2340       1407     5.8583  0.000e+00
      4.866    15.7764   4.058005    32.2320       1408     5.8625  0.000e+00
      4.798    15.7761   4.057671    32.2293       1409     5.8667  0.000e+00
      4.717    15.7747   4.057530    32.2292       1410     5.8708  0.000e+00
      4.619    15.7736   4.057023    32.2257       1411     5.8750  0.000e+00
      4.527    15.7721   4.056882    32.2257       1412     5.8792  0.000e+00
      4.428    15.7709   4.056997    32.2278       1413     5.8833  0.000e+00
      4.329    15.7700   4.056927    32.2279       1414     5.8875  0.000e+00
      4.231    15.7698   4.056843    32.2273       1415     5.8917  0.000e+00
      4.123    15.7697   4.056856    32.2276       1416     5.8958  0.000e+00
      3.997    15.7695   4.057023    32.2292       1417     5.9000  0.000e+00
      3.857    15.7702   4.057311    32.2313       1418     5.9042  0.000e+00
      3.714    15.7706   4.057190    32.2300       1419     5.9083  0.000e+00
      3.597    15.7709   4.056856    32.2268       1420     5.9125  0.000e+00
      3.507    15.7703   4.056785    32.2267       1421     5.9167  0.000e+00
      3.452    15.7693   4.056856    32.2282       1422     5.9208  0.000e+00
      3.425    15.7690   4.056785    32.2278       1423     5.9250  0.000e+00
      3.407    15.7689   4.056856    32.2285       1424     5.9292  0.000e+00
      3.419    15.7689   4.056882    32.2287       1425     5.9333  0.000e+00
      3.426    15.7691   4.056760    32.2275       1426     5.9375  0.000e+00
      3.459    15.7690   4.056805    32.2280       1427     5.9417  0.000e+00
      3.495    15.7688   4.056978    32.2296       1428     5.9458  0.000e+00
      3.532    15.7694   4.056952    32.2289       1429     5.9500  0.000e+00
      3.570    15.7698   4.056978    32.2288       1430     5.9542  0.000e+00
      3.572    15.7700   4.056805    32.2271       1431     5.9583  0.000e+00
      3.520    15.7694   4.056888    32.2283       1432     5.9625  0.000e+00
      3.421    15.7694   4.056997    32.2293       1433     5.9667  0.000e+00
      3.277    15.7700   4.057144    32.2302       1434     5.9708  0.000e+00
      3.105    15.7709   4.057452    32.2323       1435     5.9750  0.000e+00
      2.934    15.7719   4.057407    32.2311       1436     5.9792  0.000e+00
      2.791    15.7727   4.057119    32.2280       1437     5.9833  0.000e+00
      2.683    15.7726   4.056977    32.2268       1438     5.9875  0.000e+00
      2.601    15.7718   4.056900    32.2268       1439     5.9917  0.000e+00
      2.575    15.7710   4.056881    32.2273       1440     5.9958  0.000e+00
      2.595    15.7705   4.056830    32.2273       1441     6.0000  0.000e+00
      2.642    15.7702   4.056900    32.2282       1442     6.0042  0.000e+00
      2.692    15.7702   4.056952    32.2286       1443     6.0083  0.000e+00
      2.746    15.7700   4.056997    32.2291       1444     6.0125  0.000e+00
      2.776    15.7702   4.057048    32.2294       1445     6.0167  0.000e+00
