PC2406/sbe078.cnv
* Sea-Bird SBE 19plus V2 Data File:
* FileName = C:\cruise\data\sbe078.hex
* Software Version Seasave V 7.26.7.121
* Temperature SN = 7142
* Conductivity SN = 7142
* System UpLoad Time = Nov 12 2024 13:54:57
* NMEA Latitude = 40 35.96 N
* NMEA Longitude = 069 40.12 W
* NMEA UTC (Time) = Nov 12 2024  13:54:52
** Ship: Pisces
** Cruise:  PC2406
** Program:  Fall ECOMON
# nquan = 7
# nvalues = 1533                                  
# units = specified
# name 0 = depSM: Depth [salt water, m]
# name 1 = tv290C: Temperature [ITS-90, deg C]
# name 2 = c0S/m: Conductivity [S/m]
# name 3 = sal00: Salinity, Practical [PSU]
# name 4 = scan: Scan Count
# name 5 = timeM: Time, Elapsed [minutes]
# name 6 = flag:  0.000e+00
# span 0 =     -0.072,     56.455                 
# span 1 =    11.7381,    13.3135                 
# span 2 =   0.001261,   3.815301                 
# span 3 =     0.0118,    32.1823                 
# span 4 =         11,       1543                 
# span 5 =     0.0417,     6.4250                 
# span 6 = 0.0000e+00, 0.0000e+00                 
# interval = seconds: 0.25
# start_time = Nov 12 2024 13:54:52 [NMEA time, header]
# bad_flag = -9.990e-29
*END*
[from data line 821]
     36.638    12.7368   3.775685    32.1665        832     3.4625  0.000e+00
     36.575    12.7367   3.775678    32.1666        833     3.4667  0.000e+00
     36.498    12.7363   3.775734    32.1675        834     3.4708  0.000e+00
     36.406    12.7363   3.775678    32.1671        835     3.4750  0.000e+00
     36.301    12.7364   3.775684    32.1670        836     3.4792  0.000e+00
     36.191    12.7362   3.775734    32.1677        837     3.4833  0.000e+00
     36.072    12.7364   3.775697    32.1672        838     3.4875  0.000e+00
     35.961    12.7366   3.775666    32.1668        839     3.4917  0.000e+00
     35.850    12.7363   3.775666    32.1671        840     3.4958  0.000e+00
     35.756    12.7363   3.775634    32.1668        841     3.5000  0.000e+00
     35.661    12.7363   3.775709    32.1676        842     3.5042  0.000e+00
     35.584    12.7363   3.775609    32.1667        843     3.5083  0.000e+00
     35.510    12.7359   3.775616    32.1671        844     3.5125  0.000e+00
     35.446    12.7356   3.775641    32.1676        845     3.5167  0.000e+00
     35.386    12.7354   3.775566    32.1671        846     3.5208  0.000e+00
     35.325    12.7352   3.775528    32.1670        847     3.5250  0.000e+00
     35.264    12.7348   3.775522    32.1673        848     3.5292  0.000e+00
     35.200    12.7344   3.775503    32.1675        849     3.5333  0.000e+00
     35.133    12.7342   3.775528    32.1679        850     3.5375  0.000e+00
     35.063    12.7341   3.775497    32.1677        851     3.5417  0.000e+00
     34.986    12.7341   3.775503    32.1678        852     3.5458  0.000e+00
     34.911    12.7338   3.775528    32.1683        853     3.5500  0.000e+00
     34.839    12.7338   3.775522    32.1683        854     3.5542  0.000e+00
     34.765    12.7342   3.775528    32.1681        855     3.5583  0.000e+00
     34.691    12.7343   3.775497    32.1677        856     3.5625  0.000e+00
     34.621    12.7342   3.775478    32.1676        857     3.5667  0.000e+00
     34.546    12.7340   3.775547    32.1685        858     3.5708  0.000e+00
     34.472    12.7342   3.775497    32.1679        859     3.5750  0.000e+00
     34.411    12.7343   3.775503    32.1678        860     3.5792  0.000e+00
     34.340    12.7345   3.775503    32.1678        861     3.5833  0.000e+00
     34.269    12.7344   3.775478    32.1676        862     3.5875  0.000e+00
     34.203    12.7343   3.775478    32.1677        863     3.5917  0.000e+00
     34.142    12.7343   3.775435    32.1674        864     3.5958  0.000e+00
     34.067    12.7340   3.775528    32.1685        865     3.6000  0.000e+00
     33.995    12.7343   3.775615    32.1691        866     3.6042  0.000e+00
     33.914    12.7352   3.775547    32.1677        867     3.6083  0.000e+00
     33.840    12.7356   3.775571    32.1676        868     3.6125  0.000e+00
     33.758    12.7360   3.775640    32.1679        869     3.6167  0.000e+00
     33.671    12.7368   3.775546    32.1664        870     3.6208  0.000e+00
     33.585    12.7368   3.775596    32.1670        871     3.6250  0.000e+00
     33.501    12.7366   3.775565    32.1668        872     3.6292  0.000e+00
     33.416    12.7365   3.775546    32.1668        873     3.6333  0.000e+00
     33.336    12.7365   3.775546    32.1669        874     3.6375  0.000e+00
     33.253    12.7364   3.775521    32.1667        875     3.6417  0.000e+00
     33.170    12.7361   3.775528    32.1671        876     3.6458  0.000e+00
     33.088    12.7359   3.775640    32.1683        877     3.6500  0.000e+00
     33.002    12.7366   3.775521    32.1666        878     3.6542  0.000e+00
     32.919    12.7365   3.775527    32.1668        879     3.6583  0.000e+00
     32.833    12.7363   3.775939    32.1709        880     3.6625  0.000e+00
     32.752    12.7383   3.776306    32.1728        881     3.6667  0.000e+00
     32.664    12.7428   3.776057    32.1665        882     3.6708  0.000e+00
     32.587    12.7447   3.775764    32.1622        883     3.6750  0.000e+00
     32.508    12.7432   3.775409    32.1602        884     3.6792  0.000e+00
     32.431    12.7397   3.775322    32.1623        885     3.6833  0.000e+00
     32.362    12.7364   3.775571    32.1675        886     3.6875  0.000e+00
     32.290    12.7358   3.775988    32.1721        887     3.6917  0.000e+00
     32.220    12.7386   3.776156    32.1713        888     3.6958  0.000e+00
     32.154    12.7424   3.776262    32.1691        889     3.7000  0.000e+00
     32.089    12.7453   3.776287    32.1668        890     3.7042  0.000e+00
     32.023    12.7472   3.776293    32.1653        891     3.7083  0.000e+00
     31.965    12.7484   3.776194    32.1634        892     3.7125  0.000e+00
     31.908    12.7486   3.776293    32.1642        893     3.7167  0.000e+00
     31.849    12.7487   3.776767    32.1686        894     3.7208  0.000e+00
     31.800    12.7517   3.776885    32.1672        895     3.7250  0.000e+00
     31.752    12.7554   3.776667    32.1620        896     3.7292  0.000e+00
     31.700    12.7567   3.776629    32.1605        897     3.7333  0.000e+00
     31.640    12.7565   3.776978    32.1640        898     3.7375  0.000e+00
     31.581    12.7577   3.776910    32.1624        899     3.7417  0.000e+00
     31.515    12.7587   3.777159    32.1640        900     3.7458  0.000e+00
     31.441    12.7608   3.777084    32.1615        901     3.7500  0.000e+00
     31.357    12.7624   3.776978    32.1591        902     3.7542  0.000e+00
     31.261    12.7619   3.776953    32.1594        903     3.7583  0.000e+00
     31.156    12.7619   3.777059    32.1604        904     3.7625  0.000e+00
     31.051    12.7626   3.779333    32.1814        905     3.7667  0.000e+00
     30.947    12.7731   3.779769    32.1767        906     3.7708  0.000e+00
     30.838    12.7891   3.781801    32.1823        907     3.7750  0.000e+00
     30.733    12.8070   3.782723    32.1758        908     3.7792  0.000e+00
     30.624    12.8274   3.783234    32.1633        909     3.7833  0.000e+00
     30.540    12.8437   3.783440    32.1515        910     3.7875  0.000e+00
     30.468    12.8538   3.783564    32.1441        911     3.7917  0.000e+00
     30.416    12.8597   3.783670    32.1401        912     3.7958  0.000e+00
     30.376    12.8637   3.783720    32.1372        913     3.8000  0.000e+00
     30.353    12.8661   3.783895    32.1367        914     3.8042  0.000e+00
     30.326    12.8684   3.784063    32.1364        915     3.8083  0.000e+00
     30.304    12.8709   3.784200    32.1356        916     3.8125  0.000e+00
     30.270    12.8731   3.784156    32.1333        917     3.8167  0.000e+00
     30.247    12.8746   3.784412    32.1345        918     3.8208  0.000e+00
     30.198    12.8766   3.784842    32.1368        919     3.8250  0.000e+00
     30.139    12.8805   3.785360    32.1384        920     3.8292  0.000e+00
     30.062    12.8853   3.785815    32.1387        921     3.8333  0.000e+00
     29.963    12.8924   3.786145    32.1359        922     3.8375  0.000e+00
     29.850    12.8985   3.786588    32.1349        923     3.8417  0.000e+00
     29.732    12.9050   3.787648    32.1395        924     3.8458  0.000e+00
     29.602    12.9145   3.789201    32.1461        925     3.8500  0.000e+00
     29.468    12.9307   3.790230    32.1421        926     3.8542  0.000e+00
     29.331    12.9482   3.791172    32.1362        927     3.8583  0.000e+00
     29.207    12.9649   3.792651    32.1361        928     3.8625  0.000e+00
     29.089    12.9832   3.793375    32.1273        929     3.8667  0.000e+00
     28.993    13.0000   3.793487    32.1142        930     3.8708  0.000e+00
     28.914    13.0109   3.793861    32.1085        931     3.8750  0.000e+00
     28.848    13.0185   3.795066    32.1135        932     3.8792  0.000e+00
     28.783    13.0287   3.796476    32.1182        933     3.8833  0.000e+00
     28.742    13.0444   3.796944    32.1093        934     3.8875  0.000e+00
     28.708    13.0575   3.795390    32.0836        935     3.8917  0.000e+00
     28.677    13.0579   3.796582    32.0945        936     3.8958  0.000e+00
     28.656    13.0595   3.797269    32.0995        937     3.9000  0.000e+00
     28.627    13.0671   3.797494    32.0953        938     3.9042  0.000e+00
     28.597    13.0734   3.797593    32.0909        939     3.9083  0.000e+00
     28.571    13.0777   3.797781    32.0890        940     3.9125  0.000e+00
     28.541    13.0807   3.797849    32.0872        941     3.9167  0.000e+00
     28.510    13.0830   3.797987    32.0865        942     3.9208  0.000e+00
     28.478    13.0848   3.798068    32.0858        943     3.9250  0.000e+00
     28.448    13.0867   3.798311    32.0864        944     3.9292  0.000e+00
     28.410    13.0887   3.798736    32.0888        945     3.9333  0.000e+00
     28.361    13.0922   3.798336    32.0820        946     3.9375  0.000e+00
     28.311    13.0930   3.798448    32.0824        947     3.9417  0.000e+00
     28.245    13.0932   3.798567    32.0835        948     3.9458  0.000e+00
     28.178    13.0939   3.798998    32.0869        949     3.9500  0.000e+00
     28.092    13.0964   3.800053    32.0947        950     3.9542  0.000e+00
     27.999    13.1043   3.800522    32.0926        951     3.9583  0.000e+00
     27.896    13.1130   3.801196    32.0916        952     3.9625  0.000e+00
     27.785    13.1212   3.801871    32.0910        953     3.9667  0.000e+00
     27.666    13.1300   3.801952    32.0844        954     3.9708  0.000e+00
     27.553    13.1362   3.801983    32.0795        955     3.9750  0.000e+00
     27.444    13.1399   3.802039    32.0770        956     3.9792  0.000e+00
     27.347    13.1420   3.802101    32.0757        957     3.9833  0.000e+00
     27.253    13.1433   3.802220    32.0759        958     3.9875  0.000e+00
     27.171    13.1448   3.802907    32.0811        959     3.9917  0.000e+00
     27.097    13.1486   3.803657    32.0849        960     3.9958  0.000e+00
     27.032    13.1562   3.804638    32.0877        961     4.0000  0.000e+00
     26.979    13.1658   3.804637    32.0796        962     4.0042  0.000e+00
     26.930    13.1711   3.804081    32.0700        963     4.0083  0.000e+00
     26.885    13.1722   3.805450    32.0819        964     4.0125  0.000e+00
     26.842    13.1775   3.805856    32.0812        965     4.0167  0.000e+00
     26.806    13.1846   3.805775    32.0745        966     4.0208  0.000e+00
     26.770    13.1888   3.806056    32.0736        967     4.0250  0.000e+00
     26.734    13.1918   3.806381    32.0741        968     4.0292  0.000e+00
     26.700    13.1952   3.806268    32.0703        969     4.0333  0.000e+00
     26.670    13.1971   3.806456    32.0704        970     4.0375  0.000e+00
     26.641    13.1981   3.806449    32.0695        971     4.0417  0.000e+00
     26.616    13.1993   3.806612    32.0700        972     4.0458  0.000e+00
     26.580    13.2005   3.806893    32.0716        973     4.0500  0.000e+00
     26.546    13.2026   3.807793    32.0783        974     4.0542  0.000e+00
     26.515    13.2077   3.807243    32.0689        975     4.0583  0.000e+00
     26.476    13.2104   3.807749    32.0714        976     4.0625  0.000e+00
     26.429    13.2123   3.808362    32.0755        977     4.0667  0.000e+00
     26.386    13.2172   3.808455    32.0723        978     4.0708  0.000e+00
     26.336    13.2210   3.808568    32.0702        979     4.0750  0.000e+00
     26.273    13.2234   3.809037    32.0725        980     4.0792  0.000e+00
     26.201    13.2265   3.808593    32.0658        981     4.0833  0.000e+00
     26.120    13.2276   3.809037    32.0691        982     4.0875  0.000e+00
     26.029    13.2285   3.808724    32.0654        983     4.0917  0.000e+00
     25.930    13.2291   3.809011    32.0676        984     4.0958  0.000e+00
     25.833    13.2297   3.808949    32.0666        985     4.1000  0.000e+00
     25.723    13.2301   3.809455    32.0710        986     4.1042  0.000e+00
     25.623    13.2328   3.809593    32.0701        987     4.1083  0.000e+00
     25.520    13.2357   3.809711    32.0689        988     4.1125  0.000e+00
     25.434    13.2378   3.809705    32.0670        989     4.1167  0.000e+00
     25.362    13.2393   3.809736    32.0661        990     4.1208  0.000e+00
     25.305    13.2401   3.809836    32.0664        991     4.1250  0.000e+00
     25.267    13.2410   3.809830    32.0656        992     4.1292  0.000e+00
     25.238    13.2415   3.809667    32.0636        993     4.1333  0.000e+00
     25.240    13.2411   3.809617    32.0635        994     4.1375  0.000e+00
     25.255    13.2403   3.809667    32.0646        995     4.1417  0.000e+00
     25.282    13.2401   3.809705    32.0651        996     4.1458  0.000e+00
     25.305    13.2402   3.809830    32.0662        997     4.1500  0.000e+00
     25.334    13.2408   3.809924    32.0666        998     4.1542  0.000e+00
     25.352    13.2419   3.810036    32.0667        999     4.1583  0.000e+00
     25.368    13.2430   3.810061    32.0660       1000     4.1625  0.000e+00
     25.368    13.2438   3.810018    32.0649       1001     4.1667  0.000e+00
     25.359    13.2442   3.810105    32.0654       1002     4.1708  0.000e+00
     25.339    13.2442   3.809761    32.0622       1003     4.1750  0.000e+00
     25.296    13.2434   3.809749    32.0628       1004     4.1792  0.000e+00
     25.239    13.2424   3.809993    32.0660       1005     4.1833  0.000e+00
     25.181    13.2424   3.810168    32.0676       1006     4.1875  0.000e+00
     25.107    13.2439   3.810455    32.0691       1007     4.1917  0.000e+00
     25.030    13.2462   3.810505    32.0676       1008     4.1958  0.000e+00
     24.948    13.2480   3.810418    32.0653       1009     4.2000  0.000e+00
     24.851    13.2488   3.810574    32.0661       1010     4.2042  0.000e+00
     24.756    13.2496   3.810818    32.0677       1011     4.2083  0.000e+00
     24.662    13.2515   3.811086    32.0688       1012     4.2125  0.000e+00
     24.560    13.2538   3.810636    32.0626       1013     4.2167  0.000e+00
     24.466    13.2544   3.810899    32.0646       1014     4.2208  0.000e+00
     24.382    13.2541   3.810930    32.0651       1015     4.2250  0.000e+00
     24.298    13.2547   3.811343    32.0686       1016     4.2292  0.000e+00
     24.231    13.2570   3.812643    32.0789       1017     4.2333  0.000e+00
     24.159    13.2639   3.811974    32.0668       1018     4.2375  0.000e+00
     24.089    13.2678   3.811574    32.0597       1019     4.2417  0.000e+00
     24.023    13.2664   3.811668    32.0619       1020     4.2458  0.000e+00
     23.951    13.2656   3.811593    32.0619       1021     4.2500  0.000e+00
     23.881    13.2651   3.811880    32.0650       1022     4.2542  0.000e+00
     23.816    13.2656   3.812368    32.0691       1023     4.2583  0.000e+00
     23.743    13.2684   3.812530    32.0684       1024     4.2625  0.000e+00
     23.674    13.2718   3.812812    32.0682       1025     4.2667  0.000e+00
     23.612    13.2750   3.812705    32.0645       1026     4.2708  0.000e+00
     23.554    13.2769   3.812812    32.0639       1027     4.2750  0.000e+00
     23.506    13.2781   3.812843    32.0632       1028     4.2792  0.000e+00
     23.457    13.2790   3.812768    32.0618       1029     4.2833  0.000e+00
     23.418    13.2788   3.812061    32.0553       1030     4.2875  0.000e+00
     23.385    13.2760   3.812042    32.0575       1031     4.2917  0.000e+00
     23.360    13.2729   3.811830    32.0581       1032     4.2958  0.000e+00
     23.333    13.2707   3.812549    32.0667       1033     4.3000  0.000e+00
     23.319    13.2718   3.812555    32.0659       1034     4.3042  0.000e+00
     23.296    13.2741   3.812843    32.0667       1035     4.3083  0.000e+00
