PC2406/sbe040.cnv
* Sea-Bird SBE 19plus V2 Data File:
* FileName = C:\cruise\data\sbe040.hex
* Software Version Seasave V 7.26.7.121
* Temperature SN = 7142
* Conductivity SN = 7142
* System UpLoad Time = Nov 07 2024 21:38:35
* NMEA Latitude = 36 31.97 N
* NMEA Longitude = 075 05.40 W
* NMEA UTC (Time) = Nov 07 2024  21:38:28
** Ship: Pisces
** Cruise:  PC2406
** Program:  Fall ECOMON
# nquan = 7
# nvalues = 1185                                  
# units = specified
# name 0 = depSM: Depth [salt water, m]
# name 1 = tv290C: Temperature [ITS-90, deg C]
# name 2 = c0S/m: Conductivity [S/m]
# name 3 = sal00: Salinity, Practical [PSU]
# name 4 = scan: Scan Count
# name 5 = timeM: Time, Elapsed [minutes]
# name 6 = flag:  0.000e+00
# span 0 =      0.017,     25.297                 
# span 1 =    18.2097,    20.8794                 
# span 2 =   0.000047,   4.519003                 
# span 3 =     0.0102,    33.4321                 
# span 4 =         11,       1195                 
# span 5 =     0.0417,     4.9750                 
# span 6 = 0.0000e+00, 0.0000e+00                 
# interval = seconds: 0.25
# start_time = Nov 07 2024 21:38:28 [NMEA time, header]
# bad_flag = -9.990e-29
*END*
[from data line 1026]
      4.372    18.8863   4.451334    33.0964       1037     4.3167  0.000e+00
      4.341    18.8866   4.451414    33.0968       1038     4.3208  0.000e+00
      4.316    18.8871   4.451400    33.0964       1039     4.3250  0.000e+00
      4.309    18.8879   4.451414    33.0958       1040     4.3292  0.000e+00
      4.309    18.8882   4.451414    33.0956       1041     4.3333  0.000e+00
      4.320    18.8882   4.451414    33.0955       1042     4.3375  0.000e+00
      4.330    18.8882   4.451414    33.0955       1043     4.3417  0.000e+00
      4.352    18.8885   4.451414    33.0953       1044     4.3458  0.000e+00
      4.368    18.8887   4.451287    33.0941       1045     4.3500  0.000e+00
      4.381    18.8887   4.451440    33.0954       1046     4.3542  0.000e+00
      4.375    18.8887   4.451494    33.0958       1047     4.3583  0.000e+00
      4.359    18.8888   4.451494    33.0957       1048     4.3625  0.000e+00
      4.332    18.8893   4.450927    33.0907       1049     4.3667  0.000e+00
      4.291    18.8897   4.451720    33.0969       1050     4.3708  0.000e+00
      4.237    18.8909   4.451980    33.0982       1051     4.3750  0.000e+00
      4.180    18.8928   4.452160    33.0981       1052     4.3792  0.000e+00
      4.111    18.8957   4.452287    33.0969       1053     4.3833  0.000e+00
      4.045    18.8983   4.452520    33.0968       1054     4.3875  0.000e+00
      3.968    18.9014   4.452673    33.0956       1055     4.3917  0.000e+00
      3.894    18.9048   4.452780    33.0938       1056     4.3958  0.000e+00
      3.815    18.9092   4.452933    33.0916       1057     4.4000  0.000e+00
      3.729    18.9154   4.453006    33.0873       1058     4.4042  0.000e+00
      3.652    18.9212   4.453060    33.0832       1059     4.4083  0.000e+00
      3.582    18.9254   4.453033    33.0796       1060     4.4125  0.000e+00
      3.520    18.9286   4.453006    33.0768       1061     4.4167  0.000e+00
      3.468    18.9284   4.453006    33.0770       1062     4.4208  0.000e+00
      3.440    18.9283   4.453006    33.0771       1063     4.4250  0.000e+00
      3.413    18.9283   4.453026    33.0773       1064     4.4292  0.000e+00
      3.395    18.9286   4.453033    33.0771       1065     4.4333  0.000e+00
      3.386    18.9291   4.453033    33.0767       1066     4.4375  0.000e+00
      3.377    18.9301   4.453033    33.0759       1067     4.4417  0.000e+00
      3.361    18.9311   4.453033    33.0751       1068     4.4458  0.000e+00
      3.343    18.9318   4.453086    33.0750       1069     4.4500  0.000e+00
      3.326    18.9327   4.453159    33.0749       1070     4.4542  0.000e+00
      3.314    18.9351   4.453253    33.0738       1071     4.4583  0.000e+00
      3.303    18.9388   4.453446    33.0724       1072     4.4625  0.000e+00
      3.289    18.9443   4.453572    33.0690       1073     4.4667  0.000e+00
      3.273    18.9502   4.453652    33.0651       1074     4.4708  0.000e+00
      3.255    18.9552   4.453679    33.0613       1075     4.4750  0.000e+00
      3.233    18.9582   4.453599    33.0582       1076     4.4792  0.000e+00
      3.204    18.9588   4.453545    33.0573       1077     4.4833  0.000e+00
      3.156    18.9578   4.453499    33.0577       1078     4.4875  0.000e+00
      3.106    18.9556   4.453499    33.0595       1079     4.4917  0.000e+00
      3.052    18.9547   4.453679    33.0617       1080     4.4958  0.000e+00
      2.996    18.9561   4.453779    33.0615       1081     4.5000  0.000e+00
      2.948    18.9590   4.453859    33.0599       1082     4.5042  0.000e+00
      2.908    18.9619   4.453879    33.0577       1083     4.5083  0.000e+00
      2.876    18.9642   4.453932    33.0563       1084     4.5125  0.000e+00
      2.840    18.9661   4.453879    33.0544       1085     4.5167  0.000e+00
      2.818    18.9665   4.453805    33.0535       1086     4.5208  0.000e+00
      2.791    18.9656   4.453832    33.0544       1087     4.5250  0.000e+00
      2.764    18.9652   4.453879    33.0551       1088     4.5292  0.000e+00
      2.730    18.9653   4.453932    33.0555       1089     4.5333  0.000e+00
      2.696    18.9658   4.454012    33.0558       1090     4.5375  0.000e+00
      2.658    18.9670   4.454112    33.0557       1091     4.5417  0.000e+00
      2.617    18.9686   4.454165    33.0548       1092     4.5458  0.000e+00
      2.574    18.9704   4.454192    33.0537       1093     4.5500  0.000e+00
      2.533    18.9713   4.454192    33.0529       1094     4.5542  0.000e+00
      2.491    18.9720   4.454245    33.0528       1095     4.5583  0.000e+00
      2.445    18.9728   4.454265    33.0524       1096     4.5625  0.000e+00
      2.403    18.9737   4.454245    33.0515       1097     4.5667  0.000e+00
      2.360    18.9741   4.454218    33.0509       1098     4.5708  0.000e+00
      2.321    18.9741   4.454218    33.0510       1099     4.5750  0.000e+00
      2.278    18.9743   4.454245    33.0511       1100     4.5792  0.000e+00
      2.238    18.9747   4.454292    33.0512       1101     4.5833  0.000e+00
      2.191    18.9755   4.454398    33.0514       1102     4.5875  0.000e+00
      2.155    18.9770   4.454445    33.0506       1103     4.5917  0.000e+00
      2.123    18.9793   4.454398    33.0484       1104     4.5958  0.000e+00
      2.093    18.9809   4.454318    33.0465       1105     4.6000  0.000e+00
      2.069    18.9807   4.454265    33.0462       1106     4.6042  0.000e+00
      2.057    18.9796   4.454218    33.0467       1107     4.6083  0.000e+00
      2.044    18.9782   4.454218    33.0478       1108     4.6125  0.000e+00
      2.032    18.9765   4.454218    33.0492       1109     4.6167  0.000e+00
      2.014    18.9749   4.454191    33.0502       1110     4.6208  0.000e+00
      1.988    18.9740   4.454191    33.0510       1111     4.6250  0.000e+00
      1.942    18.9734   4.454218    33.0517       1112     4.6292  0.000e+00
      1.909    18.9734   4.454165    33.0512       1113     4.6333  0.000e+00
      1.859    18.9731   4.454218    33.0520       1114     4.6375  0.000e+00
      1.802    18.9731   4.454111    33.0511       1115     4.6417  0.000e+00
      1.739    18.9721   4.454138    33.0521       1116     4.6458  0.000e+00
      1.690    18.9714   4.454138    33.0527       1117     4.6500  0.000e+00
      1.651    18.9713   4.454191    33.0532       1118     4.6542  0.000e+00
      1.644    18.9714   4.454191    33.0532       1119     4.6583  0.000e+00
      1.638    18.9719   4.454191    33.0527       1120     4.6625  0.000e+00
      1.642    18.9726   4.454218    33.0525       1121     4.6667  0.000e+00
      1.654    18.9730   4.454218    33.0521       1122     4.6708  0.000e+00
      1.665    18.9733   4.454191    33.0517       1123     4.6750  0.000e+00
      1.660    18.9733   4.454191    33.0517       1124     4.6792  0.000e+00
      1.645    18.9730   4.454218    33.0521       1125     4.6833  0.000e+00
      1.602    18.9733   4.454218    33.0519       1126     4.6875  0.000e+00
      1.522    18.9741   4.454218    33.0513       1127     4.6917  0.000e+00
      1.428    18.9748   4.454191    33.0506       1128     4.6958  0.000e+00
      1.319    18.9749   4.454218    33.0507       1129     4.7000  0.000e+00
      1.207    18.9745   4.454244    33.0513       1130     4.7042  0.000e+00
      1.134    18.9745   4.454244    33.0513       1131     4.7083  0.000e+00
      1.096    18.9753   4.454218    33.0505       1132     4.7125  0.000e+00
      1.092    18.9756   4.454191    33.0500       1133     4.7167  0.000e+00
      1.099    18.9758   4.454164    33.0496       1134     4.7208  0.000e+00
      1.114    18.9760   4.454164    33.0495       1135     4.7250  0.000e+00
      1.146    18.9760   4.454218    33.0499       1136     4.7292  0.000e+00
      1.164    18.9763   4.454264    33.0501       1137     4.7333  0.000e+00
      1.175    18.9767   4.454264    33.0497       1138     4.7375  0.000e+00
      1.177    18.9771   4.454278    33.0495       1139     4.7417  0.000e+00
      1.148    18.9774   4.454264    33.0492       1140     4.7458  0.000e+00
      1.065    18.9776   4.454264    33.0490       1141     4.7500  0.000e+00
      0.967    18.9776   4.454191    33.0485       1142     4.7542  0.000e+00
      0.884    18.9772   4.454218    33.0490       1143     4.7583  0.000e+00
      0.805    18.9761   4.454191    33.0497       1144     4.7625  0.000e+00
      0.722    18.9749   4.454191    33.0507       1145     4.7667  0.000e+00
      0.677    18.9744   4.454218    33.0513       1146     4.7708  0.000e+00
      0.694    18.9742   4.454164    33.0510       1147     4.7750  0.000e+00
      0.704    18.9738   4.454164    33.0514       1148     4.7792  0.000e+00
      0.690    18.9735   4.454191    33.0518       1149     4.7833  0.000e+00
      0.699    18.9731   4.454164    33.0519       1150     4.7875  0.000e+00
      0.695    18.9728   4.454138    33.0519       1151     4.7917  0.000e+00
      0.708    18.9719   4.454064    33.0521       1152     4.7958  0.000e+00
      0.733    18.9708   4.454084    33.0531       1153     4.8000  0.000e+00
      0.735    18.9696   4.454064    33.0539       1154     4.8042  0.000e+00
      0.737    18.9689   4.454038    33.0542       1155     4.8083  0.000e+00
      0.740    18.9684   4.453958    33.0539       1156     4.8125  0.000e+00
      0.713    18.9674   4.453878    33.0540       1157     4.8167  0.000e+00
      0.694    18.9660   4.453904    33.0554       1158     4.8208  0.000e+00
      0.656    18.9647   4.453878    33.0562       1159     4.8250  0.000e+00
      0.613    18.9636   4.453878    33.0571       1160     4.8292  0.000e+00
      0.611    18.9632   4.453904    33.0577       1161     4.8333  0.000e+00
      0.615    18.9630   4.453724    33.0563       1162     4.8375  0.000e+00
      0.606    18.9627   4.453931    33.0583       1163     4.8417  0.000e+00
      0.552    18.9622   4.453984    33.0591       1164     4.8458  0.000e+00
      0.448    18.9629   4.453984    33.0587       1165     4.8500  0.000e+00
      0.347    18.9636   4.453984    33.0582       1166     4.8542  0.000e+00
      0.216    18.9641   4.454038    33.0582       1167     4.8583  0.000e+00
      0.090    18.9644   4.454037    33.0580       1168     4.8625  0.000e+00
      0.099    18.9646   4.454037    33.0578       1169     4.8667  0.000e+00
      0.166    18.9645   4.454037    33.0579       1170     4.8708  0.000e+00
      0.210    18.9646   4.454011    33.0576       1171     4.8750  0.000e+00
      0.207    18.9644   4.453957    33.0573       1172     4.8792  0.000e+00
      0.133    18.9643   4.453957    33.0574       1173     4.8833  0.000e+00
      0.042    18.9642   4.454037    33.0582       1174     4.8875  0.000e+00
      0.038    18.9647   4.454064    33.0580       1175     4.8917  0.000e+00
      0.110    18.9651   4.453777    33.0553       1176     4.8958  0.000e+00
      0.198    18.9654   4.454064    33.0574       1177     4.9000  0.000e+00
      0.216    18.9658   4.450304    33.0259       1178     4.9042  0.000e+00
      0.221    18.9659   4.454064    33.0570       1179     4.9083  0.000e+00
      0.166    18.9664   4.454064    33.0566       1180     4.9125  0.000e+00
      0.061    18.9663   4.436782    32.9133       1181     4.9167  0.000e+00
      0.025    18.9667   1.133204     7.3861       1182     4.9208  0.000e+00
      0.020    18.9711   0.558003     3.4530       1183     4.9250  0.000e+00
      0.018    18.9819   0.369936     2.2290       1184     4.9292  0.000e+00
      0.024    18.9953   0.332637     1.9908       1185     4.9333  0.000e+00
      0.022    19.0035   0.282196     1.6725       1186     4.9375  0.000e+00
      0.024    19.0050   0.251014     1.4779       1187     4.9417  0.000e+00
      0.022    19.0040   0.229697     1.3459       1188     4.9458  0.000e+00
      0.024    19.0028   0.207346     1.2084       1189     4.9500  0.000e+00
      0.025    19.0013   0.186788     1.0828       1190     4.9542  0.000e+00
      0.025    18.9999   0.175529     1.0143       1191     4.9583  0.000e+00
      0.027    18.9986   0.162319     0.9344       1192     4.9625  0.000e+00
      0.029    18.9972   0.148230     0.8496       1193     4.9667  0.000e+00
      0.022    18.9960   0.136607     0.7801       1194     4.9708  0.000e+00
      0.017    18.9944   0.127224     0.7242       1195     4.9750  0.000e+00
