PC2406/sbe025.cnv
* Sea-Bird SBE 19plus V2 Data File:
* FileName = C:\cruise\data\sbe025.hex
* Software Version Seasave V 7.26.7.121
* Temperature SN = 7142
* Conductivity SN = 7142
* System UpLoad Time = Oct 29 2024 14:03:58
* NMEA Latitude = 39 44.21 N
* NMEA Longitude = 073 01.51 W
* NMEA UTC (Time) = Oct 29 2024  14:03:56
** Ship: Pisces
** Cruise:  PC2406
** Program:  Fall ECOMON
# nquan = 7
# nvalues = 1333                                  
# units = specified
# name 0 = depSM: Depth [salt water, m]
# name 1 = tv290C: Temperature [ITS-90, deg C]
# name 2 = c0S/m: Conductivity [S/m]
# name 3 = sal00: Salinity, Practical [PSU]
# name 4 = scan: Scan Count
# name 5 = timeM: Time, Elapsed [minutes]
# name 6 = flag:  0.000e+00
# span 0 =      0.141,     48.621                 
# span 1 =    15.7227,    17.9142                 
# span 2 =   0.000002,   4.420091                 
# span 3 =     0.0084,    33.8538                 
# span 4 =         11,       1343                 
# span 5 =     0.0417,     5.5917                 
# span 6 = 0.0000e+00, 0.0000e+00                 
# interval = seconds: 0.25
# start_time = Oct 29 2024 14:03:56 [NMEA time, header]
# bad_flag = -9.990e-29
*END*
[from data line 821]
     24.719    17.7765   4.404274    33.5940        832     3.4625  0.000e+00
     24.676    17.7769   4.404427    33.5950        833     3.4667  0.000e+00
     24.644    17.7778   4.404599    33.5957        834     3.4708  0.000e+00
     24.613    17.7789   4.404779    33.5963        835     3.4750  0.000e+00
     24.576    17.7805   4.404958    33.5965        836     3.4792  0.000e+00
     24.534    17.7822   4.405110    33.5965        837     3.4833  0.000e+00
     24.477    17.7840   4.405362    33.5971        838     3.4875  0.000e+00
     24.423    17.7860   4.405515    33.5969        839     3.4917  0.000e+00
     24.349    17.7877   4.405615    33.5963        840     3.4958  0.000e+00
     24.270    17.7893   4.405741    33.5961        841     3.5000  0.000e+00
     24.179    17.7905   4.405847    33.5961        842     3.5042  0.000e+00
     24.078    17.7916   4.406072    33.5971        843     3.5083  0.000e+00
     23.967    17.7928   4.406278    33.5979        844     3.5125  0.000e+00
     23.866    17.7946   4.406557    33.5988        845     3.5167  0.000e+00
     23.758    17.7965   4.406769    33.5991        846     3.5208  0.000e+00
     23.658    17.7986   4.406835    33.5980        847     3.5250  0.000e+00
     23.566    17.8001   4.406835    33.5968        848     3.5292  0.000e+00
     23.489    17.8010   4.407061    33.5980        849     3.5333  0.000e+00
     23.432    17.8018   4.406908    33.5960        850     3.5375  0.000e+00
     23.388    17.8024   4.407214    33.5982        851     3.5417  0.000e+00
     23.349    17.8031   4.407546    33.6005        852     3.5458  0.000e+00
     23.322    17.8050   4.407851    33.6015        853     3.5500  0.000e+00
     23.299    17.8072   4.407964    33.6006        854     3.5542  0.000e+00
     23.279    17.8091   4.408004    33.5994        855     3.5583  0.000e+00
     23.252    17.8101   4.408057    33.5990        856     3.5625  0.000e+00
     23.223    17.8109   4.408083    33.5987        857     3.5667  0.000e+00
     23.180    17.8112   4.408057    33.5982        858     3.5708  0.000e+00
     23.135    17.8113   4.408030    33.5979        859     3.5750  0.000e+00
     23.081    17.8116   4.407877    33.5964        860     3.5792  0.000e+00
     23.020    17.8112   4.408003    33.5978        861     3.5833  0.000e+00
     22.948    17.8109   4.408070    33.5986        862     3.5875  0.000e+00
     22.875    17.8114   4.408229    33.5996        863     3.5917  0.000e+00
     22.801    17.8122   4.408408    33.6005        864     3.5958  0.000e+00
     22.726    17.8133   4.408282    33.5985        865     3.6000  0.000e+00
     22.645    17.8139   4.408820    33.6026        866     3.6042  0.000e+00
     22.568    17.8157   4.409404    33.6062        867     3.6083  0.000e+00
     22.492    17.8188   4.409630    33.6056        868     3.6125  0.000e+00
     22.428    17.8217   4.409756    33.6043        869     3.6167  0.000e+00
     22.363    17.8236   4.409802    33.6031        870     3.6208  0.000e+00
     22.307    17.8251   4.410035    33.6039        871     3.6250  0.000e+00
     22.259    17.8265   4.410367    33.6056        872     3.6292  0.000e+00
     22.208    17.8282   4.410825    33.6081        873     3.6333  0.000e+00
     22.165    17.8307   4.411077    33.6083        874     3.6375  0.000e+00
     22.108    17.8335   4.411535    33.6099        875     3.6417  0.000e+00
     22.059    17.8362   4.411562    33.6079        876     3.6458  0.000e+00
     21.989    17.8384   4.412226    33.6117        877     3.6500  0.000e+00
     21.912    17.8412   4.413142    33.6173        878     3.6542  0.000e+00
     21.824    17.8464   4.413361    33.6148        879     3.6583  0.000e+00
     21.729    17.8505   4.414284    33.6194        880     3.6625  0.000e+00
     21.627    17.8555   4.416038    33.6302        881     3.6667  0.000e+00
     21.528    17.8644   4.417108    33.6321        882     3.6708  0.000e+00
     21.426    17.8745   4.417367    33.6260        883     3.6750  0.000e+00
     21.336    17.8816   4.417672    33.6227        884     3.6792  0.000e+00
     21.246    17.8868   4.417798    33.6196        885     3.6833  0.000e+00
     21.172    17.8902   4.417798    33.6168        886     3.6875  0.000e+00
     21.106    17.8920   4.417851    33.6158        887     3.6917  0.000e+00
     21.054    17.8930   4.417951    33.6158        888     3.6958  0.000e+00
     21.016    17.8941   4.418044    33.6157        889     3.7000  0.000e+00
     21.000    17.8953   4.418177    33.6159        890     3.7042  0.000e+00
     20.993    17.8967   4.418230    33.6151        891     3.7083  0.000e+00
     20.996    17.8977   4.418283    33.6148        892     3.7125  0.000e+00
     20.996    17.8984   4.418356    33.6148        893     3.7167  0.000e+00
     20.993    17.8992   4.418436    33.6148        894     3.7208  0.000e+00
     20.980    17.9000   4.418483    33.6146        895     3.7250  0.000e+00
     20.951    17.9007   4.418562    33.6147        896     3.7292  0.000e+00
     20.907    17.9016   4.418815    33.6161        897     3.7333  0.000e+00
     20.853    17.9030   4.418968    33.6163        898     3.7375  0.000e+00
     20.777    17.9045   4.419074    33.6160        899     3.7417  0.000e+00
     20.696    17.9058   4.419140    33.6156        900     3.7458  0.000e+00
     20.610    17.9066   4.419300    33.6162        901     3.7500  0.000e+00
     20.520    17.9079   4.419406    33.6161        902     3.7542  0.000e+00
     20.422    17.9089   4.419452    33.6157        903     3.7583  0.000e+00
     20.327    17.9098   4.419506    33.6155        904     3.7625  0.000e+00
     20.228    17.9106   4.419532    33.6151        905     3.7667  0.000e+00
     20.129    17.9111   4.419532    33.6147        906     3.7708  0.000e+00
     20.028    17.9115   4.419578    33.6148        907     3.7750  0.000e+00
     19.930    17.9116   4.419605    33.6150        908     3.7792  0.000e+00
     19.842    17.9121   4.419632    33.6149        909     3.7833  0.000e+00
     19.764    17.9127   4.419645    33.6145        910     3.7875  0.000e+00
     19.693    17.9128   4.419658    33.6145        911     3.7917  0.000e+00
     19.641    17.9133   4.419685    33.6144        912     3.7958  0.000e+00
     19.597    17.9133   4.419658    33.6142        913     3.8000  0.000e+00
     19.578    17.9135   4.419711    33.6144        914     3.8042  0.000e+00
     19.569    17.9134   4.419685    33.6143        915     3.8083  0.000e+00
     19.569    17.9137   4.419685    33.6141        916     3.8125  0.000e+00
     19.571    17.9137   4.419658    33.6139        917     3.8167  0.000e+00
     19.576    17.9137   4.419658    33.6139        918     3.8208  0.000e+00
     19.578    17.9136   4.419685    33.6141        919     3.8250  0.000e+00
     19.562    17.9134   4.419711    33.6145        920     3.8292  0.000e+00
     19.540    17.9136   4.419751    33.6147        921     3.8333  0.000e+00
     19.509    17.9138   4.419711    33.6142        922     3.8375  0.000e+00
     19.461    17.9141   4.419758    33.6144        923     3.8417  0.000e+00
     19.380    17.9142   4.419811    33.6148        924     3.8458  0.000e+00
     19.305    17.9131   4.404801    33.4881        925     3.8500  0.000e+00
     19.217    17.8803   4.402519    33.4956        926     3.8542  0.000e+00
     19.118    17.8374   4.399779    33.5075        927     3.8583  0.000e+00
     19.016    17.8084   4.399680    33.5306        928     3.8625  0.000e+00
     18.913    17.7920   4.400509    33.5512        929     3.8667  0.000e+00
     18.811    17.7868   4.400237    33.5532        930     3.8708  0.000e+00
     18.705    17.7841   4.400795    33.5602        931     3.8750  0.000e+00
     18.608    17.7846   4.400616    33.5583        932     3.8792  0.000e+00
     18.523    17.7842   4.409629    33.6356        933     3.8833  0.000e+00
     18.453    17.8059   4.411992    33.6379        934     3.8875  0.000e+00
     18.391    17.8361   4.410159    33.5973        935     3.8917  0.000e+00
     18.335    17.8465   4.398512    33.4895        936     3.8958  0.000e+00
     18.286    17.8173   4.394520    33.4795        937     3.9000  0.000e+00
     18.231    17.7827   4.395621    33.5174        938     3.9042  0.000e+00
     18.175    17.7644   4.396841    33.5430        939     3.9083  0.000e+00
     18.128    17.7592   4.397319    33.5513        940     3.9125  0.000e+00
     18.082    17.7591   4.397472    33.5527        941     3.9167  0.000e+00
     18.026    17.7604   4.398612    33.5614        942     3.9208  0.000e+00
     17.978    17.7639   4.399143    33.5630        943     3.9250  0.000e+00
     17.925    17.7683   4.399130    33.5593        944     3.9292  0.000e+00
     17.864    17.7711   4.399070    33.5565        945     3.9333  0.000e+00
     17.807    17.7717   4.398712    33.5530        946     3.9375  0.000e+00
     17.744    17.7713   4.398260    33.5495        947     3.9417  0.000e+00
     17.678    17.7694   4.396994    33.5403        948     3.9458  0.000e+00
     17.618    17.7648   4.396052    33.5361        949     3.9500  0.000e+00
     17.561    17.7595   4.395774    33.5381        950     3.9542  0.000e+00
     17.514    17.7554   4.395369    33.5380        951     3.9583  0.000e+00
     17.462    17.7521   4.395827    33.5447        952     3.9625  0.000e+00
     17.410    17.7514   4.395900    33.5459        953     3.9667  0.000e+00
     17.360    17.7514   4.395601    33.5434        954     3.9708  0.000e+00
     17.315    17.7523   4.397345    33.5576        955     3.9750  0.000e+00
     17.263    17.7559   4.397624    33.5570        956     3.9792  0.000e+00
     17.209    17.7605   4.398081    33.5571        957     3.9833  0.000e+00
     17.159    17.7632   4.398519    33.5586        958     3.9875  0.000e+00
     17.105    17.7661   4.398691    33.5577        959     3.9917  0.000e+00
     17.049    17.7682   4.397982    33.5500        960     3.9958  0.000e+00
     16.994    17.7674   4.398234    33.5528        961     4.0000  0.000e+00
     16.932    17.7670   4.398181    33.5527        962     4.0042  0.000e+00
     16.864    17.7674   4.397093    33.5431        963     4.0083  0.000e+00
     16.803    17.7645   4.395899    33.5354        964     4.0125  0.000e+00
     16.728    17.7591   4.395369    33.5353        965     4.0167  0.000e+00
     16.656    17.7542   4.396788    33.5514        966     4.0208  0.000e+00
     16.582    17.7539   4.397093    33.5543        967     4.0250  0.000e+00
     16.494    17.7566   4.397318    33.5541        968     4.0292  0.000e+00
     16.412    17.7586   4.398108    33.5592        969     4.0333  0.000e+00
     16.324    17.7612   4.398127    33.5572        970     4.0375  0.000e+00
     16.237    17.7637   4.398333    33.5570        971     4.0417  0.000e+00
     16.158    17.7653   4.398180    33.5544        972     4.0458  0.000e+00
     16.083    17.7661   4.398432    33.5559        973     4.0500  0.000e+00
     16.024    17.7666   4.398207    33.5536        974     4.0542  0.000e+00
     15.968    17.7667   4.398107    33.5527        975     4.0583  0.000e+00
     15.927    17.7661   4.398386    33.5555        976     4.0625  0.000e+00
     15.887    17.7667   4.398817    33.5588        977     4.0667  0.000e+00
     15.853    17.7684   4.398492    33.5546        978     4.0708  0.000e+00
     15.823    17.7687   4.397749    33.5480        979     4.0750  0.000e+00
     15.792    17.7666   4.397749    33.5498        980     4.0792  0.000e+00
     15.756    17.7647   4.398260    33.5557        981     4.0833  0.000e+00
     15.718    17.7649   4.398485    33.5575        982     4.0875  0.000e+00
     15.663    17.7661   4.397981    33.5522        983     4.0917  0.000e+00
     15.605    17.7658   4.397829    33.5511        984     4.0958  0.000e+00
     15.539    17.7649   4.397537    33.5494        985     4.1000  0.000e+00
     15.467    17.7633   4.397318    33.5489        986     4.1042  0.000e+00
     15.388    17.7621   4.398081    33.5564        987     4.1083  0.000e+00
     15.309    17.7633   4.398107    33.5557        988     4.1125  0.000e+00
     15.228    17.7649   4.397570    33.5498        989     4.1167  0.000e+00
     15.156    17.7640   4.397928    33.5536        990     4.1208  0.000e+00
     15.088    17.7640   4.397928    33.5536        991     4.1250  0.000e+00
     15.024    17.7642   4.398094    33.5549        992     4.1292  0.000e+00
     14.975    17.7648   4.398611    33.5589        993     4.1333  0.000e+00
     14.934    17.7667   4.399805    33.5675        994     4.1375  0.000e+00
     14.892    17.7717   4.400840    33.5723        995     4.1417  0.000e+00
     14.860    17.7772   4.401072    33.5697        996     4.1458  0.000e+00
     14.826    17.7818   4.401808    33.5722        997     4.1500  0.000e+00
     14.790    17.7862   4.403381    33.5820        998     4.1542  0.000e+00
     14.747    17.7933   4.407389    33.6104        999     4.1583  0.000e+00
     14.700    17.8071   4.410490    33.6255       1000     4.1625  0.000e+00
     14.637    17.8245   4.413850    33.6398       1001     4.1667  0.000e+00
     14.571    17.8446   4.415424    33.6366       1002     4.1708  0.000e+00
     14.496    17.8610   4.415683    33.6253       1003     4.1750  0.000e+00
     14.402    17.8704   4.414739    33.6096       1004     4.1792  0.000e+00
     14.312    17.8724   4.413823    33.6001       1005     4.1833  0.000e+00
     14.212    17.8697   4.411305    33.5809       1006     4.1875  0.000e+00
     14.115    17.8587   4.410568    33.5838       1007     4.1917  0.000e+00
     14.020    17.8480   4.410157    33.5891       1008     4.1958  0.000e+00
     13.934    17.8406   4.409745    33.5918       1009     4.2000  0.000e+00
     13.860    17.8352   4.409473    33.5939       1010     4.2042  0.000e+00
     13.799    17.8316   4.409095    33.5937       1011     4.2083  0.000e+00
     13.756    17.8277   4.408836    33.5947       1012     4.2125  0.000e+00
     13.716    17.8249   4.408789    33.5966       1013     4.2167  0.000e+00
     13.693    17.8229   4.408710    33.5976       1014     4.2208  0.000e+00
     13.675    17.8218   4.408736    33.5987       1015     4.2250  0.000e+00
     13.666    17.8214   4.408710    33.5988       1016     4.2292  0.000e+00
     13.662    17.8211   4.408623    33.5984       1017     4.2333  0.000e+00
     13.653    17.8203   4.408358    33.5967       1018     4.2375  0.000e+00
     13.641    17.8189   4.406751    33.5842       1019     4.2417  0.000e+00
     13.623    17.8129   4.405304    33.5768       1020     4.2458  0.000e+00
     13.601    17.8033   4.405411    33.5857       1021     4.2500  0.000e+00
     13.574    17.7970   4.405026    33.5876       1022     4.2542  0.000e+00
     13.535    17.7920   4.402007    33.5660       1023     4.2583  0.000e+00
     13.492    17.7784   4.400056    33.5605       1024     4.2625  0.000e+00
     13.423    17.7614   4.399393    33.5689       1025     4.2667  0.000e+00
     13.344    17.7490   4.399824    33.5828       1026     4.2708  0.000e+00
     13.264    17.7452   4.399698    33.5850       1027     4.2750  0.000e+00
     13.174    17.7448   4.399572    33.5842       1028     4.2792  0.000e+00
     13.075    17.7442   4.398889    33.5789       1029     4.2833  0.000e+00
     12.975    17.7413   4.398537    33.5783       1030     4.2875  0.000e+00
     12.885    17.7361   4.398431    33.5818       1031     4.2917  0.000e+00
     12.802    17.7335   4.399897    33.5965       1032     4.2958  0.000e+00
     12.720    17.7379   4.401934    33.6103       1033     4.3000  0.000e+00
     12.642    17.7523   4.403938    33.6156       1034     4.3042  0.000e+00
     12.574    17.7673   4.403884    33.6027       1035     4.3083  0.000e+00
