PC2406/sbe033.cnv
* Sea-Bird SBE 19plus V2 Data File:
* FileName = C:\cruise\data\sbe033.hex
* Software Version Seasave V 7.26.7.121
* Temperature SN = 7142
* Conductivity SN = 7142
* System UpLoad Time = Nov 06 2024 22:27:39
* NMEA Latitude = 36 37.03 N
* NMEA Longitude = 075 48.03 W
* NMEA UTC (Time) = Nov 06 2024  22:27:31
** Ship: Pisces
** Cruise:  PC2406
** Program:  Fall ECOMON
# nquan = 7
# nvalues = 1314                                  
# units = specified
# name 0 = depSM: Depth [salt water, m]
# name 1 = tv290C: Temperature [ITS-90, deg C]
# name 2 = c0S/m: Conductivity [S/m]
# name 3 = sal00: Salinity, Practical [PSU]
# name 4 = scan: Scan Count
# name 5 = timeM: Time, Elapsed [minutes]
# name 6 = flag:  0.000e+00
# span 0 =      0.009,     11.461                 
# span 1 =    18.7982,    21.7932                 
# span 2 =   0.000137,   4.287475                 
# span 3 =     0.0100,    31.7401                 
# span 4 =         11,       1324                 
# span 5 =     0.0417,     5.5125                 
# span 6 = 0.0000e+00, 0.0000e+00                 
# interval = seconds: 0.25
# start_time = Nov 06 2024 22:27:31 [NMEA time, header]
# bad_flag = -9.990e-29
*END*
[from data line 821]
      7.444    18.8166   4.215506    31.1952        832     3.4625  0.000e+00
      7.392    18.8175   4.213023    31.1741        833     3.4667  0.000e+00
      7.334    18.8193   4.212216    31.1660        834     3.4708  0.000e+00
      7.277    18.8212   4.211994    31.1628        835     3.4750  0.000e+00
      7.212    18.8227   4.211134    31.1546        836     3.4792  0.000e+00
      7.151    18.8245   4.210118    31.1449        837     3.4833  0.000e+00
      7.092    18.8262   4.209629    31.1396        838     3.4875  0.000e+00
      7.027    18.8280   4.204512    31.0960        839     3.4917  0.000e+00
      6.973    18.8302   4.199253    31.0510        840     3.4958  0.000e+00
      6.930    18.8330   4.198147    31.0398        841     3.5000  0.000e+00
      6.894    18.8352   4.197438    31.0323        842     3.5042  0.000e+00
      6.860    18.8364   4.196599    31.0245        843     3.5083  0.000e+00
      6.842    18.8373   4.196098    31.0197        844     3.5125  0.000e+00
      6.828    18.8380   4.195831    31.0170        845     3.5167  0.000e+00
      6.831    18.8384   4.195747    31.0160        846     3.5208  0.000e+00
      6.840    18.8387   4.195721    31.0155        847     3.5250  0.000e+00
      6.851    18.8391   4.195669    31.0148        848     3.5292  0.000e+00
      6.869    18.8392   4.195669    31.0148        849     3.5333  0.000e+00
      6.889    18.8394   4.195643    31.0143        850     3.5375  0.000e+00
      6.903    18.8396   4.195669    31.0144        851     3.5417  0.000e+00
      6.914    18.8397   4.195669    31.0144        852     3.5458  0.000e+00
      6.923    18.8397   4.195669    31.0144        853     3.5500  0.000e+00
      6.918    18.8398   4.195721    31.0147        854     3.5542  0.000e+00
      6.903    18.8397   4.195929    31.0165        855     3.5583  0.000e+00
      6.883    18.8393   4.196169    31.0188        856     3.5625  0.000e+00
      6.849    18.8390   4.196195    31.0192        857     3.5667  0.000e+00
      6.815    18.8386   4.196098    31.0187        858     3.5708  0.000e+00
      6.767    18.8384   4.195896    31.0173        859     3.5750  0.000e+00
      6.722    18.8385   4.195844    31.0168        860     3.5792  0.000e+00
      6.661    18.8385   4.195740    31.0160        861     3.5833  0.000e+00
      6.598    18.8391   4.195721    31.0154        862     3.5875  0.000e+00
      6.537    18.8400   4.195714    31.0147        863     3.5917  0.000e+00
      6.478    18.8406   4.195694    31.0141        864     3.5958  0.000e+00
      6.413    18.8411   4.195746    31.0141        865     3.6000  0.000e+00
      6.355    18.8414   4.195714    31.0137        866     3.6042  0.000e+00
      6.307    18.8413   4.195720    31.0138        867     3.6083  0.000e+00
      6.255    18.8415   4.195688    31.0134        868     3.6125  0.000e+00
      6.213    18.8419   4.195694    31.0132        869     3.6167  0.000e+00
      6.179    18.8422   4.195694    31.0130        870     3.6208  0.000e+00
      6.147    18.8425   4.195616    31.0121        871     3.6250  0.000e+00
      6.116    18.8427   4.194823    31.0054        872     3.6292  0.000e+00
      6.088    18.8435   4.194329    31.0008        873     3.6333  0.000e+00
      6.057    18.8445   4.193646    30.9943        874     3.6375  0.000e+00
      6.029    18.8455   4.193243    30.9903        875     3.6417  0.000e+00
      6.002    18.8466   4.192345    30.9821        876     3.6458  0.000e+00
      5.978    18.8475   4.191669    30.9758        877     3.6500  0.000e+00
      5.958    18.8480   4.190869    30.9689        878     3.6542  0.000e+00
      5.940    18.8484   4.189907    30.9607        879     3.6583  0.000e+00
      5.923    18.8492   4.188802    30.9510        880     3.6625  0.000e+00
      5.903    18.8503   4.187470    30.9392        881     3.6667  0.000e+00
      5.883    18.8521   4.186229    30.9276        882     3.6708  0.000e+00
      5.867    18.8538   4.184812    30.9147        883     3.6750  0.000e+00
      5.842    18.8552   4.183682    30.9044        884     3.6792  0.000e+00
      5.822    18.8562   4.182545    30.8942        885     3.6833  0.000e+00
      5.795    18.8573   4.180603    30.8774        886     3.6875  0.000e+00
      5.775    18.8582   4.178967    30.8633        887     3.6917  0.000e+00
      5.748    18.8590   4.176370    30.8413        888     3.6958  0.000e+00
      5.716    18.8598   4.174182    30.8227        889     3.7000  0.000e+00
      5.687    18.8607   4.168888    30.7785        890     3.7042  0.000e+00
      5.650    18.8619   4.163097    30.7299        891     3.7083  0.000e+00
      5.612    18.8634   4.156836    30.6773        892     3.7125  0.000e+00
      5.569    18.8655   4.151065    30.6282        893     3.7167  0.000e+00
      5.524    18.8679   4.147180    30.5946        894     3.7208  0.000e+00
      5.477    18.8705   4.141932    30.5495        895     3.7250  0.000e+00
      5.430    18.8729   4.134191    30.4841        896     3.7292  0.000e+00
      5.378    18.8755   4.128737    30.4374        897     3.7333  0.000e+00
      5.330    18.8780   4.124060    30.3971        898     3.7375  0.000e+00
      5.278    18.8800   4.119831    30.3609        899     3.7417  0.000e+00
      5.227    18.8829   4.118114    30.3448        900     3.7458  0.000e+00
      5.172    18.8858   4.116359    30.3283        901     3.7500  0.000e+00
      5.127    18.8897   4.114971    30.3140        902     3.7542  0.000e+00
      5.075    18.8964   4.113816    30.2996        903     3.7583  0.000e+00
      5.023    18.9053   4.113307    30.2890        904     3.7625  0.000e+00
      4.980    18.9150   4.112887    30.2785        905     3.7667  0.000e+00
      4.938    18.9239   4.110791    30.2548        906     3.7708  0.000e+00
      4.910    18.9290   4.108437    30.2318        907     3.7750  0.000e+00
      4.881    18.9288   4.107721    30.2261        908     3.7792  0.000e+00
      4.865    18.9270   4.107328    30.2242        909     3.7833  0.000e+00
      4.852    18.9256   4.107160    30.2238        910     3.7875  0.000e+00
      4.838    18.9249   4.107135    30.2242        911     3.7917  0.000e+00
      4.831    18.9255   4.107160    30.2239        912     3.7958  0.000e+00
      4.834    18.9264   4.107199    30.2235        913     3.8000  0.000e+00
      4.827    18.9283   4.107186    30.2221        914     3.8042  0.000e+00
      4.822    18.9301   4.107186    30.2208        915     3.8083  0.000e+00
      4.811    18.9308   4.107231    30.2206        916     3.8125  0.000e+00
      4.796    18.9313   4.107425    30.2219        917     3.8167  0.000e+00
      4.768    18.9314   4.107547    30.2228        918     3.8208  0.000e+00
      4.734    18.9317   4.107502    30.2222        919     3.8250  0.000e+00
      4.687    18.9326   4.107134    30.2186        920     3.8292  0.000e+00
      4.637    18.9345   4.106503    30.2120        921     3.8333  0.000e+00
      4.579    18.9376   4.105355    30.2003        922     3.8375  0.000e+00
      4.516    18.9398   4.103654    30.1848        923     3.8417  0.000e+00
      4.461    18.9407   4.103312    30.1814        924     3.8458  0.000e+00
      4.398    18.9403   4.102313    30.1735        925     3.8500  0.000e+00
      4.349    18.9379   4.101707    30.1703        926     3.8542  0.000e+00
      4.303    18.9345   4.101076    30.1677        927     3.8583  0.000e+00
      4.261    18.9312   4.099543    30.1575        928     3.8625  0.000e+00
      4.227    18.9271   4.095511    30.1274        929     3.8667  0.000e+00
      4.204    18.9227   4.092523    30.1061        930     3.8708  0.000e+00
      4.171    18.9178   4.090998    30.0972        931     3.8750  0.000e+00
      4.144    18.9133   4.089762    30.0903        932     3.8792  0.000e+00
      4.123    18.9100   4.088720    30.0842        933     3.8833  0.000e+00
      4.105    18.9075   4.087819    30.0786        934     3.8875  0.000e+00
      4.080    18.9054   4.087774    30.0798        935     3.8917  0.000e+00
      4.053    18.9041   4.081676    30.0308        936     3.8958  0.000e+00
      4.030    18.9021   4.086687    30.0733        937     3.9000  0.000e+00
      4.004    18.9009   4.085715    30.0662        938     3.9042  0.000e+00
      3.988    18.8995   4.085619    30.0664        939     3.9083  0.000e+00
      3.967    18.8985   4.084673    30.0594        940     3.9125  0.000e+00
      3.945    18.8973   4.084699    30.0605        941     3.9167  0.000e+00
      3.927    18.8965   4.085258    30.0657        942     3.9208  0.000e+00
      3.906    18.8964   4.084577    30.0602        943     3.9250  0.000e+00
      3.889    18.8961   4.084435    30.0592        944     3.9292  0.000e+00
      3.875    18.8957   4.084435    30.0595        945     3.9333  0.000e+00
      3.850    18.8955   4.084480    30.0600        946     3.9375  0.000e+00
      3.825    18.8954   4.084486    30.0602        947     3.9417  0.000e+00
      3.798    18.8953   4.084287    30.0586        948     3.9458  0.000e+00
      3.773    18.8951   4.084023    30.0566        949     3.9500  0.000e+00
      3.737    18.8947   4.083830    30.0553        950     3.9542  0.000e+00
      3.712    18.8942   4.083682    30.0545        951     3.9583  0.000e+00
      3.683    18.8940   4.078750    30.0142        952     3.9625  0.000e+00
      3.660    18.8892   4.065131    29.9061        953     3.9667  0.000e+00
      3.634    18.8730   4.061062    29.8844        954     3.9708  0.000e+00
      3.616    18.8560   4.057701    29.8691        955     3.9750  0.000e+00
      3.597    18.8417   4.056097    29.8662        956     3.9792  0.000e+00
      3.577    18.8316   4.054160    29.8576        957     3.9833  0.000e+00
      3.552    18.8234   4.049000    29.8213        958     3.9875  0.000e+00
      3.525    18.8170   4.044239    29.7868        959     3.9917  0.000e+00
      3.498    18.8113   4.039147    29.7491        960     3.9958  0.000e+00
      3.467    18.8054   4.036977    29.7356        961     4.0000  0.000e+00
      3.426    18.8002   4.035761    29.7294        962     4.0042  0.000e+00
      3.387    18.7991   4.033399    29.7108        963     4.0083  0.000e+00
      3.345    18.8019   4.029900    29.6801        964     4.0125  0.000e+00
      3.297    18.8086   4.028614    29.6648        965     4.0167  0.000e+00
      3.246    18.8152   4.019893    29.5886        966     4.0208  0.000e+00
      3.202    18.8260   4.012445    29.5199        967     4.0250  0.000e+00
      3.155    18.8423   4.006323    29.4582        968     4.0292  0.000e+00
      3.108    18.8603   3.997839    29.3760        969     4.0333  0.000e+00
      3.070    18.8799   3.990611    29.3031        970     4.0375  0.000e+00
      3.038    18.9006   3.988636    29.2723        971     4.0417  0.000e+00
      3.013    18.9153   3.987432    29.2521        972     4.0458  0.000e+00
      2.993    18.9251   3.981822    29.1995        973     4.0500  0.000e+00
      2.970    18.9384   3.977978    29.1588        974     4.0542  0.000e+00
      2.959    18.9552   3.975821    29.1294        975     4.0583  0.000e+00
      2.952    18.9711   3.975045    29.1120        976     4.0625  0.000e+00
      2.945    18.9836   3.973276    29.0888        977     4.0667  0.000e+00
      2.943    18.9945   3.972895    29.0781        978     4.0708  0.000e+00
      2.943    19.0034   3.973550    29.0772        979     4.0750  0.000e+00
      2.945    19.0080   3.974624    29.0827        980     4.0792  0.000e+00
      2.945    19.0071   3.974205    29.0799        981     4.0833  0.000e+00
      2.947    19.0066   3.973944    29.0781        982     4.0875  0.000e+00
      2.945    19.0071   3.973925    29.0776        983     4.0917  0.000e+00
      2.941    19.0077   3.973912    29.0771        984     4.0958  0.000e+00
      2.938    19.0081   3.974135    29.0786        985     4.1000  0.000e+00
      2.923    19.0078   3.974809    29.0843        986     4.1042  0.000e+00
      2.912    19.0062   3.975235    29.0889        987     4.1083  0.000e+00
      2.893    19.0045   3.975235    29.0901        988     4.1125  0.000e+00
      2.869    19.0040   3.975420    29.0920        989     4.1167  0.000e+00
      2.839    19.0034   3.975470    29.0928        990     4.1208  0.000e+00
      2.806    19.0025   3.975286    29.0920        991     4.1250  0.000e+00
      2.758    19.0031   3.975680    29.0948        992     4.1292  0.000e+00
      2.711    19.0027   3.975655    29.0949        993     4.1333  0.000e+00
      2.654    19.0012   3.973429    29.0778        994     4.1375  0.000e+00
      2.591    19.0064   3.971419    29.0578        995     4.1417  0.000e+00
      2.523    19.0163   3.969829    29.0380        996     4.1458  0.000e+00
      2.463    19.0267   3.970179    29.0336        997     4.1500  0.000e+00
      2.404    19.0337   3.970478    29.0311        998     4.1542  0.000e+00
      2.347    19.0363   3.970134    29.0265        999     4.1583  0.000e+00
      2.291    19.0380   3.970598    29.0291       1000     4.1625  0.000e+00
      2.250    19.0388   3.969479    29.0195       1001     4.1667  0.000e+00
      2.214    19.0411   3.968634    29.0110       1002     4.1708  0.000e+00
      2.178    19.0455   3.968634    29.0080       1003     4.1750  0.000e+00
      2.151    19.0488   3.967515    28.9966       1004     4.1792  0.000e+00
      2.140    19.0533   3.967324    28.9919       1005     4.1833  0.000e+00
      2.129    19.0574   3.967095    28.9872       1006     4.1875  0.000e+00
      2.120    19.0594   3.967934    28.9926       1007     4.1917  0.000e+00
      2.129    19.0596   3.966955    28.9845       1008     4.1958  0.000e+00
      2.140    19.0609   3.966161    28.9772       1009     4.2000  0.000e+00
      2.145    19.0642   3.965691    28.9710       1010     4.2042  0.000e+00
      2.156    19.0681   3.966466    28.9746       1011     4.2083  0.000e+00
      2.165    19.0698   3.966371    28.9727       1012     4.2125  0.000e+00
      2.174    19.0701   3.966180    28.9709       1013     4.2167  0.000e+00
      2.174    19.0715   3.966371    28.9715       1014     4.2208  0.000e+00
      2.176    19.0717   3.965970    28.9681       1015     4.2250  0.000e+00
      2.169    19.0724   3.964642    28.9568       1016     4.2292  0.000e+00
      2.156    19.0762   3.964922    28.9565       1017     4.2333  0.000e+00
      2.137    19.0790   3.965436    28.9587       1018     4.2375  0.000e+00
      2.110    19.0802   3.966110    28.9633       1019     4.2417  0.000e+00
      2.075    19.0794   3.965506    28.9590       1020     4.2458  0.000e+00
      2.043    19.0794   3.964782    28.9531       1021     4.2500  0.000e+00
      2.000    19.0815   3.965106    28.9543       1022     4.2542  0.000e+00
      1.959    19.0825   3.964947    28.9523       1023     4.2583  0.000e+00
      1.907    19.0833   3.964947    28.9517       1024     4.2625  0.000e+00
      1.865    19.0837   3.963873    28.9428       1025     4.2667  0.000e+00
      1.815    19.0847   3.965156    28.9526       1026     4.2708  0.000e+00
      1.767    19.0844   3.964782    28.9497       1027     4.2750  0.000e+00
      1.709    19.0844   3.965201    28.9531       1028     4.2792  0.000e+00
      1.659    19.0844   3.965576    28.9562       1029     4.2833  0.000e+00
      1.614    19.0832   3.964896    28.9515       1030     4.2875  0.000e+00
      1.573    19.0831   3.965017    28.9526       1031     4.2917  0.000e+00
      1.533    19.0833   3.965201    28.9540       1032     4.2958  0.000e+00
      1.508    19.0831   3.965341    28.9553       1033     4.3000  0.000e+00
      1.497    19.0820   3.964407    28.9484       1034     4.3042  0.000e+00
      1.490    19.0829   3.965506    28.9567       1035     4.3083  0.000e+00
