PC2406/sbe054.cnv
* Sea-Bird SBE 19plus V2 Data File:
* FileName = C:\cruise\data\sbe054.hex
* Software Version Seasave V 7.26.7.121
* Temperature SN = 7142
* Conductivity SN = 7142
* System UpLoad Time = Nov 09 2024 04:53:16
* NMEA Latitude = 38 28.59 N
* NMEA Longitude = 074 21.37 W
* NMEA UTC (Time) = Nov 09 2024  04:53:10
** Ship: Pisces
** Cruise:  PC2406
** Program:  Fall ECOMON
# nquan = 7
# nvalues = 1333                                  
# units = specified
# name 0 = depSM: Depth [salt water, m]
# name 1 = tv290C: Temperature [ITS-90, deg C]
# name 2 = c0S/m: Conductivity [S/m]
# name 3 = sal00: Salinity, Practical [PSU]
# name 4 = scan: Scan Count
# name 5 = timeM: Time, Elapsed [minutes]
# name 6 = flag:  0.000e+00
# span 0 =      0.002,     44.713                 
# span 1 =    14.5658,    17.9487                 
# span 2 =  -0.000020,   4.480053                 
# span 3 =     0.0000,    34.0911                 
# span 4 =         11,       1343                 
# span 5 =     0.0417,     5.5917                 
# span 6 = 0.0000e+00, 0.0000e+00                 
# interval = seconds: 0.25
# start_time = Nov 09 2024 04:53:10 [NMEA time, header]
# bad_flag = -9.990e-29
*END*
[from data line 411]
     42.744    17.9474   4.479719    34.0887        422     1.7542  0.000e+00
     42.690    17.9477   4.479538    34.0869        423     1.7583  0.000e+00
     42.624    17.9478   4.479846    34.0895        424     1.7625  0.000e+00
     42.545    17.9482   4.479846    34.0892        425     1.7667  0.000e+00
     42.469    17.9481   4.479846    34.0893        426     1.7708  0.000e+00
     42.392    17.9482   4.479973    34.0904        427     1.7750  0.000e+00
     42.311    17.9482   4.479953    34.0902        428     1.7792  0.000e+00
     42.234    17.9484   4.479973    34.0902        429     1.7833  0.000e+00
     42.169    17.9487   4.479819    34.0887        430     1.7875  0.000e+00
     42.110    17.9486   4.479538    34.0864        431     1.7917  0.000e+00
     42.051    17.9482   4.478810    34.0805        432     1.7958  0.000e+00
     41.991    17.9469   4.478108    34.0757        433     1.8000  0.000e+00
     41.927    17.9448   4.477974    34.0763        434     1.8042  0.000e+00
     41.873    17.9433   4.477954    34.0774        435     1.8083  0.000e+00
     41.821    17.9425   4.478034    34.0788        436     1.8125  0.000e+00
     41.767    17.9419   4.478061    34.0795        437     1.8167  0.000e+00
     41.717    17.9421   4.478081    34.0796        438     1.8208  0.000e+00
     41.668    17.9420   4.478061    34.0795        439     1.8250  0.000e+00
     41.620    17.9419   4.478108    34.0800        440     1.8292  0.000e+00
     41.564    17.9422   4.478241    34.0809        441     1.8333  0.000e+00
     41.505    17.9424   4.478368    34.0819        442     1.8375  0.000e+00
     41.453    17.9425   4.478342    34.0816        443     1.8417  0.000e+00
     41.381    17.9429   4.478188    34.0799        444     1.8458  0.000e+00
     41.320    17.9427   4.477566    34.0748        445     1.8500  0.000e+00
     41.248    17.9418   4.476838    34.0694        446     1.8542  0.000e+00
     41.174    17.9402   4.477252    34.0743        447     1.8583  0.000e+00
     41.097    17.9395   4.477125    34.0738        448     1.8625  0.000e+00
     41.023    17.9395   4.477098    34.0736        449     1.8667  0.000e+00
     40.953    17.9392   4.476945    34.0726        450     1.8708  0.000e+00
     40.876    17.9387   4.477072    34.0741        451     1.8750  0.000e+00
     40.806    17.9385   4.477252    34.0758        452     1.8792  0.000e+00
     40.730    17.9388   4.477225    34.0754        453     1.8833  0.000e+00
     40.655    17.9390   4.476998    34.0733        454     1.8875  0.000e+00
     40.583    17.9387   4.476791    34.0718        455     1.8917  0.000e+00
     40.506    17.9384   4.476737    34.0717        456     1.8958  0.000e+00
     40.436    17.9378   4.476811    34.0728        457     1.9000  0.000e+00
     40.369    17.9375   4.477018    34.0748        458     1.9042  0.000e+00
     40.296    17.9379   4.477018    34.0746        459     1.9083  0.000e+00
     40.219    17.9382   4.477232    34.0761        460     1.9125  0.000e+00
     40.143    17.9385   4.477279    34.0763        461     1.9167  0.000e+00
     40.066    17.9388   4.477098    34.0746        462     1.9208  0.000e+00
     39.987    17.9389   4.476764    34.0717        463     1.9250  0.000e+00
     39.899    17.9385   4.475909    34.0648        464     1.9292  0.000e+00
     39.813    17.9370   4.475828    34.0653        465     1.9333  0.000e+00
     39.723    17.9358   4.475982    34.0677        466     1.9375  0.000e+00
     39.631    17.9354   4.476142    34.0694        467     1.9417  0.000e+00
     39.547    17.9354   4.476243    34.0703        468     1.9458  0.000e+00
     39.462    17.9356   4.476657    34.0737        469     1.9500  0.000e+00
     39.387    17.9362   4.476971    34.0759        470     1.9542  0.000e+00
     39.311    17.9371   4.476557    34.0717        471     1.9583  0.000e+00
     39.238    17.9375   4.476269    34.0689        472     1.9625  0.000e+00
     39.170    17.9368   4.475962    34.0668        473     1.9667  0.000e+00
     39.096    17.9360   4.476062    34.0684        474     1.9708  0.000e+00
     39.028    17.9353   4.475775    34.0666        475     1.9750  0.000e+00
     38.958    17.9350   4.475701    34.0663        476     1.9792  0.000e+00
     38.891    17.9346   4.475467    34.0646        477     1.9833  0.000e+00
     38.819    17.9341   4.475314    34.0637        478     1.9875  0.000e+00
     38.747    17.9334   4.475387    34.0650        479     1.9917  0.000e+00
     38.676    17.9333   4.475180    34.0633        480     1.9958  0.000e+00
     38.604    17.9330   4.475233    34.0641        481     2.0000  0.000e+00
     38.530    17.9327   4.475080    34.0630        482     2.0042  0.000e+00
     38.453    17.9326   4.474946    34.0620        483     2.0083  0.000e+00
     38.383    17.9325   4.474639    34.0595        484     2.0125  0.000e+00
     38.304    17.9321   4.474819    34.0614        485     2.0167  0.000e+00
     38.234    17.9317   4.474846    34.0620        486     2.0208  0.000e+00
     38.156    17.9318   4.474926    34.0626        487     2.0250  0.000e+00
     38.077    17.9317   4.474899    34.0625        488     2.0292  0.000e+00
     38.000    17.9316   4.474919    34.0627        489     2.0333  0.000e+00
     37.912    17.9315   4.474899    34.0627        490     2.0375  0.000e+00
     37.833    17.9317   4.474739    34.0612        491     2.0417  0.000e+00
     37.752    17.9315   4.474665    34.0608        492     2.0458  0.000e+00
     37.677    17.9314   4.474585    34.0602        493     2.0500  0.000e+00
     37.591    17.9312   4.474531    34.0599        494     2.0542  0.000e+00
     37.515    17.9310   4.474404    34.0591        495     2.0583  0.000e+00
     37.445    17.9306   4.473964    34.0556        496     2.0625  0.000e+00
     37.371    17.9301   4.473910    34.0556        497     2.0667  0.000e+00
     37.300    17.9293   4.474117    34.0581        498     2.0708  0.000e+00
     37.235    17.9293   4.474171    34.0586        499     2.0750  0.000e+00
     37.158    17.9294   4.474097    34.0579        500     2.0792  0.000e+00
     37.088    17.9295   4.473703    34.0545        501     2.0833  0.000e+00
     37.010    17.9291   4.473523    34.0533        502     2.0875  0.000e+00
     36.928    17.9286   4.473549    34.0540        503     2.0917  0.000e+00
     36.847    17.9281   4.473576    34.0547        504     2.0958  0.000e+00
     36.764    17.9280   4.473703    34.0559        505     2.1000  0.000e+00
     36.678    17.9281   4.473729    34.0561        506     2.1042  0.000e+00
     36.595    17.9281   4.473836    34.0569        507     2.1083  0.000e+00
     36.509    17.9284   4.473910    34.0574        508     2.1125  0.000e+00
     36.421    17.9286   4.473162    34.0509        509     2.1167  0.000e+00
     36.337    17.9279   4.473288    34.0526        510     2.1208  0.000e+00
     36.261    17.9274   4.472854    34.0493        511     2.1250  0.000e+00
     36.188    17.9267   4.472487    34.0468        512     2.1292  0.000e+00
     36.118    17.9258   4.473288    34.0544        513     2.1333  0.000e+00
     36.049    17.9258   4.473522    34.0564        514     2.1375  0.000e+00
     35.981    17.9267   4.473288    34.0537        515     2.1417  0.000e+00
     35.917    17.9270   4.472774    34.0491        516     2.1458  0.000e+00
     35.855    17.9263   4.472720    34.0493        517     2.1500  0.000e+00
     35.793    17.9258   4.472594    34.0486        518     2.1542  0.000e+00
     35.724    17.9253   4.472233    34.0460        519     2.1583  0.000e+00
     35.654    17.9242   4.472179    34.0464        520     2.1625  0.000e+00
     35.590    17.9238   4.471919    34.0446        521     2.1667  0.000e+00
     35.516    17.9230   4.471919    34.0453        522     2.1708  0.000e+00
     35.437    17.9225   4.471772    34.0445        523     2.1750  0.000e+00
     35.365    17.9221   4.471638    34.0437        524     2.1792  0.000e+00
     35.290    17.9213   4.471378    34.0422        525     2.1833  0.000e+00
     35.223    17.9207   4.470343    34.0339        526     2.1875  0.000e+00
     35.148    17.9190   4.470289    34.0348        527     2.1917  0.000e+00
     35.076    17.9172   4.470136    34.0351        528     2.1958  0.000e+00
     35.013    17.9162   4.470162    34.0362        529     2.2000  0.000e+00
     34.934    17.9156   4.470055    34.0358        530     2.2042  0.000e+00
     34.862    17.9153   4.470055    34.0361        531     2.2083  0.000e+00
     34.790    17.9148   4.469848    34.0348        532     2.2125  0.000e+00
     34.710    17.9144   4.469101    34.0287        533     2.2167  0.000e+00
     34.638    17.9133   4.469027    34.0290        534     2.2208  0.000e+00
     34.559    17.9119   4.469027    34.0303        535     2.2250  0.000e+00
     34.483    17.9115   4.468820    34.0289        536     2.2292  0.000e+00
     34.404    17.9110   4.468713    34.0284        537     2.2333  0.000e+00
     34.322    17.9104   4.468867    34.0303        538     2.2375  0.000e+00
     34.243    17.9103   4.468065    34.0235        539     2.2417  0.000e+00
     34.162    17.9093   4.467111    34.0162        540     2.2458  0.000e+00
     34.077    17.9071   4.466156    34.0100        541     2.2500  0.000e+00
     33.995    17.9042   4.465228    34.0045        542     2.2542  0.000e+00
     33.914    17.9007   4.462772    33.9865        543     2.2583  0.000e+00
     33.837    17.8950   4.458596    33.9557        544     2.2625  0.000e+00
     33.756    17.8847   4.456922    33.9501        545     2.2667  0.000e+00
     33.680    17.8747   4.456382    33.9538        546     2.2708  0.000e+00
     33.601    17.8678   4.454501    33.9435        547     2.2750  0.000e+00
     33.529    17.8616   4.453834    33.9430        548     2.2792  0.000e+00
     33.459    17.8565   4.453448    33.9440        549     2.2833  0.000e+00
     33.388    17.8529   4.452674    33.9404        550     2.2875  0.000e+00
     33.319    17.8496   4.450821    33.9274        551     2.2917  0.000e+00
     33.258    17.8447   4.448688    33.9133        552     2.2958  0.000e+00
     33.195    17.8383   4.448329    33.9156        553     2.3000  0.000e+00
     33.129    17.8331   4.448229    33.9191        554     2.3042  0.000e+00
     33.064    17.8299   4.447716    33.9174        555     2.3083  0.000e+00
     32.996    17.8276   4.445530    33.9007        556     2.3125  0.000e+00
     32.924    17.8232   4.444271    33.8936        557     2.3167  0.000e+00
     32.854    17.8177   4.443758    33.8938        558     2.3208  0.000e+00
     32.779    17.8133   4.443325    33.8938        559     2.3250  0.000e+00
     32.701    17.8103   4.443125    33.8946        560     2.3292  0.000e+00
     32.624    17.8081   4.442886    33.8945        561     2.3333  0.000e+00
     32.549    17.8067   4.442706    33.8941        562     2.3375  0.000e+00
     32.468    17.8056   4.442553    33.8937        563     2.3417  0.000e+00
     32.384    17.8048   4.442552    33.8945        564     2.3458  0.000e+00
     32.299    17.8043   4.442346    33.8931        565     2.3500  0.000e+00
     32.211    17.8040   4.442246    33.8925        566     2.3542  0.000e+00
     32.134    17.8037   4.442373    33.8939        567     2.3583  0.000e+00
     32.039    17.8033   4.442246    33.8932        568     2.3625  0.000e+00
     31.960    17.8033   4.442166    33.8925        569     2.3667  0.000e+00
     31.882    17.8032   4.442146    33.8925        570     2.3708  0.000e+00
     31.803    17.8028   4.442119    33.8926        571     2.3750  0.000e+00
     31.723    17.8027   4.441886    33.8908        572     2.3792  0.000e+00
     31.654    17.8023   4.441680    33.8893        573     2.3833  0.000e+00
     31.582    17.8017   4.441760    33.8905        574     2.3875  0.000e+00
     31.523    17.8015   4.442066    33.8934        575     2.3917  0.000e+00
     31.464    17.8018   4.442066    33.8931        576     2.3958  0.000e+00
     31.401    17.8019   4.442039    33.8928        577     2.4000  0.000e+00
     31.344    17.8022   4.441939    33.8917        578     2.4042  0.000e+00
     31.293    17.8022   4.441966    33.8920        579     2.4083  0.000e+00
     31.243    17.8022   4.442013    33.8925        580     2.4125  0.000e+00
     31.193    17.8022   4.442066    33.8929        581     2.4167  0.000e+00
     31.133    17.8024   4.441966    33.8919        582     2.4208  0.000e+00
     31.076    17.8023   4.441966    33.8920        583     2.4250  0.000e+00
     31.020    17.8022   4.441946    33.8919        584     2.4292  0.000e+00
     30.959    17.8023   4.441986    33.8922        585     2.4333  0.000e+00
     30.896    17.8023   4.441859    33.8911        586     2.4375  0.000e+00
     30.826    17.8022   4.441833    33.8911        587     2.4417  0.000e+00
     30.756    17.8020   4.441733    33.8904        588     2.4458  0.000e+00
     30.675    17.8018   4.441606    33.8895        589     2.4500  0.000e+00
     30.586    17.8015   4.441499    33.8889        590     2.4542  0.000e+00
     30.498    17.8015   4.441453    33.8885        591     2.4583  0.000e+00
     30.413    17.8010   4.441399    33.8885        592     2.4625  0.000e+00
     30.329    17.8011   4.441453    33.8889        593     2.4667  0.000e+00
     30.248    17.8008   4.441373    33.8885        594     2.4708  0.000e+00
     30.167    17.8009   4.441373    33.8884        595     2.4750  0.000e+00
     30.090    17.8009   4.441399    33.8887        596     2.4792  0.000e+00
     30.007    17.8010   4.441373    33.8884        597     2.4833  0.000e+00
     29.926    17.8008   4.441373    33.8886        598     2.4875  0.000e+00
     29.851    17.8009   4.441399    33.8888        599     2.4917  0.000e+00
     29.763    17.8009   4.441293    33.8879        600     2.4958  0.000e+00
     29.686    17.8008   4.441219    33.8874        601     2.5000  0.000e+00
     29.601    17.8007   4.441166    33.8870        602     2.5042  0.000e+00
     29.517    17.8006   4.441066    33.8863        603     2.5083  0.000e+00
     29.432    17.8006   4.440600    33.8823        604     2.5125  0.000e+00
     29.348    17.7996   4.440500    33.8824        605     2.5167  0.000e+00
     29.260    17.7992   4.437444    33.8566        606     2.5208  0.000e+00
     29.186    17.7957   4.432252    33.8152        607     2.5250  0.000e+00
     29.113    17.7874   4.428214    33.7877        608     2.5292  0.000e+00
     29.041    17.7748   4.416634    33.6993        609     2.5333  0.000e+00
     28.983    17.7532   4.414056    33.6952        610     2.5375  0.000e+00
     28.924    17.7336   4.413499    33.7067        611     2.5417  0.000e+00
     28.865    17.7212   4.409813    33.6854        612     2.5458  0.000e+00
     28.816    17.7098   4.406965    33.6706        613     2.5500  0.000e+00
     28.763    17.6980   4.406282    33.6745        614     2.5542  0.000e+00
     28.712    17.6894   4.405007    33.6708        615     2.5583  0.000e+00
     28.660    17.6820   4.404224    33.6702        616     2.5625  0.000e+00
     28.610    17.6757   4.403992    33.6735        617     2.5667  0.000e+00
     28.549    17.6713   4.403892    33.6763        618     2.5708  0.000e+00
     28.489    17.6687   4.403667    33.6765        619     2.5750  0.000e+00
     28.427    17.6673   4.402751    33.6699        620     2.5792  0.000e+00
     28.355    17.6648   4.402499    33.6698        621     2.5833  0.000e+00
     28.285    17.6627   4.402472    33.6714        622     2.5875  0.000e+00
     28.215    17.6614   4.402187    33.6700        623     2.5917  0.000e+00
     28.139    17.6604   4.401557    33.6655        624     2.5958  0.000e+00
     28.060    17.6588   4.401557    33.6668        625     2.6000  0.000e+00
