PC2406/sbe075.cnv
* Sea-Bird SBE 19plus V2 Data File:
* FileName = C:\cruise\data\sbe075.hex
* Software Version Seasave V 7.26.7.121
* Temperature SN = 7142
* Conductivity SN = 7142
* System UpLoad Time = Nov 12 2024 02:46:01
* NMEA Latitude = 40 26.31 N
* NMEA Longitude = 071 25.10 W
* NMEA UTC (Time) = Nov 12 2024  02:45:56
** Ship: Pisces
** Cruise:  PC2406
** Program:  Fall ECOMON
# nquan = 7
# nvalues = 1969                                  
# units = specified
# name 0 = depSM: Depth [salt water, m]
# name 1 = tv290C: Temperature [ITS-90, deg C]
# name 2 = c0S/m: Conductivity [S/m]
# name 3 = sal00: Salinity, Practical [PSU]
# name 4 = scan: Scan Count
# name 5 = timeM: Time, Elapsed [minutes]
# name 6 = flag:  0.000e+00
# span 0 =     -0.113,     68.138                 
# span 1 =    15.8057,    19.4781                 
# span 2 =   0.001480,   4.706524                 
# span 3 =     0.0139,    34.8498                 
# span 4 =         11,       1979                 
# span 5 =     0.0417,     8.2417                 
# span 6 = 0.0000e+00, 0.0000e+00                 
# interval = seconds: 0.25
# start_time = Nov 12 2024 02:45:56 [NMEA time, header]
# bad_flag = -9.990e-29
*END*
[from data line 616]
     67.173    16.9738   4.443738    34.5946        627     2.6083  0.000e+00
     67.030    16.9775   4.444045    34.5941        628     2.6125  0.000e+00
     66.891    16.9808   4.443685    34.5882        629     2.6167  0.000e+00
     66.742    16.9816   4.444144    34.5916        630     2.6208  0.000e+00
     66.559    16.9829   4.444271    34.5917        631     2.6250  0.000e+00
     66.450    16.9851   4.444377    34.5908        632     2.6292  0.000e+00
     66.331    16.9863   4.444377    34.5898        633     2.6333  0.000e+00
     66.241    16.9869   4.444351    34.5890        634     2.6375  0.000e+00
     66.162    16.9876   4.444377    34.5887        635     2.6417  0.000e+00
     66.065    16.9878   4.444431    34.5891        636     2.6458  0.000e+00
     65.954    16.9881   4.444477    34.5892        637     2.6500  0.000e+00
     65.846    16.9886   4.444504    34.5891        638     2.6542  0.000e+00
     65.738    16.9890   4.444610    34.5897        639     2.6583  0.000e+00
     65.634    16.9896   4.444630    34.5894        640     2.6625  0.000e+00
     65.526    16.9901   4.444710    34.5897        641     2.6667  0.000e+00
     65.411    16.9906   4.444963    34.5915        642     2.6708  0.000e+00
     65.307    16.9918   4.445323    34.5937        643     2.6750  0.000e+00
     65.199    16.9940   4.445403    34.5925        644     2.6792  0.000e+00
     65.099    16.9959   4.445276    34.5898        645     2.6833  0.000e+00
     64.996    16.9968   4.445376    34.5900        646     2.6875  0.000e+00
     64.898    16.9971   4.445349    34.5895        647     2.6917  0.000e+00
     64.804    16.9974   4.445662    34.5920        648     2.6958  0.000e+00
     64.716    16.9985   4.445836    34.5926        649     2.7000  0.000e+00
     64.625    17.0002   4.446015    34.5927        650     2.7042  0.000e+00
     64.522    17.0019   4.445995    34.5912        651     2.7083  0.000e+00
     64.409    17.0029   4.446195    34.5920        652     2.7125  0.000e+00
     64.294    17.0044   4.446328    34.5920        653     2.7167  0.000e+00
     64.172    17.0058   4.446508    34.5924        654     2.7208  0.000e+00
     64.032    17.0071   4.446635    34.5925        655     2.7250  0.000e+00
     63.892    17.0085   4.447507    34.5989        656     2.7292  0.000e+00
     63.735    17.0122   4.447814    34.5984        657     2.7333  0.000e+00
     63.581    17.0164   4.448074    34.5971        658     2.7375  0.000e+00
     63.427    17.0199   4.448460    34.5975        659     2.7417  0.000e+00
     63.267    17.0234   4.449026    34.5995        660     2.7458  0.000e+00
     63.119    17.0272   4.449153    34.5974        661     2.7500  0.000e+00
     62.967    17.0307   4.449719    34.5994        662     2.7542  0.000e+00
     62.823    17.0341   4.449926    34.5984        663     2.7583  0.000e+00
     62.685    17.0378   4.450206    34.5977        664     2.7625  0.000e+00
     62.555    17.0402   4.450152    34.5952        665     2.7667  0.000e+00
     62.435    17.0423   4.450872    34.5997        666     2.7708  0.000e+00
     62.327    17.0455   4.451592    34.6032        667     2.7750  0.000e+00
     62.221    17.0498   4.450978    34.5942        668     2.7792  0.000e+00
     62.128    17.0520   4.450925    34.5919        669     2.7833  0.000e+00
     62.027    17.0516   4.451205    34.5948        670     2.7875  0.000e+00
     61.934    17.0526   4.453192    34.6112        671     2.7917  0.000e+00
     61.832    17.0589   4.455172    34.6230        672     2.7958  0.000e+00
     61.740    17.0726   4.455838    34.6172        673     2.8000  0.000e+00
     61.632    17.0840   4.456872    34.6164        674     2.8042  0.000e+00
     61.532    17.0938   4.458413    34.6214        675     2.8083  0.000e+00
     61.420    17.1058   4.459833    34.6235        676     2.8125  0.000e+00
     61.305    17.1188   4.461274    34.6249        677     2.8167  0.000e+00
     61.194    17.1315   4.462749    34.6268        678     2.8208  0.000e+00
     61.086    17.1448   4.464270    34.6287        679     2.8250  0.000e+00
     60.977    17.1589   4.466853    34.6390        680     2.8292  0.000e+00
     60.869    17.1760   4.469617    34.6484        681     2.8333  0.000e+00
     60.763    17.1974   4.472074    34.6514        682     2.8375  0.000e+00
     60.659    17.2199   4.474966    34.6572        683     2.8417  0.000e+00
     60.569    17.2435   4.476883    34.6536        684     2.8458  0.000e+00
     60.474    17.2660   4.478286    34.6465        685     2.8500  0.000e+00
     60.377    17.2843   4.480692    34.6517        686     2.8542  0.000e+00
     60.276    17.3022   4.482583    34.6527        687     2.8583  0.000e+00
     60.181    17.3205   4.484509    34.6537        688     2.8625  0.000e+00
     60.080    17.3375   4.485879    34.6511        689     2.8667  0.000e+00
     59.985    17.3535   4.487284    34.6495        690     2.8708  0.000e+00
     59.886    17.3674   4.487832    34.6424        691     2.8750  0.000e+00
     59.786    17.3781   4.488895    34.6425        692     2.8792  0.000e+00
     59.687    17.3866   4.489705    34.6423        693     2.8833  0.000e+00
     59.584    17.3945   4.490561    34.6429        694     2.8875  0.000e+00
     59.486    17.4031   4.492300    34.6506        695     2.8917  0.000e+00
     59.382    17.4137   4.495084    34.6657        696     2.8958  0.000e+00
     59.281    17.4292   4.496670    34.6661        697     2.9000  0.000e+00
     59.186    17.4472   4.499743    34.6773        698     2.9042  0.000e+00
     59.089    17.4684   4.501960    34.6783        699     2.9083  0.000e+00
     58.995    17.4897   4.503580    34.6740        700     2.9125  0.000e+00
     58.897    17.5092   4.505925    34.6776        701     2.9167  0.000e+00
     58.785    17.5288   4.509717    34.6936        702     2.9208  0.000e+00
     58.670    17.5521   4.513639    34.7075        703     2.9250  0.000e+00
     58.552    17.5853   4.515046    34.6913        704     2.9292  0.000e+00
     58.419    17.6109   4.516675    34.6834        705     2.9333  0.000e+00
     58.280    17.6309   4.517795    34.6761        706     2.9375  0.000e+00
     58.140    17.6468   4.519526    34.6774        707     2.9417  0.000e+00
     57.989    17.6612   4.524276    34.7060        708     2.9458  0.000e+00
     57.855    17.6842   4.529734    34.7333        709     2.9500  0.000e+00
     57.725    17.7186   4.533917    34.7399        710     2.9542  0.000e+00
     57.600    17.7545   4.540112    34.7625        711     2.9583  0.000e+00
     57.512    17.7956   4.544582    34.7657        712     2.9625  0.000e+00
     57.429    17.8373   4.545456    34.7377        713     2.9667  0.000e+00
     57.359    17.8656   4.549814    34.7509        714     2.9708  0.000e+00
     57.307    17.8924   4.555870    34.7798        715     2.9750  0.000e+00
     57.258    17.9292   4.562482    34.8050        716     2.9792  0.000e+00
     57.221    17.9759   4.565593    34.7917        717     2.9833  0.000e+00
     57.176    18.0174   4.568355    34.7800        718     2.9875  0.000e+00
     57.127    18.0503   4.571172    34.7760        719     2.9917  0.000e+00
     57.072    18.0787   4.574266    34.7782        720     2.9958  0.000e+00
     57.014    18.1055   4.580032    34.8046        721     3.0000  0.000e+00
     56.935    18.1412   4.587043    34.8340        722     3.0042  0.000e+00
     56.856    18.1886   4.592329    34.8386        723     3.0083  0.000e+00
     56.750    18.2407   4.597787    34.8407        724     3.0125  0.000e+00
     56.646    18.2945   4.604241    34.8498        725     3.0167  0.000e+00
     56.526    18.3508   4.607703    34.8314        726     3.0208  0.000e+00
     56.403    18.3993   4.609427    34.8049        727     3.0250  0.000e+00
     56.272    18.4335   4.610143    34.7821        728     3.0292  0.000e+00
     56.152    18.4556   4.612430    34.7828        729     3.0333  0.000e+00
     56.014    18.4759   4.614676    34.7846        730     3.0375  0.000e+00
     55.883    18.4982   4.618777    34.8005        731     3.0417  0.000e+00
     55.766    18.5265   4.620503    34.7911        732     3.0458  0.000e+00
     55.649    18.5580   4.618045    34.7438        733     3.0500  0.000e+00
     55.520    18.5750   4.616650    34.7178        734     3.0542  0.000e+00
     55.394    18.5793   4.616380    34.7119        735     3.0583  0.000e+00
     55.270    18.5796   4.615547    34.7047        736     3.0625  0.000e+00
     55.141    18.5780   4.613774    34.6912        737     3.0667  0.000e+00
     55.015    18.5723   4.611737    34.6788        738     3.0708  0.000e+00
     54.889    18.5632   4.609471    34.6674        739     3.0750  0.000e+00
     54.765    18.5519   4.608023    34.6648        740     3.0792  0.000e+00
     54.640    18.5411   4.607340    34.6682        741     3.0833  0.000e+00
     54.510    18.5332   4.607997    34.6803        742     3.0875  0.000e+00
     54.386    18.5323   4.609072    34.6903        743     3.0917  0.000e+00
     54.264    18.5378   4.611453    34.7058        744     3.0958  0.000e+00
     54.144    18.5505   4.611913    34.6990        745     3.1000  0.000e+00
     54.036    18.5636   4.613205    34.6989        746     3.1042  0.000e+00
     53.939    18.5766   4.614673    34.7004        747     3.1083  0.000e+00
     53.846    18.5911   4.618748    34.7225        748     3.1125  0.000e+00
     53.774    18.6135   4.622438    34.7347        749     3.1167  0.000e+00
     53.693    18.6432   4.626007    34.7397        750     3.1208  0.000e+00
     53.616    18.6752   4.627125    34.7223        751     3.1250  0.000e+00
     53.549    18.6991   4.629753    34.7242        752     3.1292  0.000e+00
     53.485    18.7188   4.631312    34.7208        753     3.1333  0.000e+00
     53.415    18.7365   4.633122    34.7212        754     3.1375  0.000e+00
     53.355    18.7520   4.634701    34.7214        755     3.1417  0.000e+00
     53.294    18.7663   4.638641    34.7425        756     3.1458  0.000e+00
     53.217    18.7862   4.642609    34.7591        757     3.1500  0.000e+00
     53.129    18.8147   4.646198    34.7653        758     3.1542  0.000e+00
     53.027    18.8435   4.652111    34.7907        759     3.1583  0.000e+00
     52.906    18.8809   4.655744    34.7897        760     3.1625  0.000e+00
     52.781    18.9202   4.662396    34.8124        761     3.1667  0.000e+00
     52.635    18.9616   4.664298    34.7936        762     3.1708  0.000e+00
     52.475    18.9960   4.666181    34.7806        763     3.1750  0.000e+00
     52.307    19.0215   4.667248    34.7681        764     3.1792  0.000e+00
     52.138    19.0399   4.668472    34.7630        765     3.1833  0.000e+00
     51.980    19.0536   4.669397    34.7592        766     3.1875  0.000e+00
     51.838    19.0660   4.670410    34.7574        767     3.1917  0.000e+00
     51.682    19.0773   4.671593    34.7578        768     3.1958  0.000e+00
     51.543    19.0887   4.672920    34.7594        769     3.2000  0.000e+00
     51.425    19.0999   4.673790    34.7573        770     3.2042  0.000e+00
     51.306    19.1097   4.674450    34.7547        771     3.2083  0.000e+00
     51.195    19.1172   4.674654    34.7501        772     3.2125  0.000e+00
     51.100    19.1222   4.675049    34.7493        773     3.2167  0.000e+00
     51.012    19.1262   4.675545    34.7500        774     3.2208  0.000e+00
     50.922    19.1304   4.675777    34.7485        775     3.2250  0.000e+00
     50.848    19.1348   4.675708    34.7443        776     3.2292  0.000e+00
     50.784    19.1369   4.675674    34.7423        777     3.2333  0.000e+00
     50.731    19.1377   4.676443    34.7480        778     3.2375  0.000e+00
     50.678    19.1402   4.676641    34.7476        779     3.2417  0.000e+00
     50.626    19.1437   4.678744    34.7622        780     3.2458  0.000e+00
     50.577    19.1523   4.679581    34.7620        781     3.2500  0.000e+00
     50.527    19.1647   4.680193    34.7568        782     3.2542  0.000e+00
     50.473    19.1712   4.679710    34.7473        783     3.2583  0.000e+00
     50.394    19.1727   4.680166    34.7499        784     3.2625  0.000e+00
     50.302    19.1733   4.680363    34.7511        785     3.2667  0.000e+00
     50.209    19.1747   4.681119    34.7562        786     3.2708  0.000e+00
     50.103    19.1783   4.680915    34.7516        787     3.2750  0.000e+00
     49.983    19.1811   4.681262    34.7521        788     3.2792  0.000e+00
     49.848    19.1839   4.683202    34.7660        789     3.2833  0.000e+00
     49.708    19.1914   4.686710    34.7889        790     3.2875  0.000e+00
     49.559    19.2086   4.691111    34.8113        791     3.2917  0.000e+00
     49.393    19.2347   4.691206    34.7903        792     3.2958  0.000e+00
     49.232    19.2540   4.691478    34.7764        793     3.3000  0.000e+00
     49.077    19.2645   4.691635    34.7690        794     3.3042  0.000e+00
     48.923    19.2705   4.690578    34.7553        795     3.3083  0.000e+00
     48.765    19.2703   4.691314    34.7616        796     3.3125  0.000e+00
     48.632    19.2708   4.692582    34.7718        797     3.3167  0.000e+00
     48.501    19.2761   4.693079    34.7715        798     3.3208  0.000e+00
     48.388    19.2819   4.689535    34.7373        799     3.3250  0.000e+00
     48.282    19.2808   4.687376    34.7203        800     3.3292  0.000e+00
     48.188    19.2732   4.686163    34.7166        801     3.3333  0.000e+00
     48.113    19.2658   4.685720    34.7192        802     3.3375  0.000e+00
     48.043    19.2611   4.685802    34.7237        803     3.3417  0.000e+00
     47.980    19.2613   4.686953    34.7332        804     3.3458  0.000e+00
     47.928    19.2688   4.687560    34.7320        805     3.3500  0.000e+00
     47.878    19.2785   4.688636    34.7328        806     3.3542  0.000e+00
     47.838    19.2885   4.689562    34.7322        807     3.3583  0.000e+00
     47.800    19.2991   4.690686    34.7327        808     3.3625  0.000e+00
     47.764    19.3096   4.691429    34.7301        809     3.3667  0.000e+00
     47.727    19.3195   4.692029    34.7269        810     3.3708  0.000e+00
     47.687    19.3275   4.692771    34.7263        811     3.3750  0.000e+00
     47.637    19.3346   4.693024    34.7226        812     3.3792  0.000e+00
     47.581    19.3400   4.694169    34.7275        813     3.3833  0.000e+00
     47.513    19.3472   4.695082    34.7292        814     3.3875  0.000e+00
     47.427    19.3552   4.695873    34.7291        815     3.3917  0.000e+00
     47.326    19.3642   4.698661    34.7448        816     3.3958  0.000e+00
     47.206    19.3793   4.701034    34.7519        817     3.4000  0.000e+00
     47.078    19.3998   4.702228    34.7447        818     3.4042  0.000e+00
     46.933    19.4157   4.703114    34.7388        819     3.4083  0.000e+00
     46.789    19.4281   4.703271    34.7299        820     3.4125  0.000e+00
     46.642    19.4368   4.702118    34.7131        821     3.4167  0.000e+00
     46.491    19.4399   4.699969    34.6929        822     3.4208  0.000e+00
     46.344    19.4352   4.699792    34.6953        823     3.4250  0.000e+00
     46.195    19.4308   4.700740    34.7069        824     3.4292  0.000e+00
     46.062    19.4315   4.702090    34.7175        825     3.4333  0.000e+00
     45.936    19.4368   4.703270    34.7229        826     3.4375  0.000e+00
     45.818    19.4447   4.704962    34.7304        827     3.4417  0.000e+00
     45.724    19.4550   4.705781    34.7286        828     3.4458  0.000e+00
     45.633    19.4649   4.706524    34.7266        829     3.4500  0.000e+00
     45.559    19.4731   4.705726    34.7132        830     3.4542  0.000e+00
