PC2406/sbe002.cnv
* Sea-Bird SBE 19plus V2 Data File:
* FileName = C:\cruise\data\sbe002.hex
* Software Version Seasave V 7.26.7.121
* Temperature SN = 7142
* Conductivity SN = 7142
* System UpLoad Time = Oct 27 2024 17:37:38
* NMEA Latitude = 41 05.32 N
* NMEA Longitude = 071 12.18 W
* NMEA UTC (Time) = Oct 27 2024  17:37:23
** Ship: Pisces
** Cruise:  PC2406
** Program:  Fall ECOMON
# nquan = 7
# nvalues = 1145                                  
# units = specified
# name 0 = depSM: Depth [salt water, m]
# name 1 = tv290C: Temperature [ITS-90, deg C]
# name 2 = c0S/m: Conductivity [S/m]
# name 3 = sal00: Salinity, Practical [PSU]
# name 4 = scan: Scan Count
# name 5 = timeM: Time, Elapsed [minutes]
# name 6 = flag:  0.000e+00
# span 0 =      0.072,     31.608                 
# span 1 =    15.1357,    17.1048                 
# span 2 =  -0.000020,   4.267125                 
# span 3 =     0.0000,    32.9799                 
# span 4 =         11,       1155                 
# span 5 =     0.0417,     4.8083                 
# span 6 = 0.0000e+00, 0.0000e+00                 
# interval = seconds: 0.25
# start_time = Oct 27 2024 17:37:23 [NMEA time, header]
# bad_flag = -9.990e-29
*END*
[from data line 411]
     25.424    16.3988   4.142879    32.4646        422     1.7542  0.000e+00
     25.336    16.3985   4.142763    32.4638        423     1.7583  0.000e+00
     25.243    16.3978   4.142737    32.4642        424     1.7625  0.000e+00
     25.144    16.3973   4.142834    32.4655        425     1.7667  0.000e+00
     25.040    16.3973   4.142853    32.4657        426     1.7708  0.000e+00
     24.939    16.3974   4.143008    32.4670        427     1.7750  0.000e+00
     24.837    16.3977   4.142885    32.4657        428     1.7792  0.000e+00
     24.734    16.3981   4.142834    32.4650        429     1.7833  0.000e+00
     24.639    16.3981   4.142879    32.4654        430     1.7875  0.000e+00
     24.551    16.3980   4.142885    32.4655        431     1.7917  0.000e+00
     24.462    16.3980   4.142982    32.4664        432     1.7958  0.000e+00
     24.384    16.3982   4.143060    32.4670        433     1.8000  0.000e+00
     24.307    16.3989   4.143040    32.4663        434     1.8042  0.000e+00
     24.234    16.3991   4.142956    32.4654        435     1.8083  0.000e+00
     24.165    16.3992   4.142885    32.4648        436     1.8125  0.000e+00
     24.097    16.3990   4.142782    32.4640        437     1.8167  0.000e+00
     24.031    16.3984   4.142665    32.4635        438     1.8208  0.000e+00
     23.970    16.3980   4.142568    32.4631        439     1.8250  0.000e+00
     23.908    16.3972   4.142587    32.4638        440     1.8292  0.000e+00
     23.846    16.3969   4.142620    32.4644        441     1.8333  0.000e+00
     23.783    16.3968   4.142568    32.4640        442     1.8375  0.000e+00
     23.729    16.3967   4.142542    32.4639        443     1.8417  0.000e+00
     23.670    16.3967   4.142516    32.4638        444     1.8458  0.000e+00
     23.607    16.3965   4.142477    32.4636        445     1.8500  0.000e+00
     23.544    16.3964   4.142464    32.4636        446     1.8542  0.000e+00
     23.483    16.3963   4.142464    32.4637        447     1.8583  0.000e+00
     23.420    16.3963   4.142445    32.4635        448     1.8625  0.000e+00
     23.359    16.3960   4.142425    32.4636        449     1.8667  0.000e+00
     23.291    16.3962   4.142419    32.4634        450     1.8708  0.000e+00
     23.221    16.3962   4.142419    32.4635        451     1.8750  0.000e+00
     23.149    16.3961   4.142419    32.4636        452     1.8792  0.000e+00
     23.077    16.3962   4.142406    32.4634        453     1.8833  0.000e+00
     23.000    16.3963   4.142393    32.4633        454     1.8875  0.000e+00
     22.921    16.3960   4.142393    32.4635        455     1.8917  0.000e+00
     22.844    16.3963   4.142393    32.4633        456     1.8958  0.000e+00
     22.774    16.3962   4.142361    32.4631        457     1.9000  0.000e+00
     22.695    16.3962   4.142341    32.4630        458     1.9042  0.000e+00
     22.623    16.3960   4.142322    32.4630        459     1.9083  0.000e+00
     22.549    16.3956   4.142335    32.4634        460     1.9125  0.000e+00
     22.477    16.3956   4.142341    32.4635        461     1.9167  0.000e+00
     22.413    16.3957   4.142341    32.4635        462     1.9208  0.000e+00
     22.350    16.3955   4.142341    32.4637        463     1.9250  0.000e+00
     22.287    16.3956   4.142334    32.4635        464     1.9292  0.000e+00
     22.221    16.3957   4.142341    32.4636        465     1.9333  0.000e+00
     22.154    16.3955   4.142341    32.4637        466     1.9375  0.000e+00
     22.082    16.3958   4.142367    32.4638        467     1.9417  0.000e+00
     22.018    16.3960   4.142360    32.4635        468     1.9458  0.000e+00
     21.949    16.3961   4.142367    32.4636        469     1.9500  0.000e+00
     21.883    16.3962   4.142367    32.4635        470     1.9542  0.000e+00
     21.809    16.3963   4.142341    32.4632        471     1.9583  0.000e+00
     21.738    16.3963   4.142360    32.4634        472     1.9625  0.000e+00
     21.669    16.3965   4.142367    32.4633        473     1.9667  0.000e+00
     21.610    16.3962   4.142341    32.4634        474     1.9708  0.000e+00
     21.538    16.3963   4.142321    32.4631        475     1.9750  0.000e+00
     21.470    16.3965   4.142334    32.4631        476     1.9792  0.000e+00
     21.402    16.3963   4.142321    32.4632        477     1.9833  0.000e+00
     21.328    16.3963   4.142295    32.4630        478     1.9875  0.000e+00
     21.258    16.3965   4.142341    32.4633        479     1.9917  0.000e+00
     21.197    16.3963   4.142334    32.4633        480     1.9958  0.000e+00
     21.132    16.3964   4.142340    32.4634        481     2.0000  0.000e+00
     21.071    16.3966   4.142340    32.4633        482     2.0042  0.000e+00
     21.016    16.3967   4.142360    32.4634        483     2.0083  0.000e+00
     20.956    16.3967   4.142366    32.4634        484     2.0125  0.000e+00
     20.903    16.3968   4.142366    32.4633        485     2.0167  0.000e+00
     20.845    16.3967   4.142321    32.4630        486     2.0208  0.000e+00
     20.788    16.3966   4.142334    32.4633        487     2.0250  0.000e+00
     20.732    16.3967   4.142340    32.4633        488     2.0292  0.000e+00
     20.673    16.3966   4.142321    32.4632        489     2.0333  0.000e+00
     20.613    16.3965   4.142321    32.4633        490     2.0375  0.000e+00
     20.551    16.3964   4.142308    32.4633        491     2.0417  0.000e+00
     20.490    16.3963   4.142269    32.4631        492     2.0458  0.000e+00
     20.432    16.3962   4.142269    32.4632        493     2.0500  0.000e+00
     20.364    16.3958   4.142243    32.4633        494     2.0542  0.000e+00
     20.294    16.3956   4.142217    32.4633        495     2.0583  0.000e+00
     20.236    16.3954   4.142198    32.4633        496     2.0625  0.000e+00
     20.168    16.3951   4.142172    32.4633        497     2.0667  0.000e+00
     20.104    16.3950   4.142146    32.4632        498     2.0708  0.000e+00
     20.032    16.3950   4.142165    32.4634        499     2.0750  0.000e+00
     19.969    16.3949   4.142198    32.4638        500     2.0792  0.000e+00
     19.901    16.3950   4.142198    32.4638        501     2.0833  0.000e+00
     19.841    16.3950   4.142172    32.4635        502     2.0875  0.000e+00
     19.775    16.3951   4.142217    32.4638        503     2.0917  0.000e+00
     19.714    16.3955   4.142243    32.4638        504     2.0958  0.000e+00
     19.656    16.3955   4.142217    32.4636        505     2.1000  0.000e+00
     19.599    16.3956   4.142236    32.4637        506     2.1042  0.000e+00
     19.543    16.3956   4.142243    32.4638        507     2.1083  0.000e+00
     19.489    16.3959   4.142217    32.4633        508     2.1125  0.000e+00
     19.439    16.3959   4.142243    32.4636        509     2.1167  0.000e+00
     19.389    16.3958   4.142217    32.4635        510     2.1208  0.000e+00
     19.342    16.3955   4.142243    32.4640        511     2.1250  0.000e+00
     19.285    16.3957   4.142197    32.4634        512     2.1292  0.000e+00
     19.238    16.3957   4.142217    32.4636        513     2.1333  0.000e+00
     19.181    16.3958   4.142217    32.4635        514     2.1375  0.000e+00
     19.130    16.3958   4.142217    32.4635        515     2.1417  0.000e+00
     19.080    16.3959   4.142217    32.4634        516     2.1458  0.000e+00
     19.028    16.3957   4.142171    32.4633        517     2.1500  0.000e+00
     18.979    16.3956   4.142120    32.4629        518     2.1542  0.000e+00
     18.936    16.3955   4.142068    32.4626        519     2.1583  0.000e+00
     18.890    16.3950   4.142068    32.4629        520     2.1625  0.000e+00
     18.843    16.3949   4.142068    32.4631        521     2.1667  0.000e+00
     18.803    16.3949   4.142094    32.4633        522     2.1708  0.000e+00
     18.760    16.3946   4.142171    32.4642        523     2.1750  0.000e+00
     18.717    16.3950   4.142171    32.4640        524     2.1792  0.000e+00
     18.674    16.3953   4.142171    32.4637        525     2.1833  0.000e+00
     18.631    16.3955   4.142145    32.4634        526     2.1875  0.000e+00
     18.586    16.3955   4.142145    32.4633        527     2.1917  0.000e+00
     18.538    16.3955   4.142145    32.4634        528     2.1958  0.000e+00
     18.482    16.3955   4.142171    32.4636        529     2.2000  0.000e+00
     18.425    16.3957   4.142191    32.4636        530     2.2042  0.000e+00
     18.358    16.3959   4.142216    32.4638        531     2.2083  0.000e+00
     18.294    16.3961   4.142197    32.4634        532     2.2125  0.000e+00
     18.223    16.3962   4.142191    32.4633        533     2.2167  0.000e+00
     18.153    16.3963   4.142197    32.4633        534     2.2208  0.000e+00
     18.083    16.3962   4.142216    32.4636        535     2.2250  0.000e+00
     18.010    16.3964   4.142216    32.4634        536     2.2292  0.000e+00
     17.934    16.3966   4.142216    32.4633        537     2.2333  0.000e+00
     17.864    16.3968   4.142242    32.4634        538     2.2375  0.000e+00
     17.794    16.3969   4.142242    32.4633        539     2.2417  0.000e+00
     17.730    16.3968   4.142216    32.4632        540     2.2458  0.000e+00
     17.669    16.3971   4.142236    32.4631        541     2.2500  0.000e+00
     17.613    16.3970   4.142216    32.4631        542     2.2542  0.000e+00
     17.565    16.3968   4.142171    32.4629        543     2.2583  0.000e+00
     17.518    16.3967   4.142145    32.4628        544     2.2625  0.000e+00
     17.469    16.3964   4.142164    32.4632        545     2.2667  0.000e+00
     17.426    16.3962   4.142216    32.4638        546     2.2708  0.000e+00
     17.381    16.3966   4.142216    32.4635        547     2.2750  0.000e+00
     17.338    16.3967   4.142197    32.4632        548     2.2792  0.000e+00
     17.295    16.3967   4.142190    32.4632        549     2.2833  0.000e+00
     17.250    16.3969   4.142171    32.4629        550     2.2875  0.000e+00
     17.207    16.3969   4.142197    32.4632        551     2.2917  0.000e+00
     17.159    16.3966   4.142119    32.4628        552     2.2958  0.000e+00
     17.114    16.3966   4.142145    32.4630        553     2.3000  0.000e+00
     17.065    16.3965   4.142119    32.4629        554     2.3042  0.000e+00
     17.008    16.3963   4.142145    32.4633        555     2.3083  0.000e+00
     16.952    16.3964   4.142145    32.4632        556     2.3125  0.000e+00
     16.898    16.3963   4.142093    32.4629        557     2.3167  0.000e+00
     16.846    16.3963   4.142119    32.4631        558     2.3208  0.000e+00
     16.792    16.3963   4.142145    32.4634        559     2.3250  0.000e+00
     16.742    16.3964   4.142119    32.4630        560     2.3292  0.000e+00
     16.697    16.3963   4.142119    32.4632        561     2.3333  0.000e+00
     16.654    16.3963   4.142093    32.4630        562     2.3375  0.000e+00
     16.607    16.3962   4.142119    32.4633        563     2.3417  0.000e+00
     16.570    16.3963   4.142093    32.4630        564     2.3458  0.000e+00
     16.523    16.3963   4.142145    32.4634        565     2.3500  0.000e+00
     16.484    16.3964   4.142170    32.4636        566     2.3542  0.000e+00
     16.442    16.3967   4.142196    32.4636        567     2.3583  0.000e+00
     16.403    16.3970   4.142216    32.4636        568     2.3625  0.000e+00
     16.360    16.3971   4.142242    32.4637        569     2.3667  0.000e+00
     16.309    16.3974   4.142241    32.4635        570     2.3708  0.000e+00
     16.266    16.3977   4.142267    32.4635        571     2.3750  0.000e+00
     16.214    16.3978   4.142306    32.4638        572     2.3792  0.000e+00
     16.162    16.3982   4.142390    32.4642        573     2.3833  0.000e+00
     16.103    16.3990   4.142390    32.4636        574     2.3875  0.000e+00
     16.047    16.3992   4.142390    32.4634        575     2.3917  0.000e+00
     15.988    16.3995   4.142448    32.4637        576     2.3958  0.000e+00
     15.936    16.3999   4.142487    32.4637        577     2.4000  0.000e+00
     15.878    16.4002   4.142461    32.4633        578     2.4042  0.000e+00
     15.826    16.4004   4.142448    32.4630        579     2.4083  0.000e+00
     15.780    16.4005   4.142416    32.4627        580     2.4125  0.000e+00
     15.729    16.4000   4.142338    32.4624        581     2.4167  0.000e+00
     15.683    16.3997   4.142319    32.4625        582     2.4208  0.000e+00
     15.632    16.3993   4.142286    32.4626        583     2.4250  0.000e+00
     15.579    16.3991   4.142293    32.4628        584     2.4292  0.000e+00
     15.528    16.3989   4.142338    32.4634        585     2.4333  0.000e+00
     15.473    16.3989   4.142364    32.4636        586     2.4375  0.000e+00
     15.417    16.3993   4.142448    32.4641        587     2.4417  0.000e+00
     15.361    16.3998   4.142442    32.4636        588     2.4458  0.000e+00
     15.309    16.4001   4.142416    32.4632        589     2.4500  0.000e+00
     15.261    16.4001   4.142390    32.4629        590     2.4542  0.000e+00
     15.216    16.4001   4.142332    32.4624        591     2.4583  0.000e+00
     15.178    16.3997   4.142338    32.4628        592     2.4625  0.000e+00
     15.137    16.3996   4.142293    32.4626        593     2.4667  0.000e+00
     15.106    16.3997   4.142319    32.4628        594     2.4708  0.000e+00
     15.070    16.3992   4.142286    32.4629        595     2.4750  0.000e+00
     15.038    16.3992   4.142241    32.4625        596     2.4792  0.000e+00
     15.013    16.3990   4.142196    32.4623        597     2.4833  0.000e+00
     14.981    16.3986   4.142170    32.4624        598     2.4875  0.000e+00
     14.948    16.3984   4.142215    32.4629        599     2.4917  0.000e+00
     14.916    16.3985   4.142215    32.4629        600     2.4958  0.000e+00
     14.873    16.3985   4.142196    32.4627        601     2.5000  0.000e+00
     14.837    16.3984   4.142189    32.4628        602     2.5042  0.000e+00
     14.796    16.3981   4.142170    32.4628        603     2.5083  0.000e+00
     14.760    16.3980   4.142170    32.4629        604     2.5125  0.000e+00
     14.718    16.3979   4.142144    32.4628        605     2.5167  0.000e+00
     14.679    16.3979   4.142144    32.4628        606     2.5208  0.000e+00
     14.632    16.3978   4.142241    32.4638        607     2.5250  0.000e+00
     14.598    16.3980   4.142293    32.4640        608     2.5292  0.000e+00
     14.555    16.3987   4.142318    32.4638        609     2.5333  0.000e+00
     14.523    16.3990   4.142305    32.4634        610     2.5375  0.000e+00
     14.474    16.3992   4.142338    32.4635        611     2.5417  0.000e+00
     14.435    16.3997   4.142415    32.4639        612     2.5458  0.000e+00
     14.388    16.4000   4.142292    32.4625        613     2.5500  0.000e+00
     14.345    16.3997   4.142163    32.4616        614     2.5542  0.000e+00
     14.298    16.3992   4.142170    32.4622        615     2.5583  0.000e+00
     14.255    16.3986   4.142292    32.4637        616     2.5625  0.000e+00
     14.210    16.3988   4.142338    32.4640        617     2.5667  0.000e+00
     14.164    16.3995   4.142305    32.4631        618     2.5708  0.000e+00
     14.121    16.3997   4.142318    32.4631        619     2.5750  0.000e+00
     14.072    16.3997   4.142415    32.4639        620     2.5792  0.000e+00
     14.029    16.4001   4.142461    32.4641        621     2.5833  0.000e+00
     13.977    16.4007   4.142493    32.4639        622     2.5875  0.000e+00
     13.928    16.4010   4.142460    32.4633        623     2.5917  0.000e+00
     13.876    16.4014   4.142415    32.4627        624     2.5958  0.000e+00
     13.830    16.4013   4.142402    32.4627        625     2.6000  0.000e+00
