PC2406/sbe018.cnv
* Sea-Bird SBE 19plus V2 Data File:
* FileName = C:\cruise\data\sbe018.hex
* Software Version Seasave V 7.26.7.121
* Temperature SN = 7142
* Conductivity SN = 7142
* System UpLoad Time = Oct 28 2024 22:52:16
* NMEA Latitude = 40 01.45 N
* NMEA Longitude = 071 38.11 W
* NMEA UTC (Time) = Oct 28 2024  22:52:13
** Ship: Pisces
** Cruise:  PC2406
** Program:  Fall ECOMON
# nquan = 7
# nvalues = 2031                                  
# units = specified
# name 0 = depSM: Depth [salt water, m]
# name 1 = tv290C: Temperature [ITS-90, deg C]
# name 2 = c0S/m: Conductivity [S/m]
# name 3 = sal00: Salinity, Practical [PSU]
# name 4 = scan: Scan Count
# name 5 = timeM: Time, Elapsed [minutes]
# name 6 = flag:  0.000e+00
# span 0 =      0.149,     90.975                 
# span 1 =    12.7772,    21.3138                 
# span 2 =   0.000014,   4.996262                 
# span 3 =     0.0066,    35.6506                 
# span 4 =         11,       2041                 
# span 5 =     0.0417,     8.5000                 
# span 6 = 0.0000e+00, 0.0000e+00                 
# interval = seconds: 0.25
# start_time = Oct 28 2024 22:52:13 [NMEA time, header]
# bad_flag = -9.990e-29
*END*
[from data line 616]
     76.848    15.9629   4.386770    34.9693        627     2.6083  0.000e+00
     76.974    15.9487   4.384346    34.9602        628     2.6125  0.000e+00
     77.099    15.9298   4.382154    34.9572        629     2.6167  0.000e+00
     77.220    15.9090   4.379982    34.9561        630     2.6208  0.000e+00
     77.345    15.8880   4.377235    34.9501        631     2.6250  0.000e+00
     77.471    15.8662   4.374773    34.9472        632     2.6292  0.000e+00
     77.595    15.8433   4.373536    34.9564        633     2.6333  0.000e+00
     77.708    15.8243   4.371783    34.9574        634     2.6375  0.000e+00
     77.823    15.8067   4.369891    34.9560        635     2.6417  0.000e+00
     77.944    15.7896   4.368357    34.9574        636     2.6458  0.000e+00
     78.066    15.7738   4.367504    34.9637        637     2.6500  0.000e+00
     78.193    15.7609   4.365071    34.9532        638     2.6542  0.000e+00
     78.314    15.7470   4.362645    34.9437        639     2.6583  0.000e+00
     78.423    15.7287   4.361052    34.9456        640     2.6625  0.000e+00
     78.540    15.7115   4.360227    34.9534        641     2.6667  0.000e+00
     78.657    15.6978   4.359599    34.9599        642     2.6708  0.000e+00
     78.773    15.6879   4.359130    34.9644        643     2.6750  0.000e+00
     78.888    15.6806   4.358496    34.9651        644     2.6792  0.000e+00
     78.996    15.6744   4.358351    34.9692        645     2.6833  0.000e+00
     79.108    15.6697   4.358298    34.9729        646     2.6875  0.000e+00
     79.215    15.6664   4.358113    34.9741        647     2.6917  0.000e+00
     79.332    15.6643   4.357994    34.9748        648     2.6958  0.000e+00
     79.447    15.6624   4.357796    34.9747        649     2.7000  0.000e+00
     79.571    15.6608   4.357697    34.9752        650     2.7042  0.000e+00
     79.691    15.6595   4.357723    34.9765        651     2.7083  0.000e+00
     79.808    15.6586   4.357558    34.9758        652     2.7125  0.000e+00
     79.928    15.6576   4.357420    34.9754        653     2.7167  0.000e+00
     80.054    15.6567   4.357473    34.9766        654     2.7208  0.000e+00
     80.189    15.6561   4.357294    34.9755        655     2.7250  0.000e+00
     80.309    15.6552   4.356984    34.9735        656     2.7292  0.000e+00
     80.435    15.6531   4.356918    34.9747        657     2.7333  0.000e+00
     80.572    15.6513   4.356746    34.9747        658     2.7375  0.000e+00
     80.706    15.6500   4.356667    34.9751        659     2.7417  0.000e+00
     80.843    15.6482   4.356119    34.9717        660     2.7458  0.000e+00
     80.979    15.6457   4.355894    34.9718        661     2.7500  0.000e+00
     81.112    15.6429   4.355696    34.9725        662     2.7542  0.000e+00
     81.247    15.6405   4.355617    34.9738        663     2.7583  0.000e+00
     81.385    15.6388   4.355465    34.9739        664     2.7625  0.000e+00
     81.529    15.6374   4.355445    34.9749        665     2.7667  0.000e+00
     81.667    15.6362   4.355095    34.9728        666     2.7708  0.000e+00
     81.799    15.6348   4.354818    34.9715        667     2.7750  0.000e+00
     81.939    15.6326   4.354607    34.9715        668     2.7792  0.000e+00
     82.061    15.6303   4.354415    34.9717        669     2.7833  0.000e+00
     82.187    15.6285   4.354065    34.9701        670     2.7875  0.000e+00
     82.305    15.6263   4.353814    34.9698        671     2.7917  0.000e+00
     82.429    15.6236   4.353319    34.9677        672     2.7958  0.000e+00
     82.535    15.6203   4.352593    34.9640        673     2.8000  0.000e+00
     82.637    15.6157   4.351913    34.9620        674     2.8042  0.000e+00
     82.743    15.6092   4.351391    34.9630        675     2.8083  0.000e+00
     82.851    15.6026   4.351048    34.9657        676     2.8125  0.000e+00
     82.959    15.5952   4.351669    34.9778        677     2.8167  0.000e+00
     83.063    15.5880   4.352389    34.9907        678     2.8208  0.000e+00
     83.166    15.5834   4.353142    35.0015        679     2.8250  0.000e+00
     83.263    15.5809   4.354079    35.0121        680     2.8292  0.000e+00
     83.363    15.5795   4.353921    35.0119        681     2.8333  0.000e+00
     83.467    15.5707   4.352891    35.0104        682     2.8375  0.000e+00
     83.570    15.5532   4.352343    35.0210        683     2.8417  0.000e+00
     83.674    15.5357   4.351914    35.0327        684     2.8458  0.000e+00
     83.782    15.5210   4.351815    35.0449        685     2.8500  0.000e+00
     83.891    15.5107   4.351545    35.0515        686     2.8542  0.000e+00
     84.003    15.5036   4.351241    35.0551        687     2.8583  0.000e+00
     84.127    15.4975   4.351208    35.0601        688     2.8625  0.000e+00
     84.253    15.4928   4.351195    35.0642        689     2.8667  0.000e+00
     84.382    15.4904   4.350892    35.0635        690     2.8708  0.000e+00
     84.520    15.4878   4.350766    35.0647        691     2.8750  0.000e+00
     84.664    15.4861   4.350839    35.0668        692     2.8792  0.000e+00
     84.804    15.4862   4.350641    35.0649        693     2.8833  0.000e+00
     84.950    15.4859   4.350542    35.0641        694     2.8875  0.000e+00
     85.095    15.4851   4.350516    35.0646        695     2.8917  0.000e+00
     85.233    15.4843   4.350450    35.0647        696     2.8958  0.000e+00
     85.372    15.4827   4.350417    35.0657        697     2.9000  0.000e+00
     85.506    15.4812   4.350371    35.0666        698     2.9042  0.000e+00
     85.643    15.4802   4.350166    35.0656        699     2.9083  0.000e+00
     85.772    15.4786   4.349559    35.0614        700     2.9125  0.000e+00
     85.893    15.4744   4.349493    35.0646        701     2.9167  0.000e+00
     86.008    15.4707   4.349268    35.0658        702     2.9208  0.000e+00
     86.119    15.4674   4.349117    35.0673        703     2.9250  0.000e+00
     86.230    15.4649   4.348985    35.0683        704     2.9292  0.000e+00
     86.347    15.4630   4.348892    35.0692        705     2.9333  0.000e+00
     86.450    15.4611   4.348892    35.0708        706     2.9375  0.000e+00
     86.550    15.4598   4.348892    35.0719        707     2.9417  0.000e+00
     86.649    15.4592   4.348853    35.0720        708     2.9458  0.000e+00
     86.746    15.4585   4.348820    35.0723        709     2.9500  0.000e+00
     86.845    15.4580   4.348767    35.0722        710     2.9542  0.000e+00
     86.945    15.4577   4.348767    35.0725        711     2.9583  0.000e+00
     87.041    15.4574   4.348853    35.0735        712     2.9625  0.000e+00
     87.132    15.4576   4.348992    35.0745        713     2.9667  0.000e+00
     87.220    15.4584   4.349018    35.0740        714     2.9708  0.000e+00
     87.315    15.4590   4.348767    35.0711        715     2.9750  0.000e+00
     87.416    15.4586   4.348701    35.0709        716     2.9792  0.000e+00
     87.508    15.4572   4.348642    35.0715        717     2.9833  0.000e+00
     87.606    15.4563   4.348642    35.0723        718     2.9875  0.000e+00
     87.703    15.4561   4.348893    35.0747        719     2.9917  0.000e+00
     87.804    15.4568   4.349012    35.0752        720     2.9958  0.000e+00
     87.914    15.4579   4.348919    35.0733        721     3.0000  0.000e+00
     88.027    15.4588   4.349019    35.0733        722     3.0042  0.000e+00
     88.151    15.4591   4.349144    35.0741        723     3.0083  0.000e+00
     88.271    15.4598   4.349197    35.0740        724     3.0125  0.000e+00
     88.400    15.4608   4.349296    35.0739        725     3.0167  0.000e+00
     88.526    15.4614   4.349270    35.0731        726     3.0208  0.000e+00
     88.670    15.4618   4.348992    35.0702        727     3.0250  0.000e+00
     88.810    15.4612   4.348827    35.0692        728     3.0292  0.000e+00
     88.959    15.4595   4.348768    35.0701        729     3.0333  0.000e+00
     89.099    15.4582   4.348696    35.0705        730     3.0375  0.000e+00
     89.250    15.4573   4.348597    35.0704        731     3.0417  0.000e+00
     89.401    15.4561   4.348517    35.0706        732     3.0458  0.000e+00
     89.548    15.4553   4.348517    35.0713        733     3.0500  0.000e+00
     89.692    15.4546   4.348498    35.0717        734     3.0542  0.000e+00
     89.831    15.4541   4.348491    35.0720        735     3.0583  0.000e+00
     89.967    15.4540   4.348498    35.0722        736     3.0625  0.000e+00
     90.102    15.4536   4.348472    35.0722        737     3.0667  0.000e+00
     90.231    15.4535   4.348544    35.0729        738     3.0708  0.000e+00
     90.360    15.4536   4.348518    35.0725        739     3.0750  0.000e+00
     90.483    15.4539   4.348419    35.0713        740     3.0792  0.000e+00
     90.596    15.4533   4.348049    35.0684        741     3.0833  0.000e+00
     90.698    15.4515   4.347699    35.0669        742     3.0875  0.000e+00
     90.795    15.4486   4.347601    35.0686        743     3.0917  0.000e+00
     90.890    15.4458   4.347594    35.0709        744     3.0958  0.000e+00
     90.975    15.4443   4.347594    35.0722        745     3.1000  0.000e+00
     90.953    15.4440   4.347594    35.0725        746     3.1042  0.000e+00
     90.883    15.4437   4.347554    35.0724        747     3.1083  0.000e+00
     90.747    15.4437   4.347475    35.0718        748     3.1125  0.000e+00
     90.619    15.4435   4.347548    35.0727        749     3.1167  0.000e+00
     90.515    15.4432   4.347495    35.0725        750     3.1208  0.000e+00
     90.429    15.4432   4.347528    35.0728        751     3.1250  0.000e+00
     90.335    15.4433   4.347673    35.0741        752     3.1292  0.000e+00
     90.238    15.4441   4.347845    35.0750        753     3.1333  0.000e+00
     90.148    15.4453   4.348168    35.0769        754     3.1375  0.000e+00
     90.064    15.4475   4.348307    35.0761        755     3.1417  0.000e+00
     89.987    15.4498   4.348023    35.0716        756     3.1458  0.000e+00
     89.917    15.4503   4.347943    35.0705        757     3.1500  0.000e+00
     89.850    15.4498   4.348128    35.0726        758     3.1542  0.000e+00
     89.794    15.4499   4.348194    35.0731        759     3.1583  0.000e+00
     89.733    15.4506   4.348247    35.0730        760     3.1625  0.000e+00
     89.667    15.4512   4.348320    35.0731        761     3.1667  0.000e+00
     89.584    15.4519   4.348412    35.0734        762     3.1708  0.000e+00
     89.507    15.4528   4.348399    35.0725        763     3.1750  0.000e+00
     89.435    15.4536   4.348372    35.0716        764     3.1792  0.000e+00
     89.365    15.4536   4.348418    35.0721        765     3.1833  0.000e+00
     89.306    15.4539   4.348465    35.0722        766     3.1875  0.000e+00
     89.247    15.4543   4.348517    35.0724        767     3.1917  0.000e+00
     89.184    15.4549   4.348445    35.0712        768     3.1958  0.000e+00
     89.123    15.4548   4.348346    35.0704        769     3.2000  0.000e+00
     89.063    15.4543   4.348253    35.0700        770     3.2042  0.000e+00
     89.006    15.4533   4.348293    35.0713        771     3.2083  0.000e+00
     88.954    15.4531   4.348319    35.0717        772     3.2125  0.000e+00
     88.894    15.4529   4.348319    35.0719        773     3.2167  0.000e+00
     88.840    15.4532   4.348280    35.0714        774     3.2208  0.000e+00
     88.778    15.4532   4.348273    35.0713        775     3.2250  0.000e+00
     88.709    15.4530   4.348167    35.0705        776     3.2292  0.000e+00
     88.637    15.4524   4.348022    35.0698        777     3.2333  0.000e+00
     88.560    15.4515   4.347916    35.0697        778     3.2375  0.000e+00
     88.478    15.4506   4.347969    35.0710        779     3.2417  0.000e+00
     88.384    15.4500   4.347996    35.0718        780     3.2458  0.000e+00
     88.284    15.4500   4.348220    35.0738        781     3.2500  0.000e+00
     88.172    15.4514   4.348306    35.0735        782     3.2542  0.000e+00
     88.046    15.4524   4.348695    35.0761        783     3.2583  0.000e+00
     87.915    15.4549   4.348794    35.0748        784     3.2625  0.000e+00
     87.779    15.4572   4.348847    35.0733        785     3.2667  0.000e+00
     87.631    15.4583   4.348781    35.0718        786     3.2708  0.000e+00
     87.475    15.4590   4.348794    35.0714        787     3.2750  0.000e+00
     87.312    15.4593   4.348820    35.0714        788     3.2792  0.000e+00
     87.135    15.4597   4.348827    35.0712        789     3.2833  0.000e+00
     86.963    15.4597   4.348767    35.0707        790     3.2875  0.000e+00
     86.780    15.4598   4.348767    35.0707        791     3.2917  0.000e+00
     86.586    15.4594   4.348892    35.0723        792     3.2958  0.000e+00
     86.392    15.4599   4.348879    35.0718        793     3.3000  0.000e+00
     86.207    15.4604   4.348945    35.0720        794     3.3042  0.000e+00
     86.018    15.4610   4.348991    35.0719        795     3.3083  0.000e+00
     85.824    15.4616   4.349044    35.0719        796     3.3125  0.000e+00
     85.639    15.4623   4.348958    35.0706        797     3.3167  0.000e+00
     85.459    15.4625   4.348991    35.0708        798     3.3208  0.000e+00
     85.278    15.4626   4.348918    35.0701        799     3.3250  0.000e+00
     85.109    15.4625   4.348971    35.0708        800     3.3292  0.000e+00
     84.942    15.4626   4.348958    35.0707        801     3.3333  0.000e+00
     84.766    15.4628   4.348918    35.0702        802     3.3375  0.000e+00
     84.602    15.4632   4.349017    35.0708        803     3.3417  0.000e+00
     84.432    15.4651   4.349169    35.0705        804     3.3458  0.000e+00
     84.268    15.4690   4.349479    35.0699        805     3.3500  0.000e+00
     84.112    15.4743   4.349716    35.0674        806     3.3542  0.000e+00
     83.963    15.4819   4.349617    35.0598        807     3.3583  0.000e+00
     83.819    15.4882   4.350066    35.0583        808     3.3625  0.000e+00
     83.677    15.4982   4.350449    35.0528        809     3.3667  0.000e+00
     83.537    15.5067   4.350944    35.0498        810     3.3708  0.000e+00
     83.406    15.5221   4.350316    35.0305        811     3.3750  0.000e+00
     83.273    15.5397   4.350514    35.0166        812     3.3792  0.000e+00
     83.129    15.5451   4.350032    35.0076        813     3.3833  0.000e+00
     82.994    15.5504   4.349616    34.9991        814     3.3875  0.000e+00
     82.852    15.5564   4.349563    34.9934        815     3.3917  0.000e+00
     82.709    15.5622   4.349840    34.9908        816     3.3958  0.000e+00
     82.565    15.5687   4.350236    34.9887        817     3.4000  0.000e+00
     82.412    15.5767   4.350289    34.9821        818     3.4042  0.000e+00
     82.251    15.5834   4.351015    34.9828        819     3.4083  0.000e+00
     82.087    15.5895   4.351213    34.9792        820     3.4125  0.000e+00
     81.911    15.5944   4.351411    34.9766        821     3.4167  0.000e+00
     81.726    15.5981   4.351794    34.9769        822     3.4208  0.000e+00
     81.532    15.6014   4.351939    34.9754        823     3.4250  0.000e+00
     81.322    15.6042   4.352388    34.9770        824     3.4292  0.000e+00
     81.099    15.6075   4.353477    34.9839        825     3.4333  0.000e+00
     80.941    15.6131   4.353840    34.9823        826     3.4375  0.000e+00
     80.754    15.6186   4.353919    34.9782        827     3.4417  0.000e+00
     80.596    15.6221   4.354065    34.9765        828     3.4458  0.000e+00
     80.431    15.6247   4.354236    34.9758        829     3.4500  0.000e+00
     80.244    15.6263   4.354441    34.9762        830     3.4542  0.000e+00
