PC2406/sbe006.cnv
* Sea-Bird SBE 19plus V2 Data File:
* FileName = C:\cruise\data\sbe006.hex
* Software Version Seasave V 7.26.7.121
* Temperature SN = 7142
* Conductivity SN = 7142
* System UpLoad Time = Oct 27 2024 23:40:56
* NMEA Latitude = 40 58.82 N
* NMEA Longitude = 070 30.02 W
* NMEA UTC (Time) = Oct 27 2024  23:40:54
** Ship: Pisces
** Cruise:  PC2406
** Program:  Fall ECOMON
# nquan = 7
# nvalues = 1220                                  
# units = specified
# name 0 = depSM: Depth [salt water, m]
# name 1 = tv290C: Temperature [ITS-90, deg C]
# name 2 = c0S/m: Conductivity [S/m]
# name 3 = sal00: Salinity, Practical [PSU]
# name 4 = scan: Scan Count
# name 5 = timeM: Time, Elapsed [minutes]
# name 6 = flag:  0.000e+00
# span 0 =      0.086,     41.913                 
# span 1 =    10.5906,    16.0124                 
# span 2 =   0.000014,   4.113553                 
# span 3 =     0.0054,    32.5612                 
# span 4 =         11,       1230                 
# span 5 =     0.0417,     5.1208                 
# span 6 = 0.0000e+00, 0.0000e+00                 
# interval = seconds: 0.25
# start_time = Oct 27 2024 23:40:54 [NMEA time, header]
# bad_flag = -9.990e-29
*END*
[from data line 616]
     29.139    15.5833   4.032664    32.1555        627     2.6083  0.000e+00
     29.085    15.5787   4.031833    32.1519        628     2.6125  0.000e+00
     29.040    15.5733   4.031449    32.1529        629     2.6167  0.000e+00
     28.993    15.5689   4.031353    32.1556        630     2.6208  0.000e+00
     28.947    15.5655   4.030739    32.1530        631     2.6250  0.000e+00
     28.895    15.5622   4.029664    32.1461        632     2.6292  0.000e+00
     28.846    15.5570   4.028711    32.1419        633     2.6333  0.000e+00
     28.794    15.5508   4.028263    32.1430        634     2.6375  0.000e+00
     28.740    15.5452   4.028263    32.1475        635     2.6417  0.000e+00
     28.688    15.5420   4.028430    32.1517        636     2.6458  0.000e+00
     28.625    15.5412   4.028359    32.1518        637     2.6500  0.000e+00
     28.571    15.5407   4.028283    32.1515        638     2.6542  0.000e+00
     28.507    15.5404   4.028097    32.1501        639     2.6583  0.000e+00
     28.453    15.5394   4.027835    32.1486        640     2.6625  0.000e+00
     28.399    15.5379   4.027669    32.1483        641     2.6667  0.000e+00
     28.347    15.5365   4.027643    32.1493        642     2.6708  0.000e+00
     28.293    15.5355   4.027669    32.1504        643     2.6750  0.000e+00
     28.239    15.5353   4.027547    32.1495        644     2.6792  0.000e+00
     28.182    15.5346   4.027477    32.1495        645     2.6833  0.000e+00
     28.130    15.5340   4.027522    32.1503        646     2.6875  0.000e+00
     28.078    15.5339   4.027426    32.1496        647     2.6917  0.000e+00
     28.024    15.5335   4.027406    32.1498        648     2.6958  0.000e+00
     27.968    15.5331   4.027336    32.1495        649     2.7000  0.000e+00
     27.918    15.5328   4.027355    32.1499        650     2.7042  0.000e+00
     27.857    15.5326   4.027336    32.1499        651     2.7083  0.000e+00
     27.794    15.5324   4.027214    32.1490        652     2.7125  0.000e+00
     27.727    15.5322   4.027214    32.1492        653     2.7167  0.000e+00
     27.654    15.5317   4.027189    32.1494        654     2.7208  0.000e+00
     27.580    15.5318   4.027310    32.1505        655     2.7250  0.000e+00
     27.498    15.5319   4.027336    32.1507        656     2.7292  0.000e+00
     27.420    15.5322   4.026907    32.1466        657     2.7333  0.000e+00
     27.341    15.5311   4.026332    32.1424        658     2.7375  0.000e+00
     27.257    15.5286   4.026050    32.1420        659     2.7417  0.000e+00
     27.181    15.5262   4.025903    32.1426        660     2.7458  0.000e+00
     27.106    15.5241   4.025763    32.1431        661     2.7500  0.000e+00
     27.032    15.5225   4.025596    32.1430        662     2.7542  0.000e+00
     26.964    15.5213   4.025552    32.1436        663     2.7583  0.000e+00
     26.901    15.5204   4.025500    32.1440        664     2.7625  0.000e+00
     26.849    15.5197   4.025526    32.1447        665     2.7667  0.000e+00
     26.797    15.5195   4.025571    32.1453        666     2.7708  0.000e+00
     26.752    15.5199   4.025692    32.1461        667     2.7750  0.000e+00
     26.711    15.5204   4.025833    32.1470        668     2.7792  0.000e+00
     26.668    15.5215   4.025954    32.1471        669     2.7833  0.000e+00
     26.628    15.5228   4.025954    32.1461        670     2.7875  0.000e+00
     26.591    15.5237   4.025929    32.1451        671     2.7917  0.000e+00
     26.548    15.5241   4.025929    32.1448        672     2.7958  0.000e+00
     26.510    15.5243   4.025980    32.1452        673     2.8000  0.000e+00
     26.461    15.5245   4.025954    32.1448        674     2.8042  0.000e+00
     26.411    15.5244   4.025980    32.1451        675     2.8083  0.000e+00
     26.361    15.5244   4.026050    32.1457        676     2.8125  0.000e+00
     26.303    15.5247   4.026095    32.1459        677     2.8167  0.000e+00
     26.242    15.5251   4.026120    32.1458        678     2.8208  0.000e+00
     26.179    15.5255   4.026146    32.1458        679     2.8250  0.000e+00
     26.120    15.5256   4.026120    32.1455        680     2.8292  0.000e+00
     26.057    15.5260   4.026120    32.1452        681     2.8333  0.000e+00
     25.984    15.5258   4.026024    32.1445        682     2.8375  0.000e+00
     25.923    15.5258   4.026050    32.1447        683     2.8417  0.000e+00
     25.854    15.5255   4.026050    32.1450        684     2.8458  0.000e+00
     25.793    15.5256   4.025980    32.1443        685     2.8500  0.000e+00
     25.721    15.5251   4.025884    32.1439        686     2.8542  0.000e+00
     25.650    15.5247   4.025813    32.1436        687     2.8583  0.000e+00
     25.585    15.5245   4.025832    32.1440        688     2.8625  0.000e+00
     25.520    15.5241   4.025736    32.1435        689     2.8667  0.000e+00
     25.452    15.5241   4.025692    32.1431        690     2.8708  0.000e+00
     25.382    15.5236   4.025692    32.1436        691     2.8750  0.000e+00
     25.310    15.5236   4.025717    32.1439        692     2.8792  0.000e+00
     25.246    15.5232   4.025736    32.1444        693     2.8833  0.000e+00
     25.165    15.5235   4.025736    32.1441        694     2.8875  0.000e+00
     25.096    15.5236   4.025551    32.1424        695     2.8917  0.000e+00
     25.026    15.5235   4.025333    32.1406        696     2.8958  0.000e+00
     24.951    15.5227   4.024777    32.1363        697     2.9000  0.000e+00
     24.883    15.5204   4.024291    32.1339        698     2.9042  0.000e+00
     24.818    15.5176   4.023863    32.1324        699     2.9083  0.000e+00
     24.750    15.5145   4.023364    32.1305        700     2.9125  0.000e+00
     24.685    15.5111   4.023077    32.1308        701     2.9167  0.000e+00
     24.621    15.5080   4.022770    32.1306        702     2.9208  0.000e+00
     24.552    15.5054   4.022124    32.1270        703     2.9250  0.000e+00
     24.493    15.5021   4.022457    32.1327        704     2.9292  0.000e+00
     24.429    15.5006   4.022150    32.1312        705     2.9333  0.000e+00
     24.368    15.4994   4.021862    32.1296        706     2.9375  0.000e+00
     24.301    15.4976   4.021440    32.1273        707     2.9417  0.000e+00
     24.242    15.4954   4.021178    32.1268        708     2.9458  0.000e+00
     24.181    15.4929   4.020322    32.1213        709     2.9500  0.000e+00
     24.118    15.4889   4.018801    32.1110        710     2.9542  0.000e+00
     24.055    15.4816   4.017121    32.1020        711     2.9583  0.000e+00
     23.994    15.4727   4.016386    32.1028        712     2.9625  0.000e+00
     23.928    15.4641   4.015907    32.1055        713     2.9667  0.000e+00
     23.866    15.4579   4.015007    32.1026        714     2.9708  0.000e+00
     23.811    15.4519   4.014438    32.1024        715     2.9750  0.000e+00
     23.750    15.4464   4.014253    32.1052        716     2.9792  0.000e+00
     23.699    15.4428   4.014062    32.1065        717     2.9833  0.000e+00
     23.649    15.4402   4.013825    32.1066        718     2.9875  0.000e+00
     23.597    15.4382   4.013468    32.1050        719     2.9917  0.000e+00
     23.543    15.4357   4.013231    32.1049        720     2.9958  0.000e+00
     23.497    15.4339   4.013110    32.1054        721     3.0000  0.000e+00
     23.455    15.4323   4.013065    32.1063        722     3.0042  0.000e+00
     23.414    15.4312   4.013021    32.1068        723     3.0083  0.000e+00
     23.374    15.4306   4.013021    32.1073        724     3.0125  0.000e+00
     23.329    15.4302   4.013040    32.1078        725     3.0167  0.000e+00
     23.285    15.4302   4.012995    32.1075        726     3.0208  0.000e+00
     23.234    15.4299   4.012708    32.1052        727     3.0250  0.000e+00
     23.188    15.4292   4.012471    32.1036        728     3.0292  0.000e+00
     23.128    15.4278   4.012286    32.1031        729     3.0333  0.000e+00
     23.071    15.4267   4.012216    32.1034        730     3.0375  0.000e+00
     23.010    15.4256   4.012120    32.1035        731     3.0417  0.000e+00
     22.949    15.4252   4.012024    32.1030        732     3.0458  0.000e+00
     22.888    15.4248   4.011903    32.1023        733     3.0500  0.000e+00
     22.825    15.4245   4.011954    32.1030        734     3.0542  0.000e+00
     22.762    15.4247   4.012069    32.1039        735     3.0583  0.000e+00
     22.692    15.4252   4.012165    32.1044        736     3.0625  0.000e+00
     22.622    15.4263   4.012286    32.1046        737     3.0667  0.000e+00
     22.556    15.4269   4.012139    32.1028        738     3.0708  0.000e+00
     22.493    15.4273   4.011648    32.0981        739     3.0750  0.000e+00
     22.426    15.4261   4.011430    32.0972        740     3.0792  0.000e+00
     22.363    15.4246   4.011149    32.0959        741     3.0833  0.000e+00
     22.302    15.4226   4.010913    32.0955        742     3.0875  0.000e+00
     22.243    15.4209   4.010652    32.0946        743     3.0917  0.000e+00
     22.187    15.4191   4.010696    32.0964        744     3.0958  0.000e+00
     22.130    15.4185   4.010747    32.0974        745     3.1000  0.000e+00
     22.078    15.4186   4.010760    32.0974        746     3.1042  0.000e+00
     22.024    15.4189   4.010677    32.0965        747     3.1083  0.000e+00
     21.967    15.4191   4.010600    32.0956        748     3.1125  0.000e+00
     21.913    15.4192   4.010600    32.0956        749     3.1167  0.000e+00
     21.859    15.4194   4.010530    32.0948        750     3.1208  0.000e+00
     21.805    15.4192   4.010434    32.0941        751     3.1250  0.000e+00
     21.749    15.4192   4.010415    32.0940        752     3.1292  0.000e+00
     21.692    15.4187   4.010390    32.0942        753     3.1333  0.000e+00
     21.640    15.4187   4.010390    32.0942        754     3.1375  0.000e+00
     21.582    15.4186   4.010319    32.0937        755     3.1417  0.000e+00
     21.525    15.4184   4.010224    32.0930        756     3.1458  0.000e+00
     21.475    15.4180   4.010249    32.0936        757     3.1500  0.000e+00
     21.424    15.4178   4.010153    32.0929        758     3.1542  0.000e+00
     21.372    15.4173   4.010083    32.0927        759     3.1583  0.000e+00
     21.324    15.4169   4.010109    32.0933        760     3.1625  0.000e+00
     21.277    15.4166   4.009962    32.0922        761     3.1667  0.000e+00
     21.225    15.4161   4.009943    32.0925        762     3.1708  0.000e+00
     21.171    15.4158   4.009866    32.0920        763     3.1750  0.000e+00
     21.112    15.4153   4.009821    32.0921        764     3.1792  0.000e+00
     21.056    15.4150   4.009617    32.0906        765     3.1833  0.000e+00
     21.004    15.4140   4.009464    32.0900        766     3.1875  0.000e+00
     20.950    15.4131   4.009349    32.0897        767     3.1917  0.000e+00
     20.894    15.4120   4.009393    32.0910        768     3.1958  0.000e+00
     20.848    15.4116   4.009298    32.0905        769     3.2000  0.000e+00
     20.790    15.4110   4.009253    32.0907        770     3.2042  0.000e+00
     20.745    15.4106   4.009183    32.0904        771     3.2083  0.000e+00
     20.699    15.4102   4.009042    32.0895        772     3.2125  0.000e+00
     20.654    15.4094   4.008972    32.0895        773     3.2167  0.000e+00
     20.609    15.4089   4.008876    32.0891        774     3.2208  0.000e+00
     20.568    15.4081   4.008806    32.0891        775     3.2250  0.000e+00
     20.521    15.4078   4.008736    32.0888        776     3.2292  0.000e+00
     20.485    15.4070   4.008544    32.0877        777     3.2333  0.000e+00
     20.442    15.4065   4.008283    32.0858        778     3.2375  0.000e+00
     20.395    15.4049   4.008091    32.0854        779     3.2417  0.000e+00
     20.352    15.4038   4.007951    32.0851        780     3.2458  0.000e+00
     20.307    15.4025   4.007644    32.0834        781     3.2500  0.000e+00
     20.261    15.4011   4.007364    32.0821        782     3.2542  0.000e+00
     20.210    15.3992   4.007166    32.0819        783     3.2583  0.000e+00
     20.160    15.3973   4.007076    32.0826        784     3.2625  0.000e+00
     20.104    15.3962   4.007006    32.0829        785     3.2667  0.000e+00
     20.054    15.3951   4.006936    32.0832        786     3.2708  0.000e+00
     19.998    15.3947   4.006910    32.0833        787     3.2750  0.000e+00
     19.950    15.3942   4.006891    32.0836        788     3.2792  0.000e+00
     19.900    15.3940   4.006866    32.0835        789     3.2833  0.000e+00
     19.849    15.3936   4.006891    32.0842        790     3.2875  0.000e+00
     19.797    15.3940   4.006910    32.0840        791     3.2917  0.000e+00
     19.738    15.3940   4.006840    32.0834        792     3.2958  0.000e+00
     19.686    15.3941   4.006840    32.0833        793     3.3000  0.000e+00
     19.634    15.3939   4.006815    32.0833        794     3.3042  0.000e+00
     19.582    15.3942   4.006744    32.0824        795     3.3083  0.000e+00
     19.528    15.3941   4.006489    32.0802        796     3.3125  0.000e+00
     19.474    15.3939   4.006489    32.0805        797     3.3167  0.000e+00
     19.417    15.3936   4.006629    32.0819        798     3.3208  0.000e+00
     19.364    15.3935   4.006546    32.0813        799     3.3250  0.000e+00
     19.303    15.3936   4.006412    32.0801        800     3.3292  0.000e+00
     19.250    15.3933   4.006393    32.0801        801     3.3333  0.000e+00
     19.190    15.3929   4.006132    32.0782        802     3.3375  0.000e+00
     19.133    15.3923   4.005825    32.0759        803     3.3417  0.000e+00
     19.072    15.3915   4.005921    32.0775        804     3.3458  0.000e+00
     19.016    15.3908   4.005774    32.0768        805     3.3500  0.000e+00
     18.964    15.3903   4.005538    32.0751        806     3.3542  0.000e+00
     18.905    15.3897   4.005449    32.0748        807     3.3583  0.000e+00
     18.854    15.3892   4.005283    32.0737        808     3.3625  0.000e+00
     18.799    15.3886   4.005213    32.0737        809     3.3667  0.000e+00
     18.748    15.3883   4.004760    32.0699        810     3.3708  0.000e+00
     18.702    15.3874   4.004760    32.0706        811     3.3750  0.000e+00
     18.655    15.3868   4.004664    32.0703        812     3.3792  0.000e+00
     18.612    15.3864   4.004664    32.0706        813     3.3833  0.000e+00
     18.565    15.3861   4.004664    32.0709        814     3.3875  0.000e+00
     18.526    15.3863   4.004364    32.0680        815     3.3917  0.000e+00
     18.486    15.3857   4.004077    32.0660        816     3.3958  0.000e+00
     18.452    15.3852   4.003936    32.0651        817     3.4000  0.000e+00
     18.409    15.3846   4.003885    32.0652        818     3.4042  0.000e+00
     18.370    15.3840   4.003885    32.0657        819     3.4083  0.000e+00
     18.336    15.3829   4.002610    32.0552        820     3.4125  0.000e+00
     18.298    15.3804   4.000792    32.0411        821     3.4167  0.000e+00
     18.258    15.3749   3.999899    32.0376        822     3.4208  0.000e+00
     18.219    15.3701   4.000441    32.0463        823     3.4250  0.000e+00
     18.179    15.3676   4.001028    32.0536        824     3.4292  0.000e+00
     18.138    15.3682   4.001404    32.0565        825     3.4333  0.000e+00
     18.091    15.3692   4.001168    32.0536        826     3.4375  0.000e+00
     18.039    15.3696   4.000887    32.0508        827     3.4417  0.000e+00
     17.993    15.3693   4.001149    32.0534        828     3.4458  0.000e+00
     17.944    15.3693   3.999446    32.0382        829     3.4500  0.000e+00
     17.892    15.3672   4.000677    32.0509        830     3.4542  0.000e+00
