PC2406/sbe034.cnv
* Sea-Bird SBE 19plus V2 Data File:
* FileName = C:\cruise\data\sbe034.hex
* Software Version Seasave V 7.26.7.121
* Temperature SN = 7142
* Conductivity SN = 7142
* System UpLoad Time = Nov 07 2024 00:32:38
* NMEA Latitude = 36 18.98 N
* NMEA Longitude = 075 43.50 W
* NMEA UTC (Time) = Nov 07 2024  00:32:30
** Ship: Pisces
** Cruise:  PC2406
** Program:  Fall ECOMON
# nquan = 7
# nvalues = 1034                                  
# units = specified
# name 0 = depSM: Depth [salt water, m]
# name 1 = tv290C: Temperature [ITS-90, deg C]
# name 2 = c0S/m: Conductivity [S/m]
# name 3 = sal00: Salinity, Practical [PSU]
# name 4 = scan: Scan Count
# name 5 = timeM: Time, Elapsed [minutes]
# name 6 = flag:  0.000e+00
# span 0 =      0.045,     14.418                 
# span 1 =    18.6707,    19.9819                 
# span 2 =   0.000019,   4.299212                 
# span 3 =     0.0100,    31.9954                 
# span 4 =         11,       1044                 
# span 5 =     0.0417,     4.3458                 
# span 6 = 0.0000e+00, 0.0000e+00                 
# interval = seconds: 0.25
# start_time = Nov 07 2024 00:32:30 [NMEA time, header]
# bad_flag = -9.990e-29
*END*
[from data line 821]
      2.791    18.8545   4.138413    30.5332        832     3.4625  0.000e+00
      2.804    18.8519   4.138781    30.5382        833     3.4667  0.000e+00
      2.820    18.8522   4.139965    30.5477        834     3.4708  0.000e+00
      2.816    18.8632   4.139027    30.5318        835     3.4750  0.000e+00
      2.807    18.8613   4.138639    30.5301        836     3.4792  0.000e+00
      2.791    18.8518   4.138490    30.5358        837     3.4833  0.000e+00
      2.768    18.8437   4.138949    30.5456        838     3.4875  0.000e+00
      2.748    18.8431   4.139376    30.5496        839     3.4917  0.000e+00
      2.718    18.8533   4.138982    30.5388        840     3.4958  0.000e+00
      2.680    18.8559   4.139105    30.5380        841     3.5000  0.000e+00
      2.639    18.8575   4.140359    30.5471        842     3.5042  0.000e+00
      2.599    18.8755   4.140579    30.5357        843     3.5083  0.000e+00
      2.558    18.8910   4.141491    30.5318        844     3.5125  0.000e+00
      2.516    18.9101   4.142131    30.5229        845     3.5167  0.000e+00
      2.470    18.9251   4.141704    30.5084        846     3.5208  0.000e+00
      2.432    18.9350   4.141535    30.4998        847     3.5250  0.000e+00
      2.396    18.9382   4.141147    30.4943        848     3.5292  0.000e+00
      2.355    18.9375   4.142034    30.5020        849     3.5333  0.000e+00
      2.313    18.9420   4.141561    30.4948        850     3.5375  0.000e+00
      2.261    18.9441   4.142693    30.5027        851     3.5417  0.000e+00
      2.211    18.9499   4.142745    30.4988        852     3.5458  0.000e+00
      2.164    18.9561   4.142764    30.4944        853     3.5500  0.000e+00
      2.132    18.9585   4.143088    30.4953        854     3.5542  0.000e+00
      2.109    18.9613   4.143308    30.4951        855     3.5583  0.000e+00
      2.105    18.9651   4.143676    30.4953        856     3.5625  0.000e+00
      2.110    18.9699   4.143210    30.4880        857     3.5667  0.000e+00
      2.119    18.9689   4.144492    30.4993        858     3.5708  0.000e+00
      2.132    18.9758   4.144938    30.4978        859     3.5750  0.000e+00
      2.148    18.9843   4.144692    30.4895        860     3.5792  0.000e+00
      2.163    18.9883   4.144718    30.4868        861     3.5833  0.000e+00
      2.164    18.9900   4.144297    30.4821        862     3.5875  0.000e+00
      2.159    18.9876   4.143928    30.4809        863     3.5917  0.000e+00
      2.141    18.9829   4.143534    30.4811        864     3.5958  0.000e+00
      2.109    18.9768   4.144362    30.4924        865     3.6000  0.000e+00
      2.080    18.9771   4.143929    30.4886        866     3.6042  0.000e+00
      2.075    18.9768   4.143385    30.4844        867     3.6083  0.000e+00
      2.080    18.9721   4.142576    30.4812        868     3.6125  0.000e+00
      2.091    18.9635   4.143165    30.4923        869     3.6167  0.000e+00
      2.110    18.9603   4.143288    30.4957        870     3.6208  0.000e+00
      2.134    18.9610   4.143262    30.4949        871     3.6250  0.000e+00
      2.148    18.9616   4.143230    30.4942        872     3.6292  0.000e+00
      2.163    18.9628   4.142939    30.4910        873     3.6333  0.000e+00
      2.168    18.9610   4.142473    30.4884        874     3.6375  0.000e+00
      2.154    18.9564   4.142525    30.4922        875     3.6417  0.000e+00
      2.139    18.9548   4.142363    30.4921        876     3.6458  0.000e+00
      2.110    18.9551   4.141981    30.4888        877     3.6500  0.000e+00
      2.084    18.9527   4.142525    30.4950        878     3.6542  0.000e+00
      2.051    18.9537   4.143165    30.4995        879     3.6583  0.000e+00
      2.017    18.9577   4.144201    30.5051        880     3.6625  0.000e+00
      1.985    18.9674   4.145184    30.5060        881     3.6667  0.000e+00
      1.947    18.9794   4.144912    30.4950        882     3.6708  0.000e+00
      1.908    18.9865   4.146536    30.5031        883     3.6750  0.000e+00
      1.854    18.9983   4.147287    30.5006        884     3.6792  0.000e+00
      1.807    19.0126   4.147352    30.4907        885     3.6833  0.000e+00
      1.771    19.0211   4.149054    30.4984        886     3.6875  0.000e+00
      1.746    19.0370   4.150873    30.5017        887     3.6917  0.000e+00
      1.721    19.0602   4.150556    30.4820        888     3.6958  0.000e+00
      1.710    19.0748   4.150652    30.4722        889     3.7000  0.000e+00
      1.697    19.0825   4.149843    30.4599        890     3.7042  0.000e+00
      1.685    19.0810   4.149383    30.4572        891     3.7083  0.000e+00
      1.660    19.0747   4.148289    30.4529        892     3.7125  0.000e+00
      1.642    19.0654   4.149914    30.4730        893     3.7167  0.000e+00
      1.626    19.0663   4.150614    30.4780        894     3.7208  0.000e+00
      1.620    19.0760   4.150089    30.4667        895     3.7250  0.000e+00
      1.604    19.0815   4.150309    30.4645        896     3.7292  0.000e+00
      1.595    19.0846   4.151643    30.4731        897     3.7333  0.000e+00
      1.570    19.0942   4.151649    30.4662        898     3.7375  0.000e+00
      1.563    19.1010   4.149888    30.4468        899     3.7417  0.000e+00
      1.548    19.0941   4.147176    30.4296        900     3.7458  0.000e+00
      1.534    19.0693   4.148140    30.4556        901     3.7500  0.000e+00
      1.523    19.0568   4.148963    30.4716        902     3.7542  0.000e+00
      1.514    19.0585   4.150089    30.4796        903     3.7583  0.000e+00
      1.503    19.0680   4.151468    30.4838        904     3.7625  0.000e+00
      1.494    19.0828   4.149901    30.4602        905     3.7667  0.000e+00
      1.476    19.0843   4.151170    30.4695        906     3.7708  0.000e+00
      1.459    19.0875   4.150212    30.4593        907     3.7750  0.000e+00
      1.453    19.0872   4.150704    30.4635        908     3.7792  0.000e+00
      1.460    19.0871   4.150257    30.4600        909     3.7833  0.000e+00
      1.478    19.0853   4.149325    30.4537        910     3.7875  0.000e+00
      1.505    19.0778   4.149467    30.4603        911     3.7917  0.000e+00
      1.521    19.0726   4.149927    30.4679        912     3.7958  0.000e+00
      1.541    19.0732   4.150283    30.4703        913     3.8000  0.000e+00
      1.556    19.0772   4.151941    30.4809        914     3.8042  0.000e+00
      1.559    19.0888   4.154110    30.4902        915     3.8083  0.000e+00
      1.554    19.1114   4.154298    30.4752        916     3.8125  0.000e+00
      1.530    19.1301   4.154181    30.4606        917     3.8167  0.000e+00
      1.509    19.1388   4.155269    30.4631        918     3.8208  0.000e+00
      1.493    19.1477   4.155450    30.4580        919     3.8250  0.000e+00
      1.476    19.1562   4.155101    30.4490        920     3.8292  0.000e+00
      1.469    19.1587   4.154258    30.4403        921     3.8333  0.000e+00
      1.462    19.1539   4.153766    30.4397        922     3.8375  0.000e+00
      1.442    19.1467   4.153896    30.4461        923     3.8417  0.000e+00
      1.408    19.1424   4.153786    30.4484        924     3.8458  0.000e+00
      1.365    19.1404   4.153643    30.4487        925     3.8500  0.000e+00
      1.324    19.1400   4.154012    30.4520        926     3.8542  0.000e+00
      1.284    19.1404   4.154110    30.4525        927     3.8583  0.000e+00
      1.252    19.1410   4.154284    30.4535        928     3.8625  0.000e+00
      1.205    19.1425   4.153144    30.4431        929     3.8667  0.000e+00
      1.150    19.1387   4.156234    30.4712        930     3.8708  0.000e+00
      1.099    19.1493   4.156163    30.4628        931     3.8750  0.000e+00
      1.038    19.1616   4.156260    30.4547        932     3.8792  0.000e+00
      0.979    19.1683   4.156117    30.4486        933     3.8833  0.000e+00
      0.932    19.1713   4.155910    30.4448        934     3.8875  0.000e+00
      0.904    19.1708   4.155936    30.4453        935     3.8917  0.000e+00
      0.887    19.1706   4.156111    30.4469        936     3.8958  0.000e+00
      0.887    19.1716   4.155975    30.4450        937     3.9000  0.000e+00
      0.902    19.1716   4.156014    30.4454        938     3.9042  0.000e+00
      0.932    19.1716   4.155962    30.4449        939     3.9083  0.000e+00
      0.966    19.1716   4.156020    30.4454        940     3.9125  0.000e+00
      1.004    19.1710   4.155690    30.4431        941     3.9167  0.000e+00
      1.067    19.1693   4.155541    30.4431        942     3.9208  0.000e+00
      1.124    19.1676   4.155690    30.4456        943     3.9250  0.000e+00
      1.173    19.1670   4.156409    30.4519        944     3.9292  0.000e+00
      1.216    19.1701   4.156655    30.4516        945     3.9333  0.000e+00
      1.256    19.1743   4.156998    30.4513        946     3.9375  0.000e+00
      1.275    19.1781   4.156655    30.4457        947     3.9417  0.000e+00
      1.256    19.1792   4.157050    30.4482        948     3.9458  0.000e+00
      1.189    19.1795   4.156998    30.4475        949     3.9500  0.000e+00
      1.117    19.1809   4.157601    30.4515        950     3.9542  0.000e+00
      1.049    19.1841   4.157542    30.4487        951     3.9583  0.000e+00
      0.983    19.1868   4.157471    30.4461        952     3.9625  0.000e+00
      0.923    19.1877   4.157225    30.4435        953     3.9667  0.000e+00
      0.887    19.1866   4.157348    30.4453        954     3.9708  0.000e+00
      0.850    19.1855   4.157024    30.4435        955     3.9750  0.000e+00
      0.826    19.1843   4.157419    30.4476        956     3.9792  0.000e+00
      0.805    19.1851   4.156324    30.4381        957     3.9833  0.000e+00
      0.794    19.1817   4.156532    30.4423        958     3.9875  0.000e+00
      0.781    19.1786   4.155592    30.4368        959     3.9917  0.000e+00
      0.767    19.1746   4.156467    30.4469        960     3.9958  0.000e+00
      0.749    19.1738   4.156383    30.4469        961     4.0000  0.000e+00
      0.742    19.1752   4.156409    30.4460        962     4.0042  0.000e+00
      0.758    19.1760   4.156454    30.4458        963     4.0083  0.000e+00
      0.774    19.1764   4.156564    30.4464        964     4.0125  0.000e+00
      0.789    19.1771   4.156409    30.4446        965     4.0167  0.000e+00
      0.819    19.1770   4.156629    30.4464        966     4.0208  0.000e+00
      0.862    19.1774   4.156707    30.4468        967     4.0250  0.000e+00
      0.914    19.1785   4.156752    30.4464        968     4.0292  0.000e+00
      0.952    19.1793   4.156707    30.4453        969     4.0333  0.000e+00
      0.999    19.1799   4.156020    30.4393        970     4.0375  0.000e+00
      1.033    19.1772   4.155372    30.4360        971     4.0417  0.000e+00
      1.058    19.1723   4.155048    30.4369        972     4.0458  0.000e+00
      1.085    19.1679   4.154582    30.4363        973     4.0500  0.000e+00
      1.098    19.1637   4.154342    30.4374        974     4.0542  0.000e+00
      1.099    19.1597   4.154012    30.4376        975     4.0583  0.000e+00
      1.080    19.1560   4.152872    30.4311        976     4.0625  0.000e+00
      1.058    19.1492   4.151888    30.4280        977     4.0667  0.000e+00
      0.992    19.1391   4.152309    30.4388        978     4.0708  0.000e+00
      0.884    19.1329   4.152581    30.4456        979     4.0750  0.000e+00
      0.801    19.1323   4.154259    30.4598        980     4.0792  0.000e+00
      0.710    19.1398   4.154744    30.4583        981     4.0833  0.000e+00
      0.627    19.1491   4.155495    30.4577        982     4.0875  0.000e+00
      0.571    19.1578   4.155418    30.4507        983     4.0917  0.000e+00
      0.530    19.1632   4.155618    30.4484        984     4.0958  0.000e+00
      0.499    19.1665   4.155864    30.4480        985     4.1000  0.000e+00
      0.469    19.1691   4.155890    30.4463        986     4.1042  0.000e+00
      0.482    19.1710   4.156059    30.4463        987     4.1083  0.000e+00
      0.508    19.1726   4.155761    30.4427        988     4.1125  0.000e+00
      0.541    19.1726   4.155741    30.4425        989     4.1167  0.000e+00
      0.561    19.1715   4.156331    30.4481        990     4.1208  0.000e+00
      0.573    19.1737   4.156324    30.4465        991     4.1250  0.000e+00
      0.593    19.1755   4.156409    30.4458        992     4.1292  0.000e+00
      0.620    19.1769   4.156506    30.4456        993     4.1333  0.000e+00
      0.666    19.1777   4.156311    30.4434        994     4.1375  0.000e+00
      0.708    19.1777   4.156117    30.4418        995     4.1417  0.000e+00
      0.742    19.1767   4.155962    30.4413        996     4.1458  0.000e+00
      0.769    19.1750   4.155988    30.4427        997     4.1500  0.000e+00
      0.805    19.1742   4.156020    30.4436        998     4.1542  0.000e+00
      0.846    19.1734   4.156137    30.4451        999     4.1583  0.000e+00
      0.882    19.1738   4.155566    30.4402       1000     4.1625  0.000e+00
      0.891    19.1715   4.154698    30.4347       1001     4.1667  0.000e+00
      0.896    19.1651   4.155515    30.4460       1002     4.1708  0.000e+00
      0.895    19.1646   4.154873    30.4412       1003     4.1750  0.000e+00
      0.859    19.1640   4.156726    30.4568       1004     4.1792  0.000e+00
      0.816    19.1675   4.156849    30.4552       1005     4.1833  0.000e+00
      0.756    19.1747   4.156454    30.4467       1006     4.1875  0.000e+00
      0.684    19.1774   4.156162    30.4424       1007     4.1917  0.000e+00
      0.634    19.1768   4.156396    30.4448       1008     4.1958  0.000e+00
      0.607    19.1767   4.156707    30.4474       1009     4.2000  0.000e+00
      0.577    19.1782   4.156629    30.4457       1010     4.2042  0.000e+00
      0.559    19.1796   4.156726    30.4454       1011     4.2083  0.000e+00
      0.578    19.1805   4.156564    30.4435       1012     4.2125  0.000e+00
      0.598    19.1801   4.156285    30.4414       1013     4.2167  0.000e+00
      0.607    19.1791   4.157076    30.4487       1014     4.2208  0.000e+00
      0.611    19.1809   4.156849    30.4455       1015     4.2250  0.000e+00
      0.605    19.1823   4.157173    30.4471       1016     4.2292  0.000e+00
      0.595    19.1838   4.157322    30.4472       1017     4.2333  0.000e+00
      0.575    19.1855   4.157082    30.4441       1018     4.2375  0.000e+00
      0.559    19.1857   4.157199    30.4448       1019     4.2417  0.000e+00
      0.519    19.1854   4.156830    30.4421       1020     4.2458  0.000e+00
      0.447    19.1841   4.156655    30.4416       1021     4.2500  0.000e+00
      0.442    19.1821   4.157153    30.4471       1022     4.2542  0.000e+00
      0.437    19.1825   4.155100    30.4301       1023     4.2583  0.000e+00
      0.424    19.1771   4.155145    30.4344       1024     4.2625  0.000e+00
      0.449    19.1715   4.155359    30.4402       1025     4.2667  0.000e+00
      0.476    19.1695   4.155197    30.4404       1026     4.2708  0.000e+00
      0.464    19.1682   4.155242    30.4417       1027     4.2750  0.000e+00
      0.406    19.1676   4.155346    30.4430       1028     4.2792  0.000e+00
      0.377    19.1678   4.155378    30.4431       1029     4.2833  0.000e+00
      0.401    19.1682   4.155294    30.4421       1030     4.2875  0.000e+00
      0.456    19.1685   4.155242    30.4415       1031     4.2917  0.000e+00
      0.501    19.1680   4.155029    30.4401       1032     4.2958  0.000e+00
      0.510    19.1671   4.155223    30.4423       1033     4.3000  0.000e+00
      0.498    19.1662   4.155022    30.4414       1034     4.3042  0.000e+00
      0.507    19.1657   4.155495    30.4456       1035     4.3083  0.000e+00
