PC2406/sbe019.cnv
* Sea-Bird SBE 19plus V2 Data File:
* FileName = C:\cruise\data\sbe019.hex
* Software Version Seasave V 7.26.7.121
* Temperature SN = 7142
* Conductivity SN = 7142
* System UpLoad Time = Oct 29 2024 01:00:51
* NMEA Latitude = 39 50.93 N
* NMEA Longitude = 071 54.75 W
* NMEA UTC (Time) = Oct 29 2024  01:00:49
** Ship: Pisces
** Cruise:  PC2406
** Program:  Fall ECOMON
# nquan = 7
# nvalues = 3095                                  
# units = specified
# name 0 = depSM: Depth [salt water, m]
# name 1 = tv290C: Temperature [ITS-90, deg C]
# name 2 = c0S/m: Conductivity [S/m]
# name 3 = sal00: Salinity, Practical [PSU]
# name 4 = scan: Scan Count
# name 5 = timeM: Time, Elapsed [minutes]
# name 6 = flag:  0.000e+00
# span 0 =      0.136,    136.973                 
# span 1 =    13.2397,    20.3409                 
# span 2 =   0.000008,   4.820470                 
# span 3 =     0.0069,    36.1735                 
# span 4 =         11,       3105                 
# span 5 =     0.0417,    12.9333                 
# span 6 = 0.0000e+00, 0.0000e+00                 
# interval = seconds: 0.25
# start_time = Oct 29 2024 01:00:49 [NMEA time, header]
# bad_flag = -9.990e-29
*END*
[from data line 1231]
    118.718    14.1562   4.281746    35.6269       1242     5.1708  0.000e+00
    118.605    14.1566   4.281785    35.6269       1243     5.1750  0.000e+00
    118.495    14.1571   4.281864    35.6272       1244     5.1792  0.000e+00
    118.391    14.1579   4.281785    35.6258       1245     5.1833  0.000e+00
    118.294    14.1588   4.281916    35.6263       1246     5.1875  0.000e+00
    118.200    14.1597   4.281916    35.6254       1247     5.1917  0.000e+00
    118.110    14.1604   4.281785    35.6236       1248     5.1958  0.000e+00
    118.037    14.1606   4.281746    35.6231       1249     5.2000  0.000e+00
    117.954    14.1606   4.281654    35.6223       1250     5.2042  0.000e+00
    117.880    14.1603   4.281398    35.6202       1251     5.2083  0.000e+00
    117.796    14.1596   4.281129    35.6184       1252     5.2125  0.000e+00
    117.717    14.1587   4.281168    35.6196       1253     5.2167  0.000e+00
    117.634    14.1582   4.281424    35.6225       1254     5.2208  0.000e+00
    117.543    14.1588   4.281142    35.6193       1255     5.2250  0.000e+00
    117.453    14.1592   4.280886    35.6166       1256     5.2292  0.000e+00
    117.363    14.1587   4.280755    35.6159       1257     5.2333  0.000e+00
    117.251    14.1580   4.281253    35.6212       1258     5.2375  0.000e+00
    117.149    14.1593   4.281988    35.6269       1259     5.2417  0.000e+00
    117.043    14.1638   4.282500    35.6276       1260     5.2458  0.000e+00
    116.933    14.1690   4.284100    35.6377       1261     5.2500  0.000e+00
    116.831    14.1766   4.284270    35.6323       1262     5.2542  0.000e+00
    116.716    14.1844   4.285812    35.6395       1263     5.2583  0.000e+00
    116.601    14.1923   4.285792    35.6321       1264     5.2625  0.000e+00
    116.481    14.1984   4.286580    35.6338       1265     5.2667  0.000e+00
    116.360    14.2042   4.286796    35.6305       1266     5.2708  0.000e+00
    116.233    14.2074   4.286396    35.6239       1267     5.2750  0.000e+00
    116.121    14.2088   4.288758    35.6446       1268     5.2792  0.000e+00
    116.004    14.2149   4.287728    35.6295       1269     5.2833  0.000e+00
    115.897    14.2184   4.286553    35.6153       1270     5.2875  0.000e+00
    115.801    14.2162   4.288023    35.6311       1271     5.2917  0.000e+00
    115.699    14.2177   4.285575    35.6070       1272     5.2958  0.000e+00
    115.604    14.2121   4.285523    35.6117       1273     5.3000  0.000e+00
    115.508    14.2068   4.285641    35.6177       1274     5.3042  0.000e+00
    115.419    14.2043   4.286041    35.6238       1275     5.3083  0.000e+00
    115.323    14.2044   4.286034    35.6237       1276     5.3125  0.000e+00
    115.233    14.2051   4.285523    35.6183       1277     5.3167  0.000e+00
    115.129    14.2044   4.286133    35.6247       1278     5.3208  0.000e+00
    115.021    14.2045   4.286572    35.6287       1279     5.3250  0.000e+00
    114.912    14.2069   4.287734    35.6374       1280     5.3292  0.000e+00
    114.786    14.2122   4.288390    35.6386       1281     5.3333  0.000e+00
    114.657    14.2178   4.290044    35.6489       1282     5.3375  0.000e+00
    114.525    14.2263   4.291094    35.6509       1283     5.3417  0.000e+00
    114.391    14.2346   4.289669    35.6300       1284     5.3458  0.000e+00
    114.258    14.2366   4.290864    35.6394       1285     5.3500  0.000e+00
    114.123    14.2398   4.290260    35.6308       1286     5.3542  0.000e+00
    113.983    14.2411   4.292282    35.6484       1287     5.3583  0.000e+00
    113.852    14.2471   4.293037    35.6500       1288     5.3625  0.000e+00
    113.719    14.2543   4.292472    35.6381       1289     5.3667  0.000e+00
    113.593    14.2582   4.292380    35.6337       1290     5.3708  0.000e+00
    113.463    14.2584   4.293089    35.6402       1291     5.3750  0.000e+00
    113.339    14.2603   4.292872    35.6365       1292     5.3792  0.000e+00
    113.232    14.2616   4.293089    35.6373       1293     5.3833  0.000e+00
    113.122    14.2624   4.293772    35.6430       1294     5.3875  0.000e+00
    113.014    14.2651   4.293844    35.6412       1295     5.3917  0.000e+00
    112.926    14.2677   4.293949    35.6398       1296     5.3958  0.000e+00
    112.847    14.2695   4.294363    35.6420       1297     5.4000  0.000e+00
    112.772    14.2713   4.294080    35.6378       1298     5.4042  0.000e+00
    112.703    14.2722   4.294146    35.6376       1299     5.4083  0.000e+00
    112.644    14.2726   4.294179    35.6376       1300     5.4125  0.000e+00
    112.585    14.2729   4.294264    35.6381       1301     5.4167  0.000e+00
    112.540    14.2734   4.294362    35.6386       1302     5.4208  0.000e+00
    112.488    14.2741   4.294513    35.6394       1303     5.4250  0.000e+00
    112.441    14.2748   4.294389    35.6375       1304     5.4292  0.000e+00
    112.387    14.2752   4.294540    35.6386       1305     5.4333  0.000e+00
    112.330    14.2753   4.294540    35.6386       1306     5.4375  0.000e+00
    112.263    14.2757   4.294487    35.6377       1307     5.4417  0.000e+00
    112.189    14.2757   4.294645    35.6392       1308     5.4458  0.000e+00
    112.103    14.2764   4.295104    35.6429       1309     5.4500  0.000e+00
    111.997    14.2782   4.296306    35.6525       1310     5.4542  0.000e+00
    111.882    14.2828   4.296135    35.6467       1311     5.4583  0.000e+00
    111.755    14.2867   4.295741    35.6394       1312     5.4625  0.000e+00
    111.616    14.2867   4.295721    35.6393       1313     5.4667  0.000e+00
    111.463    14.2864   4.296089    35.6430       1314     5.4708  0.000e+00
    111.316    14.2871   4.296161    35.6431       1315     5.4750  0.000e+00
    111.153    14.2885   4.295984    35.6403       1316     5.4792  0.000e+00
    110.991    14.2885   4.296582    35.6459       1317     5.4833  0.000e+00
    110.838    14.2898   4.297094    35.6496       1318     5.4875  0.000e+00
    110.685    14.2928   4.298250    35.6576       1319     5.4917  0.000e+00
    110.543    14.2983   4.297271    35.6434       1320     5.4958  0.000e+00
    110.405    14.3003   4.298710    35.6550       1321     5.5000  0.000e+00
    110.279    14.3032   4.299163    35.6566       1322     5.5042  0.000e+00
    110.159    14.3083   4.300227    35.6618       1323     5.5083  0.000e+00
    110.047    14.3162   4.301594    35.6673       1324     5.5125  0.000e+00
    109.943    14.3240   4.309206    35.7308       1325     5.5167  0.000e+00
    109.843    14.3515   4.310791    35.7201       1326     5.5208  0.000e+00
    109.744    14.3805   4.311303    35.6981       1327     5.5250  0.000e+00
    109.661    14.3982   4.314277    35.7094       1328     5.5292  0.000e+00
    109.577    14.4165   4.317001    35.7177       1329     5.5333  0.000e+00
    109.498    14.4374   4.317896    35.7068       1330     5.5375  0.000e+00
    109.424    14.4537   4.318758    35.6998       1331     5.5417  0.000e+00
    109.354    14.4656   4.318856    35.6897       1332     5.5458  0.000e+00
    109.293    14.4730   4.319086    35.6851       1333     5.5500  0.000e+00
    109.235    14.4774   4.319475    35.6846       1334     5.5542  0.000e+00
    109.176    14.4805   4.320317    35.6895       1335     5.5583  0.000e+00
    109.118    14.4849   4.321134    35.6930       1336     5.5625  0.000e+00
    109.059    14.4906   4.321634    35.6925       1337     5.5667  0.000e+00
    109.000    14.4958   4.321186    35.6836       1338     5.5708  0.000e+00
    108.933    14.4981   4.321838    35.6875       1339     5.5750  0.000e+00
    108.863    14.5004   4.322523    35.6917       1340     5.5792  0.000e+00
    108.788    14.5049   4.325104    35.7115       1341     5.5833  0.000e+00
    108.698    14.5148   4.326349    35.7140       1342     5.5875  0.000e+00
    108.603    14.5275   4.328088    35.7183       1343     5.5917  0.000e+00
    108.497    14.5405   4.329227    35.7169       1344     5.5958  0.000e+00
    108.380    14.5526   4.329807    35.7111       1345     5.6000  0.000e+00
    108.260    14.5620   4.329701    35.7016       1346     5.6042  0.000e+00
    108.132    14.5671   4.329451    35.6946       1347     5.6083  0.000e+00
    108.003    14.5688   4.329029    35.6893       1348     5.6125  0.000e+00
    107.868    14.5684   4.328996    35.6894       1349     5.6167  0.000e+00
    107.730    14.5677   4.329504    35.6947       1350     5.6208  0.000e+00
    107.593    14.5694   4.335468    35.7483       1351     5.6250  0.000e+00
    107.442    14.5866   4.341516    35.7883       1352     5.6292  0.000e+00
    107.300    14.6212   4.349468    35.8299       1353     5.6333  0.000e+00
    107.160    14.6691   4.355516    35.8414       1354     5.6375  0.000e+00
    107.018    14.7210   4.358145    35.8179       1355     5.6417  0.000e+00
    106.883    14.7618   4.363722    35.8316       1356     5.6458  0.000e+00
    106.756    14.7998   4.374146    35.8925       1357     5.6500  0.000e+00
    106.637    14.8565   4.386143    35.9504       1358     5.6542  0.000e+00
    106.531    14.9338   4.394081    35.9520       1359     5.6583  0.000e+00
    106.430    15.0100   4.396408    35.9031       1360     5.6625  0.000e+00
    106.346    15.0650   4.398589    35.8726       1361     5.6667  0.000e+00
    106.263    15.1009   4.400983    35.8615       1362     5.6708  0.000e+00
    106.190    15.1283   4.402621    35.8514       1363     5.6750  0.000e+00
    106.111    15.1499   4.403583    35.8404       1364     5.6792  0.000e+00
    106.037    15.1656   4.404140    35.8311       1365     5.6833  0.000e+00
    105.969    15.1760   4.404446    35.8244       1366     5.6875  0.000e+00
    105.898    15.1825   4.403682    35.8115       1367     5.6917  0.000e+00
    105.818    15.1842   4.402972    35.8035       1368     5.6958  0.000e+00
    105.737    15.1819   4.402514    35.8015       1369     5.7000  0.000e+00
    105.652    15.1784   4.399098    35.7736       1370     5.7042  0.000e+00
    105.570    15.1684   4.392407    35.7218       1371     5.7083  0.000e+00
    105.474    15.1453   4.386946    35.6932       1372     5.7125  0.000e+00
    105.379    15.1154   4.386443    35.7160       1373     5.7167  0.000e+00
    105.286    15.0942   4.386569    35.7365       1374     5.7208  0.000e+00
    105.192    15.0838   4.388365    35.7624       1375     5.7250  0.000e+00
    105.097    15.0851   4.394569    35.8179       1376     5.7292  0.000e+00
    104.991    15.1066   4.397069    35.8211       1377     5.7333  0.000e+00
    104.898    15.1362   4.397645    35.7993       1378     5.7375  0.000e+00
    104.792    15.1563   4.398003    35.7841       1379     5.7417  0.000e+00
    104.696    15.1691   4.398029    35.7728       1380     5.7458  0.000e+00
    104.605    15.1760   4.398003    35.7662       1381     5.7500  0.000e+00
    104.504    15.1795   4.398334    35.7661       1382     5.7542  0.000e+00
    104.398    15.1826   4.398885    35.7683       1383     5.7583  0.000e+00
    104.294    15.1871   4.398480    35.7605       1384     5.7625  0.000e+00
    104.181    15.1889   4.398434    35.7585       1385     5.7667  0.000e+00
    104.062    15.1892   4.398838    35.7620       1386     5.7708  0.000e+00
    103.947    15.1902   4.399773    35.7696       1387     5.7750  0.000e+00
    103.832    15.1945   4.399853    35.7665       1388     5.7792  0.000e+00
    103.712    15.1981   4.400410    35.7684       1389     5.7833  0.000e+00
    103.591    15.2016   4.400344    35.7645       1390     5.7875  0.000e+00
    103.467    15.2040   4.400463    35.7636       1391     5.7917  0.000e+00
    103.349    15.2053   4.400231    35.7603       1392     5.7958  0.000e+00
    103.234    15.2058   4.401956    35.7756       1393     5.8000  0.000e+00
    103.115    15.2103   4.404318    35.7930       1394     5.8042  0.000e+00
    103.000    15.2215   4.405207    35.7909       1395     5.8083  0.000e+00
    102.896    15.2329   4.404696    35.7759       1396     5.8125  0.000e+00
    102.786    15.2382   4.405890    35.7819       1397     5.8167  0.000e+00
    102.679    15.2431   4.406972    35.7874       1398     5.8208  0.000e+00
    102.580    15.2512   4.407868    35.7882       1399     5.8250  0.000e+00
    102.481    15.2584   4.408837    35.7905       1400     5.8292  0.000e+00
    102.395    15.2664   4.411606    35.8084       1401     5.8333  0.000e+00
    102.296    15.2794   4.412801    35.8074       1402     5.8375  0.000e+00
    102.213    15.2932   4.413718    35.8031       1403     5.8417  0.000e+00
    102.125    15.3040   4.413970    35.7956       1404     5.8458  0.000e+00
    102.048    15.3111   4.414355    35.7927       1405     5.8500  0.000e+00
    101.963    15.3161   4.415092    35.7949       1406     5.8542  0.000e+00
    101.879    15.3207   4.415803    35.7971       1407     5.8583  0.000e+00
    101.782    15.3262   4.416926    35.8023       1408     5.8625  0.000e+00
    101.689    15.3332   4.417663    35.8027       1409     5.8667  0.000e+00
    101.597    15.3406   4.418660    35.8051       1410     5.8708  0.000e+00
    101.498    15.3480   4.420288    35.8130       1411     5.8750  0.000e+00
    101.403    15.3577   4.421870    35.8186       1412     5.8792  0.000e+00
    101.288    15.3694   4.423452    35.8223       1413     5.8833  0.000e+00
    101.182    15.3819   4.425187    35.8268       1414     5.8875  0.000e+00
    101.072    15.3957   4.433442    35.8891       1415     5.8917  0.000e+00
    100.963    15.4281   4.440026    35.9192       1416     5.8958  0.000e+00
    100.858    15.4765   4.445700    35.9264       1417     5.9000  0.000e+00
    100.752    15.5280   4.451244    35.9296       1418     5.9042  0.000e+00
    100.650    15.5785   4.457551    35.9405       1419     5.9083  0.000e+00
    100.544    15.6314   4.460979    35.9233       1420     5.9125  0.000e+00
    100.447    15.6770   4.462266    35.8934       1421     5.9167  0.000e+00
    100.339    15.7080   4.463066    35.8724       1422     5.9208  0.000e+00
    100.233    15.7271   4.463506    35.8590       1423     5.9250  0.000e+00
    100.129    15.7389   4.463299    35.8465       1424     5.9292  0.000e+00
    100.027    15.7457   4.462859    35.8364       1425     5.9333  0.000e+00
     99.915    15.7490   4.462832    35.8332       1426     5.9375  0.000e+00
     99.818    15.7504   4.463039    35.8339       1427     5.9417  0.000e+00
     99.710    15.7524   4.463452    35.8358       1428     5.9458  0.000e+00
     99.610    15.7555   4.463813    35.8362       1429     5.9500  0.000e+00
     99.509    15.7589   4.464820    35.8423       1430     5.9542  0.000e+00
     99.403    15.7643   4.465748    35.8458       1431     5.9583  0.000e+00
     99.297    15.7717   4.467070    35.8509       1432     5.9625  0.000e+00
     99.200    15.7815   4.468719    35.8570       1433     5.9667  0.000e+00
     99.092    15.7942   4.472158    35.8764       1434     5.9708  0.000e+00
     98.988    15.8138   4.473400    35.8698       1435     5.9750  0.000e+00
     98.884    15.8319   4.474488    35.8631       1436     5.9792  0.000e+00
     98.771    15.8459   4.474875    35.8540       1437     5.9833  0.000e+00
     98.661    15.8559   4.475811    35.8534       1438     5.9875  0.000e+00
     98.546    15.8647   4.478062    35.8656       1439     5.9917  0.000e+00
     98.436    15.8769   4.479613    35.8685       1440     5.9958  0.000e+00
     98.325    15.8909   4.482025    35.8775       1441     6.0000  0.000e+00
     98.210    15.9084   4.491168    35.9437       1442     6.0042  0.000e+00
     98.091    15.9445   4.503881    36.0251       1443     6.0083  0.000e+00
     97.982    16.0118   4.525076    36.1537       1444     6.0125  0.000e+00
     97.865    16.1194   4.538245    36.1735       1445     6.0167  0.000e+00
