PC2406/sbe048.cnv
* Sea-Bird SBE 19plus V2 Data File:
* FileName = C:\cruise\data\sbe048.hex
* Software Version Seasave V 7.26.7.121
* Temperature SN = 7142
* Conductivity SN = 7142
* System UpLoad Time = Nov 08 2024 15:46:37
* NMEA Latitude = 38 00.01 N
* NMEA Longitude = 074 57.35 W
* NMEA UTC (Time) = Nov 08 2024  15:46:30
** Ship: Pisces
** Cruise:  PC2406
** Program:  Fall ECOMON
# nquan = 7
# nvalues = 1488                                  
# units = specified
# name 0 = depSM: Depth [salt water, m]
# name 1 = tv290C: Temperature [ITS-90, deg C]
# name 2 = c0S/m: Conductivity [S/m]
# name 3 = sal00: Salinity, Practical [PSU]
# name 4 = scan: Scan Count
# name 5 = timeM: Time, Elapsed [minutes]
# name 6 = flag:  0.000e+00
# span 0 =      0.018,     18.974                 
# span 1 =    17.6797,    21.0724                 
# span 2 =  -0.097700,   4.345657                 
# span 3 =     0.0000,    32.6349                 
# span 4 =         11,       1498                 
# span 5 =     0.0417,     6.2375                 
# span 6 = 0.0000e+00, 0.0000e+00                 
# interval = seconds: 0.25
# start_time = Nov 08 2024 15:46:30 [NMEA time, header]
# bad_flag = -9.990e-29
*END*
      0.021    20.9497   0.000514     0.0113         11     0.0417  0.000e+00
      0.018    20.9567   0.000508     0.0113         12     0.0458  0.000e+00
      0.023    20.9630   0.000514     0.0114         13     0.0500  0.000e+00
      0.020    20.9667   0.000514     0.0114         14     0.0542  0.000e+00
      0.018    20.9743   0.000505     0.0113         15     0.0583  0.000e+00
      0.023    20.9880   0.000508     0.0113         16     0.0625  0.000e+00
      0.021    21.0019   0.000508     0.0113         17     0.0667  0.000e+00
      0.020    21.0155   0.000508     0.0114         18     0.0708  0.000e+00
      0.021    21.0280   0.000502     0.0113         19     0.0750  0.000e+00
      0.023    21.0394   0.000505     0.0114         20     0.0792  0.000e+00
      0.021    21.0498   0.000505     0.0114         21     0.0833  0.000e+00
      0.021    21.0594   0.000502     0.0113         22     0.0875  0.000e+00
      0.020    21.0683   0.000500     0.0113         23     0.0917  0.000e+00
      0.020    21.0724   0.000502     0.0114         24     0.0958  0.000e+00
      0.020    21.0689   0.000508     0.0114         25     0.1000  0.000e+00
      0.021    21.0644   0.000505     0.0114         26     0.1042  0.000e+00
      0.021    21.0666   0.000502     0.0114         27     0.1083  0.000e+00
      0.021    21.0703   0.000505     0.0114         28     0.1125  0.000e+00
      0.023    21.0709   0.000500     0.0113         29     0.1167  0.000e+00
      0.020    21.0611   0.000497     0.0113         30     0.1208  0.000e+00
      0.023    21.0477   0.000500     0.0113         31     0.1250  0.000e+00
      0.021    21.0474   0.000502     0.0113         32     0.1292  0.000e+00
      0.023    21.0515   0.000500     0.0113         33     0.1333  0.000e+00
      0.023    21.0565   0.000500     0.0113         34     0.1375  0.000e+00
      0.020    21.0606   0.000502     0.0113         35     0.1417  0.000e+00
      0.023    21.0528   0.000505     0.0114         36     0.1458  0.000e+00
      0.021    21.0231   0.000502     0.0113         37     0.1500  0.000e+00
      0.021    20.9858   0.000500     0.0113         38     0.1542  0.000e+00
      0.021    20.9408   0.000500     0.0113         39     0.1583  0.000e+00
      0.023    20.8917   0.000497     0.0113         40     0.1625  0.000e+00
      0.021    20.8481   0.000500     0.0113         41     0.1667  0.000e+00
      0.021    20.8155   0.000497     0.0112         42     0.1708  0.000e+00
      0.023    20.7806   0.000488     0.0112         43     0.1750  0.000e+00
      0.020    20.7374   0.000480     0.0112         44     0.1792  0.000e+00
      0.020    20.6962   0.000491     0.0112         45     0.1833  0.000e+00
      0.023    20.6697   0.000494     0.0112         46     0.1875  0.000e+00
      0.023    20.6630   0.000505     0.0112         47     0.1917  0.000e+00
      0.023    20.6537   0.000497     0.0112         48     0.1958  0.000e+00
      0.023    20.6274   0.000494     0.0112         49     0.2000  0.000e+00
      0.021    20.6106   0.000491     0.0112         50     0.2042  0.000e+00
      0.025    20.5856   0.000488     0.0111         51     0.2083  0.000e+00
      0.023    20.5623   0.000494     0.0112         52     0.2125  0.000e+00
      0.021    20.5550   0.000497     0.0112         53     0.2167  0.000e+00
      0.021    20.5594   0.000500     0.0112         54     0.2208  0.000e+00
      0.023    20.5671   0.000508     0.0112         55     0.2250  0.000e+00
      0.023    20.5845   0.000508     0.0112         56     0.2292  0.000e+00
      0.021    20.6014   0.000514     0.0112         57     0.2333  0.000e+00
      0.023    20.6103   0.000508     0.0112         58     0.2375  0.000e+00
      0.029    20.6086   0.000508     0.0112         59     0.2417  0.000e+00
      0.025    20.6162   0.000514     0.0112         60     0.2458  0.000e+00
      0.025    20.6283   0.000508     0.0112         61     0.2500  0.000e+00
      0.025    20.6390   0.000519     0.0113         62     0.2542  0.000e+00
      0.023    20.6416   0.000502     0.0112         63     0.2583  0.000e+00
      0.023    20.6186   0.000500     0.0112         64     0.2625  0.000e+00
      0.025    20.5822   0.000502     0.0112         65     0.2667  0.000e+00
      0.029    20.5604   0.000505     0.0112         66     0.2708  0.000e+00
      0.020    20.5403   0.000488     0.0111         67     0.2750  0.000e+00
      0.021    20.5096   0.000497     0.0111         68     0.2792  0.000e+00
      0.021    20.4936   0.000500     0.0111         69     0.2833  0.000e+00
      0.025    20.4835   0.000500     0.0111         70     0.2875  0.000e+00
      0.025    20.4782   0.000502     0.0112         71     0.2917  0.000e+00
      0.023    20.4821   0.000508     0.0112         72     0.2958  0.000e+00
      0.023    20.4917   0.000508     0.0112         73     0.3000  0.000e+00
      0.027    20.5017   0.000508     0.0112         74     0.3042  0.000e+00
      0.025    20.5099   0.000514     0.0112         75     0.3083  0.000e+00
      0.029    20.5144   0.000508     0.0112         76     0.3125  0.000e+00
      0.027    20.5173   0.000514     0.0112         77     0.3167  0.000e+00
      0.025    20.5225   0.000514     0.0112         78     0.3208  0.000e+00
      0.027    20.5302   0.000514     0.0112         79     0.3250  0.000e+00
      0.025    20.5374   0.000508     0.0112         80     0.3292  0.000e+00
      0.025    20.5388   0.000514     0.0112         81     0.3333  0.000e+00
      0.025    20.5364   0.000508     0.0112         82     0.3375  0.000e+00
      0.021    20.5310   0.000514     0.0112         83     0.3417  0.000e+00
      0.027    20.5162   0.000514     0.0112         84     0.3458  0.000e+00
      0.025    20.5105   0.000508     0.0112         85     0.3500  0.000e+00
      0.025    20.5037   0.000514     0.0112         86     0.3542  0.000e+00
      0.027    20.5021   0.000514     0.0112         87     0.3583  0.000e+00
      0.029    20.5075   0.000514     0.0112         88     0.3625  0.000e+00
      0.027    20.5120   0.000508     0.0112         89     0.3667  0.000e+00
      0.027    20.5176   0.000514     0.0112         90     0.3708  0.000e+00
      0.027    20.5201   0.000514     0.0112         91     0.3750  0.000e+00
      0.027    20.5156   0.000514     0.0112         92     0.3792  0.000e+00
      0.029    20.5200   0.000514     0.0112         93     0.3833  0.000e+00
      0.027    20.5294   0.000519     0.0112         94     0.3875  0.000e+00
      0.027    20.5379   0.000514     0.0112         95     0.3917  0.000e+00
      0.025    20.5529   0.000508     0.0112         96     0.3958  0.000e+00
      0.027    20.5678   0.000514     0.0112         97     0.4000  0.000e+00
      0.029    20.5769   0.000508     0.0112         98     0.4042  0.000e+00
      0.023    20.5840   0.000514     0.0112         99     0.4083  0.000e+00
      0.029    20.5885   0.000514     0.0112        100     0.4125  0.000e+00
      0.023    20.5902   0.000514     0.0112        101     0.4167  0.000e+00
      0.023    20.6032   0.000519     0.0113        102     0.4208  0.000e+00
      0.027    20.6125   0.000508     0.0112        103     0.4250  0.000e+00
      0.029    20.5891   0.000508     0.0112        104     0.4292  0.000e+00
      0.027    20.5623   0.000514     0.0112        105     0.4333  0.000e+00
      0.027    20.5553   0.000514     0.0112        106     0.4375  0.000e+00
      0.025    20.5613   0.000519     0.0112        107     0.4417  0.000e+00
      0.030    20.5741   0.000514     0.0112        108     0.4458  0.000e+00
      0.025    20.5878   0.000508     0.0112        109     0.4500  0.000e+00
      0.027    20.5980   0.000508     0.0112        110     0.4542  0.000e+00
      0.023    20.6044   0.000505     0.0112        111     0.4583  0.000e+00
      0.029    20.6116   0.000514     0.0112        112     0.4625  0.000e+00
      0.025    20.6163   0.000514     0.0112        113     0.4667  0.000e+00
      0.029    20.6171   0.000514     0.0112        114     0.4708  0.000e+00
      0.027    20.6041   0.000508     0.0112        115     0.4750  0.000e+00
      0.030    20.5852   0.000514     0.0112        116     0.4792  0.000e+00
      0.029    20.5817   0.000514     0.0112        117     0.4833  0.000e+00
      0.027    20.5875   0.000508     0.0112        118     0.4875  0.000e+00
      0.029    20.5957   0.000514     0.0112        119     0.4917  0.000e+00
      0.025    20.6054   0.000514     0.0112        120     0.4958  0.000e+00
      0.029    20.6097   0.000508     0.0112        121     0.5000  0.000e+00
      0.027    20.5967   0.000502     0.0112        122     0.5042  0.000e+00
      0.023    20.5756   0.000505     0.0112        123     0.5083  0.000e+00
      0.025    20.5680   0.000505     0.0112        124     0.5125  0.000e+00
      0.023    20.5544   0.000497     0.0112        125     0.5167  0.000e+00
      0.023    20.5204   0.000500     0.0112        126     0.5208  0.000e+00
      0.025    20.4987   0.000502     0.0112        127     0.5250  0.000e+00
      0.023    20.4866   0.000508     0.0112        128     0.5292  0.000e+00
      0.025    20.4716   0.000505     0.0112        129     0.5333  0.000e+00
      0.021    20.4612   0.000502     0.0111        130     0.5375  0.000e+00
      0.023    20.4574   0.000508     0.0112        131     0.5417  0.000e+00
      0.025    20.4493   0.000508     0.0112        132     0.5458  0.000e+00
      0.023    20.4322   0.000505     0.0111        133     0.5500  0.000e+00
      0.023    20.4106   0.000508     0.0111        134     0.5542  0.000e+00
      0.025    20.3989   0.000502     0.0111        135     0.5583  0.000e+00
      0.021    20.3939   0.000500     0.0111        136     0.5625  0.000e+00
      0.020    20.3770   0.000502     0.0111        137     0.5667  0.000e+00
      0.020    20.3616   0.000508     0.0111        138     0.5708  0.000e+00
      0.023    20.3716   0.000514     0.0112        139     0.5750  0.000e+00
      0.021    20.3889   0.000514     0.0112        140     0.5792  0.000e+00
      0.020    20.4090   0.000514     0.0112        141     0.5833  0.000e+00
      0.023    20.4331   0.000508     0.0112        142     0.5875  0.000e+00
      0.030    20.4532   0.000514     0.0112        143     0.5917  0.000e+00
      0.025    20.4694   0.000508     0.0112        144     0.5958  0.000e+00
      0.025    20.4832   0.000508     0.0112        145     0.6000  0.000e+00
      0.025    20.4737   0.000505     0.0112        146     0.6042  0.000e+00
      0.023    20.4601   0.000508     0.0112        147     0.6083  0.000e+00
      0.021    20.4626   0.000508     0.0112        148     0.6125  0.000e+00
      0.020    20.4682   0.000508     0.0112        149     0.6167  0.000e+00
      0.021    20.4735   0.000508     0.0112        150     0.6208  0.000e+00
      0.021    20.4765   0.000514     0.0112        151     0.6250  0.000e+00
      0.023    20.4791   0.000508     0.0112        152     0.6292  0.000e+00
      0.020    20.4873   0.000508     0.0112        153     0.6333  0.000e+00
      0.018    20.4995   0.000508     0.0112        154     0.6375  0.000e+00
      0.021    20.5145   0.000491     0.0111        155     0.6417  0.000e+00
      0.027    20.5376   0.000463     0.0110        156     0.6458  0.000e+00
      0.151    20.5720   0.000469     0.0111        157     0.6500  0.000e+00
      0.223    20.6100  -0.097700     0.0000        158     0.6542  0.000e+00
      0.246    20.6151   1.689796    10.9498        159     0.6583  0.000e+00
      0.212    20.1831   1.921977    12.7238        160     0.6625  0.000e+00
      0.095    19.5276   1.325186     8.6310        161     0.6667  0.000e+00
      0.029    19.2151   1.268530     8.2939        162     0.6708  0.000e+00
      0.025    19.1044   2.999780    21.2519        163     0.6750  0.000e+00
      0.025    19.0478   1.774878    11.9852        164     0.6792  0.000e+00
      0.023    19.0139   0.968440     6.2286        165     0.6833  0.000e+00
      0.023    19.0079   3.264133    23.3805        166     0.6875  0.000e+00
      0.027    19.0347   4.313206    31.8380        167     0.6917  0.000e+00
      0.093    19.0849   3.169895    22.5948        168     0.6958  0.000e+00
      0.188    19.1063   4.172515    30.6284        169     0.7000  0.000e+00
      0.305    19.1135   4.336929    31.9728        170     0.7042  0.000e+00
      0.398    19.1239   4.335135    31.9501        171     0.7083  0.000e+00
      0.506    19.1262   4.342449    32.0084        172     0.7125  0.000e+00
      0.621    19.0987   4.345657    32.0560        173     0.7167  0.000e+00
      0.693    19.0166   3.943652    28.8254        174     0.7208  0.000e+00
      0.702    18.8834   3.290225    23.6575        175     0.7250  0.000e+00
      0.691    18.7115   3.099896    22.2435        176     0.7292  0.000e+00
      0.655    18.5399   3.972385    29.3954        177     0.7333  0.000e+00
      0.627    18.3975   3.825081    28.2834        178     0.7375  0.000e+00
      0.639    18.2989   2.393122    16.9072        179     0.7417  0.000e+00
      0.636    18.2391   2.640667    18.8608        180     0.7458  0.000e+00
      0.650    18.1886   3.462070    25.4513        181     0.7500  0.000e+00
      0.736    18.2094   4.329678    32.6196        182     0.7542  0.000e+00
      0.889    18.3186   4.341834    32.6349        183     0.7583  0.000e+00
      1.041    18.4613   4.343970    32.5397        184     0.7625  0.000e+00
      1.158    18.5512   4.344193    32.4705        185     0.7667  0.000e+00
      1.275    18.5886   4.330371    32.3257        186     0.7708  0.000e+00
      1.386    18.5987   4.302829    32.0883        187     0.7750  0.000e+00
      1.492    18.5467   4.277931    31.9211        188     0.7792  0.000e+00
      1.559    18.4342   4.260337    31.8615        189     0.7833  0.000e+00
      1.591    18.3130   4.247113    31.8448        190     0.7875  0.000e+00
      1.591    18.2052   4.241893    31.8848        191     0.7917  0.000e+00
      1.580    18.1140   4.237008    31.9147        192     0.7958  0.000e+00
      1.569    18.0412   4.236069    31.9637        193     0.8000  0.000e+00
      1.580    17.9943   4.242072    32.0510        194     0.8042  0.000e+00
      1.611    17.9698   4.260750    32.2278        195     0.8083  0.000e+00
      1.659    17.9599   4.277841    32.3801        196     0.8125  0.000e+00
      1.736    17.9533   4.279927    32.4030        197     0.8167  0.000e+00
      1.823    17.9458   4.282012    32.4265        198     0.8208  0.000e+00
      1.930    17.9522   4.282891    32.4288        199     0.8250  0.000e+00
      2.043    17.9784   4.271621    32.3127        200     0.8292  0.000e+00
      2.157    17.9899   4.257307    32.1827        201     0.8333  0.000e+00
      2.261    17.9895   4.244941    32.0787        202     0.8375  0.000e+00
      2.360    17.9787   4.238682    32.0343        203     0.8417  0.000e+00
      2.455    17.9644   4.235110    32.0154        204     0.8458  0.000e+00
      2.555    17.9509   4.233844    32.0152        205     0.8500  0.000e+00
      2.640    17.9371   4.232382    32.0136        206     0.8542  0.000e+00
      2.704    17.9273   4.231645    32.0151        207     0.8583  0.000e+00
      2.740    17.9210   4.232787    32.0296        208     0.8625  0.000e+00
      2.771    17.9150   4.235490    32.0572        209     0.8667  0.000e+00
      2.805    17.9093   4.239239    32.0934        210     0.8708  0.000e+00
      2.855    17.9065   4.244407    32.1392        211     0.8750  0.000e+00
      2.931    17.9071   4.248394    32.1724        212     0.8792  0.000e+00
      3.029    17.9097   4.248505    32.1713        213     0.8833  0.000e+00
      3.128    17.9117   4.251945    32.1987        214     0.8875  0.000e+00
      3.234    17.9115   4.250741    32.1886        215     0.8917  0.000e+00
