PC2406/sbe064.cnv
* Sea-Bird SBE 19plus V2 Data File:
* FileName = C:\cruise\data\sbe064.hex
* Software Version Seasave V 7.26.7.121
* Temperature SN = 7142
* Conductivity SN = 7142
* System UpLoad Time = Nov 10 2024 12:35:18
* NMEA Latitude = 39 28.55 N
* NMEA Longitude = 074 06.92 W
* NMEA UTC (Time) = Nov 10 2024  12:35:12
** Ship: Pisces
** Cruise:  PC2406
** Program:  Fall ECOMON
# nquan = 7
# nvalues = 1375                                  
# units = specified
# name 0 = depSM: Depth [salt water, m]
# name 1 = tv290C: Temperature [ITS-90, deg C]
# name 2 = c0S/m: Conductivity [S/m]
# name 3 = sal00: Salinity, Practical [PSU]
# name 4 = scan: Scan Count
# name 5 = timeM: Time, Elapsed [minutes]
# name 6 = flag:  0.000e+00
# span 0 =      0.111,     15.439                 
# span 1 =    13.0093,    16.1969                 
# span 2 =   0.000075,   4.052002                 
# span 3 =     0.0068,    32.6439                 
# span 4 =         11,       1385                 
# span 5 =     0.0417,     5.7667                 
# span 6 = 0.0000e+00, 0.0000e+00                 
# interval = seconds: 0.25
# start_time = Nov 10 2024 12:35:12 [NMEA time, header]
# bad_flag = -9.990e-29
*END*
[from data line 821]
      8.585    16.1898   4.051549    31.8399        832     3.4625  0.000e+00
      8.578    16.1896   4.051549    31.8400        833     3.4667  0.000e+00
      8.585    16.1894   4.051479    31.8395        834     3.4708  0.000e+00
      8.600    16.1894   4.051479    31.8396        835     3.4750  0.000e+00
      8.607    16.1891   4.051479    31.8398        836     3.4792  0.000e+00
      8.625    16.1889   4.051479    31.8400        837     3.4833  0.000e+00
      8.639    16.1889   4.051408    31.8393        838     3.4875  0.000e+00
      8.648    16.1887   4.051408    31.8395        839     3.4917  0.000e+00
      8.655    16.1884   4.051453    31.8401        840     3.4958  0.000e+00
      8.662    16.1885   4.051453    31.8400        841     3.5000  0.000e+00
      8.650    16.1885   4.051453    31.8401        842     3.5042  0.000e+00
      8.641    16.1886   4.051453    31.8399        843     3.5083  0.000e+00
      8.627    16.1888   4.051504    31.8403        844     3.5125  0.000e+00
      8.614    16.1890   4.051530    31.8403        845     3.5167  0.000e+00
      8.594    16.1891   4.051549    31.8404        846     3.5208  0.000e+00
      8.569    16.1895   4.051549    31.8401        847     3.5250  0.000e+00
      8.544    16.1897   4.051504    31.8396        848     3.5292  0.000e+00
      8.519    16.1896   4.051562    31.8402        849     3.5333  0.000e+00
      8.504    16.1898   4.051575    31.8401        850     3.5375  0.000e+00
      8.479    16.1897   4.051549    31.8400        851     3.5417  0.000e+00
      8.463    16.1898   4.051549    31.8399        852     3.5458  0.000e+00
      8.445    16.1897   4.051504    31.8396        853     3.5500  0.000e+00
      8.422    16.1897   4.051479    31.8394        854     3.5542  0.000e+00
      8.398    16.1894   4.051530    31.8400        855     3.5583  0.000e+00
      8.386    16.1894   4.051504    31.8398        856     3.5625  0.000e+00
      8.372    16.1894   4.051453    31.8394        857     3.5667  0.000e+00
      8.363    16.1892   4.051434    31.8394        858     3.5708  0.000e+00
      8.354    16.1887   4.050978    31.8358        859     3.5750  0.000e+00
      8.355    16.1871   4.050882    31.8363        860     3.5792  0.000e+00
      8.354    16.1849   4.050831    31.8376        861     3.5833  0.000e+00
      8.354    16.1836   4.050831    31.8386        862     3.5875  0.000e+00
      8.361    16.1826   4.050786    31.8390        863     3.5917  0.000e+00
      8.372    16.1819   4.050927    31.8408        864     3.5958  0.000e+00
      8.379    16.1822   4.050927    31.8406        865     3.6000  0.000e+00
      8.382    16.1827   4.050857    31.8395        866     3.6042  0.000e+00
      8.397    16.1825   4.051049    31.8414        867     3.6083  0.000e+00
      8.398    16.1830   4.051286    31.8431        868     3.6125  0.000e+00
      8.407    16.1846   4.051504    31.8437        869     3.6167  0.000e+00
      8.398    16.1866   4.051530    31.8423        870     3.6208  0.000e+00
      8.395    16.1881   4.051517    31.8410        871     3.6250  0.000e+00
      8.390    16.1890   4.051504    31.8401        872     3.6292  0.000e+00
      8.372    16.1894   4.051530    31.8401        873     3.6333  0.000e+00
      8.355    16.1894   4.051504    31.8399        874     3.6375  0.000e+00
      8.334    16.1895   4.051530    31.8400        875     3.6417  0.000e+00
      8.307    16.1894   4.051504    31.8399        876     3.6458  0.000e+00
      8.287    16.1895   4.051504    31.8398        877     3.6500  0.000e+00
      8.266    16.1895   4.051549    31.8402        878     3.6542  0.000e+00
      8.246    16.1896   4.051575    31.8404        879     3.6583  0.000e+00
      8.219    16.1902   4.051575    31.8399        880     3.6625  0.000e+00
      8.197    16.1902   4.051600    31.8402        881     3.6667  0.000e+00
      8.172    16.1904   4.051626    31.8402        882     3.6708  0.000e+00
      8.154    16.1907   4.051575    31.8395        883     3.6750  0.000e+00
      8.145    16.1908   4.051504    31.8388        884     3.6792  0.000e+00
      8.129    16.1906   4.051600    31.8398        885     3.6833  0.000e+00
      8.115    16.1907   4.051575    31.8395        886     3.6875  0.000e+00
      8.102    16.1907   4.051600    31.8397        887     3.6917  0.000e+00
      8.088    16.1906   4.051626    31.8400        888     3.6958  0.000e+00
      8.081    16.1908   4.051600    31.8397        889     3.7000  0.000e+00
      8.070    16.1906   4.051549    31.8394        890     3.7042  0.000e+00
      8.064    16.1906   4.051530    31.8393        891     3.7083  0.000e+00
      8.055    16.1902   4.051530    31.8395        892     3.7125  0.000e+00
      8.048    16.1899   4.051517    31.8397        893     3.7167  0.000e+00
      8.045    16.1898   4.051530    31.8399        894     3.7208  0.000e+00
      8.030    16.1896   4.051504    31.8398        895     3.7250  0.000e+00
      8.027    16.1896   4.051504    31.8398        896     3.7292  0.000e+00
      8.021    16.1896   4.051530    31.8401        897     3.7333  0.000e+00
      8.018    16.1897   4.051600    31.8406        898     3.7375  0.000e+00
      8.018    16.1900   4.051600    31.8404        899     3.7417  0.000e+00
      8.014    16.1906   4.051645    31.8402        900     3.7458  0.000e+00
      8.014    16.1908   4.051626    31.8399        901     3.7500  0.000e+00
      8.014    16.1908   4.051626    31.8399        902     3.7542  0.000e+00
      8.014    16.1914   4.051626    31.8395        903     3.7583  0.000e+00
      8.005    16.1910   4.051549    31.8391        904     3.7625  0.000e+00
      8.003    16.1909   4.051549    31.8392        905     3.7667  0.000e+00
      7.998    16.1906   4.051574    31.8396        906     3.7708  0.000e+00
      7.996    16.1906   4.051549    31.8395        907     3.7750  0.000e+00
      7.985    16.1903   4.051574    31.8399        908     3.7792  0.000e+00
      7.987    16.1902   4.051575    31.8399        909     3.7833  0.000e+00
      7.984    16.1902   4.051574    31.8399        910     3.7875  0.000e+00
      7.969    16.1903   4.051549    31.8397        911     3.7917  0.000e+00
      7.960    16.1903   4.051549    31.8397        912     3.7958  0.000e+00
      7.942    16.1902   4.051504    31.8394        913     3.8000  0.000e+00
      7.915    16.1899   4.051530    31.8398        914     3.8042  0.000e+00
      7.897    16.1899   4.051517    31.8397        915     3.8083  0.000e+00
      7.879    16.1899   4.051530    31.8398        916     3.8125  0.000e+00
      7.849    16.1897   4.051530    31.8401        917     3.8167  0.000e+00
      7.827    16.1900   4.051478    31.8394        918     3.8208  0.000e+00
      7.800    16.1901   4.051478    31.8393        919     3.8250  0.000e+00
      7.773    16.1900   4.051530    31.8398        920     3.8292  0.000e+00
      7.748    16.1901   4.051504    31.8395        921     3.8333  0.000e+00
      7.729    16.1904   4.051504    31.8393        922     3.8375  0.000e+00
      7.712    16.1902   4.051478    31.8393        923     3.8417  0.000e+00
      7.696    16.1902   4.051453    31.8390        924     3.8458  0.000e+00
      7.689    16.1899   4.051433    31.8391        925     3.8500  0.000e+00
      7.691    16.1896   4.051408    31.8391        926     3.8542  0.000e+00
      7.676    16.1894   4.051433    31.8395        927     3.8583  0.000e+00
      7.676    16.1894   4.051453    31.8397        928     3.8625  0.000e+00
      7.680    16.1894   4.051408    31.8393        929     3.8667  0.000e+00
      7.691    16.1894   4.051382    31.8391        930     3.8708  0.000e+00
      7.703    16.1893   4.051382    31.8391        931     3.8750  0.000e+00
      7.716    16.1890   4.051408    31.8395        932     3.8792  0.000e+00
      7.730    16.1891   4.051382    31.8393        933     3.8833  0.000e+00
      7.736    16.1892   4.051382    31.8392        934     3.8875  0.000e+00
      7.746    16.1890   4.051408    31.8395        935     3.8917  0.000e+00
      7.748    16.1890   4.051433    31.8398        936     3.8958  0.000e+00
      7.750    16.1893   4.051472    31.8399        937     3.9000  0.000e+00
      7.746    16.1894   4.051453    31.8397        938     3.9042  0.000e+00
      7.732    16.1894   4.051408    31.8392        939     3.9083  0.000e+00
      7.712    16.1895   4.051382    31.8389        940     3.9125  0.000e+00
      7.680    16.1891   4.051382    31.8393        941     3.9167  0.000e+00
      7.651    16.1890   4.051356    31.8392        942     3.9208  0.000e+00
      7.621    16.1890   4.051382    31.8394        943     3.9250  0.000e+00
      7.590    16.1890   4.051408    31.8396        944     3.9292  0.000e+00
      7.567    16.1890   4.051433    31.8399        945     3.9333  0.000e+00
      7.540    16.1891   4.051433    31.8398        946     3.9375  0.000e+00
      7.518    16.1893   4.051433    31.8397        947     3.9417  0.000e+00
      7.500    16.1893   4.051408    31.8394        948     3.9458  0.000e+00
      7.479    16.1893   4.051408    31.8394        949     3.9500  0.000e+00
      7.461    16.1894   4.051408    31.8394        950     3.9542  0.000e+00
      7.454    16.1894   4.051408    31.8393        951     3.9583  0.000e+00
      7.454    16.1894   4.051408    31.8393        952     3.9625  0.000e+00
      7.441    16.1896   4.051408    31.8392        953     3.9667  0.000e+00
      7.439    16.1894   4.051382    31.8392        954     3.9708  0.000e+00
      7.437    16.1894   4.051433    31.8396        955     3.9750  0.000e+00
      7.427    16.1894   4.051433    31.8396        956     3.9792  0.000e+00
      7.419    16.1894   4.051433    31.8396        957     3.9833  0.000e+00
      7.416    16.1896   4.051433    31.8394        958     3.9875  0.000e+00
      7.412    16.1899   4.051446    31.8393        959     3.9917  0.000e+00
      7.407    16.1898   4.051433    31.8393        960     3.9958  0.000e+00
      7.403    16.1897   4.051452    31.8395        961     4.0000  0.000e+00
      7.402    16.1898   4.051452    31.8394        962     4.0042  0.000e+00
      7.391    16.1899   4.051452    31.8394        963     4.0083  0.000e+00
      7.384    16.1898   4.051408    31.8391        964     4.0125  0.000e+00
      7.378    16.1898   4.051337    31.8385        965     4.0167  0.000e+00
      7.369    16.1895   4.051337    31.8387        966     4.0208  0.000e+00
      7.348    16.1890   4.051356    31.8393        967     4.0250  0.000e+00
      7.342    16.1890   4.051382    31.8395        968     4.0292  0.000e+00
      7.337    16.1890   4.051408    31.8398        969     4.0333  0.000e+00
      7.331    16.1890   4.051382    31.8395        970     4.0375  0.000e+00
      7.337    16.1892   4.051337    31.8389        971     4.0417  0.000e+00
      7.340    16.1890   4.051145    31.8374        972     4.0458  0.000e+00
      7.346    16.1881   4.051119    31.8379        973     4.0500  0.000e+00
      7.357    16.1872   4.051145    31.8389        974     4.0542  0.000e+00
      7.364    16.1865   4.051170    31.8396        975     4.0583  0.000e+00
      7.369    16.1865   4.051145    31.8394        976     4.0625  0.000e+00
      7.367    16.1865   4.051093    31.8390        977     4.0667  0.000e+00
      7.358    16.1863   4.051074    31.8389        978     4.0708  0.000e+00
      7.348    16.1860   4.051337    31.8415        979     4.0750  0.000e+00
      7.324    16.1868   4.051356    31.8410        980     4.0792  0.000e+00
      7.297    16.1878   4.051356    31.8402        981     4.0833  0.000e+00
      7.267    16.1883   4.051356    31.8398        982     4.0875  0.000e+00
      7.236    16.1885   4.051337    31.8395        983     4.0917  0.000e+00
      7.204    16.1887   4.051286    31.8389        984     4.0958  0.000e+00
      7.170    16.1885   4.051337    31.8396        985     4.1000  0.000e+00
      7.154    16.1881   4.051286    31.8394        986     4.1042  0.000e+00
      7.136    16.1883   4.051356    31.8399        987     4.1083  0.000e+00
      7.123    16.1887   4.051356    31.8396        988     4.1125  0.000e+00
      7.116    16.1888   4.051311    31.8391        989     4.1167  0.000e+00
      7.121    16.1888   4.051286    31.8389        990     4.1208  0.000e+00
      7.130    16.1885   4.051215    31.8385        991     4.1250  0.000e+00
      7.152    16.1883   4.051311    31.8395        992     4.1292  0.000e+00
      7.173    16.1882   4.051356    31.8399        993     4.1333  0.000e+00
      7.188    16.1885   4.051382    31.8399        994     4.1375  0.000e+00
      7.198    16.1888   4.051408    31.8399        995     4.1417  0.000e+00
      7.209    16.1891   4.051382    31.8394        996     4.1458  0.000e+00
      7.215    16.1893   4.051356    31.8391        997     4.1500  0.000e+00
      7.215    16.1895   4.051382    31.8391        998     4.1542  0.000e+00
      7.207    16.1895   4.051356    31.8389        999     4.1583  0.000e+00
      7.197    16.1893   4.051382    31.8393       1000     4.1625  0.000e+00
      7.181    16.1895   4.051382    31.8391       1001     4.1667  0.000e+00
      7.161    16.1893   4.051382    31.8393       1002     4.1708  0.000e+00
      7.139    16.1892   4.051382    31.8394       1003     4.1750  0.000e+00
      7.123    16.1895   4.051382    31.8392       1004     4.1792  0.000e+00
      7.098    16.1894   4.051382    31.8393       1005     4.1833  0.000e+00
      7.080    16.1894   4.051356    31.8390       1006     4.1875  0.000e+00
      7.057    16.1895   4.051356    31.8390       1007     4.1917  0.000e+00
      7.030    16.1894   4.051356    31.8390       1008     4.1958  0.000e+00
      7.006    16.1894   4.051356    31.8390       1009     4.2000  0.000e+00
      6.990    16.1894   4.051382    31.8393       1010     4.2042  0.000e+00
      6.976    16.1893   4.051356    31.8392       1011     4.2083  0.000e+00
      6.961    16.1894   4.051382    31.8393       1012     4.2125  0.000e+00
      6.949    16.1894   4.051337    31.8390       1013     4.2167  0.000e+00
      6.942    16.1894   4.051356    31.8391       1014     4.2208  0.000e+00
      6.936    16.1894   4.051356    31.8391       1015     4.2250  0.000e+00
      6.931    16.1894   4.051382    31.8394       1016     4.2292  0.000e+00
      6.940    16.1893   4.051356    31.8392       1017     4.2333  0.000e+00
      6.943    16.1893   4.051356    31.8392       1018     4.2375  0.000e+00
      6.947    16.1894   4.051356    31.8391       1019     4.2417  0.000e+00
      6.958    16.1894   4.051382    31.8393       1020     4.2458  0.000e+00
      6.963    16.1894   4.051356    31.8391       1021     4.2500  0.000e+00
      6.958    16.1892   4.051337    31.8391       1022     4.2542  0.000e+00
      6.954    16.1894   4.051356    31.8391       1023     4.2583  0.000e+00
      6.943    16.1892   4.051363    31.8393       1024     4.2625  0.000e+00
      6.936    16.1894   4.051356    31.8391       1025     4.2667  0.000e+00
      6.933    16.1894   4.051356    31.8391       1026     4.2708  0.000e+00
      6.918    16.1894   4.051356    31.8391       1027     4.2750  0.000e+00
      6.900    16.1892   4.051337    31.8391       1028     4.2792  0.000e+00
      6.877    16.1892   4.051337    31.8391       1029     4.2833  0.000e+00
      6.855    16.1893   4.051337    31.8390       1030     4.2875  0.000e+00
      6.825    16.1892   4.051356    31.8393       1031     4.2917  0.000e+00
      6.798    16.1893   4.051356    31.8392       1032     4.2958  0.000e+00
      6.776    16.1894   4.051356    31.8392       1033     4.3000  0.000e+00
      6.755    16.1893   4.051356    31.8393       1034     4.3042  0.000e+00
      6.728    16.1893   4.051356    31.8393       1035     4.3083  0.000e+00
