PC2406/sbe044.cnv
* Sea-Bird SBE 19plus V2 Data File:
* FileName = C:\cruise\data\sbe044.hex
* Software Version Seasave V 7.26.7.121
* Temperature SN = 7142
* Conductivity SN = 7142
* System UpLoad Time = Nov 08 2024 05:37:27
* NMEA Latitude = 37 18.28 N
* NMEA Longitude = 075 03.69 W
* NMEA UTC (Time) = Nov 08 2024  05:37:19
** Ship: Pisces
** Cruise:  PC2406
** Program:  Fall ECOMON
# nquan = 7
# nvalues = 2166                                  
# units = specified
# name 0 = depSM: Depth [salt water, m]
# name 1 = tv290C: Temperature [ITS-90, deg C]
# name 2 = c0S/m: Conductivity [S/m]
# name 3 = sal00: Salinity, Practical [PSU]
# name 4 = scan: Scan Count
# name 5 = timeM: Time, Elapsed [minutes]
# name 6 = flag:  0.000e+00
# span 0 =      0.009,     30.444                 
# span 1 =    17.9512,    18.9533                 
# span 2 =   0.000025,   4.387542                 
# span 3 =     0.0095,    33.3033                 
# span 4 =         11,       2176                 
# span 5 =     0.0417,     9.0625                 
# span 6 = 0.0000e+00, 0.0000e+00                 
# interval = seconds: 0.25
# start_time = Nov 08 2024 05:37:19 [NMEA time, header]
# bad_flag = -9.990e-29
*END*
[from data line 411]
     25.691    18.0288   4.385811    33.2300        422     1.7542  0.000e+00
     25.727    18.0279   4.385811    33.2307        423     1.7583  0.000e+00
     25.759    18.0272   4.385825    33.2314        424     1.7625  0.000e+00
     25.779    18.0268   4.385785    33.2314        425     1.7667  0.000e+00
     25.801    18.0265   4.385739    33.2312        426     1.7708  0.000e+00
     25.806    18.0266   4.385758    33.2313        427     1.7750  0.000e+00
     25.810    18.0266   4.385864    33.2322        428     1.7792  0.000e+00
     25.822    18.0261   4.385937    33.2333        429     1.7833  0.000e+00
     25.826    18.0249   4.386010    33.2349        430     1.7875  0.000e+00
     25.822    18.0235   4.386063    33.2364        431     1.7917  0.000e+00
     25.822    18.0219   4.386143    33.2384        432     1.7958  0.000e+00
     25.826    18.0202   4.386090    33.2393        433     1.8000  0.000e+00
     25.828    18.0193   4.386037    33.2396        434     1.8042  0.000e+00
     25.837    18.0192   4.385990    33.2393        435     1.8083  0.000e+00
     25.849    18.0196   4.385984    33.2389        436     1.8125  0.000e+00
     25.867    18.0198   4.386037    33.2392        437     1.8167  0.000e+00
     25.889    18.0196   4.386037    33.2393        438     1.8208  0.000e+00
     25.918    18.0196   4.385937    33.2384        439     1.8250  0.000e+00
     25.948    18.0201   4.385865    33.2375        440     1.8292  0.000e+00
     25.993    18.0210   4.385825    33.2363        441     1.8333  0.000e+00
     26.040    18.0220   4.385884    33.2361        442     1.8375  0.000e+00
     26.092    18.0221   4.385964    33.2366        443     1.8417  0.000e+00
     26.144    18.0217   4.386063    33.2378        444     1.8458  0.000e+00
     26.196    18.0206   4.386116    33.2391        445     1.8500  0.000e+00
     26.252    18.0196   4.386090    33.2396        446     1.8542  0.000e+00
     26.309    18.0190   4.386117    33.2404        447     1.8583  0.000e+00
     26.368    18.0186   4.386163    33.2410        448     1.8625  0.000e+00
     26.420    18.0179   4.386242    33.2423        449     1.8667  0.000e+00
     26.469    18.0165   4.386342    33.2442        450     1.8708  0.000e+00
     26.516    18.0151   4.386368    33.2456        451     1.8750  0.000e+00
     26.559    18.0137   4.386468    33.2476        452     1.8792  0.000e+00
     26.604    18.0120   4.386567    33.2497        453     1.8833  0.000e+00
     26.643    18.0102   4.386620    33.2517        454     1.8875  0.000e+00
     26.665    18.0083   4.386647    33.2534        455     1.8917  0.000e+00
     26.695    18.0067   4.386647    33.2547        456     1.8958  0.000e+00
     26.713    18.0054   4.386693    33.2562        457     1.9000  0.000e+00
     26.733    18.0041   4.386720    33.2574        458     1.9042  0.000e+00
     26.749    18.0032   4.386673    33.2578        459     1.9083  0.000e+00
     26.760    18.0027   4.386673    33.2581        460     1.9125  0.000e+00
     26.767    18.0026   4.386647    33.2580        461     1.9167  0.000e+00
     26.771    18.0027   4.386647    33.2579        462     1.9208  0.000e+00
     26.771    18.0028   4.386594    33.2574        463     1.9250  0.000e+00
     26.776    18.0033   4.386594    33.2570        464     1.9292  0.000e+00
     26.776    18.0034   4.386567    33.2567        465     1.9333  0.000e+00
     26.780    18.0041   4.386594    33.2563        466     1.9375  0.000e+00
     26.780    18.0042   4.386673    33.2569        467     1.9417  0.000e+00
     26.785    18.0035   4.386673    33.2575        468     1.9458  0.000e+00
     26.790    18.0026   4.386693    33.2584        469     1.9500  0.000e+00
     26.794    18.0014   4.386720    33.2596        470     1.9542  0.000e+00
     26.807    18.0005   4.386753    33.2606        471     1.9583  0.000e+00
     26.821    18.0000   4.386674    33.2603        472     1.9625  0.000e+00
     26.839    18.0002   4.386693    33.2604        473     1.9667  0.000e+00
     26.859    18.0003   4.386693    33.2603        474     1.9708  0.000e+00
     26.886    18.0003   4.386693    33.2603        475     1.9750  0.000e+00
     26.918    18.0000   4.386720    33.2607        476     1.9792  0.000e+00
     26.954    17.9999   4.386700    33.2606        477     1.9833  0.000e+00
     26.992    18.0000   4.386720    33.2607        478     1.9875  0.000e+00
     27.037    18.0000   4.386720    33.2606        479     1.9917  0.000e+00
     27.078    18.0000   4.386720    33.2606        480     1.9958  0.000e+00
     27.126    17.9997   4.386747    33.2611        481     2.0000  0.000e+00
     27.173    17.9995   4.386773    33.2615        482     2.0042  0.000e+00
     27.222    17.9992   4.386780    33.2618        483     2.0083  0.000e+00
     27.272    17.9988   4.386872    33.2628        484     2.0125  0.000e+00
     27.322    17.9982   4.386998    33.2644        485     2.0167  0.000e+00
     27.372    17.9967   4.387224    33.2675        486     2.0208  0.000e+00
     27.419    17.9940   4.387356    33.2708        487     2.0250  0.000e+00
     27.460    17.9909   4.387462    33.2742        488     2.0292  0.000e+00
     27.496    17.9883   4.387502    33.2766        489     2.0333  0.000e+00
     27.531    17.9860   4.387529    33.2787        490     2.0375  0.000e+00
     27.566    17.9846   4.387529    33.2799        491     2.0417  0.000e+00
     27.597    17.9837   4.387529    33.2806        492     2.0458  0.000e+00
     27.626    17.9834   4.387502    33.2806        493     2.0500  0.000e+00
     27.658    17.9830   4.387516    33.2810        494     2.0542  0.000e+00
     27.683    17.9825   4.387529    33.2815        495     2.0583  0.000e+00
     27.701    17.9819   4.387502    33.2818        496     2.0625  0.000e+00
     27.723    17.9816   4.387502    33.2820        497     2.0667  0.000e+00
     27.735    17.9815   4.387502    33.2821        498     2.0708  0.000e+00
     27.748    17.9812   4.387529    33.2825        499     2.0750  0.000e+00
     27.759    17.9806   4.387542    33.2832        500     2.0792  0.000e+00
     27.769    17.9800   4.387529    33.2836        501     2.0833  0.000e+00
     27.782    17.9796   4.387529    33.2838        502     2.0875  0.000e+00
     27.791    17.9794   4.387430    33.2832        503     2.0917  0.000e+00
     27.798    17.9798   4.387403    33.2826        504     2.0958  0.000e+00
     27.811    17.9806   4.387456    33.2824        505     2.1000  0.000e+00
     27.822    17.9810   4.387410    33.2817        506     2.1042  0.000e+00
     27.839    17.9812   4.387330    33.2809        507     2.1083  0.000e+00
     27.857    17.9821   4.387277    33.2797        508     2.1125  0.000e+00
     27.879    17.9833   4.387224    33.2782        509     2.1167  0.000e+00
     27.910    17.9846   4.387204    33.2769        510     2.1208  0.000e+00
     27.938    17.9856   4.387277    33.2768        511     2.1250  0.000e+00
     27.976    17.9857   4.387357    33.2774        512     2.1292  0.000e+00
     28.012    17.9846   4.387502    33.2795        513     2.1333  0.000e+00
     28.057    17.9829   4.387529    33.2810        514     2.1375  0.000e+00
     28.105    17.9807   4.387483    33.2824        515     2.1417  0.000e+00
     28.154    17.9782   4.387430    33.2840        516     2.1458  0.000e+00
     28.206    17.9745   4.387403    33.2868        517     2.1500  0.000e+00
     28.258    17.9707   4.387383    33.2897        518     2.1542  0.000e+00
     28.314    17.9688   4.387331    33.2908        519     2.1583  0.000e+00
     28.368    17.9674   4.387304    33.2917        520     2.1625  0.000e+00
     28.427    17.9652   4.387251    33.2930        521     2.1667  0.000e+00
     28.472    17.9633   4.387278    33.2947        522     2.1708  0.000e+00
     28.524    17.9615   4.387225    33.2957        523     2.1750  0.000e+00
     28.576    17.9603   4.387198    33.2965        524     2.1792  0.000e+00
     28.623    17.9584   4.387178    33.2979        525     2.1833  0.000e+00
     28.673    17.9570   4.387152    33.2987        526     2.1875  0.000e+00
     28.718    17.9563   4.387205    33.2998        527     2.1917  0.000e+00
     28.766    17.9565   4.387225    33.2997        528     2.1958  0.000e+00
     28.809    17.9581   4.387331    33.2993        529     2.2000  0.000e+00
     28.844    17.9601   4.387357    33.2979        530     2.2042  0.000e+00
     28.876    17.9621   4.387278    33.2956        531     2.2083  0.000e+00
     28.908    17.9621   4.387205    33.2949        532     2.2125  0.000e+00
     28.935    17.9602   4.387205    33.2965        533     2.2167  0.000e+00
     28.968    17.9584   4.387179    33.2977        534     2.2208  0.000e+00
     28.984    17.9571   4.387126    33.2983        535     2.2250  0.000e+00
     29.011    17.9564   4.387119    33.2988        536     2.2292  0.000e+00
     29.032    17.9557   4.387099    33.2993        537     2.2333  0.000e+00
     29.052    17.9555   4.387126    33.2996        538     2.2375  0.000e+00
     29.068    17.9551   4.387126    33.2999        539     2.2417  0.000e+00
     29.088    17.9551   4.387126    33.2999        540     2.2458  0.000e+00
     29.106    17.9551   4.387099    33.2997        541     2.2500  0.000e+00
     29.129    17.9548   4.387066    33.2996        542     2.2542  0.000e+00
     29.154    17.9540   4.387079    33.3004        543     2.2583  0.000e+00
     29.181    17.9537   4.387079    33.3006        544     2.2625  0.000e+00
     29.205    17.9534   4.387079    33.3009        545     2.2667  0.000e+00
     29.244    17.9530   4.387079    33.3012        546     2.2708  0.000e+00
     29.278    17.9529   4.387079    33.3012        547     2.2750  0.000e+00
     29.318    17.9529   4.387066    33.3011        548     2.2792  0.000e+00
     29.361    17.9528   4.387079    33.3013        549     2.2833  0.000e+00
     29.402    17.9528   4.387053    33.3011        550     2.2875  0.000e+00
     29.454    17.9523   4.387026    33.3012        551     2.2917  0.000e+00
     29.501    17.9520   4.387026    33.3015        552     2.2958  0.000e+00
     29.546    17.9517   4.387027    33.3017        553     2.3000  0.000e+00
     29.602    17.9516   4.387013    33.3017        554     2.3042  0.000e+00
     29.647    17.9515   4.387027    33.3018        555     2.3083  0.000e+00
     29.704    17.9513   4.387053    33.3022        556     2.3125  0.000e+00
     29.756    17.9514   4.387099    33.3025        557     2.3167  0.000e+00
     29.814    17.9523   4.387152    33.3021        558     2.3208  0.000e+00
     29.866    17.9536   4.387179    33.3013        559     2.3250  0.000e+00
     29.925    17.9544   4.387199    33.3008        560     2.3292  0.000e+00
     29.981    17.9552   4.387179    33.3000        561     2.3333  0.000e+00
     30.033    17.9552   4.387153    33.2997        562     2.3375  0.000e+00
     30.090    17.9549   4.387100    33.2995        563     2.3417  0.000e+00
     30.150    17.9544   4.387080    33.2997        564     2.3458  0.000e+00
     30.198    17.9536   4.387100    33.3005        565     2.3500  0.000e+00
     30.248    17.9531   4.387093    33.3009        566     2.3542  0.000e+00
     30.295    17.9531   4.387080    33.3007        567     2.3583  0.000e+00
     30.335    17.9529   4.387100    33.3010        568     2.3625  0.000e+00
     30.397    17.9526   4.387126    33.3015        569     2.3667  0.000e+00
     30.423    17.9529   4.387126    33.3012        570     2.3708  0.000e+00
     30.444    17.9529   4.387126    33.3012        571     2.3750  0.000e+00
     30.421    17.9528   4.387120    33.3012        572     2.3792  0.000e+00
     30.362    17.9528   4.387126    33.3013        573     2.3833  0.000e+00
     30.302    17.9528   4.387080    33.3009        574     2.3875  0.000e+00
     30.245    17.9525   4.387126    33.3016        575     2.3917  0.000e+00
     30.182    17.9523   4.387153    33.3021        576     2.3958  0.000e+00
     30.126    17.9527   4.387066    33.3010        577     2.4000  0.000e+00
     30.076    17.9524   4.387027    33.3009        578     2.4042  0.000e+00
     30.035    17.9517   4.387053    33.3017        579     2.4083  0.000e+00
     29.974    17.9513   4.387053    33.3021        580     2.4125  0.000e+00
     29.916    17.9513   4.387053    33.3021        581     2.4167  0.000e+00
     29.837    17.9512   4.387100    33.3026        582     2.4208  0.000e+00
     29.767    17.9517   4.387199    33.3031        583     2.4250  0.000e+00
     29.691    17.9535   4.387225    33.3018        584     2.4292  0.000e+00
     29.614    17.9559   4.387252    33.3001        585     2.4333  0.000e+00
     29.530    17.9580   4.387225    33.2982        586     2.4375  0.000e+00
     29.449    17.9588   4.387205    33.2974        587     2.4417  0.000e+00
     29.370    17.9585   4.387152    33.2973        588     2.4458  0.000e+00
     29.294    17.9582   4.387146    33.2975        589     2.4500  0.000e+00
     29.224    17.9572   4.387079    33.2978        590     2.4542  0.000e+00
     29.154    17.9561   4.387053    33.2985        591     2.4583  0.000e+00
     29.086    17.9547   4.387053    33.2996        592     2.4625  0.000e+00
     29.005    17.9543   4.387126    33.3006        593     2.4667  0.000e+00
     28.933    17.9547   4.387026    33.2995        594     2.4708  0.000e+00
     28.858    17.9543   4.386960    33.2993        595     2.4750  0.000e+00
     28.790    17.9533   4.386973    33.3002        596     2.4792  0.000e+00
     28.703    17.9523   4.386953    33.3009        597     2.4833  0.000e+00
     28.630    17.9515   4.387026    33.3022        598     2.4875  0.000e+00
     28.554    17.9517   4.387178    33.3033        599     2.4917  0.000e+00
     28.477    17.9539   4.387125    33.3012        600     2.4958  0.000e+00
     28.402    17.9557   4.387119    33.2997        601     2.5000  0.000e+00
     28.333    17.9563   4.387152    33.2995        602     2.5042  0.000e+00
     28.254    17.9572   4.387125    33.2985        603     2.5083  0.000e+00
     28.186    17.9586   4.387052    33.2968        604     2.5125  0.000e+00
     28.113    17.9584   4.387052    33.2970        605     2.5167  0.000e+00
     28.044    17.9570   4.386999    33.2977        606     2.5208  0.000e+00
     27.972    17.9555   4.387066    33.2995        607     2.5250  0.000e+00
     27.906    17.9555   4.387079    33.2996        608     2.5292  0.000e+00
     27.836    17.9558   4.387026    33.2989        609     2.5333  0.000e+00
     27.759    17.9563   4.386999    33.2984        610     2.5375  0.000e+00
     27.692    17.9561   4.386973    33.2983        611     2.5417  0.000e+00
     27.624    17.9551   4.386926    33.2987        612     2.5458  0.000e+00
     27.557    17.9535   4.386906    33.2999        613     2.5500  0.000e+00
     27.484    17.9528   4.387152    33.3026        614     2.5542  0.000e+00
     27.414    17.9546   4.387151    33.3012        615     2.5583  0.000e+00
     27.346    17.9575   4.387251    33.2996        616     2.5625  0.000e+00
     27.279    17.9604   4.387224    33.2971        617     2.5667  0.000e+00
     27.216    17.9626   4.387204    33.2952        618     2.5708  0.000e+00
     27.146    17.9623   4.387224    33.2956        619     2.5750  0.000e+00
     27.087    17.9620   4.387098    33.2948        620     2.5792  0.000e+00
     27.029    17.9605   4.387178    33.2967        621     2.5833  0.000e+00
     26.967    17.9603   4.387204    33.2971        622     2.5875  0.000e+00
     26.918    17.9612   4.387178    33.2962        623     2.5917  0.000e+00
     26.861    17.9622   4.387224    33.2958        624     2.5958  0.000e+00
     26.810    17.9624   4.387277    33.2961        625     2.6000  0.000e+00
