PC2406/sbe061.cnv
* Sea-Bird SBE 19plus V2 Data File:
* FileName = C:\cruise\data\sbe061.hex
* Software Version Seasave V 7.26.7.121
* Temperature SN = 7142
* Conductivity SN = 7142
* System UpLoad Time = Nov 10 2024 00:53:04
* NMEA Latitude = 38 56.75 N
* NMEA Longitude = 072 53.57 W
* NMEA UTC (Time) = Nov 10 2024  00:52:58
** Ship: Pisces
** Cruise:  PC2406
** Program:  Fall ECOMON
# nquan = 7
# nvalues = 2728                                  
# units = specified
# name 0 = depSM: Depth [salt water, m]
# name 1 = tv290C: Temperature [ITS-90, deg C]
# name 2 = c0S/m: Conductivity [S/m]
# name 3 = sal00: Salinity, Practical [PSU]
# name 4 = scan: Scan Count
# name 5 = timeM: Time, Elapsed [minutes]
# name 6 = flag:  0.000e+00
# span 0 =      0.110,    109.032                 
# span 1 =    12.0935,    19.3251                 
# span 2 =   0.000050,   4.713684                 
# span 3 =     0.0063,    36.5507                 
# span 4 =         11,       2738                 
# span 5 =     0.0417,    11.4042                 
# span 6 = 0.0000e+00, 0.0000e+00                 
# interval = seconds: 0.25
# start_time = Nov 10 2024 00:52:58 [NMEA time, header]
# bad_flag = -9.990e-29
*END*
[from data line 821]
    107.652    15.5390   4.461964    36.0136        832     3.4625  0.000e+00
    107.792    15.5299   4.461290    36.0158        833     3.4667  0.000e+00
    107.923    15.5229   4.460677    36.0166        834     3.4708  0.000e+00
    108.049    15.5168   4.459436    36.0109        835     3.4750  0.000e+00
    108.169    15.5096   4.458069    36.0051        836     3.4792  0.000e+00
    108.279    15.5001   4.454387    35.9804        837     3.4833  0.000e+00
    108.401    15.4832   4.451661    35.9712        838     3.4875  0.000e+00
    108.510    15.4637   4.449448    35.9689        839     3.4917  0.000e+00
    108.631    15.4443   4.448729    35.9801        840     3.4958  0.000e+00
    108.755    15.4300   4.447703    35.9838        841     3.5000  0.000e+00
    108.888    15.4194   4.447343    35.9902        842     3.5042  0.000e+00
    108.976    15.4117   4.444545    35.9719        843     3.5083  0.000e+00
    109.032    15.4004   4.443952    35.9768        844     3.5125  0.000e+00
    109.026    15.3897   4.444006    35.9872        845     3.5167  0.000e+00
    108.954    15.3840   4.442927    35.9826        846     3.5208  0.000e+00
    108.879    15.3781   4.441029    35.9708        847     3.5250  0.000e+00
    108.832    15.3690   4.440696    35.9762        848     3.5292  0.000e+00
    108.796    15.3608   4.440849    35.9850        849     3.5333  0.000e+00
    108.744    15.3567   4.440669    35.9872        850     3.5375  0.000e+00
    108.667    15.3544   4.440929    35.9917        851     3.5417  0.000e+00
    108.586    15.3541   4.441748    35.9995        852     3.5458  0.000e+00
    108.492    15.3565   4.443420    36.0125        853     3.5500  0.000e+00
    108.367    15.3636   4.445005    36.0204        854     3.5542  0.000e+00
    108.219    15.3740   4.446397    36.0236        855     3.5583  0.000e+00
    108.059    15.3857   4.450816    36.0530        856     3.5625  0.000e+00
    107.910    15.4048   4.456036    36.0829        857     3.5667  0.000e+00
    107.763    15.4345   4.456195    36.0572        858     3.5708  0.000e+00
    107.605    15.4554   4.456375    36.0397        859     3.5750  0.000e+00
    107.454    15.4670   4.455701    36.0230        860     3.5792  0.000e+00
    107.297    15.4707   4.453974    36.0040        861     3.5833  0.000e+00
    107.143    15.4675   4.453101    35.9991        862     3.5875  0.000e+00
    107.040    15.4622   4.456708    36.0367        863     3.5917  0.000e+00
    106.972    15.4679   4.458796    36.0504        864     3.5958  0.000e+00
    106.929    15.4810   4.459436    36.0442        865     3.6000  0.000e+00
    106.893    15.4931   4.461217    36.0492        866     3.6042  0.000e+00
    106.825    15.5047   4.463639    36.0606        867     3.6083  0.000e+00
    106.720    15.5193   4.468212    36.0886        868     3.6125  0.000e+00
    106.605    15.5421   4.470876    36.0919        869     3.6167  0.000e+00
    106.476    15.5676   4.474081    36.0975        870     3.6208  0.000e+00
    106.332    15.5926   4.480035    36.1285        871     3.6250  0.000e+00
    106.172    15.6245   4.486473    36.1575        872     3.6292  0.000e+00
    105.996    15.6669   4.489201    36.1433        873     3.6333  0.000e+00
    105.817    15.7039   4.492164    36.1362        874     3.6375  0.000e+00
    105.637    15.7339   4.494894    36.1334        875     3.6417  0.000e+00
    105.455    15.7591   4.496353    36.1236        876     3.6458  0.000e+00
    105.276    15.7800   4.497940    36.1188        877     3.6500  0.000e+00
    105.101    15.7959   4.498408    36.1086        878     3.6542  0.000e+00
    104.945    15.8075   4.498615    36.0998        879     3.6583  0.000e+00
    104.803    15.8144   4.498408    36.0917        880     3.6625  0.000e+00
    104.679    15.8175   4.498461    36.0894        881     3.6667  0.000e+00
    104.571    15.8187   4.498119    36.0853        882     3.6708  0.000e+00
    104.472    15.8187   4.498026    36.0845        883     3.6750  0.000e+00
    104.390    15.8181   4.498280    36.0874        884     3.6792  0.000e+00
    104.318    15.8181   4.498093    36.0858        885     3.6833  0.000e+00
    104.255    15.8178   4.498072    36.0859        886     3.6875  0.000e+00
    104.190    15.8174   4.498072    36.0862        887     3.6917  0.000e+00
    104.122    15.8174   4.498119    36.0867        888     3.6958  0.000e+00
    104.052    15.8174   4.498072    36.0863        889     3.7000  0.000e+00
    103.971    15.8174   4.497389    36.0802        890     3.7042  0.000e+00
    103.865    15.8158   4.496640    36.0750        891     3.7083  0.000e+00
    103.752    15.8121   4.496713    36.0791        892     3.7125  0.000e+00
    103.624    15.8091   4.496640    36.0812        893     3.7167  0.000e+00
    103.482    15.8079   4.496553    36.0816        894     3.7208  0.000e+00
    103.326    15.8071   4.496479    36.0817        895     3.7250  0.000e+00
    103.162    15.8065   4.496325    36.0809        896     3.7292  0.000e+00
    102.988    15.8057   4.496298    36.0815        897     3.7333  0.000e+00
    102.812    15.8050   4.496378    36.0829        898     3.7375  0.000e+00
    102.641    15.8046   4.496298    36.0826        899     3.7417  0.000e+00
    102.463    15.8047   4.496117    36.0810        900     3.7458  0.000e+00
    102.291    15.8044   4.496010    36.0803        901     3.7500  0.000e+00
    102.131    15.8041   4.496037    36.0809        902     3.7542  0.000e+00
    101.980    15.8047   4.497342    36.0922        903     3.7583  0.000e+00
    101.842    15.8084   4.497964    36.0945        904     3.7625  0.000e+00
    101.712    15.8142   4.498045    36.0900        905     3.7667  0.000e+00
    101.592    15.8182   4.497496    36.0814        906     3.7708  0.000e+00
    101.486    15.8191   4.498098    36.0860        907     3.7750  0.000e+00
    101.389    15.8204   4.498198    36.0858        908     3.7792  0.000e+00
    101.306    15.8220   4.498486    36.0870        909     3.7833  0.000e+00
    101.225    15.8235   4.498667    36.0872        910     3.7875  0.000e+00
    101.150    15.8252   4.498794    36.0869        911     3.7917  0.000e+00
    101.073    15.8267   4.499216    36.0893        912     3.7958  0.000e+00
    100.995    15.8288   4.499812    36.0928        913     3.8000  0.000e+00
    100.914    15.8318   4.500073    36.0924        914     3.8042  0.000e+00
    100.825    15.8351   4.499999    36.0888        915     3.8083  0.000e+00
    100.719    15.8369   4.500280    36.0897        916     3.8125  0.000e+00
    100.609    15.8382   4.500515    36.0907        917     3.8167  0.000e+00
    100.481    15.8400   4.500595    36.0899        918     3.8208  0.000e+00
    100.339    15.8417   4.501171    36.0935        919     3.8250  0.000e+00
    100.194    15.8440   4.501271    36.0924        920     3.8292  0.000e+00
    100.034    15.8462   4.502162    36.0984        921     3.8333  0.000e+00
     99.865    15.8496   4.503307    36.1057        922     3.8375  0.000e+00
     99.709    15.8559   4.504171    36.1078        923     3.8417  0.000e+00
     99.545    15.8627   4.505370    36.1124        924     3.8458  0.000e+00
     99.391    15.8708   4.506958    36.1194        925     3.8500  0.000e+00
     99.242    15.8813   4.508814    36.1265        926     3.8542  0.000e+00
     99.098    15.8939   4.508841    36.1152        927     3.8583  0.000e+00
     98.961    15.9030   4.504317    36.0664        928     3.8625  0.000e+00
     98.835    15.9000   4.501973    36.0481        929     3.8667  0.000e+00
     98.715    15.8861   4.488051    35.9359        930     3.8708  0.000e+00
     98.600    15.8501   4.481792    35.9124        931     3.8750  0.000e+00
     98.494    15.8039   4.479955    35.9379        932     3.8792  0.000e+00
     98.386    15.7666   4.482783    35.9974        933     3.8833  0.000e+00
     98.284    15.7532   4.480731    35.9912        934     3.8875  0.000e+00
     98.179    15.7454   4.479253    35.9850        935     3.8917  0.000e+00
     98.070    15.7358   4.479848    35.9992        936     3.8958  0.000e+00
     97.960    15.7316   4.496143    36.1500        937     3.9000  0.000e+00
     97.845    15.7733   4.527100    36.3908        938     3.9042  0.000e+00
     97.727    15.9086   4.538564    36.3695        939     3.9083  0.000e+00
     97.599    16.0535   4.532032    36.1781        940     3.9125  0.000e+00
     97.480    16.1339   4.579040    36.5253        941     3.9167  0.000e+00
     97.351    16.2719   4.596071    36.5507        942     3.9208  0.000e+00
     97.220    16.4666   4.594460    36.3581        943     3.9250  0.000e+00
     97.087    16.5879   4.594215    36.2457        944     3.9292  0.000e+00
     96.961    16.6471   4.590850    36.1624        945     3.9333  0.000e+00
     96.832    16.6647   4.583985    36.0859        946     3.9375  0.000e+00
     96.708    16.6482   4.575680    36.0274        947     3.9417  0.000e+00
     96.586    16.6047   4.574480    36.0561        948     3.9458  0.000e+00
     96.474    16.5746   4.578311    36.1172        949     3.9500  0.000e+00
     96.368    16.5663   4.576929    36.1125        950     3.9542  0.000e+00
     96.264    16.5620   4.576443    36.1122        951     3.9583  0.000e+00
     96.158    16.5544   4.579189    36.1433        952     3.9625  0.000e+00
     96.059    16.5582   4.580922    36.1553        953     3.9667  0.000e+00
     95.958    16.5708   4.595687    36.2747        954     3.9708  0.000e+00
     95.858    16.6204   4.591526    36.1929        955     3.9750  0.000e+00
     95.752    16.6564   4.603323    36.2646        956     3.9792  0.000e+00
     95.642    16.7000   4.605547    36.2449        957     3.9833  0.000e+00
     95.529    16.7408   4.599570    36.1553        958     3.9875  0.000e+00
     95.414    16.7490   4.601841    36.1680        959     3.9917  0.000e+00
     95.297    16.7504   4.602970    36.1767        960     3.9958  0.000e+00
     95.177    16.7580   4.599881    36.1427        961     4.0000  0.000e+00
     95.049    16.7528   4.608149    36.2203        962     4.0042  0.000e+00
     94.922    16.7676   4.620459    36.3155        963     4.0083  0.000e+00
     94.794    16.8243   4.623106    36.2875        964     4.0125  0.000e+00
     94.668    16.8740   4.623912    36.2497        965     4.0167  0.000e+00
     94.534    16.9059   4.622319    36.2070        966     4.0208  0.000e+00
     94.402    16.9191   4.622434    36.1962        967     4.0250  0.000e+00
     94.266    16.9234   4.624209    36.2079        968     4.0292  0.000e+00
     94.133    16.9295   4.624188    36.2023        969     4.0333  0.000e+00
     94.003    16.9351   4.622806    36.1852        970     4.0375  0.000e+00
     93.872    16.9339   4.623937    36.1963        971     4.0417  0.000e+00
     93.745    16.9348   4.623619    36.1927        972     4.0458  0.000e+00
     93.621    16.9356   4.623558    36.1915        973     4.0500  0.000e+00
     93.499    16.9352   4.623070    36.1876        974     4.0542  0.000e+00
     93.385    16.9337   4.622508    36.1840        975     4.0583  0.000e+00
     93.274    16.9312   4.621594    36.1784        976     4.0625  0.000e+00
     93.166    16.9257   4.621939    36.1863        977     4.0667  0.000e+00
     93.064    16.9222   4.621025    36.1815        978     4.0708  0.000e+00
     92.967    16.9192   4.621025    36.1843        979     4.0750  0.000e+00
     92.871    16.9160   4.621865    36.1945        980     4.0792  0.000e+00
     92.778    16.9169   4.622454    36.1990        981     4.0833  0.000e+00
     92.683    16.9200   4.620327    36.1775        982     4.0875  0.000e+00
     92.586    16.9174   4.621424    36.1896        983     4.0917  0.000e+00
     92.485    16.9148   4.621668    36.1941        984     4.0958  0.000e+00
     92.379    16.9168   4.624391    36.2163        985     4.1000  0.000e+00
     92.262    16.9250   4.626355    36.2262        986     4.1042  0.000e+00
     92.138    16.9383   4.623503    36.1892        987     4.1083  0.000e+00
     92.013    16.9399   4.622948    36.1829        988     4.1125  0.000e+00
     91.881    16.9352   4.624797    36.2034        989     4.1167  0.000e+00
     91.743    16.9355   4.620164    36.1625        990     4.1208  0.000e+00
     91.599    16.9275   4.623699    36.2009        991     4.1250  0.000e+00
     91.454    16.9262   4.625582    36.2186        992     4.1292  0.000e+00
     91.310    16.9325   4.630387    36.2552        993     4.1333  0.000e+00
     91.173    16.9531   4.632799    36.2579        994     4.1375  0.000e+00
     91.041    16.9783   4.637843    36.2795        995     4.1417  0.000e+00
     90.917    17.0071   4.636242    36.2395        996     4.1458  0.000e+00
     90.802    17.0256   4.635788    36.2188        997     4.1500  0.000e+00
     90.695    17.0317   4.636167    36.2168        998     4.1542  0.000e+00
     90.600    17.0352   4.636269    36.2145        999     4.1583  0.000e+00
     90.512    17.0380   4.639382    36.2393       1000     4.1625  0.000e+00
     90.431    17.0468   4.640521    36.2414       1001     4.1667  0.000e+00
     90.352    17.0589   4.639951    36.2256       1002     4.1708  0.000e+00
     90.282    17.0649   4.640250    36.2228       1003     4.1750  0.000e+00
     90.203    17.0679   4.640813    36.2251       1004     4.1792  0.000e+00
     90.124    17.0708   4.641715    36.2304       1005     4.1833  0.000e+00
     90.049    17.0760   4.641769    36.2262       1006     4.1875  0.000e+00
     89.959    17.0799   4.641769    36.2228       1007     4.1917  0.000e+00
     89.851    17.0813   4.639483    36.2015       1008     4.1958  0.000e+00
     89.747    17.0770   4.638330    36.1953       1009     4.2000  0.000e+00
     89.630    17.0665   4.638086    36.2027       1010     4.2042  0.000e+00
     89.501    17.0594   4.637360    36.2027       1011     4.2083  0.000e+00
     89.366    17.0541   4.636573    36.2007       1012     4.2125  0.000e+00
     89.231    17.0479   4.637645    36.2157       1013     4.2167  0.000e+00
     89.089    17.0464   4.638574    36.2253       1014     4.2208  0.000e+00
     88.947    17.0493   4.640412    36.2388       1015     4.2250  0.000e+00
     88.803    17.0586   4.640548    36.2317       1016     4.2292  0.000e+00
     88.671    17.0651   4.639462    36.2163       1017     4.2333  0.000e+00
     88.547    17.0661   4.639306    36.2141       1018     4.2375  0.000e+00
     88.439    17.0649   4.639571    36.2176       1019     4.2417  0.000e+00
     88.329    17.0643   4.640466    36.2260       1020     4.2458  0.000e+00
     88.239    17.0670   4.640914    36.2275       1021     4.2500  0.000e+00
     88.153    17.0707   4.640737    36.2227       1022     4.2542  0.000e+00
     88.070    17.0730   4.640316    36.2170       1023     4.2583  0.000e+00
     87.997    17.0725   4.640547    36.2195       1024     4.2625  0.000e+00
     87.921    17.0724   4.638994    36.2060       1025     4.2667  0.000e+00
     87.842    17.0686   4.638546    36.2055       1026     4.2708  0.000e+00
     87.765    17.0632   4.640004    36.2232       1027     4.2750  0.000e+00
     87.675    17.0637   4.640628    36.2282       1028     4.2792  0.000e+00
     87.583    17.0675   4.641090    36.2289       1029     4.2833  0.000e+00
     87.481    17.0720   4.640031    36.2156       1030     4.2875  0.000e+00
     87.380    17.0719   4.640214    36.2173       1031     4.2917  0.000e+00
     87.271    17.0713   4.640655    36.2218       1032     4.2958  0.000e+00
     87.161    17.0720   4.640214    36.2173       1033     4.3000  0.000e+00
     87.050    17.0717   4.639923    36.2151       1034     4.3042  0.000e+00
     86.946    17.0700   4.640737    36.2238       1035     4.3083  0.000e+00
