PC2406/sbe056.cnv
* Sea-Bird SBE 19plus V2 Data File:
* FileName = C:\cruise\data\sbe056.hex
* Software Version Seasave V 7.26.7.121
* Temperature SN = 7142
* Conductivity SN = 7142
* System UpLoad Time = Nov 09 2024 11:39:33
* NMEA Latitude = 38 49.95 N
* NMEA Longitude = 074 31.32 W
* NMEA UTC (Time) = Nov 09 2024  11:39:25
** Ship: Pisces
** Cruise:  PC2406
** Program:  Fall ECOMON
# nquan = 7
# nvalues = 1747                                  
# units = specified
# name 0 = depSM: Depth [salt water, m]
# name 1 = tv290C: Temperature [ITS-90, deg C]
# name 2 = c0S/m: Conductivity [S/m]
# name 3 = sal00: Salinity, Practical [PSU]
# name 4 = scan: Scan Count
# name 5 = timeM: Time, Elapsed [minutes]
# name 6 = flag:  0.000e+00
# span 0 =      0.054,     16.521                 
# span 1 =    10.3059,    17.2154                 
# span 2 =   0.000031,   4.230836                 
# span 3 =     0.0053,    33.3994                 
# span 4 =         11,       1757                 
# span 5 =     0.0417,     7.3167                 
# span 6 = 0.0000e+00, 0.0000e+00                 
# interval = seconds: 0.25
# start_time = Nov 09 2024 11:39:25 [NMEA time, header]
# bad_flag = -9.990e-29
*END*
[from data line 206]
      2.755    17.1519   4.219151    32.5249        217     0.9000  0.000e+00
      2.647    17.1589   4.221830    32.5423        218     0.9042  0.000e+00
      2.514    17.1692   4.222528    32.5401        219     0.9083  0.000e+00
      2.401    17.1775   4.221882    32.5279        220     0.9125  0.000e+00
      2.335    17.1826   4.221015    32.5163        221     0.9167  0.000e+00
      2.311    17.1855   4.219300    32.4992        222     0.9208  0.000e+00
      2.347    17.1850   4.216484    32.4754        223     0.9250  0.000e+00
      2.408    17.1842   4.213063    32.4466        224     0.9292  0.000e+00
      2.484    17.1824   4.209468    32.4172        225     0.9333  0.000e+00
      2.590    17.1784   4.206257    32.3927        226     0.9375  0.000e+00
      2.726    17.1738   4.205893    32.3932        227     0.9417  0.000e+00
      2.872    17.1712   4.210250    32.4327        228     0.9458  0.000e+00
      3.019    17.1699   4.212614    32.4540        229     0.9500  0.000e+00
      3.157    17.1677   4.213696    32.4651        230     0.9542  0.000e+00
      3.303    17.1608   4.214771    32.4798        231     0.9583  0.000e+00
      3.448    17.1543   4.215547    32.4916        232     0.9625  0.000e+00
      3.568    17.1543   4.217339    32.5070        233     0.9667  0.000e+00
      3.638    17.1542   4.219014    32.5215        234     0.9708  0.000e+00
      3.642    17.1566   4.220664    32.5337        235     0.9750  0.000e+00
      3.611    17.1643   4.223154    32.5490        236     0.9792  0.000e+00
      3.565    17.1725   4.224485    32.5539        237     0.9833  0.000e+00
      3.498    17.1788   4.224439    32.5484        238     0.9875  0.000e+00
      3.414    17.1814   4.224628    32.5479        239     0.9917  0.000e+00
      3.313    17.1835   4.224543    32.5456        240     0.9958  0.000e+00
      3.227    17.1863   4.223976    32.5385        241     1.0000  0.000e+00
      3.179    17.1892   4.222574    32.5241        242     1.0042  0.000e+00
      3.193    17.1892   4.219998    32.5019        243     1.0083  0.000e+00
      3.261    17.1852   4.216661    32.4765        244     1.0125  0.000e+00
      3.373    17.1802   3.382795    25.4266        245     1.0167  0.000e+00
      3.506    17.1765   2.298310    16.6239        246     1.0208  0.000e+00
      3.649    17.1737   2.593075    18.9746        247     1.0250  0.000e+00
      3.796    17.1619   2.453019    17.8591        248     1.0292  0.000e+00
      3.938    17.1386   2.572902    18.8289        249     1.0333  0.000e+00
      4.082    17.1259   2.994357    22.2529        250     1.0375  0.000e+00
      4.236    17.1155   3.746400    28.5184        251     1.0417  0.000e+00
      4.373    17.1159   4.215026    32.5177        252     1.0458  0.000e+00
      4.427    17.1275   4.219569    32.5476        253     1.0500  0.000e+00
      4.405    17.1386   4.221720    32.5571        254     1.0542  0.000e+00
      4.341    17.1502   4.223377    32.5620        255     1.0583  0.000e+00
      4.283    17.1634   4.224818    32.5638        256     1.0625  0.000e+00
      4.236    17.1750   4.225183    32.5576        257     1.0667  0.000e+00
      4.208    17.1825   4.223989    32.5413        258     1.0708  0.000e+00
      4.192    17.1861   4.222750    32.5278        259     1.0750  0.000e+00
      4.199    17.1892   4.221518    32.5147        260     1.0792  0.000e+00
      4.245    17.1900   4.220122    32.5020        261     1.0833  0.000e+00
      4.314    17.1888   4.220057    32.5024        262     1.0875  0.000e+00
      4.394    17.1871   4.220963    32.5115        263     1.0917  0.000e+00
      4.486    17.1862   4.221570    32.5174        264     1.0958  0.000e+00
      4.587    17.1838   4.222098    32.5239        265     1.1000  0.000e+00
      4.689    17.1794   4.221570    32.5228        266     1.1042  0.000e+00
      4.797    17.1759   4.220762    32.5187        267     1.1083  0.000e+00
      4.906    17.1736   4.220507    32.5182        268     1.1125  0.000e+00
      4.992    17.1721   4.220710    32.5212        269     1.1167  0.000e+00
      5.068    17.1704   4.221570    32.5299        270     1.1208  0.000e+00
      5.100    17.1680   4.222177    32.5371        271     1.1250  0.000e+00
      5.107    17.1679   4.222249    32.5378        272     1.1292  0.000e+00
      5.098    17.1697   4.222170    32.5357        273     1.1333  0.000e+00
      5.071    17.1729   4.222196    32.5333        274     1.1375  0.000e+00
      5.048    17.1752   4.221231    32.5231        275     1.1417  0.000e+00
      5.032    17.1779   4.220234    32.5124        276     1.1458  0.000e+00
      5.025    17.1812   4.221179    32.5179        277     1.1500  0.000e+00
      5.036    17.1833   4.221088    32.5154        278     1.1542  0.000e+00
      5.061    17.1848   4.220579    32.5098        279     1.1583  0.000e+00
      5.113    17.1849   4.220084    32.5054        280     1.1625  0.000e+00
      5.185    17.1828   4.220005    32.5064        281     1.1667  0.000e+00
      5.278    17.1805   4.219758    32.5061        282     1.1708  0.000e+00
      5.377    17.1786   4.220058    32.5102        283     1.1750  0.000e+00
      5.488    17.1764   4.220775    32.5181        284     1.1792  0.000e+00
      5.599    17.1722   4.221544    32.5280        285     1.1833  0.000e+00
      5.709    17.1703   4.221975    32.5332        286     1.1875  0.000e+00
      5.818    17.1702   4.222399    32.5370        287     1.1917  0.000e+00
      5.924    17.1706   4.223084    32.5425        288     1.1958  0.000e+00
      5.993    17.1727   4.223788    32.5468        289     1.2000  0.000e+00
      6.025    17.1760   4.224166    32.5474        290     1.2042  0.000e+00
      6.021    17.1791   4.224799    32.5503        291     1.2083  0.000e+00
      5.989    17.1838   4.225099    32.5491        292     1.2125  0.000e+00
      5.964    17.1879   4.226345    32.5566        293     1.2167  0.000e+00
      5.946    17.1919   4.226462    32.5544        294     1.2208  0.000e+00
      5.944    17.1952   4.226201    32.5494        295     1.2250  0.000e+00
      5.962    17.1965   4.225451    32.5420        296     1.2292  0.000e+00
      5.989    17.1958   4.225066    32.5392        297     1.2333  0.000e+00
      6.036    17.1946   4.225327    32.5424        298     1.2375  0.000e+00
      6.082    17.1933   4.225353    32.5436        299     1.2417  0.000e+00
      6.144    17.1918   4.225275    32.5442        300     1.2458  0.000e+00
      6.205    17.1905   4.225353    32.5459        301     1.2500  0.000e+00
      6.275    17.1895   4.225255    32.5458        302     1.2542  0.000e+00
      6.341    17.1892   4.224897    32.5430        303     1.2583  0.000e+00
      6.411    17.1897   4.224603    32.5400        304     1.2625  0.000e+00
      6.474    17.1898   4.224773    32.5413        305     1.2667  0.000e+00
      6.546    17.1890   4.224727    32.5416        306     1.2708  0.000e+00
      6.619    17.1879   4.224466    32.5402        307     1.2750  0.000e+00
      6.691    17.1870   4.224460    32.5408        308     1.2792  0.000e+00
      6.761    17.1863   4.224695    32.5434        309     1.2833  0.000e+00
      6.831    17.1858   4.227572    32.5685        310     1.2875  0.000e+00
      6.891    17.1868   4.229235    32.5820        311     1.2917  0.000e+00
      6.941    17.1923   4.229340    32.5784        312     1.2958  0.000e+00
      6.979    17.1975   4.229340    32.5743        313     1.3000  0.000e+00
      7.004    17.2008   4.229385    32.5720        314     1.3042  0.000e+00
      7.022    17.2024   4.229483    32.5715        315     1.3083  0.000e+00
      7.027    17.2038   4.229542    32.5709        316     1.3125  0.000e+00
      7.034    17.2048   4.229581    32.5704        317     1.3167  0.000e+00
      7.041    17.2050   4.229561    32.5700        318     1.3208  0.000e+00
      7.056    17.2053   4.229581    32.5700        319     1.3250  0.000e+00
      7.068    17.2056   4.229561    32.5696        320     1.3292  0.000e+00
      7.081    17.2052   4.229555    32.5698        321     1.3333  0.000e+00
      7.106    17.2053   4.229490    32.5692        322     1.3375  0.000e+00
      7.135    17.2049   4.229359    32.5683        323     1.3417  0.000e+00
      7.164    17.2039   4.229385    32.5694        324     1.3458  0.000e+00
      7.196    17.2037   4.229411    32.5698        325     1.3500  0.000e+00
      7.239    17.2035   4.229385    32.5697        326     1.3542  0.000e+00
      7.280    17.2029   4.229314    32.5695        327     1.3583  0.000e+00
      7.323    17.2028   4.229385    32.5702        328     1.3625  0.000e+00
      7.336    17.2029   4.229542    32.5714        329     1.3667  0.000e+00
      7.352    17.2034   4.229627    32.5718        330     1.3708  0.000e+00
      7.374    17.2040   4.229640    32.5714        331     1.3750  0.000e+00
      7.411    17.2047   4.229653    32.5710        332     1.3792  0.000e+00
      7.460    17.2049   4.229692    32.5711        333     1.3833  0.000e+00
      7.526    17.2052   4.229744    32.5713        334     1.3875  0.000e+00
      7.595    17.2058   4.229744    32.5708        335     1.3917  0.000e+00
      7.677    17.2055   4.229653    32.5702        336     1.3958  0.000e+00
      7.763    17.2054   4.229542    32.5693        337     1.4000  0.000e+00
      7.850    17.2048   4.229359    32.5682        338     1.4042  0.000e+00
      7.934    17.2031   4.229236    32.5685        339     1.4083  0.000e+00
      8.022    17.2019   4.229190    32.5690        340     1.4125  0.000e+00
      8.078    17.2009   4.229210    32.5699        341     1.4167  0.000e+00
      8.110    17.2002   4.229464    32.5727        342     1.4208  0.000e+00
      8.110    17.2008   4.229914    32.5761        343     1.4250  0.000e+00
      8.078    17.2032   4.229993    32.5749        344     1.4292  0.000e+00
      8.038    17.2053   4.229699    32.5707        345     1.4333  0.000e+00
      7.988    17.2054   4.229542    32.5693        346     1.4375  0.000e+00
      7.929    17.2044   4.229699    32.5714        347     1.4417  0.000e+00
      7.875    17.2042   4.230273    32.5765        348     1.4458  0.000e+00
      7.830    17.2068   4.230306    32.5748        349     1.4500  0.000e+00
      7.817    17.2088   4.230273    32.5728        350     1.4542  0.000e+00
      7.828    17.2096   4.230064    32.5704        351     1.4583  0.000e+00
      7.871    17.2098   4.229614    32.5664        352     1.4625  0.000e+00
      7.937    17.2073   4.228974    32.5629        353     1.4667  0.000e+00
      8.027    17.2029   4.228857    32.5653        354     1.4708  0.000e+00
      8.119    17.1991   4.228903    32.5687        355     1.4750  0.000e+00
      8.212    17.1973   4.228786    32.5692        356     1.4792  0.000e+00
      8.327    17.1961   4.228759    32.5698        357     1.4833  0.000e+00
      8.433    17.1953   4.228779    32.5706        358     1.4875  0.000e+00
      8.555    17.1950   4.228786    32.5709        359     1.4917  0.000e+00
      8.654    17.1946   4.228779    32.5711        360     1.4958  0.000e+00
      8.749    17.1946   4.228786    32.5711        361     1.5000  0.000e+00
      8.807    17.1944   4.228805    32.5715        362     1.5042  0.000e+00
      8.819    17.1945   4.228734    32.5708        363     1.5083  0.000e+00
      8.799    17.1944   4.228610    32.5698        364     1.5125  0.000e+00
      8.771    17.1934   4.228629    32.5708        365     1.5167  0.000e+00
      8.755    17.1928   4.228296    32.5684        366     1.5208  0.000e+00
      8.755    17.1923   4.228629    32.5717        367     1.5250  0.000e+00
      8.774    17.1921   4.228636    32.5718        368     1.5292  0.000e+00
      8.814    17.1923   4.228557    32.5710        369     1.5333  0.000e+00
      8.866    17.1922   4.228407    32.5698        370     1.5375  0.000e+00
      8.940    17.1915   4.228394    32.5702        371     1.5417  0.000e+00
      9.010    17.1906   4.228381    32.5708        372     1.5458  0.000e+00
      9.087    17.1901   4.228421    32.5715        373     1.5500  0.000e+00
      9.162    17.1900   4.228629    32.5734        374     1.5542  0.000e+00
      9.241    17.1911   4.228949    32.5752        375     1.5583  0.000e+00
      9.306    17.1928   4.229184    32.5758        376     1.5625  0.000e+00
      9.358    17.1951   4.228903    32.5716        377     1.5667  0.000e+00
      9.401    17.1970   4.229386    32.5741        378     1.5708  0.000e+00
      9.430    17.1985   4.229504    32.5740        379     1.5750  0.000e+00
      9.441    17.1996   4.229288    32.5712        380     1.5792  0.000e+00
      9.446    17.2000   4.229073    32.5691        381     1.5833  0.000e+00
      9.433    17.1990   4.229034    32.5695        382     1.5875  0.000e+00
      9.419    17.1980   4.229262    32.5723        383     1.5917  0.000e+00
      9.399    17.1982   4.229210    32.5717        384     1.5958  0.000e+00
      9.390    17.1983   4.228962    32.5695        385     1.6000  0.000e+00
      9.401    17.1975   4.228975    32.5702        386     1.6042  0.000e+00
      9.437    17.1967   4.229008    32.5711        387     1.6083  0.000e+00
      9.489    17.1962   4.229145    32.5727        388     1.6125  0.000e+00
      9.552    17.1966   4.229236    32.5731        389     1.6167  0.000e+00
      9.631    17.1974   4.229315    32.5731        390     1.6208  0.000e+00
      9.705    17.1980   4.229386    32.5732        391     1.6250  0.000e+00
      9.782    17.1989   4.229530    32.5737        392     1.6292  0.000e+00
      9.866    17.2000   4.229641    32.5737        393     1.6333  0.000e+00
      9.942    17.2009   4.229654    32.5731        394     1.6375  0.000e+00
     10.024    17.2018   4.229693    32.5727        395     1.6417  0.000e+00
     10.089    17.2022   4.229726    32.5726        396     1.6458  0.000e+00
     10.141    17.2026   4.229641    32.5715        397     1.6500  0.000e+00
     10.161    17.2029   4.229615    32.5710        398     1.6542  0.000e+00
     10.161    17.2027   4.229674    32.5718        399     1.6583  0.000e+00
     10.139    17.2026   4.229413    32.5696        400     1.6625  0.000e+00
     10.116    17.2018   4.229263    32.5690        401     1.6667  0.000e+00
     10.085    17.2002   4.229367    32.5712        402     1.6708  0.000e+00
     10.067    17.1995   4.229504    32.5729        403     1.6750  0.000e+00
     10.058    17.2000   4.229491    32.5724        404     1.6792  0.000e+00
     10.069    17.2005   4.229484    32.5720        405     1.6833  0.000e+00
     10.100    17.2009   4.229543    32.5721        406     1.6875  0.000e+00
     10.144    17.2010   4.229530    32.5719        407     1.6917  0.000e+00
     10.202    17.2009   4.229439    32.5711        408     1.6958  0.000e+00
     10.261    17.2010   4.229485    32.5714        409     1.7000  0.000e+00
     10.329    17.2009   4.229615    32.5727        410     1.7042  0.000e+00
     10.398    17.2010   4.229700    32.5732        411     1.7083  0.000e+00
     10.480    17.2019   4.229720    32.5727        412     1.7125  0.000e+00
     10.563    17.2026   4.229693    32.5718        413     1.7167  0.000e+00
     10.638    17.2026   4.229583    32.5709        414     1.7208  0.000e+00
     10.690    17.2024   4.229720    32.5722        415     1.7250  0.000e+00
     10.732    17.2024   4.229915    32.5739        416     1.7292  0.000e+00
     10.757    17.2034   4.230150    32.5750        417     1.7333  0.000e+00
     10.760    17.2054   4.230209    32.5740        418     1.7375  0.000e+00
     10.759    17.2063   4.229948    32.5709        419     1.7417  0.000e+00
     10.755    17.2062   4.229583    32.5679        420     1.7458  0.000e+00
