PC2406/sbe026.cnv
* Sea-Bird SBE 19plus V2 Data File:
* FileName = C:\cruise\data\sbe026.hex
* Software Version Seasave V 7.26.7.121
* Temperature SN = 7142
* Conductivity SN = 7142
* System UpLoad Time = Oct 29 2024 14:55:53
* NMEA Latitude = 39 45.76 N
* NMEA Longitude = 073 09.02 W
* NMEA UTC (Time) = Oct 29 2024  14:55:51
** Ship: Pisces
** Cruise:  PC2406
** Program:  Fall ECOMON
# nquan = 7
# nvalues = 1451                                  
# units = specified
# name 0 = depSM: Depth [salt water, m]
# name 1 = tv290C: Temperature [ITS-90, deg C]
# name 2 = c0S/m: Conductivity [S/m]
# name 3 = sal00: Salinity, Practical [PSU]
# name 4 = scan: Scan Count
# name 5 = timeM: Time, Elapsed [minutes]
# name 6 = flag:  0.000e+00
# span 0 =      0.139,     44.363                 
# span 1 =    16.7776,    17.2159                 
# span 2 =  -0.000003,   4.294526                 
# span 3 =     0.0000,    33.3594                 
# span 4 =         11,       1461                 
# span 5 =     0.0417,     6.0833                 
# span 6 = 0.0000e+00, 0.0000e+00                 
# interval = seconds: 0.25
# start_time = Oct 29 2024 14:55:51 [NMEA time, header]
# bad_flag = -9.990e-29
*END*
[from data line 206]
     12.242    17.0446   4.284063    33.1690        217     0.9000  0.000e+00
     12.380    17.0460   4.284135    33.1684        218     0.9042  0.000e+00
     12.513    17.0468   4.284187    33.1682        219     0.9083  0.000e+00
     12.642    17.0484   4.284286    33.1676        220     0.9125  0.000e+00
     12.775    17.0498   4.284502    33.1683        221     0.9167  0.000e+00
     12.910    17.0520   4.284529    33.1667        222     0.9208  0.000e+00
     13.046    17.0551   4.284594    33.1646        223     0.9250  0.000e+00
     13.181    17.0578   4.284752    33.1638        224     0.9292  0.000e+00
     13.321    17.0606   4.285060    33.1641        225     0.9333  0.000e+00
     13.472    17.0622   4.285316    33.1649        226     0.9375  0.000e+00
     13.619    17.0646   4.285683    33.1660        227     0.9417  0.000e+00
     13.775    17.0666   4.286058    33.1676        228     0.9458  0.000e+00
     13.933    17.0687   4.286195    33.1670        229     0.9500  0.000e+00
     14.084    17.0716   4.286136    33.1640        230     0.9542  0.000e+00
     14.240    17.0734   4.286077    33.1620        231     0.9583  0.000e+00
     14.406    17.0737   4.285907    33.1602        232     0.9625  0.000e+00
     14.569    17.0730   4.285598    33.1581        233     0.9667  0.000e+00
     14.732    17.0720   4.285146    33.1549        234     0.9708  0.000e+00
     14.896    17.0709   4.284674    33.1516        235     0.9750  0.000e+00
     15.052    17.0691   4.282738    33.1363        236     0.9792  0.000e+00
     15.205    17.0593   4.280902    33.1284        237     0.9833  0.000e+00
     15.357    17.0407   4.280856    33.1433        238     0.9875  0.000e+00
     15.508    17.0276   4.280850    33.1540        239     0.9917  0.000e+00
     15.659    17.0213   4.280883    33.1594        240     0.9958  0.000e+00
     15.788    17.0181   4.280850    33.1617        241     1.0000  0.000e+00
     15.910    17.0166   4.280850    33.1629        242     1.0042  0.000e+00
     16.036    17.0159   4.280883    33.1637        243     1.0083  0.000e+00
     16.149    17.0157   4.280929    33.1642        244     1.0125  0.000e+00
     16.271    17.0160   4.281060    33.1651        245     1.0167  0.000e+00
     16.383    17.0166   4.281244    33.1661        246     1.0208  0.000e+00
     16.501    17.0180   4.281316    33.1656        247     1.0250  0.000e+00
     16.629    17.0191   4.281100    33.1627        248     1.0292  0.000e+00
     16.762    17.0190   4.280929    33.1613        249     1.0333  0.000e+00
     16.902    17.0178   4.280831    33.1614        250     1.0375  0.000e+00
     17.047    17.0162   4.280851    33.1628        251     1.0417  0.000e+00
     17.196    17.0156   4.280884    33.1636        252     1.0458  0.000e+00
     17.345    17.0155   4.280877    33.1635        253     1.0500  0.000e+00
     17.494    17.0152   4.280904    33.1640        254     1.0542  0.000e+00
     17.649    17.0150   4.280884    33.1639        255     1.0583  0.000e+00
     17.805    17.0150   4.280930    33.1642        256     1.0625  0.000e+00
     17.965    17.0150   4.280930    33.1641        257     1.0667  0.000e+00
     18.121    17.0152   4.280904    33.1637        258     1.0708  0.000e+00
     18.270    17.0152   4.280956    33.1641        259     1.0750  0.000e+00
     18.423    17.0154   4.280976    33.1640        260     1.0792  0.000e+00
     18.574    17.0155   4.280976    33.1639        261     1.0833  0.000e+00
     18.735    17.0155   4.280957    33.1637        262     1.0875  0.000e+00
     18.884    17.0155   4.281003    33.1640        263     1.0917  0.000e+00
     19.021    17.0155   4.280957    33.1636        264     1.0958  0.000e+00
     19.159    17.0154   4.280780    33.1621        265     1.1000  0.000e+00
     19.290    17.0154   4.281003    33.1639        266     1.1042  0.000e+00
     19.414    17.0152   4.280983    33.1639        267     1.1083  0.000e+00
     19.538    17.0153   4.280977    33.1637        268     1.1125  0.000e+00
     19.649    17.0153   4.281009    33.1639        269     1.1167  0.000e+00
     19.761    17.0154   4.280977    33.1635        270     1.1208  0.000e+00
     19.877    17.0151   4.280957    33.1636        271     1.1250  0.000e+00
     19.998    17.0150   4.280931    33.1634        272     1.1292  0.000e+00
     20.122    17.0147   4.280905    33.1634        273     1.1333  0.000e+00
     20.260    17.0143   4.280885    33.1634        274     1.1375  0.000e+00
     20.387    17.0138   4.280852    33.1635        275     1.1417  0.000e+00
     20.531    17.0134   4.280833    33.1636        276     1.1458  0.000e+00
     20.680    17.0133   4.280879    33.1641        277     1.1500  0.000e+00
     20.849    17.0133   4.280905    33.1643        278     1.1542  0.000e+00
     21.021    17.0133   4.280958    33.1647        279     1.1583  0.000e+00
     21.195    17.0134   4.280977    33.1646        280     1.1625  0.000e+00
     21.368    17.0137   4.280984    33.1644        281     1.1667  0.000e+00
     21.553    17.0137   4.280951    33.1641        282     1.1708  0.000e+00
     21.745    17.0138   4.281004    33.1643        283     1.1750  0.000e+00
     21.934    17.0139   4.281010    33.1643        284     1.1792  0.000e+00
     22.115    17.0140   4.281050    33.1645        285     1.1833  0.000e+00
     22.277    17.0143   4.281063    33.1643        286     1.1875  0.000e+00
     22.420    17.0145   4.281175    33.1650        287     1.1917  0.000e+00
     22.555    17.0149   4.281214    33.1650        288     1.1958  0.000e+00
     22.666    17.0156   4.281221    33.1644        289     1.2000  0.000e+00
     22.761    17.0158   4.281319    33.1651        290     1.2042  0.000e+00
     22.833    17.0163   4.281319    33.1646        291     1.2083  0.000e+00
     22.907    17.0168   4.281247    33.1636        292     1.2125  0.000e+00
     22.982    17.0165   4.281142    33.1629        293     1.2167  0.000e+00
     23.063    17.0158   4.281076    33.1628        294     1.2208  0.000e+00
     23.156    17.0149   4.281024    33.1631        295     1.2250  0.000e+00
     23.257    17.0138   4.281011    33.1638        296     1.2292  0.000e+00
     23.359    17.0131   4.280978    33.1641        297     1.2333  0.000e+00
     23.473    17.0128   4.280959    33.1642        298     1.2375  0.000e+00
     23.602    17.0123   4.280952    33.1645        299     1.2417  0.000e+00
     23.744    17.0121   4.280985    33.1649        300     1.2458  0.000e+00
     23.902    17.0121   4.281005    33.1650        301     1.2500  0.000e+00
     24.058    17.0120   4.281051    33.1654        302     1.2542  0.000e+00
     24.225    17.0124   4.281038    33.1649        303     1.2583  0.000e+00
     24.405    17.0125   4.281051    33.1648        304     1.2625  0.000e+00
     24.595    17.0124   4.280907    33.1636        305     1.2667  0.000e+00
     24.787    17.0126   4.281103    33.1651        306     1.2708  0.000e+00
     24.986    17.0128   4.281103    33.1649        307     1.2750  0.000e+00
     25.179    17.0130   4.281143    33.1649        308     1.2792  0.000e+00
     25.355    17.0131   4.281176    33.1651        309     1.2833  0.000e+00
     25.520    17.0133   4.281143    33.1645        310     1.2875  0.000e+00
     25.672    17.0132   4.281123    33.1645        311     1.2917  0.000e+00
     25.816    17.0130   4.281091    33.1643        312     1.2958  0.000e+00
     25.944    17.0125   4.281078    33.1645        313     1.3000  0.000e+00
     26.048    17.0120   4.281006    33.1642        314     1.3042  0.000e+00
     26.150    17.0113   4.281038    33.1651        315     1.3083  0.000e+00
     26.260    17.0108   4.281006    33.1652        316     1.3125  0.000e+00
     26.360    17.0105   4.280986    33.1652        317     1.3167  0.000e+00
     26.479    17.0102   4.280980    33.1654        318     1.3208  0.000e+00
     26.588    17.0097   4.281025    33.1661        319     1.3250  0.000e+00
     26.705    17.0099   4.281039    33.1661        320     1.3292  0.000e+00
     26.825    17.0100   4.281078    33.1662        321     1.3333  0.000e+00
     26.955    17.0104   4.281091    33.1660        322     1.3375  0.000e+00
     27.091    17.0108   4.281104    33.1657        323     1.3417  0.000e+00
     27.238    17.0109   4.281104    33.1656        324     1.3458  0.000e+00
     27.393    17.0110   4.281118    33.1655        325     1.3500  0.000e+00
     27.553    17.0110   4.281124    33.1655        326     1.3542  0.000e+00
     27.727    17.0110   4.281118    33.1654        327     1.3583  0.000e+00
     27.906    17.0109   4.281151    33.1658        328     1.3625  0.000e+00
     28.086    17.0110   4.281170    33.1658        329     1.3667  0.000e+00
     28.262    17.0114   4.281177    33.1655        330     1.3708  0.000e+00
     28.420    17.0114   4.281203    33.1656        331     1.3750  0.000e+00
     28.575    17.0117   4.281171    33.1650        332     1.3792  0.000e+00
     28.715    17.0115   4.281105    33.1645        333     1.3833  0.000e+00
     28.840    17.0112   4.281144    33.1651        334     1.3875  0.000e+00
     28.953    17.0108   4.281105    33.1651        335     1.3917  0.000e+00
     29.049    17.0105   4.281125    33.1655        336     1.3958  0.000e+00
     29.146    17.0100   4.281092    33.1655        337     1.4000  0.000e+00
     29.237    17.0100   4.281125    33.1657        338     1.4042  0.000e+00
     29.334    17.0100   4.281145    33.1659        339     1.4083  0.000e+00
     29.438    17.0101   4.281178    33.1660        340     1.4125  0.000e+00
     29.550    17.0105   4.281171    33.1657        341     1.4167  0.000e+00
     29.665    17.0106   4.281151    33.1653        342     1.4208  0.000e+00
     29.794    17.0107   4.281151    33.1652        343     1.4250  0.000e+00
     29.930    17.0105   4.281145    33.1653        344     1.4292  0.000e+00
     30.078    17.0103   4.281152    33.1654        345     1.4333  0.000e+00
     30.234    17.0103   4.281171    33.1656        346     1.4375  0.000e+00
     30.387    17.0102   4.281152    33.1654        347     1.4417  0.000e+00
     30.534    17.0100   4.281152    33.1655        348     1.4458  0.000e+00
     30.690    17.0096   4.281119    33.1655        349     1.4500  0.000e+00
     30.832    17.0092   4.281152    33.1660        350     1.4542  0.000e+00
     30.967    17.0086   4.281119    33.1662        351     1.4583  0.000e+00
     31.083    17.0083   4.281126    33.1665        352     1.4625  0.000e+00
     31.186    17.0082   4.281126    33.1665        353     1.4667  0.000e+00
     31.288    17.0080   4.281119    33.1666        354     1.4708  0.000e+00
     31.387    17.0079   4.281126    33.1667        355     1.4750  0.000e+00
     31.498    17.0077   4.281119    33.1667        356     1.4792  0.000e+00
     31.615    17.0076   4.281106    33.1667        357     1.4833  0.000e+00
     31.741    17.0074   4.281119    33.1669        358     1.4875  0.000e+00
     31.881    17.0069   4.281152    33.1676        359     1.4917  0.000e+00
     32.024    17.0068   4.281402    33.1697        360     1.4958  0.000e+00
     32.186    17.0041   4.281940    33.1766        361     1.5000  0.000e+00
     32.353    16.9978   4.282307    33.1849        362     1.5042  0.000e+00
     32.522    16.9898   4.282530    33.1934        363     1.5083  0.000e+00
     32.687    16.9818   4.282701    33.2013        364     1.5125  0.000e+00
     32.863    16.9725   4.282996    33.2115        365     1.5167  0.000e+00
     33.030    16.9586   4.283377    33.2263        366     1.5208  0.000e+00
     33.208    16.9433   4.283482    33.2398        367     1.5250  0.000e+00
     33.379    16.9239   4.282964    33.2512        368     1.5292  0.000e+00
     33.531    16.8984   4.282650    33.2696        369     1.5333  0.000e+00
     33.673    16.8715   4.282381    33.2894        370     1.5375  0.000e+00
     33.811    16.8470   4.282224    33.3083        371     1.5417  0.000e+00
     33.942    16.8300   4.282015    33.3205        372     1.5458  0.000e+00
     34.065    16.8178   4.281943    33.3300        373     1.5500  0.000e+00
     34.183    16.8099   4.281891    33.3361        374     1.5542  0.000e+00
     34.284    16.8050   4.281891    33.3401        375     1.5583  0.000e+00
     34.390    16.8018   4.281845    33.3424        376     1.5625  0.000e+00
     34.488    16.7995   4.281819    33.3439        377     1.5667  0.000e+00
     34.594    16.7979   4.281714    33.3443        378     1.5708  0.000e+00
     34.699    16.7964   4.281497    33.3436        379     1.5750  0.000e+00
     34.803    16.7947   4.281432    33.3445        380     1.5792  0.000e+00
     34.912    16.7934   4.281452    33.3457        381     1.5833  0.000e+00
     35.022    16.7925   4.281307    33.3451        382     1.5875  0.000e+00
     35.146    16.7916   4.281248    33.3453        383     1.5917  0.000e+00
     35.271    16.7907   4.281085    33.3446        384     1.5958  0.000e+00
     35.408    16.7892   4.280993    33.3450        385     1.6000  0.000e+00
     35.543    16.7878   4.280862    33.3449        386     1.6042  0.000e+00
     35.683    16.7864   4.280685    33.3446        387     1.6083  0.000e+00
     35.823    16.7846   4.280718    33.3463        388     1.6125  0.000e+00
     35.972    16.7835   4.280691    33.3469        389     1.6167  0.000e+00
     36.121    16.7829   4.280659    33.3470        390     1.6208  0.000e+00
     36.281    16.7825   4.280593    33.3467        391     1.6250  0.000e+00
     36.437    16.7819   4.280613    33.3473        392     1.6292  0.000e+00
     36.599    16.7816   4.280567    33.3471        393     1.6333  0.000e+00
     36.759    16.7810   4.280620    33.3480        394     1.6375  0.000e+00
     36.926    16.7812   4.280685    33.3484        395     1.6417  0.000e+00
     37.085    16.7815   4.280764    33.3487        396     1.6458  0.000e+00
     37.236    16.7825   4.280738    33.3476        397     1.6500  0.000e+00
     37.382    16.7833   4.280567    33.3454        398     1.6542  0.000e+00
     37.518    16.7834   4.280613    33.3457        399     1.6583  0.000e+00
     37.649    16.7832   4.280646    33.3461        400     1.6625  0.000e+00
     37.770    16.7825   4.280568    33.3460        401     1.6667  0.000e+00
     37.877    16.7817   4.280509    33.3461        402     1.6708  0.000e+00
     37.982    16.7807   4.280469    33.3465        403     1.6750  0.000e+00
     38.084    16.7796   4.280483    33.3476        404     1.6792  0.000e+00
     38.183    16.7792   4.280469    33.3477        405     1.6833  0.000e+00
     38.287    16.7789   4.280470    33.3479        406     1.6875  0.000e+00
     38.388    16.7787   4.280483    33.3481        407     1.6917  0.000e+00
     38.484    16.7785   4.280450    33.3480        408     1.6958  0.000e+00
     38.585    16.7783   4.280457    33.3482        409     1.7000  0.000e+00
     38.696    16.7782   4.280450    33.3482        410     1.7042  0.000e+00
     38.804    16.7781   4.280450    33.3482        411     1.7083  0.000e+00
     38.930    16.7779   4.280457    33.3484        412     1.7125  0.000e+00
     39.059    16.7778   4.280470    33.3486        413     1.7167  0.000e+00
     39.199    16.7778   4.280509    33.3488        414     1.7208  0.000e+00
     39.339    16.7778   4.280496    33.3487        415     1.7250  0.000e+00
     39.494    16.7778   4.280509    33.3487        416     1.7292  0.000e+00
     39.654    16.7781   4.280549    33.3488        417     1.7333  0.000e+00
     39.814    16.7784   4.280569    33.3486        418     1.7375  0.000e+00
     39.972    16.7782   4.280562    33.3487        419     1.7417  0.000e+00
     40.126    16.7782   4.280569    33.3487        420     1.7458  0.000e+00
