PC2406/sbe017.cnv
* Sea-Bird SBE 19plus V2 Data File:
* FileName = C:\cruise\data\sbe017.hex
* Software Version Seasave V 7.26.7.121
* Temperature SN = 7142
* Conductivity SN = 7142
* System UpLoad Time = Oct 28 2024 16:56:12
* NMEA Latitude = 39 49.61 N
* NMEA Longitude = 070 37.38 W
* NMEA UTC (Time) = Oct 28 2024  16:56:09
** Ship: Pisces
** Cruise:  PC2406
** Program:  Fall ECOMON
# nquan = 7
# nvalues = 3890                                  
# units = specified
# name 0 = depSM: Depth [salt water, m]
# name 1 = tv290C: Temperature [ITS-90, deg C]
# name 2 = c0S/m: Conductivity [S/m]
# name 3 = sal00: Salinity, Practical [PSU]
# name 4 = scan: Scan Count
# name 5 = timeM: Time, Elapsed [minutes]
# name 6 = flag:  0.000e+00
# span 0 =      0.135,  20050.374                 
# span 1 =   -99.0000,    20.6814                 
# span 2 =   0.000008,  99.000000                 
# span 3 =     0.0075,  1999.0000                 
# span 4 =         11,       3900                 
# span 5 =     0.0417,    16.2458                 
# span 6 = 0.0000e+00, 0.0000e+00                 
# interval = seconds: 0.25
# start_time = Oct 28 2024 16:56:09 [NMEA time, header]
# bad_flag = -9.990e-29
*END*
[from data line 1642]
    132.897    18.0993   4.782752    36.5138       1653     6.8833  0.000e+00
    132.818    18.1019   4.783129    36.5147       1654     6.8875  0.000e+00
    132.744    18.1047   4.783528    36.5157       1655     6.8917  0.000e+00
    132.679    18.1076   4.783816    36.5156       1656     6.8958  0.000e+00
    132.620    18.1104   4.784311    36.5173       1657     6.9000  0.000e+00
    132.564    18.1136   4.784717    36.5180       1658     6.9042  0.000e+00
    132.512    18.1168   4.785149    36.5188       1659     6.9083  0.000e+00
    132.458    18.1203   4.785672    36.5202       1660     6.9125  0.000e+00
    132.410    18.1239   4.786228    36.5217       1661     6.9167  0.000e+00
    132.365    18.1281   4.786682    36.5220       1662     6.9208  0.000e+00
    132.309    18.1323   4.787087    36.5217       1663     6.9250  0.000e+00
    132.255    18.1360   4.787362    36.5207       1664     6.9292  0.000e+00
    132.199    18.1392   4.787740    36.5211       1665     6.9333  0.000e+00
    132.140    18.1424   4.788331    36.5234       1666     6.9375  0.000e+00
    132.075    18.1462   4.788792    36.5240       1667     6.9417  0.000e+00
    132.005    18.1498   4.789163    36.5240       1668     6.9458  0.000e+00
    131.941    18.1534   4.789465    36.5234       1669     6.9500  0.000e+00
    131.872    18.1564   4.789974    36.5251       1670     6.9542  0.000e+00
    131.797    18.1594   4.789726    36.5202       1671     6.9583  0.000e+00
    131.730    18.1612   4.790029    36.5213       1672     6.9625  0.000e+00
    131.660    18.1626   4.790297    36.5223       1673     6.9667  0.000e+00
    131.590    18.1643   4.790297    36.5209       1674     6.9708  0.000e+00
    131.525    18.1656   4.790544    36.5218       1675     6.9750  0.000e+00
    131.454    18.1669   4.790675    36.5218       1676     6.9792  0.000e+00
    131.385    18.1682   4.790675    36.5207       1677     6.9833  0.000e+00
    131.308    18.1691   4.790922    36.5220       1678     6.9875  0.000e+00
    131.234    18.1702   4.790964    36.5215       1679     6.9917  0.000e+00
    131.162    18.1710   4.791245    36.5232       1680     6.9958  0.000e+00
    131.089    18.1724   4.791431    36.5236       1681     7.0000  0.000e+00
    131.017    18.1741   4.791541    36.5230       1682     7.0042  0.000e+00
    130.945    18.1754   4.791589    36.5223       1683     7.0083  0.000e+00
    130.868    18.1763   4.791678    36.5223       1684     7.0125  0.000e+00
    130.796    18.1770   4.791761    36.5224       1685     7.0167  0.000e+00
    130.722    18.1777   4.791809    36.5222       1686     7.0208  0.000e+00
    130.647    18.1783   4.791843    36.5220       1687     7.0250  0.000e+00
    130.575    18.1788   4.791891    36.5220       1688     7.0292  0.000e+00
    130.494    18.1792   4.791919    36.5219       1689     7.0333  0.000e+00
    130.424    18.1795   4.792084    36.5230       1690     7.0375  0.000e+00
    130.343    18.1801   4.792180    36.5234       1691     7.0417  0.000e+00
    130.262    18.1810   4.792269    36.5234       1692     7.0458  0.000e+00
    130.181    18.1819   4.792324    36.5231       1693     7.0500  0.000e+00
    130.098    18.1824   4.792352    36.5229       1694     7.0542  0.000e+00
    130.016    18.1830   4.792627    36.5248       1695     7.0583  0.000e+00
    129.931    18.1839   4.792675    36.5244       1696     7.0625  0.000e+00
    129.852    18.1850   4.792757    36.5241       1697     7.0667  0.000e+00
    129.768    18.1859   4.792840    36.5241       1698     7.0708  0.000e+00
    129.694    18.1866   4.793081    36.5256       1699     7.0750  0.000e+00
    129.620    18.1879   4.793191    36.5254       1700     7.0792  0.000e+00
    129.550    18.1891   4.793321    36.5255       1701     7.0833  0.000e+00
    129.487    18.1898   4.793569    36.5269       1702     7.0875  0.000e+00
    129.417    18.1916   4.793782    36.5272       1703     7.0917  0.000e+00
    129.356    18.1931   4.793699    36.5252       1704     7.0958  0.000e+00
    129.299    18.1940   4.793837    36.5256       1705     7.1000  0.000e+00
    129.243    18.1946   4.793919    36.5258       1706     7.1042  0.000e+00
    129.184    18.1953   4.793954    36.5254       1707     7.1083  0.000e+00
    129.132    18.1959   4.794002    36.5254       1708     7.1125  0.000e+00
    129.071    18.1963   4.794002    36.5250       1709     7.1167  0.000e+00
    129.008    18.1967   4.794077    36.5253       1710     7.1208  0.000e+00
    128.947    18.1972   4.794125    36.5253       1711     7.1250  0.000e+00
    128.885    18.1974   4.794132    36.5252       1712     7.1292  0.000e+00
    128.812    18.1978   4.794187    36.5253       1713     7.1333  0.000e+00
    128.743    18.1982   4.794297    36.5260       1714     7.1375  0.000e+00
    128.663    18.1986   4.794462    36.5271       1715     7.1417  0.000e+00
    128.589    18.1996   4.794510    36.5266       1716     7.1458  0.000e+00
    128.506    18.2005   4.794620    36.5268       1717     7.1500  0.000e+00
    128.436    18.2014   4.794813    36.5277       1718     7.1542  0.000e+00
    128.352    18.2024   4.795081    36.5291       1719     7.1583  0.000e+00
    128.276    18.2041   4.795514    36.5313       1720     7.1625  0.000e+00
    128.197    18.2066   4.795920    36.5326       1721     7.1667  0.000e+00
    128.127    18.2091   4.796244    36.5332       1722     7.1708  0.000e+00
    128.059    18.2120   4.796574    36.5334       1723     7.1750  0.000e+00
    127.983    18.2148   4.796759    36.5326       1724     7.1792  0.000e+00
    127.910    18.2172   4.796835    36.5311       1725     7.1833  0.000e+00
    127.841    18.2190   4.796945    36.5305       1726     7.1875  0.000e+00
    127.771    18.2199   4.797027    36.5304       1727     7.1917  0.000e+00
    127.692    18.2210   4.797213    36.5310       1728     7.1958  0.000e+00
    127.613    18.2219   4.797351    36.5314       1729     7.2000  0.000e+00
    127.530    18.2233   4.797488    36.5314       1730     7.2042  0.000e+00
    127.446    18.2244   4.797619    36.5315       1731     7.2083  0.000e+00
    127.367    18.2255   4.798135    36.5350       1732     7.2125  0.000e+00
    127.290    18.2278   4.798651    36.5374       1733     7.2167  0.000e+00
    127.209    18.2312   4.798781    36.5355       1734     7.2208  0.000e+00
    127.142    18.2339   4.799270    36.5373       1735     7.2250  0.000e+00
    127.083    18.2365   4.799566    36.5375       1736     7.2292  0.000e+00
    127.022    18.2392   4.799703    36.5363       1737     7.2333  0.000e+00
    126.968    18.2413   4.799813    36.5355       1738     7.2375  0.000e+00
    126.927    18.2431   4.799896    36.5346       1739     7.2417  0.000e+00
    126.880    18.2443   4.800075    36.5350       1740     7.2458  0.000e+00
    126.842    18.2452   4.800515    36.5380       1741     7.2500  0.000e+00
    126.795    18.2475   4.800763    36.5381       1742     7.2542  0.000e+00
    126.752    18.2498   4.801004    36.5381       1743     7.2583  0.000e+00
    126.697    18.2518   4.801348    36.5392       1744     7.2625  0.000e+00
    126.641    18.2542   4.801465    36.5382       1745     7.2667  0.000e+00
    126.578    18.2562   4.801678    36.5382       1746     7.2708  0.000e+00
    126.503    18.2579   4.801788    36.5377       1747     7.2750  0.000e+00
    126.423    18.2593   4.801884    36.5373       1748     7.2792  0.000e+00
    126.341    18.2605   4.801870    36.5362       1749     7.2833  0.000e+00
    126.249    18.2610   4.802008    36.5369       1750     7.2875  0.000e+00
    126.161    18.2617   4.801980    36.5360       1751     7.2917  0.000e+00
    126.069    18.2623   4.802036    36.5361       1752     7.2958  0.000e+00
    125.983    18.2628   4.802249    36.5375       1753     7.3000  0.000e+00
    125.891    18.2636   4.802441    36.5385       1754     7.3042  0.000e+00
    125.807    18.2646   4.802737    36.5401       1755     7.3083  0.000e+00
    125.723    18.2664   4.803088    36.5415       1756     7.3125  0.000e+00
    125.645    18.2685   4.803439    36.5427       1757     7.3167  0.000e+00
    125.582    18.2712   4.803660    36.5422       1758     7.3208  0.000e+00
    125.510    18.2736   4.803763    36.5410       1759     7.3250  0.000e+00
    125.451    18.2751   4.803818    36.5401       1760     7.3292  0.000e+00
    125.386    18.2764   4.803845    36.5392       1761     7.3333  0.000e+00
    125.329    18.2770   4.803893    36.5391       1762     7.3375  0.000e+00
    125.271    18.2778   4.804010    36.5394       1763     7.3417  0.000e+00
    125.216    18.2783   4.804038    36.5392       1764     7.3458  0.000e+00
    125.155    18.2786   4.804093    36.5394       1765     7.3500  0.000e+00
    125.095    18.2792   4.804148    36.5395       1766     7.3542  0.000e+00
    125.038    18.2798   4.804169    36.5391       1767     7.3583  0.000e+00
    124.977    18.2800   4.804196    36.5392       1768     7.3625  0.000e+00
    124.914    18.2804   4.804334    36.5400       1769     7.3667  0.000e+00
    124.847    18.2809   4.804396    36.5401       1770     7.3708  0.000e+00
    124.788    18.2816   4.804575    36.5411       1771     7.3750  0.000e+00
    124.729    18.2824   4.804740    36.5417       1772     7.3792  0.000e+00
    124.673    18.2836   4.804822    36.5414       1773     7.3833  0.000e+00
    124.615    18.2846   4.804932    36.5415       1774     7.3875  0.000e+00
    124.562    18.2855   4.805077    36.5419       1775     7.3917  0.000e+00
    124.504    18.2862   4.805201    36.5424       1776     7.3958  0.000e+00
    124.447    18.2873   4.805394    36.5431       1777     7.4000  0.000e+00
    124.385    18.2885   4.805469    36.5427       1778     7.4042  0.000e+00
    124.319    18.2898   4.805814    36.5445       1779     7.4083  0.000e+00
    124.242    18.2916   4.806096    36.5454       1780     7.4125  0.000e+00
    124.161    18.2934   4.806123    36.5440       1781     7.4167  0.000e+00
    124.073    18.2948   4.806337    36.5446       1782     7.4208  0.000e+00
    123.983    18.2963   4.806261    36.5427       1783     7.4250  0.000e+00
    123.884    18.2968   4.806323    36.5428       1784     7.4292  0.000e+00
    123.789    18.2974   4.806447    36.5433       1785     7.4333  0.000e+00
    123.692    18.2981   4.806798    36.5457       1786     7.4375  0.000e+00
    123.593    18.2997   4.807287    36.5486       1787     7.4417  0.000e+00
    123.498    18.3023   4.807224    36.5457       1788     7.4458  0.000e+00
    123.417    18.3041   4.807341    36.5452       1789     7.4500  0.000e+00
    123.340    18.3049   4.807452    36.5454       1790     7.4542  0.000e+00
    123.275    18.3063   4.807720    36.5465       1791     7.4583  0.000e+00
    123.210    18.3073   4.807995    36.5479       1792     7.4625  0.000e+00
    123.155    18.3093   4.808243    36.5483       1793     7.4667  0.000e+00
    123.108    18.3111   4.808457    36.5485       1794     7.4708  0.000e+00
    123.061    18.3129   4.808588    36.5481       1795     7.4750  0.000e+00
    123.020    18.3146   4.808505    36.5459       1796     7.4792  0.000e+00
    122.971    18.3154   4.808333    36.5438       1797     7.4833  0.000e+00
    122.932    18.3152   4.808346    36.5440       1798     7.4875  0.000e+00
    122.885    18.3150   4.808808    36.5482       1799     7.4917  0.000e+00
    122.840    18.3161   4.809187    36.5505       1800     7.4958  0.000e+00
    122.793    18.3185   4.809593    36.5518       1801     7.5000  0.000e+00
    122.745    18.3210   4.809834    36.5517       1802     7.5042  0.000e+00
    122.694    18.3235   4.809944    36.5504       1803     7.5083  0.000e+00
    122.644    18.3251   4.809999    36.5494       1804     7.5125  0.000e+00
    122.592    18.3267   4.810027    36.5483       1805     7.5167  0.000e+00
    122.538    18.3273   4.810027    36.5478       1806     7.5208  0.000e+00
    122.475    18.3278   4.810026    36.5473       1807     7.5250  0.000e+00
    122.409    18.3281   4.810026    36.5471       1808     7.5292  0.000e+00
    122.342    18.3282   4.810026    36.5470       1809     7.5333  0.000e+00
    122.261    18.3281   4.810026    36.5471       1810     7.5375  0.000e+00
    122.180    18.3282   4.810171    36.5483       1811     7.5417  0.000e+00
    122.078    18.3287   4.810136    36.5476       1812     7.5458  0.000e+00
    121.979    18.3289   4.810109    36.5472       1813     7.5500  0.000e+00
    121.871    18.3291   4.810191    36.5478       1814     7.5542  0.000e+00
    121.762    18.3291   4.810191    36.5479       1815     7.5583  0.000e+00
    121.649    18.3293   4.810281    36.5485       1816     7.5625  0.000e+00
    121.537    18.3297   4.810274    36.5481       1817     7.5667  0.000e+00
    121.433    18.3300   4.810570    36.5504       1818     7.5708  0.000e+00
    121.334    18.3312   4.810763    36.5511       1819     7.5750  0.000e+00
    121.250    18.3325   4.810708    36.5494       1820     7.5792  0.000e+00
    121.174    18.3331   4.810680    36.5487       1821     7.5833  0.000e+00
    121.109    18.3335   4.810763    36.5491       1822     7.5875  0.000e+00
    121.048    18.3338   4.810735    36.5486       1823     7.5917  0.000e+00
    120.996    18.3340   4.810708    36.5482       1824     7.5958  0.000e+00
    120.955    18.3340   4.810783    36.5489       1825     7.6000  0.000e+00
    120.908    18.3340   4.810907    36.5499       1826     7.6042  0.000e+00
    120.872    18.3347   4.810949    36.5497       1827     7.6083  0.000e+00
    120.824    18.3351   4.810921    36.5491       1828     7.6125  0.000e+00
    120.781    18.3354   4.810838    36.5482       1829     7.6167  0.000e+00
    120.734    18.3354   4.810818    36.5480       1830     7.6208  0.000e+00
    120.684    18.3351   4.810866    36.5487       1831     7.6250  0.000e+00
    120.631    18.3350   4.810866    36.5488       1832     7.6292  0.000e+00
    120.587    18.3351   4.810893    36.5489       1833     7.6333  0.000e+00
    120.534    18.3354   4.810921    36.5490       1834     7.6375  0.000e+00
    120.489    18.3355   4.810990    36.5495       1835     7.6417  0.000e+00
    120.446    18.3359   4.811059    36.5497       1836     7.6458  0.000e+00
    120.396    18.3363   4.810976    36.5486       1837     7.6500  0.000e+00
    120.349    18.3363   4.810921    36.5482       1838     7.6542  0.000e+00
    120.295    18.3361   4.810976    36.5489       1839     7.6583  0.000e+00
    120.242    18.3362   4.810935    36.5485       1840     7.6625  0.000e+00
    120.175    18.3362   4.811031    36.5493       1841     7.6667  0.000e+00
    120.114    18.3362   4.811086    36.5498       1842     7.6708  0.000e+00
    120.044    18.3365   4.811086    36.5496       1843     7.6750  0.000e+00
    119.976    18.3368   4.811045    36.5490       1844     7.6792  0.000e+00
    119.891    18.3369   4.811003    36.5486       1845     7.6833  0.000e+00
    119.810    18.3369   4.811086    36.5493       1846     7.6875  0.000e+00
    119.713    18.3370   4.811031    36.5488       1847     7.6917  0.000e+00
    119.623    18.3372   4.811141    36.5496       1848     7.6958  0.000e+00
    119.532    18.3372   4.811361    36.5515       1849     7.7000  0.000e+00
    119.442    18.3383   4.811327    36.5502       1850     7.7042  0.000e+00
    119.352    18.3389   4.811113    36.5479       1851     7.7083  0.000e+00
    119.262    18.3387   4.811492    36.5514       1852     7.7125  0.000e+00
    119.176    18.3394   4.811657    36.5522       1853     7.7167  0.000e+00
    119.095    18.3405   4.811726    36.5519       1854     7.7208  0.000e+00
    119.014    18.3417   4.812036    36.5535       1855     7.7250  0.000e+00
    118.933    18.3433   4.812222    36.5536       1856     7.7292  0.000e+00
