PC2406/sbe074.cnv
* Sea-Bird SBE 19plus V2 Data File:
* FileName = C:\cruise\data\sbe074.hex
* Software Version Seasave V 7.26.7.121
* Temperature SN = 7142
* Conductivity SN = 7142
* System UpLoad Time = Nov 12 2024 01:12:57
* NMEA Latitude = 40 31.74 N
* NMEA Longitude = 071 38.26 W
* NMEA UTC (Time) = Nov 12 2024  01:12:52
** Ship: Pisces
** Cruise:  PC2406
** Program:  Fall ECOMON
# nquan = 7
# nvalues = 2066                                  
# units = specified
# name 0 = depSM: Depth [salt water, m]
# name 1 = tv290C: Temperature [ITS-90, deg C]
# name 2 = c0S/m: Conductivity [S/m]
# name 3 = sal00: Salinity, Practical [PSU]
# name 4 = scan: Scan Count
# name 5 = timeM: Time, Elapsed [minutes]
# name 6 = flag:  0.000e+00
# span 0 =     -0.117,     70.934                 
# span 1 =    16.3097,    19.0094                 
# span 2 =   0.001399,   4.640638                 
# span 3 =     0.0136,    34.9303                 
# span 4 =         11,       2076                 
# span 5 =     0.0417,     8.6458                 
# span 6 = 0.0000e+00, 0.0000e+00                 
# interval = seconds: 0.25
# start_time = Nov 12 2024 01:12:52 [NMEA time, header]
# bad_flag = -9.990e-29
*END*
[from data line 1642]
     16.207    17.3968   4.379233    33.6972       1653     6.8833  0.000e+00
     16.225    17.3973   4.379280    33.6972       1654     6.8875  0.000e+00
     16.216    17.3976   4.379366    33.6977       1655     6.8917  0.000e+00
     16.192    17.3979   4.379558    33.6991       1656     6.8958  0.000e+00
     16.147    17.3992   4.379710    33.6993       1657     6.9000  0.000e+00
     16.097    17.4000   4.379836    33.6998       1658     6.9042  0.000e+00
     16.034    17.4009   4.380769    33.7071       1659     6.9083  0.000e+00
     15.970    17.4038   4.381147    33.7079       1660     6.9125  0.000e+00
     15.898    17.4068   4.380498    33.6999       1661     6.9167  0.000e+00
     15.831    17.4070   4.380167    33.6969       1662     6.9208  0.000e+00
     15.770    17.4062   4.380312    33.6988       1663     6.9250  0.000e+00
     15.713    17.4056   4.380743    33.7031       1664     6.9292  0.000e+00
     15.659    17.4066   4.380895    33.7036       1665     6.9333  0.000e+00
     15.618    17.4077   4.380842    33.7022       1666     6.9375  0.000e+00
     15.580    17.4083   4.380822    33.7015       1667     6.9417  0.000e+00
     15.544    17.4088   4.381325    33.7055       1668     6.9458  0.000e+00
     15.517    17.4102   4.381703    33.7075       1669     6.9500  0.000e+00
     15.499    17.4123   4.381828    33.7069       1670     6.9542  0.000e+00
     15.481    17.4139   4.381530    33.7030       1671     6.9583  0.000e+00
     15.458    17.4141   4.381352    33.7013       1672     6.9625  0.000e+00
     15.436    17.4134   4.382153    33.7088       1673     6.9667  0.000e+00
     15.409    17.4144   4.382636    33.7121       1674     6.9708  0.000e+00
     15.390    17.4174   4.383166    33.7142       1675     6.9750  0.000e+00
     15.361    17.4205   4.383193    33.7119       1676     6.9792  0.000e+00
     15.334    17.4226   4.383557    33.7132       1677     6.9833  0.000e+00
     15.300    17.4248   4.384504    33.7196       1678     6.9875  0.000e+00
     15.259    17.4287   4.385034    33.7210       1679     6.9917  0.000e+00
     15.223    17.4323   4.385133    33.7188       1680     6.9958  0.000e+00
     15.183    17.4354   4.386418    33.7273       1681     7.0000  0.000e+00
     15.140    17.4398   4.388393    33.7406       1682     7.0042  0.000e+00
     15.099    17.4471   4.388419    33.7348       1683     7.0083  0.000e+00
     15.065    17.4544   4.388518    33.7296       1684     7.0125  0.000e+00
     15.034    17.4571   4.388114    33.7238       1685     7.0167  0.000e+00
     15.018    17.4581   4.388850    33.7293       1686     7.0208  0.000e+00
     14.993    17.4598   4.388061    33.7212       1687     7.0250  0.000e+00
     14.973    17.4590   4.384808    33.6939       1688     7.0292  0.000e+00
     14.959    17.4508   4.384696    33.6997       1689     7.0333  0.000e+00
     14.942    17.4435   4.385358    33.7115       1690     7.0375  0.000e+00
     14.937    17.4409   4.386372    33.7224       1691     7.0417  0.000e+00
     14.928    17.4420   4.384954    33.7092       1692     7.0458  0.000e+00
     14.917    17.4405   4.383364    33.6968       1693     7.0500  0.000e+00
     14.912    17.4350   4.383543    33.7030       1694     7.0542  0.000e+00
     14.892    17.4307   4.383113    33.7029       1695     7.0583  0.000e+00
     14.885    17.4276   4.381954    33.6955       1696     7.0625  0.000e+00
     14.858    17.4226   4.381325    33.6942       1697     7.0667  0.000e+00
     14.833    17.4174   4.382206    33.7061       1698     7.0708  0.000e+00
     14.790    17.4169   4.379385    33.6824       1699     7.0750  0.000e+00
     14.745    17.4113   4.380788    33.6990       1700     7.0792  0.000e+00
     14.695    17.4077   4.381351    33.7070       1701     7.0833  0.000e+00
     14.634    17.4094   4.380312    33.6966       1702     7.0875  0.000e+00
     14.578    17.4089   4.380616    33.6996       1703     7.0917  0.000e+00
     14.517    17.4082   4.381603    33.7087       1704     7.0958  0.000e+00
     14.461    17.4101   4.381530    33.7066       1705     7.1000  0.000e+00
     14.407    17.4122   4.381775    33.7070       1706     7.1042  0.000e+00
     14.361    17.4135   4.381497    33.7035       1707     7.1083  0.000e+00
     14.319    17.4137   4.379961    33.6901       1708     7.1125  0.000e+00
     14.291    17.4098   4.379001    33.6851       1709     7.1167  0.000e+00
     14.260    17.4045   4.380166    33.6996       1710     7.1208  0.000e+00
     14.239    17.4027   4.379868    33.6985       1711     7.1250  0.000e+00
     14.217    17.4026   4.380696    33.7058       1712     7.1292  0.000e+00
     14.199    17.4045   4.381523    33.7113       1713     7.1333  0.000e+00
     14.183    17.4085   4.381245    33.7056       1714     7.1375  0.000e+00
     14.169    17.4105   4.379835    33.6917       1715     7.1417  0.000e+00
     14.158    17.4076   4.380080    33.6963       1716     7.1458  0.000e+00
     14.145    17.4053   4.380292    33.7000       1717     7.1500  0.000e+00
     14.122    17.4051   4.379358    33.6922       1718     7.1542  0.000e+00
     14.095    17.4027   4.379107    33.6920       1719     7.1583  0.000e+00
     14.054    17.4000   4.378577    33.6897       1720     7.1625  0.000e+00
     14.005    17.3970   4.378603    33.6924       1721     7.1667  0.000e+00
     13.957    17.3952   4.377968    33.6885       1722     7.1708  0.000e+00
     13.901    17.3929   4.376962    33.6818       1723     7.1750  0.000e+00
     13.847    17.3893   4.377392    33.6885       1724     7.1792  0.000e+00
     13.788    17.3871   4.377591    33.6921       1725     7.1833  0.000e+00
     13.730    17.3869   4.376485    33.6827       1726     7.1875  0.000e+00
     13.678    17.3847   4.376889    33.6880       1727     7.1917  0.000e+00
     13.630    17.3839   4.376988    33.6896       1728     7.1958  0.000e+00
     13.581    17.3842   4.377213    33.6913       1729     7.2000  0.000e+00
     13.526    17.3847   4.377061    33.6896       1730     7.2042  0.000e+00
     13.486    17.3848   4.377140    33.6902       1731     7.2083  0.000e+00
     13.443    17.3852   4.377074    33.6893       1732     7.2125  0.000e+00
     13.405    17.3852   4.377240    33.6907       1733     7.2167  0.000e+00
     13.362    17.3857   4.378021    33.6971       1734     7.2208  0.000e+00
     13.314    17.3879   4.378047    33.6955       1735     7.2250  0.000e+00
     13.260    17.3901   4.378120    33.6943       1736     7.2292  0.000e+00
     13.206    17.3911   4.377888    33.6915       1737     7.2333  0.000e+00
     13.152    17.3908   4.377796    33.6909       1738     7.2375  0.000e+00
     13.086    17.3905   4.377868    33.6919       1739     7.2417  0.000e+00
     13.032    17.3909   4.379106    33.7022       1740     7.2458  0.000e+00
     12.969    17.3934   4.378855    33.6980       1741     7.2500  0.000e+00
     12.928    17.3953   4.378325    33.6919       1742     7.2542  0.000e+00
     12.883    17.3951   4.378524    33.6938       1743     7.2583  0.000e+00
     12.849    17.3946   4.379384    33.7016       1744     7.2625  0.000e+00
     12.816    17.3965   4.379914    33.7046       1745     7.2667  0.000e+00
     12.798    17.3997   4.379709    33.7002       1746     7.2708  0.000e+00
     12.784    17.4013   4.379106    33.6937       1747     7.2750  0.000e+00
     12.775    17.4007   4.379106    33.6941       1748     7.2792  0.000e+00
     12.761    17.3998   4.379126    33.6951       1749     7.2833  0.000e+00
     12.741    17.3992   4.378980    33.6943       1750     7.2875  0.000e+00
     12.718    17.3987   4.379179    33.6965       1751     7.2917  0.000e+00
     12.689    17.3988   4.379682    33.7007       1752     7.2958  0.000e+00
     12.649    17.4000   4.379682    33.6997       1753     7.3000  0.000e+00
     12.606    17.4012   4.379761    33.6994       1754     7.3042  0.000e+00
     12.563    17.4021   4.378954    33.6917       1755     7.3083  0.000e+00
     12.509    17.4010   4.378073    33.6851       1756     7.3125  0.000e+00
     12.463    17.3975   4.376584    33.6752       1757     7.3167  0.000e+00
     12.418    17.3915   4.376432    33.6789       1758     7.3208  0.000e+00
     12.368    17.3867   4.375942    33.6787       1759     7.3250  0.000e+00
     12.315    17.3822   4.373665    33.6629       1760     7.3292  0.000e+00
     12.265    17.3761   4.375227    33.6815       1761     7.3333  0.000e+00
     12.215    17.3730   4.374215    33.6753       1762     7.3375  0.000e+00
     12.156    17.3710   4.373487    33.6707       1763     7.3417  0.000e+00
     12.104    17.3684   4.374076    33.6780       1764     7.3458  0.000e+00
     12.048    17.3666   4.376386    33.6994       1765     7.3500  0.000e+00
     11.996    17.3706   4.378550    33.7147       1766     7.3542  0.000e+00
     11.944    17.3808   4.378146    33.7028       1767     7.3583  0.000e+00
     11.901    17.3873   4.378245    33.6983       1768     7.3625  0.000e+00
     11.854    17.3900   4.378894    33.7016       1769     7.3667  0.000e+00
     11.818    17.3931   4.378854    33.6987       1770     7.3708  0.000e+00
     11.784    17.3952   4.377543    33.6857       1771     7.3750  0.000e+00
     11.746    17.3938   4.377437    33.6859       1772     7.3792  0.000e+00
     11.718    17.3910   4.377563    33.6893       1773     7.3833  0.000e+00
     11.683    17.3895   4.377709    33.6918       1774     7.3875  0.000e+00
     11.640    17.3890   4.376081    33.6783       1775     7.3917  0.000e+00
     11.608    17.3860   4.376934    33.6881       1776     7.3958  0.000e+00
     11.563    17.3847   4.378199    33.7001       1777     7.4000  0.000e+00
     11.513    17.3873   4.378371    33.6994       1778     7.4042  0.000e+00
     11.466    17.3901   4.378205    33.6957       1779     7.4083  0.000e+00
     11.425    17.3913   4.374141    33.6597       1780     7.4125  0.000e+00
     11.382    17.3837   4.370774    33.6371       1781     7.4167  0.000e+00
     11.339    17.3684   4.371449    33.6557       1782     7.4208  0.000e+00
     11.292    17.3583   4.372256    33.6710       1783     7.4250  0.000e+00
     11.247    17.3560   4.373202    33.6811       1784     7.4292  0.000e+00
     11.188    17.3583   4.373315    33.6802       1785     7.4333  0.000e+00
     11.138    17.3601   4.372679    33.6732       1786     7.4375  0.000e+00
     11.082    17.3593   4.373639    33.6821       1787     7.4417  0.000e+00
     11.024    17.3606   4.372428    33.6707       1788     7.4458  0.000e+00
     10.965    17.3607   4.372309    33.6696       1789     7.4500  0.000e+00
     10.904    17.3578   4.369788    33.6503       1790     7.4542  0.000e+00
     10.845    17.3512   4.376279    33.7117       1791     7.4583  0.000e+00
     10.784    17.3596   4.376683    33.7083       1792     7.4625  0.000e+00
     10.741    17.3703   4.377947    33.7103       1793     7.4667  0.000e+00
     10.692    17.3801   4.377550    33.6986       1794     7.4708  0.000e+00
     10.647    17.3849   4.377338    33.6929       1795     7.4750  0.000e+00
     10.611    17.3860   4.374591    33.6683       1796     7.4792  0.000e+00
     10.576    17.3809   4.375829    33.6832       1797     7.4833  0.000e+00
     10.547    17.3782   4.376888    33.6946       1798     7.4875  0.000e+00
     10.516    17.3806   4.376914    33.6928       1799     7.4917  0.000e+00
     10.500    17.3827   4.377788    33.6986       1800     7.4958  0.000e+00
     10.473    17.3856   4.378748    33.7045       1801     7.5000  0.000e+00
     10.450    17.3903   4.378602    33.6994       1802     7.5042  0.000e+00
     10.414    17.3925   4.377391    33.6871       1803     7.5083  0.000e+00
     10.378    17.3905   4.376987    33.6853       1804     7.5125  0.000e+00
     10.337    17.3877   4.375915    33.6784       1805     7.5167  0.000e+00
     10.290    17.3833   4.374869    33.6731       1806     7.5208  0.000e+00
     10.231    17.3775   4.376259    33.6899       1807     7.5250  0.000e+00
     10.177    17.3762   4.377311    33.7001       1808     7.5292  0.000e+00
     10.119    17.3798   4.377516    33.6988       1809     7.5333  0.000e+00
     10.067    17.3836   4.377861    33.6987       1810     7.5375  0.000e+00
     10.015    17.3867   4.378450    33.7012       1811     7.5417  0.000e+00
      9.974    17.3902   4.378476    33.6985       1812     7.5458  0.000e+00
      9.927    17.3929   4.378476    33.6963       1813     7.5500  0.000e+00
      9.888    17.3939   4.378198    33.6931       1814     7.5542  0.000e+00
      9.850    17.3937   4.378046    33.6920       1815     7.5583  0.000e+00
      9.803    17.3931   4.377265    33.6857       1816     7.5625  0.000e+00
      9.767    17.3909   4.376656    33.6823       1817     7.5667  0.000e+00
      9.730    17.3871   4.373664    33.6598       1818     7.5708  0.000e+00
      9.678    17.3783   4.374015    33.6701       1819     7.5750  0.000e+00
      9.622    17.3715   4.374862    33.6831       1820     7.5792  0.000e+00
      9.572    17.3700   4.375272    33.6879       1821     7.5833  0.000e+00
      9.525    17.3711   4.374975    33.6844       1822     7.5875  0.000e+00
      9.477    17.3716   4.374591    33.6807       1823     7.5917  0.000e+00
      9.442    17.3706   4.374869    33.6840       1824     7.5958  0.000e+00
      9.399    17.3706   4.375365    33.6882       1825     7.6000  0.000e+00
      9.365    17.3716   4.375372    33.6875       1826     7.6042  0.000e+00
      9.331    17.3728   4.375855    33.6907       1827     7.6083  0.000e+00
      9.306    17.3745   4.375451    33.6857       1828     7.6125  0.000e+00
      9.286    17.3753   4.375299    33.6838       1829     7.6167  0.000e+00
      9.263    17.3745   4.376960    33.6988       1830     7.6208  0.000e+00
      9.247    17.3777   4.376153    33.6892       1831     7.6250  0.000e+00
      9.232    17.3794   4.376232    33.6885       1832     7.6292  0.000e+00
      9.229    17.3796   4.376457    33.6903       1833     7.6333  0.000e+00
      9.232    17.3802   4.376530    33.6903       1834     7.6375  0.000e+00
      9.231    17.3811   4.376788    33.6919       1835     7.6417  0.000e+00
      9.229    17.3819   4.376364    33.6875       1836     7.6458  0.000e+00
      9.223    17.3817   4.375901    33.6837       1837     7.6500  0.000e+00
      9.213    17.3805   4.376682    33.6914       1838     7.6542  0.000e+00
      9.189    17.3810   4.375828    33.6837       1839     7.6583  0.000e+00
      9.153    17.3801   4.373538    33.6647       1840     7.6625  0.000e+00
      9.109    17.3736   4.372519    33.6613       1841     7.6667  0.000e+00
      9.058    17.3658   4.372533    33.6680       1842     7.6708  0.000e+00
      8.986    17.3608   4.373314    33.6789       1843     7.6750  0.000e+00
      8.920    17.3602   4.373188    33.6784       1844     7.6792  0.000e+00
      8.839    17.3602   4.373816    33.6838       1845     7.6833  0.000e+00
      8.748    17.3616   4.373757    33.6821       1846     7.6875  0.000e+00
      8.654    17.3629   4.373459    33.6785       1847     7.6917  0.000e+00
      8.572    17.3626   4.373082    33.6756       1848     7.6958  0.000e+00
      8.493    17.3614   4.370693    33.6560       1849     7.7000  0.000e+00
      8.421    17.3560   4.372328    33.6746       1850     7.7042  0.000e+00
      8.354    17.3536   4.372943    33.6820       1851     7.7083  0.000e+00
      8.313    17.3553   4.372427    33.6761       1852     7.7125  0.000e+00
      8.281    17.3559   4.371024    33.6635       1853     7.7167  0.000e+00
      8.261    17.3531   4.371249    33.6678       1854     7.7208  0.000e+00
      8.256    17.3504   4.371123    33.6690       1855     7.7250  0.000e+00
      8.265    17.3492   4.369946    33.6599       1856     7.7292  0.000e+00
