PC2406/sbe023.cnv
* Sea-Bird SBE 19plus V2 Data File:
* FileName = C:\cruise\data\sbe023.hex
* Software Version Seasave V 7.26.7.121
* Temperature SN = 7142
* Conductivity SN = 7142
* System UpLoad Time = Oct 29 2024 09:08:01
* NMEA Latitude = 40 00.50 N
* NMEA Longitude = 072 42.59 W
* NMEA UTC (Time) = Oct 29 2024  09:07:59
** Ship: Pisces
** Cruise:  PC2406
** Program:  Fall ECOMON
# nquan = 7
# nvalues = 1372                                  
# units = specified
# name 0 = depSM: Depth [salt water, m]
# name 1 = tv290C: Temperature [ITS-90, deg C]
# name 2 = c0S/m: Conductivity [S/m]
# name 3 = sal00: Salinity, Practical [PSU]
# name 4 = scan: Scan Count
# name 5 = timeM: Time, Elapsed [minutes]
# name 6 = flag:  0.000e+00
# span 0 =      0.149,     55.152                 
# span 1 =    13.2830,    18.1543                 
# span 2 =   0.000008,   4.456202                 
# span 3 =     0.0069,    33.8834                 
# span 4 =         11,       1382                 
# span 5 =     0.0417,     5.7542                 
# span 6 = 0.0000e+00, 0.0000e+00                 
# interval = seconds: 0.25
# start_time = Oct 29 2024 09:07:59 [NMEA time, header]
# bad_flag = -9.990e-29
*END*
[from data line 1026]
     20.049    17.6082   4.366878    33.4148       1037     4.3167  0.000e+00
     20.011    17.6039   4.366475    33.4149       1038     4.3208  0.000e+00
     19.975    17.5997   4.366270    33.4167       1039     4.3250  0.000e+00
     19.932    17.5967   4.366217    33.4187       1040     4.3292  0.000e+00
     19.878    17.5950   4.366773    33.4248       1041     4.3333  0.000e+00
     19.826    17.5956   4.366700    33.4237       1042     4.3375  0.000e+00
     19.760    17.5965   4.366349    33.4200       1043     4.3417  0.000e+00
     19.688    17.5960   4.366032    33.4177       1044     4.3458  0.000e+00
     19.620    17.5943   4.366098    33.4198       1045     4.3500  0.000e+00
     19.550    17.5929   4.365893    33.4191       1046     4.3542  0.000e+00
     19.485    17.5919   4.365999    33.4209       1047     4.3583  0.000e+00
     19.415    17.5917   4.367050    33.4301       1048     4.3625  0.000e+00
     19.352    17.5940   4.368737    33.4427       1049     4.3667  0.000e+00
     19.302    17.6005   4.368988    33.4395       1050     4.3708  0.000e+00
     19.253    17.6071   4.369967    33.4425       1051     4.3750  0.000e+00
     19.210    17.6135   4.370390    33.4408       1052     4.3792  0.000e+00
     19.172    17.6189   4.370542    33.4377       1053     4.3833  0.000e+00
     19.138    17.6222   4.370443    33.4341       1054     4.3875  0.000e+00
     19.102    17.6241   4.370165    33.4302       1055     4.3917  0.000e+00
     19.068    17.6242   4.369761    33.4266       1056     4.3958  0.000e+00
     19.025    17.6230   4.369411    33.4247       1057     4.4000  0.000e+00
     18.984    17.6208   4.369437    33.4267       1058     4.4042  0.000e+00
     18.943    17.6194   4.369576    33.4291       1059     4.4083  0.000e+00
     18.894    17.6192   4.369788    33.4311       1060     4.4125  0.000e+00
     18.847    17.6196   4.369689    33.4299       1061     4.4167  0.000e+00
     18.802    17.6199   4.369384    33.4271       1062     4.4208  0.000e+00
     18.750    17.6193   4.369126    33.4254       1063     4.4250  0.000e+00
     18.691    17.6179   4.369133    33.4266       1064     4.4292  0.000e+00
     18.639    17.6169   4.369312    33.4290       1065     4.4333  0.000e+00
     18.574    17.6167   4.369159    33.4278       1066     4.4375  0.000e+00
     18.517    17.6166   4.368657    33.4237       1067     4.4417  0.000e+00
     18.461    17.6151   4.367393    33.4142       1068     4.4458  0.000e+00
     18.404    17.6107   4.367354    33.4174       1069     4.4500  0.000e+00
     18.345    17.6064   4.367506    33.4223       1070     4.4542  0.000e+00
     18.294    17.6045   4.367777    33.4262       1071     4.4583  0.000e+00
     18.233    17.6048   4.367982    33.4277       1072     4.4625  0.000e+00
     18.169    17.6058   4.367737    33.4248       1073     4.4667  0.000e+00
     18.111    17.6059   4.367202    33.4202       1074     4.4708  0.000e+00
     18.052    17.6039   4.366798    33.4184       1075     4.4750  0.000e+00
     17.989    17.6016   4.366673    33.4192       1076     4.4792  0.000e+00
     17.926    17.5994   4.366501    33.4196       1077     4.4833  0.000e+00
     17.863    17.5977   4.366626    33.4221       1078     4.4875  0.000e+00
     17.802    17.5969   4.365998    33.4174       1079     4.4917  0.000e+00
     17.741    17.5951   4.365694    33.4163       1080     4.4958  0.000e+00
     17.687    17.5925   4.365972    33.4208       1081     4.5000  0.000e+00
     17.633    17.5917   4.366659    33.4274       1082     4.5042  0.000e+00
     17.585    17.5934   4.367526    33.4334       1083     4.5083  0.000e+00
     17.540    17.5981   4.367982    33.4335       1084     4.5125  0.000e+00
     17.499    17.6025   4.368028    33.4303       1085     4.5167  0.000e+00
     17.459    17.6053   4.367929    33.4271       1086     4.5208  0.000e+00
     17.418    17.6066   4.367949    33.4262       1087     4.5250  0.000e+00
     17.380    17.6070   4.368107    33.4273       1088     4.5292  0.000e+00
     17.341    17.6076   4.367982    33.4258       1089     4.5333  0.000e+00
     17.294    17.6077   4.367102    33.4181       1090     4.5375  0.000e+00
     17.235    17.6053   4.366500    33.4150       1091     4.5417  0.000e+00
     17.179    17.6013   4.366897    33.4217       1092     4.5458  0.000e+00
     17.109    17.5996   4.366699    33.4215       1093     4.5500  0.000e+00
     17.032    17.5990   4.367578    33.4295       1094     4.5542  0.000e+00
     16.956    17.6001   4.367426    33.4273       1095     4.5583  0.000e+00
     16.870    17.6019   4.367446    33.4260       1096     4.5625  0.000e+00
     16.782    17.6030   4.367578    33.4263       1097     4.5667  0.000e+00
     16.696    17.6038   4.367730    33.4270       1098     4.5708  0.000e+00
     16.604    17.6048   4.367803    33.4268       1099     4.5750  0.000e+00
     16.520    17.6058   4.367955    33.4273       1100     4.5792  0.000e+00
     16.446    17.6067   4.368338    33.4298       1101     4.5833  0.000e+00
     16.375    17.6080   4.367902    33.4251       1102     4.5875  0.000e+00
     16.319    17.6079   4.367102    33.4183       1103     4.5917  0.000e+00
     16.269    17.6053   4.366645    33.4166       1104     4.5958  0.000e+00
     16.225    17.6018   4.365978    33.4137       1105     4.6000  0.000e+00
     16.191    17.5976   4.365495    33.4131       1106     4.6042  0.000e+00
     16.164    17.5932   4.365118    33.4135       1107     4.6083  0.000e+00
     16.134    17.5895   4.364893    33.4147       1108     4.6125  0.000e+00
     16.111    17.5864   4.364867    33.4170       1109     4.6167  0.000e+00
     16.089    17.5848   4.364953    33.4191       1110     4.6208  0.000e+00
     16.057    17.5842   4.364940    33.4195       1111     4.6250  0.000e+00
     16.026    17.5840   4.364913    33.4194       1112     4.6292  0.000e+00
     15.990    17.5837   4.364893    33.4194       1113     4.6333  0.000e+00
     15.947    17.5836   4.364979    33.4203       1114     4.6375  0.000e+00
     15.891    17.5837   4.364940    33.4199       1115     4.6417  0.000e+00
     15.841    17.5841   4.365065    33.4207       1116     4.6458  0.000e+00
     15.789    17.5847   4.365092    33.4204       1117     4.6500  0.000e+00
     15.728    17.5851   4.365138    33.4205       1118     4.6542  0.000e+00
     15.667    17.5854   4.365164    33.4205       1119     4.6583  0.000e+00
     15.608    17.5858   4.365118    33.4198       1120     4.6625  0.000e+00
     15.548    17.5858   4.365217    33.4206       1121     4.6667  0.000e+00
     15.486    17.5858   4.365415    33.4224       1122     4.6708  0.000e+00
     15.426    17.5868   4.365515    33.4225       1123     4.6750  0.000e+00
     15.362    17.5878   4.365528    33.4218       1124     4.6792  0.000e+00
     15.292    17.5883   4.365495    33.4211       1125     4.6833  0.000e+00
     15.218    17.5885   4.365667    33.4224       1126     4.6875  0.000e+00
     15.153    17.5890   4.365693    33.4222       1127     4.6917  0.000e+00
     15.087    17.5898   4.365766    33.4223       1128     4.6958  0.000e+00
     15.019    17.5904   4.365891    33.4229       1129     4.7000  0.000e+00
     14.956    17.5911   4.366169    33.4246       1130     4.7042  0.000e+00
     14.895    17.5925   4.366698    33.4281       1131     4.7083  0.000e+00
     14.834    17.5951   4.367022    33.4287       1132     4.7125  0.000e+00
     14.778    17.5976   4.367002    33.4265       1133     4.7167  0.000e+00
     14.724    17.5993   4.366797    33.4234       1134     4.7208  0.000e+00
     14.672    17.5998   4.366671    33.4219       1135     4.7250  0.000e+00
     14.624    17.5992   4.366645    33.4222       1136     4.7292  0.000e+00
     14.579    17.5989   4.366446    33.4208       1137     4.7333  0.000e+00
     14.534    17.5981   4.366288    33.4201       1138     4.7375  0.000e+00
     14.485    17.5970   4.366294    33.4210       1139     4.7417  0.000e+00
     14.439    17.5964   4.366294    33.4216       1140     4.7458  0.000e+00
     14.387    17.5962   4.366374    33.4224       1141     4.7500  0.000e+00
     14.340    17.5961   4.366314    33.4220       1142     4.7542  0.000e+00
     14.295    17.5961   4.365818    33.4178       1143     4.7583  0.000e+00
     14.246    17.5944   4.365137    33.4134       1144     4.7625  0.000e+00
     14.193    17.5910   4.364912    33.4143       1145     4.7667  0.000e+00
     14.141    17.5879   4.365342    33.4206       1146     4.7708  0.000e+00
     14.081    17.5872   4.365686    33.4241       1147     4.7750  0.000e+00
     14.020    17.5888   4.366221    33.4274       1148     4.7792  0.000e+00
     13.952    17.5916   4.366169    33.4247       1149     4.7833  0.000e+00
     13.875    17.5933   4.365468    33.4173       1150     4.7875  0.000e+00
     13.803    17.5923   4.365421    33.4177       1151     4.7917  0.000e+00
     13.731    17.5910   4.365818    33.4222       1152     4.7958  0.000e+00
     13.661    17.5911   4.366069    33.4243       1153     4.8000  0.000e+00
     13.598    17.5920   4.366122    33.4241       1154     4.8042  0.000e+00
     13.532    17.5934   4.366373    33.4250       1155     4.8083  0.000e+00
     13.476    17.5947   4.366367    33.4240       1156     4.8125  0.000e+00
     13.426    17.5957   4.366393    33.4234       1157     4.8167  0.000e+00
     13.381    17.5962   4.366221    33.4215       1158     4.8208  0.000e+00
     13.338    17.5960   4.365890    33.4188       1159     4.8250  0.000e+00
     13.295    17.5950   4.365844    33.4193       1160     4.8292  0.000e+00
     13.252    17.5938   4.366095    33.4225       1161     4.8333  0.000e+00
     13.212    17.5941   4.366294    33.4239       1162     4.8375  0.000e+00
     13.167    17.5950   4.366419    33.4243       1163     4.8417  0.000e+00
     13.130    17.5961   4.366446    33.4236       1164     4.8458  0.000e+00
     13.076    17.5967   4.366472    33.4234       1165     4.8500  0.000e+00
     13.020    17.5973   4.366472    33.4229       1166     4.8542  0.000e+00
     12.959    17.5975   4.366518    33.4231       1167     4.8583  0.000e+00
     12.901    17.5980   4.366393    33.4217       1168     4.8625  0.000e+00
     12.844    17.5978   4.366247    33.4206       1169     4.8667  0.000e+00
     12.790    17.5970   4.366135    33.4203       1170     4.8708  0.000e+00
     12.738    17.5963   4.366095    33.4206       1171     4.8750  0.000e+00
     12.689    17.5955   4.366194    33.4221       1172     4.8792  0.000e+00
     12.637    17.5954   4.366221    33.4225       1173     4.8833  0.000e+00
     12.589    17.5956   4.366446    33.4242       1174     4.8875  0.000e+00
     12.535    17.5964   4.366498    33.4241       1175     4.8917  0.000e+00
     12.474    17.5972   4.366446    33.4229       1176     4.8958  0.000e+00
     12.422    17.5974   4.366320    33.4217       1177     4.9000  0.000e+00
     12.364    17.5971   4.366320    33.4220       1178     4.9042  0.000e+00
     12.302    17.5971   4.366340    33.4222       1179     4.9083  0.000e+00
     12.253    17.5969   4.366320    33.4222       1180     4.9125  0.000e+00
     12.190    17.5970   4.366320    33.4222       1181     4.9167  0.000e+00
     12.131    17.5970   4.366121    33.4205       1182     4.9208  0.000e+00
     12.072    17.5963   4.365844    33.4187       1183     4.9250  0.000e+00
     12.016    17.5949   4.365500    33.4169       1184     4.9292  0.000e+00
     11.964    17.5929   4.365341    33.4172       1185     4.9333  0.000e+00
     11.917    17.5908   4.365315    33.4187       1186     4.9375  0.000e+00
     11.878    17.5896   4.365315    33.4198       1187     4.9417  0.000e+00
     11.847    17.5890   4.365189    33.4192       1188     4.9458  0.000e+00
     11.817    17.5882   4.364938    33.4177       1189     4.9500  0.000e+00
     11.790    17.5872   4.360701    33.3823       1190     4.9542  0.000e+00
     11.754    17.5847   4.363358    33.4071       1191     4.9583  0.000e+00
     11.714    17.5821   4.364032    33.4150       1192     4.9625  0.000e+00
     11.670    17.5795   4.363979    33.4167       1193     4.9667  0.000e+00
     11.614    17.5781   4.364012    33.4181       1194     4.9708  0.000e+00
     11.540    17.5774   4.364032    33.4189       1195     4.9750  0.000e+00
     11.463    17.5772   4.364111    33.4198       1196     4.9792  0.000e+00
     11.380    17.5773   4.364138    33.4199       1197     4.9833  0.000e+00
     11.298    17.5776   4.364058    33.4191       1198     4.9875  0.000e+00
     11.221    17.5774   4.364058    33.4192       1199     4.9917  0.000e+00
     11.143    17.5777   4.364032    33.4188       1200     4.9958  0.000e+00
     11.072    17.5773   4.364058    33.4194       1201     5.0000  0.000e+00
     11.009    17.5776   4.364138    33.4199       1202     5.0042  0.000e+00
     10.951    17.5779   4.364237    33.4205       1203     5.0083  0.000e+00
     10.892    17.5782   4.364309    33.4209       1204     5.0125  0.000e+00
     10.840    17.5790   4.364336    33.4204       1205     5.0167  0.000e+00
     10.781    17.5795   4.364349    33.4202       1206     5.0208  0.000e+00
     10.729    17.5798   4.364309    33.4196       1207     5.0250  0.000e+00
     10.675    17.5798   4.364283    33.4194       1208     5.0292  0.000e+00
     10.624    17.5798   4.364237    33.4190       1209     5.0333  0.000e+00
     10.570    17.5798   4.364157    33.4184       1210     5.0375  0.000e+00
     10.511    17.5795   4.364111    33.4182       1211     5.0417  0.000e+00
     10.448    17.5790   4.364032    33.4180       1212     5.0458  0.000e+00
     10.387    17.5785   4.364012    33.4182       1213     5.0500  0.000e+00
     10.323    17.5784   4.363985    33.4182       1214     5.0542  0.000e+00
     10.262    17.5780   4.364005    33.4187       1215     5.0583  0.000e+00
     10.202    17.5779   4.364012    33.4188       1216     5.0625  0.000e+00
     10.148    17.5779   4.364012    33.4189       1217     5.0667  0.000e+00
     10.102    17.5779   4.364032    33.4190       1218     5.0708  0.000e+00
     10.052    17.5781   4.363959    33.4183       1219     5.0750  0.000e+00
     10.014    17.5784   4.364190    33.4201       1220     5.0792  0.000e+00
      9.973    17.5787   4.364210    33.4200       1221     5.0833  0.000e+00
      9.942    17.5790   4.364210    33.4197       1222     5.0875  0.000e+00
      9.908    17.5795   4.364461    33.4215       1223     5.0917  0.000e+00
      9.877    17.5805   4.364765    33.4233       1224     5.0958  0.000e+00
      9.843    17.5818   4.364937    33.4237       1225     5.1000  0.000e+00
      9.795    17.5837   4.364990    33.4226       1226     5.1042  0.000e+00
      9.753    17.5849   4.364864    33.4205       1227     5.1083  0.000e+00
      9.705    17.5851   4.364534    33.4176       1228     5.1125  0.000e+00
      9.653    17.5843   4.364269    33.4159       1229     5.1167  0.000e+00
      9.597    17.5824   4.364011    33.4154       1230     5.1208  0.000e+00
      9.529    17.5804   4.363859    33.4157       1231     5.1250  0.000e+00
      9.455    17.5787   4.363806    33.4167       1232     5.1292  0.000e+00
      9.382    17.5776   4.363793    33.4175       1233     5.1333  0.000e+00
      9.296    17.5769   4.363958    33.4195       1234     5.1375  0.000e+00
      9.202    17.5769   4.364388    33.4232       1235     5.1417  0.000e+00
      9.107    17.5784   4.364335    33.4216       1236     5.1458  0.000e+00
      9.010    17.5798   4.364282    33.4200       1237     5.1500  0.000e+00
      8.913    17.5803   4.364322    33.4200       1238     5.1542  0.000e+00
      8.830    17.5805   4.364533    33.4216       1239     5.1583  0.000e+00
      8.741    17.5817   4.364408    33.4196       1240     5.1625  0.000e+00
