PC2406/sbe060.cnv
* Sea-Bird SBE 19plus V2 Data File:
* FileName = C:\cruise\data\sbe060.hex
* Software Version Seasave V 7.26.7.121
* Temperature SN = 7142
* Conductivity SN = 7142
* System UpLoad Time = Nov 09 2024 20:43:14
* NMEA Latitude = 38 39.25 N
* NMEA Longitude = 073 30.94 W
* NMEA UTC (Time) = Nov 09 2024  20:43:08
** Ship: Pisces
** Cruise:  PC2406
** Program:  Fall ECOMON
# nquan = 7
# nvalues = 1617                                  
# units = specified
# name 0 = depSM: Depth [salt water, m]
# name 1 = tv290C: Temperature [ITS-90, deg C]
# name 2 = c0S/m: Conductivity [S/m]
# name 3 = sal00: Salinity, Practical [PSU]
# name 4 = scan: Scan Count
# name 5 = timeM: Time, Elapsed [minutes]
# name 6 = flag:  0.000e+00
# span 0 =      0.080,     65.401                 
# span 1 =    11.2177,    19.4453                 
# span 2 =   0.000070,   4.711990                 
# span 3 =     0.0059,    35.2168                 
# span 4 =         11,       1627                 
# span 5 =     0.0417,     6.7750                 
# span 6 = 0.0000e+00, 0.0000e+00                 
# interval = seconds: 0.25
# start_time = Nov 09 2024 20:43:08 [NMEA time, header]
# bad_flag = -9.990e-29
*END*
[from data line 1436]
     11.297    17.9800   4.475535    34.0376       1447     6.0250  0.000e+00
     11.200    17.9817   4.475842    34.0388       1448     6.0292  0.000e+00
     11.091    17.9837   4.475815    34.0369       1449     6.0333  0.000e+00
     10.981    17.9848   4.475455    34.0329       1450     6.0375  0.000e+00
     10.870    17.9849   4.475348    34.0320       1451     6.0417  0.000e+00
     10.760    17.9841   4.475949    34.0379       1452     6.0458  0.000e+00
     10.663    17.9847   4.475969    34.0375       1453     6.0500  0.000e+00
     10.577    17.9860   4.475067    34.0288       1454     6.0542  0.000e+00
     10.505    17.9852   4.475374    34.0321       1455     6.0583  0.000e+00
     10.446    17.9840   4.475508    34.0343       1456     6.0625  0.000e+00
     10.396    17.9836   4.475508    34.0346       1457     6.0667  0.000e+00
     10.351    17.9840   4.475508    34.0343       1458     6.0708  0.000e+00
     10.308    17.9841   4.475554    34.0347       1459     6.0750  0.000e+00
     10.258    17.9842   4.475427    34.0335       1460     6.0792  0.000e+00
     10.205    17.9842   4.475220    34.0317       1461     6.0833  0.000e+00
     10.137    17.9834   4.474933    34.0300       1462     6.0875  0.000e+00
     10.051    17.9820   4.474960    34.0314       1463     6.0917  0.000e+00
      9.945    17.9811   4.474913    34.0318       1464     6.0958  0.000e+00
      9.809    17.9806   4.474786    34.0312       1465     6.1000  0.000e+00
      9.665    17.9800   4.474418    34.0286       1466     6.1042  0.000e+00
      9.507    17.9788   4.473744    34.0239       1467     6.1083  0.000e+00
      9.347    17.9764   4.473877    34.0272       1468     6.1125  0.000e+00
      9.191    17.9748   4.474572    34.0345       1469     6.1167  0.000e+00
      9.038    17.9750   4.474933    34.0374       1470     6.1208  0.000e+00
      8.903    17.9772   4.474859    34.0350       1471     6.1250  0.000e+00
      8.785    17.9786   4.474598    34.0317       1472     6.1292  0.000e+00
      8.684    17.9790   4.474291    34.0287       1473     6.1333  0.000e+00
      8.600    17.9779   4.473977    34.0270       1474     6.1375  0.000e+00
      8.528    17.9761   4.473924    34.0281       1475     6.1417  0.000e+00
      8.465    17.9748   4.474004    34.0299       1476     6.1458  0.000e+00
      8.411    17.9743   4.473977    34.0301       1477     6.1500  0.000e+00
      8.357    17.9743   4.474184    34.0318       1478     6.1542  0.000e+00
      8.298    17.9746   4.474211    34.0319       1479     6.1583  0.000e+00
      8.235    17.9752   4.474057    34.0301       1480     6.1625  0.000e+00
      8.163    17.9749   4.473797    34.0281       1481     6.1667  0.000e+00
      8.083    17.9742   4.473950    34.0300       1482     6.1708  0.000e+00
      7.996    17.9739   4.473770    34.0288       1483     6.1750  0.000e+00
      7.896    17.9738   4.473823    34.0294       1484     6.1792  0.000e+00
      7.797    17.9732   4.473823    34.0299       1485     6.1833  0.000e+00
      7.707    17.9731   4.474291    34.0340       1486     6.1875  0.000e+00
      7.623    17.9742   4.474571    34.0355       1487     6.1917  0.000e+00
      7.551    17.9760   4.474518    34.0336       1488     6.1958  0.000e+00
      7.497    17.9773   4.474545    34.0327       1489     6.2000  0.000e+00
      7.456    17.9779   4.474678    34.0334       1490     6.2042  0.000e+00
      7.418    17.9784   4.474752    34.0336       1491     6.2083  0.000e+00
      7.380    17.9791   4.474932    34.0346       1492     6.2125  0.000e+00
      7.341    17.9799   4.475012    34.0347       1493     6.2167  0.000e+00
      7.291    17.9807   4.475119    34.0349       1494     6.2208  0.000e+00
      7.212    17.9816   4.475480    34.0373       1495     6.2250  0.000e+00
      7.107    17.9830   4.474337    34.0264       1496     6.2292  0.000e+00
      6.969    17.9815   4.472827    34.0148       1497     6.2333  0.000e+00
      6.808    17.9745   4.472039    34.0140       1498     6.2375  0.000e+00
      6.637    17.9665   4.471986    34.0203       1499     6.2417  0.000e+00
      6.459    17.9612   4.472113    34.0259       1500     6.2458  0.000e+00
      6.260    17.9583   4.472013    34.0275       1501     6.2500  0.000e+00
      6.075    17.9571   4.471986    34.0283       1502     6.2542  0.000e+00
      5.901    17.9563   4.471986    34.0290       1503     6.2583  0.000e+00
      5.761    17.9561   4.472139    34.0306       1504     6.2625  0.000e+00
      5.649    17.9561   4.472320    34.0322       1505     6.2667  0.000e+00
      5.577    17.9574   4.472453    34.0322       1506     6.2708  0.000e+00
      5.534    17.9589   4.472426    34.0308       1507     6.2750  0.000e+00
      5.525    17.9598   4.472426    34.0300       1508     6.2792  0.000e+00
      5.536    17.9602   4.472426    34.0297       1509     6.2833  0.000e+00
      5.565    17.9606   4.472426    34.0294       1510     6.2875  0.000e+00
      5.588    17.9605   4.472453    34.0296       1511     6.2917  0.000e+00
      5.592    17.9606   4.472453    34.0296       1512     6.2958  0.000e+00
      5.583    17.9609   4.472453    34.0294       1513     6.3000  0.000e+00
      5.538    17.9609   4.472453    34.0294       1514     6.3042  0.000e+00
      5.466    17.9609   4.472453    34.0294       1515     6.3083  0.000e+00
      5.383    17.9609   4.471932    34.0250       1516     6.3125  0.000e+00
      5.283    17.9609   4.472553    34.0303       1517     6.3167  0.000e+00
      5.154    17.9613   4.472607    34.0305       1518     6.3208  0.000e+00
      5.004    17.9616   4.472580    34.0300       1519     6.3250  0.000e+00
      4.843    17.9622   4.472606    34.0298       1520     6.3292  0.000e+00
      4.669    17.9626   4.472994    34.0329       1521     6.3333  0.000e+00
      4.502    17.9638   4.472940    34.0315       1522     6.3375  0.000e+00
      4.362    17.9648   4.472840    34.0298       1523     6.3417  0.000e+00
      4.243    17.9651   4.472733    34.0287       1524     6.3458  0.000e+00
      4.151    17.9647   4.472706    34.0289       1525     6.3500  0.000e+00
      4.074    17.9645   4.472733    34.0293       1526     6.3542  0.000e+00
      4.015    17.9644   4.473120    34.0327       1527     6.3583  0.000e+00
      3.965    17.9655   4.473147    34.0320       1528     6.3625  0.000e+00
      3.922    17.9668   4.473174    34.0311       1529     6.3667  0.000e+00
      3.868    17.9675   4.473174    34.0306       1530     6.3708  0.000e+00
      3.789    17.9682   4.473200    34.0303       1531     6.3750  0.000e+00
      3.688    17.9683   4.473200    34.0302       1532     6.3792  0.000e+00
      3.575    17.9684   4.472946    34.0280       1533     6.3833  0.000e+00
      3.442    17.9681   4.472786    34.0270       1534     6.3875  0.000e+00
      3.284    17.9672   4.472632    34.0265       1535     6.3917  0.000e+00
      3.135    17.9663   4.472606    34.0270       1536     6.3958  0.000e+00
      3.004    17.9654   4.472606    34.0279       1537     6.4000  0.000e+00
      2.905    17.9649   4.472679    34.0289       1538     6.4042  0.000e+00
      2.831    17.9650   4.472632    34.0285       1539     6.4083  0.000e+00
      2.797    17.9648   4.472632    34.0287       1540     6.4125  0.000e+00
      2.835    17.9646   4.472659    34.0290       1541     6.4167  0.000e+00
      2.903    17.9647   4.472706    34.0293       1542     6.4208  0.000e+00
      2.959    17.9648   4.472679    34.0290       1543     6.4250  0.000e+00
      2.979    17.9651   4.472759    34.0294       1544     6.4292  0.000e+00
      3.002    17.9654   4.472632    34.0281       1545     6.4333  0.000e+00
      3.024    17.9653   4.472706    34.0288       1546     6.4375  0.000e+00
      2.984    17.9652   4.472679    34.0286       1547     6.4417  0.000e+00
      2.833    17.9651   4.472659    34.0286       1548     6.4458  0.000e+00
      2.628    17.9650   4.472632    34.0286       1549     6.4500  0.000e+00
      2.435    17.9647   4.472659    34.0291       1550     6.4542  0.000e+00
      2.219    17.9644   4.472632    34.0292       1551     6.4583  0.000e+00
      2.036    17.9643   4.472732    34.0302       1552     6.4625  0.000e+00
      1.885    17.9648   4.472659    34.0292       1553     6.4667  0.000e+00
      1.775    17.9650   4.472632    34.0288       1554     6.4708  0.000e+00
      1.705    17.9650   4.472451    34.0274       1555     6.4750  0.000e+00
      1.669    17.9644   4.472605    34.0292       1556     6.4792  0.000e+00
      1.648    17.9644   4.472218    34.0259       1557     6.4833  0.000e+00
      1.632    17.9632   4.472164    34.0265       1558     6.4875  0.000e+00
      1.601    17.9618   4.471957    34.0258       1559     6.4917  0.000e+00
      1.555    17.9606   4.471750    34.0251       1560     6.4958  0.000e+00
      1.470    17.9587   4.471850    34.0275       1561     6.5000  0.000e+00
      1.328    17.9582   4.472011    34.0294       1562     6.5042  0.000e+00
      1.127    17.9583   4.472264    34.0315       1563     6.5083  0.000e+00
      0.904    17.9597   4.472244    34.0303       1564     6.5125  0.000e+00
      0.675    17.9613   4.472217    34.0288       1565     6.5167  0.000e+00
      0.515    17.9618   4.471255    34.0203       1566     6.5208  0.000e+00
      0.391    17.9594   4.469606    34.0083       1567     6.5250  0.000e+00
      0.292    17.9511   4.468878    34.0090       1568     6.5292  0.000e+00
      0.296    17.9405   4.469012    34.0190       1569     6.5333  0.000e+00
      0.448    17.9337   4.469813    34.0315       1570     6.5375  0.000e+00
      0.709    17.9336   4.470822    34.0400       1571     6.5417  0.000e+00
      0.917    17.9383   4.471483    34.0417       1572     6.5458  0.000e+00
      1.053    17.9452   4.471777    34.0384       1573     6.5500  0.000e+00
      1.120    17.9507   4.472011    34.0357       1574     6.5542  0.000e+00
      1.107    17.9551   4.472111    34.0329       1575     6.5583  0.000e+00
      0.982    17.9581   4.472137    34.0307       1576     6.5625  0.000e+00
      0.816    17.9598   4.471750    34.0260       1577     6.5667  0.000e+00
      0.653    17.9599   4.471983    34.0280       1578     6.5708  0.000e+00
      0.558    17.9596   4.472037    34.0288       1579     6.5750  0.000e+00
      0.436    17.9598   4.471903    34.0274       1580     6.5792  0.000e+00
      0.269    17.9598   4.470868    34.0187       1581     6.5833  0.000e+00
      0.157    17.9569   4.411982    33.5202       1582     6.5875  0.000e+00
      0.105    17.9391   1.150517     7.6956       1583     6.5917  0.000e+00
      0.103    17.8939   0.697542     4.4983       1584     6.5958  0.000e+00
      0.103    17.7938   0.624566     4.0063       1585     6.6000  0.000e+00
      0.100    17.6185   0.535255     3.4119       1586     6.6042  0.000e+00
      0.100    17.4867   0.492418     3.1316       1587     6.6083  0.000e+00
      0.096    17.4509   0.466134     2.9564       1588     6.6125  0.000e+00
      0.103    17.4487   0.518920     3.3146       1589     6.6167  0.000e+00
      0.103    17.4554   0.479162     3.0441       1590     6.6208  0.000e+00
      0.105    17.4644   0.390708     2.4496       1591     6.6250  0.000e+00
      0.102    17.4730   0.320581     1.9855       1592     6.6292  0.000e+00
      0.109    17.4791   0.278489     1.7105       1593     6.6333  0.000e+00
      0.103    17.4857   0.249970     1.5258       1594     6.6375  0.000e+00
      0.102    17.4942   0.223202     1.3537       1595     6.6417  0.000e+00
      0.091    17.5017   0.202969     1.2245       1596     6.6458  0.000e+00
      0.094    17.5105   0.194671     1.1717       1597     6.6500  0.000e+00
      0.096    17.5206   0.208074     1.2564       1598     6.6542  0.000e+00
      0.109    17.5298   0.335251     2.0790       1599     6.6583  0.000e+00
      0.116    17.5366   0.419382     2.6364       1600     6.6625  0.000e+00
      0.145    17.5420   1.425240     9.7950       1601     6.6667  0.000e+00
      0.181    17.5538   3.427363    25.5624       1602     6.6708  0.000e+00
      0.175    17.6196   4.456678    34.1824       1603     6.6750  0.000e+00
      0.199    17.7012   4.457377    34.1198       1604     6.6792  0.000e+00
      0.134    17.7667   4.447189    33.9778       1605     6.6833  0.000e+00
      0.109    17.8175   4.462399    34.0654       1606     6.6875  0.000e+00
      0.109    17.8488   2.642243    19.0530       1607     6.6917  0.000e+00
      0.109    17.8571   1.940093    13.5889       1608     6.6958  0.000e+00
      0.111    17.8563   2.562229    18.4176       1609     6.7000  0.000e+00
      0.111    17.8553   2.330992    16.6053       1610     6.7042  0.000e+00
      0.112    17.8543   1.906098    13.3306       1611     6.7083  0.000e+00
      0.112    17.8541   0.601095     3.8400       1612     6.7125  0.000e+00
      0.109    17.8588   0.692887     4.4700       1613     6.7167  0.000e+00
      0.091    17.8613   0.844443     5.5262       1614     6.7208  0.000e+00
      0.080    17.8589   1.213600     8.1682       1615     6.7250  0.000e+00
      0.089    17.8540   0.907418     5.9714       1616     6.7292  0.000e+00
      0.123    17.8386   0.674619     4.3460       1617     6.7333  0.000e+00
      0.114    17.8013   0.438155     2.7445       1618     6.7375  0.000e+00
      0.109    17.7578   0.347690     2.1490       1619     6.7417  0.000e+00
      0.098    17.7314   0.295915     1.8128       1620     6.7458  0.000e+00
      0.112    17.7249   0.269579     1.6429       1621     6.7500  0.000e+00
      0.112    17.7245   0.240517     1.4565       1622     6.7542  0.000e+00
      0.107    17.7101   0.230429     1.3927       1623     6.7583  0.000e+00
      0.114    17.6927   0.212114     1.2768       1624     6.7625  0.000e+00
      0.112    17.6894   0.201358     1.2088       1625     6.7667  0.000e+00
      0.114    17.6908   0.181929     1.0865       1626     6.7708  0.000e+00
      0.103    17.6908   0.171482     1.0210       1627     6.7750  0.000e+00
