PC2406/sbe041.cnv
* Sea-Bird SBE 19plus V2 Data File:
* FileName = C:\cruise\data\sbe041.hex
* Software Version Seasave V 7.26.7.121
* Temperature SN = 7142
* Conductivity SN = 7142
* System UpLoad Time = Nov 07 2024 23:43:36
* NMEA Latitude = 36 36.90 N
* NMEA Longitude = 074 43.04 W
* NMEA UTC (Time) = Nov 07 2024  23:43:28
** Ship: Pisces
** Cruise:  PC2406
** Program:  Fall ECOMON
# nquan = 7
# nvalues = 4031                                  
# units = specified
# name 0 = depSM: Depth [salt water, m]
# name 1 = tv290C: Temperature [ITS-90, deg C]
# name 2 = c0S/m: Conductivity [S/m]
# name 3 = sal00: Salinity, Practical [PSU]
# name 4 = scan: Scan Count
# name 5 = timeM: Time, Elapsed [minutes]
# name 6 = flag:  0.000e+00
# span 0 =      0.036,    160.554                 
# span 1 =    11.5852,    19.4425                 
# span 2 =   0.000036,   4.669629                 
# span 3 =     0.0097,    36.0050                 
# span 4 =         11,       4041                 
# span 5 =     0.0417,    16.8333                 
# span 6 = 0.0000e+00, 0.0000e+00                 
# interval = seconds: 0.25
# start_time = Nov 07 2024 23:43:28 [NMEA time, header]
# bad_flag = -9.990e-29
*END*
[from data line 411]
     53.762    16.8493   4.462462    34.8710        422     1.7542  0.000e+00
     53.868    16.8465   4.462463    34.8734        423     1.7583  0.000e+00
     53.965    16.8437   4.462436    34.8756        424     1.7625  0.000e+00
     54.064    16.8410   4.462229    34.8760        425     1.7667  0.000e+00
     54.155    16.8382   4.462002    34.8765        426     1.7708  0.000e+00
     54.236    16.8355   4.461869    34.8777        427     1.7750  0.000e+00
     54.314    16.8329   4.461842    34.8796        428     1.7792  0.000e+00
     54.382    16.8317   4.461842    34.8806        429     1.7833  0.000e+00
     54.454    16.8308   4.461816    34.8812        430     1.7875  0.000e+00
     54.527    16.8302   4.461923    34.8826        431     1.7917  0.000e+00
     54.599    16.8302   4.461796    34.8814        432     1.7958  0.000e+00
     54.671    16.8300   4.461536    34.8793        433     1.8000  0.000e+00
     54.748    16.8290   4.461456    34.8795        434     1.8042  0.000e+00
     54.833    16.8276   4.461175    34.8782        435     1.8083  0.000e+00
     54.932    16.8259   4.461329    34.8809        436     1.8125  0.000e+00
     55.036    16.8252   4.461249    34.8808        437     1.8167  0.000e+00
     55.156    16.8247   4.461202    34.8808        438     1.8208  0.000e+00
     55.282    16.8244   4.461329    34.8821        439     1.8250  0.000e+00
     55.415    16.8245   4.461202    34.8809        440     1.8292  0.000e+00
     55.557    16.8243   4.460789    34.8774        441     1.8333  0.000e+00
     55.719    16.8232   4.460222    34.8733        442     1.8375  0.000e+00
     55.882    16.8206   4.459728    34.8712        443     1.8417  0.000e+00
     56.049    16.8173   4.458908    34.8668        444     1.8458  0.000e+00
     56.220    16.8136   4.458801    34.8690        445     1.8500  0.000e+00
     56.392    16.8097   4.458621    34.8708        446     1.8542  0.000e+00
     56.561    16.8073   4.458728    34.8737        447     1.8583  0.000e+00
     56.734    16.8063   4.458621    34.8736        448     1.8625  0.000e+00
     56.892    16.8058   4.456694    34.8571        449     1.8667  0.000e+00
     57.041    16.8008   4.456254    34.8575        450     1.8708  0.000e+00
     57.179    16.7942   4.453320    34.8375        451     1.8750  0.000e+00
     57.309    16.7821   4.446015    34.7839        452     1.8792  0.000e+00
     57.427    16.7562   4.438862    34.7437        453     1.8833  0.000e+00
     57.537    16.7146   4.434789    34.7440        454     1.8875  0.000e+00
     57.637    16.6716   4.433073    34.7662        455     1.8917  0.000e+00
     57.731    16.6384   4.430259    34.7703        456     1.8958  0.000e+00
     57.824    16.6106   4.428549    34.7794        457     1.9000  0.000e+00
     57.927    16.5873   4.425916    34.7765        458     1.9042  0.000e+00
     58.026    16.5648   4.421628    34.7582        459     1.9083  0.000e+00
     58.110    16.5369   4.419442    34.7632        460     1.9125  0.000e+00
     58.196    16.5095   4.418060    34.7749        461     1.9167  0.000e+00
     58.286    16.4874   4.417987    34.7934        462     1.9208  0.000e+00
     58.376    16.4724   4.416180    34.7905        463     1.9250  0.000e+00
     58.475    16.4577   4.414347    34.7871        464     1.9292  0.000e+00
     58.572    16.4407   4.412182    34.7829        465     1.9333  0.000e+00
     58.660    16.4208   4.413331    34.8103        466     1.9375  0.000e+00
     58.760    16.4076   4.423140    34.9085        467     1.9417  0.000e+00
     58.857    16.4153   4.432006    34.9800        468     1.9458  0.000e+00
     58.967    16.4408   4.436944    35.0012        469     1.9500  0.000e+00
     59.077    16.4703   4.439766    35.0003        470     1.9542  0.000e+00
     59.188    16.4945   4.442123    34.9998        471     1.9583  0.000e+00
     59.303    16.5119   4.444434    35.0049        472     1.9625  0.000e+00
     59.420    16.5255   4.444581    34.9943        473     1.9667  0.000e+00
     59.547    16.5332   4.444408    34.9859        474     1.9708  0.000e+00
     59.675    16.5351   4.445687    34.9955        475     1.9750  0.000e+00
     59.804    16.5358   4.446460    35.0016        476     1.9792  0.000e+00
     59.932    16.5365   4.446380    35.0003        477     1.9833  0.000e+00
     60.058    16.5348   4.446180    34.9999        478     1.9875  0.000e+00
     60.183    16.5313   4.446020    35.0015        479     1.9917  0.000e+00
     60.311    16.5259   4.445840    35.0046        480     1.9958  0.000e+00
     60.431    16.5204   4.445667    35.0079        481     2.0000  0.000e+00
     60.548    16.5151   4.445328    35.0095        482     2.0042  0.000e+00
     60.665    16.5082   4.444615    35.0092        483     2.0083  0.000e+00
     60.780    16.4990   4.443509    35.0075        484     2.0125  0.000e+00
     60.895    16.4866   4.441225    34.9981        485     2.0167  0.000e+00
     61.008    16.4691   4.439814    35.0010        486     2.0208  0.000e+00
     61.125    16.4491   4.438968    35.0110        487     2.0250  0.000e+00
     61.245    16.4323   4.438662    35.0230        488     2.0292  0.000e+00
     61.362    16.4197   4.438483    35.0324        489     2.0333  0.000e+00
     61.481    16.4114   4.438356    35.0386        490     2.0375  0.000e+00
     61.598    16.4063   4.438430    35.0437        491     2.0417  0.000e+00
     61.718    16.4021   4.438430    35.0473        492     2.0458  0.000e+00
     61.835    16.3951   4.437764    35.0475        493     2.0500  0.000e+00
     61.939    16.3815   4.437252    35.0549        494     2.0542  0.000e+00
     62.048    16.3646   4.436973    35.0673        495     2.0583  0.000e+00
     62.151    16.3494   4.436540    35.0768        496     2.0625  0.000e+00
     62.246    16.3368   4.434823    35.0726        497     2.0667  0.000e+00
     62.332    16.3241   4.433565    35.0727        498     2.0708  0.000e+00
     62.415    16.3118   4.432621    35.0750        499     2.0750  0.000e+00
     62.492    16.3009   4.431550    35.0752        500     2.0792  0.000e+00
     62.573    16.2911   4.431497    35.0833        501     2.0833  0.000e+00
     62.654    16.2848   4.430319    35.0784        502     2.0875  0.000e+00
     62.738    16.2781   4.429654    35.0784        503     2.0917  0.000e+00
     62.819    16.2714   4.429627    35.0840        504     2.0958  0.000e+00
     62.904    16.2673   4.427306    35.0670        505     2.1000  0.000e+00
     62.995    16.2587   4.427406    35.0754        506     2.1042  0.000e+00
     63.094    16.2502   4.427306    35.0820        507     2.1083  0.000e+00
     63.202    16.2435   4.426921    35.0844        508     2.1125  0.000e+00
     63.319    16.2377   4.426409    35.0849        509     2.1167  0.000e+00
     63.432    16.2317   4.425398    35.0813        510     2.1208  0.000e+00
     63.549    16.2176   4.423656    35.0781        511     2.1250  0.000e+00
     63.673    16.1934   4.421483    35.0802        512     2.1292  0.000e+00
     63.808    16.1636   4.423478    35.1242        513     2.1333  0.000e+00
     63.937    16.1387   4.425746    35.1664        514     2.1375  0.000e+00
     64.070    16.1255   4.425134    35.1726        515     2.1417  0.000e+00
     64.201    16.1138   4.423525    35.1685        516     2.1458  0.000e+00
     64.332    16.0994   4.419623    35.1464        517     2.1500  0.000e+00
     64.462    16.0748   4.411353    35.0945        518     2.1542  0.000e+00
     64.578    16.0309   4.404821    35.0751        519     2.1583  0.000e+00
     64.695    15.9782   4.399852    35.0774        520     2.1625  0.000e+00
     64.799    15.9268   4.397033    35.0977        521     2.1667  0.000e+00
     64.900    15.8841   4.394256    35.1107        522     2.1708  0.000e+00
     64.997    15.8485   4.388311    35.0890        523     2.1750  0.000e+00
     65.091    15.8098   4.382727    35.0733        524     2.1792  0.000e+00
     65.182    15.7656   4.378569    35.0753        525     2.1833  0.000e+00
     65.274    15.7232   4.379490    35.1212        526     2.1875  0.000e+00
     65.356    15.6913   4.380563    35.1593        527     2.1917  0.000e+00
     65.441    15.6695   4.378372    35.1590        528     2.1958  0.000e+00
     65.527    15.6487   4.378120    35.1752        529     2.2000  0.000e+00
     65.613    15.6327   4.382001    35.2244        530     2.2042  0.000e+00
     65.700    15.6292   4.384650    35.2514        531     2.2083  0.000e+00
     65.788    15.6358   4.387035    35.2669        532     2.2125  0.000e+00
     65.876    15.6466   4.385710    35.2453        533     2.2167  0.000e+00
     65.976    15.6504   4.386724    35.2509        534     2.2208  0.000e+00
     66.070    15.6496   4.389427    35.2760        535     2.2250  0.000e+00
     66.169    15.6531   4.391044    35.2873        536     2.2292  0.000e+00
     66.266    15.6595   4.391952    35.2897        537     2.2333  0.000e+00
     66.359    15.6656   4.391608    35.2812        538     2.2375  0.000e+00
     66.454    15.6678   4.390183    35.2663        539     2.2417  0.000e+00
     66.546    15.6636   4.389527    35.2641        540     2.2458  0.000e+00
     66.643    15.6563   4.389779    35.2728        541     2.2500  0.000e+00
     66.736    15.6504   4.390435    35.2840        542     2.2542  0.000e+00
     66.832    15.6464   4.389779    35.2817        543     2.2583  0.000e+00
     66.923    15.6409   4.389441    35.2835        544     2.2625  0.000e+00
     67.019    15.6339   4.388540    35.2817        545     2.2667  0.000e+00
     67.117    15.6236   4.389554    35.3000        546     2.2708  0.000e+00
     67.223    15.6136   4.391476    35.3262        547     2.2750  0.000e+00
     67.326    15.6102   4.396508    35.3746        548     2.2792  0.000e+00
     67.430    15.6178   4.400641    35.4049        549     2.2833  0.000e+00
     67.540    15.6340   4.401835    35.4011        550     2.2875  0.000e+00
     67.655    15.6490   4.402843    35.3966        551     2.2917  0.000e+00
     67.773    15.6604   4.403075    35.3884        552     2.2958  0.000e+00
     67.894    15.6682   4.403838    35.3883        553     2.3000  0.000e+00
     68.018    15.6742   4.406805    35.4095        554     2.3042  0.000e+00
     68.143    15.6835   4.410443    35.4339        555     2.3083  0.000e+00
     68.271    15.6987   4.413777    35.4501        556     2.3125  0.000e+00
     68.400    15.7169   4.415657    35.4506        557     2.3167  0.000e+00
     68.533    15.7335   4.416168    35.4402        558     2.3208  0.000e+00
     68.655    15.7453   4.416713    35.4345        559     2.3250  0.000e+00
     68.778    15.7531   4.417005    35.4301        560     2.3292  0.000e+00
     68.896    15.7579   4.417058    35.4262        561     2.3333  0.000e+00
     69.015    15.7611   4.416906    35.4219        562     2.3375  0.000e+00
     69.128    15.7618   4.416374    35.4165        563     2.3417  0.000e+00
     69.238    15.7600   4.415351    35.4089        564     2.3458  0.000e+00
     69.333    15.7540   4.414587    35.4073        565     2.3500  0.000e+00
     69.435    15.7454   4.413671    35.4068        566     2.3542  0.000e+00
     69.527    15.7358   4.413060    35.4099        567     2.3583  0.000e+00
     69.624    15.7269   4.412582    35.4135        568     2.3625  0.000e+00
     69.709    15.7192   4.411871    35.4140        569     2.3667  0.000e+00
     69.791    15.7116   4.410364    35.4072        570     2.3708  0.000e+00
     69.867    15.7003   4.407722    35.3936        571     2.3750  0.000e+00
     69.948    15.6792   4.400641    35.3488        572     2.3792  0.000e+00
     70.023    15.6351   4.394560    35.3336        573     2.3833  0.000e+00
     70.098    15.5738   4.390464    35.3516        574     2.3875  0.000e+00
     70.178    15.5142   4.388622    35.3886        575     2.3917  0.000e+00
     70.251    15.4666   4.387331    35.4198        576     2.3958  0.000e+00
     70.330    15.4329   4.386497    35.4425        577     2.4000  0.000e+00
     70.416    15.4098   4.385868    35.4577        578     2.4042  0.000e+00
     70.510    15.3935   4.384934    35.4639        579     2.4083  0.000e+00
     70.611    15.3792   4.382285    35.4528        580     2.4125  0.000e+00
     70.715    15.3578   4.382636    35.4752        581     2.4167  0.000e+00
     70.823    15.3412   4.382265    35.4869        582     2.4208  0.000e+00
     70.932    15.3321   4.382312    35.4955        583     2.4250  0.000e+00
     71.056    15.3266   4.381405    35.4922        584     2.4292  0.000e+00
     71.182    15.3199   4.380471    35.4897        585     2.4333  0.000e+00
     71.313    15.3096   4.379988    35.4946        586     2.4375  0.000e+00
     71.439    15.2996   4.379816    35.5020        587     2.4417  0.000e+00
     71.575    15.2921   4.379816    35.5088        588     2.4458  0.000e+00
     71.705    15.2881   4.379538    35.5098        589     2.4500  0.000e+00
     71.838    15.2848   4.379439    35.5118        590     2.4542  0.000e+00
     71.964    15.2820   4.379135    35.5116        591     2.4583  0.000e+00
     72.093    15.2787   4.378704    35.5106        592     2.4625  0.000e+00
     72.213    15.2743   4.378552    35.5131        593     2.4667  0.000e+00
     72.328    15.2700   4.378301    35.5148        594     2.4708  0.000e+00
     72.436    15.2664   4.378149    35.5166        595     2.4750  0.000e+00
     72.549    15.2632   4.377851    35.5167        596     2.4792  0.000e+00
     72.655    15.2597   4.377672    35.5182        597     2.4833  0.000e+00
     72.760    15.2562   4.377156    35.5167        598     2.4875  0.000e+00
     72.857    15.2512   4.376792    35.5178        599     2.4917  0.000e+00
     72.959    15.2455   4.376693    35.5220        600     2.4958  0.000e+00
     73.060    15.2410   4.376614    35.5254        601     2.5000  0.000e+00
     73.157    15.2383   4.376614    35.5278        602     2.5042  0.000e+00
     73.256    15.2368   4.376501    35.5281        603     2.5083  0.000e+00
     73.349    15.2353   4.375939    35.5243        604     2.5125  0.000e+00
     73.441    15.2315   4.374906    35.5184        605     2.5167  0.000e+00
     73.534    15.2218   4.374198    35.5206        606     2.5208  0.000e+00
     73.622    15.2098   4.373570    35.5258        607     2.5250  0.000e+00
     73.708    15.1974   4.373339    35.5349        608     2.5292  0.000e+00
     73.793    15.1881   4.373498    35.5448        609     2.5333  0.000e+00
     73.876    15.1834   4.373140    35.5458        610     2.5375  0.000e+00
     73.956    15.1800   4.372260    35.5408        611     2.5417  0.000e+00
     74.041    15.1728   4.371857    35.5437        612     2.5458  0.000e+00
     74.123    15.1646   4.371606    35.5488        613     2.5500  0.000e+00
     74.203    15.1578   4.371229    35.5515        614     2.5542  0.000e+00
     74.282    15.1515   4.371030    35.5553        615     2.5583  0.000e+00
     74.363    15.1460   4.370978    35.5599        616     2.5625  0.000e+00
     74.447    15.1419   4.370878    35.5626        617     2.5667  0.000e+00
     74.537    15.1379   4.370845    35.5660        618     2.5708  0.000e+00
     74.627    15.1348   4.370852    35.5688        619     2.5750  0.000e+00
     74.716    15.1327   4.370852    35.5707        620     2.5792  0.000e+00
     74.814    15.1314   4.370852    35.5718        621     2.5833  0.000e+00
     74.918    15.1305   4.370852    35.5726        622     2.5875  0.000e+00
     75.031    15.1297   4.370740    35.5723        623     2.5917  0.000e+00
     75.151    15.1288   4.370780    35.5733        624     2.5958  0.000e+00
     75.272    15.1281   4.370806    35.5742        625     2.6000  0.000e+00
