PC2406/sbe068.cnv
* Sea-Bird SBE 19plus V2 Data File:
* FileName = C:\cruise\data\sbe068.hex
* Software Version Seasave V 7.26.7.121
* Temperature SN = 7142
* Conductivity SN = 7142
* System UpLoad Time = Nov 10 2024 22:37:44
* NMEA Latitude = 40 25.41 N
* NMEA Longitude = 073 22.64 W
* NMEA UTC (Time) = Nov 10 2024  22:37:38
** Ship: Pisces
** Cruise:  PC2406
** Program:  Fall ECOMON
# nquan = 7
# nvalues = 1327                                  
# units = specified
# name 0 = depSM: Depth [salt water, m]
# name 1 = tv290C: Temperature [ITS-90, deg C]
# name 2 = c0S/m: Conductivity [S/m]
# name 3 = sal00: Salinity, Practical [PSU]
# name 4 = scan: Scan Count
# name 5 = timeM: Time, Elapsed [minutes]
# name 6 = flag:  0.000e+00
# span 0 =      0.023,     21.837                 
# span 1 =    14.2773,    15.9790                 
# span 2 =   0.000143,   4.088713                 
# span 3 =     0.0075,    33.0371                 
# span 4 =         11,       1337                 
# span 5 =     0.0417,     5.5667                 
# span 6 = 0.0000e+00, 0.0000e+00                 
# interval = seconds: 0.25
# start_time = Nov 10 2024 22:37:38 [NMEA time, header]
# bad_flag = -9.990e-29
*END*
[from data line 206]
      9.005    15.9701   4.087307    32.3316        217     0.9000  0.000e+00
      9.077    15.9703   4.087236    32.3308        218     0.9042  0.000e+00
      9.156    15.9700   4.087236    32.3310        219     0.9083  0.000e+00
      9.235    15.9696   4.087236    32.3313        220     0.9125  0.000e+00
      9.318    15.9694   4.087236    32.3314        221     0.9167  0.000e+00
      9.397    15.9695   4.087236    32.3313        222     0.9208  0.000e+00
      9.483    15.9695   4.087191    32.3309        223     0.9250  0.000e+00
      9.571    15.9690   4.087159    32.3310        224     0.9292  0.000e+00
      9.666    15.9687   4.087114    32.3308        225     0.9333  0.000e+00
      9.754    15.9681   4.087088    32.3310        226     0.9375  0.000e+00
      9.840    15.9676   4.087114    32.3316        227     0.9417  0.000e+00
      9.928    15.9675   4.087114    32.3317        228     0.9458  0.000e+00
     10.014    15.9674   4.087140    32.3320        229     0.9500  0.000e+00
     10.091    15.9672   4.087165    32.3323        230     0.9542  0.000e+00
     10.170    15.9675   4.087185    32.3322        231     0.9583  0.000e+00
     10.244    15.9678   4.087211    32.3322        232     0.9625  0.000e+00
     10.312    15.9679   4.087211    32.3321        233     0.9667  0.000e+00
     10.379    15.9679   4.087211    32.3321        234     0.9708  0.000e+00
     10.449    15.9682   4.087185    32.3316        235     0.9750  0.000e+00
     10.519    15.9679   4.087236    32.3322        236     0.9792  0.000e+00
     10.589    15.9682   4.087256    32.3321        237     0.9833  0.000e+00
     10.657    15.9684   4.087236    32.3317        238     0.9875  0.000e+00
     10.725    15.9683   4.087236    32.3318        239     0.9917  0.000e+00
     10.799    15.9685   4.087236    32.3316        240     0.9958  0.000e+00
     10.880    15.9684   4.087211    32.3314        241     1.0000  0.000e+00
     10.952    15.9682   4.087237    32.3318        242     1.0042  0.000e+00
     11.029    15.9682   4.087282    32.3322        243     1.0083  0.000e+00
     11.092    15.9682   4.087282    32.3322        244     1.0125  0.000e+00
     11.156    15.9683   4.087256    32.3318        245     1.0167  0.000e+00
     11.215    15.9682   4.087237    32.3317        246     1.0208  0.000e+00
     11.269    15.9682   4.087256    32.3319        247     1.0250  0.000e+00
     11.323    15.9683   4.087256    32.3318        248     1.0292  0.000e+00
     11.375    15.9681   4.087237    32.3317        249     1.0333  0.000e+00
     11.429    15.9679   4.087256    32.3320        250     1.0375  0.000e+00
     11.485    15.9681   4.087333    32.3325        251     1.0417  0.000e+00
     11.549    15.9683   4.087333    32.3323        252     1.0458  0.000e+00
     11.605    15.9685   4.087333    32.3322        253     1.0500  0.000e+00
     11.657    15.9688   4.087378    32.3323        254     1.0542  0.000e+00
     11.711    15.9690   4.087353    32.3319        255     1.0583  0.000e+00
     11.770    15.9689   4.087378    32.3322        256     1.0625  0.000e+00
     11.835    15.9691   4.087333    32.3316        257     1.0667  0.000e+00
     11.894    15.9688   4.087353    32.3320        258     1.0708  0.000e+00
     11.953    15.9689   4.087333    32.3317        259     1.0750  0.000e+00
     12.022    15.9687   4.087333    32.3319        260     1.0792  0.000e+00
     12.079    15.9687   4.087379    32.3323        261     1.0833  0.000e+00
     12.144    15.9687   4.087430    32.3326        262     1.0875  0.000e+00
     12.198    15.9691   4.087475    32.3327        263     1.0917  0.000e+00
     12.261    15.9697   4.087501    32.3324        264     1.0958  0.000e+00
     12.320    15.9700   4.087527    32.3324        265     1.1000  0.000e+00
     12.381    15.9702   4.087527    32.3322        266     1.1042  0.000e+00
     12.435    15.9703   4.087527    32.3321        267     1.1083  0.000e+00
     12.487    15.9703   4.087527    32.3321        268     1.1125  0.000e+00
     12.541    15.9704   4.087514    32.3319        269     1.1167  0.000e+00
     12.591    15.9703   4.087430    32.3312        270     1.1208  0.000e+00
     12.641    15.9701   4.087353    32.3307        271     1.1250  0.000e+00
     12.690    15.9692   4.087282    32.3307        272     1.1292  0.000e+00
     12.744    15.9683   4.087353    32.3320        273     1.1333  0.000e+00
     12.794    15.9680   4.087475    32.3334        274     1.1375  0.000e+00
     12.851    15.9686   4.087501    32.3331        275     1.1417  0.000e+00
     12.909    15.9692   4.087398    32.3317        276     1.1458  0.000e+00
     12.957    15.9695   4.087405    32.3315        277     1.1500  0.000e+00
     13.016    15.9693   4.087430    32.3318        278     1.1542  0.000e+00
     13.063    15.9690   4.087430    32.3321        279     1.1583  0.000e+00
     13.124    15.9688   4.087475    32.3326        280     1.1625  0.000e+00
     13.174    15.9692   4.087450    32.3320        281     1.1667  0.000e+00
     13.223    15.9693   4.087379    32.3313        282     1.1708  0.000e+00
     13.270    15.9690   4.087353    32.3313        283     1.1750  0.000e+00
     13.313    15.9684   4.087379    32.3320        284     1.1792  0.000e+00
     13.356    15.9679   4.087353    32.3321        285     1.1833  0.000e+00
     13.404    15.9679   4.087283    32.3315        286     1.1875  0.000e+00
     13.449    15.9675   4.087283    32.3318        287     1.1917  0.000e+00
     13.496    15.9673   4.087257    32.3318        288     1.1958  0.000e+00
     13.541    15.9669   4.087283    32.3323        289     1.2000  0.000e+00
     13.586    15.9669   4.087283    32.3323        290     1.2042  0.000e+00
     13.650    15.9667   4.087238    32.3321        291     1.2083  0.000e+00
     13.709    15.9666   4.087263    32.3323        292     1.2125  0.000e+00
     13.771    15.9664   4.087283    32.3326        293     1.2167  0.000e+00
     13.833    15.9663   4.087308    32.3329        294     1.2208  0.000e+00
     13.898    15.9664   4.087283    32.3326        295     1.2250  0.000e+00
     13.964    15.9666   4.087309    32.3326        296     1.2292  0.000e+00
     14.026    15.9667   4.087354    32.3329        297     1.2333  0.000e+00
     14.081    15.9669   4.087379    32.3330        298     1.2375  0.000e+00
     14.139    15.9671   4.087379    32.3327        299     1.2417  0.000e+00
     14.187    15.9674   4.087354    32.3323        300     1.2458  0.000e+00
     14.239    15.9673   4.087354    32.3323        301     1.2500  0.000e+00
     14.284    15.9674   4.087405    32.3327        302     1.2542  0.000e+00
     14.338    15.9676   4.087502    32.3334        303     1.2583  0.000e+00
     14.383    15.9683   4.087553    32.3332        304     1.2625  0.000e+00
     14.437    15.9689   4.087553    32.3327        305     1.2667  0.000e+00
     14.485    15.9694   4.087553    32.3323        306     1.2708  0.000e+00
     14.539    15.9697   4.087515    32.3317        307     1.2750  0.000e+00
     14.589    15.9694   4.087476    32.3316        308     1.2792  0.000e+00
     14.645    15.9692   4.087450    32.3315        309     1.2833  0.000e+00
     14.692    15.9689   4.087450    32.3317        310     1.2875  0.000e+00
     14.744    15.9686   4.087450    32.3320        311     1.2917  0.000e+00
     14.796    15.9686   4.087502    32.3324        312     1.2958  0.000e+00
     14.844    15.9686   4.087476    32.3322        313     1.3000  0.000e+00
     14.891    15.9686   4.087515    32.3325        314     1.3042  0.000e+00
     14.943    15.9687   4.087528    32.3324        315     1.3083  0.000e+00
     14.990    15.9689   4.087476    32.3318        316     1.3125  0.000e+00
     15.036    15.9687   4.087450    32.3318        317     1.3167  0.000e+00
     15.089    15.9683   4.087450    32.3320        318     1.3208  0.000e+00
     15.142    15.9683   4.087476    32.3323        319     1.3250  0.000e+00
     15.196    15.9681   4.087476    32.3324        320     1.3292  0.000e+00
     15.254    15.9684   4.087502    32.3324        321     1.3333  0.000e+00
     15.313    15.9683   4.087470    32.3322        322     1.3375  0.000e+00
     15.376    15.9680   4.087476    32.3324        323     1.3417  0.000e+00
     15.440    15.9681   4.087502    32.3326        324     1.3458  0.000e+00
     15.503    15.9683   4.087528    32.3326        325     1.3500  0.000e+00
     15.566    15.9683   4.087554    32.3328        326     1.3542  0.000e+00
     15.627    15.9683   4.087528    32.3325        327     1.3583  0.000e+00
     15.681    15.9686   4.087528    32.3323        328     1.3625  0.000e+00
     15.730    15.9684   4.087573    32.3328        329     1.3667  0.000e+00
     15.778    15.9687   4.087586    32.3327        330     1.3708  0.000e+00
     15.817    15.9690   4.087573    32.3323        331     1.3750  0.000e+00
     15.848    15.9692   4.087573    32.3321        332     1.3792  0.000e+00
     15.882    15.9691   4.087573    32.3322        333     1.3833  0.000e+00
     15.916    15.9691   4.087554    32.3320        334     1.3875  0.000e+00
     15.950    15.9691   4.087573    32.3322        335     1.3917  0.000e+00
     15.990    15.9691   4.087554    32.3320        336     1.3958  0.000e+00
     16.028    15.9693   4.087586    32.3321        337     1.4000  0.000e+00
     16.071    15.9693   4.087650    32.3327        338     1.4042  0.000e+00
     16.112    15.9695   4.087670    32.3327        339     1.4083  0.000e+00
     16.164    15.9696   4.087650    32.3324        340     1.4125  0.000e+00
     16.218    15.9699   4.087650    32.3321        341     1.4167  0.000e+00
     16.275    15.9700   4.087670    32.3322        342     1.4208  0.000e+00
     16.342    15.9700   4.087695    32.3324        343     1.4250  0.000e+00
     16.408    15.9701   4.087695    32.3323        344     1.4292  0.000e+00
     16.482    15.9702   4.087747    32.3326        345     1.4333  0.000e+00
     16.555    15.9701   4.087766    32.3328        346     1.4375  0.000e+00
     16.627    15.9703   4.087766    32.3326        347     1.4417  0.000e+00
     16.706    15.9706   4.087766    32.3324        348     1.4458  0.000e+00
     16.780    15.9708   4.087747    32.3320        349     1.4500  0.000e+00
     16.854    15.9707   4.087747    32.3320        350     1.4542  0.000e+00
     16.927    15.9708   4.087766    32.3321        351     1.4583  0.000e+00
     17.001    15.9709   4.087792    32.3323        352     1.4625  0.000e+00
     17.064    15.9710   4.087747    32.3317        353     1.4667  0.000e+00
     17.128    15.9713   4.087767    32.3317        354     1.4708  0.000e+00
     17.184    15.9710   4.087747    32.3317        355     1.4750  0.000e+00
     17.240    15.9707   4.087747    32.3319        356     1.4792  0.000e+00
     17.297    15.9707   4.087767    32.3321        357     1.4833  0.000e+00
     17.346    15.9707   4.087792    32.3323        358     1.4875  0.000e+00
     17.403    15.9709   4.087792    32.3321        359     1.4917  0.000e+00
     17.450    15.9710   4.087799    32.3321        360     1.4958  0.000e+00
     17.496    15.9710   4.087792    32.3319        361     1.5000  0.000e+00
     17.543    15.9710   4.087792    32.3319        362     1.5042  0.000e+00
     17.592    15.9710   4.087818    32.3322        363     1.5083  0.000e+00
     17.637    15.9710   4.087818    32.3321        364     1.5125  0.000e+00
     17.683    15.9711   4.087844    32.3323        365     1.5167  0.000e+00
     17.730    15.9712   4.087818    32.3320        366     1.5208  0.000e+00
     17.778    15.9713   4.087767    32.3314        367     1.5250  0.000e+00
     17.823    15.9711   4.087728    32.3312        368     1.5292  0.000e+00
     17.874    15.9707   4.087670    32.3311        369     1.5333  0.000e+00
     17.922    15.9700   4.087670    32.3316        370     1.5375  0.000e+00
     17.972    15.9699   4.087670    32.3317        371     1.5417  0.000e+00
     18.023    15.9697   4.087670    32.3318        372     1.5458  0.000e+00
     18.067    15.9697   4.087670    32.3318        373     1.5500  0.000e+00
     18.118    15.9695   4.087696    32.3322        374     1.5542  0.000e+00
     18.172    15.9695   4.087703    32.3322        375     1.5583  0.000e+00
     18.217    15.9696   4.087670    32.3318        376     1.5625  0.000e+00
     18.274    15.9695   4.087670    32.3318        377     1.5667  0.000e+00
     18.330    15.9695   4.087722    32.3323        378     1.5708  0.000e+00
     18.389    15.9696   4.087722    32.3322        379     1.5750  0.000e+00
     18.443    15.9697   4.087696    32.3318        380     1.5792  0.000e+00
     18.509    15.9699   4.087626    32.3310        381     1.5833  0.000e+00
     18.567    15.9698   4.087671    32.3315        382     1.5875  0.000e+00
     18.624    15.9695   4.087632    32.3313        383     1.5917  0.000e+00
     18.683    15.9692   4.087600    32.3313        384     1.5958  0.000e+00
     18.741    15.9688   4.087651    32.3321        385     1.6000  0.000e+00
     18.806    15.9689   4.087651    32.3320        386     1.6042  0.000e+00
     18.863    15.9691   4.087671    32.3320        387     1.6083  0.000e+00
     18.919    15.9691   4.087671    32.3320        388     1.6125  0.000e+00
     18.985    15.9691   4.087671    32.3319        389     1.6167  0.000e+00
     19.043    15.9691   4.087671    32.3319        390     1.6208  0.000e+00
     19.107    15.9691   4.087684    32.3319        391     1.6250  0.000e+00
     19.168    15.9691   4.087697    32.3321        392     1.6292  0.000e+00
     19.227    15.9691   4.087722    32.3323        393     1.6333  0.000e+00
     19.296    15.9693   4.087767    32.3325        394     1.6375  0.000e+00
     19.362    15.9695   4.087793    32.3326        395     1.6417  0.000e+00
     19.425    15.9698   4.087845    32.3327        396     1.6458  0.000e+00
     19.488    15.9700   4.087767    32.3318        397     1.6500  0.000e+00
     19.554    15.9703   4.087819    32.3321        398     1.6542  0.000e+00
     19.622    15.9702   4.087845    32.3323        399     1.6583  0.000e+00
     19.689    15.9703   4.087864    32.3324        400     1.6625  0.000e+00
     19.755    15.9704   4.087916    32.3327        401     1.6667  0.000e+00
     19.820    15.9709   4.087890    32.3321        402     1.6708  0.000e+00
     19.888    15.9709   4.087819    32.3314        403     1.6750  0.000e+00
     19.949    15.9707   4.087819    32.3316        404     1.6792  0.000e+00
     20.010    15.9703   4.087768    32.3314        405     1.6833  0.000e+00
     20.070    15.9702   4.087729    32.3311        406     1.6875  0.000e+00
     20.129    15.9698   4.087600    32.3303        407     1.6917  0.000e+00
     20.176    15.9695   4.087671    32.3312        408     1.6958  0.000e+00
     20.222    15.9691   4.087626    32.3311        409     1.7000  0.000e+00
     20.262    15.9685   4.087626    32.3315        410     1.7042  0.000e+00
     20.299    15.9683   4.087626    32.3317        411     1.7083  0.000e+00
     20.343    15.9681   4.087671    32.3322        412     1.7125  0.000e+00
     20.382    15.9682   4.087704    32.3324        413     1.7167  0.000e+00
     20.420    15.9684   4.087749    32.3326        414     1.7208  0.000e+00
     20.457    15.9685   4.087916    32.3340        415     1.7250  0.000e+00
     20.497    15.9693   4.088038    32.3344        416     1.7292  0.000e+00
     20.540    15.9706   4.088083    32.3338        417     1.7333  0.000e+00
     20.581    15.9714   4.088180    32.3340        418     1.7375  0.000e+00
     20.624    15.9723   4.088160    32.3330        419     1.7417  0.000e+00
     20.671    15.9730   4.088276    32.3334        420     1.7458  0.000e+00
