PC2406/sbe045.cnv
* Sea-Bird SBE 19plus V2 Data File:
* FileName = C:\cruise\data\sbe045.hex
* Software Version Seasave V 7.26.7.121
* Temperature SN = 7142
* Conductivity SN = 7142
* System UpLoad Time = Nov 08 2024 07:45:34
* NMEA Latitude = 37 07.61 N
* NMEA Longitude = 075 20.33 W
* NMEA UTC (Time) = Nov 08 2024  07:45:27
** Ship: Pisces
** Cruise:  PC2406
** Program:  Fall ECOMON
# nquan = 7
# nvalues = 1570                                  
# units = specified
# name 0 = depSM: Depth [salt water, m]
# name 1 = tv290C: Temperature [ITS-90, deg C]
# name 2 = c0S/m: Conductivity [S/m]
# name 3 = sal00: Salinity, Practical [PSU]
# name 4 = scan: Scan Count
# name 5 = timeM: Time, Elapsed [minutes]
# name 6 = flag:  0.000e+00
# span 0 =      0.004,     24.677                 
# span 1 =    18.0068,    18.6954                 
# span 2 =   0.000081,   4.390900                 
# span 3 =     0.0093,    33.2893                 
# span 4 =         11,       1580                 
# span 5 =     0.0417,     6.5792                 
# span 6 = 0.0000e+00, 0.0000e+00                 
# interval = seconds: 0.25
# start_time = Nov 08 2024 07:45:27 [NMEA time, header]
# bad_flag = -9.990e-29
*END*
[from data line 616]
     18.549    18.1420   4.378721    33.0808        627     2.6083  0.000e+00
     18.509    18.1420   4.378668    33.0804        628     2.6125  0.000e+00
     18.470    18.1422   4.378668    33.0803        629     2.6167  0.000e+00
     18.443    18.1421   4.378701    33.0806        630     2.6208  0.000e+00
     18.418    18.1420   4.378721    33.0809        631     2.6250  0.000e+00
     18.403    18.1419   4.378740    33.0811        632     2.6292  0.000e+00
     18.396    18.1421   4.378740    33.0810        633     2.6333  0.000e+00
     18.387    18.1421   4.378740    33.0810        634     2.6375  0.000e+00
     18.387    18.1421   4.378740    33.0810        635     2.6417  0.000e+00
     18.392    18.1423   4.378727    33.0807        636     2.6458  0.000e+00
     18.391    18.1423   4.378720    33.0807        637     2.6500  0.000e+00
     18.392    18.1422   4.378720    33.0808        638     2.6542  0.000e+00
     18.389    18.1423   4.378740    33.0809        639     2.6583  0.000e+00
     18.385    18.1422   4.378720    33.0808        640     2.6625  0.000e+00
     18.371    18.1420   4.378701    33.0807        641     2.6667  0.000e+00
     18.353    18.1420   4.378720    33.0809        642     2.6708  0.000e+00
     18.330    18.1422   4.378694    33.0806        643     2.6750  0.000e+00
     18.303    18.1422   4.378694    33.0806        644     2.6792  0.000e+00
     18.261    18.1424   4.378667    33.0802        645     2.6833  0.000e+00
     18.218    18.1422   4.378621    33.0800        646     2.6875  0.000e+00
     18.179    18.1420   4.378667    33.0805        647     2.6917  0.000e+00
     18.134    18.1424   4.378667    33.0803        648     2.6958  0.000e+00
     18.087    18.1424   4.378641    33.0801        649     2.7000  0.000e+00
     18.042    18.1425   4.378568    33.0794        650     2.7042  0.000e+00
     17.999    18.1423   4.378489    33.0789        651     2.7083  0.000e+00
     17.954    18.1422   4.378409    33.0783        652     2.7125  0.000e+00
     17.915    18.1424   4.378363    33.0778        653     2.7167  0.000e+00
     17.871    18.1429   4.378336    33.0771        654     2.7208  0.000e+00
     17.837    18.1431   4.378210    33.0760        655     2.7250  0.000e+00
     17.807    18.1434   4.378138    33.0751        656     2.7292  0.000e+00
     17.785    18.1441   4.378144    33.0746        657     2.7333  0.000e+00
     17.762    18.1443   4.378237    33.0752        658     2.7375  0.000e+00
     17.755    18.1442   4.378237    33.0753        659     2.7417  0.000e+00
     17.740    18.1442   4.378237    33.0753        660     2.7458  0.000e+00
     17.739    18.1438   4.378237    33.0756        661     2.7500  0.000e+00
     17.735    18.1439   4.378224    33.0754        662     2.7542  0.000e+00
     17.739    18.1439   4.378210    33.0753        663     2.7583  0.000e+00
     17.746    18.1441   4.378191    33.0750        664     2.7625  0.000e+00
     17.753    18.1440   4.378191    33.0751        665     2.7667  0.000e+00
     17.758    18.1443   4.378164    33.0746        666     2.7708  0.000e+00
     17.764    18.1442   4.378171    33.0747        667     2.7750  0.000e+00
     17.769    18.1443   4.378191    33.0748        668     2.7792  0.000e+00
     17.767    18.1443   4.378191    33.0748        669     2.7833  0.000e+00
     17.765    18.1444   4.378164    33.0745        670     2.7875  0.000e+00
     17.751    18.1444   4.378111    33.0740        671     2.7917  0.000e+00
     17.740    18.1445   4.378085    33.0737        672     2.7958  0.000e+00
     17.722    18.1448   4.378091    33.0736        673     2.8000  0.000e+00
     17.701    18.1448   4.378065    33.0734        674     2.8042  0.000e+00
     17.669    18.1447   4.378065    33.0735        675     2.8083  0.000e+00
     17.631    18.1448   4.378012    33.0730        676     2.8125  0.000e+00
     17.595    18.1449   4.377985    33.0726        677     2.8167  0.000e+00
     17.541    18.1450   4.377985    33.0726        678     2.8208  0.000e+00
     17.494    18.1452   4.377939    33.0721        679     2.8250  0.000e+00
     17.435    18.1455   4.377833    33.0709        680     2.8292  0.000e+00
     17.387    18.1455   4.377833    33.0709        681     2.8333  0.000e+00
     17.336    18.1456   4.377734    33.0700        682     2.8375  0.000e+00
     17.288    18.1460   4.377700    33.0695        683     2.8417  0.000e+00
     17.246    18.1462   4.377608    33.0685        684     2.8458  0.000e+00
     17.205    18.1466   4.377535    33.0676        685     2.8500  0.000e+00
     17.176    18.1465   4.377661    33.0688        686     2.8542  0.000e+00
     17.155    18.1468   4.377687    33.0688        687     2.8583  0.000e+00
     17.131    18.1470   4.377674    33.0685        688     2.8625  0.000e+00
     17.128    18.1471   4.377661    33.0683        689     2.8667  0.000e+00
     17.128    18.1470   4.377661    33.0684        690     2.8708  0.000e+00
     17.130    18.1472   4.377661    33.0682        691     2.8750  0.000e+00
     17.140    18.1473   4.377661    33.0682        692     2.8792  0.000e+00
     17.151    18.1474   4.377661    33.0680        693     2.8833  0.000e+00
     17.162    18.1475   4.377674    33.0681        694     2.8875  0.000e+00
     17.171    18.1477   4.377687    33.0680        695     2.8917  0.000e+00
     17.185    18.1474   4.377661    33.0680        696     2.8958  0.000e+00
     17.193    18.1476   4.377687    33.0681        697     2.9000  0.000e+00
     17.196    18.1474   4.377687    33.0683        698     2.9042  0.000e+00
     17.193    18.1472   4.377727    33.0688        699     2.9083  0.000e+00
     17.180    18.1471   4.377687    33.0685        700     2.9125  0.000e+00
     17.164    18.1470   4.377687    33.0686        701     2.9167  0.000e+00
     17.135    18.1472   4.377634    33.0680        702     2.9208  0.000e+00
     17.104    18.1474   4.377634    33.0678        703     2.9250  0.000e+00
     17.063    18.1475   4.377647    33.0679        704     2.9292  0.000e+00
     17.020    18.1475   4.377661    33.0680        705     2.9333  0.000e+00
     16.970    18.1474   4.377634    33.0679        706     2.9375  0.000e+00
     16.923    18.1477   4.377634    33.0677        707     2.9417  0.000e+00
     16.875    18.1480   4.377581    33.0670        708     2.9458  0.000e+00
     16.828    18.1484   4.377594    33.0668        709     2.9500  0.000e+00
     16.794    18.1491   4.377581    33.0662        710     2.9542  0.000e+00
     16.761    18.1497   4.377555    33.0655        711     2.9583  0.000e+00
     16.736    18.1500   4.377508    33.0648        712     2.9625  0.000e+00
     16.724    18.1507   4.377508    33.0643        713     2.9667  0.000e+00
     16.717    18.1510   4.377508    33.0640        714     2.9708  0.000e+00
     16.722    18.1512   4.377541    33.0641        715     2.9750  0.000e+00
     16.735    18.1513   4.377555    33.0642        716     2.9792  0.000e+00
     16.747    18.1513   4.377555    33.0642        717     2.9833  0.000e+00
     16.760    18.1510   4.377581    33.0647        718     2.9875  0.000e+00
     16.778    18.1508   4.377608    33.0650        719     2.9917  0.000e+00
     16.794    18.1504   4.377621    33.0655        720     2.9958  0.000e+00
     16.815    18.1499   4.377608    33.0657        721     3.0000  0.000e+00
     16.824    18.1500   4.359214    32.9103        722     3.0042  0.000e+00
     16.826    18.1498   4.377608    33.0658        723     3.0083  0.000e+00
     16.821    18.1495   4.377634    33.0663        724     3.0125  0.000e+00
     16.810    18.1494   4.377621    33.0662        725     3.0167  0.000e+00
     16.787    18.1492   4.377608    33.0663        726     3.0208  0.000e+00
     16.758    18.1492   4.377634    33.0665        727     3.0250  0.000e+00
     16.717    18.1492   4.377581    33.0661        728     3.0292  0.000e+00
     16.668    18.1495   4.377581    33.0659        729     3.0333  0.000e+00
     16.618    18.1498   4.377594    33.0658        730     3.0375  0.000e+00
     16.569    18.1502   4.377535    33.0650        731     3.0417  0.000e+00
     16.521    18.1508   4.377508    33.0643        732     3.0458  0.000e+00
     16.470    18.1512   4.377554    33.0643        733     3.0500  0.000e+00
     16.426    18.1515   4.377230    33.0614        734     3.0542  0.000e+00
     16.382    18.1524   4.377276    33.0610        735     3.0583  0.000e+00
     16.352    18.1534   4.377230    33.0598        736     3.0625  0.000e+00
     16.316    18.1541   4.377256    33.0595        737     3.0667  0.000e+00
     16.294    18.1547   4.377005    33.0569        738     3.0708  0.000e+00
     16.275    18.1556   4.376800    33.0545        739     3.0750  0.000e+00
     16.257    18.1570   4.376727    33.0527        740     3.0792  0.000e+00
     16.253    18.1581   4.376641    33.0511        741     3.0833  0.000e+00
     16.250    18.1589   4.376575    33.0499        742     3.0875  0.000e+00
     16.248    18.1596   4.376575    33.0493        743     3.0917  0.000e+00
     16.244    18.1600   4.376350    33.0471        744     3.0958  0.000e+00
     16.250    18.1613   4.376171    33.0445        745     3.1000  0.000e+00
     16.253    18.1626   4.376091    33.0428        746     3.1042  0.000e+00
     16.259    18.1638   4.376124    33.0421        747     3.1083  0.000e+00
     16.267    18.1644   4.376197    33.0423        748     3.1125  0.000e+00
     16.280    18.1648   4.376297    33.0428        749     3.1167  0.000e+00
     16.287    18.1647   4.376376    33.0436        750     3.1208  0.000e+00
     16.300    18.1643   4.376409    33.0441        751     3.1250  0.000e+00
     16.298    18.1638   4.376449    33.0449        752     3.1292  0.000e+00
     16.305    18.1632   4.376548    33.0462        753     3.1333  0.000e+00
     16.302    18.1628   4.376548    33.0465        754     3.1375  0.000e+00
     16.287    18.1623   4.376449    33.0461        755     3.1417  0.000e+00
     16.276    18.1625   4.376356    33.0452        756     3.1458  0.000e+00
     16.257    18.1631   4.376376    33.0449        757     3.1500  0.000e+00
     16.230    18.1635   4.376270    33.0437        758     3.1542  0.000e+00
     16.197    18.1636   4.376124    33.0424        759     3.1583  0.000e+00
     16.149    18.1645   4.376018    33.0407        760     3.1625  0.000e+00
     16.106    18.1653   4.375959    33.0396        761     3.1667  0.000e+00
     16.057    18.1658   4.375919    33.0389        762     3.1708  0.000e+00
     15.994    18.1663   4.375820    33.0377        763     3.1750  0.000e+00
     15.930    18.1670   4.375416    33.0337        764     3.1792  0.000e+00
     15.876    18.1688   4.375138    33.0299        765     3.1833  0.000e+00
     15.817    18.1717   4.374853    33.0252        766     3.1875  0.000e+00
     15.766    18.1752   4.374840    33.0223        767     3.1917  0.000e+00
     15.720    18.1790   4.374814    33.0190        768     3.1958  0.000e+00
     15.678    18.1821   4.374860    33.0169        769     3.2000  0.000e+00
     15.646    18.1844   4.374840    33.0149        770     3.2042  0.000e+00
     15.614    18.1860   4.374853    33.0138        771     3.2083  0.000e+00
     15.583    18.1871   4.374860    33.0130        772     3.2125  0.000e+00
     15.563    18.1879   4.374860    33.0123        773     3.2167  0.000e+00
     15.549    18.1885   4.374840    33.0117        774     3.2208  0.000e+00
     15.535    18.1887   4.374860    33.0117        775     3.2250  0.000e+00
     15.536    18.1890   4.374880    33.0116        776     3.2292  0.000e+00
     15.529    18.1892   4.374886    33.0115        777     3.2333  0.000e+00
     15.529    18.1892   4.374886    33.0115        778     3.2375  0.000e+00
     15.529    18.1892   4.374886    33.0115        779     3.2417  0.000e+00
     15.531    18.1891   4.374913    33.0118        780     3.2458  0.000e+00
     15.529    18.1890   4.374886    33.0117        781     3.2500  0.000e+00
     15.524    18.1892   4.374906    33.0117        782     3.2542  0.000e+00
     15.515    18.1891   4.374913    33.0118        783     3.2583  0.000e+00
     15.506    18.1891   4.374939    33.0121        784     3.2625  0.000e+00
     15.492    18.1892   4.374913    33.0118        785     3.2667  0.000e+00
     15.477    18.1892   4.374939    33.0119        786     3.2708  0.000e+00
     15.461    18.1892   4.374932    33.0120        787     3.2750  0.000e+00
     15.448    18.1896   4.374913    33.0114        788     3.2792  0.000e+00
     15.429    18.1898   4.374860    33.0108        789     3.2833  0.000e+00
     15.411    18.1901   4.374813    33.0102        790     3.2875  0.000e+00
     15.393    18.1903   4.374688    33.0090        791     3.2917  0.000e+00
     15.368    18.1904   4.374641    33.0085        792     3.2958  0.000e+00
     15.344    18.1909   4.374582    33.0077        793     3.3000  0.000e+00
     15.314    18.1916   4.374509    33.0064        794     3.3042  0.000e+00
     15.281    18.1922   4.374482    33.0057        795     3.3083  0.000e+00
     15.245    18.1932   4.374456    33.0048        796     3.3125  0.000e+00
     15.208    18.1944   4.374456    33.0038        797     3.3167  0.000e+00
     15.166    18.1960   4.374284    33.0010        798     3.3208  0.000e+00
     15.125    18.1989   4.373906    32.9956        799     3.3250  0.000e+00
     15.082    18.2026   4.373807    32.9918        800     3.3292  0.000e+00
     15.043    18.2065   4.373754    32.9882        801     3.3333  0.000e+00
     15.008    18.2095   4.373694    32.9853        802     3.3375  0.000e+00
     14.978    18.2118   4.373681    32.9833        803     3.3417  0.000e+00
     14.947    18.2134   4.373602    32.9814        804     3.3458  0.000e+00
     14.920    18.2147   4.373575    32.9802        805     3.3500  0.000e+00
     14.899    18.2155   4.373602    32.9797        806     3.3542  0.000e+00
     14.886    18.2162   4.373668    32.9797        807     3.3583  0.000e+00
     14.876    18.2168   4.373628    32.9789        808     3.3625  0.000e+00
     14.861    18.2175   4.373628    32.9783        809     3.3667  0.000e+00
     14.858    18.2180   4.373655    32.9781        810     3.3708  0.000e+00
     14.852    18.2184   4.373655    32.9779        811     3.3750  0.000e+00
     14.840    18.2183   4.373641    32.9778        812     3.3792  0.000e+00
     14.840    18.2183   4.373655    32.9779        813     3.3833  0.000e+00
     14.831    18.2185   4.373681    32.9780        814     3.3875  0.000e+00
     14.822    18.2187   4.373701    32.9780        815     3.3917  0.000e+00
     14.816    18.2192   4.373701    32.9776        816     3.3958  0.000e+00
     14.809    18.2197   4.373668    32.9770        817     3.4000  0.000e+00
     14.795    18.2195   4.373681    32.9772        818     3.4042  0.000e+00
     14.782    18.2192   4.373681    32.9774        819     3.4083  0.000e+00
     14.770    18.2193   4.373853    32.9788        820     3.4125  0.000e+00
     14.744    18.2201   4.373727    32.9771        821     3.4167  0.000e+00
     14.728    18.2214   4.373588    32.9749        822     3.4208  0.000e+00
     14.710    18.2236   4.373555    32.9729        823     3.4250  0.000e+00
     14.683    18.2258   4.373575    32.9713        824     3.4292  0.000e+00
     14.656    18.2283   4.373681    32.9702        825     3.4333  0.000e+00
     14.635    18.2307   4.373727    32.9687        826     3.4375  0.000e+00
     14.610    18.2333   4.373588    32.9654        827     3.4417  0.000e+00
     14.586    18.2369   4.373628    32.9629        828     3.4458  0.000e+00
     14.558    18.2407   4.373601    32.9595        829     3.4500  0.000e+00
     14.532    18.2432   4.373601    32.9575        830     3.4542  0.000e+00
