PC2406/sbe022.cnv
* Sea-Bird SBE 19plus V2 Data File:
* FileName = C:\cruise\data\sbe022.hex
* Software Version Seasave V 7.26.7.121
* Temperature SN = 7142
* Conductivity SN = 7142
* System UpLoad Time = Oct 29 2024 07:00:15
* NMEA Latitude = 40 16.40 N
* NMEA Longitude = 072 32.15 W
* NMEA UTC (Time) = Oct 29 2024  07:00:13
** Ship: Pisces
** Cruise:  PC2406
** Program:  Fall ECOMON
# nquan = 7
# nvalues = 1599                                  
# units = specified
# name 0 = depSM: Depth [salt water, m]
# name 1 = tv290C: Temperature [ITS-90, deg C]
# name 2 = c0S/m: Conductivity [S/m]
# name 3 = sal00: Salinity, Practical [PSU]
# name 4 = scan: Scan Count
# name 5 = timeM: Time, Elapsed [minutes]
# name 6 = flag:  0.000e+00
# span 0 =      0.144,     51.950                 
# span 1 =    12.9506,    17.6498                 
# span 2 =   0.000002,   4.376644                 
# span 3 =     0.0067,    33.5867                 
# span 4 =         11,       1609                 
# span 5 =     0.0417,     6.7000                 
# span 6 = 0.0000e+00, 0.0000e+00                 
# interval = seconds: 0.25
# start_time = Oct 29 2024 07:00:13 [NMEA time, header]
# bad_flag = -9.990e-29
*END*
      0.162    12.9600   0.000019     0.0067         11     0.0417  0.000e+00
      0.160    12.9598   0.000005     0.0068         12     0.0458  0.000e+00
      0.159    12.9592   0.000008     0.0068         13     0.0500  0.000e+00
      0.162    12.9590   0.000002     0.0068         14     0.0542  0.000e+00
      0.160    12.9584   0.000008     0.0068         15     0.0583  0.000e+00
      0.162    12.9582   0.000008     0.0068         16     0.0625  0.000e+00
      0.162    12.9577   0.000008     0.0068         17     0.0667  0.000e+00
      0.160    12.9574   0.000014     0.0067         18     0.0708  0.000e+00
      0.159    12.9569   0.000014     0.0067         19     0.0750  0.000e+00
      0.160    12.9566   0.000014     0.0067         20     0.0792  0.000e+00
      0.159    12.9563   0.000014     0.0067         21     0.0833  0.000e+00
      0.160    12.9557   0.000008     0.0068         22     0.0875  0.000e+00
      0.159    12.9555   0.000014     0.0067         23     0.0917  0.000e+00
      0.164    12.9550   0.000008     0.0068         24     0.0958  0.000e+00
      0.162    12.9546   0.000005     0.0068         25     0.1000  0.000e+00
      0.157    12.9542   0.000008     0.0068         26     0.1042  0.000e+00
      0.159    12.9539   0.000008     0.0068         27     0.1083  0.000e+00
      0.164    12.9534   0.000005     0.0068         28     0.1125  0.000e+00
      0.159    12.9532   0.000008     0.0068         29     0.1167  0.000e+00
      0.160    12.9526   0.000005     0.0068         30     0.1208  0.000e+00
      0.159    12.9522   0.000005     0.0068         31     0.1250  0.000e+00
      0.157    12.9518   0.000008     0.0068         32     0.1292  0.000e+00
      0.160    12.9515   0.000005     0.0068         33     0.1333  0.000e+00
      0.159    12.9508   0.000008     0.0068         34     0.1375  0.000e+00
      0.159    12.9506   0.000008     0.0068         35     0.1417  0.000e+00
      0.171    12.9524   0.000005     0.0068         36     0.1458  0.000e+00
      0.223    12.9630   0.000002     0.0068         37     0.1500  0.000e+00
      0.198    13.0031   0.000005     0.0068         38     0.1542  0.000e+00
      0.169    13.5218   0.070662     0.4485         39     0.1583  0.000e+00
      0.168    14.0779   0.629384     4.4316         40     0.1625  0.000e+00
      0.169    14.3034   0.394261     2.6757         41     0.1667  0.000e+00
      0.160    14.3816   0.375403     2.5348         42     0.1708  0.000e+00
      0.162    14.4095   0.322534     2.1562         43     0.1750  0.000e+00
      0.166    14.4174   0.292615     1.9446         44     0.1792  0.000e+00
      0.167    14.4164   0.262406     1.7330         45     0.1833  0.000e+00
      0.164    14.4070   0.243688     1.6030         46     0.1875  0.000e+00
      0.255    14.3902   0.228765     1.5002         47     0.1917  0.000e+00
      0.475    14.3714   2.848750    22.5790         48     0.1958  0.000e+00
      0.656    14.4384   4.070461    33.4695         49     0.2000  0.000e+00
      0.882    14.8514   4.083954    33.2378         50     0.2042  0.000e+00
      1.090    15.2253   4.126678    33.3058         51     0.2083  0.000e+00
      1.191    15.5961   4.189644    33.5557         52     0.2125  0.000e+00
      1.254    16.0039   4.208116    33.3748         53     0.2167  0.000e+00
      1.299    16.3118   4.213876    33.1677         54     0.2208  0.000e+00
      1.300    16.5063   4.206885    32.9453         55     0.2250  0.000e+00
      1.220    16.6304   4.211259    32.8814         56     0.2292  0.000e+00
      1.123    16.7069   4.218778    32.8841         57     0.2333  0.000e+00
      1.053    16.7627   4.207845    32.7434         58     0.2375  0.000e+00
      1.033    16.8020   4.092505    31.7124         59     0.2417  0.000e+00
      1.074    16.8233   4.014201    31.0203         60     0.2458  0.000e+00
      1.194    16.8313   4.046846    31.2953         61     0.2500  0.000e+00
      1.376    16.8374   4.175850    32.4050         62     0.2542  0.000e+00
      1.572    16.7878   4.177681    32.4609         63     0.2583  0.000e+00
      1.686    16.7246   4.178611    32.5202         64     0.2625  0.000e+00
      1.776    16.6613   4.178787    32.5730         65     0.2667  0.000e+00
      1.889    16.5605   4.171694    32.5932         66     0.2708  0.000e+00
      1.988    16.4560   4.164340    32.6143         67     0.2750  0.000e+00
      2.087    16.3904   4.159214    32.6230         68     0.2792  0.000e+00
      2.187    16.3596   4.143996    32.5149         69     0.2833  0.000e+00
      2.292    16.3197   2.479750    18.4539         70     0.2875  0.000e+00
      2.379    16.2442   2.915258    22.0849         71     0.2917  0.000e+00
      2.450    16.1591   4.157785    32.8003         72     0.2958  0.000e+00
      2.536    16.0811   4.155240    32.8423         73     0.3000  0.000e+00
      2.634    16.0226   4.153038    32.8713         74     0.3042  0.000e+00
      2.739    15.9814   4.149587    32.8749         75     0.3083  0.000e+00
      2.855    15.9467   4.080409    32.2921         76     0.3125  0.000e+00
      2.979    15.9156   4.084545    32.3539         77     0.3167  0.000e+00
      3.108    15.8862   4.051096    32.0824         78     0.3208  0.000e+00
      3.232    15.8615   4.129687    32.7979         79     0.3250  0.000e+00
      3.363    15.8430   4.136584    32.8744         80     0.3292  0.000e+00
      3.502    15.8300   4.133837    32.8607         81     0.3333  0.000e+00
      3.635    15.8253   4.136093    32.8846         82     0.3375  0.000e+00
      3.775    15.8235   4.139088    32.9126         83     0.3417  0.000e+00
      3.924    15.8331   4.142665    32.9363         84     0.3458  0.000e+00
      4.078    15.8858   4.148107    32.9406         85     0.3500  0.000e+00
      4.236    16.0041   4.157639    32.9266         86     0.3542  0.000e+00
      4.387    16.1518   4.173148    32.9410         87     0.3583  0.000e+00
      4.520    16.2861   4.189961    32.9777         88     0.3625  0.000e+00
      4.633    16.4091   4.204693    33.0051         89     0.3667  0.000e+00
      4.724    16.5286   4.212865    32.9779         90     0.3708  0.000e+00
      4.811    16.6315   4.216089    32.9213         91     0.3750  0.000e+00
      4.879    16.7104   4.217241    32.8665         92     0.3792  0.000e+00
      4.940    16.7628   4.215233    32.8061         93     0.3833  0.000e+00
      4.990    16.7938   4.210145    32.7365         94     0.3875  0.000e+00
      5.042    16.8100   4.187478    32.5266         95     0.3917  0.000e+00
      5.116    16.8169   4.168578    32.3572         96     0.3958  0.000e+00
      5.207    16.8306   4.165075    32.3158         97     0.4000  0.000e+00
      5.324    16.8204   4.158516    32.2672         98     0.4042  0.000e+00
      5.453    16.7448   4.153056    32.2806         99     0.4083  0.000e+00
      5.602    16.6940   4.151657    32.3093        100     0.4125  0.000e+00
      5.757    16.6649   4.156665    32.3762        101     0.4167  0.000e+00
      5.918    16.6613   4.169968    32.4948        102     0.4208  0.000e+00
      6.076    16.6652   4.190405    32.6694        103     0.4250  0.000e+00
      6.229    16.6733   4.207672    32.8131        104     0.4292  0.000e+00
      6.369    16.7135   4.221851    32.9035        105     0.4333  0.000e+00
      6.497    16.7607   4.229365    32.9301        106     0.4375  0.000e+00
      6.620    16.8041   4.231616    32.9140        107     0.4417  0.000e+00
      6.726    16.8386   4.233182    32.8993        108     0.4458  0.000e+00
      6.814    16.8642   4.234494    32.8897        109     0.4500  0.000e+00
      6.886    16.8837   4.234611    32.8747        110     0.4542  0.000e+00
      6.960    16.8987   4.233234    32.8505        111     0.4583  0.000e+00
      7.015    16.9101   4.231008    32.8218        112     0.4625  0.000e+00
      7.084    16.9163   4.223564    32.7523        113     0.4667  0.000e+00
      7.173    16.9155   4.206426    32.6045        114     0.4708  0.000e+00
      7.279    16.9085   4.192899    32.4931        115     0.4750  0.000e+00
      7.396    16.9050   4.187627    32.4502        116     0.4792  0.000e+00
      7.522    16.9067   4.185827    32.4332        117     0.4833  0.000e+00
      7.660    16.9090   4.184391    32.4189        118     0.4875  0.000e+00
      7.804    16.9089   4.183241    32.4090        119     0.4917  0.000e+00
      7.946    16.9041   4.186165    32.4381        120     0.4958  0.000e+00
      8.086    16.8973   4.202508    32.5850        121     0.5000  0.000e+00
      8.217    16.8958   4.216347    32.7060        122     0.5042  0.000e+00
      8.341    16.9015   4.225254    32.7785        123     0.5083  0.000e+00
      8.452    16.9100   4.227980    32.7952        124     0.5125  0.000e+00
      8.561    16.9135   4.228470    32.7965        125     0.5167  0.000e+00
      8.660    16.9141   4.227074    32.7839        126     0.5208  0.000e+00
      8.752    16.9154   4.225332    32.7677        127     0.5250  0.000e+00
      8.834    16.9142   4.213474    32.6659        128     0.5292  0.000e+00
      8.931    16.9083   4.194259    32.5044        129     0.5333  0.000e+00
      9.034    16.9056   4.184613    32.4231        130     0.5375  0.000e+00
      9.154    16.8772   4.179657    32.4031        131     0.5417  0.000e+00
      9.285    16.7460   4.179542    32.5081        132     0.5458  0.000e+00
      9.414    16.5960   4.179590    32.6304        133     0.5500  0.000e+00
      9.547    16.4791   4.180559    32.7343        134     0.5542  0.000e+00
      9.687    16.3963   4.182093    32.8157        135     0.5583  0.000e+00
      9.831    16.3384   4.182555    32.8674        136     0.5625  0.000e+00
      9.975    16.2950   4.182107    32.8992        137     0.5667  0.000e+00
     10.113    16.2633   4.183050    32.9337        138     0.5708  0.000e+00
     10.239    16.2478   4.188937    32.9982        139     0.5750  0.000e+00
     10.353    16.2430   4.189802    33.0098        140     0.5792  0.000e+00
     10.456    16.2557   4.188735    32.9898        141     0.5833  0.000e+00
     10.537    16.3178   4.192505    32.9715        142     0.5875  0.000e+00
     10.610    16.3908   4.199268    32.9704        143     0.5917  0.000e+00
     10.678    16.4745   4.204317    32.9455        144     0.5958  0.000e+00
     10.752    16.5553   4.207318    32.9051        145     0.6000  0.000e+00
     10.836    16.6236   4.210534    32.8771        146     0.6042  0.000e+00
     10.932    16.6847   4.213680    32.8543        147     0.6083  0.000e+00
     11.043    16.7344   4.215940    32.8332        148     0.6125  0.000e+00
     11.158    16.7736   4.218579    32.8240        149     0.6167  0.000e+00
     11.276    16.8063   4.223652    32.8412        150     0.6208  0.000e+00
     11.393    16.8352   4.226919    32.8460        151     0.6250  0.000e+00
     11.519    16.8564   4.228113    32.8390        152     0.6292  0.000e+00
     11.650    16.8726   4.228413    32.8283        153     0.6333  0.000e+00
     11.781    16.8859   4.230090    32.8318        154     0.6375  0.000e+00
     11.905    16.8989   4.234679    32.8610        155     0.6417  0.000e+00
     12.023    16.9095   4.236690    32.8697        156     0.6458  0.000e+00
     12.153    16.9166   4.236317    32.8606        157     0.6500  0.000e+00
     12.275    16.9211   4.234979    32.8453        158     0.6542  0.000e+00
     12.399    16.9214   4.231395    32.8140        159     0.6583  0.000e+00
     12.526    16.9161   4.229953    32.8058        160     0.6625  0.000e+00
     12.650    16.9101   4.229026    32.8026        161     0.6667  0.000e+00
     12.772    16.9073   4.223266    32.7549        162     0.6708  0.000e+00
     12.907    16.9048   4.210120    32.6431        163     0.6750  0.000e+00
     13.045    16.9063   4.201358    32.5659        164     0.6792  0.000e+00
     13.176    16.9134   4.198280    32.5335        165     0.6833  0.000e+00
     13.304    16.8967   4.195021    32.5188        166     0.6875  0.000e+00
     13.431    16.8423   4.194677    32.5598        167     0.6917  0.000e+00
     13.555    16.8176   4.194931    32.5820        168     0.6958  0.000e+00
     13.674    16.8093   4.195549    32.5941        169     0.7000  0.000e+00
     13.788    16.8055   4.194678    32.5895        170     0.7042  0.000e+00
     13.894    16.8000   4.197416    32.6177        171     0.7083  0.000e+00
     13.991    16.7940   4.199856    32.6438        172     0.7125  0.000e+00
     14.079    16.7876   4.197157    32.6255        173     0.7167  0.000e+00
     14.164    16.7817   4.190355    32.5712        174     0.7208  0.000e+00
     14.246    16.7754   4.185390    32.5332        175     0.7250  0.000e+00
     14.333    16.7678   4.181856    32.5087        176     0.7292  0.000e+00
     14.417    16.7222   4.181480    32.5423        177     0.7333  0.000e+00
     14.500    16.6365   4.180909    32.6070        178     0.7375  0.000e+00
     14.591    16.5344   4.181190    32.6927        179     0.7417  0.000e+00
     14.695    16.4497   4.181880    32.7681        180     0.7458  0.000e+00
     14.803    16.3963   4.182433    32.8167        181     0.7500  0.000e+00
     14.920    16.3461   4.183304    32.8657        182     0.7542  0.000e+00
     15.038    16.3056   4.183603    32.9017        183     0.7583  0.000e+00
     15.157    16.2849   4.183649    32.9191        184     0.7625  0.000e+00
     15.286    16.2709   4.185027    32.9428        185     0.7667  0.000e+00
     15.417    16.2613   4.186144    32.9606        186     0.7708  0.000e+00
     15.543    16.2564   4.185768    32.9612        187     0.7750  0.000e+00
     15.668    16.2478   4.184079    32.9535        188     0.7792  0.000e+00
     15.792    16.2445   4.185099    32.9651        189     0.7833  0.000e+00
     15.916    16.2464   4.186463    32.9755        190     0.7875  0.000e+00
     16.037    16.2477   4.187094    32.9799        191     0.7917  0.000e+00
     16.164    16.2474   4.186944    32.9788        192     0.7958  0.000e+00
     16.281    16.2448   4.187750    32.9880        193     0.8000  0.000e+00
     16.398    16.2505   4.189362    32.9974        194     0.8042  0.000e+00
     16.518    16.2873   4.190044    32.9729        195     0.8083  0.000e+00
     16.636    16.3371   4.189536    32.9272        196     0.8125  0.000e+00
     16.755    16.3782   4.187339    32.8740        197     0.8167  0.000e+00
     16.882    16.3976   4.184577    32.8337        198     0.8208  0.000e+00
     17.003    16.4112   4.182979    32.8085        199     0.8250  0.000e+00
     17.125    16.4335   4.182381    32.7849        200     0.8292  0.000e+00
     17.247    16.4569   4.181809    32.7607        201     0.8333  0.000e+00
     17.362    16.4751   4.181134    32.7398        202     0.8375  0.000e+00
     17.480    16.4898   4.180685    32.7238        203     0.8417  0.000e+00
     17.588    16.5009   4.180809    32.7157        204     0.8458  0.000e+00
     17.692    16.5022   4.180536    32.7122        205     0.8500  0.000e+00
     17.791    16.4926   4.180880    32.7230        206     0.8542  0.000e+00
     17.893    16.4735   4.232735    33.1925        207     0.8583  0.000e+00
     17.994    16.5369   4.261987    33.3958        208     0.8625  0.000e+00
     18.100    16.7224   4.263098    33.2511        209     0.8667  0.000e+00
     18.206    16.8613   4.263469    33.1393        210     0.8708  0.000e+00
     18.312    16.9365   4.263730    33.0796        211     0.8750  0.000e+00
     18.418    16.9739   4.263886    33.0502        212     0.8792  0.000e+00
     18.531    16.9920   4.264011    33.0364        213     0.8833  0.000e+00
     18.646    17.0008   4.264056    33.0295        214     0.8875  0.000e+00
     18.766    17.0051   4.264135    33.0266        215     0.8917  0.000e+00
