PC2406/sbe032.cnv
* Sea-Bird SBE 19plus V2 Data File:
* FileName = C:\cruise\data\sbe032.hex
* Software Version Seasave V 7.26.7.121
* Temperature SN = 6128
* Conductivity SN = 6128
* System UpLoad Time = Oct 30 2024 04:02:12
* NMEA Latitude = 39 03.01 N
* NMEA Longitude = 072 44.74 W
* NMEA UTC (Time) = Oct 30 2024  04:02:05
** Ship: Pisces
** Cruise:  PC2406
** Program:  Fall ECOMON
# nquan = 7
# nvalues = 3307                                  
# units = specified
# name 0 = depSM: Depth [salt water, m]
# name 1 = tv290C: Temperature [ITS-90, deg C]
# name 2 = c0S/m: Conductivity [S/m]
# name 3 = sal00: Salinity, Practical [PSU]
# name 4 = scan: Scan Count
# name 5 = timeM: Time, Elapsed [minutes]
# name 6 = flag:  0.000e+00
# span 0 =      2.468,  22544.799                 
# span 1 =   -99.0000,    20.2065                 
# span 2 =   4.122511,  99.000000                 
# span 3 =    34.4548,  1999.0000                 
# span 4 =         11,       3317                 
# span 5 =     0.0417,    13.8167                 
# span 6 = 0.0000e+00, 0.0000e+00                 
# interval = seconds: 0.25
# start_time = Oct 30 2024 04:02:05 [NMEA time, header]
# bad_flag = -9.990e-29
*END*
[from data line 3077]
     85.367    15.4760   4.399917    35.5188       3088    12.8625  0.000e+00
     85.277    15.4763   4.399660    35.5164       3089    12.8667  0.000e+00
     85.188    15.4760   4.399277    35.5132       3090    12.8708  0.000e+00
     85.098    15.4751   4.399006    35.5115       3091    12.8750  0.000e+00
     85.009    15.4739   4.398512    35.5082       3092    12.8792  0.000e+00
     84.933    15.4721   4.398130    35.5064       3093    12.8833  0.000e+00
     84.851    15.4699   4.397720    35.5047       3094    12.8875  0.000e+00
     84.792    15.4679   4.397386    35.5036       3095    12.8917  0.000e+00
     84.725    15.4656   4.397129    35.5033       3096    12.8958  0.000e+00
     84.679    15.4639   4.396802    35.5019       3097    12.9000  0.000e+00
     84.632    15.4621   4.396461    35.5005       3098    12.9042  0.000e+00
     84.594    15.4601   4.396086    35.4989       3099    12.9083  0.000e+00
     84.572    15.4579   4.395829    35.4986       3100    12.9125  0.000e+00
     84.551    15.4559   4.395523    35.4976       3101    12.9167  0.000e+00
     84.536    15.4542   4.395008    35.4945       3102    12.9208  0.000e+00
     84.532    15.4518   4.394758    35.4944       3103    12.9250  0.000e+00
     84.527    15.4495   4.394424    35.4934       3104    12.9292  0.000e+00
     84.523    15.4475   4.394272    35.4939       3105    12.9333  0.000e+00
     84.516    15.4455   4.394376    35.4966       3106    12.9375  0.000e+00
     84.501    15.4442   4.394348    35.4976       3107    12.9417  0.000e+00
     84.472    15.4438   4.394320    35.4977       3108    12.9458  0.000e+00
     84.440    15.4432   4.394348    35.4985       3109    12.9500  0.000e+00
     84.387    15.4431   4.394640    35.5013       3110    12.9542  0.000e+00
     84.326    15.4438   4.394758    35.5018       3111    12.9583  0.000e+00
     84.244    15.4447   4.394911    35.5023       3112    12.9625  0.000e+00
     84.155    15.4455   4.394960    35.5021       3113    12.9667  0.000e+00
     84.059    15.4463   4.394932    35.5011       3114    12.9708  0.000e+00
     83.956    15.4468   4.394730    35.4989       3115    12.9750  0.000e+00
     83.853    15.4466   4.394264    35.4949       3116    12.9792  0.000e+00
     83.748    15.4453   4.393785    35.4918       3117    12.9833  0.000e+00
     83.645    15.4434   4.393660    35.4924       3118    12.9875  0.000e+00
     83.549    15.4415   4.393430    35.4921       3119    12.9917  0.000e+00
     83.462    15.4398   4.393124    35.4909       3120    12.9958  0.000e+00
     83.381    15.4381   4.392457    35.4864       3121    13.0000  0.000e+00
     83.313    15.4354   4.392103    35.4857       3122    13.0042  0.000e+00
     83.252    15.4326   4.391588    35.4836       3123    13.0083  0.000e+00
     83.203    15.4300   4.391283    35.4832       3124    13.0125  0.000e+00
     83.163    15.4277   4.391026    35.4830       3125    13.0167  0.000e+00
     83.128    15.4254   4.390928    35.4841       3126    13.0208  0.000e+00
     83.101    15.4242   4.391005    35.4860       3127    13.0250  0.000e+00
     83.076    15.4234   4.391137    35.4879       3128    13.0292  0.000e+00
     83.043    15.4235   4.391262    35.4889       3129    13.0333  0.000e+00
     83.007    15.4240   4.391644    35.4919       3130    13.0375  0.000e+00
     82.967    15.4254   4.392047    35.4943       3131    13.0417  0.000e+00
     82.911    15.4274   4.392353    35.4953       3132    13.0458  0.000e+00
     82.844    15.4299   4.392533    35.4948       3133    13.0500  0.000e+00
     82.767    15.4319   4.392658    35.4941       3134    13.0542  0.000e+00
     82.686    15.4336   4.392818    35.4941       3135    13.0583  0.000e+00
     82.593    15.4352   4.392992    35.4942       3136    13.0625  0.000e+00
     82.497    15.4370   4.393249    35.4950       3137    13.0667  0.000e+00
     82.408    15.4387   4.393659    35.4972       3138    13.0708  0.000e+00
     82.316    15.4411   4.394090    35.4990       3139    13.0750  0.000e+00
     82.227    15.4438   4.394479    35.5000       3140    13.0792  0.000e+00
     82.151    15.4469   4.394834    35.5005       3141    13.0833  0.000e+00
     82.081    15.4500   4.395216    35.5012       3142    13.0875  0.000e+00
     82.025    15.4532   4.395320    35.4992       3143    13.0917  0.000e+00
     81.976    15.4557   4.395598    35.4995       3144    13.0958  0.000e+00
     81.934    15.4578   4.395674    35.4983       3145    13.1000  0.000e+00
     81.893    15.4597   4.395779    35.4976       3146    13.1042  0.000e+00
     81.855    15.4610   4.395813    35.4968       3147    13.1083  0.000e+00
     81.813    15.4621   4.395876    35.4964       3148    13.1125  0.000e+00
     81.773    15.4627   4.395904    35.4961       3149    13.1167  0.000e+00
     81.726    15.4634   4.395904    35.4954       3150    13.1208  0.000e+00
     81.673    15.4636   4.395855    35.4948       3151    13.1250  0.000e+00
     81.612    15.4638   4.395799    35.4942       3152    13.1292  0.000e+00
     81.548    15.4637   4.395605    35.4925       3153    13.1333  0.000e+00
     81.487    15.4629   4.395264    35.4902       3154    13.1375  0.000e+00
     81.416    15.4620   4.394854    35.4873       3155    13.1417  0.000e+00
     81.344    15.4601   4.394423    35.4852       3156    13.1458  0.000e+00
     81.272    15.4578   4.394194    35.4852       3157    13.1500  0.000e+00
     81.198    15.4556   4.394166    35.4870       3158    13.1542  0.000e+00
     81.127    15.4544   4.393596    35.4830       3159    13.1583  0.000e+00
     81.053    15.4521   4.392407    35.4743       3160    13.1625  0.000e+00
     80.982    15.4478   4.390698    35.4628       3161    13.1667  0.000e+00
     80.901    15.4409   4.390031    35.4629       3162    13.1708  0.000e+00
     80.814    15.4344   4.389704    35.4659       3163    13.1750  0.000e+00
     80.732    15.4293   4.389218    35.4662       3164    13.1792  0.000e+00
     80.640    15.4251   4.389051    35.4685       3165    13.1833  0.000e+00
     80.550    15.4220   4.388933    35.4703       3166    13.1875  0.000e+00
     80.455    15.4200   4.388627    35.4694       3167    13.1917  0.000e+00
     80.361    15.4178   4.388349    35.4688       3168    13.1958  0.000e+00
     80.278    15.4159   4.388301    35.4702       3169    13.2000  0.000e+00
     80.189    15.4145   4.388273    35.4712       3170    13.2042  0.000e+00
     80.112    15.4134   4.388141    35.4710       3171    13.2083  0.000e+00
     80.039    15.4128   4.387967    35.4700       3172    13.2125  0.000e+00
     79.972    15.4118   4.387787    35.4693       3173    13.2167  0.000e+00
     79.917    15.4107   4.387662    35.4692       3174    13.2208  0.000e+00
     79.868    15.4098   4.387689    35.4703       3175    13.2250  0.000e+00
     79.821    15.4092   4.387821    35.4720       3176    13.2292  0.000e+00
     79.778    15.4094   4.387939    35.4730       3177    13.2333  0.000e+00
     79.741    15.4100   4.388148    35.4743       3178    13.2375  0.000e+00
     79.702    15.4111   4.388169    35.4735       3179    13.2417  0.000e+00
     79.652    15.4120   4.388224    35.4733       3180    13.2458  0.000e+00
     79.598    15.4127   4.388273    35.4731       3181    13.2500  0.000e+00
     79.533    15.4131   4.388384    35.4737       3182    13.2542  0.000e+00
     79.455    15.4137   4.388474    35.4740       3183    13.2583  0.000e+00
     79.369    15.4144   4.388426    35.4730       3184    13.2625  0.000e+00
     79.263    15.4150   4.388425    35.4725       3185    13.2667  0.000e+00
     79.149    15.4150   4.388148    35.4700       3186    13.2708  0.000e+00
     79.028    15.4146   4.387557    35.4651       3187    13.2750  0.000e+00
     78.900    15.4131   4.387099    35.4624       3188    13.2792  0.000e+00
     78.773    15.4106   4.387022    35.4640       3189    13.2833  0.000e+00
     78.643    15.4088   4.386973    35.4652       3190    13.2875  0.000e+00
     78.514    15.4077   4.386897    35.4656       3191    13.2917  0.000e+00
     78.400    15.4070   4.386869    35.4660       3192    13.2958  0.000e+00
     78.284    15.4066   4.386779    35.4656       3193    13.3000  0.000e+00
     78.186    15.4062   4.386744    35.4657       3194    13.3042  0.000e+00
     78.097    15.4058   4.386744    35.4661       3195    13.3083  0.000e+00
     78.027    15.4060   4.386897    35.4673       3196    13.3125  0.000e+00
     77.963    15.4063   4.387230    35.4701       3197    13.3167  0.000e+00
     77.914    15.4076   4.387432    35.4707       3198    13.3208  0.000e+00
     77.872    15.4091   4.388168    35.4760       3199    13.3250  0.000e+00
     77.843    15.4122   4.388425    35.4756       3200    13.3292  0.000e+00
     77.816    15.4152   4.388758    35.4759       3201    13.3333  0.000e+00
     77.801    15.4183   4.388856    35.4741       3202    13.3375  0.000e+00
     77.785    15.4205   4.388932    35.4727       3203    13.3417  0.000e+00
     77.775    15.4221   4.389064    35.4725       3204    13.3458  0.000e+00
     77.759    15.4234   4.389154    35.4722       3205    13.3500  0.000e+00
     77.737    15.4246   4.389113    35.4707       3206    13.3542  0.000e+00
     77.708    15.4251   4.389112    35.4703       3207    13.3583  0.000e+00
     77.666    15.4256   4.389036    35.4691       3208    13.3625  0.000e+00
     77.619    15.4255   4.388911    35.4681       3209    13.3667  0.000e+00
     77.556    15.4249   4.388786    35.4675       3210    13.3708  0.000e+00
     77.474    15.4242   4.388702    35.4674       3211    13.3750  0.000e+00
     77.385    15.4235   4.388682    35.4679       3212    13.3792  0.000e+00
     77.289    15.4231   4.388758    35.4690       3213    13.3833  0.000e+00
     77.170    15.4227   4.388758    35.4694       3214    13.3875  0.000e+00
     77.045    15.4230   4.388702    35.4687       3215    13.3917  0.000e+00
     76.916    15.4228   4.388806    35.4699       3216    13.3958  0.000e+00
     76.773    15.4229   4.388883    35.4705       3217    13.4000  0.000e+00
     76.639    15.4231   4.388883    35.4704       3218    13.4042  0.000e+00
     76.498    15.4238   4.389063    35.4714       3219    13.4083  0.000e+00
     76.362    15.4246   4.389244    35.4725       3220    13.4125  0.000e+00
     76.230    15.4257   4.389320    35.4721       3221    13.4167  0.000e+00
     76.113    15.4269   4.389292    35.4709       3222    13.4208  0.000e+00
     76.002    15.4277   4.389244    35.4698       3223    13.4250  0.000e+00
     75.903    15.4280   4.389216    35.4693       3224    13.4292  0.000e+00
     75.810    15.4279   4.389369    35.4708       3225    13.4333  0.000e+00
     75.738    15.4286   4.389445    35.4709       3226    13.4375  0.000e+00
     75.676    15.4291   4.389570    35.4715       3227    13.4417  0.000e+00
     75.623    15.4300   4.389799    35.4729       3228    13.4458  0.000e+00
     75.593    15.4311   4.390084    35.4744       3229    13.4500  0.000e+00
     75.569    15.4328   4.390313    35.4750       3230    13.4542  0.000e+00
     75.549    15.4346   4.390390    35.4741       3231    13.4583  0.000e+00
     75.542    15.4359   4.390286    35.4720       3232    13.4625  0.000e+00
     75.533    15.4366   4.390174    35.4703       3233    13.4667  0.000e+00
     75.528    15.4365   4.390105    35.4698       3234    13.4708  0.000e+00
     75.517    15.4363   4.390008    35.4691       3235    13.4750  0.000e+00
     75.499    15.4357   4.389827    35.4680       3236    13.4792  0.000e+00
     75.470    15.4351   4.389855    35.4689       3237    13.4833  0.000e+00
     75.428    15.4346   4.390029    35.4709       3238    13.4875  0.000e+00
     75.365    15.4346   4.389931    35.4700       3239    13.4917  0.000e+00
     75.292    15.4346   4.389855    35.4694       3240    13.4958  0.000e+00
     75.200    15.4343   4.389750    35.4687       3241    13.5000  0.000e+00
     75.093    15.4338   4.389750    35.4692       3242    13.5042  0.000e+00
     74.972    15.4335   4.390237    35.4739       3243    13.5083  0.000e+00
     74.845    15.4346   4.390716    35.4773       3244    13.5125  0.000e+00
     74.708    15.4369   4.391321    35.4808       3245    13.5167  0.000e+00
     74.577    15.4404   4.391717    35.4812       3246    13.5208  0.000e+00
     74.454    15.4440   4.392175    35.4822       3247    13.5250  0.000e+00
     74.325    15.4478   4.392530    35.4820       3248    13.5292  0.000e+00
     74.215    15.4512   4.392835    35.4817       3249    13.5333  0.000e+00
     74.119    15.4542   4.393065    35.4812       3250    13.5375  0.000e+00
     74.032    15.4567   4.393245    35.4806       3251    13.5417  0.000e+00
     73.954    15.4591   4.393398    35.4798       3252    13.5458  0.000e+00
     73.889    15.4610   4.393502    35.4791       3253    13.5500  0.000e+00
     73.831    15.4625   4.393447    35.4772       3254    13.5542  0.000e+00
     73.784    15.4634   4.393370    35.4758       3255    13.5583  0.000e+00
     73.735    15.4642   4.393168    35.4733       3256    13.5625  0.000e+00
     73.695    15.4641   4.392925    35.4712       3257    13.5667  0.000e+00
     73.649    15.4636   4.392758    35.4701       3258    13.5708  0.000e+00
     73.606    15.4630   4.392710    35.4702       3259    13.5750  0.000e+00
     73.555    15.4624   4.392605    35.4698       3260    13.5792  0.000e+00
     73.488    15.4619   4.392425    35.4687       3261    13.5833  0.000e+00
     73.423    15.4609   4.392300    35.4685       3262    13.5875  0.000e+00
     73.343    15.4601   4.392098    35.4674       3263    13.5917  0.000e+00
     73.255    15.4591   4.392022    35.4677       3264    13.5958  0.000e+00
     73.164    15.4581   4.391612    35.4649       3265    13.6000  0.000e+00
     73.063    15.4570   4.390792    35.4585       3266    13.6042  0.000e+00
     72.963    15.4543   4.389492    35.4493       3267    13.6083  0.000e+00
     72.854    15.4504   4.388165    35.4408       3268    13.6125  0.000e+00
     72.747    15.4454   4.386672    35.4319       3269    13.6167  0.000e+00
     72.641    15.4401   4.385567    35.4267       3270    13.6208  0.000e+00
     72.525    15.4352   4.385262    35.4284       3271    13.6250  0.000e+00
     72.404    15.4318   4.384470    35.4243       3272    13.6292  0.000e+00
     72.295    15.4296   4.383915    35.4213       3273    13.6333  0.000e+00
     72.177    15.4282   4.383734    35.4210       3274    13.6375  0.000e+00
     72.054    15.4277   4.383442    35.4188       3275    13.6417  0.000e+00
     71.935    15.4279   4.383046    35.4152       3276    13.6458  0.000e+00
     71.821    15.4282   4.382769    35.4124       3277    13.6500  0.000e+00
     71.709    15.4288   4.382414    35.4087       3278    13.6542  0.000e+00
     71.611    15.4289   4.382262    35.4073       3279    13.6583  0.000e+00
     71.517    15.4293   4.381894    35.4036       3280    13.6625  0.000e+00
     71.432    15.4294   4.381213    35.3975       3281    13.6667  0.000e+00
     71.357    15.4291   4.380935    35.3952       3282    13.6708  0.000e+00
     71.290    15.4286   4.380658    35.3932       3283    13.6750  0.000e+00
     71.252    15.4282   4.380325    35.3906       3284    13.6792  0.000e+00
     71.216    15.4276   4.379977    35.3880       3285    13.6833  0.000e+00
     71.194    15.4265   4.379762    35.3870       3286    13.6875  0.000e+00
     71.170    15.4258   4.379665    35.3868       3287    13.6917  0.000e+00
     71.159    15.4253   4.379533    35.3860       3288    13.6958  0.000e+00
     71.150    15.4255   4.379637    35.3868       3289    13.7000  0.000e+00
     71.127    15.4260   4.379922    35.3889       3290    13.7042  0.000e+00
     71.097    15.4280   4.380068    35.3884       3291    13.7083  0.000e+00
     71.054    15.4300   4.380276    35.3886       3292    13.7125  0.000e+00
