PC2406/sbe039.cnv
* Sea-Bird SBE 19plus V2 Data File:
* FileName = C:\cruise\data\sbe039.hex
* Software Version Seasave V 7.26.7.121
* Temperature SN = 7142
* Conductivity SN = 7142
* System UpLoad Time = Nov 07 2024 19:54:49
* NMEA Latitude = 36 32.96 N
* NMEA Longitude = 075 24.01 W
* NMEA UTC (Time) = Nov 07 2024  19:54:41
** Ship: Pisces
** Cruise:  PC2406
** Program:  Fall ECOMON
# nquan = 7
# nvalues = 1289                                  
# units = specified
# name 0 = depSM: Depth [salt water, m]
# name 1 = tv290C: Temperature [ITS-90, deg C]
# name 2 = c0S/m: Conductivity [S/m]
# name 3 = sal00: Salinity, Practical [PSU]
# name 4 = scan: Scan Count
# name 5 = timeM: Time, Elapsed [minutes]
# name 6 = flag:  0.000e+00
# span 0 =      0.008,     21.826                 
# span 1 =    18.7136,    20.4487                 
# span 2 =   0.000036,   4.450600                 
# span 3 =     0.0101,    32.8952                 
# span 4 =         11,       1299                 
# span 5 =     0.0417,     5.4083                 
# span 6 = 0.0000e+00, 0.0000e+00                 
# interval = seconds: 0.25
# start_time = Nov 07 2024 19:54:41 [NMEA time, header]
# bad_flag = -9.990e-29
*END*
[from data line 1231]
      0.933    19.2472   4.398252    32.3740       1242     5.1708  0.000e+00
      0.860    19.2458   4.398080    32.3736       1243     5.1750  0.000e+00
      0.797    19.2434   4.398332    32.3776       1244     5.1792  0.000e+00
      0.756    19.2432   4.398358    32.3780       1245     5.1833  0.000e+00
      0.722    19.2440   4.398385    32.3776       1246     5.1875  0.000e+00
      0.671    19.2453   4.398405    32.3768       1247     5.1917  0.000e+00
      0.630    19.2455   4.398378    32.3765       1248     5.1958  0.000e+00
      0.567    19.2459   4.398332    32.3757       1249     5.2000  0.000e+00
      0.511    19.2459   4.398484    32.3770       1250     5.2042  0.000e+00
      0.447    19.2466   4.398332    32.3752       1251     5.2083  0.000e+00
      0.400    19.2466   4.398126    32.3736       1252     5.2125  0.000e+00
      0.432    19.2447   4.398119    32.3750       1253     5.2167  0.000e+00
      0.434    19.2431   4.398126    32.3762       1254     5.2208  0.000e+00
      0.466    19.2422   4.397973    32.3757       1255     5.2250  0.000e+00
      0.513    19.2410   4.398027    32.3771       1256     5.2292  0.000e+00
      0.540    19.2402   4.398000    32.3775       1257     5.2333  0.000e+00
      0.556    19.2400   4.398053    32.3780       1258     5.2375  0.000e+00
      0.583    19.2403   4.397974    32.3772       1259     5.2417  0.000e+00
      0.621    19.2400   4.397960    32.3772       1260     5.2458  0.000e+00
      0.641    19.2398   4.397954    32.3774       1261     5.2500  0.000e+00
      0.651    19.2394   4.398000    32.3780       1262     5.2542  0.000e+00
      0.653    19.2390   4.398000    32.3784       1263     5.2583  0.000e+00
      0.648    19.2389   4.397954    32.3781       1264     5.2625  0.000e+00
      0.646    19.2385   4.397927    32.3781       1265     5.2667  0.000e+00
      0.650    19.2386   4.398053    32.3791       1266     5.2708  0.000e+00
      0.648    19.2390   4.398226    32.3802       1267     5.2750  0.000e+00
      0.655    19.2405   4.398279    32.3795       1268     5.2792  0.000e+00
      0.664    19.2415   4.398305    32.3789       1269     5.2833  0.000e+00
      0.668    19.2424   4.398252    32.3778       1270     5.2875  0.000e+00
      0.662    19.2430   4.398252    32.3773       1271     5.2917  0.000e+00
      0.619    19.2430   4.398252    32.3774       1272     5.2958  0.000e+00
      0.533    19.2428   4.398358    32.3784       1273     5.3000  0.000e+00
      0.452    19.2435   4.398279    32.3772       1274     5.3042  0.000e+00
      0.422    19.2437   4.398305    32.3773       1275     5.3083  0.000e+00
      0.402    19.2438   4.398332    32.3775       1276     5.3125  0.000e+00
      0.380    19.2442   4.398358    32.3773       1277     5.3167  0.000e+00
      0.341    19.2446   4.398205    32.3758       1278     5.3208  0.000e+00
      0.276    19.2437   4.398205    32.3765       1279     5.3250  0.000e+00
      0.244    19.2428   4.398152    32.3768       1280     5.3292  0.000e+00
      0.197    19.2423   4.398066    32.3765       1281     5.3333  0.000e+00
      0.125    19.2414   4.398179    32.3782       1282     5.3375  0.000e+00
      0.125    19.2411   4.398232    32.3788       1283     5.3417  0.000e+00
      0.141    19.2420   4.398053    32.3766       1284     5.3458  0.000e+00
      0.122    19.2413   4.398126    32.3778       1285     5.3500  0.000e+00
      0.050    19.2408   4.398152    32.3784       1286     5.3542  0.000e+00
      0.035    19.2411   4.398252    32.3790       1287     5.3583  0.000e+00
      0.061    19.2418   4.398225    32.3782       1288     5.3625  0.000e+00
      0.123    19.2419   4.398205    32.3780       1289     5.3667  0.000e+00
      0.106    19.2421   4.398126    32.3772       1290     5.3708  0.000e+00
      0.052    19.2418   4.398099    32.3772       1291     5.3750  0.000e+00
      0.028    19.2412   2.129563    14.5498       1292     5.3792  0.000e+00
      0.026    19.2428   0.614240     3.8014       1293     5.3833  0.000e+00
      0.046    19.2491   0.570619     3.5132       1294     5.3875  0.000e+00
      0.044    19.2539   3.451950    24.7259       1295     5.3917  0.000e+00
      0.037    19.2505   4.386134    32.2720       1296     5.3958  0.000e+00
      0.088    19.2462   4.397874    32.3719       1297     5.4000  0.000e+00
      0.088    19.2433   4.387857    32.2918       1298     5.4042  0.000e+00
      0.030    19.2419   3.873217    28.1014       1299     5.4083  0.000e+00
