PC2406/sbe036.cnv
* Sea-Bird SBE 19plus V2 Data File:
* FileName = C:\cruise\data\sbe036.hex
* Software Version Seasave V 7.26.7.121
* Temperature SN = 7142
* Conductivity SN = 7142
* System UpLoad Time = Nov 07 2024 07:23:09
* NMEA Latitude = 35 44.71 N
* NMEA Longitude = 075 08.44 W
* NMEA UTC (Time) = Nov 07 2024  07:23:00
** Ship: Pisces
** Cruise:  PC2406
** Program:  Fall ECOMON
# nquan = 7
# nvalues = 1161                                  
# units = specified
# name 0 = depSM: Depth [salt water, m]
# name 1 = tv290C: Temperature [ITS-90, deg C]
# name 2 = c0S/m: Conductivity [S/m]
# name 3 = sal00: Salinity, Practical [PSU]
# name 4 = scan: Scan Count
# name 5 = timeM: Time, Elapsed [minutes]
# name 6 = flag:  0.000e+00
# span 0 =      0.034,     27.548                 
# span 1 =    19.1233,    21.0136                 
# span 2 =   0.000014,   4.794991                 
# span 3 =     0.0101,    34.4708                 
# span 4 =         11,       1171                 
# span 5 =     0.0417,     4.8750                 
# span 6 = 0.0000e+00, 0.0000e+00                 
# interval = seconds: 0.25
# start_time = Nov 07 2024 07:23:00 [NMEA time, header]
# bad_flag = -9.990e-29
*END*
[from data line 616]
     16.805    19.1582   4.442939    32.8065        627     2.6083  0.000e+00
     16.748    19.1586   4.443326    32.8094        628     2.6125  0.000e+00
     16.673    19.1609   4.443632    32.8102        629     2.6167  0.000e+00
     16.601    19.1642   4.443912    32.8099        630     2.6208  0.000e+00
     16.520    19.1676   4.444245    32.8100        631     2.6250  0.000e+00
     16.443    19.1714   4.444631    32.8102        632     2.6292  0.000e+00
     16.371    19.1751   4.445064    32.8109        633     2.6333  0.000e+00
     16.299    19.1789   4.445737    32.8135        634     2.6375  0.000e+00
     16.238    19.1839   4.446503    32.8159        635     2.6417  0.000e+00
     16.182    19.1898   4.446789    32.8136        636     2.6458  0.000e+00
     16.126    19.1947   4.446736    32.8093        637     2.6500  0.000e+00
     16.082    19.1974   4.447249    32.8114        638     2.6542  0.000e+00
     16.044    19.2002   4.447429    32.8107        639     2.6583  0.000e+00
     16.019    19.2029   4.447509    32.8092        640     2.6625  0.000e+00
     15.992    19.2050   4.447555    32.8080        641     2.6667  0.000e+00
     15.963    19.2063   4.447608    32.8074        642     2.6708  0.000e+00
     15.941    19.2070   4.447715    32.8077        643     2.6750  0.000e+00
     15.918    19.2077   4.447762    32.8076        644     2.6792  0.000e+00
     15.897    19.2087   4.447895    32.8079        645     2.6833  0.000e+00
     15.871    19.2094   4.447995    32.8082        646     2.6875  0.000e+00
     15.844    19.2104   4.448095    32.8082        647     2.6917  0.000e+00
     15.807    19.2113   4.448175    32.8082        648     2.6958  0.000e+00
     15.767    19.2120   4.448228    32.8081        649     2.7000  0.000e+00
     15.720    19.2127   4.448255    32.8078        650     2.7042  0.000e+00
     15.667    19.2136   4.448255    32.8071        651     2.7083  0.000e+00
     15.598    19.2141   4.448301    32.8071        652     2.7125  0.000e+00
     15.525    19.2145   4.448408    32.8077        653     2.7167  0.000e+00
     15.455    19.2153   4.448661    32.8092        654     2.7208  0.000e+00
     15.377    19.2163   4.448741    32.8090        655     2.7250  0.000e+00
     15.302    19.2176   4.448481    32.8059        656     2.7292  0.000e+00
     15.235    19.2179   4.448274    32.8040        657     2.7333  0.000e+00
     15.169    19.2175   4.448174    32.8035        658     2.7375  0.000e+00
     15.119    19.2170   4.447994    32.8025        659     2.7417  0.000e+00
     15.074    19.2163   4.447914    32.8024        660     2.7458  0.000e+00
     15.031    19.2155   4.447868    32.8026        661     2.7500  0.000e+00
     14.998    19.2153   4.447841    32.8026        662     2.7542  0.000e+00
     14.968    19.2148   4.447841    32.8030        663     2.7583  0.000e+00
     14.952    19.2147   4.447841    32.8030        664     2.7625  0.000e+00
     14.925    19.2147   4.447894    32.8035        665     2.7667  0.000e+00
     14.905    19.2147   4.447914    32.8037        666     2.7708  0.000e+00
     14.883    19.2147   4.447961    32.8040        667     2.7750  0.000e+00
     14.865    19.2151   4.447994    32.8040        668     2.7792  0.000e+00
     14.840    19.2155   4.448074    32.8044        669     2.7833  0.000e+00
     14.815    19.2162   4.448121    32.8043        670     2.7875  0.000e+00
     14.788    19.2167   4.448147    32.8041        671     2.7917  0.000e+00
     14.756    19.2170   4.448201    32.8043        672     2.7958  0.000e+00
     14.720    19.2175   4.448327    32.8049        673     2.8000  0.000e+00
     14.677    19.2181   4.448354    32.8047        674     2.8042  0.000e+00
     14.632    19.2190   4.448327    32.8038        675     2.8083  0.000e+00
     14.580    19.2195   4.448381    32.8039        676     2.8125  0.000e+00
     14.522    19.2196   4.448454    32.8044        677     2.8167  0.000e+00
     14.461    19.2199   4.448481    32.8044        678     2.8208  0.000e+00
     14.393    19.2203   4.448507    32.8044        679     2.8250  0.000e+00
     14.328    19.2205   4.448301    32.8025        680     2.8292  0.000e+00
     14.262    19.2206   4.448274    32.8022        681     2.8333  0.000e+00
     14.201    19.2207   4.448274    32.8022        682     2.8375  0.000e+00
     14.150    19.2208   4.448200    32.8015        683     2.8417  0.000e+00
     14.095    19.2205   4.448074    32.8007        684     2.8458  0.000e+00
     14.055    19.2200   4.448094    32.8013        685     2.8500  0.000e+00
     14.019    19.2196   4.447607    32.7976        686     2.8542  0.000e+00
     13.992    19.2188   4.447221    32.7950        687     2.8583  0.000e+00
     13.973    19.2171   4.447021    32.7947        688     2.8625  0.000e+00
     13.964    19.2155   4.446761    32.7938        689     2.8667  0.000e+00
     13.949    19.2139   4.446501    32.7930        690     2.8708  0.000e+00
     13.938    19.2127   4.446455    32.7936        691     2.8750  0.000e+00
     13.926    19.2115   4.446481    32.7947        692     2.8792  0.000e+00
     13.910    19.2110   4.446608    32.7962        693     2.8833  0.000e+00
     13.886    19.2112   4.446555    32.7956        694     2.8875  0.000e+00
     13.858    19.2110   4.445915    32.7905        695     2.8917  0.000e+00
     13.823    19.2101   4.444170    32.7768        696     2.8958  0.000e+00
     13.771    19.2067   4.443730    32.7758        697     2.9000  0.000e+00
     13.726    19.2032   4.443603    32.7776        698     2.9042  0.000e+00
     13.667    19.2009   4.443530    32.7789        699     2.9083  0.000e+00
     13.612    19.1994   4.443397    32.7789        700     2.9125  0.000e+00
     13.559    19.1985   4.443011    32.7765        701     2.9167  0.000e+00
     13.497    19.1973   4.442471    32.7730        702     2.9208  0.000e+00
     13.441    19.1957   4.442138    32.7715        703     2.9250  0.000e+00
     13.392    19.1938   4.441832    32.7705        704     2.9292  0.000e+00
     13.340    19.1922   4.441246    32.7669        705     2.9333  0.000e+00
     13.286    19.1904   4.441086    32.7671        706     2.9375  0.000e+00
     13.240    19.1887   4.440779    32.7659        707     2.9417  0.000e+00
     13.193    19.1874   4.440653    32.7659        708     2.9458  0.000e+00
     13.141    19.1865   4.440500    32.7653        709     2.9500  0.000e+00
     13.091    19.1857   4.440267    32.7641        710     2.9542  0.000e+00
     13.035    19.1849   4.440193    32.7641        711     2.9583  0.000e+00
     12.985    19.1849   4.439987    32.7625        712     2.9625  0.000e+00
     12.936    19.1858   4.439907    32.7610        713     2.9667  0.000e+00
     12.891    19.1881   4.439321    32.7544        714     2.9708  0.000e+00
     12.850    19.1922   4.438881    32.7476        715     2.9750  0.000e+00
     12.814    19.1974   4.438755    32.7425        716     2.9792  0.000e+00
     12.778    19.2018   4.438655    32.7382        717     2.9833  0.000e+00
     12.744    19.2057   4.438701    32.7356        718     2.9875  0.000e+00
     12.715    19.2085   4.438681    32.7332        719     2.9917  0.000e+00
     12.688    19.2102   4.438601    32.7312        720     2.9958  0.000e+00
     12.670    19.2120   4.438595    32.7297        721     3.0000  0.000e+00
     12.645    19.2135   4.438601    32.7286        722     3.0042  0.000e+00
     12.625    19.2147   4.438655    32.7281        723     3.0083  0.000e+00
     12.606    19.2154   4.438575    32.7269        724     3.0125  0.000e+00
     12.582    19.2162   4.438521    32.7259        725     3.0167  0.000e+00
     12.555    19.2173   4.438475    32.7246        726     3.0208  0.000e+00
     12.535    19.2188   4.438475    32.7234        727     3.0250  0.000e+00
     12.516    19.2204   4.438475    32.7222        728     3.0292  0.000e+00
     12.480    19.2217   4.438448    32.7210        729     3.0333  0.000e+00
     12.444    19.2236   4.438448    32.7194        730     3.0375  0.000e+00
     12.413    19.2251   4.438368    32.7177        731     3.0417  0.000e+00
     12.377    19.2266   4.438142    32.7146        732     3.0458  0.000e+00
     12.336    19.2277   4.432431    32.6667        733     3.0500  0.000e+00
     12.284    19.2289   4.438008    32.7117        734     3.0542  0.000e+00
     12.228    19.2302   4.438088    32.7114        735     3.0583  0.000e+00
     12.167    19.2312   4.438088    32.7106        736     3.0625  0.000e+00
     12.112    19.2329   4.437882    32.7076        737     3.0667  0.000e+00
     12.047    19.2353   4.437422    32.7020        738     3.0708  0.000e+00
     11.982    19.2372   4.437296    32.6995        739     3.0750  0.000e+00
     11.921    19.2382   4.437256    32.6983        740     3.0792  0.000e+00
     11.855    19.2388   4.437189    32.6974        741     3.0833  0.000e+00
     11.799    19.2387   4.437163    32.6972        742     3.0875  0.000e+00
     11.749    19.2389   4.436730    32.6936        743     3.0917  0.000e+00
     11.706    19.2386   4.435858    32.6866        744     3.0958  0.000e+00
     11.671    19.2382   4.435166    32.6812        745     3.1000  0.000e+00
     11.648    19.2382   4.434859    32.6787        746     3.1042  0.000e+00
     11.623    19.2383   4.434653    32.6769        747     3.1083  0.000e+00
     11.607    19.2385   4.434300    32.6739        748     3.1125  0.000e+00
     11.592    19.2393   4.434067    32.6713        749     3.1167  0.000e+00
     11.580    19.2399   4.433968    32.6700        750     3.1208  0.000e+00
     11.564    19.2407   4.433941    32.6692        751     3.1250  0.000e+00
     11.548    19.2408   4.433888    32.6687        752     3.1292  0.000e+00
     11.530    19.2414   4.433735    32.6670        753     3.1333  0.000e+00
     11.495    19.2415   4.433502    32.6650        754     3.1375  0.000e+00
     11.458    19.2416   4.433455    32.6645        755     3.1417  0.000e+00
     11.409    19.2417   4.432943    32.6602        756     3.1458  0.000e+00
     11.355    19.2422   4.431259    32.6460        757     3.1500  0.000e+00
     11.307    19.2455   4.430308    32.6356        758     3.1542  0.000e+00
     11.262    19.2531   4.427727    32.6084        759     3.1583  0.000e+00
     11.203    19.2623   4.423816    32.5690        760     3.1625  0.000e+00
     11.159    19.2701   4.420858    32.5386        761     3.1667  0.000e+00
     11.115    19.2757   4.416983    32.5024        762     3.1708  0.000e+00
     11.080    19.2797   4.414080    32.4754        763     3.1750  0.000e+00
     11.054    19.2820   4.413290    32.4671        764     3.1792  0.000e+00
     11.034    19.2836   4.412273    32.4575        765     3.1833  0.000e+00
     11.016    19.2850   4.411078    32.4465        766     3.1875  0.000e+00
     11.007    19.2866   4.410520    32.4407        767     3.1917  0.000e+00
     10.996    19.2885   4.409936    32.4345        768     3.1958  0.000e+00
     10.987    19.2898   4.409378    32.4289        769     3.2000  0.000e+00
     10.971    19.2912   4.409073    32.4253        770     3.2042  0.000e+00
     10.958    19.2924   4.408767    32.4218        771     3.2083  0.000e+00
     10.940    19.2935   4.408355    32.4176        772     3.2125  0.000e+00
     10.919    19.2942   4.407393    32.4091        773     3.2167  0.000e+00
     10.897    19.2952   4.406125    32.3980        774     3.2208  0.000e+00
     10.868    19.2965   4.405866    32.3948        775     3.2250  0.000e+00
     10.834    19.2975   4.403928    32.3781        776     3.2292  0.000e+00
     10.806    19.2988   4.402720    32.3672        777     3.2333  0.000e+00
     10.773    19.3002   4.401805    32.3586        778     3.2375  0.000e+00
     10.741    19.3015   4.401758    32.3573        779     3.2417  0.000e+00
     10.707    19.3025   4.401373    32.3533        780     3.2458  0.000e+00
     10.680    19.3029   4.400517    32.3460        781     3.2500  0.000e+00
     10.655    19.3038   4.399197    32.3345        782     3.2542  0.000e+00
     10.631    19.3050   4.398706    32.3295        783     3.2583  0.000e+00
     10.610    19.3061   4.398793    32.3293        784     3.2625  0.000e+00
     10.588    19.3070   4.398919    32.3297        785     3.2667  0.000e+00
     10.569    19.3068   4.397977    32.3221        786     3.2708  0.000e+00
     10.542    19.3074   4.396790    32.3119        787     3.2750  0.000e+00
     10.509    19.3085   4.396000    32.3046        788     3.2792  0.000e+00
     10.472    19.3100   4.394588    32.2918        789     3.2833  0.000e+00
     10.430    19.3121   4.392221    32.2708        790     3.2875  0.000e+00
     10.380    19.3150   4.390259    32.2524        791     3.2917  0.000e+00
     10.321    19.3187   4.388920    32.2386        792     3.2958  0.000e+00
     10.256    19.3222   4.387125    32.2212        793     3.3000  0.000e+00
     10.181    19.3262   4.384925    32.2001        794     3.3042  0.000e+00
     10.109    19.3314   4.381700    32.1696        795     3.3083  0.000e+00
     10.035    19.3371   4.379256    32.1452        796     3.3125  0.000e+00
      9.958    19.3438   4.378395    32.1330        797     3.3167  0.000e+00
      9.895    19.3487   4.377263    32.1200        798     3.3208  0.000e+00
      9.828    19.3520   4.376581    32.1118        799     3.3250  0.000e+00
      9.773    19.3544   4.375522    32.1013        800     3.3292  0.000e+00
      9.724    19.3560   4.374834    32.0945        801     3.3333  0.000e+00
      9.690    19.3572   4.374669    32.0922        802     3.3375  0.000e+00
      9.658    19.3578   4.374516    32.0905        803     3.3417  0.000e+00
      9.638    19.3587   4.374490    32.0896        804     3.3458  0.000e+00
      9.624    19.3590   4.374490    32.0894        805     3.3500  0.000e+00
      9.616    19.3594   4.374516    32.0893        806     3.3542  0.000e+00
      9.611    19.3597   4.374490    32.0889        807     3.3583  0.000e+00
      9.609    19.3597   4.374391    32.0880        808     3.3625  0.000e+00
      9.613    19.3598   4.374338    32.0875        809     3.3667  0.000e+00
      9.616    19.3602   4.374311    32.0870        810     3.3708  0.000e+00
      9.616    19.3603   4.374304    32.0869        811     3.3750  0.000e+00
      9.615    19.3604   4.374291    32.0867        812     3.3792  0.000e+00
      9.615    19.3604   4.374212    32.0860        813     3.3833  0.000e+00
      9.604    19.3603   4.374166    32.0857        814     3.3875  0.000e+00
      9.595    19.3602   4.374139    32.0856        815     3.3917  0.000e+00
      9.579    19.3597   4.374126    32.0859        816     3.3958  0.000e+00
      9.563    19.3592   4.374060    32.0858        817     3.4000  0.000e+00
      9.530    19.3586   4.374013    32.0858        818     3.4042  0.000e+00
      9.500    19.3585   4.373861    32.0847        819     3.4083  0.000e+00
      9.466    19.3584   4.373285    32.0801        820     3.4125  0.000e+00
      9.424    19.3589   4.373146    32.0785        821     3.4167  0.000e+00
      9.387    19.3594   4.373285    32.0793        822     3.4208  0.000e+00
      9.340    19.3597   4.372981    32.0766        823     3.4250  0.000e+00
      9.297    19.3601   4.372147    32.0695        824     3.4292  0.000e+00
      9.245    19.3604   4.371750    32.0660        825     3.4333  0.000e+00
      9.187    19.3622   4.371942    32.0662        826     3.4375  0.000e+00
      9.137    19.3650   4.372200    32.0662        827     3.4417  0.000e+00
      9.085    19.3681   4.373331    32.0731        828     3.4458  0.000e+00
      9.026    19.3738   4.374390    32.0774        829     3.4500  0.000e+00
      8.970    19.3815   4.374919    32.0758        830     3.4542  0.000e+00
