HB2401/ctd007.cnv
* Sea-Bird SBE 9 Data File:
* FileName = C:\cruise\data\ctd007.hex
* Software Version Seasave V 7.26.7.121
* Temperature SN = 6768
* Conductivity SN = 6166
* Number of Bytes Per Scan = 37
* Number of Voltage Words = 4
* Number of Scans Averaged by the Deck Unit = 1
* NMEA Latitude = 40 39.75 N
* NMEA Longitude = 070 37.95 W
* NMEA UTC (Time) = Feb 21 2024 17:56:06
* NMEA baud rate = 4800
** Ship: Henry Bigelow
** Cruise:  HB2401
** Program:  ECOMON
# nquan = 7
# nvalues = 107                         
# units = specified
# name 0 = depSM: Depth [salt water, m]
# name 1 = t090C: Temperature [ITS-90, deg C]
# name 2 = c0S/m: Conductivity [S/m]
# name 3 = sal00: Salinity, Practical [PSU]
# name 4 = scan: Scan Count
# name 5 = timeM: Time, Elapsed [minutes]
# name 6 = flag: flag
# span 0 =      2.000,     56.000       
# span 1 =     5.1476,     5.4145       
# span 2 =   3.098006,   3.127724       
# span 3 =    31.9868,    32.0565       
# span 4 =       -209,       7072       
# span 5 =    -0.1460,     4.9102       
# span 6 = 0.0000e+00, 0.0000e+00       
# interval = meters: 1                  
# start_time = Feb 21 2024 17:56:06 [NMEA time, header]
# bad_flag = -9.990e-29
*END*
      4.000     5.1712   3.099003    31.9868       -209    -0.1460 0.0000e+00
      5.000     5.1645   3.098671    31.9889        330     0.2281 0.0000e+00
      6.000     5.1603   3.098415    31.9895        399     0.2763 0.0000e+00
      7.000     5.1596   3.098389    31.9894        450     0.3117 0.0000e+00
      8.000     5.1595   3.098423    31.9894        494     0.3423 0.0000e+00
      9.000     5.1625   3.098739    31.9896        511     0.3544 0.0000e+00
     10.000     5.1637   3.098859    31.9893        527     0.3652 0.0000e+00
     11.000     5.1618   3.098736    31.9893        547     0.3794 0.0000e+00
     12.000     5.1603   3.098647    31.9892        591     0.4094 0.0000e+00
     13.000     5.1582   3.098528    31.9894        626     0.4343 0.0000e+00
     14.000     5.1545   3.098342    31.9903        645     0.4470 0.0000e+00
     15.000     5.1500   3.098094    31.9912        663     0.4597 0.0000e+00
     16.000     5.1488   3.098038    31.9913        687     0.4766 0.0000e+00
     17.000     5.1477   3.098006    31.9914        725     0.5027 0.0000e+00
     18.000     5.1483   3.098091    31.9914        758     0.5255 0.0000e+00
     19.000     5.1484   3.098148    31.9914        780     0.5408 0.0000e+00
     20.000     5.1487   3.098209    31.9913        802     0.5564 0.0000e+00
     21.000     5.1486   3.098235    31.9912        833     0.5781 0.0000e+00
     22.000     5.1501   3.098395    31.9911        868     0.6023 0.0000e+00
     23.000     5.1499   3.098426    31.9912        890     0.6174 0.0000e+00
     24.000     5.1491   3.098548    31.9928        908     0.6298 0.0000e+00
     25.000     5.1476   3.098496    31.9931        930     0.6453 0.0000e+00
     26.000     5.1477   3.098557    31.9933        980     0.6796 0.0000e+00
     27.000     5.1476   3.098605    31.9934       1013     0.7027 0.0000e+00
     28.000     5.1484   3.098774    31.9941       1029     0.7142 0.0000e+00
     29.000     5.1489   3.098871    31.9943       1046     0.7259 0.0000e+00
     30.000     5.1494   3.098976    31.9944       1073     0.7447 0.0000e+00
     31.000     5.1570   3.099838    31.9965       1120     0.7770 0.0000e+00
     32.000     5.1631   3.100502    31.9977       1145     0.7947 0.0000e+00
     33.000     5.1676   3.101030    31.9989       1164     0.8074 0.0000e+00
     34.000     5.1681   3.101113    31.9990       1182     0.8204 0.0000e+00
     35.000     5.1679   3.101115    31.9987       1209     0.8387 0.0000e+00
     36.000     5.1681   3.101215    31.9991       1259     0.8735 0.0000e+00
     37.000     5.1835   3.102809    32.0021       1290     0.8950 0.0000e+00
     38.000     5.1881   3.103352    32.0033       1308     0.9079 0.0000e+00
     39.000     5.1925   3.103852    32.0044       1327     0.9206 0.0000e+00
     40.000     5.2012   3.104758    32.0059       1349     0.9362 0.0000e+00
     41.000     5.2085   3.105579    32.0077       1388     0.9635 0.0000e+00
     42.000     5.2121   3.105994    32.0085       1424     0.9883 0.0000e+00
     43.000     5.2201   3.106873    32.0104       1446     1.0033 0.0000e+00
     44.000     5.2325   3.108180    32.0129       1467     1.0182 0.0000e+00
     45.000     5.2475   3.109732    32.0157       1495     1.0377 0.0000e+00
     46.000     5.2523   3.110325    32.0174       1527     1.0596 0.0000e+00
     47.000     5.2609   3.111254    32.0193       1551     1.0761 0.0000e+00
     48.000     5.2683   3.112044    32.0207       1578     1.0949 0.0000e+00
     49.000     5.2903   3.114333    32.0251       1617     1.1223 0.0000e+00
     50.000     5.3496   3.120466    32.0378       1649     1.1442 0.0000e+00
     51.000     5.3454   3.120187    32.0381       1669     1.1586 0.0000e+00
     52.000     5.3796   3.123822    32.0461       1688     1.1714 0.0000e+00
     53.000     5.4053   3.126475    32.0512       1708     1.1855 0.0000e+00
     54.000     5.4079   3.126835    32.0523       1738     1.2066 0.0000e+00
     55.000     5.4145   3.127666    32.0549       1834     1.2729 0.0000e+00
     56.000     5.4130   3.127724    32.0565       3408     2.3658 0.0000e+00
     55.000     5.3882   3.125108    32.0510       3708     2.5744 0.0000e+00
     54.000     5.3794   3.124091    32.0484       3620     2.5131 0.0000e+00
     53.000     5.3780   3.123899    32.0480       3639     2.5261 0.0000e+00
     52.000     5.3799   3.124041    32.0484       3663     2.5432 0.0000e+00
     51.000     5.3689   3.122943    32.0469       3687     2.5598 0.0000e+00
     50.000     5.3295   3.118770    32.0376       3711     2.5763 0.0000e+00
     49.000     5.2862   3.114300    32.0288       3739     2.5961 0.0000e+00
     48.000     5.2447   3.110073    32.0208       3775     2.6209 0.0000e+00
     47.000     5.2183   3.107142    32.0132       3804     2.6407 0.0000e+00
     46.000     5.2121   3.106442    32.0117       3825     2.6554 0.0000e+00
     45.000     5.2013   3.105304    32.0095       3844     2.6691 0.0000e+00
     44.000     5.1936   3.104450    32.0076       3866     2.6841 0.0000e+00
     43.000     5.1890   3.103897    32.0062       3895     2.7042 0.0000e+00
     42.000     5.1866   3.103577    32.0054       3930     2.7285 0.0000e+00
     41.000     5.1855   3.103413    32.0051       3957     2.7472 0.0000e+00
     40.000     5.1841   3.103201    32.0045       3980     2.7629 0.0000e+00
     39.000     5.1825   3.102993    32.0042       4003     2.7791 0.0000e+00
     38.000     5.1819   3.102820    32.0033       4029     2.7971 0.0000e+00
     37.000     5.1829   3.102931    32.0040       4060     2.8186 0.0000e+00
     36.000     5.1830   3.102910    32.0042       4098     2.8451 0.0000e+00
     35.000     5.1674   3.101260    32.0008       4130     2.8674 0.0000e+00
     34.000     5.1616   3.100593    31.9992       4157     2.8859 0.0000e+00
     33.000     5.1578   3.100138    31.9982       4200     2.9159 0.0000e+00
     32.000     5.1525   3.099471    31.9961       4745     3.2944 0.0000e+00
     31.000     5.1543   3.099617    31.9965       5127     3.5596 0.0000e+00
     30.000     5.1518   3.099324    31.9961       5157     3.5804 0.0000e+00
     29.000     5.1506   3.099140    31.9957       5187     3.6012 0.0000e+00
     28.000     5.1501   3.098999    31.9950       5212     3.6187 0.0000e+00
     27.000     5.1499   3.098898    31.9946       5235     3.6348 0.0000e+00
     26.000     5.1497   3.098848    31.9947       5261     3.6525 0.0000e+00
     25.000     5.1498   3.098778    31.9943       5292     3.6743 0.0000e+00
     24.000     5.1501   3.098670    31.9933       5323     3.6960 0.0000e+00
     23.000     5.1498   3.098559    31.9928       5348     3.7129 0.0000e+00
     22.000     5.1502   3.098515    31.9924       5368     3.7270 0.0000e+00
     21.000     5.1513   3.098521    31.9920       5388     3.7412 0.0000e+00
     20.000     5.1516   3.098484    31.9917       5413     3.7580 0.0000e+00
     19.000     5.1520   3.098459    31.9916       5444     3.7802 0.0000e+00
     18.000     5.1516   3.098391    31.9916       5477     3.8029 0.0000e+00
     17.000     5.1521   3.098365    31.9913       5502     3.8199 0.0000e+00
     16.000     5.1525   3.098345    31.9913       5522     3.8342 0.0000e+00
     15.000     5.1527   3.098311    31.9911       5542     3.8482 0.0000e+00
     14.000     5.1542   3.098362    31.9908       5568     3.8661 0.0000e+00
     13.000     5.1559   3.098418    31.9903       5603     3.8899 0.0000e+00
     12.000     5.1558   3.098386    31.9906       5631     3.9098 0.0000e+00
     11.000     5.1579   3.098491    31.9903       5654     3.9259 0.0000e+00
     10.000     5.1578   3.098454    31.9904       5678     3.9425 0.0000e+00
      9.000     5.1571   3.098344    31.9903       5704     3.9602 0.0000e+00
      8.000     5.1594   3.098472    31.9900       5729     3.9775 0.0000e+00
      7.000     5.1609   3.098562    31.9901       5750     3.9925 0.0000e+00
      6.000     5.1615   3.098559    31.9900       5771     4.0068 0.0000e+00
      5.000     5.1606   3.098455    31.9902       5801     4.0278 0.0000e+00
      4.000     5.1580   3.098220    31.9905       5847     4.0599 0.0000e+00
      3.000     5.1584   3.098205    31.9905       6207     4.3096 0.0000e+00
      2.000     5.1564   3.098023    31.9908       7072     4.9102 0.0000e+00
