HB2401/ctd006.cnv
* Sea-Bird SBE 9 Data File:
* FileName = C:\cruise\data\ctd006.hex
* Software Version Seasave V 7.26.7.121
* Temperature SN = 6768
* Conductivity SN = 6166
* Number of Bytes Per Scan = 37
* Number of Voltage Words = 4
* Number of Scans Averaged by the Deck Unit = 1
* NMEA Latitude = 40 01.39 N
* NMEA Longitude = 070 36.02 W
* NMEA UTC (Time) = Feb 21 2024 08:13:00
* NMEA baud rate = 4800
** Ship: Henry Bigelow
** Cruise:  HB2401
** Program:  ECOMON
# nquan = 7
# nvalues = 377                         
# units = specified
# name 0 = depSM: Depth [salt water, m]
# name 1 = t090C: Temperature [ITS-90, deg C]
# name 2 = c0S/m: Conductivity [S/m]
# name 3 = sal00: Salinity, Practical [PSU]
# name 4 = scan: Scan Count
# name 5 = timeM: Time, Elapsed [minutes]
# name 6 = flag: flag
# span 0 =      1.000,    190.000       
# span 1 =     5.7525,    12.9218       
# span 2 =   3.173427,   4.099840       
# span 3 =    32.2733,    35.2792       
# span 4 =         26,      14686       
# span 5 =     0.0176,    10.1980       
# span 6 = 0.0000e+00, 0.0000e+00       
# interval = meters: 1                  
# start_time = Feb 21 2024 08:13:00 [NMEA time, header]
# bad_flag = -9.990e-29
*END*
[from data line 206]
    171.000    10.8540   3.923217    35.2539       8169     5.6725 0.0000e+00
    170.000    10.9048   3.927826    35.2517       8198     5.6921 0.0000e+00
    169.000    10.9718   3.933402    35.2437       8223     5.7097 0.0000e+00
    168.000    11.0490   3.941267    35.2486       8247     5.7263 0.0000e+00
    167.000    11.1413   3.949015    35.2379       8271     5.7428 0.0000e+00
    166.000    11.3111   3.963529    35.2203       8295     5.7597 0.0000e+00
    165.000    11.5189   3.979992    35.1858       8320     5.7773 0.0000e+00
    164.000    11.5143   3.981525    35.2057       8346     5.7954 0.0000e+00
    163.000    11.7361   3.999734    35.1751       8373     5.8138 0.0000e+00
    162.000    12.1508   4.033902    35.1184       8402     5.8340 0.0000e+00
    161.000    12.3254   4.048123    35.0931       8436     5.8575 0.0000e+00
    160.000    12.4304   4.057757    35.0886       8467     5.8789 0.0000e+00
    159.000    12.5440   4.067480    35.0768       8489     5.8947 0.0000e+00
    158.000    12.6159   4.073414    35.0674       8510     5.9093 0.0000e+00
    157.000    12.6698   4.078531    35.0668       8537     5.9280 0.0000e+00
    156.000    12.7183   4.082138    35.0568       8573     5.9526 0.0000e+00
    155.000    12.7419   4.084105    35.0541       8599     5.9707 0.0000e+00
    154.000    12.7627   4.085848    35.0520       8618     5.9843 0.0000e+00
    153.000    12.7755   4.086858    35.0503       8640     5.9992 0.0000e+00
    152.000    12.7919   4.088044    35.0468       8673     6.0219 0.0000e+00
    151.000    12.8232   4.090579    35.0424       8710     6.0476 0.0000e+00
    150.000    12.8542   4.093246    35.0397       8736     6.0659 0.0000e+00
    149.000    12.8816   4.095730    35.0385       8762     6.0842 0.0000e+00
    148.000    12.8918   4.096726    35.0390       8790     6.1037 0.0000e+00
    147.000    12.8962   4.097232    35.0402       8815     6.1206 0.0000e+00
    146.000    12.9095   4.098506    35.0404       8836     6.1357 0.0000e+00
    145.000    12.9136   4.098873    35.0406       8859     6.1516 0.0000e+00
    144.000    12.9149   4.098797    35.0391       8886     6.1700 0.0000e+00
    143.000    12.9126   4.098309    35.0370       8914     6.1897 0.0000e+00
    142.000    12.9142   4.098343    35.0362       8942     6.2091 0.0000e+00
    141.000    12.9138   4.098072    35.0345       8967     6.2264 0.0000e+00
    140.000    12.9111   4.096498    35.0223       8992     6.2440 0.0000e+00
    139.000    12.9077   4.094791    35.0096       9021     6.2642 0.0000e+00
    138.000    12.9065   4.093953    35.0031       9051     6.2848 0.0000e+00
    137.000    12.9086   4.093363    34.9960       9076     6.3017 0.0000e+00
    136.000    12.9088   4.092733    34.9902       9100     6.3186 0.0000e+00
    135.000    12.9120   4.092159    34.9822       9127     6.3374 0.0000e+00
    134.000    12.9118   4.091918    34.9805       9155     6.3571 0.0000e+00
    133.000    12.9130   4.091881    34.9795       9183     6.3763 0.0000e+00
    132.000    12.9135   4.091767    34.9784       9212     6.3964 0.0000e+00
    131.000    12.9147   4.091532    34.9754       9242     6.4172 0.0000e+00
    130.000    12.9149   4.091420    34.9747       9270     6.4369 0.0000e+00
    129.000    12.9151   4.091332    34.9740       9298     6.4561 0.0000e+00
    128.000    12.9151   4.091246    34.9736       9323     6.4733 0.0000e+00
    127.000    12.9156   4.091125    34.9724       9347     6.4903 0.0000e+00
    126.000    12.9153   4.090813    34.9701       9374     6.5087 0.0000e+00
    125.000    12.9149   4.089794    34.9612       9404     6.5298 0.0000e+00
    124.000    12.9152   4.089589    34.9594       9433     6.5503 0.0000e+00
    123.000    12.9137   4.089102    34.9566       9458     6.5677 0.0000e+00
    122.000    12.9101   4.088268    34.9524       9480     6.5827 0.0000e+00
    121.000    12.9049   4.087221    34.9476       9502     6.5980 0.0000e+00
    120.000    12.9015   4.086648    34.9456       9529     6.6165 0.0000e+00
    119.000    12.9003   4.086362    34.9445       9563     6.6404 0.0000e+00
    118.000    12.8966   4.085716    34.9421       9593     6.6609 0.0000e+00
    117.000    12.8878   4.084407    34.9382       9616     6.6771 0.0000e+00
    116.000    12.8804   4.083313    34.9350       9639     6.6933 0.0000e+00
    115.000    12.8746   4.082467    34.9327       9667     6.7123 0.0000e+00
    114.000    12.8690   4.081679    34.9308       9698     6.7341 0.0000e+00
    113.000    12.8631   4.080829    34.9286       9726     6.7534 0.0000e+00
    112.000    12.8563   4.079791    34.9253       9751     6.7710 0.0000e+00
    111.000    12.8520   4.079083    34.9230       9776     6.7884 0.0000e+00
    110.000    12.8462   4.077958    34.9180       9803     6.8070 0.0000e+00
    109.000    12.8271   4.075099    34.9087       9832     6.8273 0.0000e+00
    108.000    12.8080   4.071879    34.8960       9861     6.8475 0.0000e+00
    107.000    12.7875   4.068584    34.8838       9890     6.8670 0.0000e+00
    106.000    12.7706   4.065967    34.8748       9917     6.8864 0.0000e+00
    105.000    12.7564   4.063731    34.8670       9944     6.9046 0.0000e+00
    104.000    12.7217   4.059110    34.8551       9969     6.9220 0.0000e+00
    103.000    12.6416   4.048515    34.8279       9995     6.9405 0.0000e+00
    102.000    12.5144   4.032302    34.7900      10025     6.9610 0.0000e+00
    101.000    12.4110   4.018093    34.7491      10056     6.9825 0.0000e+00
    100.000    12.3454   4.009520    34.7274      10087     7.0039 0.0000e+00
     99.000    12.2234   3.993635    34.6871      10117     7.0250 0.0000e+00
     98.000    12.1287   3.980571    34.6485      10144     7.0437 0.0000e+00
     97.000    12.0541   3.969555    34.6110      10576     7.3440 0.0000e+00
     96.000    12.1061   3.976499    34.6308      11423     7.9321 0.0000e+00
     95.000    12.0239   3.965968    34.6050      11440     7.9434 0.0000e+00
     94.000    11.9768   3.959750    34.5886      11462     7.9592 0.0000e+00
     93.000    11.8641   3.945590    34.5554      11485     7.9750 0.0000e+00
     92.000    11.7793   3.933898    34.5202      11510     7.9926 0.0000e+00
     91.000    11.6336   3.914565    34.4664      11541     8.0141 0.0000e+00
     90.000    11.5140   3.899419    34.4292      11571     8.0345 0.0000e+00
     89.000    11.4467   3.889946    34.3989      11596     8.0520 0.0000e+00
     88.000    11.4164   3.885794    34.3865      11621     8.0695 0.0000e+00
     87.000    11.4081   3.884400    34.3810      11649     8.0887 0.0000e+00
     86.000    11.3799   3.880734    34.3715      11676     8.1077 0.0000e+00
     85.000    11.3563   3.877507    34.3620      11699     8.1236 0.0000e+00
     84.000    11.3427   3.875470    34.3550      11720     8.1380 0.0000e+00
     83.000    11.2696   3.865889    34.3287      11744     8.1546 0.0000e+00
     82.000    11.2265   3.859898    34.3098      11777     8.1777 0.0000e+00
     81.000    11.1905   3.855139    34.2967      11807     8.1990 0.0000e+00
     80.000    11.0540   3.837351    34.2476      11831     8.2151 0.0000e+00
     79.000    10.9122   3.818846    34.1958      11854     8.2313 0.0000e+00
     78.000    10.8286   3.807077    34.1567      11880     8.2492 0.0000e+00
     77.000    10.7497   3.796497    34.1249      11906     8.2676 0.0000e+00
     76.000    10.6874   3.787981    34.0982      11933     8.2864 0.0000e+00
     75.000    10.6542   3.783382    34.0835      11963     8.3067 0.0000e+00
     74.000    10.6186   3.778806    34.0712      11991     8.3262 0.0000e+00
     73.000    10.4840   3.761775    34.0260      12016     8.3436 0.0000e+00
     72.000    10.3521   3.745116    33.9817      12040     8.3604 0.0000e+00
     71.000    10.2539   3.732226    33.9436      12064     8.3768 0.0000e+00
     70.000    10.1212   3.715979    33.9035      12088     8.3935 0.0000e+00
     69.000    10.0348   3.704291    33.8659      12114     8.4115 0.0000e+00
     68.000     9.9852   3.697934    33.8481      12144     8.4325 0.0000e+00
     67.000     9.9254   3.690184    33.8257      12175     8.4539 0.0000e+00
     66.000     9.8797   3.684423    33.8101      12200     8.4717 0.0000e+00
     65.000     9.8240   3.677461    33.7916      12223     8.4873 0.0000e+00
     64.000     9.7851   3.672056    33.7733      12248     8.5049 0.0000e+00
     63.000     9.6972   3.661238    33.7453      12277     8.5251 0.0000e+00
     62.000     9.5681   3.645049    33.7007      12303     8.5433 0.0000e+00
     61.000     9.5197   3.639597    33.6905      12327     8.5600 0.0000e+00
     60.000     9.4380   3.628228    33.6505      12355     8.5793 0.0000e+00
     59.000     9.2842   3.609619    33.6032      12385     8.6002 0.0000e+00
     58.000     9.1703   3.595858    33.5682      12410     8.6175 0.0000e+00
     57.000     9.0306   3.577722    33.5116      12432     8.6328 0.0000e+00
     56.000     8.7864   3.547892    33.4305      12456     8.6492 0.0000e+00
     55.000     8.4388   3.504112    33.2989      12484     8.6684 0.0000e+00
     54.000     8.3599   3.494936    33.2770      12511     8.6876 0.0000e+00
     53.000     8.3134   3.488847    33.2570      12537     8.7057 0.0000e+00
     52.000     8.3057   3.487168    33.2469      12564     8.7245 0.0000e+00
     51.000     8.2257   3.477881    33.2245      12592     8.7438 0.0000e+00
     50.000     7.9768   3.447524    33.1374      12619     8.7628 0.0000e+00
     49.000     7.6267   3.403032    32.9929      12646     8.7811 0.0000e+00
     48.000     7.0891   3.337736    32.7971      12670     8.7978 0.0000e+00
     47.000     6.8884   3.310288    32.6884      12693     8.8137 0.0000e+00
     46.000     6.6189   3.278785    32.5996      12717     8.8305 0.0000e+00
     45.000     6.4118   3.252112    32.5028      12744     8.8495 0.0000e+00
     44.000     6.2696   3.235386    32.4533      12773     8.8693 0.0000e+00
     43.000     6.1096   3.217073    32.4025      12798     8.8869 0.0000e+00
     42.000     5.9742   3.200907    32.3517      12821     8.9031 0.0000e+00
     41.000     5.8737   3.190464    32.3312      12848     8.9213 0.0000e+00
     40.000     5.8375   3.185946    32.3157      12880     8.9436 0.0000e+00
     39.000     5.8209   3.183863    32.3086      12908     8.9633 0.0000e+00
     38.000     5.8033   3.181643    32.3011      12931     8.9788 0.0000e+00
     37.000     5.8035   3.181449    32.2992      12951     8.9934 0.0000e+00
     36.000     5.7957   3.180539    32.2969      12976     9.0107 0.0000e+00
     35.000     5.7980   3.180481    32.2945      13009     9.0332 0.0000e+00
     34.000     5.7943   3.179904    32.2921      13038     9.0534 0.0000e+00
     33.000     5.7915   3.179495    32.2907      13061     9.0691 0.0000e+00
     32.000     5.7900   3.179297    32.2903      13082     9.0842 0.0000e+00
     31.000     5.7856   3.178715    32.2885      13108     9.1019 0.0000e+00
     30.000     5.7814   3.178204    32.2872      13138     9.1229 0.0000e+00
     29.000     5.7824   3.178173    32.2865      13167     9.1428 0.0000e+00
     28.000     5.7835   3.178119    32.2852      13192     9.1607 0.0000e+00
     27.000     5.7804   3.177808    32.2852      13217     9.1778 0.0000e+00
     26.000     5.7851   3.178072    32.2842      13242     9.1949 0.0000e+00
     25.000     5.7835   3.177878    32.2841      13267     9.2122 0.0000e+00
     24.000     5.7807   3.177552    32.2836      13292     9.2302 0.0000e+00
     23.000     5.7781   3.177270    32.2834      13319     9.2488 0.0000e+00
     22.000     5.7774   3.177080    32.2823      13347     9.2679 0.0000e+00
     21.000     5.7750   3.176816    32.2822      13374     9.2871 0.0000e+00
     20.000     5.7771   3.176884    32.2815      13400     9.3048 0.0000e+00
     19.000     5.7759   3.176717    32.2812      13423     9.3210 0.0000e+00
     18.000     5.7739   3.176477    32.2810      13448     9.3379 0.0000e+00
     17.000     5.7731   3.176316    32.2804      13476     9.3573 0.0000e+00
     16.000     5.7738   3.176314    32.2801      13503     9.3766 0.0000e+00
     15.000     5.7737   3.176255    32.2801      13528     9.3941 0.0000e+00
     14.000     5.7768   3.176435    32.2797      13553     9.4113 0.0000e+00
     13.000     5.7745   3.176189    32.2795      13578     9.4288 0.0000e+00
     12.000     5.7751   3.176181    32.2794      13602     9.4451 0.0000e+00
     11.000     5.7763   3.176205    32.2790      13625     9.4614 0.0000e+00
     10.000     5.7751   3.176060    32.2790      13653     9.4806 0.0000e+00
      9.000     5.7733   3.175872    32.2792      13684     9.5017 0.0000e+00
      8.000     5.7714   3.175742    32.2800      13709     9.5192 0.0000e+00
      7.000     5.7696   3.175515    32.2797      13731     9.5345 0.0000e+00
      6.000     5.7670   3.175252    32.2796      13753     9.5502 0.0000e+00
      5.000     5.7664   3.175092    32.2789      13789     9.5748 0.0000e+00
      4.000     5.7660   3.175018    32.2790      13829     9.6031 0.0000e+00
      3.000     5.7629   3.174567    32.2773      14367     9.9764 0.0000e+00
      2.000     5.7642   3.174635    32.2774      14686    10.1980 0.0000e+00
      1.000     5.7666   3.174805    32.2775      14664    10.1825 0.0000e+00
