HB2401/ctd003.cnv
* Sea-Bird SBE 9 Data File:
* FileName = C:\cruise\data\ctd003.hex
* Software Version Seasave V 7.26.7.121
* Temperature SN = 6664
* Conductivity SN = 6035
* Number of Bytes Per Scan = 37
* Number of Voltage Words = 4
* Number of Scans Averaged by the Deck Unit = 1
* NMEA Latitude = 40 00.70 N
* NMEA Longitude = 070 36.17 W
* NMEA UTC (Time) = Oct 28 2023 16:34:35
* NMEA baud rate = 4800
** Ship: Pisces PC2305
** Program:  Fall ECOMON
** Chief Scientist: Harvey Walsh
# nquan = 6
# nvalues = 430                         
# units = specified
# name 0 = depSM: Depth [salt water, m]
# name 1 = t090C: Temperature [ITS-90, deg C]
# name 2 = c0S/m: Conductivity [S/m]
# name 3 = sal00: Salinity, Practical [PSU]
# name 4 = scan: Scan Count
# name 5 = flag: flag
# span 0 =      2.000,    217.000       
# span 1 =    10.2353,    15.8764       
# span 2 =   3.751972,   4.228331       
# span 3 =    32.4067,    35.5771       
# span 4 =        521,      52014       
# span 5 = 0.0000e+00, 0.0000e+00       
# interval = meters: 1                  
# start_time = Oct 28 2023 16:34:35 [NMEA time, header]
# bad_flag = -9.990e-29
*END*
      3.000    15.3631   4.050081    32.5017        521 0.0000e+00
      4.000    15.3721   4.050513    32.4976       1115 0.0000e+00
      5.000    15.3693   4.050415    32.4988       1117 0.0000e+00
      6.000    15.3814   4.050634    32.4903       1213 0.0000e+00
      7.000    15.3840   4.050347    32.4852       1308 0.0000e+00
      8.000    15.3808   4.050115    32.4854       1339 0.0000e+00
      9.000    15.3711   4.049699    32.4893       1435 0.0000e+00
     10.000    15.3033   4.045406    32.5066       1508 0.0000e+00
     11.000    15.2715   4.041972    32.5018       1572 0.0000e+00
     12.000    15.2659   4.041417    32.5010       1630 0.0000e+00
     13.000    15.2677   4.041598    32.5008       1699 0.0000e+00
     14.000    15.2581   4.040549    32.4990       1797 0.0000e+00
     15.000    15.2637   4.041065    32.4986       1854 0.0000e+00
     16.000    15.2145   4.035934    32.4929       1917 0.0000e+00
     17.000    15.2097   4.035491    32.4926       1987 0.0000e+00
     18.000    15.1886   4.032955    32.4869       2099 0.0000e+00
     19.000    15.1311   4.026098    32.4726       2145 0.0000e+00
     20.000    15.0940   4.022229    32.4682       2211 0.0000e+00
     21.000    15.1153   4.026404    32.4876       2288 0.0000e+00
     22.000    15.2783   4.052206    32.5836       2373 0.0000e+00
     23.000    15.4744   4.081547    32.6832       2458 0.0000e+00
     24.000    15.5681   4.094745    32.7227       2493 0.0000e+00
     25.000    15.7007   4.113440    32.7787       2572 0.0000e+00
     26.000    15.7809   4.125320    32.8173       2690 0.0000e+00
     27.000    15.7926   4.128774    32.8380       2729 0.0000e+00
     28.000    15.7989   4.131917    32.8602       2773 0.0000e+00
     29.000    15.8210   4.137121    32.8877       2902 0.0000e+00
     30.000    15.8202   4.137356    32.8900       2956 0.0000e+00
     31.000    15.7976   4.135158    32.8890       2999 0.0000e+00
     32.000    15.7631   4.132005    32.8893       3094 0.0000e+00
     33.000    15.6873   4.129163    32.9268       3164 0.0000e+00
     34.000    15.6181   4.129114    32.9837       3245 0.0000e+00
     35.000    15.5965   4.130041    33.0097       3305 0.0000e+00
     36.000    15.5687   4.127957    33.0140       3362 0.0000e+00
     37.000    15.4477   4.118454    33.0302       3462 0.0000e+00
     38.000    15.3108   4.106044    33.0336       3538 0.0000e+00
     39.000    15.2003   4.097675    33.0511       3571 0.0000e+00
     40.000    14.7086   4.062071    33.1453       3671 0.0000e+00
     41.000    14.2396   4.032927    33.2800       3752 0.0000e+00
     42.000    13.7676   3.990812    33.2982       3798 0.0000e+00
     43.000    13.4739   3.962822    33.2922       3916 0.0000e+00
     44.000    13.3977   3.958022    33.3133       3961 0.0000e+00
     45.000    13.0324   3.933147    33.3991       4019 0.0000e+00
     46.000    12.6670   3.905605    33.4599       4114 0.0000e+00
     47.000    12.1691   3.864132    33.5052       4202 0.0000e+00
     48.000    11.8548   3.833391    33.4889       4230 0.0000e+00
     49.000    11.7412   3.822390    33.4837       4311 0.0000e+00
     50.000    11.6612   3.814178    33.4752       4396 0.0000e+00
     51.000    11.4932   3.804756    33.5344       4461 0.0000e+00
     52.000    11.4871   3.818504    33.6745       4540 0.0000e+00
     53.000    11.4934   3.825395    33.7361       4609 0.0000e+00
     54.000    11.4691   3.824264    33.7467       4682 0.0000e+00
     55.000    11.4366   3.821797    33.7517       4762 0.0000e+00
     56.000    11.4028   3.821388    33.7781       4813 0.0000e+00
     57.000    11.3177   3.817835    33.8205       4915 0.0000e+00
     58.000    11.2452   3.812425    33.8331       4971 0.0000e+00
     59.000    11.1058   3.800667    33.8444       5022 0.0000e+00
     60.000    11.0653   3.797547    33.8503       5130 0.0000e+00
     61.000    10.8307   3.778176    33.8735       5208 0.0000e+00
     62.000    10.5727   3.756855    33.8988       5245 0.0000e+00
     63.000    10.5291   3.756085    33.9312       5331 0.0000e+00
     64.000    10.5485   3.764883    34.0011       5438 0.0000e+00
     65.000    10.5677   3.768608    34.0203       5468 0.0000e+00
     66.000    10.6763   3.787282    34.1059       5526 0.0000e+00
     67.000    10.8717   3.815401    34.2047       5645 0.0000e+00
     68.000    10.9332   3.823655    34.2292       5708 0.0000e+00
     69.000    11.0402   3.838347    34.2753       5748 0.0000e+00
     70.000    11.1073   3.848196    34.3102       5843 0.0000e+00
     71.000    11.1716   3.857394    34.3411       5932 0.0000e+00
     72.000    11.3709   3.884674    34.4248       5974 0.0000e+00
     73.000    11.8392   3.946883    34.5995       6059 0.0000e+00
     74.000    12.1623   3.989301    34.7127       6138 0.0000e+00
     75.000    12.2175   3.997123    34.7368       6196 0.0000e+00
     76.000    12.4571   4.029950    34.8318       6285 0.0000e+00
     77.000    12.5891   4.048412    34.8868       6344 0.0000e+00
     78.000    12.6186   4.054346    34.9161       6424 0.0000e+00
     79.000    12.6558   4.060715    34.9424       6488 0.0000e+00
     80.000    12.6815   4.065296    34.9621       6572 0.0000e+00
     81.000    12.7627   4.077167    35.0003       6659 0.0000e+00
     82.000    12.8495   4.089479    35.0373       6694 0.0000e+00
     83.000    12.8816   4.094335    35.0536       6785 0.0000e+00
     84.000    12.9402   4.103910    35.0903       6891 0.0000e+00
     85.000    13.0207   4.115695    35.1277       6922 0.0000e+00
     86.000    13.0758   4.124031    35.1557       6968 0.0000e+00
     87.000    13.1010   4.128406    35.1735       7089 0.0000e+00
     88.000    13.1311   4.132810    35.1871       7146 0.0000e+00
     89.000    13.1680   4.138360    35.2052       7217 0.0000e+00
     90.000    13.3098   4.158299    35.2626       7278 0.0000e+00
     91.000    13.3003   4.159863    35.2859       7380 0.0000e+00
     92.000    13.2495   4.154644    35.2831       7446 0.0000e+00
     93.000    13.2328   4.153847    35.2905       7516 0.0000e+00
     94.000    13.3974   4.176128    35.3485       7561 0.0000e+00
     95.000    13.5226   4.193885    35.3998       7675 0.0000e+00
     96.000    13.6151   4.207528    35.4423       7716 0.0000e+00
     97.000    13.5947   4.206984    35.4557       7812 0.0000e+00
     98.000    13.5950   4.208071    35.4652       7869 0.0000e+00
     99.000    13.6032   4.209437    35.4700       7954 0.0000e+00
    100.000    13.5829   4.208061    35.4755       8014 0.0000e+00
    101.000    13.4832   4.197369    35.4668       8128 0.0000e+00
    102.000    13.5830   4.211027    35.5026       8163 0.0000e+00
    103.000    13.6094   4.215163    35.5166       8210 0.0000e+00
    104.000    13.5704   4.210927    35.5125       8310 0.0000e+00
    105.000    13.5636   4.211178    35.5207       8396 0.0000e+00
    106.000    13.5945   4.215754    35.5347       8464 0.0000e+00
    107.000    13.6303   4.220889    35.5494       8510 0.0000e+00
    108.000    13.6797   4.228331    35.5731       8568 0.0000e+00
    109.000    13.6149   4.222369    35.5768       8713 0.0000e+00
    110.000    13.5965   4.220288    35.5739       8748 0.0000e+00
    111.000    13.5951   4.220217    35.5741       8799 0.0000e+00
    112.000    13.5760   4.217991    35.5704       8939 0.0000e+00
    113.000    13.5505   4.215354    35.5689       8999 0.0000e+00
    114.000    13.4726   4.208031    35.5719       9044 0.0000e+00
    115.000    13.4041   4.200465    35.5638       9168 0.0000e+00
    116.000    13.3298   4.192437    35.5567       9248 0.0000e+00
    117.000    13.2895   4.188064    35.5524       9299 0.0000e+00
    118.000    13.2660   4.185423    35.5488       9391 0.0000e+00
    119.000    13.2502   4.183655    35.5464       9504 0.0000e+00
    120.000    13.2321   4.181735    35.5446       9571 0.0000e+00
    121.000    13.2124   4.179826    35.5445       9636 0.0000e+00
    122.000    13.2058   4.179177    35.5441       9709 0.0000e+00
    123.000    13.1180   4.170223    35.5406       9827 0.0000e+00
    124.000    13.0581   4.164064    35.5375       9891 0.0000e+00
    125.000    13.0038   4.158270    35.5327       9951 0.0000e+00
    126.000    12.9049   4.147647    35.5235      10044 0.0000e+00
    127.000    12.7962   4.135314    35.5071      10159 0.0000e+00
    128.000    12.8010   4.135984    35.5085      10191 0.0000e+00
    129.000    12.8106   4.136796    35.5068      10275 0.0000e+00
    130.000    12.7632   4.131553    35.5006      10396 0.0000e+00
    131.000    12.7475   4.129991    35.5000      10439 0.0000e+00
    132.000    12.7379   4.129213    35.5010      10521 0.0000e+00
    133.000    12.6989   4.125907    35.5055      10614 0.0000e+00
    134.000    12.6895   4.125150    35.5067      10698 0.0000e+00
    135.000    12.6674   4.122947    35.5058      10776 0.0000e+00
    136.000    12.6413   4.120177    35.5034      10851 0.0000e+00
    137.000    12.5810   4.113887    35.4991      10931 0.0000e+00
    138.000    12.5236   4.107725    35.4934      11037 0.0000e+00
    139.000    12.4599   4.101110    35.4892      11087 0.0000e+00
    140.000    12.4205   4.096730    35.4836      11147 0.0000e+00
    141.000    12.4013   4.094653    35.4812      11222 0.0000e+00
    142.000    12.3953   4.094003    35.4801      11351 0.0000e+00
    143.000    12.3918   4.093691    35.4800      11385 0.0000e+00
    144.000    12.3774   4.092126    35.4780      11444 0.0000e+00
    145.000    12.3314   4.087350    35.4748      11542 0.0000e+00
    146.000    12.3076   4.084842    35.4725      11625 0.0000e+00
    147.000    12.3064   4.084668    35.4715      11698 0.0000e+00
    148.000    12.2981   4.083856    35.4711      11742 0.0000e+00
    149.000    12.2960   4.083633    35.4705      11847 0.0000e+00
    150.000    12.2953   4.083607    35.4704      11920 0.0000e+00
    151.000    12.2941   4.083509    35.4701      12006 0.0000e+00
    152.000    12.2897   4.083110    35.4700      12041 0.0000e+00
    153.000    12.2661   4.080697    35.4685      12150 0.0000e+00
    154.000    12.2489   4.078963    35.4675      12232 0.0000e+00
    155.000    12.2372   4.077854    35.4674      12284 0.0000e+00
    156.000    12.2266   4.076809    35.4668      12355 0.0000e+00
    157.000    12.2144   4.075616    35.4663      12460 0.0000e+00
    158.000    12.2016   4.074372    35.4659      12531 0.0000e+00
    159.000    12.1978   4.074056    35.4660      12564 0.0000e+00
    160.000    12.1991   4.074216    35.4659      12667 0.0000e+00
    161.000    12.2023   4.074601    35.4662      12777 0.0000e+00
    162.000    12.1976   4.074185    35.4661      12805 0.0000e+00
    163.000    12.1804   4.072615    35.4667      12848 0.0000e+00
    164.000    12.1740   4.072042    35.4667      12982 0.0000e+00
    165.000    12.1549   4.070452    35.4689      13043 0.0000e+00
    166.000    12.1253   4.067657    35.4693      13091 0.0000e+00
    167.000    12.1146   4.066567    35.4685      13193 0.0000e+00
    168.000    12.0536   4.060650    35.4682      13301 0.0000e+00
    169.000    12.0280   4.058072    35.4670      13337 0.0000e+00
    170.000    11.9425   4.048910    35.4582      13417 0.0000e+00
    171.000    11.8665   4.040721    35.4499      13497 0.0000e+00
    172.000    11.8422   4.037936    35.4453      13595 0.0000e+00
    173.000    11.8163   4.035185    35.4425      13639 0.0000e+00
    174.000    11.7951   4.032923    35.4401      13712 0.0000e+00
    175.000    11.7908   4.032474    35.4394      13808 0.0000e+00
    176.000    11.7788   4.031278    35.4386      13868 0.0000e+00
    177.000    11.7476   4.028045    35.4361      13955 0.0000e+00
    178.000    11.6938   4.022120    35.4287      14030 0.0000e+00
    179.000    11.6400   4.016117    35.4206      14089 0.0000e+00
    180.000    11.5399   4.004943    35.4055      14176 0.0000e+00
    181.000    11.4586   3.996081    35.3951      14269 0.0000e+00
    182.000    11.4191   3.991688    35.3891      14328 0.0000e+00
    183.000    11.3792   3.987274    35.3831      14393 0.0000e+00
    184.000    11.3367   3.982502    35.3760      14489 0.0000e+00
    185.000    11.2709   3.975206    35.3662      14579 0.0000e+00
    186.000    11.1968   3.966761    35.3529      14608 0.0000e+00
    187.000    11.0851   3.953794    35.3304      14698 0.0000e+00
    188.000    11.0462   3.948999    35.3195      14824 0.0000e+00
    189.000    11.0333   3.947658    35.3180      14854 0.0000e+00
    190.000    11.0126   3.945382    35.3148      14920 0.0000e+00
    191.000    10.9902   3.943165    35.3136      15008 0.0000e+00
    192.000    10.9660   3.940722    35.3120      15119 0.0000e+00
    193.000    10.9130   3.935712    35.3124      15152 0.0000e+00
    194.000    10.8988   3.934410    35.3126      15233 0.0000e+00
    195.000    10.8914   3.933767    35.3128      15332 0.0000e+00
    196.000    10.8694   3.931457    35.3104      15388 0.0000e+00
    197.000    10.8563   3.930100    35.3090      15500 0.0000e+00
    198.000    10.8472   3.929205    35.3082      15571 0.0000e+00
    199.000    10.8422   3.928731    35.3079      15605 0.0000e+00
    200.000    10.8353   3.928037    35.3071      15738 0.0000e+00
    201.000    10.8026   3.924756    35.3052      15816 0.0000e+00
    202.000    10.7360   3.918116    35.3022      15839 0.0000e+00
    203.000    10.6880   3.913209    35.2988      15935 0.0000e+00
    204.000    10.6499   3.909230    35.2951      16069 0.0000e+00
    205.000    10.6375   3.908007    35.2942      16096 0.0000e+00
    206.000    10.6214   3.906335    35.2925      16169 0.0000e+00
    207.000    10.5936   3.903456    35.2898      16246 0.0000e+00
    208.000    10.5433   3.898461    35.2876      16343 0.0000e+00
    209.000    10.4998   3.894200    35.2861      16426 0.0000e+00
    210.000    10.4739   3.891599    35.2844      16473 0.0000e+00
    211.000    10.4243   3.886649    35.2819      16577 0.0000e+00
    212.000    10.3844   3.882712    35.2802      16697 0.0000e+00
    213.000    10.3595   3.880231    35.2788      16752 0.0000e+00
    214.000    10.3166   3.875927    35.2762      16881 0.0000e+00
    215.000    10.2870   3.872998    35.2748      16998 0.0000e+00
    216.000    10.2422   3.868352    35.2705      19211 0.0000e+00
    217.000    10.2594   3.869779    35.2679      21384 0.0000e+00
    216.000    10.2353   3.867703    35.2706      20461 0.0000e+00
    215.000    10.3059   3.874659    35.2733      21171 0.0000e+00
    214.000    10.3401   3.878062    35.2751      22686 0.0000e+00
    213.000    10.3942   3.883356    35.2768      22983 0.0000e+00
    212.000    10.4322   3.887224    35.2797      23051 0.0000e+00
    211.000    10.4379   3.887676    35.2791      23073 0.0000e+00
    210.000    10.4633   3.890256    35.2811      23157 0.0000e+00
    209.000    10.5969   3.903428    35.2855      23254 0.0000e+00
    208.000    10.6320   3.907136    35.2894      23317 0.0000e+00
    207.000    10.6361   3.907617    35.2908      23338 0.0000e+00
    206.000    10.6408   3.908130    35.2918      23427 0.0000e+00
    205.000    10.6910   3.913184    35.2947      23514 0.0000e+00
    204.000    10.7099   3.915032    35.2955      23563 0.0000e+00
    203.000    10.8023   3.924352    35.3006      23620 0.0000e+00
    202.000    10.8445   3.928674    35.3037      23692 0.0000e+00
    201.000    10.8572   3.930011    35.3054      23780 0.0000e+00
    200.000    10.8705   3.931387    35.3068      23854 0.0000e+00
    199.000    10.8793   3.932269    35.3076      23900 0.0000e+00
    198.000    10.9000   3.934381    35.3093      23947 0.0000e+00
    197.000    10.9147   3.935669    35.3086      24060 0.0000e+00
    196.000    10.9152   3.935623    35.3080      24134 0.0000e+00
    195.000    10.9188   3.935949    35.3083      24172 0.0000e+00
    194.000    10.9716   3.941022    35.3087      24228 0.0000e+00
