HB2401/ctd004.cnv
* Sea-Bird SBE 9 Data File:
* FileName = C:\cruise\data\ctd004.hex
* Software Version Seasave V 7.26.7.121
* Temperature SN = 6664
* Conductivity SN = 6035
* Number of Bytes Per Scan = 37
* Number of Voltage Words = 4
* Number of Scans Averaged by the Deck Unit = 1
* NMEA Latitude = 39 00.67 N
* NMEA Longitude = 072 34.99 W
* NMEA UTC (Time) = Oct 29 2023 17:36:06
* NMEA baud rate = 4800
** Ship: Pisces PC2305
** Program:  Fall ECOMON
** Chief Scientist: Harvey Walsh
# nquan = 6
# nvalues = 997                         
# units = specified
# name 0 = depSM: Depth [salt water, m]
# name 1 = t090C: Temperature [ITS-90, deg C]
# name 2 = c0S/m: Conductivity [S/m]
# name 3 = sal00: Salinity, Practical [PSU]
# name 4 = scan: Scan Count
# name 5 = flag: flag
# span 0 =      1.000,    500.000       
# span 1 =     5.8064,    21.4785       
# span 2 =   3.443600,   4.922025       
# span 3 =    32.2782,    35.7223       
# span 4 =        138,      82694       
# span 5 = 0.0000e+00, 0.0000e+00       
# interval = meters: 1                  
# start_time = Oct 29 2023 17:36:06 [NMEA time, header]
# bad_flag = -9.990e-29
*END*
[from data line 239]
    242.000     9.6406   3.810355    35.2511      17616 0.0000e+00
    243.000     9.6301   3.809295    35.2500      17672 0.0000e+00
    244.000     9.6194   3.808196    35.2487      17733 0.0000e+00
    245.000     9.6034   3.806530    35.2467      17849 0.0000e+00
    246.000     9.5945   3.805632    35.2457      17920 0.0000e+00
    247.000     9.5834   3.804508    35.2445      17962 0.0000e+00
    248.000     9.5256   3.798530    35.2390      18069 0.0000e+00
    249.000     9.4897   3.794817    35.2353      18154 0.0000e+00
    250.000     9.4281   3.788383    35.2286      18209 0.0000e+00
    251.000     9.3492   3.780357    35.2224      18308 0.0000e+00
    252.000     9.3213   3.777500    35.2197      18388 0.0000e+00
    253.000     9.2742   3.772753    35.2161      18440 0.0000e+00
    254.000     9.2416   3.769406    35.2129      18540 0.0000e+00
    255.000     9.2273   3.767929    35.2111      18628 0.0000e+00
    256.000     9.2106   3.766271    35.2099      18683 0.0000e+00
    257.000     9.1980   3.764999    35.2085      18770 0.0000e+00
    258.000     9.1954   3.764735    35.2079      18852 0.0000e+00
    259.000     9.1894   3.764147    35.2072      18929 0.0000e+00
    260.000     9.1852   3.763748    35.2067      19003 0.0000e+00
    261.000     9.1809   3.763339    35.2062      19083 0.0000e+00
    262.000     9.1736   3.762620    35.2055      19181 0.0000e+00
    263.000     9.1598   3.761274    35.2045      19241 0.0000e+00
    264.000     9.1459   3.759891    35.2033      19314 0.0000e+00
    265.000     9.1157   3.756860    35.2009      19411 0.0000e+00
    266.000     9.1093   3.756239    35.2003      19496 0.0000e+00
    267.000     9.1071   3.756034    35.1999      19561 0.0000e+00
    268.000     9.1047   3.755828    35.1996      19633 0.0000e+00
    269.000     9.1016   3.755535    35.1991      19764 0.0000e+00
    270.000     9.1009   3.755502    35.1990      19803 0.0000e+00
    271.000     9.0993   3.755380    35.1988      19868 0.0000e+00
    272.000     9.0975   3.755231    35.1986      19964 0.0000e+00
    273.000     9.0887   3.754376    35.1979      20056 0.0000e+00
    274.000     9.0836   3.753902    35.1975      20121 0.0000e+00
    275.000     9.0854   3.754126    35.1976      20197 0.0000e+00
    276.000     9.0838   3.754002    35.1974      20279 0.0000e+00
    277.000     9.0818   3.753854    35.1973      20350 0.0000e+00
    278.000     9.0814   3.753851    35.1972      20448 0.0000e+00
    279.000     9.0825   3.754000    35.1972      20511 0.0000e+00
    280.000     9.0821   3.754002    35.1971      20574 0.0000e+00
    281.000     9.0852   3.754355    35.1973      20658 0.0000e+00
    282.000     9.0830   3.754180    35.1971      20763 0.0000e+00
    283.000     9.0818   3.754096    35.1970      20809 0.0000e+00
    284.000     9.0815   3.754116    35.1970      20878 0.0000e+00
    285.000     9.0796   3.753950    35.1967      20961 0.0000e+00
    286.000     9.0734   3.753379    35.1963      21042 0.0000e+00
    287.000     9.0671   3.752776    35.1959      21118 0.0000e+00
    288.000     9.0624   3.752347    35.1954      21184 0.0000e+00
    289.000     9.0555   3.751698    35.1950      21244 0.0000e+00
    290.000     9.0432   3.750493    35.1941      21371 0.0000e+00
    291.000     9.0262   3.748836    35.1931      21424 0.0000e+00
    292.000     9.0141   3.747676    35.1924      21502 0.0000e+00
    293.000     8.9966   3.745936    35.1910      21606 0.0000e+00
    294.000     8.9110   3.737456    35.1862      21669 0.0000e+00
    295.000     8.8664   3.733078    35.1838      21736 0.0000e+00
    296.000     8.7983   3.726283    35.1794      21875 0.0000e+00
    297.000     8.7405   3.720669    35.1770      21911 0.0000e+00
    298.000     8.7147   3.718163    35.1757      21946 0.0000e+00
    299.000     8.6715   3.713819    35.1723      22094 0.0000e+00
    300.000     8.6684   3.713528    35.1719      22146 0.0000e+00
    301.000     8.6686   3.713566    35.1716      22210 0.0000e+00
    302.000     8.6693   3.713637    35.1712      22314 0.0000e+00
    303.000     8.6696   3.713691    35.1709      22398 0.0000e+00
    304.000     8.6695   3.713712    35.1707      22455 0.0000e+00
    305.000     8.6679   3.713597    35.1706      22537 0.0000e+00
    306.000     8.6657   3.713403    35.1703      22639 0.0000e+00
    307.000     8.6645   3.713327    35.1702      22695 0.0000e+00
    308.000     8.6645   3.713358    35.1701      22743 0.0000e+00
    309.000     8.6628   3.713237    35.1700      22856 0.0000e+00
    310.000     8.6630   3.713292    35.1698      22931 0.0000e+00
    311.000     8.6630   3.713328    35.1698      22976 0.0000e+00
    312.000     8.6613   3.713215    35.1698      23057 0.0000e+00
    313.000     8.6623   3.713334    35.1696      23158 0.0000e+00
    314.000     8.6602   3.713171    35.1695      23206 0.0000e+00
    315.000     8.6587   3.713079    35.1695      23289 0.0000e+00
    316.000     8.6587   3.713118    35.1694      23366 0.0000e+00
    317.000     8.6593   3.713218    35.1695      23436 0.0000e+00
    318.000     8.6592   3.713255    35.1694      23513 0.0000e+00
    319.000     8.6597   3.713345    35.1694      23584 0.0000e+00
    320.000     8.6610   3.713513    35.1694      23680 0.0000e+00
    321.000     8.6608   3.713533    35.1694      23731 0.0000e+00
    322.000     8.6608   3.713585    35.1694      23802 0.0000e+00
    323.000     8.6605   3.713598    35.1694      23889 0.0000e+00
    324.000     8.6616   3.713756    35.1694      23970 0.0000e+00
    325.000     8.6605   3.713688    35.1694      24028 0.0000e+00
    326.000     8.6605   3.713730    35.1694      24104 0.0000e+00
    327.000     8.6617   3.713894    35.1694      24193 0.0000e+00
    328.000     8.6611   3.713880    35.1694      24263 0.0000e+00
    329.000     8.6604   3.713852    35.1693      24322 0.0000e+00
    330.000     8.6607   3.713934    35.1694      24419 0.0000e+00
    331.000     8.6608   3.713978    35.1693      24489 0.0000e+00
    332.000     8.6606   3.714004    35.1693      24553 0.0000e+00
    333.000     8.6599   3.713980    35.1692      24632 0.0000e+00
    334.000     8.6599   3.714026    35.1692      24733 0.0000e+00
    335.000     8.6610   3.714172    35.1692      24780 0.0000e+00
    336.000     8.6598   3.714107    35.1692      24839 0.0000e+00
    337.000     8.6490   3.713102    35.1689      24978 0.0000e+00
    338.000     8.6436   3.712624    35.1686      25023 0.0000e+00
    339.000     8.6260   3.710947    35.1680      25066 0.0000e+00
    340.000     8.5963   3.708095    35.1668      25180 0.0000e+00
    341.000     8.5671   3.705308    35.1659      25256 0.0000e+00
    342.000     8.5710   3.705693    35.1656      25297 0.0000e+00
    343.000     8.5503   3.703714    35.1647      25424 0.0000e+00
    344.000     8.5514   3.703852    35.1646      25483 0.0000e+00
    345.000     8.5458   3.703365    35.1646      25548 0.0000e+00
    346.000     8.5227   3.701212    35.1642      25657 0.0000e+00
    347.000     8.5100   3.700022    35.1638      25712 0.0000e+00
    348.000     8.4980   3.698957    35.1639      25784 0.0000e+00
    349.000     8.4936   3.698589    35.1640      25870 0.0000e+00
    350.000     8.4845   3.697773    35.1639      25962 0.0000e+00
    351.000     8.4698   3.696459    35.1641      26014 0.0000e+00
    352.000     8.4564   3.695241    35.1641      26094 0.0000e+00
    353.000     8.4500   3.694684    35.1640      26209 0.0000e+00
    354.000     8.4414   3.693915    35.1639      26252 0.0000e+00
    355.000     8.3934   3.689305    35.1623      26324 0.0000e+00
    356.000     8.3454   3.684649    35.1601      26429 0.0000e+00
    357.000     8.3127   3.681414    35.1578      26496 0.0000e+00
    358.000     8.2766   3.677916    35.1561      26569 0.0000e+00
    359.000     8.2586   3.676170    35.1550      26646 0.0000e+00
    360.000     8.2334   3.673770    35.1541      26723 0.0000e+00
    361.000     8.2198   3.672450    35.1531      26817 0.0000e+00
    362.000     8.2050   3.671057    35.1526      26885 0.0000e+00
    363.000     8.1958   3.670187    35.1519      26944 0.0000e+00
    364.000     8.0547   3.656493    35.1461      27052 0.0000e+00
    365.000     8.0033   3.651469    35.1432      27119 0.0000e+00
    366.000     7.9410   3.645405    35.1401      27175 0.0000e+00
    367.000     7.9052   3.641783    35.1366      27303 0.0000e+00
    368.000     7.8733   3.638713    35.1351      27352 0.0000e+00
    369.000     7.8548   3.636936    35.1340      27403 0.0000e+00
    370.000     7.8662   3.637993    35.1335      27534 0.0000e+00
    371.000     7.8573   3.637140    35.1328      27592 0.0000e+00
    372.000     7.8230   3.633804    35.1307      27650 0.0000e+00
    373.000     7.7587   3.627583    35.1278      27747 0.0000e+00
    374.000     7.7336   3.625145    35.1262      27838 0.0000e+00
    375.000     7.7184   3.623732    35.1258      27884 0.0000e+00
    376.000     7.7096   3.622928    35.1255      28001 0.0000e+00
    377.000     7.6825   3.620361    35.1245      28064 0.0000e+00
    378.000     7.6438   3.616567    35.1220      28137 0.0000e+00
    379.000     7.6028   3.612336    35.1169      28225 0.0000e+00
    380.000     7.5668   3.608668    35.1130      28322 0.0000e+00
    381.000     7.5580   3.607861    35.1126      28378 0.0000e+00
    382.000     7.4592   3.597878    35.1034      28465 0.0000e+00
    383.000     7.3338   3.584984    35.0892      28561 0.0000e+00
    384.000     7.3054   3.581971    35.0845      28624 0.0000e+00
    385.000     7.2757   3.578885    35.0804      28724 0.0000e+00
    386.000     7.2416   3.575561    35.0782      28783 0.0000e+00
    387.000     7.2283   3.574261    35.0769      28869 0.0000e+00
    388.000     7.2223   3.573674    35.0760      28982 0.0000e+00
    389.000     7.2202   3.573571    35.0766      29022 0.0000e+00
    390.000     7.1879   3.570471    35.0749      29094 0.0000e+00
    391.000     7.1493   3.566748    35.0727      29229 0.0000e+00
    392.000     7.1247   3.564369    35.0711      29275 0.0000e+00
    393.000     7.1100   3.562989    35.0704      29317 0.0000e+00
    394.000     7.1009   3.562082    35.0692      29481 0.0000e+00
    395.000     7.0815   3.560265    35.0684      29517 0.0000e+00
    396.000     7.0677   3.558959    35.0676      29561 0.0000e+00
    397.000     7.0687   3.559018    35.0668      29722 0.0000e+00
    398.000     7.0615   3.558349    35.0662      29756 0.0000e+00
    399.000     7.0452   3.556814    35.0654      29789 0.0000e+00
    400.000     6.9895   3.551396    35.0619      29928 0.0000e+00
    401.000     6.9060   3.543342    35.0577      29982 0.0000e+00
    402.000     6.8840   3.540987    35.0535      30096 0.0000e+00
    403.000     6.8764   3.540204    35.0521      30207 0.0000e+00
    404.000     6.8578   3.538442    35.0512      30233 0.0000e+00
    405.000     6.8343   3.536091    35.0486      30329 0.0000e+00
    406.000     6.8074   3.533471    35.0465      30435 0.0000e+00
    407.000     6.8003   3.532803    35.0459      30484 0.0000e+00
    408.000     6.7866   3.531456    35.0446      30579 0.0000e+00
    409.000     6.7616   3.528983    35.0422      30661 0.0000e+00
    410.000     6.7385   3.526795    35.0409      30731 0.0000e+00
    411.000     6.7324   3.526175    35.0398      30816 0.0000e+00
    412.000     6.7000   3.523159    35.0389      30890 0.0000e+00
    413.000     6.6508   3.518565    35.0377      31005 0.0000e+00
    414.000     6.6405   3.517750    35.0388      31063 0.0000e+00
    415.000     6.6271   3.516726    35.0405      31198 0.0000e+00
    416.000     6.6244   3.516561    35.0410      31265 0.0000e+00
    417.000     6.6281   3.517069    35.0423      31372 0.0000e+00
    418.000     6.6295   3.517263    35.0425      31460 0.0000e+00
    419.000     6.6341   3.517843    35.0438      31571 0.0000e+00
    420.000     6.6358   3.518084    35.0442      31648 0.0000e+00
    421.000     6.6341   3.517924    35.0437      31726 0.0000e+00
    422.000     6.6386   3.518524    35.0452      31820 0.0000e+00
    423.000     6.6416   3.518902    35.0459      31908 0.0000e+00
    424.000     6.6417   3.518970    35.0460      31977 0.0000e+00
    425.000     6.6433   3.519357    35.0481      32075 0.0000e+00
    426.000     6.6378   3.519029    35.0497      32153 0.0000e+00
    427.000     6.6354   3.518857    35.0497      32247 0.0000e+00
    428.000     6.6168   3.517175    35.0495      32328 0.0000e+00
    429.000     6.5764   3.513555    35.0501      32400 0.0000e+00
    430.000     6.5442   3.510720    35.0510      32497 0.0000e+00
    431.000     6.5454   3.510914    35.0514      32576 0.0000e+00
    432.000     6.5314   3.509621    35.0509      32651 0.0000e+00
    433.000     6.5202   3.508559    35.0500      32747 0.0000e+00
    434.000     6.4853   3.505020    35.0459      32811 0.0000e+00
    435.000     6.5080   3.507522    35.0500      32894 0.0000e+00
    436.000     6.5041   3.507238    35.0502      33007 0.0000e+00
    437.000     6.4573   3.502600    35.0460      33051 0.0000e+00
    438.000     6.4200   3.499045    35.0441      33146 0.0000e+00
    439.000     6.4135   3.498442    35.0435      33244 0.0000e+00
    440.000     6.4046   3.497637    35.0432      33302 0.0000e+00
    441.000     6.3976   3.497013    35.0429      33410 0.0000e+00
    442.000     6.3898   3.496304    35.0425      33515 0.0000e+00
    443.000     6.3826   3.495643    35.0420      33544 0.0000e+00
    444.000     6.3766   3.495171    35.0423      33665 0.0000e+00
    445.000     6.3689   3.494487    35.0421      33756 0.0000e+00
    446.000     6.3668   3.494328    35.0419      33803 0.0000e+00
    447.000     6.3658   3.494255    35.0417      33919 0.0000e+00
    448.000     6.3649   3.494199    35.0414      34014 0.0000e+00
    449.000     6.3570   3.493537    35.0417      34066 0.0000e+00
    450.000     6.3524   3.493161    35.0417      34196 0.0000e+00
    451.000     6.3434   3.492457    35.0425      34246 0.0000e+00
    452.000     6.3434   3.492493    35.0425      34351 0.0000e+00
    453.000     6.3411   3.492353    35.0427      34440 0.0000e+00
    454.000     6.3283   3.491368    35.0443      34504 0.0000e+00
    455.000     6.3222   3.490890    35.0448      34611 0.0000e+00
    456.000     6.3121   3.490174    35.0466      34691 0.0000e+00
    457.000     6.2653   3.485653    35.0435      34769 0.0000e+00
    458.000     6.2036   3.479558    35.0381      34862 0.0000e+00
    459.000     6.1851   3.477665    35.0354      34956 0.0000e+00
    460.000     6.1814   3.477278    35.0344      35044 0.0000e+00
    461.000     6.1686   3.476032    35.0330      35110 0.0000e+00
    462.000     6.1526   3.474443    35.0312      35225 0.0000e+00
    463.000     6.1263   3.471933    35.0295      35317 0.0000e+00
    464.000     6.1130   3.470679    35.0286      35361 0.0000e+00
    465.000     6.1009   3.469547    35.0278      35491 0.0000e+00
    466.000     6.0893   3.468462    35.0270      35575 0.0000e+00
    467.000     6.0740   3.467054    35.0265      35641 0.0000e+00
    468.000     6.0653   3.466266    35.0260      35767 0.0000e+00
    469.000     6.0669   3.466454    35.0261      35827 0.0000e+00
    470.000     6.0660   3.466428    35.0261      35948 0.0000e+00
    471.000     6.0632   3.466275    35.0268      36012 0.0000e+00
    472.000     6.0616   3.466245    35.0276      36096 0.0000e+00
    473.000     6.0563   3.465824    35.0278      36199 0.0000e+00
    474.000     6.0537   3.465717    35.0288      36279 0.0000e+00
    475.000     6.0431   3.464787    35.0288      36366 0.0000e+00
    476.000     6.0336   3.463938    35.0284      36447 0.0000e+00
    477.000     6.0322   3.463843    35.0283      36558 0.0000e+00
    478.000     6.0315   3.463816    35.0282      36618 0.0000e+00
    479.000     6.0309   3.463808    35.0282      36722 0.0000e+00
