HB2401/ctd005.cnv
* Sea-Bird SBE 9 Data File:
* FileName = C:\cruise\data\ctd005.hex
* Software Version Seasave V 7.26.7.121
* Temperature SN = 6768
* Conductivity SN = 6166
* Number of Bytes Per Scan = 37
* Number of Voltage Words = 4
* Number of Scans Averaged by the Deck Unit = 1
* NMEA Latitude = 39 50.58 N
* NMEA Longitude = 070 37.03 W
* NMEA UTC (Time) = Feb 21 2024 06:29:19
* NMEA baud rate = 4800
** Ship: Henry Bigelow
** Cruise:  HB2401
** Program:  ECOMON
# nquan = 7
# nvalues = 1003                        
# units = specified
# name 0 = depSM: Depth [salt water, m]
# name 1 = t090C: Temperature [ITS-90, deg C]
# name 2 = c0S/m: Conductivity [S/m]
# name 3 = sal00: Salinity, Practical [PSU]
# name 4 = scan: Scan Count
# name 5 = timeM: Time, Elapsed [minutes]
# name 6 = flag: flag
# span 0 =      1.000,    503.000       
# span 1 =     5.7026,    13.9020       
# span 2 =   3.171459,   4.218574       
# span 3 =    32.2996,    35.5646       
# span 4 =        -43,      33352       
# span 5 =    -0.0306,    23.1606       
# span 6 = 0.0000e+00, 0.0000e+00       
# interval = meters: 1                  
# start_time = Feb 21 2024 06:29:19 [NMEA time, header]
# bad_flag = -9.990e-29
*END*
[from data line 616]
    387.000     8.1295   3.660003    35.0978      19378    13.4563 0.0000e+00
    386.000     8.1263   3.659576    35.0969      19407    13.4764 0.0000e+00
    385.000     8.1199   3.658730    35.0947      19434    13.4950 0.0000e+00
    384.000     8.1162   3.658182    35.0930      19459    13.5126 0.0000e+00
    383.000     8.1092   3.657309    35.0912      19484    13.5295 0.0000e+00
    382.000     8.0947   3.655473    35.0865      19508    13.5469 0.0000e+00
    381.000     8.0852   3.654248    35.0834      19537    13.5669 0.0000e+00
    380.000     8.0871   3.654212    35.0815      19570    13.5893 0.0000e+00
    379.000     8.0776   3.652958    35.0781      19599    13.6095 0.0000e+00
    378.000     8.0765   3.652421    35.0739      19625    13.6277 0.0000e+00
    377.000     8.0843   3.653038    35.0733      19652    13.6463 0.0000e+00
    376.000     8.0898   3.653401    35.0722      19680    13.6657 0.0000e+00
    375.000     8.0930   3.653618    35.0718      19708    13.6857 0.0000e+00
    374.000     8.0828   3.652306    35.0683      19738    13.7064 0.0000e+00
    373.000     8.0832   3.652251    35.0678      19766    13.7259 0.0000e+00
    372.000     8.0771   3.651497    35.0664      19791    13.7428 0.0000e+00
    371.000     8.0689   3.650504    35.0644      19815    13.7596 0.0000e+00
    370.000     8.0598   3.649298    35.0610      19845    13.7804 0.0000e+00
    369.000     8.0434   3.646989    35.0532      19877    13.8031 0.0000e+00
    368.000     8.0385   3.646134    35.0494      19905    13.8223 0.0000e+00
    367.000     8.0368   3.645789    35.0478      19931    13.8404 0.0000e+00
    366.000     8.0355   3.645535    35.0470      19959    13.8597 0.0000e+00
    365.000     8.0315   3.645020    35.0459      19985    13.8781 0.0000e+00
    364.000     8.0321   3.644796    35.0434      20011    13.8957 0.0000e+00
    363.000     8.0402   3.645157    35.0396      20039    13.9149 0.0000e+00
    362.000     8.0440   3.645385    35.0388      20069    13.9365 0.0000e+00
    361.000     8.0478   3.645636    35.0381      20100    13.9579 0.0000e+00
    360.000     8.0601   3.646502    35.0356      20128    13.9770 0.0000e+00
    359.000     8.0866   3.648710    35.0333      20154    13.9954 0.0000e+00
    358.000     8.1070   3.650485    35.0325      20181    14.0136 0.0000e+00
    357.000     8.1703   3.656245    35.0314      20206    14.0315 0.0000e+00
    356.000     8.2310   3.662226    35.0353      20234    14.0506 0.0000e+00
    355.000     8.2861   3.667443    35.0365      20263    14.0706 0.0000e+00
    354.000     8.3253   3.671481    35.0410      20291    14.0903 0.0000e+00
    353.000     8.3494   3.673953    35.0438      20320    14.1105 0.0000e+00
    352.000     8.3659   3.675614    35.0456      20349    14.1305 0.0000e+00
    351.000     8.3788   3.676962    35.0476      20375    14.1488 0.0000e+00
    350.000     8.3896   3.678029    35.0486      20399    14.1656 0.0000e+00
    349.000     8.3955   3.678605    35.0495      20425    14.1835 0.0000e+00
    348.000     8.4018   3.679222    35.0502      20456    14.2051 0.0000e+00
    347.000     8.4059   3.679626    35.0509      20490    14.2287 0.0000e+00
    346.000     8.4106   3.680084    35.0516      20519    14.2485 0.0000e+00
    345.000     8.4153   3.680542    35.0522      20544    14.2662 0.0000e+00
    344.000     8.4234   3.681286    35.0526      20570    14.2838 0.0000e+00
    343.000     8.4346   3.682442    35.0543      20596    14.3021 0.0000e+00
    342.000     8.4516   3.683938    35.0537      20626    14.3230 0.0000e+00
    341.000     8.4683   3.685743    35.0568      20665    14.3499 0.0000e+00
    340.000     8.4871   3.687591    35.0582      20695    14.3709 0.0000e+00
    339.000     8.5225   3.691151    35.0613      20717    14.3865 0.0000e+00
    338.000     8.6023   3.699112    35.0669      20741    14.4031 0.0000e+00
    337.000     8.6753   3.706376    35.0718      20773    14.4249 0.0000e+00
    336.000     8.7144   3.710735    35.0796      20810    14.4506 0.0000e+00
    335.000     8.7508   3.714410    35.0828      20837    14.4692 0.0000e+00
    334.000     8.8170   3.721064    35.0879      20864    14.4880 0.0000e+00
    333.000     8.8677   3.726130    35.0915      20895    14.5100 0.0000e+00
    332.000     8.8885   3.728378    35.0951      20925    14.5306 0.0000e+00
    331.000     8.9003   3.729783    35.0986      20948    14.5468 0.0000e+00
    330.000     8.9114   3.730923    35.1001      20970    14.5621 0.0000e+00
    329.000     8.9299   3.732802    35.1021      20998    14.5810 0.0000e+00
    328.000     8.9521   3.734998    35.1036      21029    14.6031 0.0000e+00
    327.000     8.9638   3.736288    35.1062      21061    14.6252 0.0000e+00
    326.000     8.9703   3.736925    35.1069      21097    14.6498 0.0000e+00
    325.000     8.9762   3.737502    35.1076      21131    14.6735 0.0000e+00
    324.000     8.9850   3.738404    35.1089      21160    14.6939 0.0000e+00
    323.000     8.9911   3.739026    35.1098      21184    14.7107 0.0000e+00
    322.000     9.0024   3.740190    35.1113      21206    14.7255 0.0000e+00
    321.000     9.0193   3.741884    35.1129      21227    14.7400 0.0000e+00
    320.000     9.0610   3.746240    35.1178      21250    14.7561 0.0000e+00
    319.000     9.1097   3.750810    35.1181      21285    14.7805 0.0000e+00
    318.000     9.1690   3.757333    35.1284      21324    14.8079 0.0000e+00
    317.000     9.1904   3.759709    35.1326      21348    14.8246 0.0000e+00
    316.000     9.1996   3.760692    35.1342      21370    14.8395 0.0000e+00
    315.000     9.2386   3.764657    35.1377      21396    14.8578 0.0000e+00
    314.000     9.3393   3.774939    35.1462      21428    14.8799 0.0000e+00
    313.000     9.3726   3.778337    35.1493      21457    14.9000 0.0000e+00
    312.000     9.3943   3.780795    35.1539      21482    14.9176 0.0000e+00
    311.000     9.4654   3.787971    35.1591      21509    14.9361 0.0000e+00
    310.000     9.5330   3.795505    35.1713      21537    14.9558 0.0000e+00
    309.000     9.5848   3.800710    35.1749      21564    14.9742 0.0000e+00
    308.000     9.6139   3.803935    35.1802      21589    14.9915 0.0000e+00
    307.000     9.6393   3.806766    35.1850      21615    15.0098 0.0000e+00
    306.000     9.6531   3.808234    35.1871      21647    15.0316 0.0000e+00
    305.000     9.6640   3.809379    35.1887      21678    15.0537 0.0000e+00
    304.000     9.6827   3.811401    35.1917      21704    15.0718 0.0000e+00
    303.000     9.7044   3.813593    35.1936      21729    15.0890 0.0000e+00
    302.000     9.7384   3.817199    35.1980      21754    15.1066 0.0000e+00
    301.000     9.7597   3.819431    35.2005      21781    15.1251 0.0000e+00
    300.000     9.7812   3.821527    35.2017      21809    15.1445 0.0000e+00
    299.000     9.7940   3.822963    35.2044      21838    15.1644 0.0000e+00
    298.000     9.8003   3.823675    35.2060      21869    15.1858 0.0000e+00
    297.000     9.8096   3.824526    35.2061      21899    15.2068 0.0000e+00
    296.000     9.8364   3.827198    35.2079      21925    15.2252 0.0000e+00
    295.000     9.9669   3.840093    35.2134      21949    15.2417 0.0000e+00
    294.000    10.1136   3.856109    35.2347      21971    15.2571 0.0000e+00
    293.000    10.1970   3.864914    35.2440      21996    15.2741 0.0000e+00
    292.000    10.2658   3.872497    35.2547      22030    15.2979 0.0000e+00
    291.000    10.3234   3.878983    35.2652      22062    15.3204 0.0000e+00
    290.000    10.3834   3.885429    35.2729      22087    15.3378 0.0000e+00
    289.000    10.4040   3.887766    35.2771      22114    15.3559 0.0000e+00
    288.000    10.4153   3.888973    35.2788      22143    15.3762 0.0000e+00
    287.000    10.4186   3.889483    35.2813      22169    15.3942 0.0000e+00
    286.000    10.4253   3.890222    35.2827      22190    15.4092 0.0000e+00
    285.000    10.4332   3.891107    35.2845      22214    15.4257 0.0000e+00
    284.000    10.4486   3.892754    35.2867      22249    15.4497 0.0000e+00
    283.000    10.4965   3.897855    35.2923      22283    15.4738 0.0000e+00
    282.000    10.5481   3.903446    35.2994      22308    15.4912 0.0000e+00
    281.000    10.5770   3.906577    35.3036      22332    15.5076 0.0000e+00
    280.000    10.5919   3.908348    35.3075      22357    15.5250 0.0000e+00
    279.000    10.6057   3.909839    35.3096      22384    15.5438 0.0000e+00
    278.000    10.6218   3.911584    35.3121      22412    15.5635 0.0000e+00
    277.000    10.6324   3.912667    35.3132      22442    15.5838 0.0000e+00
    276.000    10.6446   3.913913    35.3145      22474    15.6060 0.0000e+00
    275.000    10.6577   3.915296    35.3162      22508    15.6300 0.0000e+00
    274.000    10.6716   3.916778    35.3182      22537    15.6500 0.0000e+00
    273.000    10.6838   3.918073    35.3198      22561    15.6668 0.0000e+00
    272.000    10.6964   3.919375    35.3213      22589    15.6862 0.0000e+00
    271.000    10.7025   3.920041    35.3225      22620    15.7077 0.0000e+00
    270.000    10.7047   3.920303    35.3235      22648    15.7273 0.0000e+00
    269.000    10.7093   3.920749    35.3240      22674    15.7450 0.0000e+00
    268.000    10.7242   3.922155    35.3242      22698    15.7618 0.0000e+00
    267.000    10.7863   3.928433    35.3278      22724    15.7797 0.0000e+00
    266.000    10.8621   3.936542    35.3366      22752    15.7990 0.0000e+00
    265.000    10.9046   3.941031    35.3410      22780    15.8188 0.0000e+00
    264.000    10.9410   3.945096    35.3471      22806    15.8368 0.0000e+00
    263.000    11.0424   3.955083    35.3499      22831    15.8544 0.0000e+00
    262.000    11.1193   3.963518    35.3606      22859    15.8737 0.0000e+00
    261.000    11.1912   3.971322    35.3698      22888    15.8935 0.0000e+00
    260.000    11.2453   3.977595    35.3807      22914    15.9115 0.0000e+00
    259.000    11.3025   3.983458    35.3845      22940    15.9298 0.0000e+00
    258.000    11.3310   3.986657    35.3894      22970    15.9504 0.0000e+00
    257.000    11.3501   3.988575    35.3906      22998    15.9701 0.0000e+00
    256.000    11.3908   3.992867    35.3946      23022    15.9865 0.0000e+00
    255.000    11.4072   3.994830    35.3988      23045    16.0024 0.0000e+00
    254.000    11.4256   3.996781    35.4009      23072    16.0212 0.0000e+00
    253.000    11.4363   3.998001    35.4032      23100    16.0411 0.0000e+00
    252.000    11.4486   3.999309    35.4048      23126    16.0587 0.0000e+00
    251.000    11.4556   4.000068    35.4061      23152    16.0770 0.0000e+00
    250.000    11.4682   4.001415    35.4079      23215    16.1206 0.0000e+00
    249.000    11.4969   4.004934    35.4156      23994    16.6618 0.0000e+00
    248.000    11.5882   4.014724    35.4254      24512    17.0218 0.0000e+00
    247.000    11.5872   4.014650    35.4260      24488    17.0051 0.0000e+00
    246.000    11.5987   4.015798    35.4269      24508    17.0188 0.0000e+00
    245.000    11.6119   4.017151    35.4281      24531    17.0349 0.0000e+00
    244.000    11.6253   4.018548    35.4294      24560    17.0551 0.0000e+00
    243.000    11.6536   4.021443    35.4314      24590    17.0758 0.0000e+00
    242.000    11.6845   4.024756    35.4350      24615    17.0928 0.0000e+00
    241.000    11.7114   4.027732    35.4391      24637    17.1083 0.0000e+00
    240.000    11.7274   4.029489    35.4415      24660    17.1240 0.0000e+00
    239.000    11.7442   4.031196    35.4427      24686    17.1421 0.0000e+00
    238.000    11.7614   4.032967    35.4441      24714    17.1621 0.0000e+00
    237.000    11.7836   4.035387    35.4472      24740    17.1802 0.0000e+00
    236.000    11.7976   4.036873    35.4489      24763    17.1957 0.0000e+00
    235.000    11.8214   4.039244    35.4499      24783    17.2100 0.0000e+00
    234.000    11.8203   4.038854    35.4476      24806    17.2259 0.0000e+00
    233.000    11.8138   4.037852    35.4444      24835    17.2458 0.0000e+00
    232.000    11.8204   4.038345    35.4434      24864    17.2660 0.0000e+00
    231.000    11.8384   4.040198    35.4448      24887    17.2818 0.0000e+00
    230.000    11.8505   4.041518    35.4467      24908    17.2966 0.0000e+00
    229.000    11.8723   4.043817    35.4490      24934    17.3144 0.0000e+00
    228.000    11.9006   4.046930    35.4529      24966    17.3370 0.0000e+00
    227.000    11.9088   4.047485    35.4510      24994    17.3563 0.0000e+00
    226.000    11.9092   4.047273    35.4490      25016    17.3713 0.0000e+00
    225.000    11.9136   4.047489    35.4473      25037    17.3860 0.0000e+00
    224.000    11.9187   4.047968    35.4477      25060    17.4018 0.0000e+00
    223.000    11.9408   4.050235    35.4493      25083    17.4181 0.0000e+00
    222.000    12.0096   4.057670    35.4570      25108    17.4353 0.0000e+00
    221.000    12.0741   4.064780    35.4656      25136    17.4551 0.0000e+00
    220.000    12.0998   4.067903    35.4720      25165    17.4752 0.0000e+00
    219.000    12.1098   4.069055    35.4743      25189    17.4917 0.0000e+00
    218.000    12.1129   4.069427    35.4754      25210    17.5062 0.0000e+00
    217.000    12.1345   4.071642    35.4769      25231    17.5211 0.0000e+00
    216.000    12.1926   4.077803    35.4822      25259    17.5402 0.0000e+00
    215.000    12.2381   4.082892    35.4889      25290    17.5619 0.0000e+00
    214.000    12.2760   4.086889    35.4923      25317    17.5803 0.0000e+00
    213.000    12.3323   4.092845    35.4973      25341    17.5972 0.0000e+00
    212.000    12.4130   4.101452    35.5048      25366    17.6144 0.0000e+00
    211.000    12.4557   4.106201    35.5108      25389    17.6308 0.0000e+00
    210.000    12.5116   4.112307    35.5174      25411    17.6455 0.0000e+00
    209.000    12.5661   4.117915    35.5206      25434    17.6619 0.0000e+00
    208.000    12.5886   4.120549    35.5251      25463    17.6818 0.0000e+00
    207.000    12.5993   4.121722    35.5268      25489    17.7002 0.0000e+00
    206.000    12.6131   4.123253    35.5290      25511    17.7151 0.0000e+00
    205.000    12.6620   4.128657    35.5353      25535    17.7317 0.0000e+00
    204.000    12.7460   4.137815    35.5447      25570    17.7561 0.0000e+00
    203.000    12.7670   4.140333    35.5496      25606    17.7812 0.0000e+00
    202.000    12.7551   4.138879    35.5473      25634    17.8006 0.0000e+00
    201.000    12.7034   4.132002    35.5302      25662    17.8199 0.0000e+00
    200.000    12.6704   4.126815    35.5119      25690    17.8394 0.0000e+00
    199.000    12.6982   4.129765    35.5145      25714    17.8563 0.0000e+00
    198.000    12.7345   4.133853    35.5200      25735    17.8708 0.0000e+00
    197.000    12.7828   4.139353    35.5279      25759    17.8873 0.0000e+00
    196.000    12.8381   4.145580    35.5361      25790    17.9088 0.0000e+00
    195.000    12.8533   4.146992    35.5357      25821    17.9307 0.0000e+00
    194.000    12.8725   4.149102    35.5384      25844    17.9467 0.0000e+00
    193.000    12.9003   4.152114    35.5414      25865    17.9611 0.0000e+00
    192.000    12.9298   4.155063    35.5424      25889    17.9777 0.0000e+00
    191.000    12.9698   4.159114    35.5440      25920    17.9991 0.0000e+00
    190.000    12.9962   4.162023    35.5475      25953    18.0222 0.0000e+00
    189.000    13.0202   4.164468    35.5487      25979    18.0403 0.0000e+00
    188.000    13.0304   4.165533    35.5498      26001    18.0554 0.0000e+00
    187.000    13.0676   4.169268    35.5510      26020    18.0690 0.0000e+00
    186.000    13.1069   4.173173    35.5518      26040    18.0827 0.0000e+00
    185.000    13.1399   4.176311    35.5512      26063    18.0986 0.0000e+00
    184.000    13.1614   4.178308    35.5506      26092    18.1184 0.0000e+00
