HB2401/ctd002.cnv
* Sea-Bird SBE 9 Data File:
* FileName = C:\cruise\data\ctd002.hex
* Software Version Seasave V 7.26.7.121
* Temperature SN = 6664
* Conductivity SN = 6035
* Number of Bytes Per Scan = 37
* Number of Voltage Words = 4
* Number of Scans Averaged by the Deck Unit = 1
* NMEA Latitude = 39 50.09 N
* NMEA Longitude = 070 37.20 W
* NMEA UTC (Time) = Oct 28 2023 13:58:09
* NMEA baud rate = 4800
** Ship: Pisces PC2305
** Program:  Fall ECOMON
** Chief Scientist: Harvey Walsh
# nquan = 6
# nvalues = 991                         
# units = specified
# name 0 = depSM: Depth [salt water, m]
# name 1 = t090C: Temperature [ITS-90, deg C]
# name 2 = c0S/m: Conductivity [S/m]
# name 3 = sal00: Salinity, Practical [PSU]
# name 4 = scan: Scan Count
# name 5 = flag: flag
# span 0 =      3.000,    498.000       
# span 1 =     5.7794,    15.6345       
# span 2 =   3.436715,   4.223570       
# span 3 =    32.0345,    35.5704       
# span 4 =       -101,      48505       
# span 5 = 0.0000e+00, 0.0000e+00       
# interval = meters: 1                  
# start_time = Oct 28 2023 13:58:09 [NMEA time, header]
# bad_flag = -9.990e-29
*END*
[from data line 956]
     37.000    14.8550   4.087229    33.2504      38315 0.0000e+00
     36.000    15.1707   4.115366    33.2367      38362 0.0000e+00
     35.000    15.4356   4.138856    33.2239      38461 0.0000e+00
     34.000    15.6212   4.153324    33.1972      38516 0.0000e+00
     33.000    15.6345   4.148269    33.1412      38573 0.0000e+00
     32.000    15.3769   4.101949    32.9435      38653 0.0000e+00
     31.000    15.0857   4.037460    32.6078      38735 0.0000e+00
     30.000    15.0423   4.011965    32.4148      38814 0.0000e+00
     29.000    15.0328   4.007009    32.3784      38895 0.0000e+00
     28.000    15.0199   4.005126    32.3725      38953 0.0000e+00
     27.000    15.0154   4.004065    32.3670      39038 0.0000e+00
     26.000    15.0235   4.004540    32.3649      39126 0.0000e+00
     25.000    15.0341   4.005694    32.3669      39183 0.0000e+00
     24.000    15.0403   4.005813    32.3633      39272 0.0000e+00
     23.000    15.0476   4.006424    32.3632      39378 0.0000e+00
     22.000    15.0616   4.007806    32.3643      39469 0.0000e+00
     21.000    15.0778   4.009064    32.3627      39583 0.0000e+00
     20.000    15.0824   4.007990    32.3496      39640 0.0000e+00
     19.000    15.0196   3.996054    32.2944      39796 0.0000e+00
     18.000    14.9590   3.988375    32.2757      39843 0.0000e+00
     17.000    14.9113   3.979365    32.2341      41469 0.0000e+00
     16.000    14.9294   3.981196    32.2361      42129 0.0000e+00
     15.000    14.9619   3.984237    32.2371      42218 0.0000e+00
     14.000    14.9547   3.982182    32.2249      42313 0.0000e+00
     13.000    14.9008   3.972675    32.1839      42387 0.0000e+00
     12.000    14.9040   3.973193    32.1863      42447 0.0000e+00
     11.000    14.8995   3.964456    32.1115      42540 0.0000e+00
     10.000    14.9267   3.961290    32.0610      42618 0.0000e+00
      9.000    14.9551   3.961796    32.0426      42699 0.0000e+00
      8.000    14.9972   3.964918    32.0366      42776 0.0000e+00
      7.000    15.0058   3.965644    32.0365      42832 0.0000e+00
      6.000    14.9934   3.964607    32.0377      42945 0.0000e+00
      5.000    15.0087   3.965831    32.0365      43032 0.0000e+00
      4.000    15.0037   3.965446    32.0375      45250 0.0000e+00
      3.000    15.0070   3.965743    32.0379      48505 0.0000e+00
