HB2401/ctd008.cnv
* Sea-Bird SBE 9 Data File:
* FileName = C:\cruise\data\ctd008.hex
* Software Version Seasave V 7.26.7.121
* Temperature SN = 6768
* Conductivity SN = 6166
* Number of Bytes Per Scan = 37
* Number of Voltage Words = 4
* Number of Scans Averaged by the Deck Unit = 1
* NMEA Latitude = 41 06.96 N
* NMEA Longitude = 070 36.69 W
* NMEA UTC (Time) = Feb 22 2024 02:27:20
* NMEA baud rate = 4800
** Ship: Henry Bigelow
** Cruise:  HB2401
** Program:  ECOMON
# nquan = 7
# nvalues = 74                          
# units = specified
# name 0 = depSM: Depth [salt water, m]
# name 1 = t090C: Temperature [ITS-90, deg C]
# name 2 = c0S/m: Conductivity [S/m]
# name 3 = sal00: Salinity, Practical [PSU]
# name 4 = scan: Scan Count
# name 5 = timeM: Time, Elapsed [minutes]
# name 6 = flag: flag
# span 0 =      3.000,     40.000       
# span 1 =     3.4361,     3.5588       
# span 2 =   2.919285,   2.933229       
# span 3 =    31.5643,    31.5928       
# span 4 =        201,       7214       
# span 5 =     0.1386,     5.0087       
# span 6 = 0.0000e+00, 0.0000e+00       
# interval = meters: 1                  
# start_time = Feb 22 2024 02:27:20 [NMEA time, header]
# bad_flag = -9.990e-29
*END*
      4.000     3.4801   2.923466    31.5717        201     0.1386 0.0000e+00
      5.000     3.4783   2.923354    31.5715        326     0.2259 0.0000e+00
      6.000     3.4771   2.923279    31.5713        343     0.2372 0.0000e+00
      7.000     3.4850   2.924007    31.5718        366     0.2538 0.0000e+00
      8.000     3.4891   2.924454    31.5726        405     0.2804 0.0000e+00
      9.000     3.4889   2.924485    31.5726        444     0.3077 0.0000e+00
     10.000     3.4886   2.924522    31.5729        466     0.3232 0.0000e+00
     11.000     3.4890   2.924606    31.5730        485     0.3360 0.0000e+00
     12.000     3.4870   2.924510    31.5732        504     0.3493 0.0000e+00
     13.000     3.4916   2.924982    31.5739        528     0.3659 0.0000e+00
     14.000     3.4959   2.925445    31.5747        562     0.3892 0.0000e+00
     15.000     3.4949   2.925379    31.5744        595     0.4126 0.0000e+00
     16.000     3.4978   2.925732    31.5753        620     0.4300 0.0000e+00
     17.000     3.5036   2.926381    31.5768        643     0.4460 0.0000e+00
     18.000     3.4992   2.925986    31.5758        669     0.4636 0.0000e+00
     19.000     3.4945   2.925540    31.5746        697     0.4834 0.0000e+00
     20.000     3.4997   2.926096    31.5757        726     0.5036 0.0000e+00
     21.000     3.5046   2.926644    31.5769        755     0.5236 0.0000e+00
     22.000     3.5076   2.927017    31.5779        782     0.5424 0.0000e+00
     23.000     3.5138   2.927673    31.5792        805     0.5587 0.0000e+00
     24.000     3.5182   2.928155    31.5801        830     0.5755 0.0000e+00
     25.000     3.5219   2.928580    31.5811        859     0.5959 0.0000e+00
     26.000     3.5260   2.929066    31.5824        889     0.6164 0.0000e+00
     27.000     3.5270   2.929225    31.5828        915     0.6348 0.0000e+00
     28.000     3.5274   2.929339    31.5833        943     0.6540 0.0000e+00
     29.000     3.5275   2.929398    31.5834        972     0.6746 0.0000e+00
     30.000     3.5280   2.929513    31.5837       1000     0.6940 0.0000e+00
     31.000     3.5286   2.929635    31.5841       1024     0.7107 0.0000e+00
     32.000     3.5282   2.929641    31.5840       1047     0.7262 0.0000e+00
     33.000     3.5322   2.930089    31.5849       1071     0.7428 0.0000e+00
     34.000     3.5334   2.930223    31.5849       1101     0.7641 0.0000e+00
     35.000     3.5482   2.931774    31.5883       1138     0.7898 0.0000e+00
     36.000     3.5478   2.931794    31.5884       1167     0.8100 0.0000e+00
     37.000     3.5496   2.932003    31.5886       1188     0.8243 0.0000e+00
     38.000     3.5560   2.932754    31.5909       1207     0.8374 0.0000e+00
     39.000     3.5578   2.933034    31.5920       1229     0.8527 0.0000e+00
     40.000     3.5588   2.933229    31.5928       1562     1.0844 0.0000e+00
     39.000     3.5302   2.930053    31.5833       3004     2.0852 0.0000e+00
     38.000     3.5357   2.930615    31.5851       3183     2.2099 0.0000e+00
     37.000     3.5355   2.930540    31.5850       3211     2.2292 0.0000e+00
     36.000     3.5328   2.930245    31.5846       3231     2.2430 0.0000e+00
     35.000     3.5312   2.930034    31.5842       3250     2.2564 0.0000e+00
     34.000     3.5314   2.929997    31.5841       3273     2.2726 0.0000e+00
     33.000     3.5306   2.929881    31.5840       3307     2.2959 0.0000e+00
     32.000     3.5273   2.929500    31.5832       3341     2.3197 0.0000e+00
     31.000     3.5242   2.929135    31.5824       3366     2.3367 0.0000e+00
     30.000     3.5218   2.928877    31.5821       3386     2.3509 0.0000e+00
     29.000     3.5194   2.928591    31.5816       3407     2.3656 0.0000e+00
     28.000     3.5156   2.928168    31.5807       3433     2.3830 0.0000e+00
     27.000     3.5119   2.927729    31.5797       3462     2.4035 0.0000e+00
     26.000     3.5122   2.927724    31.5798       3490     2.4231 0.0000e+00
     25.000     3.5064   2.927102    31.5785       3515     2.4404 0.0000e+00
     24.000     3.4986   2.926242    31.5764       3538     2.4566 0.0000e+00
     23.000     3.4972   2.926042    31.5759       3565     2.4752 0.0000e+00
     22.000     3.4975   2.926019    31.5758       4845     3.3636 0.0000e+00
     21.000     3.4804   2.924239    31.5718       5779     4.0128 0.0000e+00
     20.000     3.4838   2.924520    31.5723       5831     4.0485 0.0000e+00
     19.000     3.4897   2.925063    31.5736       5853     4.0637 0.0000e+00
     18.000     3.4871   2.924780    31.5733       5872     4.0774 0.0000e+00
     17.000     3.4862   2.924640    31.5730       5893     4.0913 0.0000e+00
     16.000     3.4867   2.924657    31.5733       5917     4.1085 0.0000e+00
     15.000     3.4795   2.923918    31.5719       5951     4.1320 0.0000e+00
     14.000     3.4787   2.923783    31.5716       5982     4.1533 0.0000e+00
     13.000     3.4775   2.923650    31.5717       6003     4.1681 0.0000e+00
     12.000     3.4659   2.922471    31.5695       6022     4.1815 0.0000e+00
     11.000     3.4551   2.921376    31.5674       6049     4.1997 0.0000e+00
     10.000     3.4523   2.921018    31.5664       6085     4.2251 0.0000e+00
      9.000     3.4532   2.921063    31.5666       6110     4.2427 0.0000e+00
      8.000     3.4514   2.920837    31.5662       6130     4.2563 0.0000e+00
      7.000     3.4493   2.920606    31.5659       6150     4.2699 0.0000e+00
      6.000     3.4460   2.920253    31.5654       6173     4.2863 0.0000e+00
      5.000     3.4383   2.919509    31.5646       6202     4.3062 0.0000e+00
      4.000     3.4361   2.919285    31.5646       6232     4.3268 0.0000e+00
      3.000     3.4392   2.919475    31.5643       7214     5.0087 0.0000e+00
