HB2401/sbe002.cnv
* Sea-Bird SBE 19plus V2 Data File:
* FileName = C:\cruise\data\sbe002.hex
* Software Version Seasave V 7.26.7.121
* Temperature SN = 7142
* Conductivity SN = 7142
* System UpLoad Time = Feb 17 2024 06:42:02
* NMEA Latitude = 42 24.86 N
* NMEA Longitude = 070 36.84 W
* NMEA UTC (Time) = Feb 17 2024  06:42:17
** Cruise: HB2401
** Program: ECOMON
# nquan = 8
# nvalues = 2057                                  
# units = specified
# name 0 = depSM: Depth [salt water, m]
# name 1 = tv290C: Temperature [ITS-90, deg C]
# name 2 = c0S/m: Conductivity [S/m]
# name 3 = sal00: Salinity, Practical [PSU]
# name 4 = scan: Scan Count
# name 5 = timeM: Time, Elapsed [minutes]
# name 6 = sbeox0V: Oxygen raw, SBE 43 [V]
# name 7 = flag:  0.000e+00
# span 0 =     -0.123,     80.778                 
# span 1 =     0.1790,     5.5587                 
# span 2 =  -0.000019,   3.102165                 
# span 3 =    -0.0018,    31.6191                 
# span 4 =         11,       2067                 
# span 5 =     0.0417,     8.6083                 
# span 6 =     2.4463,     4.0866                 
# span 7 = 0.0000e+00, 0.0000e+00                 
# interval = seconds: 0.25
# start_time = Feb 17 2024 06:42:17 [NMEA time, header]
# bad_flag = -9.990e-29
*END*
[from data line 1439]
     33.679     4.4363   2.955191    31.0152       1450     6.0375     2.8014  0.000e+00
     33.618     4.4348   2.955128    31.0159       1451     6.0417     2.7997  0.000e+00
     33.555     4.4335   2.955134    31.0172       1452     6.0458     2.8001  0.000e+00
     33.496     4.4330   2.955072    31.0170       1453     6.0500     2.7996  0.000e+00
     33.435     4.4325   2.954845    31.0149       1454     6.0542     2.7998  0.000e+00
     33.377     4.4314   2.954766    31.0150       1455     6.0583     2.7994  0.000e+00
     33.322     4.4303   2.954732    31.0157       1456     6.0625     2.7992  0.000e+00
     33.266     4.4295   2.954693    31.0160       1457     6.0667     2.7998  0.000e+00
     33.216     4.4289   2.955128    31.0217       1458     6.0708     2.7979  0.000e+00
     33.162     4.4301   2.955473    31.0245       1459     6.0750     2.7975  0.000e+00
     33.106     4.4327   2.955388    31.0212       1460     6.0792     2.7991  0.000e+00
     33.050     4.4342   2.955247    31.0182       1461     6.0833     2.7999  0.000e+00
     32.991     4.4343   2.955287    31.0185       1462     6.0875     2.8009  0.000e+00
     32.921     4.4344   2.955207    31.0175       1463     6.0917     2.8001  0.000e+00
     32.849     4.4341   2.955128    31.0169       1464     6.0958     2.7998  0.000e+00
     32.768     4.4335   2.954670    31.0122       1465     6.1000     2.8015  0.000e+00
     32.680     4.4317   2.954444    31.0114       1466     6.1042     2.8001  0.000e+00
     32.596     4.4291   2.954336    31.0126       1467     6.1083     2.8009  0.000e+00
     32.500     4.4272   2.954212    31.0130       1468     6.1125     2.8009  0.000e+00
     32.418     4.4257   2.954229    31.0146       1469     6.1167     2.8004  0.000e+00
     32.330     4.4248   2.954115    31.0142       1470     6.1208     2.8004  0.000e+00
     32.254     4.4240   2.954149    31.0154       1471     6.1250     2.8001  0.000e+00
     32.184     4.4237   2.954534    31.0201       1472     6.1292     2.8004  0.000e+00
     32.120     4.4249   2.954443    31.0180       1473     6.1333     2.8007  0.000e+00
     32.062     4.4258   2.954370    31.0164       1474     6.1375     2.8012  0.000e+00
     32.010     4.4258   2.954228    31.0147       1475     6.1417     2.8006  0.000e+00
     31.954     4.4253   2.954076    31.0135       1476     6.1458     2.8010  0.000e+00
     31.906     4.4242   2.953980    31.0134       1477     6.1500     2.8012  0.000e+00
     31.861     4.4232   2.954008    31.0147       1478     6.1542     2.8026  0.000e+00
     31.818     4.4227   2.954019    31.0153       1479     6.1583     2.8017  0.000e+00
     31.765     4.4225   2.953827    31.0133       1480     6.1625     2.8032  0.000e+00
     31.720     4.4220   2.953866    31.0142       1481     6.1667     2.8012  0.000e+00
     31.672     4.4215   2.953861    31.0147       1482     6.1708     2.8010  0.000e+00
     31.618     4.4211   2.953827    31.0147       1483     6.1750     2.8017  0.000e+00
     31.557     4.4209   2.953906    31.0158       1484     6.1792     2.8028  0.000e+00
     31.498     4.4210   2.953895    31.0157       1485     6.1833     2.8021  0.000e+00
     31.431     4.4212   2.953849    31.0150       1486     6.1875     2.8014  0.000e+00
     31.370     4.4210   2.953714    31.0136       1487     6.1917     2.8010  0.000e+00
     31.302     4.4206   2.953691    31.0137       1488     6.1958     2.8022  0.000e+00
     31.237     4.4200   2.953640    31.0137       1489     6.2000     2.8006  0.000e+00
     31.172     4.4196   2.953634    31.0141       1490     6.2042     2.8006  0.000e+00
     31.111     4.4194   2.953657    31.0146       1491     6.2083     2.8004  0.000e+00
     31.047     4.4192   2.953657    31.0148       1492     6.2125     2.7984  0.000e+00
     30.989     4.4193   2.953606    31.0142       1493     6.2167     2.7998  0.000e+00
     30.923     4.4192   2.953521    31.0133       1494     6.2208     2.7999  0.000e+00
     30.860     4.4186   2.953538    31.0141       1495     6.2250     2.7998  0.000e+00
     30.792     4.4183   2.953549    31.0145       1496     6.2292     2.8001  0.000e+00
     30.716     4.4183   2.953465    31.0136       1497     6.2333     2.8007  0.000e+00
     30.641     4.4180   2.953272    31.0116       1498     6.2375     2.8016  0.000e+00
     30.561     4.4173   2.953289    31.0125       1499     6.2417     2.8012  0.000e+00
     30.482     4.4166   2.953261    31.0129       1500     6.2458     2.8017  0.000e+00
     30.405     4.4162   2.953159    31.0121       1501     6.2500     2.8025  0.000e+00
     30.330     4.4156   2.953023    31.0112       1502     6.2542     2.8019  0.000e+00
     30.263     4.4148   2.953023    31.0119       1503     6.2583     2.8023  0.000e+00
     30.193     4.4143   2.952984    31.0120       1504     6.2625     2.8019  0.000e+00
     30.135     4.4138   2.952927    31.0118       1505     6.2667     2.8023  0.000e+00
     30.082     4.4134   2.952774    31.0105       1506     6.2708     2.8030  0.000e+00
     30.042     4.4127   2.952848    31.0120       1507     6.2750     2.8030  0.000e+00
     29.990     4.4122   2.952825    31.0123       1508     6.2792     2.8033  0.000e+00
     29.952     4.4121   2.952814    31.0122       1509     6.2833     2.8030  0.000e+00
     29.909     4.4120   2.952735    31.0114       1510     6.2875     2.8029  0.000e+00
     29.873     4.4118   2.952605    31.0101       1511     6.2917     2.8048  0.000e+00
     29.834     4.4111   2.952446    31.0090       1512     6.2958     2.8032  0.000e+00
     29.792     4.4101   2.952525    31.0109       1513     6.3000     2.8037  0.000e+00
     29.740     4.4094   2.952525    31.0115       1514     6.3042     2.8041  0.000e+00
     29.681     4.4094   2.952548    31.0118       1515     6.3083     2.8040  0.000e+00
     29.618     4.4094   2.952695    31.0135       1516     6.3125     2.8040  0.000e+00
     29.546     4.4101   2.952446    31.0101       1517     6.3167     2.8039  0.000e+00
     29.464     4.4098   2.952220    31.0078       1518     6.3208     2.8037  0.000e+00
     29.384     4.4085   2.952186    31.0086       1519     6.3250     2.8051  0.000e+00
     29.305     4.4073   2.952316    31.0112       1520     6.3292     2.8051  0.000e+00
     29.223     4.4073   2.952390    31.0121       1521     6.3333     2.8039  0.000e+00
     29.140     4.4077   2.952316    31.0110       1522     6.3375     2.8046  0.000e+00
     29.057     4.4077   2.952203    31.0097       1523     6.3417     2.8044  0.000e+00
     28.987     4.4073   2.952124    31.0092       1524     6.3458     2.8048  0.000e+00
     28.919     4.4068   2.952028    31.0086       1525     6.3500     2.8054  0.000e+00
     28.854     4.4060   2.952005    31.0091       1526     6.3542     2.8032  0.000e+00
     28.788     4.4056   2.952045    31.0100       1527     6.3583     2.8032  0.000e+00
     28.734     4.4053   2.952045    31.0103       1528     6.3625     2.8024  0.000e+00
     28.673     4.4054   2.952028    31.0101       1529     6.3667     2.8033  0.000e+00
     28.619     4.4052   2.952056    31.0106       1530     6.3708     2.8026  0.000e+00
     28.576     4.4052   2.952067    31.0107       1531     6.3750     2.8021  0.000e+00
     28.525     4.4055   2.952163    31.0116       1532     6.3792     2.8022  0.000e+00
     28.479     4.4059   2.952124    31.0108       1533     6.3833     2.8007  0.000e+00
     28.432     4.4061   2.952152    31.0109       1534     6.3875     2.8004  0.000e+00
     28.382     4.4063   2.952084    31.0100       1535     6.3917     2.7997  0.000e+00
     28.331     4.4061   2.952101    31.0104       1536     6.3958     2.7985  0.000e+00
     28.279     4.4061   2.952044    31.0097       1537     6.4000     2.8005  0.000e+00
     28.223     4.4059   2.952039    31.0100       1538     6.4042     2.8006  0.000e+00
     28.164     4.4058   2.952010    31.0097       1539     6.4083     2.8023  0.000e+00
     28.103     4.4056   2.952389    31.0143       1540     6.4125     2.8027  0.000e+00
     28.040     4.4067   2.952621    31.0160       1541     6.4167     2.8033  0.000e+00
     27.965     4.4087   2.952429    31.0120       1542     6.4208     2.8030  0.000e+00
     27.889     4.4093   2.952101    31.0076       1543     6.4250     2.8052  0.000e+00
     27.815     4.4083   2.951875    31.0059       1544     6.4292     2.8048  0.000e+00
     27.745     4.4065   2.951767    31.0065       1545     6.4333     2.8051  0.000e+00
     27.670     4.4050   2.951818    31.0085       1546     6.4375     2.8045  0.000e+00
     27.595     4.4042   2.951818    31.0092       1547     6.4417     2.8040  0.000e+00
     27.524     4.4039   2.951875    31.0103       1548     6.4458     2.8043  0.000e+00
     27.460     4.4039   2.951801    31.0094       1549     6.4500     2.8032  0.000e+00
     27.393     4.4040   2.952429    31.0167       1550     6.4542     2.8055  0.000e+00
     27.341     4.4056   2.952678    31.0181       1551     6.4583     2.8055  0.000e+00
     27.285     4.4084   2.952389    31.0121       1552     6.4625     2.8052  0.000e+00
     27.235     4.4092   2.951988    31.0067       1553     6.4667     2.8052  0.000e+00
     27.190     4.4077   2.952084    31.0092       1554     6.4708     2.8053  0.000e+00
     27.144     4.4068   2.952027    31.0095       1555     6.4750     2.8045  0.000e+00
     27.100     4.4066   2.952242    31.0122       1556     6.4792     2.8050  0.000e+00
     27.054     4.4070   2.952180    31.0111       1557     6.4833     2.8042  0.000e+00
     27.002     4.4071   2.951586    31.0042       1558     6.4875     2.8045  0.000e+00
     26.958     4.4052   2.951626    31.0064       1559     6.4917     2.8045  0.000e+00
     26.908     4.4034   2.951422    31.0058       1560     6.4958     2.8043  0.000e+00
     26.852     4.4032   2.951682    31.0090       1561     6.5000     2.8041  0.000e+00
     26.795     4.4032   2.951546    31.0075       1562     6.5042     2.8022  0.000e+00
     26.739     4.4024   2.951569    31.0085       1563     6.5083     2.8023  0.000e+00
     26.684     4.4019   2.951603    31.0094       1564     6.5125     2.8022  0.000e+00
     26.613     4.4018   2.951569    31.0091       1565     6.5167     2.8020  0.000e+00
     26.543     4.4019   2.951569    31.0091       1566     6.5208     2.8027  0.000e+00
     26.471     4.4016   2.951507    31.0086       1567     6.5250     2.8035  0.000e+00
     26.394     4.4013   2.951382    31.0076       1568     6.5292     2.8036  0.000e+00
     26.319     4.4009   2.951297    31.0070       1569     6.5333     2.8039  0.000e+00
     26.234     4.4001   2.951258    31.0073       1570     6.5375     2.8030  0.000e+00
     26.160     4.3995   2.951354    31.0090       1571     6.5417     2.8036  0.000e+00
     26.085     4.3995   2.951348    31.0090       1572     6.5458     2.8042  0.000e+00
     26.013     4.3995   2.951337    31.0089       1573     6.5500     2.8044  0.000e+00
     25.941     4.3996   2.951167    31.0068       1574     6.5542     2.8029  0.000e+00
     25.877     4.3992   2.951077    31.0063       1575     6.5583     2.8040  0.000e+00
     25.815     4.3984   2.951049    31.0067       1576     6.5625     2.8041  0.000e+00
     25.767     4.3977   2.951049    31.0074       1577     6.5667     2.8044  0.000e+00
     25.715     4.3973   2.951049    31.0077       1578     6.5708     2.8042  0.000e+00
     25.657     4.3972   2.951037    31.0077       1579     6.5750     2.8041  0.000e+00
     25.610     4.3972   2.951048    31.0080       1580     6.5792     2.8048  0.000e+00
     25.555     4.3973   2.951032    31.0077       1581     6.5833     2.8042  0.000e+00
     25.499     4.3972   2.950952    31.0068       1582     6.5875     2.8046  0.000e+00
     25.449     4.3969   2.951003    31.0078       1583     6.5917     2.8045  0.000e+00
     25.388     4.3967   2.950935    31.0072       1584     6.5958     2.8039  0.000e+00
     25.328     4.3965   2.950896    31.0069       1585     6.6000     2.8049  0.000e+00
     25.264     4.3962   2.950856    31.0068       1586     6.6042     2.8041  0.000e+00
     25.201     4.3960   2.950839    31.0068       1587     6.6083     2.8038  0.000e+00
     25.136     4.3957   2.950856    31.0074       1588     6.6125     2.8046  0.000e+00
     25.070     4.3955   2.950822    31.0072       1589     6.6167     2.8039  0.000e+00
     25.007     4.3954   2.950743    31.0064       1590     6.6208     2.8039  0.000e+00
     24.949     4.3950   2.950732    31.0066       1591     6.6250     2.8055  0.000e+00
     24.894     4.3947   2.950647    31.0059       1592     6.6292     2.8059  0.000e+00
     24.829     4.3941   2.950669    31.0068       1593     6.6333     2.8048  0.000e+00
     24.764     4.3939   2.950732    31.0077       1594     6.6375     2.8054  0.000e+00
     24.700     4.3941   2.950766    31.0080       1595     6.6417     2.8050  0.000e+00
     24.637     4.3943   2.950573    31.0056       1596     6.6458     2.8046  0.000e+00
     24.574     4.3940   2.950398    31.0039       1597     6.6500     2.8046  0.000e+00
     24.518     4.3930   2.950347    31.0043       1598     6.6542     2.8064  0.000e+00
     24.459     4.3920   2.950398    31.0059       1599     6.6583     2.8059  0.000e+00
     24.396     4.3916   2.950206    31.0040       1600     6.6625     2.8056  0.000e+00
     24.336     4.3907   2.950110    31.0037       1601     6.6667     2.8068  0.000e+00
     24.275     4.3899   2.950183    31.0054       1602     6.6708     2.8065  0.000e+00
     24.216     4.3895   2.950149    31.0054       1603     6.6750     2.8065  0.000e+00
     24.159     4.3893   2.950228    31.0065       1604     6.6792     2.8075  0.000e+00
     24.103     4.3894   2.950189    31.0060       1605     6.6833     2.8073  0.000e+00
     24.045     4.3895   2.950206    31.0061       1606     6.6875     2.8085  0.000e+00
     23.988     4.3895   2.950132    31.0053       1607     6.6917     2.8069  0.000e+00
     23.943     4.3894   2.949979    31.0037       1608     6.6958     2.8071  0.000e+00
     23.889     4.3886   2.949900    31.0035       1609     6.7000     2.8075  0.000e+00
     23.841     4.3877   2.949838    31.0036       1610     6.7042     2.8084  0.000e+00
     23.785     4.3870   2.949731    31.0031       1611     6.7083     2.8071  0.000e+00
     23.733     4.3860   2.949883    31.0058       1612     6.7125     2.8072  0.000e+00
     23.672     4.3861   2.950076    31.0080       1613     6.7167     2.8063  0.000e+00
     23.618     4.3870   2.949878    31.0049       1614     6.7208     2.8069  0.000e+00
     23.553     4.3870   2.949883    31.0050       1615     6.7250     2.8071  0.000e+00
     23.485     4.3868   2.950019    31.0068       1616     6.7292     2.8064  0.000e+00
     23.411     4.3872   2.949985    31.0061       1617     6.7333     2.8056  0.000e+00
     23.343     4.3876   2.949804    31.0036       1618     6.7375     2.8055  0.000e+00
     23.275     4.3871   2.949674    31.0026       1619     6.7417     2.8049  0.000e+00
     23.201     4.3860   2.949459    31.0012       1620     6.7458     2.8055  0.000e+00
     23.131     4.3846   2.949420    31.0020       1621     6.7500     2.8051  0.000e+00
     23.061     4.3835   2.949538    31.0045       1622     6.7542     2.8033  0.000e+00
     22.998     4.3832   2.949425    31.0036       1623     6.7583     2.8041  0.000e+00
     22.930     4.3826   2.949176    31.0012       1624     6.7625     2.8051  0.000e+00
     22.872     4.3815   2.948911    30.9992       1625     6.7667     2.8046  0.000e+00
     22.811     4.3796   2.948102    30.9917       1626     6.7708     2.8050  0.000e+00
     22.753     4.3755   2.947989    30.9942       1627     6.7750     2.8051  0.000e+00
