HB2401/sbe023.cnv
* Sea-Bird SBE 19plus V2 Data File:
* FileName = C:\cruise\data\sbe023.hex
* Software Version Seasave V 7.26.7.121
* Temperature SN = 7142
* Conductivity SN = 7142
* System UpLoad Time = Feb 20 2024 06:10:19
* NMEA Latitude = 40 01.22 N
* NMEA Longitude = 073 26.77 W
* NMEA UTC (Time) = Feb 20 2024  06:10:36
** Cruise: HB2401
** Program: ECOMON
# nquan = 8
# nvalues = 1601                                  
# units = specified
# name 0 = depSM: Depth [salt water, m]
# name 1 = tv290C: Temperature [ITS-90, deg C]
# name 2 = c0S/m: Conductivity [S/m]
# name 3 = sal00: Salinity, Practical [PSU]
# name 4 = scan: Scan Count
# name 5 = timeM: Time, Elapsed [minutes]
# name 6 = sbeox0V: Oxygen raw, SBE 43 [V]
# name 7 = flag:  0.000e+00
# span 0 =      0.050,     49.021                 
# span 1 =     2.7230,     7.0711                 
# span 2 =   0.000031,   3.284539                 
# span 3 =     0.0004,    32.4943                 
# span 4 =         11,       1611                 
# span 5 =     0.0417,     6.7083                 
# span 6 =     2.3328,     3.0437                 
# span 7 = 0.0000e+00, 0.0000e+00                 
# interval = seconds: 0.25
# start_time = Feb 20 2024 06:10:36 [NMEA time, header]
# bad_flag = -9.990e-29
*END*
[from data line 180]
      4.419     6.7926   3.210861    31.7107        191     0.7917     2.5319  0.000e+00
      4.539     6.7983   3.210978    31.7066        192     0.7958     2.5279  0.000e+00
      4.665     6.8033   3.210977    31.7020        193     0.8000     2.5276  0.000e+00
      4.793     6.8058   3.210259    31.6917        194     0.8042     2.5303  0.000e+00
      4.897     6.8077   3.209500    31.6817        195     0.8083     2.5329  0.000e+00
      5.015     6.8091   3.209541    31.6807        196     0.8125     2.5331  0.000e+00
      5.134     6.8105   3.210621    31.6912        197     0.8167     2.5358  0.000e+00
      5.260     6.8124   3.212940    31.7147        198     0.8208     2.5369  0.000e+00
      5.398     6.8144   3.216049    31.7468        199     0.8250     2.5382  0.000e+00
      5.551     6.8166   3.218978    31.7767        200     0.8292     2.5373  0.000e+00
      5.704     6.8178   3.221510    31.8032        201     0.8333     2.5379  0.000e+00
      5.860     6.8145   3.222452    31.8165        202     0.8375     2.5362  0.000e+00
      6.013     6.8089   3.223680    31.8350        203     0.8417     2.5362  0.000e+00
      6.164     6.8046   3.224447    31.8473        204     0.8458     2.5342  0.000e+00
      6.309     6.8030   3.225453    31.8598        205     0.8500     2.5351  0.000e+00
      6.453     6.8048   3.226460    31.8690        206     0.8542     2.5347  0.000e+00
      6.589     6.8075   3.226296    31.8647        207     0.8583     2.5368  0.000e+00
      6.724     6.8102   3.225816    31.8569        208     0.8625     2.5421  0.000e+00
      6.857     6.8127   3.225331    31.8492        209     0.8667     2.5473  0.000e+00
      6.994     6.8157   3.224424    31.8364        210     0.8708     2.5560  0.000e+00
      7.134     6.8202   3.225067    31.8392        211     0.8750     2.5650  0.000e+00
      7.269     6.8245   3.225734    31.8425        212     0.8792     2.5744  0.000e+00
      7.402     6.8272   3.225512    31.8374        213     0.8833     2.5821  0.000e+00
      7.531     6.8280   3.224851    31.8294        214     0.8875     2.5913  0.000e+00
      7.662     6.8271   3.224084    31.8218        215     0.8917     2.5971  0.000e+00
      7.788     6.8263   3.222394    31.8040        216     0.8958     2.6028  0.000e+00
      7.910     6.8246   3.214227    31.7163        217     0.9000     2.6073  0.000e+00
      8.043     6.8184   3.200809    31.5754        218     0.9042     2.6092  0.000e+00
      8.171     6.8103   3.195333    31.5229        219     0.9083     2.6109  0.000e+00
      8.302     6.8106   3.195969    31.5295        220     0.9125     2.6113  0.000e+00
      8.433     6.8114   3.197899    31.5498        221     0.9167     2.6094  0.000e+00
      8.573     6.8089   3.199713    31.5718        222     0.9208     2.6072  0.000e+00
      8.721     6.8050   3.201428    31.5941        223     0.9250     2.6032  0.000e+00
      8.870     6.8010   3.203208    31.6172        224     0.9292     2.5995  0.000e+00
      9.023     6.7982   3.205140    31.6408        225     0.9333     2.5923  0.000e+00
      9.168     6.7967   3.207002    31.6625        226     0.9375     2.5873  0.000e+00
      9.319     6.7965   3.208561    31.6796        227     0.9417     2.5795  0.000e+00
      9.472     6.7962   3.208520    31.6793        228     0.9458     2.5720  0.000e+00
      9.632     6.7957   3.204685    31.6378        229     0.9500     2.5642  0.000e+00
      9.781     6.7936   3.199614    31.5843        230     0.9542     2.5561  0.000e+00
      9.928     6.7887   3.202047    31.6153        231     0.9583     2.5479  0.000e+00
     10.077     6.7840   3.208001    31.6847        232     0.9625     2.5397  0.000e+00
     10.228     6.7813   3.213205    31.7441        233     0.9667     2.5319  0.000e+00
     10.369     6.7807   3.217659    31.7932        234     0.9708     2.5210  0.000e+00
     10.516     6.7797   3.220647    31.8268        235     0.9750     2.5126  0.000e+00
     10.656     6.7825   3.221594    31.8345        236     0.9792     2.5037  0.000e+00
     10.794     6.7831   3.220869    31.8260        237     0.9833     2.4922  0.000e+00
     10.929     6.7817   3.219606    31.8134        238     0.9875     2.4880  0.000e+00
     11.071     6.7800   3.218542    31.8033        239     0.9917     2.4807  0.000e+00
     11.210     6.7765   3.218296    31.8037        240     0.9958     2.4756  0.000e+00
     11.353     6.7744   3.220085    31.8252        241     1.0000     2.4686  0.000e+00
     11.499     6.7754   3.221372    31.8383        242     1.0042     2.4649  0.000e+00
     11.648     6.7785   3.221553    31.8373        243     1.0083     2.4612  0.000e+00
     11.795     6.7825   3.221512    31.8331        244     1.0125     2.4612  0.000e+00
     11.950     6.7878   3.222518    31.8391        245     1.0167     2.4613  0.000e+00
     12.110     6.7937   3.224888    31.8595        246     1.0208     2.4629  0.000e+00
     12.268     6.7987   3.226702    31.8746        247     1.0250     2.4636  0.000e+00
     12.421     6.8024   3.228253    31.8881        248     1.0292     2.4659  0.000e+00
     12.575     6.8049   3.229137    31.8953        249     1.0333     2.4684  0.000e+00
     12.715     6.8071   3.228551    31.8869        250     1.0375     2.4702  0.000e+00
     12.854     6.8074   3.227691    31.8771        251     1.0417     2.4729  0.000e+00
     12.985     6.8072   3.227949    31.8800        252     1.0458     2.4761  0.000e+00
     13.122     6.8100   3.228633    31.8848        253     1.0500     2.4794  0.000e+00
     13.247     6.8129   3.228551    31.8812        254     1.0542     2.4833  0.000e+00
     13.375     6.8123   3.227246    31.8674        255     1.0583     2.4865  0.000e+00
     13.497     6.8106   3.225110    31.8456        256     1.0625     2.4905  0.000e+00
     13.625     6.8055   3.225514    31.8547        257     1.0667     2.4971  0.000e+00
     13.760     6.8007   3.225456    31.8584        258     1.0708     2.5006  0.000e+00
     13.900     6.8000   3.228780    31.8953        259     1.0750     2.5052  0.000e+00
     14.043     6.8046   3.230425    31.9091        260     1.0792     2.5085  0.000e+00
     14.193     6.8100   3.231011    31.9103        261     1.0833     2.5094  0.000e+00
     14.354     6.8157   3.230449    31.8988        262     1.0875     2.5114  0.000e+00
     14.516     6.8185   3.227364    31.8624        263     1.0917     2.5133  0.000e+00
     14.678     6.8157   3.218958    31.7730        264     1.0958     2.5134  0.000e+00
     14.836     6.8145   3.211284    31.6901        265     1.1000     2.5137  0.000e+00
     14.998     6.8175   3.209263    31.6652        266     1.1042     2.5125  0.000e+00
     15.152     6.8195   3.211483    31.6876        267     1.1083     2.5122  0.000e+00
     15.301     6.8179   3.220449    31.7869        268     1.1125     2.5094  0.000e+00
     15.440     6.8174   3.227007    31.8591        269     1.1167     2.5073  0.000e+00
     15.580     6.8190   3.232709    31.9199        270     1.1208     2.5035  0.000e+00
     15.713     6.8222   3.235351    31.9457        271     1.1250     2.4993  0.000e+00
     15.841     6.8218   3.236183    31.9552        272     1.1292     2.4998  0.000e+00
     15.977     6.8216   3.235656    31.9495        273     1.1333     2.4996  0.000e+00
     16.110     6.8226   3.235310    31.9447        274     1.1375     2.4964  0.000e+00
     16.250     6.8257   3.235351    31.9423        275     1.1417     2.4962  0.000e+00
     16.391     6.8301   3.236019    31.9454        276     1.1458     2.4971  0.000e+00
     16.533     6.8339   3.236218    31.9440        277     1.1500     2.4973  0.000e+00
     16.678     6.8377   3.235855    31.9364        278     1.1542     2.4967  0.000e+00
     16.820     6.8383   3.234139    31.9170        279     1.1583     2.5007  0.000e+00
     16.971     6.8361   3.229764    31.8711        280     1.1625     2.5048  0.000e+00
     17.117     6.8322   3.220549    31.7740        281     1.1667     2.5096  0.000e+00
     17.266     6.8324   3.215351    31.7169        282     1.1708     2.5148  0.000e+00
     17.411     6.8345   3.210864    31.6659        283     1.1750     2.5195  0.000e+00
     17.559     6.8139   3.208242    31.6562        284     1.1792     2.5223  0.000e+00
     17.704     6.7887   3.209884    31.6973        285     1.1833     2.5264  0.000e+00
     17.855     6.7761   3.211584    31.7275        286     1.1875     2.5265  0.000e+00
     18.010     6.7738   3.213529    31.7509        287     1.1917     2.5272  0.000e+00
     18.152     6.7731   3.213851    31.7549        288     1.1958     2.5248  0.000e+00
     18.306     6.7722   3.209884    31.7123        289     1.2000     2.5238  0.000e+00
     18.457     6.7698   3.208021    31.6941        290     1.2042     2.5202  0.000e+00
     18.613     6.7660   3.207204    31.6885        291     1.2083     2.5164  0.000e+00
     18.764     6.7635   3.207706    31.6963        292     1.2125     2.5114  0.000e+00
     18.915     6.7626   3.209306    31.7145        293     1.2167     2.5068  0.000e+00
     19.065     6.7648   3.209925    31.7193        294     1.2208     2.4989  0.000e+00
     19.212     6.7688   3.209405    31.7098        295     1.2250     2.4932  0.000e+00
     19.352     6.7719   3.209102    31.7035        296     1.2292     2.4845  0.000e+00
     19.498     6.7738   3.211543    31.7284        297     1.2333     2.4784  0.000e+00
     19.643     6.7769   3.211228    31.7220        298     1.2375     2.4688  0.000e+00
     19.785     6.7803   3.213267    31.7412        299     1.2417     2.4607  0.000e+00
     19.922     6.7829   3.218123    31.7918        300     1.2458     2.4520  0.000e+00
     20.060     6.7877   3.221433    31.8235        301     1.2500     2.4428  0.000e+00
     20.193     6.7922   3.222802    31.8342        302     1.2542     2.4348  0.000e+00
     20.326     6.7947   3.223925    31.8441        303     1.2583     2.4254  0.000e+00
     20.459     6.7946   3.223843    31.8433        304     1.2625     2.4185  0.000e+00
     20.594     6.7932   3.219930    31.8017        305     1.2667     2.4100  0.000e+00
     20.729     6.7904   3.214412    31.7439        306     1.2708     2.4023  0.000e+00
     20.862     6.7909   3.210568    31.7013        307     1.2750     2.3962  0.000e+00
     20.996     6.7958   3.206346    31.6506        308     1.2792     2.3888  0.000e+00
     21.135     6.7889   3.203072    31.6211        309     1.2833     2.3830  0.000e+00
     21.284     6.7458   3.201252    31.6408        310     1.2875     2.3750  0.000e+00
     21.426     6.6686   3.199882    31.6971        311     1.2917     2.3673  0.000e+00
     21.573     6.5858   3.198547    31.7591        312     1.2958     2.3605  0.000e+00
     21.726     6.5195   3.196891    31.8025        313     1.3000     2.3514  0.000e+00
     21.881     6.4649   3.197114    31.8558        314     1.3042     2.3460  0.000e+00
     22.033     6.4212   3.228078    32.2389        315     1.3083     2.3409  0.000e+00
     22.179     6.4601   3.253937    32.4880        316     1.3125     2.3356  0.000e+00
     22.333     6.6349   3.254892    32.3326        317     1.3167     2.3328  0.000e+00
     22.483     6.7699   3.255014    32.2067        318     1.3208     2.3371  0.000e+00
     22.628     6.8416   3.255113    32.1405        319     1.3250     2.3535  0.000e+00
     22.767     6.8769   3.255172    32.1081        320     1.3292     2.3785  0.000e+00
     22.910     6.8940   3.255254    32.0930        321     1.3333     2.4154  0.000e+00
     23.052     6.9023   3.255254    32.0852        322     1.3375     2.4545  0.000e+00
     23.194     6.9062   3.255295    32.0819        323     1.3417     2.4975  0.000e+00
     23.329     6.9081   3.255501    32.0823        324     1.3458     2.5380  0.000e+00
     23.467     6.9090   3.255536    32.0818        325     1.3500     2.5760  0.000e+00
     23.606     6.9094   3.255542    32.0814        326     1.3542     2.6149  0.000e+00
     23.741     6.9095   3.255783    32.0838        327     1.3583     2.6480  0.000e+00
     23.877     6.9101   3.255947    32.0851        328     1.3625     2.6764  0.000e+00
     24.012     6.9108   3.255882    32.0836        329     1.3667     2.7025  0.000e+00
     24.147     6.9110   3.255847    32.0829        330     1.3708     2.7247  0.000e+00
     24.278     6.9108   3.255965    32.0844        331     1.3750     2.7455  0.000e+00
     24.414     6.9104   3.256335    32.0887        332     1.3792     2.7619  0.000e+00
     24.551     6.9113   3.256376    32.0883        333     1.3833     2.7795  0.000e+00
     24.684     6.9124   3.256723    32.0910        334     1.3875     2.7923  0.000e+00
     24.828     6.9137   3.257310    32.0961        335     1.3917     2.8037  0.000e+00
     24.973     6.9159   3.257046    32.0911        336     1.3958     2.8159  0.000e+00
     25.117     6.9170   3.257145    32.0911        337     1.4000     2.8245  0.000e+00
     25.268     6.9173   3.257269    32.0921        338     1.4042     2.8321  0.000e+00
     25.423     6.9177   3.257897    32.0985        339     1.4083     2.8387  0.000e+00
     25.579     6.9193   3.258326    32.1016        340     1.4125     2.8427  0.000e+00
     25.734     6.9223   3.258309    32.0985        341     1.4167     2.8479  0.000e+00
     25.886     6.9242   3.258532    32.0991        342     1.4208     2.8540  0.000e+00
     26.028     6.9256   3.258937    32.1022        343     1.4250     2.8541  0.000e+00
     26.177     6.9270   3.258896    32.1004        344     1.4292     2.8594  0.000e+00
     26.323     6.9280   3.259061    32.1011        345     1.4333     2.8614  0.000e+00
     26.469     6.9286   3.259102    32.1010        346     1.4375     2.8645  0.000e+00
     26.611     6.9292   3.258879    32.0980        347     1.4417     2.8662  0.000e+00
     26.749     6.9290   3.258755    32.0967        348     1.4458     2.8680  0.000e+00
     26.886     6.9284   3.258779    32.0974        349     1.4500     2.8691  0.000e+00
     27.015     6.9281   3.258838    32.0983        350     1.4542     2.8707  0.000e+00
     27.150     6.9279   3.259143    32.1018        351     1.4583     2.8724  0.000e+00
     27.274     6.9285   3.259549    32.1056        352     1.4625     2.8731  0.000e+00
     27.403     6.9296   3.259837    32.1076        353     1.4667     2.8736  0.000e+00
     27.529     6.9311   3.260019    32.1081        354     1.4708     2.8743  0.000e+00
     27.653     6.9326   3.260060    32.1072        355     1.4750     2.8748  0.000e+00
     27.775     6.9336   3.260119    32.1068        356     1.4792     2.8747  0.000e+00
     27.897     6.9342   3.260183    32.1068        357     1.4833     2.8760  0.000e+00
     28.018     6.9348   3.260160    32.1060        358     1.4875     2.8762  0.000e+00
     28.142     6.9351   3.260225    32.1063        359     1.4917     2.8771  0.000e+00
     28.266     6.9353   3.260201    32.1059        360     1.4958     2.8766  0.000e+00
     28.399     6.9353   3.260225    32.1061        361     1.5000     2.8754  0.000e+00
     28.530     6.9352   3.260225    32.1061        362     1.5042     2.8764  0.000e+00
     28.668     6.9349   3.260143    32.1054        363     1.5083     2.8759  0.000e+00
     28.809     6.9345   3.260190    32.1062        364     1.5125     2.8766  0.000e+00
     28.961     6.9344   3.260160    32.1059        365     1.5167     2.8749  0.000e+00
     29.112     6.9342   3.260119    32.1056        366     1.5208     2.8770  0.000e+00
     29.265     6.9341   3.260078    32.1052        367     1.5250     2.8753  0.000e+00
     29.421     6.9336   3.259978    32.1044        368     1.5292     2.8764  0.000e+00
     29.576     6.9329   3.260061    32.1060        369     1.5333     2.8769  0.000e+00
