HB2401/sbe026.cnv
* Sea-Bird SBE 19plus V2 Data File:
* FileName = C:\cruise\data\sbe026.hex
* Software Version Seasave V 7.26.7.121
* Temperature SN = 7142
* Conductivity SN = 7142
* System UpLoad Time = Feb 20 2024 14:26:26
* NMEA Latitude = 39 22.18 N
* NMEA Longitude = 073 24.30 W
* NMEA UTC (Time) = Feb 20 2024  14:26:43
** Cruise: HB2401
** Program: ECOMON
# nquan = 8
# nvalues = 1375                                  
# units = specified
# name 0 = depSM: Depth [salt water, m]
# name 1 = tv290C: Temperature [ITS-90, deg C]
# name 2 = c0S/m: Conductivity [S/m]
# name 3 = sal00: Salinity, Practical [PSU]
# name 4 = scan: Scan Count
# name 5 = timeM: Time, Elapsed [minutes]
# name 6 = sbeox0V: Oxygen raw, SBE 43 [V]
# name 7 = flag:  0.000e+00
# span 0 =      0.105,     38.242                 
# span 1 =     4.4730,     6.9880                 
# span 2 =   0.000006,   3.273641                 
# span 3 =     0.0016,    32.5769                 
# span 4 =         11,       1385                 
# span 5 =     0.0417,     5.7667                 
# span 6 =     2.3425,     3.0362                 
# span 7 = 0.0000e+00, 0.0000e+00                 
# interval = seconds: 0.25
# start_time = Feb 20 2024 14:26:43 [NMEA time, header]
# bad_flag = -9.990e-29
*END*
[from data line 899]
     14.425     6.9768   3.271509    32.1970        910     3.7875     2.8715  0.000e+00
     14.395     6.9771   3.271462    32.1962        911     3.7917     2.8722  0.000e+00
     14.353     6.9768   3.271468    32.1966        912     3.7958     2.8709  0.000e+00
     14.307     6.9768   3.271486    32.1968        913     3.8000     2.8695  0.000e+00
     14.258     6.9767   3.271509    32.1972        914     3.8042     2.8697  0.000e+00
     14.210     6.9770   3.271527    32.1971        915     3.8083     2.8703  0.000e+00
     14.166     6.9771   3.271550    32.1973        916     3.8125     2.8706  0.000e+00
     14.132     6.9774   3.271509    32.1965        917     3.8167     2.8721  0.000e+00
     14.091     6.9772   3.270997    32.1912        918     3.8208     2.8713  0.000e+00
     14.055     6.9754   3.270850    32.1914        919     3.8250     2.8732  0.000e+00
     14.028     6.9733   3.270856    32.1933        920     3.8292     2.8725  0.000e+00
     13.996     6.9721   3.270892    32.1949        921     3.8333     2.8734  0.000e+00
     13.969     6.9716   3.270892    32.1954        922     3.8375     2.8731  0.000e+00
     13.944     6.9715   3.270915    32.1957        923     3.8417     2.8745  0.000e+00
     13.917     6.9715   3.270974    32.1963        924     3.8458     2.8746  0.000e+00
     13.891     6.9718   3.270974    32.1961        925     3.8500     2.8752  0.000e+00
     13.863     6.9721   3.270997    32.1961        926     3.8542     2.8758  0.000e+00
     13.832     6.9722   3.271056    32.1967        927     3.8583     2.8776  0.000e+00
     13.798     6.9725   3.270974    32.1954        928     3.8625     2.8769  0.000e+00
     13.760     6.9722   3.270915    32.1952        929     3.8667     2.8761  0.000e+00
     13.726     6.9722   3.270791    32.1938        930     3.8708     2.8758  0.000e+00
     13.699     6.9715   3.270768    32.1943        931     3.8750     2.8738  0.000e+00
     13.669     6.9711   3.270768    32.1947        932     3.8792     2.8734  0.000e+00
     13.634     6.9706   3.270768    32.1951        933     3.8833     2.8724  0.000e+00
     13.600     6.9706   3.270768    32.1951        934     3.8875     2.8732  0.000e+00
     13.573     6.9705   3.270750    32.1950        935     3.8917     2.8726  0.000e+00
     13.539     6.9706   3.270791    32.1954        936     3.8958     2.8735  0.000e+00
     13.507     6.9704   3.270768    32.1954        937     3.9000     2.8732  0.000e+00
     13.467     6.9706   3.270703    32.1944        938     3.9042     2.8735  0.000e+00
     13.435     6.9702   3.270668    32.1945        939     3.9083     2.8745  0.000e+00
     13.397     6.9700   3.270668    32.1946        940     3.9125     2.8744  0.000e+00
     13.356     6.9698   3.270709    32.1953        941     3.9167     2.8747  0.000e+00
     13.316     6.9699   3.270768    32.1959        942     3.9208     2.8742  0.000e+00
     13.279     6.9700   3.270809    32.1963        943     3.9250     2.8745  0.000e+00
     13.241     6.9705   3.270874    32.1966        944     3.9292     2.8740  0.000e+00
     13.203     6.9708   3.270791    32.1954        945     3.9333     2.8732  0.000e+00
     13.165     6.9708   3.270732    32.1947        946     3.9375     2.8727  0.000e+00
     13.131     6.9705   3.270791    32.1957        947     3.9417     2.8732  0.000e+00
     13.093     6.9705   3.270815    32.1959        948     3.9458     2.8733  0.000e+00
     13.052     6.9707   3.270809    32.1957        949     3.9500     2.8728  0.000e+00
     13.014     6.9708   3.270791    32.1955        950     3.9542     2.8738  0.000e+00
     12.971     6.9707   3.270709    32.1947        951     3.9583     2.8734  0.000e+00
     12.937     6.9704   3.270668    32.1945        952     3.9625     2.8731  0.000e+00
     12.906     6.9700   3.270709    32.1953        953     3.9667     2.8736  0.000e+00
     12.876     6.9699   3.270362    32.1917        954     3.9708     2.8751  0.000e+00
     12.847     6.9686   3.270321    32.1925        955     3.9750     2.8754  0.000e+00
     12.829     6.9675   3.270338    32.1937        956     3.9792     2.8742  0.000e+00
     12.815     6.9665   3.270232    32.1935        957     3.9833     2.8741  0.000e+00
     12.802     6.9661   3.270262    32.1942        958     3.9875     2.8744  0.000e+00
     12.788     6.9657   3.270221    32.1941        959     3.9917     2.8747  0.000e+00
     12.764     6.9654   3.270179    32.1939        960     3.9958     2.8750  0.000e+00
     12.743     6.9651   3.270156    32.1940        961     4.0000     2.8750  0.000e+00
     12.710     6.9647   3.270197    32.1948        962     4.0042     2.8750  0.000e+00
     12.678     6.9645   3.270056    32.1935        963     4.0083     2.8761  0.000e+00
     12.640     6.9641   3.269991    32.1932        964     4.0125     2.8750  0.000e+00
     12.594     6.9637   3.270015    32.1939        965     4.0167     2.8750  0.000e+00
     12.547     6.9632   3.270038    32.1946        966     4.0208     2.8750  0.000e+00
     12.500     6.9631   3.270015    32.1945        967     4.0250     2.8762  0.000e+00
     12.450     6.9632   3.270097    32.1952        968     4.0292     2.8762  0.000e+00
     12.400     6.9634   3.270097    32.1951        969     4.0333     2.8765  0.000e+00
     12.349     6.9635   3.270097    32.1950        970     4.0375     2.8754  0.000e+00
     12.299     6.9638   3.270114    32.1950        971     4.0417     2.8770  0.000e+00
     12.256     6.9640   3.270056    32.1942        972     4.0458     2.8766  0.000e+00
     12.207     6.9639   3.269991    32.1935        973     4.0500     2.8770  0.000e+00
     12.171     6.9635   3.270032    32.1944        974     4.0542     2.8761  0.000e+00
     12.135     6.9635   3.269991    32.1940        975     4.0583     2.8758  0.000e+00
     12.099     6.9632   3.269938    32.1937        976     4.0625     2.8754  0.000e+00
     12.065     6.9629   3.269909    32.1937        977     4.0667     2.8755  0.000e+00
     12.035     6.9624   3.269873    32.1938        978     4.0708     2.8766  0.000e+00
     12.002     6.9623   3.269873    32.1939        979     4.0750     2.8754  0.000e+00
     11.968     6.9619   3.269850    32.1941        980     4.0792     2.8761  0.000e+00
     11.929     6.9618   3.269850    32.1941        981     4.0833     2.8763  0.000e+00
     11.889     6.9616   3.269850    32.1944        982     4.0875     2.8763  0.000e+00
     11.848     6.9617   3.269891    32.1947        983     4.0917     2.8748  0.000e+00
     11.810     6.9618   3.269850    32.1942        984     4.0958     2.8744  0.000e+00
     11.774     6.9619   3.269903    32.1947        985     4.1000     2.8752  0.000e+00
     11.747     6.9619   3.269908    32.1948        986     4.1042     2.8742  0.000e+00
     11.716     6.9621   3.269908    32.1946        987     4.1083     2.8744  0.000e+00
     11.697     6.9620   3.269908    32.1947        988     4.1125     2.8750  0.000e+00
     11.688     6.9622   3.269850    32.1939        989     4.1167     2.8744  0.000e+00
     11.677     6.9619   3.269850    32.1941        990     4.1208     2.8740  0.000e+00
     11.673     6.9619   3.269808    32.1937        991     4.1250     2.8736  0.000e+00
     11.666     6.9616   3.269791    32.1938        992     4.1292     2.8747  0.000e+00
     11.654     6.9615   3.269767    32.1936        993     4.1333     2.8730  0.000e+00
     11.634     6.9612   3.269785    32.1941        994     4.1375     2.8748  0.000e+00
     11.600     6.9611   3.269808    32.1945        995     4.1417     2.8735  0.000e+00
     11.564     6.9610   3.269808    32.1946        996     4.1458     2.8754  0.000e+00
     11.519     6.9614   3.269808    32.1943        997     4.1500     2.8757  0.000e+00
     11.461     6.9614   3.269791    32.1941        998     4.1542     2.8763  0.000e+00
     11.404     6.9614   3.269791    32.1941        999     4.1583     2.8754  0.000e+00
     11.341     6.9612   3.269791    32.1943       1000     4.1625     2.8765  0.000e+00
     11.271     6.9613   3.269791    32.1942       1001     4.1667     2.8768  0.000e+00
     11.211     6.9613   3.269767    32.1941       1002     4.1708     2.8747  0.000e+00
     11.141     6.9611   3.269791    32.1945       1003     4.1750     2.8751  0.000e+00
     11.073     6.9611   3.269767    32.1943       1004     4.1792     2.8754  0.000e+00
     11.016     6.9612   3.269708    32.1936       1005     4.1833     2.8758  0.000e+00
     10.971     6.9609   3.269708    32.1939       1006     4.1875     2.8761  0.000e+00
     10.920     6.9608   3.269667    32.1936       1007     4.1917     2.8770  0.000e+00
     10.888     6.9605   3.269667    32.1938       1008     4.1958     2.8768  0.000e+00
     10.857     6.9604   3.269667    32.1940       1009     4.2000     2.8760  0.000e+00
     10.836     6.9604   3.269667    32.1940       1010     4.2042     2.8762  0.000e+00
     10.820     6.9604   3.269708    32.1945       1011     4.2083     2.8764  0.000e+00
     10.798     6.9604   3.269667    32.1940       1012     4.2125     2.8758  0.000e+00
     10.785     6.9605   3.269685    32.1941       1013     4.2167     2.8756  0.000e+00
     10.775     6.9604   3.269708    32.1944       1014     4.2208     2.8750  0.000e+00
     10.769     6.9606   3.269749    32.1947       1015     4.2250     2.8755  0.000e+00
     10.753     6.9606   3.269726    32.1945       1016     4.2292     2.8755  0.000e+00
     10.751     6.9609   3.269708    32.1940       1017     4.2333     2.8755  0.000e+00
     10.737     6.9608   3.269749    32.1945       1018     4.2375     2.8757  0.000e+00
     10.715     6.9609   3.269749    32.1945       1019     4.2417     2.8760  0.000e+00
     10.699     6.9611   3.269767    32.1944       1020     4.2458     2.8770  0.000e+00
     10.685     6.9613   3.269767    32.1943       1021     4.2500     2.8773  0.000e+00
     10.668     6.9613   3.269808    32.1947       1022     4.2542     2.8777  0.000e+00
     10.638     6.9615   3.269802    32.1945       1023     4.2583     2.8764  0.000e+00
     10.611     6.9617   3.269749    32.1938       1024     4.2625     2.8751  0.000e+00
     10.577     6.9614   3.269726    32.1938       1025     4.2667     2.8744  0.000e+00
     10.528     6.9612   3.269708    32.1938       1026     4.2708     2.8750  0.000e+00
     10.476     6.9610   3.269684    32.1938       1027     4.2750     2.8752  0.000e+00
     10.411     6.9609   3.269684    32.1939       1028     4.2792     2.8747  0.000e+00
     10.345     6.9608   3.269708    32.1943       1029     4.2833     2.8750  0.000e+00
     10.255     6.9608   3.269684    32.1941       1030     4.2875     2.8755  0.000e+00
     10.180     6.9608   3.269749    32.1948       1031     4.2917     2.8752  0.000e+00
     10.095     6.9610   3.269684    32.1939       1032     4.2958     2.8755  0.000e+00
     10.025     6.9608   3.269726    32.1946       1033     4.3000     2.8743  0.000e+00
      9.966     6.9612   3.269684    32.1938       1034     4.3042     2.8747  0.000e+00
      9.917     6.9610   3.269667    32.1939       1035     4.3083     2.8760  0.000e+00
      9.876     6.9608   3.269684    32.1942       1036     4.3125     2.8757  0.000e+00
      9.847     6.9608   3.269708    32.1945       1037     4.3167     2.8754  0.000e+00
      9.824     6.9608   3.269667    32.1940       1038     4.3208     2.8771  0.000e+00
      9.817     6.9607   3.269684    32.1943       1039     4.3250     2.8781  0.000e+00
      9.809     6.9608   3.269684    32.1942       1040     4.3292     2.8774  0.000e+00
      9.808     6.9608   3.269667    32.1941       1041     4.3333     2.8776  0.000e+00
      9.804     6.9608   3.269649    32.1938       1042     4.3375     2.8781  0.000e+00
      9.800     6.9608   3.269602    32.1934       1043     4.3417     2.8786  0.000e+00
      9.781     6.9607   3.269625    32.1938       1044     4.3458     2.8776  0.000e+00
      9.770     6.9603   3.269561    32.1934       1045     4.3500     2.8773  0.000e+00
      9.741     6.9602   3.269484    32.1927       1046     4.3542     2.8783  0.000e+00
      9.718     6.9595   3.269484    32.1933       1047     4.3583     2.8771  0.000e+00
      9.680     6.9593   3.269420    32.1929       1048     4.3625     2.8776  0.000e+00
      9.633     6.9588   3.269378    32.1929       1049     4.3667     2.8774  0.000e+00
      9.586     6.9584   3.269420    32.1937       1050     4.3708     2.8781  0.000e+00
      9.529     6.9583   3.269431    32.1939       1051     4.3750     2.8770  0.000e+00
      9.477     6.9585   3.269419    32.1937       1052     4.3792     2.8775  0.000e+00
      9.427     6.9584   3.269419    32.1938       1053     4.3833     2.8768  0.000e+00
      9.383     6.9586   3.269419    32.1937       1054     4.3875     2.8766  0.000e+00
      9.340     6.9585   3.269402    32.1935       1055     4.3917     2.8774  0.000e+00
      9.301     6.9586   3.269402    32.1935       1056     4.3958     2.8770  0.000e+00
      9.276     6.9583   3.269419    32.1939       1057     4.4000     2.8768  0.000e+00
      9.250     6.9585   3.269402    32.1936       1058     4.4042     2.8775  0.000e+00
      9.227     6.9585   3.269337    32.1930       1059     4.4083     2.8770  0.000e+00
      9.200     6.9584   3.269461    32.1944       1060     4.4125     2.8773  0.000e+00
      9.171     6.9587   3.269455    32.1940       1061     4.4167     2.8770  0.000e+00
      9.146     6.9589   3.269461    32.1939       1062     4.4208     2.8763  0.000e+00
      9.116     6.9591   3.269443    32.1935       1063     4.4250     2.8755  0.000e+00
      9.080     6.9591   3.269461    32.1938       1064     4.4292     2.8746  0.000e+00
      9.026     6.9594   3.269519    32.1942       1065     4.4333     2.8768  0.000e+00
      8.970     6.9595   3.269543    32.1944       1066     4.4375     2.8745  0.000e+00
      8.900     6.9600   3.269543    32.1939       1067     4.4417     2.8754  0.000e+00
      8.832     6.9601   3.269543    32.1938       1068     4.4458     2.8776  0.000e+00
      8.762     6.9603   3.269543    32.1937       1069     4.4500     2.8769  0.000e+00
      8.708     6.9602   3.269531    32.1936       1070     4.4542     2.8785  0.000e+00
      8.661     6.9603   3.269519    32.1935       1071     4.4583     2.8780  0.000e+00
      8.628     6.9602   3.269519    32.1936       1072     4.4625     2.8763  0.000e+00
      8.614     6.9602   3.269543    32.1938       1073     4.4667     2.8786  0.000e+00
      8.607     6.9603   3.269543    32.1938       1074     4.4708     2.8779  0.000e+00
      8.603     6.9604   3.269519    32.1934       1075     4.4750     2.8772  0.000e+00
      8.607     6.9603   3.269502    32.1933       1076     4.4792     2.8770  0.000e+00
      8.614     6.9603   3.269502    32.1933       1077     4.4833     2.8778  0.000e+00
      8.619     6.9602   3.269484    32.1932       1078     4.4875     2.8776  0.000e+00
      8.612     6.9602   3.269460    32.1930       1079     4.4917     2.8773  0.000e+00
      8.592     6.9599   3.269513    32.1938       1080     4.4958     2.8774  0.000e+00
      8.549     6.9599   3.269443    32.1931       1081     4.5000     2.8773  0.000e+00
      8.501     6.9597   3.269460    32.1935       1082     4.5042     2.8766  0.000e+00
      8.445     6.9597   3.269378    32.1926       1083     4.5083     2.8769  0.000e+00
      8.389     6.9594   3.269378    32.1930       1084     4.5125     2.8778  0.000e+00
      8.343     6.9589   3.269360    32.1932       1085     4.5167     2.8779  0.000e+00
      8.296     6.9586   3.269337    32.1932       1086     4.5208     2.8783  0.000e+00
      8.253     6.9585   3.269460    32.1948       1087     4.5250     2.8773  0.000e+00
      8.206     6.9589   3.269643    32.1963       1088     4.5292     2.8779  0.000e+00
