HB2401/sbe008.cnv
* Sea-Bird SBE 19plus V2 Data File:
* FileName = C:\cruise\data\sbe008.hex
* Software Version Seasave V 7.26.7.121
* Temperature SN = 7142
* Conductivity SN = 7142
* System UpLoad Time = Feb 17 2024 16:26:39
* NMEA Latitude = 42 23.80 N
* NMEA Longitude = 069 32.87 W
* NMEA UTC (Time) = Feb 17 2024  16:26:55
** Cruise: HB2401
** Program: ECOMON
# nquan = 8
# nvalues = 5636                                  
# units = specified
# name 0 = depSM: Depth [salt water, m]
# name 1 = tv290C: Temperature [ITS-90, deg C]
# name 2 = c0S/m: Conductivity [S/m]
# name 3 = sal00: Salinity, Practical [PSU]
# name 4 = scan: Scan Count
# name 5 = timeM: Time, Elapsed [minutes]
# name 6 = sbeox0V: Oxygen raw, SBE 43 [V]
# name 7 = flag:  0.000e+00
# span 0 =     -0.125,    202.937                 
# span 1 =    -0.2217,     8.2991                 
# span 2 =  -0.000014,   3.569091                 
# span 3 =    -0.0021,    34.0830                 
# span 4 =         11,       5646                 
# span 5 =     0.0417,    23.5208                 
# span 6 =     1.6844,     2.9585                 
# span 7 = 0.0000e+00, 0.0000e+00                 
# interval = seconds: 0.25
# start_time = Feb 17 2024 16:26:55 [NMEA time, header]
# bad_flag = -9.990e-29
*END*
[from data line 4675]
     54.883     4.5539   3.023553    31.6851       4686    19.5208     2.7742  0.000e+00
     54.863     4.5532   3.023815    31.6889       4687    19.5250     2.7745  0.000e+00
     54.831     4.5534   3.023627    31.6865       4688    19.5292     2.7746  0.000e+00
     54.793     4.5535   3.023302    31.6827       4689    19.5333     2.7735  0.000e+00
     54.754     4.5525   3.023159    31.6820       4690    19.5375     2.7731  0.000e+00
     54.709     4.5512   3.023068    31.6822       4691    19.5417     2.7739  0.000e+00
     54.658     4.5499   3.022994    31.6826       4692    19.5458     2.7748  0.000e+00
     54.606     4.5489   3.022834    31.6817       4693    19.5500     2.7756  0.000e+00
     54.556     4.5481   3.022845    31.6827       4694    19.5542     2.7758  0.000e+00
     54.504     4.5473   3.022891    31.6840       4695    19.5583     2.7751  0.000e+00
     54.452     4.5471   3.022834    31.6836       4696    19.5625     2.7754  0.000e+00
     54.412     4.5469   3.022771    31.6830       4697    19.5667     2.7757  0.000e+00
     54.369     4.5466   3.022577    31.6811       4698    19.5708     2.7755  0.000e+00
     54.335     4.5458   3.022451    31.6804       4699    19.5750     2.7758  0.000e+00
     54.294     4.5447   3.022280    31.6795       4700    19.5792     2.7761  0.000e+00
     54.258     4.5436   3.022360    31.6815       4701    19.5833     2.7761  0.000e+00
     54.223     4.5431   3.022160    31.6797       4702    19.5875     2.7764  0.000e+00
     54.195     4.5422   3.022246    31.6815       4703    19.5917     2.7764  0.000e+00
     54.161     4.5419   3.021807    31.6767       4704    19.5958     2.7761  0.000e+00
     54.126     4.5404   3.021556    31.6753       4705    19.6000     2.7752  0.000e+00
     54.090     4.5383   3.021630    31.6782       4706    19.6042     2.7765  0.000e+00
     54.056     4.5371   3.021670    31.6799       4707    19.6083     2.7761  0.000e+00
     54.017     4.5368   3.021556    31.6788       4708    19.6125     2.7765  0.000e+00
     53.981     4.5363   3.021453    31.6781       4709    19.6167     2.7765  0.000e+00
     53.941     4.5357   3.021276    31.6766       4710    19.6208     2.7765  0.000e+00
     53.904     4.5348   3.021082    31.6753       4711    19.6250     2.7756  0.000e+00
     53.868     4.5336   3.021031    31.6759       4712    19.6292     2.7746  0.000e+00
     53.830     4.5326   3.020808    31.6743       4713    19.6333     2.7767  0.000e+00
     53.792     4.5314   3.020620    31.6732       4714    19.6375     2.7768  0.000e+00
     53.753     4.5301   3.020534    31.6736       4715    19.6417     2.7768  0.000e+00
     53.715     4.5288   3.020534    31.6748       4716    19.6458     2.7774  0.000e+00
     53.677     4.5281   3.020472    31.6747       4717    19.6500     2.7777  0.000e+00
     53.627     4.5276   3.020375    31.6741       4718    19.6542     2.7780  0.000e+00
     53.591     4.5272   3.020363    31.6744       4719    19.6583     2.7774  0.000e+00
     53.544     4.5268   3.020215    31.6731       4720    19.6625     2.7774  0.000e+00
     53.505     4.5261   3.020101    31.6725       4721    19.6667     2.7774  0.000e+00
     53.465     4.5253   3.020004    31.6721       4722    19.6708     2.7763  0.000e+00
     53.422     4.5245   3.019764    31.6701       4723    19.6750     2.7756  0.000e+00
     53.382     4.5232   3.019587    31.6694       4724    19.6792     2.7749  0.000e+00
     53.343     4.5218   3.019542    31.6702       4725    19.6833     2.7742  0.000e+00
     53.312     4.5205   3.019650    31.6726       4726    19.6875     2.7752  0.000e+00
     53.280     4.5203   3.019547    31.6717       4727    19.6917     2.7749  0.000e+00
     53.246     4.5201   3.019559    31.6721       4728    19.6958     2.7748  0.000e+00
     53.221     4.5199   3.019331    31.6696       4729    19.7000     2.7758  0.000e+00
     53.188     4.5192   3.019205    31.6689       4730    19.7042     2.7758  0.000e+00
     53.156     4.5182   3.019120    31.6689       4731    19.7083     2.7759  0.000e+00
     53.133     4.5172   3.018829    31.6664       4732    19.7125     2.7762  0.000e+00
     53.107     4.5157   3.018566    31.6648       4733    19.7167     2.7758  0.000e+00
     53.084     4.5140   3.018344    31.6639       4734    19.7208     2.7759  0.000e+00
     53.059     4.5120   3.018236    31.6646       4735    19.7250     2.7761  0.000e+00
     53.030     4.5104   3.018173    31.6654       4736    19.7292     2.7754  0.000e+00
     53.000     4.5093   3.018030    31.6648       4737    19.7333     2.7738  0.000e+00
     52.967     4.5082   3.017745    31.6626       4738    19.7375     2.7736  0.000e+00
     52.937     4.5067   3.017523    31.6615       4739    19.7417     2.7722  0.000e+00
     52.894     4.5049   3.017055    31.6577       4740    19.7458     2.7726  0.000e+00
     52.856     4.5024   3.016759    31.6568       4741    19.7500     2.7719  0.000e+00
     52.807     4.4997   3.016154    31.6524       4742    19.7542     2.7708  0.000e+00
     52.759     4.4962   3.015681    31.6503       4743    19.7583     2.7703  0.000e+00
     52.708     4.4921   3.015191    31.6485       4744    19.7625     2.7700  0.000e+00
     52.653     4.4880   3.014586    31.6455       4745    19.7667     2.7694  0.000e+00
     52.602     4.4832   3.014227    31.6459       4746    19.7708     2.7698  0.000e+00
     52.552     4.4792   3.013999    31.6471       4747    19.7750     2.7706  0.000e+00
     52.502     4.4760   3.013874    31.6488       4748    19.7792     2.7700  0.000e+00
     52.459     4.4737   3.013743    31.6495       4749    19.7833     2.7707  0.000e+00
     52.408     4.4719   3.013578    31.6493       4750    19.7875     2.7716  0.000e+00
     52.362     4.4706   3.013310    31.6474       4751    19.7917     2.7715  0.000e+00
     52.319     4.4690   3.013019    31.6456       4752    19.7958     2.7723  0.000e+00
     52.281     4.4670   3.012831    31.6454       4753    19.8000     2.7726  0.000e+00
     52.245     4.4650   3.012683    31.6456       4754    19.8042     2.7715  0.000e+00
     52.212     4.4633   3.012609    31.6464       4755    19.8083     2.7715  0.000e+00
     52.182     4.4620   3.012569    31.6472       4756    19.8125     2.7700  0.000e+00
     52.159     4.4612   3.012495    31.6471       4757    19.8167     2.7719  0.000e+00
     52.132     4.4605   3.012273    31.6452       4758    19.8208     2.7718  0.000e+00
     52.115     4.4594   3.012193    31.6454       4759    19.8250     2.7716  0.000e+00
     52.090     4.4583   3.012124    31.6456       4760    19.8292     2.7716  0.000e+00
     52.069     4.4576   3.011999    31.6448       4761    19.8333     2.7719  0.000e+00
     52.042     4.4567   3.011805    31.6434       4762    19.8375     2.7728  0.000e+00
     52.009     4.4556   3.011668    31.6429       4763    19.8417     2.7724  0.000e+00
     51.975     4.4544   3.011623    31.6436       4764    19.8458     2.7721  0.000e+00
     51.945     4.4533   3.011629    31.6447       4765    19.8500     2.7733  0.000e+00
     51.902     4.4530   3.011629    31.6450       4766    19.8542     2.7731  0.000e+00
     51.853     4.4526   3.011509    31.6440       4767    19.8583     2.7738  0.000e+00
     51.805     4.4522   3.011389    31.6431       4768    19.8625     2.7733  0.000e+00
     51.756     4.4513   3.011138    31.6411       4769    19.8667     2.7729  0.000e+00
     51.697     4.4499   3.010512    31.6351       4770    19.8708     2.7731  0.000e+00
     51.636     4.4473   3.010022    31.6320       4771    19.8750     2.7725  0.000e+00
     51.580     4.4435   3.009782    31.6329       4772    19.8792     2.7731  0.000e+00
     51.519     4.4403   3.009629    31.6342       4773    19.8833     2.7736  0.000e+00
     51.465     4.4378   3.009595    31.6362       4774    19.8875     2.7736  0.000e+00
     51.407     4.4363   3.009572    31.6374       4775    19.8917     2.7745  0.000e+00
     51.359     4.4353   3.009184    31.6339       4776    19.8958     2.7739  0.000e+00
     51.310     4.4337   3.008535    31.6279       4777    19.9000     2.7745  0.000e+00
     51.265     4.4303   3.008319    31.6287       4778    19.9042     2.7747  0.000e+00
     51.228     4.4270   3.008148    31.6298       4779    19.9083     2.7754  0.000e+00
     51.192     4.4245   3.007965    31.6302       4780    19.9125     2.7775  0.000e+00
     51.149     4.4225   3.007886    31.6311       4781    19.9167     2.7767  0.000e+00
     51.122     4.4212   3.007772    31.6311       4782    19.9208     2.7774  0.000e+00
     51.096     4.4200   3.007664    31.6310       4783    19.9250     2.7778  0.000e+00
     51.064     4.4190   3.007618    31.6314       4784    19.9292     2.7777  0.000e+00
     51.037     4.4184   3.007458    31.6302       4785    19.9333     2.7778  0.000e+00
     51.016     4.4174   3.007253    31.6288       4786    19.9375     2.7769  0.000e+00
     50.990     4.4160   3.007088    31.6282       4787    19.9417     2.7776  0.000e+00
     50.965     4.4144   3.006809    31.6265       4788    19.9458     2.7771  0.000e+00
     50.933     4.4126   3.006678    31.6267       4789    19.9500     2.7774  0.000e+00
     50.899     4.4111   3.006581    31.6271       4790    19.9542     2.7777  0.000e+00
     50.868     4.4096   3.006530    31.6279       4791    19.9583     2.7774  0.000e+00
     50.829     4.4088   3.006365    31.6268       4792    19.9625     2.7782  0.000e+00
     50.784     4.4077   3.005972    31.6233       4793    19.9667     2.7768  0.000e+00
     50.735     4.4060   3.005761    31.6225       4794    19.9708     2.7774  0.000e+00
     50.683     4.4037   3.005465    31.6212       4795    19.9750     2.7768  0.000e+00
     50.633     4.4015   3.004822    31.6160       4796    19.9792     2.7765  0.000e+00
     50.573     4.3980   3.004589    31.6166       4797    19.9833     2.7778  0.000e+00
     50.527     4.3945   3.004378    31.6175       4798    19.9875     2.7764  0.000e+00
     50.480     4.3919   3.003979    31.6154       4799    19.9917     2.7768  0.000e+00
     50.439     4.3889   3.003649    31.6145       4800    19.9958     2.7759  0.000e+00
     50.397     4.3858   3.002949    31.6094       4801    20.0000     2.7758  0.000e+00
     50.360     4.3817   3.002556    31.6087       4802    20.0042     2.7762  0.000e+00
     50.325     4.3776   3.002431    31.6112       4803    20.0083     2.7754  0.000e+00
     50.290     4.3745   3.002130    31.6107       4804    20.0125     2.7759  0.000e+00
     50.254     4.3720   3.002010    31.6117       4805    20.0167     2.7761  0.000e+00
     50.214     4.3700   3.001987    31.6134       4806    20.0208     2.7760  0.000e+00
     50.169     4.3690   3.001834    31.6126       4807    20.0250     2.7762  0.000e+00
     50.122     4.3677   3.001077    31.6050       4808    20.0292     2.7771  0.000e+00
     50.072     4.3647   3.000838    31.6051       4809    20.0333     2.7779  0.000e+00
     50.015     4.3615   3.000684    31.6064       4810    20.0375     2.7772  0.000e+00
     49.957     4.3589   3.000650    31.6086       4811    20.0417     2.7781  0.000e+00
     49.903     4.3573   3.000331    31.6065       4812    20.0458     2.7786  0.000e+00
     49.851     4.3557   3.000172    31.6062       4813    20.0500     2.7783  0.000e+00
     49.797     4.3537   2.999961    31.6057       4814    20.0542     2.7787  0.000e+00
     49.740     4.3520   2.999905    31.6066       4815    20.0583     2.7798  0.000e+00
     49.686     4.3507   2.999671    31.6052       4816    20.0625     2.7801  0.000e+00
     49.641     4.3493   2.999279    31.6020       4817    20.0667     2.7810  0.000e+00
     49.594     4.3470   2.999080    31.6019       4818    20.0708     2.7819  0.000e+00
     49.556     4.3450   2.999045    31.6034       4819    20.0750     2.7814  0.000e+00
     49.526     4.3434   2.999028    31.6048       4820    20.0792     2.7813  0.000e+00
     49.495     4.3426   2.999006    31.6053       4821    20.0833     2.7821  0.000e+00
     49.457     4.3421   2.999006    31.6058       4822    20.0875     2.7824  0.000e+00
     49.432     4.3418   2.999023    31.6063       4823    20.0917     2.7816  0.000e+00
     49.402     4.3418   2.999028    31.6064       4824    20.0958     2.7823  0.000e+00
     49.377     4.3417   2.998971    31.6058       4825    20.1000     2.7826  0.000e+00
     49.350     4.3416   2.998926    31.6054       4826    20.1042     2.7806  0.000e+00
     49.317     4.3415   2.998932    31.6056       4827    20.1083     2.7819  0.000e+00
     49.292     4.3413   2.998926    31.6057       4828    20.1125     2.7808  0.000e+00
     49.262     4.3413   2.998892    31.6054       4829    20.1167     2.7796  0.000e+00
     49.227     4.3411   2.998795    31.6045       4830    20.1208     2.7788  0.000e+00
     49.191     4.3407   2.998556    31.6021       4831    20.1250     2.7790  0.000e+00
     49.156     4.3396   2.998442    31.6018       4832    20.1292     2.7797  0.000e+00
     49.120     4.3383   2.998448    31.6031       4833    20.1333     2.7794  0.000e+00
     49.076     4.3375   2.998192    31.6010       4834    20.1375     2.7798  0.000e+00
     49.037     4.3363   2.997743    31.5969       4835    20.1417     2.7798  0.000e+00
     48.996     4.3341   2.997538    31.5967       4836    20.1458     2.7794  0.000e+00
     48.954     4.3316   2.997470    31.5983       4837    20.1500     2.7804  0.000e+00
     48.909     4.3300   2.997293    31.5978       4838    20.1542     2.7795  0.000e+00
     48.868     4.3285   2.997117    31.5972       4839    20.1583     2.7787  0.000e+00
     48.819     4.3271   2.997020    31.5974       4840    20.1625     2.7802  0.000e+00
     48.773     4.3258   2.996872    31.5969       4841    20.1667     2.7802  0.000e+00
     48.722     4.3246   2.996787    31.5971       4842    20.1708     2.7823  0.000e+00
     48.670     4.3236   2.996770    31.5979       4843    20.1750     2.7802  0.000e+00
     48.615     4.3228   2.996542    31.5961       4844    20.1792     2.7811  0.000e+00
     48.552     4.3218   2.996417    31.5956       4845    20.1833     2.7818  0.000e+00
     48.500     4.3205   2.996395    31.5966       4846    20.1875     2.7812  0.000e+00
     48.444     4.3197   2.996378    31.5971       4847    20.1917     2.7823  0.000e+00
     48.385     4.3192   2.996105    31.5945       4848    20.1958     2.7823  0.000e+00
     48.331     4.3182   2.996099    31.5954       4849    20.2000     2.7816  0.000e+00
     48.273     4.3174   2.996161    31.5970       4850    20.2042     2.7806  0.000e+00
     48.221     4.3171   2.995832    31.5934       4851    20.2083     2.7811  0.000e+00
     48.165     4.3162   2.995672    31.5925       4852    20.2125     2.7815  0.000e+00
     48.119     4.3148   2.995911    31.5966       4853    20.2167     2.7812  0.000e+00
     48.072     4.3146   2.995672    31.5940       4854    20.2208     2.7805  0.000e+00
     48.032     4.3141   2.995621    31.5939       4855    20.2250     2.7806  0.000e+00
     47.986     4.3134   2.995638    31.5949       4856    20.2292     2.7808  0.000e+00
     47.943     4.3131   2.995485    31.5934       4857    20.2333     2.7806  0.000e+00
     47.892     4.3123   2.995388    31.5930       4858    20.2375     2.7802  0.000e+00
     47.847     4.3112   2.995229    31.5922       4859    20.2417     2.7801  0.000e+00
     47.799     4.3104   2.995092    31.5915       4860    20.2458     2.7805  0.000e+00
     47.748     4.3094   2.995132    31.5929       4861    20.2500     2.7803  0.000e+00
     47.691     4.3088   2.995115    31.5933       4862    20.2542     2.7805  0.000e+00
     47.639     4.3085   2.994779    31.5897       4863    20.2583     2.7806  0.000e+00
