HB2401/sbe014.cnv
* Sea-Bird SBE 19plus V2 Data File:
* FileName = C:\cruise\data\sbe014.hex
* Software Version Seasave V 7.26.7.121
* Temperature SN = 7142
* Conductivity SN = 7142
* System UpLoad Time = Feb 18 2024 06:49:00
* NMEA Latitude = 41 12.92 N
* NMEA Longitude = 071 01.49 W
* NMEA UTC (Time) = Feb 18 2024  06:49:16
** Cruise: HB2401
** Program: ECOMON
# nquan = 8
# nvalues = 1322                                  
# units = specified
# name 0 = depSM: Depth [salt water, m]
# name 1 = tv290C: Temperature [ITS-90, deg C]
# name 2 = c0S/m: Conductivity [S/m]
# name 3 = sal00: Salinity, Practical [PSU]
# name 4 = scan: Scan Count
# name 5 = timeM: Time, Elapsed [minutes]
# name 6 = sbeox0V: Oxygen raw, SBE 43 [V]
# name 7 = flag:  0.000e+00
# span 0 =     -0.151,     30.808                 
# span 1 =    -2.4887,     4.5020                 
# span 2 =   0.000026,   3.011542                 
# span 3 =    -0.0040,    31.7901                 
# span 4 =         11,       1332                 
# span 5 =     0.0417,     5.5458                 
# span 6 =     2.5315,     3.0020                 
# span 7 = 0.0000e+00, 0.0000e+00                 
# interval = seconds: 0.25
# start_time = Feb 18 2024 06:49:16 [NMEA time, header]
# bad_flag = -9.990e-29
*END*
[from data line 899]
      8.894     4.3060   2.984608    31.4931        910     3.7875     2.8633  0.000e+00
      8.837     4.3059   2.984517    31.4921        911     3.7917     2.8633  0.000e+00
      8.793     4.3056   2.984313    31.4901        912     3.7958     2.8640  0.000e+00
      8.754     4.3047   2.984307    31.4908        913     3.8000     2.8635  0.000e+00
      8.718     4.3039   2.984403    31.4927        914     3.8042     2.8650  0.000e+00
      8.693     4.3037   2.984256    31.4913        915     3.8083     2.8640  0.000e+00
      8.655     4.3031   2.984227    31.4916        916     3.8125     2.8638  0.000e+00
      8.624     4.3026   2.984364    31.4936        917     3.8167     2.8639  0.000e+00
      8.578     4.3030   2.984460    31.4944        918     3.8208     2.8633  0.000e+00
      8.529     4.3036   2.984364    31.4927        919     3.8250     2.8638  0.000e+00
      8.468     4.3037   2.984307    31.4920        920     3.8292     2.8643  0.000e+00
      8.418     4.3033   2.984403    31.4935        921     3.8333     2.8642  0.000e+00
      8.342     4.3037   2.983972    31.4882        922     3.8375     2.8646  0.000e+00
      8.260     4.3027   2.983762    31.4866        923     3.8417     2.8655  0.000e+00
      8.175     4.3012   2.983705    31.4875        924     3.8458     2.8652  0.000e+00
      8.094     4.2999   2.983489    31.4862        925     3.8500     2.8649  0.000e+00
      8.024     4.2989   2.983625    31.4889        926     3.8542     2.8627  0.000e+00
      7.954     4.2985   2.983892    31.4923        927     3.8583     2.8638  0.000e+00
      7.913     4.2992   2.984074    31.4938        928     3.8625     2.8636  0.000e+00
      7.871     4.3002   2.984267    31.4952        929     3.8667     2.8640  0.000e+00
      7.859     4.3015   2.984460    31.4962        930     3.8708     2.8648  0.000e+00
      7.843     4.3028   2.984477    31.4951        931     3.8750     2.8646  0.000e+00
      7.834     4.3038   2.984369    31.4929        932     3.8792     2.8663  0.000e+00
      7.834     4.3037   2.983915    31.4877        933     3.8833     2.8665  0.000e+00
      7.830     4.3026   2.983762    31.4870        934     3.8875     2.8658  0.000e+00
      7.816     4.3010   2.983557    31.4861        935     3.8917     2.8652  0.000e+00
      7.799     4.2994   2.983586    31.4880        936     3.8958     2.8646  0.000e+00
      7.773     4.2984   2.983722    31.4906        937     3.9000     2.8635  0.000e+00
      7.738     4.2983   2.983983    31.4938        938     3.9042     2.8651  0.000e+00
      7.697     4.2991   2.984074    31.4940        939     3.9083     2.8643  0.000e+00
      7.656     4.3002   2.983818    31.4900        940     3.9125     2.8649  0.000e+00
      7.609     4.3001   2.983744    31.4893        941     3.9167     2.8636  0.000e+00
      7.546     4.2997   2.983682    31.4890        942     3.9208     2.8642  0.000e+00
      7.490     4.2990   2.983818    31.4912        943     3.9250     2.8640  0.000e+00
      7.420     4.2991   2.984443    31.4985        944     3.9292     2.8636  0.000e+00
      7.359     4.3006   2.984460    31.4972        945     3.9333     2.8646  0.000e+00
      7.309     4.3026   2.984437    31.4951        946     3.9375     2.8643  0.000e+00
      7.266     4.3035   2.984500    31.4951        947     3.9417     2.8640  0.000e+00
      7.221     4.3041   2.984011    31.4888        948     3.9458     2.8639  0.000e+00
      7.188     4.3032   2.984278    31.4928        949     3.9500     2.8639  0.000e+00
      7.160     4.3029   2.983818    31.4877        950     3.9542     2.8643  0.000e+00
      7.129     4.3019   2.983744    31.4878        951     3.9583     2.8646  0.000e+00
      7.099     4.3005   2.983744    31.4891        952     3.9625     2.8639  0.000e+00
      7.064     4.3000   2.983761    31.4898        953     3.9667     2.8642  0.000e+00
      7.028     4.2997   2.983761    31.4902        954     3.9708     2.8650  0.000e+00
      6.980     4.2996   2.983744    31.4901        955     3.9750     2.8646  0.000e+00
      6.928     4.2995   2.983625    31.4888        956     3.9792     2.8649  0.000e+00
      6.879     4.2992   2.983585    31.4887        957     3.9833     2.8650  0.000e+00
      6.820     4.2987   2.983597    31.4893        958     3.9875     2.8646  0.000e+00
      6.773     4.2985   2.983472    31.4880        959     3.9917     2.8649  0.000e+00
      6.716     4.2982   2.983335    31.4868        960     3.9958     2.8642  0.000e+00
      6.665     4.2972   2.983358    31.4880        961     4.0000     2.8636  0.000e+00
      6.604     4.2968   2.983415    31.4891        962     4.0042     2.8640  0.000e+00
      6.548     4.2969   2.983472    31.4897        963     4.0083     2.8623  0.000e+00
      6.504     4.2971   2.983409    31.4888        964     4.0125     2.8620  0.000e+00
      6.460     4.2973   2.982983    31.4837        965     4.0167     2.8622  0.000e+00
      6.416     4.2956   2.982790    31.4831        966     4.0208     2.8625  0.000e+00
      6.389     4.2929   2.980855    31.4631        967     4.0250     2.8627  0.000e+00
      6.347     4.2916   2.982597    31.4847        968     4.0292     2.8632  0.000e+00
      6.313     4.2899   2.982489    31.4851        969     4.0333     2.8630  0.000e+00
      6.291     4.2881   2.982347    31.4852        970     4.0375     2.8630  0.000e+00
      6.274     4.2863   2.982291    31.4862        971     4.0417     2.8627  0.000e+00
      6.245     4.2849   2.982291    31.4876        972     4.0458     2.8636  0.000e+00
      6.207     4.2842   2.982347    31.4889        973     4.0500     2.8628  0.000e+00
      6.166     4.2839   2.982308    31.4888        974     4.0542     2.8636  0.000e+00
      6.119     4.2839   2.982438    31.4904        975     4.0583     2.8638  0.000e+00
      6.081     4.2844   2.982523    31.4908        976     4.0625     2.8624  0.000e+00
      6.038     4.2853   2.982461    31.4893        977     4.0667     2.8633  0.000e+00
      6.009     4.2857   2.982416    31.4884        978     4.0708     2.8625  0.000e+00
      5.988     4.2856   2.982404    31.4883        979     4.0750     2.8629  0.000e+00
      5.973     4.2854   2.982427    31.4888        980     4.0792     2.8630  0.000e+00
      5.952     4.2853   2.982512    31.4899        981     4.0833     2.8639  0.000e+00
      5.928     4.2856   2.982501    31.4895        982     4.0875     2.8627  0.000e+00
      5.903     4.2861   2.982387    31.4878        983     4.0917     2.8624  0.000e+00
      5.869     4.2858   2.982455    31.4888        984     4.0958     2.8627  0.000e+00
      5.830     4.2857   2.982461    31.4890        985     4.1000     2.8633  0.000e+00
      5.783     4.2863   2.983063    31.4955        986     4.1042     2.8625  0.000e+00
      5.732     4.2892   2.983852    31.5019        987     4.1083     2.8633  0.000e+00
      5.686     4.2941   2.983801    31.4967        988     4.1125     2.8624  0.000e+00
      5.632     4.2970   2.983869    31.4947        989     4.1167     2.8625  0.000e+00
      5.589     4.2986   2.983704    31.4912        990     4.1208     2.8633  0.000e+00
      5.549     4.2991   2.983744    31.4912        991     4.1250     2.8629  0.000e+00
      5.520     4.2993   2.983852    31.4923        992     4.1292     2.8630  0.000e+00
      5.492     4.2998   2.983857    31.4920        993     4.1333     2.8625  0.000e+00
      5.466     4.3001   2.983840    31.4915        994     4.1375     2.8648  0.000e+00
      5.441     4.3004   2.983704    31.4896        995     4.1417     2.8629  0.000e+00
      5.412     4.3001   2.983414    31.4865        996     4.1458     2.8627  0.000e+00
      5.387     4.2986   2.983511    31.4891        997     4.1500     2.8630  0.000e+00
      5.359     4.2979   2.983522    31.4899        998     4.1542     2.8630  0.000e+00
      5.324     4.2977   2.983511    31.4901        999     4.1583     2.8633  0.000e+00
      5.283     4.2975   2.983216    31.4867       1000     4.1625     2.8640  0.000e+00
      5.238     4.2967   2.983153    31.4869       1001     4.1667     2.8633  0.000e+00
      5.190     4.2957   2.983278    31.4893       1002     4.1708     2.8630  0.000e+00
      5.136     4.2953   2.983216    31.4889       1003     4.1750     2.8652  0.000e+00
      5.080     4.2951   2.983187    31.4888       1004     4.1792     2.8640  0.000e+00
      5.028     4.2950   2.983471    31.4923       1005     4.1833     2.8647  0.000e+00
      4.969     4.2958   2.983545    31.4924       1006     4.1875     2.8643  0.000e+00
      4.916     4.2969   2.983335    31.4890       1007     4.1917     2.8630  0.000e+00
      4.870     4.2968   2.983045    31.4857       1008     4.1958     2.8640  0.000e+00
      4.832     4.2955   2.983045    31.4869       1009     4.2000     2.8622  0.000e+00
      4.800     4.2943   2.982949    31.4870       1010     4.2042     2.8617  0.000e+00
      4.774     4.2934   2.982813    31.4863       1011     4.2083     2.8611  0.000e+00
      4.756     4.2922   2.982489    31.4836       1012     4.2125     2.8601  0.000e+00
      4.742     4.2903   2.982540    31.4861       1013     4.2167     2.8603  0.000e+00
      4.742     4.2886   2.982523    31.4875       1014     4.2208     2.8591  0.000e+00
      4.717     4.2879   2.981995    31.4820       1015     4.2250     2.8602  0.000e+00
      4.701     4.2855   2.981961    31.4839       1016     4.2292     2.8604  0.000e+00
      4.684     4.2831   2.981995    31.4866       1017     4.2333     2.8619  0.000e+00
      4.656     4.2821   2.981978    31.4874       1018     4.2375     2.8624  0.000e+00
      4.618     4.2815   2.981938    31.4876       1019     4.2417     2.8623  0.000e+00
      4.582     4.2812   2.981882    31.4872       1020     4.2458     2.8620  0.000e+00
      4.557     4.2806   2.981921    31.4882       1021     4.2500     2.8631  0.000e+00
      4.528     4.2805   2.980508    31.4719       1022     4.2542     2.8637  0.000e+00
      4.492     4.2807   2.981864    31.4875       1023     4.2583     2.8630  0.000e+00
      4.453     4.2809   2.982341    31.4929       1024     4.2625     2.8629  0.000e+00
      4.415     4.2826   2.982500    31.4932       1025     4.2667     2.8636  0.000e+00
      4.372     4.2849   2.982500    31.4910       1026     4.2708     2.8643  0.000e+00
      4.327     4.2864   2.982307    31.4873       1027     4.2750     2.8634  0.000e+00
      4.262     4.2864   2.982267    31.4869       1028     4.2792     2.8622  0.000e+00
      4.204     4.2857   2.982228    31.4871       1029     4.2833     2.8627  0.000e+00
      4.154     4.2852   2.982160    31.4868       1030     4.2875     2.8623  0.000e+00
      4.118     4.2845   2.982097    31.4868       1031     4.2917     2.8625  0.000e+00
      4.106     4.2839   2.982171    31.4882       1032     4.2958     2.8622  0.000e+00
      4.109     4.2837   2.982194    31.4887       1033     4.3000     2.8635  0.000e+00
      4.118     4.2840   2.982228    31.4888       1034     4.3042     2.8627  0.000e+00
      4.142     4.2841   2.982216    31.4885       1035     4.3083     2.8628  0.000e+00
      4.156     4.2842   2.982228    31.4885       1036     4.3125     2.8632  0.000e+00
      4.168     4.2843   2.982324    31.4896       1037     4.3167     2.8629  0.000e+00
      4.167     4.2849   2.982398    31.4899       1038     4.3208     2.8643  0.000e+00
      4.154     4.2856   2.982387    31.4891       1039     4.3250     2.8648  0.000e+00
      4.129     4.2862   2.982443    31.4892       1040     4.3292     2.8651  0.000e+00
      4.053     4.2868   2.982472    31.4889       1041     4.3333     2.8654  0.000e+00
      3.955     4.2874   2.982154    31.4847       1042     4.3375     2.8664  0.000e+00
      3.841     4.2863   2.981978    31.4838       1043     4.3417     2.8653  0.000e+00
      3.728     4.2844   2.982012    31.4861       1044     4.3458     2.8663  0.000e+00
      3.645     4.2833   2.982228    31.4897       1045     4.3500     2.8665  0.000e+00
      3.615     4.2836   2.982250    31.4896       1046     4.3542     2.8653  0.000e+00
      3.617     4.2846   2.982086    31.4868       1047     4.3583     2.8662  0.000e+00
      3.642     4.2846   2.981995    31.4857       1048     4.3625     2.8649  0.000e+00
      3.683     4.2835   2.982057    31.4875       1049     4.3667     2.8650  0.000e+00
      3.728     4.2831   2.982307    31.4907       1050     4.3708     2.8633  0.000e+00
      3.780     4.2842   2.982307    31.4896       1051     4.3750     2.8645  0.000e+00
      3.841     4.2852   2.982307    31.4887       1052     4.3792     2.8643  0.000e+00
      3.892     4.2857   2.982250    31.4875       1053     4.3833     2.8636  0.000e+00
      3.904     4.2856   2.982228    31.4873       1054     4.3875     2.8645  0.000e+00
      3.913     4.2853   2.982154    31.4867       1055     4.3917     2.8641  0.000e+00
      3.839     4.2848   2.981830    31.4835       1056     4.3958     2.8644  0.000e+00
      3.712     4.2830   2.981864    31.4857       1057     4.4000     2.8632  0.000e+00
      3.568     4.2815   2.981904    31.4876       1058     4.4042     2.8625  0.000e+00
      3.408     4.2811   2.981898    31.4881       1059     4.4083     2.8624  0.000e+00
      3.286     4.2813   2.981995    31.4891       1060     4.4125     2.8630  0.000e+00
      3.210     4.2815   2.982029    31.4893       1061     4.4167     2.8619  0.000e+00
      3.174     4.2821   2.982171    31.4904       1062     4.4208     2.8625  0.000e+00
      3.147     4.2831   2.982210    31.4899       1063     4.4250     2.8621  0.000e+00
      3.131     4.2840   2.982267    31.4898       1064     4.4292     2.8625  0.000e+00
      3.110     4.2847   2.982347    31.4900       1065     4.4333     2.8627  0.000e+00
      3.097     4.2856   2.982364    31.4894       1066     4.4375     2.8639  0.000e+00
      3.097     4.2864   2.982324    31.4881       1067     4.4417     2.8642  0.000e+00
      3.122     4.2863   2.982267    31.4875       1068     4.4458     2.8645  0.000e+00
      3.162     4.2862   2.982307    31.4881       1069     4.4500     2.8647  0.000e+00
      3.192     4.2862   2.982364    31.4887       1070     4.4542     2.8649  0.000e+00
      3.208     4.2865   2.982347    31.4882       1071     4.4583     2.8640  0.000e+00
      3.223     4.2867   2.982403    31.4887       1072     4.4625     2.8641  0.000e+00
      3.235     4.2868   2.982341    31.4878       1073     4.4667     2.8643  0.000e+00
      3.228     4.2869   2.982290    31.4871       1074     4.4708     2.8637  0.000e+00
      3.180     4.2866   2.982154    31.4859       1075     4.4750     2.8649  0.000e+00
      3.115     4.2856   2.981847    31.4833       1076     4.4792     2.8636  0.000e+00
      3.027     4.2837   2.981728    31.4838       1077     4.4833     2.8636  0.000e+00
      2.930     4.2813   2.981995    31.4892       1078     4.4875     2.8633  0.000e+00
      2.820     4.2812   2.981955    31.4890       1079     4.4917     2.8640  0.000e+00
      2.710     4.2815   2.979537    31.4605       1080     4.4958     2.8646  0.000e+00
      2.630     4.2807   2.981784    31.4876       1081     4.5000     2.8643  0.000e+00
      2.583     4.2801   2.981716    31.4873       1082     4.5042     2.8649  0.000e+00
      2.577     4.2796   2.981631    31.4868       1083     4.5083     2.8650  0.000e+00
      2.613     4.2787   2.981535    31.4865       1084     4.5125     2.8652  0.000e+00
      2.667     4.2777   2.981512    31.4872       1085     4.5167     2.8648  0.000e+00
      2.728     4.2769   2.981495    31.4878       1086     4.5208     2.8666  0.000e+00
      2.807     4.2765   2.981461    31.4877       1087     4.5250     2.8662  0.000e+00
      2.888     4.2761   2.981472    31.4881       1088     4.5292     2.8661  0.000e+00
