HB2401/sbe022.cnv
* Sea-Bird SBE 19plus V2 Data File:
* FileName = C:\cruise\data\sbe022.hex
* Software Version Seasave V 7.26.7.121
* Temperature SN = 7142
* Conductivity SN = 7142
* System UpLoad Time = Feb 20 2024 04:10:47
* NMEA Latitude = 40 05.61 N
* NMEA Longitude = 073 02.04 W
* NMEA UTC (Time) = Feb 20 2024  04:11:04
** Cruise: HB2401
** Program: ECOMON
# nquan = 8
# nvalues = 1426                                  
# units = specified
# name 0 = depSM: Depth [salt water, m]
# name 1 = tv290C: Temperature [ITS-90, deg C]
# name 2 = c0S/m: Conductivity [S/m]
# name 3 = sal00: Salinity, Practical [PSU]
# name 4 = scan: Scan Count
# name 5 = timeM: Time, Elapsed [minutes]
# name 6 = sbeox0V: Oxygen raw, SBE 43 [V]
# name 7 = flag:  0.000e+00
# span 0 =      0.071,     42.992                 
# span 1 =     3.1288,     6.9247                 
# span 2 =   0.000014,   3.265184                 
# span 3 =     0.0006,    32.2622                 
# span 4 =         11,       1436                 
# span 5 =     0.0417,     5.9792                 
# span 6 =     2.2076,     3.0092                 
# span 7 = 0.0000e+00, 0.0000e+00                 
# interval = seconds: 0.25
# start_time = Feb 20 2024 04:11:04 [NMEA time, header]
# bad_flag = -9.990e-29
*END*
[from data line 720]
     27.237     6.8963   3.259308    32.1330        731     3.0417     2.8478  0.000e+00
     27.179     6.8951   3.259185    32.1329        732     3.0458     2.8474  0.000e+00
     27.125     6.8938   3.259079    32.1329        733     3.0500     2.8480  0.000e+00
     27.069     6.8928   3.259044    32.1335        734     3.0542     2.8489  0.000e+00
     27.019     6.8922   3.259285    32.1367        735     3.0583     2.8490  0.000e+00
     26.978     6.8923   3.258797    32.1314        736     3.0625     2.8470  0.000e+00
     26.927     6.8915   3.258979    32.1340        737     3.0667     2.8467  0.000e+00
     26.881     6.8908   3.258697    32.1317        738     3.0708     2.8472  0.000e+00
     26.830     6.8901   3.258962    32.1352        739     3.0750     2.8470  0.000e+00
     26.787     6.8902   3.258879    32.1342        740     3.0792     2.8478  0.000e+00
     26.739     6.8902   3.258632    32.1316        741     3.0833     2.8481  0.000e+00
     26.696     6.8896   3.258574    32.1315        742     3.0875     2.8484  0.000e+00
     26.644     6.8888   3.258615    32.1328        743     3.0917     2.8483  0.000e+00
     26.593     6.8884   3.258268    32.1293        744     3.0958     2.8480  0.000e+00
     26.548     6.8873   3.258327    32.1311        745     3.1000     2.8474  0.000e+00
     26.493     6.8862   3.258004    32.1286        746     3.1042     2.8472  0.000e+00
     26.446     6.8852   3.258133    32.1309        747     3.1083     2.8476  0.000e+00
     26.399     6.8842   3.258045    32.1310        748     3.1125     2.8481  0.000e+00
     26.354     6.8840   3.258127    32.1320        749     3.1167     2.8481  0.000e+00
     26.309     6.8842   3.257963    32.1301        750     3.1208     2.8475  0.000e+00
     26.270     6.8837   3.257411    32.1246        751     3.1250     2.8499  0.000e+00
     26.232     6.8820   3.257270    32.1247        752     3.1292     2.8477  0.000e+00
     26.189     6.8798   3.257228    32.1263        753     3.1333     2.8483  0.000e+00
     26.158     6.8785   3.257023    32.1252        754     3.1375     2.8483  0.000e+00
     26.124     6.8773   3.256905    32.1251        755     3.1417     2.8474  0.000e+00
     26.088     6.8760   3.256618    32.1232        756     3.1458     2.8493  0.000e+00
     26.058     6.8745   3.256394    32.1221        757     3.1500     2.8474  0.000e+00
     26.027     6.8728   3.256253    32.1222        758     3.1542     2.8474  0.000e+00
     25.993     6.8713   3.256212    32.1232        759     3.1583     2.8480  0.000e+00
     25.962     6.8703   3.256430    32.1265        760     3.1625     2.8473  0.000e+00
     25.934     6.8703   3.256189    32.1239        761     3.1667     2.8461  0.000e+00
     25.903     6.8702   3.256089    32.1229        762     3.1708     2.8467  0.000e+00
     25.874     6.8693   3.255925    32.1220        763     3.1750     2.8479  0.000e+00
     25.851     6.8684   3.255848    32.1220        764     3.1792     2.8477  0.000e+00
     25.820     6.8675   3.255848    32.1228        765     3.1833     2.8482  0.000e+00
     25.788     6.8669   3.255701    32.1218        766     3.1875     2.8478  0.000e+00
     25.756     6.8662   3.255619    32.1215        767     3.1917     2.8474  0.000e+00
     25.721     6.8655   3.255420    32.1200        768     3.1958     2.8500  0.000e+00
     25.687     6.8646   3.255114    32.1176        769     3.2000     2.8495  0.000e+00
     25.648     6.8629   3.255091    32.1189        770     3.2042     2.8477  0.000e+00
     25.610     6.8618   3.254809    32.1169        771     3.2083     2.8474  0.000e+00
     25.565     6.8603   3.254709    32.1172        772     3.2125     2.8483  0.000e+00
     25.522     6.8592   3.255196    32.1236        773     3.2167     2.8479  0.000e+00
     25.477     6.8597   3.255155    32.1227        774     3.2208     2.8483  0.000e+00
     25.441     6.8603   3.254821    32.1185        775     3.2250     2.8478  0.000e+00
     25.401     6.8599   3.254768    32.1184        776     3.2292     2.8508  0.000e+00
     25.369     6.8590   3.254727    32.1187        777     3.2333     2.8525  0.000e+00
     25.335     6.8584   3.254503    32.1169        778     3.2375     2.8496  0.000e+00
     25.304     6.8576   3.254362    32.1161        779     3.2417     2.8525  0.000e+00
     25.276     6.8562   3.254157    32.1151        780     3.2458     2.8506  0.000e+00
     25.251     6.8552   3.253629    32.1103        781     3.2500     2.8487  0.000e+00
     25.218     6.8531   3.253347    32.1092        782     3.2542     2.8536  0.000e+00
     25.193     6.8505   3.253893    32.1176        783     3.2583     2.8479  0.000e+00
     25.159     6.8501   3.253834    32.1174        784     3.2625     2.8490  0.000e+00
     25.125     6.8503   3.253018    32.1083        785     3.2667     2.8528  0.000e+00
     25.087     6.8486   3.252977    32.1094        786     3.2708     2.8479  0.000e+00
     25.046     6.8468   3.252654    32.1076        787     3.2750     2.8474  0.000e+00
     25.008     6.8451   3.252695    32.1097        788     3.2792     2.8521  0.000e+00
     24.963     6.8440   3.252736    32.1112        789     3.2833     2.8485  0.000e+00
     24.925     6.8435   3.252648    32.1107        790     3.2875     2.8499  0.000e+00
     24.884     6.8430   3.252531    32.1099        791     3.2917     2.8490  0.000e+00
     24.841     6.8424   3.252407    32.1091        792     3.2958     2.8482  0.000e+00
     24.805     6.8418   3.252390    32.1095        793     3.3000     2.8504  0.000e+00
     24.769     6.8412   3.252554    32.1119        794     3.3042     2.8506  0.000e+00
     24.731     6.8413   3.252936    32.1160        795     3.3083     2.8485  0.000e+00
     24.695     6.8427   3.252836    32.1136        796     3.3125     2.8480  0.000e+00
     24.661     6.8434   3.252331    32.1075        797     3.3167     2.8497  0.000e+00
     24.627     6.8426   3.252490    32.1100        798     3.3208     2.8485  0.000e+00
     24.598     6.8418   3.252043    32.1058        799     3.3250     2.8523  0.000e+00
     24.566     6.8404   3.251820    32.1047        800     3.3292     2.8526  0.000e+00
     24.530     6.8387   3.251902    32.1072        801     3.3333     2.8535  0.000e+00
     24.506     6.8377   3.251803    32.1070        802     3.3375     2.8535  0.000e+00
     24.470     6.8373   3.251697    32.1063        803     3.3417     2.8537  0.000e+00
     24.442     6.8366   3.251474    32.1045        804     3.3458     2.8530  0.000e+00
     24.413     6.8357   3.251433    32.1050        805     3.3500     2.8535  0.000e+00
     24.384     6.8345   3.251110    32.1025        806     3.3542     2.8535  0.000e+00
     24.355     6.8335   3.251239    32.1050        807     3.3583     2.8529  0.000e+00
     24.323     6.8328   3.250928    32.1022        808     3.3625     2.8534  0.000e+00
     24.292     6.8318   3.250846    32.1022        809     3.3667     2.8526  0.000e+00
     24.264     6.8309   3.250723    32.1017        810     3.3708     2.8536  0.000e+00
     24.228     6.8301   3.250828    32.1036        811     3.3750     2.8530  0.000e+00
     24.201     6.8296   3.250300    32.0984        812     3.3792     2.8525  0.000e+00
     24.168     6.8282   3.250259    32.0992        813     3.3833     2.8534  0.000e+00
     24.134     6.8270   3.250236    32.1001        814     3.3875     2.8522  0.000e+00
     24.106     6.8261   3.249831    32.0965        815     3.3917     2.8534  0.000e+00
     24.075     6.8247   3.249790    32.0975        816     3.3958     2.8531  0.000e+00
     24.046     6.8234   3.249666    32.0973        817     3.4000     2.8477  0.000e+00
     24.023     6.8227   3.249525    32.0964        818     3.4042     2.8528  0.000e+00
     24.007     6.8215   3.248997    32.0918        819     3.4083     2.8535  0.000e+00
     23.985     6.8201   3.249162    32.0949        820     3.4125     2.8489  0.000e+00
     23.967     6.8191   3.248874    32.0927        821     3.4167     2.8496  0.000e+00
     23.949     6.8179   3.248616    32.0910        822     3.4208     2.8530  0.000e+00
     23.935     6.8164   3.248510    32.0912        823     3.4250     2.8500  0.000e+00
     23.919     6.8153   3.248287    32.0899        824     3.4292     2.8521  0.000e+00
     23.904     6.8140   3.248493    32.0934        825     3.4333     2.8535  0.000e+00
     23.879     6.8132   3.248370    32.0927        826     3.4375     2.8531  0.000e+00
     23.863     6.8131   3.248147    32.0904        827     3.4417     2.8537  0.000e+00
     23.840     6.8123   3.247800    32.0874        828     3.4458     2.8582  0.000e+00
     23.813     6.8112   3.247759    32.0879        829     3.4500     2.8521  0.000e+00
     23.782     6.8100   3.247478    32.0860        830     3.4542     2.8529  0.000e+00
     23.750     6.8089   3.246967    32.0815        831     3.4583     2.8554  0.000e+00
     23.716     6.8068   3.246604    32.0795        832     3.4625     2.8541  0.000e+00
     23.681     6.8043   3.246486    32.0806        833     3.4667     2.8551  0.000e+00
     23.653     6.8027   3.246604    32.0833        834     3.4708     2.8564  0.000e+00
     23.617     6.8017   3.245389    32.0710        835     3.4750     2.8588  0.000e+00
     23.584     6.7991   3.244920    32.0683        836     3.4792     2.8583  0.000e+00
     23.552     6.7956   3.245853    32.0818        837     3.4833     2.8585  0.000e+00
     23.525     6.7950   3.246017    32.0842        838     3.4875     2.8579  0.000e+00
     23.498     6.7961   3.245835    32.0812        839     3.4917     2.8599  0.000e+00
     23.477     6.7965   3.245331    32.0752        840     3.4958     2.8597  0.000e+00
     23.455     6.7955   3.244598    32.0681        841     3.5000     2.8603  0.000e+00
     23.439     6.7929   3.243788    32.0618        842     3.5042     2.8608  0.000e+00
     23.417     6.7891   3.243507    32.0622        843     3.5083     2.8606  0.000e+00
     23.401     6.7860   3.243366    32.0636        844     3.5125     2.8610  0.000e+00
     23.385     6.7837   3.243143    32.0633        845     3.5167     2.8612  0.000e+00
     23.361     6.7819   3.242815    32.0614        846     3.5208     2.8592  0.000e+00
     23.331     6.7803   3.242756    32.0622        847     3.5250     2.8574  0.000e+00
     23.306     6.7791   3.242657    32.0623        848     3.5292     2.8586  0.000e+00
     23.273     6.7781   3.242510    32.0616        849     3.5333     2.8545  0.000e+00
     23.252     6.7774   3.242229    32.0593        850     3.5375     2.8541  0.000e+00
     23.237     6.7764   3.242170    32.0595        851     3.5417     2.8555  0.000e+00
     23.210     6.7755   3.242147    32.0601        852     3.5458     2.8565  0.000e+00
     23.192     6.7751   3.242088    32.0599        853     3.5500     2.8577  0.000e+00
     23.171     6.7747   3.242211    32.0616        854     3.5542     2.8565  0.000e+00
     23.162     6.7746   3.242170    32.0613        855     3.5583     2.8574  0.000e+00
     23.135     6.7747   3.242211    32.0616        856     3.5625     2.8576  0.000e+00
     23.122     6.7749   3.242129    32.0606        857     3.5667     2.8584  0.000e+00
     23.103     6.7747   3.242105    32.0604        858     3.5708     2.8540  0.000e+00
     23.081     6.7745   3.242088    32.0605        859     3.5750     2.8558  0.000e+00
     23.058     6.7745   3.242047    32.0601        860     3.5792     2.8581  0.000e+00
     23.031     6.7741   3.242006    32.0600        861     3.5833     2.8582  0.000e+00
     23.002     6.7739   3.242006    32.0602        862     3.5875     2.8574  0.000e+00
     22.975     6.7736   3.241988    32.0603        863     3.5917     2.8582  0.000e+00
     22.950     6.7737   3.242006    32.0604        864     3.5958     2.8583  0.000e+00
     22.921     6.7734   3.242006    32.0607        865     3.6000     2.8589  0.000e+00
     22.889     6.7735   3.242006    32.0606        866     3.6042     2.8568  0.000e+00
     22.862     6.7737   3.241947    32.0598        867     3.6083     2.8587  0.000e+00
     22.835     6.7734   3.241947    32.0601        868     3.6125     2.8589  0.000e+00
     22.810     6.7733   3.241947    32.0602        869     3.6167     2.8587  0.000e+00
     22.786     6.7734   3.241947    32.0601        870     3.6208     2.8586  0.000e+00
     22.765     6.7733   3.241947    32.0602        871     3.6250     2.8596  0.000e+00
     22.743     6.7733   3.241906    32.0598        872     3.6292     2.8606  0.000e+00
     22.723     6.7733   3.241906    32.0598        873     3.6333     2.8603  0.000e+00
     22.702     6.7731   3.241883    32.0597        874     3.6375     2.8619  0.000e+00
     22.677     6.7730   3.241883    32.0599        875     3.6417     2.8609  0.000e+00
     22.660     6.7730   3.241865    32.0596        876     3.6458     2.8608  0.000e+00
     22.639     6.7731   3.241865    32.0596        877     3.6500     2.8617  0.000e+00
     22.617     6.7730   3.241836    32.0594        878     3.6542     2.8625  0.000e+00
     22.588     6.7728   3.241865    32.0598        879     3.6583     2.8630  0.000e+00
     22.563     6.7729   3.241882    32.0600        880     3.6625     2.8634  0.000e+00
     22.538     6.7729   3.241865    32.0598        881     3.6667     2.8632  0.000e+00
     22.511     6.7728   3.241847    32.0597        882     3.6708     2.8635  0.000e+00
     22.490     6.7728   3.241824    32.0594        883     3.6750     2.8628  0.000e+00
     22.468     6.7727   3.241701    32.0583        884     3.6792     2.8632  0.000e+00
     22.443     6.7726   3.241542    32.0566        885     3.6833     2.8622  0.000e+00
     22.420     6.7722   3.241519    32.0567        886     3.6875     2.8628  0.000e+00
     22.396     6.7718   3.241402    32.0558        887     3.6917     2.8625  0.000e+00
     22.373     6.7715   3.241402    32.0561        888     3.6958     2.8630  0.000e+00
     22.348     6.7712   3.241361    32.0560        889     3.7000     2.8624  0.000e+00
     22.328     6.7710   3.241320    32.0557        890     3.7042     2.8625  0.000e+00
     22.299     6.7707   3.241337    32.0562        891     3.7083     2.8631  0.000e+00
     22.276     6.7707   3.241337    32.0562        892     3.7125     2.8620  0.000e+00
     22.243     6.7705   3.241337    32.0564        893     3.7167     2.8619  0.000e+00
     22.218     6.7706   3.241138    32.0541        894     3.7208     2.8620  0.000e+00
     22.197     6.7704   3.241032    32.0532        895     3.7250     2.8616  0.000e+00
     22.170     6.7701   3.240833    32.0513        896     3.7292     2.8622  0.000e+00
     22.150     6.7696   3.240851    32.0519        897     3.7333     2.8611  0.000e+00
     22.128     6.7692   3.240833    32.0522        898     3.7375     2.8621  0.000e+00
     22.109     6.7691   3.240774    32.0516        899     3.7417     2.8625  0.000e+00
     22.092     6.7688   3.240792    32.0521        900     3.7458     2.8635  0.000e+00
     22.073     6.7686   3.240774    32.0521        901     3.7500     2.8631  0.000e+00
     22.060     6.7685   3.240774    32.0522        902     3.7542     2.8639  0.000e+00
     22.042     6.7685   3.240810    32.0526        903     3.7583     2.8639  0.000e+00
     22.026     6.7686   3.240792    32.0523        904     3.7625     2.8649  0.000e+00
     22.004     6.7692   3.240792    32.0517        905     3.7667     2.8642  0.000e+00
     21.976     6.7693   3.240733    32.0510        906     3.7708     2.8629  0.000e+00
     21.952     6.7692   3.240510    32.0487        907     3.7750     2.8647  0.000e+00
     21.918     6.7691   3.240247    32.0459        908     3.7792     2.8639  0.000e+00
