HB2401/sbe032.cnv
* Sea-Bird SBE 19plus V2 Data File:
* FileName = C:\cruise\data\sbe032.hex
* Software Version Seasave V 7.26.7.121
* Temperature SN = 7142
* Conductivity SN = 7142
* System UpLoad Time = Feb 21 2024 08:30:45
* NMEA Latitude = 40 01.57 N
* NMEA Longitude = 070 35.88 W
* NMEA UTC (Time) = Feb 21 2024  08:31:03
** Cruise: HB2401
** Program: ECOMON
# nquan = 8
# nvalues = 3813                                  
# units = specified
# name 0 = depSM: Depth [salt water, m]
# name 1 = tv290C: Temperature [ITS-90, deg C]
# name 2 = c0S/m: Conductivity [S/m]
# name 3 = sal00: Salinity, Practical [PSU]
# name 4 = scan: Scan Count
# name 5 = timeM: Time, Elapsed [minutes]
# name 6 = sbeox0V: Oxygen raw, SBE 43 [V]
# name 7 = flag:  0.000e+00
# span 0 =      0.068,    185.917                 
# span 1 =     1.8203,    12.9443                 
# span 2 =   0.000003,   4.103236                 
# span 3 =    -0.0004,    35.3413                 
# span 4 =         11,       3823                 
# span 5 =     0.0417,    15.9250                 
# span 6 =     0.0001,     3.0307                 
# span 7 = 0.0000e+00, 0.0000e+00                 
# interval = seconds: 0.25
# start_time = Feb 21 2024 08:31:03 [NMEA time, header]
# bad_flag = -9.990e-29
*END*
[from data line 360]
     33.981     5.8135   3.181330    32.2898        371     1.5417     2.8154  0.000e+00
     34.112     5.8154   3.180184    32.2750        372     1.5458     2.8149  0.000e+00
     34.232     5.8125   3.179777    32.2731        373     1.5500     2.8156  0.000e+00
     34.362     5.8082   3.180818    32.2888        374     1.5542     2.8138  0.000e+00
     34.491     5.8087   3.181488    32.2959        375     1.5583     2.8141  0.000e+00
     34.622     5.8128   3.181016    32.2866        376     1.5625     2.8128  0.000e+00
     34.755     5.8140   3.180894    32.2839        377     1.5667     2.8142  0.000e+00
     34.896     5.8134   3.180679    32.2820        378     1.5708     2.8144  0.000e+00
     35.032     5.8120   3.180580    32.2823        379     1.5750     2.8131  0.000e+00
     35.183     5.8103   3.180731    32.2855        380     1.5792     2.8149  0.000e+00
     35.334     5.8100   3.180597    32.2842        381     1.5833     2.8147  0.000e+00
     35.489     5.8094   3.180539    32.2840        382     1.5875     2.8146  0.000e+00
     35.650     5.8089   3.180935    32.2889        383     1.5917     2.8150  0.000e+00
     35.812     5.8096   3.181052    32.2894        384     1.5958     2.8145  0.000e+00
     35.974     5.8110   3.181290    32.2907        385     1.6000     2.8145  0.000e+00
     36.141     5.8125   3.181331    32.2896        386     1.6042     2.8135  0.000e+00
     36.299     5.8138   3.181511    32.2903        387     1.6083     2.8140  0.000e+00
     36.465     5.8153   3.182030    32.2946        388     1.6125     2.8135  0.000e+00
     36.621     5.8179   3.182064    32.2925        389     1.6167     2.8136  0.000e+00
     36.777     5.8200   3.181628    32.2854        390     1.6208     2.8137  0.000e+00
     36.935     5.8196   3.181430    32.2836        391     1.6250     2.8136  0.000e+00
     37.090     5.8180   3.181453    32.2853        392     1.6292     2.8146  0.000e+00
     37.248     5.8169   3.181372    32.2854        393     1.6333     2.8148  0.000e+00
     37.403     5.8160   3.181314    32.2855        394     1.6375     2.8136  0.000e+00
     37.565     5.8150   3.180540    32.2776        395     1.6417     2.8145  0.000e+00
     37.723     5.8121   3.180424    32.2790        396     1.6458     2.8133  0.000e+00
     37.883     5.8090   3.180523    32.2830        397     1.6500     2.8134  0.000e+00
     38.039     5.8076   3.180697    32.2863        398     1.6542     2.8130  0.000e+00
     38.194     5.8073   3.179947    32.2780        399     1.6583     2.8131  0.000e+00
     38.339     5.8049   3.179650    32.2769        400     1.6625     2.8131  0.000e+00
     38.483     5.8015   3.179272    32.2759        401     1.6667     2.8122  0.000e+00
     38.625     5.7982   3.179313    32.2794        402     1.6708     2.8129  0.000e+00
     38.756     5.7959   3.179609    32.2849        403     1.6750     2.8136  0.000e+00
     38.886     5.7958   3.179714    32.2861        404     1.6792     2.8140  0.000e+00
     39.006     5.7967   3.179790    32.2860        405     1.6833     2.8141  0.000e+00
     39.134     5.7972   3.179889    32.2866        406     1.6875     2.8148  0.000e+00
     39.259     5.7983   3.180523    32.2926        407     1.6917     2.8147  0.000e+00
     39.383     5.8012   3.180797    32.2928        408     1.6958     2.8151  0.000e+00
     39.504     5.8043   3.180995    32.2921        409     1.7000     2.8156  0.000e+00
     39.628     5.8070   3.180680    32.2859        410     1.7042     2.8174  0.000e+00
     39.761     5.8074   3.180325    32.2815        411     1.7083     2.8161  0.000e+00
     39.892     5.8060   3.180110    32.2803        412     1.7125     2.8167  0.000e+00
     40.028     5.8039   3.180046    32.2815        413     1.7167     2.8167  0.000e+00
     40.174     5.8022   3.180046    32.2831        414     1.7208     2.8161  0.000e+00
     40.327     5.8011   3.180500    32.2891        415     1.7250     2.8155  0.000e+00
     40.487     5.8022   3.181053    32.2942        416     1.7292     2.8168  0.000e+00
     40.654     5.8052   3.180919    32.2898        417     1.7333     2.8152  0.000e+00
     40.828     5.8071   3.180756    32.2860        418     1.7375     2.8161  0.000e+00
     41.010     5.8073   3.180657    32.2847        419     1.7417     2.8158  0.000e+00
     41.195     5.8067   3.180611    32.2846        420     1.7458     2.8153  0.000e+00
     41.375     5.8060   3.180599    32.2850        421     1.7500     2.8170  0.000e+00
     41.551     5.8057   3.180658    32.2859        422     1.7542     2.8166  0.000e+00
     41.727     5.8056   3.180757    32.2871        423     1.7583     2.8145  0.000e+00
     41.894     5.8058   3.180896    32.2883        424     1.7625     2.8156  0.000e+00
     42.052     5.8064   3.181374    32.2930        425     1.7667     2.8139  0.000e+00
     42.207     5.8087   3.181490    32.2920        426     1.7708     2.8136  0.000e+00
     42.356     5.8112   3.181414    32.2888        427     1.7750     2.8125  0.000e+00
     42.503     5.8122   3.181298    32.2864        428     1.7792     2.8120  0.000e+00
     42.645     5.8122   3.181391    32.2874        429     1.7833     2.8117  0.000e+00
     42.780     5.8123   3.181985    32.2940        430     1.7875     2.8110  0.000e+00
     42.915     5.8145   3.182718    32.3000        431     1.7917     2.8112  0.000e+00
     43.048     5.8191   3.183574    32.3051        432     1.7958     2.8113  0.000e+00
     43.186     5.8252   3.183551    32.2990        433     1.8000     2.8125  0.000e+00
     43.325     5.8293   3.183650    32.2961        434     1.8042     2.8129  0.000e+00
     43.467     5.8319   3.184086    32.2984        435     1.8083     2.8124  0.000e+00
     43.618     5.8347   3.184180    32.2968        436     1.8125     2.8135  0.000e+00
     43.761     5.8368   3.184168    32.2945        437     1.8167     2.8133  0.000e+00
     43.914     5.8383   3.184482    32.2966        438     1.8208     2.8142  0.000e+00
     44.062     5.8398   3.184448    32.2946        439     1.8250     2.8142  0.000e+00
     44.207     5.8408   3.184721    32.2967        440     1.8292     2.8139  0.000e+00
     44.351     5.8423   3.186014    32.3097        441     1.8333     2.8141  0.000e+00
     44.489     5.8474   3.186847    32.3141        442     1.8375     2.8138  0.000e+00
     44.628     5.8545   3.187383    32.3133        443     1.8417     2.8139  0.000e+00
     44.761     5.8610   3.187878    32.3125        444     1.8458     2.8139  0.000e+00
     44.894     5.8667   3.188023    32.3087        445     1.8500     2.8148  0.000e+00
     45.023     5.8708   3.188711    32.3124        446     1.8542     2.8145  0.000e+00
     45.160     5.8754   3.189684    32.3189        447     1.8583     2.8135  0.000e+00
     45.295     5.8817   3.189666    32.3125        448     1.8625     2.8148  0.000e+00
     45.440     5.8861   3.189905    32.3110        449     1.8667     2.8135  0.000e+00
     45.591     5.8891   3.190103    32.3103        450     1.8708     2.8135  0.000e+00
     45.746     5.8913   3.189707    32.3037        451     1.8750     2.8138  0.000e+00
     45.915     5.8912   3.189882    32.3056        452     1.8792     2.8142  0.000e+00
     46.093     5.8911   3.190878    32.3168        453     1.8833     2.8149  0.000e+00
     46.272     5.8943   3.191950    32.3257        454     1.8875     2.8151  0.000e+00
     46.457     5.9007   3.193104    32.3324        455     1.8917     2.8152  0.000e+00
     46.641     5.9093   3.194258    32.3371        456     1.8958     2.8154  0.000e+00
     46.824     5.9192   3.197261    32.3612        457     1.9000     2.8155  0.000e+00
     47.004     5.9351   3.200352    32.3804        458     1.9042     2.8161  0.000e+00
     47.178     5.9570   3.205084    32.4124        459     1.9083     2.8177  0.000e+00
     47.344     5.9864   3.216813    32.5155        460     1.9125     2.8158  0.000e+00
     47.500     6.0419   3.224123    32.5440        461     1.9167     2.8167  0.000e+00
     47.645     6.1080   3.226720    32.5095        462     1.9208     2.8178  0.000e+00
     47.778     6.1583   3.228031    32.4759        463     1.9250     2.8184  0.000e+00
     47.912     6.1907   3.231209    32.4803        464     1.9292     2.8190  0.000e+00
     48.032     6.2169   3.233130    32.4766        465     1.9333     2.8177  0.000e+00
     48.147     6.2395   3.235590    32.4822        466     1.9375     2.8167  0.000e+00
     48.262     6.2612   3.239047    32.5000        467     1.9417     2.8174  0.000e+00
     48.388     6.2846   3.240500    32.4937        468     1.9458     2.8148  0.000e+00
     48.519     6.3043   3.241655    32.4876        469     1.9500     2.8138  0.000e+00
     48.654     6.3203   3.245484    32.5148        470     1.9542     2.8134  0.000e+00
     48.798     6.3392   3.250554    32.5530        471     1.9583     2.8110  0.000e+00
     48.949     6.3662   3.256630    32.5945        472     1.9625     2.8106  0.000e+00
     49.105     6.4022   3.262353    32.6234        473     1.9667     2.8099  0.000e+00
     49.267     6.4425   3.267561    32.6425        474     1.9708     2.8095  0.000e+00
     49.439     6.4839   3.271337    32.6445        475     1.9750     2.8087  0.000e+00
     49.605     6.5219   3.274739    32.6458        476     1.9792     2.8089  0.000e+00
     49.779     6.5545   3.282506    32.7004        477     1.9833     2.8087  0.000e+00
     49.948     6.5969   3.294362    32.7905        478     1.9875     2.8082  0.000e+00
     50.111     6.6614   3.311447    32.9170        479     1.9917     2.8078  0.000e+00
     50.271     6.7577   3.330148    33.0302        480     1.9958     2.8080  0.000e+00
     50.428     6.8820   3.338096    32.9979        481     2.0000     2.8091  0.000e+00
     50.579     6.9878   3.348563    33.0108        482     2.0042     2.8113  0.000e+00
     50.730     7.0808   3.365627    33.1080        483     2.0083     2.8116  0.000e+00
     50.886     7.1867   3.374210    33.0998        484     2.0125     2.8124  0.000e+00
     51.037     7.2831   3.379004    33.0596        485     2.0167     2.8132  0.000e+00
     51.195     7.3566   3.386312    33.0687        486     2.0208     2.8128  0.000e+00
     51.361     7.4189   3.393866    33.0908        487     2.0250     2.8118  0.000e+00
     51.524     7.4805   3.401808    33.1178        488     2.0292     2.8104  0.000e+00
     51.691     7.5422   3.408615    33.1324        489     2.0333     2.8084  0.000e+00
     51.857     7.6020   3.415452    33.1491        490     2.0375     2.8064  0.000e+00
     52.022     7.6597   3.421258    33.1564        491     2.0417     2.8045  0.000e+00
     52.191     7.7134   3.423001    33.1240        492     2.0458     2.8035  0.000e+00
     52.362     7.7522   3.424683    33.1051        493     2.0500     2.8016  0.000e+00
     52.534     7.7779   3.427913    33.1152        494     2.0542     2.7993  0.000e+00
     52.698     7.8023   3.432588    33.1422        495     2.0583     2.7961  0.000e+00
     52.874     7.8304   3.434357    33.1344        496     2.0625     2.7929  0.000e+00
     53.039     7.8559   3.436918    33.1374        497     2.0667     2.7916  0.000e+00
     53.210     7.8779   3.438112    33.1293        498     2.0708     2.7894  0.000e+00
     53.379     7.8947   3.440020    33.1337        499     2.0750     2.7870  0.000e+00
     53.541     7.9089   3.441622    33.1373        500     2.0792     2.7842  0.000e+00
     53.704     7.9234   3.443405    33.1425        501     2.0833     2.7828  0.000e+00
     53.862     7.9377   3.446299    33.1598        502     2.0875     2.7814  0.000e+00
     54.021     7.9550   3.449423    33.1767        503     2.0917     2.7798  0.000e+00
     54.173     7.9759   3.451766    33.1818        504     2.0958     2.7788  0.000e+00
     54.321     7.9973   3.452992    33.1745        505     2.1000     2.7775  0.000e+00
     54.479     8.0144   3.453737    33.1662        506     2.1042     2.7769  0.000e+00
     54.635     8.0262   3.454278    33.1607        507     2.1083     2.7761  0.000e+00
     54.792     8.0342   3.455107    33.1618        508     2.1125     2.7747  0.000e+00
     54.957     8.0408   3.455294    33.1575        509     2.1167     2.7731  0.000e+00
     55.122     8.0459   3.456875    33.1695        510     2.1208     2.7721  0.000e+00
     55.297     8.0531   3.457933    33.1739        511     2.1250     2.7720  0.000e+00
     55.468     8.0622   3.459304    33.1798        512     2.1292     2.7710  0.000e+00
     55.658     8.0713   3.460062    33.1791        513     2.1333     2.7702  0.000e+00
     55.845     8.0798   3.461572    33.1871        514     2.1375     2.7708  0.000e+00
     56.036     8.0892   3.463907    33.2030        515     2.1417     2.7697  0.000e+00
     56.217     8.1020   3.464755    33.1998        516     2.1458     2.7694  0.000e+00
     56.406     8.1134   3.465026    33.1917        517     2.1500     2.7695  0.000e+00
     56.589     8.1210   3.467319    33.2089        518     2.1542     2.7678  0.000e+00
     56.760     8.1317   3.469005    33.2166        519     2.1583     2.7652  0.000e+00
     56.929     8.1448   3.471408    33.2297        520     2.1625     2.7648  0.000e+00
     57.089     8.1604   3.473540    33.2375        521     2.1667     2.7646  0.000e+00
     57.251     8.1780   3.476504    33.2523        522     2.1708     2.7652  0.000e+00
     57.405     8.1980   3.479361    33.2635        523     2.1750     2.7655  0.000e+00
     57.562     8.2212   3.485723    33.3091        524     2.1792     2.7659  0.000e+00
     57.720     8.2545   3.491516    33.3389        525     2.1833     2.7665  0.000e+00
     57.880     8.2948   3.496793    33.3565        526     2.1875     2.7677  0.000e+00
     58.040     8.3359   3.501748    33.3699        527     2.1917     2.7681  0.000e+00
     58.196     8.3771   3.505695    33.3725        528     2.1958     2.7691  0.000e+00
     58.361     8.4150   3.507871    33.3595        529     2.2000     2.7700  0.000e+00
     58.529     8.4445   3.508379    33.3369        530     2.2042     2.7696  0.000e+00
     58.705     8.4633   3.511168    33.3485        531     2.2083     2.7707  0.000e+00
     58.884     8.4813   3.513558    33.3567        532     2.2125     2.7697  0.000e+00
     59.062     8.5003   3.514066    33.3439        533     2.2167     2.7694  0.000e+00
     59.255     8.5138   3.514005    33.3305        534     2.2208     2.7685  0.000e+00
     59.447     8.5212   3.514998    33.3338        535     2.2250     2.7681  0.000e+00
     59.643     8.5260   3.516759    33.3478        536     2.2292     2.7669  0.000e+00
     59.839     8.5341   3.519139    33.3651        537     2.2333     2.7661  0.000e+00
     60.033     8.5474   3.521598    33.3783        538     2.2375     2.7661  0.000e+00
     60.222     8.5647   3.525039    33.3981        539     2.2417     2.7659  0.000e+00
     60.407     8.5859   3.527905    33.4082        540     2.2458     2.7656  0.000e+00
     60.583     8.6095   3.529269    33.4002        541     2.2500     2.7657  0.000e+00
     60.763     8.6294   3.530269    33.3917        542     2.2542     2.7657  0.000e+00
     60.941     8.6436   3.530930    33.3853        543     2.2583     2.7650  0.000e+00
     61.113     8.6534   3.530973    33.3764        544     2.2625     2.7652  0.000e+00
     61.286     8.6590   3.531567    33.3772        545     2.2667     2.7646  0.000e+00
     61.460     8.6634   3.532222    33.3799        546     2.2708     2.7632  0.000e+00
     61.634     8.6685   3.535467    33.4091        547     2.2750     2.7623  0.000e+00
     61.811     8.6807   3.540595    33.4513        548     2.2792     2.7622  0.000e+00
     61.987     8.7051   3.546236    33.4873        549     2.2833     2.7625  0.000e+00
