HB2401/sbe031.cnv
* Sea-Bird SBE 19plus V2 Data File:
* FileName = C:\cruise\data\sbe031.hex
* Software Version Seasave V 7.26.7.121
* Temperature SN = 7142
* Conductivity SN = 7142
* System UpLoad Time = Feb 21 2024 06:01:43
* NMEA Latitude = 39 50.04 N
* NMEA Longitude = 070 37.62 W
* NMEA UTC (Time) = Feb 21 2024  06:02:01
** Cruise: HB2401
** Program: ECOMON
# nquan = 8
# nvalues = 5149                                  
# units = specified
# name 0 = depSM: Depth [salt water, m]
# name 1 = tv290C: Temperature [ITS-90, deg C]
# name 2 = c0S/m: Conductivity [S/m]
# name 3 = sal00: Salinity, Practical [PSU]
# name 4 = scan: Scan Count
# name 5 = timeM: Time, Elapsed [minutes]
# name 6 = sbeox0V: Oxygen raw, SBE 43 [V]
# name 7 = flag:  0.000e+00
# span 0 =      0.104,    200.874                 
# span 1 =     1.9527,    13.6702                 
# span 2 =  -0.020749,   4.177653                 
# span 3 =    -0.0003,    35.5696                 
# span 4 =         11,       5159                 
# span 5 =     0.0417,    21.4917                 
# span 6 =     1.9820,     2.9768                 
# span 7 = 0.0000e+00, 0.0000e+00                 
# interval = seconds: 0.25
# start_time = Feb 21 2024 06:02:01 [NMEA time, header]
# bad_flag = -9.990e-29
*END*
[from data line 899]
    113.501    13.2775   4.132200    35.0350        910     3.7875     2.6103  0.000e+00
    113.651    13.2761   4.132129    35.0356        911     3.7917     2.6093  0.000e+00
    113.812    13.2752   4.132161    35.0366        912     3.7958     2.6087  0.000e+00
    113.976    13.2744   4.131664    35.0326        913     3.8000     2.6083  0.000e+00
    114.147    13.2731   4.131761    35.0347        914     3.8042     2.6080  0.000e+00
    114.327    13.2715   4.131936    35.0377        915     3.8083     2.6061  0.000e+00
    114.503    13.2715   4.131619    35.0346        916     3.8125     2.6045  0.000e+00
    114.679    13.2708   4.131490    35.0340        917     3.8167     2.6028  0.000e+00
    114.854    13.2697   4.131587    35.0358        918     3.8208     2.6013  0.000e+00
    115.023    13.2692   4.131464    35.0351        919     3.8250     2.6005  0.000e+00
    115.190    13.2688   4.131322    35.0340        920     3.8292     2.5988  0.000e+00
    115.343    13.2679   4.130450    35.0265        921     3.8333     2.5989  0.000e+00
    115.494    13.2650   4.130043    35.0253        922     3.8375     2.5985  0.000e+00
    115.632    13.2607   4.129306    35.0221        923     3.8417     2.5998  0.000e+00
    115.754    13.2561   4.128770    35.0213        924     3.8458     2.6006  0.000e+00
    115.866    13.2512   4.128925    35.0272        925     3.8500     2.6004  0.000e+00
    115.965    13.2485   4.129429    35.0344        926     3.8542     2.6010  0.000e+00
    116.060    13.2488   4.129798    35.0376        927     3.8583     2.6005  0.000e+00
    116.150    13.2509   4.129933    35.0369        928     3.8625     2.6005  0.000e+00
    116.241    13.2528   4.129164    35.0278        929     3.8667     2.6003  0.000e+00
    116.328    13.2515   4.128428    35.0220        930     3.8708     2.5987  0.000e+00
    116.425    13.2481   4.128312    35.0240        931     3.8750     2.5985  0.000e+00
    116.522    13.2447   4.127937    35.0236        932     3.8792     2.5978  0.000e+00
    116.628    13.2420   4.128183    35.0283        933     3.8833     2.5994  0.000e+00
    116.747    13.2408   4.127446    35.0224        934     3.8875     2.5978  0.000e+00
    116.863    13.2384   4.127563    35.0257        935     3.8917     2.5975  0.000e+00
    116.995    13.2361   4.126394    35.0166        936     3.8958     2.5965  0.000e+00
    117.124    13.2321   4.125121    35.0081        937     3.9000     2.5961  0.000e+00
    117.270    13.2249   4.124754    35.0112        938     3.9042     2.5946  0.000e+00
    117.410    13.2182   4.122965    35.0004        939     3.9083     2.5923  0.000e+00
    117.565    13.2097   4.121777    34.9969        940     3.9125     2.5910  0.000e+00
    117.725    13.1994   4.120544    34.9946        941     3.9167     2.5907  0.000e+00
    117.885    13.1896   4.119273    34.9915        942     3.9208     2.5885  0.000e+00
    118.046    13.1797   4.118608    34.9943        943     3.9250     2.5888  0.000e+00
    118.210    13.1712   4.117537    34.9919        944     3.9292     2.5883  0.000e+00
    118.377    13.1627   4.116731    34.9920        945     3.9333     2.5869  0.000e+00
    118.541    13.1550   4.116021    34.9922        946     3.9375     2.5866  0.000e+00
    118.706    13.1481   4.115583    34.9944        947     3.9417     2.5857  0.000e+00
    118.861    13.1428   4.113602    34.9804        948     3.9458     2.5836  0.000e+00
    119.016    13.1349   4.110261    34.9558        949     3.9500     2.5836  0.000e+00
    119.172    13.1166   4.106019    34.9323        950     3.9542     2.5844  0.000e+00
    119.316    13.0905   4.103197    34.9294        951     3.9583     2.5832  0.000e+00
    119.456    13.0627   4.094276    34.8701        952     3.9625     2.5823  0.000e+00
    119.587    13.0240   4.089404    34.8592        953     3.9667     2.5807  0.000e+00
    119.715    12.9734   4.086374    34.8768        954     3.9708     2.5774  0.000e+00
    119.830    12.9340   4.081899    34.8704        955     3.9750     2.5761  0.000e+00
    119.947    12.8954   4.074751    34.8377        956     3.9792     2.5741  0.000e+00
    120.064    12.8492   4.066871    34.8049        957     3.9833     2.5704  0.000e+00
    120.172    12.7974   4.065799    34.8424        958     3.9875     2.5677  0.000e+00
    120.276    12.7564   4.064080    34.8636        959     3.9917     2.5654  0.000e+00
    120.384    12.7299   4.062803    34.8758        960     3.9958     2.5621  0.000e+00
    120.501    12.7111   4.064010    34.9048        961     4.0000     2.5597  0.000e+00
    120.612    12.7032   4.064562    34.9174        962     4.0042     2.5576  0.000e+00
    120.729    12.7016   4.061699    34.8913        963     4.0083     2.5558  0.000e+00
    120.858    12.6945   4.060423    34.8856        964     4.0125     2.5552  0.000e+00
    120.995    12.6833   4.057978    34.8725        965     4.0167     2.5539  0.000e+00
    121.139    12.6696   4.057927    34.8846        966     4.0208     2.5519  0.000e+00
    121.295    12.6580   4.056773    34.8841        967     4.0250     2.5481  0.000e+00
    121.453    12.6496   4.056106    34.8854        968     4.0292     2.5465  0.000e+00
    121.622    12.6421   4.052772    34.8603        969     4.0333     2.5468  0.000e+00
    121.800    12.6281   4.051689    34.8628        970     4.0375     2.5453  0.000e+00
    121.978    12.6124   4.048555    34.8470        971     4.0417     2.5448  0.000e+00
    122.158    12.5948   4.047574    34.8538        972     4.0458     2.5428  0.000e+00
    122.329    12.5793   4.045255    34.8458        973     4.0500     2.5416  0.000e+00
    122.498    12.5620   4.042290    34.8332        974     4.0542     2.5406  0.000e+00
    122.663    12.5427   4.041214    34.8407        975     4.0583     2.5415  0.000e+00
    122.816    12.5277   4.039133    34.8345        976     4.0625     2.5398  0.000e+00
    122.963    12.5122   4.037629    34.8343        977     4.0667     2.5383  0.000e+00
    123.102    12.4968   4.036560    34.8382        978     4.0708     2.5379  0.000e+00
    123.235    12.4852   4.034532    34.8294        979     4.0750     2.5367  0.000e+00
    123.357    12.4725   4.032555    34.8220        980     4.0792     2.5364  0.000e+00
    123.474    12.4585   4.032075    34.8303        981     4.0833     2.5346  0.000e+00
    123.591    12.4468   4.032574    34.8459        982     4.0875     2.5343  0.000e+00
    123.704    12.4417   4.031384    34.8391        983     4.0917     2.5345  0.000e+00
    123.819    12.4366   4.030764    34.8378        984     4.0958     2.5333  0.000e+00
    123.932    12.4310   4.030675    34.8421        985     4.1000     2.5330  0.000e+00
    124.049    12.4268   4.030003    34.8395        986     4.1042     2.5322  0.000e+00
    124.168    12.4225   4.029127    34.8349        987     4.1083     2.5327  0.000e+00
    124.292    12.4169   4.028219    34.8313        988     4.1125     2.5318  0.000e+00
    124.425    12.4107   4.026933    34.8246        989     4.1167     2.5334  0.000e+00
    124.558    12.4025   4.026243    34.8255        990     4.1208     2.5331  0.000e+00
    124.695    12.3946   4.025035    34.8211        991     4.1250     2.5316  0.000e+00
    124.840    12.3869   4.024709    34.8251        992     4.1292     2.5313  0.000e+00
    124.993    12.3806   4.025080    34.8344        993     4.1333     2.5308  0.000e+00
    125.150    12.3782   4.023296    34.8193        994     4.1375     2.5312  0.000e+00
    125.310    12.3722   4.022299    34.8152        995     4.1417     2.5302  0.000e+00
    125.479    12.3638   4.021852    34.8186        996     4.1458     2.5289  0.000e+00
    125.648    12.3566   4.020306    34.8102        997     4.1500     2.5274  0.000e+00
    125.818    12.3476   4.019028    34.8061        998     4.1542     2.5273  0.000e+00
    125.984    12.3374   4.017367    34.7995        999     4.1583     2.5264  0.000e+00
    126.151    12.3257   4.015636    34.7935       1000     4.1625     2.5265  0.000e+00
    126.311    12.3130   4.015656    34.8054       1001     4.1667     2.5279  0.000e+00
    126.473    12.3040   4.014046    34.7982       1002     4.1708     2.5289  0.000e+00
    126.624    12.2951   4.012980    34.7961       1003     4.1750     2.5277  0.000e+00
    126.773    12.2853   4.011984    34.7954       1004     4.1792     2.5281  0.000e+00
    126.921    12.2755   4.009763    34.7830       1005     4.1833     2.5284  0.000e+00
    127.059    12.2630   4.005927    34.7573       1006     4.1875     2.5289  0.000e+00
    127.194    12.2436   4.004084    34.7574       1007     4.1917     2.5294  0.000e+00
    127.325    12.2220   4.001749    34.7547       1008     4.1958     2.5281  0.000e+00
    127.460    12.2028   4.000028    34.7559       1009     4.2000     2.5266  0.000e+00
    127.589    12.1849   3.999103    34.7634       1010     4.2042     2.5261  0.000e+00
    127.715    12.1706   3.997739    34.7634       1011     4.2083     2.5243  0.000e+00
    127.841    12.1583   3.997197    34.7696       1012     4.2125     2.5235  0.000e+00
    127.967    12.1485   3.996273    34.7696       1013     4.2167     2.5228  0.000e+00
    128.095    12.1407   3.996044    34.7746       1014     4.2208     2.5210  0.000e+00
    128.217    12.1344   3.995591    34.7760       1015     4.2250     2.5209  0.000e+00
    128.348    12.1298   3.995662    34.7809       1016     4.2292     2.5180  0.000e+00
    128.480    12.1269   3.995592    34.7829       1017     4.2333     2.5171  0.000e+00
    128.598    12.1255   3.995898    34.7871       1018     4.2375     2.5168  0.000e+00
    128.724    12.1256   3.996114    34.7891       1019     4.2417     2.5140  0.000e+00
    128.839    12.1262   3.996114    34.7885       1020     4.2458     2.5124  0.000e+00
    128.960    12.1265   3.995828    34.7853       1021     4.2500     2.5110  0.000e+00
    129.084    12.1260   3.995381    34.7814       1022     4.2542     2.5094  0.000e+00
    129.213    12.1238   3.995267    34.7823       1023     4.2583     2.5081  0.000e+00
    129.342    12.1215   3.994725    34.7791       1024     4.2625     2.5087  0.000e+00
    129.476    12.1186   3.994101    34.7757       1025     4.2667     2.5077  0.000e+00
    129.618    12.1144   3.993565    34.7743       1026     4.2708     2.5071  0.000e+00
    129.763    12.1100   3.993145    34.7742       1027     4.2750     2.5053  0.000e+00
    129.920    12.1057   3.993100    34.7778       1028     4.2792     2.5043  0.000e+00
    130.081    12.1025   3.992603    34.7758       1029     4.2833     2.5030  0.000e+00
    130.247    12.0996   3.992272    34.7753       1030     4.2875     2.5013  0.000e+00
    130.410    12.0966   3.991756    34.7730       1031     4.2917     2.4998  0.000e+00
    130.581    12.0929   3.988979    34.7494       1032     4.2958     2.4973  0.000e+00
    130.739    12.0824   3.987125    34.7410       1033     4.3000     2.5014  0.000e+00
    130.903    12.0677   3.984706    34.7310       1034     4.3042     2.4958  0.000e+00
    131.056    12.0509   3.983191    34.7319       1035     4.3083     2.4918  0.000e+00
    131.198    12.0349   3.983484    34.7495       1036     4.3125     2.4910  0.000e+00
    131.333    12.0254   3.981702    34.7410       1037     4.3167     2.4924  0.000e+00
    131.460    12.0163   3.978463    34.7179       1038     4.3208     2.4901  0.000e+00
    131.581    11.9997   3.977082    34.7198       1039     4.3250     2.4904  0.000e+00
    131.703    11.9825   3.974805    34.7135       1040     4.3292     2.4877  0.000e+00
    131.820    11.9660   3.974220    34.7231       1041     4.3333     2.4857  0.000e+00
    131.939    11.9527   3.972465    34.7184       1042     4.3375     2.4868  0.000e+00
    132.054    11.9398   3.968886    34.6954       1043     4.3417     2.4855  0.000e+00
    132.169    11.9211   3.967462    34.6989       1044     4.3458     2.4843  0.000e+00
    132.291    11.9025   3.963097    34.6735       1045     4.3500     2.4819  0.000e+00
    132.404    11.8777   3.958321    34.6499       1046     4.3542     2.4810  0.000e+00
    132.532    11.8476   3.952825    34.6242       1047     4.3583     2.4797  0.000e+00
    132.651    11.8095   3.951423    34.6459       1048     4.3625     2.4795  0.000e+00
    132.778    11.7783   3.949317    34.6542       1049     4.3667     2.4777  0.000e+00
    132.906    11.7551   3.941796    34.6021       1050     4.3708     2.4783  0.000e+00
    133.042    11.7189   3.935289    34.5720       1051     4.3750     2.4781  0.000e+00
    133.181    11.6709   3.930274    34.5674       1052     4.3792     2.4777  0.000e+00
    133.323    11.6211   3.926850    34.5802       1053     4.3833     2.4764  0.000e+00
    133.467    11.5820   3.926787    34.6160       1054     4.3875     2.4755  0.000e+00
    133.618    11.5550   3.922504    34.5990       1055     4.3917     2.4761  0.000e+00
    133.762    11.5301   3.922339    34.6206       1056     4.3958     2.4751  0.000e+00
    133.911    11.5137   3.922188    34.6344       1057     4.4000     2.4746  0.000e+00
    134.053    11.5037   3.916471    34.5873       1058     4.4042     2.4759  0.000e+00
    134.193    11.4783   3.903545    34.4836       1059     4.4083     2.4765  0.000e+00
    134.330    11.4233   3.889854    34.3998       1060     4.4125     2.4771  0.000e+00
    134.468    11.3327   3.879351    34.3803       1061     4.4167     2.4777  0.000e+00
    134.607    11.2378   3.873126    34.4071       1062     4.4208     2.4758  0.000e+00
    134.738    11.1591   3.868087    34.4306       1063     4.4250     2.4732  0.000e+00
    134.882    11.0948   3.857212    34.3826       1064     4.4292     2.4740  0.000e+00
    135.015    11.0231   3.847717    34.3551       1065     4.4333     2.4715  0.000e+00
    135.150    10.9456   3.841920    34.3699       1066     4.4375     2.4697  0.000e+00
    135.292    10.8750   3.839168    34.4085       1067     4.4417     2.4671  0.000e+00
    135.434    10.8240   3.835206    34.4167       1068     4.4458     2.4642  0.000e+00
    135.576    10.7816   3.833257    34.4370       1069     4.4500     2.4625  0.000e+00
    135.718    10.7486   3.831791    34.4533       1070     4.4542     2.4587  0.000e+00
    135.862    10.7258   3.831534    34.4722       1071     4.4583     2.4559  0.000e+00
    135.997    10.7121   3.831810    34.4878       1072     4.4625     2.4560  0.000e+00
    136.128    10.7059   3.831955    34.4950       1073     4.4667     2.4544  0.000e+00
    136.256    10.7042   3.831460    34.4916       1074     4.4708     2.4532  0.000e+00
    136.376    10.7022   3.830275    34.4816       1075     4.4750     2.4520  0.000e+00
    136.498    10.6972   3.830144    34.4850       1076     4.4792     2.4486  0.000e+00
    136.619    10.6928   3.829361    34.4812       1077     4.4833     2.4468  0.000e+00
    136.739    10.6873   3.827776    34.4704       1078     4.4875     2.4458  0.000e+00
    136.852    10.6791   3.825710    34.4573       1079     4.4917     2.4445  0.000e+00
    136.958    10.6671   3.825177    34.4633       1080     4.4958     2.4433  0.000e+00
    137.073    10.6566   3.824839    34.4697       1081     4.5000     2.4409  0.000e+00
    137.192    10.6492   3.825153    34.4798       1082     4.5042     2.4385  0.000e+00
    137.311    10.6465   3.824934    34.4801       1083     4.5083     2.4393  0.000e+00
    137.431    10.6449   3.824802    34.4803       1084     4.5125     2.4377  0.000e+00
    137.557    10.6434   3.823525    34.4687       1085     4.5167     2.4364  0.000e+00
    137.687    10.6380   3.817573    34.4140       1086     4.5208     2.4364  0.000e+00
    137.818    10.6157   3.810856    34.3674       1087     4.5250     2.4348  0.000e+00
    137.951    10.5787   3.808149    34.3749       1088     4.5292     2.4341  0.000e+00
