HB2401/sbe038.cnv
* Sea-Bird SBE 19plus V2 Data File:
* FileName = C:\cruise\data\sbe038.hex
* Software Version Seasave V 7.26.7.121
* Temperature SN = 7142
* Conductivity SN = 7142
* System UpLoad Time = Feb 21 2024 21:18:37
* NMEA Latitude = 40 42.21 N
* NMEA Longitude = 070 04.14 W
* NMEA UTC (Time) = Feb 21 2024  21:18:54
** Cruise: HB2401
** Program: ECOMON
# nquan = 8
# nvalues = 1323                                  
# units = specified
# name 0 = depSM: Depth [salt water, m]
# name 1 = tv290C: Temperature [ITS-90, deg C]
# name 2 = c0S/m: Conductivity [S/m]
# name 3 = sal00: Salinity, Practical [PSU]
# name 4 = scan: Scan Count
# name 5 = timeM: Time, Elapsed [minutes]
# name 6 = sbeox0V: Oxygen raw, SBE 43 [V]
# name 7 = flag:  0.000e+00
# span 0 =      0.079,     40.786                 
# span 1 =     2.4679,     4.5208                 
# span 2 =   0.000014,   3.011707                 
# span 3 =     0.0001,    31.6172                 
# span 4 =         11,       1333                 
# span 5 =     0.0417,     5.5500                 
# span 6 =     2.5281,     2.9973                 
# span 7 = 0.0000e+00, 0.0000e+00                 
# interval = seconds: 0.25
# start_time = Feb 21 2024 21:18:54 [NMEA time, header]
# bad_flag = -9.990e-29
*END*
[from data line 899]
     13.639     4.4946   3.008079    31.5832        910     3.7875     2.9380  0.000e+00
     13.615     4.4947   3.007994    31.5821        911     3.7917     2.9382  0.000e+00
     13.601     4.4946   3.007954    31.5818        912     3.7958     2.9389  0.000e+00
     13.577     4.4944   3.007874    31.5811        913     3.8000     2.9389  0.000e+00
     13.550     4.4939   3.007840    31.5811        914     3.8042     2.9397  0.000e+00
     13.522     4.4935   3.007800    31.5811        915     3.8083     2.9410  0.000e+00
     13.477     4.4931   3.007743    31.5808        916     3.8125     2.9411  0.000e+00
     13.428     4.4927   3.007663    31.5803        917     3.8167     2.9410  0.000e+00
     13.369     4.4923   3.007686    31.5810        918     3.8208     2.9419  0.000e+00
     13.310     4.4918   3.007566    31.5801        919     3.8250     2.9424  0.000e+00
     13.240     4.4915   3.007578    31.5805        920     3.8292     2.9424  0.000e+00
     13.175     4.4911   3.007760    31.5831        921     3.8333     2.9425  0.000e+00
     13.117     4.4916   3.008170    31.5874        922     3.8375     2.9413  0.000e+00
     13.065     4.4933   3.008193    31.5861        923     3.8417     2.9420  0.000e+00
     13.022     4.4947   3.008443    31.5876        924     3.8458     2.9405  0.000e+00
     12.990     4.4963   3.008563    31.5875        925     3.8500     2.9415  0.000e+00
     12.974     4.4978   3.008466    31.5849        926     3.8542     2.9411  0.000e+00
     12.984     4.4984   3.008489    31.5847        927     3.8583     2.9413  0.000e+00
     13.002     4.4987   3.008404    31.5834        928     3.8625     2.9397  0.000e+00
     13.033     4.4987   3.008369    31.5830        929     3.8667     2.9391  0.000e+00
     13.062     4.4982   3.008358    31.5833        930     3.8708     2.9396  0.000e+00
     13.090     4.4981   3.008267    31.5824        931     3.8750     2.9396  0.000e+00
     13.119     4.4975   3.008136    31.5813        932     3.8792     2.9397  0.000e+00
     13.135     4.4967   3.007994    31.5804        933     3.8833     2.9385  0.000e+00
     13.123     4.4958   3.007891    31.5801        934     3.8875     2.9387  0.000e+00
     13.103     4.4948   3.008016    31.5825        935     3.8917     2.9385  0.000e+00
     13.067     4.4945   3.008033    31.5831        936     3.8958     2.9392  0.000e+00
     13.017     4.4947   3.008244    31.5854        937     3.9000     2.9389  0.000e+00
     12.947     4.4954   3.008227    31.5845        938     3.9042     2.9394  0.000e+00
     12.869     4.4959   3.008244    31.5842        939     3.9083     2.9397  0.000e+00
     12.783     4.4964   3.008250    31.5839        940     3.9125     2.9410  0.000e+00
     12.691     4.4967   3.008386    31.5852        941     3.9167     2.9398  0.000e+00
     12.602     4.4971   3.008358    31.5846        942     3.9208     2.9420  0.000e+00
     12.528     4.4976   3.008369    31.5843        943     3.9250     2.9402  0.000e+00
     12.451     4.4978   3.008341    31.5838        944     3.9292     2.9405  0.000e+00
     12.388     4.4979   3.008369    31.5841        945     3.9333     2.9391  0.000e+00
     12.330     4.4979   3.008375    31.5841        946     3.9375     2.9397  0.000e+00
     12.298     4.4979   3.008329    31.5836        947     3.9417     2.9395  0.000e+00
     12.271     4.4979   3.008170    31.5818        948     3.9458     2.9382  0.000e+00
     12.271     4.4974   3.008170    31.5823        949     3.9500     2.9378  0.000e+00
     12.287     4.4968   3.008193    31.5831        950     3.9542     2.9372  0.000e+00
     12.303     4.4967   3.007948    31.5804        951     3.9583     2.9359  0.000e+00
     12.327     4.4959   3.007976    31.5814        952     3.9625     2.9367  0.000e+00
     12.348     4.4952   3.007919    31.5814        953     3.9667     2.9358  0.000e+00
     12.361     4.4947   3.008113    31.5841        954     3.9708     2.9369  0.000e+00
     12.379     4.4949   3.008289    31.5859        955     3.9750     2.9369  0.000e+00
     12.393     4.4958   3.008318    31.5854        956     3.9792     2.9375  0.000e+00
     12.388     4.4967   3.007953    31.5803        957     3.9833     2.9369  0.000e+00
     12.381     4.4963   3.007560    31.5762        958     3.9875     2.9372  0.000e+00
     12.337     4.4941   3.007333    31.5757        959     3.9917     2.9371  0.000e+00
     12.298     4.4920   3.007281    31.5772        960     3.9958     2.9365  0.000e+00
     12.242     4.4902   3.007350    31.5797        961     4.0000     2.9354  0.000e+00
     12.183     4.4897   3.007350    31.5802        962     4.0042     2.9355  0.000e+00
     12.113     4.4893   3.007298    31.5800        963     4.0083     2.9356  0.000e+00
     12.041     4.4890   3.007213    31.5793        964     4.0125     2.9352  0.000e+00
     11.957     4.4884   3.007230    31.5801        965     4.0167     2.9363  0.000e+00
     11.885     4.4883   3.007224    31.5802        966     4.0208     2.9356  0.000e+00
     11.813     4.4882   3.007196    31.5800        967     4.0250     2.9362  0.000e+00
     11.757     4.4881   3.007224    31.5805        968     4.0292     2.9365  0.000e+00
     11.705     4.4881   3.007059    31.5785        969     4.0333     2.9369  0.000e+00
     11.660     4.4877   3.007110    31.5795        970     4.0375     2.9370  0.000e+00
     11.628     4.4874   3.007076    31.5795        971     4.0417     2.9372  0.000e+00
     11.606     4.4872   3.006843    31.5770        972     4.0458     2.9375  0.000e+00
     11.579     4.4862   3.006797    31.5774        973     4.0500     2.9380  0.000e+00
     11.568     4.4855   3.006820    31.5784        974     4.0542     2.9377  0.000e+00
     11.563     4.4850   3.006831    31.5789        975     4.0583     2.9381  0.000e+00
     11.565     4.4850   3.007133    31.5825        976     4.0625     2.9390  0.000e+00
     11.563     4.4858   3.006996    31.5801        977     4.0667     2.9398  0.000e+00
     11.561     4.4863   3.006831    31.5777        978     4.0708     2.9401  0.000e+00
     11.561     4.4857   3.006979    31.5800        979     4.0750     2.9399  0.000e+00
     11.563     4.4857   3.006979    31.5800        980     4.0792     2.9397  0.000e+00
     11.565     4.4860   3.006996    31.5800        981     4.0833     2.9397  0.000e+00
     11.557     4.4861   3.007036    31.5803        982     4.0875     2.9402  0.000e+00
     11.556     4.4862   3.007150    31.5815        983     4.0917     2.9398  0.000e+00
     11.557     4.4867   3.006803    31.5770        984     4.0958     2.9394  0.000e+00
     11.557     4.4862   3.006706    31.5763        985     4.1000     2.9408  0.000e+00
     11.559     4.4851   3.006723    31.5776        986     4.1042     2.9407  0.000e+00
     11.563     4.4843   3.006649    31.5775        987     4.1083     2.9404  0.000e+00
     11.552     4.4838   3.006626    31.5777        988     4.1125     2.9407  0.000e+00
     11.532     4.4834   3.006626    31.5781        989     4.1167     2.9409  0.000e+00
     11.500     4.4831   3.006609    31.5782        990     4.1208     2.9404  0.000e+00
     11.451     4.4831   3.006609    31.5782        991     4.1250     2.9417  0.000e+00
     11.390     4.4830   3.006609    31.5784        992     4.1292     2.9408  0.000e+00
     11.317     4.4829   3.006626    31.5787        993     4.1333     2.9425  0.000e+00
     11.236     4.4829   3.006626    31.5787        994     4.1375     2.9421  0.000e+00
     11.142     4.4829   3.006632    31.5789        995     4.1417     2.9414  0.000e+00
     11.044     4.4830   3.006643    31.5789        996     4.1458     2.9415  0.000e+00
     10.936     4.4832   3.006632    31.5787        997     4.1500     2.9425  0.000e+00
     10.837     4.4833   3.006780    31.5804        998     4.1542     2.9424  0.000e+00
     10.758     4.4836   3.006797    31.5803        999     4.1583     2.9411  0.000e+00
     10.691     4.4843   3.006643    31.5778       1000     4.1625     2.9408  0.000e+00
     10.646     4.4840   3.006706    31.5789       1001     4.1667     2.9407  0.000e+00
     10.605     4.4838   3.006723    31.5793       1002     4.1708     2.9414  0.000e+00
     10.583     4.4841   3.006746    31.5793       1003     4.1750     2.9398  0.000e+00
     10.578     4.4841   3.006740    31.5793       1004     4.1792     2.9392  0.000e+00
     10.580     4.4843   3.006723    31.5789       1005     4.1833     2.9396  0.000e+00
     10.596     4.4842   3.006746    31.5792       1006     4.1875     2.9395  0.000e+00
     10.607     4.4843   3.006740    31.5790       1007     4.1917     2.9386  0.000e+00
     10.627     4.4843   3.006723    31.5788       1008     4.1958     2.9381  0.000e+00
     10.646     4.4845   3.006814    31.5797       1009     4.2000     2.9382  0.000e+00
     10.661     4.4846   3.006860    31.5801       1010     4.2042     2.9380  0.000e+00
     10.680     4.4850   3.006842    31.5796       1011     4.2083     2.9388  0.000e+00
     10.682     4.4851   3.006814    31.5791       1012     4.2125     2.9394  0.000e+00
     10.689     4.4851   3.006803    31.5789       1013     4.2167     2.9398  0.000e+00
     10.691     4.4850   3.006797    31.5790       1014     4.2208     2.9406  0.000e+00
     10.689     4.4849   3.006763    31.5787       1015     4.2250     2.9394  0.000e+00
     10.677     4.4846   3.006740    31.5787       1016     4.2292     2.9385  0.000e+00
     10.650     4.4846   3.006746    31.5788       1017     4.2333     2.9382  0.000e+00
     10.610     4.4845   3.006723    31.5787       1018     4.2375     2.9372  0.000e+00
     10.567     4.4843   3.006740    31.5791       1019     4.2417     2.9371  0.000e+00
     10.522     4.4843   3.006746    31.5791       1020     4.2458     2.9383  0.000e+00
     10.460     4.4842   3.006723    31.5790       1021     4.2500     2.9378  0.000e+00
     10.406     4.4842   3.006643    31.5781       1022     4.2542     2.9395  0.000e+00
     10.332     4.4840   3.006683    31.5788       1023     4.2583     2.9385  0.000e+00
     10.256     4.4840   3.006666    31.5786       1024     4.2625     2.9380  0.000e+00
     10.168     4.4838   3.006666    31.5788       1025     4.2667     2.9394  0.000e+00
     10.089     4.4838   3.006683    31.5791       1026     4.2708     2.9391  0.000e+00
     10.023     4.4840   3.006643    31.5785       1027     4.2750     2.9402  0.000e+00
      9.973     4.4840   3.006706    31.5792       1028     4.2792     2.9397  0.000e+00
      9.944     4.4840   3.006871    31.5812       1029     4.2833     2.9410  0.000e+00
      9.938     4.4846   3.006859    31.5805       1030     4.2875     2.9419  0.000e+00
      9.953     4.4852   3.006888    31.5802       1031     4.2917     2.9420  0.000e+00
      9.974     4.4856   3.006916    31.5802       1032     4.2958     2.9428  0.000e+00
     10.005     4.4858   3.006945    31.5802       1033     4.3000     2.9420  0.000e+00
     10.048     4.4860   3.006916    31.5797       1034     4.3042     2.9422  0.000e+00
     10.075     4.4862   3.006916    31.5796       1035     4.3083     2.9415  0.000e+00
     10.082     4.4861   3.006888    31.5793       1036     4.3125     2.9430  0.000e+00
     10.082     4.4862   3.006916    31.5796       1037     4.3167     2.9432  0.000e+00
     10.077     4.4860   3.006814    31.5785       1038     4.3208     2.9433  0.000e+00
     10.062     4.4858   3.006723    31.5776       1039     4.3250     2.9439  0.000e+00
     10.041     4.4852   3.006626    31.5772       1040     4.3292     2.9445  0.000e+00
     10.003     4.4845   3.006592    31.5774       1041     4.3333     2.9439  0.000e+00
      9.960     4.4838   3.006546    31.5775       1042     4.3375     2.9446  0.000e+00
      9.906     4.4833   3.006706    31.5799       1043     4.3417     2.9436  0.000e+00
      9.843     4.4837   3.007583    31.5897       1044     4.3458     2.9440  0.000e+00
      9.791     4.4869   3.008021    31.5918       1045     4.3500     2.9431  0.000e+00
      9.741     4.4911   3.008089    31.5886       1046     4.3542     2.9438  0.000e+00
      9.701     4.4940   3.008192    31.5871       1047     4.3583     2.9420  0.000e+00
      9.676     4.4957   3.008095    31.5843       1048     4.3625     2.9426  0.000e+00
      9.652     4.4964   3.007953    31.5820       1049     4.3667     2.9417  0.000e+00
      9.645     4.4963   3.007890    31.5814       1050     4.3708     2.9410  0.000e+00
      9.643     4.4957   3.007896    31.5821       1051     4.3750     2.9392  0.000e+00
      9.647     4.4953   3.007896    31.5824       1052     4.3792     2.9382  0.000e+00
      9.658     4.4952   3.007856    31.5821       1053     4.3833     2.9395  0.000e+00
      9.669     4.4949   3.007742    31.5810       1054     4.3875     2.9378  0.000e+00
      9.676     4.4943   3.007799    31.5822       1055     4.3917     2.9381  0.000e+00
      9.679     4.4942   3.007816    31.5826       1056     4.3958     2.9381  0.000e+00
      9.669     4.4942   3.007742    31.5817       1057     4.4000     2.9383  0.000e+00
      9.649     4.4941   3.008015    31.5849       1058     4.4042     2.9388  0.000e+00
      9.627     4.4947   3.008169    31.5861       1059     4.4083     2.9371  0.000e+00
      9.606     4.4958   3.008317    31.5869       1060     4.4125     2.9365  0.000e+00
      9.570     4.4972   3.008266    31.5850       1061     4.4167     2.9367  0.000e+00
      9.539     4.4980   3.008209    31.5835       1062     4.4208     2.9366  0.000e+00
      9.507     4.4981   3.008226    31.5837       1063     4.4250     2.9358  0.000e+00
      9.469     4.4980   3.008289    31.5845       1064     4.4292     2.9374  0.000e+00
      9.422     4.4983   3.008357    31.5850       1065     4.4333     2.9361  0.000e+00
      9.383     4.4988   3.008328    31.5842       1066     4.4375     2.9369  0.000e+00
      9.342     4.4988   3.008260    31.5834       1067     4.4417     2.9381  0.000e+00
      9.297     4.4988   3.008368    31.5847       1068     4.4458     2.9370  0.000e+00
      9.257     4.4990   3.008653    31.5879       1069     4.4500     2.9361  0.000e+00
      9.214     4.5002   3.008676    31.5870       1070     4.4542     2.9364  0.000e+00
      9.169     4.5012   3.008716    31.5866       1071     4.4583     2.9354  0.000e+00
      9.122     4.5019   3.008636    31.5849       1072     4.4625     2.9362  0.000e+00
      9.086     4.5021   3.008539    31.5836       1073     4.4667     2.9372  0.000e+00
      9.049     4.5017   3.008670    31.5856       1074     4.4708     2.9362  0.000e+00
      9.011     4.5017   3.008738    31.5864       1075     4.4750     2.9368  0.000e+00
      8.987     4.5024   3.008579    31.5839       1076     4.4792     2.9379  0.000e+00
      8.946     4.5020   3.008522    31.5836       1077     4.4833     2.9383  0.000e+00
      8.928     4.5016   3.008579    31.5847       1078     4.4875     2.9382  0.000e+00
      8.923     4.5014   3.008522    31.5842       1079     4.4917     2.9376  0.000e+00
      8.943     4.5013   3.008368    31.5825       1080     4.4958     2.9374  0.000e+00
      8.952     4.5007   3.008283    31.5821       1081     4.5000     2.9374  0.000e+00
      8.975     4.4998   3.008089    31.5807       1082     4.5042     2.9378  0.000e+00
      8.987     4.4989   3.008015    31.5806       1083     4.5083     2.9392  0.000e+00
      8.991     4.4979   3.007964    31.5811       1084     4.5125     2.9378  0.000e+00
      8.978     4.4969   3.007952    31.5818       1085     4.5167     2.9377  0.000e+00
      8.955     4.4964   3.007930    31.5821       1086     4.5208     2.9361  0.000e+00
      8.928     4.4961   3.007918    31.5823       1087     4.5250     2.9363  0.000e+00
      8.885     4.4957   3.007975    31.5833       1088     4.5292     2.9368  0.000e+00
