HB2401/sbe010.cnv
* Sea-Bird SBE 19plus V2 Data File:
* FileName = C:\cruise\data\sbe010.hex
* Software Version Seasave V 7.26.7.121
* Temperature SN = 7142
* Conductivity SN = 7142
* System UpLoad Time = Feb 17 2024 19:19:58
* NMEA Latitude = 42 06.38 N
* NMEA Longitude = 069 48.14 W
* NMEA UTC (Time) = Feb 17 2024  19:20:14
** Cruise: HB2401
** Program: ECOMON
# nquan = 8
# nvalues = 3349                                  
# units = specified
# name 0 = depSM: Depth [salt water, m]
# name 1 = tv290C: Temperature [ITS-90, deg C]
# name 2 = c0S/m: Conductivity [S/m]
# name 3 = sal00: Salinity, Practical [PSU]
# name 4 = scan: Scan Count
# name 5 = timeM: Time, Elapsed [minutes]
# name 6 = sbeox0V: Oxygen raw, SBE 43 [V]
# name 7 = flag:  0.000e+00
# span 0 =     -0.161,    155.850                 
# span 1 =    -0.0661,     8.0114                 
# span 2 =  -0.000005,   3.492947                 
# span 3 =    -0.0020,    33.5436                 
# span 4 =         11,       3359                 
# span 5 =     0.0417,    13.9917                 
# span 6 =     1.8547,     2.9610                 
# span 7 = 0.0000e+00, 0.0000e+00                 
# interval = seconds: 0.25
# start_time = Feb 17 2024 19:20:14 [NMEA time, header]
# bad_flag = -9.990e-29
*END*
[from data line 540]
     79.930     5.0432   3.079752    31.8515        551     2.2917     2.7430  0.000e+00
     80.088     5.0444   3.079907    31.8521        552     2.2958     2.7424  0.000e+00
     80.250     5.0453   3.080178    31.8542        553     2.3000     2.7416  0.000e+00
     80.413     5.0470   3.080385    31.8549        554     2.3042     2.7421  0.000e+00
     80.577     5.0487   3.080500    31.8545        555     2.3083     2.7420  0.000e+00
     80.740     5.0501   3.080758    31.8561        556     2.3125     2.7425  0.000e+00
     80.899     5.0518   3.080896    31.8559        557     2.3167     2.7430  0.000e+00
     81.060     5.0533   3.080983    31.8554        558     2.3208     2.7423  0.000e+00
     81.220     5.0545   3.081224    31.8569        559     2.3250     2.7422  0.000e+00
     81.377     5.0561   3.081603    31.8597        560     2.3292     2.7421  0.000e+00
     81.533     5.0581   3.081707    31.8588        561     2.3333     2.7423  0.000e+00
     81.686     5.0600   3.081833    31.8585        562     2.3375     2.7423  0.000e+00
     81.837     5.0614   3.081914    31.8579        563     2.3417     2.7410  0.000e+00
     81.988     5.0624   3.082127    31.8593        564     2.3458     2.7420  0.000e+00
     82.140     5.0637   3.082466    31.8619        565     2.3500     2.7415  0.000e+00
     82.288     5.0655   3.082547    31.8610        566     2.3542     2.7417  0.000e+00
     82.439     5.0672   3.082846    31.8628        567     2.3583     2.7420  0.000e+00
     82.584     5.0689   3.083076    31.8636        568     2.3625     2.7421  0.000e+00
     82.735     5.0709   3.083415    31.8656        569     2.3667     2.7419  0.000e+00
     82.883     5.0733   3.083783    31.8674        570     2.3708     2.7418  0.000e+00
     83.030     5.0758   3.083978    31.8672        571     2.3750     2.7422  0.000e+00
     83.183     5.0783   3.084168    31.8669        572     2.3792     2.7425  0.000e+00
     83.330     5.0803   3.084508    31.8688        573     2.3833     2.7411  0.000e+00
     83.479     5.0824   3.084600    31.8677        574     2.3875     2.7414  0.000e+00
     83.638     5.0842   3.084778    31.8680        575     2.3917     2.7407  0.000e+00
     83.794     5.0858   3.084933    31.8682        576     2.3958     2.7407  0.000e+00
     83.947     5.0873   3.085123    31.8688        577     2.4000     2.7395  0.000e+00
     84.110     5.0887   3.085296    31.8694        578     2.4042     2.7385  0.000e+00
     84.267     5.0901   3.085485    31.8701        579     2.4083     2.7377  0.000e+00
     84.428     5.0915   3.085526    31.8692        580     2.4125     2.7378  0.000e+00
     84.585     5.0926   3.085675    31.8697        581     2.4167     2.7372  0.000e+00
     84.743     5.0937   3.085767    31.8697        582     2.4208     2.7383  0.000e+00
     84.901     5.0946   3.085865    31.8699        583     2.4250     2.7384  0.000e+00
     85.056     5.0955   3.085963    31.8701        584     2.4292     2.7377  0.000e+00
     85.212     5.0963   3.086170    31.8716        585     2.4333     2.7381  0.000e+00
     85.363     5.0972   3.086326    31.8724        586     2.4375     2.7376  0.000e+00
     85.518     5.0984   3.086515    31.8734        587     2.4417     2.7382  0.000e+00
     85.676     5.0998   3.086630    31.8733        588     2.4458     2.7372  0.000e+00
     85.830     5.1009   3.086786    31.8739        589     2.4500     2.7388  0.000e+00
     85.983     5.1021   3.086815    31.8730        590     2.4542     2.7379  0.000e+00
     86.143     5.1030   3.086901    31.8731        591     2.4583     2.7385  0.000e+00
     86.301     5.1037   3.086999    31.8735        592     2.4625     2.7381  0.000e+00
     86.454     5.1045   3.087079    31.8736        593     2.4667     2.7391  0.000e+00
     86.612     5.1052   3.087229    31.8744        594     2.4708     2.7380  0.000e+00
     86.767     5.1060   3.087442    31.8761        595     2.4750     2.7397  0.000e+00
     86.925     5.1071   3.087402    31.8745        596     2.4792     2.7379  0.000e+00
     87.078     5.1079   3.087649    31.8765        597     2.4833     2.7381  0.000e+00
     87.227     5.1091   3.088006    31.8793        598     2.4875     2.7378  0.000e+00
     87.372     5.1111   3.088167    31.8792        599     2.4917     2.7381  0.000e+00
     87.514     5.1129   3.088449    31.8806        600     2.4958     2.7381  0.000e+00
     87.651     5.1147   3.088788    31.8827        601     2.5000     2.7374  0.000e+00
     87.797     5.1171   3.088967    31.8824        602     2.5042     2.7379  0.000e+00
     87.940     5.1190   3.089272    31.8840        603     2.5083     2.7366  0.000e+00
     88.079     5.1214   3.089640    31.8858        604     2.5125     2.7365  0.000e+00
     88.224     5.1240   3.089830    31.8854        605     2.5167     2.7362  0.000e+00
     88.370     5.1263   3.090526    31.8911        606     2.5208     2.7358  0.000e+00
     88.514     5.1295   3.090958    31.8929        607     2.5250     2.7366  0.000e+00
     88.661     5.1338   3.091649    31.8966        608     2.5292     2.7365  0.000e+00
     88.816     5.1383   3.091712    31.8930        609     2.5333     2.7365  0.000e+00
     88.967     5.1415   3.091902    31.8920        610     2.5375     2.7365  0.000e+00
     89.119     5.1440   3.092224    31.8933        611     2.5417     2.7361  0.000e+00
     89.276     5.1459   3.092984    31.9000        612     2.5458     2.7362  0.000e+00
     89.434     5.1501   3.093566    31.9026        613     2.5500     2.7348  0.000e+00
     89.590     5.1549   3.093623    31.8986        614     2.5542     2.7352  0.000e+00
     89.743     5.1582   3.094741    31.9081        615     2.5583     2.7346  0.000e+00
     89.894     5.1633   3.095334    31.9099        616     2.5625     2.7341  0.000e+00
     90.047     5.1694   3.096583    31.9183        617     2.5667     2.7346  0.000e+00
     90.198     5.1770   3.097793    31.9247        618     2.5708     2.7345  0.000e+00
     90.351     5.1857   3.098156    31.9204        619     2.5750     2.7333  0.000e+00
     90.494     5.1937   3.100386    31.9382        620     2.5792     2.7338  0.000e+00
     90.643     5.2054   3.103890    31.9669        621     2.5833     2.7331  0.000e+00
     90.785     5.2238   3.105717    31.9700        622     2.5875     2.7329  0.000e+00
     90.933     5.2438   3.108347    31.9807        623     2.5917     2.7328  0.000e+00
     91.078     5.2632   3.109633    31.9768        624     2.5958     2.7314  0.000e+00
     91.220     5.2818   3.111001    31.9745        625     2.6000     2.7322  0.000e+00
     91.373     5.2973   3.111987    31.9709        626     2.6042     2.7315  0.000e+00
     91.517     5.3092   3.112737    31.9680        627     2.6083     2.7299  0.000e+00
     91.670     5.3186   3.112853    31.9602        628     2.6125     2.7284  0.000e+00
     91.823     5.3250   3.113742    31.9642        629     2.6167     2.7270  0.000e+00
     91.972     5.3305   3.114203    31.9641        630     2.6208     2.7253  0.000e+00
     92.132     5.3357   3.114342    31.9606        631     2.6250     2.7231  0.000e+00
     92.288     5.3393   3.114457    31.9584        632     2.6292     2.7214  0.000e+00
     92.448     5.3418   3.115035    31.9625        633     2.6333     2.7177  0.000e+00
     92.604     5.3448   3.115058    31.9599        634     2.6375     2.7156  0.000e+00
     92.763     5.3469   3.115306    31.9606        635     2.6417     2.7150  0.000e+00
     92.919     5.3491   3.116409    31.9710        636     2.6458     2.7136  0.000e+00
     93.072     5.3533   3.117258    31.9764        637     2.6500     2.7111  0.000e+00
     93.226     5.3598   3.118407    31.9832        638     2.6542     2.7098  0.000e+00
     93.381     5.3677   3.118638    31.9782        639     2.6583     2.7092  0.000e+00
     93.525     5.3741   3.118926    31.9754        640     2.6625     2.7072  0.000e+00
     93.677     5.3784   3.119452    31.9772        641     2.6667     2.7079  0.000e+00
     93.827     5.3825   3.120786    31.9883        642     2.6708     2.7050  0.000e+00
     93.976     5.3892   3.121035    31.9847        643     2.6750     2.7038  0.000e+00
     94.123     5.3945   3.121249    31.9820        644     2.6792     2.7030  0.000e+00
     94.272     5.3981   3.121561    31.9821        645     2.6833     2.7019  0.000e+00
     94.422     5.4012   3.121520    31.9785        646     2.6875     2.7020  0.000e+00
     94.565     5.4030   3.121434    31.9757        647     2.6917     2.7020  0.000e+00
     94.720     5.4035   3.121306    31.9738        648     2.6958     2.7017  0.000e+00
     94.874     5.4031   3.121520    31.9765        649     2.7000     2.7010  0.000e+00
     95.031     5.4033   3.121734    31.9786        650     2.7042     2.7003  0.000e+00
     95.182     5.4044   3.121578    31.9757        651     2.7083     2.6997  0.000e+00
     95.344     5.4047   3.121659    31.9763        652     2.7125     2.6980  0.000e+00
     95.496     5.4049   3.121578    31.9751        653     2.7167     2.6990  0.000e+00
     95.651     5.4048   3.121596    31.9753        654     2.7208     2.6974  0.000e+00
     95.797     5.4047   3.121578    31.9752        655     2.7250     2.6964  0.000e+00
     95.949     5.4043   3.121561    31.9753        656     2.7292     2.6953  0.000e+00
     96.095     5.4042   3.121677    31.9767        657     2.7333     2.6946  0.000e+00
     96.240     5.4044   3.121758    31.9773        658     2.7375     2.6934  0.000e+00
     96.381     5.4048   3.121948    31.9790        659     2.7417     2.6917  0.000e+00
     96.523     5.4056   3.122474    31.9841        660     2.7458     2.6912  0.000e+00
     96.661     5.4078   3.123046    31.9884        661     2.7500     2.6908  0.000e+00
     96.801     5.4110   3.123289    31.9881        662     2.7542     2.6903  0.000e+00
     96.943     5.4142   3.123636    31.9888        663     2.7583     2.6910  0.000e+00
     97.082     5.4172   3.124393    31.9946        664     2.7625     2.6914  0.000e+00
     97.220     5.4215   3.125907    32.0075        665     2.7667     2.6908  0.000e+00
     97.367     5.4289   3.126549    32.0077        666     2.7708     2.6913  0.000e+00
     97.513     5.4364   3.126954    32.0051        667     2.7750     2.6907  0.000e+00
     97.659     5.4422   3.127728    32.0082        668     2.7792     2.6907  0.000e+00
     97.811     5.4473   3.129197    32.0199        669     2.7833     2.6910  0.000e+00
     97.966     5.4551   3.129793    32.0191        670     2.7875     2.6911  0.000e+00
     98.119     5.4630   3.130938    32.0245        671     2.7917     2.6890  0.000e+00
     98.273     5.4714   3.132841    32.0380        672     2.7958     2.6895  0.000e+00
     98.428     5.4826   3.134172    32.0423        673     2.8000     2.6883  0.000e+00
     98.581     5.4947   3.136215    32.0537        674     2.8042     2.6869  0.000e+00
     98.732     5.5097   3.138686    32.0673        675     2.8083     2.6865  0.000e+00
     98.886     5.5273   3.141321    32.0802        676     2.8125     2.6857  0.000e+00
     99.039     5.5476   3.143818    32.0891        677     2.8167     2.6848  0.000e+00
     99.185     5.5692   3.148511    32.1214        678     2.8208     2.6842  0.000e+00
     99.336     5.5978   3.149688    32.1073        679     2.8250     2.6831  0.000e+00
     99.486     5.6222   3.151277    32.1018        680     2.8292     2.6820  0.000e+00
     99.628     5.6399   3.152077    32.0940        681     2.8333     2.6809  0.000e+00
     99.770     5.6529   3.152448    32.0857        682     2.8375     2.6785  0.000e+00
     99.909     5.6613   3.152662    32.0801        683     2.8417     2.6767  0.000e+00
    100.047     5.6659   3.153016    32.0796        684     2.8458     2.6745  0.000e+00
    100.182     5.6698   3.153393    32.0801        685     2.8500     2.6718  0.000e+00
    100.312     5.6727   3.153938    32.0834        686     2.8542     2.6704  0.000e+00
    100.452     5.6763   3.154536    32.0866        687     2.8583     2.6685  0.000e+00
    100.585     5.6801   3.154547    32.0830        688     2.8625     2.6669  0.000e+00
    100.727     5.6830   3.154901    32.0842        689     2.8667     2.6681  0.000e+00
    100.872     5.6856   3.155157    32.0845        690     2.8708     2.6633  0.000e+00
    101.018     5.6878   3.156155    32.0936        691     2.8750     2.6593  0.000e+00
    101.169     5.6918   3.156787    32.0968        692     2.8792     2.6572  0.000e+00
    101.327     5.6974   3.158691    32.1129        693     2.8833     2.6559  0.000e+00
    101.485     5.7072   3.162029    32.1410        694     2.8875     2.6530  0.000e+00
    101.651     5.7249   3.163469    32.1403        695     2.8917     2.6511  0.000e+00
    101.820     5.7428   3.164508    32.1349        696     2.8958     2.6493  0.000e+00
    101.987     5.7574   3.165728    32.1345        697     2.9000     2.6484  0.000e+00
    102.152     5.7698   3.167308    32.1405        698     2.9042     2.6473  0.000e+00
    102.314     5.7824   3.168708    32.1441        699     2.9083     2.6459  0.000e+00
    102.474     5.7954   3.169911    32.1452        700     2.9125     2.6443  0.000e+00
    102.628     5.8078   3.170440    32.1392        701     2.9167     2.6424  0.000e+00
    102.783     5.8170   3.170951    32.1361        702     2.9208     2.6411  0.000e+00
    102.923     5.8240   3.171446    32.1350        703     2.9250     2.6398  0.000e+00
    103.067     5.8297   3.171579    32.1309        704     2.9292     2.6370  0.000e+00
    103.211     5.8335   3.172393    32.1364        705     2.9333     2.6353  0.000e+00
    103.351     5.8381   3.172294    32.1309        706     2.9375     2.6337  0.000e+00
    103.491     5.8410   3.172591    32.1314        707     2.9417     2.6319  0.000e+00
    103.631     5.8433   3.172789    32.1314        708     2.9458     2.6295  0.000e+00
    103.772     5.8453   3.172748    32.1289        709     2.9500     2.6289  0.000e+00
    103.915     5.8465   3.173242    32.1333        710     2.9542     2.6269  0.000e+00
    104.065     5.8480   3.173347    32.1329        711     2.9583     2.6253  0.000e+00
    104.221     5.8498   3.173795    32.1362        712     2.9625     2.6247  0.000e+00
    104.376     5.8517   3.173760    32.1339        713     2.9667     2.6235  0.000e+00
    104.539     5.8534   3.173795    32.1326        714     2.9708     2.6215  0.000e+00
    104.699     5.8538   3.174428    32.1392        715     2.9750     2.6202  0.000e+00
    104.868     5.8558   3.175004    32.1437        716     2.9792     2.6190  0.000e+00
    105.035     5.8597   3.176284    32.1543        717     2.9833     2.6178  0.000e+00
    105.202     5.8654   3.176505    32.1513        718     2.9875     2.6169  0.000e+00
    105.366     5.8702   3.177313    32.1556        719     2.9917     2.6167  0.000e+00
    105.531     5.8754   3.177767    32.1558        720     2.9958     2.6168  0.000e+00
    105.693     5.8801   3.178326    32.1574        721     3.0000     2.6150  0.000e+00
    105.851     5.8849   3.179274    32.1635        722     3.0042     2.6137  0.000e+00
    106.008     5.8902   3.179850    32.1647        723     3.0083     2.6130  0.000e+00
    106.162     5.8958   3.181037    32.1727        724     3.0125     2.6123  0.000e+00
    106.317     5.9020   3.181462    32.1714        725     3.0167     2.6121  0.000e+00
    106.464     5.9078   3.181771    32.1693        726     3.0208     2.6112  0.000e+00
    106.613     5.9117   3.182242    32.1708        727     3.0250     2.6097  0.000e+00
    106.752     5.9154   3.182900    32.1746        728     3.0292     2.6096  0.000e+00
    106.892     5.9189   3.182917    32.1714        729     3.0333     2.6094  0.000e+00
