HB2401/sbe012.cnv
* Sea-Bird SBE 19plus V2 Data File:
* FileName = C:\cruise\data\sbe012.hex
* Software Version Seasave V 7.26.7.121
* Temperature SN = 7142
* Conductivity SN = 7142
* System UpLoad Time = Feb 17 2024 22:41:15
* NMEA Latitude = 42 00.11 N
* NMEA Longitude = 070 23.43 W
* NMEA UTC (Time) = Feb 17 2024  22:41:31
** Cruise: HB2401
** Program: ECOMON
# nquan = 8
# nvalues = 1223                                  
# units = specified
# name 0 = depSM: Depth [salt water, m]
# name 1 = tv290C: Temperature [ITS-90, deg C]
# name 2 = c0S/m: Conductivity [S/m]
# name 3 = sal00: Salinity, Practical [PSU]
# name 4 = scan: Scan Count
# name 5 = timeM: Time, Elapsed [minutes]
# name 6 = sbeox0V: Oxygen raw, SBE 43 [V]
# name 7 = flag:  0.000e+00
# span 0 =     -0.148,     47.570                 
# span 1 =     0.5575,     4.4956                 
# span 2 =  -0.000014,   2.967101                 
# span 3 =     0.0000,    31.0994                 
# span 4 =         11,       1233                 
# span 5 =     0.0417,     5.1333                 
# span 6 =     2.5699,     3.4585                 
# span 7 = 0.0000e+00, 0.0000e+00                 
# interval = seconds: 0.25
# start_time = Feb 17 2024 22:41:31 [NMEA time, header]
# bad_flag = -9.990e-29
*END*
[from data line 1079]
      6.779     4.3465   2.943137    30.9731       1090     4.5375     2.8204  0.000e+00
      6.733     4.3467   2.943115    30.9726       1091     4.5417     2.8213  0.000e+00
      6.690     4.3468   2.943115    30.9725       1092     4.5458     2.8200  0.000e+00
      6.655     4.3468   2.943064    30.9720       1093     4.5500     2.8207  0.000e+00
      6.616     4.3465   2.943019    30.9718       1094     4.5542     2.8200  0.000e+00
      6.575     4.3461   2.942945    30.9713       1095     4.5583     2.8184  0.000e+00
      6.537     4.3453   2.942849    30.9709       1096     4.5625     2.8202  0.000e+00
      6.497     4.3444   2.942866    30.9720       1097     4.5667     2.8195  0.000e+00
      6.449     4.3437   2.942985    30.9741       1098     4.5708     2.8191  0.000e+00
      6.400     4.3440   2.942962    30.9736       1099     4.5750     2.8191  0.000e+00
      6.346     4.3442   2.942922    30.9729       1100     4.5792     2.8207  0.000e+00
      6.285     4.3442   2.942866    30.9723       1101     4.5833     2.8193  0.000e+00
      6.237     4.3438   2.942849    30.9725       1102     4.5875     2.8181  0.000e+00
      6.176     4.3435   2.942866    30.9730       1103     4.5917     2.8179  0.000e+00
      6.120     4.3434   2.942866    30.9732       1104     4.5958     2.8182  0.000e+00
      6.059     4.3436   2.942905    30.9735       1105     4.6000     2.8178  0.000e+00
      6.001     4.3436   2.942945    30.9739       1106     4.6042     2.8188  0.000e+00
      5.938     4.3441   2.942945    30.9735       1107     4.6083     2.8190  0.000e+00
      5.879     4.3444   2.942922    30.9730       1108     4.6125     2.8192  0.000e+00
      5.809     4.3444   2.942866    30.9724       1109     4.6167     2.8196  0.000e+00
      5.755     4.3441   2.942792    30.9718       1110     4.6208     2.8187  0.000e+00
      5.692     4.3437   2.942770    30.9720       1111     4.6250     2.8187  0.000e+00
      5.638     4.3430   2.942770    30.9726       1112     4.6292     2.8196  0.000e+00
      5.583     4.3428   2.942770    30.9728       1113     4.6333     2.8190  0.000e+00
      5.534     4.3428   2.942758    30.9727       1114     4.6375     2.8195  0.000e+00
      5.482     4.3426   2.942792    30.9734       1115     4.6417     2.8204  0.000e+00
      5.428     4.3425   2.942792    30.9735       1116     4.6458     2.8213  0.000e+00
      5.376     4.3427   2.942792    30.9734       1117     4.6500     2.8223  0.000e+00
      5.329     4.3426   2.942832    30.9739       1118     4.6542     2.8241  0.000e+00
      5.274     4.3429   2.942792    30.9731       1119     4.6583     2.8229  0.000e+00
      5.229     4.3430   2.942770    30.9729       1120     4.6625     2.8234  0.000e+00
      5.171     4.3428   2.942736    30.9726       1121     4.6667     2.8226  0.000e+00
      5.117     4.3426   2.942758    30.9732       1122     4.6708     2.8227  0.000e+00
      5.067     4.3426   2.942770    30.9733       1123     4.6750     2.8223  0.000e+00
      5.015     4.3427   2.942792    30.9735       1124     4.6792     2.8216  0.000e+00
      4.959     4.3428   2.942753    30.9729       1125     4.6833     2.8223  0.000e+00
      4.911     4.3428   2.942741    30.9729       1126     4.6875     2.8222  0.000e+00
      4.866     4.3426   2.942753    30.9732       1127     4.6917     2.8224  0.000e+00
      4.824     4.3426   2.942753    30.9732       1128     4.6958     2.8223  0.000e+00
      4.790     4.3426   2.942753    30.9733       1129     4.7000     2.8219  0.000e+00
      4.751     4.3426   2.942741    30.9731       1130     4.7042     2.8211  0.000e+00
      4.709     4.3425   2.942696    30.9727       1131     4.7083     2.8216  0.000e+00
      4.677     4.3423   2.942736    30.9734       1132     4.7125     2.8232  0.000e+00
      4.641     4.3423   2.942753    30.9736       1133     4.7167     2.8225  0.000e+00
      4.607     4.3425   2.942741    30.9733       1134     4.7208     2.8226  0.000e+00
      4.573     4.3426   2.942713    30.9729       1135     4.7250     2.8253  0.000e+00
      4.517     4.3424   2.942713    30.9731       1136     4.7292     2.8243  0.000e+00
      4.467     4.3423   2.942752    30.9737       1137     4.7333     2.8246  0.000e+00
      4.413     4.3426   2.942752    30.9734       1138     4.7375     2.8261  0.000e+00
      4.348     4.3427   2.942758    30.9734       1139     4.7417     2.8263  0.000e+00
      4.283     4.3428   2.942769    30.9735       1140     4.7458     2.8249  0.000e+00
      4.217     4.3429   2.942713    30.9727       1141     4.7500     2.8263  0.000e+00
      4.145     4.3428   2.942617    30.9718       1142     4.7542     2.8245  0.000e+00
      4.077     4.3424   2.942560    30.9716       1143     4.7583     2.8248  0.000e+00
      4.023     4.3417   2.942526    30.9719       1144     4.7625     2.8248  0.000e+00
      3.969     4.3412   2.942526    30.9723       1145     4.7667     2.8253  0.000e+00
      3.922     4.3410   2.942391    30.9710       1146     4.7708     2.8251  0.000e+00
      3.881     4.3402   2.942380    30.9716       1147     4.7750     2.8229  0.000e+00
      3.834     4.3395   2.942351    30.9720       1148     4.7792     2.8237  0.000e+00
      3.789     4.3388   2.942391    30.9731       1149     4.7833     2.8230  0.000e+00
      3.741     4.3389   2.942391    30.9730       1150     4.7875     2.8221  0.000e+00
      3.696     4.3390   2.942340    30.9724       1151     4.7917     2.8222  0.000e+00
      3.649     4.3387   2.942351    30.9728       1152     4.7958     2.8226  0.000e+00
      3.608     4.3385   2.942430    30.9740       1153     4.8000     2.8217  0.000e+00
      3.554     4.3389   2.942464    30.9740       1154     4.8042     2.8217  0.000e+00
      3.504     4.3395   2.942470    30.9735       1155     4.8083     2.8216  0.000e+00
      3.450     4.3398   2.942374    30.9721       1156     4.8125     2.8214  0.000e+00
      3.410     4.3395   2.942408    30.9728       1157     4.8167     2.8201  0.000e+00
      3.353     4.3395   2.942487    30.9738       1158     4.8208     2.8207  0.000e+00
      3.293     4.3397   2.942487    30.9736       1159     4.8250     2.8211  0.000e+00
      3.211     4.3401   2.942526    30.9738       1160     4.8292     2.8197  0.000e+00
      3.117     4.3402   2.942504    30.9735       1161     4.8333     2.8199  0.000e+00
      3.029     4.3407   2.942526    30.9733       1162     4.8375     2.8213  0.000e+00
      2.952     4.3408   2.942504    30.9729       1163     4.8417     2.8220  0.000e+00
      2.891     4.3408   2.942430    30.9721       1164     4.8458     2.8211  0.000e+00
      2.835     4.3404   2.942407    30.9723       1165     4.8500     2.8213  0.000e+00
      2.787     4.3400   2.942464    30.9734       1166     4.8542     2.8213  0.000e+00
      2.747     4.3401   2.942487    30.9735       1167     4.8583     2.8224  0.000e+00
      2.713     4.3402   2.942430    30.9728       1168     4.8625     2.8224  0.000e+00
      2.670     4.3401   2.942351    30.9720       1169     4.8667     2.8216  0.000e+00
      2.623     4.3397   2.942390    30.9729       1170     4.8708     2.8215  0.000e+00
      2.566     4.3396   2.942503    30.9743       1171     4.8750     2.8202  0.000e+00
      2.517     4.3401   2.942503    30.9739       1172     4.8792     2.8209  0.000e+00
      2.485     4.3402   2.942526    30.9740       1173     4.8833     2.8226  0.000e+00
      2.456     4.3407   2.942407    30.9721       1174     4.8875     2.8233  0.000e+00
      2.418     4.3404   2.942447    30.9729       1175     4.8917     2.8230  0.000e+00
      2.370     4.3403   2.942396    30.9725       1176     4.8958     2.8240  0.000e+00
      2.309     4.3400   2.942142    30.9698       1177     4.9000     2.8253  0.000e+00
      2.226     4.3387   2.941876    30.9680       1178     4.9042     2.8240  0.000e+00
      2.133     4.3364   2.942085    30.9727       1179     4.9083     2.8239  0.000e+00
      2.037     4.3356   2.942125    30.9739       1180     4.9125     2.8239  0.000e+00
      1.965     4.3359   2.942181    30.9743       1181     4.9167     2.8252  0.000e+00
      1.933     4.3363   2.942125    30.9733       1182     4.9208     2.8260  0.000e+00
      1.919     4.3364   2.942181    30.9738       1183     4.9250     2.8258  0.000e+00
      1.919     4.3366   2.942063    30.9723       1184     4.9292     2.8257  0.000e+00
      1.910     4.3364   2.942125    30.9732       1185     4.9333     2.8250  0.000e+00
      1.883     4.3362   2.941989    30.9718       1186     4.9375     2.8277  0.000e+00
      1.832     4.3356   2.941837    30.9707       1187     4.9417     2.8255  0.000e+00
      1.746     4.3345   2.941074    30.9629       1188     4.9458     2.8256  0.000e+00
      1.628     4.3324   2.941453    30.9693       1189     4.9500     2.8268  0.000e+00
      1.514     4.3303   2.941453    30.9713       1190     4.9542     2.8268  0.000e+00
      1.468     4.3292   2.941436    30.9722       1191     4.9583     2.8261  0.000e+00
      1.464     4.3284   2.941436    30.9729       1192     4.9625     2.8268  0.000e+00
      1.478     4.3280   2.941470    30.9737       1193     4.9667     2.8278  0.000e+00
      1.489     4.3281   2.941571    30.9748       1194     4.9708     2.8269  0.000e+00
      1.496     4.3284   2.941837    30.9776       1195     4.9750     2.8272  0.000e+00
      1.462     4.3302   2.941780    30.9753       1196     4.9792     2.8271  0.000e+00
      1.362     4.3313   2.941944    30.9762       1197     4.9833     2.8284  0.000e+00
      1.225     4.3325   2.942085    30.9768       1198     4.9875     2.8284  0.000e+00
      1.087     4.3341   2.942125    30.9758       1199     4.9917     2.8281  0.000e+00
      0.997     4.3353   2.942277    30.9765       1200     4.9958     2.8278  0.000e+00
      0.930     4.3369   2.942356    30.9760       1201     5.0000     2.8279  0.000e+00
      0.894     4.3382   2.942198    30.9729       1202     5.0042     2.8277  0.000e+00
      0.864     4.3383   2.942085    30.9715       1203     5.0083     2.8280  0.000e+00
      0.837     4.3379   2.941933    30.9701       1204     5.0125     2.8270  0.000e+00
      0.819     4.3367   2.941724    30.9688       1205     5.0167     2.8264  0.000e+00
      0.808     4.3346   2.941724    30.9708       1206     5.0208     2.8252  0.000e+00
      0.738     4.3330   2.941780    30.9730       1207     5.0250     2.8242  0.000e+00
      0.663     4.3323   2.941187    30.9668       1208     5.0292     2.8249  0.000e+00
      0.609     4.3299   2.941170    30.9689       1209     5.0333     2.8232  0.000e+00
      0.555     4.3274   2.941345    30.9733       1210     5.0375     2.8232  0.000e+00
      0.485     4.3268   2.941492    30.9756       1211     5.0417     2.8217  0.000e+00
      0.379     4.3276   2.941644    30.9766       1212     5.0458     2.8223  0.000e+00
      0.280     4.3291   2.941684    30.9758       1213     5.0500     2.8226  0.000e+00
      0.280     4.3304   2.941831    30.9762       1214     5.0542     2.8226  0.000e+00
      0.292     4.3317   2.941876    30.9756       1215     5.0583     2.8225  0.000e+00
      0.309     4.3328   2.941740    30.9729       1216     5.0625     2.8231  0.000e+00
      0.260     4.3331   2.941548    30.9705       1217     5.0667     2.8219  0.000e+00
      0.197     4.3317   2.941633    30.9728       1218     5.0708     2.8228  0.000e+00
      0.143     4.3311   2.942124    30.9791       1219     5.0750     2.8227  0.000e+00
      0.116     4.3333   2.942141    30.9772       1220     5.0792     2.8228  0.000e+00
      0.125     4.3355   2.942141    30.9752       1221     5.0833     2.8231  0.000e+00
      0.113     4.3364   2.941740    30.9697       1222     5.0875     2.8236  0.000e+00
      0.107     4.3354   2.941531    30.9682       1223     5.0917     2.8236  0.000e+00
     -0.006     4.3331   2.941605    30.9712       1224     5.0958     2.8239  0.000e+00
     -0.103     4.3315   2.026558    20.5797       1225     5.1000     2.8243  0.000e+00
     -0.119     4.3231   2.346040    24.1581       1226     5.1042     2.8240  0.000e+00
     -0.139     4.3062   0.701039     6.5377       1227     5.1083     2.8235  0.000e+00
     -0.148     4.2798   0.318566     2.8206       1228     5.1125     2.8232  0.000e+00
     -0.087     4.2389   2.452878    25.4317       1229     5.1167     2.8243  0.000e+00
      0.030     4.2435   2.917996    30.7806       1230     5.1208     2.8226  0.000e+00
      0.134     4.2687   2.473608    25.6442       1231     5.1250     2.8232  0.000e+00
      0.206     4.2843   1.490124    14.7504       1232     5.1292     2.8203  0.000e+00
      0.143     4.2931   0.342877     3.0484       1233     5.1333     2.8161  0.000e+00
