HB2401/sbe010.cnv
* Sea-Bird SBE 19plus V2 Data File:
* FileName = C:\cruise\data\sbe010.hex
* Software Version Seasave V 7.26.7.121
* Temperature SN = 7142
* Conductivity SN = 7142
* System UpLoad Time = Feb 17 2024 19:19:58
* NMEA Latitude = 42 06.38 N
* NMEA Longitude = 069 48.14 W
* NMEA UTC (Time) = Feb 17 2024  19:20:14
** Cruise: HB2401
** Program: ECOMON
# nquan = 8
# nvalues = 3349                                  
# units = specified
# name 0 = depSM: Depth [salt water, m]
# name 1 = tv290C: Temperature [ITS-90, deg C]
# name 2 = c0S/m: Conductivity [S/m]
# name 3 = sal00: Salinity, Practical [PSU]
# name 4 = scan: Scan Count
# name 5 = timeM: Time, Elapsed [minutes]
# name 6 = sbeox0V: Oxygen raw, SBE 43 [V]
# name 7 = flag:  0.000e+00
# span 0 =     -0.161,    155.850                 
# span 1 =    -0.0661,     8.0114                 
# span 2 =  -0.000005,   3.492947                 
# span 3 =    -0.0020,    33.5436                 
# span 4 =         11,       3359                 
# span 5 =     0.0417,    13.9917                 
# span 6 =     1.8547,     2.9610                 
# span 7 = 0.0000e+00, 0.0000e+00                 
# interval = seconds: 0.25
# start_time = Feb 17 2024 19:20:14 [NMEA time, header]
# bad_flag = -9.990e-29
*END*
[from data line 2517]
     45.039     4.7477   3.045242    31.7551       2528    10.5292     2.7802  0.000e+00
     44.989     4.7481   3.045053    31.7525       2529    10.5333     2.7797  0.000e+00
     44.938     4.7476   3.045082    31.7534       2530    10.5375     2.7799  0.000e+00
     44.888     4.7472   3.045030    31.7532       2531    10.5417     2.7793  0.000e+00
     44.831     4.7465   3.044624    31.7492       2532    10.5458     2.7793  0.000e+00
     44.773     4.7454   3.044372    31.7474       2533    10.5500     2.7793  0.000e+00
     44.707     4.7432   3.044246    31.7481       2534    10.5542     2.7793  0.000e+00
     44.645     4.7415   3.043994    31.7469       2535    10.5583     2.7793  0.000e+00
     44.581     4.7399   3.044446    31.7536       2536    10.5625     2.7799  0.000e+00
     44.509     4.7399   3.044298    31.7519       2537    10.5667     2.7804  0.000e+00
     44.444     4.7400   3.044069    31.7493       2538    10.5708     2.7815  0.000e+00
     44.385     4.7391   3.043960    31.7489       2539    10.5750     2.7812  0.000e+00
     44.335     4.7384   3.044206    31.7524       2540    10.5792     2.7825  0.000e+00
     44.279     4.7385   3.044240    31.7528       2541    10.5833     2.7824  0.000e+00
     44.234     4.7387   3.043851    31.7481       2542    10.5875     2.7825  0.000e+00
     44.193     4.7379   3.043846    31.7488       2543    10.5917     2.7819  0.000e+00
     44.155     4.7369   3.043931    31.7508       2544    10.5958     2.7818  0.000e+00
     44.117     4.7366   3.043863    31.7503       2545    10.6000     2.7814  0.000e+00
     44.079     4.7364   3.043874    31.7506       2546    10.6042     2.7801  0.000e+00
     44.045     4.7363   3.043617    31.7477       2547    10.6083     2.7796  0.000e+00
     44.004     4.7355   3.043634    31.7488       2548    10.6125     2.7794  0.000e+00
     43.961     4.7348   3.043880    31.7523       2549    10.6167     2.7794  0.000e+00
     43.914     4.7351   3.043634    31.7492       2550    10.6208     2.7783  0.000e+00
     43.862     4.7350   3.043508    31.7478       2551    10.6250     2.7790  0.000e+00
     43.802     4.7343   3.043394    31.7472       2552    10.6292     2.7794  0.000e+00
     43.745     4.7334   3.043565    31.7501       2553    10.6333     2.7797  0.000e+00
     43.689     4.7331   3.043754    31.7525       2554    10.6375     2.7801  0.000e+00
     43.634     4.7342   3.043714    31.7511       2555    10.6417     2.7794  0.000e+00
     43.574     4.7348   3.043771    31.7513       2556    10.6458     2.7805  0.000e+00
     43.524     4.7350   3.043594    31.7490       2557    10.6500     2.7801  0.000e+00
     43.466     4.7349   3.043508    31.7482       2558    10.6542     2.7816  0.000e+00
     43.414     4.7343   3.043353    31.7470       2559    10.6583     2.7806  0.000e+00
     43.368     4.7334   3.043485    31.7494       2560    10.6625     2.7819  0.000e+00
     43.317     4.7332   3.043473    31.7494       2561    10.6667     2.7830  0.000e+00
     43.267     4.7330   3.043353    31.7483       2562    10.6708     2.7834  0.000e+00
     43.217     4.7326   3.043536    31.7508       2563    10.6750     2.7825  0.000e+00
     43.166     4.7331   3.043542    31.7504       2564    10.6792     2.7839  0.000e+00
     43.114     4.7334   3.043536    31.7501       2565    10.6833     2.7832  0.000e+00
     43.066     4.7335   3.043525    31.7499       2566    10.6875     2.7835  0.000e+00
     43.012     4.7338   3.043513    31.7495       2567    10.6917     2.7832  0.000e+00
     42.961     4.7336   3.043245    31.7466       2568    10.6958     2.7831  0.000e+00
     42.904     4.7328   3.043433    31.7496       2569    10.7000     2.7825  0.000e+00
     42.854     4.7326   3.043410    31.7495       2570    10.7042     2.7828  0.000e+00
     42.803     4.7328   3.043393    31.7492       2571    10.7083     2.7834  0.000e+00
     42.749     4.7328   3.043468    31.7501       2572    10.7125     2.7838  0.000e+00
     42.697     4.7328   3.043393    31.7493       2573    10.7167     2.7847  0.000e+00
     42.641     4.7329   3.043353    31.7487       2574    10.7208     2.7831  0.000e+00
     42.591     4.7328   3.043353    31.7488       2575    10.7250     2.7826  0.000e+00
     42.537     4.7326   3.043376    31.7492       2576    10.7292     2.7812  0.000e+00
     42.483     4.7324   3.043296    31.7486       2577    10.7333     2.7822  0.000e+00
     42.433     4.7322   3.043296    31.7487       2578    10.7375     2.7818  0.000e+00
     42.377     4.7322   3.043256    31.7484       2579    10.7417     2.7818  0.000e+00
     42.325     4.7319   3.043204    31.7481       2580    10.7458     2.7822  0.000e+00
     42.269     4.7315   3.043199    31.7484       2581    10.7500     2.7820  0.000e+00
     42.221     4.7312   3.043187    31.7486       2582    10.7542     2.7834  0.000e+00
     42.172     4.7312   3.043136    31.7480       2583    10.7583     2.7829  0.000e+00
     42.118     4.7310   3.043113    31.7480       2584    10.7625     2.7830  0.000e+00
     42.066     4.7306   3.042918    31.7461       2585    10.7667     2.7834  0.000e+00
     42.021     4.7300   3.042884    31.7463       2586    10.7708     2.7828  0.000e+00
     41.969     4.7293   3.042781    31.7459       2587    10.7750     2.7837  0.000e+00
     41.923     4.7287   3.042621    31.7446       2588    10.7792     2.7825  0.000e+00
     41.878     4.7276   3.042821    31.7480       2589    10.7833     2.7820  0.000e+00
     41.836     4.7276   3.042924    31.7493       2590    10.7875     2.7817  0.000e+00
     41.784     4.7282   3.042804    31.7473       2591    10.7917     2.7822  0.000e+00
     41.736     4.7281   3.042678    31.7460       2592    10.7958     2.7821  0.000e+00
     41.687     4.7277   3.042621    31.7457       2593    10.8000     2.7829  0.000e+00
     41.640     4.7272   3.042638    31.7464       2594    10.8042     2.7835  0.000e+00
     41.592     4.7268   3.042603    31.7464       2595    10.8083     2.7832  0.000e+00
     41.543     4.7268   3.042695    31.7475       2596    10.8125     2.7832  0.000e+00
     41.489     4.7268   3.042878    31.7496       2597    10.8167     2.7830  0.000e+00
     41.437     4.7276   3.042769    31.7477       2598    10.8208     2.7827  0.000e+00
     41.383     4.7278   3.042683    31.7465       2599    10.8250     2.7840  0.000e+00
     41.326     4.7274   3.042563    31.7455       2600    10.8292     2.7838  0.000e+00
     41.270     4.7268   3.042523    31.7456       2601    10.8333     2.7839  0.000e+00
     41.216     4.7265   3.042529    31.7460       2602    10.8375     2.7832  0.000e+00
     41.159     4.7262   3.042643    31.7477       2603    10.8417     2.7830  0.000e+00
     41.100     4.7263   3.042546    31.7465       2604    10.8458     2.7822  0.000e+00
     41.044     4.7263   3.042523    31.7462       2605    10.8500     2.7819  0.000e+00
     40.986     4.7262   3.042414    31.7451       2606    10.8542     2.7828  0.000e+00
     40.927     4.7257   3.042346    31.7448       2607    10.8583     2.7825  0.000e+00
     40.866     4.7251   3.042340    31.7454       2608    10.8625     2.7832  0.000e+00
     40.808     4.7245   3.042283    31.7453       2609    10.8667     2.7830  0.000e+00
     40.745     4.7243   3.042323    31.7460       2610    10.8708     2.7833  0.000e+00
     40.688     4.7242   3.042712    31.7506       2611    10.8750     2.7830  0.000e+00
     40.634     4.7255   3.042763    31.7500       2612    10.8792     2.7828  0.000e+00
     40.582     4.7265   3.042677    31.7480       2613    10.8833     2.7819  0.000e+00
     40.535     4.7271   3.042603    31.7466       2614    10.8875     2.7818  0.000e+00
     40.494     4.7269   3.042735    31.7484       2615    10.8917     2.7822  0.000e+00
     40.458     4.7272   3.042723    31.7479       2616    10.8958     2.7814  0.000e+00
     40.426     4.7275   3.042660    31.7470       2617    10.9000     2.7805  0.000e+00
     40.399     4.7274   3.042620    31.7466       2618    10.9042     2.7805  0.000e+00
     40.373     4.7273   3.042620    31.7467       2619    10.9083     2.7810  0.000e+00
     40.345     4.7271   3.042145    31.7415       2620    10.9125     2.7811  0.000e+00
     40.314     4.7256   3.042151    31.7430       2621    10.9167     2.7812  0.000e+00
     40.280     4.7240   3.042185    31.7449       2622    10.9208     2.7806  0.000e+00
     40.239     4.7236   3.042054    31.7438       2623    10.9250     2.7813  0.000e+00
     40.192     4.7230   3.042426    31.7487       2624    10.9292     2.7811  0.000e+00
     40.147     4.7233   3.042283    31.7468       2625    10.9333     2.7816  0.000e+00
     40.077     4.7239   3.042048    31.7436       2626    10.9375     2.7809  0.000e+00
     40.014     4.7231   3.042431    31.7487       2627    10.9417     2.7809  0.000e+00
     39.935     4.7236   3.042443    31.7484       2628    10.9458     2.7811  0.000e+00
     39.859     4.7245   3.042374    31.7468       2629    10.9500     2.7816  0.000e+00
     39.786     4.7248   3.042128    31.7437       2630    10.9542     2.7830  0.000e+00
     39.708     4.7243   3.041888    31.7415       2631    10.9583     2.7831  0.000e+00
     39.633     4.7227   3.041791    31.7419       2632    10.9625     2.7840  0.000e+00
     39.563     4.7213   3.041865    31.7442       2633    10.9667     2.7839  0.000e+00
     39.498     4.7207   3.041613    31.7419       2634    10.9708     2.7845  0.000e+00
     39.433     4.7197   3.041716    31.7441       2635    10.9750     2.7836  0.000e+00
     39.381     4.7193   3.041768    31.7451       2636    10.9792     2.7841  0.000e+00
     39.331     4.7193   3.041756    31.7450       2637    10.9833     2.7842  0.000e+00
     39.282     4.7195   3.041750    31.7447       2638    10.9875     2.7835  0.000e+00
     39.239     4.7193   3.041756    31.7449       2639    10.9917     2.7831  0.000e+00
     39.194     4.7196   3.041750    31.7447       2640    10.9958     2.7841  0.000e+00
     39.158     4.7194   3.041682    31.7441       2641    11.0000     2.7842  0.000e+00
     39.115     4.7192   3.041630    31.7437       2642    11.0042     2.7840  0.000e+00
     39.078     4.7189   3.041699    31.7448       2643    11.0083     2.7838  0.000e+00
     39.042     4.7188   3.041693    31.7449       2644    11.0125     2.7843  0.000e+00
     39.002     4.7190   3.041682    31.7445       2645    11.0167     2.7846  0.000e+00
     38.968     4.7189   3.042048    31.7488       2646    11.0208     2.7835  0.000e+00
     38.934     4.7200   3.042036    31.7477       2647    11.0250     2.7835  0.000e+00
     38.893     4.7214   3.041968    31.7456       2648    11.0292     2.7825  0.000e+00
     38.849     4.7216   3.041962    31.7454       2649    11.0333     2.7817  0.000e+00
     38.810     4.7215   3.041630    31.7417       2650    11.0375     2.7822  0.000e+00
     38.758     4.7205   3.041493    31.7410       2651    11.0417     2.7803  0.000e+00
     38.713     4.7191   3.041807    31.7460       2652    11.0458     2.7802  0.000e+00
     38.662     4.7190   3.041493    31.7425       2653    11.0500     2.7800  0.000e+00
     38.607     4.7187   3.041710    31.7453       2654    11.0542     2.7810  0.000e+00
     38.558     4.7184   3.041361    31.7416       2655    11.0583     2.7809  0.000e+00
     38.501     4.7177   3.041235    31.7409       2656    11.0625     2.7814  0.000e+00
     38.443     4.7165   3.041264    31.7423       2657    11.0667     2.7812  0.000e+00
     38.388     4.7157   3.041235    31.7429       2658    11.0708     2.7822  0.000e+00
     38.332     4.7151   3.041230    31.7433       2659    11.0750     2.7818  0.000e+00
     38.283     4.7150   3.041195    31.7431       2660    11.0792     2.7822  0.000e+00
     38.235     4.7149   3.041230    31.7436       2661    11.0833     2.7828  0.000e+00
     38.181     4.7148   3.041218    31.7436       2662    11.0875     2.7829  0.000e+00
     38.125     4.7149   3.041075    31.7419       2663    11.0917     2.7839  0.000e+00
     38.071     4.7143   3.041138    31.7433       2664    11.0958     2.7841  0.000e+00
     38.019     4.7141   3.041041    31.7423       2665    11.1000     2.7850  0.000e+00
     37.960     4.7137   3.040995    31.7422       2666    11.1042     2.7852  0.000e+00
     37.901     4.7132   3.040869    31.7413       2667    11.1083     2.7854  0.000e+00
     37.839     4.7126   3.040841    31.7416       2668    11.1125     2.7858  0.000e+00
     37.771     4.7119   3.040926    31.7433       2669    11.1167     2.7857  0.000e+00
     37.710     4.7120   3.040938    31.7433       2670    11.1208     2.7849  0.000e+00
     37.647     4.7120   3.040755    31.7412       2671    11.1250     2.7861  0.000e+00
     37.582     4.7116   3.040760    31.7417       2672    11.1292     2.7857  0.000e+00
     37.521     4.7111   3.040703    31.7416       2673    11.1333     2.7864  0.000e+00
     37.455     4.7106   3.040720    31.7423       2674    11.1375     2.7857  0.000e+00
     37.392     4.7105   3.040886    31.7443       2675    11.1417     2.7855  0.000e+00
     37.334     4.7108   3.040800    31.7431       2676    11.1458     2.7861  0.000e+00
     37.280     4.7112   3.040869    31.7435       2677    11.1500     2.7862  0.000e+00
     37.228     4.7114   3.040961    31.7444       2678    11.1542     2.7856  0.000e+00
     37.180     4.7121   3.040926    31.7434       2679    11.1583     2.7870  0.000e+00
     37.139     4.7124   3.040840    31.7421       2680    11.1625     2.7874  0.000e+00
     37.095     4.7121   3.040926    31.7433       2681    11.1667     2.7869  0.000e+00
     37.061     4.7122   3.041018    31.7443       2682    11.1708     2.7867  0.000e+00
     37.029     4.7127   3.041018    31.7438       2683    11.1750     2.7869  0.000e+00
     36.997     4.7131   3.041018    31.7435       2684    11.1792     2.7851  0.000e+00
     36.966     4.7133   3.041001    31.7432       2685    11.1833     2.7851  0.000e+00
     36.934     4.7134   3.040978    31.7428       2686    11.1875     2.7848  0.000e+00
     36.903     4.7133   3.040835    31.7413       2687    11.1917     2.7848  0.000e+00
     36.871     4.7127   3.040880    31.7423       2688    11.1958     2.7840  0.000e+00
     36.833     4.7124   3.040943    31.7434       2689    11.2000     2.7853  0.000e+00
     36.793     4.7125   3.040960    31.7435       2690    11.2042     2.7848  0.000e+00
     36.754     4.7126   3.041058    31.7445       2691    11.2083     2.7844  0.000e+00
     36.707     4.7133   3.040978    31.7430       2692    11.2125     2.7850  0.000e+00
     36.657     4.7133   3.041115    31.7446       2693    11.2167     2.7844  0.000e+00
     36.607     4.7138   3.041035    31.7433       2694    11.2208     2.7855  0.000e+00
     36.560     4.7140   3.040943    31.7420       2695    11.2250     2.7851  0.000e+00
     36.500     4.7136   3.040897    31.7419       2696    11.2292     2.7852  0.000e+00
     36.447     4.7131   3.040852    31.7419       2697    11.2333     2.7845  0.000e+00
     36.391     4.7126   3.040760    31.7413       2698    11.2375     2.7846  0.000e+00
     36.339     4.7121   3.040703    31.7412       2699    11.2417     2.7845  0.000e+00
     36.278     4.7115   3.040760    31.7424       2700    11.2458     2.7847  0.000e+00
     36.229     4.7112   3.040754    31.7427       2701    11.2500     2.7841  0.000e+00
     36.175     4.7111   3.040760    31.7429       2702    11.2542     2.7854  0.000e+00
     36.118     4.7112   3.040646    31.7414       2703    11.2583     2.7846  0.000e+00
     36.058     4.7109   3.040531    31.7405       2704    11.2625     2.7854  0.000e+00
     36.008     4.7101   3.040165    31.7371       2705    11.2667     2.7850  0.000e+00
     35.956     4.7086   3.040514    31.7425       2706    11.2708     2.7845  0.000e+00
