HB2401/sbe027.cnv
* Sea-Bird SBE 19plus V2 Data File:
* FileName = C:\cruise\data\sbe027.hex
* Software Version Seasave V 7.26.7.121
* Temperature SN = 7142
* Conductivity SN = 7142
* System UpLoad Time = Feb 20 2024 17:21:14
* NMEA Latitude = 39 28.53 N
* NMEA Longitude = 072 48.26 W
* NMEA UTC (Time) = Feb 20 2024  17:21:30
** Cruise: HB2401
** Program: ECOMON
# nquan = 8
# nvalues = 1354                                  
# units = specified
# name 0 = depSM: Depth [salt water, m]
# name 1 = tv290C: Temperature [ITS-90, deg C]
# name 2 = c0S/m: Conductivity [S/m]
# name 3 = sal00: Salinity, Practical [PSU]
# name 4 = scan: Scan Count
# name 5 = timeM: Time, Elapsed [minutes]
# name 6 = sbeox0V: Oxygen raw, SBE 43 [V]
# name 7 = flag:  0.000e+00
# span 0 =      0.084,     58.060                 
# span 1 =     6.9141,     7.8899                 
# span 2 =   0.000037,   3.407537                 
# span 3 =     0.0036,    32.9395                 
# span 4 =         11,       1364                 
# span 5 =     0.0417,     5.6792                 
# span 6 =    -0.0000,     2.9712                 
# span 7 = 0.0000e+00, 0.0000e+00                 
# interval = seconds: 0.25
# start_time = Feb 20 2024 17:21:30 [NMEA time, header]
# bad_flag = -9.990e-29
*END*
[from data line 180]
     16.960     7.0008   3.284600    32.3161        191     0.7917     0.0008  0.000e+00
     17.118     7.0001   3.284588    32.3165        192     0.7958     0.0008  0.000e+00
     17.273     7.0001   3.284606    32.3167        193     0.8000     0.0005  0.000e+00
     17.426     7.0004   3.284647    32.3167        194     0.8042     0.0007  0.000e+00
     17.573     7.0012   3.284588    32.3153        195     0.8083     0.0008  0.000e+00
     17.719     7.0022   3.284606    32.3145        196     0.8125     0.0003  0.000e+00
     17.866     7.0021   3.284647    32.3149        197     0.8167     0.0006  0.000e+00
     18.011     7.0013   3.284683    32.3160        198     0.8208     0.0005  0.000e+00
     18.157     6.9996   3.284836    32.3193        199     0.8250     0.0024  0.000e+00
     18.306     6.9978   3.285042    32.3231        200     0.8292     1.0282  0.000e+00
     18.452     6.9963   3.285101    32.3250        201     0.8333    -0.0000  0.000e+00
     18.603     6.9967   3.285102    32.3246        202     0.8375     0.0005  0.000e+00
     18.755     6.9981   3.285019    32.3224        203     0.8417     0.0009  0.000e+00
     18.910     6.9986   3.285043    32.3221        204     0.8458     0.0003  0.000e+00
     19.063     6.9987   3.284954    32.3210        205     0.8500     0.0008  0.000e+00
     19.217     6.9979   3.284837    32.3203        206     0.8542     0.0009  0.000e+00
     19.365     6.9968   3.284772    32.3206        207     0.8583     0.0008  0.000e+00
     19.508     6.9964   3.284813    32.3213        208     0.8625     0.0005  0.000e+00
     19.645     6.9962   3.284772    32.3210        209     0.8667     0.0006  0.000e+00
     19.783     6.9964   3.284754    32.3205        210     0.8708     0.0005  0.000e+00
     19.907     6.9962   3.284772    32.3209        211     0.8750    -0.0000  0.000e+00
     20.028     6.9960   3.284684    32.3201        212     0.8792     0.0008  0.000e+00
     20.152     6.9963   3.284731    32.3202        213     0.8833     0.0014  0.000e+00
     20.267     6.9963   3.284796    32.3209        214     0.8875     0.0003  0.000e+00
     20.387     6.9958   3.284855    32.3219        215     0.8917     0.0009  0.000e+00
     20.504     6.9950   3.284919    32.3233        216     0.8958     0.0002  0.000e+00
     20.621     6.9948   3.284961    32.3239        217     0.9000     0.0006  0.000e+00
     20.741     6.9942   3.284961    32.3244        218     0.9042     0.0010  0.000e+00
     20.873     6.9935   3.285014    32.3256        219     0.9083     0.0005  0.000e+00
     21.002     6.9930   3.285085    32.3268        220     0.9125     0.0004  0.000e+00
     21.146     6.9924   3.285002    32.3264        221     0.9167     0.0003  0.000e+00
     21.297     6.9919   3.284920    32.3259        222     0.9208     0.0009  0.000e+00
     21.451     6.9915   3.284814    32.3250        223     0.9250     0.0005  0.000e+00
     21.620     6.9906   3.284796    32.3255        224     0.9292     0.0005  0.000e+00
     21.796     6.9897   3.284720    32.3255        225     0.9333     0.0006  0.000e+00
     21.976     6.9894   3.284672    32.3252        226     0.9375     0.0006  0.000e+00
     22.154     6.9887   3.284673    32.3257        227     0.9417     0.0007  0.000e+00
     22.332     6.9880   3.284631    32.3259        228     0.9458     0.0005  0.000e+00
     22.504     6.9873   3.284590    32.3260        229     0.9500     0.0009  0.000e+00
     22.672     6.9869   3.284549    32.3259        230     0.9542     0.0008  0.000e+00
     22.833     6.9865   3.284490    32.3256        231     0.9583     0.0008  0.000e+00
     22.986     6.9867   3.284425    32.3245        232     0.9625     0.0005  0.000e+00
     23.128     6.9867   3.284484    32.3251        233     0.9667     0.0003  0.000e+00
     23.274     6.9869   3.284531    32.3253        234     0.9708     0.0006  0.000e+00
     23.412     6.9875   3.284549    32.3249        235     0.9750     0.0005  0.000e+00
     23.549     6.9882   3.284632    32.3251        236     0.9792     0.0002  0.000e+00
     23.691     6.9878   3.284691    32.3260        237     0.9833     0.0003  0.000e+00
     23.827     6.9875   3.284732    32.3267        238     0.9875     0.0005  0.000e+00
     23.964     6.9872   3.284714    32.3268        239     0.9917     0.0005  0.000e+00
     24.099     6.9865   3.284720    32.3275        240     0.9958     0.0008  0.000e+00
     24.233     6.9856   3.284838    32.3295        241     1.0000     0.0003  0.000e+00
     24.372     6.9854   3.284773    32.3289        242     1.0042     0.0008  0.000e+00
     24.508     6.9851   3.284691    32.3282        243     1.0083     0.0007  0.000e+00
     24.652     6.9841   3.284673    32.3289        244     1.0125     0.0008  0.000e+00
     24.799     6.9831   3.284691    32.3300        245     1.0167     0.0006  0.000e+00
     24.947     6.9823   3.284715    32.3309        246     1.0208     0.0011  0.000e+00
     25.101     6.9818   3.284703    32.3312        247     1.0250     0.0009  0.000e+00
     25.249     6.9812   3.284733    32.3320        248     1.0292     0.0005  0.000e+00
     25.402     6.9804   3.284756    32.3329        249     1.0333     0.0002  0.000e+00
     25.556     6.9801   3.284715    32.3327        250     1.0375     0.0004  0.000e+00
     25.716     6.9798   3.284650    32.3322        251     1.0417     0.0005  0.000e+00
     25.876     6.9798   3.284609    32.3316        252     1.0458     0.0008  0.000e+00
     26.038     6.9796   3.284544    32.3311        253     1.0500     0.0003  0.000e+00
     26.198     6.9792   3.284509    32.3310        254     1.0542     0.0005  0.000e+00
     26.352     6.9786   3.284468    32.3310        255     1.0583     0.0003  0.000e+00
     26.512     6.9781   3.284368    32.3303        256     1.0625     0.0003  0.000e+00
     26.663     6.9777   3.283030    32.3160        257     1.0667     0.0001  0.000e+00
     26.816     6.9718   3.280874    32.2980        258     1.0708     0.0006  0.000e+00
     26.962     6.9522   3.280627    32.3136        259     1.0750     0.0003  0.000e+00
     27.111     6.9362   3.280486    32.3270        260     1.0792     0.0003  0.000e+00
     27.253     6.9269   3.280362    32.3344        261     1.0833     0.0007  0.000e+00
     27.402     6.9217   3.280280    32.3383        262     1.0875     0.0005  0.000e+00
     27.542     6.9188   3.280115    32.3392        263     1.0917     0.0003  0.000e+00
     27.679     6.9168   3.280180    32.3417        264     1.0958     0.0011  0.000e+00
     27.813     6.9158   3.280221    32.3430        265     1.1000     0.0005  0.000e+00
     27.945     6.9156   3.280180    32.3427        266     1.1042     0.0008  0.000e+00
     28.069     6.9151   3.280221    32.3435        267     1.1083     0.0008  0.000e+00
     28.191     6.9151   3.280204    32.3433        268     1.1125     2.7165  0.000e+00
     28.315     6.9151   3.280239    32.3436        269     1.1167     2.7256  0.000e+00
     28.439     6.9154   3.280198    32.3428        270     1.1208     2.7387  0.000e+00
     28.567     6.9152   3.280180    32.3427        271     1.1250     0.0007  0.000e+00
     28.694     6.9153   3.280263    32.3435        272     1.1292     0.0005  0.000e+00
     28.831     6.9152   3.280345    32.3444        273     1.1333     1.4838  0.000e+00
     28.969     6.9156   3.280345    32.3440        274     1.1375     0.0010  0.000e+00
     29.118     6.9159   3.280445    32.3448        275     1.1417     0.0008  0.000e+00
     29.269     6.9163   3.280522    32.3451        276     1.1458     0.0008  0.000e+00
     29.429     6.9171   3.280528    32.3444        277     1.1500     0.0006  0.000e+00
     29.593     6.9175   3.280546    32.3441        278     1.1542     0.0001  0.000e+00
     29.765     6.9178   3.280587    32.3442        279     1.1583     0.0007  0.000e+00
     29.947     6.9181   3.280546    32.3434        280     1.1625     0.0004  0.000e+00
     30.134     6.9181   3.280569    32.3435        281     1.1667     0.0003  0.000e+00
     30.317     6.9181   3.280652    32.3443        282     1.1708     0.0008  0.000e+00
     30.508     6.9185   3.280675    32.3442        283     1.1750     0.0006  0.000e+00
     30.684     6.9188   3.280711    32.3442        284     1.1792     0.0005  0.000e+00
     30.863     6.9191   3.280711    32.3438        285     1.1833     0.0008  0.000e+00
     31.022     6.9191   3.280752    32.3441        286     1.1875     0.0002  0.000e+00
     31.171     6.9192   3.280752    32.3440        287     1.1917     0.0006  0.000e+00
     31.309     6.9194   3.280752    32.3438        288     1.1958     0.0004  0.000e+00
     31.439     6.9196   3.280752    32.3435        289     1.2000     0.0005  0.000e+00
     31.563     6.9194   3.280735    32.3434        290     1.2042     0.0006  0.000e+00
     31.678     6.9193   3.280676    32.3428        291     1.2083     0.0008  0.000e+00
     31.791     6.9188   3.280670    32.3431        292     1.2125     0.0005  0.000e+00
     31.909     6.9186   3.280694    32.3436        293     1.2167     0.0007  0.000e+00
     32.030     6.9184   3.280611    32.3428        294     1.2208     0.0003  0.000e+00
     32.150     6.9181   3.280629    32.3432        295     1.2250     0.0005  0.000e+00
     32.278     6.9180   3.280588    32.3428        296     1.2292     0.0008  0.000e+00
     32.415     6.9177   3.280652    32.3437        297     1.2333     0.0005  0.000e+00
     32.555     6.9175   3.280676    32.3441        298     1.2375     0.0001  0.000e+00
     32.702     6.9177   3.280735    32.3445        299     1.2417     0.0004  0.000e+00
     32.857     6.9180   3.280794    32.3448        300     1.2458     0.0006  0.000e+00
     33.015     6.9185   3.280877    32.3451        301     1.2500    -0.0000  0.000e+00
     33.184     6.9191   3.280900    32.3447        302     1.2542     0.0008  0.000e+00
     33.358     6.9197   3.280918    32.3443        303     1.2583     0.0006  0.000e+00
     33.536     6.9199   3.280941    32.3443        304     1.2625     0.0001  0.000e+00
     33.716     6.9201   3.280989    32.3445        305     1.2667     0.0001  0.000e+00
     33.892     6.9204   3.280983    32.3441        306     1.2708     0.0004  0.000e+00
     34.061     6.9205   3.281001    32.3441        307     1.2750    -0.0000  0.000e+00
     34.215     6.9207   3.281018    32.3441        308     1.2792     0.0009  0.000e+00
     34.363     6.9207   3.281042    32.3442        309     1.2833     0.0001  0.000e+00
     34.505     6.9207   3.280983    32.3435        310     1.2875     0.0004  0.000e+00
     34.634     6.9205   3.281001    32.3439        311     1.2917     0.0004  0.000e+00
     34.764     6.9203   3.280983    32.3438        312     1.2958     0.0001  0.000e+00
     34.889     6.9203   3.281007    32.3440        313     1.3000     0.0004  0.000e+00
     35.015     6.9202   3.281001    32.3440        314     1.3042     0.0008  0.000e+00
     35.143     6.9200   3.281001    32.3440        315     1.3083     0.0005  0.000e+00
     35.269     6.9201   3.281001    32.3439        316     1.3125     0.0001  0.000e+00
     35.403     6.9200   3.281001    32.3440        317     1.3167     0.0004  0.000e+00
     35.545     6.9200   3.281001    32.3439        318     1.3208     0.0003  0.000e+00
     35.687     6.9200   3.281019    32.3440        319     1.3250     0.0004  0.000e+00
     35.835     6.9200   3.281031    32.3440        320     1.3292     0.0004  0.000e+00
     35.991     6.9200   3.281101    32.3447        321     1.3333     0.0004  0.000e+00
     36.146     6.9202   3.281143    32.3450        322     1.3375     0.0001  0.000e+00
     36.298     6.9204   3.281184    32.3451        323     1.3417     0.0006  0.000e+00
     36.455     6.9209   3.281143    32.3442        324     1.3458     0.0004  0.000e+00
     36.609     6.9210   3.281166    32.3442        325     1.3500     0.0003  0.000e+00
     36.755     6.9208   3.281143    32.3441        326     1.3542     0.0008  0.000e+00
     36.895     6.9207   3.281143    32.3441        327     1.3583     0.0004  0.000e+00
     37.032     6.9206   3.281125    32.3439        328     1.3625     0.0009  0.000e+00
     37.168     6.9206   3.281143    32.3441        329     1.3667     0.0006  0.000e+00
     37.303     6.9206   3.281125    32.3439        330     1.3708     0.0006  0.000e+00
     37.443     6.9205   3.281143    32.3440        331     1.3750     0.0004  0.000e+00
     37.575     6.9205   3.281143    32.3440        332     1.3792     0.0004  0.000e+00
     37.713     6.9204   3.281167    32.3443        333     1.3833     0.0005  0.000e+00
     37.860     6.9204   3.281208    32.3447        334     1.3875     0.0008  0.000e+00
     37.997     6.9206   3.281184    32.3442        335     1.3917     0.0005  0.000e+00
     38.144     6.9208   3.281226    32.3444        336     1.3958     0.0109  0.000e+00
     38.299     6.9208   3.281267    32.3448        337     1.4000     0.0008  0.000e+00
     38.455     6.9210   3.281308    32.3449        338     1.4042     2.8310  0.000e+00
     38.613     6.9211   3.281308    32.3447        339     1.4083     2.8284  0.000e+00
     38.782     6.9213   3.281350    32.3449        340     1.4125     2.8297  0.000e+00
     38.953     6.9216   3.281350    32.3446        341     1.4167     2.8282  0.000e+00
     39.128     6.9219   3.281385    32.3446        342     1.4208     2.8156  0.000e+00
     39.304     6.9221   3.281373    32.3442        343     1.4250     2.8286  0.000e+00
     39.485     6.9220   3.281350    32.3439        344     1.4292     2.8284  0.000e+00
     39.667     6.9218   3.281350    32.3440        345     1.4333     2.8274  0.000e+00
     39.841     6.9218   3.281373    32.3442        346     1.4375     2.8276  0.000e+00
     40.006     6.9218   3.281391    32.3443        347     1.4417     2.8276  0.000e+00
     40.168     6.9219   3.281374    32.3439        348     1.4458     2.8267  0.000e+00
     40.317     6.9219   3.281332    32.3434        349     1.4500     2.8264  0.000e+00
     40.461     6.9215   3.281303    32.3434        350     1.4542     0.0006  0.000e+00
     40.596     6.9212   3.281291    32.3435        351     1.4583     0.0001  0.000e+00
     40.734     6.9210   3.281291    32.3436        352     1.4625     2.8289  0.000e+00
     40.857     6.9209   3.281250    32.3432        353     1.4667     2.8302  0.000e+00
     40.984     6.9205   3.281209    32.3431        354     1.4708     0.0022  0.000e+00
     41.106     6.9201   3.281227    32.3436        355     1.4750     2.8321  0.000e+00
     41.227     6.9200   3.281268    32.3441        356     1.4792     2.8304  0.000e+00
     41.347     6.9200   3.281286    32.3442        357     1.4833     2.8307  0.000e+00
     41.466     6.9202   3.281309    32.3443        358     1.4875     2.8305  0.000e+00
     41.579     6.9200   3.281333    32.3446        359     1.4917     2.8310  0.000e+00
     41.700     6.9202   3.281186    32.3428        360     1.4958     2.8291  0.000e+00
     41.827     6.9199   3.281003    32.3410        361     1.5000     2.8303  0.000e+00
     41.957     6.9187   3.281086    32.3429        362     1.5042     2.8300  0.000e+00
     42.095     6.9181   3.281103    32.3437        363     1.5083     2.8278  0.000e+00
     42.239     6.9181   3.281127    32.3438        364     1.5125     2.8284  0.000e+00
     42.384     6.9181   3.281103    32.3435        365     1.5167     2.8275  0.000e+00
     42.534     6.9181   3.281145    32.3439        366     1.5208     2.8277  0.000e+00
     42.692     6.9179   3.281209    32.3447        367     1.5250     2.8283  0.000e+00
     42.850     6.9182   3.281268    32.3450        368     1.5292     2.8275  0.000e+00
     43.014     6.9187   3.281227    32.3440        369     1.5333     2.8278  0.000e+00
