HB2401/sbe043.cnv
* Sea-Bird SBE 19plus V2 Data File:
* FileName = C:\cruise\data\sbe043.hex
* Software Version Seasave V 7.26.7.121
* Temperature SN = 7142
* Conductivity SN = 7142
* System UpLoad Time = Feb 22 2024 06:18:39
* NMEA Latitude = 41 23.33 N
* NMEA Longitude = 071 21.23 W
* NMEA UTC (Time) = Feb 22 2024  06:18:58
** Cruise: HB2401
** Program: ECOMON
# nquan = 8
# nvalues = 1702                                  
# units = specified
# name 0 = depSM: Depth [salt water, m]
# name 1 = tv290C: Temperature [ITS-90, deg C]
# name 2 = c0S/m: Conductivity [S/m]
# name 3 = sal00: Salinity, Practical [PSU]
# name 4 = scan: Scan Count
# name 5 = timeM: Time, Elapsed [minutes]
# name 6 = sbeox0V: Oxygen raw, SBE 43 [V]
# name 7 = flag:  0.000e+00
# span 0 =      0.031,     28.918                 
# span 1 =     0.6342,     5.0395                 
# span 2 =   0.000003,   3.061349                 
# span 3 =    -0.0014,    31.6735                 
# span 4 =         11,       1712                 
# span 5 =     0.0417,     7.1292                 
# span 6 =     2.1984,     2.9155                 
# span 7 = 0.0000e+00, 0.0000e+00                 
# interval = seconds: 0.25
# start_time = Feb 22 2024 06:18:58 [NMEA time, header]
# bad_flag = -9.990e-29
*END*
[from data line 1259]
      6.319     4.4195   2.976926    31.2968       1270     5.2875     2.9139  0.000e+00
      6.312     4.4215   2.977119    31.2972       1271     5.2917     2.9139  0.000e+00
      6.305     4.4238   2.976790    31.2912       1272     5.2958     2.9133  0.000e+00
      6.307     4.4242   2.976699    31.2897       1273     5.3000     2.9130  0.000e+00
      6.299     4.4234   2.976830    31.2920       1274     5.3042     2.9132  0.000e+00
      6.296     4.4232   2.976830    31.2922       1275     5.3083     2.9119  0.000e+00
      6.285     4.4235   2.976813    31.2917       1276     5.3125     2.9131  0.000e+00
      6.269     4.4235   2.976756    31.2911       1277     5.3167     2.9123  0.000e+00
      6.249     4.4231   2.976665    31.2904       1278     5.3208     2.9107  0.000e+00
      6.222     4.4225   2.976444    31.2885       1279     5.3250     2.9111  0.000e+00
      6.186     4.4211   2.976541    31.2909       1280     5.3292     2.9090  0.000e+00
      6.147     4.4210   2.976535    31.2909       1281     5.3333     2.9105  0.000e+00
      6.102     4.4209   2.976773    31.2939       1282     5.3375     2.9094  0.000e+00
      6.055     4.4216   2.976637    31.2916       1283     5.3417     2.9091  0.000e+00
      6.008     4.4225   2.976609    31.2904       1284     5.3458     2.9091  0.000e+00
      5.965     4.4219   2.976404    31.2886       1285     5.3500     2.9087  0.000e+00
      5.926     4.4209   2.976194    31.2872       1286     5.3542     2.9097  0.000e+00
      5.891     4.4193   2.976149    31.2882       1287     5.3583     2.9096  0.000e+00
      5.870     4.4179   2.976177    31.2898       1288     5.3625     2.9103  0.000e+00
      5.837     4.4172   2.976484    31.2941       1289     5.3667     2.9105  0.000e+00
      5.827     4.4184   2.976501    31.2932       1290     5.3708     2.9105  0.000e+00
      5.809     4.4194   2.976620    31.2936       1291     5.3750     2.9126  0.000e+00
      5.800     4.4207   2.976716    31.2935       1292     5.3792     2.9119  0.000e+00
      5.787     4.4220   2.976813    31.2934       1293     5.3833     2.9113  0.000e+00
      5.789     4.4232   2.976796    31.2920       1294     5.3875     2.9114  0.000e+00
      5.794     4.4239   2.976580    31.2889       1295     5.3917     2.9112  0.000e+00
      5.789     4.4234   2.976461    31.2880       1296     5.3958     2.9100  0.000e+00
      5.787     4.4220   2.976501    31.2897       1297     5.4000     2.9101  0.000e+00
      5.787     4.4214   2.976603    31.2916       1298     5.4042     2.9091  0.000e+00
      5.783     4.4215   2.976592    31.2913       1299     5.4083     2.9096  0.000e+00
      5.774     4.4215   2.976620    31.2917       1300     5.4125     2.9088  0.000e+00
      5.764     4.4217   2.976699    31.2923       1301     5.4167     2.9101  0.000e+00
      5.739     4.4222   2.976716    31.2921       1302     5.4208     2.9110  0.000e+00
      5.717     4.4229   2.976773    31.2921       1303     5.4250     2.9116  0.000e+00
      5.688     4.4233   2.976677    31.2906       1304     5.4292     2.9129  0.000e+00
      5.645     4.4234   2.976574    31.2894       1305     5.4333     2.9137  0.000e+00
      5.609     4.4228   2.976620    31.2905       1306     5.4375     2.9119  0.000e+00
      5.559     4.4226   2.976813    31.2929       1307     5.4417     2.9135  0.000e+00
      5.517     4.4233   2.976830    31.2925       1308     5.4458     2.9128  0.000e+00
      5.476     4.4240   2.976852    31.2921       1309     5.4500     2.9133  0.000e+00
      5.433     4.4246   2.976830    31.2913       1310     5.4542     2.9133  0.000e+00
      5.392     4.4248   2.976756    31.2902       1311     5.4583     2.9140  0.000e+00
      5.363     4.4247   2.976699    31.2897       1312     5.4625     2.9130  0.000e+00
      5.332     4.4242   2.976676    31.2899       1313     5.4667     2.9123  0.000e+00
      5.302     4.4239   2.976790    31.2916       1314     5.4708     2.9122  0.000e+00
      5.287     4.4237   2.976603    31.2896       1315     5.4750     2.9113  0.000e+00
      5.278     4.4234   2.976620    31.2901       1316     5.4792     2.9114  0.000e+00
      5.262     4.4227   2.976478    31.2891       1317     5.4833     2.9113  0.000e+00
      5.255     4.4220   2.976773    31.2932       1318     5.4875     2.9110  0.000e+00
      5.251     4.4225   2.976909    31.2943       1319     5.4917     2.9096  0.000e+00
      5.235     4.4240   2.977011    31.2941       1320     5.4958     2.9094  0.000e+00
      5.226     4.4255   2.976949    31.2920       1321     5.5000     2.9093  0.000e+00
      5.219     4.4261   2.976949    31.2913       1322     5.5042     2.9097  0.000e+00
      5.199     4.4263   2.976903    31.2907       1323     5.5083     2.9098  0.000e+00
      5.185     4.4263   2.976892    31.2905       1324     5.5125     2.9101  0.000e+00
      5.167     4.4261   2.976773    31.2894       1325     5.5167     2.9097  0.000e+00
      5.147     4.4252   2.976790    31.2904       1326     5.5208     2.9091  0.000e+00
      5.120     4.4247   2.976659    31.2893       1327     5.5250     2.9102  0.000e+00
      5.097     4.4242   2.976892    31.2925       1328     5.5292     2.9096  0.000e+00
      5.070     4.4246   2.976994    31.2934       1329     5.5333     2.9083  0.000e+00
      5.045     4.4256   2.977085    31.2935       1330     5.5375     2.9092  0.000e+00
      5.023     4.4268   2.977102    31.2926       1331     5.5417     2.9090  0.000e+00
      5.002     4.4275   2.977142    31.2924       1332     5.5458     2.9088  0.000e+00
      4.993     4.4282   2.977181    31.2922       1333     5.5500     2.9096  0.000e+00
      4.971     4.4288   2.977221    31.2921       1334     5.5542     2.9094  0.000e+00
      4.960     4.4291   2.977215    31.2917       1335     5.5583     2.9106  0.000e+00
      4.944     4.4295   2.977238    31.2916       1336     5.5625     2.9113  0.000e+00
      4.924     4.4299   2.977198    31.2908       1337     5.5667     2.9111  0.000e+00
      4.903     4.4299   2.977215    31.2910       1338     5.5708     2.9113  0.000e+00
      4.883     4.4299   2.977221    31.2911       1339     5.5750     2.9110  0.000e+00
      4.854     4.4299   2.977198    31.2908       1340     5.5792     2.9104  0.000e+00
      4.824     4.4299   2.977198    31.2908       1341     5.5833     2.9107  0.000e+00
      4.788     4.4299   2.977238    31.2913       1342     5.5875     2.9107  0.000e+00
      4.746     4.4302   2.977221    31.2909       1343     5.5917     2.9111  0.000e+00
      4.705     4.4301   2.977215    31.2909       1344     5.5958     2.9111  0.000e+00
      4.664     4.4301   2.977238    31.2912       1345     5.6000     2.9101  0.000e+00
      4.622     4.4302   2.977295    31.2918       1346     5.6042     2.9107  0.000e+00
      4.594     4.4306   2.977340    31.2919       1347     5.6083     2.9114  0.000e+00
      4.570     4.4311   2.977278    31.2908       1348     5.6125     2.9122  0.000e+00
      4.563     4.4313   2.977278    31.2906       1349     5.6167     2.9132  0.000e+00
      4.543     4.4313   2.977232    31.2901       1350     5.6208     2.9130  0.000e+00
      4.541     4.4311   2.977102    31.2887       1351     5.6250     2.9136  0.000e+00
      4.538     4.4304   2.977158    31.2901       1352     5.6292     2.9135  0.000e+00
      4.532     4.4300   2.977272    31.2918       1353     5.6333     2.9139  0.000e+00
      4.540     4.4303   2.977414    31.2931       1354     5.6375     2.9127  0.000e+00
      4.541     4.4313   2.977351    31.2914       1355     5.6417     2.9127  0.000e+00
      4.536     4.4313   2.976960    31.2869       1356     5.6458     2.9114  0.000e+00
      4.522     4.4298   2.976773    31.2861       1357     5.6500     2.9103  0.000e+00
      4.489     4.4275   2.976659    31.2871       1358     5.6542     2.9094  0.000e+00
      4.475     4.4252   2.976092    31.2826       1359     5.6583     2.9087  0.000e+00
      4.441     4.4220   2.975440    31.2782       1360     5.6625     2.9081  0.000e+00
      4.412     4.4164   2.975190    31.2805       1361     5.6667     2.9080  0.000e+00
      4.387     4.4116   2.975326    31.2867       1362     5.6708     2.9083  0.000e+00
      4.358     4.4092   2.975808    31.2946       1363     5.6750     2.9083  0.000e+00
      4.327     4.4102   2.975848    31.2941       1364     5.6792     2.9080  0.000e+00
      4.297     4.4116   2.975820    31.2925       1365     5.6833     2.9097  0.000e+00
      4.263     4.4123   2.975752    31.2910       1366     5.6875     2.9099  0.000e+00
      4.223     4.4127   2.975905    31.2925       1367     5.6917     2.9103  0.000e+00
      4.185     4.4132   2.976132    31.2946       1368     5.6958     2.9097  0.000e+00
      4.141     4.4146   2.975808    31.2896       1369     5.7000     2.9096  0.000e+00
      4.108     4.4147   2.975615    31.2872       1370     5.7042     2.9096  0.000e+00
      4.085     4.4130   2.975400    31.2864       1371     5.7083     2.9102  0.000e+00
      4.065     4.4109   2.975366    31.2880       1372     5.7125     2.9086  0.000e+00
      4.045     4.4093   2.975440    31.2904       1373     5.7167     2.9091  0.000e+00
      4.035     4.4092   2.975655    31.2930       1374     5.7208     2.9085  0.000e+00
      4.040     4.4099   2.975423    31.2896       1375     5.7250     2.9083  0.000e+00
      4.042     4.4097   2.975343    31.2888       1376     5.7292     2.9073  0.000e+00
      4.042     4.4092   2.975434    31.2904       1377     5.7333     2.9082  0.000e+00
      4.052     4.4090   2.975615    31.2927       1378     5.7375     2.9084  0.000e+00
      4.049     4.4098   2.975712    31.2931       1379     5.7417     2.9077  0.000e+00
      4.042     4.4108   2.975451    31.2890       1380     5.7458     2.9070  0.000e+00
      4.033     4.4109   2.975672    31.2915       1381     5.7500     2.9085  0.000e+00
      4.015     4.4112   2.975922    31.2942       1382     5.7542     2.9084  0.000e+00
      3.986     4.4129   2.975984    31.2933       1383     5.7583     2.9090  0.000e+00
      3.959     4.4148   2.976058    31.2924       1384     5.7625     2.9095  0.000e+00
      3.928     4.4161   2.976058    31.2912       1385     5.7667     2.9094  0.000e+00
      3.889     4.4169   2.976114    31.2911       1386     5.7708     2.9091  0.000e+00
      3.849     4.4173   2.976177    31.2914       1387     5.7750     2.9086  0.000e+00
      3.806     4.4181   2.976154    31.2904       1388     5.7792     2.9099  0.000e+00
      3.758     4.4183   2.975468    31.2823       1389     5.7833     2.9073  0.000e+00
      3.713     4.4158   2.974747    31.2764       1390     5.7875     2.9090  0.000e+00
      3.666     4.4101   2.975303    31.2882       1391     5.7917     2.9081  0.000e+00
      3.628     4.4083   2.975525    31.2925       1392     5.7958     2.9081  0.000e+00
      3.582     4.4095   2.975559    31.2918       1393     5.8000     2.9078  0.000e+00
      3.544     4.4107   2.975439    31.2893       1394     5.8042     2.9087  0.000e+00
      3.508     4.4109   2.975507    31.2899       1395     5.8083     2.9084  0.000e+00
      3.483     4.4112   2.975632    31.2911       1396     5.8125     2.9084  0.000e+00
      3.456     4.4120   2.975984    31.2944       1397     5.8167     2.9079  0.000e+00
      3.436     4.4138   2.976058    31.2936       1398     5.8208     2.9090  0.000e+00
      3.418     4.4156   2.976058    31.2919       1399     5.8250     2.9075  0.000e+00
      3.407     4.4169   2.976307    31.2935       1400     5.8292     2.9086  0.000e+00
      3.405     4.4183   2.976313    31.2923       1401     5.8333     2.9084  0.000e+00
      3.396     4.4195   2.976330    31.2914       1402     5.8375     2.9080  0.000e+00
      3.396     4.4201   2.976250    31.2898       1403     5.8417     2.9090  0.000e+00
      3.405     4.4203   2.976477    31.2923       1404     5.8458     2.9083  0.000e+00
      3.407     4.4210   2.976699    31.2942       1405     5.8500     2.9080  0.000e+00
      3.413     4.4227   2.976926    31.2952       1406     5.8542     2.9091  0.000e+00
      3.420     4.4247   2.977215    31.2966       1407     5.8583     2.9085  0.000e+00
      3.432     4.4276   2.977238    31.2942       1408     5.8625     2.9090  0.000e+00
      3.441     4.4295   2.977277    31.2928       1409     5.8667     2.9090  0.000e+00
      3.452     4.4306   2.977340    31.2925       1410     5.8708     2.9085  0.000e+00
      3.457     4.4314   2.977374    31.2922       1411     5.8750     2.9086  0.000e+00
      3.452     4.4321   2.977510    31.2931       1412     5.8792     2.9091  0.000e+00
      3.445     4.4328   2.977618    31.2937       1413     5.8833     2.9090  0.000e+00
      3.429     4.4338   2.977510    31.2914       1414     5.8875     2.9078  0.000e+00
      3.400     4.4341   2.976307    31.2772       1415     5.8917     2.9091  0.000e+00
      3.359     4.4298   2.976188    31.2799       1416     5.8958     2.9082  0.000e+00
      3.303     4.4250   2.976137    31.2840       1417     5.9000     2.9096  0.000e+00
      3.242     4.4221   2.976097    31.2863       1418     5.9042     2.9089  0.000e+00
      3.184     4.4204   2.976239    31.2896       1419     5.9083     2.9080  0.000e+00
      3.125     4.4200   2.976194    31.2894       1420     5.9125     2.9070  0.000e+00
      3.064     4.4201   2.976177    31.2891       1421     5.9167     2.9071  0.000e+00
      3.005     4.4200   2.976500    31.2930       1422     5.9208     2.9061  0.000e+00
      2.945     4.4212   2.976403    31.2908       1423     5.9250     2.9068  0.000e+00
      2.881     4.4222   2.976307    31.2888       1424     5.9292     2.9077  0.000e+00
      2.834     4.4220   2.976222    31.2880       1425     5.9333     2.9083  0.000e+00
      2.801     4.4214   2.976154    31.2878       1426     5.9375     2.9084  0.000e+00
      2.760     4.4208   2.976154    31.2884       1427     5.9417     2.9076  0.000e+00
      2.737     4.4205   2.976131    31.2885       1428     5.9458     2.9078  0.000e+00
      2.715     4.4200   2.976177    31.2894       1429     5.9500     2.9076  0.000e+00
      2.701     4.4200   2.976211    31.2898       1430     5.9542     2.9068  0.000e+00
      2.688     4.4204   2.976165    31.2890       1431     5.9583     2.9078  0.000e+00
      2.677     4.4202   2.976114    31.2885       1432     5.9625     2.9064  0.000e+00
      2.674     4.4199   2.975984    31.2874       1433     5.9667     2.9060  0.000e+00
      2.670     4.4191   2.976057    31.2889       1434     5.9708     2.9070  0.000e+00
      2.668     4.4189   2.976154    31.2902       1435     5.9750     2.9082  0.000e+00
      2.676     4.4192   2.976177    31.2902       1436     5.9792     2.9079  0.000e+00
      2.681     4.4196   2.976040    31.2882       1437     5.9833     2.9083  0.000e+00
      2.685     4.4193   2.975825    31.2861       1438     5.9875     2.9090  0.000e+00
      2.679     4.4178   2.975093    31.2790       1439     5.9917     2.9092  0.000e+00
      2.672     4.4141   2.975496    31.2872       1440     5.9958     2.9099  0.000e+00
      2.667     4.4119   2.975195    31.2858       1441     6.0000     2.9113  0.000e+00
      2.665     4.4104   2.975190    31.2871       1442     6.0042     2.9101  0.000e+00
      2.652     4.4093   2.975326    31.2897       1443     6.0083     2.9096  0.000e+00
      2.632     4.4094   2.976222    31.3001       1444     6.0125     2.9113  0.000e+00
      2.597     4.4137   2.976369    31.2977       1445     6.0167     2.9103  0.000e+00
      2.570     4.4179   2.976330    31.2933       1446     6.0208     2.9112  0.000e+00
      2.528     4.4200   2.975984    31.2873       1447     6.0250     2.9115  0.000e+00
      2.489     4.4196   2.975921    31.2869       1448     6.0292     2.9125  0.000e+00
