HB2401/sbe040.cnv
* Sea-Bird SBE 19plus V2 Data File:
* FileName = C:\cruise\data\sbe040.hex
* Software Version Seasave V 7.26.7.121
* Temperature SN = 7142
* Conductivity SN = 7142
* System UpLoad Time = Feb 21 2024 23:35:28
* NMEA Latitude = 40 58.06 N
* NMEA Longitude = 070 22.86 W
* NMEA UTC (Time) = Feb 21 2024  23:35:45
** Cruise: HB2401
** Program: ECOMON
# nquan = 8
# nvalues = 1281                                  
# units = specified
# name 0 = depSM: Depth [salt water, m]
# name 1 = tv290C: Temperature [ITS-90, deg C]
# name 2 = c0S/m: Conductivity [S/m]
# name 3 = sal00: Salinity, Practical [PSU]
# name 4 = scan: Scan Count
# name 5 = timeM: Time, Elapsed [minutes]
# name 6 = sbeox0V: Oxygen raw, SBE 43 [V]
# name 7 = flag:  0.000e+00
# span 0 =      0.065,     39.751                 
# span 1 =     1.2483,     4.1628                 
# span 2 =   0.000006,   2.985464                 
# span 3 =    -0.0009,    31.9166                 
# span 4 =         11,       1291                 
# span 5 =     0.0417,     5.3750                 
# span 6 =     2.5367,     3.0059                 
# span 7 = 0.0000e+00, 0.0000e+00                 
# interval = seconds: 0.25
# start_time = Feb 21 2024 23:35:45 [NMEA time, header]
# bad_flag = -9.990e-29
*END*
      0.082     1.2538   0.000014    -0.0009         11     0.0417     2.9597  0.000e+00
      0.082     1.2546   0.000014    -0.0009         12     0.0458     2.9589  0.000e+00
      0.080     1.2553   0.000014    -0.0009         13     0.0500     2.9582  0.000e+00
      0.080     1.2559   0.000014    -0.0009         14     0.0542     2.9615  0.000e+00
      0.082     1.2565   0.000014    -0.0009         15     0.0583     2.9615  0.000e+00
      0.085     1.2572   0.000014    -0.0009         16     0.0625     2.9589  0.000e+00
      0.087     1.2578   0.000012    -0.0009         17     0.0667     2.9590  0.000e+00
      0.080     1.2583   0.000009    -0.0009         18     0.0708     2.9587  0.000e+00
      0.084     1.2589   0.000012    -0.0009         19     0.0750     2.9610  0.000e+00
      0.078     1.2587   0.000014    -0.0009         20     0.0792     2.9586  0.000e+00
      0.084     1.2587   0.000014    -0.0009         21     0.0833     2.9603  0.000e+00
      0.078     1.2591   0.000014    -0.0009         22     0.0875     2.9590  0.000e+00
      0.087     1.2596   0.000014    -0.0009         23     0.0917     2.9585  0.000e+00
      0.084     1.2603   0.000020    -0.0008         24     0.0958     2.9592  0.000e+00
      0.087     1.2606   0.000014    -0.0009         25     0.1000     2.9607  0.000e+00
      0.087     1.2611   0.000009    -0.0009         26     0.1042     2.9603  0.000e+00
      0.085     1.2615   0.000012    -0.0009         27     0.1083     2.9589  0.000e+00
      0.085     1.2621   0.000012    -0.0009         28     0.1125     2.9579  0.000e+00
      0.091     1.2625   0.000009    -0.0009         29     0.1167     2.9610  0.000e+00
      0.085     1.2627   0.000012    -0.0009         30     0.1208     2.9581  0.000e+00
      0.084     1.2629   0.000014    -0.0009         31     0.1250     2.9586  0.000e+00
      0.085     1.2632   0.000014    -0.0009         32     0.1292     2.9583  0.000e+00
      0.087     1.2635   0.000012    -0.0009         33     0.1333     2.9577  0.000e+00
      0.085     1.2638   0.000009    -0.0009         34     0.1375     2.9594  0.000e+00
      0.087     1.2641   0.000012    -0.0009         35     0.1417     2.9579  0.000e+00
      0.085     1.2641   0.000009    -0.0009         36     0.1458     2.9586  0.000e+00
      0.085     1.2642   0.000014    -0.0009         37     0.1500     2.9606  0.000e+00
      0.080     1.2643   0.000012    -0.0009         38     0.1542     2.9600  0.000e+00
      0.082     1.2644   0.000009    -0.0009         39     0.1583     2.9589  0.000e+00
      0.078     1.2645   0.000012    -0.0009         40     0.1625     2.9612  0.000e+00
      0.074     1.2647   0.000014    -0.0009         41     0.1667     2.9590  0.000e+00
      0.078     1.2648   0.000012    -0.0009         42     0.1708     2.9579  0.000e+00
      0.083     1.2649   0.000014    -0.0009         43     0.1750     2.9590  0.000e+00
      0.087     1.2649   0.000014    -0.0009         44     0.1792     2.9590  0.000e+00
      0.087     1.2651   0.000014    -0.0009         45     0.1833     2.9595  0.000e+00
      0.080     1.2650   0.000012    -0.0009         46     0.1875     2.9600  0.000e+00
      0.078     1.2651   0.000009    -0.0009         47     0.1917     2.9612  0.000e+00
      0.083     1.2650   0.000012    -0.0009         48     0.1958     2.9586  0.000e+00
      0.085     1.2651   0.000009    -0.0009         49     0.2000     2.9601  0.000e+00
      0.082     1.2652   0.000006    -0.0009         50     0.2042     2.9597  0.000e+00
      0.083     1.2652   0.000006    -0.0009         51     0.2083     2.9610  0.000e+00
      0.089     1.2653   0.000009    -0.0009         52     0.2125     2.9580  0.000e+00
      0.087     1.2651   0.000012    -0.0009         53     0.2167     2.9587  0.000e+00
      0.087     1.2651   0.000009    -0.0009         54     0.2208     2.9611  0.000e+00
      0.085     1.2649   0.000012    -0.0009         55     0.2250     2.9599  0.000e+00
      0.087     1.2647   0.000012    -0.0009         56     0.2292     2.9585  0.000e+00
      0.087     1.2640   0.000014    -0.0009         57     0.2333     2.9592  0.000e+00
      0.087     1.2634   0.000014    -0.0009         58     0.2375     2.9589  0.000e+00
      0.087     1.2631   0.000009    -0.0009         59     0.2417     2.9583  0.000e+00
      0.091     1.2626   0.000012    -0.0009         60     0.2458     2.9587  0.000e+00
      0.087     1.2623   0.000014    -0.0009         61     0.2500     2.9595  0.000e+00
      0.089     1.2620   0.000014    -0.0009         62     0.2542     2.9599  0.000e+00
      0.089     1.2618   0.000012    -0.0009         63     0.2583     2.9612  0.000e+00
      0.085     1.2614   0.000009    -0.0009         64     0.2625     2.9587  0.000e+00
      0.087     1.2610   0.000014    -0.0009         65     0.2667     2.9591  0.000e+00
      0.089     1.2608   0.000012    -0.0009         66     0.2708     2.9587  0.000e+00
      0.087     1.2607   0.000009    -0.0009         67     0.2750     2.9596  0.000e+00
      0.087     1.2606   0.000006    -0.0009         68     0.2792     2.9609  0.000e+00
      0.084     1.2603   0.000009    -0.0009         69     0.2833     2.9622  0.000e+00
      0.089     1.2601   0.000014    -0.0009         70     0.2875     2.9586  0.000e+00
      0.089     1.2598   0.000014    -0.0009         71     0.2917     2.9623  0.000e+00
      0.092     1.2595   0.000014    -0.0009         72     0.2958     2.9607  0.000e+00
      0.089     1.2592   0.000012    -0.0009         73     0.3000     2.9588  0.000e+00
      0.089     1.2587   0.000014    -0.0009         74     0.3042     2.9615  0.000e+00
      0.089     1.2572   0.000014    -0.0009         75     0.3083     2.9611  0.000e+00
      0.096     1.2554   0.000012    -0.0009         76     0.3125     2.9610  0.000e+00
      0.091     1.2538   0.000014    -0.0009         77     0.3167     2.9596  0.000e+00
      0.091     1.2532   0.000012    -0.0009         78     0.3208     2.9600  0.000e+00
      0.094     1.2527   0.000012    -0.0009         79     0.3250     2.9597  0.000e+00
      0.085     1.2523   0.000009    -0.0009         80     0.3292     2.9601  0.000e+00
      0.085     1.2518   0.000012    -0.0009         81     0.3333     2.9606  0.000e+00
      0.092     1.2507   0.000014    -0.0009         82     0.3375     2.9587  0.000e+00
      0.096     1.2490   0.000012    -0.0009         83     0.3417     2.9619  0.000e+00
      0.171     1.2483   0.000006    -0.0009         84     0.3458     2.9712  0.000e+00
      0.392     1.2499   0.000009    -0.0009         85     0.3500     2.9984  0.000e+00
      0.675     1.2569   1.008212    10.6293         86     0.3542     3.0059  0.000e+00
      0.976     1.3674   1.526233    16.5806         87     0.3583     3.0001  0.000e+00
      1.242     1.8613   0.793991     8.0629         88     0.3625     2.9937  0.000e+00
      1.438     2.3183   0.755735     7.5366         89     0.3667     2.9851  0.000e+00
      1.575     2.5999   0.553751     5.3535         90     0.3708     2.9759  0.000e+00
      1.647     2.7526   1.257070    12.8623         91     0.3750     2.9644  0.000e+00
      1.656     2.8444   1.575806    16.3829         92     0.3792     2.9516  0.000e+00
      1.629     2.8894   1.720971    18.0035         93     0.3833     2.9370  0.000e+00
      1.602     2.8996   2.416346    26.0675         94     0.3875     2.9188  0.000e+00
      1.573     2.8979   2.586032    28.0853         95     0.3917     2.9026  0.000e+00
      1.560     2.9175   2.846241    31.1926         96     0.3958     2.8852  0.000e+00
      1.612     2.9369   2.885282    31.6457         97     0.4000     2.8686  0.000e+00
      1.740     2.9707   2.894443    31.7232         98     0.4042     2.8533  0.000e+00
      1.902     3.0160   2.903181    31.7841         99     0.4083     2.8317  0.000e+00
      2.085     3.0566   2.903462    31.7474        100     0.4125     2.8109  0.000e+00
      2.272     3.1169   2.898956    31.6337        101     0.4167     2.7934  0.000e+00
      2.461     3.1660   2.889784    31.4752        102     0.4208     2.7771  0.000e+00
      2.665     3.1843   2.886794    31.4214        103     0.4250     2.7597  0.000e+00
      2.901     3.1866   2.881127    31.3509        104     0.4292     2.7438  0.000e+00
      3.124     3.1842   2.883195    31.3780        105     0.4333     2.7275  0.000e+00
      3.357     3.1824   2.876288    31.2967        106     0.4375     2.7126  0.000e+00
      3.605     3.1795   2.882708    31.3764        107     0.4417     2.6971  0.000e+00
      3.837     3.2168   2.889447    31.4209        108     0.4458     2.6837  0.000e+00
      4.017     3.3344   2.901133    31.4465        109     0.4500     2.6694  0.000e+00
      4.234     3.4508   2.901807    31.3418        110     0.4542     2.6554  0.000e+00
      4.401     3.5565   2.916985    31.4201        111     0.4583     2.6432  0.000e+00
      4.516     3.6664   2.927659    31.4406        112     0.4625     2.6312  0.000e+00
      4.561     3.7517   2.930257    31.3892        113     0.4667     2.6193  0.000e+00
      4.574     3.8120   2.911152    31.1058        114     0.4708     2.6084  0.000e+00
      4.584     3.8560   2.898916    30.9198        115     0.4750     2.6001  0.000e+00
      4.622     3.8444   2.903680    30.9869        116     0.4792     2.5914  0.000e+00
      4.681     3.7057   2.903366    31.1151        117     0.4833     2.5870  0.000e+00
      4.743     3.5607   2.899458    31.2077        118     0.4875     2.5846  0.000e+00
      4.820     3.4444   2.897285    31.2937        119     0.4917     2.5839  0.000e+00
      4.901     3.3601   2.896236    31.3627        120     0.4958     2.5843  0.000e+00
      4.985     3.2996   2.896641    31.4261        121     0.5000     2.5848  0.000e+00
      5.111     3.2564   2.898410    31.4893        122     0.5042     2.5853  0.000e+00
      5.269     3.2263   2.899764    31.5347        123     0.5083     2.5846  0.000e+00
      5.445     3.2092   2.900214    31.5568        124     0.5125     2.5823  0.000e+00
      5.659     3.2030   2.897103    31.5253        125     0.5167     2.5800  0.000e+00
      5.892     3.2015   2.894369    31.4938        126     0.5208     2.5755  0.000e+00
      6.149     3.2002   2.903197    31.6010        127     0.5250     2.5711  0.000e+00
      6.394     3.2828   2.936248    31.9166        128     0.5292     2.5663  0.000e+00
      6.640     3.4725   2.951550    31.9128        129     0.5333     2.5594  0.000e+00
      6.877     3.6696   2.956492    31.7784        130     0.5375     2.5534  0.000e+00
      7.105     3.8208   2.959541    31.6673        131     0.5417     2.5473  0.000e+00
      7.310     3.9260   2.961697    31.5908        132     0.5458     2.5419  0.000e+00
      7.484     3.9977   2.962381    31.5295        133     0.5500     2.5375  0.000e+00
      7.632     4.0423   2.962749    31.4909        134     0.5542     2.5367  0.000e+00
      7.749     4.0690   2.963304    31.4717        135     0.5583     2.5395  0.000e+00
      7.824     4.0869   2.962664    31.4470        136     0.5625     2.5466  0.000e+00
      7.874     4.0980   2.961401    31.4215        137     0.5667     2.5579  0.000e+00
      7.905     4.1036   2.940051    31.1661        138     0.5708     2.5710  0.000e+00
      7.925     4.1051   2.924511    30.9828        139     0.5750     2.5834  0.000e+00
      7.934     4.1017   2.925531    30.9980        140     0.5792     2.5968  0.000e+00
      7.952     4.0977   2.906764    30.7824        141     0.5833     2.6080  0.000e+00
      7.978     4.0989   2.934643    31.1073        142     0.5875     2.6172  0.000e+00
      8.029     4.1022   2.933504    31.0908        143     0.5917     2.6249  0.000e+00
      8.095     4.1002   2.931411    31.0681        144     0.5958     2.6293  0.000e+00
      8.194     4.0782   2.929511    31.0667        145     0.6000     2.6303  0.000e+00
      8.329     4.0507   2.929116    31.0880        146     0.6042     2.6292  0.000e+00
      8.498     4.0393   2.935045    31.1683        147     0.6083     2.6278  0.000e+00
      8.695     4.0406   2.943350    31.2644        148     0.6125     2.6244  0.000e+00
      8.916     4.0472   2.955204    31.3970        149     0.6167     2.6210  0.000e+00
      9.159     4.0540   2.959867    31.4451        150     0.6208     2.6167  0.000e+00
      9.425     4.0590   2.962959    31.4764        151     0.6250     2.6102  0.000e+00
      9.682     4.0676   2.965326    31.4958        152     0.6292     2.6051  0.000e+00
      9.915     4.0778   2.967083    31.5064        153     0.6333     2.6010  0.000e+00
     10.124     4.0872   2.967558    31.5029        154     0.6375     2.5962  0.000e+00
     10.339     4.0959   2.966323    31.4800        155     0.6417     2.5910  0.000e+00
     10.544     4.1025   2.968731    31.5018        156     0.6458     2.5885  0.000e+00
     10.726     4.1065   2.968964    31.5006        157     0.6500     2.5891  0.000e+00
     10.837     4.1109   2.969621    31.5040        158     0.6542     2.5927  0.000e+00
     10.906     4.1143   2.969757    31.5022        159     0.6583     2.5994  0.000e+00
     10.925     4.1173   2.968924    31.4896        160     0.6625     2.6060  0.000e+00
     10.940     4.1189   2.967405    31.4703        161     0.6667     2.6153  0.000e+00
     10.956     4.1189   2.964998    31.4421        162     0.6708     2.6228  0.000e+00
     10.997     4.1178   2.959080    31.3738        163     0.6750     2.6307  0.000e+00
     11.044     4.1160   2.953253    31.3073        164     0.6792     2.6388  0.000e+00
     11.128     4.1151   2.953038    31.3055        165     0.6833     2.6459  0.000e+00
     11.227     4.1016   2.952184    31.3084        166     0.6875     2.6503  0.000e+00
     11.353     4.0808   2.951777    31.3234        167     0.6917     2.6520  0.000e+00
     11.506     4.0559   2.950494    31.3321        168     0.6958     2.6528  0.000e+00
     11.684     4.0338   2.949177    31.3377        169     0.7000     2.6522  0.000e+00
     11.881     4.0191   2.955550    31.4265        170     0.7042     2.6494  0.000e+00
     12.097     4.0115   2.962807    31.5190        171     0.7083     2.6459  0.000e+00
     12.316     4.0215   2.967962    31.5698        172     0.7125     2.6404  0.000e+00
     12.543     4.0437   2.969226    31.5631        173     0.7167     2.6349  0.000e+00
     12.771     4.0664   2.970257    31.5533        174     0.7208     2.6287  0.000e+00
     12.990     4.0829   2.971164    31.5479        175     0.7250     2.6249  0.000e+00
     13.198     4.0957   2.972213    31.5478        176     0.7292     2.6203  0.000e+00
     13.384     4.1064   2.972666    31.5427        177     0.7333     2.6162  0.000e+00
     13.538     4.1149   2.973012    31.5385        178     0.7375     2.6133  0.000e+00
     13.671     4.1228   2.973109    31.5320        179     0.7417     2.6120  0.000e+00
     13.782     4.1282   2.972723    31.5222        180     0.7458     2.6146  0.000e+00
     13.883     4.1320   2.972587    31.5169        181     0.7500     2.6201  0.000e+00
     13.971     4.1341   2.971952    31.5074        182     0.7542     2.6267  0.000e+00
     14.052     4.1351   2.970931    31.4944        183     0.7583     2.6339  0.000e+00
     14.129     4.1355   2.969503    31.4773        184     0.7625     2.6416  0.000e+00
     14.214     4.1349   2.967463    31.4540        185     0.7667     2.6469  0.000e+00
     14.298     4.1328   2.963027    31.4040        186     0.7708     2.6506  0.000e+00
     14.393     4.1294   2.959002    31.3601        187     0.7750     2.6517  0.000e+00
     14.505     4.1277   2.957638    31.3457        188     0.7792     2.6547  0.000e+00
     14.625     4.1283   2.957174    31.3396        189     0.7833     2.6533  0.000e+00
