HB2401/sbe028.cnv
* Sea-Bird SBE 19plus V2 Data File:
* FileName = C:\cruise\data\sbe028.hex
* Software Version Seasave V 7.26.7.121
* Temperature SN = 7142
* Conductivity SN = 7142
* System UpLoad Time = Feb 21 2024 00:29:30
* NMEA Latitude = 40 15.98 N
* NMEA Longitude = 071 27.82 W
* NMEA UTC (Time) = Feb 21 2024  00:29:46
** Cruise: HB2401
** Program: ECOMON
# nquan = 8
# nvalues = 2118                                  
# units = specified
# name 0 = depSM: Depth [salt water, m]
# name 1 = tv290C: Temperature [ITS-90, deg C]
# name 2 = c0S/m: Conductivity [S/m]
# name 3 = sal00: Salinity, Practical [PSU]
# name 4 = scan: Scan Count
# name 5 = timeM: Time, Elapsed [minutes]
# name 6 = sbeox0V: Oxygen raw, SBE 43 [V]
# name 7 = flag:  0.000e+00
# span 0 =      0.121,     81.730                 
# span 1 =     1.3229,     7.0137                 
# span 2 = 4.3210e-07,   3.308297                 
# span 3 =    -0.0008,    32.6464                 
# span 4 =         11,       2128                 
# span 5 =     0.0417,     8.8625                 
# span 6 =     2.5649,     2.8340                 
# span 7 = 0.0000e+00, 0.0000e+00                 
# interval = seconds: 0.25
# start_time = Feb 21 2024 00:29:46 [NMEA time, header]
# bad_flag = -9.990e-29
*END*
[from data line 1079]
     57.588     6.5311   3.246658    32.3231       1090     4.5375     2.7984  0.000e+00
     57.533     6.5309   3.246641    32.3231       1091     4.5417     2.7986  0.000e+00
     57.484     6.5309   3.246617    32.3229       1092     4.5458     2.7985  0.000e+00
     57.434     6.5309   3.246599    32.3228       1093     4.5500     2.7978  0.000e+00
     57.393     6.5307   3.246640    32.3234       1094     4.5542     2.7989  0.000e+00
     57.344     6.5308   3.246617    32.3231       1095     4.5583     2.7990  0.000e+00
     57.304     6.5309   3.246640    32.3232       1096     4.5625     2.7989  0.000e+00
     57.260     6.5310   3.246617    32.3229       1097     4.5667     2.7989  0.000e+00
     57.202     6.5308   3.246576    32.3227       1098     4.5708     2.7990  0.000e+00
     57.155     6.5306   3.246576    32.3228       1099     4.5750     2.7987  0.000e+00
     57.089     6.5306   3.246599    32.3232       1100     4.5792     2.7979  0.000e+00
     57.026     6.5306   3.246640    32.3237       1101     4.5833     2.7981  0.000e+00
     56.958     6.5309   3.246699    32.3241       1102     4.5875     2.7954  0.000e+00
     56.887     6.5312   3.246576    32.3224       1103     4.5917     2.7950  0.000e+00
     56.817     6.5311   3.246394    32.3206       1104     4.5958     2.7949  0.000e+00
     56.742     6.5301   3.246353    32.3211       1105     4.6000     2.7951  0.000e+00
     56.659     6.5293   3.246353    32.3219       1106     4.6042     2.7955  0.000e+00
     56.591     6.5288   3.246417    32.3232       1107     4.6083     2.7951  0.000e+00
     56.510     6.5288   3.246476    32.3238       1108     4.6125     2.7957  0.000e+00
     56.429     6.5292   3.246458    32.3232       1109     4.6167     2.7976  0.000e+00
     56.352     6.5295   3.246417    32.3226       1110     4.6208     2.7976  0.000e+00
     56.280     6.5294   3.246476    32.3233       1111     4.6250     2.7964  0.000e+00
     56.206     6.5293   3.246417    32.3228       1112     4.6292     2.7977  0.000e+00
     56.127     6.5295   3.246458    32.3232       1113     4.6333     2.7970  0.000e+00
     56.057     6.5295   3.246417    32.3227       1114     4.6375     2.7981  0.000e+00
     55.989     6.5294   3.246476    32.3235       1115     4.6417     2.7983  0.000e+00
     55.926     6.5296   3.246376    32.3222       1116     4.6458     2.7983  0.000e+00
     55.877     6.5295   3.246030    32.3186       1117     4.6500     2.7988  0.000e+00
     55.827     6.5279   3.246030    32.3201       1118     4.6542     2.7989  0.000e+00
     55.775     6.5267   3.246030    32.3212       1119     4.6583     2.7985  0.000e+00
     55.735     6.5261   3.246030    32.3218       1120     4.6625     2.8000  0.000e+00
     55.692     6.5259   3.246053    32.3223       1121     4.6667     2.8009  0.000e+00
     55.654     6.5259   3.246030    32.3220       1122     4.6708     2.7998  0.000e+00
     55.620     6.5256   3.246053    32.3226       1123     4.6750     2.7997  0.000e+00
     55.577     6.5257   3.245948    32.3213       1124     4.6792     2.8004  0.000e+00
     55.532     6.5255   3.246012    32.3223       1125     4.6833     2.8006  0.000e+00
     55.494     6.5255   3.246053    32.3228       1126     4.6875     2.8004  0.000e+00
     55.446     6.5255   3.246053    32.3228       1127     4.6917     2.8012  0.000e+00
     55.404     6.5256   3.245971    32.3218       1128     4.6958     2.8003  0.000e+00
     55.370     6.5253   3.245830    32.3205       1129     4.7000     2.8005  0.000e+00
     55.327     6.5249   3.245848    32.3211       1130     4.7042     2.7997  0.000e+00
     55.287     6.5245   3.245748    32.3205       1131     4.7083     2.8002  0.000e+00
     55.237     6.5240   3.245707    32.3205       1132     4.7125     2.7999  0.000e+00
     55.192     6.5234   3.245748    32.3215       1133     4.7167     2.8008  0.000e+00
     55.151     6.5232   3.245830    32.3227       1134     4.7208     2.7999  0.000e+00
     55.109     6.5234   3.245766    32.3218       1135     4.7250     2.8000  0.000e+00
     55.061     6.5234   3.245725    32.3213       1136     4.7292     2.7986  0.000e+00
     55.003     6.5232   3.245707    32.3213       1137     4.7333     2.7986  0.000e+00
     54.960     6.5230   3.245725    32.3218       1138     4.7375     2.7994  0.000e+00
     54.915     6.5229   3.245707    32.3216       1139     4.7417     2.7983  0.000e+00
     54.854     6.5230   3.245725    32.3218       1140     4.7458     2.7993  0.000e+00
     54.802     6.5229   3.245707    32.3218       1141     4.7500     2.8000  0.000e+00
     54.741     6.5230   3.245707    32.3217       1142     4.7542     2.8000  0.000e+00
     54.685     6.5229   3.245684    32.3216       1143     4.7583     2.8006  0.000e+00
     54.624     6.5228   3.245642    32.3212       1144     4.7625     2.8005  0.000e+00
     54.559     6.5227   3.245666    32.3215       1145     4.7667     2.8010  0.000e+00
     54.502     6.5226   3.245684    32.3219       1146     4.7708     2.8019  0.000e+00
     54.446     6.5227   3.245683    32.3218       1147     4.7750     2.8008  0.000e+00
     54.390     6.5228   3.245683    32.3217       1148     4.7792     2.8010  0.000e+00
     54.333     6.5229   3.245666    32.3215       1149     4.7833     2.7994  0.000e+00
     54.274     6.5227   3.245666    32.3217       1150     4.7875     2.7996  0.000e+00
     54.218     6.5227   3.245625    32.3213       1151     4.7917     2.8009  0.000e+00
     54.169     6.5226   3.245601    32.3212       1152     4.7958     2.8003  0.000e+00
     54.106     6.5225   3.245584    32.3211       1153     4.8000     2.8006  0.000e+00
     54.054     6.5223   3.245584    32.3213       1154     4.8042     2.8002  0.000e+00
     54.002     6.5222   3.245566    32.3212       1155     4.8083     2.7996  0.000e+00
     53.954     6.5223   3.245566    32.3212       1156     4.8125     2.7983  0.000e+00
     53.909     6.5222   3.245584    32.3215       1157     4.8167     2.7979  0.000e+00
     53.869     6.5221   3.245584    32.3216       1158     4.8208     2.7980  0.000e+00
     53.822     6.5220   3.245584    32.3217       1159     4.8250     2.7975  0.000e+00
     53.781     6.5220   3.245584    32.3217       1160     4.8292     2.7973  0.000e+00
     53.736     6.5221   3.245707    32.3230       1161     4.8333     2.7977  0.000e+00
     53.695     6.5224   3.245666    32.3222       1162     4.8375     2.7973  0.000e+00
     53.648     6.5229   3.245707    32.3223       1163     4.8417     2.7983  0.000e+00
     53.603     6.5232   3.245584    32.3207       1164     4.8458     2.7983  0.000e+00
     53.563     6.5229   3.245566    32.3208       1165     4.8500     2.7983  0.000e+00
     53.515     6.5225   3.245566    32.3211       1166     4.8542     2.7980  0.000e+00
     53.465     6.5222   3.245583    32.3216       1167     4.8583     2.7987  0.000e+00
     53.425     6.5222   3.245642    32.3223       1168     4.8625     2.7980  0.000e+00
     53.378     6.5224   3.245642    32.3222       1169     4.8667     2.7983  0.000e+00
     53.337     6.5228   3.245666    32.3221       1170     4.8708     2.7977  0.000e+00
     53.296     6.5230   3.245742    32.3228       1171     4.8750     2.7986  0.000e+00
     53.251     6.5233   3.245707    32.3221       1172     4.8792     2.7999  0.000e+00
     53.200     6.5234   3.245724    32.3222       1173     4.8833     2.8004  0.000e+00
     53.164     6.5236   3.245847    32.3234       1174     4.8875     2.7999  0.000e+00
     53.119     6.5240   3.245707    32.3215       1175     4.8917     2.8000  0.000e+00
     53.071     6.5243   3.245847    32.3228       1176     4.8958     2.8005  0.000e+00
     53.031     6.5244   3.245789    32.3221       1177     4.9000     2.7991  0.000e+00
     52.992     6.5247   3.245642    32.3202       1178     4.9042     2.7989  0.000e+00
     52.938     6.5240   3.245624    32.3207       1179     4.9083     2.7976  0.000e+00
     52.902     6.5235   3.245542    32.3203       1180     4.9125     2.7966  0.000e+00
     52.848     6.5229   3.245847    32.3242       1181     4.9167     2.7962  0.000e+00
     52.803     6.5235   3.246193    32.3275       1182     4.9208     2.7961  0.000e+00
     52.760     6.5256   3.246011    32.3235       1183     4.9250     2.7967  0.000e+00
     52.710     6.5266   3.246152    32.3242       1184     4.9292     2.7967  0.000e+00
     52.665     6.5273   3.245888    32.3206       1185     4.9333     2.7966  0.000e+00
     52.616     6.5269   3.246211    32.3246       1186     4.9375     2.7961  0.000e+00
     52.569     6.5273   3.245947    32.3212       1187     4.9417     2.7971  0.000e+00
     52.521     6.5270   3.245888    32.3209       1188     4.9458     2.7993  0.000e+00
     52.479     6.5266   3.246029    32.3229       1189     4.9500     2.7993  0.000e+00
     52.433     6.5268   3.246111    32.3237       1190     4.9542     2.7997  0.000e+00
     52.388     6.5271   3.246088    32.3231       1191     4.9583     2.8003  0.000e+00
     52.343     6.5275   3.246029    32.3221       1192     4.9625     2.8027  0.000e+00
     52.292     6.5274   3.246029    32.3222       1193     4.9667     2.8021  0.000e+00
     52.249     6.5274   3.246111    32.3231       1194     4.9708     2.8034  0.000e+00
     52.202     6.5275   3.245847    32.3201       1195     4.9750     2.8015  0.000e+00
     52.154     6.5268   3.245665    32.3188       1196     4.9792     2.8004  0.000e+00
     52.109     6.5256   3.245542    32.3187       1197     4.9833     2.8005  0.000e+00
     52.064     6.5240   3.245460    32.3193       1198     4.9875     2.8023  0.000e+00
     52.021     6.5230   3.245460    32.3202       1199     4.9917     2.8023  0.000e+00
     51.976     6.5222   3.245442    32.3208       1200     4.9958     2.8013  0.000e+00
     51.927     6.5219   3.245419    32.3209       1201     5.0000     2.8025  0.000e+00
     51.891     6.5216   3.245419    32.3212       1202     5.0042     2.8024  0.000e+00
     51.843     6.5214   3.245419    32.3213       1203     5.0083     2.8016  0.000e+00
     51.807     6.5213   3.245419    32.3215       1204     5.0125     2.8025  0.000e+00
     51.764     6.5212   3.245419    32.3217       1205     5.0167     2.8018  0.000e+00
     51.721     6.5213   3.245419    32.3216       1206     5.0208     2.8006  0.000e+00
     51.677     6.5214   3.245401    32.3213       1207     5.0250     2.8011  0.000e+00
     51.638     6.5214   3.245401    32.3213       1208     5.0292     2.7999  0.000e+00
     51.593     6.5212   3.245401    32.3215       1209     5.0333     2.7999  0.000e+00
     51.552     6.5212   3.245401    32.3215       1210     5.0375     2.7994  0.000e+00
     51.505     6.5214   3.245401    32.3214       1211     5.0417     2.7983  0.000e+00
     51.455     6.5214   3.245360    32.3209       1212     5.0458     2.7974  0.000e+00
     51.410     6.5213   3.245360    32.3210       1213     5.0500     2.7983  0.000e+00
     51.363     6.5212   3.245378    32.3214       1214     5.0542     2.7989  0.000e+00
     51.309     6.5212   3.245378    32.3214       1215     5.0583     2.7987  0.000e+00
     51.251     6.5212   3.245360    32.3212       1216     5.0625     2.7984  0.000e+00
     51.203     6.5210   3.245360    32.3214       1217     5.0667     2.7976  0.000e+00
     51.142     6.5212   3.245377    32.3214       1218     5.0708     2.7983  0.000e+00
     51.081     6.5213   3.245360    32.3212       1219     5.0750     2.7977  0.000e+00
     51.025     6.5213   3.245360    32.3212       1220     5.0792     2.7977  0.000e+00
     50.966     6.5213   3.245360    32.3213       1221     5.0833     2.7974  0.000e+00
     50.915     6.5212   3.245342    32.3212       1222     5.0875     2.7971  0.000e+00
     50.861     6.5212   3.245301    32.3207       1223     5.0917     2.7978  0.000e+00
     50.811     6.5210   3.245319    32.3212       1224     5.0958     2.7999  0.000e+00
     50.764     6.5209   3.245319    32.3213       1225     5.1000     2.7977  0.000e+00
     50.728     6.5210   3.245278    32.3208       1226     5.1042     2.7999  0.000e+00
     50.680     6.5208   3.245260    32.3208       1227     5.1083     2.7996  0.000e+00
     50.640     6.5206   3.245260    32.3209       1228     5.1125     2.8008  0.000e+00
     50.611     6.5204   3.245260    32.3211       1229     5.1167     2.8013  0.000e+00
     50.570     6.5203   3.245278    32.3215       1230     5.1208     2.8016  0.000e+00
     50.538     6.5205   3.245260    32.3211       1231     5.1250     2.8032  0.000e+00
     50.505     6.5203   3.245260    32.3213       1232     5.1292     2.8031  0.000e+00
     50.475     6.5204   3.245236    32.3210       1233     5.1333     2.8032  0.000e+00
     50.439     6.5204   3.245260    32.3212       1234     5.1375     2.8017  0.000e+00
     50.396     6.5204   3.245260    32.3212       1235     5.1417     2.8017  0.000e+00
     50.360     6.5204   3.245260    32.3213       1236     5.1458     2.8020  0.000e+00
     50.325     6.5205   3.245260    32.3212       1237     5.1500     2.8028  0.000e+00
     50.284     6.5205   3.245260    32.3212       1238     5.1542     2.8023  0.000e+00
     50.246     6.5206   3.245260    32.3211       1239     5.1583     2.8007  0.000e+00
     50.207     6.5206   3.245260    32.3212       1240     5.1625     2.8025  0.000e+00
     50.164     6.5205   3.245260    32.3213       1241     5.1667     2.8012  0.000e+00
     50.122     6.5205   3.245219    32.3208       1242     5.1708     2.8017  0.000e+00
     50.076     6.5206   3.245219    32.3208       1243     5.1750     2.8017  0.000e+00
     50.029     6.5206   3.245236    32.3210       1244     5.1792     2.8015  0.000e+00
     49.962     6.5206   3.245219    32.3208       1245     5.1833     2.8016  0.000e+00
     49.903     6.5204   3.245195    32.3208       1246     5.1875     2.8023  0.000e+00
     49.831     6.5203   3.245178    32.3207       1247     5.1917     2.8007  0.000e+00
     49.759     6.5201   3.245154    32.3207       1248     5.1958     2.8012  0.000e+00
     49.682     6.5201   3.245178    32.3210       1249     5.2000     2.8002  0.000e+00
     49.605     6.5201   3.245178    32.3210       1250     5.2042     2.8011  0.000e+00
     49.520     6.5201   3.245154    32.3208       1251     5.2083     2.8002  0.000e+00
     49.434     6.5201   3.245136    32.3207       1252     5.2125     2.8002  0.000e+00
     49.360     6.5200   3.245154    32.3209       1253     5.2167     2.8007  0.000e+00
     49.276     6.5200   3.245119    32.3207       1254     5.2208     2.8013  0.000e+00
     49.213     6.5198   3.245095    32.3206       1255     5.2250     2.8023  0.000e+00
     49.145     6.5197   3.245119    32.3209       1256     5.2292     2.8035  0.000e+00
     49.096     6.5197   3.245119    32.3210       1257     5.2333     2.8029  0.000e+00
     49.056     6.5199   3.245095    32.3206       1258     5.2375     2.8035  0.000e+00
     49.015     6.5199   3.245119    32.3209       1259     5.2417     2.8029  0.000e+00
     48.995     6.5198   3.245119    32.3210       1260     5.2458     2.8015  0.000e+00
     48.981     6.5198   3.245095    32.3207       1261     5.2500     2.8017  0.000e+00
     48.967     6.5198   3.245095    32.3207       1262     5.2542     2.8035  0.000e+00
     48.961     6.5197   3.245119    32.3210       1263     5.2583     2.8031  0.000e+00
     48.950     6.5197   3.245095    32.3208       1264     5.2625     2.8019  0.000e+00
     48.947     6.5197   3.245084    32.3206       1265     5.2667     2.8038  0.000e+00
     48.936     6.5197   3.245037    32.3201       1266     5.2708     2.8023  0.000e+00
     48.923     6.5195   3.245013    32.3201       1267     5.2750     2.8029  0.000e+00
     48.898     6.5193   3.245013    32.3203       1268     5.2792     2.8028  0.000e+00
