HB2401/sbe036.cnv
* Sea-Bird SBE 19plus V2 Data File:
* FileName = C:\cruise\data\sbe036.hex
* Software Version Seasave V 7.26.7.121
* Temperature SN = 7142
* Conductivity SN = 7142
* System UpLoad Time = Feb 21 2024 18:08:46
* NMEA Latitude = 40 39.96 N
* NMEA Longitude = 070 38.12 W
* NMEA UTC (Time) = Feb 21 2024  18:09:03
** Cruise: HB2401
** Program: ECOMON
# nquan = 8
# nvalues = 1392                                  
# units = specified
# name 0 = depSM: Depth [salt water, m]
# name 1 = tv290C: Temperature [ITS-90, deg C]
# name 2 = c0S/m: Conductivity [S/m]
# name 3 = sal00: Salinity, Practical [PSU]
# name 4 = scan: Scan Count
# name 5 = timeM: Time, Elapsed [minutes]
# name 6 = sbeox0V: Oxygen raw, SBE 43 [V]
# name 7 = flag:  0.000e+00
# span 0 =      0.090,     57.719                 
# span 1 =     3.2639,     5.3804                 
# span 2 =   0.000037,   3.124485                 
# span 3 =     0.0008,    32.1202                 
# span 4 =         11,       1402                 
# span 5 =     0.0417,     5.8375                 
# span 6 =     2.4398,     3.0046                 
# span 7 = 0.0000e+00, 0.0000e+00                 
# interval = seconds: 0.25
# start_time = Feb 21 2024 18:09:03 [NMEA time, header]
# bad_flag = -9.990e-29
*END*
[from data line 720]
     40.096     5.1677   3.101506    32.0008        731     3.0417     2.8658  0.000e+00
     40.048     5.1662   3.101097    31.9976        732     3.0458     2.8662  0.000e+00
     39.967     5.1639   3.100849    31.9970        733     3.0500     2.8660  0.000e+00
     39.855     5.1614   3.100717    31.9979        734     3.0542     2.8659  0.000e+00
     39.710     5.1592   3.100670    31.9995        735     3.0583     2.8671  0.000e+00
     39.555     5.1577   3.100716    32.0017        736     3.0625     2.8671  0.000e+00
     39.375     5.1570   3.100503    31.9999        737     3.0667     2.8680  0.000e+00
     39.189     5.1565   3.100267    31.9978        738     3.0708     2.8693  0.000e+00
     39.011     5.1549   3.100082    31.9973        739     3.0750     2.8696  0.000e+00
     38.840     5.1532   3.099564    31.9931        740     3.0792     2.8707  0.000e+00
     38.692     5.1502   3.099437    31.9946        741     3.0833     2.8719  0.000e+00
     38.572     5.1477   3.099564    31.9985        742     3.0875     2.8719  0.000e+00
     38.473     5.1467   3.099466    31.9984        743     3.0917     2.8729  0.000e+00
     38.400     5.1463   3.099397    31.9981        744     3.0958     2.8735  0.000e+00
     38.346     5.1457   3.099506    31.9999        745     3.1000     2.8728  0.000e+00
     38.315     5.1455   3.099523    32.0003        746     3.1042     2.8734  0.000e+00
     38.299     5.1457   3.099500    31.9998        747     3.1083     2.8735  0.000e+00
     38.277     5.1458   3.099431    31.9990        748     3.1125     2.8729  0.000e+00
     38.265     5.1456   3.099351    31.9983        749     3.1167     2.8736  0.000e+00
     38.243     5.1452   3.099339    31.9985        750     3.1208     2.8742  0.000e+00
     38.220     5.1448   3.099276    31.9982        751     3.1250     2.8750  0.000e+00
     38.178     5.1443   3.099276    31.9987        752     3.1292     2.8751  0.000e+00
     38.125     5.1440   3.099235    31.9986        753     3.1333     2.8764  0.000e+00
     38.062     5.1438   3.099218    31.9986        754     3.1375     2.8755  0.000e+00
     37.979     5.1436   3.099080    31.9972        755     3.1417     2.8769  0.000e+00
     37.895     5.1429   3.099051    31.9976        756     3.1458     2.8776  0.000e+00
     37.797     5.1425   3.099062    31.9982        757     3.1500     2.8784  0.000e+00
     37.704     5.1423   3.099062    31.9984        758     3.1542     2.8786  0.000e+00
     37.602     5.1422   3.099131    31.9993        759     3.1583     2.8788  0.000e+00
     37.513     5.1423   3.098987    31.9977        760     3.1625     2.8792  0.000e+00
     37.436     5.1422   3.099033    31.9984        761     3.1667     2.8796  0.000e+00
     37.370     5.1419   3.099160    32.0001        762     3.1708     2.8795  0.000e+00
     37.307     5.1423   3.099160    31.9997        763     3.1750     2.8793  0.000e+00
     37.262     5.1427   3.098993    31.9975        764     3.1792     2.8799  0.000e+00
     37.221     5.1423   3.099080    31.9988        765     3.1833     2.8792  0.000e+00
     37.177     5.1422   3.099045    31.9986        766     3.1875     2.8798  0.000e+00
     37.129     5.1422   3.099033    31.9985        767     3.1917     2.8783  0.000e+00
     37.087     5.1422   3.099120    31.9995        768     3.1958     2.8779  0.000e+00
     37.032     5.1423   3.099177    32.0000        769     3.2000     2.8781  0.000e+00
     36.964     5.1429   3.099195    31.9997        770     3.2042     2.8782  0.000e+00
     36.875     5.1430   3.099120    31.9988        771     3.2083     2.8784  0.000e+00
     36.778     5.1431   3.099062    31.9981        772     3.2125     2.8779  0.000e+00
     36.658     5.1428   3.098912    31.9968        773     3.2167     2.8788  0.000e+00
     36.525     5.1421   3.098964    31.9981        774     3.2208     2.8778  0.000e+00
     36.381     5.1419   3.098929    31.9980        775     3.2250     2.8782  0.000e+00
     36.232     5.1416   3.098768    31.9965        776     3.2292     2.8780  0.000e+00
     36.074     5.1411   3.098791    31.9972        777     3.2333     2.8779  0.000e+00
     35.937     5.1405   3.098618    31.9960        778     3.2375     2.8775  0.000e+00
     35.799     5.1397   3.098549    31.9960        779     3.2417     2.8780  0.000e+00
     35.688     5.1389   3.098411    31.9952        780     3.2458     2.8790  0.000e+00
     35.596     5.1380   3.098468    31.9968        781     3.2500     2.8790  0.000e+00
     35.517     5.1376   3.098428    31.9968        782     3.2542     2.8790  0.000e+00
     35.481     5.1375   3.098561    31.9984        783     3.2583     2.8803  0.000e+00
     35.454     5.1376   3.098445    31.9970        784     3.2625     2.8790  0.000e+00
     35.450     5.1376   3.098428    31.9968        785     3.2667     2.8794  0.000e+00
     35.456     5.1375   3.098388    31.9964        786     3.2708     2.8798  0.000e+00
     35.477     5.1376   3.098330    31.9957        787     3.2750     2.8803  0.000e+00
     35.493     5.1374   3.098324    31.9958        788     3.2792     2.8786  0.000e+00
     35.504     5.1372   3.098313    31.9959        789     3.2833     2.8797  0.000e+00
     35.504     5.1370   3.098330    31.9962        790     3.2875     2.8790  0.000e+00
     35.486     5.1369   3.098284    31.9958        791     3.2917     2.8783  0.000e+00
     35.454     5.1367   3.098313    31.9964        792     3.2958     2.8787  0.000e+00
     35.396     5.1367   3.098313    31.9963        793     3.3000     2.8790  0.000e+00
     35.312     5.1367   3.098284    31.9961        794     3.3042     2.8790  0.000e+00
     35.199     5.1368   3.098238    31.9955        795     3.3083     2.8800  0.000e+00
     35.071     5.1367   3.098255    31.9959        796     3.3125     2.8803  0.000e+00
     34.925     5.1368   3.098244    31.9957        797     3.3167     2.8810  0.000e+00
     34.765     5.1367   3.098272    31.9962        798     3.3208     2.8825  0.000e+00
     34.597     5.1368   3.098220    31.9956        799     3.3250     2.8825  0.000e+00
     34.422     5.1368   3.098238    31.9959        800     3.3292     2.8832  0.000e+00
     34.262     5.1365   3.098272    31.9967        801     3.3333     2.8844  0.000e+00
     34.106     5.1363   3.098284    31.9970        802     3.3375     2.8845  0.000e+00
     33.971     5.1365   3.098214    31.9961        803     3.3417     2.8848  0.000e+00
     33.844     5.1363   3.098214    31.9964        804     3.3458     2.8866  0.000e+00
     33.745     5.1363   3.098203    31.9963        805     3.3500     2.8866  0.000e+00
     33.669     5.1367   3.098214    31.9961        806     3.3542     2.8875  0.000e+00
     33.617     5.1369   3.098214    31.9959        807     3.3583     2.8881  0.000e+00
     33.599     5.1368   3.098220    31.9961        808     3.3625     2.8884  0.000e+00
     33.590     5.1370   3.098237    31.9961        809     3.3667     2.8895  0.000e+00
     33.603     5.1371   3.098214    31.9958        810     3.3708     2.8896  0.000e+00
     33.630     5.1371   3.098243    31.9961        811     3.3750     2.8896  0.000e+00
     33.664     5.1371   3.098237    31.9960        812     3.3792     2.8898  0.000e+00
     33.700     5.1371   3.098237    31.9959        813     3.3833     2.8890  0.000e+00
     33.730     5.1369   3.098220    31.9959        814     3.3875     2.8881  0.000e+00
     33.739     5.1366   3.098237    31.9964        815     3.3917     2.8878  0.000e+00
     33.736     5.1364   3.098214    31.9964        816     3.3958     2.8867  0.000e+00
     33.707     5.1362   3.098220    31.9966        817     3.4000     2.8872  0.000e+00
     33.664     5.1364   3.098197    31.9962        818     3.4042     2.8858  0.000e+00
     33.590     5.1366   3.098214    31.9963        819     3.4083     2.8858  0.000e+00
     33.488     5.1365   3.098203    31.9963        820     3.4125     2.8863  0.000e+00
     33.367     5.1368   3.098214    31.9962        821     3.4167     2.8862  0.000e+00
     33.227     5.1369   3.098214    31.9961        822     3.4208     2.8865  0.000e+00
     33.078     5.1367   3.098203    31.9962        823     3.4250     2.8867  0.000e+00
     32.929     5.1364   3.098197    31.9966        824     3.4292     2.8868  0.000e+00
     32.781     5.1364   3.098197    31.9966        825     3.4333     2.8883  0.000e+00
     32.641     5.1363   3.098162    31.9964        826     3.4375     2.8889  0.000e+00
     32.515     5.1365   3.098156    31.9962        827     3.4417     2.8895  0.000e+00
     32.404     5.1364   3.098156    31.9964        828     3.4458     2.8898  0.000e+00
     32.303     5.1362   3.098162    31.9966        829     3.4500     2.8910  0.000e+00
     32.221     5.1362   3.098156    31.9967        830     3.4542     2.8906  0.000e+00
     32.158     5.1362   3.098122    31.9963        831     3.4583     2.8906  0.000e+00
     32.104     5.1363   3.098122    31.9962        832     3.4625     2.8909  0.000e+00
     32.070     5.1365   3.098139    31.9962        833     3.4667     2.8904  0.000e+00
     32.043     5.1366   3.098139    31.9961        834     3.4708     2.8900  0.000e+00
     32.009     5.1366   3.098122    31.9960        835     3.4750     2.8893  0.000e+00
     31.991     5.1365   3.098122    31.9961        836     3.4792     2.8887  0.000e+00
     31.967     5.1365   3.098122    31.9961        837     3.4833     2.8887  0.000e+00
     31.947     5.1365   3.098122    31.9961        838     3.4875     2.8871  0.000e+00
     31.915     5.1364   3.098122    31.9962        839     3.4917     2.8877  0.000e+00
     31.872     5.1364   3.098122    31.9962        840     3.4958     2.8874  0.000e+00
     31.822     5.1366   3.098081    31.9956        841     3.5000     2.8874  0.000e+00
     31.771     5.1366   3.098064    31.9955        842     3.5042     2.8862  0.000e+00
     31.710     5.1364   3.098058    31.9955        843     3.5083     2.8848  0.000e+00
     31.631     5.1364   3.098064    31.9957        844     3.5125     2.8847  0.000e+00
     31.545     5.1364   3.098122    31.9964        845     3.5167     2.8831  0.000e+00
     31.453     5.1364   3.098162    31.9968        846     3.5208     2.8835  0.000e+00
     31.353     5.1366   3.098098    31.9960        847     3.5250     2.8841  0.000e+00
     31.254     5.1366   3.098081    31.9959        848     3.5292     2.8848  0.000e+00
     31.153     5.1364   3.098098    31.9963        849     3.5333     2.8860  0.000e+00
     31.058     5.1363   3.098006    31.9954        850     3.5375     2.8868  0.000e+00
     30.961     5.1363   3.098023    31.9956        851     3.5417     2.8864  0.000e+00
     30.875     5.1363   3.098018    31.9957        852     3.5458     2.8877  0.000e+00
     30.794     5.1363   3.098006    31.9955        853     3.5500     2.8875  0.000e+00
     30.724     5.1362   3.098006    31.9957        854     3.5542     2.8877  0.000e+00
     30.673     5.1362   3.098000    31.9956        855     3.5583     2.8873  0.000e+00
     30.616     5.1363   3.097966    31.9952        856     3.5625     2.8877  0.000e+00
     30.576     5.1362   3.097966    31.9953        857     3.5667     2.8864  0.000e+00
     30.531     5.1362   3.097937    31.9950        858     3.5708     2.8871  0.000e+00
     30.486     5.1362   3.097966    31.9953        859     3.5750     2.8876  0.000e+00
     30.440     5.1362   3.097948    31.9952        860     3.5792     2.8868  0.000e+00
     30.398     5.1362   3.097937    31.9951        861     3.5833     2.8874  0.000e+00
     30.346     5.1362   3.097948    31.9952        862     3.5875     2.8886  0.000e+00
     30.283     5.1361   3.097937    31.9952        863     3.5917     2.8871  0.000e+00
     30.213     5.1362   3.097925    31.9950        864     3.5958     2.8879  0.000e+00
     30.143     5.1362   3.097948    31.9953        865     3.6000     2.8883  0.000e+00
     30.070     5.1362   3.097937    31.9952        866     3.6042     2.8894  0.000e+00
     29.994     5.1361   3.097948    31.9955        867     3.6083     2.8897  0.000e+00
     29.917     5.1363   3.097983    31.9957        868     3.6125     2.8907  0.000e+00
     29.841     5.1363   3.098000    31.9960        869     3.6167     2.8909  0.000e+00
     29.766     5.1363   3.097965    31.9956        870     3.6208     2.8917  0.000e+00
     29.689     5.1365   3.097908    31.9948        871     3.6250     2.8915  0.000e+00
     29.617     5.1362   3.097879    31.9947        872     3.6292     2.8909  0.000e+00
     29.545     5.1362   3.097867    31.9947        873     3.6333     2.8903  0.000e+00
     29.469     5.1362   3.097867    31.9947        874     3.6375     2.8902  0.000e+00
     29.396     5.1363   3.097896    31.9950        875     3.6417     2.8897  0.000e+00
     29.320     5.1362   3.097908    31.9953        876     3.6458     2.8894  0.000e+00
     29.255     5.1362   3.097890    31.9951        877     3.6500     2.8893  0.000e+00
     29.176     5.1361   3.097879    31.9951        878     3.6542     2.8899  0.000e+00
     29.101     5.1362   3.097867    31.9949        879     3.6583     2.8894  0.000e+00
     29.029     5.1363   3.097867    31.9949        880     3.6625     2.8899  0.000e+00
     28.953     5.1361   3.097856    31.9949        881     3.6667     2.8906  0.000e+00
     28.881     5.1362   3.097867    31.9950        882     3.6708     2.8913  0.000e+00
     28.811     5.1362   3.097850    31.9949        883     3.6750     2.8910  0.000e+00
     28.740     5.1361   3.097838    31.9949        884     3.6792     2.8925  0.000e+00
     28.678     5.1361   3.097867    31.9952        885     3.6833     2.8910  0.000e+00
     28.628     5.1361   3.097925    31.9959        886     3.6875     2.8908  0.000e+00
     28.583     5.1361   3.097919    31.9959        887     3.6917     2.8912  0.000e+00
     28.527     5.1362   3.097890    31.9955        888     3.6958     2.8918  0.000e+00
     28.481     5.1362   3.097907    31.9956        889     3.7000     2.8915  0.000e+00
     28.429     5.1363   3.097879    31.9953        890     3.7042     2.8922  0.000e+00
     28.376     5.1362   3.097867    31.9952        891     3.7083     2.8917  0.000e+00
     28.315     5.1362   3.097838    31.9949        892     3.7125     2.8923  0.000e+00
     28.254     5.1362   3.097833    31.9949        893     3.7167     2.8921  0.000e+00
     28.184     5.1361   3.097775    31.9944        894     3.7208     2.8930  0.000e+00
     28.112     5.1361   3.097758    31.9942        895     3.7250     2.8928  0.000e+00
     28.039     5.1360   3.097965    31.9967        896     3.7292     2.8926  0.000e+00
     27.954     5.1368   3.098195    31.9986        897     3.7333     2.8925  0.000e+00
     27.884     5.1388   3.098201    31.9968        898     3.7375     2.8926  0.000e+00
     27.798     5.1401   3.098178    31.9953        899     3.7417     2.8936  0.000e+00
     27.719     5.1407   3.098155    31.9946        900     3.7458     2.8943  0.000e+00
     27.643     5.1409   3.098057    31.9933        901     3.7500     2.8941  0.000e+00
     27.564     5.1406   3.098138    31.9945        902     3.7542     2.8937  0.000e+00
     27.494     5.1407   3.098178    31.9949        903     3.7583     2.8949  0.000e+00
     27.426     5.1409   3.098161    31.9946        904     3.7625     2.8943  0.000e+00
     27.363     5.1410   3.098212    31.9951        905     3.7667     2.8940  0.000e+00
     27.296     5.1413   3.098235    31.9952        906     3.7708     2.8937  0.000e+00
     27.232     5.1418   3.098040    31.9925        907     3.7750     2.8935  0.000e+00
     27.167     5.1410   3.097890    31.9915        908     3.7792     2.8954  0.000e+00
