HB2401/sbe029.cnv
* Sea-Bird SBE 19plus V2 Data File:
* FileName = C:\cruise\data\sbe029.hex
* Software Version Seasave V 7.26.7.121
* Temperature SN = 7142
* Conductivity SN = 7142
* System UpLoad Time = Feb 21 2024 02:37:36
* NMEA Latitude = 40 00.51 N
* NMEA Longitude = 071 11.10 W
* NMEA UTC (Time) = Feb 21 2024  02:37:53
** Cruise: HB2401
** Program: ECOMON
# nquan = 8
# nvalues = 4366                                  
# units = specified
# name 0 = depSM: Depth [salt water, m]
# name 1 = tv290C: Temperature [ITS-90, deg C]
# name 2 = c0S/m: Conductivity [S/m]
# name 3 = sal00: Salinity, Practical [PSU]
# name 4 = scan: Scan Count
# name 5 = timeM: Time, Elapsed [minutes]
# name 6 = sbeox0V: Oxygen raw, SBE 43 [V]
# name 7 = flag:  0.000e+00
# span 0 =      0.101,    200.681                 
# span 1 =     1.5773,    14.1434                 
# span 2 =  -0.000005,   4.252188                 
# span 3 =    -0.0006,    35.3844                 
# span 4 =         11,       4376                 
# span 5 =     0.0417,    18.2292                 
# span 6 =     2.1721,     3.0394                 
# span 7 = 0.0000e+00, 0.0000e+00                 
# interval = seconds: 0.25
# start_time = Feb 21 2024 02:37:53 [NMEA time, header]
# bad_flag = -9.990e-29
*END*
[from data line 2697]
    104.668    10.8694   3.821607    34.2519       2708    11.2792     2.7638  0.000e+00
    104.575    10.8684   3.820537    34.2423       2709    11.2833     2.7631  0.000e+00
    104.495    10.8650   3.820224    34.2423       2710    11.2875     2.7632  0.000e+00
    104.420    10.8608   3.819754    34.2416       2711    11.2917     2.7634  0.000e+00
    104.355    10.8574   3.819360    34.2409       2712    11.2958     2.7634  0.000e+00
    104.294    10.8539   3.819354    34.2441       2713    11.3000     2.7632  0.000e+00
    104.236    10.8516   3.819266    34.2454       2714    11.3042     2.7625  0.000e+00
    104.188    10.8503   3.819266    34.2466       2715    11.3083     2.7624  0.000e+00
    104.148    10.8498   3.819241    34.2469       2716    11.3125     2.7619  0.000e+00
    104.114    10.8493   3.819285    34.2478       2717    11.3167     2.7620  0.000e+00
    104.084    10.8492   3.819291    34.2480       2718    11.3208     2.7615  0.000e+00
    104.055    10.8494   3.819379    34.2487       2719    11.3250     2.7602  0.000e+00
    104.022    10.8497   3.819335    34.2480       2720    11.3292     2.7609  0.000e+00
    104.001    10.8500   3.819266    34.2470       2721    11.3333     2.7596  0.000e+00
    103.965    10.8499   3.819241    34.2469       2722    11.3375     2.7591  0.000e+00
    103.922    10.8496   3.819266    34.2474       2723    11.3417     2.7586  0.000e+00
    103.877    10.8495   3.819291    34.2478       2724    11.3458     2.7598  0.000e+00
    103.819    10.8496   3.819310    34.2479       2725    11.3500     2.7606  0.000e+00
    103.762    10.8498   3.819128    34.2459       2726    11.3542     2.7599  0.000e+00
    103.695    10.8495   3.818540    34.2404       2727    11.3583     2.7611  0.000e+00
    103.627    10.8473   3.817989    34.2370       2728    11.3625     2.7612  0.000e+00
    103.555    10.8438   3.817702    34.2374       2729    11.3667     2.7614  0.000e+00
    103.479    10.8403   3.817170    34.2354       2730    11.3708     2.7607  0.000e+00
    103.402    10.8370   3.817001    34.2368       2731    11.3750     2.7607  0.000e+00
    103.312    10.8342   3.816876    34.2382       2732    11.3792     2.7595  0.000e+00
    103.226    10.8324   3.816625    34.2374       2733    11.3833     2.7585  0.000e+00
    103.132    10.8307   3.816607    34.2388       2734    11.3875     2.7589  0.000e+00
    103.042    10.8296   3.816319    34.2371       2735    11.3917     2.7595  0.000e+00
    102.951    10.8280   3.815675    34.2321       2736    11.3958     2.7599  0.000e+00
    102.863    10.8252   3.815549    34.2336       2737    11.4000     2.7610  0.000e+00
    102.767    10.8224   3.814761    34.2283       2738    11.4042     2.7608  0.000e+00
    102.683    10.8191   3.814455    34.2284       2739    11.4083     2.7614  0.000e+00
    102.609    10.8158   3.814311    34.2301       2740    11.4125     2.7622  0.000e+00
    102.537    10.8133   3.814198    34.2313       2741    11.4167     2.7634  0.000e+00
    102.467    10.8116   3.814180    34.2327       2742    11.4208     2.7632  0.000e+00
    102.408    10.8105   3.814105    34.2330       2743    11.4250     2.7632  0.000e+00
    102.352    10.8096   3.814180    34.2346       2744    11.4292     2.7634  0.000e+00
    102.312    10.8097   3.814198    34.2348       2745    11.4333     2.7641  0.000e+00
    102.264    10.8098   3.814223    34.2350       2746    11.4375     2.7642  0.000e+00
    102.230    10.8102   3.814173    34.2340       2747    11.4417     2.7651  0.000e+00
    102.187    10.8101   3.814104    34.2335       2748    11.4458     2.7654  0.000e+00
    102.156    10.8097   3.814092    34.2338       2749    11.4500     2.7645  0.000e+00
    102.111    10.8093   3.813917    34.2324       2750    11.4542     2.7644  0.000e+00
    102.070    10.8087   3.813554    34.2294       2751    11.4583     2.7645  0.000e+00
    102.019    10.8071   3.813542    34.2308       2752    11.4625     2.7655  0.000e+00
    101.967    10.8057   3.813648    34.2331       2753    11.4667     2.7656  0.000e+00
    101.911    10.8055   3.813660    34.2335       2754    11.4708     2.7647  0.000e+00
    101.845    10.8054   3.813935    34.2364       2755    11.4750     2.7654  0.000e+00
    101.784    10.8064   3.813773    34.2338       2756    11.4792     2.7649  0.000e+00
    101.703    10.8068   3.813735    34.2331       2757    11.4833     2.7637  0.000e+00
    101.629    10.8067   3.813660    34.2325       2758    11.4875     2.7636  0.000e+00
    101.553    10.8063   3.813648    34.2328       2759    11.4917     2.7631  0.000e+00
    101.480    10.8063   3.813422    34.2306       2760    11.4958     2.7625  0.000e+00
    101.410    10.8055   3.813310    34.2302       2761    11.5000     2.7619  0.000e+00
    101.338    10.8042   3.813447    34.2328       2762    11.5042     2.7620  0.000e+00
    101.275    10.8039   3.813491    34.2336       2763    11.5083     2.7625  0.000e+00
    101.210    10.8041   3.813354    34.2320       2764    11.5125     2.7628  0.000e+00
    101.143    10.8039   3.813153    34.2302       2765    11.5167     2.7621  0.000e+00
    101.081    10.8033   3.812559    34.2249       2766    11.5208     2.7617  0.000e+00
    101.016    10.8009   3.812097    34.2225       2767    11.5250     2.7621  0.000e+00
    100.949    10.7975   3.811484    34.2196       2768    11.5292     2.7612  0.000e+00
    100.890    10.7934   3.811234    34.2210       2769    11.5333     2.7629  0.000e+00
    100.831    10.7896   3.811015    34.2224       2770    11.5375     2.7624  0.000e+00
    100.771    10.7870   3.810884    34.2235       2771    11.5417     2.7621  0.000e+00
    100.710    10.7851   3.810796    34.2244       2772    11.5458     2.7626  0.000e+00
    100.649    10.7837   3.810721    34.2250       2773    11.5500     2.7638  0.000e+00
    100.591    10.7829   3.810684    34.2254       2774    11.5542     2.7642  0.000e+00
    100.541    10.7823   3.810627    34.2254       2775    11.5583     2.7629  0.000e+00
    100.480    10.7819   3.810859    34.2281       2776    11.5625     2.7618  0.000e+00
    100.430    10.7821   3.811021    34.2297       2777    11.5667     2.7609  0.000e+00
    100.372    10.7829   3.811152    34.2302       2778    11.5708     2.7605  0.000e+00
    100.313    10.7842   3.811115    34.2286       2779    11.5750     2.7605  0.000e+00
    100.253    10.7849   3.811553    34.2324       2780    11.5792     2.7609  0.000e+00
    100.187    10.7864   3.811953    34.2350       2781    11.5833     2.7618  0.000e+00
    100.111    10.7893   3.812284    34.2356       2782    11.5875     2.7619  0.000e+00
    100.036    10.7922   3.812040    34.2306       2783    11.5917     2.7630  0.000e+00
     99.951    10.7934   3.812446    34.2336       2784    11.5958     2.7630  0.000e+00
     99.872    10.7950   3.812421    34.2318       2785    11.6000     2.7637  0.000e+00
     99.777    10.7963   3.812934    34.2358       2786    11.6042     2.7644  0.000e+00
     99.689    10.7985   3.813710    34.2415       2787    11.6083     2.7654  0.000e+00
     99.599    10.8031   3.813403    34.2342       2788    11.6125     2.7660  0.000e+00
     99.509    10.8053   3.813265    34.2308       2789    11.6167     2.7662  0.000e+00
     99.424    10.8058   3.813472    34.2324       2790    11.6208     2.7650  0.000e+00
     99.349    10.8061   3.813465    34.2321       2791    11.6250     2.7664  0.000e+00
     99.284    10.8065   3.813866    34.2358       2792    11.6292     2.7664  0.000e+00
     99.218    10.8082   3.813934    34.2349       2793    11.6333     2.7658  0.000e+00
     99.167    10.8095   3.813984    34.2342       2794    11.6375     2.7656  0.000e+00
     99.124    10.8104   3.813909    34.2327       2795    11.6417     2.7651  0.000e+00
     99.090    10.8109   3.813941    34.2326       2796    11.6458     2.7648  0.000e+00
     99.054    10.8113   3.813953    34.2323       2797    11.6500     2.7645  0.000e+00
     99.027    10.8113   3.813916    34.2319       2798    11.6542     2.7631  0.000e+00
     99.002    10.8111   3.813934    34.2323       2799    11.6583     2.7633  0.000e+00
     98.966    10.8110   3.813941    34.2325       2800    11.6625     2.7634  0.000e+00
     98.933    10.8110   3.813984    34.2329       2801    11.6667     2.7626  0.000e+00
     98.898    10.8111   3.814003    34.2330       2802    11.6708     2.7623  0.000e+00
     98.853    10.8114   3.813916    34.2319       2803    11.6750     2.7609  0.000e+00
     98.795    10.8115   3.813734    34.2301       2804    11.6792     2.7617  0.000e+00
     98.745    10.8110   3.813822    34.2314       2805    11.6833     2.7612  0.000e+00
     98.685    10.8105   3.813953    34.2332       2806    11.6875     2.7617  0.000e+00
     98.615    10.8107   3.813984    34.2333       2807    11.6917     2.7611  0.000e+00
     98.551    10.8111   3.814022    34.2334       2808    11.6958     2.7619  0.000e+00
     98.477    10.8116   3.813865    34.2314       2809    11.7000     2.7635  0.000e+00
     98.405    10.8114   3.813909    34.2320       2810    11.7042     2.7640  0.000e+00
     98.326    10.8113   3.813940    34.2325       2811    11.7083     2.7629  0.000e+00
     98.252    10.8112   3.813909    34.2323       2812    11.7125     2.7629  0.000e+00
     98.169    10.8114   3.813984    34.2329       2813    11.7167     2.7640  0.000e+00
     98.088    10.8115   3.813865    34.2316       2814    11.7208     2.7631  0.000e+00
     98.007    10.8115   3.813771    34.2308       2815    11.7250     2.7641  0.000e+00
     97.939    10.8107   3.813778    34.2316       2816    11.7292     2.7631  0.000e+00
     97.865    10.8105   3.813728    34.2313       2817    11.7333     2.7641  0.000e+00
     97.801    10.8100   3.813778    34.2323       2818    11.7375     2.7635  0.000e+00
     97.734    10.8102   3.813846    34.2328       2819    11.7417     2.7644  0.000e+00
     97.682    10.8106   3.813821    34.2322       2820    11.7458     2.7640  0.000e+00
     97.617    10.8105   3.813677    34.2309       2821    11.7500     2.7635  0.000e+00
     97.565    10.8105   3.813659    34.2308       2822    11.7542     2.7641  0.000e+00
     97.507    10.8099   3.813646    34.2312       2823    11.7583     2.7655  0.000e+00
     97.452    10.8094   3.813377    34.2290       2824    11.7625     2.7654  0.000e+00
     97.385    10.8084   3.811595    34.2121       2825    11.7667     2.7660  0.000e+00
     97.315    10.8028   3.809788    34.1993       2826    11.7708     2.7667  0.000e+00
     97.245    10.7928   3.808682    34.1977       2827    11.7750     2.7671  0.000e+00
     97.162    10.7829   3.808157    34.2016       2828    11.7792     2.7676  0.000e+00
     97.078    10.7743   3.808032    34.2085       2829    11.7833     2.7672  0.000e+00
     96.981    10.7693   3.808013    34.2130       2830    11.7875     2.7673  0.000e+00
     96.896    10.7666   3.807876    34.2143       2831    11.7917     2.7678  0.000e+00
     96.808    10.7649   3.807900    34.2161       2832    11.7958     2.7677  0.000e+00
     96.729    10.7640   3.807213    34.2101       2833    11.8000     2.7678  0.000e+00
     96.652    10.7615   3.805919    34.1995       2834    11.8042     2.7680  0.000e+00
     96.574    10.7559   3.805801    34.2036       2835    11.8083     2.7679  0.000e+00
     96.520    10.7512   3.805744    34.2074       2836    11.8125     2.7656  0.000e+00
     96.475    10.7486   3.805776    34.2102       2837    11.8167     2.7661  0.000e+00
     96.434    10.7477   3.805769    34.2110       2838    11.8208     2.7651  0.000e+00
     96.403    10.7472   3.805244    34.2062       2839    11.8250     2.7654  0.000e+00
     96.382    10.7453   3.804901    34.2046       2840    11.8292     2.7661  0.000e+00
     96.360    10.7426   3.805032    34.2084       2841    11.8333     2.7660  0.000e+00
     96.339    10.7412   3.805388    34.2133       2842    11.8375     2.7648  0.000e+00
     96.314    10.7416   3.805432    34.2133       2843    11.8417     2.7645  0.000e+00
     96.278    10.7426   3.805369    34.2118       2844    11.8458     2.7637  0.000e+00
     96.233    10.7430   3.805357    34.2113       2845    11.8500     2.7637  0.000e+00
     96.193    10.7433   3.805057    34.2081       2846    11.8542     2.7624  0.000e+00
     96.136    10.7424   3.804813    34.2065       2847    11.8583     2.7614  0.000e+00
     96.073    10.7410   3.804663    34.2063       2848    11.8625     2.7605  0.000e+00
     96.002    10.7396   3.804701    34.2081       2849    11.8667     2.7621  0.000e+00
     95.920    10.7387   3.804195    34.2039       2850    11.8708     2.7612  0.000e+00
     95.848    10.7367   3.803258    34.1963       2851    11.8750     2.7627  0.000e+00
     95.763    10.7322   3.803033    34.1983       2852    11.8792     2.7628  0.000e+00
     95.675    10.7286   3.801946    34.1909       2853    11.8833     2.7630  0.000e+00
     95.605    10.7235   3.801708    34.1934       2854    11.8875     2.7639  0.000e+00
     95.522    10.7186   3.801496    34.1958       2855    11.8917     2.7633  0.000e+00
     95.452    10.7155   3.801259    34.1964       2856    11.8958     2.7628  0.000e+00
     95.379    10.7127   3.800359    34.1900       2857    11.9000     2.7630  0.000e+00
     95.299    10.7090   3.800172    34.1916       2858    11.9042     2.7625  0.000e+00
     95.227    10.7055   3.799822    34.1914       2859    11.9083     2.7637  0.000e+00
     95.161    10.7023   3.799704    34.1932       2860    11.9125     2.7641  0.000e+00
     95.091    10.7001   3.799635    34.1946       2861    11.9167     2.7654  0.000e+00
     95.024    10.6987   3.799460    34.1942       2862    11.9208     2.7652  0.000e+00
     94.943    10.6974   3.799454    34.1954       2863    11.9250     2.7659  0.000e+00
     94.879    10.6968   3.799360    34.1951       2864    11.9292     2.7664  0.000e+00
     94.801    10.6962   3.799348    34.1956       2865    11.9333     2.7662  0.000e+00
     94.728    10.6958   3.799266    34.1952       2866    11.9375     2.7658  0.000e+00
     94.657    10.6954   3.798885    34.1918       2867    11.9417     2.7664  0.000e+00
     94.586    10.6941   3.798361    34.1877       2868    11.9458     2.7653  0.000e+00
     94.533    10.6918   3.798067    34.1869       2869    11.9500     2.7667  0.000e+00
     94.469    10.6895   3.797824    34.1867       2870    11.9542     2.7667  0.000e+00
     94.422    10.6872   3.797730    34.1879       2871    11.9583     2.7668  0.000e+00
     94.377    10.6858   3.797668    34.1886       2872    11.9625     2.7665  0.000e+00
     94.341    10.6847   3.797568    34.1887       2873    11.9667     2.7661  0.000e+00
     94.292    10.6838   3.797443    34.1882       2874    11.9708     2.7664  0.000e+00
     94.253    10.6830   3.797312    34.1877       2875    11.9750     2.7658  0.000e+00
     94.206    10.6823   3.797312    34.1884       2876    11.9792     2.7677  0.000e+00
     94.145    10.6816   3.797268    34.1886       2877    11.9833     2.7677  0.000e+00
     94.071    10.6814   3.797243    34.1887       2878    11.9875     2.7683  0.000e+00
     93.998    10.6810   3.797150    34.1881       2879    11.9917     2.7680  0.000e+00
     93.917    10.6805   3.797037    34.1874       2880    11.9958     2.7692  0.000e+00
     93.827    10.6797   3.796488    34.1827       2881    12.0000     2.7684  0.000e+00
     93.731    10.6779   3.796481    34.1844       2882    12.0042     2.7678  0.000e+00
     93.647    10.6762   3.796182    34.1830       2883    12.0083     2.7682  0.000e+00
     93.559    10.6747   3.796269    34.1853       2884    12.0125     2.7680  0.000e+00
     93.473    10.6737   3.796044    34.1840       2885    12.0167     2.7676  0.000e+00
     93.384    10.6728   3.795945    34.1840       2886    12.0208     2.7691  0.000e+00
