HB2401/sbe005.cnv
* Sea-Bird SBE 19plus V2 Data File:
* FileName = C:\cruise\data\sbe005.hex
* Software Version Seasave V 7.26.7.121
* Temperature SN = 7142
* Conductivity SN = 7142
* System UpLoad Time = Feb 17 2024 13:39:15
* NMEA Latitude = 42 29.73 N
* NMEA Longitude = 069 40.36 W
* NMEA UTC (Time) = Feb 17 2024  13:39:30
** Cruise: HB2401
** Program: ECOMON
# nquan = 8
# nvalues = 5947                                  
# units = specified
# name 0 = depSM: Depth [salt water, m]
# name 1 = tv290C: Temperature [ITS-90, deg C]
# name 2 = c0S/m: Conductivity [S/m]
# name 3 = sal00: Salinity, Practical [PSU]
# name 4 = scan: Scan Count
# name 5 = timeM: Time, Elapsed [minutes]
# name 6 = sbeox0V: Oxygen raw, SBE 43 [V]
# name 7 = flag:  0.000e+00
# span 0 =     -0.140,    200.479                 
# span 1 =     0.5162,     8.2592                 
# span 2 =  -0.000008,   3.559200                 
# span 3 =    -0.0015,    33.9878                 
# span 4 =         11,       5957                 
# span 5 =     0.0417,    24.8167                 
# span 6 =     1.7409,     2.9689                 
# span 7 = 0.0000e+00, 0.0000e+00                 
# interval = seconds: 0.25
# start_time = Feb 17 2024 13:39:30 [NMEA time, header]
# bad_flag = -9.990e-29
*END*
[from data line 1079]
    108.611     7.1159   3.323352    32.5862       1090     4.5375     2.5679  0.000e+00
    108.746     7.1317   3.326082    32.6009       1091     4.5417     2.5602  0.000e+00
    108.881     7.1505   3.330145    32.6273       1092     4.5458     2.5527  0.000e+00
    109.014     7.1754   3.331152    32.6146       1093     4.5500     2.5451  0.000e+00
    109.138     7.1959   3.332551    32.6103       1094     4.5542     2.5379  0.000e+00
    109.263     7.2125   3.334139    32.6119       1095     4.5583     2.5292  0.000e+00
    109.384     7.2270   3.334868    32.6060       1096     4.5625     2.5224  0.000e+00
    109.510     7.2389   3.335538    32.6021       1097     4.5667     2.5155  0.000e+00
    109.637     7.2477   3.335858    32.5972       1098     4.5708     2.5084  0.000e+00
    109.754     7.2540   3.336000    32.5927       1099     4.5750     2.5013  0.000e+00
    109.875     7.2578   3.336332    32.5927       1100     4.5792     2.4922  0.000e+00
    109.999     7.2609   3.337293    32.6002       1101     4.5833     2.4856  0.000e+00
    110.128     7.2658   3.337216    32.5947       1102     4.5875     2.4805  0.000e+00
    110.250     7.2692   3.337151    32.5906       1103     4.5917     2.4740  0.000e+00
    110.381     7.2703   3.337447    32.5928       1104     4.5958     2.4690  0.000e+00
    110.518     7.2715   3.337234    32.5893       1105     4.6000     2.4641  0.000e+00
    110.649     7.2717   3.337548    32.5924       1106     4.6042     2.4603  0.000e+00
    110.788     7.2727   3.339541    32.6130       1107     4.6083     2.4553  0.000e+00
    110.933     7.2791   3.340383    32.6160       1108     4.6125     2.4514  0.000e+00
    111.070     7.2883   3.345201    32.6595       1109     4.6167     2.4478  0.000e+00
    111.199     7.3072   3.349274    32.6856       1110     4.6208     2.4456  0.000e+00
    111.336     7.3351   3.354911    32.7203       1111     4.6250     2.4422  0.000e+00
    111.454     7.3688   3.360588    32.7498       1112     4.6292     2.4401  0.000e+00
    111.573     7.4098   3.362865    32.7356       1113     4.6333     2.4378  0.000e+00
    111.686     7.4446   3.364756    32.7231       1114     4.6375     2.4363  0.000e+00
    111.794     7.4710   3.365696    32.7084       1115     4.6417     2.4336  0.000e+00
    111.900     7.4885   3.365910    32.6941       1116     4.6458     2.4309  0.000e+00
    112.010     7.4980   3.366124    32.6875       1117     4.6500     2.4265  0.000e+00
    112.121     7.5035   3.366457    32.6859       1118     4.6542     2.4204  0.000e+00
    112.229     7.5068   3.366481    32.6829       1119     4.6583     2.4157  0.000e+00
    112.339     7.5093   3.366564    32.6814       1120     4.6625     2.4104  0.000e+00
    112.454     7.5107   3.366689    32.6814       1121     4.6667     2.4049  0.000e+00
    112.569     7.5118   3.366689    32.6804       1122     4.6708     2.3994  0.000e+00
    112.691     7.5125   3.366791    32.6807       1123     4.6750     2.3941  0.000e+00
    112.819     7.5127   3.366904    32.6816       1124     4.6792     2.3886  0.000e+00
    112.946     7.5133   3.366267    32.6742       1125     4.6833     2.3835  0.000e+00
    113.078     7.5118   3.366487    32.6779       1126     4.6875     2.3807  0.000e+00
    113.218     7.5103   3.366458    32.6789       1127     4.6917     2.3752  0.000e+00
    113.354     7.5102   3.367011    32.6849       1128     4.6958     2.3724  0.000e+00
    113.496     7.5118   3.367243    32.6859       1129     4.7000     2.3696  0.000e+00
    113.635     7.5140   3.367326    32.6846       1130     4.7042     2.3656  0.000e+00
    113.775     7.5157   3.367231    32.6820       1131     4.7083     2.3636  0.000e+00
    113.910     7.5163   3.367344    32.6825       1132     4.7125     2.3610  0.000e+00
    114.043     7.5170   3.367725    32.6859       1133     4.7167     2.3590  0.000e+00
    114.170     7.5183   3.367874    32.6862       1134     4.7208     2.3572  0.000e+00
    114.293     7.5199   3.368570    32.6921       1135     4.7250     2.3549  0.000e+00
    114.402     7.5233   3.370481    32.7095       1136     4.7292     2.3540  0.000e+00
    114.510     7.5308   3.372577    32.7250       1137     4.7333     2.3508  0.000e+00
    114.614     7.5429   3.375626    32.7464       1138     4.7375     2.3497  0.000e+00
    114.717     7.5598   3.376883    32.7439       1139     4.7417     2.3495  0.000e+00
    114.817     7.5754   3.378491    32.7465       1140     4.7458     2.3488  0.000e+00
    114.920     7.5891   3.381024    32.7608       1141     4.7500     2.3475  0.000e+00
    115.022     7.6053   3.383450    32.7715       1142     4.7542     2.3455  0.000e+00
    115.132     7.6235   3.386193    32.7838       1143     4.7583     2.3441  0.000e+00
    115.238     7.6432   3.387726    32.7817       1144     4.7625     2.3429  0.000e+00
    115.355     7.6603   3.388281    32.7715       1145     4.7667     2.3410  0.000e+00
    115.470     7.6719   3.388978    32.7680       1146     4.7708     2.3400  0.000e+00
    115.592     7.6799   3.389676    32.7680       1147     4.7750     2.3378  0.000e+00
    115.711     7.6866   3.390709    32.7726       1148     4.7792     2.3349  0.000e+00
    115.835     7.6934   3.392057    32.7806       1149     4.7833     2.3309  0.000e+00
    115.962     7.7012   3.392947    32.7828       1150     4.7875     2.3272  0.000e+00
    116.094     7.7092   3.393675    32.7830       1151     4.7917     2.3235  0.000e+00
    116.227     7.7161   3.393800    32.7778       1152     4.7958     2.3204  0.000e+00
    116.365     7.7205   3.393651    32.7720       1153     4.8000     2.3145  0.000e+00
    116.511     7.7225   3.394475    32.7789       1154     4.8042     2.3117  0.000e+00
    116.649     7.7255   3.394487    32.7761       1155     4.8083     2.3083  0.000e+00
    116.793     7.7280   3.394654    32.7755       1156     4.8125     2.3040  0.000e+00
    116.942     7.7297   3.394803    32.7755       1157     4.8167     2.3011  0.000e+00
    117.084     7.7310   3.397132    32.7991       1158     4.8208     2.2981  0.000e+00
    117.224     7.7379   3.399192    32.8147       1159     4.8250     2.2949  0.000e+00
    117.368     7.7488   3.399485    32.8075       1160     4.8292     2.2917  0.000e+00
    117.503     7.7557   3.398541    32.7908       1161     4.8333     2.2886  0.000e+00
    117.634     7.7546   3.398565    32.7920       1162     4.8375     2.2862  0.000e+00
    117.767     7.7516   3.398870    32.7981       1163     4.8417     2.2828  0.000e+00
    117.887     7.7502   3.399569    32.8068       1164     4.8458     2.2797  0.000e+00
    118.011     7.7514   3.400148    32.8118       1165     4.8500     2.2769  0.000e+00
    118.135     7.7540   3.400518    32.8133       1166     4.8542     2.2753  0.000e+00
    118.252     7.7569   3.401199    32.8177       1167     4.8583     2.2727  0.000e+00
    118.373     7.7607   3.401659    32.8190       1168     4.8625     2.2701  0.000e+00
    118.488     7.7645   3.401922    32.8182       1169     4.8667     2.2676  0.000e+00
    118.610     7.7677   3.402006    32.8161       1170     4.8708     2.2663  0.000e+00
    118.723     7.7691   3.400447    32.7980       1171     4.8750     2.2632  0.000e+00
    118.835     7.7646   3.397365    32.7692       1172     4.8792     2.2609  0.000e+00
    118.943     7.7477   3.394911    32.7587       1173     4.8833     2.2593  0.000e+00
    119.054     7.7249   3.394977    32.7808       1174     4.8875     2.2571  0.000e+00
    119.158     7.7093   3.395694    32.8031       1175     4.8917     2.2548  0.000e+00
    119.262     7.7031   3.396195    32.8143       1176     4.8958     2.2525  0.000e+00
    119.370     7.7026   3.396649    32.8196       1177     4.9000     2.2512  0.000e+00
    119.478     7.7043   3.396983    32.8215       1178     4.9042     2.2487  0.000e+00
    119.582     7.7069   3.397240    32.8218       1179     4.9083     2.2491  0.000e+00
    119.697     7.7093   3.397348    32.8206       1180     4.9125     2.2486  0.000e+00
    119.807     7.7112   3.397497    32.8203       1181     4.9167     2.2498  0.000e+00
    119.924     7.7126   3.398058    32.8250       1182     4.9208     2.2503  0.000e+00
    120.039     7.7153   3.398524    32.8274       1183     4.9250     2.2493  0.000e+00
    120.150     7.7191   3.399217    32.8313       1184     4.9292     2.2507  0.000e+00
    120.260     7.7237   3.400257    32.8380       1185     4.9333     2.2513  0.000e+00
    120.371     7.7302   3.401212    32.8421       1186     4.9375     2.2514  0.000e+00
    120.487     7.7374   3.401756    32.8411       1187     4.9417     2.2510  0.000e+00
    120.602     7.7439   3.402437    32.8422       1188     4.9458     2.2509  0.000e+00
    120.720     7.7499   3.404045    32.8537       1189     4.9500     2.2517  0.000e+00
    120.837     7.7576   3.405676    32.8638       1190     4.9542     2.2506  0.000e+00
    120.966     7.7674   3.407153    32.8704       1191     4.9583     2.2510  0.000e+00
    121.092     7.7781   3.408851    32.8785       1192     4.9625     2.2514  0.000e+00
    121.225     7.7896   3.409503    32.8745       1193     4.9667     2.2506  0.000e+00
    121.362     7.7990   3.410154    32.8726       1194     4.9708     2.2486  0.000e+00
    121.495     7.8060   3.411052    32.8755       1195     4.9750     2.2475  0.000e+00
    121.635     7.8119   3.411380    32.8734       1196     4.9792     2.2458  0.000e+00
    121.772     7.8162   3.411626    32.8719       1197     4.9833     2.2432  0.000e+00
    121.910     7.8183   3.412044    32.8743       1198     4.9875     2.2406  0.000e+00
    122.045     7.8200   3.413265    32.8858       1199     4.9917     2.2388  0.000e+00
    122.173     7.8232   3.414563    32.8965       1200     4.9958     2.2361  0.000e+00
    122.295     7.8285   3.415024    32.8965       1201     5.0000     2.2340  0.000e+00
    122.412     7.8331   3.415575    32.8980       1202     5.0042     2.2305  0.000e+00
    122.532     7.8367   3.415784    32.8968       1203     5.0083     2.2290  0.000e+00
    122.645     7.8397   3.417699    32.9143       1204     5.0125     2.2264  0.000e+00
    122.762     7.8472   3.420848    32.9409       1205     5.0167     2.2233  0.000e+00
    122.879     7.8627   3.422723    32.9463       1206     5.0208     2.2189  0.000e+00
    123.001     7.8804   3.424478    32.9483       1207     5.0250     2.2186  0.000e+00
    123.127     7.8964   3.425915    32.9485       1208     5.0292     2.2158  0.000e+00
    123.249     7.9115   3.430488    32.9830       1209     5.0333     2.2133  0.000e+00
    123.386     7.9343   3.435273    33.0125       1210     5.0375     2.2106  0.000e+00
    123.517     7.9635   3.436856    33.0019       1211     5.0417     2.2087  0.000e+00
    123.645     7.9883   3.438092    32.9916       1212     5.0458     2.2074  0.000e+00
    123.780     8.0056   3.439124    32.9862       1213     5.0500     2.2041  0.000e+00
    123.905     8.0184   3.439610    32.9793       1214     5.0542     2.2009  0.000e+00
    124.029     8.0268   3.440384    32.9795       1215     5.0583     2.1974  0.000e+00
    124.146     8.0333   3.441038    32.9804       1216     5.0625     2.1932  0.000e+00
    124.261     8.0386   3.441542    32.9807       1217     5.0667     2.1888  0.000e+00
    124.369     8.0432   3.442083    32.9820       1218     5.0708     2.1849  0.000e+00
    124.477     8.0480   3.443361    32.9911       1219     5.0750     2.1796  0.000e+00
    124.583     8.0540   3.443938    32.9915       1220     5.0792     2.1749  0.000e+00
    124.684     8.0600   3.444340    32.9900       1221     5.0833     2.1706  0.000e+00
    124.781     8.0650   3.444664    32.9888       1222     5.0875     2.1666  0.000e+00
    124.883     8.0686   3.444922    32.9881       1223     5.0917     2.1618  0.000e+00
    124.989     8.0713   3.445078    32.9872       1224     5.0958     2.1583  0.000e+00
    125.094     8.0732   3.445186    32.9865       1225     5.1000     2.1539  0.000e+00
    125.209     8.0746   3.445697    32.9905       1226     5.1042     2.1514  0.000e+00
    125.327     8.0763   3.445835    32.9903       1227     5.1083     2.1486  0.000e+00
    125.451     8.0781   3.445985    32.9902       1228     5.1125     2.1458  0.000e+00
    125.584     8.0794   3.446297    32.9922       1229     5.1167     2.1409  0.000e+00
    125.712     8.0808   3.446448    32.9924       1230     5.1208     2.1381  0.000e+00
    125.849     8.0823   3.446628    32.9929       1231     5.1250     2.1358  0.000e+00
    125.989     8.0836   3.446856    32.9941       1232     5.1292     2.1336  0.000e+00
    126.125     8.0851   3.447685    33.0014       1233     5.1333     2.1328  0.000e+00
    126.264     8.0881   3.449319    33.0159       1234     5.1375     2.1315  0.000e+00
    126.397     8.0944   3.450418    33.0216       1235     5.1417     2.1305  0.000e+00
    126.523     8.1020   3.450833    33.0187       1236     5.1458     2.1298  0.000e+00
    126.645     8.1080   3.452191    33.0274       1237     5.1500     2.1283  0.000e+00
    126.760     8.1143   3.453700    33.0375       1238     5.1542     2.1275  0.000e+00
    126.871     8.1221   3.454108    33.0345       1239     5.1583     2.1256  0.000e+00
    126.976     8.1282   3.454673    33.0347       1240     5.1625     2.1245  0.000e+00
    127.083     8.1330   3.454914    33.0327       1241     5.1667     2.1229  0.000e+00
    127.195     8.1365   3.455401    33.0345       1242     5.1708     2.1212  0.000e+00
    127.306     8.1395   3.456146    33.0396       1243     5.1750     2.1202  0.000e+00
    127.418     8.1428   3.456573    33.0409       1244     5.1792     2.1177  0.000e+00
    127.533     8.1457   3.456790    33.0404       1245     5.1833     2.1150  0.000e+00
    127.653     8.1476   3.457313    33.0441       1246     5.1875     2.1140  0.000e+00
    127.775     8.1496   3.458263    33.0523       1247     5.1917     2.1109  0.000e+00
    127.892     8.1526   3.458846    33.0555       1248     5.1958     2.1086  0.000e+00
    128.014     8.1551   3.458949    33.0543       1249     5.2000     2.1071  0.000e+00
    128.140     8.1552   3.459159    33.0563       1250     5.2042     2.1038  0.000e+00
    128.262     8.1551   3.459189    33.0567       1251     5.2083     2.1057  0.000e+00
    128.387     8.1551   3.459099    33.0557       1252     5.2125     2.0980  0.000e+00
    128.509     8.1547   3.459243    33.0575       1253     5.2167     2.0989  0.000e+00
    128.631     8.1545   3.459340    33.0587       1254     5.2208     2.0962  0.000e+00
    128.748     8.1547   3.459412    33.0592       1255     5.2250     2.0934  0.000e+00
    128.868     8.1551   3.459448    33.0592       1256     5.2292     2.0920  0.000e+00
    128.985     8.1552   3.459641    33.0611       1257     5.2333     2.0889  0.000e+00
    129.102     8.1555   3.459496    33.0591       1258     5.2375     2.0874  0.000e+00
    129.219     8.1555   3.459743    33.0618       1259     5.2417     2.0848  0.000e+00
    129.334     8.1559   3.459947    33.0635       1260     5.2458     2.0839  0.000e+00
    129.445     8.1568   3.460170    33.0650       1261     5.2500     2.0814  0.000e+00
    129.557     8.1578   3.460447    33.0669       1262     5.2542     2.0780  0.000e+00
    129.672     8.1592   3.461000    33.0714       1263     5.2583     2.0782  0.000e+00
    129.781     8.1611   3.461842    33.0785       1264     5.2625     2.0756  0.000e+00
    129.895     8.1640   3.463112    33.0892       1265     5.2667     2.0738  0.000e+00
    130.013     8.1682   3.463840    33.0929       1266     5.2708     2.0736  0.000e+00
    130.130     8.1726   3.464821    33.0991       1267     5.2750     2.0721  0.000e+00
    130.249     8.1773   3.465242    33.0991       1268     5.2792     2.0715  0.000e+00
