HB2401/sbe015.cnv
* Sea-Bird SBE 19plus V2 Data File:
* FileName = C:\cruise\data\sbe015.hex
* Software Version Seasave V 7.26.7.121
* Temperature SN = 7142
* Conductivity SN = 7142
* System UpLoad Time = Feb 18 2024 09:13:52
* NMEA Latitude = 41 01.73 N
* NMEA Longitude = 070 48.13 W
* NMEA UTC (Time) = Feb 18 2024  09:14:08
** Cruise: HB2401
** Program: ECOMON
# nquan = 8
# nvalues = 1587                                  
# units = specified
# name 0 = depSM: Depth [salt water, m]
# name 1 = tv290C: Temperature [ITS-90, deg C]
# name 2 = c0S/m: Conductivity [S/m]
# name 3 = sal00: Salinity, Practical [PSU]
# name 4 = scan: Scan Count
# name 5 = timeM: Time, Elapsed [minutes]
# name 6 = sbeox0V: Oxygen raw, SBE 43 [V]
# name 7 = flag:  0.000e+00
# span 0 =     -0.114,     46.191                 
# span 1 =    -1.9081,     4.8909                 
# span 2 =   0.000048,   3.069358                 
# span 3 =    -0.0033,    33.3711                 
# span 4 =         11,       1597                 
# span 5 =     0.0417,     6.6500                 
# span 6 =     2.6735,     2.9892                 
# span 7 = 0.0000e+00, 0.0000e+00                 
# interval = seconds: 0.25
# start_time = Feb 18 2024 09:14:08 [NMEA time, header]
# bad_flag = -9.990e-29
*END*
[from data line 1079]
     17.197     4.2092   2.991969    31.6677       1090     4.5375     2.8467  0.000e+00
     17.185     4.2053   2.991895    31.6707       1091     4.5417     2.8469  0.000e+00
     17.163     4.2015   2.991525    31.6701       1092     4.5458     2.8462  0.000e+00
     17.147     4.1980   2.991969    31.6785       1093     4.5500     2.8466  0.000e+00
     17.127     4.1973   2.991469    31.6734       1094     4.5542     2.8462  0.000e+00
     17.095     4.1959   2.990321    31.6614       1095     4.5583     2.8460  0.000e+00
     17.059     4.1902   2.990730    31.6717       1096     4.5625     2.8435  0.000e+00
     17.014     4.1873   2.991605    31.6848       1097     4.5667     2.8430  0.000e+00
     16.964     4.1892   2.991247    31.6787       1098     4.5708     2.8431  0.000e+00
     16.895     4.1906   2.991020    31.6748       1099     4.5750     2.8423  0.000e+00
     16.820     4.1901   2.990923    31.6741       1100     4.5792     2.8434  0.000e+00
     16.732     4.1892   2.990917    31.6750       1101     4.5833     2.8440  0.000e+00
     16.642     4.1883   2.990787    31.6744       1102     4.5875     2.8431  0.000e+00
     16.545     4.1878   2.990787    31.6749       1103     4.5917     2.8440  0.000e+00
     16.449     4.1872   2.990951    31.6775       1104     4.5958     2.8456  0.000e+00
     16.356     4.1873   2.990906    31.6769       1105     4.6000     2.8451  0.000e+00
     16.279     4.1876   2.990917    31.6767       1106     4.6042     2.8466  0.000e+00
     16.223     4.1879   2.990985    31.6773       1107     4.6083     2.8470  0.000e+00
     16.182     4.1879   2.990849    31.6757       1108     4.6125     2.8453  0.000e+00
     16.164     4.1878   2.991247    31.6805       1109     4.6167     2.8457  0.000e+00
     16.155     4.1892   2.991315    31.6799       1110     4.6208     2.8468  0.000e+00
     16.140     4.1905   2.991389    31.6795       1111     4.6250     2.8466  0.000e+00
     16.120     4.1916   2.991065    31.6747       1112     4.6292     2.8473  0.000e+00
     16.106     4.1909   2.990730    31.6715       1113     4.6333     2.8473  0.000e+00
     16.076     4.1890   2.990622    31.6721       1114     4.6375     2.8469  0.000e+00
     16.047     4.1872   2.990497    31.6724       1115     4.6417     2.8466  0.000e+00
     16.009     4.1859   2.990593    31.6747       1116     4.6458     2.8466  0.000e+00
     15.960     4.1854   2.990548    31.6747       1117     4.6500     2.8461  0.000e+00
     15.908     4.1850   2.990247    31.6716       1118     4.6542     2.8450  0.000e+00
     15.833     4.1837   2.989991    31.6699       1119     4.6583     2.8445  0.000e+00
     15.756     4.1818   2.989735    31.6688       1120     4.6625     2.8437  0.000e+00
     15.669     4.1796   2.989894    31.6728       1121     4.6667     2.8448  0.000e+00
     15.583     4.1786   2.990014    31.6752       1122     4.6708     2.8431  0.000e+00
     15.500     4.1788   2.990087    31.6759       1123     4.6750     2.8431  0.000e+00
     15.420     4.1794   2.990150    31.6761       1124     4.6792     2.8445  0.000e+00
     15.353     4.1802   2.993020    31.7090       1125     4.6833     2.8454  0.000e+00
     15.297     4.1891   2.994424    31.7168       1126     4.6875     2.8453  0.000e+00
     15.251     4.2040   2.994094    31.6986       1127     4.6917     2.8474  0.000e+00
     15.197     4.2130   2.995106    31.7018       1128     4.6958     2.8473  0.000e+00
     15.154     4.2198   2.992923    31.6697       1129     4.7000     2.8470  0.000e+00
     15.112     4.2193   2.994754    31.6917       1130     4.7042     2.8467  0.000e+00
     15.069     4.2186   2.990900    31.6472       1131     4.7083     2.8463  0.000e+00
     15.022     4.2096   2.990030    31.6459       1132     4.7125     2.8463  0.000e+00
     14.983     4.1961   2.990013    31.6587       1133     4.7167     2.8454  0.000e+00
     14.936     4.1875   2.990013    31.6669       1134     4.7208     2.8459  0.000e+00
     14.891     4.1832   2.990087    31.6720       1135     4.7250     2.8457  0.000e+00
     14.848     4.1815   2.989973    31.6723       1136     4.7292     2.8466  0.000e+00
     14.798     4.1804   2.989934    31.6729       1137     4.7333     2.8464  0.000e+00
     14.740     4.1797   2.990030    31.6748       1138     4.7375     2.8463  0.000e+00
     14.690     4.1798   2.990087    31.6754       1139     4.7417     2.8440  0.000e+00
     14.634     4.1801   2.990206    31.6765       1140     4.7458     2.8450  0.000e+00
     14.593     4.1809   2.990456    31.6787       1141     4.7500     2.8458  0.000e+00
     14.548     4.1828   2.992503    31.7008       1142     4.7542     2.8450  0.000e+00
     14.514     4.1903   2.993026    31.6997       1143     4.7583     2.8446  0.000e+00
     14.479     4.1993   2.992963    31.6904       1144     4.7625     2.8450  0.000e+00
     14.436     4.2048   2.991388    31.6666       1145     4.7667     2.8443  0.000e+00
     14.397     4.2021   2.990166    31.6549       1146     4.7708     2.8458  0.000e+00
     14.350     4.1934   2.990121    31.6628       1147     4.7750     2.8450  0.000e+00
     14.309     4.1872   2.989854    31.6657       1148     4.7792     2.8450  0.000e+00
     14.266     4.1830   2.989854    31.6698       1149     4.7833     2.8458  0.000e+00
     14.226     4.1805   2.989809    31.6716       1150     4.7875     2.8456  0.000e+00
     14.177     4.1791   2.989740    31.6723       1151     4.7917     2.8458  0.000e+00
     14.125     4.1781   2.989718    31.6729       1152     4.7958     2.8457  0.000e+00
     14.061     4.1774   2.989621    31.6725       1153     4.8000     2.8450  0.000e+00
     13.998     4.1767   2.989604    31.6731       1154     4.8042     2.8472  0.000e+00
     13.929     4.1761   2.989587    31.6735       1155     4.8083     2.8467  0.000e+00
     13.872     4.1758   2.989581    31.6738       1156     4.8125     2.8464  0.000e+00
     13.813     4.1755   2.989524    31.6733       1157     4.8167     2.8471  0.000e+00
     13.760     4.1752   2.989570    31.6743       1158     4.8208     2.8472  0.000e+00
     13.710     4.1750   2.989780    31.6769       1159     4.8250     2.8475  0.000e+00
     13.669     4.1759   2.989894    31.6774       1160     4.8292     2.8486  0.000e+00
     13.631     4.1770   2.989661    31.6736       1161     4.8333     2.8476  0.000e+00
     13.597     4.1769   2.989604    31.6730       1162     4.8375     2.8485  0.000e+00
     13.568     4.1765   2.989604    31.6735       1163     4.8417     2.8473  0.000e+00
     13.546     4.1761   2.989621    31.6741       1164     4.8458     2.8471  0.000e+00
     13.528     4.1760   2.989644    31.6744       1165     4.8500     2.8485  0.000e+00
     13.516     4.1760   2.989700    31.6751       1166     4.8542     2.8481  0.000e+00
     13.500     4.1764   2.989916    31.6773       1167     4.8583     2.8478  0.000e+00
     13.493     4.1776   2.990087    31.6781       1168     4.8625     2.8482  0.000e+00
     13.494     4.1792   2.990990    31.6871       1169     4.8667     2.8478  0.000e+00
     13.493     4.1827   2.990223    31.6748       1170     4.8708     2.8480  0.000e+00
     13.494     4.1837   2.990416    31.6760       1171     4.8750     2.8472  0.000e+00
     13.484     4.1844   2.990746    31.6793       1172     4.8792     2.8473  0.000e+00
     13.484     4.1853   2.989837    31.6678       1173     4.8833     2.8482  0.000e+00
     13.478     4.1832   2.989996    31.6716       1174     4.8875     2.8460  0.000e+00
     13.466     4.1813   2.990127    31.6750       1175     4.8917     2.8453  0.000e+00
     13.458     4.1811   2.990149    31.6755       1176     4.8958     2.8444  0.000e+00
     13.428     4.1813   2.990382    31.6780       1177     4.9000     2.8459  0.000e+00
     13.399     4.1825   2.990826    31.6820       1178     4.9042     2.8462  0.000e+00
     13.367     4.1847   2.990280    31.6736       1179     4.9083     2.8466  0.000e+00
     13.316     4.1846   2.989865    31.6689       1180     4.9125     2.8462  0.000e+00
     13.268     4.1824   2.989837    31.6706       1181     4.9167     2.8459  0.000e+00
     13.219     4.1807   2.989808    31.6720       1182     4.9208     2.8483  0.000e+00
     13.155     4.1796   2.989740    31.6723       1183     4.9250     2.8475  0.000e+00
     13.092     4.1786   2.989604    31.6717       1184     4.9292     2.8482  0.000e+00
     13.032     4.1777   2.989570    31.6721       1185     4.9333     2.8466  0.000e+00
     12.980     4.1766   2.989467    31.6720       1186     4.9375     2.8476  0.000e+00
     12.930     4.1757   2.989388    31.6721       1187     4.9417     2.8479  0.000e+00
     12.892     4.1747   2.989382    31.6729       1188     4.9458     2.8473  0.000e+00
     12.862     4.1741   2.989348    31.6731       1189     4.9500     2.8483  0.000e+00
     12.840     4.1737   2.989439    31.6746       1190     4.9542     2.8472  0.000e+00
     12.829     4.1739   2.989547    31.6757       1191     4.9583     2.8479  0.000e+00
     12.820     4.1748   2.989524    31.6746       1192     4.9625     2.8463  0.000e+00
     12.831     4.1754   2.989496    31.6737       1193     4.9667     2.8466  0.000e+00
     12.842     4.1754   2.989484    31.6735       1194     4.9708     2.8466  0.000e+00
     12.849     4.1753   2.989444    31.6731       1195     4.9750     2.8469  0.000e+00
     12.849     4.1751   2.989552    31.6746       1196     4.9792     2.8471  0.000e+00
     12.851     4.1753   2.990672    31.6875       1197     4.9833     2.8460  0.000e+00
     12.838     4.1787   2.990808    31.6858       1198     4.9875     2.8450  0.000e+00
     12.813     4.1844   2.991877    31.6928       1199     4.9917     2.8469  0.000e+00
     12.784     4.1895   2.990729    31.6745       1200     4.9958     2.8482  0.000e+00
     12.745     4.1913   2.991394    31.6806       1201     5.0000     2.8472  0.000e+00
     12.700     4.1924   2.990945    31.6743       1202     5.0042     2.8470  0.000e+00
     12.648     4.1923   2.991621    31.6823       1203     5.0083     2.8457  0.000e+00
     12.592     4.1933   2.991934    31.6851       1204     5.0125     2.8467  0.000e+00
     12.545     4.1962   2.991547    31.6777       1205     5.0167     2.8464  0.000e+00
     12.502     4.1965   2.991547    31.6775       1206     5.0208     2.8463  0.000e+00
     12.464     4.1963   2.992542    31.6893       1207     5.0250     2.8479  0.000e+00
     12.441     4.2004   2.992866    31.6892       1208     5.0292     2.8476  0.000e+00
     12.432     4.2047   2.992780    31.6841       1209     5.0333     2.8478  0.000e+00
     12.432     4.2067   2.992809    31.6824       1210     5.0375     2.8496  0.000e+00
     12.428     4.2080   2.992320    31.6754       1211     5.0417     2.8476  0.000e+00
     12.444     4.2073   2.992024    31.6727       1212     5.0458     2.8460  0.000e+00
     12.464     4.2053   2.991894    31.6730       1213     5.0500     2.8459  0.000e+00
     12.480     4.2034   2.991916    31.6751       1214     5.0542     2.8457  0.000e+00
     12.509     4.2020   2.991689    31.6738       1215     5.0583     2.8457  0.000e+00
     12.532     4.2010   2.992127    31.6799       1216     5.0625     2.8446  0.000e+00
     12.536     4.2014   2.991950    31.6774       1217     5.0667     2.8444  0.000e+00
     12.539     4.2020   2.991371    31.6701       1218     5.0708     2.8449  0.000e+00
     12.532     4.2000   2.991564    31.6742       1219     5.0750     2.8432  0.000e+00
     12.511     4.1987   2.991729    31.6775       1220     5.0792     2.8431  0.000e+00
     12.484     4.1990   2.991740    31.6773       1221     5.0833     2.8444  0.000e+00
     12.453     4.1994   2.991581    31.6751       1222     5.0875     2.8433  0.000e+00
     12.410     4.1993   2.993207    31.6943       1223     5.0917     2.8446  0.000e+00
     12.363     4.2043   2.994133    31.7002       1224     5.0958     2.8457  0.000e+00
     12.306     4.2137   2.994389    31.6942       1225     5.1000     2.8447  0.000e+00
     12.243     4.2181   2.993974    31.6851       1226     5.1042     2.8454  0.000e+00
     12.183     4.2207   2.993684    31.6793       1227     5.1083     2.8457  0.000e+00
     12.135     4.2202   2.993906    31.6823       1228     5.1125     2.8467  0.000e+00
     12.106     4.2200   2.994503    31.6896       1229     5.1167     2.8469  0.000e+00
     12.090     4.2227   2.994150    31.6829       1230     5.1208     2.8478  0.000e+00
     12.083     4.2237   2.993354    31.6726       1231     5.1250     2.8476  0.000e+00
     12.092     4.2208   2.992592    31.6664       1232     5.1292     2.8492  0.000e+00
     12.108     4.2156   2.992575    31.6713       1233     5.1333     2.8490  0.000e+00
     12.122     4.2117   2.992905    31.6789       1234     5.1375     2.8463  0.000e+00
     12.151     4.2108   2.995009    31.7043       1235     5.1417     2.8460  0.000e+00
     12.187     4.2179   2.995253    31.7003       1236     5.1458     2.8449  0.000e+00
     12.217     4.2257   2.994793    31.6874       1237     5.1500     2.8446  0.000e+00
     12.235     4.2281   2.993820    31.6738       1238     5.1542     2.8434  0.000e+00
     12.257     4.2254   2.994292    31.6818       1239     5.1583     2.8449  0.000e+00
     12.275     4.2250   2.994969    31.6901       1240     5.1625     2.8450  0.000e+00
     12.275     4.2275   2.994810    31.6858       1241     5.1667     2.8460  0.000e+00
     12.271     4.2289   2.994577    31.6818       1242     5.1708     2.8451  0.000e+00
     12.246     4.2289   2.994110    31.6763       1243     5.1750     2.8458  0.000e+00
     12.219     4.2264   2.992723    31.6625       1244     5.1792     2.8459  0.000e+00
     12.181     4.2192   2.992303    31.6645       1245     5.1833     2.8452  0.000e+00
     12.140     4.2127   2.992615    31.6745       1246     5.1875     2.8446  0.000e+00
     12.097     4.2101   2.993002    31.6816       1247     5.1917     2.8437  0.000e+00
     12.032     4.2103   2.993258    31.6844       1248     5.1958     2.8429  0.000e+00
     11.975     4.2120   2.993741    31.6885       1249     5.2000     2.8443  0.000e+00
     11.924     4.2150   2.994463    31.6940       1250     5.2042     2.8456  0.000e+00
     11.879     4.2196   2.994616    31.6914       1251     5.2083     2.8447  0.000e+00
     11.842     4.2237   2.994736    31.6889       1252     5.2125     2.8466  0.000e+00
     11.806     4.2261   2.994247    31.6808       1253     5.2167     2.8450  0.000e+00
     11.781     4.2264   2.992649    31.6619       1254     5.2208     2.8472  0.000e+00
     11.766     4.2199   2.992553    31.6670       1255     5.2250     2.8479  0.000e+00
     11.761     4.2139   2.993275    31.6813       1256     5.2292     2.8470  0.000e+00
     11.766     4.2132   2.994867    31.7005       1257     5.2333     2.8467  0.000e+00
     11.770     4.2195   2.994872    31.6945       1258     5.2375     2.8468  0.000e+00
     11.780     4.2253   2.994832    31.6885       1259     5.2417     2.8470  0.000e+00
     11.800     4.2277   2.994849    31.6863       1260     5.2458     2.8456  0.000e+00
     11.813     4.2286   2.993820    31.6734       1261     5.2500     2.8477  0.000e+00
     11.822     4.2261   2.993667    31.6741       1262     5.2542     2.8479  0.000e+00
     11.831     4.2225   2.993957    31.6809       1263     5.2583     2.8480  0.000e+00
     11.836     4.2215   2.993974    31.6821       1264     5.2625     2.8463  0.000e+00
     11.836     4.2218   2.993798    31.6797       1265     5.2667     2.8465  0.000e+00
     11.829     4.2212   2.994014    31.6829       1266     5.2708     2.8464  0.000e+00
     11.820     4.2213   2.994031    31.6829       1267     5.2750     2.8466  0.000e+00
     11.802     4.2217   2.994292    31.6856       1268     5.2792     2.8466  0.000e+00
