HB2401/sbe030.cnv
* Sea-Bird SBE 19plus V2 Data File:
* FileName = C:\cruise\data\sbe030.hex
* Software Version Seasave V 7.26.7.121
* Temperature SN = 7142
* Conductivity SN = 7142
* System UpLoad Time = Feb 21 2024 03:02:30
* NMEA Latitude = 40 01.08 N
* NMEA Longitude = 071 10.75 W
* NMEA UTC (Time) = Feb 21 2024  03:02:48
** Cruise: HB2401
** Program: ECOMON
# nquan = 8
# nvalues = 3532                                  
# units = specified
# name 0 = depSM: Depth [salt water, m]
# name 1 = tv290C: Temperature [ITS-90, deg C]
# name 2 = c0S/m: Conductivity [S/m]
# name 3 = sal00: Salinity, Practical [PSU]
# name 4 = scan: Scan Count
# name 5 = timeM: Time, Elapsed [minutes]
# name 6 = sbeox0V: Oxygen raw, SBE 43 [V]
# name 7 = flag:  0.000e+00
# span 0 =      0.111,    248.070                 
# span 1 =     2.8535,    13.8414                 
# span 2 =  -0.000008,   4.218512                 
# span 3 =     0.0000,    35.4585                 
# span 4 =         11,       3542                 
# span 5 =     0.0417,    14.7542                 
# span 6 =     1.8583,     2.8438                 
# span 7 = 0.0000e+00, 0.0000e+00                 
# interval = seconds: 0.25
# start_time = Feb 21 2024 03:02:48 [NMEA time, header]
# bad_flag = -9.990e-29
*END*
[from data line 1798]
    245.798    10.6407   3.904425    35.2364       1809     7.5333     1.8683  0.000e+00
    245.818    10.6408   3.904443    35.2364       1810     7.5375     1.8673  0.000e+00
    245.838    10.6410   3.904450    35.2363       1811     7.5417     1.8685  0.000e+00
    245.861    10.6411   3.904443    35.2361       1812     7.5458     1.8666  0.000e+00
    245.878    10.6411   3.904425    35.2359       1813     7.5500     1.8675  0.000e+00
    245.897    10.6411   3.904399    35.2357       1814     7.5542     1.8681  0.000e+00
    245.908    10.6410   3.904374    35.2356       1815     7.5583     1.8682  0.000e+00
    245.910    10.6407   3.904374    35.2358       1816     7.5625     1.8668  0.000e+00
    245.906    10.6406   3.904374    35.2359       1817     7.5667     1.8672  0.000e+00
    245.899    10.6404   3.904355    35.2359       1818     7.5708     1.8672  0.000e+00
    245.879    10.6405   3.904311    35.2354       1819     7.5750     1.8684  0.000e+00
    245.858    10.6402   3.904311    35.2357       1820     7.5792     1.8685  0.000e+00
    245.827    10.6399   3.904374    35.2366       1821     7.5833     1.8673  0.000e+00
    245.788    10.6400   3.904374    35.2365       1822     7.5875     1.8675  0.000e+00
    245.737    10.6401   3.904355    35.2363       1823     7.5917     1.8679  0.000e+00
    245.687    10.6403   3.904374    35.2363       1824     7.5958     1.8680  0.000e+00
    245.631    10.6404   3.904443    35.2370       1825     7.6000     1.8688  0.000e+00
    245.584    10.6406   3.904443    35.2367       1826     7.6042     1.8686  0.000e+00
    245.530    10.6409   3.904450    35.2365       1827     7.6083     1.8689  0.000e+00
    245.491    10.6411   3.904469    35.2366       1828     7.6125     1.8691  0.000e+00
    245.464    10.6414   3.904469    35.2363       1829     7.6167     1.8694  0.000e+00
    245.455    10.6416   3.904475    35.2362       1830     7.6208     1.8691  0.000e+00
    245.453    10.6416   3.904494    35.2363       1831     7.6250     1.8691  0.000e+00
    245.464    10.6418   3.904538    35.2366       1832     7.6292     1.8685  0.000e+00
    245.480    10.6418   3.904538    35.2366       1833     7.6333     1.8683  0.000e+00
    245.505    10.6421   3.904519    35.2361       1834     7.6375     1.8669  0.000e+00
    245.525    10.6422   3.904494    35.2358       1835     7.6417     1.8679  0.000e+00
    245.541    10.6419   3.904443    35.2356       1836     7.6458     1.8671  0.000e+00
    245.548    10.6416   3.904424    35.2356       1837     7.6500     1.8667  0.000e+00
    245.552    10.6414   3.904374    35.2353       1838     7.6542     1.8679  0.000e+00
    245.532    10.6411   3.904374    35.2356       1839     7.6583     1.8673  0.000e+00
    245.516    10.6410   3.904330    35.2353       1840     7.6625     1.8665  0.000e+00
    245.413    10.6407   3.904513    35.2374       1841     7.6667     1.8666  0.000e+00
    245.282    10.6410   3.904513    35.2372       1842     7.6708     1.8674  0.000e+00
    245.107    10.6416   3.904784    35.2394       1843     7.6750     1.8681  0.000e+00
    244.902    10.6428   3.905296    35.2436       1844     7.6792     1.8678  0.000e+00
    244.636    10.6457   3.906830    35.2563       1845     7.6833     1.8676  0.000e+00
    244.343    10.6531   3.909534    35.2766       1846     7.6875     1.8681  0.000e+00
    244.062    10.6681   3.910721    35.2742       1847     7.6917     1.8678  0.000e+00
    243.810    10.6838   3.911372    35.2657       1848     7.6958     1.8674  0.000e+00
    243.585    10.6961   3.912243    35.2627       1849     7.7000     1.8687  0.000e+00
    243.348    10.7060   3.913223    35.2631       1850     7.7042     1.8693  0.000e+00
    243.108    10.7156   3.914544    35.2673       1851     7.7083     1.8695  0.000e+00
    242.869    10.7267   3.917439    35.2858       1852     7.7125     1.8693  0.000e+00
    242.655    10.7432   3.918223    35.2779       1853     7.7167     1.8706  0.000e+00
    242.430    10.7584   3.918741    35.2685       1854     7.7208     1.8709  0.000e+00
    242.202    10.7690   3.920062    35.2717       1855     7.7250     1.8721  0.000e+00
    241.948    10.7794   3.921954    35.2808       1856     7.7292     1.8726  0.000e+00
    241.709    10.7927   3.923453    35.2831       1857     7.7333     1.8733  0.000e+00
    241.464    10.8072   3.926730    35.3022       1858     7.7375     1.8731  0.000e+00
    241.219    10.8271   3.930579    35.3218       1859     7.7417     1.8738  0.000e+00
    240.953    10.8552   3.935803    35.3472       1860     7.7458     1.8751  0.000e+00
    240.696    10.8918   3.936962    35.3236       1861     7.7500     1.8739  0.000e+00
    240.465    10.9220   3.937722    35.3023       1862     7.7542     1.8751  0.000e+00
    240.224    10.9419   3.939185    35.2979       1863     7.7583     1.8760  0.000e+00
    239.987    10.9576   3.940757    35.2986       1864     7.7625     1.8760  0.000e+00
    239.767    10.9725   3.942100    35.2979       1865     7.7667     1.8770  0.000e+00
    239.564    10.9874   3.944129    35.3039       1866     7.7708     1.8776  0.000e+00
    239.384    11.0034   3.944674    35.2941       1867     7.7750     1.8782  0.000e+00
    239.201    11.0165   3.945213    35.2870       1868     7.7792     1.8777  0.000e+00
    239.024    11.0253   3.945466    35.2811       1869     7.7833     1.8793  0.000e+00
    238.859    11.0311   3.945720    35.2782       1870     7.7875     1.8803  0.000e+00
    238.690    11.0354   3.945903    35.2760       1871     7.7917     1.8807  0.000e+00
    238.511    11.0383   3.946652    35.2807       1872     7.7958     1.8821  0.000e+00
    238.321    11.0427   3.947622    35.2863       1873     7.8000     1.8824  0.000e+00
    238.114    11.0489   3.948110    35.2853       1874     7.8042     1.8817  0.000e+00
    237.909    11.0551   3.948319    35.2815       1875     7.8083     1.8839  0.000e+00
    237.678    11.0599   3.949797    35.2918       1876     7.8125     1.8830  0.000e+00
    237.443    11.0672   3.951948    35.3064       1877     7.8167     1.8832  0.000e+00
    237.178    11.0808   3.955623    35.3301       1878     7.8208     1.8839  0.000e+00
    236.916    11.1022   3.957533    35.3287       1879     7.8250     1.8847  0.000e+00
    236.648    11.1261   3.957882    35.3094       1880     7.8292     1.8860  0.000e+00
    236.374    11.1421   3.958040    35.2957       1881     7.8333     1.8868  0.000e+00
    236.092    11.1511   3.958669    35.2935       1882     7.8375     1.8878  0.000e+00
    235.822    11.1576   3.959577    35.2964       1883     7.8417     1.8882  0.000e+00
    235.559    11.1647   3.960790    35.3018       1884     7.8458     1.8900  0.000e+00
    235.295    11.1737   3.961774    35.3031       1885     7.8500     1.8894  0.000e+00
    235.037    11.1834   3.962473    35.3009       1886     7.8542     1.8908  0.000e+00
    234.780    11.1920   3.963616    35.3042       1887     7.8583     1.8900  0.000e+00
    234.534    11.2008   3.964111    35.3007       1888     7.8625     1.8913  0.000e+00
    234.298    11.2090   3.964175    35.2936       1889     7.8667     1.8919  0.000e+00
    234.060    11.2138   3.964289    35.2902       1890     7.8708     1.8922  0.000e+00
    233.830    11.2169   3.964899    35.2935       1891     7.8750     1.8930  0.000e+00
    233.600    11.2207   3.966576    35.3066       1892     7.8792     1.8936  0.000e+00
    233.373    11.2292   3.967300    35.3058       1893     7.8833     1.8938  0.000e+00
    233.150    11.2382   3.967929    35.3035       1894     7.8875     1.8947  0.000e+00
    232.929    11.2464   3.969804    35.3144       1895     7.8917     1.8943  0.000e+00
    232.702    11.2570   3.970033    35.3066       1896     7.8958     1.8965  0.000e+00
    232.483    11.2664   3.972068    35.3180       1897     7.9000     1.8955  0.000e+00
    232.263    11.2785   3.973148    35.3172       1898     7.9042     1.8965  0.000e+00
    232.044    11.2911   3.973593    35.3097       1899     7.9083     1.8969  0.000e+00
    231.824    11.3005   3.973898    35.3038       1900     7.9125     1.8976  0.000e+00
    231.601    11.3070   3.973809    35.2968       1901     7.9167     1.8983  0.000e+00
    231.378    11.3104   3.973917    35.2947       1902     7.9208     1.8988  0.000e+00
    231.148    11.3125   3.975673    35.3103       1903     7.9250     1.8986  0.000e+00
    230.921    11.3190   3.977314    35.3204       1904     7.9292     1.9008  0.000e+00
    230.693    11.3310   3.977619    35.3120       1905     7.9333     1.9013  0.000e+00
    230.462    11.3403   3.977313    35.3002       1906     7.9375     1.8970  0.000e+00
    230.228    11.3443   3.977358    35.2969       1907     7.9417     1.9014  0.000e+00
    229.996    11.3462   3.979209    35.3136       1908     7.9458     1.9015  0.000e+00
    229.766    11.3530   3.980456    35.3195       1909     7.9500     1.9013  0.000e+00
    229.539    11.3634   3.980711    35.3122       1910     7.9542     1.9010  0.000e+00
    229.309    11.3714   3.980691    35.3045       1911     7.9583     1.9040  0.000e+00
    229.077    11.3757   3.980666    35.3003       1912     7.9625     1.9016  0.000e+00
    228.847    11.3776   3.980386    35.2957       1913     7.9667     1.9013  0.000e+00
    228.618    11.3774   3.979889    35.2911       1914     7.9708     1.9051  0.000e+00
    228.393    11.3752   3.979584    35.2903       1915     7.9750     1.9052  0.000e+00
    228.163    11.3725   3.979405    35.2913       1916     7.9792     1.9056  0.000e+00
    227.931    11.3699   3.979443    35.2942       1917     7.9833     1.9047  0.000e+00
    227.708    11.3686   3.979940    35.3005       1918     7.9875     1.9057  0.000e+00
    227.485    11.3698   3.980971    35.3096       1919     7.9917     1.9038  0.000e+00
    227.265    11.3746   3.981601    35.3114       1920     7.9958     1.9044  0.000e+00
    227.059    11.3806   3.982002    35.3097       1921     8.0000     1.9053  0.000e+00
    226.855    11.3860   3.982498    35.3095       1922     8.0042     1.9053  0.000e+00
    226.656    11.3913   3.982752    35.3071       1923     8.0083     1.9044  0.000e+00
    226.461    11.3952   3.982822    35.3042       1924     8.0125     1.9053  0.000e+00
    226.274    11.3980   3.982962    35.3030       1925     8.0167     1.9053  0.000e+00
    226.082    11.3999   3.982962    35.3012       1926     8.0208     1.9050  0.000e+00
    225.896    11.4011   3.983268    35.3032       1927     8.0250     1.9050  0.000e+00
    225.693    11.4026   3.983478    35.3040       1928     8.0292     1.9050  0.000e+00
    225.479    11.4045   3.983879    35.3061       1929     8.0333     1.9063  0.000e+00
    225.258    11.4071   3.984299    35.3079       1930     8.0375     1.9055  0.000e+00
    225.024    11.4106   3.984254    35.3042       1931     8.0417     1.9060  0.000e+00
    224.781    11.4126   3.984795    35.3078       1932     8.0458     1.9060  0.000e+00
    224.525    11.4154   3.985795    35.3151       1933     8.0500     1.9063  0.000e+00
    224.252    11.4209   3.986979    35.3217       1934     8.0542     1.9067  0.000e+00
    223.973    11.4301   3.991145    35.3543       1935     8.0583     1.9076  0.000e+00
    223.698    11.4502   3.996179    35.3851       1936     8.0625     1.9073  0.000e+00
    223.408    11.4846   4.000992    35.3999       1937     8.0667     1.9095  0.000e+00
    223.126    11.5260   4.006165    35.4115       1938     8.0708     1.9099  0.000e+00
    222.849    11.5707   4.007939    35.3864       1939     8.0750     1.9109  0.000e+00
    222.570    11.6077   4.008359    35.3554       1940     8.0792     1.9140  0.000e+00
    222.309    11.6299   4.009878    35.3493       1941     8.0833     1.9137  0.000e+00
    222.046    11.6464   4.013096    35.3654       1942     8.0875     1.9153  0.000e+00
    221.789    11.6672   4.015893    35.3732       1943     8.0917     1.9157  0.000e+00
    221.548    11.6921   4.017668    35.3671       1944     8.0958     1.9165  0.000e+00
    221.316    11.7152   4.018997    35.3583       1945     8.1000     1.9180  0.000e+00
    221.093    11.7337   4.019712    35.3478       1946     8.1042     1.9180  0.000e+00
    220.882    11.7472   4.020089    35.3387       1947     8.1083     1.9200  0.000e+00
    220.672    11.7563   4.020753    35.3367       1948     8.1125     1.9213  0.000e+00
    220.469    11.7637   4.022344    35.3454       1949     8.1167     1.9232  0.000e+00
    220.262    11.7735   4.024102    35.3535       1950     8.1208     1.9230  0.000e+00
    220.068    11.7866   4.025789    35.3576       1951     8.1250     1.9233  0.000e+00
    219.870    11.8017   4.027292    35.3581       1952     8.1292     1.9253  0.000e+00
    219.677    11.8167   4.027599    35.3470       1953     8.1333     1.9271  0.000e+00
    219.481    11.8280   4.029120    35.3513       1954     8.1375     1.9283  0.000e+00
    219.278    11.8388   4.032408    35.3733       1955     8.1417     1.9300  0.000e+00
    219.085    11.8578   4.034001    35.3709       1956     8.1458     1.9312  0.000e+00
    218.878    11.8773   4.033860    35.3512       1957     8.1500     1.9316  0.000e+00
    218.668    11.8895   4.035031    35.3511       1958     8.1542     1.9335  0.000e+00
    218.459    11.8992   4.035172    35.3434       1959     8.1583     1.9349  0.000e+00
    218.256    11.9063   4.034935    35.3345       1960     8.1625     1.9365  0.000e+00
    218.049    11.9088   4.034935    35.3321       1961     8.1667     1.9368  0.000e+00
    217.837    11.9100   4.034909    35.3308       1962     8.1708     1.9374  0.000e+00
    217.623    11.9103   4.034122    35.3230       1963     8.1750     1.9388  0.000e+00
    217.403    11.9077   4.033763    35.3221       1964     8.1792     1.9378  0.000e+00
    217.171    11.9040   4.033789    35.3259       1965     8.1833     1.9365  0.000e+00
    216.941    11.9015   4.033648    35.3270       1966     8.1875     1.9376  0.000e+00
    216.709    11.8998   4.033430    35.3266       1967     8.1917     1.9381  0.000e+00
    216.470    11.8982   4.033981    35.3335       1968     8.1958     1.9393  0.000e+00
    216.236    11.8991   4.035145    35.3442       1969     8.2000     1.9397  0.000e+00
    215.991    11.9045   4.035791    35.3455       1970     8.2042     1.9400  0.000e+00
    215.752    11.9111   4.035862    35.3401       1971     8.2083     1.9411  0.000e+00
    215.514    11.9162   4.035958    35.3363       1972     8.2125     1.9414  0.000e+00
    215.279    11.9188   4.036386    35.3381       1973     8.2167     1.9424  0.000e+00
    215.045    11.9218   4.037052    35.3419       1974     8.2208     1.9415  0.000e+00
    214.806    11.9262   4.037935    35.3464       1975     8.2250     1.9433  0.000e+00
    214.574    11.9325   4.038460    35.3457       1976     8.2292     1.9432  0.000e+00
    214.331    11.9387   4.038818    35.3434       1977     8.2333     1.9434  0.000e+00
    214.091    11.9442   4.039247    35.3425       1978     8.2375     1.9451  0.000e+00
    213.852    11.9489   4.039701    35.3426       1979     8.2417     1.9459  0.000e+00
    213.609    11.9534   4.040278    35.3441       1980     8.2458     1.9460  0.000e+00
    213.379    11.9585   4.040751    35.3440       1981     8.2500     1.9466  0.000e+00
    213.134    11.9633   4.041372    35.3456       1982     8.2542     1.9473  0.000e+00
    212.899    11.9690   4.043313    35.3592       1983     8.2583     1.9489  0.000e+00
    212.665    11.9790   4.044408    35.3606       1984     8.2625     1.9506  0.000e+00
    212.422    11.9914   4.045413    35.3588       1985     8.2667     1.9498  0.000e+00
    212.195    12.0028   4.047066    35.3642       1986     8.2708     1.9515  0.000e+00
    211.962    12.0158   4.048623    35.3672       1987     8.2750     1.9513  0.000e+00
