HB2401/sbe035.cnv
* Sea-Bird SBE 19plus V2 Data File:
* FileName = C:\cruise\data\sbe035.hex
* Software Version Seasave V 7.26.7.121
* Temperature SN = 7142
* Conductivity SN = 7142
* System UpLoad Time = Feb 21 2024 16:31:25
* NMEA Latitude = 40 30.84 N
* NMEA Longitude = 070 47.89 W
* NMEA UTC (Time) = Feb 21 2024  16:31:42
** Cruise: HB2401
** Program: ECOMON
# nquan = 8
# nvalues = 1694                                  
# units = specified
# name 0 = depSM: Depth [salt water, m]
# name 1 = tv290C: Temperature [ITS-90, deg C]
# name 2 = c0S/m: Conductivity [S/m]
# name 3 = sal00: Salinity, Practical [PSU]
# name 4 = scan: Scan Count
# name 5 = timeM: Time, Elapsed [minutes]
# name 6 = sbeox0V: Oxygen raw, SBE 43 [V]
# name 7 = flag:  0.000e+00
# span 0 =      0.101,     71.539                 
# span 1 =     3.3856,     5.9723                 
# span 2 =   0.000020,   3.193426                 
# span 3 =     0.0008,    32.5912                 
# span 4 =         11,       1704                 
# span 5 =     0.0417,     7.0958                 
# span 6 =     1.8150,     3.0242                 
# span 7 = 0.0000e+00, 0.0000e+00                 
# interval = seconds: 0.25
# start_time = Feb 21 2024 16:31:42 [NMEA time, header]
# bad_flag = -9.990e-29
*END*
[from data line 1259]
     25.676     5.9435   3.191367    32.2822       1270     5.2875     2.8345  0.000e+00
     25.604     5.9432   3.191407    32.2830       1271     5.2917     2.8337  0.000e+00
     25.514     5.9432   3.191407    32.2830       1272     5.2958     2.8345  0.000e+00
     25.417     5.9431   3.191320    32.2822       1273     5.3000     2.8353  0.000e+00
     25.315     5.9428   3.191168    32.2808       1274     5.3042     2.8350  0.000e+00
     25.203     5.9420   3.191349    32.2837       1275     5.3083     2.8341  0.000e+00
     25.096     5.9418   3.191448    32.2850       1276     5.3125     2.8344  0.000e+00
     24.982     5.9427   3.191465    32.2845       1277     5.3167     2.8349  0.000e+00
     24.880     5.9434   3.191489    32.2841       1278     5.3208     2.8354  0.000e+00
     24.785     5.9439   3.191687    32.2859       1279     5.3250     2.8357  0.000e+00
     24.697     5.9449   3.191646    32.2845       1280     5.3292     2.8350  0.000e+00
     24.621     5.9457   3.191704    32.2844       1281     5.3333     2.8344  0.000e+00
     24.556     5.9462   3.191745    32.2844       1282     5.3375     2.8351  0.000e+00
     24.508     5.9471   3.191757    32.2837       1283     5.3417     2.8344  0.000e+00
     24.474     5.9474   3.191902    32.2851       1284     5.3458     2.8335  0.000e+00
     24.427     5.9482   3.191786    32.2831       1285     5.3500     2.8324  0.000e+00
     24.395     5.9484   3.191803    32.2831       1286     5.3542     2.8316  0.000e+00
     24.355     5.9485   3.191622    32.2810       1287     5.3583     2.8312  0.000e+00
     24.316     5.9478   3.191605    32.2815       1288     5.3625     2.8316  0.000e+00
     24.271     5.9468   3.191547    32.2818       1289     5.3667     2.8325  0.000e+00
     24.215     5.9463   3.191547    32.2823       1290     5.3708     2.8323  0.000e+00
     24.141     5.9460   3.191564    32.2828       1291     5.3750     2.8337  0.000e+00
     24.060     5.9458   3.191587    32.2833       1292     5.3792     2.8341  0.000e+00
     23.960     5.9459   3.191587    32.2832       1293     5.3833     2.8332  0.000e+00
     23.845     5.9461   3.191570    32.2829       1294     5.3875     2.8336  0.000e+00
     23.726     5.9461   3.191506    32.2823       1295     5.3917     2.8334  0.000e+00
     23.600     5.9457   3.191407    32.2816       1296     5.3958     2.8341  0.000e+00
     23.465     5.9451   3.191308    32.2811       1297     5.4000     2.8344  0.000e+00
     23.325     5.9443   3.191185    32.2806       1298     5.4042     2.8338  0.000e+00
     23.191     5.9432   3.191249    32.2824       1299     5.4083     2.8339  0.000e+00
     23.049     5.9427   3.191284    32.2833       1300     5.4125     2.8348  0.000e+00
     22.921     5.9428   3.191127    32.2816       1301     5.4167     2.8357  0.000e+00
     22.792     5.9423   3.191150    32.2824       1302     5.4208     2.8360  0.000e+00
     22.684     5.9419   3.191185    32.2832       1303     5.4250     2.8359  0.000e+00
     22.579     5.9418   3.191068    32.2820       1304     5.4292     2.8354  0.000e+00
     22.486     5.9415   3.190946    32.2810       1305     5.4333     2.8363  0.000e+00
     22.412     5.9406   3.190969    32.2821       1306     5.4375     2.8362  0.000e+00
     22.349     5.9402   3.190911    32.2819       1307     5.4417     2.8354  0.000e+00
     22.297     5.9395   3.191010    32.2837       1308     5.4458     2.8364  0.000e+00
     22.254     5.9395   3.190911    32.2826       1309     5.4500     2.8367  0.000e+00
     22.220     5.9395   3.190870    32.2821       1310     5.4542     2.8371  0.000e+00
     22.188     5.9392   3.190888    32.2826       1311     5.4583     2.8367  0.000e+00
     22.155     5.9390   3.190946    32.2836       1312     5.4625     2.8376  0.000e+00
     22.127     5.9390   3.190987    32.2840       1313     5.4667     2.8369  0.000e+00
     22.089     5.9395   3.191045    32.2842       1314     5.4708     2.8367  0.000e+00
     22.046     5.9401   3.191045    32.2836       1315     5.4750     2.8352  0.000e+00
     21.994     5.9405   3.190987    32.2827       1316     5.4792     2.8351  0.000e+00
     21.929     5.9403   3.191068    32.2837       1317     5.4833     2.8349  0.000e+00
     21.855     5.9405   3.191086    32.2838       1318     5.4875     2.8345  0.000e+00
     21.760     5.9409   3.191027    32.2828       1319     5.4917     2.8341  0.000e+00
     21.659     5.9409   3.191185    32.2846       1320     5.4958     2.8347  0.000e+00
     21.533     5.9416   3.191225    32.2845       1321     5.5000     2.8338  0.000e+00
     21.397     5.9424   3.191249    32.2841       1322     5.5042     2.8349  0.000e+00
     21.253     5.9429   3.191249    32.2836       1323     5.5083     2.8349  0.000e+00
     21.100     5.9432   3.191231    32.2833       1324     5.5125     2.8358  0.000e+00
     20.949     5.9434   3.191225    32.2831       1325     5.5167     2.8358  0.000e+00
     20.798     5.9435   3.191208    32.2828       1326     5.5208     2.8370  0.000e+00
     20.653     5.9434   3.191167    32.2825       1327     5.5250     2.8367  0.000e+00
     20.518     5.9434   3.191167    32.2827       1328     5.5292     2.8367  0.000e+00
     20.389     5.9431   3.191184    32.2831       1329     5.5333     2.8371  0.000e+00
     20.284     5.9432   3.191167    32.2829       1330     5.5375     2.8367  0.000e+00
     20.200     5.9433   3.191208    32.2833       1331     5.5417     2.8380  0.000e+00
     20.132     5.9435   3.191208    32.2832       1332     5.5458     2.8367  0.000e+00
     20.074     5.9434   3.191184    32.2830       1333     5.5500     2.8367  0.000e+00
     20.029     5.9436   3.191190    32.2829       1334     5.5542     2.8377  0.000e+00
     19.993     5.9438   3.191184    32.2827       1335     5.5583     2.8372  0.000e+00
     19.966     5.9436   3.191248    32.2836       1336     5.5625     2.8375  0.000e+00
     19.943     5.9438   3.191266    32.2836       1337     5.5667     2.8369  0.000e+00
     19.920     5.9442   3.191324    32.2839       1338     5.5708     2.8373  0.000e+00
     19.907     5.9445   3.191347    32.2839       1339     5.5750     2.8379  0.000e+00
     19.886     5.9449   3.191365    32.2837       1340     5.5792     2.8389  0.000e+00
     19.862     5.9454   3.191382    32.2835       1341     5.5833     2.8377  0.000e+00
     19.830     5.9456   3.191365    32.2831       1342     5.5875     2.8373  0.000e+00
     19.785     5.9457   3.191365    32.2830       1343     5.5917     2.8369  0.000e+00
     19.727     5.9457   3.191359    32.2829       1344     5.5958     2.8373  0.000e+00
     19.648     5.9457   3.191324    32.2826       1345     5.6000     2.8367  0.000e+00
     19.557     5.9455   3.191324    32.2828       1346     5.6042     2.8366  0.000e+00
     19.440     5.9454   3.191347    32.2832       1347     5.6083     2.8373  0.000e+00
     19.321     5.9455   3.191347    32.2832       1348     5.6125     2.8372  0.000e+00
     19.186     5.9455   3.191306    32.2828       1349     5.6167     2.8377  0.000e+00
     19.046     5.9455   3.191265    32.2824       1350     5.6208     2.8375  0.000e+00
     18.904     5.9453   3.191265    32.2827       1351     5.6250     2.8387  0.000e+00
     18.771     5.9451   3.191265    32.2830       1352     5.6292     2.8392  0.000e+00
     18.638     5.9451   3.191283    32.2832       1353     5.6333     2.8402  0.000e+00
     18.512     5.9452   3.191271    32.2830       1354     5.6375     2.8399  0.000e+00
     18.405     5.9451   3.191306    32.2835       1355     5.6417     2.8409  0.000e+00
     18.297     5.9455   3.191306    32.2833       1356     5.6458     2.8393  0.000e+00
     18.210     5.9456   3.191347    32.2837       1357     5.6500     2.8394  0.000e+00
     18.137     5.9457   3.191522    32.2855       1358     5.6542     2.8399  0.000e+00
     18.065     5.9467   3.191603    32.2856       1359     5.6583     2.8385  0.000e+00
     18.007     5.9479   3.191661    32.2851       1360     5.6625     2.8382  0.000e+00
     17.961     5.9489   3.191702    32.2846       1361     5.6667     2.8364  0.000e+00
     17.916     5.9498   3.191720    32.2840       1362     5.6708     2.8370  0.000e+00
     17.865     5.9502   3.191720    32.2836       1363     5.6750     2.8367  0.000e+00
     17.826     5.9505   3.191720    32.2833       1364     5.6792     2.8368  0.000e+00
     17.774     5.9509   3.191690    32.2827       1365     5.6833     2.8368  0.000e+00
     17.714     5.9506   3.191585    32.2818       1366     5.6875     2.8364  0.000e+00
     17.657     5.9502   3.191585    32.2822       1367     5.6917     2.8370  0.000e+00
     17.592     5.9500   3.191562    32.2822       1368     5.6958     2.8370  0.000e+00
     17.504     5.9494   3.191545    32.2826       1369     5.7000     2.8370  0.000e+00
     17.416     5.9492   3.191562    32.2830       1370     5.7042     2.8375  0.000e+00
     17.321     5.9491   3.191545    32.2830       1371     5.7083     2.8376  0.000e+00
     17.226     5.9492   3.191306    32.2802       1372     5.7125     2.8374  0.000e+00
     17.136     5.9482   3.191084    32.2787       1373     5.7167     2.8380  0.000e+00
     17.057     5.9464   3.191067    32.2804       1374     5.7208     2.8381  0.000e+00
     16.979     5.9450   3.191212    32.2834       1375     5.7250     2.8390  0.000e+00
     16.913     5.9447   3.191084    32.2822       1376     5.7292     2.8393  0.000e+00
     16.861     5.9445   3.191067    32.2822       1377     5.7333     2.8406  0.000e+00
     16.812     5.9441   3.191166    32.2837       1378     5.7375     2.8407  0.000e+00
     16.773     5.9443   3.191084    32.2827       1379     5.7417     2.8407  0.000e+00
     16.731     5.9443   3.190985    32.2816       1380     5.7458     2.8402  0.000e+00
     16.683     5.9436   3.190944    32.2818       1381     5.7500     2.8406  0.000e+00
     16.636     5.9431   3.190944    32.2823       1382     5.7542     2.8403  0.000e+00
     16.584     5.9427   3.191043    32.2839       1383     5.7583     2.8409  0.000e+00
     16.521     5.9430   3.191166    32.2849       1384     5.7625     2.8413  0.000e+00
     16.446     5.9439   3.191125    32.2836       1385     5.7667     2.8416  0.000e+00
     16.354     5.9445   3.191166    32.2836       1386     5.7708     2.8418  0.000e+00
     16.259     5.9448   3.191166    32.2833       1387     5.7750     2.8412  0.000e+00
     16.158     5.9450   3.191165    32.2832       1388     5.7792     2.8413  0.000e+00
     16.047     5.9455   3.191463    32.2861       1389     5.7833     2.8412  0.000e+00
     15.939     5.9468   3.191323    32.2834       1390     5.7875     2.8406  0.000e+00
     15.833     5.9476   3.191463    32.2842       1391     5.7917     2.8407  0.000e+00
     15.723     5.9481   3.191486    32.2840       1392     5.7958     2.8406  0.000e+00
     15.619     5.9486   3.191445    32.2832       1393     5.8000     2.8404  0.000e+00
     15.527     5.9487   3.191445    32.2831       1394     5.8042     2.8383  0.000e+00
     15.437     5.9489   3.191439    32.2829       1395     5.8083     2.8388  0.000e+00
     15.357     5.9490   3.191422    32.2827       1396     5.8125     2.8393  0.000e+00
     15.286     5.9490   3.191363    32.2821       1397     5.8167     2.8386  0.000e+00
     15.220     5.9487   3.191206    32.2806       1398     5.8208     2.8385  0.000e+00
     15.155     5.9478   3.191124    32.2806       1399     5.8250     2.8390  0.000e+00
     15.100     5.9468   3.191084    32.2811       1400     5.8292     2.8390  0.000e+00
     15.035     5.9461   3.191084    32.2818       1401     5.8333     2.8395  0.000e+00
     14.977     5.9456   3.191066    32.2821       1402     5.8375     2.8388  0.000e+00
     14.922     5.9452   3.191107    32.2830       1403     5.8417     2.8385  0.000e+00
     14.866     5.9451   3.191066    32.2826       1404     5.8458     2.8376  0.000e+00
     14.812     5.9450   3.191148    32.2836       1405     5.8500     2.8372  0.000e+00
     14.767     5.9453   3.191148    32.2834       1406     5.8542     2.8367  0.000e+00
     14.717     5.9457   3.191183    32.2834       1407     5.8583     2.8362  0.000e+00
     14.666     5.9458   3.191043    32.2818       1408     5.8625     2.8367  0.000e+00
     14.616     5.9456   3.191083    32.2825       1409     5.8667     2.8361  0.000e+00
     14.560     5.9452   3.191206    32.2842       1410     5.8708     2.8373  0.000e+00
     14.503     5.9456   3.191182    32.2837       1411     5.8750     2.8377  0.000e+00
     14.444     5.9460   3.190967    32.2809       1412     5.8792     2.8380  0.000e+00
     14.379     5.9455   3.191107    32.2829       1413     5.8833     2.8385  0.000e+00
     14.311     5.9450   3.190984    32.2821       1414     5.8875     2.8389  0.000e+00
     14.241     5.9449   3.190897    32.2812       1415     5.8917     2.8383  0.000e+00
     14.170     5.9443   3.190967    32.2826       1416     5.8958     2.8394  0.000e+00
     14.106     5.9440   3.190868    32.2818       1417     5.9000     2.8396  0.000e+00
     14.032     5.9438   3.190908    32.2826       1418     5.9042     2.8393  0.000e+00
     13.967     5.9434   3.190908    32.2829       1419     5.9083     2.8412  0.000e+00
     13.901     5.9434   3.190908    32.2830       1420     5.9125     2.8398  0.000e+00
     13.843     5.9435   3.191107    32.2851       1421     5.9167     2.8406  0.000e+00
     13.777     5.9442   3.191124    32.2847       1422     5.9208     2.8398  0.000e+00
     13.712     5.9453   3.191246    32.2851       1423     5.9250     2.8395  0.000e+00
     13.651     5.9463   3.191322    32.2849       1424     5.9292     2.8398  0.000e+00
     13.595     5.9473   3.191334    32.2842       1425     5.9333     2.8390  0.000e+00
     13.529     5.9480   3.191304    32.2831       1426     5.9375     2.8391  0.000e+00
     13.471     5.9484   3.191322    32.2830       1427     5.9417     2.8394  0.000e+00
     13.412     5.9484   3.191304    32.2828       1428     5.9458     2.8400  0.000e+00
     13.354     5.9484   3.191281    32.2826       1429     5.9500     2.8398  0.000e+00
     13.288     5.9484   3.191246    32.2823       1430     5.9542     2.8401  0.000e+00
     13.225     5.9481   3.191165    32.2817       1431     5.9583     2.8403  0.000e+00
     13.153     5.9478   3.191147    32.2818       1432     5.9625     2.8409  0.000e+00
     13.085     5.9472   3.191106    32.2820       1433     5.9667     2.8398  0.000e+00
     13.013     5.9467   3.191065    32.2820       1434     5.9708     2.8412  0.000e+00
     12.943     5.9464   3.191025    32.2819       1435     5.9750     2.8404  0.000e+00
     12.875     5.9461   3.190961    32.2815       1436     5.9792     2.8409  0.000e+00
     12.808     5.9453   3.190908    32.2817       1437     5.9833     2.8403  0.000e+00
     12.740     5.9448   3.190966    32.2828       1438     5.9875     2.8414  0.000e+00
     12.672     5.9447   3.190984    32.2831       1439     5.9917     2.8411  0.000e+00
     12.610     5.9449   3.190984    32.2830       1440     5.9958     2.8421  0.000e+00
     12.551     5.9450   3.190885    32.2818       1441     6.0000     2.8422  0.000e+00
     12.503     5.9447   3.190908    32.2824       1442     6.0042     2.8412  0.000e+00
     12.458     5.9446   3.190943    32.2829       1443     6.0083     2.8415  0.000e+00
     12.424     5.9447   3.190943    32.2828       1444     6.0125     2.8422  0.000e+00
     12.397     5.9448   3.190908    32.2824       1445     6.0167     2.8426  0.000e+00
     12.364     5.9446   3.190855    32.2820       1446     6.0208     2.8425  0.000e+00
     12.337     5.9443   3.190925    32.2830       1447     6.0250     2.8426  0.000e+00
     12.301     5.9442   3.191024    32.2843       1448     6.0292     2.8431  0.000e+00
