HB2401/sbe017.cnv
* Sea-Bird SBE 19plus V2 Data File:
* FileName = C:\cruise\data\sbe017.hex
* Software Version Seasave V 7.26.7.121
* Temperature SN = 7142
* Conductivity SN = 7142
* System UpLoad Time = Feb 18 2024 11:45:29
* NMEA Latitude = 41 01.00 N
* NMEA Longitude = 071 08.35 W
* NMEA UTC (Time) = Feb 18 2024  11:45:45
** Cruise: HB2401
** Program: ECOMON
# nquan = 8
# nvalues = 1658                                  
# units = specified
# name 0 = depSM: Depth [salt water, m]
# name 1 = tv290C: Temperature [ITS-90, deg C]
# name 2 = c0S/m: Conductivity [S/m]
# name 3 = sal00: Salinity, Practical [PSU]
# name 4 = scan: Scan Count
# name 5 = timeM: Time, Elapsed [minutes]
# name 6 = sbeox0V: Oxygen raw, SBE 43 [V]
# name 7 = flag:  0.000e+00
# span 0 =     -0.073,     40.134                 
# span 1 =    -1.0056,     5.3014                 
# span 2 =   0.000051,   3.107553                 
# span 3 =    -0.0025,    31.9502                 
# span 4 =         11,       1668                 
# span 5 =     0.0417,     6.9458                 
# span 6 =     2.5651,     3.0920                 
# span 7 = 0.0000e+00, 0.0000e+00                 
# interval = seconds: 0.25
# start_time = Feb 18 2024 11:45:45 [NMEA time, header]
# bad_flag = -9.990e-29
*END*
[from data line 180]
     -0.054    -0.9908   0.000065    -0.0024        191     0.7917     2.9140  0.000e+00
     -0.057    -0.9909   0.000059    -0.0025        192     0.7958     2.9125  0.000e+00
     -0.052    -0.9911   0.000059    -0.0025        193     0.8000     2.9139  0.000e+00
     -0.056    -0.9912   0.000059    -0.0025        194     0.8042     2.9141  0.000e+00
     -0.056    -0.9913   0.000065    -0.0024        195     0.8083     2.9131  0.000e+00
     -0.056    -0.9917   0.000059    -0.0025        196     0.8125     2.9136  0.000e+00
     -0.056    -0.9917   0.000057    -0.0025        197     0.8167     2.9141  0.000e+00
     -0.056    -0.9918   0.000059    -0.0025        198     0.8208     2.9129  0.000e+00
     -0.054    -0.9919   0.000057    -0.0025        199     0.8250     2.9138  0.000e+00
     -0.054    -0.9920   0.000059    -0.0025        200     0.8292     2.9131  0.000e+00
     -0.054    -0.9920   0.000059    -0.0025        201     0.8333     2.9133  0.000e+00
     -0.052    -0.9922   0.000059    -0.0025        202     0.8375     2.9135  0.000e+00
     -0.056    -0.9923   0.000059    -0.0025        203     0.8417     2.9129  0.000e+00
     -0.056    -0.9924   0.000059    -0.0025        204     0.8458     2.9135  0.000e+00
     -0.052    -0.9926   0.000059    -0.0025        205     0.8500     2.9144  0.000e+00
     -0.056    -0.9930   0.000059    -0.0025        206     0.8542     2.9142  0.000e+00
     -0.054    -0.9933   0.000057    -0.0025        207     0.8583     2.9136  0.000e+00
     -0.058    -0.9934   0.000059    -0.0025        208     0.8625     2.9129  0.000e+00
     -0.058    -0.9935   0.000059    -0.0025        209     0.8667     2.9139  0.000e+00
     -0.056    -0.9934   0.000057    -0.0025        210     0.8708     2.9125  0.000e+00
     -0.054    -0.9933   0.000059    -0.0025        211     0.8750     2.9136  0.000e+00
     -0.054    -0.9935   0.000059    -0.0025        212     0.8792     2.9141  0.000e+00
     -0.050    -0.9935   0.000059    -0.0025        213     0.8833     2.9132  0.000e+00
     -0.054    -0.9936   0.000057    -0.0025        214     0.8875     2.9133  0.000e+00
     -0.052    -0.9935   0.000059    -0.0025        215     0.8917     2.9133  0.000e+00
     -0.056    -0.9933   0.000054    -0.0025        216     0.8958     2.9135  0.000e+00
     -0.061    -0.9933   0.000059    -0.0025        217     0.9000     2.9136  0.000e+00
     -0.054    -0.9932   0.000059    -0.0025        218     0.9042     2.9143  0.000e+00
     -0.058    -0.9933   0.000059    -0.0025        219     0.9083     2.9136  0.000e+00
     -0.057    -0.9935   0.000059    -0.0025        220     0.9125     2.9135  0.000e+00
     -0.056    -0.9937   0.000065    -0.0024        221     0.9167     2.9132  0.000e+00
     -0.056    -0.9938   0.000059    -0.0025        222     0.9208     2.9130  0.000e+00
     -0.056    -0.9938   0.000059    -0.0025        223     0.9250     2.9131  0.000e+00
     -0.058    -0.9937   0.000059    -0.0025        224     0.9292     2.9134  0.000e+00
     -0.052    -0.9938   0.000059    -0.0025        225     0.9333     2.9133  0.000e+00
     -0.056    -0.9940   0.000059    -0.0025        226     0.9375     2.9129  0.000e+00
     -0.056    -0.9941   0.000059    -0.0025        227     0.9417     2.9133  0.000e+00
     -0.050    -0.9944   0.000057    -0.0025        228     0.9458     2.9136  0.000e+00
     -0.050    -0.9943   0.000059    -0.0025        229     0.9500     2.9139  0.000e+00
     -0.052    -0.9945   0.000059    -0.0025        230     0.9542     2.9133  0.000e+00
     -0.052    -0.9946   0.000059    -0.0025        231     0.9583     2.9139  0.000e+00
     -0.049    -0.9945   0.000059    -0.0025        232     0.9625     2.9135  0.000e+00
     -0.050    -0.9948   0.000059    -0.0025        233     0.9667     2.9129  0.000e+00
     -0.052    -0.9949   0.000054    -0.0025        234     0.9708     2.9139  0.000e+00
     -0.052    -0.9949   0.000057    -0.0025        235     0.9750     2.9130  0.000e+00
     -0.054    -0.9949   0.000065    -0.0024        236     0.9792     2.9135  0.000e+00
     -0.050    -0.9952   0.000059    -0.0025        237     0.9833     2.9136  0.000e+00
     -0.054    -0.9954   0.000065    -0.0024        238     0.9875     2.9139  0.000e+00
     -0.048    -0.9956   0.000059    -0.0025        239     0.9917     2.9129  0.000e+00
     -0.054    -0.9959   0.000059    -0.0025        240     0.9958     2.9134  0.000e+00
     -0.054    -0.9959   0.000065    -0.0024        241     1.0000     2.9136  0.000e+00
     -0.054    -0.9961   0.000059    -0.0025        242     1.0042     2.9133  0.000e+00
     -0.057    -0.9962   0.000059    -0.0025        243     1.0083     2.9126  0.000e+00
     -0.054    -0.9964   0.000059    -0.0025        244     1.0125     2.9131  0.000e+00
     -0.049    -0.9964   0.000059    -0.0025        245     1.0167     2.9137  0.000e+00
     -0.052    -0.9966   0.000059    -0.0025        246     1.0208     2.9131  0.000e+00
     -0.056    -0.9966   0.000059    -0.0025        247     1.0250     2.9137  0.000e+00
     -0.049    -0.9968   0.000059    -0.0025        248     1.0292     2.9135  0.000e+00
     -0.056    -0.9969   0.000065    -0.0024        249     1.0333     2.9140  0.000e+00
     -0.049    -0.9970   0.000059    -0.0025        250     1.0375     2.9136  0.000e+00
     -0.054    -0.9973   0.000057    -0.0025        251     1.0417     2.9136  0.000e+00
     -0.050    -0.9975   0.000065    -0.0024        252     1.0458     2.9132  0.000e+00
     -0.054    -0.9978   0.000065    -0.0024        253     1.0500     2.9136  0.000e+00
     -0.050    -0.9978   0.000065    -0.0024        254     1.0542     2.9133  0.000e+00
     -0.052    -0.9979   0.000059    -0.0025        255     1.0583     2.9139  0.000e+00
     -0.054    -0.9979   0.000059    -0.0025        256     1.0625     2.9144  0.000e+00
     -0.054    -0.9981   0.000054    -0.0025        257     1.0667     2.9140  0.000e+00
     -0.049    -0.9982   0.000057    -0.0025        258     1.0708     2.9140  0.000e+00
     -0.052    -0.9984   0.000059    -0.0025        259     1.0750     2.9134  0.000e+00
     -0.052    -0.9989   0.000059    -0.0025        260     1.0792     2.9131  0.000e+00
     -0.052    -0.9995   0.000059    -0.0025        261     1.0833     2.9131  0.000e+00
     -0.049    -0.9996   0.000059    -0.0025        262     1.0875     2.9146  0.000e+00
     -0.049    -0.9998   0.000059    -0.0025        263     1.0917     2.9142  0.000e+00
     -0.049    -1.0000   0.000059    -0.0025        264     1.0958     2.9142  0.000e+00
     -0.050    -1.0001   0.000059    -0.0025        265     1.1000     2.9139  0.000e+00
     -0.050    -1.0003   0.000059    -0.0025        266     1.1042     2.9128  0.000e+00
     -0.049    -1.0004   0.000065    -0.0024        267     1.1083     2.9138  0.000e+00
     -0.054    -1.0006   0.000059    -0.0025        268     1.1125     2.9135  0.000e+00
     -0.059    -1.0006   0.000065    -0.0024        269     1.1167     2.9135  0.000e+00
     -0.061    -1.0014   0.000057    -0.0025        270     1.1208     2.9125  0.000e+00
     -0.059    -1.0019   0.000059    -0.0025        271     1.1250     2.9132  0.000e+00
     -0.052    -1.0022   0.000059    -0.0025        272     1.1292     2.9136  0.000e+00
     -0.052    -1.0023   0.000059    -0.0025        273     1.1333     2.9136  0.000e+00
     -0.049    -1.0024   0.000059    -0.0025        274     1.1375     2.9182  0.000e+00
     -0.056    -1.0026   0.000057    -0.0025        275     1.1417     2.9145  0.000e+00
     -0.049    -1.0027   0.000059    -0.0025        276     1.1458     2.9131  0.000e+00
     -0.052    -1.0036   0.000059    -0.0025        277     1.1500     2.9131  0.000e+00
     -0.045    -1.0049   0.000065    -0.0024        278     1.1542     2.9491  0.000e+00
     -0.047    -1.0055   0.000065    -0.0024        279     1.1583     3.0920  0.000e+00
     -0.058    -1.0055   0.000065    -0.0024        280     1.1625     2.9664  0.000e+00
     -0.052    -1.0055   0.000059    -0.0025        281     1.1667     2.8939  0.000e+00
     -0.049    -1.0056   0.000059    -0.0025        282     1.1708     2.8812  0.000e+00
     -0.050    -1.0056   0.000059    -0.0025        283     1.1750     2.8838  0.000e+00
     -0.045    -1.0055   0.000057    -0.0025        284     1.1792     2.8888  0.000e+00
     -0.014    -1.0056   0.000054    -0.0025        285     1.1833     2.8946  0.000e+00
      0.260    -1.0039   0.000065    -0.0024        286     1.1875     2.9410  0.000e+00
      0.568    -0.9964   0.085651     0.8363        287     1.1917     2.9852  0.000e+00
      0.839    -0.9779   1.427378    16.6497        288     1.1958     2.9992  0.000e+00
      1.051    -0.6896   1.175976    13.3740        289     1.2000     2.9963  0.000e+00
      1.245     0.2747   1.408621    15.7473        290     1.2042     2.9907  0.000e+00
      1.405     1.1815   0.893393     9.3544        291     1.2083     2.9809  0.000e+00
      1.515     1.7791   0.702308     7.0865        292     1.2125     2.9688  0.000e+00
      1.556     2.1575   2.609623    29.0323        293     1.2167     2.9566  0.000e+00
      1.538     2.4851   2.632845    29.0163        294     1.2208     2.9458  0.000e+00
      1.491     2.8951   1.508906    15.6050        295     1.2250     2.9303  0.000e+00
      1.500     3.2285   2.566580    27.5690        296     1.2292     2.9143  0.000e+00
      1.543     3.2076   2.884815    31.3755        297     1.2333     2.8959  0.000e+00
      1.639     3.0556   2.892118    31.6117        298     1.2375     2.8771  0.000e+00
      1.771     3.0333   1.800955    18.8310        299     1.2417     2.8573  0.000e+00
      1.955     3.0916   1.979012    20.8303        300     1.2458     2.8389  0.000e+00
      2.152     3.2021   1.745567    18.1067        301     1.2500     2.8226  0.000e+00
      2.370     3.2694   2.164113    22.8401        302     1.2542     2.8052  0.000e+00
      2.580     3.2560   1.922899    20.0845        303     1.2583     2.7872  0.000e+00
      2.779     3.2462   2.356078    25.0842        304     1.2625     2.7712  0.000e+00
      2.968     3.2759   2.190289    23.1374        305     1.2667     2.7556  0.000e+00
      3.101     3.4447   2.753966    29.5920        306     1.2708     2.7443  0.000e+00
      3.243     3.6526   2.913848    31.2909        307     1.2750     2.7575  0.000e+00
      3.295     3.8678   2.964346    31.6804        308     1.2792     2.7450  0.000e+00
      3.241     4.1417   2.986766    31.6791        309     1.2833     2.7089  0.000e+00
      3.119     4.4252   2.988666    31.4293        310     1.2875     2.6909  0.000e+00
      3.015     4.6195   2.974745    31.0844        311     1.2917     2.6792  0.000e+00
      2.934     4.7284   2.966802    30.8910        312     1.2958     2.6747  0.000e+00
      2.882     4.7944   2.969765    30.8637        313     1.3000     2.6629  0.000e+00
      2.832     4.8397   2.965951    30.7779        314     1.3042     2.6638  0.000e+00
      2.806     4.8666   2.403401    24.4010        315     1.3083     2.6574  0.000e+00
      2.808     4.8760   2.031790    20.3000        316     1.3125     2.6599  0.000e+00
      2.846     4.8061   2.130764    21.4273        317     1.3167     2.6570  0.000e+00
      2.882     4.5319   2.725289    28.2978        318     1.3208     2.6556  0.000e+00
      2.927     4.3399   2.861967    30.0397        319     1.3250     2.6523  0.000e+00
      2.957     4.2457   2.908887    30.6711        320     1.3292     2.6483  0.000e+00
      2.954     4.2445   2.694447    28.1901        321     1.3333     2.6427  0.000e+00
      2.932     4.3816   2.964432    31.1893        322     1.3375     2.6380  0.000e+00
      2.891     4.5258   2.973606    31.1595        323     1.3417     2.6333  0.000e+00
      2.830     4.6278   2.981974    31.1601        324     1.3458     2.6272  0.000e+00
      2.780     4.7279   2.984630    31.0966        325     1.3500     2.6225  0.000e+00
      2.756     4.8342   2.983516    30.9844        326     1.3542     2.6172  0.000e+00
      2.747     4.9080   2.944447    30.4689        327     1.3583     2.6115  0.000e+00
      2.745     4.9477   2.909729    30.0368        328     1.3625     2.6055  0.000e+00
      2.745     4.9678   2.897776    29.8827        329     1.3667     2.6020  0.000e+00
      2.753     4.9726   2.874597    29.6148        330     1.3708     2.5983  0.000e+00
      2.776     4.9736   2.889094    29.7786        331     1.3750     2.5957  0.000e+00
      2.826     4.9754   2.872129    29.5842        332     1.3792     2.5947  0.000e+00
      2.903     4.9753   2.824796    29.0472        333     1.3833     2.5946  0.000e+00
      3.020     4.9720   2.831161    29.1222        334     1.3875     2.5941  0.000e+00
      3.175     4.9657   2.897439    29.8804        335     1.3917     2.5946  0.000e+00
      3.347     4.9616   2.956229    30.5540        336     1.3958     2.5949  0.000e+00
      3.532     4.9629   2.990446    30.9435        337     1.4000     2.5936  0.000e+00
      3.707     4.9633   2.998639    31.0367        338     1.4042     2.5923  0.000e+00
      3.856     4.9564   3.003283    31.0962        339     1.4083     2.5917  0.000e+00
      3.991     4.9592   3.006227    31.1272        340     1.4125     2.5903  0.000e+00
      4.111     4.9680   3.006523    31.1223        341     1.4167     2.5917  0.000e+00
      4.226     4.9761   3.005970    31.1083        342     1.4208     2.5906  0.000e+00
      4.327     4.9834   3.004917    31.0895        343     1.4250     2.5898  0.000e+00
      4.406     4.9895   3.003192    31.0639        344     1.4292     2.5883  0.000e+00
      4.490     4.9961   3.002088    31.0451        345     1.4333     2.5901  0.000e+00
      4.560     5.0011   3.000272    31.0197        346     1.4375     2.5936  0.000e+00
      4.625     5.0035   2.977431    30.7567        347     1.4417     2.6089  0.000e+00
      4.697     5.0039   2.939736    30.3267        348     1.4458     2.6118  0.000e+00
      4.779     5.0036   2.947786    30.4186        349     1.4500     2.6095  0.000e+00
      4.875     5.0045   2.946724    30.4056        350     1.4542     2.6133  0.000e+00
      4.984     5.0064   2.945531    30.3902        351     1.4583     2.6192  0.000e+00
      5.117     5.0084   2.948148    30.4182        352     1.4625     2.6741  0.000e+00
      5.273     5.0093   2.958244    30.5323        353     1.4667     2.6811  0.000e+00
      5.453     5.0099   2.978662    30.7644        354     1.4708     2.6665  0.000e+00
      5.622     5.0103   3.003277    31.0449        355     1.4750     2.6482  0.000e+00
      5.796     5.0092   3.005526    31.0716        356     1.4792     2.6362  0.000e+00
      5.956     5.0045   3.007343    31.0966        357     1.4833     2.6315  0.000e+00
      6.095     5.0002   3.008516    31.1140        358     1.4875     2.6284  0.000e+00
      6.217     4.9985   3.009411    31.1257        359     1.4917     2.6278  0.000e+00
      6.324     4.9992   3.009827    31.1298        360     1.4958     2.6261  0.000e+00
      6.418     5.0016   3.008294    31.1100        361     1.5000     2.6254  0.000e+00
      6.504     5.0057   3.005760    31.0772        362     1.5042     2.6243  0.000e+00
      6.589     5.0095   2.977755    30.7539        363     1.5083     2.6225  0.000e+00
      6.666     5.0123   2.955341    30.4958        364     1.5125     2.6222  0.000e+00
      6.758     5.0143   2.949872    30.4316        365     1.5167     2.6212  0.000e+00
      6.846     5.0160   2.939562    30.3127        366     1.5208     2.6191  0.000e+00
      6.953     5.0175   2.953814    30.4735        367     1.5250     2.6184  0.000e+00
      7.076     5.0197   2.958912    30.5295        368     1.5292     2.6175  0.000e+00
      7.216     5.0222   2.964756    30.5937        369     1.5333     2.6178  0.000e+00
