HB2401/sbe028.cnv
* Sea-Bird SBE 19plus V2 Data File:
* FileName = C:\cruise\data\sbe028.hex
* Software Version Seasave V 7.26.7.121
* Temperature SN = 7142
* Conductivity SN = 7142
* System UpLoad Time = Feb 21 2024 00:29:30
* NMEA Latitude = 40 15.98 N
* NMEA Longitude = 071 27.82 W
* NMEA UTC (Time) = Feb 21 2024  00:29:46
** Cruise: HB2401
** Program: ECOMON
# nquan = 8
# nvalues = 2118                                  
# units = specified
# name 0 = depSM: Depth [salt water, m]
# name 1 = tv290C: Temperature [ITS-90, deg C]
# name 2 = c0S/m: Conductivity [S/m]
# name 3 = sal00: Salinity, Practical [PSU]
# name 4 = scan: Scan Count
# name 5 = timeM: Time, Elapsed [minutes]
# name 6 = sbeox0V: Oxygen raw, SBE 43 [V]
# name 7 = flag:  0.000e+00
# span 0 =      0.121,     81.730                 
# span 1 =     1.3229,     7.0137                 
# span 2 = 4.3210e-07,   3.308297                 
# span 3 =    -0.0008,    32.6464                 
# span 4 =         11,       2128                 
# span 5 =     0.0417,     8.8625                 
# span 6 =     2.5649,     2.8340                 
# span 7 = 0.0000e+00, 0.0000e+00                 
# interval = seconds: 0.25
# start_time = Feb 21 2024 00:29:46 [NMEA time, header]
# bad_flag = -9.990e-29
*END*
[from data line 180]
      0.134     1.3238   0.000037    -0.0007        191     0.7917     2.5654  0.000e+00
      0.134     1.3239   0.000031    -0.0007        192     0.7958     2.5649  0.000e+00
      0.127     1.3241   0.000031    -0.0007        193     0.8000     2.5668  0.000e+00
      0.127     1.3243   0.000031    -0.0007        194     0.8042     2.5660  0.000e+00
      0.131     1.3244   0.000026    -0.0008        195     0.8083     2.5657  0.000e+00
      0.131     1.3244   0.000031    -0.0007        196     0.8125     2.5666  0.000e+00
      0.133     1.3245   0.000014    -0.0008        197     0.8167     2.5660  0.000e+00
      0.134     1.3240 4.3210e-07    -0.0008        198     0.8208     2.5688  0.000e+00
      0.305     1.3229   0.000003    -0.0008        199     0.8250     2.6096  0.000e+00
      0.557     1.3266   1.314535    14.1231        200     0.8292     2.6257  0.000e+00
      0.833     1.5034   1.695558    18.5062        201     0.8333     2.6270  0.000e+00
      1.116     2.4053   2.282515    24.8714        202     0.8375     2.6259  0.000e+00
      1.353     3.3021   1.416384    14.3875        203     0.8417     2.6257  0.000e+00
      1.556     3.8982   0.585142     5.4545        204     0.8458     2.6267  0.000e+00
      1.726     4.2283   0.949683     9.0807        205     0.8500     2.6297  0.000e+00
      1.931     4.4250   1.652939    16.4371        206     0.8542     2.6362  0.000e+00
      2.147     4.5620   1.651669    16.3553        207     0.8583     2.6408  0.000e+00
      2.337     4.6475   2.241482    22.7563        208     0.8625     2.6431  0.000e+00
      2.499     4.6932   2.006277    20.1326        209     0.8667     2.6454  0.000e+00
      2.609     4.7415   2.099401    21.1241        210     0.8708     2.6445  0.000e+00
      2.661     4.7930   2.256615    22.8241        211     0.8750     2.6410  0.000e+00
      2.675     4.8296   2.415003    24.5575        212     0.8792     2.6370  0.000e+00
      2.718     4.8536   2.993715    31.0833        213     0.8833     2.6321  0.000e+00
      2.799     4.8509   3.127243    32.6224        214     0.8875     2.6299  0.000e+00
      2.893     4.8844   3.132176    32.6464        215     0.8917     2.6248  0.000e+00
      3.000     5.0187   3.105134    32.2043        216     0.8958     2.6217  0.000e+00
      3.121     5.1514   3.138372    32.4564        217     0.9000     2.6165  0.000e+00
      3.247     5.2077   3.140027    32.4206        218     0.9042     2.6096  0.000e+00
      3.387     5.2332   3.140125    32.3969        219     0.9083     2.6035  0.000e+00
      3.532     5.3011   3.143131    32.3654        220     0.9125     2.5982  0.000e+00
      3.692     5.3597   3.146218    32.3439        221     0.9167     2.5946  0.000e+00
      3.877     5.4081   3.146763    32.3033        222     0.9208     2.5924  0.000e+00
      4.079     5.4551   3.146704    32.2572        223     0.9250     2.5934  0.000e+00
      4.278     5.4824   3.144983    32.2113        224     0.9292     2.5920  0.000e+00
      4.479     5.5051   3.143558    32.1734        225     0.9333     2.5928  0.000e+00
      4.668     5.5177   3.142289    32.1468        226     0.9375     2.5937  0.000e+00
      4.839     5.5266   3.141524    32.1295        227     0.9417     2.5940  0.000e+00
      4.975     5.5341   3.141762    32.1250        228     0.9458     2.5955  0.000e+00
      5.081     5.5385   3.142017    32.1237        229     0.9500     2.5949  0.000e+00
      5.164     5.5450   3.143505    32.1342        230     0.9542     2.5940  0.000e+00
      5.241     5.5463   3.144809    32.1477        231     0.9583     2.5933  0.000e+00
      5.304     5.5361   3.146194    32.1731        232     0.9625     2.5911  0.000e+00
      5.365     5.5293   3.147255    32.1916        233     0.9667     2.5900  0.000e+00
      5.441     5.5304   3.148640    32.2062        234     0.9708     2.5866  0.000e+00
      5.532     5.5337   3.150831    32.2278        235     0.9750     2.5849  0.000e+00
      5.633     5.5397   3.151579    32.2305        236     0.9792     2.5848  0.000e+00
      5.764     5.5526   3.151440    32.2164        237     0.9833     2.5863  0.000e+00
      5.915     5.5573   3.151776    32.2157        238     0.9875     2.5883  0.000e+00
      6.080     5.5630   3.151110    32.2025        239     0.9917     2.5914  0.000e+00
      6.253     5.5731   3.151081    32.1925        240     0.9958     2.5952  0.000e+00
      6.440     5.5715   3.151405    32.1976        241     1.0000     2.5991  0.000e+00
      6.623     5.5668   3.151719    32.2056        242     1.0042     2.6027  0.000e+00
      6.812     5.5672   3.152090    32.2093        243     1.0083     2.6054  0.000e+00
      7.009     5.5687   3.151481    32.2009        244     1.0125     2.6098  0.000e+00
      7.196     5.5716   3.150089    32.1822        245     1.0167     2.6125  0.000e+00
      7.369     5.5727   3.150130    32.1816        246     1.0208     2.6142  0.000e+00
      7.522     5.5684   3.151249    32.1983        247     1.0250     2.6161  0.000e+00
      7.656     5.5706   3.152914    32.2149        248     1.0292     2.6170  0.000e+00
      7.775     5.5749   3.152914    32.2107        249     1.0333     2.6179  0.000e+00
      7.872     5.5690   3.154033    32.2290        250     1.0375     2.6172  0.000e+00
      7.973     5.5577   3.155698    32.2586        251     1.0417     2.6166  0.000e+00
      8.068     5.5587   3.157445    32.2773        252     1.0458     2.6156  0.000e+00
      8.163     5.5767   3.158367    32.2705        253     1.0500     2.6142  0.000e+00
      8.251     5.6040   3.159981    32.2625        254     1.0542     2.6137  0.000e+00
      8.346     5.6313   3.161699    32.2557        255     1.0583     2.6142  0.000e+00
      8.447     5.6620   3.162198    32.2319        256     1.0625     2.6143  0.000e+00
      8.560     5.6823   3.163597    32.2281        257     1.0667     2.6151  0.000e+00
      8.675     5.6952   3.165961    32.2424        258     1.0708     2.6169  0.000e+00
      8.810     5.7120   3.167948    32.2487        259     1.0750     2.6190  0.000e+00
      8.943     5.7302   3.168738    32.2401        260     1.0792     2.6194  0.000e+00
      9.085     5.7475   3.169470    32.2317        261     1.0833     2.6210  0.000e+00
      9.227     5.7583   3.170238    32.2299        262     1.0875     2.6214  0.000e+00
      9.376     5.7674   3.169959    32.2180        263     1.0917     2.6211  0.000e+00
      9.531     5.7764   3.171673    32.2286        264     1.0958     2.6208  0.000e+00
      9.678     5.7866   3.173138    32.2353        265     1.1000     2.6229  0.000e+00
      9.822     5.8002   3.173749    32.2291        266     1.1042     2.6243  0.000e+00
      9.964     5.8126   3.174103    32.2212        267     1.1083     2.6245  0.000e+00
     10.102     5.8235   3.175499    32.2264        268     1.1125     2.6263  0.000e+00
     10.233     5.8353   3.176255    32.2235        269     1.1167     2.6269  0.000e+00
     10.370     5.8453   3.177029    32.2227        270     1.1208     2.6285  0.000e+00
     10.499     5.8501   3.177604    32.2244        271     1.1250     2.6289  0.000e+00
     10.634     5.8541   3.178332    32.2288        272     1.1292     2.6293  0.000e+00
     10.772     5.8602   3.179024    32.2306        273     1.1333     2.6306  0.000e+00
     10.907     5.8709   3.180293    32.2346        274     1.1375     2.6314  0.000e+00
     11.054     5.8834   3.181416    32.2352        275     1.1417     2.6324  0.000e+00
     11.205     5.8932   3.182393    32.2367        276     1.1458     2.6339  0.000e+00
     11.362     5.9059   3.183086    32.2323        277     1.1500     2.6354  0.000e+00
     11.527     5.9159   3.184809    32.2420        278     1.1542     2.6371  0.000e+00
     11.685     5.9267   3.185328    32.2374        279     1.1583     2.6398  0.000e+00
     11.849     5.9395   3.186242    32.2354        280     1.1625     2.6411  0.000e+00
     12.005     5.9453   3.186737    32.2353        281     1.1667     2.6413  0.000e+00
     12.158     5.9527   3.187529    32.2371        282     1.1708     2.6417  0.000e+00
     12.300     5.9633   3.187826    32.2302        283     1.1750     2.6429  0.000e+00
     12.436     5.9717   3.187861    32.2226        284     1.1792     2.6423  0.000e+00
     12.564     5.9788   3.188938    32.2278        285     1.1833     2.6431  0.000e+00
     12.682     5.9811   3.189871    32.2360        286     1.1875     2.6419  0.000e+00
     12.790     5.9857   3.190605    32.2398        287     1.1917     2.6408  0.000e+00
     12.891     5.9949   3.190925    32.2346        288     1.1958     2.6409  0.000e+00
     12.990     6.0038   3.191519    32.2327        289     1.2000     2.6403  0.000e+00
     13.096     6.0110   3.192714    32.2391        290     1.2042     2.6407  0.000e+00
     13.204     6.0177   3.193851    32.2454        291     1.2083     2.6400  0.000e+00
     13.313     6.0275   3.194882    32.2476        292     1.2125     2.6395  0.000e+00
     13.434     6.0375   3.196194    32.2527        293     1.2167     2.6389  0.000e+00
     13.557     6.0486   3.196456    32.2449        294     1.2208     2.6394  0.000e+00
     13.687     6.0584   3.196882    32.2403        295     1.2250     2.6390  0.000e+00
     13.823     6.0677   3.197692    32.2404        296     1.2292     2.6411  0.000e+00
     13.964     6.0733   3.198130    32.2399        297     1.2333     2.6420  0.000e+00
     14.105     6.0791   3.198089    32.2339        298     1.2375     2.6423  0.000e+00
     14.256     6.0826   3.198328    32.2332        299     1.2417     2.6433  0.000e+00
     14.406     6.0869   3.198865    32.2349        300     1.2458     2.6449  0.000e+00
     14.558     6.0903   3.199127    32.2346        301     1.2500     2.6447  0.000e+00
     14.706     6.0931   3.199541    32.2365        302     1.2542     2.6449  0.000e+00
     14.855     6.0946   3.199903    32.2390        303     1.2583     2.6455  0.000e+00
     15.002     6.0984   3.200539    32.2424        304     1.2625     2.6465  0.000e+00
     15.146     6.1018   3.201041    32.2448        305     1.2667     2.6457  0.000e+00
     15.286     6.1086   3.201939    32.2482        306     1.2708     2.6474  0.000e+00
     15.435     6.1147   3.202517    32.2488        307     1.2750     2.6463  0.000e+00
     15.574     6.1232   3.203118    32.2474        308     1.2792     2.6474  0.000e+00
     15.719     6.1307   3.203631    32.2459        309     1.2833     2.6474  0.000e+00
     15.858     6.1357   3.204034    32.2455        310     1.2875     2.6473  0.000e+00
     15.987     6.1418   3.204594    32.2460        311     1.2917     2.6487  0.000e+00
     16.125     6.1493   3.205230    32.2458        312     1.2958     2.6484  0.000e+00
     16.251     6.1559   3.205732    32.2451        313     1.3000     2.6490  0.000e+00
     16.373     6.1594   3.206188    32.2468        314     1.3042     2.6494  0.000e+00
     16.490     6.1613   3.206672    32.2503        315     1.3083     2.6486  0.000e+00
     16.609     6.1682   3.207128    32.2488        316     1.3125     2.6495  0.000e+00
     16.726     6.1742   3.207332    32.2453        317     1.3167     2.6495  0.000e+00
     16.839     6.1802   3.207910    32.2459        318     1.3208     2.6491  0.000e+00
     16.955     6.1849   3.208290    32.2457        319     1.3250     2.6492  0.000e+00
     17.072     6.1880   3.208652    32.2467        320     1.3292     2.6481  0.000e+00
     17.195     6.1892   3.209072    32.2502        321     1.3333     2.6489  0.000e+00
     17.315     6.1917   3.209551    32.2531        322     1.3375     2.6483  0.000e+00
     17.450     6.1957   3.210269    32.2572        323     1.3417     2.6493  0.000e+00
     17.586     6.1998   3.210433    32.2550        324     1.3458     2.6493  0.000e+00
     17.735     6.2044   3.210526    32.2517        325     1.3500     2.6514  0.000e+00
     17.888     6.2068   3.210848    32.2529        326     1.3542     2.6516  0.000e+00
     18.048     6.2092   3.211093    32.2533        327     1.3583     2.6516  0.000e+00
     18.219     6.2130   3.211490    32.2540        328     1.3625     2.6530  0.000e+00
     18.379     6.2172   3.212033    32.2560        329     1.3667     2.6542  0.000e+00
     18.546     6.2191   3.212092    32.2547        330     1.3708     2.6542  0.000e+00
     18.710     6.2230   3.212250    32.2527        331     1.3750     2.6558  0.000e+00
     18.864     6.2262   3.212355    32.2507        332     1.3792     2.6561  0.000e+00
     19.008     6.2288   3.212571    32.2506        333     1.3833     2.6568  0.000e+00
     19.146     6.2303   3.212653    32.2500        334     1.3875     2.6570  0.000e+00
     19.278     6.2319   3.212752    32.2496        335     1.3917     2.6558  0.000e+00
     19.393     6.2328   3.213056    32.2521        336     1.3958     2.6568  0.000e+00
     19.506     6.2339   3.213436    32.2551        337     1.4000     2.6546  0.000e+00
     19.615     6.2366   3.213956    32.2584        338     1.4042     2.6561  0.000e+00
     19.725     6.2397   3.214394    32.2603        339     1.4083     2.6543  0.000e+00
     19.831     6.2423   3.214856    32.2628        340     1.4125     2.6548  0.000e+00
     19.941     6.2449   3.215656    32.2692        341     1.4167     2.6539  0.000e+00
     20.054     6.2465   3.216060    32.2721        342     1.4208     2.6538  0.000e+00
     20.178     6.2512   3.216223    32.2694        343     1.4250     2.6538  0.000e+00
     20.304     6.2576   3.216539    32.2668        344     1.4292     2.6539  0.000e+00
     20.428     6.2625   3.216761    32.2645        345     1.4333     2.6551  0.000e+00
     20.553     6.2667   3.217083    32.2641        346     1.4375     2.6561  0.000e+00
     20.684     6.2688   3.217305    32.2645        347     1.4417     2.6571  0.000e+00
     20.808     6.2704   3.217603    32.2662        348     1.4458     2.6589  0.000e+00
     20.932     6.2737   3.217626    32.2633        349     1.4500     2.6582  0.000e+00
     21.051     6.2765   3.217644    32.2608        350     1.4542     2.6609  0.000e+00
     21.166     6.2771   3.217866    32.2626        351     1.4583     2.6586  0.000e+00
     21.278     6.2773   3.218117    32.2651        352     1.4625     2.6620  0.000e+00
     21.389     6.2790   3.218305    32.2656        353     1.4667     2.6602  0.000e+00
     21.508     6.2814   3.218305    32.2632        354     1.4708     2.6626  0.000e+00
     21.623     6.2829   3.218690    32.2660        355     1.4750     2.6635  0.000e+00
     21.748     6.2825   3.218989    32.2697        356     1.4792     2.6631  0.000e+00
     21.881     6.2837   3.219211    32.2709        357     1.4833     2.6602  0.000e+00
     22.016     6.2870   3.219614    32.2723        358     1.4875     2.6637  0.000e+00
     22.160     6.2901   3.219936    32.2728        359     1.4917     2.6632  0.000e+00
     22.311     6.2927   3.220293    32.2742        360     1.4958     2.6629  0.000e+00
     22.460     6.2954   3.220614    32.2751        361     1.5000     2.6681  0.000e+00
     22.618     6.2981   3.220895    32.2756        362     1.5042     2.6681  0.000e+00
     22.776     6.3005   3.221117    32.2758        363     1.5083     2.6636  0.000e+00
     22.940     6.3040   3.221381    32.2753        364     1.5125     2.6652  0.000e+00
     23.098     6.3086   3.221620    32.2735        365     1.5167     2.6623  0.000e+00
     23.249     6.3126   3.221924    32.2730        366     1.5208     2.6663  0.000e+00
     23.398     6.3156   3.221965    32.2705        367     1.5250     2.6651  0.000e+00
     23.542     6.3172   3.222346    32.2732        368     1.5292     2.6623  0.000e+00
     23.680     6.3194   3.222545    32.2732        369     1.5333     2.6664  0.000e+00
