HB2401/sbe025.cnv
* Sea-Bird SBE 19plus V2 Data File:
* FileName = C:\cruise\data\sbe025.hex
* Software Version Seasave V 7.26.7.121
* Temperature SN = 7142
* Conductivity SN = 7142
* System UpLoad Time = Feb 20 2024 10:52:52
* NMEA Latitude = 39 42.83 N
* NMEA Longitude = 073 59.64 W
* NMEA UTC (Time) = Feb 20 2024  10:53:10
** Cruise: HB2401
** Program: ECOMON
# nquan = 8
# nvalues = 1550                                  
# units = specified
# name 0 = depSM: Depth [salt water, m]
# name 1 = tv290C: Temperature [ITS-90, deg C]
# name 2 = c0S/m: Conductivity [S/m]
# name 3 = sal00: Salinity, Practical [PSU]
# name 4 = scan: Scan Count
# name 5 = timeM: Time, Elapsed [minutes]
# name 6 = sbeox0V: Oxygen raw, SBE 43 [V]
# name 7 = flag:  0.000e+00
# span 0 =      0.084,     18.456                 
# span 1 =     1.5377,     5.9034                 
# span 2 =   0.000014,   3.056785                 
# span 3 =    -0.0006,    30.8486                 
# span 4 =         11,       1560                 
# span 5 =     0.0417,     6.4958                 
# span 6 =     2.6767,     2.9290                 
# span 7 = 0.0000e+00, 0.0000e+00                 
# interval = seconds: 0.25
# start_time = Feb 20 2024 10:53:10 [NMEA time, header]
# bad_flag = -9.990e-29
*END*
[from data line 540]
     14.992     5.8977   3.054974    30.8059        551     2.2917     2.8591  0.000e+00
     14.955     5.8966   3.054521    30.8019        552     2.2958     2.8580  0.000e+00
     14.915     5.8950   3.054378    30.8018        553     2.3000     2.8572  0.000e+00
     14.877     5.8934   3.054200    30.8013        554     2.3042     2.8597  0.000e+00
     14.841     5.8922   3.053879    30.7988        555     2.3083     2.8578  0.000e+00
     14.805     5.8907   3.052745    30.7876        556     2.3125     2.8589  0.000e+00
     14.777     5.8876   3.051347    30.7748        557     2.3167     2.8592  0.000e+00
     14.744     5.8817   3.052825    30.7967        558     2.3208     2.8576  0.000e+00
     14.717     5.8810   3.052785    30.7969        559     2.3250     2.8583  0.000e+00
     14.690     5.8818   3.052247    30.7901        560     2.3292     2.8587  0.000e+00
     14.674     5.8808   3.053501    30.8051        561     2.3333     2.8586  0.000e+00
     14.662     5.8826   3.053621    30.8048        562     2.3375     2.8590  0.000e+00
     14.656     5.8849   3.053633    30.8029        563     2.3417     2.8595  0.000e+00
     14.654     5.8862   3.053662    30.8020        564     2.3458     2.8605  0.000e+00
     14.647     5.8869   3.053788    30.8028        565     2.3500     2.8589  0.000e+00
     14.638     5.8876   3.053822    30.8025        566     2.3542     2.8568  0.000e+00
     14.626     5.8880   3.053673    30.8004        567     2.3583     2.8589  0.000e+00
     14.613     5.8883   3.053896    30.8027        568     2.3625     2.8571  0.000e+00
     14.597     5.8886   3.054160    30.8054        569     2.3667     2.8575  0.000e+00
     14.584     5.8894   3.054332    30.8066        570     2.3708     2.8577  0.000e+00
     14.564     5.8903   3.054297    30.8053        571     2.3750     2.8572  0.000e+00
     14.546     5.8910   3.054143    30.8030        572     2.3792     2.8576  0.000e+00
     14.539     5.8909   3.054160    30.8033        573     2.3833     2.8595  0.000e+00
     14.534     5.8908   3.054183    30.8037        574     2.3875     2.8588  0.000e+00
     14.543     5.8908   3.054257    30.8045        575     2.3917     2.8582  0.000e+00
     14.545     5.8910   3.054257    30.8043        576     2.3958     2.8584  0.000e+00
     14.555     5.8912   3.054217    30.8036        577     2.4000     2.8564  0.000e+00
     14.557     5.8913   3.054028    30.8015        578     2.4042     2.8538  0.000e+00
     14.557     5.8907   3.053879    30.8003        579     2.4083     2.8549  0.000e+00
     14.552     5.8899   3.053919    30.8015        580     2.4125     2.8535  0.000e+00
     14.537     5.8894   3.053862    30.8013        581     2.4167     2.8535  0.000e+00
     14.516     5.8890   3.054017    30.8034        582     2.4208     2.8566  0.000e+00
     14.484     5.8891   3.053879    30.8018        583     2.4250     2.8527  0.000e+00
     14.440     5.8892   3.053782    30.8007        584     2.4292     2.8567  0.000e+00
     14.392     5.8888   3.053919    30.8026        585     2.4333     2.8561  0.000e+00
     14.343     5.8888   3.053702    30.8002        586     2.4375     2.8587  0.000e+00
     14.297     5.8884   3.053558    30.7989        587     2.4417     2.8579  0.000e+00
     14.250     5.8878   3.053066    30.7941        588     2.4458     2.8586  0.000e+00
     14.212     5.8871   3.053197    30.7962        589     2.4500     2.8589  0.000e+00
     14.174     5.8862   3.053123    30.7962        590     2.4542     2.8597  0.000e+00
     14.139     5.8853   3.052235    30.7871        591     2.4583     2.8593  0.000e+00
     14.115     5.8832   3.049606    30.7598        592     2.4625     2.8573  0.000e+00
     14.088     5.8762   3.049103    30.7605        593     2.4667     2.8597  0.000e+00
     14.070     5.8695   3.051451    30.7928        594     2.4708     2.8581  0.000e+00
     14.052     5.8701   3.052384    30.8027        595     2.4750     2.8583  0.000e+00
     14.045     5.8740   3.050534    30.7785        596     2.4792     2.8575  0.000e+00
     14.034     5.8734   3.048335    30.7545        597     2.4833     2.8585  0.000e+00
     14.025     5.8671   3.047105    30.7465        598     2.4875     2.8586  0.000e+00
     14.020     5.8599   3.045479    30.7349        599     2.4917     2.8584  0.000e+00
     14.016     5.8523   3.043168    30.7161        600     2.4958     2.8589  0.000e+00
     14.011     5.8430   3.041257    30.7033        601     2.5000     2.8580  0.000e+00
     14.014     5.8330   3.043408    30.7363        602     2.5042     2.8588  0.000e+00
     14.011     5.8304   3.043952    30.7448        603     2.5083     2.8579  0.000e+00
     14.014     5.8315   3.040720    30.7077        604     2.5125     2.8590  0.000e+00
     14.025     5.8274   3.040245    30.7061        605     2.5167     2.8579  0.000e+00
     14.039     5.8217   3.039347    30.7013        606     2.5208     2.8580  0.000e+00
     14.047     5.8165   3.039673    30.7097        607     2.5250     2.8591  0.000e+00
     14.059     5.8135   3.038953    30.7043        608     2.5292     2.8586  0.000e+00
     14.068     5.8113   3.038724    30.7037        609     2.5333     2.8607  0.000e+00
     14.072     5.8088   3.037243    30.6895        610     2.5375     2.8615  0.000e+00
     14.072     5.8050   3.035780    30.6766        611     2.5417     2.8631  0.000e+00
     14.061     5.7992   3.034557    30.6682        612     2.5458     2.8644  0.000e+00
     14.041     5.7929   3.033168    30.6584        613     2.5500     2.8644  0.000e+00
     14.016     5.7860   3.031654    30.6478        614     2.5542     2.8650  0.000e+00
     13.975     5.7790   3.031831    30.6561        615     2.5583     2.8656  0.000e+00
     13.924     5.7744   3.030586    30.6465        616     2.5625     2.8644  0.000e+00
     13.865     5.7699   3.029187    30.6349        617     2.5667     2.8654  0.000e+00
     13.806     5.7643   3.027885    30.6255        618     2.5708     2.8655  0.000e+00
     13.741     5.7579   3.026651    30.6175        619     2.5750     2.8656  0.000e+00
     13.682     5.7512   3.025087    30.6062        620     2.5792     2.8676  0.000e+00
     13.624     5.7441   3.022673    30.5857        621     2.5833     2.8682  0.000e+00
     13.583     5.7351   3.023832    30.6068        622     2.5875     2.8689  0.000e+00
     13.554     5.7306   3.022542    30.5964        623     2.5917     2.8699  0.000e+00
     13.540     5.7268   3.020648    30.5787        624     2.5958     2.8707  0.000e+00
     13.536     5.7208   3.020825    30.5862        625     2.6000     2.8720  0.000e+00
     13.552     5.7162   3.018566    30.5650        626     2.6042     2.8731  0.000e+00
     13.579     5.7096   3.016889    30.5523        627     2.6083     2.8753  0.000e+00
     13.610     5.7017   3.017152    30.5623        628     2.6125     2.8744  0.000e+00
     13.644     5.6969   3.018703    30.5840        629     2.6167     2.8757  0.000e+00
     13.680     5.6979   3.020448    30.6026        630     2.6208     2.8760  0.000e+00
     13.711     5.7024   3.021607    30.6115        631     2.6250     2.8754  0.000e+00
     13.727     5.7083   3.021401    30.6038        632     2.6292     2.8770  0.000e+00
     13.741     5.7122   3.020608    30.5914        633     2.6333     2.8784  0.000e+00
     13.752     5.7123   3.021367    30.5998        634     2.6375     2.8805  0.000e+00
     13.737     5.7131   3.018960    30.5721        635     2.6417     2.8814  0.000e+00
     13.725     5.7098   3.020488    30.5922        636     2.6458     2.8803  0.000e+00
     13.703     5.7085   3.018897    30.5756        637     2.6500     2.8818  0.000e+00
     13.682     5.7065   3.019034    30.5790        638     2.6542     2.8828  0.000e+00
     13.655     5.7045   3.019085    30.5814        639     2.6583     2.8831  0.000e+00
     13.630     5.7036   3.017996    30.5700        640     2.6625     2.8844  0.000e+00
     13.603     5.7013   3.020038    30.5950        641     2.6667     2.8846  0.000e+00
     13.572     5.7028   3.021276    30.6075        642     2.6708     2.8853  0.000e+00
     13.545     5.7083   3.019051    30.5776        643     2.6750     2.8829  0.000e+00
     13.520     5.7075   3.018036    30.5670        644     2.6792     2.8853  0.000e+00
     13.502     5.7035   3.017500    30.5646        645     2.6833     2.8857  0.000e+00
     13.484     5.6994   3.024694    30.6489        646     2.6875     2.8863  0.000e+00
     13.475     5.7089   3.016809    30.5521        647     2.6917     2.8882  0.000e+00
     13.468     5.7071   3.013366    30.5152        648     2.6958     2.8887  0.000e+00
     13.470     5.6931   3.011582    30.5079        649     2.7000     2.8878  0.000e+00
     13.475     5.6798   3.011987    30.5245        650     2.7042     2.8892  0.000e+00
     13.470     5.6718   3.012153    30.5335        651     2.7083     2.8902  0.000e+00
     13.461     5.6686   3.012044    30.5352        652     2.7125     2.8899  0.000e+00
     13.455     5.6681   3.021944    30.6466        653     2.7167     2.8902  0.000e+00
     13.444     5.6851   3.024540    30.6602        654     2.7208     2.8911  0.000e+00
     13.423     5.7052   3.015857    30.5447        655     2.7250     2.8920  0.000e+00
     13.405     5.7043   3.010329    30.4838        656     2.7292     2.8915  0.000e+00
     13.376     5.6851   3.009628    30.4933        657     2.7333     2.8921  0.000e+00
     13.351     5.6696   3.009452    30.5053        658     2.7375     2.8921  0.000e+00
     13.322     5.6606   3.009110    30.5096        659     2.7417     2.8938  0.000e+00
     13.290     5.6554   3.008592    30.5086        660     2.7458     2.8925  0.000e+00
     13.261     5.6514   3.006951    30.4939        661     2.7500     2.8916  0.000e+00
     13.243     5.6468   3.005875    30.4860        662     2.7542     2.8921  0.000e+00
     13.234     5.6410   3.005306    30.4848        663     2.7583     2.8907  0.000e+00
     13.234     5.6361   3.006598    30.5037        664     2.7625     2.8917  0.000e+00
     13.243     5.6357   3.008159    30.5216        665     2.7667     2.8914  0.000e+00
     13.266     5.6389   3.006507    30.5002        666     2.7708     2.8931  0.000e+00
     13.290     5.6394   3.007669    30.5128        667     2.7750     2.8931  0.000e+00
     13.320     5.6398   3.007612    30.5117        668     2.7792     2.8932  0.000e+00
     13.345     5.6412   3.007231    30.5061        669     2.7833     2.8960  0.000e+00
     13.372     5.6410   3.006809    30.5016        670     2.7875     2.8963  0.000e+00
     13.387     5.6398   3.006080    30.4945        671     2.7917     2.8963  0.000e+00
     13.390     5.6377   3.006109    30.4967        672     2.7958     2.8985  0.000e+00
     13.390     5.6361   3.005989    30.4969        673     2.8000     2.8995  0.000e+00
     13.378     5.6349   3.005300    30.4903        674     2.8042     2.8994  0.000e+00
     13.356     5.6333   3.004879    30.4870        675     2.8083     2.9014  0.000e+00
     13.333     5.6313   3.004651    30.4863        676     2.8125     2.9018  0.000e+00
     13.304     5.6291   3.004606    30.4877        677     2.8167     2.9025  0.000e+00
     13.272     5.6280   3.005209    30.4955        678     2.8208     2.9015  0.000e+00
     13.243     5.6286   3.004446    30.4865        679     2.8250     2.9034  0.000e+00
     13.216     5.6279   3.003803    30.4799        680     2.8292     2.9035  0.000e+00
     13.191     5.6256   3.003666    30.4804        681     2.8333     2.9044  0.000e+00
     13.173     5.6238   3.003473    30.4799        682     2.8375     2.9057  0.000e+00
     13.157     5.6224   3.003353    30.4798        683     2.8417     2.9054  0.000e+00
     13.144     5.6212   3.003177    30.4789        684     2.8458     2.9060  0.000e+00
     13.133     5.6203   3.002847    30.4761        685     2.8500     2.9059  0.000e+00
     13.133     5.6191   3.002590    30.4743        686     2.8542     2.9060  0.000e+00
     13.133     5.6177   3.002693    30.4767        687     2.8583     2.9065  0.000e+00
     13.140     5.6168   3.002425    30.4745        688     2.8625     2.9047  0.000e+00
     13.139     5.6162   3.001657    30.4665        689     2.8667     2.9055  0.000e+00
     13.144     5.6140   3.001987    30.4721        690     2.8708     2.9045  0.000e+00
     13.140     5.6129   3.002556    30.4795        691     2.8750     2.9047  0.000e+00
     13.135     5.6137   3.002477    30.4779        692     2.8792     2.9073  0.000e+00
     13.135     5.6147   3.002482    30.4770        693     2.8833     2.9063  0.000e+00
     13.124     5.6153   3.002591    30.4778        694     2.8875     2.9074  0.000e+00
     13.115     5.6156   3.002517    30.4766        695     2.8917     2.9080  0.000e+00
     13.112     5.6156   3.002408    30.4754        696     2.8958     2.9079  0.000e+00
     13.099     5.6154   3.002067    30.4718        697     2.9000     2.9091  0.000e+00
     13.085     5.6149   3.001612    30.4671        698     2.9042     2.9084  0.000e+00
     13.076     5.6133   3.001151    30.4634        699     2.9083     2.9088  0.000e+00
     13.060     5.6108   3.002010    30.4753        700     2.9125     2.9082  0.000e+00
     13.047     5.6110   3.001555    30.4700        701     2.9167     2.9097  0.000e+00
     13.029     5.6109   3.002164    30.4769        702     2.9208     2.9101  0.000e+00
     13.015     5.6116   3.002943    30.4851        703     2.9250     2.9091  0.000e+00
     13.000     5.6137   3.003957    30.4946        704     2.9292     2.9098  0.000e+00
     12.982     5.6173   3.001225    30.4607        705     2.9333     2.9106  0.000e+00
     12.968     5.6154   3.001128    30.4613        706     2.9375     2.9108  0.000e+00
     12.952     5.6116   3.002477    30.4799        707     2.9417     2.9110  0.000e+00
     12.943     5.6122   3.002795    30.4830        708     2.9458     2.9112  0.000e+00
     12.926     5.6138   3.001424    30.4661        709     2.9500     2.9118  0.000e+00
     12.916     5.6126   3.001151    30.4641        710     2.9542     2.9114  0.000e+00
     12.901     5.6101   3.001441    30.4696        711     2.9583     2.9108  0.000e+00
     12.898     5.6093   3.003200    30.4901        712     2.9625     2.9113  0.000e+00
     12.894     5.6122   3.005038    30.5081        713     2.9667     2.9114  0.000e+00
     12.885     5.6186   3.004856    30.5002        714     2.9708     2.9110  0.000e+00
     12.878     5.6227   3.004486    30.4924        715     2.9750     2.9114  0.000e+00
     12.874     5.6247   3.005613    30.5033        716     2.9792     2.9113  0.000e+00
     12.874     5.6266   3.002750    30.4694        717     2.9833     2.9114  0.000e+00
     12.876     5.6240   3.002368    30.4675        718     2.9875     2.9124  0.000e+00
     12.869     5.6187   3.004503    30.4962        719     2.9917     2.9114  0.000e+00
     12.874     5.6210   3.009236    30.5472        720     2.9958     2.9116  0.000e+00
     12.869     5.6325   3.010335    30.5491        721     3.0000     2.9113  0.000e+00
     12.871     5.6438   3.009332    30.5276        722     3.0042     2.9111  0.000e+00
     12.874     5.6489   3.008643    30.5153        723     3.0083     2.9112  0.000e+00
     12.885     5.6490   3.007145    30.4984        724     3.0125     2.9102  0.000e+00
     12.892     5.6457   3.006986    30.4996        725     3.0167     2.9102  0.000e+00
     12.898     5.6424   3.008774    30.5226        726     3.0208     2.9085  0.000e+00
     12.908     5.6434   3.008182    30.5151        727     3.0250     2.9078  0.000e+00
     12.916     5.6452   3.007806    30.5092        728     3.0292     2.9068  0.000e+00
     12.923     5.6443   3.006809    30.4989        729     3.0333     2.9047  0.000e+00
