HB2401/sbe007.cnv
* Sea-Bird SBE 19plus V2 Data File:
* FileName = C:\cruise\data\sbe007.hex
* Software Version Seasave V 7.26.7.121
* Temperature SN = 7142
* Conductivity SN = 7142
* System UpLoad Time = Feb 17 2024 14:36:27
* NMEA Latitude = 42 30.56 N
* NMEA Longitude = 069 41.19 W
* NMEA UTC (Time) = Feb 17 2024  14:36:43
** Cruise: HB2401
** Program: ECOMON
# nquan = 8
# nvalues = 3474                                  
# units = specified
# name 0 = depSM: Depth [salt water, m]
# name 1 = tv290C: Temperature [ITS-90, deg C]
# name 2 = c0S/m: Conductivity [S/m]
# name 3 = sal00: Salinity, Practical [PSU]
# name 4 = scan: Scan Count
# name 5 = timeM: Time, Elapsed [minutes]
# name 6 = sbeox0V: Oxygen raw, SBE 43 [V]
# name 7 = flag:  0.000e+00
# span 0 =     -0.130,    255.916                 
# span 1 =     3.9432,     8.2907                 
# span 2 =   0.092536,   3.581541                 
# span 3 =     0.7715,    34.1686                 
# span 4 =         11,       3484                 
# span 5 =     0.0417,    14.5125                 
# span 6 =     1.6439,     2.9288                 
# span 7 = 0.0000e+00, 0.0000e+00                 
# interval = seconds: 0.25
# start_time = Feb 17 2024 14:36:43 [NMEA time, header]
# bad_flag = -9.990e-29
*END*
[from data line 1259]
    228.574     8.2833   3.574954    34.1162       1270     5.2875     1.7079  0.000e+00
    228.819     8.2836   3.574997    34.1162       1271     5.2917     1.7087  0.000e+00
    229.065     8.2836   3.575027    34.1164       1272     5.2958     1.7083  0.000e+00
    229.315     8.2835   3.575039    34.1165       1273     5.3000     1.7088  0.000e+00
    229.556     8.2833   3.575149    34.1178       1274     5.3042     1.7090  0.000e+00
    229.806     8.2833   3.575235    34.1185       1275     5.3083     1.7086  0.000e+00
    230.056     8.2838   3.575320    34.1189       1276     5.3125     1.7083  0.000e+00
    230.294     8.2841   3.575320    34.1184       1277     5.3167     1.7079  0.000e+00
    230.517     8.2841   3.575320    34.1183       1278     5.3208     1.7071  0.000e+00
    230.731     8.2839   3.575406    34.1193       1279     5.3250     1.7077  0.000e+00
    230.934     8.2838   3.575436    34.1197       1280     5.3292     1.7067  0.000e+00
    231.132     8.2838   3.575430    34.1196       1281     5.3333     1.7058  0.000e+00
    231.308     8.2838   3.575515    34.1204       1282     5.3375     1.7062  0.000e+00
    231.474     8.2839   3.575534    34.1203       1283     5.3417     1.7051  0.000e+00
    231.623     8.2843   3.575516    34.1197       1284     5.3458     1.7048  0.000e+00
    231.765     8.2841   3.575558    34.1203       1285     5.3500     1.7035  0.000e+00
    231.903     8.2840   3.575644    34.1212       1286     5.3542     1.7042  0.000e+00
    232.042     8.2843   3.575729    34.1218       1287     5.3583     1.7032  0.000e+00
    232.180     8.2846   3.575796    34.1222       1288     5.3625     1.7025  0.000e+00
    232.321     8.2851   3.575827    34.1219       1289     5.3667     1.7030  0.000e+00
    232.479     8.2853   3.575814    34.1216       1290     5.3708     1.7023  0.000e+00
    232.648     8.2851   3.575754    34.1210       1291     5.3750     1.7020  0.000e+00
    232.833     8.2849   3.575815    34.1217       1292     5.3792     1.7016  0.000e+00
    233.028     8.2847   3.575906    34.1228       1293     5.3833     1.7010  0.000e+00
    233.247     8.2848   3.575991    34.1236       1294     5.3875     1.7022  0.000e+00
    233.472     8.2849   3.575992    34.1233       1295     5.3917     1.7003  0.000e+00
    233.716     8.2848   3.576053    34.1240       1296     5.3958     1.7007  0.000e+00
    233.968     8.2846   3.576053    34.1241       1297     5.4000     1.7008  0.000e+00
    234.229     8.2841   3.576144    34.1254       1298     5.4042     1.6996  0.000e+00
    234.495     8.2839   3.576187    34.1259       1299     5.4083     1.6989  0.000e+00
    234.765     8.2838   3.576230    34.1263       1300     5.4125     1.6995  0.000e+00
    235.038     8.2837   3.576248    34.1265       1301     5.4167     1.6998  0.000e+00
    235.319     8.2836   3.576315    34.1272       1302     5.4208     1.7005  0.000e+00
    235.582     8.2835   3.576382    34.1279       1303     5.4250     1.7003  0.000e+00
    235.841     8.2835   3.576443    34.1284       1304     5.4292     1.6994  0.000e+00
    236.089     8.2835   3.576468    34.1285       1305     5.4333     1.6993  0.000e+00
    236.339     8.2838   3.576486    34.1283       1306     5.4375     1.6990  0.000e+00
    236.571     8.2837   3.576578    34.1292       1307     5.4417     1.6985  0.000e+00
    236.785     8.2840   3.576596    34.1290       1308     5.4458     1.6975  0.000e+00
    236.990     8.2845   3.576663    34.1292       1309     5.4500     1.6986  0.000e+00
    237.182     8.2843   3.576621    34.1289       1310     5.4542     1.6961  0.000e+00
    237.368     8.2840   3.576682    34.1297       1311     5.4583     1.6967  0.000e+00
    237.540     8.2840   3.576724    34.1300       1312     5.4625     1.6958  0.000e+00
    237.704     8.2843   3.576773    34.1302       1313     5.4667     1.6958  0.000e+00
    237.866     8.2846   3.576792    34.1301       1314     5.4708     1.6956  0.000e+00
    238.024     8.2848   3.576804    34.1299       1315     5.4750     1.6961  0.000e+00
    238.181     8.2847   3.576834    34.1302       1316     5.4792     1.6951  0.000e+00
    238.342     8.2848   3.576877    34.1305       1317     5.4833     1.6953  0.000e+00
    238.495     8.2849   3.576901    34.1306       1318     5.4875     1.6953  0.000e+00
    238.661     8.2851   3.576944    34.1308       1319     5.4917     1.6945  0.000e+00
    238.833     8.2853   3.576963    34.1307       1320     5.4958     1.6943  0.000e+00
    239.008     8.2851   3.577011    34.1314       1321     5.5000     1.6935  0.000e+00
    239.186     8.2848   3.577030    34.1317       1322     5.5042     1.6935  0.000e+00
    239.361     8.2847   3.577115    34.1327       1323     5.5083     1.6931  0.000e+00
    239.546     8.2848   3.577164    34.1330       1324     5.5125     1.6940  0.000e+00
    239.735     8.2847   3.577420    34.1357       1325     5.5167     1.6931  0.000e+00
    239.936     8.2849   3.577572    34.1370       1326     5.5208     1.6929  0.000e+00
    240.136     8.2850   3.577572    34.1369       1327     5.5250     1.6916  0.000e+00
    240.335     8.2848   3.577829    34.1397       1328     5.5292     1.6910  0.000e+00
    240.549     8.2846   3.577963    34.1412       1329     5.5333     1.6903  0.000e+00
    240.772     8.2846   3.577853    34.1399       1330     5.5375     1.6890  0.000e+00
    240.995     8.2847   3.578219    34.1436       1331     5.5417     1.6883  0.000e+00
    241.217     8.2848   3.578353    34.1448       1332     5.5458     1.6887  0.000e+00
    241.445     8.2848   3.578414    34.1453       1333     5.5500     1.6870  0.000e+00
    241.677     8.2849   3.578506    34.1461       1334     5.5542     1.6851  0.000e+00
    241.915     8.2846   3.578548    34.1467       1335     5.5583     1.6841  0.000e+00
    242.141     8.2844   3.578549    34.1469       1336     5.5625     1.6827  0.000e+00
    242.375     8.2841   3.578652    34.1481       1337     5.5667     1.6815  0.000e+00
    242.602     8.2842   3.578738    34.1488       1338     5.5708     1.6805  0.000e+00
    242.832     8.2841   3.578915    34.1507       1339     5.5750     1.6787  0.000e+00
    243.058     8.2843   3.579171    34.1532       1340     5.5792     1.6783  0.000e+00
    243.287     8.2848   3.579348    34.1544       1341     5.5833     1.6777  0.000e+00
    243.515     8.2854   3.579262    34.1528       1342     5.5875     1.6757  0.000e+00
    243.738     8.2854   3.579147    34.1515       1343     5.5917     1.6751  0.000e+00
    243.967     8.2849   3.579238    34.1528       1344     5.5958     1.6748  0.000e+00
    244.193     8.2845   3.579476    34.1556       1345     5.6000     1.6737  0.000e+00
    244.416     8.2849   3.579476    34.1551       1346     5.6042     1.6728  0.000e+00
    244.631     8.2849   3.579476    34.1550       1347     5.6083     1.6722  0.000e+00
    244.850     8.2848   3.579562    34.1560       1348     5.6125     1.6718  0.000e+00
    245.059     8.2849   3.579543    34.1556       1349     5.6167     1.6714  0.000e+00
    245.260     8.2849   3.579653    34.1566       1350     5.6208     1.6699  0.000e+00
    245.454     8.2851   3.579757    34.1574       1351     5.6250     1.6695  0.000e+00
    245.636     8.2858   3.579848    34.1577       1352     5.6292     1.6689  0.000e+00
    245.814     8.2861   3.579781    34.1566       1353     5.6333     1.6673  0.000e+00
    245.983     8.2861   3.579714    34.1558       1354     5.6375     1.6672  0.000e+00
    246.152     8.2856   3.579672    34.1557       1355     5.6417     1.6671  0.000e+00
    246.318     8.2852   3.579977    34.1593       1356     5.6458     1.6657  0.000e+00
    246.478     8.2856   3.580019    34.1593       1357     5.6500     1.6640  0.000e+00
    246.643     8.2861   3.579910    34.1576       1358     5.6542     1.6628  0.000e+00
    246.814     8.2859   3.580062    34.1592       1359     5.6583     1.6665  0.000e+00
    246.989     8.2860   3.580233    34.1609       1360     5.6625     1.6629  0.000e+00
    247.170     8.2864   3.580495    34.1632       1361     5.6667     1.6628  0.000e+00
    247.357     8.2870   3.580556    34.1632       1362     5.6708     1.6608  0.000e+00
    247.552     8.2875   3.580605    34.1631       1363     5.6750     1.6623  0.000e+00
    247.751     8.2879   3.580648    34.1631       1364     5.6792     1.6596  0.000e+00
    247.954     8.2882   3.580624    34.1624       1365     5.6833     1.6600  0.000e+00
    248.163     8.2882   3.580605    34.1622       1366     5.6875     1.6595  0.000e+00
    248.375     8.2877   3.580581    34.1622       1367     5.6917     1.6592  0.000e+00
    248.597     8.2871   3.580691    34.1639       1368     5.6958     1.6585  0.000e+00
    248.820     8.2871   3.580819    34.1652       1369     5.7000     1.6576  0.000e+00
    249.044     8.2876   3.580819    34.1646       1370     5.7042     1.6571  0.000e+00
    249.269     8.2878   3.580819    34.1643       1371     5.7083     1.6566  0.000e+00
    249.496     8.2878   3.580874    34.1648       1372     5.7125     1.6550  0.000e+00
    249.728     8.2878   3.580911    34.1650       1373     5.7167     1.6557  0.000e+00
    249.964     8.2876   3.580886    34.1649       1374     5.7208     1.6556  0.000e+00
    250.203     8.2874   3.580911    34.1652       1375     5.7250     1.6538  0.000e+00
    250.439     8.2874   3.580844    34.1644       1376     5.7292     1.6536  0.000e+00
    250.676     8.2871   3.580911    34.1653       1377     5.7333     1.6533  0.000e+00
    250.921     8.2870   3.580997    34.1662       1378     5.7375     1.6529  0.000e+00
    251.169     8.2872   3.580997    34.1658       1379     5.7417     1.6531  0.000e+00
    251.406     8.2874   3.580997    34.1656       1380     5.7458     1.6537  0.000e+00
    251.642     8.2872   3.581015    34.1658       1381     5.7500     1.6526  0.000e+00
    251.878     8.2872   3.580942    34.1649       1382     5.7542     1.6526  0.000e+00
    252.106     8.2871   3.581058    34.1662       1383     5.7583     1.6516  0.000e+00
    252.331     8.2872   3.581101    34.1664       1384     5.7625     1.6512  0.000e+00
    252.543     8.2876   3.581125    34.1662       1385     5.7667     1.6520  0.000e+00
    252.743     8.2879   3.581125    34.1658       1386     5.7708     1.6513  0.000e+00
    252.937     8.2879   3.581101    34.1654       1387     5.7750     1.6514  0.000e+00
    253.119     8.2879   3.581058    34.1649       1388     5.7792     1.6509  0.000e+00
    253.291     8.2874   3.581168    34.1665       1389     5.7833     1.6518  0.000e+00
    253.451     8.2875   3.581211    34.1668       1390     5.7875     1.6512  0.000e+00
    253.597     8.2879   3.581193    34.1661       1391     5.7917     1.6519  0.000e+00
    253.739     8.2883   3.581260    34.1664       1392     5.7958     1.6521  0.000e+00
    253.876     8.2884   3.581321    34.1669       1393     5.8000     1.6519  0.000e+00
    254.005     8.2887   3.581321    34.1665       1394     5.8042     1.6528  0.000e+00
    254.133     8.2890   3.581321    34.1661       1395     5.8083     1.6524  0.000e+00
    254.259     8.2891   3.581345    34.1662       1396     5.8125     1.6523  0.000e+00
    254.398     8.2895   3.581364    34.1659       1397     5.8167     1.6513  0.000e+00
    254.549     8.2895   3.581321    34.1655       1398     5.8208     1.6518  0.000e+00
    254.720     8.2894   3.581345    34.1657       1399     5.8250     1.6513  0.000e+00
    254.899     8.2891   3.581278    34.1652       1400     5.8292     1.6508  0.000e+00
    255.121     8.2889   3.581321    34.1658       1401     5.8333     1.6507  0.000e+00
    255.256     8.2886   3.581327    34.1661       1402     5.8375     1.6506  0.000e+00
    255.266     8.2885   3.581407    34.1670       1403     5.8417     1.6515  0.000e+00
    255.320     8.2890   3.581449    34.1669       1404     5.8458     1.6506  0.000e+00
    255.329     8.2895   3.581474    34.1667       1405     5.8500     1.6505  0.000e+00
    255.459     8.2897   3.581431    34.1660       1406     5.8542     1.6506  0.000e+00
    255.525     8.2897   3.581407    34.1657       1407     5.8583     1.6504  0.000e+00
    255.621     8.2896   3.581431    34.1660       1408     5.8625     1.6506  0.000e+00
    255.639     8.2894   3.581474    34.1667       1409     5.8667     1.6501  0.000e+00
    255.730     8.2895   3.581474    34.1665       1410     5.8708     1.6495  0.000e+00
    255.784     8.2899   3.581474    34.1662       1411     5.8750     1.6507  0.000e+00
    255.842     8.2899   3.581492    34.1663       1412     5.8792     1.6498  0.000e+00
    255.837     8.2901   3.581492    34.1661       1413     5.8833     1.6496  0.000e+00
    255.860     8.2901   3.581492    34.1661       1414     5.8875     1.6501  0.000e+00
    255.876     8.2901   3.581492    34.1661       1415     5.8917     1.6500  0.000e+00
    255.885     8.2902   3.581517    34.1663       1416     5.8958     1.6494  0.000e+00
    255.858     8.2903   3.581517    34.1662       1417     5.9000     1.6489  0.000e+00
    255.842     8.2904   3.581492    34.1658       1418     5.9042     1.6492  0.000e+00
    255.826     8.2904   3.581517    34.1661       1419     5.9083     1.6486  0.000e+00
    255.810     8.2902   3.581517    34.1663       1420     5.9125     1.6502  0.000e+00
    255.768     8.2902   3.581516    34.1663       1421     5.9167     1.6510  0.000e+00
    255.727     8.2904   3.581535    34.1664       1422     5.9208     1.6499  0.000e+00
    255.693     8.2904   3.581541    34.1664       1423     5.9250     1.6497  0.000e+00
    255.660     8.2906   3.581516    34.1659       1424     5.9292     1.6495  0.000e+00
    255.615     8.2905   3.581492    34.1658       1425     5.9333     1.6492  0.000e+00
    255.581     8.2905   3.581516    34.1661       1426     5.9375     1.6485  0.000e+00
    255.554     8.2905   3.581474    34.1657       1427     5.9417     1.6492  0.000e+00
    255.545     8.2903   3.581474    34.1659       1428     5.9458     1.6492  0.000e+00
    255.534     8.2904   3.581492    34.1660       1429     5.9500     1.6489  0.000e+00
    255.542     8.2904   3.581474    34.1658       1430     5.9542     1.6489  0.000e+00
    255.554     8.2903   3.581431    34.1654       1431     5.9583     1.6486  0.000e+00
    255.583     8.2900   3.581309    34.1643       1432     5.9625     1.6470  0.000e+00
    255.603     8.2893   3.581212    34.1640       1433     5.9667     1.6474  0.000e+00
    255.633     8.2884   3.581236    34.1651       1434     5.9708     1.6470  0.000e+00
    255.662     8.2879   3.581236    34.1656       1435     5.9750     1.6479  0.000e+00
    255.689     8.2875   3.581193    34.1655       1436     5.9792     1.6480  0.000e+00
    255.709     8.2873   3.581193    34.1657       1437     5.9833     1.6482  0.000e+00
    255.720     8.2872   3.581193    34.1657       1438     5.9875     1.6476  0.000e+00
    255.727     8.2871   3.581193    34.1659       1439     5.9917     1.6474  0.000e+00
    255.723     8.2871   3.581279    34.1668       1440     5.9958     1.6485  0.000e+00
    255.712     8.2871   3.581352    34.1676       1441     6.0000     1.6495  0.000e+00
    255.698     8.2876   3.581449    34.1682       1442     6.0042     1.6493  0.000e+00
    255.673     8.2882   3.581492    34.1680       1443     6.0083     1.6488  0.000e+00
    255.658     8.2891   3.581516    34.1674       1444     6.0125     1.6488  0.000e+00
    255.637     8.2898   3.581516    34.1667       1445     6.0167     1.6499  0.000e+00
    255.612     8.2902   3.581516    34.1663       1446     6.0208     1.6497  0.000e+00
    255.590     8.2904   3.581516    34.1662       1447     6.0250     1.6500  0.000e+00
    255.565     8.2903   3.581492    34.1660       1448     6.0292     1.6500  0.000e+00
