HB2401/sbe041.cnv
* Sea-Bird SBE 19plus V2 Data File:
* FileName = C:\cruise\data\sbe041.hex
* Software Version Seasave V 7.26.7.121
* Temperature SN = 7142
* Conductivity SN = 7142
* System UpLoad Time = Feb 22 2024 00:57:39
* NMEA Latitude = 41 08.75 N
* NMEA Longitude = 070 23.65 W
* NMEA UTC (Time) = Feb 22 2024  00:57:58
** Cruise: HB2401
** Program: ECOMON
# nquan = 8
# nvalues = 1284                                  
# units = specified
# name 0 = depSM: Depth [salt water, m]
# name 1 = tv290C: Temperature [ITS-90, deg C]
# name 2 = c0S/m: Conductivity [S/m]
# name 3 = sal00: Salinity, Practical [PSU]
# name 4 = scan: Scan Count
# name 5 = timeM: Time, Elapsed [minutes]
# name 6 = sbeox0V: Oxygen raw, SBE 43 [V]
# name 7 = flag:  0.000e+00
# span 0 =      0.067,     33.766                 
# span 1 =     1.1270,     3.6746                 
# span 2 =  -0.000002,   2.935298                 
# span 3 =    -0.0010,    31.7727                 
# span 4 =         11,       1294                 
# span 5 =     0.0417,     5.3875                 
# span 6 =     2.5589,     2.9930                 
# span 7 = 0.0000e+00, 0.0000e+00                 
# interval = seconds: 0.25
# start_time = Feb 22 2024 00:57:58 [NMEA time, header]
# bad_flag = -9.990e-29
*END*
[from data line 899]
     13.906     3.6730   2.934480    31.5103        910     3.7875     2.8175  0.000e+00
     13.853     3.6732   2.934457    31.5099        911     3.7917     2.8186  0.000e+00
     13.805     3.6731   2.934418    31.5095        912     3.7958     2.8189  0.000e+00
     13.760     3.6729   2.934401    31.5095        913     3.8000     2.8176  0.000e+00
     13.720     3.6727   2.934333    31.5090        914     3.8042     2.8181  0.000e+00
     13.692     3.6722   2.934327    31.5094        915     3.8083     2.8170  0.000e+00
     13.661     3.6719   2.934384    31.5104        916     3.8125     2.8153  0.000e+00
     13.640     3.6718   2.934440    31.5112        917     3.8167     2.8154  0.000e+00
     13.616     3.6724   2.934457    31.5108        918     3.8208     2.8147  0.000e+00
     13.598     3.6728   2.934463    31.5105        919     3.8250     2.8143  0.000e+00
     13.575     3.6729   2.934440    31.5101        920     3.8292     2.8139  0.000e+00
     13.553     3.6729   2.934418    31.5098        921     3.8333     2.8141  0.000e+00
     13.534     3.6728   2.934440    31.5103        922     3.8375     2.8145  0.000e+00
     13.505     3.6727   2.934028    31.5055        923     3.8417     2.8138  0.000e+00
     13.465     3.6730   2.934440    31.5101        924     3.8458     2.8160  0.000e+00
     13.424     3.6730   2.934384    31.5094        925     3.8500     2.8158  0.000e+00
     13.381     3.6728   2.934384    31.5097        926     3.8542     2.8166  0.000e+00
     13.338     3.6725   2.934418    31.5104        927     3.8583     2.8169  0.000e+00
     13.284     3.6726   2.934423    31.5104        928     3.8625     2.8171  0.000e+00
     13.230     3.6726   2.934361    31.5097        929     3.8667     2.8170  0.000e+00
     13.183     3.6725   2.934344    31.5095        930     3.8708     2.8174  0.000e+00
     13.142     3.6723   2.934327    31.5096        931     3.8750     2.8160  0.000e+00
     13.104     3.6721   2.934361    31.5102        932     3.8792     2.8178  0.000e+00
     13.072     3.6722   2.934372    31.5103        933     3.8833     2.8182  0.000e+00
     13.039     3.6723   2.934344    31.5099        934     3.8875     2.8178  0.000e+00
     13.009     3.6723   2.934361    31.5101        935     3.8917     2.8172  0.000e+00
     12.978     3.6723   2.934361    31.5101        936     3.8958     2.8188  0.000e+00
     12.946     3.6722   2.934355    31.5101        937     3.9000     2.8186  0.000e+00
     12.919     3.6723   2.934361    31.5101        938     3.9042     2.8192  0.000e+00
     12.883     3.6723   2.934384    31.5104        939     3.9083     2.8177  0.000e+00
     12.845     3.6724   2.934384    31.5103        940     3.9125     2.8196  0.000e+00
     12.802     3.6725   2.934401    31.5104        941     3.9167     2.8186  0.000e+00
     12.754     3.6726   2.934333    31.5096        942     3.9208     2.8186  0.000e+00
     12.705     3.6725   2.934361    31.5100        943     3.9250     2.8183  0.000e+00
     12.655     3.6725   2.934401    31.5105        944     3.9292     2.8192  0.000e+00
     12.606     3.6727   2.934423    31.5107        945     3.9333     2.8201  0.000e+00
     12.558     3.6728   2.934401    31.5103        946     3.9375     2.8191  0.000e+00
     12.517     3.6730   2.934400    31.5101        947     3.9417     2.8184  0.000e+00
     12.488     3.6731   2.934400    31.5100        948     3.9458     2.8179  0.000e+00
     12.461     3.6729   2.934299    31.5090        949     3.9500     2.8184  0.000e+00
     12.439     3.6726   2.934288    31.5092        950     3.9542     2.8186  0.000e+00
     12.419     3.6723   2.934305    31.5097        951     3.9583     2.8170  0.000e+00
     12.400     3.6719   2.934265    31.5096        952     3.9625     2.8177  0.000e+00
     12.382     3.6717   2.934242    31.5096        953     3.9667     2.8169  0.000e+00
     12.357     3.6714   2.934192    31.5093        954     3.9708     2.8168  0.000e+00
     12.324     3.6712   2.934192    31.5095        955     3.9750     2.8163  0.000e+00
     12.290     3.6709   2.934209    31.5100        956     3.9792     2.8176  0.000e+00
     12.240     3.6709   2.934192    31.5098        957     3.9833     2.8174  0.000e+00
     12.179     3.6709   2.934192    31.5098        958     3.9875     2.8176  0.000e+00
     12.110     3.6709   2.934192    31.5098        959     3.9917     2.8176  0.000e+00
     12.033     3.6710   2.934192    31.5098        960     3.9958     2.8167  0.000e+00
     11.950     3.6709   2.934192    31.5099        961     4.0000     2.8165  0.000e+00
     11.870     3.6710   2.934192    31.5099        962     4.0042     2.8170  0.000e+00
     11.790     3.6709   2.934152    31.5095        963     4.0083     2.8156  0.000e+00
     11.726     3.6711   2.934118    31.5090        964     4.0125     2.8147  0.000e+00
     11.675     3.6708   2.934056    31.5086        965     4.0167     2.8158  0.000e+00
     11.641     3.6703   2.934022    31.5087        966     4.0208     2.8158  0.000e+00
     11.620     3.6698   2.934028    31.5093        967     4.0250     2.8167  0.000e+00
     11.609     3.6696   2.934096    31.5103        968     4.0292     2.8169  0.000e+00
     11.607     3.6698   2.934118    31.5103        969     4.0333     2.8170  0.000e+00
     11.614     3.6702   2.934118    31.5100        970     4.0375     2.8166  0.000e+00
     11.627     3.6703   2.934079    31.5093        971     4.0417     2.8169  0.000e+00
     11.634     3.6704   2.934101    31.5095        972     4.0458     2.8173  0.000e+00
     11.640     3.6703   2.934118    31.5098        973     4.0500     2.8165  0.000e+00
     11.641     3.6704   2.934135    31.5099        974     4.0542     2.8173  0.000e+00
     11.631     3.6705   2.934135    31.5098        975     4.0583     2.8174  0.000e+00
     11.604     3.6707   2.934135    31.5096        976     4.0625     2.8178  0.000e+00
     11.569     3.6709   2.934152    31.5096        977     4.0667     2.8167  0.000e+00
     11.517     3.6710   2.934135    31.5094        978     4.0708     2.8174  0.000e+00
     11.460     3.6710   2.934135    31.5094        979     4.0750     2.8181  0.000e+00
     11.384     3.6710   2.934118    31.5093        980     4.0792     2.8182  0.000e+00
     11.303     3.6709   2.934084    31.5090        981     4.0833     2.8181  0.000e+00
     11.217     3.6706   2.934095    31.5094        982     4.0875     2.8178  0.000e+00
     11.126     3.6705   2.934095    31.5096        983     4.0917     2.8176  0.000e+00
     11.030     3.6705   2.934095    31.5097        984     4.0958     2.8180  0.000e+00
     10.940     3.6704   2.934084    31.5096        985     4.1000     2.8186  0.000e+00
     10.863     3.6706   2.934056    31.5092        986     4.1042     2.8197  0.000e+00
     10.804     3.6705   2.933983    31.5085        987     4.1083     2.8205  0.000e+00
     10.757     3.6701   2.933983    31.5088        988     4.1125     2.8203  0.000e+00
     10.730     3.6696   2.933966    31.5091        989     4.1167     2.8205  0.000e+00
     10.712     3.6693   2.933954    31.5093        990     4.1208     2.8215  0.000e+00
     10.712     3.6691   2.933966    31.5096        991     4.1250     2.8207  0.000e+00
     10.725     3.6691   2.933904    31.5089        992     4.1292     2.8189  0.000e+00
     10.741     3.6686   2.933904    31.5093        993     4.1333     2.8197  0.000e+00
     10.757     3.6683   2.933926    31.5100        994     4.1375     2.8192  0.000e+00
     10.779     3.6683   2.933954    31.5103        995     4.1417     2.8186  0.000e+00
     10.789     3.6685   2.934039    31.5110        996     4.1458     2.8191  0.000e+00
     10.802     3.6690   2.933870    31.5085        997     4.1500     2.8184  0.000e+00
     10.800     3.6686   2.933904    31.5093        998     4.1542     2.8194  0.000e+00
     10.800     3.6683   2.933904    31.5096        999     4.1583     2.8198  0.000e+00
     10.777     3.6682   2.933870    31.5094       1000     4.1625     2.8198  0.000e+00
     10.736     3.6678   2.933526    31.5056       1001     4.1667     2.8191  0.000e+00
     10.678     3.6663   2.933148    31.5027       1002     4.1708     2.8191  0.000e+00
     10.608     3.6632   2.933164    31.5059       1003     4.1750     2.8186  0.000e+00
     10.529     3.6611   2.933249    31.5090       1004     4.1792     2.8199  0.000e+00
     10.444     3.6605   2.933260    31.5098       1005     4.1833     2.8183  0.000e+00
     10.355     3.6602   2.933164    31.5090       1006     4.1875     2.8193  0.000e+00
     10.261     3.6599   2.933108    31.5086       1007     4.1917     2.8178  0.000e+00
     10.164     3.6593   2.932927    31.5071       1008     4.1958     2.8173  0.000e+00
     10.072     3.6583   2.932973    31.5086       1009     4.2000     2.8164  0.000e+00
      9.999     3.6574   2.932939    31.5091       1010     4.2042     2.8161  0.000e+00
      9.936     3.6571   2.933181    31.5123       1011     4.2083     2.8171  0.000e+00
      9.886     3.6580   2.933204    31.5118       1012     4.2125     2.8170  0.000e+00
      9.853     3.6590   2.933305    31.5120       1013     4.2167     2.8171  0.000e+00
      9.837     3.6600   2.933317    31.5112       1014     4.2208     2.8166  0.000e+00
      9.832     3.6609   2.933373    31.5110       1015     4.2250     2.8193  0.000e+00
      9.839     3.6614   2.933390    31.5107       1016     4.2292     2.8174  0.000e+00
      9.846     3.6620   2.933390    31.5102       1017     4.2333     2.8186  0.000e+00
      9.857     3.6624   2.933362    31.5094       1018     4.2375     2.8181  0.000e+00
      9.871     3.6622   2.933356    31.5095       1019     4.2417     2.8188  0.000e+00
      9.877     3.6621   2.933334    31.5093       1020     4.2458     2.8185  0.000e+00
      9.873     3.6619   2.933334    31.5095       1021     4.2500     2.8175  0.000e+00
      9.864     3.6618   2.933339    31.5097       1022     4.2542     2.8178  0.000e+00
      9.844     3.6618   2.933300    31.5093       1023     4.2583     2.8170  0.000e+00
      9.805     3.6615   2.933277    31.5093       1024     4.2625     2.8181  0.000e+00
      9.758     3.6614   2.933260    31.5092       1025     4.2667     2.8161  0.000e+00
      9.690     3.6612   2.933317    31.5102       1026     4.2708     2.8192  0.000e+00
      9.623     3.6613   2.933379    31.5108       1027     4.2750     2.8181  0.000e+00
      9.546     3.6616   2.933356    31.5102       1028     4.2792     2.8183  0.000e+00
      9.467     3.6620   2.933412    31.5106       1029     4.2833     2.8195  0.000e+00
      9.382     3.6622   2.933429    31.5106       1030     4.2875     2.8187  0.000e+00
      9.307     3.6627   2.933429    31.5102       1031     4.2917     2.8192  0.000e+00
      9.224     3.6629   2.933542    31.5114       1032     4.2958     2.8176  0.000e+00
      9.154     3.6635   2.933621    31.5117       1033     4.3000     2.8176  0.000e+00
      9.098     3.6645   2.933565    31.5101       1034     4.3042     2.8192  0.000e+00
      9.048     3.6647   2.933565    31.5100       1035     4.3083     2.8192  0.000e+00
      9.005     3.6648   2.933503    31.5091       1036     4.3125     2.8184  0.000e+00
      8.971     3.6648   2.933525    31.5095       1037     4.3167     2.8183  0.000e+00
      8.937     3.6646   2.933525    31.5097       1038     4.3208     2.8199  0.000e+00
      8.908     3.6646   2.933508    31.5095       1039     4.3250     2.8187  0.000e+00
      8.883     3.6644   2.933525    31.5099       1040     4.3292     2.8195  0.000e+00
      8.861     3.6646   2.933610    31.5107       1041     4.3333     2.8197  0.000e+00
      8.840     3.6648   2.933581    31.5102       1042     4.3375     2.8184  0.000e+00
      8.814     3.6651   2.933542    31.5095       1043     4.3417     2.8184  0.000e+00
      8.789     3.6650   2.933542    31.5096       1044     4.3458     2.8200  0.000e+00
      8.761     3.6650   2.933621    31.5105       1045     4.3500     2.8176  0.000e+00
      8.723     3.6652   2.933576    31.5098       1046     4.3542     2.8189  0.000e+00
      8.687     3.6653   2.933508    31.5089       1047     4.3583     2.8187  0.000e+00
      8.649     3.6649   2.933452    31.5087       1048     4.3625     2.8204  0.000e+00
      8.620     3.6645   2.933452    31.5091       1049     4.3667     2.8199  0.000e+00
      8.583     3.6641   2.933412    31.5090       1050     4.3708     2.8201  0.000e+00
      8.545     3.6640   2.933469    31.5098       1051     4.3750     2.8205  0.000e+00
      8.511     3.6639   2.933452    31.5097       1052     4.3792     2.8208  0.000e+00
      8.475     3.6640   2.933469    31.5099       1053     4.3833     2.8205  0.000e+00
      8.423     3.6640   2.933485    31.5100       1054     4.3875     2.8205  0.000e+00
      8.376     3.6641   2.933485    31.5100       1055     4.3917     2.8212  0.000e+00
      8.317     3.6642   2.933468    31.5097       1056     4.3958     2.8201  0.000e+00
      8.248     3.6644   2.933485    31.5097       1057     4.4000     2.8189  0.000e+00
      8.180     3.6643   2.933468    31.5097       1058     4.4042     2.8183  0.000e+00
      8.106     3.6643   2.933485    31.5099       1059     4.4083     2.8186  0.000e+00
      8.024     3.6644   2.933576    31.5109       1060     4.4125     2.8186  0.000e+00
      7.939     3.6649   2.933581    31.5106       1061     4.4167     2.8192  0.000e+00
      7.855     3.6655   2.933829    31.5130       1062     4.4208     2.8191  0.000e+00
      7.776     3.6668   2.933925    31.5129       1063     4.4250     2.8189  0.000e+00
      7.708     3.6684   2.933937    31.5115       1064     4.4292     2.8189  0.000e+00
      7.650     3.6695   2.933925    31.5103       1065     4.4333     2.8192  0.000e+00
      7.612     3.6701   2.933942    31.5100       1066     4.4375     2.8184  0.000e+00
      7.591     3.6703   2.933925    31.5096       1067     4.4417     2.8191  0.000e+00
      7.584     3.6705   2.933925    31.5094       1068     4.4458     2.8199  0.000e+00
      7.591     3.6705   2.933920    31.5094       1069     4.4500     2.8196  0.000e+00
      7.605     3.6704   2.933925    31.5095       1070     4.4542     2.8213  0.000e+00
      7.621     3.6705   2.933942    31.5096       1071     4.4583     2.8205  0.000e+00
      7.646     3.6704   2.933942    31.5096       1072     4.4625     2.8201  0.000e+00
      7.663     3.6706   2.933920    31.5092       1073     4.4667     2.8209  0.000e+00
      7.663     3.6707   2.933925    31.5092       1074     4.4708     2.8207  0.000e+00
      7.657     3.6708   2.933942    31.5093       1075     4.4750     2.8192  0.000e+00
      7.630     3.6706   2.933942    31.5095       1076     4.4792     2.8206  0.000e+00
      7.582     3.6705   2.933903    31.5091       1077     4.4833     2.8211  0.000e+00
      7.508     3.6704   2.933880    31.5090       1078     4.4875     2.8202  0.000e+00
      7.420     3.6703   2.933886    31.5093       1079     4.4917     2.8194  0.000e+00
      7.318     3.6702   2.933903    31.5096       1080     4.4958     2.8186  0.000e+00
      7.201     3.6703   2.933846    31.5089       1081     4.5000     2.8178  0.000e+00
      7.075     3.6702   2.933812    31.5087       1082     4.5042     2.8187  0.000e+00
      6.946     3.6698   2.933790    31.5088       1083     4.5083     2.8187  0.000e+00
      6.822     3.6694   2.933790    31.5093       1084     4.5125     2.8184  0.000e+00
      6.705     3.6691   2.933790    31.5096       1085     4.5167     2.8184  0.000e+00
      6.622     3.6691   2.933773    31.5095       1086     4.5208     2.8192  0.000e+00
      6.565     3.6690   2.933722    31.5090       1087     4.5250     2.8194  0.000e+00
      6.552     3.6689   2.933716    31.5091       1088     4.5292     2.8188  0.000e+00
