HB2401/sbe020.cnv
* Sea-Bird SBE 19plus V2 Data File:
* FileName = C:\cruise\data\sbe020.hex
* Software Version Seasave V 7.26.7.121
* Temperature SN = 7142
* Conductivity SN = 7142
* System UpLoad Time = Feb 19 2024 22:34:21
* NMEA Latitude = 40 32.49 N
* NMEA Longitude = 072 04.02 W
* NMEA UTC (Time) = Feb 19 2024  22:34:37
** Cruise: HB2401
** Program: ECOMON
# nquan = 8
# nvalues = 1436                                  
# units = specified
# name 0 = depSM: Depth [salt water, m]
# name 1 = tv290C: Temperature [ITS-90, deg C]
# name 2 = c0S/m: Conductivity [S/m]
# name 3 = sal00: Salinity, Practical [PSU]
# name 4 = scan: Scan Count
# name 5 = timeM: Time, Elapsed [minutes]
# name 6 = sbeox0V: Oxygen raw, SBE 43 [V]
# name 7 = flag:  0.000e+00
# span 0 =      0.024,     52.473                 
# span 1 =     2.7714,     6.7188                 
# span 2 =   0.000020,   3.242641                 
# span 3 =     0.0003,    32.2606                 
# span 4 =         11,       1446                 
# span 5 =     0.0417,     6.0208                 
# span 6 =     2.2526,     3.0015                 
# span 7 = 0.0000e+00, 0.0000e+00                 
# interval = seconds: 0.25
# start_time = Feb 19 2024 22:34:37 [NMEA time, header]
# bad_flag = -9.990e-29
*END*
[from data line 540]
     45.327     6.7151   3.237547    32.0557        551     2.2917     2.7708  0.000e+00
     45.266     6.7182   3.235525    32.0306        552     2.2958     2.7704  0.000e+00
     45.228     6.7188   3.235139    32.0258        553     2.3000     2.7716  0.000e+00
     45.188     6.7184   3.235139    32.0262        554     2.3042     2.7711  0.000e+00
     45.151     6.7179   3.235203    32.0274        555     2.3083     2.7729  0.000e+00
     45.109     6.7180   3.235098    32.0262        556     2.3125     2.7727  0.000e+00
     45.073     6.7179   3.234775    32.0228        557     2.3167     2.7735  0.000e+00
     45.032     6.7174   3.234190    32.0168        558     2.3208     2.7751  0.000e+00
     44.991     6.7164   3.233059    32.0054        559     2.3250     2.7774  0.000e+00
     44.937     6.7149   3.232011    31.9953        560     2.3292     2.7792  0.000e+00
     44.890     6.7130   3.231062    31.9867        561     2.3333     2.7806  0.000e+00
     44.843     6.7108   3.230137    31.9787        562     2.3375     2.7839  0.000e+00
     44.793     6.7087   3.229534    31.9740        563     2.3417     2.7843  0.000e+00
     44.744     6.7071   3.228685    31.9662        564     2.3458     2.7854  0.000e+00
     44.690     6.7056   3.227860    31.9586        565     2.3500     2.7867  0.000e+00
     44.635     6.7038   3.226531    31.9457        566     2.3542     2.7880  0.000e+00
     44.577     6.7016   3.225221    31.9334        567     2.3583     2.7903  0.000e+00
     44.511     6.6996   3.224320    31.9255        568     2.3625     2.7919  0.000e+00
     44.424     6.6970   3.222769    31.9109        569     2.3667     2.7943  0.000e+00
     44.335     6.6933   3.218167    31.8639        570     2.3708     2.7940  0.000e+00
     44.234     6.6829   3.214561    31.8341        571     2.3750     2.7961  0.000e+00
     44.133     6.6665   3.212779    31.8298        572     2.3792     2.7983  0.000e+00
     44.033     6.6525   3.209595    31.8079        573     2.3833     2.8002  0.000e+00
     43.937     6.6382   3.207931    31.8030        574     2.3875     2.7999  0.000e+00
     43.849     6.6249   3.206396    31.7985        575     2.3917     2.8029  0.000e+00
     43.765     6.6137   3.204475    31.7879        576     2.3958     2.8036  0.000e+00
     43.688     6.6032   3.202561    31.7766        577     2.4000     2.8061  0.000e+00
     43.603     6.5920   3.201021    31.7702        578     2.4042     2.8099  0.000e+00
     43.533     6.5812   3.200064    31.7697        579     2.4083     2.8112  0.000e+00
     43.454     6.5721   3.198000    31.7555        580     2.4125     2.8153  0.000e+00
     43.382     6.5612   3.196542    31.7496        581     2.4167     2.8193  0.000e+00
     43.308     6.5502   3.195784    31.7516        582     2.4208     2.8216  0.000e+00
     43.233     6.5411   3.195207    31.7537        583     2.4250     2.8250  0.000e+00
     43.157     6.5343   3.194927    31.7570        584     2.4292     2.8284  0.000e+00
     43.078     6.5295   3.194869    31.7608        585     2.4333     2.8309  0.000e+00
     42.997     6.5264   3.194630    31.7611        586     2.4375     2.8348  0.000e+00
     42.920     6.5247   3.193889    31.7546        587     2.4417     2.8356  0.000e+00
     42.848     6.5220   3.193178    31.7492        588     2.4458     2.8376  0.000e+00
     42.769     6.5181   3.192479    31.7452        589     2.4500     2.8420  0.000e+00
     42.683     6.5135   3.192601    31.7509        590     2.4542     2.8430  0.000e+00
     42.600     6.5107   3.192636    31.7540        591     2.4583     2.8448  0.000e+00
     42.507     6.5095   3.192578    31.7544        592     2.4625     2.8464  0.000e+00
     42.413     6.5088   3.191884    31.7475        593     2.4667     2.8480  0.000e+00
     42.316     6.5068   3.191803    31.7485        594     2.4708     2.8486  0.000e+00
     42.205     6.5047   3.191762    31.7501        595     2.4750     2.8492  0.000e+00
     42.101     6.5032   3.191488    31.7484        596     2.4792     2.8527  0.000e+00
     41.991     6.5021   3.190771    31.7417        597     2.4833     2.8541  0.000e+00
     41.881     6.4995   3.190113    31.7368        598     2.4875     2.8559  0.000e+00
     41.773     6.4958   3.189938    31.7385        599     2.4917     2.8583  0.000e+00
     41.666     6.4928   3.189361    31.7350        600     2.4958     2.8582  0.000e+00
     41.561     6.4895   3.188534    31.7289        601     2.5000     2.8599  0.000e+00
     41.461     6.4852   3.188167    31.7290        602     2.5042     2.8620  0.000e+00
     41.369     6.4809   3.187631    31.7271        603     2.5083     2.8616  0.000e+00
     41.286     6.4771   3.187334    31.7274        604     2.5125     2.8622  0.000e+00
     41.200     6.4738   3.186758    31.7241        605     2.5167     2.8625  0.000e+00
     41.116     6.4708   3.186618    31.7254        606     2.5208     2.8627  0.000e+00
     41.033     6.4683   3.186641    31.7280        607     2.5250     2.8609  0.000e+00
     40.952     6.4668   3.186222    31.7249        608     2.5292     2.8622  0.000e+00
     40.866     6.4653   3.186024    31.7241        609     2.5333     2.8612  0.000e+00
     40.776     6.4636   3.186006    31.7255        610     2.5375     2.8614  0.000e+00
     40.691     6.4623   3.185645    31.7228        611     2.5417     2.8612  0.000e+00
     40.605     6.4610   3.185389    31.7212        612     2.5458     2.8625  0.000e+00
     40.506     6.4592   3.185174    31.7205        613     2.5500     2.8628  0.000e+00
     40.409     6.4576   3.185150    31.7218        614     2.5542     2.8632  0.000e+00
     40.312     6.4566   3.185331    31.7248        615     2.5583     2.8637  0.000e+00
     40.213     6.4563   3.185133    31.7229        616     2.5625     2.8636  0.000e+00
     40.120     6.4561   3.184440    31.7156        617     2.5667     2.8645  0.000e+00
     40.030     6.4541   3.183805    31.7104        618     2.5708     2.8644  0.000e+00
     39.940     6.4506   3.183543    31.7108        619     2.5750     2.8663  0.000e+00
     39.861     6.4473   3.183666    31.7153        620     2.5792     2.8660  0.000e+00
     39.775     6.4454   3.183089    31.7108        621     2.5833     2.8657  0.000e+00
     39.699     6.4429   3.183072    31.7129        622     2.5875     2.8655  0.000e+00
     39.624     6.4412   3.182932    31.7129        623     2.5917     2.8657  0.000e+00
     39.554     6.4400   3.182437    31.7087        624     2.5958     2.8673  0.000e+00
     39.482     6.4380   3.182100    31.7068        625     2.6000     2.8667  0.000e+00
     39.410     6.4356   3.181844    31.7063        626     2.6042     2.8660  0.000e+00
     39.331     6.4334   3.181960    31.7096        627     2.6083     2.8672  0.000e+00
     39.248     6.4320   3.182059    31.7121        628     2.6125     2.8662  0.000e+00
     39.164     6.4320   3.181745    31.7086        629     2.6167     2.8675  0.000e+00
     39.072     6.4312   3.181011    31.7013        630     2.6208     2.8670  0.000e+00
     38.971     6.4287   3.180354    31.6964        631     2.6250     2.8668  0.000e+00
     38.871     6.4247   3.179190    31.6874        632     2.6292     2.8676  0.000e+00
     38.765     6.4189   3.178631    31.6867        633     2.6333     2.8672  0.000e+00
     38.664     6.4128   3.178631    31.6924        634     2.6375     2.8670  0.000e+00
     38.562     6.4092   3.178643    31.6959        635     2.6417     2.8675  0.000e+00
     38.468     6.4078   3.178655    31.6974        636     2.6458     2.8681  0.000e+00
     38.373     6.4068   3.178532    31.6970        637     2.6500     2.8676  0.000e+00
     38.279     6.4061   3.178433    31.6966        638     2.6542     2.8678  0.000e+00
     38.193     6.4055   3.178236    31.6950        639     2.6583     2.8681  0.000e+00
     38.112     6.4044   3.178078    31.6943        640     2.6625     2.8686  0.000e+00
     38.030     6.4033   3.178276    31.6976        641     2.6667     2.8694  0.000e+00
     37.965     6.4028   3.177456    31.6891        642     2.6708     2.8693  0.000e+00
     37.888     6.4010   3.176793    31.6834        643     2.6750     2.8685  0.000e+00
     37.827     6.3974   3.174914    31.6661        644     2.6792     2.8694  0.000e+00
     37.760     6.3901   3.172803    31.6496        645     2.6833     2.8697  0.000e+00
     37.692     6.3789   3.169525    31.6238        646     2.6875     2.8710  0.000e+00
     37.629     6.3624   3.167869    31.6208        647     2.6917     2.8713  0.000e+00
     37.561     6.3473   3.167579    31.6316        648     2.6958     2.8698  0.000e+00
     37.487     6.3367   3.167155    31.6368        649     2.7000     2.8715  0.000e+00
     37.424     6.3300   3.166022    31.6305        650     2.7042     2.8719  0.000e+00
     37.356     6.3235   3.164186    31.6163        651     2.7083     2.8731  0.000e+00
     37.284     6.3144   3.163733    31.6198        652     2.7125     2.8735  0.000e+00
     37.197     6.3062   3.161474    31.6025        653     2.7167     2.8722  0.000e+00
     37.124     6.2961   3.159135    31.5860        654     2.7208     2.8727  0.000e+00
     37.036     6.2828   3.159570    31.6032        655     2.7250     2.8735  0.000e+00
     36.942     6.2737   3.159153    31.6071        656     2.7292     2.8730  0.000e+00
     36.849     6.2687   3.158450    31.6040        657     2.7333     2.8734  0.000e+00
     36.736     6.2645   3.158706    31.6108        658     2.7375     2.8735  0.000e+00
     36.626     6.2623   3.158642    31.6122        659     2.7417     2.8743  0.000e+00
     36.507     6.2610   3.158746    31.6145        660     2.7458     2.8744  0.000e+00
     36.401     6.2610   3.158450    31.6113        661     2.7500     2.8739  0.000e+00
     36.301     6.2598   3.157307    31.5999        662     2.7542     2.8748  0.000e+00
     36.204     6.2558   3.155798    31.5869        663     2.7583     2.8757  0.000e+00
     36.105     6.2489   3.156152    31.5972        664     2.7625     2.8757  0.000e+00
     36.022     6.2444   3.156286    31.6030        665     2.7667     2.8757  0.000e+00
     35.939     6.2436   3.159344    31.6376        666     2.7708     2.8764  0.000e+00
     35.857     6.2505   3.159135    31.6289        667     2.7750     2.8768  0.000e+00
     35.787     6.2574   3.158253    31.6128        668     2.7792     2.8774  0.000e+00
     35.704     6.2589   3.158822    31.6178        669     2.7833     2.8772  0.000e+00
     35.623     6.2599   3.157939    31.6070        670     2.7875     2.8785  0.000e+00
     35.548     6.2585   3.155456    31.5809        671     2.7917     2.8786  0.000e+00
     35.465     6.2509   3.154580    31.5783        672     2.7958     2.8791  0.000e+00
     35.379     6.2415   3.154441    31.5855        673     2.8000     2.8793  0.000e+00
     35.287     6.2350   3.154505    31.5923        674     2.8042     2.8780  0.000e+00
     35.190     6.2317   3.154423    31.5946        675     2.8083     2.8804  0.000e+00
     35.091     6.2300   3.153745    31.5887        676     2.8125     2.8794  0.000e+00
     34.983     6.2269   3.153779    31.5919        677     2.8167     2.8785  0.000e+00
     34.879     6.2253   3.154052    31.5965        678     2.8208     2.8785  0.000e+00
     34.771     6.2252   3.153953    31.5955        679     2.8250     2.8773  0.000e+00
     34.654     6.2253   3.154562    31.6023        680     2.8292     2.8783  0.000e+00
     34.541     6.2264   3.154383    31.5993        681     2.8333     2.8774  0.000e+00
     34.428     6.2269   3.149737    31.5474        682     2.8375     2.8761  0.000e+00
     34.316     6.2155   3.149424    31.5546        683     2.8417     2.8764  0.000e+00
     34.218     6.2030   3.148862    31.5599        684     2.8458     2.8760  0.000e+00
     34.117     6.1945   3.148839    31.5677        685     2.8500     2.8744  0.000e+00
     34.027     6.1895   3.148775    31.5716        686     2.8542     2.8743  0.000e+00
     33.932     6.1873   3.148723    31.5732        687     2.8583     2.8748  0.000e+00
     33.849     6.1858   3.148526    31.5724        688     2.8625     2.8753  0.000e+00
     33.765     6.1845   3.149036    31.5793        689     2.8667     2.8758  0.000e+00
     33.691     6.1854   3.148665    31.5744        690     2.8708     2.8764  0.000e+00
     33.603     6.1854   3.148798    31.5759        691     2.8750     2.8771  0.000e+00
     33.520     6.1848   3.149076    31.5796        692     2.8792     2.8771  0.000e+00
     33.438     6.1857   3.148549    31.5729        693     2.8833     2.8781  0.000e+00
     33.346     6.1851   3.146943    31.5558        694     2.8875     2.8783  0.000e+00
     33.260     6.1802   3.146468    31.5550        695     2.8917     2.8793  0.000e+00
     33.163     6.1738   3.144869    31.5433        696     2.8958     2.8801  0.000e+00
     33.071     6.1664   3.144342    31.5444        697     2.9000     2.8787  0.000e+00
     32.979     6.1585   3.143814    31.5459        698     2.9042     2.8793  0.000e+00
     32.880     6.1527   3.143560    31.5485        699     2.9083     2.8789  0.000e+00
     32.789     6.1484   3.143195    31.5485        700     2.9125     2.8793  0.000e+00
     32.695     6.1451   3.143189    31.5515        701     2.9167     2.8793  0.000e+00
     32.607     6.1432   3.143050    31.5518        702     2.9208     2.8796  0.000e+00
     32.521     6.1420   3.143050    31.5529        703     2.9250     2.8790  0.000e+00
     32.433     6.1410   3.143056    31.5540        704     2.9292     2.8806  0.000e+00
     32.343     6.1407   3.143015    31.5538        705     2.9333     2.8793  0.000e+00
     32.267     6.1405   3.142974    31.5536        706     2.9375     2.8796  0.000e+00
     32.179     6.1403   3.142957    31.5536        707     2.9417     2.8808  0.000e+00
     32.097     6.1401   3.142777    31.5519        708     2.9458     2.8808  0.000e+00
     32.019     6.1395   3.142662    31.5512        709     2.9500     2.8811  0.000e+00
     31.942     6.1387   3.142505    31.5502        710     2.9542     2.8823  0.000e+00
     31.877     6.1377   3.142233    31.5481        711     2.9583     2.8818  0.000e+00
     31.802     6.1363   3.142210    31.5492        712     2.9625     2.8831  0.000e+00
     31.734     6.1354   3.142192    31.5500        713     2.9667     2.8835  0.000e+00
     31.664     6.1347   3.142134    31.5499        714     2.9708     2.8844  0.000e+00
     31.594     6.1344   3.142076    31.5497        715     2.9750     2.8863  0.000e+00
     31.520     6.1338   3.142018    31.5496        716     2.9792     2.8847  0.000e+00
     31.434     6.1334   3.142018    31.5500        717     2.9833     2.8855  0.000e+00
     31.360     6.1333   3.141920    31.5491        718     2.9875     2.8844  0.000e+00
     31.274     6.1327   3.141920    31.5496        719     2.9917     2.8844  0.000e+00
     31.180     6.1326   3.141903    31.5496        720     2.9958     2.8840  0.000e+00
     31.076     6.1323   3.141862    31.5495        721     3.0000     2.8842  0.000e+00
     30.988     6.1323   3.141758    31.5484        722     3.0042     2.8841  0.000e+00
     30.882     6.1319   3.141682    31.5480        723     3.0083     2.8848  0.000e+00
     30.787     6.1315   3.141549    31.5469        724     3.0125     2.8842  0.000e+00
     30.693     6.1308   3.141352    31.5454        725     3.0167     2.8842  0.000e+00
     30.605     6.1296   3.141329    31.5462        726     3.0208     2.8851  0.000e+00
     30.521     6.1289   3.141178    31.5453        727     3.0250     2.8860  0.000e+00
     30.443     6.1281   3.140825    31.5422        728     3.0292     2.8858  0.000e+00
     30.366     6.1266   3.140593    31.5410        729     3.0333     2.8857  0.000e+00
