HB2401/sbe009.cnv
* Sea-Bird SBE 19plus V2 Data File:
* FileName = C:\cruise\data\sbe009.hex
* Software Version Seasave V 7.26.7.121
* Temperature SN = 7142
* Conductivity SN = 7142
* System UpLoad Time = Feb 17 2024 17:01:47
* NMEA Latitude = 42 24.24 N
* NMEA Longitude = 069 34.08 W
* NMEA UTC (Time) = Feb 17 2024  17:02:02
** Cruise: HB2401
** Program: ECOMON
# nquan = 8
# nvalues = 3158                                  
# units = specified
# name 0 = depSM: Depth [salt water, m]
# name 1 = tv290C: Temperature [ITS-90, deg C]
# name 2 = c0S/m: Conductivity [S/m]
# name 3 = sal00: Salinity, Practical [PSU]
# name 4 = scan: Scan Count
# name 5 = timeM: Time, Elapsed [minutes]
# name 6 = sbeox0V: Oxygen raw, SBE 43 [V]
# name 7 = flag:  0.000e+00
# span 0 =      0.139,    225.931                 
# span 1 =     3.5255,     8.2823                 
# span 2 =   2.870690,   3.577458                 
# span 3 =    30.5712,    34.1512                 
# span 4 =         11,       3168                 
# span 5 =     0.0417,    13.1958                 
# span 6 =     1.6481,     3.0311                 
# span 7 = 0.0000e+00, 0.0000e+00                 
# interval = seconds: 0.25
# start_time = Feb 17 2024 17:02:02 [NMEA time, header]
# bad_flag = -9.990e-29
*END*
[from data line 1978]
    177.862     8.2284   3.548043    33.9074       1989     8.2833     1.7459  0.000e+00
    177.679     8.2275   3.547162    33.8990       1990     8.2875     1.7454  0.000e+00
    177.504     8.2262   3.546949    33.8980       1991     8.2917     1.7455  0.000e+00
    177.319     8.2248   3.546797    33.8978       1992     8.2958     1.7461  0.000e+00
    177.139     8.2237   3.546415    33.8949       1993     8.3000     1.7470  0.000e+00
    176.940     8.2227   3.546111    33.8928       1994     8.3042     1.7471  0.000e+00
    176.738     8.2217   3.546038    33.8930       1995     8.3083     1.7483  0.000e+00
    176.526     8.2210   3.545831    33.8916       1996     8.3125     1.7483  0.000e+00
    176.301     8.2203   3.545746    33.8915       1997     8.3167     1.7488  0.000e+00
    176.069     8.2197   3.545600    33.8907       1998     8.3208     1.7479  0.000e+00
    175.839     8.2194   3.545363    33.8885       1999     8.3250     1.7481  0.000e+00
    175.597     8.2189   3.544823    33.8833       2000     8.3292     1.7494  0.000e+00
    175.357     8.2181   3.544252    33.8782       2001     8.3333     1.7504  0.000e+00
    175.122     8.2166   3.543590    33.8727       2002     8.3375     1.7510  0.000e+00
    174.888     8.2146   3.542023    33.8581       2003     8.3417     1.7519  0.000e+00
    174.667     8.2121   3.541319    33.8531       2004     8.3458     1.7512  0.000e+00
    174.444     8.2096   3.540870    33.8508       2005     8.3500     1.7522  0.000e+00
    174.234     8.2077   3.540615    33.8501       2006     8.3542     1.7523  0.000e+00
    174.023     8.2062   3.540165    33.8468       2007     8.3583     1.7533  0.000e+00
    173.802     8.2051   3.539655    33.8426       2008     8.3625     1.7535  0.000e+00
    173.593     8.2038   3.539079    33.8378       2009     8.3667     1.7551  0.000e+00
    173.381     8.2024   3.536293    33.8096       2010     8.3708     1.7547  0.000e+00
    173.165     8.1991   3.535511    33.8046       2011     8.3750     1.7555  0.000e+00
    172.948     8.1953   3.535086    33.8038       2012     8.3792     1.7556  0.000e+00
    172.720     8.1928   3.534849    33.8038       2013     8.3833     1.7552  0.000e+00
    172.507     8.1913   3.534576    33.8024       2014     8.3875     1.7562  0.000e+00
    172.293     8.1902   3.534437    33.8022       2015     8.3917     1.7552  0.000e+00
    172.083     8.1893   3.534103    33.7995       2016     8.3958     1.7565  0.000e+00
    171.880     8.1887   3.533763    33.7966       2017     8.4000     1.7561  0.000e+00
    171.686     8.1880   3.532465    33.7836       2018     8.4042     1.7555  0.000e+00
    171.491     8.1861   3.531101    33.7710       2019     8.4083     1.7561  0.000e+00
    171.308     8.1827   3.529372    33.7560       2020     8.4125     1.7566  0.000e+00
    171.123     8.1787   3.529100    33.7570       2021     8.4167     1.7562  0.000e+00
    170.927     8.1760   3.528693    33.7554       2022     8.4208     1.7569  0.000e+00
    170.733     8.1739   3.528330    33.7536       2023     8.4250     1.7568  0.000e+00
    170.529     8.1724   3.527929    33.7509       2024     8.4292     1.7568  0.000e+00
    170.324     8.1710   3.527675    33.7496       2025     8.4333     1.7564  0.000e+00
    170.103     8.1700   3.527420    33.7480       2026     8.4375     1.7578  0.000e+00
    169.882     8.1692   3.527202    33.7465       2027     8.4417     1.7576  0.000e+00
    169.663     8.1685   3.527056    33.7457       2028     8.4458     1.7588  0.000e+00
    169.436     8.1681   3.527014    33.7458       2029     8.4500     1.7593  0.000e+00
    169.219     8.1677   3.526929    33.7454       2030     8.4542     1.7601  0.000e+00
    169.003     8.1675   3.526693    33.7431       2031     8.4583     1.7615  0.000e+00
    168.791     8.1674   3.526456    33.7408       2032     8.4625     1.7617  0.000e+00
    168.587     8.1669   3.526377    33.7405       2033     8.4667     1.7619  0.000e+00
    168.372     8.1664   3.526268    33.7400       2034     8.4708     1.7621  0.000e+00
    168.163     8.1660   3.526226    33.7400       2035     8.4750     1.7615  0.000e+00
    167.944     8.1659   3.526183    33.7398       2036     8.4792     1.7626  0.000e+00
    167.728     8.1657   3.526056    33.7387       2037     8.4833     1.7615  0.000e+00
    167.500     8.1655   3.526098    33.7394       2038     8.4875     1.7619  0.000e+00
    167.269     8.1653   3.526056    33.7393       2039     8.4917     1.7624  0.000e+00
    167.032     8.1652   3.526074    33.7397       2040     8.4958     1.7634  0.000e+00
    166.795     8.1652   3.525971    33.7387       2041     8.5000     1.7630  0.000e+00
    166.561     8.1653   3.525904    33.7380       2042     8.5042     1.7640  0.000e+00
    166.325     8.1650   3.525692    33.7361       2043     8.5083     1.7644  0.000e+00
    166.110     8.1646   3.525631    33.7360       2044     8.5125     1.7636  0.000e+00
    165.903     8.1646   3.525649    33.7363       2045     8.5167     1.7635  0.000e+00
    165.691     8.1646   3.525631    33.7362       2046     8.5208     1.7640  0.000e+00
    165.493     8.1645   3.525607    33.7361       2047     8.5250     1.7637  0.000e+00
    165.302     8.1645   3.525631    33.7365       2048     8.5292     1.7644  0.000e+00
    165.108     8.1643   3.525649    33.7369       2049     8.5333     1.7651  0.000e+00
    164.916     8.1643   3.525588    33.7364       2050     8.5375     1.7650  0.000e+00
    164.714     8.1645   3.525564    33.7361       2051     8.5417     1.7652  0.000e+00
    164.513     8.1645   3.525521    33.7357       2052     8.5458     1.7657  0.000e+00
    164.310     8.1643   3.525515    33.7359       2053     8.5500     1.7656  0.000e+00
    164.094     8.1645   3.525206    33.7326       2054     8.5542     1.7652  0.000e+00
    163.885     8.1642   3.524800    33.7286       2055     8.5583     1.7650  0.000e+00
    163.675     8.1637   3.524079    33.7215       2056     8.5625     1.7656  0.000e+00
    163.465     8.1627   3.520983    33.6897       2057     8.5667     1.7645  0.000e+00
    163.252     8.1596   3.519384    33.6757       2058     8.5708     1.7647  0.000e+00
    163.044     8.1562   3.519069    33.6757       2059     8.5750     1.7647  0.000e+00
    162.830     8.1536   3.518494    33.6722       2060     8.5792     1.7649  0.000e+00
    162.621     8.1519   3.518179    33.6706       2061     8.5833     1.7652  0.000e+00
    162.411     8.1503   3.518088    33.6712       2062     8.5875     1.7652  0.000e+00
    162.202     8.1494   3.517985    33.6711       2063     8.5917     1.7655  0.000e+00
    161.985     8.1489   3.517688    33.6685       2064     8.5958     1.7646  0.000e+00
    161.757     8.1486   3.516956    33.6611       2065     8.6000     1.7653  0.000e+00
    161.543     8.1479   3.516477    33.6568       2066     8.6042     1.7652  0.000e+00
    161.318     8.1470   3.515866    33.6512       2067     8.6083     1.7657  0.000e+00
    161.097     8.1461   3.515630    33.6497       2068     8.6125     1.7658  0.000e+00
    160.870     8.1456   3.515460    33.6485       2069     8.6167     1.7676  0.000e+00
    160.656     8.1452   3.515333    33.6476       2070     8.6208     1.7678  0.000e+00
    160.435     8.1448   3.515248    33.6472       2071     8.6250     1.7686  0.000e+00
    160.234     8.1447   3.515194    33.6469       2072     8.6292     1.7692  0.000e+00
    160.030     8.1443   3.515079    33.6460       2073     8.6333     1.7709  0.000e+00
    159.827     8.1444   3.514976    33.6450       2074     8.6375     1.7718  0.000e+00
    159.633     8.1443   3.514824    33.6435       2075     8.6417     1.7723  0.000e+00
    159.442     8.1442   3.514727    33.6427       2076     8.6458     1.7731  0.000e+00
    159.246     8.1440   3.514594    33.6415       2077     8.6500     1.7740  0.000e+00
    159.059     8.1440   3.514509    33.6408       2078     8.6542     1.7733  0.000e+00
    158.853     8.1437   3.514340    33.6393       2079     8.6583     1.7735  0.000e+00
    158.657     8.1437   3.514104    33.6369       2080     8.6625     1.7743  0.000e+00
    158.452     8.1437   3.513807    33.6339       2081     8.6667     1.7750  0.000e+00
    158.250     8.1434   3.513722    33.6334       2082     8.6708     1.7746  0.000e+00
    158.031     8.1431   3.513329    33.6295       2083     8.6750     1.7746  0.000e+00
    157.821     8.1429   3.513087    33.6272       2084     8.6792     1.7746  0.000e+00
    157.605     8.1425   3.512832    33.6250       2085     8.6833     1.7751  0.000e+00
    157.385     8.1421   3.512729    33.6244       2086     8.6875     1.7748  0.000e+00
    157.164     8.1421   3.512657    33.6237       2087     8.6917     1.7746  0.000e+00
    156.931     8.1422   3.512560    33.6228       2088     8.6958     1.7755  0.000e+00
    156.695     8.1423   3.512517    33.6223       2089     8.7000     1.7776  0.000e+00
    156.456     8.1425   3.512493    33.6219       2090     8.7042     1.7782  0.000e+00
    156.217     8.1426   3.512439    33.6214       2091     8.7083     1.7792  0.000e+00
    155.967     8.1427   3.512305    33.6200       2092     8.7125     1.7790  0.000e+00
    155.722     8.1427   3.511900    33.6158       2093     8.7167     1.7796  0.000e+00
    155.465     8.1429   3.511591    33.6124       2094     8.7208     1.7799  0.000e+00
    155.228     8.1426   3.511095    33.6076       2095     8.7250     1.7798  0.000e+00
    154.991     8.1428   3.510085    33.5967       2096     8.7292     1.7809  0.000e+00
    154.762     8.1438   3.509746    33.5922       2097     8.7333     1.7804  0.000e+00
    154.537     8.1459   3.509613    33.5890       2098     8.7375     1.7816  0.000e+00
    154.324     8.1485   3.509661    33.5871       2099     8.7417     1.7826  0.000e+00
    154.128     8.1501   3.509637    33.5854       2100     8.7458     1.7832  0.000e+00
    153.935     8.1515   3.509594    33.5837       2101     8.7500     1.7845  0.000e+00
    153.748     8.1531   3.509413    33.5803       2102     8.7542     1.7848  0.000e+00
    153.565     8.1553   3.509171    33.5757       2103     8.7583     1.7862  0.000e+00
    153.403     8.1577   3.508874    33.5704       2104     8.7625     1.7864  0.000e+00
    153.230     8.1597   3.508747    33.5672       2105     8.7667     1.7882  0.000e+00
    153.063     8.1612   3.508705    33.5653       2106     8.7708     1.7890  0.000e+00
    152.891     8.1625   3.508686    33.5640       2107     8.7750     1.7890  0.000e+00
    152.716     8.1640   3.508577    33.5615       2108     8.7792     1.7905  0.000e+00
    152.540     8.1657   3.508372    33.5578       2109     8.7833     1.7903  0.000e+00
    152.351     8.1672   3.508220    33.5548       2110     8.7875     1.7913  0.000e+00
    152.159     8.1681   3.508178    33.5536       2111     8.7917     1.7923  0.000e+00
    151.954     8.1692   3.508039    33.5511       2112     8.7958     1.7920  0.000e+00
    151.738     8.1702   3.507670    33.5464       2113     8.8000     1.7939  0.000e+00
    151.522     8.1714   3.507458    33.5431       2114     8.8042     1.7931  0.000e+00
    151.303     8.1734   3.506762    33.5339       2115     8.8083     1.7951  0.000e+00
    151.073     8.1745   3.506375    33.5288       2116     8.8125     1.7956  0.000e+00
    150.839     8.1752   3.506043    33.5247       2117     8.8167     1.7960  0.000e+00
    150.607     8.1758   3.505982    33.5236       2118     8.8208     1.7967  0.000e+00
    150.375     8.1773   3.506327    33.5259       2119     8.8250     1.7974  0.000e+00
    150.138     8.1811   3.506593    33.5253       2120     8.8292     1.7984  0.000e+00
    149.897     8.1858   3.506780    33.5229       2121     8.8333     1.7978  0.000e+00
    149.660     8.1896   3.506931    33.5210       2122     8.8375     1.7994  0.000e+00
    149.408     8.1931   3.506749    33.5158       2123     8.8417     1.8008  0.000e+00
    149.176     8.1963   3.506653    33.5119       2124     8.8458     1.8026  0.000e+00
    148.942     8.1984   3.506592    33.5093       2125     8.8500     1.8031  0.000e+00
    148.714     8.1995   3.506592    33.5084       2126     8.8542     1.8037  0.000e+00
    148.493     8.2003   3.506465    33.5064       2127     8.8583     1.8046  0.000e+00
    148.279     8.2012   3.506320    33.5041       2128     8.8625     1.8067  0.000e+00
    148.067     8.2024   3.506150    33.5013       2129     8.8667     1.8068  0.000e+00
    147.867     8.2034   3.505793    33.4966       2130     8.8708     1.8071  0.000e+00
    147.660     8.2046   3.505515    33.4926       2131     8.8750     1.8074  0.000e+00
    147.459     8.2065   3.505304    33.4886       2132     8.8792     1.8097  0.000e+00
    147.256     8.2085   3.505128    33.4849       2133     8.8833     1.8099  0.000e+00
    147.063     8.2102   3.504904    33.4811       2134     8.8875     1.8108  0.000e+00
    146.857     8.2114   3.504820    33.4791       2135     8.8917     1.8113  0.000e+00
    146.653     8.2122   3.504644    33.4766       2136     8.8958     1.8120  0.000e+00
    146.454     8.2129   3.504523    33.4748       2137     8.9000     1.8136  0.000e+00
    146.260     8.2137   3.504396    33.4727       2138     8.9042     1.8152  0.000e+00
    146.053     8.2142   3.504245    33.4707       2139     8.9083     1.8152  0.000e+00
    145.846     8.2147   3.503979    33.4676       2140     8.9125     1.8159  0.000e+00
    145.647     8.2152   3.503828    33.4655       2141     8.9167     1.8174  0.000e+00
    145.440     8.2157   3.503634    33.4631       2142     8.9208     1.8159  0.000e+00
    145.244     8.2166   3.503465    33.4605       2143     8.9250     1.8193  0.000e+00
    145.032     8.2178   3.503193    33.4566       2144     8.9292     1.8182  0.000e+00
    144.820     8.2189   3.502896    33.4525       2145     8.9333     1.8196  0.000e+00
    144.604     8.2200   3.502667    33.4491       2146     8.9375     1.8203  0.000e+00
    144.395     8.2208   3.502002    33.4414       2147     8.9417     1.8207  0.000e+00
    144.180     8.2210   3.501421    33.4351       2148     8.9458     1.8224  0.000e+00
    143.958     8.2205   3.501041    33.4317       2149     8.9500     1.8229  0.000e+00
    143.734     8.2199   3.500098    33.4224       2150     8.9542     1.8248  0.000e+00
    143.511     8.2183   3.499693    33.4197       2151     8.9583     1.8252  0.000e+00
    143.286     8.2162   3.499584    33.4206       2152     8.9625     1.8269  0.000e+00
    143.059     8.2148   3.499373    33.4198       2153     8.9667     1.8268  0.000e+00
    142.837     8.2138   3.499101    33.4180       2154     8.9708     1.8289  0.000e+00
    142.608     8.2130   3.498720    33.4148       2155     8.9750     1.8305  0.000e+00
    142.378     8.2125   3.498043    33.4082       2156     8.9792     1.8314  0.000e+00
    142.162     8.2126   3.497542    33.4029       2157     8.9833     1.8330  0.000e+00
    141.938     8.2135   3.497161    33.3981       2158     8.9875     1.8356  0.000e+00
    141.724     8.2150   3.496974    33.3948       2159     8.9917     1.8358  0.000e+00
    141.506     8.2158   3.496756    33.3918       2160     8.9958     1.8386  0.000e+00
    141.294     8.2173   3.496593    33.3888       2161     9.0000     1.8394  0.000e+00
    141.084     8.2192   3.496593    33.3871       2162     9.0042     1.8405  0.000e+00
    140.880     8.2212   3.496605    33.3854       2163     9.0083     1.8422  0.000e+00
    140.681     8.2230   3.496550    33.3832       2164     9.0125     1.8430  0.000e+00
    140.478     8.2243   3.496490    33.3814       2165     9.0167     1.8463  0.000e+00
    140.284     8.2250   3.496472    33.3806       2166     9.0208     1.8479  0.000e+00
    140.095     8.2256   3.496448    33.3799       2167     9.0250     1.8492  0.000e+00
