HB2401/sbe006.cnv
* Sea-Bird SBE 19plus V2 Data File:
* FileName = C:\cruise\data\sbe006.hex
* Software Version Seasave V 7.26.7.121
* Temperature SN = 7142
* Conductivity SN = 7142
* System UpLoad Time = Feb 17 2024 14:15:19
* NMEA Latitude = 42 30.54 N
* NMEA Longitude = 069 41.15 W
* NMEA UTC (Time) = Feb 17 2024  14:15:35
** Cruise: HB2401
** Program: ECOMON
# nquan = 8
# nvalues = 3026                                  
# units = specified
# name 0 = depSM: Depth [salt water, m]
# name 1 = tv290C: Temperature [ITS-90, deg C]
# name 2 = c0S/m: Conductivity [S/m]
# name 3 = sal00: Salinity, Practical [PSU]
# name 4 = scan: Scan Count
# name 5 = timeM: Time, Elapsed [minutes]
# name 6 = sbeox0V: Oxygen raw, SBE 43 [V]
# name 7 = flag:  0.000e+00
# span 0 =     -0.131,    258.398                 
# span 1 =     4.0035,     8.2906                 
# span 2 =   0.253008,   3.581474                 
# span 3 =     2.2257,    34.1657                 
# span 4 =         11,       3036                 
# span 5 =     0.0417,    12.6458                 
# span 6 =     1.6445,     2.9144                 
# span 7 = 0.0000e+00, 0.0000e+00                 
# interval = seconds: 0.25
# start_time = Feb 17 2024 14:15:35 [NMEA time, header]
# bad_flag = -9.990e-29
*END*
[from data line 540]
     81.000     5.6428   3.155778    32.1421        551     2.2917     2.7535  0.000e+00
     81.212     5.6588   3.160647    32.1816        552     2.2958     2.7515  0.000e+00
     81.422     5.6824   3.164270    32.1998        553     2.3000     2.7524  0.000e+00
     81.633     5.7111   3.163875    32.1679        554     2.3042     2.7518  0.000e+00
     81.841     5.7294   3.164061    32.1524        555     2.3083     2.7504  0.000e+00
     82.055     5.7387   3.167122    32.1778        556     2.3125     2.7494  0.000e+00
     82.258     5.7532   3.170516    32.2021        557     2.3167     2.7496  0.000e+00
     82.456     5.7745   3.171027    32.1874        558     2.3208     2.7469  0.000e+00
     82.659     5.7914   3.171010    32.1710        559     2.3250     2.7466  0.000e+00
     82.858     5.7993   3.173038    32.1861        560     2.3292     2.7453  0.000e+00
     83.063     5.8082   3.174283    32.1916        561     2.3333     2.7440  0.000e+00
     83.261     5.8206   3.176022    32.1991        562     2.3375     2.7445  0.000e+00
     83.459     5.8338   3.176144    32.1878        563     2.3417     2.7431  0.000e+00
     83.651     5.8427   3.176202    32.1799        564     2.3458     2.7434  0.000e+00
     83.856     5.8467   3.176516    32.1796        565     2.3500     2.7421  0.000e+00
     84.054     5.8498   3.178575    32.1996        566     2.3542     2.7406  0.000e+00
     84.257     5.8573   3.179169    32.1990        567     2.3583     2.7396  0.000e+00
     84.453     5.8659   3.179547    32.1950        568     2.3625     2.7387  0.000e+00
     84.656     5.8720   3.179663    32.1904        569     2.3667     2.7353  0.000e+00
     84.852     5.8754   3.179745    32.1880        570     2.3708     2.7347  0.000e+00
     85.051     5.8773   3.180653    32.1962        571     2.3750     2.7340  0.000e+00
     85.254     5.8809   3.181700    32.2044        572     2.3792     2.7332  0.000e+00
     85.454     5.8875   3.182795    32.2104        573     2.3833     2.7320  0.000e+00
     85.653     5.8955   3.182894    32.2037        574     2.3875     2.7305  0.000e+00
     85.853     5.9009   3.183464    32.2049        575     2.3917     2.7296  0.000e+00
     86.058     5.9053   3.184221    32.2091        576     2.3958     2.7291  0.000e+00
     86.264     5.9100   3.185962    32.2240        577     2.4000     2.7292  0.000e+00
     86.476     5.9184   3.186935    32.2268        578     2.4042     2.7296  0.000e+00
     86.688     5.9285   3.187336    32.2215        579     2.4083     2.7291  0.000e+00
     86.899     5.9353   3.187436    32.2161        580     2.4125     2.7288  0.000e+00
     87.111     5.9389   3.188187    32.2210        581     2.4167     2.7279  0.000e+00
     87.319     5.9431   3.189655    32.2333        582     2.4208     2.7276  0.000e+00
     87.531     5.9504   3.190255    32.2330        583     2.4250     2.7266  0.000e+00
     87.742     5.9581   3.190372    32.2269        584     2.4292     2.7275  0.000e+00
     87.934     5.9627   3.190768    32.2268        585     2.4333     2.7269  0.000e+00
     88.126     5.9663   3.190733    32.2229        586     2.4375     2.7269  0.000e+00
     88.317     5.9686   3.191607    32.2304        587     2.4417     2.7264  0.000e+00
     88.507     5.9723   3.192621    32.2381        588     2.4458     2.7247  0.000e+00
     88.700     5.9786   3.193134    32.2378        589     2.4500     2.7243  0.000e+00
     88.892     5.9850   3.193076    32.2309        590     2.4542     2.7250  0.000e+00
     89.084     5.9887   3.193396    32.2309        591     2.4583     2.7254  0.000e+00
     89.289     5.9905   3.193536    32.2306        592     2.4625     2.7218  0.000e+00
     89.501     5.9928   3.194148    32.2352        593     2.4667     2.7221  0.000e+00
     89.724     5.9956   3.194486    32.2362        594     2.4708     2.7228  0.000e+00
     89.947     5.9989   3.194510    32.2333        595     2.4750     2.7218  0.000e+00
     90.179     6.0012   3.194650    32.2325        596     2.4792     2.7232  0.000e+00
     90.414     6.0025   3.195087    32.2360        597     2.4833     2.7226  0.000e+00
     90.650     6.0047   3.196026    32.2443        598     2.4875     2.7223  0.000e+00
     90.894     6.0096   3.195979    32.2391        599     2.4917     2.7215  0.000e+00
     91.126     6.0126   3.196160    32.2380        600     2.4958     2.7240  0.000e+00
     91.356     6.0146   3.197437    32.2503        601     2.5000     2.7228  0.000e+00
     91.574     6.0198   3.198510    32.2573        602     2.5042     2.7229  0.000e+00
     91.793     6.0280   3.199070    32.2556        603     2.5083     2.7234  0.000e+00
     92.003     6.0360   3.199566    32.2534        604     2.5125     2.7221  0.000e+00
     92.201     6.0417   3.200703    32.2606        605     2.5167     2.7228  0.000e+00
     92.388     6.0486   3.200546    32.2522        606     2.5208     2.7223  0.000e+00
     92.569     6.0533   3.200826    32.2508        607     2.5250     2.7212  0.000e+00
     92.753     6.0555   3.201544    32.2566        608     2.5292     2.7212  0.000e+00
     92.934     6.0601   3.202063    32.2579        609     2.5333     2.7199  0.000e+00
     93.123     6.0643   3.202279    32.2562        610     2.5375     2.7205  0.000e+00
     93.301     6.0675   3.203627    32.2682        611     2.5417     2.7212  0.000e+00
     93.488     6.0743   3.203656    32.2619        612     2.5458     2.7189  0.000e+00
     93.687     6.0793   3.204158    32.2627        613     2.5500     2.7200  0.000e+00
     93.898     6.0830   3.204555    32.2634        614     2.5542     2.7199  0.000e+00
     94.115     6.0869   3.204637    32.2606        615     2.5583     2.7193  0.000e+00
     94.333     6.0896   3.204817    32.2599        616     2.5625     2.7199  0.000e+00
     94.564     6.0912   3.204917    32.2594        617     2.5667     2.7189  0.000e+00
     94.798     6.0927   3.205495    32.2643        618     2.5708     2.7193  0.000e+00
     95.039     6.0951   3.206137    32.2690        619     2.5750     2.7191  0.000e+00
     95.274     6.0998   3.206896    32.2730        620     2.5792     2.7192  0.000e+00
     95.512     6.1050   3.207054    32.2697        621     2.5833     2.7195  0.000e+00
     95.742     6.1093   3.207573    32.2712        622     2.5875     2.7202  0.000e+00
     95.959     6.1133   3.208256    32.2750        623     2.5917     2.7205  0.000e+00
     96.175     6.1176   3.209436    32.2839        624     2.5958     2.7217  0.000e+00
     96.376     6.1252   3.209973    32.2826        625     2.6000     2.7208  0.000e+00
     96.572     6.1322   3.210814    32.2852        626     2.6042     2.7200  0.000e+00
     96.757     6.1399   3.210773    32.2773        627     2.6083     2.7209  0.000e+00
     96.930     6.1447   3.210908    32.2741        628     2.6125     2.7206  0.000e+00
     97.091     6.1473   3.211153    32.2744        629     2.6167     2.7205  0.000e+00
     97.257     6.1491   3.211515    32.2766        630     2.6208     2.7208  0.000e+00
     97.417     6.1519   3.213578    32.2968        631     2.6250     2.7199  0.000e+00
     97.573     6.1604   3.213957    32.2929        632     2.6292     2.7185  0.000e+00
     97.729     6.1695   3.216126    32.3083        633     2.6333     2.7186  0.000e+00
     97.888     6.1816   3.215763    32.2927        634     2.6375     2.7174  0.000e+00
     98.055     6.1897   3.215062    32.2771        635     2.6417     2.7179  0.000e+00
     98.234     6.1906   3.217727    32.3059        636     2.6458     2.7180  0.000e+00
     98.418     6.1990   3.222130    32.3468        637     2.6500     2.7177  0.000e+00
     98.612     6.2233   3.222347    32.3259        638     2.6542     2.7167  0.000e+00
     98.819     6.2409   3.221785    32.3028        639     2.6583     2.7171  0.000e+00
     99.038     6.2477   3.224564    32.3272        640     2.6625     2.7160  0.000e+00
     99.279     6.2601   3.226249    32.3340        641     2.6667     2.7157  0.000e+00
     99.536     6.2757   3.226471    32.3216        642     2.6708     2.7154  0.000e+00
     99.798     6.2861   3.226512    32.3119        643     2.6750     2.7151  0.000e+00
    100.072     6.2918   3.226535    32.3067        644     2.6792     2.7136  0.000e+00
    100.348     6.2949   3.227074    32.3096        645     2.6833     2.7125  0.000e+00
    100.632     6.2977   3.226857    32.3044        646     2.6875     2.7093  0.000e+00
    100.911     6.2992   3.226711    32.3012        647     2.6917     2.7064  0.000e+00
    101.182     6.2987   3.226875    32.3034        648     2.6958     2.7050  0.000e+00
    101.434     6.2985   3.226635    32.3007        649     2.7000     2.7012  0.000e+00
    101.673     6.2978   3.226793    32.3031        650     2.7042     2.6992  0.000e+00
    101.900     6.2970   3.227320    32.3096        651     2.7083     2.6975  0.000e+00
    102.108     6.2988   3.227619    32.3111        652     2.7125     2.6960  0.000e+00
    102.304     6.3015   3.227543    32.3076        653     2.7167     2.6941  0.000e+00
    102.485     6.3026   3.227982    32.3113        654     2.7208     2.6928  0.000e+00
    102.663     6.3049   3.228327    32.3129        655     2.7250     2.6926  0.000e+00
    102.834     6.3077   3.229030    32.3179        656     2.7292     2.6915  0.000e+00
    103.009     6.3122   3.229293    32.3165        657     2.7333     2.6911  0.000e+00
    103.185     6.3162   3.229837    32.3186        658     2.7375     2.6911  0.000e+00
    103.359     6.3200   3.230786    32.3255        659     2.7417     2.6910  0.000e+00
    103.541     6.3257   3.231811    32.3314        660     2.7458     2.6904  0.000e+00
    103.728     6.3336   3.233328    32.3406        661     2.7500     2.6896  0.000e+00
    103.918     6.3440   3.236221    32.3626        662     2.7542     2.6885  0.000e+00
    104.109     6.3599   3.237135    32.3576        663     2.7583     2.6882  0.000e+00
    104.297     6.3757   3.237041    32.3415        664     2.7625     2.6881  0.000e+00
    104.491     6.3837   3.239831    32.3647        665     2.7667     2.6873  0.000e+00
    104.680     6.3955   3.240599    32.3619        666     2.7708     2.6861  0.000e+00
    104.867     6.4083   3.242563    32.3714        667     2.7750     2.6851  0.000e+00
    105.056     6.4224   3.241754    32.3490        668     2.7792     2.6837  0.000e+00
    105.243     6.4289   3.242727    32.3535        669     2.7833     2.6835  0.000e+00
    105.437     6.4326   3.243982    32.3638        670     2.7875     2.6825  0.000e+00
    105.628     6.4414   3.246574    32.3841        671     2.7917     2.6802  0.000e+00
    105.824     6.4542   3.248540    32.3935        672     2.7958     2.6786  0.000e+00
    106.021     6.4705   3.249842    32.3924        673     2.8000     2.6761  0.000e+00
    106.228     6.4862   3.250165    32.3810        674     2.8042     2.6752  0.000e+00
    106.442     6.4967   3.251222    32.3826        675     2.8083     2.6733  0.000e+00
    106.658     6.5052   3.253006    32.3941        676     2.8125     2.6725  0.000e+00
    106.875     6.5160   3.255044    32.4063        677     2.8167     2.6689  0.000e+00
    107.100     6.5285   3.256647    32.4119        678     2.8208     2.6675  0.000e+00
    107.324     6.5441   3.258074    32.4128        679     2.8250     2.6671  0.000e+00
    107.556     6.5591   3.259883    32.4184        680     2.8292     2.6632  0.000e+00
    107.781     6.5736   3.260641    32.4129        681     2.8333     2.6584  0.000e+00
    108.000     6.5861   3.260718    32.4018        682     2.8375     2.6577  0.000e+00
    108.218     6.5936   3.261576    32.4041        683     2.8417     2.6562  0.000e+00
    108.435     6.6001   3.263533    32.4193        684     2.8458     2.6539  0.000e+00
    108.645     6.6105   3.266490    32.4420        685     2.8500     2.6513  0.000e+00
    108.854     6.6289   3.266655    32.4262        686     2.8542     2.6468  0.000e+00
    109.055     6.6417   3.266919    32.4170        687     2.8583     2.6438  0.000e+00
    109.251     6.6496   3.268966    32.4319        688     2.8625     2.6412  0.000e+00
    109.445     6.6592   3.271460    32.4502        689     2.8667     2.6371  0.000e+00
    109.645     6.6748   3.274014    32.4633        690     2.8708     2.6344  0.000e+00
    109.841     6.6933   3.274591    32.4520        691     2.8750     2.6312  0.000e+00
    110.029     6.7073   3.278053    32.4768        692     2.8792     2.6278  0.000e+00
    110.231     6.7249   3.278995    32.4704        693     2.8833     2.6253  0.000e+00
    110.436     6.7418   3.280697    32.4730        694     2.8875     2.6217  0.000e+00
    110.653     6.7563   3.284420    32.5000        695     2.8917     2.6180  0.000e+00
    110.865     6.7768   3.289271    32.5337        696     2.8958     2.6139  0.000e+00
    111.088     6.8069   3.290728    32.5209        697     2.9000     2.6096  0.000e+00
    111.317     6.8317   3.293594    32.5288        698     2.9042     2.6063  0.000e+00
    111.556     6.8557   3.297742    32.5514        699     2.9083     2.6034  0.000e+00
    111.802     6.8833   3.301213    32.5631        700     2.9125     2.5986  0.000e+00
    112.052     6.9136   3.305241    32.5783        701     2.9167     2.5959  0.000e+00
    112.303     6.9460   3.306092    32.5568        702     2.9208     2.5905  0.000e+00
    112.546     6.9685   3.307894    32.5551        703     2.9250     2.5856  0.000e+00
    112.787     6.9867   3.311505    32.5772        704     2.9292     2.5801  0.000e+00
    113.031     7.0088   3.312605    32.5682        705     2.9333     2.5742  0.000e+00
    113.249     7.0275   3.313509    32.5603        706     2.9375     2.5678  0.000e+00
    113.456     7.0410   3.314491    32.5581        707     2.9417     2.5606  0.000e+00
    113.653     7.0511   3.315904    32.5640        708     2.9458     2.5526  0.000e+00
    113.840     7.0614   3.318087    32.5779        709     2.9500     2.5451  0.000e+00
    114.018     7.0766   3.319608    32.5800        710     2.9542     2.5384  0.000e+00
    114.182     7.0905   3.321726    32.5898        711     2.9583     2.5309  0.000e+00
    114.338     7.1065   3.322662    32.5848        712     2.9625     2.5234  0.000e+00
    114.500     7.1206   3.323248    32.5778        713     2.9667     2.5183  0.000e+00
    114.655     7.1304   3.325059    32.5882        714     2.9708     2.5119  0.000e+00
    114.804     7.1413   3.325373    32.5813        715     2.9750     2.5060  0.000e+00
    114.964     7.1489   3.327002    32.5917        716     2.9792     2.5003  0.000e+00
    115.133     7.1578   3.328086    32.5950        717     2.9833     2.4950  0.000e+00
    115.305     7.1673   3.327227    32.5767        718     2.9875     2.4904  0.000e+00
    115.485     7.1711   3.330757    32.6113        719     2.9917     2.4876  0.000e+00
    115.681     7.1813   3.332802    32.6238        720     2.9958     2.4829  0.000e+00
    115.879     7.1970   3.334977    32.6325        721     3.0000     2.4779  0.000e+00
    116.096     7.2126   3.337491    32.6449        722     3.0042     2.4746  0.000e+00
    116.316     7.2291   3.343566    32.6951        723     3.0083     2.4699  0.000e+00
    116.544     7.2574   3.347851    32.7147        724     3.0125     2.4667  0.000e+00
    116.779     7.2917   3.352608    32.7338        725     3.0167     2.4650  0.000e+00
    117.011     7.3282   3.356833    32.7449        726     3.0208     2.4609  0.000e+00
    117.250     7.3634   3.362445    32.7723        727     3.0250     2.4583  0.000e+00
    117.489     7.4037   3.366186    32.7745        728     3.0292     2.4552  0.000e+00
    117.734     7.4431   3.369126    32.7689        729     3.0333     2.4512  0.000e+00
