HB2401/sbe013.cnv
* Sea-Bird SBE 19plus V2 Data File:
* FileName = C:\cruise\data\sbe013.hex
* Software Version Seasave V 7.26.7.121
* Temperature SN = 7142
* Conductivity SN = 7142
* System UpLoad Time = Feb 17 2024 23:54:05
* NMEA Latitude = 41 51.93 N
* NMEA Longitude = 070 17.84 W
* NMEA UTC (Time) = Feb 17 2024  23:54:21
** Cruise: HB2401
** Program: ECOMON
# nquan = 8
# nvalues = 1129                                  
# units = specified
# name 0 = depSM: Depth [salt water, m]
# name 1 = tv290C: Temperature [ITS-90, deg C]
# name 2 = c0S/m: Conductivity [S/m]
# name 3 = sal00: Salinity, Practical [PSU]
# name 4 = scan: Scan Count
# name 5 = timeM: Time, Elapsed [minutes]
# name 6 = sbeox0V: Oxygen raw, SBE 43 [V]
# name 7 = flag:  0.000e+00
# span 0 =     -0.143,     26.407                 
# span 1 =     0.3362,     3.9257                 
# span 2 =  -0.000008,   2.890793                 
# span 3 =    -0.0016,    30.7689                 
# span 4 =         11,       1139                 
# span 5 =     0.0417,     4.7417                 
# span 6 =     2.4536,     2.9583                 
# span 7 = 0.0000e+00, 0.0000e+00                 
# interval = seconds: 0.25
# start_time = Feb 17 2024 23:54:21 [NMEA time, header]
# bad_flag = -9.990e-29
*END*
[from data line 180]
      7.224     3.7264   2.839556    30.3411        191     0.7917     2.5422  0.000e+00
      7.303     3.7289   2.839634    30.3396        192     0.7958     2.5429  0.000e+00
      7.381     3.7318   2.840013    30.3414        193     0.8000     2.5438  0.000e+00
      7.447     3.7337   2.839996    30.3394        194     0.8042     2.5452  0.000e+00
      7.514     3.7340   2.839461    30.3328        195     0.8083     2.5463  0.000e+00
      7.566     3.7345   2.839116    30.3282        196     0.8125     2.5475  0.000e+00
      7.612     3.7363   2.838653    30.3211        197     0.8167     2.5509  0.000e+00
      7.661     3.7377   2.837795    30.3097        198     0.8208     2.5524  0.000e+00
      7.709     3.7376   2.835690    30.2849        199     0.8250     2.5537  0.000e+00
      7.761     3.7359   2.829933    30.2187        200     0.8292     2.5560  0.000e+00
      7.823     3.7325   2.823586    30.1471        201     0.8333     2.5580  0.000e+00
      7.893     3.7295   2.818966    30.0955        202     0.8375     2.5605  0.000e+00
      7.977     3.7290   2.817349    30.0769        203     0.8417     2.5611  0.000e+00
      8.067     3.7299   2.816516    30.0662        204     0.8458     2.5614  0.000e+00
      8.159     3.7289   2.816077    30.0619        205     0.8500     2.5586  0.000e+00
      8.250     3.7259   2.819205    30.1014        206     0.8542     2.5567  0.000e+00
      8.345     3.7229   2.826306    30.1877        207     0.8583     2.5545  0.000e+00
      8.435     3.7233   2.830685    30.2389        208     0.8625     2.5492  0.000e+00
      8.511     3.7246   2.835144    30.2901        209     0.8667     2.5457  0.000e+00
      8.577     3.7265   2.838052    30.3226        210     0.8708     2.5398  0.000e+00
      8.642     3.7293   2.839005    30.3313        211     0.8750     2.5342  0.000e+00
      8.696     3.7317   2.839021    30.3291        212     0.8792     2.5295  0.000e+00
      8.739     3.7335   2.838492    30.3212        213     0.8833     2.5256  0.000e+00
      8.780     3.7335   2.836988    30.3035        214     0.8875     2.5200  0.000e+00
      8.818     3.7306   2.831303    30.2392        215     0.8917     2.5159  0.000e+00
      8.857     3.7254   2.823497    30.1521        216     0.8958     2.5107  0.000e+00
      8.910     3.7229   2.819094    30.1026        217     0.9000     2.5069  0.000e+00
      8.965     3.7247   2.818278    30.0912        218     0.9042     2.5029  0.000e+00
      9.030     3.7257   2.818311    30.0907        219     0.9083     2.5002  0.000e+00
      9.105     3.7213   2.818694    30.0992        220     0.9125     2.4960  0.000e+00
      9.181     3.7134   2.817372    30.0909        221     0.9167     2.4918  0.000e+00
      9.272     3.7091   2.814956    30.0664        222     0.9208     2.4900  0.000e+00
      9.366     3.7064   2.814267    30.0607        223     0.9250     2.4865  0.000e+00
      9.465     3.7033   2.819550    30.1258        224     0.9292     2.4839  0.000e+00
      9.565     3.7014   2.829294    30.2423        225     0.9333     2.4794  0.000e+00
      9.657     3.7033   2.836275    30.3227        226     0.9375     2.4764  0.000e+00
      9.749     3.7092   2.840415    30.3660        227     0.9417     2.4720  0.000e+00
      9.833     3.7162   2.842305    30.3817        228     0.9458     2.4682  0.000e+00
      9.932     3.7209   2.842817    30.3833        229     0.9500     2.4647  0.000e+00
     10.024     3.7241   2.842834    30.3805        230     0.9542     2.4607  0.000e+00
     10.128     3.7279   2.843185    30.3810        231     0.9583     2.4587  0.000e+00
     10.228     3.7328   2.843994    30.3860        232     0.9625     2.4555  0.000e+00
     10.325     3.7382   2.844730    30.3895        233     0.9667     2.4539  0.000e+00
     10.422     3.7427   2.844858    30.3868        234     0.9708     2.4538  0.000e+00
     10.530     3.7461   2.844417    30.3784        235     0.9750     2.4536  0.000e+00
     10.638     3.7483   2.842856    30.3579        236     0.9792     2.4554  0.000e+00
     10.753     3.7486   2.841128    30.3372        237     0.9833     2.4573  0.000e+00
     10.868     3.7464   2.839757    30.3231        238     0.9875     2.4608  0.000e+00
     10.988     3.7427   2.839206    30.3200        239     0.9917     2.4642  0.000e+00
     11.102     3.7388   2.839501    30.3270        240     0.9958     2.4683  0.000e+00
     11.227     3.7366   2.839373    30.3274        241     1.0000     2.4715  0.000e+00
     11.337     3.7369   2.840142    30.3362        242     1.0042     2.4745  0.000e+00
     11.452     3.7390   2.842366    30.3604        243     1.0083     2.4765  0.000e+00
     11.569     3.7419   2.844435    30.3820        244     1.0125     2.4774  0.000e+00
     11.677     3.7452   2.845812    30.3951        245     1.0167     2.4797  0.000e+00
     11.790     3.7480   2.846676    30.4026        246     1.0208     2.4802  0.000e+00
     11.899     3.7505   2.847390    30.4086        247     1.0250     2.4801  0.000e+00
     12.004     3.7523   2.848015    30.4143        248     1.0292     2.4803  0.000e+00
     12.115     3.7539   2.848735    30.4212        249     1.0333     2.4801  0.000e+00
     12.225     3.7552   2.849232    30.4257        250     1.0375     2.4793  0.000e+00
     12.332     3.7564   2.849360    30.4261        251     1.0417     2.4785  0.000e+00
     12.440     3.7575   2.849432    30.4259        252     1.0458     2.4781  0.000e+00
     12.550     3.7584   2.849432    30.4249        253     1.0500     2.4778  0.000e+00
     12.661     3.7595   2.849393    30.4234        254     1.0542     2.4781  0.000e+00
     12.767     3.7602   2.849215    30.4206        255     1.0583     2.4788  0.000e+00
     12.879     3.7607   2.848919    30.4166        256     1.0625     2.4802  0.000e+00
     12.986     3.7614   2.848679    30.4131        257     1.0667     2.4823  0.000e+00
     13.098     3.7617   2.848423    30.4097        258     1.0708     2.4866  0.000e+00
     13.209     3.7619   2.848272    30.4077        259     1.0750     2.4895  0.000e+00
     13.313     3.7622   2.848239    30.4070        260     1.0792     2.4916  0.000e+00
     13.416     3.7625   2.848255    30.4069        261     1.0833     2.4963  0.000e+00
     13.522     3.7626   2.848311    30.4074        262     1.0875     2.4980  0.000e+00
     13.630     3.7625   2.848311    30.4075        263     1.0917     2.5013  0.000e+00
     13.737     3.7625   2.848367    30.4080        264     1.0958     2.5026  0.000e+00
     13.845     3.7626   2.848825    30.4132        265     1.1000     2.5041  0.000e+00
     13.942     3.7629   2.849745    30.4238        266     1.1042     2.5041  0.000e+00
     14.048     3.7635   2.850426    30.4311        267     1.1083     2.5044  0.000e+00
     14.143     3.7641   2.850370    30.4299        268     1.1125     2.5038  0.000e+00
     14.248     3.7642   2.850002    30.4254        269     1.1167     2.5026  0.000e+00
     14.352     3.7636   2.849416    30.4190        270     1.1208     2.5009  0.000e+00
     14.456     3.7626   2.848864    30.4134        271     1.1250     2.4982  0.000e+00
     14.564     3.7618   2.848367    30.4083        272     1.1292     2.5000  0.000e+00
     14.679     3.7612   2.848072    30.4053        273     1.1333     2.4926  0.000e+00
     14.790     3.7608   2.848217    30.4073        274     1.1375     2.4921  0.000e+00
     14.903     3.7610   2.848736    30.4132        275     1.1417     2.4900  0.000e+00
     15.017     3.7612   2.849394    30.4207        276     1.1458     2.4864  0.000e+00
     15.126     3.7619   2.850041    30.4276        277     1.1500     2.4826  0.000e+00
     15.239     3.7626   2.850650    30.4341        278     1.1542     2.4792  0.000e+00
     15.338     3.7633   2.851163    30.4394        279     1.1583     2.4775  0.000e+00
     15.437     3.7640   2.851643    30.4443        280     1.1625     2.4744  0.000e+00
     15.520     3.7649   2.852011    30.4478        281     1.1667     2.4713  0.000e+00
     15.606     3.7656   2.852542    30.4533        282     1.1708     2.4694  0.000e+00
     15.683     3.7664   2.860774    30.5495        283     1.1750     2.4679  0.000e+00
     15.771     3.7684   2.864989    30.5973        284     1.1792     2.4681  0.000e+00
     15.865     3.7758   2.865582    30.5972        285     1.1833     2.4697  0.000e+00
     15.953     3.7822   2.865677    30.5923        286     1.1875     2.4732  0.000e+00
     16.059     3.7855   2.865749    30.5900        287     1.1917     2.4782  0.000e+00
     16.159     3.7873   2.865878    30.5898        288     1.1958     2.4909  0.000e+00
     16.271     3.7887   2.866046    30.5904        289     1.2000     2.5080  0.000e+00
     16.386     3.7901   2.866079    30.5894        290     1.2042     2.5297  0.000e+00
     16.503     3.7911   2.866118    30.5889        291     1.2083     2.5529  0.000e+00
     16.627     3.7914   2.866230    30.5899        292     1.2125     2.5791  0.000e+00
     16.745     3.7920   2.866247    30.5895        293     1.2167     2.6021  0.000e+00
     16.860     3.7923   2.866303    30.5897        294     1.2208     2.6246  0.000e+00
     16.970     3.7926   2.866359    30.5901        295     1.2250     2.6462  0.000e+00
     17.076     3.7929   2.866471    30.5911        296     1.2292     2.6645  0.000e+00
     17.178     3.7935   2.866560    30.5915        297     1.2333     2.6855  0.000e+00
     17.279     3.7944   2.866639    30.5916        298     1.2375     2.7021  0.000e+00
     17.378     3.7949   2.866695    30.5917        299     1.2417     2.7173  0.000e+00
     17.478     3.7954   2.866544    30.5894        300     1.2458     2.7302  0.000e+00
     17.582     3.7949   2.866611    30.5906        301     1.2500     2.7414  0.000e+00
     17.679     3.7944   2.866711    30.5922        302     1.2542     2.7525  0.000e+00
     17.784     3.7948   2.866560    30.5900        303     1.2583     2.7618  0.000e+00
     17.892     3.7947   2.866488    30.5892        304     1.2625     2.7712  0.000e+00
     17.999     3.7939   2.866398    30.5888        305     1.2667     2.7792  0.000e+00
     18.109     3.7932   2.866488    30.5905        306     1.2708     2.7856  0.000e+00
     18.215     3.7928   2.866784    30.5943        307     1.2750     2.7919  0.000e+00
     18.321     3.7938   2.866952    30.5953        308     1.2792     2.7976  0.000e+00
     18.423     3.7954   2.867008    30.5944        309     1.2833     2.8020  0.000e+00
     18.524     3.7965   2.867265    30.5963        310     1.2875     2.8060  0.000e+00
     18.623     3.7979   2.867897    30.6024        311     1.2917     2.8117  0.000e+00
     18.723     3.8004   2.868289    30.6046        312     1.2958     2.8136  0.000e+00
     18.820     3.8034   2.868339    30.6024        313     1.3000     2.8165  0.000e+00
     18.923     3.8054   2.868306    30.6000        314     1.3042     2.8181  0.000e+00
     19.023     3.8064   2.868306    30.5991        315     1.3083     2.8192  0.000e+00
     19.128     3.8068   2.868434    30.6001        316     1.3125     2.8212  0.000e+00
     19.228     3.8073   2.868418    30.5994        317     1.3167     2.8231  0.000e+00
     19.334     3.8078   2.868306    30.5976        318     1.3208     2.8242  0.000e+00
     19.435     3.8074   2.868289    30.5977        319     1.3250     2.8261  0.000e+00
     19.541     3.8069   2.868339    30.5987        320     1.3292     2.8281  0.000e+00
     19.647     3.8068   2.868563    30.6013        321     1.3333     2.8281  0.000e+00
     19.751     3.8076   2.868658    30.6017        322     1.3375     2.8288  0.000e+00
     19.852     3.8085   2.868546    30.5995        323     1.3417     2.8292  0.000e+00
     19.956     3.8089   2.868418    30.5976        324     1.3458     2.8297  0.000e+00
     20.059     3.8086   2.868340    30.5968        325     1.3500     2.8295  0.000e+00
     20.163     3.8080   2.868082    30.5943        326     1.3542     2.8301  0.000e+00
     20.265     3.8071   2.868155    30.5960        327     1.3583     2.8293  0.000e+00
     20.371     3.8065   2.868105    30.5959        328     1.3625     2.8286  0.000e+00
     20.474     3.8063   2.868099    30.5960        329     1.3667     2.8285  0.000e+00
     20.572     3.8061   2.868194    30.5973        330     1.3708     2.8284  0.000e+00
     20.669     3.8061   2.868379    30.5994        331     1.3750     2.8284  0.000e+00
     20.772     3.8064   2.868396    30.5992        332     1.3792     2.8307  0.000e+00
     20.869     3.8067   2.868452    30.5996        333     1.3833     2.8304  0.000e+00
     20.975     3.8072   2.868452    30.5991        334     1.3875     2.8318  0.000e+00
     21.081     3.8074   2.868564    30.6001        335     1.3917     2.8331  0.000e+00
     21.191     3.8078   2.868676    30.6010        336     1.3958     2.8333  0.000e+00
     21.298     3.8085   2.868748    30.6012        337     1.4000     2.8346  0.000e+00
     21.410     3.8090   2.868715    30.6003        338     1.4042     2.8356  0.000e+00
     21.518     3.8092   2.868564    30.5982        339     1.4083     2.8352  0.000e+00
     21.625     3.8091   2.868586    30.5985        340     1.4125     2.8354  0.000e+00
     21.726     3.8088   2.868586    30.5987        341     1.4167     2.8350  0.000e+00
     21.834     3.8086   2.868603    30.5990        342     1.4208     2.8352  0.000e+00
     21.934     3.8087   2.868788    30.6011        343     1.4250     2.8364  0.000e+00
     22.037     3.8091   2.869045    30.6037        344     1.4292     2.8362  0.000e+00
     22.128     3.8102   2.869453    30.6074        345     1.4333     2.8368  0.000e+00
     22.225     3.8121   2.869582    30.6071        346     1.4375     2.8378  0.000e+00
     22.315     3.8138   2.869660    30.6064        347     1.4417     2.8369  0.000e+00
     22.405     3.8149   2.869772    30.6066        348     1.4458     2.8376  0.000e+00
     22.504     3.8158   2.869935    30.6077        349     1.4500     2.8373  0.000e+00
     22.597     3.8167   2.869957    30.6070        350     1.4542     2.8368  0.000e+00
     22.694     3.8171   2.869901    30.6060        351     1.4583     2.8367  0.000e+00
     22.799     3.8172   2.869884    30.6056        352     1.4625     2.8364  0.000e+00
     22.905     3.8175   2.869884    30.6053        353     1.4667     2.8359  0.000e+00
     23.009     3.8175   2.870030    30.6069        354     1.4708     2.8358  0.000e+00
     23.111     3.8178   2.870069    30.6070        355     1.4750     2.8347  0.000e+00
     23.219     3.8183   2.870142    30.6074        356     1.4792     2.8342  0.000e+00
     23.312     3.8188   2.870181    30.6073        357     1.4833     2.8339  0.000e+00
     23.417     3.8194   2.871160    30.6183        358     1.4875     2.8344  0.000e+00
     23.512     3.8216   2.871104    30.6155        359     1.4917     2.8347  0.000e+00
     23.611     3.8238   2.871384    30.6166        360     1.4958     2.8342  0.000e+00
     23.704     3.8253   2.871904    30.6213        361     1.5000     2.8346  0.000e+00
     23.808     3.8270   2.872016    30.6210        362     1.5042     2.8341  0.000e+00
     23.913     3.8284   2.872515    30.6255        363     1.5083     2.8341  0.000e+00
     24.020     3.8300   2.872906    30.6285        364     1.5125     2.8341  0.000e+00
     24.125     3.8323   2.873539    30.6337        365     1.5167     2.8336  0.000e+00
     24.229     3.8349   2.873981    30.6365        366     1.5208     2.8333  0.000e+00
     24.337     3.8376   2.873651    30.6301        367     1.5250     2.8330  0.000e+00
     24.444     3.8384   2.873668    30.6294        368     1.5292     2.8333  0.000e+00
     24.550     3.8389   2.875263    30.6476        369     1.5333     2.8323  0.000e+00
