HB2401/sbe033.cnv
* Sea-Bird SBE 19plus V2 Data File:
* FileName = C:\cruise\data\sbe033.hex
* Software Version Seasave V 7.26.7.121
* Temperature SN = 7142
* Conductivity SN = 7142
* System UpLoad Time = Feb 21 2024 11:38:16
* NMEA Latitude = 40 02.96 N
* NMEA Longitude = 069 58.01 W
* NMEA UTC (Time) = Feb 21 2024  11:38:35
** Cruise: HB2401
** Program: ECOMON
# nquan = 8
# nvalues = 3222                                  
# units = specified
# name 0 = depSM: Depth [salt water, m]
# name 1 = tv290C: Temperature [ITS-90, deg C]
# name 2 = c0S/m: Conductivity [S/m]
# name 3 = sal00: Salinity, Practical [PSU]
# name 4 = scan: Scan Count
# name 5 = timeM: Time, Elapsed [minutes]
# name 6 = sbeox0V: Oxygen raw, SBE 43 [V]
# name 7 = flag:  0.000e+00
# span 0 =      0.107,    144.324                 
# span 1 =     2.3121,    13.0740                 
# span 2 =  -0.053723,   4.128214                 
# span 3 =     0.0000,    35.3481                 
# span 4 =         11,       3232                 
# span 5 =     0.0417,    13.4625                 
# span 6 =     1.5655,     3.1091                 
# span 7 = 0.0000e+00, 0.0000e+00                 
# interval = seconds: 0.25
# start_time = Feb 21 2024 11:38:35 [NMEA time, header]
# bad_flag = -9.990e-29
*END*
[from data line 3057]
      4.307     5.1206   3.124697    32.3292       3068    12.7792     2.8229  0.000e+00
      4.216     5.1206   3.124738    32.3297       3069    12.7833     2.8220  0.000e+00
      4.171     5.1209   3.124778    32.3299       3070    12.7875     2.8224  0.000e+00
      4.147     5.1213   3.124772    32.3295       3071    12.7917     2.8226  0.000e+00
      4.154     5.1216   3.124772    32.3291       3072    12.7958     2.8226  0.000e+00
      4.187     5.1218   3.124755    32.3288       3073    12.8000     2.8227  0.000e+00
      4.230     5.1220   3.124772    32.3288       3074    12.8042     2.8226  0.000e+00
      4.269     5.1219   3.124755    32.3286       3075    12.8083     2.8224  0.000e+00
      4.311     5.1219   3.124772    32.3288       3076    12.8125     2.8223  0.000e+00
      4.338     5.1218   3.124738    32.3285       3077    12.8167     2.8221  0.000e+00
      4.358     5.1217   3.124738    32.3285       3078    12.8208     2.8218  0.000e+00
      4.345     5.1217   3.124755    32.3287       3079    12.8250     2.8220  0.000e+00
      4.313     5.1217   3.124738    32.3286       3080    12.8292     2.8214  0.000e+00
      4.246     5.1217   3.124778    32.3291       3081    12.8333     2.8215  0.000e+00
      4.147     5.1220   3.124928    32.3306       3082    12.8375     2.8223  0.000e+00
      4.045     5.1228   3.124772    32.3281       3083    12.8417     2.8227  0.000e+00
      3.944     5.1224   3.124755    32.3283       3084    12.8458     2.8242  0.000e+00
      3.826     5.1221   3.124871    32.3300       3085    12.8500     2.8236  0.000e+00
      3.700     5.1225   3.124911    32.3301       3086    12.8542     2.8245  0.000e+00
      3.587     5.1231   3.124951    32.3301       3087    12.8583     2.8226  0.000e+00
      3.499     5.1236   3.124899    32.3291       3088    12.8625     2.8240  0.000e+00
      3.439     5.1237   3.124894    32.3289       3089    12.8667     2.8235  0.000e+00
      3.421     5.1237   3.124853    32.3285       3090    12.8708     2.8225  0.000e+00
      3.439     5.1236   3.124951    32.3297       3091    12.8750     2.8214  0.000e+00
      3.484     5.1238   3.125021    32.3302       3092    12.8792     2.8207  0.000e+00
      3.543     5.1243   3.125044    32.3300       3093    12.8833     2.8194  0.000e+00
      3.603     5.1247   3.125026    32.3293       3094    12.8875     2.8199  0.000e+00
      3.660     5.1249   3.125061    32.3295       3095    12.8917     2.8189  0.000e+00
      3.702     5.1251   3.125044    32.3291       3096    12.8958     2.8192  0.000e+00
      3.727     5.1253   3.125084    32.3294       3097    12.9000     2.8186  0.000e+00
      3.730     5.1253   3.125044    32.3289       3098    12.9042     2.8178  0.000e+00
      3.720     5.1253   3.125044    32.3289       3099    12.9083     2.8177  0.000e+00
      3.682     5.1251   3.125044    32.3291       3100    12.9125     2.8180  0.000e+00
      3.614     5.1249   3.124986    32.3287       3101    12.9167     2.8174  0.000e+00
      3.518     5.1249   3.124911    32.3279       3102    12.9208     2.8172  0.000e+00
      3.394     5.1245   3.124899    32.3282       3103    12.9250     2.8184  0.000e+00
      3.260     5.1241   3.124853    32.3281       3104    12.9292     2.8191  0.000e+00
      3.110     5.1237   3.124870    32.3288       3105    12.9333     2.8181  0.000e+00
      2.954     5.1237   3.124859    32.3288       3106    12.9375     2.8191  0.000e+00
      2.803     5.1237   3.124870    32.3289       3107    12.9417     2.8194  0.000e+00
      2.692     5.1238   3.124893    32.3291       3108    12.9458     2.8199  0.000e+00
      2.634     5.1239   3.124870    32.3288       3109    12.9500     2.8196  0.000e+00
      2.623     5.1239   3.124876    32.3289       3110    12.9542     2.8203  0.000e+00
      2.652     5.1240   3.124893    32.3290       3111    12.9583     2.8216  0.000e+00
      2.724     5.1239   3.124911    32.3293       3112    12.9625     2.8214  0.000e+00
      2.807     5.1240   3.124916    32.3292       3113    12.9667     2.8220  0.000e+00
      2.882     5.1240   3.125026    32.3304       3114    12.9708     2.8216  0.000e+00
      2.950     5.1246   3.125026    32.3298       3115    12.9750     2.8216  0.000e+00
      2.999     5.1250   3.125182    32.3312       3116    12.9792     2.8220  0.000e+00
      3.031     5.1256   3.125350    32.3324       3117    12.9833     2.8229  0.000e+00
      3.028     5.1268   3.125627    32.3345       3118    12.9875     2.8223  0.000e+00
      2.983     5.1287   3.125437    32.3305       3119    12.9917     2.8227  0.000e+00
      2.862     5.1294   3.125009    32.3249       3120    12.9958     2.8221  0.000e+00
      2.670     5.1277   3.124963    32.3262       3121    13.0000     2.8226  0.000e+00
      2.453     5.1260   3.124911    32.3273       3122    13.0042     2.8231  0.000e+00
      2.255     5.1250   3.124910    32.3284       3123    13.0083     2.8223  0.000e+00
      2.117     5.1246   3.124870    32.3284       3124    13.0125     2.8233  0.000e+00
      2.034     5.1242   3.124962    32.3299       3125    13.0167     2.8223  0.000e+00
      2.011     5.1243   3.124928    32.3294       3126    13.0208     2.8219  0.000e+00
      2.025     5.1244   3.124986    32.3300       3127    13.0250     2.8210  0.000e+00
      2.081     5.1246   3.125020    32.3301       3128    13.0292     2.8212  0.000e+00
      2.156     5.1249   3.125067    32.3303       3129    13.0333     2.8212  0.000e+00
      2.224     5.1251   3.125124    32.3308       3130    13.0375     2.8206  0.000e+00
      2.278     5.1255   3.125240    32.3317       3131    13.0417     2.8194  0.000e+00
      2.314     5.1262   3.125327    32.3320       3132    13.0458     2.8207  0.000e+00
      2.304     5.1268   3.125338    32.3315       3133    13.0500     2.8200  0.000e+00
      2.260     5.1273   3.125315    32.3308       3134    13.0542     2.8193  0.000e+00
      2.187     5.1275   3.125240    32.3298       3135    13.0583     2.8193  0.000e+00
      2.082     5.1271   3.125182    32.3296       3136    13.0625     2.8208  0.000e+00
      1.942     5.1268   3.125182    32.3300       3137    13.0667     2.8201  0.000e+00
      1.802     5.1263   3.125124    32.3298       3138    13.0708     2.8188  0.000e+00
      1.660     5.1262   3.123835    32.3153       3139    13.0750     2.8206  0.000e+00
      1.518     5.1258   3.124870    32.3275       3140    13.0792     2.8202  0.000e+00
      1.394     5.1253   3.124812    32.3275       3141    13.0833     2.8191  0.000e+00
      1.312     5.1247   3.124771    32.3276       3142    13.0875     2.8207  0.000e+00
      1.254     5.1242   3.124818    32.3287       3143    13.0917     2.8203  0.000e+00
      1.223     5.1241   3.124829    32.3289       3144    13.0958     2.8213  0.000e+00
      1.229     5.1242   3.124812    32.3286       3145    13.1000     2.8206  0.000e+00
      1.283     5.1241   3.124818    32.3288       3146    13.1042     2.8207  0.000e+00
      1.425     5.1242   3.124852    32.3290       3147    13.1083     2.8206  0.000e+00
      1.568     5.1242   3.124968    32.3302       3148    13.1125     2.8219  0.000e+00
      1.658     5.1247   3.125009    32.3301       3149    13.1167     2.8221  0.000e+00
      1.725     5.1250   3.125043    32.3302       3150    13.1208     2.8211  0.000e+00
      1.779     5.1253   3.125084    32.3303       3151    13.1250     2.8216  0.000e+00
      1.843     5.1256   3.125101    32.3302       3152    13.1292     2.8204  0.000e+00
      1.842     5.1257   3.125142    32.3306       3153    13.1333     2.8210  0.000e+00
      1.748     5.1258   3.125246    32.3317       3154    13.1375     2.8193  0.000e+00
      1.595     5.1264   3.125511    32.3342       3155    13.1417     2.8199  0.000e+00
      1.400     5.1278   3.125436    32.3322       3156    13.1458     2.8215  0.000e+00
      1.207     5.1285   3.125667    32.3342       3157    13.1500     2.8207  0.000e+00
      1.056     5.1296   3.125633    32.3328       3158    13.1542     2.8220  0.000e+00
      0.927     5.1304   3.125552    32.3312       3159    13.1583     2.8226  0.000e+00
      0.785     5.1308   3.125800    32.3337       3160    13.1625     2.8220  0.000e+00
      0.616     5.1316   3.125552    32.3301       3161    13.1667     2.8223  0.000e+00
      0.530     5.1314   3.125684    32.3319       3162    13.1708     2.8222  0.000e+00
      0.514     5.1317   3.125627    32.3310       3163    13.1750     2.8236  0.000e+00
      0.541     5.1317   3.125395    32.3283       3164    13.1792     2.8224  0.000e+00
      0.623     5.1308   3.125390    32.3291       3165    13.1833     2.8237  0.000e+00
      0.726     5.1302   3.125494    32.3308       3166    13.1875     2.8236  0.000e+00
      0.839     5.1299   3.125627    32.3325       3167    13.1917     2.8250  0.000e+00
      0.929     5.1305   3.125708    32.3329       3168    13.1958     2.8234  0.000e+00
      0.956     5.1312   3.125696    32.3320       3169    13.2000     2.8231  0.000e+00
      1.017     5.1316   3.125725    32.3319       3170    13.2042     2.8217  0.000e+00
      1.065     5.1320   3.125708    32.3314       3171    13.2083     2.8214  0.000e+00
      1.046     5.1322   3.125713    32.3312       3172    13.2125     2.8212  0.000e+00
      1.002     5.1321   3.125725    32.3314       3173    13.2167     2.8200  0.000e+00
      0.934     5.1322   3.125725    32.3314       3174    13.2208     2.8199  0.000e+00
      0.841     5.1322   3.125708    32.3313       3175    13.2250     2.8201  0.000e+00
      0.675     5.1322   3.125673    32.3310       3176    13.2292     2.8196  0.000e+00
      0.521     5.1320   3.125043    32.3240       3177    13.2333     2.8197  0.000e+00
      0.476     5.1295   3.124771    32.3233       3178    13.2375     2.8193  0.000e+00
      0.470     5.1256   3.124754    32.3270       3179    13.2417     2.8198  0.000e+00
      0.481     5.1232   3.124713    32.3288       3180    13.2458     2.8207  0.000e+00
      0.470     5.1219   3.124638    32.3292       3181    13.2500     2.8206  0.000e+00
      0.395     5.1210   3.124268    32.3259       3182    13.2542     2.8212  0.000e+00
      0.305     5.1187   3.124222    32.3276       3183    13.2583     2.8210  0.000e+00
      0.208     5.1165   3.124829    32.3367       3184    13.2625     2.8222  0.000e+00
      0.125     5.1185   1.393192    13.3723       3185    13.2667     2.8217  0.000e+00
      0.115     5.1138   0.486269     4.3139       3186    13.2708     2.8227  0.000e+00
      0.111     5.0843   0.316289     2.7320       3187    13.2750     2.8230  0.000e+00
      0.115     5.0293   0.292549     2.5192       3188    13.2792     2.8226  0.000e+00
      0.109     4.9855   0.250158     2.1372       3189    13.2833     2.8233  0.000e+00
      0.109     4.9732   0.229304     1.9500       3190    13.2875     2.8284  0.000e+00
      0.111     4.9733   0.214013     1.8129       3191    13.2917     2.8345  0.000e+00
      0.116     4.9764   0.200709     1.6940       3192    13.2958     2.8451  0.000e+00
      0.118     4.9801   0.185644     1.5600       3193    13.3000     2.8567  0.000e+00
      0.120     4.9833   0.173188     1.4498       3194    13.3042     2.8668  0.000e+00
      0.118     4.9850   0.164463     1.3729       3195    13.3083     2.8761  0.000e+00
      0.116     4.9874   0.154457     1.2851       3196    13.3125     2.8846  0.000e+00
      0.115     4.9904   0.144982     1.2023       3197    13.3167     2.8936  0.000e+00
      0.122     4.9940   0.136953     1.1323       3198    13.3208     2.9014  0.000e+00
      0.172     4.9981   1.530166    14.8570       3199    13.3250     2.9081  0.000e+00
      0.262     5.0101   0.699215     6.3820       3200    13.3292     2.9129  0.000e+00
      0.377     5.0424   1.451903    14.0160       3201    13.3333     2.9141  0.000e+00
      0.386     5.0686   2.451246    24.7844       3202    13.3375     2.9116  0.000e+00
      0.188     5.0827   2.607941    26.5182       3203    13.3417     2.9049  0.000e+00
      0.120     5.0952   2.115618    21.0781       3204    13.3458     2.8936  0.000e+00
      0.124     5.0996   0.487452     4.3269       3205    13.3500     2.8820  0.000e+00
      0.120     5.0939   0.351191     3.0523       3206    13.3542     2.8708  0.000e+00
      0.116     5.0882   0.300154     2.5841       3207    13.3583     2.8601  0.000e+00
      0.120     5.0865   0.251911     2.1465       3208    13.3625     2.8528  0.000e+00
      0.122     5.0862   0.236154     2.0048       3209    13.3667     2.8453  0.000e+00
      0.120     5.0825   0.212931     1.7973       3210    13.3708     2.8379  0.000e+00
      0.118     5.0763   0.192328     1.6146       3211    13.3750     2.8294  0.000e+00
      0.120     5.0734   0.184783     1.5481       3212    13.3792     2.8219  0.000e+00
      0.118     5.0737   0.178129     1.4894       3213    13.3833     2.8113  0.000e+00
      0.107     5.0747   0.159651     1.3271       3214    13.3875     2.8007  0.000e+00
      0.111     5.0755   0.155025     1.2867       3215    13.3917     2.7893  0.000e+00
      0.113     5.0711   0.144814     1.1979       3216    13.3958     2.7768  0.000e+00
      0.134     5.0629   0.143361     1.1856       3217    13.4000     2.7639  0.000e+00
      0.127     5.0581   0.204578     1.7243       3218    13.4042     2.7503  0.000e+00
      0.120     5.0569   0.351768     3.0610       3219    13.4083     2.7395  0.000e+00
      0.120     5.0525   0.329052     2.8519       3220    13.4125     2.7329  0.000e+00
      0.124     5.0490   0.275959     2.3667       3221    13.4167     2.7285  0.000e+00
      0.124     5.0482   0.245714     2.0931       3222    13.4208     2.7265  0.000e+00
      0.122     5.0484   0.220738     1.8689       3223    13.4250     2.7237  0.000e+00
      0.125     5.0493   0.198653     1.6721       3224    13.4292     2.7264  0.000e+00
      0.129     5.0502   0.187384     1.5721       3225    13.4333     2.7267  0.000e+00
      0.122     5.0506   0.169833     1.4174       3226    13.4375     2.7251  0.000e+00
      0.122     5.0503   0.156637     1.3017       3227    13.4417     2.7218  0.000e+00
      0.129     5.0480   0.150852     1.2513       3228    13.4458     2.7179  0.000e+00
      0.125     5.0442   0.145768     1.2072       3229    13.4500     2.7132  0.000e+00
      0.129     5.0427   0.136434     1.1261       3230    13.4542     2.7076  0.000e+00
      0.131     5.0433   0.130725     1.0767       3231    13.4583     2.7023  0.000e+00
      0.129     5.0427   0.124786     1.0254       3232    13.4625     2.6968  0.000e+00
