HB2401/sbe021.cnv
* Sea-Bird SBE 19plus V2 Data File:
* FileName = C:\cruise\data\sbe021.hex
* Software Version Seasave V 7.26.7.121
* Temperature SN = 7142
* Conductivity SN = 7142
* System UpLoad Time = Feb 20 2024 03:15:37
* NMEA Latitude = 39 59.47 N
* NMEA Longitude = 072 57.24 W
* NMEA UTC (Time) = Feb 20 2024  03:15:53
** Cruise: HB2401
** Program: ECOMON
# nquan = 8
# nvalues = 1402                                  
# units = specified
# name 0 = depSM: Depth [salt water, m]
# name 1 = tv290C: Temperature [ITS-90, deg C]
# name 2 = c0S/m: Conductivity [S/m]
# name 3 = sal00: Salinity, Practical [PSU]
# name 4 = scan: Scan Count
# name 5 = timeM: Time, Elapsed [minutes]
# name 6 = sbeox0V: Oxygen raw, SBE 43 [V]
# name 7 = flag:  0.000e+00
# span 0 =      0.061,     47.286                 
# span 1 =     3.8960,     6.8683                 
# span 2 =   0.000037,   3.263976                 
# span 3 =     0.0012,    32.8701                 
# span 4 =         11,       1412                 
# span 5 =     0.0417,     5.8792                 
# span 6 =     2.0495,     3.0180                 
# span 7 = 0.0000e+00, 0.0000e+00                 
# interval = seconds: 0.25
# start_time = Feb 20 2024 03:15:53 [NMEA time, header]
# bad_flag = -9.990e-29
*END*
[from data line 1079]
     15.890     6.8616   3.261808    32.1983       1090     4.5375     2.8803  0.000e+00
     15.827     6.8618   3.261832    32.1984       1091     4.5417     2.8804  0.000e+00
     15.773     6.8622   3.261767    32.1973       1092     4.5458     2.8807  0.000e+00
     15.712     6.8621   3.261644    32.1961       1093     4.5500     2.8801  0.000e+00
     15.661     6.8617   3.261544    32.1954       1094     4.5542     2.8811  0.000e+00
     15.611     6.8610   3.261602    32.1967       1095     4.5583     2.8791  0.000e+00
     15.557     6.8606   3.261685    32.1980       1096     4.5625     2.8801  0.000e+00
     15.498     6.8609   3.261685    32.1978       1097     4.5667     2.8803  0.000e+00
     15.440     6.8611   3.261585    32.1965       1098     4.5708     2.8789  0.000e+00
     15.383     6.8609   3.261567    32.1965       1099     4.5750     2.8786  0.000e+00
     15.318     6.8608   3.261485    32.1958       1100     4.5792     2.8796  0.000e+00
     15.255     6.8605   3.261403    32.1952       1101     4.5833     2.8788  0.000e+00
     15.194     6.8599   3.261526    32.1971       1102     4.5875     2.8787  0.000e+00
     15.126     6.8597   3.261138    32.1930       1103     4.5917     2.8772  0.000e+00
     15.072     6.8588   3.261073    32.1932       1104     4.5958     2.8765  0.000e+00
     15.016     6.8574   3.260709    32.1906       1105     4.6000     2.8749  0.000e+00
     14.957     6.8552   3.260380    32.1891       1106     4.6042     2.8749  0.000e+00
     14.914     6.8525   3.260239    32.1901       1107     4.6083     2.8747  0.000e+00
     14.863     6.8500   3.260404    32.1943       1108     4.6125     2.8736  0.000e+00
     14.818     6.8489   3.260445    32.1958       1109     4.6167     2.8736  0.000e+00
     14.772     6.8492   3.261056    32.2022       1110     4.6208     2.8739  0.000e+00
     14.721     6.8514   3.261179    32.2015       1111     4.6250     2.8745  0.000e+00
     14.675     6.8540   3.261420    32.2017       1112     4.6292     2.8753  0.000e+00
     14.628     6.8562   3.261279    32.1981       1113     4.6333     2.8757  0.000e+00
     14.576     6.8574   3.261197    32.1962       1114     4.6375     2.8772  0.000e+00
     14.518     6.8576   3.261297    32.1971       1115     4.6417     2.8774  0.000e+00
     14.463     6.8577   3.261156    32.1954       1116     4.6458     2.8772  0.000e+00
     14.403     6.8575   3.261014    32.1941       1117     4.6500     2.8758  0.000e+00
     14.333     6.8567   3.261014    32.1949       1118     4.6542     2.8763  0.000e+00
     14.272     6.8561   3.260991    32.1952       1119     4.6583     2.8762  0.000e+00
     14.209     6.8559   3.261014    32.1957       1120     4.6625     2.8775  0.000e+00
     14.150     6.8558   3.261032    32.1961       1121     4.6667     2.8786  0.000e+00
     14.094     6.8558   3.261138    32.1973       1122     4.6708     2.8794  0.000e+00
     14.042     6.8563   3.261138    32.1968       1123     4.6750     2.8803  0.000e+00
     13.992     6.8566   3.261055    32.1956       1124     4.6792     2.8804  0.000e+00
     13.934     6.8565   3.261014    32.1953       1125     4.6833     2.8811  0.000e+00
     13.882     6.8561   3.260991    32.1954       1126     4.6875     2.8804  0.000e+00
     13.834     6.8559   3.261014    32.1959       1127     4.6917     2.8797  0.000e+00
     13.780     6.8560   3.261220    32.1981       1128     4.6958     2.8796  0.000e+00
     13.722     6.8567   3.261179    32.1970       1129     4.7000     2.8790  0.000e+00
     13.672     6.8574   3.261255    32.1972       1130     4.7042     2.8782  0.000e+00
     13.618     6.8575   3.260914    32.1934       1131     4.7083     2.8772  0.000e+00
     13.566     6.8572   3.260932    32.1939       1132     4.7125     2.8770  0.000e+00
     13.517     6.8565   3.260726    32.1924       1133     4.7167     2.8772  0.000e+00
     13.465     6.8550   3.260573    32.1921       1134     4.7208     2.8775  0.000e+00
     13.411     6.8532   3.259974    32.1872       1135     4.7250     2.8776  0.000e+00
     13.359     6.8504   3.259874    32.1888       1136     4.7292     2.8785  0.000e+00
     13.298     6.8473   3.259892    32.1920       1137     4.7333     2.8786  0.000e+00
     13.248     6.8456   3.260033    32.1951       1138     4.7375     2.8780  0.000e+00
     13.190     6.8454   3.260074    32.1958       1139     4.7417     2.8798  0.000e+00
     13.127     6.8461   3.260338    32.1981       1140     4.7458     2.8797  0.000e+00
     13.061     6.8473   3.260239    32.1958       1141     4.7500     2.8798  0.000e+00
     12.994     6.8483   3.260280    32.1954       1142     4.7542     2.8798  0.000e+00
     12.929     6.8489   3.260338    32.1955       1143     4.7583     2.8804  0.000e+00
     12.865     6.8495   3.260338    32.1950       1144     4.7625     2.8800  0.000e+00
     12.811     6.8498   3.260280    32.1941       1145     4.7667     2.8799  0.000e+00
     12.753     6.8498   3.260415    32.1956       1146     4.7708     2.8803  0.000e+00
     12.698     6.8501   3.260403    32.1952       1147     4.7750     2.8801  0.000e+00
     12.647     6.8502   3.260338    32.1944       1148     4.7792     2.8817  0.000e+00
     12.597     6.8500   3.260097    32.1920       1149     4.7833     2.8813  0.000e+00
     12.550     6.8491   3.260056    32.1924       1150     4.7875     2.8821  0.000e+00
     12.500     6.8481   3.260074    32.1936       1151     4.7917     2.8817  0.000e+00
     12.444     6.8477   3.259974    32.1929       1152     4.7958     2.8818  0.000e+00
     12.392     6.8470   3.259833    32.1920       1153     4.8000     2.8820  0.000e+00
     12.336     6.8458   3.259709    32.1918       1154     4.8042     2.8837  0.000e+00
     12.281     6.8446   3.259686    32.1927       1155     4.8083     2.8826  0.000e+00
     12.225     6.8434   3.259686    32.1939       1156     4.8125     2.8825  0.000e+00
     12.169     6.8429   3.259833    32.1959       1157     4.8167     2.8825  0.000e+00
     12.110     6.8433   3.260097    32.1985       1158     4.8208     2.8807  0.000e+00
     12.052     6.8448   3.259856    32.1945       1159     4.8250     2.8807  0.000e+00
     11.993     6.8451   3.259709    32.1926       1160     4.8292     2.8801  0.000e+00
     11.928     6.8440   3.259874    32.1954       1161     4.8333     2.8790  0.000e+00
     11.858     6.8442   3.259974    32.1965       1162     4.8375     2.8782  0.000e+00
     11.795     6.8449   3.260056    32.1967       1163     4.8417     2.8789  0.000e+00
     11.731     6.8458   3.259850    32.1936       1164     4.8458     2.8791  0.000e+00
     11.671     6.8458   3.259809    32.1932       1165     4.8500     2.8792  0.000e+00
     11.616     6.8453   3.259850    32.1941       1166     4.8542     2.8786  0.000e+00
     11.565     6.8452   3.259874    32.1946       1167     4.8583     2.8790  0.000e+00
     11.513     6.8451   3.259850    32.1944       1168     4.8625     2.8785  0.000e+00
     11.463     6.8452   3.259809    32.1938       1169     4.8667     2.8783  0.000e+00
     11.422     6.8450   3.259874    32.1948       1170     4.8708     2.8785  0.000e+00
     11.377     6.8452   3.259950    32.1955       1171     4.8750     2.8795  0.000e+00
     11.339     6.8455   3.259874    32.1944       1172     4.8792     2.8799  0.000e+00
     11.290     6.8453   3.259956    32.1954       1173     4.8833     2.8798  0.000e+00
     11.245     6.8454   3.259997    32.1958       1174     4.8875     2.8798  0.000e+00
     11.202     6.8458   3.259997    32.1955       1175     4.8917     2.8798  0.000e+00
     11.154     6.8463   3.260179    32.1970       1176     4.8958     2.8803  0.000e+00
     11.105     6.8471   3.260320    32.1979       1177     4.9000     2.8807  0.000e+00
     11.055     6.8484   3.260320    32.1967       1178     4.9042     2.8791  0.000e+00
     10.996     6.8495   3.260238    32.1947       1179     4.9083     2.8788  0.000e+00
     10.929     6.8497   3.260156    32.1937       1180     4.9125     2.8775  0.000e+00
     10.859     6.8493   3.260114    32.1936       1181     4.9167     2.8775  0.000e+00
     10.796     6.8492   3.260238    32.1952       1182     4.9208     2.8775  0.000e+00
     10.726     6.8493   3.260114    32.1937       1183     4.9250     2.8757  0.000e+00
     10.663     6.8491   3.260261    32.1955       1184     4.9292     2.8761  0.000e+00
     10.598     6.8494   3.260608    32.1991       1185     4.9333     2.8761  0.000e+00
     10.539     6.8508   3.260567    32.1974       1186     4.9375     2.8767  0.000e+00
     10.491     6.8519   3.260608    32.1968       1187     4.9417     2.8765  0.000e+00
     10.438     6.8524   3.260526    32.1954       1188     4.9458     2.8762  0.000e+00
     10.388     6.8528   3.260443    32.1942       1189     4.9500     2.8776  0.000e+00
     10.336     6.8524   3.260379    32.1939       1190     4.9542     2.8776  0.000e+00
     10.289     6.8523   3.260379    32.1941       1191     4.9583     2.8767  0.000e+00
     10.232     6.8518   3.260567    32.1965       1192     4.9625     2.8760  0.000e+00
     10.167     6.8523   3.260684    32.1975       1193     4.9667     2.8766  0.000e+00
     10.101     6.8531   3.260849    32.1985       1194     4.9708     2.8769  0.000e+00
     10.038     6.8539   3.260766    32.1969       1195     4.9750     2.8773  0.000e+00
      9.959     6.8547   3.260572    32.1940       1196     4.9792     2.8778  0.000e+00
      9.890     6.8547   3.260849    32.1971       1197     4.9833     2.8780  0.000e+00
      9.820     6.8549   3.260749    32.1959       1198     4.9875     2.8785  0.000e+00
      9.750     6.8549   3.260948    32.1981       1199     4.9917     2.8788  0.000e+00
      9.686     6.8552   3.261013    32.1985       1200     4.9958     2.8794  0.000e+00
      9.630     6.8558   3.260766    32.1953       1201     5.0000     2.8788  0.000e+00
      9.574     6.8554   3.260848    32.1966       1202     5.0042     2.8787  0.000e+00
      9.527     6.8551   3.260972    32.1982       1203     5.0083     2.8797  0.000e+00
      9.477     6.8556   3.261013    32.1983       1204     5.0125     2.8792  0.000e+00
      9.436     6.8561   3.260948    32.1971       1205     5.0167     2.8795  0.000e+00
      9.391     6.8564   3.260948    32.1969       1206     5.0208     2.8801  0.000e+00
      9.349     6.8562   3.260848    32.1959       1207     5.0250     2.8804  0.000e+00
      9.305     6.8560   3.260807    32.1957       1208     5.0292     2.8814  0.000e+00
      9.258     6.8556   3.260848    32.1966       1209     5.0333     2.8809  0.000e+00
      9.209     6.8556   3.260748    32.1955       1210     5.0375     2.8809  0.000e+00
      9.155     6.8552   3.260607    32.1944       1211     5.0417     2.8807  0.000e+00
      9.096     6.8545   3.260484    32.1937       1212     5.0458     2.8804  0.000e+00
      9.037     6.8537   3.260278    32.1922       1213     5.0500     2.8798  0.000e+00
      8.974     6.8521   3.259932    32.1900       1214     5.0542     2.8811  0.000e+00
      8.907     6.8500   3.259567    32.1880       1215     5.0583     2.8804  0.000e+00
      8.846     6.8466   3.259685    32.1925       1216     5.0625     2.8799  0.000e+00
      8.774     6.8448   3.259791    32.1954       1217     5.0667     2.8805  0.000e+00
      8.715     6.8445   3.259767    32.1954       1218     5.0708     2.8788  0.000e+00
      8.654     6.8445   3.260073    32.1987       1219     5.0750     2.8794  0.000e+00
      8.600     6.8458   3.259990    32.1966       1220     5.0792     2.8783  0.000e+00
      8.555     6.8467   3.260237    32.1986       1221     5.0833     2.8788  0.000e+00
      8.505     6.8477   3.260114    32.1962       1222     5.0875     2.8787  0.000e+00
      8.460     6.8483   3.260302    32.1978       1223     5.0917     2.8775  0.000e+00
      8.424     6.8494   3.260319    32.1970       1224     5.0958     2.8780  0.000e+00
      8.377     6.8501   3.260178    32.1948       1225     5.1000     2.8769  0.000e+00
      8.338     6.8500   3.260278    32.1960       1226     5.1042     2.8786  0.000e+00
      8.285     6.8502   3.260302    32.1961       1227     5.1083     2.8779  0.000e+00
      8.239     6.8505   3.260401    32.1970       1228     5.1125     2.8796  0.000e+00
      8.188     6.8511   3.260237    32.1946       1229     5.1167     2.8788  0.000e+00
      8.131     6.8510   3.260178    32.1941       1230     5.1208     2.8790  0.000e+00
      8.077     6.8506   3.260260    32.1954       1231     5.1250     2.8785  0.000e+00
      8.009     6.8505   3.260260    32.1955       1232     5.1292     2.8788  0.000e+00
      7.949     6.8506   3.260278    32.1956       1233     5.1333     2.8780  0.000e+00
      7.892     6.8507   3.260260    32.1954       1234     5.1375     2.8778  0.000e+00
      7.831     6.8506   3.260301    32.1959       1235     5.1417     2.8778  0.000e+00
      7.777     6.8507   3.260219    32.1950       1236     5.1458     2.8762  0.000e+00
      7.721     6.8507   3.260337    32.1963       1237     5.1500     2.8768  0.000e+00
      7.671     6.8508   3.260319    32.1960       1238     5.1542     2.8777  0.000e+00
      7.620     6.8511   3.260419    32.1968       1239     5.1583     2.8798  0.000e+00
      7.574     6.8517   3.260460    32.1967       1240     5.1625     2.8798  0.000e+00
      7.522     6.8524   3.260401    32.1955       1241     5.1667     2.8814  0.000e+00
      7.471     6.8527   3.260419    32.1954       1242     5.1708     2.8806  0.000e+00
      7.421     6.8527   3.260319    32.1943       1243     5.1750     2.8833  0.000e+00
      7.365     6.8524   3.260319    32.1946       1244     5.1792     2.8840  0.000e+00
      7.308     6.8523   3.260319    32.1948       1245     5.1833     2.8826  0.000e+00
      7.261     6.8522   3.260442    32.1963       1246     5.1875     2.8810  0.000e+00
      7.209     6.8525   3.260525    32.1968       1247     5.1917     2.8808  0.000e+00
      7.157     6.8535   3.260483    32.1955       1248     5.1958     2.8806  0.000e+00
      7.103     6.8539   3.260378    32.1941       1249     5.2000     2.8808  0.000e+00
      7.045     6.8537   3.260401    32.1945       1250     5.2042     2.8798  0.000e+00
      6.988     6.8535   3.260360    32.1943       1251     5.2083     2.8804  0.000e+00
      6.929     6.8535   3.260442    32.1952       1252     5.2125     2.8804  0.000e+00
      6.878     6.8536   3.260401    32.1947       1253     5.2167     2.8801  0.000e+00
      6.828     6.8537   3.260483    32.1955       1254     5.2208     2.8820  0.000e+00
      6.770     6.8537   3.260460    32.1953       1255     5.2250     2.8830  0.000e+00
      6.724     6.8537   3.260360    32.1942       1256     5.2292     2.8833  0.000e+00
      6.670     6.8534   3.260377    32.1947       1257     5.2333     2.8842  0.000e+00
      6.619     6.8531   3.260377    32.1950       1258     5.2375     2.8856  0.000e+00
      6.573     6.8531   3.260583    32.1972       1259     5.2417     2.8837  0.000e+00
      6.519     6.8537   3.260583    32.1967       1260     5.2458     2.8839  0.000e+00
      6.470     6.8546   3.260442    32.1944       1261     5.2500     2.8823  0.000e+00
      6.415     6.8543   3.260483    32.1951       1262     5.2542     2.8816  0.000e+00
      6.373     6.8540   3.260418    32.1947       1263     5.2583     2.8814  0.000e+00
      6.325     6.8538   3.260460    32.1954       1264     5.2625     2.8804  0.000e+00
      6.282     6.8536   3.260483    32.1958       1265     5.2667     2.8804  0.000e+00
      6.235     6.8539   3.260483    32.1956       1266     5.2708     2.8814  0.000e+00
      6.195     6.8540   3.260418    32.1948       1267     5.2750     2.8813  0.000e+00
      6.152     6.8542   3.260460    32.1951       1268     5.2792     2.8814  0.000e+00
