HB2401/sbe024.cnv
* Sea-Bird SBE 19plus V2 Data File:
* FileName = C:\cruise\data\sbe024.hex
* Software Version Seasave V 7.26.7.121
* Temperature SN = 7142
* Conductivity SN = 7142
* System UpLoad Time = Feb 20 2024 07:48:40
* NMEA Latitude = 39 46.50 N
* NMEA Longitude = 073 20.05 W
* NMEA UTC (Time) = Feb 20 2024  07:48:57
** Cruise: HB2401
** Program: ECOMON
# nquan = 8
# nvalues = 1661                                  
# units = specified
# name 0 = depSM: Depth [salt water, m]
# name 1 = tv290C: Temperature [ITS-90, deg C]
# name 2 = c0S/m: Conductivity [S/m]
# name 3 = sal00: Salinity, Practical [PSU]
# name 4 = scan: Scan Count
# name 5 = timeM: Time, Elapsed [minutes]
# name 6 = sbeox0V: Oxygen raw, SBE 43 [V]
# name 7 = flag:  0.000e+00
# span 0 =      0.050,     38.273                 
# span 1 =     2.5296,     6.5525                 
# span 2 =   0.000020,   3.203395                 
# span 3 =     0.0001,    31.9517                 
# span 4 =         11,       1671                 
# span 5 =     0.0417,     6.9583                 
# span 6 =     2.4776,     3.0211                 
# span 7 = 0.0000e+00, 0.0000e+00                 
# interval = seconds: 0.25
# start_time = Feb 20 2024 07:48:57 [NMEA time, header]
# bad_flag = -9.990e-29
*END*
[from data line 899]
     20.960     6.2643   3.163067    31.6668        910     3.7875     2.8723  0.000e+00
     20.926     6.2644   3.163061    31.6667        911     3.7917     2.8724  0.000e+00
     20.895     6.2643   3.163043    31.6666        912     3.7958     2.8714  0.000e+00
     20.861     6.2642   3.162962    31.6658        913     3.8000     2.8712  0.000e+00
     20.823     6.2641   3.163026    31.6666        914     3.8042     2.8715  0.000e+00
     20.780     6.2639   3.163061    31.6672        915     3.8083     2.8727  0.000e+00
     20.746     6.2640   3.163067    31.6672        916     3.8125     2.8726  0.000e+00
     20.708     6.2641   3.163357    31.6703        917     3.8167     2.8728  0.000e+00
     20.672     6.2653   3.163241    31.6679        918     3.8208     2.8733  0.000e+00
     20.633     6.2661   3.163160    31.6663        919     3.8250     2.8726  0.000e+00
     20.606     6.2661   3.163003    31.6646        920     3.8292     2.8725  0.000e+00
     20.583     6.2653   3.163101    31.6665        921     3.8333     2.8724  0.000e+00
     20.556     6.2650   3.163043    31.6661        922     3.8375     2.8728  0.000e+00
     20.530     6.2647   3.163061    31.6666        923     3.8417     2.8742  0.000e+00
     20.507     6.2647   3.163043    31.6664        924     3.8458     2.8746  0.000e+00
     20.484     6.2647   3.163084    31.6668        925     3.8500     2.8747  0.000e+00
     20.467     6.2648   3.163061    31.6665        926     3.8542     2.8748  0.000e+00
     20.448     6.2650   3.163026    31.6660        927     3.8583     2.8754  0.000e+00
     20.424     6.2647   3.163142    31.6675        928     3.8625     2.8759  0.000e+00
     20.397     6.2650   3.163084    31.6666        929     3.8667     2.8745  0.000e+00
     20.374     6.2650   3.163061    31.6664        930     3.8708     2.8751  0.000e+00
     20.347     6.2649   3.163084    31.6667        931     3.8750     2.8753  0.000e+00
     20.318     6.2647   3.163084    31.6669        932     3.8792     2.8743  0.000e+00
     20.291     6.2648   3.163043    31.6663        933     3.8833     2.8736  0.000e+00
     20.259     6.2648   3.163061    31.6666        934     3.8875     2.8742  0.000e+00
     20.230     6.2647   3.163061    31.6667        935     3.8917     2.8733  0.000e+00
     20.200     6.2648   3.163026    31.6662        936     3.8958     2.8735  0.000e+00
     20.169     6.2648   3.163003    31.6660        937     3.9000     2.8724  0.000e+00
     20.140     6.2644   3.163003    31.6664        938     3.9042     2.8727  0.000e+00
     20.101     6.2644   3.163066    31.6671        939     3.9083     2.8731  0.000e+00
     20.063     6.2643   3.163159    31.6682        940     3.9125     2.8732  0.000e+00
     20.025     6.2648   3.163200    31.6682        941     3.9167     2.8724  0.000e+00
     19.993     6.2654   3.163374    31.6697        942     3.9208     2.8722  0.000e+00
     19.950     6.2664   3.163316    31.6681        943     3.9250     2.8727  0.000e+00
     19.914     6.2672   3.163281    31.6670        944     3.9292     2.8732  0.000e+00
     19.874     6.2672   3.163188    31.6660        945     3.9333     2.8725  0.000e+00
     19.835     6.2669   3.163200    31.6664        946     3.9375     2.8727  0.000e+00
     19.797     6.2666   3.163200    31.6667        947     3.9417     2.8728  0.000e+00
     19.770     6.2665   3.163217    31.6670        948     3.9458     2.8730  0.000e+00
     19.736     6.2666   3.163217    31.6669        949     3.9500     2.8728  0.000e+00
     19.707     6.2667   3.163241    31.6671        950     3.9542     2.8730  0.000e+00
     19.680     6.2668   3.163200    31.6665        951     3.9583     2.8737  0.000e+00
     19.653     6.2668   3.163241    31.6670        952     3.9625     2.8723  0.000e+00
     19.632     6.2668   3.163061    31.6650        953     3.9667     2.8731  0.000e+00
     19.607     6.2664   3.163066    31.6655        954     3.9708     2.8736  0.000e+00
     19.587     6.2658   3.163043    31.6658        955     3.9750     2.8737  0.000e+00
     19.565     6.2654   3.162985    31.6655        956     3.9792     2.8746  0.000e+00
     19.549     6.2651   3.162886    31.6647        957     3.9833     2.8749  0.000e+00
     19.533     6.2644   3.162944    31.6660        958     3.9875     2.8746  0.000e+00
     19.511     6.2641   3.163026    31.6672        959     3.9917     2.8749  0.000e+00
     19.493     6.2645   3.162962    31.6661        960     3.9958     2.8748  0.000e+00
     19.477     6.2645   3.162927    31.6658        961     4.0000     2.8746  0.000e+00
     19.459     6.2644   3.163002    31.6667        962     4.0042     2.8736  0.000e+00
     19.439     6.2647   3.163182    31.6685        963     4.0083     2.8735  0.000e+00
     19.405     6.2654   3.163258    31.6686        964     4.0125     2.8730  0.000e+00
     19.373     6.2665   3.163211    31.6671        965     4.0167     2.8736  0.000e+00
     19.337     6.2668   3.163118    31.6658        966     4.0208     2.8722  0.000e+00
     19.294     6.2667   3.163101    31.6658        967     4.0250     2.8722  0.000e+00
     19.247     6.2661   3.162764    31.6626        968     4.0292     2.8714  0.000e+00
     19.198     6.2649   3.162764    31.6637        969     4.0333     2.8732  0.000e+00
     19.150     6.2634   3.162805    31.6656        970     4.0375     2.8728  0.000e+00
     19.103     6.2628   3.162857    31.6668        971     4.0417     2.8727  0.000e+00
     19.056     6.2629   3.162863    31.6668        972     4.0458     2.8740  0.000e+00
     19.021     6.2630   3.163118    31.6695        973     4.0500     2.8737  0.000e+00
     18.976     6.2641   3.162845    31.6654        974     4.0542     2.8744  0.000e+00
     18.945     6.2641   3.162689    31.6637        975     4.0583     2.8753  0.000e+00
     18.914     6.2630   3.162178    31.6592        976     4.0625     2.8741  0.000e+00
     18.886     6.2601   3.162317    31.6634        977     4.0667     2.8750  0.000e+00
     18.862     6.2580   3.162451    31.6668        978     4.0708     2.8756  0.000e+00
     18.843     6.2577   3.162549    31.6682        979     4.0750     2.8761  0.000e+00
     18.823     6.2586   3.162573    31.6677        980     4.0792     2.8758  0.000e+00
     18.798     6.2591   3.162573    31.6672        981     4.0833     2.8762  0.000e+00
     18.778     6.2596   3.162747    31.6687        982     4.0875     2.8756  0.000e+00
     18.762     6.2604   3.162753    31.6680        983     4.0917     2.8761  0.000e+00
     18.745     6.2612   3.162631    31.6659        984     4.0958     2.8758  0.000e+00
     18.731     6.2610   3.162706    31.6669        985     4.1000     2.8750  0.000e+00
     18.708     6.2612   3.162648    31.6661        986     4.1042     2.8743  0.000e+00
     18.692     6.2610   3.162706    31.6669        987     4.1083     2.8749  0.000e+00
     18.677     6.2612   3.162590    31.6655        988     4.1125     2.8753  0.000e+00
     18.663     6.2609   3.162178    31.6612        989     4.1167     2.8745  0.000e+00
     18.650     6.2586   3.162178    31.6634        990     4.1208     2.8749  0.000e+00
     18.639     6.2566   3.162195    31.6654        991     4.1250     2.8751  0.000e+00
     18.621     6.2561   3.162236    31.6664        992     4.1292     2.8745  0.000e+00
     18.598     6.2559   3.161940    31.6633        993     4.1333     2.8735  0.000e+00
     18.564     6.2547   3.161945    31.6644        994     4.1375     2.8743  0.000e+00
     18.524     6.2535   3.162021    31.6664        995     4.1417     2.8732  0.000e+00
     18.487     6.2532   3.161998    31.6665        996     4.1458     2.8737  0.000e+00
     18.431     6.2530   3.162079    31.6675        997     4.1500     2.8728  0.000e+00
     18.375     6.2533   3.161940    31.6658        998     4.1542     2.8721  0.000e+00
     18.311     6.2533   3.161922    31.6656        999     4.1583     2.8733  0.000e+00
     18.248     6.2526   3.161986    31.6670       1000     4.1625     2.8732  0.000e+00
     18.188     6.2527   3.162021    31.6673       1001     4.1667     2.8738  0.000e+00
     18.127     6.2530   3.162061    31.6675       1002     4.1708     2.8743  0.000e+00
     18.071     6.2534   3.162038    31.6669       1003     4.1750     2.8756  0.000e+00
     18.027     6.2536   3.162038    31.6667       1004     4.1792     2.8759  0.000e+00
     17.987     6.2536   3.161997    31.6664       1005     4.1833     2.8759  0.000e+00
     17.951     6.2536   3.161986    31.6662       1006     4.1875     2.8755  0.000e+00
     17.922     6.2534   3.161997    31.6665       1007     4.1917     2.8756  0.000e+00
     17.901     6.2533   3.162021    31.6669       1008     4.1958     2.8755  0.000e+00
     17.888     6.2536   3.162096    31.6675       1009     4.2000     2.8739  0.000e+00
     17.870     6.2539   3.162137    31.6676       1010     4.2042     2.8749  0.000e+00
     17.861     6.2544   3.162154    31.6673       1011     4.2083     2.8744  0.000e+00
     17.856     6.2547   3.162119    31.6667       1012     4.2125     2.8753  0.000e+00
     17.852     6.2549   3.162218    31.6676       1013     4.2167     2.8747  0.000e+00
     17.845     6.2553   3.162236    31.6674       1014     4.2208     2.8745  0.000e+00
     17.838     6.2558   3.162235    31.6669       1015     4.2250     2.8737  0.000e+00
     17.830     6.2560   3.162137    31.6657       1016     4.2292     2.8730  0.000e+00
     17.816     6.2558   3.162212    31.6667       1017     4.2333     2.8717  0.000e+00
     17.807     6.2558   3.162218    31.6668       1018     4.2375     2.8714  0.000e+00
     17.791     6.2559   3.162137    31.6658       1019     4.2417     2.8708  0.000e+00
     17.776     6.2559   3.162235    31.6669       1020     4.2458     2.8712  0.000e+00
     17.764     6.2560   3.162276    31.6673       1021     4.2500     2.8701  0.000e+00
     17.755     6.2564   3.162253    31.6667       1022     4.2542     2.8710  0.000e+00
     17.742     6.2566   3.162131    31.6651       1023     4.2583     2.8711  0.000e+00
     17.724     6.2560   3.162061    31.6649       1024     4.2625     2.8724  0.000e+00
     17.706     6.2554   3.162061    31.6655       1025     4.2667     2.8724  0.000e+00
     17.683     6.2549   3.162038    31.6657       1026     4.2708     2.8729  0.000e+00
     17.649     6.2545   3.162061    31.6664       1027     4.2750     2.8719  0.000e+00
     17.608     6.2544   3.161968    31.6655       1028     4.2792     2.8725  0.000e+00
     17.572     6.2538   3.162021    31.6666       1029     4.2833     2.8716  0.000e+00
     17.525     6.2537   3.162253    31.6693       1030     4.2875     2.8706  0.000e+00
     17.475     6.2549   3.162293    31.6686       1031     4.2917     2.8701  0.000e+00
     17.430     6.2560   3.162392    31.6688       1032     4.2958     2.8692  0.000e+00
     17.381     6.2570   3.162410    31.6680       1033     4.3000     2.8689  0.000e+00
     17.338     6.2579   3.162259    31.6655       1034     4.3042     2.8699  0.000e+00
     17.289     6.2578   3.162334    31.6665       1035     4.3083     2.8690  0.000e+00
     17.255     6.2578   3.162392    31.6672       1036     4.3125     2.8704  0.000e+00
     17.221     6.2579   3.162375    31.6668       1037     4.3167     2.8712  0.000e+00
     17.190     6.2581   3.162235    31.6651       1038     4.3208     2.8715  0.000e+00
     17.155     6.2577   3.162235    31.6655       1039     4.3250     2.8725  0.000e+00
     17.124     6.2574   3.162258    31.6661       1040     4.3292     2.8732  0.000e+00
     17.097     6.2571   3.162253    31.6663       1041     4.3333     2.8738  0.000e+00
     17.070     6.2570   3.162195    31.6658       1042     4.3375     2.8736  0.000e+00
     17.045     6.2568   3.162195    31.6660       1043     4.3417     2.8740  0.000e+00
     17.016     6.2565   3.162218    31.6665       1044     4.3458     2.8730  0.000e+00
     16.993     6.2565   3.162218    31.6665       1045     4.3500     2.8729  0.000e+00
     16.966     6.2565   3.162195    31.6663       1046     4.3542     2.8718  0.000e+00
     16.942     6.2564   3.162119    31.6655       1047     4.3583     2.8728  0.000e+00
     16.912     6.2561   3.162119    31.6658       1048     4.3625     2.8733  0.000e+00
     16.887     6.2558   3.162154    31.6666       1049     4.3667     2.8738  0.000e+00
     16.849     6.2558   3.162195    31.6670       1050     4.3708     2.8744  0.000e+00
     16.824     6.2560   3.162171    31.6666       1051     4.3750     2.8740  0.000e+00
     16.797     6.2560   3.162154    31.6664       1052     4.3792     2.8732  0.000e+00
     16.768     6.2561   3.162195    31.6668       1053     4.3833     2.8733  0.000e+00
     16.741     6.2562   3.162078    31.6654       1054     4.3875     2.8735  0.000e+00
     16.712     6.2558   3.162061    31.6656       1055     4.3917     2.8727  0.000e+00
     16.693     6.2553   3.162020    31.6656       1056     4.3958     2.8717  0.000e+00
     16.667     6.2547   3.162067    31.6667       1057     4.4000     2.8721  0.000e+00
     16.635     6.2547   3.161997    31.6659       1058     4.4042     2.8713  0.000e+00
     16.612     6.2545   3.161997    31.6661       1059     4.4083     2.8714  0.000e+00
     16.576     6.2544   3.162177    31.6683       1060     4.4125     2.8712  0.000e+00
     16.540     6.2550   3.162235    31.6683       1061     4.4167     2.8712  0.000e+00
     16.498     6.2559   3.162409    31.6695       1062     4.4208     2.8712  0.000e+00
     16.462     6.2571   3.162299    31.6672       1063     4.4250     2.8709  0.000e+00
     16.425     6.2579   3.162293    31.6663       1064     4.4292     2.8705  0.000e+00
     16.387     6.2582   3.162432    31.6676       1065     4.4333     2.8708  0.000e+00
     16.353     6.2588   3.162473    31.6676       1066     4.4375     2.8714  0.000e+00
     16.324     6.2594   3.162450    31.6667       1067     4.4417     2.8705  0.000e+00
     16.292     6.2596   3.162589    31.6681       1068     4.4458     2.8709  0.000e+00
     16.263     6.2604   3.162630    31.6678       1069     4.4500     2.8722  0.000e+00
     16.236     6.2611   3.162607    31.6669       1070     4.4542     2.8735  0.000e+00
     16.211     6.2616   3.162432    31.6646       1071     4.4583     2.8730  0.000e+00
     16.187     6.2610   3.162409    31.6649       1072     4.4625     2.8745  0.000e+00
     16.168     6.2603   3.162351    31.6649       1073     4.4667     2.8740  0.000e+00
     16.137     6.2598   3.162339    31.6653       1074     4.4708     2.8736  0.000e+00
     16.112     6.2591   3.162293    31.6654       1075     4.4750     2.8743  0.000e+00
     16.085     6.2588   3.162293    31.6656       1076     4.4792     2.8734  0.000e+00
     16.060     6.2585   3.162473    31.6679       1077     4.4833     2.8745  0.000e+00
     16.029     6.2589   3.162531    31.6682       1078     4.4875     2.8750  0.000e+00
     16.006     6.2599   3.162572    31.6678       1079     4.4917     2.8744  0.000e+00
     15.975     6.2607   3.162403    31.6652       1080     4.4958     2.8737  0.000e+00
     15.952     6.2603   3.162392    31.6654       1081     4.5000     2.8749  0.000e+00
     15.923     6.2599   3.162548    31.6676       1082     4.5042     2.8734  0.000e+00
     15.900     6.2604   3.162473    31.6663       1083     4.5083     2.8727  0.000e+00
     15.873     6.2606   3.162351    31.6647       1084     4.5125     2.8727  0.000e+00
     15.850     6.2601   3.162392    31.6657       1085     4.5167     2.8725  0.000e+00
     15.819     6.2598   3.162606    31.6684       1086     4.5208     2.8721  0.000e+00
     15.799     6.2603   3.162630    31.6681       1087     4.5250     2.8721  0.000e+00
     15.763     6.2612   3.162647    31.6675       1088     4.5292     2.8729  0.000e+00
