HB2401/sbe042.cnv
* Sea-Bird SBE 19plus V2 Data File:
* FileName = C:\cruise\data\sbe042.hex
* Software Version Seasave V 7.26.7.121
* Temperature SN = 7142
* Conductivity SN = 7142
* System UpLoad Time = Feb 22 2024 02:13:32
* NMEA Latitude = 41 06.67 N
* NMEA Longitude = 070 36.92 W
* NMEA UTC (Time) = Feb 22 2024  02:13:50
** Cruise: HB2401
** Program: ECOMON
# nquan = 8
# nvalues = 1938                                  
# units = specified
# name 0 = depSM: Depth [salt water, m]
# name 1 = tv290C: Temperature [ITS-90, deg C]
# name 2 = c0S/m: Conductivity [S/m]
# name 3 = sal00: Salinity, Practical [PSU]
# name 4 = scan: Scan Count
# name 5 = timeM: Time, Elapsed [minutes]
# name 6 = sbeox0V: Oxygen raw, SBE 43 [V]
# name 7 = flag:  0.000e+00
# span 0 =      0.054,     39.505                 
# span 1 =     0.5218,     3.5825                 
# span 2 = 4.3210e-07,   2.936390                 
# span 3 =    -0.0015,    31.8037                 
# span 4 =         11,       1948                 
# span 5 =     0.0417,     8.1125                 
# span 6 =     2.4065,     2.9950                 
# span 7 = 0.0000e+00, 0.0000e+00                 
# interval = seconds: 0.25
# start_time = Feb 22 2024 02:13:50 [NMEA time, header]
# bad_flag = -9.990e-29
*END*
[from data line 180]
      0.068     0.5580   0.000012    -0.0015        191     0.7917     2.9545  0.000e+00
      0.070     0.5575   0.000014    -0.0014        192     0.7958     2.9543  0.000e+00
      0.062     0.5570   0.000012    -0.0015        193     0.8000     2.9539  0.000e+00
      0.068     0.5565   0.000014    -0.0014        194     0.8042     2.9541  0.000e+00
      0.066     0.5561   0.000012    -0.0015        195     0.8083     2.9540  0.000e+00
      0.066     0.5556   0.000006    -0.0015        196     0.8125     2.9545  0.000e+00
      0.068     0.5550   0.000009    -0.0015        197     0.8167     2.9545  0.000e+00
      0.072     0.5546   0.000012    -0.0015        198     0.8208     2.9540  0.000e+00
      0.068     0.5541   0.000012    -0.0015        199     0.8250     2.9544  0.000e+00
      0.066     0.5537   0.000009    -0.0015        200     0.8292     2.9546  0.000e+00
      0.068     0.5532   0.000012    -0.0015        201     0.8333     2.9543  0.000e+00
      0.066     0.5527   0.000014    -0.0014        202     0.8375     2.9541  0.000e+00
      0.054     0.5523   0.000006    -0.0015        203     0.8417     2.9541  0.000e+00
      0.064     0.5518   0.000006    -0.0015        204     0.8458     2.9545  0.000e+00
      0.066     0.5515   0.000009    -0.0015        205     0.8500     2.9541  0.000e+00
      0.070     0.5511   0.000006    -0.0015        206     0.8542     2.9544  0.000e+00
      0.073     0.5506   0.000009    -0.0015        207     0.8583     2.9545  0.000e+00
      0.068     0.5502   0.000006    -0.0015        208     0.8625     2.9545  0.000e+00
      0.064     0.5497   0.000006    -0.0015        209     0.8667     2.9538  0.000e+00
      0.059     0.5492   0.000009    -0.0015        210     0.8708     2.9545  0.000e+00
      0.068     0.5489   0.000006    -0.0015        211     0.8750     2.9553  0.000e+00
      0.070     0.5484   0.000014    -0.0014        212     0.8792     2.9546  0.000e+00
      0.064     0.5480   0.000012    -0.0015        213     0.8833     2.9530  0.000e+00
      0.066     0.5477   0.000006    -0.0015        214     0.8875     2.9545  0.000e+00
      0.064     0.5472   0.000003    -0.0015        215     0.8917     2.9549  0.000e+00
      0.066     0.5468   0.000006    -0.0015        216     0.8958     2.9551  0.000e+00
      0.064     0.5464   0.000009    -0.0015        217     0.9000     2.9550  0.000e+00
      0.066     0.5461   0.000012    -0.0015        218     0.9042     2.9545  0.000e+00
      0.066     0.5457   0.000012    -0.0015        219     0.9083     2.9541  0.000e+00
      0.068     0.5453   0.000009    -0.0015        220     0.9125     2.9549  0.000e+00
      0.066     0.5449   0.000006    -0.0015        221     0.9167     2.9538  0.000e+00
      0.064     0.5446   0.000009    -0.0015        222     0.9208     2.9544  0.000e+00
      0.064     0.5442   0.000006    -0.0015        223     0.9250     2.9538  0.000e+00
      0.066     0.5438   0.000006    -0.0015        224     0.9292     2.9545  0.000e+00
      0.068     0.5434   0.000009    -0.0015        225     0.9333     2.9544  0.000e+00
      0.066     0.5430   0.000014    -0.0015        226     0.9375     2.9538  0.000e+00
      0.064     0.5427   0.000006    -0.0015        227     0.9417     2.9540  0.000e+00
      0.066     0.5423   0.000009    -0.0015        228     0.9458     2.9543  0.000e+00
      0.072     0.5421   0.000006    -0.0015        229     0.9500     2.9547  0.000e+00
      0.068     0.5417   0.000009    -0.0015        230     0.9542     2.9543  0.000e+00
      0.066     0.5414   0.000012    -0.0015        231     0.9583     2.9537  0.000e+00
      0.070     0.5411   0.000012    -0.0015        232     0.9625     2.9543  0.000e+00
      0.072     0.5406   0.000014    -0.0015        233     0.9667     2.9540  0.000e+00
      0.070     0.5403   0.000006    -0.0015        234     0.9708     2.9543  0.000e+00
      0.068     0.5399   0.000009    -0.0015        235     0.9750     2.9533  0.000e+00
      0.064     0.5397   0.000012    -0.0015        236     0.9792     2.9540  0.000e+00
      0.070     0.5393   0.000006    -0.0015        237     0.9833     2.9540  0.000e+00
      0.072     0.5389   0.000003    -0.0015        238     0.9875     2.9535  0.000e+00
      0.068     0.5386   0.000012    -0.0015        239     0.9917     2.9532  0.000e+00
      0.072     0.5384   0.000009    -0.0015        240     0.9958     2.9542  0.000e+00
      0.063     0.5380   0.000012    -0.0015        241     1.0000     2.9542  0.000e+00
      0.072     0.5377   0.000012    -0.0015        242     1.0042     2.9538  0.000e+00
      0.063     0.5373   0.000014    -0.0015        243     1.0083     2.9543  0.000e+00
      0.068     0.5370   0.000012    -0.0015        244     1.0125     2.9538  0.000e+00
      0.066     0.5367   0.000009    -0.0015        245     1.0167     2.9541  0.000e+00
      0.066     0.5364   0.000006    -0.0015        246     1.0208     2.9538  0.000e+00
      0.063     0.5362   0.000006    -0.0015        247     1.0250     2.9546  0.000e+00
      0.068     0.5358   0.000009    -0.0015        248     1.0292     2.9542  0.000e+00
      0.066     0.5355   0.000006    -0.0015        249     1.0333     2.9541  0.000e+00
      0.066     0.5352   0.000014    -0.0015        250     1.0375     2.9540  0.000e+00
      0.066     0.5348   0.000009    -0.0015        251     1.0417     2.9546  0.000e+00
      0.070     0.5346   0.000012    -0.0015        252     1.0458     2.9536  0.000e+00
      0.071     0.5343   0.000009    -0.0015        253     1.0500     2.9545  0.000e+00
      0.070     0.5340   0.000012    -0.0015        254     1.0542     2.9537  0.000e+00
      0.066     0.5338   0.000012    -0.0015        255     1.0583     2.9545  0.000e+00
      0.062     0.5336   0.000014    -0.0015        256     1.0625     2.9541  0.000e+00
      0.066     0.5332   0.000012    -0.0015        257     1.0667     2.9534  0.000e+00
      0.068     0.5329   0.000009    -0.0015        258     1.0708     2.9545  0.000e+00
      0.066     0.5327   0.000012    -0.0015        259     1.0750     2.9550  0.000e+00
      0.066     0.5324   0.000012    -0.0015        260     1.0792     2.9540  0.000e+00
      0.066     0.5321   0.000014    -0.0015        261     1.0833     2.9540  0.000e+00
      0.070     0.5319   0.000012    -0.0015        262     1.0875     2.9543  0.000e+00
      0.066     0.5315   0.000009    -0.0015        263     1.0917     2.9543  0.000e+00
      0.070     0.5313   0.000012    -0.0015        264     1.0958     2.9545  0.000e+00
      0.064     0.5311   0.000006    -0.0015        265     1.1000     2.9544  0.000e+00
      0.066     0.5308   0.000009    -0.0015        266     1.1042     2.9542  0.000e+00
      0.068     0.5305   0.000012    -0.0015        267     1.1083     2.9541  0.000e+00
      0.070     0.5302   0.000009    -0.0015        268     1.1125     2.9545  0.000e+00
      0.068     0.5300   0.000012    -0.0015        269     1.1167     2.9551  0.000e+00
      0.066     0.5297   0.000012    -0.0015        270     1.1208     2.9545  0.000e+00
      0.068     0.5294   0.000014    -0.0015        271     1.1250     2.9546  0.000e+00
      0.063     0.5293   0.000012    -0.0015        272     1.1292     2.9535  0.000e+00
      0.063     0.5290   0.000009    -0.0015        273     1.1333     2.9528  0.000e+00
      0.068     0.5287   0.000012    -0.0015        274     1.1375     2.9555  0.000e+00
      0.066     0.5284   0.000014    -0.0015        275     1.1417     2.9538  0.000e+00
      0.066     0.5281   0.000009    -0.0015        276     1.1458     2.9541  0.000e+00
      0.066     0.5279   0.000012    -0.0015        277     1.1500     2.9547  0.000e+00
      0.064     0.5278   0.000014    -0.0015        278     1.1542     2.9542  0.000e+00
      0.068     0.5274   0.000014    -0.0015        279     1.1583     2.9538  0.000e+00
      0.068     0.5271   0.000012    -0.0015        280     1.1625     2.9538  0.000e+00
      0.066     0.5269   0.000014    -0.0015        281     1.1667     2.9547  0.000e+00
      0.070     0.5266   0.000012    -0.0015        282     1.1708     2.9538  0.000e+00
      0.070     0.5263   0.000014    -0.0015        283     1.1750     2.9545  0.000e+00
      0.070     0.5260   0.000009    -0.0015        284     1.1792     2.9541  0.000e+00
      0.070     0.5258   0.000012    -0.0015        285     1.1833     2.9533  0.000e+00
      0.070     0.5253   0.000009    -0.0015        286     1.1875     2.9533  0.000e+00
      0.068     0.5252   0.000012    -0.0015        287     1.1917     2.9543  0.000e+00
      0.068     0.5250   0.000012    -0.0015        288     1.1958     2.9547  0.000e+00
      0.068     0.5246   0.000009    -0.0015        289     1.2000     2.9538  0.000e+00
      0.068     0.5244   0.000012    -0.0015        290     1.2042     2.9541  0.000e+00
      0.066     0.5242   0.000009    -0.0015        291     1.2083     2.9548  0.000e+00
      0.066     0.5240   0.000014    -0.0015        292     1.2125     2.9543  0.000e+00
      0.066     0.5237   0.000012    -0.0015        293     1.2167     2.9538  0.000e+00
      0.068     0.5235   0.000014    -0.0015        294     1.2208     2.9541  0.000e+00
      0.068     0.5233   0.000014    -0.0015        295     1.2250     2.9547  0.000e+00
      0.068     0.5230   0.000014    -0.0015        296     1.2292     2.9545  0.000e+00
      0.063     0.5228   0.000014    -0.0015        297     1.2333     2.9536  0.000e+00
      0.066     0.5225   0.000012    -0.0015        298     1.2375     2.9538  0.000e+00
      0.066     0.5223   0.000014    -0.0015        299     1.2417     2.9545  0.000e+00
      0.064     0.5221   0.000012    -0.0015        300     1.2458     2.9541  0.000e+00
      0.064     0.5218   0.000012    -0.0015        301     1.2500     2.9554  0.000e+00
      0.068     0.5221   0.000009    -0.0015        302     1.2542     2.9548  0.000e+00
      0.066     0.5248   0.000012    -0.0015        303     1.2583     2.9545  0.000e+00
      0.064     0.5272   0.000014    -0.0015        304     1.2625     2.9535  0.000e+00
      0.068     0.5271   0.000014    -0.0015        305     1.2667     2.9546  0.000e+00
      0.064     0.5261   0.000012    -0.0015        306     1.2708     2.9540  0.000e+00
      0.064     0.5267   0.000009    -0.0015        307     1.2750     2.9551  0.000e+00
      0.070     0.5311   0.000012    -0.0015        308     1.2792     2.9545  0.000e+00
      0.068     0.5362   0.000014    -0.0015        309     1.2833     2.9549  0.000e+00
      0.062     0.5413   0.000014    -0.0015        310     1.2875     2.9548  0.000e+00
      0.072     0.5446   0.000012    -0.0015        311     1.2917     2.9545  0.000e+00
      0.068     0.5464   0.000009    -0.0015        312     1.2958     2.9543  0.000e+00
      0.066     0.5490   0.000006    -0.0015        313     1.3000     2.9545  0.000e+00
      0.066     0.5515   0.000009    -0.0015        314     1.3042     2.9549  0.000e+00
      0.064     0.5541   0.000012    -0.0015        315     1.3083     2.9546  0.000e+00
      0.070     0.5573   0.000012    -0.0015        316     1.3125     2.9546  0.000e+00
      0.063     0.5601   0.000009    -0.0015        317     1.3167     2.9548  0.000e+00
      0.064     0.5628   0.000012    -0.0014        318     1.3208     2.9540  0.000e+00
      0.066     0.5652   0.000014    -0.0014        319     1.3250     2.9545  0.000e+00
      0.059     0.5672   0.000012    -0.0014        320     1.3292     2.9540  0.000e+00
      0.070     0.5693   0.000014    -0.0014        321     1.3333     2.9546  0.000e+00
      0.068     0.5711   0.000014    -0.0014        322     1.3375     2.9547  0.000e+00
      0.070     0.5735   0.000014    -0.0014        323     1.3417     2.9541  0.000e+00
      0.066     0.5749   0.000009    -0.0014        324     1.3458     2.9555  0.000e+00
      0.070     0.5751   0.000012    -0.0014        325     1.3500     2.9545  0.000e+00
      0.070     0.5757   0.000012    -0.0014        326     1.3542     2.9552  0.000e+00
      0.066     0.5775   0.000009    -0.0014        327     1.3583     2.9556  0.000e+00
      0.062     0.5797   0.000012    -0.0014        328     1.3625     2.9544  0.000e+00
      0.061     0.5818   0.000014    -0.0014        329     1.3667     2.9547  0.000e+00
      0.066     0.5838   0.000014    -0.0014        330     1.3708     2.9548  0.000e+00
      0.070     0.5856   0.000012    -0.0014        331     1.3750     2.9543  0.000e+00
      0.068     0.5874   0.000020    -0.0014        332     1.3792     2.9551  0.000e+00
      0.070     0.5888   0.000012    -0.0014        333     1.3833     2.9548  0.000e+00
      0.066     0.5903   0.000014    -0.0014        334     1.3875     2.9547  0.000e+00
      0.068     0.5917   0.000009    -0.0014        335     1.3917     2.9552  0.000e+00
      0.068     0.5929   0.000014    -0.0014        336     1.3958     2.9549  0.000e+00
      0.068     0.5942   0.000014    -0.0014        337     1.4000     2.9540  0.000e+00
      0.066     0.5955   0.000014    -0.0014        338     1.4042     2.9549  0.000e+00
      0.066     0.5972   0.000012    -0.0014        339     1.4083     2.9541  0.000e+00
      0.064     0.5988   0.000014    -0.0014        340     1.4125     2.9545  0.000e+00
      0.068     0.6001   0.000012    -0.0014        341     1.4167     2.9546  0.000e+00
      0.070     0.6014   0.000014    -0.0014        342     1.4208     2.9547  0.000e+00
      0.066     0.6024   0.000014    -0.0014        343     1.4250     2.9551  0.000e+00
      0.068     0.6035   0.000014    -0.0014        344     1.4292     2.9543  0.000e+00
      0.066     0.6046   0.000014    -0.0014        345     1.4333     2.9548  0.000e+00
      0.068     0.6057   0.000014    -0.0014        346     1.4375     2.9539  0.000e+00
      0.070     0.6068   0.000009    -0.0014        347     1.4417     2.9545  0.000e+00
      0.066     0.6077   0.000012    -0.0014        348     1.4458     2.9541  0.000e+00
      0.066     0.6085   0.000014    -0.0014        349     1.4500     2.9552  0.000e+00
      0.066     0.6094   0.000009    -0.0014        350     1.4542     2.9541  0.000e+00
      0.068     0.6098   0.000014    -0.0014        351     1.4583     2.9541  0.000e+00
      0.068     0.6095   0.000014    -0.0014        352     1.4625     2.9544  0.000e+00
      0.070     0.6083   0.000009    -0.0014        353     1.4667     2.9543  0.000e+00
      0.066     0.6075   0.000014    -0.0014        354     1.4708     2.9551  0.000e+00
      0.070     0.6069   0.000014    -0.0014        355     1.4750     2.9553  0.000e+00
      0.066     0.6059   0.000014    -0.0014        356     1.4792     2.9546  0.000e+00
      0.066     0.6041   0.000012    -0.0014        357     1.4833     2.9548  0.000e+00
      0.064     0.6019   0.000014    -0.0014        358     1.4875     2.9548  0.000e+00
      0.066     0.6001   0.000012    -0.0014        359     1.4917     2.9541  0.000e+00
      0.070     0.5998   0.000009    -0.0014        360     1.4958     2.9538  0.000e+00
      0.066     0.5989   0.000012    -0.0014        361     1.5000     2.9545  0.000e+00
      0.066     0.5983   0.000014    -0.0014        362     1.5042     2.9554  0.000e+00
      0.062     0.5981   0.000020    -0.0014        363     1.5083     2.9550  0.000e+00
      0.061     0.5987   0.000014    -0.0014        364     1.5125     2.9548  0.000e+00
      0.066     0.5998   0.000009    -0.0014        365     1.5167     2.9541  0.000e+00
      0.068     0.6010   0.000012    -0.0014        366     1.5208     2.9532  0.000e+00
      0.068     0.6024   0.000012    -0.0014        367     1.5250     2.9546  0.000e+00
      0.070     0.6037   0.000014    -0.0014        368     1.5292     2.9535  0.000e+00
      0.068     0.6039   0.000012    -0.0014        369     1.5333     2.9548  0.000e+00
