HB2401/sbe034.cnv
* Sea-Bird SBE 19plus V2 Data File:
* FileName = C:\cruise\data\sbe034.hex
* Software Version Seasave V 7.26.7.121
* Temperature SN = 7142
* Conductivity SN = 7142
* System UpLoad Time = Feb 21 2024 13:29:08
* NMEA Latitude = 40 13.25 N
* NMEA Longitude = 070 16.06 W
* NMEA UTC (Time) = Feb 21 2024  13:29:26
** Cruise: HB2401
** Program: ECOMON
# nquan = 8
# nvalues = 2266                                  
# units = specified
# name 0 = depSM: Depth [salt water, m]
# name 1 = tv290C: Temperature [ITS-90, deg C]
# name 2 = c0S/m: Conductivity [S/m]
# name 3 = sal00: Salinity, Practical [PSU]
# name 4 = scan: Scan Count
# name 5 = timeM: Time, Elapsed [minutes]
# name 6 = sbeox0V: Oxygen raw, SBE 43 [V]
# name 7 = flag:  0.000e+00
# span 0 =      0.110,     96.904                 
# span 1 =     2.4898,    11.3551                 
# span 2 =   0.000014,   3.881012                 
# span 3 =     0.0001,    34.3987                 
# span 4 =         11,       2276                 
# span 5 =     0.0417,     9.4792                 
# span 6 =     2.4340,     3.0352                 
# span 7 = 0.0000e+00, 0.0000e+00                 
# interval = seconds: 0.25
# start_time = Feb 21 2024 13:29:26 [NMEA time, header]
# bad_flag = -9.990e-29
*END*
[from data line 1259]
     52.420     6.1900   3.224345    32.4023       1270     5.2875     2.7870  0.000e+00
     52.311     6.1896   3.224386    32.4032       1271     5.2917     2.7883  0.000e+00
     52.199     6.1896   3.224444    32.4039       1272     5.2958     2.7872  0.000e+00
     52.075     6.1897   3.224403    32.4034       1273     5.3000     2.7867  0.000e+00
     51.947     6.1900   3.224345    32.4025       1274     5.3042     2.7857  0.000e+00
     51.822     6.1900   3.223561    32.3939       1275     5.3083     2.7867  0.000e+00
     51.705     6.1872   3.222438    32.3841       1276     5.3125     2.7860  0.000e+00
     51.592     6.1813   3.222192    32.3870       1277     5.3167     2.7857  0.000e+00
     51.478     6.1760   3.221812    32.3879       1278     5.3208     2.7866  0.000e+00
     51.378     6.1719   3.221367    32.3869       1279     5.3250     2.7855  0.000e+00
     51.282     6.1679   3.221192    32.3888       1280     5.3292     2.7859  0.000e+00
     51.200     6.1652   3.221976    32.4002       1281     5.3333     2.7860  0.000e+00
     51.131     6.1665   3.222315    32.4027       1282     5.3375     2.7868  0.000e+00
     51.067     6.1707   3.222315    32.3987       1283     5.3417     2.7857  0.000e+00
     51.015     6.1731   3.221473    32.3871       1284     5.3458     2.7873  0.000e+00
     50.964     6.1708   3.221367    32.3881       1285     5.3500     2.7862  0.000e+00
     50.917     6.1678   3.221671    32.3944       1286     5.3542     2.7870  0.000e+00
     50.882     6.1672   3.221671    32.3950       1287     5.3583     2.7867  0.000e+00
     50.838     6.1677   3.221350    32.3910       1288     5.3625     2.7870  0.000e+00
     50.786     6.1665   3.221531    32.3941       1289     5.3667     2.7866  0.000e+00
     50.727     6.1662   3.221870    32.3982       1290     5.3708     2.7869  0.000e+00
     50.657     6.1681   3.221513    32.3925       1291     5.3750     2.7885  0.000e+00
     50.570     6.1683   3.221572    32.3930       1292     5.3792     2.7870  0.000e+00
     50.473     6.1675   3.221367    32.3916       1293     5.3833     2.7866  0.000e+00
     50.357     6.1671   3.221168    32.3898       1294     5.3875     2.7872  0.000e+00
     50.236     6.1652   3.221110    32.3909       1295     5.3917     2.7860  0.000e+00
     50.109     6.1634   3.221110    32.3927       1296     5.3958     2.7882  0.000e+00
     49.979     6.1626   3.221086    32.3933       1297     5.4000     2.7866  0.000e+00
     49.852     6.1622   3.221086    32.3938       1298     5.4042     2.7883  0.000e+00
     49.726     6.1621   3.221209    32.3953       1299     5.4083     2.7889  0.000e+00
     49.611     6.1625   3.221449    32.3976       1300     5.4125     2.7896  0.000e+00
     49.499     6.1643   3.222817    32.4112       1301     5.4167     2.7893  0.000e+00
     49.411     6.1711   3.222817    32.4048       1302     5.4208     2.7898  0.000e+00
     49.330     6.1774   3.222975    32.4006       1303     5.4250     2.7909  0.000e+00
     49.265     6.1811   3.223156    32.3991       1304     5.4292     2.7905  0.000e+00
     49.210     6.1839   3.222998    32.3947       1305     5.4333     2.7916  0.000e+00
     49.159     6.1849   3.222940    32.3931       1306     5.4375     2.7916  0.000e+00
     49.113     6.1849   3.223180    32.3958       1307     5.4417     2.7916  0.000e+00
     49.073     6.1858   3.223180    32.3950       1308     5.4458     2.7921  0.000e+00
     49.032     6.1866   3.223221    32.3946       1309     5.4500     2.7918  0.000e+00
     48.985     6.1873   3.223437    32.3964       1310     5.4542     2.7923  0.000e+00
     48.933     6.1885   3.223279    32.3935       1311     5.4583     2.7937  0.000e+00
     48.875     6.1889   3.223379    32.3943       1312     5.4625     2.7921  0.000e+00
     48.805     6.1896   3.223782    32.3982       1313     5.4667     2.7920  0.000e+00
     48.724     6.1920   3.224385    32.4026       1314     5.4708     2.7924  0.000e+00
     48.636     6.1962   3.223759    32.3917       1315     5.4750     2.7931  0.000e+00
     48.555     6.1969   3.224367    32.3979       1316     5.4792     2.7937  0.000e+00
     48.465     6.1986   3.224724    32.4003       1317     5.4833     2.7942  0.000e+00
     48.392     6.2028   3.224765    32.3968       1318     5.4875     2.7934  0.000e+00
     48.311     6.2058   3.224724    32.3935       1319     5.4917     2.7936  0.000e+00
     48.232     6.2071   3.224648    32.3914       1320     5.4958     2.7944  0.000e+00
     48.167     6.2068   3.224525    32.3903       1321     5.5000     2.7937  0.000e+00
     48.099     6.2061   3.224507    32.3909       1322     5.5042     2.7939  0.000e+00
     48.038     6.2055   3.224566    32.3921       1323     5.5083     2.7928  0.000e+00
     47.977     6.2054   3.224566    32.3923       1324     5.5125     2.7923  0.000e+00
     47.915     6.2054   3.224566    32.3922       1325     5.5167     2.7909  0.000e+00
     47.852     6.2057   3.224648    32.3929       1326     5.5208     2.7905  0.000e+00
     47.791     6.2063   3.224829    32.3944       1327     5.5250     2.7915  0.000e+00
     47.728     6.2078   3.224946    32.3943       1328     5.5292     2.7908  0.000e+00
     47.662     6.2106   3.225110    32.3935       1329     5.5333     2.7918  0.000e+00
     47.588     6.2136   3.225192    32.3916       1330     5.5375     2.7907  0.000e+00
     47.514     6.2162   3.225192    32.3891       1331     5.5417     2.7921  0.000e+00
     47.423     6.2178   3.225227    32.3881       1332     5.5458     2.7919  0.000e+00
     47.320     6.2189   3.225227    32.3870       1333     5.5500     2.7921  0.000e+00
     47.218     6.2196   3.225291    32.3872       1334     5.5542     2.7925  0.000e+00
     47.119     6.2203   3.225308    32.3867       1335     5.5583     2.7927  0.000e+00
     47.004     6.2218   3.225349    32.3858       1336     5.5625     2.7928  0.000e+00
     46.903     6.2240   3.225390    32.3842       1337     5.5667     2.7930  0.000e+00
     46.815     6.2270   3.225408    32.3815       1338     5.5708     2.7941  0.000e+00
     46.734     6.2297   3.225472    32.3797       1339     5.5750     2.7944  0.000e+00
     46.666     6.2318   3.225653    32.3798       1340     5.5792     2.7949  0.000e+00
     46.612     6.2353   3.225729    32.3774       1341     5.5833     2.7953  0.000e+00
     46.571     6.2390   3.225753    32.3742       1342     5.5875     2.7953  0.000e+00
     46.538     6.2414   3.225694    32.3712       1343     5.5917     2.7960  0.000e+00
     46.520     6.2423   3.225694    32.3703       1344     5.5958     2.7956  0.000e+00
     46.497     6.2429   3.225653    32.3693       1345     5.6000     2.7969  0.000e+00
     46.474     6.2436   3.225630    32.3684       1346     5.6042     2.7973  0.000e+00
     46.450     6.2447   3.225694    32.3681       1347     5.6083     2.7978  0.000e+00
     46.412     6.2463   3.225712    32.3668       1348     5.6125     2.7970  0.000e+00
     46.369     6.2484   3.225770    32.3654       1349     5.6167     2.7977  0.000e+00
     46.314     6.2503   3.225794    32.3639       1350     5.6208     2.7982  0.000e+00
     46.252     6.2520   3.225793    32.3623       1351     5.6250     2.7980  0.000e+00
     46.177     6.2536   3.225834    32.3613       1352     5.6292     2.8000  0.000e+00
     46.092     6.2550   3.225934    32.3611       1353     5.6333     2.8008  0.000e+00
     46.004     6.2575   3.225893    32.3584       1354     5.6375     2.8008  0.000e+00
     45.911     6.2585   3.225910    32.3576       1355     5.6417     2.8024  0.000e+00
     45.816     6.2593   3.225992    32.3578       1356     5.6458     2.8018  0.000e+00
     45.720     6.2612   3.225975    32.3558       1357     5.6500     2.8029  0.000e+00
     45.632     6.2620   3.225975    32.3551       1358     5.6542     2.8036  0.000e+00
     45.562     6.2628   3.225992    32.3546       1359     5.6583     2.8053  0.000e+00
     45.494     6.2638   3.225992    32.3537       1360     5.6625     2.8056  0.000e+00
     45.435     6.2641   3.225992    32.3534       1361     5.6667     2.8062  0.000e+00
     45.384     6.2638   3.226015    32.3540       1362     5.6708     2.8053  0.000e+00
     45.343     6.2640   3.226051    32.3542       1363     5.6750     2.8051  0.000e+00
     45.300     6.2647   3.226051    32.3536       1364     5.6792     2.8055  0.000e+00
     45.262     6.2657   3.225992    32.3520       1365     5.6833     2.8045  0.000e+00
     45.228     6.2655   3.226033    32.3526       1366     5.6875     2.8057  0.000e+00
     45.197     6.2653   3.226033    32.3529       1367     5.6917     2.8058  0.000e+00
     45.161     6.2655   3.226074    32.3531       1368     5.6958     2.8070  0.000e+00
     45.120     6.2665   3.226115    32.3527       1369     5.7000     2.8079  0.000e+00
     45.082     6.2677   3.226132    32.3518       1370     5.7042     2.8083  0.000e+00
     45.035     6.2688   3.226214    32.3516       1371     5.7083     2.8082  0.000e+00
     44.987     6.2705   3.226132    32.3492       1372     5.7125     2.8090  0.000e+00
     44.940     6.2708   3.226173    32.3493       1373     5.7167     2.8085  0.000e+00
     44.881     6.2715   3.226156    32.3485       1374     5.7208     2.8092  0.000e+00
     44.821     6.2718   3.226173    32.3484       1375     5.7250     2.8089  0.000e+00
     44.758     6.2722   3.226197    32.3483       1376     5.7292     2.8089  0.000e+00
     44.690     6.2726   3.226156    32.3476       1377     5.7333     2.8089  0.000e+00
     44.613     6.2724   3.226156    32.3478       1378     5.7375     2.8086  0.000e+00
     44.539     6.2723   3.226132    32.3476       1379     5.7417     2.8088  0.000e+00
     44.456     6.2724   3.226156    32.3478       1380     5.7458     2.8095  0.000e+00
     44.372     6.2724   3.226132    32.3476       1381     5.7500     2.8109  0.000e+00
     44.305     6.2726   3.226115    32.3472       1382     5.7542     2.8114  0.000e+00
     44.226     6.2722   3.226155    32.3481       1383     5.7583     2.8118  0.000e+00
     44.145     6.2730   3.226173    32.3476       1384     5.7625     2.8129  0.000e+00
     44.072     6.2739   3.226155    32.3466       1385     5.7667     2.8125  0.000e+00
     44.003     6.2742   3.226214    32.3470       1386     5.7708     2.8141  0.000e+00
     43.946     6.2753   3.226272    32.3466       1387     5.7750     2.8141  0.000e+00
     43.888     6.2765   3.226231    32.3450       1388     5.7792     2.8147  0.000e+00
     43.834     6.2773   3.226255    32.3446       1389     5.7833     2.8147  0.000e+00
     43.786     6.2777   3.226214    32.3438       1390     5.7875     2.8146  0.000e+00
     43.745     6.2776   3.226132    32.3430       1391     5.7917     2.8150  0.000e+00
     43.701     6.2767   3.226114    32.3437       1392     5.7958     2.8157  0.000e+00
     43.662     6.2760   3.226132    32.3446       1393     5.8000     2.8156  0.000e+00
     43.621     6.2755   3.226132    32.3450       1394     5.8042     2.8173  0.000e+00
     43.585     6.2752   3.226114    32.3451       1395     5.8083     2.8168  0.000e+00
     43.550     6.2752   3.226114    32.3452       1396     5.8125     2.8160  0.000e+00
     43.518     6.2750   3.226091    32.3451       1397     5.8167     2.8176  0.000e+00
     43.480     6.2748   3.226114    32.3456       1398     5.8208     2.8164  0.000e+00
     43.460     6.2748   3.226132    32.3458       1399     5.8250     2.8166  0.000e+00
     43.441     6.2750   3.226114    32.3454       1400     5.8292     2.8155  0.000e+00
     43.426     6.2753   3.226091    32.3448       1401     5.8333     2.8168  0.000e+00
     43.415     6.2757   3.226091    32.3445       1402     5.8375     2.8167  0.000e+00
     43.408     6.2759   3.226091    32.3443       1403     5.8417     2.8163  0.000e+00
     43.397     6.2759   3.226073    32.3441       1404     5.8458     2.8150  0.000e+00
     43.383     6.2761   3.226091    32.3441       1405     5.8500     2.8151  0.000e+00
     43.360     6.2761   3.226091    32.3442       1406     5.8542     2.8150  0.000e+00
     43.333     6.2758   3.226114    32.3447       1407     5.8583     2.8151  0.000e+00
     43.290     6.2758   3.226091    32.3444       1408     5.8625     2.8150  0.000e+00
     43.232     6.2757   3.226073    32.3444       1409     5.8667     2.8150  0.000e+00
     43.160     6.2755   3.226091    32.3448       1410     5.8708     2.8145  0.000e+00
     43.077     6.2757   3.226073    32.3445       1411     5.8750     2.8147  0.000e+00
     42.971     6.2758   3.226132    32.3451       1412     5.8792     2.8132  0.000e+00
     42.865     6.2764   3.226032    32.3434       1413     5.8833     2.8128  0.000e+00
     42.738     6.2765   3.226050    32.3436       1414     5.8875     2.8128  0.000e+00
     42.632     6.2765   3.226073    32.3439       1415     5.8917     2.8137  0.000e+00
     42.522     6.2769   3.226131    32.3442       1416     5.8958     2.8151  0.000e+00
     42.423     6.2779   3.226073    32.3427       1417     5.9000     2.8157  0.000e+00
     42.340     6.2788   3.226172    32.3429       1418     5.9042     2.8166  0.000e+00
     42.269     6.2795   3.226114    32.3417       1419     5.9083     2.8182  0.000e+00
     42.220     6.2792   3.225950    32.3402       1420     5.9125     2.8178  0.000e+00
     42.191     6.2777   3.226014    32.3424       1421     5.9167     2.8181  0.000e+00
     42.168     6.2770   3.226014    32.3430       1422     5.9208     2.8187  0.000e+00
     42.162     6.2774   3.226049    32.3431       1423     5.9250     2.8190  0.000e+00
     42.159     6.2780   3.226090    32.3429       1424     5.9292     2.8189  0.000e+00
     42.170     6.2783   3.226014    32.3418       1425     5.9333     2.8180  0.000e+00
     42.180     6.2777   3.225991    32.3421       1426     5.9375     2.8185  0.000e+00
     42.186     6.2772   3.225909    32.3416       1427     5.9417     2.8182  0.000e+00
     42.186     6.2757   3.225891    32.3428       1428     5.9458     2.8179  0.000e+00
     42.175     6.2739   3.225833    32.3439       1429     5.9500     2.8189  0.000e+00
     42.139     6.2724   3.225833    32.3453       1430     5.9542     2.8173  0.000e+00
     42.087     6.2713   3.225792    32.3460       1431     5.9583     2.8171  0.000e+00
     42.008     6.2710   3.225751    32.3459       1432     5.9625     2.8160  0.000e+00
     41.923     6.2716   3.225710    32.3449       1433     5.9667     2.8162  0.000e+00
     41.817     6.2721   3.225728    32.3447       1434     5.9708     2.8156  0.000e+00
     41.708     6.2730   3.225751    32.3441       1435     5.9750     2.8144  0.000e+00
     41.602     6.2736   3.225739    32.3434       1436     5.9792     2.8141  0.000e+00
     41.492     6.2740   3.225727    32.3430       1437     5.9833     2.8146  0.000e+00
     41.393     6.2741   3.225727    32.3430       1438     5.9875     2.8144  0.000e+00
     41.310     6.2741   3.225727    32.3429       1439     5.9917     2.8145  0.000e+00
     41.235     6.2742   3.225692    32.3425       1440     5.9958     2.8135  0.000e+00
     41.179     6.2740   3.225669    32.3425       1441     6.0000     2.8151  0.000e+00
     41.147     6.2741   3.225669    32.3424       1442     6.0042     2.8145  0.000e+00
     41.120     6.2743   3.225669    32.3422       1443     6.0083     2.8150  0.000e+00
     41.105     6.2747   3.225669    32.3418       1444     6.0125     2.8147  0.000e+00
     41.104     6.2751   3.225692    32.3417       1445     6.0167     2.8151  0.000e+00
     41.105     6.2755   3.225710    32.3415       1446     6.0208     2.8147  0.000e+00
     41.111     6.2758   3.225710    32.3412       1447     6.0250     2.8142  0.000e+00
     41.123     6.2760   3.225727    32.3413       1448     6.0292     2.8144  0.000e+00
