HB2401/sbe016.cnv
* Sea-Bird SBE 19plus V2 Data File:
* FileName = C:\cruise\data\sbe016.hex
* Software Version Seasave V 7.26.7.121
* Temperature SN = 7142
* Conductivity SN = 7142
* System UpLoad Time = Feb 18 2024 10:05:34
* NMEA Latitude = 40 56.56 N
* NMEA Longitude = 070 52.75 W
* NMEA UTC (Time) = Feb 18 2024  10:05:50
** Cruise: HB2401
** Program: ECOMON
# nquan = 8
# nvalues = 1679                                  
# units = specified
# name 0 = depSM: Depth [salt water, m]
# name 1 = tv290C: Temperature [ITS-90, deg C]
# name 2 = c0S/m: Conductivity [S/m]
# name 3 = sal00: Salinity, Practical [PSU]
# name 4 = scan: Scan Count
# name 5 = timeM: Time, Elapsed [minutes]
# name 6 = sbeox0V: Oxygen raw, SBE 43 [V]
# name 7 = flag:  0.000e+00
# span 0 =     -0.085,     48.641                 
# span 1 =    -1.8300,     4.7401                 
# span 2 =   0.000014,   3.058042                 
# span 3 =    -0.0035,    33.3680                 
# span 4 =         11,       1689                 
# span 5 =     0.0417,     7.0333                 
# span 6 =     2.3833,     3.0112                 
# span 7 = 0.0000e+00, 0.0000e+00                 
# interval = seconds: 0.25
# start_time = Feb 18 2024 10:05:50 [NMEA time, header]
# bad_flag = -9.990e-29
*END*
[from data line 360]
     -0.060     1.4853   0.006232     0.0498        371     1.5417     2.5599  0.000e+00
     -0.067     1.4826   0.006091     0.0486        372     1.5458     2.5638  0.000e+00
     -0.067     1.4801   0.005917     0.0472        373     1.5500     2.5642  0.000e+00
     -0.051     1.4750   0.005894     0.0470        374     1.5542     2.5645  0.000e+00
     -0.056     1.4696   0.005779     0.0460        375     1.5583     2.5637  0.000e+00
     -0.056     1.4657   0.005694     0.0453        376     1.5625     2.5643  0.000e+00
     -0.056     1.4549   0.005570     0.0443        377     1.5667     2.5616  0.000e+00
     -0.051     1.4427   0.005525     0.0439        378     1.5708     2.5602  0.000e+00
     -0.053     1.4367   0.005480     0.0435        379     1.5750     2.5579  0.000e+00
     -0.045     1.4314   0.005435     0.0431        380     1.5792     2.5550  0.000e+00
     -0.053     1.4230   0.005294     0.0420        381     1.5833     2.5496  0.000e+00
     -0.054     1.4176   0.005111     0.0404        382     1.5875     2.5447  0.000e+00
     -0.053     1.4142   0.005021     0.0397        383     1.5917     2.5428  0.000e+00
     -0.051     1.4081   0.004988     0.0394        384     1.5958     2.5380  0.000e+00
     -0.042     1.4010   0.004988     0.0394        385     1.6000     2.5329  0.000e+00
     -0.049     1.3921   0.005018     0.0397        386     1.6042     2.5303  0.000e+00
     -0.049     1.3813   0.004931     0.0389        387     1.6083     2.5308  0.000e+00
     -0.053     1.3743   0.004858     0.0383        388     1.6125     2.5288  0.000e+00
     -0.058     1.3693   0.004686     0.0369        389     1.6167     2.5271  0.000e+00
     -0.055     1.3649   0.004529     0.0355        390     1.6208     2.5280  0.000e+00
     -0.062     1.3613   0.004329     0.0339        391     1.6250     2.5318  0.000e+00
     -0.058     1.3532   0.004174     0.0326        392     1.6292     2.5351  0.000e+00
     -0.047     1.3452   0.004169     0.0325        393     1.6333     2.5383  0.000e+00
     -0.053     1.3329   0.004126     0.0322        394     1.6375     2.5404  0.000e+00
     -0.051     1.3109   0.004081     0.0318        395     1.6417     2.5417  0.000e+00
     -0.056     1.2925   0.003941     0.0306        396     1.6458     2.5434  0.000e+00
     -0.055     1.2824   0.003797     0.0294        397     1.6500     2.5444  0.000e+00
     -0.051     1.2765   0.003682     0.0285        398     1.6542     2.5455  0.000e+00
     -0.011     1.2734   2.545744    29.0576        399     1.6583     2.5475  0.000e+00
      0.141     1.2846   2.887456    33.3680        400     1.6625     2.5503  0.000e+00
      0.301     1.5458   2.878834    32.9817        401     1.6667     2.5534  0.000e+00
      0.439     2.0734   2.909756    32.8190        402     1.6708     2.5596  0.000e+00
      0.526     2.6591   2.941836    32.6131        403     1.6750     2.5660  0.000e+00
      0.569     3.1262   2.950980    32.2526        404     1.6792     2.5725  0.000e+00
      0.630     3.4508   2.919079    31.5496        405     1.6833     2.5800  0.000e+00
      0.709     3.6641   2.903197    31.1550        406     1.6875     2.5847  0.000e+00
      0.772     3.8152   2.933578    31.3692        407     1.6917     2.5875  0.000e+00
      0.817     3.9213   2.973668    31.7397        408     1.6958     2.5908  0.000e+00
      0.794     4.0276   2.988459    31.8107        409     1.7000     2.5917  0.000e+00
      0.741     4.1401   2.992590    31.7502        410     1.7042     2.5947  0.000e+00
      0.720     4.2432   2.988821    31.6066        411     1.7083     2.5963  0.000e+00
      0.720     4.3139   2.983907    31.4815        412     1.7125     2.5991  0.000e+00
      0.686     4.3507   2.981221    31.4150        413     1.7167     2.5999  0.000e+00
      0.601     4.3888   2.992980    31.5155        414     1.7208     2.6014  0.000e+00
      0.499     4.4221   2.956856    31.0643        415     1.7250     2.6003  0.000e+00
      0.502     4.4318   2.912580    30.5422        416     1.7292     2.5974  0.000e+00
      0.662     4.2613   2.922783    30.8194        417     1.7333     2.5952  0.000e+00
      0.927     3.9098   2.301010    23.9498        418     1.7375     2.5914  0.000e+00
      1.176     3.6542   1.020625     9.9879        419     1.7417     2.5870  0.000e+00
      1.399     3.4752   2.281200    24.0425        420     1.7458     2.5816  0.000e+00
      1.617     3.3347   2.905207    31.4963        421     1.7500     2.5745  0.000e+00
      1.841     3.2655   2.904117    31.5505        422     1.7542     2.5704  0.000e+00
      2.041     3.2427   2.922072    31.7883        423     1.7583     2.5666  0.000e+00
      2.165     3.3308   2.950113    32.0378        424     1.7625     2.5637  0.000e+00
      2.240     3.5440   2.970526    32.0710        425     1.7667     2.5608  0.000e+00
      2.278     3.7832   2.977919    31.9238        426     1.7708     2.5602  0.000e+00
      2.271     3.9727   2.992615    31.9122        427     1.7750     2.5570  0.000e+00
      2.235     4.1327   3.010267    31.9639        428     1.7792     2.5537  0.000e+00
      2.161     4.2814   3.017065    31.8990        429     1.7833     2.5512  0.000e+00
      2.060     4.4000   3.012418    31.7303        430     1.7875     2.5493  0.000e+00
      1.958     4.4781   3.000163    31.5129        431     1.7917     2.5463  0.000e+00
      1.904     4.5242   2.962216    31.0296        432     1.7958     2.5414  0.000e+00
      1.918     4.5481   2.933650    30.6773        433     1.8000     2.5383  0.000e+00
      1.992     4.3989   2.933499    30.8144        434     1.8042     2.5390  0.000e+00
      2.121     4.0975   2.941077    31.1868        435     1.8083     2.5398  0.000e+00
      2.270     3.8821   2.943090    31.4164        436     1.8125     2.5401  0.000e+00
      2.425     3.7688   2.942012    31.5128        437     1.8167     2.5409  0.000e+00
      2.576     3.7007   2.940222    31.5574        438     1.8208     2.5394  0.000e+00
      2.720     3.6554   2.944035    31.6465        439     1.8250     2.5396  0.000e+00
      2.876     3.6213   2.955665    31.8179        440     1.8292     2.5369  0.000e+00
      3.030     3.6205   2.971761    32.0100        441     1.8333     2.5336  0.000e+00
      3.192     3.7420   3.011034    32.3567        442     1.8375     2.5291  0.000e+00
      3.350     3.9827   3.022311    32.2520        443     1.8417     2.5244  0.000e+00
      3.478     4.2063   3.025453    32.0695        444     1.8458     2.5197  0.000e+00
      3.573     4.3694   3.024327    31.8978        445     1.8500     2.5151  0.000e+00
      3.643     4.4688   3.009711    31.6319        446     1.8542     2.5121  0.000e+00
      3.744     4.5207   2.997210    31.4373        447     1.8583     2.5122  0.000e+00
      3.836     4.5504   3.008754    31.5426        448     1.8625     2.5142  0.000e+00
      3.931     4.5731   3.014686    31.5896        449     1.8667     2.5167  0.000e+00
      4.028     4.5956   3.024491    31.6816        450     1.8708     2.5199  0.000e+00
      4.123     4.6138   3.030081    31.7287        451     1.8750     2.5228  0.000e+00
      4.175     4.6249   3.032691    31.7483        452     1.8792     2.5257  0.000e+00
      4.189     4.6371   3.033731    31.7486        453     1.8833     2.5296  0.000e+00
      4.179     4.6494   3.033274    31.7315        454     1.8875     2.5324  0.000e+00
      4.154     4.6569   3.035628    31.7516        455     1.8917     2.5370  0.000e+00
      4.130     4.6596   3.036068    31.7541        456     1.8958     2.5391  0.000e+00
      4.116     4.6616   3.035548    31.7462        457     1.9000     2.5437  0.000e+00
      4.107     4.6640   3.034171    31.7279        458     1.9042     2.5455  0.000e+00
      4.096     4.6666   3.033891    31.7223        459     1.9083     2.5467  0.000e+00
      4.087     4.6675   3.035394    31.7388        460     1.9125     2.5513  0.000e+00
      4.058     4.6664   3.036103    31.7481        461     1.9167     2.5549  0.000e+00
      4.051     4.6651   3.037029    31.7600        462     1.9208     2.5591  0.000e+00
      4.038     4.6659   3.037349    31.7630        463     1.9250     2.5633  0.000e+00
      4.026     4.6678   3.036971    31.7567        464     1.9292     2.5666  0.000e+00
      4.029     4.6705   3.035571    31.7380        465     1.9333     2.5702  0.000e+00
      4.058     4.6719   3.034531    31.7246        466     1.9375     2.5734  0.000e+00
      4.101     4.6727   3.035211    31.7317        467     1.9417     2.5745  0.000e+00
      4.155     4.6736   3.035994    31.7398        468     1.9458     2.5769  0.000e+00
      4.198     4.6739   3.036085    31.7406        469     1.9500     2.5788  0.000e+00
      4.243     4.6734   3.036726    31.7484        470     1.9542     2.5830  0.000e+00
      4.297     4.6719   3.037623    31.7602        471     1.9583     2.5856  0.000e+00
      4.344     4.6701   3.038527    31.7723        472     1.9625     2.5888  0.000e+00
      4.369     4.6705   3.039327    31.7812        473     1.9667     2.5929  0.000e+00
      4.353     4.6720   3.040482    31.7931        474     1.9708     2.5972  0.000e+00
      4.301     4.6735   3.041901    31.8081        475     1.9750     2.6017  0.000e+00
      4.238     4.6762   3.042496    31.8124        476     1.9792     2.6053  0.000e+00
      4.168     4.6802   3.043525    31.8205        477     1.9833     2.6082  0.000e+00
      4.074     4.6846   3.045150    31.8351        478     1.9875     2.6120  0.000e+00
      3.977     4.6895   3.046020    31.8405        479     1.9917     2.6151  0.000e+00
      3.877     4.6934   3.045831    31.8346        480     1.9958     2.6202  0.000e+00
      3.776     4.6934   3.045642    31.8325        481     2.0000     2.6268  0.000e+00
      3.683     4.6913   3.043834    31.8137        482     2.0042     2.6332  0.000e+00
      3.625     4.6886   3.042650    31.8026        483     2.0083     2.6385  0.000e+00
      3.614     4.6857   3.040899    31.7852        484     2.0125     2.6453  0.000e+00
      3.652     4.6831   3.034422    31.7128        485     2.0167     2.6509  0.000e+00
      3.720     4.6787   3.027299    31.6346        486     2.0208     2.6552  0.000e+00
      3.799     4.6766   3.025946    31.6211        487     2.0250     2.6567  0.000e+00
      3.909     4.6761   3.027430    31.6386        488     2.0292     2.6555  0.000e+00
      4.022     4.6715   3.034856    31.7287        489     2.0333     2.6534  0.000e+00
      4.121     4.6691   3.040482    31.7960        490     2.0375     2.6504  0.000e+00
      4.180     4.6689   3.043383    31.8297        491     2.0417     2.6457  0.000e+00
      4.225     4.6683   3.044905    31.8479        492     2.0458     2.6390  0.000e+00
      4.250     4.6732   3.046358    31.8599        493     2.0500     2.6331  0.000e+00
      4.245     4.6809   3.047394    31.8646        494     2.0542     2.6269  0.000e+00
      4.216     4.6878   3.047766    31.8622        495     2.0583     2.6207  0.000e+00
      4.155     4.6929   3.047921    31.8591        496     2.0625     2.6138  0.000e+00
      4.064     4.6966   3.048321    31.8602        497     2.0667     2.6107  0.000e+00
      3.958     4.6996   3.048504    31.8595        498     2.0708     2.6099  0.000e+00
      3.835     4.7021   3.048602    31.8583        499     2.0750     2.6120  0.000e+00
      3.710     4.7035   3.048602    31.8570        500     2.0792     2.6162  0.000e+00
      3.596     4.7043   3.048321    31.8531        501     2.0833     2.6225  0.000e+00
      3.523     4.7049   3.047680    31.8451        502     2.0875     2.6313  0.000e+00
      3.471     4.7049   3.046695    31.8337        503     2.0917     2.6390  0.000e+00
      3.460     4.7043   3.045190    31.8169        504     2.0958     2.6469  0.000e+00
      3.512     4.7036   3.042135    31.7823        505     2.1000     2.6526  0.000e+00
      3.604     4.7014   3.034547    31.6968        506     2.1042     2.6587  0.000e+00
      3.731     4.7000   3.032959    31.6797        507     2.1083     2.6635  0.000e+00
      3.862     4.6996   3.039189    31.7519        508     2.1125     2.6623  0.000e+00
      3.999     4.6987   3.043760    31.8056        509     2.1167     2.6633  0.000e+00
      4.128     4.6984   3.045436    31.8251        510     2.1208     2.6625  0.000e+00
      4.234     4.6944   3.046140    31.8370        511     2.1250     2.6636  0.000e+00
      4.331     4.6904   3.046415    31.8440        512     2.1292     2.6584  0.000e+00
      4.416     4.6891   3.046873    31.8505        513     2.1333     2.6545  0.000e+00
      4.495     4.6898   3.047039    31.8517        514     2.1375     2.6497  0.000e+00
      4.574     4.6908   3.047131    31.8518        515     2.1417     2.6441  0.000e+00
      4.621     4.6919   3.047274    31.8524        516     2.1458     2.6381  0.000e+00
      4.673     4.6920   3.047657    31.8566        517     2.1500     2.6313  0.000e+00
      4.739     4.6920   3.047274    31.8522        518     2.1542     2.6266  0.000e+00
      4.807     4.6921   3.046902    31.8478        519     2.1583     2.6259  0.000e+00
      4.890     4.6923   3.046021    31.8373        520     2.1625     2.6253  0.000e+00
      4.998     4.6925   3.044962    31.8249        521     2.1667     2.6289  0.000e+00
      5.127     4.6918   3.044058    31.8150        522     2.1708     2.6319  0.000e+00
      5.273     4.6915   3.043983    31.8144        523     2.1750     2.6365  0.000e+00
      5.418     4.6913   3.043406    31.8078        524     2.1792     2.6401  0.000e+00
      5.598     4.6910   3.049828    31.8822        525     2.1833     2.6415  0.000e+00
      5.787     4.6909   3.052594    31.9142        526     2.1875     2.6440  0.000e+00
      5.979     4.6930   3.053075    31.9176        527     2.1917     2.6460  0.000e+00
      6.171     4.6960   3.053172    31.9158        528     2.1958     2.6477  0.000e+00
      6.349     4.6984   3.053493    31.9171        529     2.2000     2.6520  0.000e+00
      6.525     4.7009   3.053430    31.9139        530     2.2042     2.6579  0.000e+00
      6.699     4.7021   3.053774    31.9166        531     2.2083     2.6673  0.000e+00
      6.847     4.7037   3.053986    31.9174        532     2.2125     2.6782  0.000e+00
      6.976     4.7060   3.054192    31.9175        533     2.2167     2.6902  0.000e+00
      7.070     4.7081   3.054267    31.9164        534     2.2208     2.7030  0.000e+00
      7.143     4.7099   3.054404    31.9162        535     2.2250     2.7150  0.000e+00
      7.206     4.7114   3.054496    31.9157        536     2.2292     2.7266  0.000e+00
      7.276     4.7126   3.054565    31.9154        537     2.2333     2.7366  0.000e+00
      7.344     4.7134   3.054645    31.9154        538     2.2375     2.7478  0.000e+00
      7.433     4.7141   3.054605    31.9142        539     2.2417     2.7575  0.000e+00
      7.544     4.7146   3.054605    31.9138        540     2.2458     2.7639  0.000e+00
      7.697     4.7146   3.054467    31.9121        541     2.2500     2.7704  0.000e+00
      7.873     4.7138   3.054364    31.9116        542     2.2542     2.7775  0.000e+00
      8.078     4.7127   3.054307    31.9119        543     2.2583     2.7845  0.000e+00
      8.286     4.7115   3.054250    31.9123        544     2.2625     2.7906  0.000e+00
      8.502     4.7101   3.054250    31.9135        545     2.2667     2.7955  0.000e+00
      8.699     4.7092   3.054250    31.9142        546     2.2708     2.7987  0.000e+00
      8.895     4.7088   3.054325    31.9154        547     2.2750     2.8039  0.000e+00
      9.082     4.7088   3.054428    31.9165        548     2.2792     2.8061  0.000e+00
      9.269     4.7092   3.054760    31.9198        549     2.2833     2.8093  0.000e+00
