HB2401/sbe039.cnv
* Sea-Bird SBE 19plus V2 Data File:
* FileName = C:\cruise\data\sbe039.hex
* Software Version Seasave V 7.26.7.121
* Temperature SN = 7142
* Conductivity SN = 7142
* System UpLoad Time = Feb 21 2024 22:36:56
* NMEA Latitude = 40 50.02 N
* NMEA Longitude = 070 18.33 W
* NMEA UTC (Time) = Feb 21 2024  22:37:15
** Cruise: HB2401
** Program: ECOMON
# nquan = 8
# nvalues = 1470                                  
# units = specified
# name 0 = depSM: Depth [salt water, m]
# name 1 = tv290C: Temperature [ITS-90, deg C]
# name 2 = c0S/m: Conductivity [S/m]
# name 3 = sal00: Salinity, Practical [PSU]
# name 4 = scan: Scan Count
# name 5 = timeM: Time, Elapsed [minutes]
# name 6 = sbeox0V: Oxygen raw, SBE 43 [V]
# name 7 = flag:  0.000e+00
# span 0 =      0.069,     43.023                 
# span 1 =     1.3489,     4.2060                 
# span 2 =   0.000020,   2.987532                 
# span 3 =    -0.0008,    31.8503                 
# span 4 =         11,       1480                 
# span 5 =     0.0417,     6.1625                 
# span 6 =     2.5098,     3.0545                 
# span 7 = 0.0000e+00, 0.0000e+00                 
# interval = seconds: 0.25
# start_time = Feb 21 2024 22:37:15 [NMEA time, header]
# bad_flag = -9.990e-29
*END*
      0.090     1.3906   0.000031    -0.0007         11     0.0417     2.9613  0.000e+00
      0.086     1.3914   0.000031    -0.0007         12     0.0458     2.9609  0.000e+00
      0.086     1.3927   0.000026    -0.0007         13     0.0500     2.9619  0.000e+00
      0.088     1.3931   0.000026    -0.0007         14     0.0542     2.9609  0.000e+00
      0.086     1.3930   0.000026    -0.0007         15     0.0583     2.9618  0.000e+00
      0.088     1.3927   0.000026    -0.0007         16     0.0625     2.9625  0.000e+00
      0.086     1.3921   0.000026    -0.0007         17     0.0667     2.9613  0.000e+00
      0.088     1.3919   0.000031    -0.0007         18     0.0708     2.9606  0.000e+00
      0.090     1.3930   0.000031    -0.0007         19     0.0750     2.9615  0.000e+00
      0.088     1.3940   0.000026    -0.0007         20     0.0792     2.9610  0.000e+00
      0.092     1.3945   0.000026    -0.0007         21     0.0833     2.9617  0.000e+00
      0.097     1.3944   0.000031    -0.0007         22     0.0875     2.9613  0.000e+00
      0.090     1.3944   0.000031    -0.0007         23     0.0917     2.9623  0.000e+00
      0.086     1.3947   0.000026    -0.0007         24     0.0958     2.9615  0.000e+00
      0.086     1.3951   0.000026    -0.0007         25     0.1000     2.9607  0.000e+00
      0.090     1.3959   0.000031    -0.0007         26     0.1042     2.9618  0.000e+00
      0.085     1.3969   0.000026    -0.0007         27     0.1083     2.9609  0.000e+00
      0.086     1.3975   0.000031    -0.0007         28     0.1125     2.9615  0.000e+00
      0.086     1.3980   0.000026    -0.0007         29     0.1167     2.9614  0.000e+00
      0.085     1.3987   0.000031    -0.0007         30     0.1208     2.9614  0.000e+00
      0.086     1.3991   0.000031    -0.0007         31     0.1250     2.9622  0.000e+00
      0.090     1.3989   0.000026    -0.0007         32     0.1292     2.9618  0.000e+00
      0.088     1.3986   0.000031    -0.0007         33     0.1333     2.9610  0.000e+00
      0.088     1.3989   0.000026    -0.0007         34     0.1375     2.9615  0.000e+00
      0.086     1.3994   0.000026    -0.0007         35     0.1417     2.9615  0.000e+00
      0.085     1.3995   0.000026    -0.0007         36     0.1458     2.9613  0.000e+00
      0.085     1.3997   0.000026    -0.0007         37     0.1500     2.9622  0.000e+00
      0.086     1.4001   0.000031    -0.0007         38     0.1542     2.9615  0.000e+00
      0.083     1.4006   0.000026    -0.0007         39     0.1583     2.9616  0.000e+00
      0.086     1.4017   0.000026    -0.0007         40     0.1625     2.9618  0.000e+00
      0.086     1.4031   0.000026    -0.0007         41     0.1667     2.9612  0.000e+00
      0.092     1.4046   0.000026    -0.0007         42     0.1708     2.9631  0.000e+00
      0.090     1.4059   0.000031    -0.0007         43     0.1750     2.9641  0.000e+00
      0.090     1.4064   0.000026    -0.0007         44     0.1792     2.9634  0.000e+00
      0.088     1.4050   0.000026    -0.0007         45     0.1833     2.9634  0.000e+00
      0.088     1.4019   0.000031    -0.0007         46     0.1875     2.9643  0.000e+00
      0.088     1.3981   0.000026    -0.0007         47     0.1917     2.9618  0.000e+00
      0.086     1.3944   0.000026    -0.0007         48     0.1958     2.9623  0.000e+00
      0.088     1.3908   0.000031    -0.0007         49     0.2000     2.9625  0.000e+00
      0.085     1.3873   0.000026    -0.0007         50     0.2042     2.9658  0.000e+00
      0.086     1.3837   0.000026    -0.0007         51     0.2083     2.9672  0.000e+00
      0.083     1.3803   0.000026    -0.0007         52     0.2125     2.9635  0.000e+00
      0.084     1.3770   0.000031    -0.0007         53     0.2167     2.9963  0.000e+00
      0.081     1.3737   0.000026    -0.0007         54     0.2208     2.9760  0.000e+00
      0.079     1.3706   0.000031    -0.0007         55     0.2250     2.9611  0.000e+00
      0.085     1.3674   0.000031    -0.0007         56     0.2292     2.9619  0.000e+00
      0.085     1.3644   0.000026    -0.0007         57     0.2333     2.9581  0.000e+00
      0.083     1.3614   0.000026    -0.0007         58     0.2375     2.9580  0.000e+00
      0.085     1.3584   0.000020    -0.0008         59     0.2417     2.9618  0.000e+00
      0.085     1.3555   0.000026    -0.0007         60     0.2458     2.9615  0.000e+00
      0.088     1.3527   0.000026    -0.0008         61     0.2500     2.9612  0.000e+00
      0.090     1.3499   0.000026    -0.0008         62     0.2542     2.9592  0.000e+00
      0.088     1.3489   0.000026    -0.0008         63     0.2583     2.9609  0.000e+00
      0.094     1.3521   0.000031    -0.0007         64     0.2625     2.9609  0.000e+00
      0.095     1.3556   0.000026    -0.0007         65     0.2667     3.0409  0.000e+00
      0.088     1.3567   0.000026    -0.0007         66     0.2708     3.0052  0.000e+00
      0.086     1.3582   0.000026    -0.0007         67     0.2750     2.9659  0.000e+00
      0.090     1.3608   0.000031    -0.0007         68     0.2792     2.9541  0.000e+00
      0.094     1.3634   0.000026    -0.0007         69     0.2833     2.9524  0.000e+00
      0.092     1.3664   0.000031    -0.0007         70     0.2875     2.9536  0.000e+00
      0.081     1.3696   0.000026    -0.0007         71     0.2917     2.9553  0.000e+00
      0.083     1.3724   0.000026    -0.0007         72     0.2958     2.9572  0.000e+00
      0.083     1.3739   0.000031    -0.0007         73     0.3000     2.9593  0.000e+00
      0.086     1.3744   0.000026    -0.0007         74     0.3042     2.9580  0.000e+00
      0.085     1.3756   0.000031    -0.0007         75     0.3083     2.9590  0.000e+00
      0.088     1.3767   0.000026    -0.0007         76     0.3125     2.9593  0.000e+00
      0.088     1.3782   0.000031    -0.0007         77     0.3167     2.9587  0.000e+00
      0.090     1.3803   0.000026    -0.0007         78     0.3208     2.9580  0.000e+00
      0.085     1.3826   0.000026    -0.0007         79     0.3250     2.9585  0.000e+00
      0.083     1.3841   0.000031    -0.0007         80     0.3292     2.9586  0.000e+00
      0.086     1.3852   0.000031    -0.0007         81     0.3333     2.9586  0.000e+00
      0.083     1.3858   0.000031    -0.0007         82     0.3375     2.9579  0.000e+00
      0.083     1.3865   0.000026    -0.0007         83     0.3417     2.9583  0.000e+00
      0.086     1.3876   0.000031    -0.0007         84     0.3458     2.9593  0.000e+00
      0.086     1.3893   0.000026    -0.0007         85     0.3500     2.9592  0.000e+00
      0.086     1.3912   0.000031    -0.0007         86     0.3542     2.9593  0.000e+00
      0.086     1.3926   0.000026    -0.0007         87     0.3583     2.9583  0.000e+00
      0.086     1.3936   0.000031    -0.0007         88     0.3625     2.9599  0.000e+00
      0.086     1.3941   0.000026    -0.0007         89     0.3667     2.9616  0.000e+00
      0.090     1.3935   0.000026    -0.0007         90     0.3708     2.9615  0.000e+00
      0.090     1.3929   0.000031    -0.0007         91     0.3750     2.9602  0.000e+00
      0.083     1.3935   0.000031    -0.0007         92     0.3792     2.9592  0.000e+00
      0.086     1.3942   0.000031    -0.0007         93     0.3833     2.9602  0.000e+00
      0.086     1.3953   0.000026    -0.0007         94     0.3875     2.9609  0.000e+00
      0.086     1.3959   0.000031    -0.0007         95     0.3917     2.9603  0.000e+00
      0.084     1.3964   0.000031    -0.0007         96     0.3958     2.9606  0.000e+00
      0.085     1.3958   0.000026    -0.0007         97     0.4000     2.9615  0.000e+00
      0.085     1.3955   0.000026    -0.0007         98     0.4042     2.9605  0.000e+00
      0.086     1.3954   0.000026    -0.0007         99     0.4083     2.9609  0.000e+00
      0.085     1.3957   0.000031    -0.0007        100     0.4125     2.9619  0.000e+00
      0.085     1.3962   0.000026    -0.0007        101     0.4167     2.9612  0.000e+00
      0.085     1.3972   0.000031    -0.0007        102     0.4208     2.9617  0.000e+00
      0.083     1.3978   0.000026    -0.0007        103     0.4250     2.9610  0.000e+00
      0.086     1.3979   0.000026    -0.0007        104     0.4292     2.9599  0.000e+00
      0.088     1.3983   0.000026    -0.0007        105     0.4333     2.9611  0.000e+00
      0.085     1.3989   0.000026    -0.0007        106     0.4375     2.9618  0.000e+00
      0.083     1.3995   0.000026    -0.0007        107     0.4417     2.9619  0.000e+00
      0.085     1.4000   0.000031    -0.0007        108     0.4458     2.9600  0.000e+00
      0.085     1.4004   0.000031    -0.0007        109     0.4500     2.9623  0.000e+00
      0.085     1.4006   0.000026    -0.0007        110     0.4542     2.9615  0.000e+00
      0.086     1.4001   0.000031    -0.0007        111     0.4583     2.9622  0.000e+00
      0.086     1.3987   0.000026    -0.0007        112     0.4625     2.9612  0.000e+00
      0.088     1.3974   0.000031    -0.0007        113     0.4667     2.9619  0.000e+00
      0.090     1.3947   0.000026    -0.0007        114     0.4708     2.9612  0.000e+00
      0.086     1.3916   0.000026    -0.0007        115     0.4750     2.9605  0.000e+00
      0.088     1.3882   0.000031    -0.0007        116     0.4792     2.9614  0.000e+00
      0.088     1.3868   0.000026    -0.0007        117     0.4833     2.9609  0.000e+00
      0.085     1.3862   0.000026    -0.0007        118     0.4875     2.9609  0.000e+00
      0.086     1.3867   0.000031    -0.0007        119     0.4917     2.9615  0.000e+00
      0.086     1.3884   0.000026    -0.0007        120     0.4958     2.9606  0.000e+00
      0.092     1.3903   0.000026    -0.0007        121     0.5000     2.9624  0.000e+00
      0.090     1.3918   0.000026    -0.0007        122     0.5042     2.9620  0.000e+00
      0.088     1.3932   0.000020    -0.0007        123     0.5083     2.9614  0.000e+00
      0.088     1.3943   0.000026    -0.0007        124     0.5125     2.9623  0.000e+00
      0.086     1.3956   0.000031    -0.0007        125     0.5167     2.9609  0.000e+00
      0.093     1.3969   0.000031    -0.0007        126     0.5208     2.9622  0.000e+00
      0.090     1.3982   0.000031    -0.0007        127     0.5250     2.9615  0.000e+00
      0.090     1.3997   0.000031    -0.0007        128     0.5292     2.9610  0.000e+00
      0.088     1.4012   0.000026    -0.0007        129     0.5333     2.9622  0.000e+00
      0.092     1.4025   0.000026    -0.0007        130     0.5375     2.9612  0.000e+00
      0.092     1.4033   0.000026    -0.0007        131     0.5417     2.9612  0.000e+00
      0.090     1.4024   0.000026    -0.0007        132     0.5458     2.9612  0.000e+00
      0.093     1.4013   0.000031    -0.0007        133     0.5500     2.9623  0.000e+00
      0.084     1.4018   0.000026    -0.0007        134     0.5542     2.9621  0.000e+00
      0.088     1.4026   0.000031    -0.0007        135     0.5583     2.9619  0.000e+00
      0.090     1.4036   0.000026    -0.0007        136     0.5625     2.9615  0.000e+00
      0.083     1.4047   0.000026    -0.0007        137     0.5667     2.9612  0.000e+00
      0.086     1.4056   0.000031    -0.0007        138     0.5708     2.9612  0.000e+00
      0.085     1.4060   0.000026    -0.0007        139     0.5750     2.9613  0.000e+00
      0.075     1.4066   0.000031    -0.0007        140     0.5792     2.9619  0.000e+00
      0.079     1.4078   0.000026    -0.0007        141     0.5833     2.9615  0.000e+00
      0.086     1.4087   0.000026    -0.0007        142     0.5875     2.9609  0.000e+00
      0.088     1.4094   0.000031    -0.0007        143     0.5917     2.9618  0.000e+00
      0.086     1.4101   0.000026    -0.0007        144     0.5958     2.9621  0.000e+00
      0.084     1.4104   0.000031    -0.0007        145     0.6000     2.9611  0.000e+00
      0.086     1.4108   0.000026    -0.0007        146     0.6042     2.9623  0.000e+00
      0.092     1.4113   0.000026    -0.0007        147     0.6083     2.9619  0.000e+00
      0.092     1.4117   0.000031    -0.0007        148     0.6125     2.9617  0.000e+00
      0.092     1.4120   0.000026    -0.0007        149     0.6167     2.9612  0.000e+00
      0.088     1.4125   0.000031    -0.0007        150     0.6208     2.9623  0.000e+00
      0.097     1.4129   0.000026    -0.0007        151     0.6250     2.9619  0.000e+00
      0.097     1.4133   0.000026    -0.0007        152     0.6292     2.9620  0.000e+00
      0.092     1.4130   0.000026    -0.0007        153     0.6333     2.9626  0.000e+00
      0.094     1.4128   0.000031    -0.0007        154     0.6375     2.9610  0.000e+00
      0.094     1.4128   0.000031    -0.0007        155     0.6417     2.9620  0.000e+00
      0.095     1.4130   0.000031    -0.0007        156     0.6458     2.9629  0.000e+00
      0.092     1.4132   0.000031    -0.0007        157     0.6500     2.9607  0.000e+00
      0.095     1.4139   0.000026    -0.0007        158     0.6542     2.9629  0.000e+00
      0.092     1.4148   0.000026    -0.0007        159     0.6583     2.9628  0.000e+00
      0.182     1.4156   0.000031    -0.0007        160     0.6625     2.9645  0.000e+00
      0.501     1.4183   0.000020    -0.0007        161     0.6667     3.0035  0.000e+00
      0.751     1.4269   0.910433     9.4716        162     0.6708     3.0545  0.000e+00
      0.977     1.4686   2.028616    22.5219        163     0.6750     3.0170  0.000e+00
      1.094     1.6829   1.360479    14.4919        164     0.6792     2.9997  0.000e+00
      1.150     2.1919   2.084850    22.6780        165     0.6833     3.0002  0.000e+00
      1.276     2.6067   2.235140    24.1541        166     0.6875     2.9910  0.000e+00
      1.389     2.8898   2.314384    24.8724        167     0.6917     2.9818  0.000e+00
      1.425     3.0702   2.090694    22.1313        168     0.6958     2.9708  0.000e+00
      1.416     3.1782   1.974111    20.7186        169     0.7000     2.9605  0.000e+00
      1.403     3.2430   2.557875    27.4541        170     0.7042     2.9506  0.000e+00
      1.454     3.2869   2.761821    29.8308        171     0.7083     2.9406  0.000e+00
      1.579     3.3246   2.497593    26.6770        172     0.7125     2.9310  0.000e+00
      1.745     3.3648   2.243183    23.6847        173     0.7167     2.9181  0.000e+00
      1.951     3.3957   2.597398    27.7890        174     0.7208     2.9045  0.000e+00
      2.183     3.4208   2.902745    31.3830        175     0.7250     2.8907  0.000e+00
      2.436     3.4343   2.894815    31.2753        176     0.7292     2.8771  0.000e+00
      2.695     3.4381   2.889652    31.2099        177     0.7333     2.8641  0.000e+00
      2.925     3.4377   2.905718    31.4017        178     0.7375     2.8512  0.000e+00
      3.146     3.4346   2.908990    31.4436        179     0.7417     2.8385  0.000e+00
      3.347     3.4550   2.909687    31.4321        180     0.7458     2.8267  0.000e+00
      3.552     3.5109   2.915386    31.4457        181     0.7500     2.8126  0.000e+00
      3.692     3.6038   2.932554    31.5598        182     0.7542     2.8004  0.000e+00
      3.851     3.7055   2.897283    31.0439        183     0.7583     2.7887  0.000e+00
      4.039     3.8035   2.906558    31.0599        184     0.7625     2.7745  0.000e+00
      4.179     3.8772   2.926975    31.2302        185     0.7667     2.7630  0.000e+00
      4.248     3.9300   2.940644    31.3405        186     0.7708     2.7497  0.000e+00
      4.244     3.9687   2.945411    31.3596        187     0.7750     2.7391  0.000e+00
      4.206     3.9977   2.928811    31.1369        188     0.7792     2.7290  0.000e+00
      4.188     4.0173   2.918832    31.0013        189     0.7833     2.7280  0.000e+00
