HB2401/sbe001.cnv
* Sea-Bird SBE 19plus V2 Data File:
* FileName = C:\cruise\data\sbe001.hex
* Software Version Seasave V 7.26.7.121
* Temperature SN = 7142
* Conductivity SN = 7142
* System UpLoad Time = Feb 17 2024 05:35:34
* NMEA Latitude = 42 16.99 N
* NMEA Longitude = 070 42.07 W
* NMEA UTC (Time) = Feb 17 2024  05:35:49
** Cruise: HB2401
** Program: ECOMON
# nquan = 8
# nvalues = 1182                                  
# units = specified
# name 0 = depSM: Depth [salt water, m]
# name 1 = tv290C: Temperature [ITS-90, deg C]
# name 2 = c0S/m: Conductivity [S/m]
# name 3 = sal00: Salinity, Practical [PSU]
# name 4 = scan: Scan Count
# name 5 = timeM: Time, Elapsed [minutes]
# name 6 = sbeox0V: Oxygen raw, SBE 43 [V]
# name 7 = flag:  0.000e+00
# span 0 =     -0.129,     26.073                 
# span 1 =     1.4982,     4.3934                 
# span 2 = 4.3210e-07,   2.952983                 
# span 3 =    -0.0007,    31.4516                 
# span 4 =         11,       1192                 
# span 5 =     0.0417,     4.9625                 
# span 6 =     2.5045,     2.9203                 
# span 7 = 0.0000e+00, 0.0000e+00                 
# interval = seconds: 0.25
# start_time = Feb 17 2024 05:35:49 [NMEA time, header]
# bad_flag = -9.990e-29
*END*
[from data line 1079]
      1.383     4.2929   2.938805    30.9758       1090     4.5375     2.8207  0.000e+00
      1.339     4.2926   2.939025    30.9787       1091     4.5417     2.8191  0.000e+00
      1.310     4.2923   2.938427    30.9720       1092     4.5458     2.8194  0.000e+00
      1.295     4.2904   2.938579    30.9755       1093     4.5500     2.8201  0.000e+00
      1.299     4.2893   2.938483    30.9755       1094     4.5542     2.8185  0.000e+00
      1.310     4.2900   2.938901    30.9797       1095     4.5583     2.8182  0.000e+00
      1.315     4.2903   2.938195    30.9712       1096     4.5625     2.8207  0.000e+00
      1.304     4.2875   2.938274    30.9747       1097     4.5667     2.8202  0.000e+00
      1.285     4.2856   2.938105    30.9746       1098     4.5708     2.8194  0.000e+00
      1.265     4.2843   2.938178    30.9767       1099     4.5750     2.8203  0.000e+00
      1.233     4.2838   2.938252    30.9780       1100     4.5792     2.8195  0.000e+00
      1.206     4.2841   2.938540    30.9811       1101     4.5833     2.8201  0.000e+00
      1.170     4.2855   2.938579    30.9802       1102     4.5875     2.8194  0.000e+00
      1.144     4.2871   2.938652    30.9796       1103     4.5917     2.8205  0.000e+00
      1.134     4.2884   2.938861    30.9808       1104     4.5958     2.8207  0.000e+00
      1.148     4.2899   2.938940    30.9803       1105     4.6000     2.8208  0.000e+00
      1.184     4.2913   2.938980    30.9795       1106     4.6042     2.8201  0.000e+00
      1.215     4.2919   2.938692    30.9755       1107     4.6083     2.8210  0.000e+00
      1.215     4.2910   2.938703    30.9765       1108     4.6125     2.8199  0.000e+00
      1.175     4.2904   2.938579    30.9756       1109     4.6167     2.8202  0.000e+00
      1.082     4.2898   2.938556    30.9760       1110     4.6208     2.8201  0.000e+00
      0.970     4.2890   2.938579    30.9770       1111     4.6250     2.8195  0.000e+00
      0.868     4.2887   2.938410    30.9754       1112     4.6292     2.8201  0.000e+00
      0.798     4.2882   2.938314    30.9748       1113     4.6333     2.8198  0.000e+00
      0.816     4.2871   2.938387    30.9767       1114     4.6375     2.8208  0.000e+00
      0.877     4.2868   2.938466    30.9779       1115     4.6417     2.8201  0.000e+00
      0.905     4.2869   2.938523    30.9784       1116     4.6458     2.8200  0.000e+00
      0.929     4.2876   2.938539    30.9780       1117     4.6500     2.8197  0.000e+00
      0.941     4.2879   2.938523    30.9774       1118     4.6542     2.8207  0.000e+00
      0.931     4.2880   2.938500    30.9771       1119     4.6583     2.8211  0.000e+00
      0.896     4.2882   2.938387    30.9756       1120     4.6625     2.8212  0.000e+00
      0.816     4.2883   2.938393    30.9756       1121     4.6667     2.8211  0.000e+00
      0.746     4.2882   2.938500    30.9770       1122     4.6708     2.8218  0.000e+00
      0.684     4.2893   2.938539    30.9764       1123     4.6750     2.8214  0.000e+00
      0.629     4.2904   2.938556    30.9756       1124     4.6792     2.8207  0.000e+00
      0.639     4.2909   2.938251    30.9716       1125     4.6833     2.8198  0.000e+00
      0.647     4.2896   2.938319    30.9736       1126     4.6875     2.8205  0.000e+00
      0.670     4.2882   2.938427    30.9762       1127     4.6917     2.8207  0.000e+00
      0.679     4.2880   2.938596    30.9783       1128     4.6958     2.8208  0.000e+00
      0.692     4.2887   2.938618    30.9780       1129     4.7000     2.8220  0.000e+00
      0.731     4.2893   2.938556    30.9766       1130     4.7042     2.8210  0.000e+00
      0.763     4.2894   2.938387    30.9746       1131     4.7083     2.8201  0.000e+00
      0.774     4.2883   2.938178    30.9731       1132     4.7125     2.8215  0.000e+00
      0.801     4.2863   2.938139    30.9745       1133     4.7167     2.8218  0.000e+00
      0.810     4.2850   2.938212    30.9766       1134     4.7208     2.8202  0.000e+00
      0.781     4.2846   2.938331    30.9784       1135     4.7250     2.8194  0.000e+00
      0.747     4.2851   2.938274    30.9773       1136     4.7292     2.8181  0.000e+00
      0.718     4.2852   2.938314    30.9776       1137     4.7333     2.8185  0.000e+00
      0.709     4.2856   2.938443    30.9788       1138     4.7375     2.8178  0.000e+00
      0.709     4.2864   2.938483    30.9785       1139     4.7417     2.8175  0.000e+00
      0.708     4.2871   2.938500    30.9780       1140     4.7458     2.8192  0.000e+00
      0.722     4.2880   2.938618    30.9786       1141     4.7500     2.8195  0.000e+00
      0.751     4.2887   2.938596    30.9776       1142     4.7542     2.8198  0.000e+00
      0.742     4.2893   2.938630    30.9775       1143     4.7583     2.8193  0.000e+00
      0.726     4.2895   2.938675    30.9778       1144     4.7625     2.8190  0.000e+00
      0.684     4.2900   2.938635    30.9769       1145     4.7667     2.8191  0.000e+00
      0.638     4.2901   2.938675    30.9772       1146     4.7708     2.8188  0.000e+00
      0.564     4.2908   2.938793    30.9781       1147     4.7750     2.8207  0.000e+00
      0.506     4.2915   2.938788    30.9774       1148     4.7792     2.8207  0.000e+00
      0.496     4.2920   2.938731    30.9763       1149     4.7833     2.8201  0.000e+00
      0.521     4.2925   2.938844    30.9770       1150     4.7875     2.8195  0.000e+00
      0.535     4.2931   2.938923    30.9774       1151     4.7917     2.8208  0.000e+00
      0.526     4.2937   2.938951    30.9771       1152     4.7958     2.8207  0.000e+00
      0.562     4.2945   2.938940    30.9763       1153     4.8000     2.8207  0.000e+00
      0.620     4.2946   2.938923    30.9759       1154     4.8042     2.8201  0.000e+00
      0.603     4.2946   2.938827    30.9748       1155     4.8083     2.8195  0.000e+00
      0.614     4.2942   2.938884    30.9758       1156     4.8125     2.8205  0.000e+00
      0.632     4.2942   2.938901    30.9761       1157     4.8167     2.8205  0.000e+00
      0.596     4.2941   2.938940    30.9766       1158     4.8208     2.8205  0.000e+00
      0.542     4.2943   2.938861    30.9755       1159     4.8250     2.8197  0.000e+00
      0.540     4.2941   2.938788    30.9749       1160     4.8292     2.8195  0.000e+00
      0.566     4.2934   2.938884    30.9766       1161     4.8333     2.8204  0.000e+00
      0.558     4.2934   2.938957    30.9775       1162     4.8375     2.8201  0.000e+00
      0.542     4.2941   2.938980    30.9771       1163     4.8417     2.8193  0.000e+00
      0.530     4.2945   2.938788    30.9745       1164     4.8458     2.8205  0.000e+00
      0.486     4.2937   2.938539    30.9724       1165     4.8500     2.8202  0.000e+00
      0.420     4.2912   2.938500    30.9743       1166     4.8542     2.8212  0.000e+00
      0.341     4.2896   2.938692    30.9781       1167     4.8583     2.8204  0.000e+00
      0.318     4.2892   2.938652    30.9781       1168     4.8625     2.8216  0.000e+00
      0.404     4.2894   2.938793    30.9795       1169     4.8667     2.8223  0.000e+00
      0.404     4.2899   2.938827    30.9793       1170     4.8708     2.8221  0.000e+00
      0.370     4.2907   2.938771    30.9780       1171     4.8750     2.8215  0.000e+00
      0.379     4.2908   2.938652    30.9765       1172     4.8792     2.8208  0.000e+00
      0.434     4.2904   2.938652    30.9769       1173     4.8833     2.8217  0.000e+00
      0.492     4.2898   2.938630    30.9771       1174     4.8875     2.8221  0.000e+00
      0.540     4.2893   2.938731    30.9787       1175     4.8917     2.8217  0.000e+00
      0.587     4.2894   2.938923    30.9809       1176     4.8958     2.8215  0.000e+00
      0.614     4.2906   2.939166    30.9826       1177     4.9000     2.8217  0.000e+00
      0.636     4.2928   2.939262    30.9816       1178     4.9042     2.8228  0.000e+00
      0.657     4.2948   2.939228    30.9793       1179     4.9083     2.8222  0.000e+00
      0.636     4.2959   2.939301    30.9791       1180     4.9125     2.8223  0.000e+00
      0.591     4.2966   2.939262    30.9781       1181     4.9167     2.8217  0.000e+00
      0.594     4.2972   2.939352    30.9786       1182     4.9208     2.8220  0.000e+00
      0.641     4.2977   2.939341    30.9779       1183     4.9250     2.8215  0.000e+00
      0.646     4.2979   2.939471    30.9792       1184     4.9292     2.8216  0.000e+00
      0.648     4.2985   2.939414    30.9780       1185     4.9333     2.8222  0.000e+00
      0.671     4.2987   2.939454    30.9782       1186     4.9375     2.8212  0.000e+00
      0.673     4.2990   2.939205    30.9750       1187     4.9417     2.8207  0.000e+00
      0.682     4.2981   2.939014    30.9737       1188     4.9458     2.8193  0.000e+00
      0.680     4.2960   2.938731    30.9724       1189     4.9500     2.8204  0.000e+00
      0.677     4.2936   2.938884    30.9764       1190     4.9542     2.8194  0.000e+00
      0.677     4.2926   2.938974    30.9784       1191     4.9583     2.8192  0.000e+00
      0.652     4.2926   2.939053    30.9794       1192     4.9625     2.8195  0.000e+00
