HB2401/sbe004.cnv
* Sea-Bird SBE 19plus V2 Data File:
* FileName = C:\cruise\data\sbe004.hex
* Software Version Seasave V 7.26.7.121
* Temperature SN = 7142
* Conductivity SN = 7142
* System UpLoad Time = Feb 17 2024 10:53:22
* NMEA Latitude = 42 19.56 N
* NMEA Longitude = 070 17.05 W
* NMEA UTC (Time) = Feb 17 2024  10:53:37
** Cruise: HB2401
** Program: ECOMON
# nquan = 8
# nvalues = 1517                                  
# units = specified
# name 0 = depSM: Depth [salt water, m]
# name 1 = tv290C: Temperature [ITS-90, deg C]
# name 2 = c0S/m: Conductivity [S/m]
# name 3 = sal00: Salinity, Practical [PSU]
# name 4 = scan: Scan Count
# name 5 = timeM: Time, Elapsed [minutes]
# name 6 = sbeox0V: Oxygen raw, SBE 43 [V]
# name 7 = flag:  0.000e+00
# span 0 =     -0.135,     31.004                 
# span 1 =    -0.2289,     4.6411                 
# span 2 =  -0.000019,   2.996239                 
# span 3 =    -0.0021,    31.8696                 
# span 4 =         11,       1527                 
# span 5 =     0.0417,     6.3583                 
# span 6 =     2.1455,     2.9683                 
# span 7 = 0.0000e+00, 0.0000e+00                 
# interval = seconds: 0.25
# start_time = Feb 17 2024 10:53:37 [NMEA time, header]
# bad_flag = -9.990e-29
*END*
[from data line 899]
     13.683     4.6113   2.990452    31.2682        910     3.7875     2.7974  0.000e+00
     13.670     4.6113   2.990503    31.2688        911     3.7917     2.7967  0.000e+00
     13.665     4.6113   2.990532    31.2691        912     3.7958     2.7969  0.000e+00
     13.654     4.6113   2.990475    31.2684        913     3.8000     2.7967  0.000e+00
     13.643     4.6112   2.990503    31.2689        914     3.8042     2.7956  0.000e+00
     13.634     4.6112   2.990492    31.2688        915     3.8083     2.7945  0.000e+00
     13.627     4.6112   2.990526    31.2692        916     3.8125     2.7939  0.000e+00
     13.611     4.6113   2.990492    31.2686        917     3.8167     2.7941  0.000e+00
     13.598     4.6112   2.990412    31.2678        918     3.8208     2.7935  0.000e+00
     13.580     4.6110   2.990429    31.2682        919     3.8250     2.7944  0.000e+00
     13.564     4.6107   2.990412    31.2683        920     3.8292     2.7927  0.000e+00
     13.544     4.6106   2.990475    31.2691        921     3.8333     2.7938  0.000e+00
     13.526     4.6109   2.990452    31.2686        922     3.8375     2.7937  0.000e+00
     13.512     4.6108   2.990435    31.2685        923     3.8417     2.7942  0.000e+00
     13.499     4.6107   2.990486    31.2692        924     3.8458     2.7942  0.000e+00
     13.485     4.6108   2.990299    31.2670        925     3.8500     2.7951  0.000e+00
     13.467     4.6104   2.990395    31.2684        926     3.8542     2.7939  0.000e+00
     13.456     4.6102   2.990469    31.2695        927     3.8583     2.7941  0.000e+00
     13.444     4.6104   2.990509    31.2697        928     3.8625     2.7939  0.000e+00
     13.427     4.6107   2.990475    31.2691        929     3.8667     2.7941  0.000e+00
     13.418     4.6107   2.990543    31.2699        930     3.8708     2.7939  0.000e+00
     13.409     4.6110   2.990588    31.2702        931     3.8750     2.7940  0.000e+00
     13.402     4.6114   2.990549    31.2693        932     3.8792     2.7940  0.000e+00
     13.399     4.6114   2.990577    31.2697        933     3.8833     2.7944  0.000e+00
     13.397     4.6115   2.990611    31.2699        934     3.8875     2.7942  0.000e+00
     13.388     4.6118   2.990503    31.2684        935     3.8917     2.7940  0.000e+00
     13.375     4.6117   2.990452    31.2679        936     3.8958     2.7941  0.000e+00
     13.364     4.6113   2.990503    31.2689        937     3.9000     2.7932  0.000e+00
     13.350     4.6112   2.990549    31.2695        938     3.9042     2.7936  0.000e+00
     13.328     4.6113   2.990543    31.2694        939     3.9083     2.7945  0.000e+00
     13.303     4.6113   2.990435    31.2681        940     3.9125     2.7941  0.000e+00
     13.274     4.6112   2.990242    31.2661        941     3.9167     2.7944  0.000e+00
     13.240     4.6104   2.990247    31.2669        942     3.9208     2.7953  0.000e+00
     13.204     4.6097   2.990395    31.2692        943     3.9250     2.7948  0.000e+00
     13.174     4.6098   2.990355    31.2687        944     3.9292     2.7949  0.000e+00
     13.147     4.6099   2.990378    31.2689        945     3.9333     2.7959  0.000e+00
     13.116     4.6101   2.990259    31.2674        946     3.9375     2.7962  0.000e+00
     13.102     4.6099   2.990156    31.2664        947     3.9417     2.7956  0.000e+00
     13.086     4.6092   2.990145    31.2669        948     3.9458     2.7967  0.000e+00
     13.084     4.6088   2.990219    31.2682        949     3.9500     2.7964  0.000e+00
     13.080     4.6087   2.990230    31.2684        950     3.9542     2.7972  0.000e+00
     13.082     4.6089   2.990259    31.2685        951     3.9583     2.7969  0.000e+00
     13.082     4.6089   2.990162    31.2673        952     3.9625     2.7975  0.000e+00
     13.089     4.6088   2.990043    31.2661        953     3.9667     2.7973  0.000e+00
     13.098     4.6083   2.990082    31.2670        954     3.9708     2.7982  0.000e+00
     13.100     4.6080   2.989969    31.2660        955     3.9750     2.7958  0.000e+00
     13.104     4.6075   2.990190    31.2690        956     3.9792     2.7971  0.000e+00
     13.100     4.6078   2.990179    31.2686        957     3.9833     2.7967  0.000e+00
     13.095     4.6082   2.989952    31.2656        958     3.9875     2.7955  0.000e+00
     13.084     4.6079   2.989946    31.2658        959     3.9917     2.7952  0.000e+00
     13.077     4.6072   2.989986    31.2669        960     3.9958     2.7965  0.000e+00
     13.053     4.6070   2.989844    31.2655        961     4.0000     2.7958  0.000e+00
     13.046     4.6066   2.989889    31.2664        962     4.0042     2.7959  0.000e+00
     13.037     4.6064   2.989810    31.2657        963     4.0083     2.7945  0.000e+00
     13.021     4.6060   2.989895    31.2670        964     4.0125     2.7946  0.000e+00
     13.007     4.6061   2.989946    31.2676        965     4.0167     2.7936  0.000e+00
     12.992     4.6064   2.989861    31.2663        966     4.0208     2.7937  0.000e+00
     12.978     4.6063   2.989736    31.2649        967     4.0250     2.7935  0.000e+00
     12.956     4.6059   2.989696    31.2649        968     4.0292     2.7935  0.000e+00
     12.938     4.6054   2.989730    31.2658        969     4.0333     2.7928  0.000e+00
     12.913     4.6052   2.989616    31.2647        970     4.0375     2.7935  0.000e+00
     12.886     4.6049   2.989599    31.2647        971     4.0417     2.7931  0.000e+00
     12.859     4.6046   2.989526    31.2642        972     4.0458     2.7926  0.000e+00
     12.832     4.6041   2.989736    31.2671        973     4.0500     2.7935  0.000e+00
     12.802     4.6043   2.989912    31.2690        974     4.0542     2.7929  0.000e+00
     12.775     4.6053   2.989918    31.2681        975     4.0583     2.7926  0.000e+00
     12.744     4.6059   2.989946    31.2679        976     4.0625     2.7928  0.000e+00
     12.714     4.6063   2.989935    31.2674        977     4.0667     2.7920  0.000e+00
     12.699     4.6064   2.989793    31.2656        978     4.0708     2.7919  0.000e+00
     12.678     4.6062   2.989776    31.2657        979     4.0750     2.7925  0.000e+00
     12.667     4.6058   2.989770    31.2660        980     4.0792     2.7938  0.000e+00
     12.654     4.6055   2.989736    31.2658        981     4.0833     2.7945  0.000e+00
     12.649     4.6053   2.989753    31.2663        982     4.0875     2.7942  0.000e+00
     12.644     4.6051   2.989673    31.2655        983     4.0917     2.7951  0.000e+00
     12.651     4.6049   2.989599    31.2649        984     4.0958     2.7958  0.000e+00
     12.653     4.6046   2.989599    31.2652        985     4.1000     2.7970  0.000e+00
     12.654     4.6042   2.989565    31.2651        986     4.1042     2.7965  0.000e+00
     12.656     4.6040   2.989599    31.2657        987     4.1083     2.7958  0.000e+00
     12.651     4.6040   2.989565    31.2653        988     4.1125     2.7973  0.000e+00
     12.651     4.6037   2.989520    31.2651        989     4.1167     2.7960  0.000e+00
     12.629     4.6035   2.989480    31.2648        990     4.1208     2.7962  0.000e+00
     12.613     4.6034   2.989378    31.2637        991     4.1250     2.7951  0.000e+00
     12.588     4.6029   2.989344    31.2639        992     4.1292     2.7958  0.000e+00
     12.556     4.6025   2.989406    31.2649        993     4.1333     2.7957  0.000e+00
     12.529     4.6025   2.989435    31.2653        994     4.1375     2.7955  0.000e+00
     12.498     4.6026   2.989520    31.2662        995     4.1417     2.7954  0.000e+00
     12.466     4.6029   2.989474    31.2654        996     4.1458     2.7946  0.000e+00
     12.439     4.6030   2.989366    31.2641        997     4.1500     2.7950  0.000e+00
     12.406     4.6027   2.989344    31.2641        998     4.1542     2.7955  0.000e+00
     12.385     4.6024   2.989304    31.2639        999     4.1583     2.7955  0.000e+00
     12.352     4.6019   2.989310    31.2645       1000     4.1625     2.7949  0.000e+00
     12.327     4.6018   2.989287    31.2643       1001     4.1667     2.7945  0.000e+00
     12.297     4.6017   2.989304    31.2647       1002     4.1708     2.7938  0.000e+00
     12.273     4.6017   2.989173    31.2632       1003     4.1750     2.7949  0.000e+00
     12.261     4.6013   2.989150    31.2633       1004     4.1792     2.7941  0.000e+00
     12.239     4.6008   2.989270    31.2651       1005     4.1833     2.7941  0.000e+00
     12.219     4.6009   2.989327    31.2657       1006     4.1875     2.7935  0.000e+00
     12.210     4.6012   2.989287    31.2650       1007     4.1917     2.7931  0.000e+00
     12.196     4.6014   2.989190    31.2637       1008     4.1958     2.7927  0.000e+00
     12.183     4.6011   2.989173    31.2637       1009     4.2000     2.7928  0.000e+00
     12.176     4.6009   2.989139    31.2635       1010     4.2042     2.7932  0.000e+00
     12.173     4.6005   2.989077    31.2632       1011     4.2083     2.7928  0.000e+00
     12.167     4.6003   2.989037    31.2629       1012     4.2125     2.7927  0.000e+00
     12.169     4.5999   2.988957    31.2624       1013     4.2167     2.7932  0.000e+00
     12.164     4.5996   2.989014    31.2634       1014     4.2208     2.7927  0.000e+00
     12.158     4.5992   2.989077    31.2644       1015     4.2250     2.7932  0.000e+00
     12.146     4.5994   2.989031    31.2638       1016     4.2292     2.7926  0.000e+00
     12.130     4.5994   2.989037    31.2638       1017     4.2333     2.7934  0.000e+00
     12.112     4.5991   2.989048    31.2642       1018     4.2375     2.7928  0.000e+00
     12.083     4.5993   2.989111    31.2648       1019     4.2417     2.7923  0.000e+00
     12.063     4.5995   2.989111    31.2646       1020     4.2458     2.7933  0.000e+00
     12.029     4.5998   2.988974    31.2628       1021     4.2500     2.7923  0.000e+00
     11.988     4.5994   2.988878    31.2621       1022     4.2542     2.7928  0.000e+00
     11.952     4.5987   2.989076    31.2650       1023     4.2583     2.7933  0.000e+00
     11.914     4.5989   2.989031    31.2644       1024     4.2625     2.7933  0.000e+00
     11.878     4.5991   2.988878    31.2624       1025     4.2667     2.7932  0.000e+00
     11.840     4.5987   2.988957    31.2637       1026     4.2708     2.7926  0.000e+00
     11.813     4.5983   2.988861    31.2630       1027     4.2750     2.7932  0.000e+00
     11.783     4.5981   2.988861    31.2632       1028     4.2792     2.7931  0.000e+00
     11.759     4.5977   2.988843    31.2633       1029     4.2833     2.7924  0.000e+00
     11.732     4.5975   2.988764    31.2626       1030     4.2875     2.7933  0.000e+00
     11.707     4.5971   2.988940    31.2651       1031     4.2917     2.7928  0.000e+00
     11.680     4.5970   2.989008    31.2660       1032     4.2958     2.7937  0.000e+00
     11.664     4.5975   2.989037    31.2659       1033     4.3000     2.7929  0.000e+00
     11.646     4.5980   2.989110    31.2663       1034     4.3042     2.7932  0.000e+00
     11.624     4.5985   2.989048    31.2650       1035     4.3083     2.7948  0.000e+00
     11.601     4.5986   2.988974    31.2641       1036     4.3125     2.7943  0.000e+00
     11.579     4.5986   2.988991    31.2643       1037     4.3167     2.7945  0.000e+00
     11.567     4.5985   2.988997    31.2645       1038     4.3208     2.7945  0.000e+00
     11.540     4.5984   2.988804    31.2624       1039     4.3250     2.7948  0.000e+00
     11.513     4.5977   2.988809    31.2631       1040     4.3292     2.7934  0.000e+00
     11.486     4.5974   2.988764    31.2629       1041     4.3333     2.7943  0.000e+00
     11.459     4.5969   2.988707    31.2628       1042     4.3375     2.7951  0.000e+00
     11.438     4.5965   2.988826    31.2645       1043     4.3417     2.7958  0.000e+00
     11.412     4.5970   2.989502    31.2719       1044     4.3458     2.7954  0.000e+00
     11.389     4.5992   2.989502    31.2698       1045     4.3500     2.7955  0.000e+00
     11.367     4.6019   2.989582    31.2681       1046     4.3542     2.7964  0.000e+00
     11.349     4.6034   2.989542    31.2662       1047     4.3583     2.7967  0.000e+00
     11.323     4.6041   2.989343    31.2633       1048     4.3625     2.7969  0.000e+00
     11.301     4.6035   2.989207    31.2623       1049     4.3667     2.7976  0.000e+00
     11.281     4.6025   2.989230    31.2635       1050     4.3708     2.7976  0.000e+00
     11.252     4.6021   2.989230    31.2639       1051     4.3750     2.7975  0.000e+00
     11.231     4.6018   2.989247    31.2645       1052     4.3792     2.7976  0.000e+00
     11.207     4.6016   2.989286    31.2651       1053     4.3833     2.7983  0.000e+00
     11.182     4.6016   2.989213    31.2643       1054     4.3875     2.7968  0.000e+00
     11.157     4.6016   2.989207    31.2642       1055     4.3917     2.7976  0.000e+00
     11.130     4.6014   2.989230    31.2647       1056     4.3958     2.7965  0.000e+00
     11.107     4.6014   2.989343    31.2660       1057     4.4000     2.7949  0.000e+00
     11.080     4.6019   2.989309    31.2652       1058     4.4042     2.7948  0.000e+00
     11.056     4.6019   2.989156    31.2634       1059     4.4083     2.7950  0.000e+00
     11.035     4.6011   2.989076    31.2632       1060     4.4125     2.7945  0.000e+00
     11.004     4.6002   2.989036    31.2636       1061     4.4167     2.7943  0.000e+00
     10.979     4.5994   2.988917    31.2630       1062     4.4208     2.7939  0.000e+00
     10.961     4.5987   2.988974    31.2643       1063     4.4250     2.7938  0.000e+00
     10.938     4.5984   2.988997    31.2649       1064     4.4292     2.7919  0.000e+00
     10.907     4.5984   2.989195    31.2672       1065     4.4333     2.7925  0.000e+00
     10.886     4.5992   2.989309    31.2677       1066     4.4375     2.7916  0.000e+00
     10.862     4.6001   2.988957    31.2628       1067     4.4417     2.7923  0.000e+00
     10.844     4.5996   2.988605    31.2593       1068     4.4458     2.7934  0.000e+00
     10.818     4.5978   2.988491    31.2597       1069     4.4500     2.7931  0.000e+00
     10.794     4.5962   2.988400    31.2601       1070     4.4542     2.7932  0.000e+00
     10.774     4.5950   2.988508    31.2626       1071     4.4583     2.7944  0.000e+00
     10.749     4.5945   2.988531    31.2633       1072     4.4625     2.7935  0.000e+00
     10.731     4.5945   2.988400    31.2618       1073     4.4667     2.7942  0.000e+00
     10.706     4.5941   2.988275    31.2607       1074     4.4708     2.7950  0.000e+00
     10.685     4.5935   2.988355    31.2622       1075     4.4750     2.7946  0.000e+00
     10.650     4.5931   2.988161    31.2604       1076     4.4792     2.7945  0.000e+00
     10.625     4.5925   2.988105    31.2604       1077     4.4833     2.7952  0.000e+00
     10.598     4.5917   2.988008    31.2600       1078     4.4875     2.7954  0.000e+00
     10.573     4.5908   2.987832    31.2588       1079     4.4917     2.7951  0.000e+00
     10.548     4.5900   2.987809    31.2593       1080     4.4958     2.7949  0.000e+00
     10.514     4.5892   2.987849    31.2605       1081     4.5000     2.7941  0.000e+00
     10.480     4.5890   2.987832    31.2605       1082     4.5042     2.7937  0.000e+00
     10.451     4.5890   2.987945    31.2619       1083     4.5083     2.7940  0.000e+00
     10.417     4.5891   2.987849    31.2607       1084     4.5125     2.7949  0.000e+00
     10.382     4.5892   2.987928    31.2615       1085     4.5167     2.7948  0.000e+00
     10.350     4.5892   2.987832    31.2605       1086     4.5208     2.7955  0.000e+00
     10.320     4.5891   2.987775    31.2599       1087     4.5250     2.7943  0.000e+00
     10.289     4.5887   2.987639    31.2587       1088     4.5292     2.7945  0.000e+00
