HB2401/sbe011.cnv
* Sea-Bird SBE 19plus V2 Data File:
* FileName = C:\cruise\data\sbe011.hex
* Software Version Seasave V 7.26.7.121
* Temperature SN = 7142
* Conductivity SN = 7142
* System UpLoad Time = Feb 17 2024 21:25:18
* NMEA Latitude = 42 06.49 N
* NMEA Longitude = 070 13.72 W
* NMEA UTC (Time) = Feb 17 2024  21:25:33
** Cruise: HB2401
** Program: ECOMON
# nquan = 8
# nvalues = 1477                                  
# units = specified
# name 0 = depSM: Depth [salt water, m]
# name 1 = tv290C: Temperature [ITS-90, deg C]
# name 2 = c0S/m: Conductivity [S/m]
# name 3 = sal00: Salinity, Practical [PSU]
# name 4 = scan: Scan Count
# name 5 = timeM: Time, Elapsed [minutes]
# name 6 = sbeox0V: Oxygen raw, SBE 43 [V]
# name 7 = flag:  0.000e+00
# span 0 =     -0.153,     61.536                 
# span 1 =     0.7577,     4.4409                 
# span 2 = 4.3210e-07,   2.969111                 
# span 3 =    -0.0013,    31.1671                 
# span 4 =         11,       1487                 
# span 5 =     0.0417,     6.1917                 
# span 6 =     2.5176,     2.9419                 
# span 7 = 0.0000e+00, 0.0000e+00                 
# interval = seconds: 0.25
# start_time = Feb 17 2024 21:25:33 [NMEA time, header]
# bad_flag = -9.990e-29
*END*
[from data line 899]
     28.071     4.0466   2.921373    30.9913        910     3.7875     2.8363  0.000e+00
     28.001     4.0477   2.921277    30.9892        911     3.7917     2.8362  0.000e+00
     27.925     4.0479   2.921165    30.9877        912     3.7958     2.8358  0.000e+00
     27.862     4.0473   2.921204    30.9888        913     3.8000     2.8355  0.000e+00
     27.799     4.0471   2.921029    30.9870        914     3.8042     2.8355  0.000e+00
     27.733     4.0461   2.920877    30.9862        915     3.8083     2.8343  0.000e+00
     27.668     4.0445   2.920556    30.9839        916     3.8125     2.8345  0.000e+00
     27.603     4.0423   2.919047    30.9684        917     3.8167     2.8336  0.000e+00
     27.542     4.0379   2.917437    30.9538        918     3.8208     2.8339  0.000e+00
     27.481     4.0288   2.914589    30.9290        919     3.8250     2.8340  0.000e+00
     27.424     4.0119   2.911494    30.9087        920     3.8292     2.8333  0.000e+00
     27.359     3.9909   2.911494    30.9286        921     3.8333     2.8326  0.000e+00
     27.302     3.9757   2.909087    30.9147        922     3.8375     2.8314  0.000e+00
     27.239     3.9617   2.908086    30.9162        923     3.8417     2.8321  0.000e+00
     27.178     3.9473   2.907732    30.9257        924     3.8458     2.8320  0.000e+00
     27.125     3.9373   2.907749    30.9354        925     3.8500     2.8331  0.000e+00
     27.066     3.9320   2.907789    30.9409        926     3.8542     2.8343  0.000e+00
     27.012     3.9296   2.907631    30.9414        927     3.8583     2.8341  0.000e+00
     26.960     3.9282   2.907654    30.9430        928     3.8625     2.8366  0.000e+00
     26.903     3.9272   2.907620    30.9435        929     3.8667     2.8379  0.000e+00
     26.851     3.9268   2.907502    30.9426        930     3.8708     2.8393  0.000e+00
     26.791     3.9263   2.907524    30.9433        931     3.8750     2.8416  0.000e+00
     26.734     3.9258   2.907412    30.9425        932     3.8792     2.8426  0.000e+00
     26.682     3.9255   2.907299    30.9415        933     3.8833     2.8444  0.000e+00
     26.628     3.9247   2.907294    30.9422        934     3.8875     2.8451  0.000e+00
     26.570     3.9243   2.907013    30.9393        935     3.8917     2.8471  0.000e+00
     26.518     3.9233   2.906754    30.9373        936     3.8958     2.8478  0.000e+00
     26.461     3.9216   2.906546    30.9365        937     3.9000     2.8480  0.000e+00
     26.405     3.9197   2.906377    30.9363        938     3.9042     2.8483  0.000e+00
     26.353     3.9180   2.906394    30.9382        939     3.9083     2.8506  0.000e+00
     26.295     3.9170   2.906338    30.9384        940     3.9125     2.8534  0.000e+00
     26.247     3.9163   2.906400    30.9398        941     3.9167     2.8539  0.000e+00
     26.195     3.9161   2.906377    30.9398        942     3.9208     2.8537  0.000e+00
     26.134     3.9162   2.906338    30.9393        943     3.9250     2.8503  0.000e+00
     26.071     3.9160   2.906377    30.9399        944     3.9292     2.8529  0.000e+00
     26.019     3.9160   2.906456    30.9409        945     3.9333     2.8529  0.000e+00
     25.963     3.9164   2.906602    30.9423        946     3.9375     2.8532  0.000e+00
     25.911     3.9172   2.906754    30.9434        947     3.9417     2.8529  0.000e+00
     25.846     3.9181   2.905922    30.9327        948     3.9458     2.8580  0.000e+00
     25.789     3.9162   2.905866    30.9339        949     3.9500     2.8574  0.000e+00
     25.728     3.9141   2.905512    30.9317        950     3.9542     2.8566  0.000e+00
     25.674     3.9117   2.905720    30.9365        951     3.9583     2.8560  0.000e+00
     25.620     3.9107   2.905630    30.9364        952     3.9625     2.8581  0.000e+00
     25.562     3.9104   2.905680    30.9373        953     3.9667     2.8567  0.000e+00
     25.501     3.9103   2.905528    30.9357        954     3.9708     2.8575  0.000e+00
     25.447     3.9097   2.905230    30.9328        955     3.9750     2.8574  0.000e+00
     25.395     3.9084   2.904758    30.9285        956     3.9792     2.8590  0.000e+00
     25.338     3.9061   2.904702    30.9301        957     3.9833     2.8585  0.000e+00
     25.287     3.9038   2.904646    30.9316        958     3.9875     2.8592  0.000e+00
     25.237     3.9025   2.905343    30.9411        959     3.9917     2.8582  0.000e+00
     25.179     3.9040   2.905416    30.9405        960     3.9958     2.8588  0.000e+00
     25.129     3.9061   2.905601    30.9407        961     4.0000     2.8579  0.000e+00
     25.070     3.9075   2.905888    30.9427        962     4.0042     2.8591  0.000e+00
     25.014     3.9094   2.906169    30.9443        963     4.0083     2.8592  0.000e+00
     24.958     3.9117   2.906090    30.9412        964     4.0125     2.8581  0.000e+00
     24.910     3.9132   2.906186    30.9410        965     4.0167     2.8596  0.000e+00
     24.843     3.9140   2.906383    30.9426        966     4.0208     2.8581  0.000e+00
     24.789     3.9150   2.906265    30.9403        967     4.0250     2.8591  0.000e+00
     24.728     3.9155   2.906073    30.9376        968     4.0292     2.8589  0.000e+00
     24.669     3.9151   2.906034    30.9375        969     4.0333     2.8572  0.000e+00
     24.619     3.9146   2.906562    30.9442        970     4.0375     2.8587  0.000e+00
     24.561     3.9158   2.906754    30.9453        971     4.0417     2.8584  0.000e+00
     24.500     3.9177   2.906866    30.9449        972     4.0458     2.8575  0.000e+00
     24.441     3.9194   2.906900    30.9437        973     4.0500     2.8592  0.000e+00
     24.389     3.9204   2.906866    30.9424        974     4.0542     2.8578  0.000e+00
     24.337     3.9210   2.906810    30.9412        975     4.0583     2.8580  0.000e+00
     24.272     3.9209   2.906562    30.9384        976     4.0625     2.8590  0.000e+00
     24.225     3.9203   2.906635    30.9399        977     4.0667     2.8577  0.000e+00
     24.168     3.9198   2.906619    30.9402        978     4.0708     2.8585  0.000e+00
     24.105     3.9194   2.906697    30.9415        979     4.0750     2.8575  0.000e+00
     24.049     3.9195   2.906506    30.9392        980     4.0792     2.8587  0.000e+00
     23.988     3.9190   2.906186    30.9359        981     4.0833     2.8584  0.000e+00
     23.938     3.9176   2.906242    30.9380        982     4.0875     2.8575  0.000e+00
     23.873     3.9164   2.906298    30.9397        983     4.0917     2.8576  0.000e+00
     23.826     3.9164   2.906618    30.9435        984     4.0958     2.8569  0.000e+00
     23.772     3.9174   2.906618    30.9427        985     4.1000     2.8572  0.000e+00
     23.719     3.9183   2.906410    30.9393        986     4.1042     2.8578  0.000e+00
     23.668     3.9182   2.906455    30.9400        987     4.1083     2.8578  0.000e+00
     23.616     3.9181   2.905944    30.9341        988     4.1125     2.8584  0.000e+00
     23.568     3.9163   2.905978    30.9362        989     4.1167     2.8578  0.000e+00
     23.506     3.9149   2.905904    30.9367        990     4.1208     2.8571  0.000e+00
     23.453     3.9141   2.905904    30.9375        991     4.1250     2.8578  0.000e+00
     23.406     3.9136   2.906000    30.9392        992     4.1292     2.8594  0.000e+00
     23.347     3.9137   2.906017    30.9393        993     4.1333     2.8584  0.000e+00
     23.296     3.9139   2.906169    30.9409        994     4.1375     2.8578  0.000e+00
     23.239     3.9146   2.906112    30.9396        995     4.1417     2.8589  0.000e+00
     23.185     3.9150   2.906225    30.9406        996     4.1458     2.8584  0.000e+00
     23.124     3.9153   2.905775    30.9350        997     4.1500     2.8585  0.000e+00
     23.068     3.9144   2.905663    30.9346        998     4.1542     2.8602  0.000e+00
     23.003     3.9126   2.904437    30.9219        999     4.1583     2.8594  0.000e+00
     22.942     3.9082   2.904398    30.9257       1000     4.1625     2.8588  0.000e+00
     22.879     3.9041   2.904718    30.9333       1001     4.1667     2.8600  0.000e+00
     22.818     3.9031   2.904797    30.9353       1002     4.1708     2.8596  0.000e+00
     22.755     3.9031   2.904252    30.9289       1003     4.1750     2.8590  0.000e+00
     22.700     3.9017   2.904139    30.9289       1004     4.1792     2.8584  0.000e+00
     22.644     3.8998   2.904196    30.9314       1005     4.1833     2.8594  0.000e+00
     22.590     3.8992   2.904044    30.9302       1006     4.1875     2.8595  0.000e+00
     22.536     3.8985   2.903819    30.9283       1007     4.1917     2.8591  0.000e+00
     22.482     3.8969   2.903499    30.9260       1008     4.1958     2.8611  0.000e+00
     22.426     3.8950   2.903791    30.9312       1009     4.2000     2.8603  0.000e+00
     22.380     3.8945   2.904100    30.9354       1010     4.2042     2.8614  0.000e+00
     22.320     3.8955   2.904196    30.9356       1011     4.2083     2.8619  0.000e+00
     22.274     3.8968   2.904004    30.9321       1012     4.2125     2.8623  0.000e+00
     22.216     3.8972   2.903988    30.9316       1013     4.2167     2.8635  0.000e+00
     22.164     3.8971   2.904027    30.9322       1014     4.2208     2.8623  0.000e+00
     22.117     3.8970   2.904117    30.9334       1015     4.2250     2.8636  0.000e+00
     22.060     3.8974   2.904201    30.9340       1016     4.2292     2.8637  0.000e+00
     22.008     3.8979   2.904100    30.9323       1017     4.2333     2.8644  0.000e+00
     21.948     3.8981   2.903707    30.9275       1018     4.2375     2.8639  0.000e+00
     21.898     3.8967   2.902768    30.9179       1019     4.2417     2.8646  0.000e+00
     21.844     3.8926   2.902858    30.9228       1020     4.2458     2.8643  0.000e+00
     21.781     3.8894   2.903122    30.9291       1021     4.2500     2.8636  0.000e+00
     21.724     3.8891   2.903875    30.9382       1022     4.2542     2.8634  0.000e+00
     21.664     3.8911   2.903521    30.9322       1023     4.2583     2.8634  0.000e+00
     21.600     3.8925   2.903909    30.9354       1024     4.2625     2.8639  0.000e+00
     21.546     3.8939   2.903667    30.9313       1025     4.2667     2.8636  0.000e+00
     21.488     3.8943   2.903779    30.9323       1026     4.2708     2.8652  0.000e+00
     21.425     3.8946   2.903369    30.9272       1027     4.2750     2.8654  0.000e+00
     21.364     3.8934   2.902111    30.9135       1028     4.2792     2.8641  0.000e+00
     21.298     3.8886   2.901976    30.9166       1029     4.2833     2.8655  0.000e+00
     21.242     3.8842   2.901768    30.9183       1030     4.2875     2.8639  0.000e+00
     21.181     3.8810   2.902437    30.9293       1031     4.2917     2.8647  0.000e+00
     21.129     3.8813   2.902841    30.9337       1032     4.2958     2.8646  0.000e+00
     21.073     3.8836   2.902672    30.9296       1033     4.3000     2.8656  0.000e+00
     21.021     3.8848   2.902504    30.9265       1034     4.3042     2.8651  0.000e+00
     20.973     3.8849   2.902560    30.9271       1035     4.3083     2.8654  0.000e+00
     20.921     3.8847   2.903369    30.9369       1036     4.3125     2.8668  0.000e+00
     20.874     3.8873   2.903442    30.9352       1037     4.3167     2.8673  0.000e+00
     20.831     3.8899   2.903397    30.9323       1038     4.3208     2.8675  0.000e+00
     20.780     3.8913   2.903481    30.9320       1039     4.3250     2.8668  0.000e+00
     20.732     3.8920   2.903481    30.9313       1040     4.3292     2.8673  0.000e+00
     20.685     3.8926   2.903538    30.9315       1041     4.3333     2.8661  0.000e+00
     20.637     3.8930   2.903684    30.9328       1042     4.3375     2.8661  0.000e+00
     20.590     3.8938   2.903779    30.9332       1043     4.3417     2.8664  0.000e+00
     20.534     3.8945   2.903723    30.9319       1044     4.3458     2.8662  0.000e+00
     20.482     3.8951   2.903403    30.9276       1045     4.3500     2.8671  0.000e+00
     20.434     3.8940   2.903701    30.9322       1046     4.3542     2.8664  0.000e+00
     20.383     3.8942   2.903026    30.9241       1047     4.3583     2.8661  0.000e+00
     20.322     3.8926   2.902785    30.9227       1048     4.3625     2.8677  0.000e+00
     20.272     3.8900   2.903105    30.9290       1049     4.3667     2.8659  0.000e+00
     20.220     3.8894   2.903251    30.9314       1050     4.3708     2.8671  0.000e+00
     20.164     3.8903   2.903537    30.9339       1051     4.3750     2.8657  0.000e+00
     20.114     3.8915   2.903442    30.9317       1052     4.3792     2.8651  0.000e+00
     20.058     3.8923   2.903397    30.9304       1053     4.3833     2.8645  0.000e+00
     20.008     3.8926   2.903425    30.9304       1054     4.3875     2.8628  0.000e+00
     19.947     3.8926   2.903065    30.9263       1055     4.3917     2.8632  0.000e+00
     19.898     3.8914   2.902745    30.9237       1056     4.3958     2.8636  0.000e+00
     19.844     3.8896   2.902633    30.9240       1057     4.4000     2.8635  0.000e+00
     19.788     3.8880   2.902296    30.9216       1058     4.4042     2.8641  0.000e+00
     19.740     3.8857   2.901790    30.9179       1059     4.4083     2.8638  0.000e+00
     19.684     3.8828   2.901397    30.9161       1060     4.4125     2.8629  0.000e+00
     19.632     3.8793   2.901880    30.9251       1061     4.4167     2.8610  0.000e+00
     19.585     3.8784   2.902858    30.9374       1062     4.4208     2.8623  0.000e+00
     19.530     3.8818   2.902768    30.9332       1063     4.4250     2.8611  0.000e+00
     19.483     3.8845   2.902576    30.9284       1064     4.4292     2.8613  0.000e+00
     19.427     3.8854   2.902239    30.9236       1065     4.4333     2.8613  0.000e+00
     19.377     3.8845   2.902166    30.9236       1066     4.4375     2.8624  0.000e+00
     19.327     3.8833   2.902183    30.9250       1067     4.4417     2.8621  0.000e+00
     19.273     3.8825   2.901998    30.9236       1068     4.4458     2.8610  0.000e+00
     19.219     3.8816   2.901919    30.9236       1069     4.4500     2.8614  0.000e+00
     19.172     3.8807   2.901998    30.9254       1070     4.4542     2.8629  0.000e+00
     19.118     3.8804   2.902015    30.9259       1071     4.4583     2.8624  0.000e+00
     19.075     3.8804   2.902015    30.9259       1072     4.4625     2.8626  0.000e+00
     19.023     3.8806   2.901919    30.9246       1073     4.4667     2.8642  0.000e+00
     18.982     3.8799   2.900756    30.9116       1074     4.4708     2.8648  0.000e+00
     18.926     3.8765   2.900458    30.9114       1075     4.4750     2.8653  0.000e+00
     18.877     3.8724   2.901419    30.9266       1076     4.4792     2.8655  0.000e+00
     18.825     3.8726   2.901374    30.9259       1077     4.4833     2.8658  0.000e+00
     18.775     3.8736   2.901205    30.9230       1078     4.4875     2.8654  0.000e+00
     18.723     3.8736   2.901357    30.9248       1079     4.4917     2.8658  0.000e+00
     18.678     3.8736   2.902481    30.9380       1080     4.4958     2.8644  0.000e+00
     18.620     3.8779   2.901677    30.9245       1081     4.5000     2.8655  0.000e+00
     18.575     3.8783   2.899913    30.9034       1082     4.5042     2.8657  0.000e+00
     18.529     3.8722   2.900138    30.9119       1083     4.5083     2.8664  0.000e+00
     18.482     3.8687   2.897605    30.8854       1084     4.5125     2.8674  0.000e+00
     18.433     3.8583   2.898128    30.9014       1085     4.5167     2.8680  0.000e+00
     18.383     3.8515   2.899065    30.9189       1086     4.5208     2.8674  0.000e+00
     18.335     3.8514   2.897341    30.8987       1087     4.5250     2.8680  0.000e+00
     18.275     3.8481   2.896555    30.8926       1088     4.5292     2.8690  0.000e+00
