HB2401/sbe019.cnv
* Sea-Bird SBE 19plus V2 Data File:
* FileName = C:\cruise\data\sbe019.hex
* Software Version Seasave V 7.26.7.121
* Temperature SN = 7142
* Conductivity SN = 7142
* System UpLoad Time = Feb 19 2024 18:39:15
* NMEA Latitude = 40 29.70 N
* NMEA Longitude = 071 18.51 W
* NMEA UTC (Time) = Feb 19 2024  18:39:31
** Cruise: HB2401
** Program: ECOMON
# nquan = 8
# nvalues = 1626                                  
# units = specified
# name 0 = depSM: Depth [salt water, m]
# name 1 = tv290C: Temperature [ITS-90, deg C]
# name 2 = c0S/m: Conductivity [S/m]
# name 3 = sal00: Salinity, Practical [PSU]
# name 4 = scan: Scan Count
# name 5 = timeM: Time, Elapsed [minutes]
# name 6 = sbeox0V: Oxygen raw, SBE 43 [V]
# name 7 = flag:  0.000e+00
# span 0 =      0.005,     67.662                 
# span 1 =     2.4067,     6.2211                 
# span 2 =   0.000037,   3.211347                 
# span 3 =     0.0002,    32.9058                 
# span 4 =         11,       1636                 
# span 5 =     0.0417,     6.8125                 
# span 6 =     2.5169,     3.0042                 
# span 7 = 0.0000e+00, 0.0000e+00                 
# interval = seconds: 0.25
# start_time = Feb 19 2024 18:39:31 [NMEA time, header]
# bad_flag = -9.990e-29
*END*
[from data line 180]
      3.471     6.1668   3.194837    32.1196        191     0.7917     2.5959  0.000e+00
      3.537     6.1681   3.196032    32.1317        192     0.7958     2.5911  0.000e+00
      3.584     6.1688   3.197228    32.1443        193     0.8000     2.5857  0.000e+00
      3.622     6.1697   3.198406    32.1565        194     0.8042     2.5784  0.000e+00
      3.623     6.1725   3.199263    32.1634        195     0.8083     2.5728  0.000e+00
      3.584     6.1776   3.200558    32.1730        196     0.8125     2.5654  0.000e+00
      3.526     6.1828   3.200780    32.1706        197     0.8167     2.5612  0.000e+00
      3.438     6.1871   3.201176    32.1710        198     0.8208     2.5611  0.000e+00
      3.336     6.1896   3.201094    32.1677        199     0.8250     2.5647  0.000e+00
      3.241     6.1906   3.201795    32.1747        200     0.8292     2.5708  0.000e+00
      3.153     6.1914   3.201952    32.1757        201     0.8333     2.5784  0.000e+00
      3.070     6.1923   3.201532    32.1702        202     0.8375     2.5867  0.000e+00
      2.994     6.1932   3.200336    32.1560        203     0.8417     2.5957  0.000e+00
      2.989     6.1931   3.196113    32.1092        204     0.8458     2.6055  0.000e+00
      3.005     6.1923   3.192015    32.0643        205     0.8500     2.6133  0.000e+00
      3.083     6.1908   3.190244    32.0460        206     0.8542     2.6207  0.000e+00
      3.190     6.1884   3.191241    32.0593        207     0.8583     2.6263  0.000e+00
      3.323     6.1755   3.190343    32.0614        208     0.8625     2.6316  0.000e+00
      3.471     6.1573   3.192645    32.1042        209     0.8667     2.6344  0.000e+00
      3.631     6.1481   3.195776    32.1477        210     0.8708     2.6340  0.000e+00
      3.783     6.1507   3.198184    32.1720        211     0.8750     2.6324  0.000e+00
      3.956     6.1555   3.198884    32.1752        212     0.8792     2.6286  0.000e+00
      4.143     6.1606   3.199298    32.1749        213     0.8833     2.6249  0.000e+00
      4.335     6.1664   3.199537    32.1719        214     0.8875     2.6205  0.000e+00
      4.525     6.1717   3.199981    32.1717        215     0.8917     2.6142  0.000e+00
      4.723     6.1746   3.200576    32.1755        216     0.8958     2.6076  0.000e+00
      4.921     6.1772   3.201037    32.1781        217     0.9000     2.6013  0.000e+00
      5.113     6.1802   3.201153    32.1764        218     0.9042     2.5941  0.000e+00
      5.289     6.1830   3.201474    32.1772        219     0.9083     2.5899  0.000e+00
      5.462     6.1847   3.201515    32.1761        220     0.9125     2.5885  0.000e+00
      5.620     6.1853   3.201317    32.1732        221     0.9167     2.5893  0.000e+00
      5.763     6.1862   3.201183    32.1708        222     0.9208     2.5935  0.000e+00
      5.907     6.1864   3.200675    32.1649        223     0.9250     2.5980  0.000e+00
      6.047     6.1858   3.200319    32.1614        224     0.9292     2.6027  0.000e+00
      6.171     6.1853   3.199999    32.1582        225     0.9333     2.6078  0.000e+00
      6.299     6.1846   3.199999    32.1588        226     0.9375     2.6128  0.000e+00
      6.428     6.1840   3.199859    32.1578        227     0.9417     2.6169  0.000e+00
      6.572     6.1833   3.199561    32.1551        228     0.9458     2.6191  0.000e+00
      6.710     6.1829   3.199322    32.1527        229     0.9500     2.6204  0.000e+00
      6.847     6.1830   3.199299    32.1523        230     0.9542     2.6213  0.000e+00
      6.980     6.1830   3.199579    32.1554        231     0.9583     2.6218  0.000e+00
      7.124     6.1826   3.199742    32.1575        232     0.9625     2.6218  0.000e+00
      7.266     6.1812   3.199882    32.1603        233     0.9667     2.6213  0.000e+00
      7.402     6.1794   3.199958    32.1628        234     0.9708     2.6216  0.000e+00
      7.537     6.1777   3.200069    32.1655        235     0.9750     2.6207  0.000e+00
      7.661     6.1770   3.200180    32.1674        236     0.9792     2.6204  0.000e+00
      7.792     6.1771   3.200040    32.1656        237     0.9833     2.6203  0.000e+00
      7.922     6.1778   3.199982    32.1643        238     0.9875     2.6202  0.000e+00
      8.053     6.1790   3.200017    32.1635        239     0.9917     2.6208  0.000e+00
      8.180     6.1799   3.199801    32.1601        240     0.9958     2.6212  0.000e+00
      8.320     6.1802   3.199678    32.1584        241     1.0000     2.6218  0.000e+00
      8.477     6.1805   3.199743    32.1588        242     1.0042     2.6229  0.000e+00
      8.642     6.1809   3.199883    32.1599        243     1.0083     2.6244  0.000e+00
      8.806     6.1812   3.200139    32.1624        244     1.0125     2.6252  0.000e+00
      8.967     6.1811   3.200420    32.1656        245     1.0167     2.6254  0.000e+00
      9.118     6.1801   3.200618    32.1686        246     1.0208     2.6242  0.000e+00
      9.264     6.1791   3.200758    32.1710        247     1.0250     2.6226  0.000e+00
      9.409     6.1787   3.200956    32.1736        248     1.0292     2.6217  0.000e+00
      9.542     6.1785   3.201184    32.1763        249     1.0333     2.6176  0.000e+00
      9.672     6.1785   3.201336    32.1779        250     1.0375     2.6159  0.000e+00
      9.799     6.1784   3.201575    32.1805        251     1.0417     2.6133  0.000e+00
      9.921     6.1784   3.201698    32.1819        252     1.0458     2.6109  0.000e+00
     10.036     6.1786   3.201616    32.1807        253     1.0500     2.6078  0.000e+00
     10.155     6.1796   3.201377    32.1771        254     1.0542     2.6058  0.000e+00
     10.283     6.1806   3.200939    32.1712        255     1.0583     2.6050  0.000e+00
     10.408     6.1813   3.200618    32.1668        256     1.0625     2.6055  0.000e+00
     10.549     6.1819   3.200298    32.1626        257     1.0667     2.6055  0.000e+00
     10.691     6.1823   3.199918    32.1580        258     1.0708     2.6062  0.000e+00
     10.841     6.1830   3.199603    32.1538        259     1.0750     2.6052  0.000e+00
     10.996     6.1838   3.199539    32.1522        260     1.0792     2.6073  0.000e+00
     11.158     6.1844   3.199720    32.1535        261     1.0833     2.6088  0.000e+00
     11.319     6.1850   3.200070    32.1569        262     1.0875     2.6084  0.000e+00
     11.479     6.1855   3.200339    32.1592        263     1.0917     2.6071  0.000e+00
     11.643     6.1855   3.200438    32.1602        264     1.0958     2.6048  0.000e+00
     11.799     6.1851   3.200537    32.1617        265     1.1000     2.6014  0.000e+00
     11.947     6.1845   3.200636    32.1633        266     1.1042     2.5986  0.000e+00
     12.081     6.1840   3.201016    32.1679        267     1.1083     2.5944  0.000e+00
     12.213     6.1834   3.201220    32.1707        268     1.1125     2.5895  0.000e+00
     12.338     6.1830   3.201296    32.1719        269     1.1167     2.5856  0.000e+00
     12.459     6.1820   3.201115    32.1707        270     1.1208     2.5810  0.000e+00
     12.590     6.1808   3.200800    32.1683        271     1.1250     2.5790  0.000e+00
     12.718     6.1807   3.200479    32.1648        272     1.1292     2.5767  0.000e+00
     12.856     6.1810   3.200082    32.1600        273     1.1333     2.5743  0.000e+00
     12.991     6.1813   3.199639    32.1547        274     1.1375     2.5737  0.000e+00
     13.133     6.1818   3.199266    32.1501        275     1.1417     2.5746  0.000e+00
     13.266     6.1822   3.199295    32.1499        276     1.1458     2.5743  0.000e+00
     13.404     6.1827   3.205509    32.2185        277     1.1500     2.5756  0.000e+00
     13.539     6.1840   3.208867    32.2546        278     1.1542     2.5746  0.000e+00
     13.677     6.1883   3.209211    32.2543        279     1.1583     2.5738  0.000e+00
     13.815     6.1924   3.209386    32.2523        280     1.1625     2.5767  0.000e+00
     13.950     6.1951   3.209427    32.2502        281     1.1667     2.5830  0.000e+00
     14.089     6.1969   3.209468    32.2488        282     1.1708     2.5959  0.000e+00
     14.222     6.1980   3.209608    32.2493        283     1.1750     2.6107  0.000e+00
     14.367     6.1990   3.209667    32.2489        284     1.1792     2.6286  0.000e+00
     14.516     6.1998   3.209667    32.2481        285     1.1833     2.6473  0.000e+00
     14.667     6.2002   3.209731    32.2483        286     1.1875     2.6619  0.000e+00
     14.818     6.2007   3.209731    32.2478        287     1.1917     2.6823  0.000e+00
     14.978     6.2007   3.209749    32.2479        288     1.1958     2.6970  0.000e+00
     15.133     6.2006   3.209807    32.2485        289     1.2000     2.7115  0.000e+00
     15.296     6.2008   3.209848    32.2487        290     1.2042     2.7244  0.000e+00
     15.454     6.2010   3.209907    32.2491        291     1.2083     2.7347  0.000e+00
     15.621     6.2013   3.209930    32.2490        292     1.2125     2.7451  0.000e+00
     15.778     6.2016   3.209930    32.2487        293     1.2167     2.7548  0.000e+00
     15.930     6.2016   3.209907    32.2483        294     1.2208     2.7620  0.000e+00
     16.069     6.2017   3.209953    32.2487        295     1.2250     2.7700  0.000e+00
     16.204     6.2018   3.210088    32.2500        296     1.2292     2.7770  0.000e+00
     16.328     6.2022   3.210088    32.2495        297     1.2333     2.7824  0.000e+00
     16.444     6.2028   3.210129    32.2494        298     1.2375     2.7885  0.000e+00
     16.550     6.2031   3.210111    32.2489        299     1.2417     2.7926  0.000e+00
     16.653     6.2032   3.210070    32.2483        300     1.2458     2.7951  0.000e+00
     16.757     6.2031   3.210088    32.2485        301     1.2500     2.7988  0.000e+00
     16.861     6.2029   3.210111    32.2489        302     1.2542     2.8010  0.000e+00
     16.966     6.2029   3.210187    32.2497        303     1.2583     2.8031  0.000e+00
     17.075     6.2033   3.210228    32.2497        304     1.2625     2.8058  0.000e+00
     17.188     6.2035   3.210187    32.2490        305     1.2667     2.8071  0.000e+00
     17.312     6.2036   3.210129    32.2482        306     1.2708     2.8097  0.000e+00
     17.451     6.2032   3.210071    32.2479        307     1.2750     2.8109  0.000e+00
     17.596     6.2026   3.209890    32.2464        308     1.2792     2.8119  0.000e+00
     17.749     6.2013   3.209452    32.2427        309     1.2833     2.8120  0.000e+00
     17.920     6.1986   3.209510    32.2458        310     1.2875     2.8125  0.000e+00
     18.101     6.1967   3.209691    32.2495        311     1.2917     2.8141  0.000e+00
     18.283     6.1967   3.209709    32.2496        312     1.2958     2.8142  0.000e+00
     18.480     6.1967   3.209732    32.2497        313     1.3000     2.8158  0.000e+00
     18.674     6.1969   3.209750    32.2497        314     1.3042     2.8165  0.000e+00
     18.863     6.1970   3.209727    32.2493        315     1.3083     2.8172  0.000e+00
     19.052     6.1969   3.209668    32.2486        316     1.3125     2.8171  0.000e+00
     19.217     6.1965   3.209627    32.2484        317     1.3167     2.8181  0.000e+00
     19.373     6.1958   3.209452    32.2471        318     1.3208     2.8194  0.000e+00
     19.517     6.1949   3.209371    32.2470        319     1.3250     2.8194  0.000e+00
     19.654     6.1934   3.209511    32.2499        320     1.3292     2.8195  0.000e+00
     19.787     6.1931   3.209651    32.2516        321     1.3333     2.8197  0.000e+00
     19.916     6.1937   3.209488    32.2492        322     1.3375     2.8185  0.000e+00
     20.042     6.1938   3.209371    32.2477        323     1.3417     2.8181  0.000e+00
     20.168     6.1930   3.209569    32.2507        324     1.3458     2.8192  0.000e+00
     20.294     6.1931   3.209610    32.2509        325     1.3500     2.8185  0.000e+00
     20.405     6.1938   3.209552    32.2496        326     1.3542     2.8197  0.000e+00
     20.518     6.1938   3.209488    32.2488        327     1.3583     2.8182  0.000e+00
     20.637     6.1935   3.209511    32.2493        328     1.3625     2.8189  0.000e+00
     20.768     6.1931   3.209453    32.2490        329     1.3667     2.8181  0.000e+00
     20.903     6.1928   3.209453    32.2492        330     1.3708     2.8169  0.000e+00
     21.045     6.1923   3.209570    32.2509        331     1.3750     2.8174  0.000e+00
     21.194     6.1925   3.209570    32.2507        332     1.3792     2.8172  0.000e+00
     21.348     6.1928   3.209529    32.2498        333     1.3833     2.8172  0.000e+00
     21.503     6.1929   3.209511    32.2495        334     1.3875     2.8172  0.000e+00
     21.659     6.1927   3.209529    32.2498        335     1.3917     2.8171  0.000e+00
     21.819     6.1925   3.209570    32.2503        336     1.3958     2.8176  0.000e+00
     21.970     6.1925   3.209611    32.2507        337     1.4000     2.8176  0.000e+00
     22.119     6.1927   3.209669    32.2511        338     1.4042     2.8168  0.000e+00
     22.268     6.1931   3.209710    32.2511        339     1.4083     2.8178  0.000e+00
     22.412     6.1935   3.209693    32.2504        340     1.4125     2.8184  0.000e+00
     22.549     6.1937   3.209693    32.2502        341     1.4167     2.8166  0.000e+00
     22.682     6.1937   3.209629    32.2494        342     1.4208     2.8182  0.000e+00
     22.818     6.1935   3.209669    32.2500        343     1.4250     2.8159  0.000e+00
     22.953     6.1933   3.209734    32.2509        344     1.4292     2.8154  0.000e+00
     23.086     6.1934   3.209670    32.2500        345     1.4333     2.8145  0.000e+00
     23.219     6.1934   3.209670    32.2499        346     1.4375     2.8156  0.000e+00
     23.359     6.1931   3.209670    32.2501        347     1.4417     2.8151  0.000e+00
     23.501     6.1931   3.209693    32.2504        348     1.4458     2.8136  0.000e+00
     23.643     6.1930   3.209652    32.2499        349     1.4500     2.8140  0.000e+00
     23.785     6.1928   3.209711    32.2506        350     1.4542     2.8129  0.000e+00
     23.934     6.1929   3.209769    32.2512        351     1.4583     2.8125  0.000e+00
     24.085     6.1932   3.209769    32.2508        352     1.4625     2.8128  0.000e+00
     24.238     6.1934   3.209793    32.2508        353     1.4667     2.8120  0.000e+00
     24.398     6.1937   3.209810    32.2506        354     1.4708     2.8135  0.000e+00
     24.563     6.1937   3.209793    32.2503        355     1.4750     2.8131  0.000e+00
     24.731     6.1938   3.209851    32.2508        356     1.4792     2.8153  0.000e+00
     24.908     6.1939   3.209892    32.2511        357     1.4833     2.8153  0.000e+00
     25.085     6.1942   3.209910    32.2509        358     1.4875     2.8152  0.000e+00
     25.264     6.1944   3.209910    32.2506        359     1.4917     2.8152  0.000e+00
     25.444     6.1946   3.209991    32.2512        360     1.4958     2.8152  0.000e+00
     25.624     6.1949   3.210073    32.2518        361     1.5000     2.8148  0.000e+00
     25.811     6.1956   3.210050    32.2508        362     1.5042     2.8141  0.000e+00
     25.985     6.1958   3.209974    32.2497        363     1.5083     2.8141  0.000e+00
     26.152     6.1954   3.210073    32.2511        364     1.5125     2.8147  0.000e+00
     26.316     6.1955   3.210074    32.2509        365     1.5167     2.8139  0.000e+00
     26.470     6.1957   3.210033    32.2502        366     1.5208     2.8149  0.000e+00
     26.617     6.1955   3.210015    32.2501        367     1.5250     2.8148  0.000e+00
     26.754     6.1954   3.210050    32.2505        368     1.5292     2.8148  0.000e+00
     26.876     6.1952   3.209992    32.2500        369     1.5333     2.8150  0.000e+00
