HB2401/sbe037.cnv
* Sea-Bird SBE 19plus V2 Data File:
* FileName = C:\cruise\data\sbe037.hex
* Software Version Seasave V 7.26.7.121
* Temperature SN = 7142
* Conductivity SN = 7142
* System UpLoad Time = Feb 21 2024 19:50:35
* NMEA Latitude = 40 43.37 N
* NMEA Longitude = 070 19.15 W
* NMEA UTC (Time) = Feb 21 2024  19:50:53
** Cruise: HB2401
** Program: ECOMON
# nquan = 8
# nvalues = 1370                                  
# units = specified
# name 0 = depSM: Depth [salt water, m]
# name 1 = tv290C: Temperature [ITS-90, deg C]
# name 2 = c0S/m: Conductivity [S/m]
# name 3 = sal00: Salinity, Practical [PSU]
# name 4 = scan: Scan Count
# name 5 = timeM: Time, Elapsed [minutes]
# name 6 = sbeox0V: Oxygen raw, SBE 43 [V]
# name 7 = flag:  0.000e+00
# span 0 =      0.080,     44.365                 
# span 1 =     3.0858,     4.5870                 
# span 2 =  -0.021204,   3.030492                 
# span 3 =     0.0000,    31.8314                 
# span 4 =         11,       1380                 
# span 5 =     0.0417,     5.7458                 
# span 6 =     2.4507,     3.0728                 
# span 7 = 0.0000e+00, 0.0000e+00                 
# interval = seconds: 0.25
# start_time = Feb 21 2024 19:50:53 [NMEA time, header]
# bad_flag = -9.990e-29
*END*
[from data line 720]
     29.143     4.5835   3.029888    31.7430        731     3.0417     2.8928  0.000e+00
     29.096     4.5837   3.029894    31.7429        732     3.0458     2.8935  0.000e+00
     29.041     4.5838   3.029871    31.7426        733     3.0500     2.8937  0.000e+00
     28.987     4.5838   3.029871    31.7426        734     3.0542     2.8945  0.000e+00
     28.931     4.5840   3.029888    31.7427        735     3.0583     2.8943  0.000e+00
     28.870     4.5838   3.029871    31.7427        736     3.0625     2.8943  0.000e+00
     28.807     4.5838   3.029848    31.7424        737     3.0667     2.8937  0.000e+00
     28.742     4.5837   3.029871    31.7428        738     3.0708     2.8941  0.000e+00
     28.676     4.5837   3.029854    31.7427        739     3.0750     2.8946  0.000e+00
     28.606     4.5837   3.029871    31.7430        740     3.0792     2.8950  0.000e+00
     28.543     4.5838   3.029871    31.7429        741     3.0833     2.8960  0.000e+00
     28.471     4.5838   3.029848    31.7427        742     3.0875     2.8960  0.000e+00
     28.408     4.5839   3.029854    31.7426        743     3.0917     2.8972  0.000e+00
     28.343     4.5838   3.029848    31.7427        744     3.0958     2.8972  0.000e+00
     28.293     4.5837   3.029814    31.7424        745     3.1000     2.8967  0.000e+00
     28.254     4.5836   3.029831    31.7427        746     3.1042     2.8972  0.000e+00
     28.223     4.5837   3.029814    31.7424        747     3.1083     2.8969  0.000e+00
     28.207     4.5835   3.029831    31.7429        748     3.1125     2.8964  0.000e+00
     28.187     4.5835   3.029831    31.7429        749     3.1167     2.8956  0.000e+00
     28.189     4.5835   3.029831    31.7429        750     3.1208     2.8952  0.000e+00
     28.191     4.5835   3.029814    31.7427        751     3.1250     2.8943  0.000e+00
     28.196     4.5834   3.029814    31.7427        752     3.1292     2.8940  0.000e+00
     28.187     4.5833   3.029814    31.7428        753     3.1333     2.8931  0.000e+00
     28.171     4.5834   3.029814    31.7428        754     3.1375     2.8924  0.000e+00
     28.151     4.5834   3.029814    31.7428        755     3.1417     2.8926  0.000e+00
     28.115     4.5833   3.029831    31.7431        756     3.1458     2.8929  0.000e+00
     28.069     4.5834   3.029814    31.7428        757     3.1500     2.8925  0.000e+00
     28.009     4.5835   3.029814    31.7428        758     3.1542     2.8921  0.000e+00
     27.941     4.5834   3.029831    31.7431        759     3.1583     2.8921  0.000e+00
     27.878     4.5835   3.029831    31.7430        760     3.1625     2.8926  0.000e+00
     27.797     4.5836   3.029774    31.7423        761     3.1667     2.8923  0.000e+00
     27.711     4.5838   3.029774    31.7421        762     3.1708     2.8920  0.000e+00
     27.635     4.5837   3.029682    31.7413        763     3.1750     2.8924  0.000e+00
     27.553     4.5830   3.029654    31.7416        764     3.1792     2.8930  0.000e+00
     27.477     4.5827   3.029665    31.7421        765     3.1833     2.8941  0.000e+00
     27.414     4.5824   3.029676    31.7425        766     3.1875     2.8931  0.000e+00
     27.350     4.5824   3.029642    31.7422        767     3.1917     2.8940  0.000e+00
     27.305     4.5823   3.029636    31.7422        768     3.1958     2.8953  0.000e+00
     27.265     4.5822   3.029642    31.7424        769     3.2000     2.8949  0.000e+00
     27.231     4.5821   3.029636    31.7424        770     3.2042     2.8960  0.000e+00
     27.206     4.5822   3.029642    31.7424        771     3.2083     2.8954  0.000e+00
     27.181     4.5821   3.029636    31.7425        772     3.2125     2.8964  0.000e+00
     27.166     4.5822   3.029642    31.7425        773     3.2167     2.8966  0.000e+00
     27.145     4.5822   3.029636    31.7424        774     3.2208     2.8966  0.000e+00
     27.130     4.5823   3.029642    31.7423        775     3.2250     2.8967  0.000e+00
     27.105     4.5823   3.029676    31.7428        776     3.2292     2.8969  0.000e+00
     27.071     4.5823   3.029716    31.7433        777     3.2333     2.8965  0.000e+00
     27.037     4.5827   3.029722    31.7429        778     3.2375     2.8963  0.000e+00
     26.992     4.5830   3.029773    31.7433        779     3.2417     2.8966  0.000e+00
     26.936     4.5833   3.029796    31.7433        780     3.2458     2.8959  0.000e+00
     26.875     4.5837   3.029813    31.7431        781     3.2500     2.8958  0.000e+00
     26.812     4.5841   3.029773    31.7424        782     3.2542     2.8962  0.000e+00
     26.742     4.5840   3.029693    31.7415        783     3.2583     2.8973  0.000e+00
     26.672     4.5836   3.029682    31.7418        784     3.2625     2.8973  0.000e+00
     26.595     4.5833   3.029693    31.7422        785     3.2667     2.8961  0.000e+00
     26.521     4.5833   3.029773    31.7432        786     3.2708     2.8972  0.000e+00
     26.458     4.5836   3.029756    31.7428        787     3.2750     2.8970  0.000e+00
     26.394     4.5837   3.029699    31.7420        788     3.2792     2.8972  0.000e+00
     26.336     4.5836   3.029733    31.7426        789     3.2833     2.8976  0.000e+00
     26.280     4.5837   3.029739    31.7426        790     3.2875     2.8981  0.000e+00
     26.241     4.5837   3.029733    31.7425        791     3.2917     2.8974  0.000e+00
     26.189     4.5837   3.029722    31.7424        792     3.2958     2.8960  0.000e+00
     26.147     4.5837   3.029716    31.7423        793     3.3000     2.8968  0.000e+00
     26.106     4.5838   3.029756    31.7427        794     3.3042     2.8969  0.000e+00
     26.059     4.5841   3.029716    31.7421        795     3.3083     2.8960  0.000e+00
     26.009     4.5839   3.029693    31.7419        796     3.3125     2.8957  0.000e+00
     25.959     4.5839   3.029682    31.7418        797     3.3167     2.8979  0.000e+00
     25.905     4.5839   3.029676    31.7418        798     3.3208     2.8972  0.000e+00
     25.842     4.5837   3.029642    31.7416        799     3.3250     2.8967  0.000e+00
     25.786     4.5837   3.029613    31.7414        800     3.3292     2.8966  0.000e+00
     25.727     4.5834   3.029664    31.7423        801     3.3333     2.8971  0.000e+00
     25.668     4.5834   3.029676    31.7424        802     3.3375     2.8970  0.000e+00
     25.621     4.5834   3.029682    31.7425        803     3.3417     2.8971  0.000e+00
     25.579     4.5836   3.029693    31.7425        804     3.3458     2.8966  0.000e+00
     25.545     4.5838   3.029682    31.7422        805     3.3500     2.8971  0.000e+00
     25.513     4.5837   3.029653    31.7420        806     3.3542     2.8963  0.000e+00
     25.493     4.5837   3.029682    31.7423        807     3.3583     2.8960  0.000e+00
     25.477     4.5834   3.029653    31.7423        808     3.3625     2.8946  0.000e+00
     25.459     4.5835   3.029642    31.7420        809     3.3667     2.8953  0.000e+00
     25.432     4.5835   3.029636    31.7420        810     3.3708     2.8944  0.000e+00
     25.393     4.5835   3.029642    31.7421        811     3.3750     2.8937  0.000e+00
     25.344     4.5833   3.029636    31.7422        812     3.3792     2.8934  0.000e+00
     25.274     4.5833   3.029624    31.7421        813     3.3833     2.8918  0.000e+00
     25.193     4.5833   3.029613    31.7421        814     3.3875     2.8921  0.000e+00
     25.105     4.5833   3.029613    31.7420        815     3.3917     2.8921  0.000e+00
     24.990     4.5832   3.029607    31.7421        816     3.3958     2.8930  0.000e+00
     24.866     4.5833   3.029596    31.7420        817     3.4000     2.8928  0.000e+00
     24.742     4.5833   3.029590    31.7420        818     3.4042     2.8950  0.000e+00
     24.618     4.5833   3.029596    31.7421        819     3.4083     2.8944  0.000e+00
     24.492     4.5834   3.029590    31.7420        820     3.4125     2.8964  0.000e+00
     24.379     4.5834   3.029578    31.7420        821     3.4167     2.8977  0.000e+00
     24.273     4.5833   3.029567    31.7420        822     3.4208     2.8989  0.000e+00
     24.183     4.5832   3.029516    31.7415        823     3.4250     2.8993  0.000e+00
     24.113     4.5830   3.029533    31.7419        824     3.4292     2.9002  0.000e+00
     24.066     4.5830   3.029516    31.7418        825     3.4333     2.9000  0.000e+00
     24.037     4.5828   3.029567    31.7426        826     3.4375     2.8994  0.000e+00
     24.030     4.5829   3.029578    31.7426        827     3.4417     2.9002  0.000e+00
     24.048     4.5832   3.029567    31.7422        828     3.4458     2.9016  0.000e+00
     24.081     4.5833   3.029578    31.7422        829     3.4500     2.9015  0.000e+00
     24.122     4.5834   3.029567    31.7420        830     3.4542     2.9021  0.000e+00
     24.169     4.5834   3.029578    31.7421        831     3.4583     2.9016  0.000e+00
     24.215     4.5834   3.029590    31.7421        832     3.4625     2.9018  0.000e+00
     24.244     4.5834   3.029596    31.7422        833     3.4667     2.9023  0.000e+00
     24.257     4.5834   3.029596    31.7422        834     3.4708     2.9029  0.000e+00
     24.251     4.5836   3.029607    31.7422        835     3.4750     2.9020  0.000e+00
     24.221     4.5835   3.029578    31.7419        836     3.4792     2.9007  0.000e+00
     24.160     4.5836   3.029590    31.7420        837     3.4833     2.9007  0.000e+00
     24.070     4.5834   3.029595    31.7423        838     3.4875     2.9014  0.000e+00
     23.944     4.5836   3.029607    31.7423        839     3.4917     2.9024  0.000e+00
     23.807     4.5836   3.029578    31.7420        840     3.4958     2.9024  0.000e+00
     23.656     4.5836   3.029590    31.7423        841     3.5000     2.9024  0.000e+00
     23.515     4.5837   3.029578    31.7421        842     3.5042     2.9033  0.000e+00
     23.365     4.5838   3.029590    31.7422        843     3.5083     2.9029  0.000e+00
     23.229     4.5838   3.029578    31.7421        844     3.5125     2.9039  0.000e+00
     23.110     4.5839   3.029549    31.7417        845     3.5167     2.9043  0.000e+00
     23.013     4.5839   3.029538    31.7416        846     3.5208     2.9037  0.000e+00
     22.938     4.5838   3.029532    31.7417        847     3.5250     2.9041  0.000e+00
     22.877     4.5836   3.029538    31.7421        848     3.5292     2.9037  0.000e+00
     22.846     4.5836   3.029549    31.7422        849     3.5333     2.9040  0.000e+00
     22.833     4.5837   3.029538    31.7419        850     3.5375     2.9030  0.000e+00
     22.841     4.5837   3.029549    31.7421        851     3.5417     2.9045  0.000e+00
     22.855     4.5838   3.029555    31.7421        852     3.5458     2.9040  0.000e+00
     22.868     4.5838   3.029538    31.7419        853     3.5500     2.9040  0.000e+00
     22.889     4.5839   3.029549    31.7418        854     3.5542     2.9037  0.000e+00
     22.905     4.5838   3.029555    31.7420        855     3.5583     2.9033  0.000e+00
     22.907     4.5837   3.029532    31.7419        856     3.5625     2.9029  0.000e+00
     22.904     4.5837   3.029538    31.7420        857     3.5667     2.9034  0.000e+00
     22.886     4.5837   3.029549    31.7421        858     3.5708     2.9020  0.000e+00
     22.842     4.5836   3.029578    31.7425        859     3.5750     2.9024  0.000e+00
     22.785     4.5837   3.029589    31.7426        860     3.5792     2.9015  0.000e+00
     22.715     4.5839   3.029595    31.7425        861     3.5833     2.9024  0.000e+00
     22.636     4.5841   3.029589    31.7423        862     3.5875     2.9016  0.000e+00
     22.544     4.5842   3.029555    31.7419        863     3.5917     2.9011  0.000e+00
     22.442     4.5842   3.029566    31.7420        864     3.5958     2.9009  0.000e+00
     22.336     4.5842   3.029555    31.7419        865     3.6000     2.9003  0.000e+00
     22.231     4.5843   3.029532    31.7416        866     3.6042     2.8999  0.000e+00
     22.131     4.5843   3.029538    31.7418        867     3.6083     2.9002  0.000e+00
     22.045     4.5842   3.029549    31.7420        868     3.6125     2.8997  0.000e+00
     21.962     4.5842   3.029515    31.7416        869     3.6167     2.8990  0.000e+00
     21.901     4.5842   3.029509    31.7416        870     3.6208     2.8998  0.000e+00
     21.843     4.5841   3.029515    31.7419        871     3.6250     2.8993  0.000e+00
     21.798     4.5841   3.029475    31.7414        872     3.6292     2.8995  0.000e+00
     21.768     4.5839   3.029475    31.7415        873     3.6333     2.9008  0.000e+00
     21.743     4.5838   3.029475    31.7417        874     3.6375     2.9006  0.000e+00
     21.730     4.5838   3.029492    31.7419        875     3.6417     2.9014  0.000e+00
     21.716     4.5839   3.029498    31.7419        876     3.6458     2.9013  0.000e+00
     21.703     4.5837   3.029492    31.7420        877     3.6500     2.9015  0.000e+00
     21.698     4.5837   3.029498    31.7421        878     3.6542     2.9018  0.000e+00
     21.687     4.5838   3.029492    31.7419        879     3.6583     2.9024  0.000e+00
     21.678     4.5838   3.029498    31.7420        880     3.6625     2.9021  0.000e+00
     21.660     4.5838   3.029509    31.7421        881     3.6667     2.9025  0.000e+00
     21.635     4.5838   3.029498    31.7420        882     3.6708     2.9016  0.000e+00
     21.597     4.5839   3.029492    31.7418        883     3.6750     2.9015  0.000e+00
     21.557     4.5839   3.029498    31.7419        884     3.6792     2.9017  0.000e+00
     21.509     4.5838   3.029509    31.7422        885     3.6833     2.9020  0.000e+00
     21.455     4.5841   3.029498    31.7419        886     3.6875     2.9023  0.000e+00
     21.401     4.5842   3.029509    31.7419        887     3.6917     2.9014  0.000e+00
     21.331     4.5841   3.029498    31.7419        888     3.6958     2.9015  0.000e+00
     21.275     4.5842   3.029458    31.7413        889     3.7000     2.9024  0.000e+00
     21.202     4.5841   3.029458    31.7415        890     3.7042     2.9013  0.000e+00
     21.139     4.5839   3.029475    31.7419        891     3.7083     2.9006  0.000e+00
     21.076     4.5839   3.029435    31.7415        892     3.7125     2.9003  0.000e+00
     21.013     4.5839   3.029457    31.7417        893     3.7167     2.8999  0.000e+00
     20.964     4.5837   3.029457    31.7420        894     3.7208     2.8999  0.000e+00
     20.914     4.5838   3.029457    31.7419        895     3.7250     2.8989  0.000e+00
     20.871     4.5838   3.029457    31.7419        896     3.7292     2.8997  0.000e+00
     20.846     4.5839   3.029457    31.7419        897     3.7333     2.9005  0.000e+00
     20.822     4.5838   3.029457    31.7419        898     3.7375     2.8994  0.000e+00
     20.813     4.5838   3.029417    31.7415        899     3.7417     2.9006  0.000e+00
     20.804     4.5838   3.029457    31.7419        900     3.7458     2.9010  0.000e+00
     20.806     4.5837   3.029435    31.7418        901     3.7500     2.9017  0.000e+00
     20.806     4.5837   3.029435    31.7418        902     3.7542     2.9008  0.000e+00
     20.799     4.5837   3.029435    31.7418        903     3.7583     2.9011  0.000e+00
     20.785     4.5836   3.029435    31.7419        904     3.7625     2.9005  0.000e+00
     20.759     4.5836   3.029417    31.7418        905     3.7667     2.9014  0.000e+00
     20.733     4.5835   3.029400    31.7416        906     3.7708     2.9008  0.000e+00
     20.682     4.5834   3.029395    31.7417        907     3.7750     2.9001  0.000e+00
     20.639     4.5832   3.029400    31.7419        908     3.7792     2.9008  0.000e+00
