HB2401/sbe018.cnv
* Sea-Bird SBE 19plus V2 Data File:
* FileName = C:\cruise\data\sbe018.hex
* Software Version Seasave V 7.26.7.121
* Temperature SN = 7142
* Conductivity SN = 7142
* System UpLoad Time = Feb 19 2024 17:12:25
* NMEA Latitude = 40 40.53 N
* NMEA Longitude = 071 07.98 W
* NMEA UTC (Time) = Feb 19 2024  17:12:41
** Cruise: HB2401
** Program: ECOMON
# nquan = 8
# nvalues = 1223                                  
# units = specified
# name 0 = depSM: Depth [salt water, m]
# name 1 = tv290C: Temperature [ITS-90, deg C]
# name 2 = c0S/m: Conductivity [S/m]
# name 3 = sal00: Salinity, Practical [PSU]
# name 4 = scan: Scan Count
# name 5 = timeM: Time, Elapsed [minutes]
# name 6 = sbeox0V: Oxygen raw, SBE 43 [V]
# name 7 = flag:  0.000e+00
# span 0 =     -0.023,     57.956                 
# span 1 =     4.5061,     5.4176                 
# span 2 =   0.000045,   3.188427                 
# span 3 =     0.0017,    33.1817                 
# span 4 =         11,       1233                 
# span 5 =     0.0417,     5.1333                 
# span 6 =     2.5329,     3.0095                 
# span 7 = 0.0000e+00, 0.0000e+00                 
# interval = seconds: 0.25
# start_time = Feb 19 2024 17:12:41 [NMEA time, header]
# bad_flag = -9.990e-29
*END*
[from data line 360]
     47.956     5.3957   3.128783    32.0891        371     1.5417     2.8237  0.000e+00
     48.039     5.3957   3.128824    32.0895        372     1.5458     2.8237  0.000e+00
     48.143     5.3960   3.128807    32.0890        373     1.5500     2.8240  0.000e+00
     48.245     5.3961   3.128795    32.0887        374     1.5542     2.8227  0.000e+00
     48.362     5.3960   3.128749    32.0882        375     1.5583     2.8227  0.000e+00
     48.499     5.3958   3.128766    32.0885        376     1.5625     2.8218  0.000e+00
     48.650     5.3955   3.128766    32.0887        377     1.5667     2.8215  0.000e+00
     48.822     5.3955   3.128755    32.0885        378     1.5708     2.8201  0.000e+00
     49.004     5.3954   3.128749    32.0884        379     1.5750     2.8203  0.000e+00
     49.207     5.3950   3.128709    32.0883        380     1.5792     2.8208  0.000e+00
     49.416     5.3947   3.128691    32.0883        381     1.5833     2.8201  0.000e+00
     49.637     5.3942   3.128726    32.0891        382     1.5875     2.8196  0.000e+00
     49.859     5.3942   3.128807    32.0898        383     1.5917     2.8209  0.000e+00
     50.088     5.3945   3.128842    32.0898        384     1.5958     2.8197  0.000e+00
     50.307     5.3947   3.128894    32.0901        385     1.6000     2.8208  0.000e+00
     50.512     5.3953   3.128900    32.0896        386     1.6042     2.8218  0.000e+00
     50.697     5.3954   3.128940    32.0898        387     1.6083     2.8222  0.000e+00
     50.864     5.3957   3.128981    32.0899        388     1.6125     2.8231  0.000e+00
     51.008     5.3959   3.128998    32.0898        389     1.6167     2.8232  0.000e+00
     51.141     5.3961   3.129039    32.0900        390     1.6208     2.8238  0.000e+00
     51.256     5.3965   3.129056    32.0898        391     1.6250     2.8231  0.000e+00
     51.382     5.3966   3.129056    32.0896        392     1.6292     2.8224  0.000e+00
     51.508     5.3970   3.129103    32.0897        393     1.6333     2.8227  0.000e+00
     51.633     5.3971   3.129097    32.0895        394     1.6375     2.8228  0.000e+00
     51.770     5.3971   3.129097    32.0894        395     1.6417     2.8226  0.000e+00
     51.901     5.3973   3.129097    32.0892        396     1.6458     2.8232  0.000e+00
     52.040     5.3971   3.129103    32.0894        397     1.6500     2.8232  0.000e+00
     52.180     5.3972   3.129097    32.0891        398     1.6542     2.8231  0.000e+00
     52.316     5.3971   3.129080    32.0890        399     1.6583     2.8243  0.000e+00
     52.453     5.3970   3.129103    32.0893        400     1.6625     2.8244  0.000e+00
     52.591     5.3967   3.129138    32.0898        401     1.6667     2.8239  0.000e+00
     52.724     5.3969   3.129155    32.0898        402     1.6708     2.8244  0.000e+00
     52.861     5.3969   3.129155    32.0898        403     1.6750     2.8243  0.000e+00
     52.998     5.3970   3.129143    32.0894        404     1.6792     2.8247  0.000e+00
     53.132     5.3971   3.129172    32.0896        405     1.6833     2.8234  0.000e+00
     53.269     5.3971   3.129196    32.0898        406     1.6875     2.8229  0.000e+00
     53.409     5.3971   3.129196    32.0897        407     1.6917     2.8228  0.000e+00
     53.553     5.3971   3.129184    32.0895        408     1.6958     2.8228  0.000e+00
     53.695     5.3971   3.129236    32.0901        409     1.7000     2.8230  0.000e+00
     53.844     5.3973   3.129271    32.0902        410     1.7042     2.8233  0.000e+00
     53.999     5.3973   3.129369    32.0912        411     1.7083     2.8234  0.000e+00
     54.164     5.3978   3.129387    32.0908        412     1.7125     2.8228  0.000e+00
     54.333     5.3981   3.129410    32.0907        413     1.7167     2.8234  0.000e+00
     54.507     5.3984   3.129445    32.0908        414     1.7208     2.8237  0.000e+00
     54.685     5.3987   3.129427    32.0902        415     1.7250     2.8231  0.000e+00
     54.878     5.3986   3.129410    32.0900        416     1.7292     2.8227  0.000e+00
     55.073     5.3985   3.129543    32.0915        417     1.7333     2.8210  0.000e+00
     55.269     5.3987   3.129624    32.0921        418     1.7375     2.8208  0.000e+00
     55.462     5.3993   3.129682    32.0921        419     1.7417     2.8205  0.000e+00
     55.658     5.3998   3.129757    32.0924        420     1.7458     2.8198  0.000e+00
     55.845     5.4003   3.129798    32.0923        421     1.7500     2.8194  0.000e+00
     56.024     5.4008   3.129838    32.0922        422     1.7542     2.8178  0.000e+00
     56.193     5.4012   3.129821    32.0915        423     1.7583     2.8182  0.000e+00
     56.337     5.4014   3.129838    32.0914        424     1.7625     2.8188  0.000e+00
     56.456     5.4015   3.129815    32.0911        425     1.7667     2.8189  0.000e+00
     56.554     5.4016   3.129781    32.0905        426     1.7708     2.8179  0.000e+00
     56.639     5.4015   3.129775    32.0905        427     1.7750     2.8189  0.000e+00
     56.698     5.4014   3.129781    32.0906        428     1.7792     2.8199  0.000e+00
     56.749     5.4013   3.129798    32.0909        429     1.7833     2.8204  0.000e+00
     56.790     5.4012   3.129740    32.0903        430     1.7875     2.8197  0.000e+00
     56.835     5.4011   3.129717    32.0901        431     1.7917     2.8209  0.000e+00
     56.894     5.4007   3.129781    32.0912        432     1.7958     2.8203  0.000e+00
     56.971     5.4007   3.129856    32.0920        433     1.8000     2.8214  0.000e+00
     57.063     5.4007   3.129839    32.0918        434     1.8042     2.8195  0.000e+00
     57.169     5.4008   3.129775    32.0909        435     1.8083     2.8196  0.000e+00
     57.309     5.4007   3.129839    32.0916        436     1.8125     2.8190  0.000e+00
     57.464     5.4010   3.129856    32.0915        437     1.8167     2.8195  0.000e+00
     57.597     5.4011   3.129874    32.0915        438     1.8208     2.8197  0.000e+00
     57.717     5.4012   3.129879    32.0914        439     1.8250     2.8195  0.000e+00
     57.778     5.4014   3.129874    32.0912        440     1.8292     2.8183  0.000e+00
     57.807     5.4015   3.129955    32.0920        441     1.8333     2.8197  0.000e+00
     57.822     5.4018   3.129914    32.0912        442     1.8375     2.8192  0.000e+00
     57.867     5.4019   3.130064    32.0928        443     1.8417     2.8189  0.000e+00
     57.922     5.4024   3.130088    32.0926        444     1.8458     2.8183  0.000e+00
     57.956     5.4027   3.130111    32.0925        445     1.8500     2.8170  0.000e+00
     57.955     5.4030   3.130186    32.0931        446     1.8542     2.8176  0.000e+00
     57.926     5.4034   3.130128    32.0920        447     1.8583     2.8173  0.000e+00
     57.888     5.4038   3.130088    32.0912        448     1.8625     2.8179  0.000e+00
     57.840     5.4038   3.129781    32.0878        449     1.8667     2.8164  0.000e+00
     57.766     5.4028   3.129694    32.0877        450     1.8708     2.8171  0.000e+00
     57.663     5.4018   3.129642    32.0882        451     1.8750     2.8170  0.000e+00
     57.554     5.4008   3.129602    32.0887        452     1.8792     2.8168  0.000e+00
     57.442     5.4003   3.129642    32.0897        453     1.8833     2.8180  0.000e+00
     57.329     5.4000   3.129613    32.0898        454     1.8875     2.8192  0.000e+00
     57.219     5.3999   3.129683    32.0907        455     1.8917     2.8197  0.000e+00
     57.103     5.4000   3.129642    32.0901        456     1.8958     2.8176  0.000e+00
     56.984     5.4001   3.129584    32.0895        457     1.9000     2.8191  0.000e+00
     56.878     5.3999   3.129555    32.0894        458     1.9042     2.8189  0.000e+00
     56.775     5.3996   3.129509    32.0892        459     1.9083     2.8194  0.000e+00
     56.669     5.3993   3.129509    32.0896        460     1.9125     2.8197  0.000e+00
     56.553     5.3991   3.129526    32.0900        461     1.9167     2.8199  0.000e+00
     56.425     5.3992   3.129509    32.0898        462     1.9208     2.8199  0.000e+00
     56.306     5.3991   3.129486    32.0896        463     1.9250     2.8209  0.000e+00
     56.190     5.3994   3.129509    32.0897        464     1.9292     2.8186  0.000e+00
     56.080     5.3992   3.129567    32.0906        465     1.9333     2.8189  0.000e+00
     55.967     5.3994   3.129636    32.0912        466     1.9375     2.8194  0.000e+00
     55.854     5.3998   3.129601    32.0905        467     1.9417     2.8183  0.000e+00
     55.747     5.4001   3.129642    32.0907        468     1.9458     2.8193  0.000e+00
     55.636     5.4002   3.129566    32.0898        469     1.9500     2.8186  0.000e+00
     55.526     5.4002   3.129428    32.0884        470     1.9542     2.8193  0.000e+00
     55.417     5.3998   3.129428    32.0888        471     1.9583     2.8205  0.000e+00
     55.304     5.3991   3.129352    32.0886        472     1.9625     2.8188  0.000e+00
     55.185     5.3990   3.129289    32.0881        473     1.9667     2.8184  0.000e+00
     55.063     5.3985   3.129271    32.0885        474     1.9708     2.8196  0.000e+00
     54.946     5.3981   3.129254    32.0887        475     1.9750     2.8191  0.000e+00
     54.820     5.3979   3.129294    32.0894        476     1.9792     2.8204  0.000e+00
     54.694     5.3978   3.129265    32.0892        477     1.9833     2.8193  0.000e+00
     54.558     5.3979   3.129254    32.0890        478     1.9875     2.8204  0.000e+00
     54.419     5.3978   3.129294    32.0897        479     1.9917     2.8190  0.000e+00
     54.281     5.3979   3.129312    32.0899        480     1.9958     2.8197  0.000e+00
     54.139     5.3981   3.129450    32.0913        481     2.0000     2.8202  0.000e+00
     53.999     5.3986   3.129543    32.0919        482     2.0042     2.8198  0.000e+00
     53.857     5.3994   3.129566    32.0915        483     2.0083     2.8202  0.000e+00
     53.718     5.4002   3.129387    32.0888        484     2.0125     2.8204  0.000e+00
     53.582     5.3998   3.129346    32.0887        485     2.0167     2.8211  0.000e+00
     53.445     5.3995   3.129352    32.0892        486     2.0208     2.8211  0.000e+00
     53.314     5.3992   3.129444    32.0906        487     2.0250     2.8228  0.000e+00
     53.177     5.3995   3.129444    32.0903        488     2.0292     2.8209  0.000e+00
     53.042     5.3996   3.129410    32.0899        489     2.0333     2.8218  0.000e+00
     52.904     5.3998   3.129508    32.0910        490     2.0375     2.8219  0.000e+00
     52.767     5.4001   3.129508    32.0907        491     2.0417     2.8225  0.000e+00
     52.631     5.4003   3.129450    32.0899        492     2.0458     2.8229  0.000e+00
     52.485     5.4003   3.129467    32.0902        493     2.0500     2.8219  0.000e+00
     52.345     5.4003   3.129467    32.0903        494     2.0542     2.8224  0.000e+00
     52.216     5.4003   3.129542    32.0911        495     2.0583     2.8224  0.000e+00
     52.090     5.4006   3.129467    32.0901        496     2.0625     2.8225  0.000e+00
     51.961     5.4007   3.129507    32.0905        497     2.0667     2.8230  0.000e+00
     51.837     5.4007   3.129525    32.0908        498     2.0708     2.8225  0.000e+00
     51.718     5.4008   3.129369    32.0890        499     2.0750     2.8229  0.000e+00
     51.596     5.4005   3.129224    32.0877        500     2.0792     2.8239  0.000e+00
     51.477     5.3997   3.129195    32.0882        501     2.0833     2.8227  0.000e+00
     51.362     5.3991   3.129195    32.0888        502     2.0875     2.8229  0.000e+00
     51.254     5.3988   3.129212    32.0894        503     2.0917     2.8228  0.000e+00
     51.145     5.3988   3.129224    32.0895        504     2.0958     2.8227  0.000e+00
     51.042     5.3987   3.129253    32.0900        505     2.1000     2.8219  0.000e+00
     50.952     5.3988   3.129212    32.0895        506     2.1042     2.8224  0.000e+00
     50.861     5.3987   3.129114    32.0885        507     2.1083     2.8212  0.000e+00
     50.771     5.3985   3.129120    32.0888        508     2.1125     2.8227  0.000e+00
     50.676     5.3982   3.129172    32.0898        509     2.1167     2.8220  0.000e+00
     50.571     5.3983   3.129137    32.0893        510     2.1208     2.8212  0.000e+00
     50.447     5.3982   3.129137    32.0894        511     2.1250     2.8209  0.000e+00
     50.320     5.3982   3.129160    32.0898        512     2.1292     2.8212  0.000e+00
     50.172     5.3983   3.129195    32.0901        513     2.1333     2.8209  0.000e+00
     50.009     5.3986   3.129154    32.0895        514     2.1375     2.8202  0.000e+00
     49.831     5.3985   3.129021    32.0882        515     2.1417     2.8228  0.000e+00
     49.639     5.3986   3.129195    32.0902        516     2.1458     2.8221  0.000e+00
     49.434     5.3988   3.129194    32.0900        517     2.1500     2.8223  0.000e+00
     49.232     5.3989   3.129154    32.0896        518     2.1542     2.8228  0.000e+00
     49.024     5.3989   3.129079    32.0889        519     2.1583     2.8227  0.000e+00
     48.817     5.3986   3.129113    32.0896        520     2.1625     2.8253  0.000e+00
     48.621     5.3986   3.129079    32.0894        521     2.1667     2.8241  0.000e+00
     48.443     5.3984   3.129038    32.0891        522     2.1708     2.8261  0.000e+00
     48.280     5.3984   3.128997    32.0888        523     2.1750     2.8269  0.000e+00
     48.138     5.3981   3.128957    32.0886        524     2.1792     2.8266  0.000e+00
     48.012     5.3978   3.128957    32.0890        525     2.1833     2.8270  0.000e+00
     47.906     5.3975   3.128882    32.0885        526     2.1875     2.8271  0.000e+00
     47.820     5.3973   3.128876    32.0887        527     2.1917     2.8277  0.000e+00
     47.750     5.3971   3.128841    32.0885        528     2.1958     2.8270  0.000e+00
     47.694     5.3970   3.128841    32.0886        529     2.2000     2.8275  0.000e+00
     47.642     5.3967   3.128806    32.0885        530     2.2042     2.8280  0.000e+00
     47.602     5.3965   3.128754    32.0881        531     2.2083     2.8285  0.000e+00
     47.566     5.3963   3.128725    32.0880        532     2.2125     2.8278  0.000e+00
     47.525     5.3960   3.128708    32.0881        533     2.2167     2.8280  0.000e+00
     47.478     5.3958   3.128714    32.0884        534     2.2208     2.8277  0.000e+00
     47.424     5.3955   3.128650    32.0880        535     2.2250     2.8270  0.000e+00
     47.367     5.3955   3.128668    32.0883        536     2.2292     2.8265  0.000e+00
     47.295     5.3953   3.128668    32.0885        537     2.2333     2.8257  0.000e+00
     47.207     5.3954   3.128650    32.0882        538     2.2375     2.8260  0.000e+00
     47.103     5.3952   3.128668    32.0887        539     2.2417     2.8263  0.000e+00
     46.975     5.3953   3.128650    32.0884        540     2.2458     2.8254  0.000e+00
     46.826     5.3952   3.128627    32.0883        541     2.2500     2.8264  0.000e+00
     46.662     5.3951   3.128731    32.0897        542     2.2542     2.8264  0.000e+00
     46.479     5.3954   3.128823    32.0905        543     2.2583     2.8270  0.000e+00
     46.288     5.3961   3.128725    32.0888        544     2.2625     2.8283  0.000e+00
     46.085     5.3961   3.128609    32.0876        545     2.2667     2.8266  0.000e+00
     45.886     5.3959   3.128586    32.0876        546     2.2708     2.8283  0.000e+00
     45.681     5.3954   3.128667    32.0891        547     2.2750     2.8270  0.000e+00
     45.474     5.3955   3.128765    32.0903        548     2.2792     2.8289  0.000e+00
     45.286     5.3962   3.128765    32.0897        549     2.2833     2.8281  0.000e+00
