PC2305/ctd031.cnv
* Sea-Bird SBE 9 Data File:
* FileName = C:\cruise\data\ctd031.hex
* Software Version Seasave V 7.26.7.121
* Temperature SN = 6664
* Conductivity SN = 6035
* Number of Bytes Per Scan = 37
* Number of Voltage Words = 4
* Number of Scans Averaged by the Deck Unit = 1
* NMEA Latitude = 43 24.19 N
* NMEA Longitude = 067 42.27 W
* NMEA UTC (Time) = Nov 11 2023 02:59:05
* NMEA baud rate = 4800
** Ship: Pisces PC2305
** Program:  Fall ECOMON
** Chief Scientist: Harvey Walsh
# nquan = 6
# nvalues = 485                         
# units = specified
# name 0 = depSM: Depth [salt water, m]
# name 1 = t090C: Temperature [ITS-90, deg C]
# name 2 = c0S/m: Conductivity [S/m]
# name 3 = sal00: Salinity, Practical [PSU]
# name 4 = scan: Scan Count
# name 5 = flag: flag
# span 0 =      5.000,    247.000       
# span 1 =     8.2655,    11.1521       
# span 2 =   3.502688,   3.646683       
# span 3 =    32.2998,    34.3442       
# span 4 =         63,      30777       
# span 5 = 0.0000e+00, 0.0000e+00       
# interval = meters: 1                  
# start_time = Nov 11 2023 02:59:05 [NMEA time, header]
# bad_flag = -9.990e-29
*END*
      5.000    11.1399   3.645298    32.3008         63 0.0000e+00
      6.000    11.1403   3.645346    32.3006        658 0.0000e+00
      7.000    11.1427   3.645631    32.3008        801 0.0000e+00
      8.000    11.1432   3.645715    32.3008        914 0.0000e+00
      9.000    11.1419   3.645650    32.3009        951 0.0000e+00
     10.000    11.1424   3.645727    32.3007       1046 0.0000e+00
     11.000    11.1425   3.645780    32.3008       1126 0.0000e+00
     12.000    11.1428   3.645847    32.3007       1216 0.0000e+00
     13.000    11.1423   3.645858    32.3008       1236 0.0000e+00
     14.000    11.1425   3.645923    32.3008       1286 0.0000e+00
     15.000    11.1420   3.645913    32.3008       1353 0.0000e+00
     16.000    11.1434   3.646079    32.3008       1382 0.0000e+00
     17.000    11.1433   3.646116    32.3008       1418 0.0000e+00
     18.000    11.1429   3.646134    32.3009       1478 0.0000e+00
     19.000    11.1434   3.646213    32.3008       1528 0.0000e+00
     20.000    11.1338   3.645553    32.3023       1565 0.0000e+00
     21.000    11.1360   3.645753    32.3019       1608 0.0000e+00
     22.000    11.1396   3.646070    32.3015       1659 0.0000e+00
     23.000    11.1403   3.646162    32.3014       1708 0.0000e+00
     24.000    11.1337   3.645714    32.3023       1749 0.0000e+00
     25.000    11.1151   3.644324    32.3045       1789 0.0000e+00
     26.000    11.1111   3.644022    32.3047       1841 0.0000e+00
     27.000    11.0999   3.643175    32.3057       1888 0.0000e+00
     28.000    11.0944   3.642753    32.3059       1921 0.0000e+00
     29.000    11.0825   3.641831    32.3068       1951 0.0000e+00
     30.000    11.0756   3.641282    32.3071       1995 0.0000e+00
     31.000    11.0695   3.640820    32.3075       2038 0.0000e+00
     32.000    11.0576   3.639878    32.3082       2063 0.0000e+00
     33.000    11.0453   3.638895    32.3089       2085 0.0000e+00
     34.000    11.0343   3.638081    32.3102       2121 0.0000e+00
     35.000    11.0304   3.637801    32.3104       2174 0.0000e+00
     36.000    11.0249   3.637415    32.3110       2200 0.0000e+00
     37.000    11.0175   3.636875    32.3117       2222 0.0000e+00
     38.000    11.0108   3.636415    32.3126       2252 0.0000e+00
     39.000    11.0028   3.635879    32.3139       2305 0.0000e+00
     40.000    10.9911   3.635050    32.3157       2335 0.0000e+00
     41.000    10.9089   3.630150    32.3392       2357 0.0000e+00
     42.000    10.8166   3.625124    32.3704       2387 0.0000e+00
     43.000    10.7619   3.621803    32.3853       2439 0.0000e+00
     44.000    10.5634   3.609982    32.4433       2473 0.0000e+00
     45.000    10.3345   3.596675    32.5138       2499 0.0000e+00
     46.000    10.1273   3.587296    32.6048       2526 0.0000e+00
     47.000    10.1022   3.587298    32.6269       2562 0.0000e+00
     48.000    10.0454   3.584425    32.6486       2603 0.0000e+00
     49.000     9.9535   3.579247    32.6788       2636 0.0000e+00
     50.000     9.8874   3.580169    32.7476       2665 0.0000e+00
     51.000     9.9136   3.587746    32.8004       2694 0.0000e+00
     52.000     9.8494   3.583315    32.8133       2729 0.0000e+00
     53.000     9.7760   3.577803    32.8236       2765 0.0000e+00
     54.000     9.7688   3.579705    32.8490       2795 0.0000e+00
     55.000     9.7305   3.578411    32.8703       2829 0.0000e+00
     56.000     9.7126   3.577962    32.8816       2864 0.0000e+00
     57.000     9.6691   3.575934    32.9003       2892 0.0000e+00
     58.000     9.6466   3.574998    32.9109       2918 0.0000e+00
     59.000     9.6183   3.572711    32.9129       2953 0.0000e+00
     60.000     9.5746   3.569523    32.9199       2995 0.0000e+00
     61.000     9.5367   3.568304    32.9417       3025 0.0000e+00
     62.000     9.5079   3.569418    32.9792       3049 0.0000e+00
     63.000     9.4944   3.572178    33.0195       3076 0.0000e+00
     64.000     9.4834   3.573872    33.0466       3119 0.0000e+00
     65.000     9.4833   3.574206    33.0496       3156 0.0000e+00
     66.000     9.4814   3.574610    33.0552       3178 0.0000e+00
     67.000     9.4740   3.575068    33.0662       3203 0.0000e+00
     68.000     9.4671   3.575129    33.0727       3250 0.0000e+00
     69.000     9.4382   3.575806    33.1059       3285 0.0000e+00
     70.000     9.4259   3.575853    33.1174       3307 0.0000e+00
     71.000     9.4141   3.575968    33.1290       3331 0.0000e+00
     72.000     9.3543   3.573630    33.1598       3366 0.0000e+00
     73.000     9.2891   3.568473    33.1666       3413 0.0000e+00
     74.000     9.2183   3.561663    33.1615       3442 0.0000e+00
     75.000     9.0108   3.545217    33.1835       3463 0.0000e+00
     76.000     8.8952   3.536316    33.1982       3489 0.0000e+00
     77.000     8.8560   3.535874    33.2298       3533 0.0000e+00
     78.000     8.7895   3.531076    33.2416       3570 0.0000e+00
     79.000     8.7684   3.528916    33.2382       3594 0.0000e+00
     80.000     8.7537   3.527416    33.2359       3620 0.0000e+00
     81.000     8.7214   3.524544    33.2356       3654 0.0000e+00
     82.000     8.6440   3.517962    33.2388       3692 0.0000e+00
     83.000     8.6648   3.522154    33.2628       3729 0.0000e+00
     84.000     8.6326   3.520332    33.2735       3758 0.0000e+00
     85.000     8.6166   3.519947    33.2841       3783 0.0000e+00
     86.000     8.5742   3.516941    33.2920       3808 0.0000e+00
     87.000     8.5205   3.513265    33.3034       3845 0.0000e+00
     88.000     8.4611   3.508402    33.3077       3890 0.0000e+00
     89.000     8.3908   3.504796    33.3357       3917 0.0000e+00
     90.000     8.3221   3.503109    33.3824       3939 0.0000e+00
     91.000     8.2863   3.503661    33.4218       3972 0.0000e+00
     92.000     8.2776   3.504816    33.4418       4016 0.0000e+00
     93.000     8.2719   3.505515    33.4542       4044 0.0000e+00
     94.000     8.2688   3.506213    33.4641       4069 0.0000e+00
     95.000     8.2669   3.506561    33.4691       4101 0.0000e+00
     96.000     8.2658   3.506805    33.4723       4135 0.0000e+00
     97.000     8.2673   3.507696    33.4799       4164 0.0000e+00
     98.000     8.2693   3.509733    33.4990       4195 0.0000e+00
     99.000     8.2714   3.510560    33.5054       4230 0.0000e+00
    100.000     8.2866   3.513014    33.5164       4260 0.0000e+00
    101.000     8.2848   3.513698    33.5250       4290 0.0000e+00
    102.000     8.2895   3.514816    33.5318       4327 0.0000e+00
    103.000     8.2918   3.515713    33.5387       4363 0.0000e+00
    104.000     8.2977   3.517188    33.5482       4388 0.0000e+00
    105.000     8.3140   3.519699    33.5589       4409 0.0000e+00
    106.000     8.3268   3.521640    33.5668       4438 0.0000e+00
    107.000     8.3333   3.522718    33.5715       4497 0.0000e+00
    108.000     8.3474   3.525217    33.5840       4523 0.0000e+00
    109.000     8.3670   3.528406    33.5986       4541 0.0000e+00
    110.000     8.3757   3.530819    33.6154       4560 0.0000e+00
    111.000     8.3777   3.531841    33.6238       4604 0.0000e+00
    112.000     8.3484   3.531451    33.6472       4653 0.0000e+00
    113.000     8.3278   3.530763    33.6591       4672 0.0000e+00
    114.000     8.3297   3.531895    33.6688       4691 0.0000e+00
    115.000     8.3334   3.532763    33.6740       4723 0.0000e+00
    116.000     8.3383   3.533865    33.6806       4772 0.0000e+00
    117.000     8.3294   3.533521    33.6849       4800 0.0000e+00
    118.000     8.3225   3.534351    33.6999       4824 0.0000e+00
    119.000     8.3140   3.534331    33.7074       4855 0.0000e+00
    120.000     8.3053   3.535165    33.7241       4897 0.0000e+00
    121.000     8.3096   3.537934    33.7488       4926 0.0000e+00
    122.000     8.3147   3.540033    33.7658       4949 0.0000e+00
    123.000     8.3154   3.540306    33.7675       4980 0.0000e+00
    124.000     8.3159   3.540520    33.7688       5025 0.0000e+00
    125.000     8.3160   3.540639    33.7695       5052 0.0000e+00
    126.000     8.3184   3.542092    33.7822       5073 0.0000e+00
    127.000     8.3210   3.542934    33.7881       5099 0.0000e+00
    128.000     8.3262   3.544577    33.8001       5154 0.0000e+00
    129.000     8.3316   3.546954    33.8196       5190 0.0000e+00
    130.000     8.3348   3.547757    33.8246       5209 0.0000e+00
    131.000     8.3449   3.549751    33.8355       5227 0.0000e+00
    132.000     8.3524   3.551041    33.8415       5254 0.0000e+00
    133.000     8.3569   3.551816    33.8450       5310 0.0000e+00
    134.000     8.3652   3.552913    33.8481       5337 0.0000e+00
    135.000     8.3903   3.556063    33.8569       5356 0.0000e+00
    136.000     8.4325   3.561266    33.8710       5377 0.0000e+00
    137.000     8.4711   3.567506    33.8994       5431 0.0000e+00
    138.000     8.5096   3.574418    33.9349       5474 0.0000e+00
    139.000     8.5318   3.577660    33.9473       5491 0.0000e+00
    140.000     8.5396   3.579342    33.9571       5509 0.0000e+00
    141.000     8.5403   3.580535    33.9686       5544 0.0000e+00
    142.000     8.5354   3.580576    33.9732       5596 0.0000e+00
    143.000     8.5294   3.580312    33.9758       5618 0.0000e+00
    144.000     8.5126   3.578708    33.9745       5638 0.0000e+00
    145.000     8.4652   3.574324    33.9733       5667 0.0000e+00
    146.000     8.4342   3.571788    33.9759       5709 0.0000e+00
    147.000     8.4226   3.571757    33.9862       5745 0.0000e+00
    148.000     8.4306   3.573351    33.9949       5773 0.0000e+00
    149.000     8.4344   3.574050    33.9982       5800 0.0000e+00
    150.000     8.4366   3.574741    34.0030       5827 0.0000e+00
    151.000     8.4448   3.577140    34.0200       5860 0.0000e+00
    152.000     8.4504   3.579003    34.0338       5902 0.0000e+00
    153.000     8.4517   3.580095    34.0436       5934 0.0000e+00
    154.000     8.4539   3.580796    34.0484       5959 0.0000e+00
    155.000     8.4618   3.582682    34.0603       5984 0.0000e+00
    156.000     8.4613   3.583413    34.0680       6018 0.0000e+00
    157.000     8.4585   3.583194    34.0680       6057 0.0000e+00
    158.000     8.4554   3.583037    34.0688       6090 0.0000e+00
    159.000     8.4663   3.584953    34.0780       6116 0.0000e+00
    160.000     8.4844   3.587593    34.0880       6142 0.0000e+00
    161.000     8.4928   3.589207    34.0965       6175 0.0000e+00
    162.000     8.4989   3.590652    34.1054       6212 0.0000e+00
    163.000     8.4995   3.590971    34.1077       6241 0.0000e+00
    164.000     8.4994   3.591277    34.1106       6268 0.0000e+00
    165.000     8.5013   3.592319    34.1193       6301 0.0000e+00
    166.000     8.5046   3.593589    34.1290       6339 0.0000e+00
    167.000     8.5023   3.593627    34.1312       6368 0.0000e+00
    168.000     8.5045   3.594179    34.1345       6396 0.0000e+00
    169.000     8.5041   3.594384    34.1365       6423 0.0000e+00
    170.000     8.5008   3.594581    34.1413       6453 0.0000e+00
    171.000     8.5087   3.596423    34.1526       6491 0.0000e+00
    172.000     8.5175   3.597566    34.1558       6525 0.0000e+00
    173.000     8.5282   3.599226    34.1625       6552 0.0000e+00
    174.000     8.5314   3.599753    34.1645       6577 0.0000e+00
    175.000     8.5330   3.600029    34.1654       6609 0.0000e+00
    176.000     8.5359   3.600563    34.1677       6652 0.0000e+00
    177.000     8.5383   3.601070    34.1702       6683 0.0000e+00
    178.000     8.5417   3.602047    34.1769       6706 0.0000e+00
    179.000     8.5427   3.602631    34.1815       6734 0.0000e+00
    180.000     8.5407   3.602818    34.1850       6770 0.0000e+00
    181.000     8.5380   3.602864    34.1876       6799 0.0000e+00
    182.000     8.5365   3.603036    34.1904       6826 0.0000e+00
    183.000     8.5347   3.603112    34.1925       6862 0.0000e+00
    184.000     8.5338   3.603141    34.1932       6900 0.0000e+00
    185.000     8.5330   3.603127    34.1934       6926 0.0000e+00
    186.000     8.5311   3.603035    34.1938       6950 0.0000e+00
    187.000     8.5304   3.603055    34.1942       6978 0.0000e+00
    188.000     8.5330   3.603818    34.1992       7019 0.0000e+00
    189.000     8.5397   3.605831    34.2135       7053 0.0000e+00
    190.000     8.5405   3.606356    34.2178       7078 0.0000e+00
    191.000     8.5404   3.606594    34.2200       7103 0.0000e+00
    192.000     8.5398   3.607041    34.2248       7133 0.0000e+00
    193.000     8.5404   3.607344    34.2269       7170 0.0000e+00
    194.000     8.5412   3.607613    34.2286       7200 0.0000e+00
    195.000     8.5470   3.608613    34.2330       7232 0.0000e+00
    196.000     8.5568   3.610073    34.2385       7269 0.0000e+00
    197.000     8.5597   3.610545    34.2401       7295 0.0000e+00
    198.000     8.5615   3.610870    34.2413       7318 0.0000e+00
    199.000     8.5645   3.611305    34.2426       7347 0.0000e+00
    200.000     8.5675   3.611785    34.2442       7387 0.0000e+00
    201.000     8.5664   3.612086    34.2480       7421 0.0000e+00
    202.000     8.5652   3.612147    34.2494       7448 0.0000e+00
    203.000     8.5646   3.612204    34.2501       7475 0.0000e+00
    204.000     8.5625   3.612349    34.2532       7507 0.0000e+00
    205.000     8.5605   3.612509    34.2564       7537 0.0000e+00
    206.000     8.5555   3.612716    34.2629       7570 0.0000e+00
    207.000     8.5510   3.612777    34.2674       7609 0.0000e+00
    208.000     8.5491   3.612813    34.2691       7638 0.0000e+00
    209.000     8.5475   3.612897    34.2712       7663 0.0000e+00
    210.000     8.5460   3.613143    34.2747       7696 0.0000e+00
    211.000     8.5438   3.613803    34.2834       7735 0.0000e+00
    212.000     8.5444   3.615306    34.2982       7768 0.0000e+00
    213.000     8.5546   3.617560    34.3116       7801 0.0000e+00
    214.000     8.5651   3.620110    34.3278       7839 0.0000e+00
    215.000     8.5690   3.621182    34.3349       7871 0.0000e+00
    216.000     8.5702   3.621699    34.3387       7898 0.0000e+00
    217.000     8.5701   3.621876    34.3402       7930 0.0000e+00
    218.000     8.5700   3.621998    34.3411       7978 0.0000e+00
    219.000     8.5695   3.622103    34.3422       8012 0.0000e+00
    220.000     8.5696   3.622159    34.3422       8040 0.0000e+00
    221.000     8.5694   3.622214    34.3425       8069 0.0000e+00
    222.000     8.5690   3.622249    34.3429       8115 0.0000e+00
    223.000     8.5688   3.622320    34.3434       8155 0.0000e+00
    224.000     8.5690   3.622382    34.3434       8177 0.0000e+00
    225.000     8.5691   3.622428    34.3432       8202 0.0000e+00
    226.000     8.5690   3.622481    34.3434       8253 0.0000e+00
    227.000     8.5690   3.622550    34.3436       8292 0.0000e+00
    228.000     8.5693   3.622607    34.3435       8316 0.0000e+00
    229.000     8.5693   3.622655    34.3436       8345 0.0000e+00
    230.000     8.5692   3.622698    34.3436       8394 0.0000e+00
    231.000     8.5692   3.622759    34.3438       8429 0.0000e+00
    232.000     8.5693   3.622813    34.3438       8456 0.0000e+00
    233.000     8.5694   3.622868    34.3438       8491 0.0000e+00
    234.000     8.5696   3.622921    34.3437       8540 0.0000e+00
    235.000     8.5696   3.622970    34.3437       8619 0.0000e+00
    236.000     8.5694   3.622996    34.3437       8688 0.0000e+00
    237.000     8.5693   3.623050    34.3439       8784 0.0000e+00
    238.000     8.5697   3.623125    34.3439       8840 0.0000e+00
    239.000     8.5694   3.623142    34.3439       8926 0.0000e+00
    240.000     8.5694   3.623198    34.3440       8987 0.0000e+00
    241.000     8.5694   3.623242    34.3440       9092 0.0000e+00
    242.000     8.5694   3.623299    34.3440       9171 0.0000e+00
