PC2305/ctd021.cnv
* Sea-Bird SBE 9 Data File:
* FileName = C:\cruise\data\ctd021.hex
* Software Version Seasave V 7.26.7.121
* Temperature SN = 6664
* Conductivity SN = 6035
* Number of Bytes Per Scan = 37
* Number of Voltage Words = 4
* Number of Scans Averaged by the Deck Unit = 1
* NMEA Latitude = 42 13.85 N
* NMEA Longitude = 065 45.69 W
* NMEA UTC (Time) = Nov 07 2023 08:01:01
* NMEA baud rate = 4800
** Ship: Pisces PC2305
** Program:  Fall ECOMON
** Chief Scientist: Harvey Walsh
# nquan = 6
# nvalues = 444                         
# units = specified
# name 0 = depSM: Depth [salt water, m]
# name 1 = t090C: Temperature [ITS-90, deg C]
# name 2 = c0S/m: Conductivity [S/m]
# name 3 = sal00: Salinity, Practical [PSU]
# name 4 = scan: Scan Count
# name 5 = flag: flag
# span 0 =      1.000,    224.000       
# span 1 =     4.6204,    12.6019       
# span 2 =   3.131099,   3.626124       
# span 3 =    30.8183,    34.8099       
# span 4 =        346,      29773       
# span 5 = 0.0000e+00, 0.0000e+00       
# interval = meters: 1                  
# start_time = Nov 07 2023 08:01:01 [NMEA time, header]
# bad_flag = -9.990e-29
*END*
      4.000    12.5756   3.618021    30.8206        346 0.0000e+00
      5.000    12.5774   3.618314    30.8215        633 0.0000e+00
      6.000    12.5773   3.618320    30.8213        648 0.0000e+00
      7.000    12.5787   3.618600    30.8223        677 0.0000e+00
      8.000    12.5792   3.618687    30.8224        715 0.0000e+00
      9.000    12.5772   3.618480    30.8217        753 0.0000e+00
     10.000    12.5789   3.618737    30.8223        793 0.0000e+00
     11.000    12.5794   3.618789    30.8220        831 0.0000e+00
     12.000    12.5859   3.619884    30.8266        858 0.0000e+00
     13.000    12.5896   3.620555    30.8296        882 0.0000e+00
     14.000    12.5975   3.622298    30.8392        909 0.0000e+00
     15.000    12.6005   3.623076    30.8438        939 0.0000e+00
     16.000    12.6017   3.623740    30.8487        964 0.0000e+00
     17.000    12.6019   3.623912    30.8497        985 0.0000e+00
     18.000    12.6010   3.624232    30.8531       1008 0.0000e+00
     19.000    12.5980   3.624533    30.8580       1037 0.0000e+00
     20.000    12.5925   3.624870    30.8653       1069 0.0000e+00
     21.000    12.5875   3.625318    30.8732       1096 0.0000e+00
     22.000    12.5772   3.625734    30.8852       1118 0.0000e+00
     23.000    12.5572   3.625009    30.8944       1141 0.0000e+00
     24.000    12.5360   3.623772    30.8997       1164 0.0000e+00
     25.000    12.5257   3.623101    30.9014       1187 0.0000e+00
     26.000    12.5114   3.622238    30.9045       1214 0.0000e+00
     27.000    12.4775   3.620445    30.9150       1242 0.0000e+00
     28.000    12.3376   3.612707    30.9564       1267 0.0000e+00
     29.000    12.0636   3.598683    31.0488       1289 0.0000e+00
     30.000    10.5363   3.506359    31.4403       1311 0.0000e+00
     31.000     9.5816   3.445252    31.6557       1337 0.0000e+00
     32.000     9.0439   3.409826    31.7689       1370 0.0000e+00
     33.000     8.1892   3.353447    31.9491       1398 0.0000e+00
     34.000     8.0317   3.342252    31.9737       1419 0.0000e+00
     35.000     7.8550   3.329375    31.9980       1439 0.0000e+00
     36.000     7.5381   3.307627    32.0562       1462 0.0000e+00
     37.000     7.0668   3.275375    32.1444       1490 0.0000e+00
     38.000     6.8207   3.258019    32.1846       1521 0.0000e+00
     39.000     6.7717   3.254063    32.1868       1548 0.0000e+00
     40.000     6.6936   3.248228    32.1956       1570 0.0000e+00
     41.000     6.5214   3.236461    32.2277       1590 0.0000e+00
     42.000     6.2780   3.220665    32.2828       1612 0.0000e+00
     43.000     5.9555   3.200140    32.3606       1636 0.0000e+00
     44.000     5.7414   3.191978    32.4739       1666 0.0000e+00
     45.000     5.5636   3.183329    32.5473       1697 0.0000e+00
     46.000     5.4989   3.179440    32.5654       1724 0.0000e+00
     47.000     5.4384   3.176603    32.5914       1748 0.0000e+00
     48.000     5.4294   3.176110    32.5941       1771 0.0000e+00
     49.000     5.4147   3.175282    32.5984       1795 0.0000e+00
     50.000     5.4182   3.176187    32.6049       1819 0.0000e+00
     51.000     5.4722   3.182901    32.6281       1845 0.0000e+00
     52.000     5.4941   3.185982    32.6413       1874 0.0000e+00
     53.000     5.5324   3.192807    32.6810       1902 0.0000e+00
     54.000     5.5674   3.197602    32.7008       1926 0.0000e+00
     55.000     5.5859   3.200109    32.7106       1949 0.0000e+00
     56.000     5.6139   3.203525    32.7216       1972 0.0000e+00
     57.000     5.6524   3.208057    32.7350       2002 0.0000e+00
     58.000     5.7383   3.218013    32.7634       2034 0.0000e+00
     59.000     5.7949   3.224844    32.7849       2061 0.0000e+00
     60.000     5.7938   3.224951    32.7867       2084 0.0000e+00
     61.000     5.7872   3.224405    32.7864       2107 0.0000e+00
     62.000     5.7700   3.222867    32.7853       2130 0.0000e+00
     63.000     5.7243   3.218736    32.7826       2155 0.0000e+00
     64.000     5.6413   3.211381    32.7798       2183 0.0000e+00
     65.000     5.6015   3.207867    32.7783       2213 0.0000e+00
     66.000     5.5973   3.207620    32.7791       2242 0.0000e+00
     67.000     5.5891   3.206860    32.7780       2268 0.0000e+00
     68.000     5.5821   3.206189    32.7767       2293 0.0000e+00
     69.000     5.5568   3.203830    32.7741       2318 0.0000e+00
     70.000     5.5362   3.201880    32.7716       2343 0.0000e+00
     71.000     5.4650   3.195131    32.7640       2370 0.0000e+00
     72.000     5.2770   3.177651    32.7481       2396 0.0000e+00
     73.000     5.1842   3.168902    32.7385       2423 0.0000e+00
     74.000     5.1415   3.164869    32.7337       2449 0.0000e+00
     75.000     5.0750   3.159392    32.7357       2474 0.0000e+00
     76.000     5.0327   3.157210    32.7516       2500 0.0000e+00
     77.000     4.9920   3.157703    32.7968       2527 0.0000e+00
     78.000     4.7854   3.142691    32.8270       2555 0.0000e+00
     79.000     4.7173   3.137197    32.8303       2580 0.0000e+00
     80.000     4.6973   3.135527    32.8302       2602 0.0000e+00
     81.000     4.6818   3.134491    32.8330       2624 0.0000e+00
     82.000     4.6824   3.134495    32.8320       2650 0.0000e+00
     83.000     4.6817   3.134393    32.8310       2683 0.0000e+00
     84.000     4.6789   3.134258    32.8316       2717 0.0000e+00
     85.000     4.6773   3.134180    32.8319       2745 0.0000e+00
     86.000     4.6728   3.134013    32.8339       2767 0.0000e+00
     87.000     4.6674   3.133793    32.8361       2787 0.0000e+00
     88.000     4.6643   3.134178    32.8432       2809 0.0000e+00
     89.000     4.6681   3.135082    32.8494       2835 0.0000e+00
     90.000     4.6688   3.136287    32.8621       2870 0.0000e+00
     91.000     4.6668   3.138091    32.8846       2902 0.0000e+00
     92.000     4.6813   3.140363    32.8960       2925 0.0000e+00
     93.000     4.6861   3.141327    32.9019       2946 0.0000e+00
     94.000     4.6973   3.142970    32.9093       2969 0.0000e+00
     95.000     4.7040   3.143959    32.9136       2998 0.0000e+00
     96.000     4.7046   3.144350    32.9171       3030 0.0000e+00
     97.000     4.7049   3.144623    32.9194       3059 0.0000e+00
     98.000     4.7045   3.144760    32.9209       3083 0.0000e+00
     99.000     4.7046   3.144839    32.9211       3106 0.0000e+00
    100.000     4.7059   3.145139    32.9229       3130 0.0000e+00
    101.000     4.7061   3.145241    32.9233       3155 0.0000e+00
    102.000     4.7079   3.145532    32.9244       3181 0.0000e+00
    103.000     4.7104   3.145957    32.9263       3211 0.0000e+00
    104.000     4.7114   3.146209    32.9277       3240 0.0000e+00
    105.000     4.7118   3.146399    32.9290       3268 0.0000e+00
    106.000     4.7129   3.146636    32.9301       3292 0.0000e+00
    107.000     4.7168   3.147200    32.9323       3315 0.0000e+00
    108.000     4.7208   3.147707    32.9337       3337 0.0000e+00
    109.000     4.7258   3.148348    32.9357       3364 0.0000e+00
    110.000     4.7294   3.148846    32.9373       3394 0.0000e+00
    111.000     4.7338   3.149430    32.9392       3422 0.0000e+00
    112.000     4.7365   3.149821    32.9406       3446 0.0000e+00
    113.000     4.7397   3.150294    32.9423       3469 0.0000e+00
    114.000     4.7428   3.150710    32.9436       3493 0.0000e+00
    115.000     4.7509   3.151797    32.9476       3520 0.0000e+00
    116.000     4.7528   3.152069    32.9483       3547 0.0000e+00
    117.000     4.7521   3.152028    32.9480       3574 0.0000e+00
    118.000     4.7533   3.152190    32.9482       3602 0.0000e+00
    119.000     4.7565   3.152601    32.9493       3629 0.0000e+00
    120.000     4.7632   3.153321    32.9505       3654 0.0000e+00
    121.000     4.7660   3.153640    32.9509       3677 0.0000e+00
    122.000     4.7630   3.153441    32.9511       3701 0.0000e+00
    123.000     4.7646   3.153651    32.9513       3726 0.0000e+00
    124.000     4.7744   3.154862    32.9551       3751 0.0000e+00
    125.000     4.7825   3.155965    32.9594       3777 0.0000e+00
    126.000     4.7979   3.158191    32.9693       3802 0.0000e+00
    127.000     4.8370   3.163137    32.9871       3829 0.0000e+00
    128.000     4.8574   3.165730    32.9963       3857 0.0000e+00
    129.000     4.8600   3.166121    32.9977       3885 0.0000e+00
    130.000     4.8674   3.166995    33.0000       3913 0.0000e+00
    131.000     4.9145   3.172476    33.0159       3937 0.0000e+00
    132.000     5.1763   3.202408    33.0999       3959 0.0000e+00
    133.000     5.5811   3.249023    33.2305       3981 0.0000e+00
    134.000     5.7063   3.263188    33.2669       4003 0.0000e+00
    135.000     5.8140   3.275684    33.3012       4029 0.0000e+00
    136.000     5.8359   3.278678    33.3129       4060 0.0000e+00
    137.000     5.8406   3.279342    33.3153       4090 0.0000e+00
    138.000     5.8843   3.284668    33.3317       4115 0.0000e+00
    139.000     5.8940   3.286034    33.3370       4137 0.0000e+00
    140.000     5.9973   3.298379    33.3734       4159 0.0000e+00
    141.000     6.0609   3.305371    33.3887       4183 0.0000e+00
    142.000     6.0822   3.307862    33.3952       4209 0.0000e+00
    143.000     6.1055   3.310737    33.4040       4236 0.0000e+00
    144.000     6.1333   3.313982    33.4124       4264 0.0000e+00
    145.000     6.2234   3.323405    33.4287       4291 0.0000e+00
    146.000     6.4004   3.343467    33.4777       4316 0.0000e+00
    147.000     6.7637   3.389005    33.6246       4338 0.0000e+00
    148.000     7.0427   3.425324    33.7502       4359 0.0000e+00
    149.000     7.0666   3.428951    33.7660       4382 0.0000e+00
    150.000     7.0789   3.431113    33.7770       4408 0.0000e+00
    151.000     7.1351   3.439131    33.8092       4440 0.0000e+00
    152.000     7.2267   3.451104    33.8497       4468 0.0000e+00
    153.000     7.2307   3.452030    33.8553       4492 0.0000e+00
    154.000     7.2731   3.457759    33.8758       4514 0.0000e+00
    155.000     7.3070   3.461961    33.8878       4537 0.0000e+00
    156.000     7.3422   3.466373    33.9009       4561 0.0000e+00
    157.000     7.3863   3.471929    33.9176       4587 0.0000e+00
    158.000     7.4109   3.475081    33.9273       4614 0.0000e+00
    159.000     7.4313   3.477713    33.9354       4642 0.0000e+00
    160.000     7.4594   3.481192    33.9452       4668 0.0000e+00
    161.000     7.4974   3.485713    33.9565       4693 0.0000e+00
    162.000     7.6010   3.497167    33.9786       4716 0.0000e+00
    163.000     7.6032   3.497995    33.9850       4739 0.0000e+00
    164.000     7.5817   3.496349    33.9877       4763 0.0000e+00
    165.000     7.5953   3.498673    33.9990       4789 0.0000e+00
    166.000     7.7679   3.520221    34.0623       4817 0.0000e+00
    167.000     7.7892   3.524018    34.0819       4843 0.0000e+00
    168.000     7.8217   3.529323    34.1067       4868 0.0000e+00
    169.000     7.8428   3.532298    34.1176       4892 0.0000e+00
    170.000     7.8575   3.534438    34.1258       4915 0.0000e+00
    171.000     7.8742   3.536578    34.1319       4940 0.0000e+00
    172.000     7.8862   3.538297    34.1382       4966 0.0000e+00
    173.000     7.9186   3.542887    34.1553       4993 0.0000e+00
    174.000     7.9901   3.553154    34.1950       5020 0.0000e+00
    175.000     8.0324   3.560347    34.2301       5044 0.0000e+00
    176.000     8.0634   3.565078    34.2500       5067 0.0000e+00
    177.000     8.0886   3.569489    34.2720       5090 0.0000e+00
    178.000     8.0812   3.569770    34.2818       5115 0.0000e+00
    179.000     8.0709   3.569463    34.2881       5142 0.0000e+00
    180.000     8.0551   3.568232    34.2898       5169 0.0000e+00
    181.000     8.0334   3.566734    34.2947       5195 0.0000e+00
    182.000     8.0035   3.564041    34.2946       5221 0.0000e+00
    183.000     7.9862   3.562405    34.2936       5247 0.0000e+00
    184.000     7.9770   3.561940    34.2971       5271 0.0000e+00
    185.000     7.9759   3.563032    34.3094       5294 0.0000e+00
    186.000     8.0566   3.575561    34.3638       5317 0.0000e+00
    187.000     8.2173   3.598217    34.4477       5342 0.0000e+00
    188.000     8.2795   3.608083    34.4914       5370 0.0000e+00
    189.000     8.3001   3.613321    34.5264       5397 0.0000e+00
    190.000     8.3110   3.616276    34.5467       5421 0.0000e+00
    191.000     8.3297   3.619001    34.5569       5444 0.0000e+00
    192.000     8.3246   3.619034    34.5617       5468 0.0000e+00
    193.000     8.3030   3.618476    34.5765       5494 0.0000e+00
    194.000     8.2943   3.619990    34.6007       5522 0.0000e+00
    195.000     8.2908   3.620466    34.6087       5548 0.0000e+00
    196.000     8.2775   3.621219    34.6293       5570 0.0000e+00
    197.000     8.2718   3.621433    34.6368       5593 0.0000e+00
    198.000     8.2673   3.621439    34.6408       5619 0.0000e+00
    199.000     8.2556   3.621434    34.6518       5649 0.0000e+00
    200.000     8.2368   3.621578    34.6713       5679 0.0000e+00
    201.000     8.2291   3.621766    34.6804       5704 0.0000e+00
    202.000     8.2261   3.621913    34.6844       5725 0.0000e+00
    203.000     8.2208   3.622257    34.6928       5746 0.0000e+00
    204.000     8.2146   3.621908    34.6948       5767 0.0000e+00
    205.000     8.1870   3.620241    34.7038       5790 0.0000e+00
    206.000     8.1763   3.619577    34.7067       5820 0.0000e+00
    207.000     8.1717   3.619290    34.7078       5856 0.0000e+00
    208.000     8.1589   3.618504    34.7115       5886 0.0000e+00
    209.000     8.1271   3.616425    34.7204       5908 0.0000e+00
    210.000     8.1094   3.615340    34.7258       5928 0.0000e+00
    211.000     8.1049   3.615180    34.7280       5947 0.0000e+00
    212.000     8.1029   3.615205    34.7298       5969 0.0000e+00
    213.000     8.0834   3.614250    34.7384       5994 0.0000e+00
    214.000     8.0662   3.613272    34.7445       6024 0.0000e+00
    215.000     8.0440   3.611831    34.7505       6063 0.0000e+00
    216.000     7.9376   3.605014    34.7825       6102 0.0000e+00
    217.000     7.8644   3.600264    34.8038       6134 0.0000e+00
    218.000     7.8554   3.599563    34.8047       6172 0.0000e+00
    219.000     7.8347   3.598127    34.8094       6216 0.0000e+00
    220.000     7.8311   3.597884    34.8099       6254 0.0000e+00
    221.000     7.8311   3.597898    34.8095       6294 0.0000e+00
    222.000     7.8317   3.597927    34.8088       6380 0.0000e+00
    223.000     7.8283   3.597587    34.8080       7555 0.0000e+00
    224.000     7.8227   3.597283    34.8098       8571 0.0000e+00
    223.000     7.8216   3.597143    34.8099       9394 0.0000e+00
    222.000     7.8233   3.597186    34.8092       9503 0.0000e+00
    221.000     7.8231   3.597146    34.8094       9501 0.0000e+00
    220.000     7.8306   3.597622    34.8076       9525 0.0000e+00
    219.000     7.8435   3.598432    34.8039       9551 0.0000e+00
    218.000     7.8538   3.599074    34.8011       9581 0.0000e+00
    217.000     7.8620   3.599568    34.7987       9614 0.0000e+00
    216.000     7.8823   3.600958    34.7940       9640 0.0000e+00
    215.000     7.9122   3.602986    34.7865       9661 0.0000e+00
    214.000     7.9730   3.607056    34.7703       9679 0.0000e+00
    213.000     8.0248   3.610016    34.7511       9698 0.0000e+00
    212.000     8.0573   3.612095    34.7417       9721 0.0000e+00
    211.000     8.0756   3.613085    34.7346       9755 0.0000e+00
    210.000     8.0892   3.613680    34.7280       9790 0.0000e+00
    209.000     8.1087   3.614906    34.7222       9814 0.0000e+00
    208.000     8.1152   3.615387    34.7215       9835 0.0000e+00
    207.000     8.1348   3.616748    34.7171       9855 0.0000e+00
