PC2305/ctd015.cnv
* Sea-Bird SBE 9 Data File:
* FileName = C:\cruise\data\ctd015.hex
* Software Version Seasave V 7.26.7.121
* Temperature SN = 6664
* Conductivity SN = 6035
* Number of Bytes Per Scan = 37
* Number of Voltage Words = 4
* Number of Scans Averaged by the Deck Unit = 1
* NMEA Latitude = 40 39.99 N
* NMEA Longitude = 070 38.58 W
* NMEA UTC (Time) = Nov 04 2023 03:39:56
* NMEA baud rate = 4800
** Ship: Pisces PC2305
** Program:  Fall ECOMON
** Chief Scientist: Harvey Walsh
# nquan = 6
# nvalues = 105                         
# units = specified
# name 0 = depSM: Depth [salt water, m]
# name 1 = t090C: Temperature [ITS-90, deg C]
# name 2 = c0S/m: Conductivity [S/m]
# name 3 = sal00: Salinity, Practical [PSU]
# name 4 = scan: Scan Count
# name 5 = flag: flag
# span 0 =      5.000,     57.000       
# span 1 =    13.6949,    13.8039       
# span 2 =   3.842707,   3.869286       
# span 3 =    31.9987,    32.1701       
# span 4 =        158,      19197       
# span 5 = 0.0000e+00, 0.0000e+00       
# interval = meters: 1                  
# start_time = Nov 04 2023 03:39:56 [NMEA time, header]
# bad_flag = -9.990e-29
*END*
      5.000    13.6979   3.843000    31.9993        158 0.0000e+00
      6.000    13.6949   3.842707    31.9987        465 0.0000e+00
      7.000    13.7042   3.843849    32.0011        537 0.0000e+00
      8.000    13.7111   3.844680    32.0026        629 0.0000e+00
      9.000    13.7097   3.844529    32.0020        712 0.0000e+00
     10.000    13.7081   3.844401    32.0018        759 0.0000e+00
     11.000    13.7103   3.844705    32.0023        797 0.0000e+00
     12.000    13.7080   3.844467    32.0016        842 0.0000e+00
     13.000    13.7081   3.844535    32.0018        890 0.0000e+00
     14.000    13.7044   3.844133    32.0008        925 0.0000e+00
     15.000    13.7067   3.844458    32.0014        977 0.0000e+00
     16.000    13.7055   3.844343    32.0010       1034 0.0000e+00
     17.000    13.7019   3.843936    31.9998       1075 0.0000e+00
     18.000    13.7008   3.843861    31.9997       1115 0.0000e+00
     19.000    13.7024   3.844080    32.0000       1164 0.0000e+00
     20.000    13.7076   3.844773    32.0017       1216 0.0000e+00
     21.000    13.7165   3.845879    32.0041       1263 0.0000e+00
     22.000    13.7183   3.846147    32.0047       1314 0.0000e+00
     23.000    13.7206   3.846501    32.0057       1354 0.0000e+00
     24.000    13.7215   3.846670    32.0061       1397 0.0000e+00
     25.000    13.7055   3.844801    32.0018       1449 0.0000e+00
     26.000    13.7106   3.845514    32.0037       1506 0.0000e+00
     27.000    13.7225   3.847048    32.0076       1545 0.0000e+00
     28.000    13.7453   3.849949    32.0150       1594 0.0000e+00
     29.000    13.7584   3.851775    32.0206       1633 0.0000e+00
     30.000    13.7684   3.853434    32.0272       1685 0.0000e+00
     31.000    13.7750   3.854601    32.0321       1734 0.0000e+00
     32.000    13.7898   3.856992    32.0415       1788 0.0000e+00
     33.000    13.7928   3.857586    32.0441       1832 0.0000e+00
     34.000    13.7929   3.857818    32.0458       1866 0.0000e+00
     35.000    13.7924   3.858027    32.0477       1922 0.0000e+00
     36.000    13.7933   3.858224    32.0484       1973 0.0000e+00
     37.000    13.7917   3.858279    32.0498       2019 0.0000e+00
     38.000    13.7923   3.858569    32.0516       2064 0.0000e+00
     39.000    13.7926   3.858750    32.0526       2113 0.0000e+00
     40.000    13.7927   3.858826    32.0529       2158 0.0000e+00
     41.000    13.7947   3.859441    32.0565       2213 0.0000e+00
     42.000    13.7983   3.860331    32.0614       2268 0.0000e+00
     43.000    13.8027   3.862118    32.0738       2321 0.0000e+00
     44.000    13.8024   3.862595    32.0781       2422 0.0000e+00
     45.000    13.7950   3.862658    32.0845       2539 0.0000e+00
     46.000    13.7989   3.865302    32.1053       2672 0.0000e+00
     47.000    13.7987   3.866218    32.1135       2797 0.0000e+00
     48.000    13.7976   3.867428    32.1253       2934 0.0000e+00
     49.000    13.7960   3.867983    32.1313       3053 0.0000e+00
     50.000    13.7930   3.868466    32.1379       3197 0.0000e+00
     51.000    13.7882   3.868805    32.1447       3316 0.0000e+00
     52.000    13.7843   3.869007    32.1494       3461 0.0000e+00
     53.000    13.7796   3.869140    32.1542       3579 0.0000e+00
     54.000    13.7747   3.869231    32.1588       3709 0.0000e+00
     55.000    13.7693   3.869286    32.1634       3851 0.0000e+00
     56.000    13.7649   3.869282    32.1666       3982 0.0000e+00
     57.000    13.7599   3.869249    32.1701       4609 0.0000e+00
     56.000    13.7650   3.869254    32.1663       6903 0.0000e+00
     55.000    13.7734   3.869261    32.1598       7562 0.0000e+00
     54.000    13.7768   3.869172    32.1564       7551 0.0000e+00
     53.000    13.7846   3.869030    32.1490       7626 0.0000e+00
     52.000    13.7907   3.868745    32.1416       7710 0.0000e+00
     51.000    13.7929   3.868489    32.1378       7763 0.0000e+00
     50.000    13.7946   3.868115    32.1333       7838 0.0000e+00
     49.000    13.7979   3.867399    32.1243       7908 0.0000e+00
     48.000    13.7995   3.866458    32.1147       7969 0.0000e+00
     47.000    13.8001   3.865157    32.1025       8029 0.0000e+00
     46.000    13.8032   3.864306    32.0924       8088 0.0000e+00
     45.000    13.8038   3.863097    32.0811       8156 0.0000e+00
     44.000    13.8025   3.861852    32.0712       8208 0.0000e+00
     43.000    13.8039   3.861470    32.0668       8264 0.0000e+00
     42.000    13.8005   3.860628    32.0622       8333 0.0000e+00
     41.000    13.7955   3.859539    32.0568       8377 0.0000e+00
     40.000    13.7940   3.859179    32.0551       8432 0.0000e+00
     39.000    13.7921   3.858729    32.0529       8500 0.0000e+00
     38.000    13.7908   3.858327    32.0506       8557 0.0000e+00
     37.000    13.7910   3.858198    32.0496       8602 0.0000e+00
     36.000    13.7916   3.858149    32.0491       8667 0.0000e+00
     35.000    13.7931   3.858109    32.0479       8730 0.0000e+00
     34.000    13.7934   3.858164    32.0485       8780 0.0000e+00
     33.000    13.7935   3.858106    32.0483       8834 0.0000e+00
     32.000    13.7725   3.854528    32.0331      12193 0.0000e+00
     31.000    13.7871   3.856089    32.0358      13771 0.0000e+00
     30.000    13.7735   3.853947    32.0277      13770 0.0000e+00
     29.000    13.7667   3.852887    32.0240      13833 0.0000e+00
     28.000    13.7572   3.851462    32.0191      13935 0.0000e+00
     27.000    13.7560   3.851292    32.0189      14011 0.0000e+00
     26.000    13.7549   3.851178    32.0192      14086 0.0000e+00
     25.000    13.7460   3.850073    32.0167      15500 0.0000e+00
     24.000    13.7287   3.847907    32.0116      16678 0.0000e+00
     23.000    13.7281   3.847794    32.0114      16781 0.0000e+00
     22.000    13.7282   3.847765    32.0115      16816 0.0000e+00
     21.000    13.7298   3.847909    32.0118      16864 0.0000e+00
     20.000    13.7276   3.847637    32.0116      16919 0.0000e+00
     19.000    13.7294   3.847753    32.0115      16977 0.0000e+00
     18.000    13.7297   3.847715    32.0113      17030 0.0000e+00
     17.000    13.7316   3.847866    32.0115      17082 0.0000e+00
     16.000    13.7331   3.847972    32.0116      17134 0.0000e+00
     15.000    13.7382   3.848509    32.0128      17186 0.0000e+00
     14.000    13.7365   3.848332    32.0128      17247 0.0000e+00
     13.000    13.7510   3.849838    32.0151      17310 0.0000e+00
     12.000    13.7519   3.849912    32.0154      17363 0.0000e+00
     11.000    13.7509   3.849808    32.0157      17428 0.0000e+00
     10.000    13.7499   3.849677    32.0157      17492 0.0000e+00
      9.000    13.7495   3.849628    32.0160      17542 0.0000e+00
      8.000    13.7480   3.849457    32.0161      17612 0.0000e+00
      7.000    13.7470   3.849288    32.0157      17677 0.0000e+00
      6.000    13.7408   3.848537    32.0143      17736 0.0000e+00
      5.000    13.7444   3.848638    32.0126      19197 0.0000e+00
