PC2305/ctd010.cnv
* Sea-Bird SBE 9 Data File:
* FileName = C:\cruise\data\ctd010.hex
* Software Version Seasave V 7.26.7.121
* Temperature SN = 6664
* Conductivity SN = 6035
* Number of Bytes Per Scan = 37
* Number of Voltage Words = 4
* Number of Scans Averaged by the Deck Unit = 1
* NMEA Latitude = 35 59.78 N
* NMEA Longitude = 075 10.47 W
* NMEA UTC (Time) = Oct 31 2023 20:51:17
* NMEA baud rate = 4800
** Ship: Pisces PC2305
** Program:  Fall ECOMON
** Chief Scientist: Harvey Walsh
# nquan = 6
# nvalues = 52                          
# units = specified
# name 0 = depSM: Depth [salt water, m]
# name 1 = t090C: Temperature [ITS-90, deg C]
# name 2 = c0S/m: Conductivity [S/m]
# name 3 = sal00: Salinity, Practical [PSU]
# name 4 = scan: Scan Count
# name 5 = flag: flag
# span 0 =      4.000,     31.000       
# span 1 =    19.3842,    19.4363       
# span 2 =   4.328690,   4.472604       
# span 3 =    31.6936,    32.8301       
# span 4 =         88,      11309       
# span 5 = 0.0000e+00, 0.0000e+00       
# interval = meters: 1                  
# start_time = Oct 31 2023 20:51:17 [NMEA time, header]
# bad_flag = -9.990e-29
*END*
      7.000    19.3883   4.329144    31.6967         88 0.0000e+00
      8.000    19.3851   4.328857    31.6964        198 0.0000e+00
      9.000    19.3865   4.328690    31.6936        331 0.0000e+00
     10.000    19.3883   4.329045    31.6949        372 0.0000e+00
     11.000    19.3884   4.329143    31.6952        462 0.0000e+00
     12.000    19.3891   4.329164    31.6945        519 0.0000e+00
     13.000    19.3990   4.331413    31.7051        622 0.0000e+00
     14.000    19.4038   4.334987    31.7303        690 0.0000e+00
     15.000    19.4122   4.341315    31.7753        761 0.0000e+00
     16.000    19.4199   4.348877    31.8310        866 0.0000e+00
     17.000    19.4129   4.362655    31.9487        954 0.0000e+00
     18.000    19.3933   4.377320    32.0833       1003 0.0000e+00
     19.000    19.3958   4.406359    32.3191       1123 0.0000e+00
     20.000    19.4259   4.451312    32.6640       1189 0.0000e+00
     21.000    19.4327   4.462821    32.7528       1263 0.0000e+00
     22.000    19.4329   4.466438    32.7820       1353 0.0000e+00
     23.000    19.4323   4.469829    32.8100       1441 0.0000e+00
     24.000    19.4321   4.470378    32.8142       1465 0.0000e+00
     25.000    19.4327   4.471364    32.8215       1574 0.0000e+00
     26.000    19.4333   4.471850    32.8247       1675 0.0000e+00
     27.000    19.4334   4.471849    32.8243       1723 0.0000e+00
     28.000    19.4337   4.472333    32.8277       1828 0.0000e+00
     29.000    19.4335   4.472604    32.8298       1879 0.0000e+00
     30.000    19.4291   4.471997    32.8278       3746 0.0000e+00
     31.000    19.4292   4.472192    32.8290       5576 0.0000e+00
     30.000    19.4312   4.472335    32.8289       4667 0.0000e+00
     29.000    19.4331   4.472473    32.8289       4699 0.0000e+00
     28.000    19.4305   4.472198    32.8290       4820 0.0000e+00
     27.000    19.4311   4.472210    32.8290       4960 0.0000e+00
     26.000    19.4329   4.472390    32.8295       5060 0.0000e+00
     25.000    19.4342   4.472548    32.8301       5155 0.0000e+00
     24.000    19.4342   4.472333    32.8286       5309 0.0000e+00
     23.000    19.4347   4.471829    32.8244       5354 0.0000e+00
     22.000    19.4363   4.470450    32.8123       5443 0.0000e+00
     21.000    19.4352   4.468819    32.8001       5587 0.0000e+00
     20.000    19.4314   4.461917    32.7468       5750 0.0000e+00
     19.000    19.4256   4.454266    32.6888       5829 0.0000e+00
     18.000    19.3926   4.402953    32.2940       5973 0.0000e+00
     17.000    19.3920   4.372833    32.0479       6079 0.0000e+00
     16.000    19.4065   4.365192    31.9746       7732 0.0000e+00
     15.000    19.4131   4.358314    31.9136       8336 0.0000e+00
     14.000    19.4150   4.347951    31.8278       8311 0.0000e+00
     13.000    19.4072   4.337877    31.7517       8441 0.0000e+00
     12.000    19.4027   4.333846    31.7225       8547 0.0000e+00
     11.000    19.4000   4.333625    31.7230       8685 0.0000e+00
     10.000    19.3977   4.332087    31.7125       8806 0.0000e+00
      9.000    19.3962   4.332101    31.7142       8920 0.0000e+00
      8.000    19.3942   4.331387    31.7102       9035 0.0000e+00
      7.000    19.3964   4.332097    31.7146       9125 0.0000e+00
      6.000    19.3917   4.330885    31.7086       9229 0.0000e+00
      5.000    19.3844   4.330034    31.7075      10143 0.0000e+00
      4.000    19.3842   4.330035    31.7081      11309 0.0000e+00
