PC2305/ctd041.cnv
* Sea-Bird SBE 9 Data File:
* FileName = C:\cruise\data\ctd041.hex
* Software Version Seasave V 7.26.7.121
* Temperature SN = 6664
* Conductivity SN = 6035
* Number of Bytes Per Scan = 37
* Number of Voltage Words = 4
* Number of Scans Averaged by the Deck Unit = 1
* NMEA Latitude = 41 07.33 N
* NMEA Longitude = 071 12.13 W
* NMEA UTC (Time) = Nov 13 2023 23:44:52
* NMEA baud rate = 4800
** Ship: Pisces PC2305
** Program:  Fall ECOMON
** Chief Scientist: Harvey Walsh
# nquan = 6
# nvalues = 47                          
# units = specified
# name 0 = depSM: Depth [salt water, m]
# name 1 = t090C: Temperature [ITS-90, deg C]
# name 2 = c0S/m: Conductivity [S/m]
# name 3 = sal00: Salinity, Practical [PSU]
# name 4 = scan: Scan Count
# name 5 = flag: flag
# span 0 =      5.000,     28.000       
# span 1 =    13.8851,    13.9129       
# span 2 =   3.839247,   3.843597       
# span 3 =    31.8086,    31.8170       
# span 4 =        405,      12367       
# span 5 = 0.0000e+00, 0.0000e+00       
# interval = meters: 1                  
# start_time = Nov 13 2023 23:44:52 [NMEA time, header]
# bad_flag = -9.990e-29
*END*
      5.000    13.8877   3.839472    31.8088        405 0.0000e+00
      6.000    13.8917   3.839884    31.8088        725 0.0000e+00
      7.000    13.8927   3.840045    31.8091        924 0.0000e+00
      8.000    13.8935   3.840171    31.8092       1130 0.0000e+00
      9.000    13.8934   3.840190    31.8091       1265 0.0000e+00
     10.000    13.8931   3.840232    31.8093       1415 0.0000e+00
     11.000    13.8931   3.840277    31.8094       1539 0.0000e+00
     12.000    13.8930   3.840329    31.8096       1680 0.0000e+00
     13.000    13.8930   3.840361    31.8095       1810 0.0000e+00
     14.000    13.8931   3.840415    31.8095       1954 0.0000e+00
     15.000    13.8939   3.840571    31.8099       2085 0.0000e+00
     16.000    13.8923   3.840478    31.8100       2226 0.0000e+00
     17.000    13.8918   3.840475    31.8099       2360 0.0000e+00
     18.000    13.8936   3.840699    31.8101       2499 0.0000e+00
     19.000    13.8896   3.840334    31.8097       2638 0.0000e+00
     20.000    13.8888   3.840343    31.8100       2770 0.0000e+00
     21.000    13.8998   3.841685    31.8129       2914 0.0000e+00
     22.000    13.9039   3.842202    31.8139       3044 0.0000e+00
     23.000    13.8987   3.841632    31.8125       3188 0.0000e+00
     24.000    13.9030   3.842217    31.8140       3318 0.0000e+00
     25.000    13.9055   3.842546    31.8146       3470 0.0000e+00
     26.000    13.9085   3.842954    31.8155       3589 0.0000e+00
     27.000    13.9085   3.842995    31.8154       3744 0.0000e+00
     28.000    13.9129   3.843597    31.8170       5397 0.0000e+00
     27.000    13.8990   3.841718    31.8115       7030 0.0000e+00
     26.000    13.8994   3.841785    31.8123       7438 0.0000e+00
     25.000    13.9010   3.841907    31.8124       7797 0.0000e+00
     24.000    13.9002   3.841752    31.8121       8157 0.0000e+00
     23.000    13.8978   3.841397    31.8111       8545 0.0000e+00
     22.000    13.9040   3.842166    31.8135       8923 0.0000e+00
     21.000    13.9019   3.841765    31.8119       9224 0.0000e+00
     20.000    13.9001   3.841368    31.8102       9420 0.0000e+00
     19.000    13.8989   3.841176    31.8097       9634 0.0000e+00
     18.000    13.9000   3.841161    31.8091       9848 0.0000e+00
     17.000    13.8991   3.841011    31.8088      10051 0.0000e+00
     16.000    13.8986   3.840943    31.8090      10262 0.0000e+00
     15.000    13.8974   3.840782    31.8089      10461 0.0000e+00
     14.000    13.8945   3.840459    31.8087      10637 0.0000e+00
     13.000    13.8943   3.840392    31.8086      10757 0.0000e+00
     12.000    13.8958   3.840510    31.8089      10871 0.0000e+00
     11.000    13.8957   3.840473    31.8090      10991 0.0000e+00
     10.000    13.8935   3.840221    31.8089      11129 0.0000e+00
      9.000    13.8904   3.839880    31.8087      11260 0.0000e+00
      8.000    13.8907   3.839853    31.8086      11408 0.0000e+00
      7.000    13.8889   3.839657    31.8087      11542 0.0000e+00
      6.000    13.8879   3.839508    31.8086      11693 0.0000e+00
      5.000    13.8851   3.839247    31.8088      12367 0.0000e+00
