PC2305/ctd040.cnv
* Sea-Bird SBE 9 Data File:
* FileName = C:\cruise\data\ctd040.hex
* Software Version Seasave V 7.26.7.121
* Temperature SN = 6664
* Conductivity SN = 6035
* Number of Bytes Per Scan = 37
* Number of Voltage Words = 4
* Number of Scans Averaged by the Deck Unit = 1
* NMEA Latitude = 40 55.89 N
* NMEA Longitude = 070 52.68 W
* NMEA UTC (Time) = Nov 13 2023 20:44:20
* NMEA baud rate = 4800
** Ship: Pisces PC2305
** Program:  Fall ECOMON
** Chief Scientist: Harvey Walsh
# nquan = 6
# nvalues = 87                          
# units = specified
# name 0 = depSM: Depth [salt water, m]
# name 1 = t090C: Temperature [ITS-90, deg C]
# name 2 = c0S/m: Conductivity [S/m]
# name 3 = sal00: Salinity, Practical [PSU]
# name 4 = scan: Scan Count
# name 5 = flag: flag
# span 0 =      5.000,     48.000       
# span 1 =    14.2732,    14.4570       
# span 2 =   3.878043,   3.929076       
# span 3 =    31.8326,    32.1419       
# span 4 =        239,      11277       
# span 5 = 0.0000e+00, 0.0000e+00       
# interval = meters: 1                  
# start_time = Nov 13 2023 20:44:20 [NMEA time, header]
# bad_flag = -9.990e-29
*END*
      5.000    14.3486   3.884980    31.8458        239 0.0000e+00
      6.000    14.3463   3.884828    31.8460        457 0.0000e+00
      7.000    14.3473   3.885000    31.8463        534 0.0000e+00
      8.000    14.3440   3.884737    31.8462        591 0.0000e+00
      9.000    14.3575   3.885853    31.8449        659 0.0000e+00
     10.000    14.3613   3.886227    31.8448        720 0.0000e+00
     11.000    14.3606   3.886254    31.8453        795 0.0000e+00
     12.000    14.3582   3.886100    31.8454        855 0.0000e+00
     13.000    14.3540   3.885723    31.8451        918 0.0000e+00
     14.000    14.3595   3.886291    31.8454        984 0.0000e+00
     15.000    14.3569   3.886055    31.8449       1056 0.0000e+00
     16.000    14.3556   3.885975    31.8449       1123 0.0000e+00
     17.000    14.3482   3.885283    31.8443       1186 0.0000e+00
     18.000    14.3384   3.884418    31.8440       1255 0.0000e+00
     19.000    14.3388   3.884492    31.8440       1321 0.0000e+00
     20.000    14.3396   3.884629    31.8443       1392 0.0000e+00
     21.000    14.3367   3.884455    31.8446       1456 0.0000e+00
     22.000    14.3344   3.884307    31.8448       1522 0.0000e+00
     23.000    14.3321   3.884182    31.8452       1588 0.0000e+00
     24.000    14.3314   3.884161    31.8452       1658 0.0000e+00
     25.000    14.3306   3.884141    31.8453       1724 0.0000e+00
     26.000    14.3293   3.884077    31.8454       1792 0.0000e+00
     27.000    14.3284   3.884044    31.8455       1854 0.0000e+00
     28.000    14.3272   3.883977    31.8454       1926 0.0000e+00
     29.000    14.3262   3.883933    31.8455       1996 0.0000e+00
     30.000    14.3253   3.883893    31.8454       2054 0.0000e+00
     31.000    14.3246   3.883862    31.8454       2126 0.0000e+00
     32.000    14.3169   3.882992    31.8434       2194 0.0000e+00
     33.000    14.3041   3.881507    31.8400       2259 0.0000e+00
     34.000    14.2869   3.879582    31.8362       2327 0.0000e+00
     35.000    14.2811   3.878932    31.8346       2392 0.0000e+00
     36.000    14.2732   3.878043    31.8326       2458 0.0000e+00
     37.000    14.2765   3.878488    31.8336       2534 0.0000e+00
     38.000    14.2815   3.879180    31.8354       2591 0.0000e+00
     39.000    14.2939   3.880742    31.8391       2662 0.0000e+00
     40.000    14.2931   3.880699    31.8389       2741 0.0000e+00
     41.000    14.2997   3.881520    31.8406       2813 0.0000e+00
     42.000    14.2943   3.880951    31.8395       2885 0.0000e+00
     43.000    14.2846   3.879971    31.8382       2968 0.0000e+00
     44.000    14.2766   3.879207    31.8374       3041 0.0000e+00
     45.000    14.2795   3.879866    31.8406       3118 0.0000e+00
     46.000    14.2839   3.881376    31.8504       3195 0.0000e+00
     47.000    14.3767   3.901940    31.9613       3270 0.0000e+00
     48.000    14.4570   3.929076    32.1419       4090 0.0000e+00
     47.000    14.3320   3.889257    31.8824       5138 0.0000e+00
     46.000    14.2983   3.882732    31.8509       5290 0.0000e+00
     45.000    14.2899   3.881021    31.8426       5438 0.0000e+00
     44.000    14.2955   3.881479    31.8426       5571 0.0000e+00
     43.000    14.2893   3.880506    31.8391       5711 0.0000e+00
     42.000    14.3024   3.881913    31.8417       5839 0.0000e+00
     41.000    14.3013   3.881749    31.8414       5969 0.0000e+00
     40.000    14.2954   3.880951    31.8394       6100 0.0000e+00
     39.000    14.2994   3.881324    31.8398       6233 0.0000e+00
     38.000    14.3094   3.882432    31.8421       6360 0.0000e+00
     37.000    14.3102   3.882475    31.8422       6487 0.0000e+00
     36.000    14.3125   3.882729    31.8431       6623 0.0000e+00
     35.000    14.3162   3.883111    31.8439       6750 0.0000e+00
     34.000    14.3201   3.883533    31.8449       6877 0.0000e+00
     33.000    14.3250   3.884080    31.8462       7007 0.0000e+00
     32.000    14.3260   3.884146    31.8465       7135 0.0000e+00
     31.000    14.3242   3.883892    31.8460       7266 0.0000e+00
     30.000    14.3234   3.883739    31.8456       7394 0.0000e+00
     29.000    14.3268   3.884066    31.8462       7520 0.0000e+00
     28.000    14.3274   3.884085    31.8462       7656 0.0000e+00
     27.000    14.3285   3.884118    31.8460       7781 0.0000e+00
     26.000    14.3294   3.884145    31.8459       7912 0.0000e+00
     25.000    14.3303   3.884175    31.8458       8042 0.0000e+00
     24.000    14.3309   3.884191    31.8459       8172 0.0000e+00
     23.000    14.3317   3.884200    31.8456       8295 0.0000e+00
     22.000    14.3331   3.884231    31.8452       8436 0.0000e+00
     21.000    14.3341   3.884261    31.8451       8553 0.0000e+00
     20.000    14.3353   3.884347    31.8452       8699 0.0000e+00
     19.000    14.3352   3.884186    31.8442       8812 0.0000e+00
     18.000    14.3324   3.883724    31.8427       8956 0.0000e+00
     17.000    14.3346   3.883803    31.8420       9073 0.0000e+00
     16.000    14.3397   3.884150    31.8413       9223 0.0000e+00
     15.000    14.3500   3.885127    31.8421       9369 0.0000e+00
     14.000    14.3498   3.885074    31.8422       9541 0.0000e+00
     13.000    14.3456   3.884607    31.8418       9720 0.0000e+00
     12.000    14.3419   3.884219    31.8417       9898 0.0000e+00
     11.000    14.3401   3.884027    31.8418      10082 0.0000e+00
     10.000    14.3433   3.884291    31.8419      10258 0.0000e+00
      9.000    14.3513   3.884990    31.8421      10444 0.0000e+00
      8.000    14.3367   3.883700    31.8427      10619 0.0000e+00
      7.000    14.3458   3.884410    31.8421      10794 0.0000e+00
      6.000    14.3403   3.883901    31.8424      10986 0.0000e+00
      5.000    14.3332   3.883257    31.8428      11277 0.0000e+00
