PC2305/ctd035.cnv
* Sea-Bird SBE 9 Data File:
* FileName = C:\cruise\data\ctd035.hex
* Software Version Seasave V 7.26.7.121
* Temperature SN = 6664
* Conductivity SN = 6035
* Number of Bytes Per Scan = 37
* Number of Voltage Words = 4
* Number of Scans Averaged by the Deck Unit = 1
* NMEA Latitude = 40 52.49 N
* NMEA Longitude = 069 44.62 W
* NMEA UTC (Time) = Nov 13 2023 10:36:45
* NMEA baud rate = 4800
** Ship: Pisces PC2305
** Program:  Fall ECOMON
** Chief Scientist: Harvey Walsh
# nquan = 6
# nvalues = 60                          
# units = specified
# name 0 = depSM: Depth [salt water, m]
# name 1 = t090C: Temperature [ITS-90, deg C]
# name 2 = c0S/m: Conductivity [S/m]
# name 3 = sal00: Salinity, Practical [PSU]
# name 4 = scan: Scan Count
# name 5 = flag: flag
# span 0 =      1.000,     32.000       
# span 1 =    12.3078,    12.3288       
# span 2 =   3.675426,   3.678540       
# span 3 =    31.5886,    31.5903       
# span 4 =        194,      18885       
# span 5 = 0.0000e+00, 0.0000e+00       
# interval = meters: 1                  
# start_time = Nov 13 2023 10:36:45 [NMEA time, header]
# bad_flag = -9.990e-29
*END*
      4.000    12.3178   3.676313    31.5890        194 0.0000e+00
      5.000    12.3220   3.676728    31.5890        400 0.0000e+00
      6.000    12.3202   3.676628    31.5892        449 0.0000e+00
      7.000    12.3255   3.677121    31.5891        496 0.0000e+00
      8.000    12.3254   3.677156    31.5890        536 0.0000e+00
      9.000    12.3236   3.677080    31.5894        567 0.0000e+00
     10.000    12.3235   3.677118    31.5895        608 0.0000e+00
     11.000    12.3228   3.677167    31.5901        655 0.0000e+00
     12.000    12.3233   3.677230    31.5899        691 0.0000e+00
     13.000    12.3246   3.677345    31.5895        724 0.0000e+00
     14.000    12.3245   3.677383    31.5896        769 0.0000e+00
     15.000    12.3249   3.677471    31.5897        815 0.0000e+00
     16.000    12.3245   3.677496    31.5898        846 0.0000e+00
     17.000    12.3243   3.677515    31.5898        886 0.0000e+00
     18.000    12.3250   3.677647    31.5901        938 0.0000e+00
     19.000    12.3262   3.677776    31.5899        969 0.0000e+00
     20.000    12.3262   3.677819    31.5899       1003 0.0000e+00
     21.000    12.3266   3.677909    31.5899       1053 0.0000e+00
     22.000    12.3270   3.677963    31.5898       1093 0.0000e+00
     23.000    12.3271   3.677993    31.5896       1123 0.0000e+00
     24.000    12.3272   3.678041    31.5896       1164 0.0000e+00
     25.000    12.3278   3.678123    31.5894       1214 0.0000e+00
     26.000    12.3275   3.678171    31.5897       1250 0.0000e+00
     27.000    12.3281   3.678238    31.5894       1288 0.0000e+00
     28.000    12.3285   3.678304    31.5894       1330 0.0000e+00
     29.000    12.3288   3.678380    31.5895       1370 0.0000e+00
     30.000    12.3287   3.678433    31.5896       1406 0.0000e+00
     31.000    12.3285   3.678479    31.5898       1446 0.0000e+00
     32.000    12.3287   3.678540    31.5899       1860 0.0000e+00
     31.000    12.3249   3.678181    31.5900       6819 0.0000e+00
     30.000    12.3214   3.677808    31.5898       6474 0.0000e+00
     29.000    12.3233   3.677951    31.5899       7042 0.0000e+00
     28.000    12.3227   3.677834    31.5897       7467 0.0000e+00
     27.000    12.3217   3.677706    31.5897       7897 0.0000e+00
     26.000    12.3236   3.677817    31.5896       8340 0.0000e+00
     25.000    12.3247   3.677877    31.5897       8735 0.0000e+00
     24.000    12.3239   3.677768    31.5898       9112 0.0000e+00
     23.000    12.3212   3.677497    31.5898       9483 0.0000e+00
     22.000    12.3195   3.677309    31.5899       9855 0.0000e+00
     21.000    12.3218   3.677494    31.5901      10234 0.0000e+00
     20.000    12.3234   3.677612    31.5902      10604 0.0000e+00
     19.000    12.3230   3.677550    31.5903      10966 0.0000e+00
     18.000    12.3241   3.677568    31.5900      11341 0.0000e+00
     17.000    12.3254   3.677565    31.5893      11713 0.0000e+00
     16.000    12.3262   3.677585    31.5892      12085 0.0000e+00
     15.000    12.3270   3.677606    31.5891      12455 0.0000e+00
     14.000    12.3259   3.677481    31.5893      12816 0.0000e+00
     13.000    12.3246   3.677324    31.5893      13200 0.0000e+00
     12.000    12.3240   3.677234    31.5894      13569 0.0000e+00
     11.000    12.3204   3.676848    31.5891      13929 0.0000e+00
     10.000    12.3184   3.676643    31.5892      14306 0.0000e+00
      9.000    12.3118   3.676037    31.5894      14707 0.0000e+00
      8.000    12.3078   3.675634    31.5893      15230 0.0000e+00
      7.000    12.3098   3.675739    31.5890      15854 0.0000e+00
      6.000    12.3164   3.676234    31.5886      16501 0.0000e+00
      5.000    12.3134   3.675950    31.5888      17111 0.0000e+00
      4.000    12.3128   3.675860    31.5889      18404 0.0000e+00
      3.000    12.3100   3.675608    31.5892      18764 0.0000e+00
      2.000    12.3099   3.675555    31.5892      18794 0.0000e+00
      1.000    12.3091   3.675426    31.5890      18885 0.0000e+00
