PC2305/ctd032.cnv
* Sea-Bird SBE 9 Data File:
* FileName = C:\cruise\data\ctd032.hex
* Software Version Seasave V 7.26.7.121
* Temperature SN = 6664
* Conductivity SN = 6035
* Number of Bytes Per Scan = 37
* Number of Voltage Words = 4
* Number of Scans Averaged by the Deck Unit = 1
* NMEA Latitude = 43 01.53 N
* NMEA Longitude = 066 19.68 W
* NMEA UTC (Time) = Nov 11 2023 18:25:49
* NMEA baud rate = 4800
** Ship: Pisces PC2305
** Program:  Fall ECOMON
** Chief Scientist: Harvey Walsh
# nquan = 6
# nvalues = 251                         
# units = specified
# name 0 = depSM: Depth [salt water, m]
# name 1 = t090C: Temperature [ITS-90, deg C]
# name 2 = c0S/m: Conductivity [S/m]
# name 3 = sal00: Salinity, Practical [PSU]
# name 4 = scan: Scan Count
# name 5 = flag: flag
# span 0 =      1.000,    128.000       
# span 1 =     5.9830,    11.6921       
# span 2 =   3.195114,   3.465075       
# span 3 =    30.0674,    32.2583       
# span 4 =        -64,      24320       
# span 5 = 0.0000e+00, 0.0000e+00       
# interval = meters: 1                  
# start_time = Nov 11 2023 18:25:49 [NMEA time, header]
# bad_flag = -9.990e-29
*END*
      5.000    11.6526   3.463431    30.0956        -64 0.0000e+00
      6.000    11.6529   3.463479    30.0956        125 0.0000e+00
      7.000    11.6532   3.463328    30.0934        874 0.0000e+00
      8.000    11.6540   3.463463    30.0937        778 0.0000e+00
      9.000    11.6541   3.463485    30.0934        851 0.0000e+00
     10.000    11.6573   3.463602    30.0916        916 0.0000e+00
     11.000    11.6604   3.463895    30.0915        946 0.0000e+00
     12.000    11.6609   3.464007    30.0917       1011 0.0000e+00
     13.000    11.6579   3.463832    30.0921       1099 0.0000e+00
     14.000    11.6592   3.464005    30.0923       1124 0.0000e+00
     15.000    11.6591   3.464061    30.0926       1149 0.0000e+00
     16.000    11.6590   3.464114    30.0928       1238 0.0000e+00
     17.000    11.6595   3.464262    30.0934       1284 0.0000e+00
     18.000    11.6607   3.464394    30.0933       1299 0.0000e+00
     19.000    11.6587   3.464351    30.0941       1314 0.0000e+00
     20.000    11.6594   3.464307    30.0928       1389 0.0000e+00
     21.000    11.6600   3.464302    30.0918       1442 0.0000e+00
     22.000    11.6598   3.464344    30.0920       1460 0.0000e+00
     23.000    11.6595   3.464499    30.0933       1482 0.0000e+00
     24.000    11.6593   3.464563    30.0937       1533 0.0000e+00
     25.000    11.6570   3.464529    30.0949       1602 0.0000e+00
     26.000    11.6546   3.464498    30.0961       1625 0.0000e+00
     27.000    11.6508   3.464572    30.0995       1646 0.0000e+00
     28.000    11.6526   3.464629    30.0982       1680 0.0000e+00
     29.000    11.6553   3.464824    30.0975       1754 0.0000e+00
     30.000    11.6519   3.465075    30.1023       1781 0.0000e+00
     31.000    11.6451   3.464895    30.1056       1812 0.0000e+00
     32.000    11.6015   3.463488    30.1271       1850 0.0000e+00
     33.000    11.5274   3.460841    30.1614       1890 0.0000e+00
     34.000    11.4403   3.457645    30.2010       1934 0.0000e+00
     35.000    11.3209   3.453382    30.2569       1969 0.0000e+00
     36.000    11.2173   3.449508    30.3038       2001 0.0000e+00
     37.000    11.1674   3.447448    30.3243       2047 0.0000e+00
     38.000    11.1208   3.445645    30.3447       2095 0.0000e+00
     39.000    11.0863   3.444370    30.3602       2118 0.0000e+00
     40.000    10.9550   3.439102    30.4169       2142 0.0000e+00
     41.000    10.5490   3.421118    30.5771       2230 0.0000e+00
     42.000    10.2784   3.408142    30.6755       2252 0.0000e+00
     43.000    10.2115   3.404796    30.6981       2271 0.0000e+00
     44.000    10.0460   3.396823    30.7584       2317 0.0000e+00
     45.000    10.1056   3.398738    30.7265       2391 0.0000e+00
     46.000     9.5522   3.373229    30.9413       2411 0.0000e+00
     47.000     9.5005   3.369997    30.9526       2430 0.0000e+00
     48.000     9.3985   3.364530    30.9846       2486 0.0000e+00
     49.000     9.2845   3.358645    31.0227       2538 0.0000e+00
     50.000     9.1565   3.352024    31.0657       2563 0.0000e+00
     51.000     9.0210   3.344297    31.1038       2600 0.0000e+00
     52.000     9.0051   3.343151    31.1055       2635 0.0000e+00
     53.000     8.9545   3.339446    31.1110       2678 0.0000e+00
     54.000     8.9155   3.336533    31.1146       2746 0.0000e+00
     55.000     8.8737   3.333899    31.1236       2765 0.0000e+00
     56.000     8.8218   3.330444    31.1329       2790 0.0000e+00
     57.000     8.7458   3.325200    31.1447       2849 0.0000e+00
     58.000     8.7085   3.322346    31.1475       2900 0.0000e+00
     59.000     8.6687   3.319576    31.1532       2936 0.0000e+00
     60.000     8.6030   3.315386    31.1671       2986 0.0000e+00
     61.000     8.5290   3.310915    31.1852       3048 0.0000e+00
     62.000     8.5197   3.310238    31.1859       3089 0.0000e+00
     63.000     8.4951   3.308834    31.1926       3128 0.0000e+00
     64.000     8.4185   3.304552    31.2151       3184 0.0000e+00
     65.000     8.2521   3.295515    31.2675       3248 0.0000e+00
     66.000     8.2149   3.293996    31.2841       3276 0.0000e+00
     67.000     8.2029   3.293308    31.2872       3328 0.0000e+00
     68.000     8.1040   3.287791    31.3167       3402 0.0000e+00
     69.000     7.9328   3.278642    31.3727       3423 0.0000e+00
     70.000     7.5402   3.257761    31.5037       3453 0.0000e+00
     71.000     7.2741   3.242931    31.5857       3550 0.0000e+00
     72.000     7.1553   3.237000    31.6298       3568 0.0000e+00
     73.000     7.1078   3.234547    31.6463       3592 0.0000e+00
     74.000     6.9998   3.229033    31.6852       3664 0.0000e+00
     75.000     6.9794   3.227967    31.6918       3713 0.0000e+00
     76.000     6.9618   3.227104    31.6982       3749 0.0000e+00
     77.000     6.9429   3.226773    31.7115       3782 0.0000e+00
     78.000     6.8999   3.225290    31.7346       3811 0.0000e+00
     79.000     6.7982   3.219780    31.7679       3897 0.0000e+00
     80.000     6.7559   3.217862    31.7856       3929 0.0000e+00
     81.000     6.6511   3.212464    31.8232       3947 0.0000e+00
     82.000     6.5673   3.208387    31.8560       3994 0.0000e+00
     83.000     6.5286   3.206621    31.8720       4058 0.0000e+00
     84.000     6.5073   3.205569    31.8798       4073 0.0000e+00
     85.000     6.4149   3.202093    31.9274       4089 0.0000e+00
     86.000     6.3445   3.200063    31.9705       4138 0.0000e+00
     87.000     6.2788   3.198059    32.0094       4208 0.0000e+00
     88.000     6.1701   3.195462    32.0826       4226 0.0000e+00
     89.000     6.1364   3.195197    32.1110       4242 0.0000e+00
     90.000     6.1331   3.195268    32.1144       4259 0.0000e+00
     91.000     6.1195   3.195114    32.1251       4328 0.0000e+00
     92.000     6.1135   3.195120    32.1303       4368 0.0000e+00
     93.000     6.0970   3.195399    32.1485       4384 0.0000e+00
     94.000     6.0820   3.195834    32.1672       4399 0.0000e+00
     95.000     6.0813   3.195876    32.1677       4439 0.0000e+00
     96.000     6.0817   3.195887    32.1671       4506 0.0000e+00
     97.000     6.0812   3.195856    32.1667       4526 0.0000e+00
     98.000     6.0718   3.195922    32.1758       4545 0.0000e+00
     99.000     6.0671   3.195953    32.1802       4565 0.0000e+00
    100.000     6.0377   3.195953    32.2076       4605 0.0000e+00
    101.000     6.0238   3.195904    32.2197       4671 0.0000e+00
    102.000     6.0204   3.195854    32.2220       4687 0.0000e+00
    103.000     6.0135   3.195718    32.2265       4702 0.0000e+00
    104.000     6.0052   3.195522    32.2317       4718 0.0000e+00
    105.000     6.0034   3.195475    32.2324       4766 0.0000e+00
    106.000     5.9998   3.195403    32.2346       4824 0.0000e+00
    107.000     5.9954   3.195394    32.2382       4845 0.0000e+00
    108.000     5.9976   3.195479    32.2365       4865 0.0000e+00
    109.000     5.9980   3.195513    32.2360       4895 0.0000e+00
    110.000     5.9935   3.195610    32.2409       4946 0.0000e+00
    111.000     5.9874   3.195581    32.2459       4984 0.0000e+00
    112.000     5.9845   3.195505    32.2473       5013 0.0000e+00
    113.000     5.9830   3.195451    32.2477       5043 0.0000e+00
    114.000     5.9832   3.195683    32.2496       5072 0.0000e+00
    115.000     5.9884   3.195836    32.2459       5146 0.0000e+00
    116.000     5.9888   3.195895    32.2457       5212 0.0000e+00
    117.000     5.9861   3.195894    32.2477       5275 0.0000e+00
    118.000     5.9879   3.195945    32.2461       5358 0.0000e+00
    119.000     5.9877   3.195957    32.2459       5437 0.0000e+00
    120.000     5.9874   3.195969    32.2459       5542 0.0000e+00
    121.000     5.9876   3.196045    32.2461       5587 0.0000e+00
    122.000     5.9864   3.196230    32.2488       5689 0.0000e+00
    123.000     5.9844   3.196276    32.2507       5787 0.0000e+00
    124.000     5.9843   3.196299    32.2506       5883 0.0000e+00
    125.000     5.9846   3.196763    32.2550       5987 0.0000e+00
    126.000     5.9848   3.197003    32.2570       6083 0.0000e+00
    127.000     5.9864   3.197233    32.2576       6314 0.0000e+00
    128.000     5.9903   3.197677    32.2583       6643 0.0000e+00
    127.000     5.9881   3.197301    32.2567       6525 0.0000e+00
    126.000     5.9899   3.197490    32.2575       6707 0.0000e+00
    125.000     5.9947   3.197589    32.2546       7993 0.0000e+00
    124.000     5.9936   3.197474    32.2549       7855 0.0000e+00
    123.000     5.9923   3.197398    32.2557       7908 0.0000e+00
    122.000     5.9908   3.197238    32.2559       7984 0.0000e+00
    121.000     5.9940   3.197243    32.2533       8015 0.0000e+00
    120.000     5.9937   3.197198    32.2536       8073 0.0000e+00
    119.000     5.9928   3.197134    32.2542       8132 0.0000e+00
    118.000     5.9927   3.197095    32.2544       8159 0.0000e+00
    117.000     5.9904   3.196653    32.2521       8220 0.0000e+00
    116.000     5.9891   3.196439    32.2515       8289 0.0000e+00
    115.000     5.9890   3.196406    32.2517       8324 0.0000e+00
    114.000     5.9903   3.196491    32.2519       8387 0.0000e+00
    113.000     5.9909   3.196528    32.2522       8428 0.0000e+00
    112.000     5.9911   3.196323    32.2502       8489 0.0000e+00
    111.000     5.9904   3.196299    32.2511       8541 0.0000e+00
    110.000     5.9918   3.196295    32.2502       8594 0.0000e+00
    109.000     5.9927   3.196309    32.2499       8671 0.0000e+00
    108.000     5.9926   3.196326    32.2507       8698 0.0000e+00
    107.000     5.9941   3.196363    32.2502       8744 0.0000e+00
    106.000     5.9948   3.196323    32.2496       8795 0.0000e+00
    105.000     5.9941   3.196312    32.2506       8872 0.0000e+00
    104.000     5.9948   3.196313    32.2504       8903 0.0000e+00
    103.000     5.9895   3.195367    32.2454       8959 0.0000e+00
    102.000     5.9914   3.195237    32.2427       9026 0.0000e+00
    101.000     5.9972   3.195194    32.2372       9066 0.0000e+00
    100.000     5.9940   3.195733    32.2467       9122 0.0000e+00
     99.000     6.0001   3.195354    32.2371       9182 0.0000e+00
     98.000     6.0095   3.195417    32.2294       9229 0.0000e+00
     97.000     6.0721   3.198697    32.2070       9311 0.0000e+00
     96.000     6.0889   3.199433    32.1997       9343 0.0000e+00
     95.000     6.0926   3.199639    32.1990       9398 0.0000e+00
     94.000     6.1057   3.200061    32.1918       9465 0.0000e+00
     93.000     6.1083   3.200113    32.1904       9512 0.0000e+00
     92.000     6.1047   3.199925    32.1922       9550 0.0000e+00
     91.000     6.1103   3.200300    32.1916       9632 0.0000e+00
     90.000     6.1092   3.199993    32.1897       9669 0.0000e+00
     89.000     6.1084   3.199731    32.1880       9703 0.0000e+00
     88.000     6.1072   3.199534    32.1874       9773 0.0000e+00
     87.000     6.1060   3.199199    32.1853       9814 0.0000e+00
     86.000     6.1062   3.198935    32.1826       9850 0.0000e+00
     85.000     6.1075   3.198795    32.1803       9907 0.0000e+00
     84.000     6.1067   3.198941    32.1832       9946 0.0000e+00
     83.000     6.1091   3.198563    32.1772       9987 0.0000e+00
     82.000     6.1151   3.196718    32.1515      10040 0.0000e+00
     81.000     6.1156   3.196551    32.1496      10088 0.0000e+00
     80.000     6.1138   3.197292    32.1600      10113 0.0000e+00
     79.000     6.1140   3.196941    32.1564      10154 0.0000e+00
     78.000     6.2154   3.195899    32.0495      10214 0.0000e+00
     77.000     6.2389   3.196131    32.0304      10242 0.0000e+00
     76.000     6.3148   3.198036    31.9807      10266 0.0000e+00
     75.000     6.3708   3.198818    31.9373      10298 0.0000e+00
     74.000     6.3791   3.198817    31.9300      10362 0.0000e+00
     73.000     6.4067   3.199659    31.9140      10387 0.0000e+00
     72.000     6.4327   3.200266    31.8968      10411 0.0000e+00
     71.000     6.5093   3.204060    31.8676      10445 0.0000e+00
     70.000     6.6249   3.210292    31.8290      10498 0.0000e+00
     69.000     6.8061   3.219819    31.7657      10528 0.0000e+00
     68.000     6.8820   3.223169    31.7326      10558 0.0000e+00
     67.000     6.9271   3.224981    31.7113      10610 0.0000e+00
     66.000     6.9703   3.227072    31.6946      10652 0.0000e+00
     65.000     7.0182   3.228898    31.6710      10730 0.0000e+00
     64.000     7.0540   3.230976    31.6611      10890 0.0000e+00
     63.000     7.0397   3.231149    31.6766      11904 0.0000e+00
     62.000     7.0646   3.232862    31.6727      13176 0.0000e+00
     61.000     7.2234   3.239204    31.5964      13505 0.0000e+00
     60.000     7.4200   3.249969    31.5338      13601 0.0000e+00
     59.000     7.9195   3.276802    31.3694      13694 0.0000e+00
     58.000     8.2408   3.295011    31.2754      13767 0.0000e+00
     57.000     8.5454   3.311553    31.1791      13880 0.0000e+00
     56.000     8.5710   3.313485    31.1772      14095 0.0000e+00
     55.000     8.5908   3.314933    31.1752      14259 0.0000e+00
     54.000     8.6144   3.316332    31.1695      14370 0.0000e+00
     53.000     8.6589   3.318782    31.1562      14531 0.0000e+00
     52.000     8.6825   3.319887    31.1474      14584 0.0000e+00
     51.000     8.7434   3.323310    31.1299      14673 0.0000e+00
     50.000     8.7636   3.324589    31.1259      14802 0.0000e+00
     49.000     8.8202   3.328416    31.1163      14910 0.0000e+00
     48.000     8.8708   3.332006    31.1096      15019 0.0000e+00
     47.000     8.9333   3.336584    31.1027      15137 0.0000e+00
     46.000     8.9555   3.338130    31.0996      15279 0.0000e+00
     45.000     8.9897   3.340381    31.0934      15442 0.0000e+00
     44.000     9.0426   3.343580    31.0807      15517 0.0000e+00
     43.000     9.0660   3.345003    31.0753      15654 0.0000e+00
     42.000     9.0961   3.346864    31.0687      15796 0.0000e+00
     41.000     9.1212   3.348302    31.0620      15950 0.0000e+00
     40.000     9.3236   3.358348    30.9899      16073 0.0000e+00
     39.000    10.0004   3.391577    30.7467      16179 0.0000e+00
     38.000    10.2621   3.404712    30.6566      16297 0.0000e+00
     37.000    10.3507   3.409177    30.6268      16406 0.0000e+00
     36.000    10.3815   3.410773    30.6171      16502 0.0000e+00
     35.000    10.4730   3.414905    30.5818      16592 0.0000e+00
     34.000    10.7271   3.426205    30.4818      16699 0.0000e+00
     33.000    11.2253   3.447640    30.2799      16820 0.0000e+00
     32.000    11.3436   3.452556    30.2315      16913 0.0000e+00
     31.000    11.4305   3.456191    30.1961      17008 0.0000e+00
     30.000    11.4712   3.457984    30.1806      17196 0.0000e+00
     29.000    11.5445   3.460758    30.1483      17405 0.0000e+00
     28.000    11.5850   3.462421    30.1317      17603 0.0000e+00
     27.000    11.6232   3.463756    30.1140      17754 0.0000e+00
     26.000    11.4685   3.457732    30.1821      18649 0.0000e+00
     25.000    11.3875   3.454394    30.2162      19179 0.0000e+00
     24.000    11.4611   3.457097    30.1827      19258 0.0000e+00
     23.000    11.5092   3.458921    30.1616      19404 0.0000e+00
     22.000    11.5483   3.460391    30.1443      19520 0.0000e+00
     21.000    11.5850   3.461727    30.1278      19669 0.0000e+00
     20.000    11.6080   3.462490    30.1169      19751 0.0000e+00
     19.000    11.6385   3.463432    30.1016      19843 0.0000e+00
     18.000    11.6524   3.463769    30.0940      19972 0.0000e+00
     17.000    11.6790   3.464212    30.0771      20106 0.0000e+00
     16.000    11.6827   3.464237    30.0747      20221 0.0000e+00
     15.000    11.6862   3.464287    30.0728      20327 0.0000e+00
     14.000    11.6890   3.464068    30.0689      20411 0.0000e+00
