PC2305/ctd012.cnv
* Sea-Bird SBE 9 Data File:
* FileName = C:\cruise\data\ctd012.hex
* Software Version Seasave V 7.26.7.121
* Temperature SN = 6664
* Conductivity SN = 6035
* Number of Bytes Per Scan = 37
* Number of Voltage Words = 4
* Number of Scans Averaged by the Deck Unit = 1
* NMEA Latitude = 37 59.20 N
* NMEA Longitude = 074 57.94 W
* NMEA UTC (Time) = Nov 01 2023 19:49:37
* NMEA baud rate = 4800
** Ship: Pisces PC2305
** Program:  Fall ECOMON
** Chief Scientist: Harvey Walsh
# nquan = 6
# nvalues = 37                          
# units = specified
# name 0 = depSM: Depth [salt water, m]
# name 1 = t090C: Temperature [ITS-90, deg C]
# name 2 = c0S/m: Conductivity [S/m]
# name 3 = sal00: Salinity, Practical [PSU]
# name 4 = scan: Scan Count
# name 5 = flag: flag
# span 0 =      4.000,     22.000       
# span 1 =    17.3135,    17.3366       
# span 2 =   4.161596,   4.165521       
# span 3 =    31.9014,    31.9111       
# span 4 =       -130,       9254       
# span 5 = 0.0000e+00, 0.0000e+00       
# interval = meters: 1                  
# start_time = Nov 01 2023 19:49:37 [NMEA time, header]
# bad_flag = -9.990e-29
*END*
      4.000    17.3331   4.164304    31.9094       -130 0.0000e+00
      5.000    17.3312   4.164193    31.9096        204 0.0000e+00
      6.000    17.3309   4.164228    31.9098        424 0.0000e+00
      7.000    17.3331   4.164473    31.9098        518 0.0000e+00
      8.000    17.3326   4.164481    31.9099        617 0.0000e+00
      9.000    17.3331   4.164583    31.9100        716 0.0000e+00
     10.000    17.3333   4.164661    31.9102        824 0.0000e+00
     11.000    17.3343   4.164806    31.9103        927 0.0000e+00
     12.000    17.3341   4.164890    31.9108       1083 0.0000e+00
     13.000    17.3339   4.164928    31.9109       1141 0.0000e+00
     14.000    17.3339   4.164956    31.9108       1286 0.0000e+00
     15.000    17.3342   4.165019    31.9108       1401 0.0000e+00
     16.000    17.3349   4.165153    31.9110       1431 0.0000e+00
     17.000    17.3357   4.165252    31.9109       1698 0.0000e+00
     18.000    17.3360   4.165342    31.9111       1696 0.0000e+00
     19.000    17.3364   4.165429    31.9111       1718 0.0000e+00
     20.000    17.3365   4.165461    31.9110       1902 0.0000e+00
     21.000    17.3366   4.165521    31.9111       2141 0.0000e+00
     22.000    17.3361   4.165495    31.9108       2636 0.0000e+00
     21.000    17.3349   4.165264    31.9102       2933 0.0000e+00
     20.000    17.3339   4.165116    31.9101       2952 0.0000e+00
     19.000    17.3351   4.165155    31.9098       3954 0.0000e+00
     18.000    17.3356   4.165059    31.9090       4915 0.0000e+00
     17.000    17.3358   4.165052    31.9091       5129 0.0000e+00
     16.000    17.3307   4.164212    31.9063       5211 0.0000e+00
     15.000    17.3323   4.164387    31.9068       5304 0.0000e+00
     14.000    17.3329   4.164413    31.9070       5399 0.0000e+00
     13.000    17.3328   4.164359    31.9069       5428 0.0000e+00
     12.000    17.3174   4.162575    31.9042       7189 0.0000e+00
     11.000    17.3181   4.162278    31.9014       8484 0.0000e+00
     10.000    17.3192   4.162371    31.9017       8429 0.0000e+00
      9.000    17.3183   4.162245    31.9017       8544 0.0000e+00
      8.000    17.3145   4.161889    31.9020       8623 0.0000e+00
      7.000    17.3158   4.161945    31.9019       8704 0.0000e+00
      6.000    17.3135   4.161740    31.9022       8788 0.0000e+00
      5.000    17.3161   4.161878    31.9018       8908 0.0000e+00
      4.000    17.3135   4.161596    31.9018       9254 0.0000e+00
