PC2305/ctd023.cnv
* Sea-Bird SBE 9 Data File:
* FileName = C:\cruise\data\ctd023.hex
* Software Version Seasave V 7.26.7.121
* Temperature SN = 6664
* Conductivity SN = 6035
* Number of Bytes Per Scan = 37
* Number of Voltage Words = 4
* Number of Scans Averaged by the Deck Unit = 1
* NMEA Latitude = 42 00.50 N
* NMEA Longitude = 067 41.41 W
* NMEA UTC (Time) = Nov 08 2023 05:02:09
* NMEA baud rate = 4800
** Ship: Pisces PC2305
** Program:  Fall ECOMON
** Chief Scientist: Harvey Walsh
# nquan = 6
# nvalues = 113                         
# units = specified
# name 0 = depSM: Depth [salt water, m]
# name 1 = t090C: Temperature [ITS-90, deg C]
# name 2 = c0S/m: Conductivity [S/m]
# name 3 = sal00: Salinity, Practical [PSU]
# name 4 = scan: Scan Count
# name 5 = flag: flag
# span 0 =      4.000,     60.000       
# span 1 =     9.5845,    12.5996       
# span 2 =   3.524305,   3.736236       
# span 3 =    31.9151,    32.4478       
# span 4 =       -332,      15025       
# span 5 = 0.0000e+00, 0.0000e+00       
# interval = meters: 1                  
# start_time = Nov 08 2023 05:02:09 [NMEA time, header]
# bad_flag = -9.990e-29
*END*
      4.000    12.5900   3.735437    31.9224       -332 0.0000e+00
      5.000    12.5920   3.735644    31.9223        571 0.0000e+00
      6.000    12.5923   3.735692    31.9220        586 0.0000e+00
      7.000    12.5930   3.735812    31.9222        605 0.0000e+00
      8.000    12.5929   3.735859    31.9223        630 0.0000e+00
      9.000    12.5912   3.735989    31.9246        656 0.0000e+00
     10.000    12.5906   3.736181    31.9265        681 0.0000e+00
     11.000    12.5901   3.736236    31.9271        703 0.0000e+00
     12.000    12.5901   3.736175    31.9261        724 0.0000e+00
     13.000    12.5881   3.736228    31.9279        748 0.0000e+00
     14.000    12.5820   3.736233    31.9327        779 0.0000e+00
     15.000    12.5579   3.735406    31.9449        809 0.0000e+00
     16.000    12.5255   3.734013    31.9587        828 0.0000e+00
     17.000    12.4831   3.732004    31.9753        844 0.0000e+00
     18.000    12.4332   3.729498    31.9934        863 0.0000e+00
     19.000    12.4150   3.728921    32.0030        897 0.0000e+00
     20.000    12.3535   3.728809    32.0540        936 0.0000e+00
     21.000    12.2763   3.723426    32.0682        958 0.0000e+00
     22.000    12.1843   3.716867    32.0837        975 0.0000e+00
     23.000    12.1273   3.712966    32.0946        996 0.0000e+00
     24.000    12.0603   3.707647    32.1006       1025 0.0000e+00
     25.000    11.9755   3.701182    32.1108       1059 0.0000e+00
     26.000    11.8344   3.690468    32.1286       1082 0.0000e+00
     27.000    11.6354   3.675867    32.1586       1100 0.0000e+00
     28.000    11.4896   3.664796    32.1768       1117 0.0000e+00
     29.000    11.4060   3.658365    32.1863       1140 0.0000e+00
     30.000    11.3437   3.653569    32.1932       1174 0.0000e+00
     31.000    11.3137   3.651152    32.1953       1204 0.0000e+00
     32.000    11.2826   3.648606    32.1970       1226 0.0000e+00
     33.000    10.9828   3.625944    32.2359       1247 0.0000e+00
     34.000    10.8339   3.615136    32.2594       1273 0.0000e+00
     35.000    10.7519   3.608626    32.2666       1306 0.0000e+00
     36.000    10.6761   3.602854    32.2757       1332 0.0000e+00
     37.000    10.5370   3.592475    32.2948       1353 0.0000e+00
     38.000    10.4534   3.586467    32.3084       1372 0.0000e+00
     39.000    10.4337   3.584813    32.3089       1391 0.0000e+00
     40.000    10.4256   3.584013    32.3076       1413 0.0000e+00
     41.000    10.3791   3.580458    32.3129       1438 0.0000e+00
     42.000    10.2654   3.572287    32.3315       1468 0.0000e+00
     43.000    10.1705   3.565417    32.3465       1502 0.0000e+00
     44.000    10.1216   3.561685    32.3521       1530 0.0000e+00
     45.000    10.0480   3.556307    32.3631       1553 0.0000e+00
     46.000     9.9581   3.549820    32.3775       1574 0.0000e+00
     47.000     9.9168   3.546841    32.3839       1597 0.0000e+00
     48.000     9.8939   3.545151    32.3869       1623 0.0000e+00
     49.000     9.8191   3.540025    32.4015       1655 0.0000e+00
     50.000     9.8012   3.538675    32.4035       1688 0.0000e+00
     51.000     9.8727   3.543678    32.3897       1777 0.0000e+00
     52.000     9.7485   3.535075    32.4133       1865 0.0000e+00
     53.000     9.6960   3.531294    32.4217       1951 0.0000e+00
     54.000     9.6670   3.529372    32.4278       2042 0.0000e+00
     55.000     9.6587   3.529014    32.4312       2137 0.0000e+00
     56.000     9.6462   3.528249    32.4342       2206 0.0000e+00
     57.000     9.6383   3.527775    32.4360       2297 0.0000e+00
     58.000     9.6388   3.527845    32.4358       2397 0.0000e+00
     59.000     9.6315   3.527517    32.4386       2487 0.0000e+00
     60.000     9.5845   3.524305    32.4478       4011 0.0000e+00
     59.000     9.6125   3.526140    32.4417       4183 0.0000e+00
     58.000     9.6232   3.526764    32.4389       5110 0.0000e+00
     57.000     9.6273   3.526975    32.4378       5144 0.0000e+00
     56.000     9.6344   3.527355    32.4357       5219 0.0000e+00
     55.000     9.6416   3.527688    32.4331       5254 0.0000e+00
     54.000     9.6473   3.527912    32.4306       5283 0.0000e+00
     53.000     9.6489   3.528009    32.4306       5326 0.0000e+00
     52.000     9.6946   3.530520    32.4155       5367 0.0000e+00
     51.000     9.7005   3.530835    32.4138       5395 0.0000e+00
     50.000     9.7242   3.532443    32.4093       5439 0.0000e+00
     49.000     9.7796   3.536014    32.3963       5492 0.0000e+00
     48.000     9.7642   3.534970    32.3999       5521 0.0000e+00
     47.000     9.7936   3.536809    32.3926       5563 0.0000e+00
     46.000     9.8964   3.543627    32.3701       5606 0.0000e+00
     45.000     9.8922   3.543382    32.3718       5629 0.0000e+00
     44.000     9.8786   3.542768    32.3781       5659 0.0000e+00
     43.000    10.0510   3.554889    32.3469       5720 0.0000e+00
     42.000    10.1903   3.564970    32.3248       5761 0.0000e+00
     41.000    10.2516   3.569466    32.3158       5792 0.0000e+00
     40.000    10.3424   3.576023    32.3013       5833 0.0000e+00
     39.000    10.4113   3.581009    32.2906       5888 0.0000e+00
     38.000    10.4467   3.583728    32.2869       5954 0.0000e+00
     37.000    10.4988   3.587743    32.2813       6065 0.0000e+00
     36.000    10.6447   3.598566    32.2607       6164 0.0000e+00
     35.000    10.7411   3.606002    32.2500       6340 0.0000e+00
     34.000    10.7773   3.609072    32.2491       8138 0.0000e+00
     33.000    10.7753   3.608901    32.2495       8755 0.0000e+00
     32.000    10.8215   3.612382    32.2439       8735 0.0000e+00
     31.000    10.9606   3.622888    32.2260       8796 0.0000e+00
     30.000    11.1988   3.640723    32.1936       8850 0.0000e+00
     29.000    11.2901   3.647492    32.1808       8887 0.0000e+00
     28.000    11.3388   3.651205    32.1752       8943 0.0000e+00
     27.000    11.4070   3.656469    32.1677       9006 0.0000e+00
     26.000    11.4687   3.661221    32.1609       9037 0.0000e+00
     25.000    11.5533   3.667579    32.1499       9077 0.0000e+00
     24.000    11.6974   3.678763    32.1343       9149 0.0000e+00
     23.000    11.8559   3.690613    32.1126       9178 0.0000e+00
     22.000    11.9635   3.698470    32.0962       9227 0.0000e+00
     21.000    12.0763   3.707714    32.0887       9289 0.0000e+00
     20.000    12.1267   3.710807    32.0756       9321 0.0000e+00
     19.000    12.2433   3.719124    32.0560       9388 0.0000e+00
     18.000    12.3286   3.725152    32.0411       9452 0.0000e+00
     17.000    12.3862   3.726351    32.0038       9530 0.0000e+00
     16.000    12.3853   3.724981    31.9919       9595 0.0000e+00
     15.000    12.3985   3.725560    31.9866       9716 0.0000e+00
     14.000    12.4359   3.728093    31.9793       9849 0.0000e+00
     13.000    12.5715   3.735934    31.9391      11117 0.0000e+00
     12.000    12.5494   3.734352    31.9433      13002 0.0000e+00
     11.000    12.5686   3.735048    31.9340      12906 0.0000e+00
     10.000    12.5948   3.736057    31.9218      13014 0.0000e+00
      9.000    12.5940   3.736088    31.9232      13121 0.0000e+00
      8.000    12.5950   3.735982    31.9217      13229 0.0000e+00
      7.000    12.5955   3.735773    31.9197      13346 0.0000e+00
      6.000    12.5996   3.735706    31.9160      13455 0.0000e+00
      5.000    12.5992   3.735549    31.9153      13592 0.0000e+00
      4.000    12.5963   3.735233    31.9151      15025 0.0000e+00
