PC2305/ctd029.cnv
* Sea-Bird SBE 9 Data File:
* FileName = C:\cruise\data\ctd029.hex
* Software Version Seasave V 7.26.7.121
* Temperature SN = 6664
* Conductivity SN = 6035
* Number of Bytes Per Scan = 37
* Number of Voltage Words = 4
* Number of Scans Averaged by the Deck Unit = 1
* NMEA Latitude = 44 11.87 N
* NMEA Longitude = 067 41.87 W
* NMEA UTC (Time) = Nov 10 2023 14:06:33
* NMEA baud rate = 4800
** Ship: Pisces PC2305
** Program:  Fall ECOMON
** Chief Scientist: Harvey Walsh
# nquan = 6
# nvalues = 272                         
# units = specified
# name 0 = depSM: Depth [salt water, m]
# name 1 = t090C: Temperature [ITS-90, deg C]
# name 2 = c0S/m: Conductivity [S/m]
# name 3 = sal00: Salinity, Practical [PSU]
# name 4 = scan: Scan Count
# name 5 = flag: flag
# span 0 =      1.000,    138.000       
# span 1 =     9.2478,     9.7881       
# span 2 =   3.487322,   3.607656       
# span 3 =    32.0690,    33.5803       
# span 4 =         87,      18616       
# span 5 = 0.0000e+00, 0.0000e+00       
# interval = meters: 1                  
# start_time = Nov 10 2023 14:06:33 [NMEA time, header]
# bad_flag = -9.990e-29
*END*
      4.000     9.6210   3.488175    32.0705         87 0.0000e+00
      5.000     9.6239   3.488400    32.0697        188 0.0000e+00
      6.000     9.6236   3.488447    32.0701        221 0.0000e+00
      7.000     9.6229   3.488456    32.0704        248 0.0000e+00
      8.000     9.6221   3.488441    32.0704        272 0.0000e+00
      9.000     9.6219   3.488474    32.0705        295 0.0000e+00
     10.000     9.6226   3.488560    32.0703        321 0.0000e+00
     11.000     9.6232   3.488654    32.0703        348 0.0000e+00
     12.000     9.6232   3.488722    32.0705        374 0.0000e+00
     13.000     9.6217   3.488674    32.0710        397 0.0000e+00
     14.000     9.6221   3.488729    32.0708        420 0.0000e+00
     15.000     9.6225   3.488813    32.0708        446 0.0000e+00
     16.000     9.6268   3.489181    32.0703        475 0.0000e+00
     17.000     9.6295   3.489540    32.0711        500 0.0000e+00
     18.000     9.6302   3.489714    32.0718        523 0.0000e+00
     19.000     9.6330   3.490300    32.0748        548 0.0000e+00
     20.000     9.6488   3.492618    32.0840        576 0.0000e+00
     21.000     9.6567   3.493609    32.0866        603 0.0000e+00
     22.000     9.6608   3.494186    32.0884        627 0.0000e+00
     23.000     9.6668   3.494961    32.0905        651 0.0000e+00
     24.000     9.6682   3.495259    32.0919        679 0.0000e+00
     25.000     9.6664   3.495612    32.0966        706 0.0000e+00
     26.000     9.6606   3.494889    32.0940        729 0.0000e+00
     27.000     9.6650   3.496095    32.1019        752 0.0000e+00
     28.000     9.6666   3.496607    32.1053        778 0.0000e+00
     29.000     9.6697   3.497146    32.1076        807 0.0000e+00
     30.000     9.6707   3.497353    32.1083        833 0.0000e+00
     31.000     9.6757   3.498239    32.1125        857 0.0000e+00
     32.000     9.6913   3.501904    32.1354        882 0.0000e+00
     33.000     9.6945   3.502534    32.1386        908 0.0000e+00
     34.000     9.6946   3.502611    32.1388        933 0.0000e+00
     35.000     9.6933   3.502403    32.1374        958 0.0000e+00
     36.000     9.6958   3.503107    32.1420        981 0.0000e+00
     37.000     9.6974   3.503615    32.1453       1006 0.0000e+00
     38.000     9.6980   3.503846    32.1466       1035 0.0000e+00
     39.000     9.6983   3.504085    32.1483       1062 0.0000e+00
     40.000     9.7004   3.504954    32.1548       1085 0.0000e+00
     41.000     9.7031   3.505735    32.1600       1108 0.0000e+00
     42.000     9.7065   3.506977    32.1692       1133 0.0000e+00
     43.000     9.7083   3.507678    32.1742       1160 0.0000e+00
     44.000     9.7104   3.508598    32.1813       1185 0.0000e+00
     45.000     9.7193   3.511978    32.2073       1209 0.0000e+00
     46.000     9.7524   3.526003    32.3201       1236 0.0000e+00
     47.000     9.7737   3.539813    32.4411       1263 0.0000e+00
     48.000     9.7753   3.544305    32.4849       1288 0.0000e+00
     49.000     9.7781   3.548284    32.5226       1312 0.0000e+00
     50.000     9.7814   3.549723    32.5337       1337 0.0000e+00
     51.000     9.7847   3.550200    32.5352       1361 0.0000e+00
     52.000     9.7881   3.552435    32.5545       1386 0.0000e+00
     53.000     9.7773   3.554247    32.5823       1411 0.0000e+00
     54.000     9.7617   3.555428    32.6080       1437 0.0000e+00
     55.000     9.7587   3.555861    32.6146       1462 0.0000e+00
     56.000     9.7487   3.556414    32.6289       1487 0.0000e+00
     57.000     9.7215   3.558380    32.6732       1511 0.0000e+00
     58.000     9.7118   3.559367    32.6917       1537 0.0000e+00
     59.000     9.7078   3.559910    32.7004       1563 0.0000e+00
     60.000     9.7029   3.560820    32.7136       1589 0.0000e+00
     61.000     9.7013   3.561078    32.7172       1614 0.0000e+00
     62.000     9.6943   3.562575    32.7385       1637 0.0000e+00
     63.000     9.6900   3.563531    32.7518       1661 0.0000e+00
     64.000     9.6875   3.564157    32.7599       1687 0.0000e+00
     65.000     9.6827   3.565218    32.7748       1712 0.0000e+00
     66.000     9.6783   3.566281    32.7891       1737 0.0000e+00
     67.000     9.6760   3.567645    32.8048       1764 0.0000e+00
     68.000     9.6760   3.567781    32.8057       1790 0.0000e+00
     69.000     9.6759   3.568139    32.8090       1815 0.0000e+00
     70.000     9.6735   3.569191    32.8215       1839 0.0000e+00
     71.000     9.6705   3.570345    32.8356       1862 0.0000e+00
     72.000     9.6692   3.570927    32.8422       1885 0.0000e+00
     73.000     9.6697   3.570727    32.8393       1910 0.0000e+00
     74.000     9.6693   3.571063    32.8427       1937 0.0000e+00
     75.000     9.6680   3.572025    32.8533       1964 0.0000e+00
     76.000     9.6656   3.572687    32.8618       1987 0.0000e+00
     77.000     9.6627   3.574081    32.8782       2012 0.0000e+00
     78.000     9.6620   3.574650    32.8842       2039 0.0000e+00
     79.000     9.6614   3.575200    32.8900       2064 0.0000e+00
     80.000     9.6631   3.575866    32.8948       2087 0.0000e+00
     81.000     9.6642   3.576149    32.8963       2108 0.0000e+00
     82.000     9.6648   3.576338    32.8972       2132 0.0000e+00
     83.000     9.6652   3.576544    32.8985       2162 0.0000e+00
     84.000     9.6652   3.576847    32.9011       2190 0.0000e+00
     85.000     9.6580   3.577289    32.9118       2215 0.0000e+00
     86.000     9.6569   3.577543    32.9150       2238 0.0000e+00
     87.000     9.6591   3.578272    32.9200       2261 0.0000e+00
     88.000     9.6653   3.580435    32.9359       2286 0.0000e+00
     89.000     9.6699   3.582152    32.9488       2310 0.0000e+00
     90.000     9.6692   3.583923    32.9672       2334 0.0000e+00
     91.000     9.6693   3.584259    32.9701       2359 0.0000e+00
     92.000     9.6684   3.584630    32.9742       2388 0.0000e+00
     93.000     9.6608   3.584538    32.9798       2415 0.0000e+00
     94.000     9.6578   3.584419    32.9809       2437 0.0000e+00
     95.000     9.6502   3.583946    32.9825       2458 0.0000e+00
     96.000     9.6467   3.583789    32.9838       2483 0.0000e+00
     97.000     9.6459   3.583986    32.9860       2512 0.0000e+00
     98.000     9.6390   3.584475    32.9969       2537 0.0000e+00
     99.000     9.6360   3.584776    33.0023       2558 0.0000e+00
    100.000     9.6283   3.585207    33.0133       2583 0.0000e+00
    101.000     9.6259   3.585716    33.0203       2613 0.0000e+00
    102.000     9.6233   3.586446    33.0297       2639 0.0000e+00
    103.000     9.6147   3.587355    33.0464       2660 0.0000e+00
    104.000     9.6091   3.587846    33.0563       2682 0.0000e+00
    105.000     9.5948   3.589130    33.0821       2709 0.0000e+00
    106.000     9.5870   3.589779    33.0955       2735 0.0000e+00
    107.000     9.5677   3.591300    33.1285       2758 0.0000e+00
    108.000     9.5325   3.593760    33.1858       2783 0.0000e+00
    109.000     9.5113   3.595085    33.2186       2811 0.0000e+00
    110.000     9.4945   3.596350    33.2467       2838 0.0000e+00
    111.000     9.4845   3.597130    33.2635       2860 0.0000e+00
    112.000     9.4822   3.597312    33.2670       2882 0.0000e+00
    113.000     9.4816   3.597360    33.2676       2907 0.0000e+00
    114.000     9.4809   3.597440    33.2687       2936 0.0000e+00
    115.000     9.4815   3.597455    33.2678       2963 0.0000e+00
    116.000     9.4830   3.597434    33.2658       2985 0.0000e+00
    117.000     9.4780   3.597899    33.2747       3007 0.0000e+00
    118.000     9.4673   3.598836    33.2938       3033 0.0000e+00
    119.000     9.4386   3.600975    33.3420       3060 0.0000e+00
    120.000     9.4302   3.601588    33.3558       3085 0.0000e+00
    121.000     9.4200   3.602263    33.3717       3109 0.0000e+00
    122.000     9.4172   3.602392    33.3753       3132 0.0000e+00
    123.000     9.4138   3.602705    33.3812       3157 0.0000e+00
    124.000     9.4053   3.603432    33.3962       3183 0.0000e+00
    125.000     9.3901   3.604342    33.4192       3208 0.0000e+00
    126.000     9.3727   3.605289    33.4448       3235 0.0000e+00
    127.000     9.3397   3.606292    33.4856       3259 0.0000e+00
    128.000     9.2715   3.607382    33.5603       3282 0.0000e+00
    129.000     9.2715   3.607294    33.5589       3306 0.0000e+00
    130.000     9.2660   3.607380    33.5646       3330 0.0000e+00
    131.000     9.2963   3.607185    33.5336       3357 0.0000e+00
    132.000     9.3028   3.607122    33.5265       3389 0.0000e+00
    133.000     9.2949   3.607313    33.5354       3431 0.0000e+00
    134.000     9.2962   3.607213    33.5326       3473 0.0000e+00
    135.000     9.2643   3.607479    33.5649       3542 0.0000e+00
    136.000     9.2743   3.607451    33.5547       3621 0.0000e+00
    137.000     9.2488   3.607656    33.5803       3684 0.0000e+00
    138.000     9.2478   3.607595    33.5802       5135 0.0000e+00
    137.000     9.2569   3.607400    33.5701       6373 0.0000e+00
    136.000     9.2534   3.607390    33.5737       6409 0.0000e+00
    135.000     9.2629   3.607273    33.5641       6444 0.0000e+00
    134.000     9.2661   3.607229    33.5610       6476 0.0000e+00
    133.000     9.2665   3.607178    33.5607       6511 0.0000e+00
    132.000     9.2652   3.607164    33.5621       6547 0.0000e+00
    131.000     9.2663   3.607075    33.5607       6582 0.0000e+00
    130.000     9.2704   3.606966    33.5561       6611 0.0000e+00
    129.000     9.2736   3.606865    33.5525       6638 0.0000e+00
    128.000     9.2779   3.606717    33.5474       6664 0.0000e+00
    127.000     9.3018   3.606307    33.5212       6688 0.0000e+00
    126.000     9.3123   3.606033    33.5090       6711 0.0000e+00
    125.000     9.3254   3.605444    33.4911       6737 0.0000e+00
    124.000     9.3489   3.604432    33.4591       6769 0.0000e+00
    123.000     9.4001   3.602643    33.3933       6796 0.0000e+00
    122.000     9.4056   3.602250    33.3846       6818 0.0000e+00
    121.000     9.3644   3.603708    33.4386       6843 0.0000e+00
    120.000     9.3507   3.604165    33.4565       6874 0.0000e+00
    119.000     9.4497   3.599036    33.3118       6900 0.0000e+00
    118.000     9.4698   3.598065    33.2836       6921 0.0000e+00
    117.000     9.4639   3.598314    33.2921       6944 0.0000e+00
    116.000     9.4585   3.598389    33.2983       6974 0.0000e+00
    115.000     9.4814   3.597010    33.2634       7004 0.0000e+00
    114.000     9.4856   3.596824    33.2580       7028 0.0000e+00
    113.000     9.4793   3.597123    33.2673       7051 0.0000e+00
    112.000     9.4681   3.597640    33.2835       7078 0.0000e+00
    111.000     9.4896   3.596145    33.2486       7108 0.0000e+00
    110.000     9.4979   3.595603    33.2358       7134 0.0000e+00
    109.000     9.5009   3.595308    33.2305       7159 0.0000e+00
    108.000     9.5022   3.595153    33.2281       7184 0.0000e+00
    107.000     9.5100   3.594542    33.2151       7210 0.0000e+00
    106.000     9.5237   3.593598    33.1931       7237 0.0000e+00
    105.000     9.5530   3.591367    33.1436       7263 0.0000e+00
    104.000     9.5748   3.589782    33.1077       7288 0.0000e+00
    103.000     9.5951   3.588390    33.0751       7313 0.0000e+00
    102.000     9.5888   3.588828    33.0859       7341 0.0000e+00
    101.000     9.6025   3.587768    33.0628       7372 0.0000e+00
    100.000     9.6157   3.586599    33.0392       7398 0.0000e+00
     99.000     9.6199   3.586134    33.0310       7422 0.0000e+00
     98.000     9.6138   3.585972    33.0354       7450 0.0000e+00
     97.000     9.6202   3.585118    33.0212       7482 0.0000e+00
     96.000     9.6263   3.584505    33.0098       7508 0.0000e+00
     95.000     9.6406   3.584280    32.9948       7533 0.0000e+00
     94.000     9.6398   3.584495    32.9981       7563 0.0000e+00
     93.000     9.6486   3.584278    32.9884       7593 0.0000e+00
     92.000     9.6558   3.584277    32.9821       7617 0.0000e+00
     91.000     9.6590   3.584550    32.9825       7644 0.0000e+00
     90.000     9.6539   3.584717    32.9893       7679 0.0000e+00
     89.000     9.6709   3.582642    32.9529       7708 0.0000e+00
     88.000     9.6676   3.581681    32.9465       7731 0.0000e+00
     87.000     9.6532   3.580813    32.9514       7763 0.0000e+00
     86.000     9.6621   3.577276    32.9075       7820 0.0000e+00
     85.000     9.6643   3.576943    32.9025       7914 0.0000e+00
     84.000     9.6632   3.576747    32.9020       7983 0.0000e+00
     83.000     9.6618   3.576195    32.8981       8062 0.0000e+00
     82.000     9.6605   3.575633    32.8939       8139 0.0000e+00
     81.000     9.6593   3.574848    32.8874       8203 0.0000e+00
     80.000     9.6606   3.574631    32.8844       8275 0.0000e+00
     79.000     9.6648   3.573883    32.8734       8340 0.0000e+00
     78.000     9.6661   3.573242    32.8661       8396 0.0000e+00
     77.000     9.6668   3.571511    32.8482       8463 0.0000e+00
     76.000     9.6676   3.570836    32.8411       8524 0.0000e+00
     75.000     9.6686   3.570567    32.8378       9640 0.0000e+00
     74.000     9.6724   3.570518    32.8343      10988 0.0000e+00
     73.000     9.6736   3.570178    32.8302      11013 0.0000e+00
     72.000     9.6736   3.569514    32.8238      11040 0.0000e+00
     71.000     9.6736   3.568800    32.8170      11066 0.0000e+00
     70.000     9.6737   3.567873    32.8078      11093 0.0000e+00
     69.000     9.6748   3.566915    32.7974      11119 0.0000e+00
     68.000     9.6783   3.565713    32.7825      11141 0.0000e+00
     67.000     9.6814   3.565419    32.7771      11164 0.0000e+00
     66.000     9.6864   3.564752    32.7661      11189 0.0000e+00
     65.000     9.6967   3.562830    32.7376      11214 0.0000e+00
     64.000     9.6991   3.561984    32.7272      11237 0.0000e+00
     63.000     9.7014   3.561078    32.7163      11261 0.0000e+00
     62.000     9.7129   3.559735    32.6926      11291 0.0000e+00
     61.000     9.7274   3.558902    32.6713      11317 0.0000e+00
     60.000     9.7297   3.558996    32.6706      11338 0.0000e+00
     59.000     9.7355   3.558168    32.6574      11360 0.0000e+00
     58.000     9.7363   3.556734    32.6425      11387 0.0000e+00
     57.000     9.7473   3.554635    32.6116      11415 0.0000e+00
     56.000     9.7631   3.553475    32.5859      11438 0.0000e+00
     55.000     9.7689   3.551490    32.5608      11461 0.0000e+00
     54.000     9.7667   3.550245    32.5506      11486 0.0000e+00
     53.000     9.7724   3.549877    32.5421      11512 0.0000e+00
     52.000     9.7752   3.549821    32.5395      11537 0.0000e+00
     51.000     9.7752   3.548334    32.5248      11559 0.0000e+00
     50.000     9.7738   3.547264    32.5156      11583 0.0000e+00
     49.000     9.7752   3.543919    32.4807      11610 0.0000e+00
     48.000     9.7782   3.541295    32.4517      11636 0.0000e+00
     47.000     9.7782   3.540369    32.4427      11658 0.0000e+00
     46.000     9.7761   3.536444    32.4051      11680 0.0000e+00
     45.000     9.7743   3.535765    32.4002      11708 0.0000e+00
     44.000     9.7734   3.533336    32.3768      11736 0.0000e+00
     43.000     9.7427   3.518804    32.2567      11759 0.0000e+00
     42.000     9.7205   3.512743    32.2153      11779 0.0000e+00
     41.000     9.7140   3.511786    32.2119      11802 0.0000e+00
     40.000     9.7061   3.509868    32.1999      11831 0.0000e+00
     39.000     9.6945   3.504819    32.1592      11859 0.0000e+00
     38.000     9.6954   3.504321    32.1538      11881 0.0000e+00
     37.000     9.6944   3.504161    32.1535      11903 0.0000e+00
     36.000     9.6955   3.505076    32.1623      11928 0.0000e+00
     35.000     9.6991   3.506330    32.1722      11954 0.0000e+00
