PC2305/ctd020.cnv
* Sea-Bird SBE 9 Data File:
* FileName = C:\cruise\data\ctd020.hex
* Software Version Seasave V 7.26.7.121
* Temperature SN = 6664
* Conductivity SN = 6035
* Number of Bytes Per Scan = 37
* Number of Voltage Words = 4
* Number of Scans Averaged by the Deck Unit = 1
* NMEA Latitude = 41 44.78 N
* NMEA Longitude = 065 27.35 W
* NMEA UTC (Time) = Nov 07 2023 00:09:22
* NMEA baud rate = 4800
** Ship: Pisces PC2305
** Program:  Fall ECOMON
** Chief Scientist: Harvey Walsh
# nquan = 6
# nvalues = 994                         
# units = specified
# name 0 = depSM: Depth [salt water, m]
# name 1 = t090C: Temperature [ITS-90, deg C]
# name 2 = c0S/m: Conductivity [S/m]
# name 3 = sal00: Salinity, Practical [PSU]
# name 4 = scan: Scan Count
# name 5 = flag: flag
# span 0 =      4.000,    501.000       
# span 1 =     5.3458,    13.2444       
# span 2 =   3.397328,   4.082300       
# span 3 =    31.6421,    35.4858       
# span 4 =        363,      55942       
# span 5 = 0.0000e+00, 0.0000e+00       
# interval = meters: 1                  
# start_time = Nov 07 2023 00:09:22 [NMEA time, header]
# bad_flag = -9.990e-29
*END*
[from data line 717]
    280.000     7.4439   3.578384    34.9570      33294 0.0000e+00
    279.000     7.4554   3.579457    34.9576      33329 0.0000e+00
    278.000     7.4724   3.581038    34.9582      33390 0.0000e+00
    277.000     7.4922   3.582813    34.9581      33434 0.0000e+00
    276.000     7.4776   3.581671    34.9609      33478 0.0000e+00
    275.000     7.6086   3.593861    34.9620      33525 0.0000e+00
    274.000     7.6546   3.598402    34.9655      33564 0.0000e+00
    273.000     7.8012   3.613022    34.9769      33654 0.0000e+00
    272.000     7.8737   3.620745    34.9881      33687 0.0000e+00
    271.000     7.8951   3.622898    34.9903      33711 0.0000e+00
    270.000     7.9399   3.627566    34.9962      33756 0.0000e+00
    269.000     8.0953   3.643610    35.0136      33824 0.0000e+00
    268.000     8.1287   3.647159    35.0187      33872 0.0000e+00
    267.000     8.1491   3.649363    35.0225      33925 0.0000e+00
    266.000     8.1469   3.649178    35.0232      33964 0.0000e+00
    265.000     8.1710   3.651854    35.0282      34030 0.0000e+00
    264.000     8.2172   3.656572    35.0331      34065 0.0000e+00
    263.000     8.2239   3.657339    35.0351      34092 0.0000e+00
    262.000     8.2185   3.656942    35.0367      34173 0.0000e+00
    261.000     8.3065   3.665709    35.0430      34218 0.0000e+00
    260.000     8.3562   3.670868    35.0490      34329 0.0000e+00
    259.000     8.4952   3.685194    35.0635      34392 0.0000e+00
    258.000     8.6054   3.696427    35.0736      34489 0.0000e+00
    257.000     8.6348   3.699521    35.0777      34617 0.0000e+00
    256.000     8.6573   3.701763    35.0796      34694 0.0000e+00
    255.000     8.6269   3.698330    35.0739      34820 0.0000e+00
    254.000     8.7522   3.710660    35.0804      34936 0.0000e+00
    253.000     8.7636   3.711804    35.0818      35018 0.0000e+00
    252.000     8.7434   3.709683    35.0799      35161 0.0000e+00
    251.000     8.7561   3.710415    35.0755      35271 0.0000e+00
    250.000     8.7597   3.710635    35.0747      36893 0.0000e+00
    249.000     8.7557   3.710229    35.0748      38275 0.0000e+00
    248.000     8.7521   3.709615    35.0725      38135 0.0000e+00
    247.000     8.7532   3.709692    35.0727      38187 0.0000e+00
    246.000     8.7396   3.708023    35.0690      38231 0.0000e+00
    245.000     8.7281   3.706598    35.0659      38269 0.0000e+00
    244.000     8.7325   3.707122    35.0675      38319 0.0000e+00
    243.000     8.7215   3.705690    35.0637      38374 0.0000e+00
    242.000     8.7176   3.705149    35.0624      38421 0.0000e+00
    241.000     8.7257   3.705943    35.0632      38467 0.0000e+00
    240.000     8.7286   3.706180    35.0633      38510 0.0000e+00
    239.000     8.7339   3.706631    35.0633      38552 0.0000e+00
    238.000     8.7324   3.706455    35.0634      38618 0.0000e+00
    237.000     8.7555   3.708346    35.0610      38686 0.0000e+00
    236.000     8.7938   3.711487    35.0567      38709 0.0000e+00
    235.000     8.7731   3.709717    35.0590      38736 0.0000e+00
    234.000     8.8275   3.714842    35.0597      38820 0.0000e+00
    233.000     8.8998   3.722316    35.0673      38864 0.0000e+00
    232.000     8.8909   3.721284    35.0657      38914 0.0000e+00
    231.000     8.9519   3.726899    35.0650      38959 0.0000e+00
    230.000     9.0065   3.731948    35.0646      39002 0.0000e+00
    229.000     8.9862   3.730162    35.0664      39061 0.0000e+00
    228.000     9.0188   3.732406    35.0582      39106 0.0000e+00
    227.000     9.0028   3.730980    35.0595      39167 0.0000e+00
    226.000     9.0482   3.735656    35.0642      39226 0.0000e+00
    225.000     9.1418   3.744065    35.0606      39271 0.0000e+00
    224.000     9.1333   3.743456    35.0630      39312 0.0000e+00
    223.000     9.1972   3.749853    35.0675      39346 0.0000e+00
    222.000     9.1650   3.746683    35.0665      39446 0.0000e+00
    221.000     9.2652   3.756260    35.0685      39478 0.0000e+00
    220.000     9.2210   3.752114    35.0691      39516 0.0000e+00
    219.000     9.2152   3.751849    35.0725      39571 0.0000e+00
    218.000     9.3962   3.770040    35.0846      39622 0.0000e+00
    217.000     9.4302   3.773711    35.0899      39689 0.0000e+00
    216.000     9.4944   3.780375    35.0966      39732 0.0000e+00
    215.000     9.5028   3.781248    35.0979      39774 0.0000e+00
    214.000     9.4592   3.776532    35.0921      39837 0.0000e+00
    213.000     9.5267   3.783310    35.0967      39892 0.0000e+00
    212.000     9.5597   3.786312    35.0961      39930 0.0000e+00
    211.000     9.5437   3.784805    35.0966      39992 0.0000e+00
    210.000     9.5917   3.789840    35.1022      40038 0.0000e+00
    209.000     9.5923   3.789670    35.1003      40094 0.0000e+00
    208.000     9.7916   3.811949    35.1357      40145 0.0000e+00
    207.000     9.9430   3.827706    35.1505      40178 0.0000e+00
    206.000     9.9333   3.827296    35.1562      40264 0.0000e+00
    205.000    10.0572   3.840914    35.1756      40292 0.0000e+00
    204.000    10.0073   3.835272    35.1669      40331 0.0000e+00
    203.000    10.0894   3.844516    35.1820      40408 0.0000e+00
    202.000    10.1461   3.850192    35.1854      40445 0.0000e+00
    201.000    10.1263   3.848134    35.1841      40500 0.0000e+00
    200.000    10.1811   3.853327    35.1842      40556 0.0000e+00
    199.000    10.2343   3.858666    35.1875      40595 0.0000e+00
    198.000    10.1973   3.855244    35.1890      40641 0.0000e+00
    197.000    10.2648   3.862656    35.1994      40687 0.0000e+00
    196.000    10.3807   3.874913    35.2120      40766 0.0000e+00
    195.000    10.4838   3.887072    35.2359      40823 0.0000e+00
    194.000    10.4759   3.886258    35.2358      40853 0.0000e+00
    193.000    10.3545   3.873003    35.2194      40903 0.0000e+00
    192.000    10.5918   3.899030    35.2537      40948 0.0000e+00
    191.000    10.6916   3.909701    35.2654      40996 0.0000e+00
    190.000    10.7679   3.918183    35.2776      41086 0.0000e+00
    189.000    10.7936   3.921158    35.2832      41117 0.0000e+00
    188.000    10.7108   3.911729    35.2687      41163 0.0000e+00
    187.000    10.7937   3.921549    35.2880      41212 0.0000e+00
    186.000    10.8378   3.926107    35.2917      41251 0.0000e+00
    185.000    10.8615   3.928871    35.2970      41337 0.0000e+00
    184.000    10.8897   3.932049    35.3022      41367 0.0000e+00
    183.000    10.8315   3.925750    35.2955      41413 0.0000e+00
    182.000    10.9054   3.934023    35.3078      41465 0.0000e+00
    181.000    10.9530   3.939353    35.3158      41518 0.0000e+00
    180.000    11.0180   3.946683    35.3271      41581 0.0000e+00
    179.000    11.0606   3.951406    35.3337      41622 0.0000e+00
    178.000    11.1141   3.957554    35.3441      41680 0.0000e+00
    177.000    11.1845   3.965511    35.3563      41724 0.0000e+00
    176.000    11.2232   3.969499    35.3592      41764 0.0000e+00
    175.000    11.2357   3.971280    35.3653      41836 0.0000e+00
    174.000    11.3730   3.986366    35.3840      41888 0.0000e+00
    173.000    11.4036   3.989865    35.3899      41944 0.0000e+00
    172.000    11.4016   3.989540    35.3890      41975 0.0000e+00
    171.000    11.3239   3.980917    35.3784      42021 0.0000e+00
    170.000    11.3596   3.984872    35.3839      42095 0.0000e+00
    169.000    11.4038   3.989379    35.3867      42146 0.0000e+00
    168.000    11.4066   3.989686    35.3875      42189 0.0000e+00
    167.000    11.4016   3.989213    35.3880      42235 0.0000e+00
    166.000    11.4232   3.991510    35.3906      42293 0.0000e+00
    165.000    11.4477   3.994033    35.3925      42342 0.0000e+00
    164.000    11.4494   3.994212    35.3932      42398 0.0000e+00
    163.000    11.4535   3.994613    35.3937      42445 0.0000e+00
    162.000    11.4426   3.993460    35.3931      42502 0.0000e+00
    161.000    11.4517   3.994395    35.3941      42558 0.0000e+00
    160.000    11.4521   3.994416    35.3943      42591 0.0000e+00
    159.000    11.4697   3.996628    35.3999      42663 0.0000e+00
    158.000    11.5987   4.011097    35.4199      42706 0.0000e+00
    157.000    11.5662   4.007207    35.4130      42738 0.0000e+00
    156.000    11.5475   4.005435    35.4139      42815 0.0000e+00
    155.000    11.6717   4.019005    35.4294      42863 0.0000e+00
    154.000    11.6301   4.014675    35.4270      42910 0.0000e+00
    153.000    11.7461   4.027293    35.4408      42962 0.0000e+00
    152.000    11.8276   4.035794    35.4471      43007 0.0000e+00
    151.000    11.7551   4.025933    35.4198      43073 0.0000e+00
    150.000    11.6531   4.012194    35.3824      43107 0.0000e+00
    149.000    11.6693   4.015557    35.4004      43166 0.0000e+00
    148.000    11.6638   4.012851    35.3795      43232 0.0000e+00
    147.000    11.6881   4.014816    35.3762      43268 0.0000e+00
    146.000    11.6759   4.014917    35.3892      43316 0.0000e+00
    145.000    11.7122   4.016753    35.3731      43360 0.0000e+00
    144.000    11.7408   4.019261    35.3710      43427 0.0000e+00
    143.000    11.7618   4.021498    35.3734      43482 0.0000e+00
    142.000    11.7509   4.020482    35.3743      43523 0.0000e+00
    141.000    11.7321   4.018210    35.3703      43579 0.0000e+00
    140.000    11.7257   4.015961    35.3547      43628 0.0000e+00
    139.000    11.7177   4.014691    35.3503      43674 0.0000e+00
    138.000    11.7159   4.014216    35.3478      43733 0.0000e+00
    137.000    11.7131   4.013541    35.3442      43789 0.0000e+00
    136.000    11.7128   4.013571    35.3453      43837 0.0000e+00
    135.000    11.7137   4.013077    35.3400      43884 0.0000e+00
    134.000    11.7261   4.013733    35.3351      43943 0.0000e+00
    133.000    11.7391   4.012603    35.3120      43989 0.0000e+00
    132.000    11.7446   4.014126    35.3223      44043 0.0000e+00
    131.000    11.8095   4.021042    35.3290      44096 0.0000e+00
    130.000    11.8308   4.022749    35.3259      44145 0.0000e+00
    129.000    11.8322   4.022681    35.3243      44199 0.0000e+00
    128.000    11.8101   4.018127    35.3011      44241 0.0000e+00
    127.000    11.7748   4.014186    35.2963      44301 0.0000e+00
    126.000    11.6967   4.003043    35.2614      44368 0.0000e+00
    125.000    11.6756   3.999333    35.2455      44402 0.0000e+00
    124.000    11.7202   4.006224    35.2713      44448 0.0000e+00
    123.000    11.7244   4.006725    35.2727      44509 0.0000e+00
    122.000    11.7212   4.004184    35.2513      44558 0.0000e+00
    121.000    11.7329   4.004821    35.2468      44611 0.0000e+00
    120.000    11.7468   4.005879    35.2444      44664 0.0000e+00
    119.000    11.7636   4.007583    35.2457      44711 0.0000e+00
    118.000    11.7645   4.007994    35.2493      44763 0.0000e+00
    117.000    11.7801   4.009653    35.2513      44811 0.0000e+00
    116.000    11.7819   4.009635    35.2499      44870 0.0000e+00
    115.000    11.8505   4.017477    35.2621      44927 0.0000e+00
    114.000    11.9110   4.023663    35.2659      44966 0.0000e+00
    113.000    11.8476   4.017231    35.2634      45025 0.0000e+00
    112.000    11.9075   4.023182    35.2654      45068 0.0000e+00
    111.000    11.8989   4.022222    35.2646      45130 0.0000e+00
    110.000    11.9129   4.023275    35.2621      45181 0.0000e+00
    109.000    11.9167   4.023400    35.2601      45221 0.0000e+00
    108.000    11.9038   4.022384    35.2629      45273 0.0000e+00
    107.000    11.9153   4.023380    35.2621      45337 0.0000e+00
    106.000    12.0746   4.038816    35.2627      45386 0.0000e+00
    105.000    12.1021   4.041879    35.2671      45434 0.0000e+00
    104.000    12.0880   4.039926    35.2618      45491 0.0000e+00
    103.000    12.1431   4.044255    35.2524      45540 0.0000e+00
    102.000    12.1482   4.044375    35.2492      45581 0.0000e+00
    101.000    12.0748   4.038153    35.2583      45636 0.0000e+00
    100.000    12.1145   4.041237    35.2513      45698 0.0000e+00
     99.000    12.2426   4.050770    35.2237      45743 0.0000e+00
     98.000    12.2429   4.050864    35.2248      45798 0.0000e+00
     97.000    12.2498   4.050713    35.2173      45841 0.0000e+00
     96.000    12.2173   4.048160    35.2235      45882 0.0000e+00
     95.000    12.1754   4.044865    35.2314      45942 0.0000e+00
     94.000    12.1931   4.042612    35.1932      45973 0.0000e+00
     93.000    12.1876   4.042257    35.1954      46018 0.0000e+00
     92.000    12.1326   4.035418    35.1810      46087 0.0000e+00
     91.000    11.9277   4.008818    35.1150      46120 0.0000e+00
     90.000    12.0791   4.028534    35.1652      46164 0.0000e+00
     89.000    11.9340   4.008446    35.1061      46211 0.0000e+00
     88.000    11.7694   3.986850    35.0504      46261 0.0000e+00
     87.000    11.7183   3.979217    35.0241      46316 0.0000e+00
     86.000    11.6959   3.975973    35.0139      46357 0.0000e+00
     85.000    11.7194   3.978790    35.0198      46392 0.0000e+00
     84.000    11.7788   3.987025    35.0451      46440 0.0000e+00
     83.000    11.7959   3.988919    35.0480      46497 0.0000e+00
     82.000    11.8079   3.988202    35.0301      46549 0.0000e+00
     81.000    11.7533   3.981237    35.0136      46586 0.0000e+00
     80.000    11.7694   3.983856    35.0246      46632 0.0000e+00
     79.000    11.6118   3.963145    34.9699      46689 0.0000e+00
     78.000    11.2999   3.925437    34.8926      46719 0.0000e+00
     77.000    11.4603   3.944141    34.9265      46757 0.0000e+00
     76.000    11.2958   3.924101    34.8838      46815 0.0000e+00
     75.000    11.0542   3.894823    34.8221      46872 0.0000e+00
     74.000    10.8130   3.864615    34.7494      46922 0.0000e+00
     73.000    10.4837   3.822967    34.6438      46955 0.0000e+00
     72.000    10.5711   3.835255    34.6848      46987 0.0000e+00
     71.000    10.9671   3.882096    34.7794      47047 0.0000e+00
     70.000    10.1984   3.786505    34.5474      47095 0.0000e+00
     69.000    10.0492   3.768411    34.5058      47135 0.0000e+00
     68.000     9.9692   3.758906    34.4857      47182 0.0000e+00
     67.000     9.9289   3.753981    34.4742      47232 0.0000e+00
     66.000     9.5538   3.708391    34.3646      47281 0.0000e+00
     65.000     9.2221   3.671031    34.2968      47323 0.0000e+00
     64.000     8.8395   3.625577    34.1909      47377 0.0000e+00
     63.000     8.8123   3.622180    34.1818      47413 0.0000e+00
     62.000     8.7741   3.617185    34.1667      47451 0.0000e+00
     61.000     8.7168   3.605912    34.1039      47513 0.0000e+00
     60.000     8.8007   3.610145    34.0681      47556 0.0000e+00
     59.000     8.7872   3.605704    34.0349      47594 0.0000e+00
     58.000     8.7399   3.590783    33.9240      47643 0.0000e+00
     57.000     8.6759   3.570738    33.7749      47691 0.0000e+00
     56.000     8.6605   3.561128    33.6890      47727 0.0000e+00
     55.000     8.5350   3.540215    33.5888      47766 0.0000e+00
     54.000     8.6174   3.544021    33.5509      47807 0.0000e+00
     53.000     8.9035   3.568230    33.5343      47844 0.0000e+00
     52.000     8.8449   3.553027    33.4310      47897 0.0000e+00
     51.000     8.6801   3.522349    33.2653      47936 0.0000e+00
     50.000     8.6623   3.512909    33.1834      47968 0.0000e+00
     49.000     8.5130   3.489576    33.0786      48009 0.0000e+00
     48.000     8.4819   3.481365    33.0217      48052 0.0000e+00
     47.000     8.5182   3.481817    32.9930      48091 0.0000e+00
     46.000     8.5379   3.482406    32.9812      48128 0.0000e+00
     45.000     8.5510   3.482631    32.9718      48164 0.0000e+00
     44.000     8.5978   3.484960    32.9530      48216 0.0000e+00
     43.000     8.6410   3.488258    32.9479      48270 0.0000e+00
