PC2305/ctd034.cnv
* Sea-Bird SBE 9 Data File:
* FileName = C:\cruise\data\ctd034.hex
* Software Version Seasave V 7.26.7.121
* Temperature SN = 6664
* Conductivity SN = 6035
* Number of Bytes Per Scan = 37
* Number of Voltage Words = 4
* Number of Scans Averaged by the Deck Unit = 1
* NMEA Latitude = 40 54.25 N
* NMEA Longitude = 069 09.50 W
* NMEA UTC (Time) = Nov 13 2023 03:09:41
* NMEA baud rate = 4800
** Ship: Pisces PC2305
** Program:  Fall ECOMON
** Chief Scientist: Harvey Walsh
# nquan = 6
# nvalues = 117                         
# units = specified
# name 0 = depSM: Depth [salt water, m]
# name 1 = t090C: Temperature [ITS-90, deg C]
# name 2 = c0S/m: Conductivity [S/m]
# name 3 = sal00: Salinity, Practical [PSU]
# name 4 = scan: Scan Count
# name 5 = flag: flag
# span 0 =      5.000,     63.000       
# span 1 =    11.5341,    12.2561       
# span 2 =   3.651879,   3.700205       
# span 3 =    31.8694,    31.9986       
# span 4 =        291,      17584       
# span 5 = 0.0000e+00, 0.0000e+00       
# interval = meters: 1                  
# start_time = Nov 13 2023 03:09:41 [NMEA time, header]
# bad_flag = -9.990e-29
*END*
      5.000    12.2257   3.698255    31.8766        291 0.0000e+00
      6.000    12.2108   3.697332    31.8801        615 0.0000e+00
      7.000    12.2132   3.697025    31.8746        722 0.0000e+00
      8.000    12.2097   3.697338    31.8802        834 0.0000e+00
      9.000    12.1755   3.695001    31.8865        922 0.0000e+00
     10.000    12.1376   3.692425    31.8937       1028 0.0000e+00
     11.000    12.1067   3.690294    31.8992       1127 0.0000e+00
     12.000    12.0975   3.689683    31.9008       1217 0.0000e+00
     13.000    12.0984   3.689776    31.9005       1320 0.0000e+00
     14.000    12.0772   3.688326    31.9042       1410 0.0000e+00
     15.000    12.0501   3.686478    31.9092       1484 0.0000e+00
     16.000    12.0422   3.685952    31.9105       1548 0.0000e+00
     17.000    12.0415   3.685967    31.9108       1630 0.0000e+00
     18.000    12.0283   3.685059    31.9129       1690 0.0000e+00
     19.000    11.9489   3.679604    31.9279       1758 0.0000e+00
     20.000    11.9129   3.677102    31.9342       1836 0.0000e+00
     21.000    11.9088   3.676815    31.9345       1911 0.0000e+00
     22.000    11.9004   3.676288    31.9362       1975 0.0000e+00
     23.000    11.8928   3.675762    31.9373       2049 0.0000e+00
     24.000    11.9031   3.676502    31.9351       2123 0.0000e+00
     25.000    11.8786   3.674888    31.9401       2200 0.0000e+00
     26.000    11.8930   3.675899    31.9372       2264 0.0000e+00
     27.000    11.8557   3.673369    31.9443       2337 0.0000e+00
     28.000    11.8408   3.672381    31.9471       2409 0.0000e+00
     29.000    11.8434   3.672571    31.9464       2487 0.0000e+00
     30.000    11.8455   3.672756    31.9459       2550 0.0000e+00
     31.000    11.8461   3.672837    31.9457       2620 0.0000e+00
     32.000    11.8449   3.672788    31.9459       2697 0.0000e+00
     33.000    11.8413   3.672583    31.9466       2777 0.0000e+00
     34.000    11.8360   3.672252    31.9475       2831 0.0000e+00
     35.000    11.8159   3.670913    31.9514       2914 0.0000e+00
     36.000    11.7917   3.669234    31.9555       2988 0.0000e+00
     37.000    11.7551   3.666663    31.9616       3061 0.0000e+00
     38.000    11.7581   3.666901    31.9610       3126 0.0000e+00
     39.000    11.7347   3.665230    31.9645       3201 0.0000e+00
     40.000    11.7290   3.664887    31.9657       3278 0.0000e+00
     41.000    11.7538   3.666624    31.9608       3355 0.0000e+00
     42.000    11.6742   3.661037    31.9746       3419 0.0000e+00
     43.000    11.6815   3.661522    31.9727       3488 0.0000e+00
     44.000    11.6861   3.661898    31.9719       3567 0.0000e+00
     45.000    11.6761   3.661250    31.9738       3639 0.0000e+00
     46.000    11.6835   3.661818    31.9726       3703 0.0000e+00
     47.000    11.6738   3.661179    31.9743       3773 0.0000e+00
     48.000    11.6394   3.658741    31.9798       3847 0.0000e+00
     49.000    11.6451   3.659181    31.9788       3934 0.0000e+00
     50.000    11.6329   3.658348    31.9808       3977 0.0000e+00
     51.000    11.5927   3.655563    31.9880       4068 0.0000e+00
     52.000    11.5856   3.655093    31.9891       4128 0.0000e+00
     53.000    11.5769   3.654522    31.9906       4215 0.0000e+00
     54.000    11.5700   3.654056    31.9917       4268 0.0000e+00
     55.000    11.5638   3.653669    31.9928       4344 0.0000e+00
     56.000    11.5594   3.653406    31.9936       4417 0.0000e+00
     57.000    11.5487   3.652735    31.9959       4504 0.0000e+00
     58.000    11.5454   3.652547    31.9965       4570 0.0000e+00
     59.000    11.5439   3.652491    31.9969       4641 0.0000e+00
     60.000    11.5427   3.652448    31.9971       4717 0.0000e+00
     61.000    11.5440   3.652578    31.9968       4789 0.0000e+00
     62.000    11.5373   3.652169    31.9982       4886 0.0000e+00
     63.000    11.5394   3.652301    31.9973       7321 0.0000e+00
     62.000    11.5354   3.652012    31.9983       9343 0.0000e+00
     61.000    11.5341   3.651879    31.9986       8824 0.0000e+00
     60.000    11.5462   3.652648    31.9960       8939 0.0000e+00
     59.000    11.5512   3.652932    31.9949       9054 0.0000e+00
     58.000    11.5452   3.652501    31.9963       9112 0.0000e+00
     57.000    11.5435   3.652342    31.9966       9160 0.0000e+00
     56.000    11.5886   3.655405    31.9879       9212 0.0000e+00
     55.000    11.6165   3.657272    31.9824       9264 0.0000e+00
     54.000    11.6125   3.656982    31.9834       9333 0.0000e+00
     53.000    11.6038   3.656332    31.9851       9368 0.0000e+00
     52.000    11.6086   3.656633    31.9842       9432 0.0000e+00
     51.000    11.5971   3.655780    31.9863       9493 0.0000e+00
     50.000    11.5887   3.655150    31.9878       9562 0.0000e+00
     49.000    11.5800   3.654494    31.9894       9634 0.0000e+00
     48.000    11.5993   3.655819    31.9860       9692 0.0000e+00
     47.000    11.6621   3.660205    31.9749       9760 0.0000e+00
     46.000    11.6680   3.660626    31.9743       9839 0.0000e+00
     45.000    11.6701   3.660741    31.9741       9904 0.0000e+00
     44.000    11.6552   3.659626    31.9765       9975 0.0000e+00
     43.000    11.6462   3.658960    31.9782      10040 0.0000e+00
     42.000    11.6914   3.662126    31.9704      10106 0.0000e+00
     41.000    11.6685   3.660509    31.9748      10199 0.0000e+00
     40.000    11.7681   3.667589    31.9582      10266 0.0000e+00
     39.000    11.7916   3.669211    31.9542      10330 0.0000e+00
     38.000    11.8032   3.670055    31.9528      10412 0.0000e+00
     37.000    11.8087   3.670401    31.9518      10479 0.0000e+00
     36.000    11.7941   3.669357    31.9547      10557 0.0000e+00
     35.000    11.7839   3.668587    31.9564      10637 0.0000e+00
     34.000    11.7977   3.669572    31.9544      13330 0.0000e+00
     33.000    11.7905   3.668988    31.9554      13417 0.0000e+00
     32.000    11.8189   3.670945    31.9504      13593 0.0000e+00
     31.000    11.8295   3.671665    31.9486      13708 0.0000e+00
     30.000    11.8579   3.673621    31.9436      13809 0.0000e+00
     29.000    11.8505   3.673096    31.9453      13919 0.0000e+00
     28.000    11.8473   3.672800    31.9456      14045 0.0000e+00
     27.000    11.8605   3.673717    31.9435      14153 0.0000e+00
     26.000    11.8657   3.674040    31.9426      14271 0.0000e+00
     25.000    11.9306   3.678504    31.9305      14388 0.0000e+00
     24.000    11.9271   3.678269    31.9316      14494 0.0000e+00
     23.000    11.9316   3.678579    31.9312      14636 0.0000e+00
     22.000    11.9689   3.681080    31.9238      14742 0.0000e+00
     21.000    11.9653   3.680862    31.9252      14844 0.0000e+00
     20.000    11.9742   3.681424    31.9234      14923 0.0000e+00
     19.000    11.9663   3.680856    31.9251      15003 0.0000e+00
     18.000    11.9665   3.680807    31.9249      15069 0.0000e+00
     17.000    12.0254   3.684883    31.9141      15154 0.0000e+00
     16.000    12.0349   3.685506    31.9124      15250 0.0000e+00
     15.000    12.0553   3.686894    31.9087      15318 0.0000e+00
     14.000    12.0801   3.688607    31.9045      15422 0.0000e+00
     13.000    12.1003   3.689954    31.9006      15511 0.0000e+00
     12.000    12.1140   3.690898    31.8983      15599 0.0000e+00
     11.000    12.1542   3.693637    31.8908      15697 0.0000e+00
     10.000    12.1638   3.694308    31.8895      15787 0.0000e+00
      9.000    12.1981   3.696577    31.8824      15880 0.0000e+00
      8.000    12.2468   3.699802    31.8722      15967 0.0000e+00
      7.000    12.2391   3.699221    31.8737      16063 0.0000e+00
      6.000    12.2349   3.698622    31.8718      16161 0.0000e+00
      5.000    12.2561   3.700205    31.8694      17584 0.0000e+00
