PC2305/ctd007.cnv
* Sea-Bird SBE 9 Data File:
* FileName = C:\cruise\data\ctd007.hex
* Software Version Seasave V 7.26.7.121
* Temperature SN = 6664
* Conductivity SN = 6035
* Number of Bytes Per Scan = 37
* Number of Voltage Words = 4
* Number of Scans Averaged by the Deck Unit = 1
* NMEA Latitude = 37 49.92 N
* NMEA Longitude = 074 33.84 W
* NMEA UTC (Time) = Oct 30 2023 17:39:26
* NMEA baud rate = 4800
** Ship: Pisces PC2305
** Program:  Fall ECOMON
** Chief Scientist: Harvey Walsh
# nquan = 6
# nvalues = 96                          
# units = specified
# name 0 = depSM: Depth [salt water, m]
# name 1 = t090C: Temperature [ITS-90, deg C]
# name 2 = c0S/m: Conductivity [S/m]
# name 3 = sal00: Salinity, Practical [PSU]
# name 4 = scan: Scan Count
# name 5 = flag: flag
# span 0 =      1.000,     50.000       
# span 1 =    17.3608,    18.7409       
# span 2 =   4.325833,   4.488737       
# span 3 =    33.0006,    33.8297       
# span 4 =        191,      19225       
# span 5 = 0.0000e+00, 0.0000e+00       
# interval = meters: 1                  
# start_time = Oct 30 2023 17:39:26 [NMEA time, header]
# bad_flag = -9.990e-29
*END*
      4.000    18.7409   4.425858    33.0006        191 0.0000e+00
      5.000    18.7140   4.423768    33.0043        731 0.0000e+00
      6.000    18.6761   4.421548    33.0157        684 0.0000e+00
      7.000    18.6175   4.417726    33.0303        757 0.0000e+00
      8.000    18.5293   4.411672    33.0500        818 0.0000e+00
      9.000    18.3402   4.397943    33.0865        865 0.0000e+00
     10.000    17.9740   4.369777    33.1442        915 0.0000e+00
     11.000    17.7434   4.348827    33.1533        975 0.0000e+00
     12.000    17.6936   4.343390    33.1472       1016 0.0000e+00
     13.000    17.7718   4.356016    33.1906       1076 0.0000e+00
     14.000    17.8493   4.366923    33.2200       1133 0.0000e+00
     15.000    17.9116   4.376118    33.2470       1172 0.0000e+00
     16.000    17.9221   4.378211    33.2559       1240 0.0000e+00
     17.000    17.9072   4.376722    33.2550       1291 0.0000e+00
     18.000    17.8976   4.375612    33.2530       1334 0.0000e+00
     19.000    17.8838   4.374198    33.2519       1392 0.0000e+00
     20.000    17.8697   4.374029    33.2617       1451 0.0000e+00
     21.000    17.8525   4.373359    33.2696       1489 0.0000e+00
     22.000    17.8373   4.372246    33.2722       1556 0.0000e+00
     23.000    17.8244   4.370962    33.2714       1610 0.0000e+00
     24.000    17.8185   4.370309    33.2703       1657 0.0000e+00
     25.000    17.8057   4.368983    33.2691       1711 0.0000e+00
     26.000    17.7318   4.361311    33.2637       1762 0.0000e+00
     27.000    17.6246   4.348685    33.2432       1823 0.0000e+00
     28.000    17.5235   4.337097    33.2264       1870 0.0000e+00
     29.000    17.4818   4.332485    33.2208       1925 0.0000e+00
     30.000    17.4666   4.331584    33.2251       1984 0.0000e+00
     31.000    17.4556   4.332703    33.2434       2027 0.0000e+00
     32.000    17.4208   4.331069    33.2575       2081 0.0000e+00
     33.000    17.4013   4.330295    33.2665       2141 0.0000e+00
     34.000    17.3917   4.330074    33.2721       2192 0.0000e+00
     35.000    17.3858   4.329838    33.2746       2240 0.0000e+00
     36.000    17.4773   4.348908    33.3626       2305 0.0000e+00
     37.000    17.6667   4.379973    33.4724       2346 0.0000e+00
     38.000    17.8052   4.402487    33.5501       2395 0.0000e+00
     39.000    17.9213   4.420842    33.6105       2463 0.0000e+00
     40.000    18.1223   4.450670    33.6978       2506 0.0000e+00
     41.000    18.2412   4.468256    33.7484       2566 0.0000e+00
     42.000    18.3289   4.481722    33.7896       2620 0.0000e+00
     43.000    18.3480   4.485101    33.8021       2655 0.0000e+00
     44.000    18.3588   4.488049    33.8177       2740 0.0000e+00
     45.000    18.3585   4.488204    33.8189       2770 0.0000e+00
     46.000    18.3557   4.488481    33.8232       2832 0.0000e+00
     47.000    18.3555   4.488737    33.8251       2902 0.0000e+00
     48.000    18.3477   4.488235    33.8269       2946 0.0000e+00
     49.000    18.3384   4.487554    33.8285       3041 0.0000e+00
     50.000    18.3339   4.487278    33.8295       3584 0.0000e+00
     49.000    18.3322   4.487091    33.8297       7901 0.0000e+00
     48.000    18.3484   4.488384    33.8276       6986 0.0000e+00
     47.000    18.3511   4.488527    33.8270       7109 0.0000e+00
     46.000    18.3496   4.487789    33.8224       7161 0.0000e+00
     45.000    18.3358   4.485272    33.8128       7223 0.0000e+00
     44.000    18.3044   4.479633    33.7915       7282 0.0000e+00
     43.000    18.1678   4.458911    33.7290       7345 0.0000e+00
     42.000    18.0012   4.434114    33.6564       7409 0.0000e+00
     41.000    17.8228   4.407205    33.5747       7470 0.0000e+00
     40.000    17.6749   4.384091    33.4998       7535 0.0000e+00
     39.000    17.5134   4.357554    33.4060       7595 0.0000e+00
     38.000    17.4697   4.348528    33.3649       7663 0.0000e+00
     37.000    17.4146   4.336517    33.3075       7724 0.0000e+00
     36.000    17.3608   4.325833    33.2604       7790 0.0000e+00
     35.000    17.3690   4.326395    33.2588       7849 0.0000e+00
     34.000    17.3891   4.328425    33.2601       7923 0.0000e+00
     33.000    17.3980   4.329377    33.2613       7970 0.0000e+00
     32.000    17.4137   4.330417    33.2577       8039 0.0000e+00
     31.000    17.4601   4.333100    33.2430       8102 0.0000e+00
     30.000    17.4816   4.333775    33.2316       8164 0.0000e+00
     29.000    17.4968   4.334309    33.2241       8226 0.0000e+00
     28.000    17.5231   4.336887    33.2250       8310 0.0000e+00
     27.000    17.5796   4.343232    33.2334       8367 0.0000e+00
     26.000    17.6451   4.350972    33.2464       8440 0.0000e+00
     25.000    17.7281   4.360938    33.2639       9161 0.0000e+00
     24.000    17.6974   4.357466    33.2597      10863 0.0000e+00
     23.000    17.8055   4.368661    33.2673      11617 0.0000e+00
     22.000    17.8849   4.374157    33.2496      12850 0.0000e+00
     21.000    17.8943   4.375083    33.2501      13017 0.0000e+00
     20.000    17.8993   4.375633    33.2511      13133 0.0000e+00
     19.000    17.9043   4.376122    33.2515      13218 0.0000e+00
     18.000    17.9199   4.377780    33.2533      13313 0.0000e+00
     17.000    17.9399   4.379612    33.2529      13403 0.0000e+00
     16.000    17.9314   4.378045    33.2469      13501 0.0000e+00
     15.000    17.8051   4.360115    33.1977      13566 0.0000e+00
     14.000    17.6547   4.339231    33.1427      13660 0.0000e+00
     13.000    17.7068   4.343557    33.1374      13720 0.0000e+00
     12.000    17.7378   4.346615    33.1386      13803 0.0000e+00
     11.000    17.9568   4.368154    33.1441      13870 0.0000e+00
     10.000    18.1597   4.384414    33.1177      13935 0.0000e+00
      9.000    18.2518   4.391738    33.1055      14039 0.0000e+00
      8.000    18.4135   4.402989    33.0702      14080 0.0000e+00
      7.000    18.4347   4.404706    33.0680      14176 0.0000e+00
      6.000    18.5548   4.413076    33.0420      14251 0.0000e+00
      5.000    18.5584   4.413442    33.0425      14321 0.0000e+00
      4.000    18.6145   4.418037    33.0364      18445 0.0000e+00
      3.000    18.6002   4.416979    33.0394      19225 0.0000e+00
      2.000    18.6036   4.417105    33.0381      18940 0.0000e+00
      1.000    18.6097   4.417507    33.0368      18991 0.0000e+00
