PC2305/ctd013.cnv
* Sea-Bird SBE 9 Data File:
* FileName = C:\cruise\data\ctd013.hex
* Software Version Seasave V 7.26.7.121
* Temperature SN = 6664
* Conductivity SN = 6035
* Number of Bytes Per Scan = 37
* Number of Voltage Words = 4
* Number of Scans Averaged by the Deck Unit = 1
* NMEA Latitude = 39 42.99 N
* NMEA Longitude = 073 59.30 W
* NMEA UTC (Time) = Nov 02 2023 15:04:41
* NMEA baud rate = 4800
** Ship: Pisces PC2305
** Program:  Fall ECOMON
** Chief Scientist: Harvey Walsh
# nquan = 6
# nvalues = 39                          
# units = specified
# name 0 = depSM: Depth [salt water, m]
# name 1 = t090C: Temperature [ITS-90, deg C]
# name 2 = c0S/m: Conductivity [S/m]
# name 3 = sal00: Salinity, Practical [PSU]
# name 4 = scan: Scan Count
# name 5 = flag: flag
# span 0 =      1.000,     22.000       
# span 1 =    15.8960,    15.9253       
# span 2 =   3.948284,   3.993998       
# span 3 =    31.1599,    31.5632       
# span 4 =        298,      12086       
# span 5 = 0.0000e+00, 0.0000e+00       
# interval = meters: 1                  
# start_time = Nov 02 2023 15:04:41 [NMEA time, header]
# bad_flag = -9.990e-29
*END*
      5.000    15.8987   3.992733    31.5569        298 0.0000e+00
      6.000    15.8994   3.992711    31.5558        480 0.0000e+00
      7.000    15.9012   3.992896    31.5555        596 0.0000e+00
      8.000    15.9022   3.992983    31.5552        614 0.0000e+00
      9.000    15.9021   3.993070    31.5557        640 0.0000e+00
     10.000    15.9025   3.993266    31.5567        718 0.0000e+00
     11.000    15.9024   3.993308    31.5568        764 0.0000e+00
     12.000    15.9019   3.993398    31.5576        832 0.0000e+00
     13.000    15.9009   3.993348    31.5576        856 0.0000e+00
     14.000    15.8994   3.993446    31.5593        896 0.0000e+00
     15.000    15.8995   3.993504    31.5593        974 0.0000e+00
     16.000    15.8992   3.993581    31.5599       1001 0.0000e+00
     17.000    15.8981   3.993644    31.5610       1041 0.0000e+00
     18.000    15.8968   3.993710    31.5623       1113 0.0000e+00
     19.000    15.8976   3.993742    31.5615       1152 0.0000e+00
     20.000    15.8978   3.993761    31.5612       1187 0.0000e+00
     21.000    15.8960   3.993872    31.5632       2314 0.0000e+00
     22.000    15.8966   3.993944    31.5630       3341 0.0000e+00
     21.000    15.8967   3.993878    31.5627       3001 0.0000e+00
     20.000    15.8983   3.993851    31.5616       3752 0.0000e+00
     19.000    15.8989   3.993753    31.5606       4162 0.0000e+00
     18.000    15.9003   3.993803    31.5603       4289 0.0000e+00
     17.000    15.9015   3.993152    31.5539       4339 0.0000e+00
     16.000    15.9038   3.993998    31.5600       4445 0.0000e+00
     15.000    15.9031   3.993742    31.5586       4501 0.0000e+00
     14.000    15.9044   3.993557    31.5563       4700 0.0000e+00
     13.000    15.9051   3.993147    31.5525       4877 0.0000e+00
     12.000    15.9067   3.993153    31.5516       6996 0.0000e+00
     11.000    15.9074   3.992980    31.5500       8058 0.0000e+00
     10.000    15.9078   3.992927    31.5495       8302 0.0000e+00
      9.000    15.9117   3.993077    31.5481       8497 0.0000e+00
      8.000    15.9153   3.993202    31.5467       8849 0.0000e+00
      7.000    15.9253   3.993732    31.5438      12011 0.0000e+00
      6.000    15.9250   3.993709    31.5441      11726 0.0000e+00
      5.000    15.9244   3.993622    31.5443      11885 0.0000e+00
      4.000    15.9232   3.993486    31.5443      11925 0.0000e+00
      3.000    15.9243   3.993496    31.5439      12003 0.0000e+00
      2.000    15.9245   3.993420    31.5435      12062 0.0000e+00
      1.000    15.9102   3.948284    31.1599      12086 0.0000e+00
