PC2305/ctd022.cnv
* Sea-Bird SBE 9 Data File:
* FileName = C:\cruise\data\ctd022.hex
* Software Version Seasave V 7.26.7.121
* Temperature SN = 6664
* Conductivity SN = 6035
* Number of Bytes Per Scan = 37
* Number of Voltage Words = 4
* Number of Scans Averaged by the Deck Unit = 1
* NMEA Latitude = 42 22.19 N
* NMEA Longitude = 067 02.02 W
* NMEA UTC (Time) = Nov 07 2023 22:01:25
* NMEA baud rate = 4800
** Ship: Pisces PC2305
** Program:  Fall ECOMON
** Chief Scientist: Harvey Walsh
# nquan = 6
# nvalues = 660                         
# units = specified
# name 0 = depSM: Depth [salt water, m]
# name 1 = t090C: Temperature [ITS-90, deg C]
# name 2 = c0S/m: Conductivity [S/m]
# name 3 = sal00: Salinity, Practical [PSU]
# name 4 = scan: Scan Count
# name 5 = flag: flag
# span 0 =      4.000,    334.000       
# span 1 =     8.1072,    12.7079       
# span 2 =   3.498246,   3.744347       
# span 3 =    31.9053,    34.9819       
# span 4 =        324,      66460       
# span 5 = 0.0000e+00, 0.0000e+00       
# interval = meters: 1                  
# start_time = Nov 07 2023 22:01:25 [NMEA time, header]
# bad_flag = -9.990e-29
*END*
[from data line 478]
    185.000     8.7471   3.677120    34.7651      38962 0.0000e+00
    184.000     8.7405   3.674763    34.7473      39051 0.0000e+00
    183.000     8.7576   3.676064    34.7447      39157 0.0000e+00
    182.000     8.7621   3.676318    34.7434      39261 0.0000e+00
    181.000     8.7646   3.676401    34.7423      39362 0.0000e+00
    180.000     8.7660   3.676335    34.7407      39498 0.0000e+00
    179.000     8.7652   3.676177    34.7403      39589 0.0000e+00
    178.000     8.7682   3.676399    34.7402      39747 0.0000e+00
    177.000     8.7732   3.676877    34.7408      39881 0.0000e+00
    176.000     8.7758   3.677065    34.7407      40058 0.0000e+00
    175.000     8.7859   3.678081    34.7420      40262 0.0000e+00
    174.000     8.7956   3.678892    34.7415      40459 0.0000e+00
    173.000     8.7829   3.676839    34.7328      40733 0.0000e+00
    172.000     8.7559   3.672894    34.7182      41913 0.0000e+00
    171.000     8.7434   3.670286    34.7035      42500 0.0000e+00
    170.000     8.7324   3.667298    34.6832      42916 0.0000e+00
    169.000     8.7199   3.662154    34.6418      43495 0.0000e+00
    168.000     8.7198   3.660779    34.6278      43877 0.0000e+00
    167.000     8.7213   3.660269    34.6214      44193 0.0000e+00
    166.000     8.7220   3.659884    34.6172      44750 0.0000e+00
    165.000     8.7247   3.659411    34.6101      45474 0.0000e+00
    164.000     8.7247   3.659119    34.6075      45623 0.0000e+00
    163.000     8.7204   3.655412    34.5731      45664 0.0000e+00
    162.000     8.7164   3.653962    34.5622      45708 0.0000e+00
    161.000     8.7137   3.653211    34.5574      45815 0.0000e+00
    160.000     8.7103   3.652101    34.5495      45850 0.0000e+00
    159.000     8.7070   3.651084    34.5425      45931 0.0000e+00
    158.000     8.6762   3.644267    34.5012      46020 0.0000e+00
    157.000     8.6551   3.639906    34.4762      46110 0.0000e+00
    156.000     8.6419   3.637349    34.4626      46186 0.0000e+00
    155.000     8.6126   3.631450    34.4294      46272 0.0000e+00
    154.000     8.5829   3.623612    34.3760      46362 0.0000e+00
    153.000     8.5319   3.609978    34.2820      46460 0.0000e+00
    152.000     8.5336   3.608516    34.2654      46541 0.0000e+00
    151.000     8.5486   3.609497    34.2616      46651 0.0000e+00
    150.000     8.5569   3.610279    34.2623      46732 0.0000e+00
    149.000     8.5645   3.610766    34.2606      46806 0.0000e+00
    148.000     8.5679   3.610822    34.2583      46923 0.0000e+00
    147.000     8.5667   3.610478    34.2564      47036 0.0000e+00
    146.000     8.5643   3.609473    34.2485      47139 0.0000e+00
    145.000     8.5660   3.609245    34.2449      47249 0.0000e+00
    144.000     8.5727   3.609640    34.2431      47372 0.0000e+00
    143.000     8.5813   3.608058    34.2186      47467 0.0000e+00
    142.000     8.5779   3.605951    34.2000      47605 0.0000e+00
    141.000     8.5866   3.606472    34.1977      47705 0.0000e+00
    140.000     8.5887   3.606294    34.1942      47796 0.0000e+00
    139.000     8.5901   3.606143    34.1917      47912 0.0000e+00
    138.000     8.5908   3.605931    34.1892      48010 0.0000e+00
    137.000     8.5939   3.605092    34.1779      48180 0.0000e+00
    136.000     8.5842   3.601985    34.1550      48278 0.0000e+00
    135.000     8.5835   3.601802    34.1542      48429 0.0000e+00
    134.000     8.5830   3.600723    34.1437      48549 0.0000e+00
    133.000     8.5837   3.599616    34.1318      48655 0.0000e+00
    132.000     8.5944   3.597829    34.1032      48815 0.0000e+00
    131.000     8.5973   3.597476    34.0972      48951 0.0000e+00
    130.000     8.6060   3.596285    34.0767      49114 0.0000e+00
    129.000     8.6168   3.595644    34.0599      49225 0.0000e+00
    128.000     8.6198   3.595532    34.0563      49319 0.0000e+00
    127.000     8.6218   3.595516    34.0547      49458 0.0000e+00
    126.000     8.6242   3.595485    34.0526      49568 0.0000e+00
    125.000     8.6297   3.595405    34.0469      49709 0.0000e+00
    124.000     8.6355   3.595228    34.0399      49822 0.0000e+00
    123.000     8.6392   3.594855    34.0329      49909 0.0000e+00
    122.000     8.6422   3.593797    34.0193      50031 0.0000e+00
    121.000     8.6430   3.592959    34.0102      50150 0.0000e+00
    120.000     8.6425   3.592120    34.0024      50229 0.0000e+00
    119.000     8.6431   3.591442    33.9951      50318 0.0000e+00
    118.000     8.6430   3.590991    33.9909      50420 0.0000e+00
    117.000     8.6448   3.589861    33.9778      50497 0.0000e+00
    116.000     8.6461   3.589160    33.9696      50605 0.0000e+00
    115.000     8.6468   3.588613    33.9636      50714 0.0000e+00
    114.000     8.6472   3.588337    33.9608      50809 0.0000e+00
    113.000     8.6479   3.587991    33.9570      50904 0.0000e+00
    112.000     8.6546   3.585902    33.9290      50982 0.0000e+00
    111.000     8.6564   3.585380    33.9222      51089 0.0000e+00
    110.000     8.6659   3.583815    33.8972      51164 0.0000e+00
    109.000     8.6831   3.582296    33.8652      51260 0.0000e+00
    108.000     8.6796   3.582087    33.8668      51356 0.0000e+00
    107.000     8.6796   3.581168    33.8576      51445 0.0000e+00
    106.000     8.6774   3.579709    33.8448      51537 0.0000e+00
    105.000     8.6760   3.575372    33.8010      51615 0.0000e+00
    104.000     8.6788   3.573231    33.7763      51746 0.0000e+00
    103.000     8.6839   3.565534    33.6910      51844 0.0000e+00
    102.000     8.6743   3.561504    33.6583      51937 0.0000e+00
    101.000     8.6482   3.552267    33.5864      52029 0.0000e+00
    100.000     8.6376   3.549119    33.5639      52127 0.0000e+00
     99.000     8.6155   3.538438    33.4729      52221 0.0000e+00
     98.000     8.6237   3.533228    33.4109      52339 0.0000e+00
     97.000     8.6353   3.532558    33.3933      52443 0.0000e+00
     96.000     8.6433   3.532780    33.3886      52471 0.0000e+00
     95.000     8.6423   3.533013    33.3925      52584 0.0000e+00
     94.000     8.6498   3.532248    33.3779      52709 0.0000e+00
     93.000     8.6491   3.531632    33.3725      52796 0.0000e+00
     92.000     8.6456   3.530906    33.3686      52890 0.0000e+00
     91.000     8.6461   3.530773    33.3672      52990 0.0000e+00
     90.000     8.6457   3.530589    33.3662      53076 0.0000e+00
     89.000     8.6461   3.530483    33.3651      53176 0.0000e+00
     88.000     8.6551   3.530696    33.3593      53275 0.0000e+00
     87.000     8.6573   3.530690    33.3577      53344 0.0000e+00
     86.000     8.6710   3.530668    33.3449      53465 0.0000e+00
     85.000     8.6880   3.530485    33.3274      53553 0.0000e+00
     84.000     8.7461   3.531857    33.2877      53659 0.0000e+00
     83.000     8.9040   3.539314    33.2181      53756 0.0000e+00
     82.000     8.9663   3.542791    33.1966      53852 0.0000e+00
     81.000     8.9817   3.543571    33.1908      53944 0.0000e+00
     80.000     8.9895   3.543788    33.1862      54045 0.0000e+00
     79.000     8.9994   3.544073    33.1804      54125 0.0000e+00
     78.000     9.0082   3.544257    33.1746      54263 0.0000e+00
     77.000     9.0100   3.544207    33.1728      54298 0.0000e+00
     76.000     9.0208   3.544389    33.1651      54413 0.0000e+00
     75.000     9.0590   3.545114    33.1375      54510 0.0000e+00
     74.000     9.1326   3.544844    33.0668      54580 0.0000e+00
     73.000     9.1897   3.540829    32.9727      54689 0.0000e+00
     72.000     9.2041   3.542504    32.9773      54797 0.0000e+00
     71.000     9.2027   3.540786    32.9613      54883 0.0000e+00
     70.000     9.0530   3.519767    32.8821      54974 0.0000e+00
     69.000     8.9484   3.506015    32.8363      55114 0.0000e+00
     68.000     8.9641   3.505159    32.8133      55168 0.0000e+00
     67.000     9.0001   3.506956    32.7992      55277 0.0000e+00
     66.000     9.0163   3.508156    32.7972      55402 0.0000e+00
     65.000     9.0587   3.510192    32.7797      55486 0.0000e+00
     64.000     9.0593   3.508479    32.7618      55587 0.0000e+00
     63.000     9.0506   3.504820    32.7323      55691 0.0000e+00
     62.000     9.0453   3.499657    32.6841      55789 0.0000e+00
     61.000     9.0350   3.498246    32.6794      55839 0.0000e+00
     60.000     9.1130   3.504042    32.6684      55943 0.0000e+00
     59.000     9.2728   3.517095    32.6575      56024 0.0000e+00
     58.000     9.4228   3.528956    32.6431      56098 0.0000e+00
     57.000     9.4623   3.532016    32.6390      56200 0.0000e+00
     56.000     9.5244   3.536634    32.6303      56268 0.0000e+00
     55.000     9.7010   3.548994    32.5969      56359 0.0000e+00
     54.000     9.7448   3.551228    32.5805      56439 0.0000e+00
     53.000     9.7699   3.552754    32.5737      56529 0.0000e+00
     52.000     9.7965   3.553763    32.5604      56616 0.0000e+00
     51.000     9.8360   3.555986    32.5478      56714 0.0000e+00
     50.000     9.8939   3.559454    32.5313      56787 0.0000e+00
     49.000     9.9379   3.562551    32.5234      56870 0.0000e+00
     48.000    10.1202   3.575900    32.4951      56975 0.0000e+00
     47.000    10.6234   3.612931    32.4181      57079 0.0000e+00
     46.000    10.8460   3.630370    32.3948      57179 0.0000e+00
     45.000    10.9259   3.636648    32.3868      57270 0.0000e+00
     44.000    11.0471   3.645675    32.3696      57381 0.0000e+00
     43.000    11.1368   3.652612    32.3595      57489 0.0000e+00
     42.000    11.1675   3.654832    32.3548      57588 0.0000e+00
     41.000    11.1872   3.656120    32.3506      57688 0.0000e+00
     40.000    11.1950   3.655529    32.3383      57785 0.0000e+00
     39.000    11.2130   3.656166    32.3292      57903 0.0000e+00
     38.000    11.2628   3.660131    32.3249      57958 0.0000e+00
     37.000    11.3799   3.669323    32.3130      58066 0.0000e+00
     36.000    11.3906   3.670169    32.3124      58169 0.0000e+00
     35.000    11.4083   3.671630    32.3116      58286 0.0000e+00
     34.000    11.4503   3.675099    32.3093      58390 0.0000e+00
     33.000    11.5278   3.680363    32.2934      58478 0.0000e+00
     32.000    11.6040   3.684815    32.2709      58596 0.0000e+00
     31.000    11.9313   3.704477    32.1784      58730 0.0000e+00
     30.000    12.1208   3.714679    32.1138      58883 0.0000e+00
     29.000    12.2152   3.719248    32.0771      58979 0.0000e+00
     28.000    12.3474   3.725934    32.0284      59141 0.0000e+00
     27.000    12.3561   3.726543    32.0273      59218 0.0000e+00
     26.000    12.4044   3.729130    32.0112      59323 0.0000e+00
     25.000    12.4614   3.732316    31.9935      59467 0.0000e+00
     24.000    12.5087   3.734892    31.9782      59549 0.0000e+00
     23.000    12.5117   3.735120    31.9782      59686 0.0000e+00
     22.000    12.5717   3.738310    31.9579      59754 0.0000e+00
     21.000    12.5931   3.739398    31.9506      59869 0.0000e+00
     20.000    12.5840   3.738916    31.9541      60004 0.0000e+00
     19.000    12.6282   3.741173    31.9384      60153 0.0000e+00
     18.000    12.6359   3.741465    31.9351      60243 0.0000e+00
     17.000    12.6584   3.742601    31.9272      60381 0.0000e+00
     16.000    12.6595   3.742631    31.9270      60495 0.0000e+00
     15.000    12.6639   3.742785    31.9251      60609 0.0000e+00
     14.000    12.6710   3.743061    31.9221      60734 0.0000e+00
     13.000    12.6724   3.743147    31.9222      62477 0.0000e+00
     12.000    12.6692   3.742941    31.9233      63489 0.0000e+00
     11.000    12.6733   3.743089    31.9217      63537 0.0000e+00
     10.000    12.6710   3.742970    31.9229      63709 0.0000e+00
      9.000    12.6714   3.742941    31.9227      63903 0.0000e+00
      8.000    12.6854   3.743919    31.9205      64074 0.0000e+00
      7.000    12.6853   3.743763    31.9195      64356 0.0000e+00
      6.000    12.6779   3.743250    31.9213      64496 0.0000e+00
      5.000    12.6784   3.743360    31.9223      64728 0.0000e+00
      4.000    12.6770   3.743085    31.9213      66460 0.0000e+00
