PC2305/ctd005.cnv
* Sea-Bird SBE 9 Data File:
* FileName = C:\cruise\data\ctd005.hex
* Software Version Seasave V 7.26.7.121
* Temperature SN = 6664
* Conductivity SN = 6035
* Number of Bytes Per Scan = 37
* Number of Voltage Words = 4
* Number of Scans Averaged by the Deck Unit = 1
* NMEA Latitude = 39 03.09 N
* NMEA Longitude = 072 45.38 W
* NMEA UTC (Time) = Oct 29 2023 20:47:14
* NMEA baud rate = 4800
** Ship: Pisces PC2305
** Program:  Fall ECOMON
** Chief Scientist: Harvey Walsh
# nquan = 6
# nvalues = 288                         
# units = specified
# name 0 = depSM: Depth [salt water, m]
# name 1 = t090C: Temperature [ITS-90, deg C]
# name 2 = c0S/m: Conductivity [S/m]
# name 3 = sal00: Salinity, Practical [PSU]
# name 4 = scan: Scan Count
# name 5 = flag: flag
# span 0 =      3.000,    147.000       
# span 1 =    12.1574,    20.8353       
# span 2 =   3.939994,   4.824928       
# span 3 =    33.0824,    35.5544       
# span 4 =        442,      33079       
# span 5 = 0.0000e+00, 0.0000e+00       
# interval = meters: 1                  
# start_time = Oct 29 2023 20:47:14 [NMEA time, header]
# bad_flag = -9.990e-29
*END*
      4.000    17.8749   4.352786    33.0824        442 0.0000e+00
      5.000    18.4211   4.431814    33.3071        943 0.0000e+00
      6.000    19.0513   4.522272    33.5523       1027 0.0000e+00
      7.000    19.2743   4.554790    33.6416       1123 0.0000e+00
      8.000    19.3146   4.560956    33.6596       1187 0.0000e+00
      9.000    19.5051   4.588441    33.7320       1253 0.0000e+00
     10.000    19.6089   4.604253    33.7780       1342 0.0000e+00
     11.000    19.7292   4.623041    33.8346       1414 0.0000e+00
     12.000    19.7208   4.623530    33.8451       1488 0.0000e+00
     13.000    19.4598   4.588601    33.7685       1569 0.0000e+00
     14.000    19.1961   4.553187    33.6891       1629 0.0000e+00
     15.000    18.9643   4.522079    33.6185       1725 0.0000e+00
     16.000    18.8752   4.510165    33.5911       1797 0.0000e+00
     17.000    18.5061   4.466950    33.5292       1868 0.0000e+00
     18.000    18.4338   4.469089    33.6059       1946 0.0000e+00
     19.000    18.6500   4.502750    33.7115       2036 0.0000e+00
     20.000    19.1099   4.569762    33.8936       2118 0.0000e+00
     21.000    19.6693   4.649038    34.0929       2169 0.0000e+00
     22.000    19.8145   4.669867    34.1454       2269 0.0000e+00
     23.000    20.3224   4.748400    34.3709       2344 0.0000e+00
     24.000    20.7840   4.816081    34.5438       2409 0.0000e+00
     25.000    20.8124   4.820772    34.5582       2501 0.0000e+00
     26.000    20.8134   4.821265    34.5610       2583 0.0000e+00
     27.000    20.8184   4.822177    34.5639       2634 0.0000e+00
     28.000    20.8292   4.823894    34.5686       2729 0.0000e+00
     29.000    20.8353   4.824928    34.5716       2817 0.0000e+00
     30.000    20.7306   4.810237    34.5380       2872 0.0000e+00
     31.000    20.5117   4.779869    34.4706       2964 0.0000e+00
     32.000    20.3550   4.758359    34.4234       3048 0.0000e+00
     33.000    20.1620   4.732152    34.3672       3097 0.0000e+00
     34.000    19.9312   4.701570    34.3057       3208 0.0000e+00
     35.000    20.1956   4.746168    34.4531       3285 0.0000e+00
     36.000    20.3420   4.774138    34.5608       3335 0.0000e+00
     37.000    19.9284   4.720887    34.4645       3425 0.0000e+00
     38.000    17.4801   4.425868    34.0204       3534 0.0000e+00
     39.000    16.6570   4.328562    33.8697       3584 0.0000e+00
     40.000    16.1581   4.282342    33.8862       3631 0.0000e+00
     41.000    15.5335   4.224179    33.9034       3767 0.0000e+00
     42.000    15.2920   4.198823    33.8828       3821 0.0000e+00
     43.000    14.4186   4.111679    33.8478       3882 0.0000e+00
     44.000    14.0102   4.070155    33.8227       3982 0.0000e+00
     45.000    13.9998   4.068515    33.8161       4056 0.0000e+00
     46.000    13.9264   4.064232    33.8405       4131 0.0000e+00
     47.000    13.8424   4.059425    33.8695       4208 0.0000e+00
     48.000    13.6340   4.047461    33.9419       4279 0.0000e+00
     49.000    13.5268   4.042603    33.9913       4365 0.0000e+00
     50.000    13.3412   4.029477    34.0330       4443 0.0000e+00
     51.000    13.2855   4.026469    34.0540       4505 0.0000e+00
     52.000    13.2572   4.025284    34.0677       4588 0.0000e+00
     53.000    13.2203   4.022495    34.0740       4678 0.0000e+00
     54.000    13.0934   4.009876    34.0680       4744 0.0000e+00
     55.000    12.8898   3.990650    34.0681       4821 0.0000e+00
     56.000    12.5520   3.963645    34.1148       4892 0.0000e+00
     57.000    12.4229   3.955742    34.1557       4979 0.0000e+00
     58.000    12.2492   3.939994    34.1615       5055 0.0000e+00
     59.000    12.6365   4.000231    34.3873       5150 0.0000e+00
     60.000    12.9063   4.042113    34.5417       5204 0.0000e+00
     61.000    12.8482   4.036855    34.5442       5241 0.0000e+00
     62.000    12.7737   4.029452    34.5411       5392 0.0000e+00
     63.000    12.4548   4.000549    34.5558       5444 0.0000e+00
     64.000    12.3057   3.991821    34.6086       5474 0.0000e+00
     65.000    12.3748   4.000027    34.6237       5607 0.0000e+00
     66.000    12.4939   4.016637    34.6736       5685 0.0000e+00
     67.000    12.5802   4.029178    34.7143       5721 0.0000e+00
     68.000    12.6580   4.040109    34.7471       5813 0.0000e+00
     69.000    12.7761   4.056657    34.7964       5911 0.0000e+00
     70.000    13.2699   4.127454    35.0142       5969 0.0000e+00
     71.000    13.7583   4.198130    35.2321       6045 0.0000e+00
     72.000    13.8059   4.205459    35.2568       6132 0.0000e+00
     73.000    13.8034   4.205418    35.2583       6198 0.0000e+00
     74.000    13.8031   4.205642    35.2602       6285 0.0000e+00
     75.000    13.7961   4.204930    35.2596       6368 0.0000e+00
     76.000    13.7897   4.204206    35.2582       6426 0.0000e+00
     77.000    13.8106   4.208322    35.2773       6506 0.0000e+00
     78.000    13.9172   4.228145    35.3643       6601 0.0000e+00
     79.000    13.7976   4.222031    35.4170       6657 0.0000e+00
     80.000    13.5625   4.202568    35.4512       6747 0.0000e+00
     81.000    13.5263   4.199405    35.4546       6818 0.0000e+00
     82.000    13.4883   4.196048    35.4577       6889 0.0000e+00
     83.000    13.4684   4.194323    35.4595       6952 0.0000e+00
     84.000    13.4637   4.193920    35.4597       7087 0.0000e+00
     85.000    13.4586   4.193597    35.4609       7125 0.0000e+00
     86.000    13.4562   4.193654    35.4632       7155 0.0000e+00
     87.000    13.4564   4.193741    35.4634       7290 0.0000e+00
     88.000    13.4566   4.193796    35.4633       7352 0.0000e+00
     89.000    13.4538   4.193744    35.4650       7403 0.0000e+00
     90.000    13.4383   4.192664    35.4688       7519 0.0000e+00
     91.000    13.4240   4.191298    35.4688       7577 0.0000e+00
     92.000    13.4127   4.190019    35.4667       7653 0.0000e+00
     93.000    13.3949   4.187947    35.4632       7733 0.0000e+00
     94.000    13.3395   4.181996    35.4581       7811 0.0000e+00
     95.000    13.2106   4.171671    35.4798       7870 0.0000e+00
     96.000    13.1680   4.168479    35.4888       7975 0.0000e+00
     97.000    13.1637   4.168348    35.4912       8046 0.0000e+00
     98.000    13.1590   4.168002    35.4919       8092 0.0000e+00
     99.000    13.1549   4.167567    35.4911       8193 0.0000e+00
    100.000    13.1478   4.166800    35.4901       8288 0.0000e+00
    101.000    13.1380   4.165772    35.4889       8339 0.0000e+00
    102.000    13.1324   4.165221    35.4885       8391 0.0000e+00
    103.000    13.1259   4.164562    35.4879       8551 0.0000e+00
    104.000    13.1202   4.164129    35.4886       8586 0.0000e+00
    105.000    13.1194   4.164210    35.4897       8614 0.0000e+00
    106.000    13.1202   4.164426    35.4906       8738 0.0000e+00
    107.000    13.1175   4.164334    35.4918       8821 0.0000e+00
    108.000    13.1020   4.163239    35.4955       8859 0.0000e+00
    109.000    13.0836   4.161863    35.4992       8952 0.0000e+00
    110.000    13.0716   4.160904    35.5008       9075 0.0000e+00
    111.000    13.0611   4.160082    35.5024       9111 0.0000e+00
    112.000    13.0571   4.159790    35.5029       9160 0.0000e+00
    113.000    13.0549   4.159641    35.5031       9281 0.0000e+00
    114.000    13.0506   4.159377    35.5042       9386 0.0000e+00
    115.000    13.0497   4.159368    35.5045       9412 0.0000e+00
    116.000    13.0506   4.159490    35.5044       9443 0.0000e+00
    117.000    13.0500   4.159518    35.5047       9590 0.0000e+00
    118.000    13.0494   4.159624    35.5059       9658 0.0000e+00
    119.000    13.0472   4.159692    35.5082       9700 0.0000e+00
    120.000    13.0170   4.158710    35.5267       9809 0.0000e+00
    121.000    12.9825   4.157251    35.5447       9905 0.0000e+00
    122.000    12.9145   4.151632    35.5544       9958 0.0000e+00
    123.000    12.8906   4.149276    35.5538      10011 0.0000e+00
    124.000    12.8111   4.141408    35.5528      10148 0.0000e+00
    125.000    12.7651   4.136916    35.5525      10200 0.0000e+00
    126.000    12.7101   4.131084    35.5479      10239 0.0000e+00
    127.000    12.6747   4.127074    35.5423      10355 0.0000e+00
    128.000    12.6567   4.125134    35.5401      10434 0.0000e+00
    129.000    12.6244   4.121680    35.5369      10491 0.0000e+00
    130.000    12.5169   4.110607    35.5311      10565 0.0000e+00
    131.000    12.4671   4.105134    35.5249      10682 0.0000e+00
    132.000    12.4405   4.102474    35.5238      10723 0.0000e+00
    133.000    12.4179   4.100060    35.5214      10799 0.0000e+00
    134.000    12.3522   4.093040    35.5151      10904 0.0000e+00
    135.000    12.2644   4.083945    35.5096      10964 0.0000e+00
    136.000    12.2345   4.080676    35.5057      11089 0.0000e+00
    137.000    12.2411   4.081352    35.5056      11143 0.0000e+00
    138.000    12.2474   4.082012    35.5057      11244 0.0000e+00
    139.000    12.2458   4.081883    35.5055      11311 0.0000e+00
    140.000    12.2386   4.081138    35.5046      11408 0.0000e+00
    141.000    12.2074   4.077921    35.5025      11492 0.0000e+00
    142.000    12.2046   4.077662    35.5022      11597 0.0000e+00
    143.000    12.1860   4.075733    35.5006      11647 0.0000e+00
    144.000    12.1756   4.074631    35.4993      11763 0.0000e+00
    145.000    12.1574   4.072775    35.4981      11855 0.0000e+00
    146.000    12.1678   4.073795    35.4977      12336 0.0000e+00
    147.000    12.1814   4.075105    35.4971      13190 0.0000e+00
    146.000    12.1738   4.074402    35.4979      12845 0.0000e+00
    145.000    12.1589   4.072779    35.4967      14217 0.0000e+00
    144.000    12.1663   4.073505    35.4971      14857 0.0000e+00
    143.000    12.1774   4.074734    35.4990      14913 0.0000e+00
    142.000    12.1840   4.075282    35.4986      15047 0.0000e+00
    141.000    12.2003   4.076946    35.4997      15131 0.0000e+00
    140.000    12.1989   4.076772    35.4998      15275 0.0000e+00
    139.000    12.2232   4.079297    35.5017      15333 0.0000e+00
    138.000    12.2157   4.078460    35.5012      15410 0.0000e+00
    137.000    12.2176   4.078537    35.5005      15536 0.0000e+00
    136.000    12.2328   4.080163    35.5024      15594 0.0000e+00
    135.000    12.2332   4.080171    35.5026      15647 0.0000e+00
    134.000    12.2358   4.080345    35.5022      15749 0.0000e+00
    133.000    12.2564   4.082546    35.5045      15820 0.0000e+00
    132.000    12.2687   4.084039    35.5078      15865 0.0000e+00
    131.000    12.2763   4.084375    35.5043      15966 0.0000e+00
    130.000    12.3835   4.095714    35.5132      16023 0.0000e+00
    129.000    12.3582   4.093117    35.5124      16100 0.0000e+00
    128.000    12.4680   4.104509    35.5193      16189 0.0000e+00
    127.000    12.5934   4.117558    35.5273      16242 0.0000e+00
    126.000    12.5558   4.113505    35.5241      16298 0.0000e+00
    125.000    12.6018   4.118788    35.5320      16397 0.0000e+00
    124.000    12.7530   4.134852    35.5446      16487 0.0000e+00
    123.000    12.7637   4.135983    35.5458      16522 0.0000e+00
    122.000    12.7091   4.130210    35.5422      16588 0.0000e+00
    121.000    12.8452   4.144087    35.5477      16672 0.0000e+00
    120.000    12.9234   4.151689    35.5475      16757 0.0000e+00
    119.000    12.9967   4.156806    35.5280      16815 0.0000e+00
    118.000    13.0011   4.156010    35.5167      16853 0.0000e+00
    117.000    12.9487   4.151798    35.5261      16912 0.0000e+00
    116.000    13.0468   4.158672    35.5001      17022 0.0000e+00
    115.000    13.0389   4.158282    35.5042      17075 0.0000e+00
    114.000    13.0371   4.158112    35.5048      17105 0.0000e+00
    113.000    13.0295   4.157438    35.5059      17134 0.0000e+00
    112.000    13.0343   4.157875    35.5059      17255 0.0000e+00
    111.000    13.0553   4.159461    35.5018      17312 0.0000e+00
    110.000    13.0677   4.160347    35.4991      17352 0.0000e+00
    109.000    13.0874   4.161825    35.4952      17399 0.0000e+00
    108.000    13.1188   4.164323    35.4901      17486 0.0000e+00
    107.000    13.1273   4.165043    35.4894      17583 0.0000e+00
    106.000    13.1308   4.165324    35.4893      17633 0.0000e+00
    105.000    13.1360   4.165905    35.4903      17687 0.0000e+00
    104.000    13.1408   4.166532    35.4923      17786 0.0000e+00
    103.000    13.1409   4.166528    35.4926      17898 0.0000e+00
    102.000    13.1550   4.168049    35.4943      17936 0.0000e+00
    101.000    13.1612   4.168539    35.4936      18008 0.0000e+00
    100.000    13.1579   4.166971    35.4822      18122 0.0000e+00
     99.000    13.1624   4.166859    35.4773      18195 0.0000e+00
     98.000    13.1750   4.168081    35.4776      18252 0.0000e+00
     97.000    13.1846   4.168891    35.4769      18322 0.0000e+00
     96.000    13.1895   4.168404    35.4680      18394 0.0000e+00
     95.000    13.2291   4.170560    35.4520      18482 0.0000e+00
     94.000    13.2419   4.171654    35.4509      18553 0.0000e+00
     93.000    13.2394   4.171512    35.4523      18591 0.0000e+00
     92.000    13.2494   4.172174    35.4497      18674 0.0000e+00
     91.000    13.2726   4.174209    35.4479      18780 0.0000e+00
     90.000    13.3268   4.179899    35.4517      18826 0.0000e+00
     89.000    13.4275   4.190760    35.4613      18867 0.0000e+00
     88.000    13.4575   4.193795    35.4625      18959 0.0000e+00
     87.000    13.4787   4.195750    35.4617      19065 0.0000e+00
     86.000    13.4889   4.196404    35.4588      19099 0.0000e+00
     85.000    13.4914   4.196474    35.4576      19140 0.0000e+00
     84.000    13.4993   4.197092    35.4565      19276 0.0000e+00
     83.000    13.5955   4.205230    35.4444      19331 0.0000e+00
     82.000    13.6892   4.213418    35.4351      19367 0.0000e+00
     81.000    13.8859   4.229109    35.4009      19450 0.0000e+00
     80.000    13.9202   4.228189    35.3611      19554 0.0000e+00
     79.000    13.9269   4.227255    35.3466      19604 0.0000e+00
     78.000    13.9223   4.226826    35.3472      19649 0.0000e+00
     77.000    13.9199   4.232216    35.4004      21678 0.0000e+00
     76.000    13.9175   4.232937    35.4097      22311 0.0000e+00
     75.000    13.9216   4.233070    35.4076      22473 0.0000e+00
     74.000    13.9269   4.232511    35.3979      22547 0.0000e+00
     73.000    13.9351   4.228152    35.3500      22608 0.0000e+00
     72.000    13.9058   4.221198    35.3123      22701 0.0000e+00
     71.000    13.6321   4.179941    35.1774      22760 0.0000e+00
     70.000    13.4009   4.146250    35.0727      22833 0.0000e+00
     69.000    12.8690   4.070823    34.8462      22908 0.0000e+00
     68.000    12.6525   4.040470    34.7557      22995 0.0000e+00
     67.000    12.5674   4.028108    34.7157      23067 0.0000e+00
     66.000    12.4386   4.008295    34.6441      23167 0.0000e+00
     65.000    12.3166   3.989558    34.5762      23223 0.0000e+00
     64.000    12.2924   3.982521    34.5309      23350 0.0000e+00
     63.000    12.6884   4.022351    34.5508      23403 0.0000e+00
     62.000    12.7824   4.031990    34.5574      23440 0.0000e+00
     61.000    12.9594   4.047636    34.5455      23608 0.0000e+00
     60.000    12.6999   4.007503    34.3987      23650 0.0000e+00
     59.000    12.2623   3.944005    34.1878      23679 0.0000e+00
     58.000    12.4828   3.953668    34.0808      23827 0.0000e+00
     57.000    12.5099   3.955683    34.0761      23894 0.0000e+00
     56.000    12.7138   3.973774    34.0653      23974 0.0000e+00
     55.000    13.0032   4.001524    34.0694      24097 0.0000e+00
     54.000    13.1341   4.015642    34.0862      24162 0.0000e+00
     53.000    13.2017   4.023459    34.0999      24260 0.0000e+00
