PC2305/ctd008.cnv
* Sea-Bird SBE 9 Data File:
* FileName = C:\cruise\data\ctd008.hex
* Software Version Seasave V 7.26.7.121
* Temperature SN = 6664
* Conductivity SN = 6035
* Number of Bytes Per Scan = 37
* Number of Voltage Words = 4
* Number of Scans Averaged by the Deck Unit = 1
* NMEA Latitude = 35 59.99 N
* NMEA Longitude = 074 40.14 W
* NMEA UTC (Time) = Oct 31 2023 09:07:39
* NMEA baud rate = 4800
** Ship: Pisces PC2305
** Program:  Fall ECOMON
** Chief Scientist: Harvey Walsh
# nquan = 6
# nvalues = 1003                        
# units = specified
# name 0 = depSM: Depth [salt water, m]
# name 1 = t090C: Temperature [ITS-90, deg C]
# name 2 = c0S/m: Conductivity [S/m]
# name 3 = sal00: Salinity, Practical [PSU]
# name 4 = scan: Scan Count
# name 5 = flag: flag
# span 0 =      1.000,    503.000       
# span 1 =     6.1316,    24.3906       
# span 2 =   3.479121,   5.369236       
# span 3 =    33.1361,    36.1176       
# span 4 =         -7,      44448       
# span 5 = 0.0000e+00, 0.0000e+00       
# interval = meters: 1                  
# start_time = Oct 31 2023 09:07:39 [NMEA time, header]
# bad_flag = -9.990e-29
*END*
[from data line 239]
    242.000    11.0389   3.960386    35.4158       6425 0.0000e+00
    243.000    11.0040   3.956610    35.4112       6449 0.0000e+00
    244.000    10.9809   3.954293    35.4098       6468 0.0000e+00
    245.000    10.9643   3.952495    35.4075       6487 0.0000e+00
    246.000    10.9089   3.946420    35.3996       6510 0.0000e+00
    247.000    10.8615   3.941546    35.3960       6532 0.0000e+00
    248.000    10.8328   3.938580    35.3935       6555 0.0000e+00
    249.000    10.8134   3.936516    35.3911       6587 0.0000e+00
    250.000    10.8043   3.935450    35.3887       6623 0.0000e+00
    251.000    10.7746   3.932285    35.3851       6648 0.0000e+00
    252.000    10.7583   3.930565    35.3832       6667 0.0000e+00
    253.000    10.7460   3.929294    35.3818       6687 0.0000e+00
    254.000    10.7409   3.928742    35.3808       6710 0.0000e+00
    255.000    10.7316   3.927759    35.3794       6743 0.0000e+00
    256.000    10.7202   3.926460    35.3769       6778 0.0000e+00
    257.000    10.6778   3.922013    35.3727       6801 0.0000e+00
    258.000    10.6594   3.920108    35.3708       6818 0.0000e+00
    259.000    10.6341   3.917465    35.3682       6834 0.0000e+00
    260.000    10.6152   3.915446    35.3656       6850 0.0000e+00
    261.000    10.5892   3.912713    35.3629       6881 0.0000e+00
    262.000    10.5671   3.910249    35.3589       6941 0.0000e+00
    263.000    10.5295   3.906305    35.3550       6962 0.0000e+00
    264.000    10.4971   3.902933    35.3519       6978 0.0000e+00
    265.000    10.4576   3.898783    35.3478       6993 0.0000e+00
    266.000    10.4141   3.894069    35.3418       7010 0.0000e+00
    267.000    10.3130   3.883459    35.3319       7039 0.0000e+00
    268.000    10.2792   3.879761    35.3267       7075 0.0000e+00
    269.000    10.2755   3.879225    35.3243       7099 0.0000e+00
    270.000    10.2433   3.875705    35.3194       7119 0.0000e+00
    271.000    10.2405   3.875496    35.3195       7140 0.0000e+00
    272.000    10.2318   3.874518    35.3176       7167 0.0000e+00
    273.000    10.2271   3.874006    35.3165       7197 0.0000e+00
    274.000    10.2258   3.873853    35.3158       7224 0.0000e+00
    275.000    10.2174   3.872961    35.3143       7248 0.0000e+00
    276.000    10.2118   3.872394    35.3135       7272 0.0000e+00
    277.000    10.2057   3.871749    35.3125       7297 0.0000e+00
    278.000    10.1956   3.870684    35.3110       7323 0.0000e+00
    279.000    10.1821   3.869219    35.3087       7351 0.0000e+00
    280.000    10.1668   3.867626    35.3070       7376 0.0000e+00
    281.000    10.1683   3.867809    35.3069       7400 0.0000e+00
    282.000    10.1559   3.866445    35.3046       7423 0.0000e+00
    283.000    10.1323   3.864002    35.3022       7446 0.0000e+00
    284.000    10.1152   3.862208    35.3001       7472 0.0000e+00
    285.000    10.0591   3.856329    35.2942       7501 0.0000e+00
    286.000     9.9070   3.839962    35.2746       7528 0.0000e+00
    287.000     9.7335   3.821987    35.2591       7553 0.0000e+00
    288.000     9.6772   3.816170    35.2538       7578 0.0000e+00
    289.000     9.6466   3.812834    35.2489       7601 0.0000e+00
    290.000     9.6196   3.809944    35.2450       7624 0.0000e+00
    291.000     9.6102   3.808976    35.2438       7653 0.0000e+00
    292.000     9.6080   3.808667    35.2423       7688 0.0000e+00
    293.000     9.6048   3.808332    35.2415       7714 0.0000e+00
    294.000     9.5868   3.806404    35.2388       7734 0.0000e+00
    295.000     9.5678   3.804524    35.2375       7751 0.0000e+00
    296.000     9.5492   3.802529    35.2346       7772 0.0000e+00
    297.000     9.5222   3.799800    35.2325       7802 0.0000e+00
    298.000     9.5024   3.797707    35.2298       7841 0.0000e+00
    299.000     9.4929   3.796712    35.2283       7871 0.0000e+00
    300.000     9.4533   3.792514    35.2232       7892 0.0000e+00
    301.000     9.4070   3.788006    35.2215       7909 0.0000e+00
    302.000     9.3838   3.785706    35.2199       7926 0.0000e+00
    303.000     9.3767   3.785027    35.2194       7945 0.0000e+00
    304.000     9.3708   3.784366    35.2179       7980 0.0000e+00
    305.000     9.3589   3.783149    35.2165       8026 0.0000e+00
    306.000     9.3546   3.782704    35.2156       8047 0.0000e+00
    307.000     9.3505   3.782281    35.2148       8065 0.0000e+00
    308.000     9.3468   3.781924    35.2142       8083 0.0000e+00
    309.000     9.3453   3.781775    35.2137       8106 0.0000e+00
    310.000     9.3442   3.781729    35.2138       8134 0.0000e+00
    311.000     9.3433   3.781677    35.2137       8164 0.0000e+00
    312.000     9.3424   3.781632    35.2137       8194 0.0000e+00
    313.000     9.3316   3.780500    35.2121       8221 0.0000e+00
    314.000     9.3104   3.778261    35.2091       8245 0.0000e+00
    315.000     9.2915   3.776342    35.2073       8265 0.0000e+00
    316.000     9.2804   3.775220    35.2061       8284 0.0000e+00
    317.000     9.2599   3.773053    35.2032       8306 0.0000e+00
    318.000     9.2048   3.767401    35.1981       8341 0.0000e+00
    319.000     9.1020   3.756615    35.1864       8378 0.0000e+00
    320.000     9.0673   3.753299    35.1855       8400 0.0000e+00
    321.000     9.0582   3.752597    35.1867       8420 0.0000e+00
    322.000     9.0440   3.751360    35.1873       8442 0.0000e+00
    323.000     9.0388   3.750902    35.1871       8468 0.0000e+00
    324.000     9.0379   3.750887    35.1874       8492 0.0000e+00
    325.000     9.0389   3.751157    35.1887       8514 0.0000e+00
    326.000     9.0345   3.750875    35.1897       8540 0.0000e+00
    327.000     9.0085   3.748381    35.1888       8577 0.0000e+00
    328.000     8.9854   3.746042    35.1866       8604 0.0000e+00
    329.000     8.9661   3.744214    35.1860       8623 0.0000e+00
    330.000     8.9615   3.743826    35.1860       8641 0.0000e+00
    331.000     8.9308   3.740738    35.1835       8663 0.0000e+00
    332.000     8.8957   3.737286    35.1815       8697 0.0000e+00
    333.000     8.8727   3.735036    35.1802       8732 0.0000e+00
    334.000     8.8661   3.734509    35.1807       8758 0.0000e+00
    335.000     8.8646   3.734496    35.1816       8778 0.0000e+00
    336.000     8.8563   3.733727    35.1813       8795 0.0000e+00
    337.000     8.8392   3.732124    35.1809       8814 0.0000e+00
    338.000     8.8023   3.728577    35.1795       8836 0.0000e+00
    339.000     8.7655   3.725195    35.1799       8870 0.0000e+00
    340.000     8.7353   3.722216    35.1780       8902 0.0000e+00
    341.000     8.7139   3.720117    35.1766       8924 0.0000e+00
    342.000     8.6924   3.718114    35.1764       8947 0.0000e+00
    343.000     8.6746   3.716406    35.1755       8980 0.0000e+00
    344.000     8.6643   3.715413    35.1748       9012 0.0000e+00
    345.000     8.6459   3.713579    35.1732       9032 0.0000e+00
    346.000     8.6154   3.710677    35.1723       9049 0.0000e+00
    347.000     8.5854   3.707628    35.1694       9067 0.0000e+00
    348.000     8.5201   3.701259    35.1665       9090 0.0000e+00
    349.000     8.4891   3.698338    35.1658       9121 0.0000e+00
    350.000     8.4774   3.697122    35.1641       9150 0.0000e+00
    351.000     8.4677   3.696160    35.1630       9178 0.0000e+00
    352.000     8.4624   3.695624    35.1622       9204 0.0000e+00
    353.000     8.4587   3.695277    35.1617       9228 0.0000e+00
    354.000     8.4554   3.694967    35.1612       9251 0.0000e+00
    355.000     8.4514   3.694570    35.1606       9276 0.0000e+00
    356.000     8.4416   3.693640    35.1599       9301 0.0000e+00
    357.000     8.4334   3.692851    35.1592       9327 0.0000e+00
    358.000     8.4221   3.691731    35.1582       9352 0.0000e+00
    359.000     8.4073   3.690306    35.1572       9375 0.0000e+00
    360.000     8.3806   3.687727    35.1560       9399 0.0000e+00
    361.000     8.3712   3.686850    35.1555       9428 0.0000e+00
    362.000     8.3685   3.686588    35.1549       9460 0.0000e+00
    363.000     8.3646   3.686237    35.1546       9481 0.0000e+00
    364.000     8.3611   3.685948    35.1546       9498 0.0000e+00
    365.000     8.3562   3.685481    35.1539       9517 0.0000e+00
    366.000     8.3507   3.684976    35.1536       9548 0.0000e+00
    367.000     8.3489   3.684819    35.1533       9585 0.0000e+00
    368.000     8.3406   3.684046    35.1528       9607 0.0000e+00
    369.000     8.3249   3.682532    35.1519       9626 0.0000e+00
    370.000     8.3189   3.682010    35.1518       9650 0.0000e+00
    371.000     8.3172   3.681719    35.1499       9682 0.0000e+00
    372.000     8.3120   3.681380    35.1511       9705 0.0000e+00
    373.000     8.2927   3.679570    35.1505       9723 0.0000e+00
    374.000     8.2769   3.678096    35.1501       9743 0.0000e+00
    375.000     8.2575   3.676216    35.1489       9773 0.0000e+00
    376.000     8.1987   3.670525    35.1464       9808 0.0000e+00
    377.000     8.1420   3.665198    35.1457       9832 0.0000e+00
    378.000     8.1404   3.665075    35.1456       9854 0.0000e+00
    379.000     8.1393   3.664986    35.1451       9876 0.0000e+00
    380.000     8.1159   3.662853    35.1452       9901 0.0000e+00
    381.000     8.1093   3.662275    35.1452       9925 0.0000e+00
    382.000     8.1058   3.661933    35.1445       9949 0.0000e+00
    383.000     8.0837   3.659799    35.1434       9974 0.0000e+00
    384.000     8.0687   3.658374    35.1426      10005 0.0000e+00
    385.000     8.0621   3.657755    35.1421      10035 0.0000e+00
    386.000     8.0605   3.657638    35.1420      10058 0.0000e+00
    387.000     8.0597   3.657614    35.1420      10078 0.0000e+00
    388.000     8.0599   3.657651    35.1417      10097 0.0000e+00
    389.000     8.0566   3.657393    35.1418      10117 0.0000e+00
    390.000     8.0558   3.657332    35.1415      10147 0.0000e+00
    391.000     8.0554   3.657327    35.1413      10194 0.0000e+00
    392.000     8.0556   3.657398    35.1414      10218 0.0000e+00
    393.000     8.0526   3.657173    35.1416      10234 0.0000e+00
    394.000     8.0416   3.656226    35.1419      10248 0.0000e+00
    395.000     8.0325   3.655411    35.1418      10262 0.0000e+00
    396.000     8.0232   3.654530    35.1411      10280 0.0000e+00
    397.000     8.0271   3.654892    35.1406      10350 0.0000e+00
    398.000     8.0117   3.653500    35.1406      10376 0.0000e+00
    399.000     8.0077   3.653151    35.1404      10390 0.0000e+00
    400.000     8.0028   3.652726    35.1403      10403 0.0000e+00
    401.000     7.9967   3.652188    35.1401      10416 0.0000e+00
    402.000     7.9863   3.651202    35.1396      10431 0.0000e+00
    403.000     7.9702   3.649695    35.1390      10479 0.0000e+00
    404.000     7.9557   3.648297    35.1380      10530 0.0000e+00
    405.000     7.9320   3.646044    35.1371      10548 0.0000e+00
    406.000     7.9157   3.644541    35.1368      10563 0.0000e+00
    407.000     7.8868   3.641767    35.1355      10576 0.0000e+00
    408.000     7.8183   3.634941    35.1303      10591 0.0000e+00
    409.000     7.6993   3.623348    35.1243      10611 0.0000e+00
    410.000     7.6721   3.621200    35.1280      10658 0.0000e+00
    411.000     7.6746   3.621788    35.1313      10701 0.0000e+00
    412.000     7.6765   3.622043    35.1316      10718 0.0000e+00
    413.000     7.6801   3.622547    35.1330      10733 0.0000e+00
    414.000     7.6837   3.623001    35.1338      10748 0.0000e+00
    415.000     7.6827   3.623010    35.1344      10773 0.0000e+00
    416.000     7.6646   3.621587    35.1368      10824 0.0000e+00
    417.000     7.6030   3.615900    35.1368      10849 0.0000e+00
    418.000     7.5701   3.612872    35.1366      10866 0.0000e+00
    419.000     7.5431   3.610366    35.1362      10880 0.0000e+00
    420.000     7.5208   3.608226    35.1351      10896 0.0000e+00
    421.000     7.4991   3.606104    35.1334      10917 0.0000e+00
    422.000     7.4869   3.604883    35.1320      10963 0.0000e+00
    423.000     7.4812   3.604329    35.1313      11004 0.0000e+00
    424.000     7.4783   3.604083    35.1310      11023 0.0000e+00
    425.000     7.4757   3.603852    35.1306      11039 0.0000e+00
    426.000     7.4743   3.603744    35.1303      11053 0.0000e+00
    427.000     7.4684   3.603202    35.1299      11068 0.0000e+00
    428.000     7.4702   3.603375    35.1295      11110 0.0000e+00
    429.000     7.4582   3.602174    35.1281      11166 0.0000e+00
    430.000     7.4246   3.599114    35.1282      11180 0.0000e+00
    431.000     7.4022   3.597015    35.1275      11193 0.0000e+00
    432.000     7.3791   3.594867    35.1270      11206 0.0000e+00
    433.000     7.3733   3.594344    35.1267      11218 0.0000e+00
    434.000     7.3737   3.594306    35.1254      11255 0.0000e+00
    435.000     7.3587   3.592788    35.1235      11317 0.0000e+00
    436.000     7.3223   3.589432    35.1233      11332 0.0000e+00
    437.000     7.3135   3.588644    35.1232      11346 0.0000e+00
    438.000     7.3067   3.587982    35.1223      11359 0.0000e+00
    439.000     7.2881   3.586185    35.1210      11378 0.0000e+00
    440.000     7.2687   3.584386    35.1205      11419 0.0000e+00
    441.000     7.2522   3.582805    35.1195      11458 0.0000e+00
    442.000     7.2342   3.581137    35.1189      11480 0.0000e+00
    443.000     7.2173   3.579505    35.1178      11500 0.0000e+00
    444.000     7.1903   3.576984    35.1171      11521 0.0000e+00
    445.000     7.1791   3.575987    35.1170      11544 0.0000e+00
    446.000     7.1736   3.575484    35.1166      11572 0.0000e+00
    447.000     7.1682   3.574972    35.1160      11604 0.0000e+00
    448.000     7.1657   3.574759    35.1157      11629 0.0000e+00
    449.000     7.1624   3.574452    35.1152      11652 0.0000e+00
    450.000     7.1548   3.573777    35.1150      11679 0.0000e+00
    451.000     7.1511   3.573432    35.1145      11708 0.0000e+00
    452.000     7.1341   3.571841    35.1138      11731 0.0000e+00
    453.000     7.1278   3.571324    35.1141      11752 0.0000e+00
    454.000     7.1226   3.570845    35.1136      11783 0.0000e+00
    455.000     7.1185   3.570470    35.1131      11832 0.0000e+00
    456.000     7.1006   3.568827    35.1128      11851 0.0000e+00
    457.000     7.0750   3.566544    35.1132      11865 0.0000e+00
    458.000     7.0580   3.564982    35.1129      11878 0.0000e+00
    459.000     7.0425   3.563552    35.1125      11894 0.0000e+00
    460.000     7.0557   3.564750    35.1117      11956 0.0000e+00
    461.000     6.9984   3.559480    35.1115      11993 0.0000e+00
    462.000     6.9542   3.555455    35.1117      12007 0.0000e+00
    463.000     6.8788   3.548653    35.1130      12021 0.0000e+00
    464.000     6.8497   3.545854    35.1113      12034 0.0000e+00
    465.000     6.8182   3.542846    35.1097      12071 0.0000e+00
    466.000     6.7228   3.533980    35.1085      12123 0.0000e+00
    467.000     6.6997   3.531800    35.1076      12142 0.0000e+00
    468.000     6.6760   3.529581    35.1066      12160 0.0000e+00
    469.000     6.6485   3.527034    35.1060      12180 0.0000e+00
    470.000     6.6106   3.523642    35.1066      12215 0.0000e+00
    471.000     6.5587   3.518661    35.1039      12248 0.0000e+00
    472.000     6.5334   3.516355    35.1037      12269 0.0000e+00
    473.000     6.5162   3.514715    35.1026      12288 0.0000e+00
    474.000     6.4836   3.511828    35.1033      12315 0.0000e+00
    475.000     6.4524   3.508917    35.1023      12353 0.0000e+00
    476.000     6.4449   3.508162    35.1011      12381 0.0000e+00
    477.000     6.4385   3.507557    35.1005      12406 0.0000e+00
    478.000     6.4351   3.507192    35.0993      12461 0.0000e+00
    479.000     6.4306   3.506753    35.0986      12530 0.0000e+00
