PC2305/ctd033.cnv
* Sea-Bird SBE 9 Data File:
* FileName = C:\cruise\data\ctd033.hex
* Software Version Seasave V 7.26.7.121
* Temperature SN = 6664
* Conductivity SN = 6035
* Number of Bytes Per Scan = 37
* Number of Voltage Words = 4
* Number of Scans Averaged by the Deck Unit = 1
* NMEA Latitude = 42 42.15 N
* NMEA Longitude = 067 42.24 W
* NMEA UTC (Time) = Nov 12 2023 05:32:19
* NMEA baud rate = 4800
** Ship: Pisces PC2305
** Program:  Fall ECOMON
** Chief Scientist: Harvey Walsh
# nquan = 6
# nvalues = 365                         
# units = specified
# name 0 = depSM: Depth [salt water, m]
# name 1 = t090C: Temperature [ITS-90, deg C]
# name 2 = c0S/m: Conductivity [S/m]
# name 3 = sal00: Salinity, Practical [PSU]
# name 4 = scan: Scan Count
# name 5 = flag: flag
# span 0 =      4.000,    186.000       
# span 1 =     7.7662,    10.9445       
# span 2 =   3.440811,   3.633721       
# span 3 =    32.3103,    34.5304       
# span 4 =       -445,      23685       
# span 5 = 0.0000e+00, 0.0000e+00       
# interval = meters: 1                  
# start_time = Nov 12 2023 05:32:19 [NMEA time, header]
# bad_flag = -9.990e-29
*END*
      4.000    10.9338   3.628977    32.3214       -445 0.0000e+00
      5.000    10.9345   3.629004    32.3205        535 0.0000e+00
      6.000    10.9345   3.629072    32.3208        540 0.0000e+00
      7.000    10.9343   3.629097    32.3208        554 0.0000e+00
      8.000    10.9372   3.629381    32.3207        578 0.0000e+00
      9.000    10.9420   3.629836    32.3205        603 0.0000e+00
     10.000    10.9426   3.629923    32.3204        629 0.0000e+00
     11.000    10.9409   3.629825    32.3205        655 0.0000e+00
     12.000    10.9381   3.629627    32.3206        680 0.0000e+00
     13.000    10.9381   3.629679    32.3207        708 0.0000e+00
     14.000    10.9355   3.629503    32.3208        734 0.0000e+00
     15.000    10.9342   3.629440    32.3209        758 0.0000e+00
     16.000    10.9357   3.629611    32.3209        783 0.0000e+00
     17.000    10.9374   3.629787    32.3207        810 0.0000e+00
     18.000    10.9364   3.629749    32.3208        840 0.0000e+00
     19.000    10.9382   3.629956    32.3208        866 0.0000e+00
     20.000    10.9412   3.630248    32.3206        888 0.0000e+00
     21.000    10.9410   3.630268    32.3205        911 0.0000e+00
     22.000    10.9397   3.630195    32.3205        941 0.0000e+00
     23.000    10.9378   3.630104    32.3209        975 0.0000e+00
     24.000    10.9403   3.630356    32.3207       1000 0.0000e+00
     25.000    10.9430   3.630694    32.3213       1019 0.0000e+00
     26.000    10.9445   3.630889    32.3214       1039 0.0000e+00
     27.000    10.9441   3.630912    32.3217       1066 0.0000e+00
     28.000    10.9441   3.630939    32.3215       1104 0.0000e+00
     29.000    10.9421   3.630761    32.3210       1133 0.0000e+00
     30.000    10.9406   3.630671    32.3210       1153 0.0000e+00
     31.000    10.9391   3.630914    32.3243       1171 0.0000e+00
     32.000    10.9362   3.630935    32.3267       1192 0.0000e+00
     33.000    10.9380   3.631049    32.3258       1227 0.0000e+00
     34.000    10.9366   3.631055    32.3267       1267 0.0000e+00
     35.000    10.9183   3.630873    32.3406       1289 0.0000e+00
     36.000    10.8909   3.630426    32.3599       1306 0.0000e+00
     37.000    10.7842   3.625039    32.4004       1323 0.0000e+00
     38.000    10.4416   3.605172    32.5064       1347 0.0000e+00
     39.000    10.0865   3.583939    32.6106       1388 0.0000e+00
     40.000    10.0425   3.580397    32.6140       1419 0.0000e+00
     41.000     9.9909   3.576735    32.6230       1439 0.0000e+00
     42.000     9.9193   3.571032    32.6294       1459 0.0000e+00
     43.000     9.8508   3.565324    32.6329       1481 0.0000e+00
     44.000     9.7325   3.555948    32.6442       1510 0.0000e+00
     45.000     9.6862   3.552533    32.6509       1539 0.0000e+00
     46.000     9.6578   3.550657    32.6570       1562 0.0000e+00
     47.000     9.6090   3.547490    32.6686       1585 0.0000e+00
     48.000     9.4549   3.537931    32.7105       1613 0.0000e+00
     49.000     9.3484   3.530985    32.7360       1642 0.0000e+00
     50.000     9.2380   3.523457    32.7591       1665 0.0000e+00
     51.000     8.9333   3.501687    32.8134       1686 0.0000e+00
     52.000     8.8197   3.492809    32.8253       1711 0.0000e+00
     53.000     8.8004   3.490878    32.8227       1742 0.0000e+00
     54.000     8.7871   3.489567    32.8208       1772 0.0000e+00
     55.000     8.7749   3.488366    32.8191       1796 0.0000e+00
     56.000     8.7591   3.487034    32.8193       1815 0.0000e+00
     57.000     8.7509   3.486268    32.8185       1835 0.0000e+00
     58.000     8.7428   3.485464    32.8171       1861 0.0000e+00
     59.000     8.7351   3.484731    32.8161       1897 0.0000e+00
     60.000     8.7303   3.484231    32.8149       1926 0.0000e+00
     61.000     8.7254   3.483770    32.8141       1948 0.0000e+00
     62.000     8.7181   3.483097    32.8134       1970 0.0000e+00
     63.000     8.6940   3.480988    32.8132       1993 0.0000e+00
     64.000     8.6928   3.480895    32.8129       2017 0.0000e+00
     65.000     8.6342   3.475709    32.8124       2043 0.0000e+00
     66.000     8.6052   3.473716    32.8180       2076 0.0000e+00
     67.000     8.6084   3.474784    32.8258       2104 0.0000e+00
     68.000     8.6228   3.476646    32.8315       2125 0.0000e+00
     69.000     8.6094   3.475464    32.8310       2144 0.0000e+00
     70.000     8.5922   3.474270    32.8341       2166 0.0000e+00
     71.000     8.5991   3.475706    32.8423       2201 0.0000e+00
     72.000     8.5642   3.473199    32.8479       2233 0.0000e+00
     73.000     8.5477   3.472538    32.8558       2253 0.0000e+00
     74.000     8.4854   3.466876    32.8538       2272 0.0000e+00
     75.000     8.4557   3.464056    32.8513       2295 0.0000e+00
     76.000     8.3659   3.456891    32.8590       2329 0.0000e+00
     77.000     8.2763   3.450590    32.8757       2359 0.0000e+00
     78.000     8.1939   3.446619    32.9103       2379 0.0000e+00
     79.000     8.1607   3.445215    32.9261       2396 0.0000e+00
     80.000     8.1508   3.445455    32.9374       2415 0.0000e+00
     81.000     8.1512   3.446511    32.9478       2446 0.0000e+00
     82.000     8.1817   3.452787    32.9853       2484 0.0000e+00
     83.000     8.2159   3.458123    33.0093       2508 0.0000e+00
     84.000     8.2075   3.457380    33.0088       2527 0.0000e+00
     85.000     8.2384   3.461494    33.0230       2546 0.0000e+00
     86.000     8.2432   3.463228    33.0364       2570 0.0000e+00
     87.000     8.2127   3.461560    33.0468       2601 0.0000e+00
     88.000     8.1753   3.458794    33.0522       2635 0.0000e+00
     89.000     8.1366   3.456296    33.0617       2661 0.0000e+00
     90.000     8.0789   3.452406    33.0743       2681 0.0000e+00
     91.000     8.0342   3.449139    33.0813       2700 0.0000e+00
     92.000     7.9752   3.446960    33.1133       2723 0.0000e+00
     93.000     7.9585   3.446024    33.1187       2754 0.0000e+00
     94.000     7.9430   3.445206    33.1241       2785 0.0000e+00
     95.000     7.9393   3.445138    33.1265       2810 0.0000e+00
     96.000     7.9394   3.445162    33.1262       2831 0.0000e+00
     97.000     7.9343   3.444871    33.1275       2850 0.0000e+00
     98.000     7.9288   3.444511    33.1282       2872 0.0000e+00
     99.000     7.9191   3.443916    33.1307       2904 0.0000e+00
    100.000     7.8992   3.442623    33.1352       2942 0.0000e+00
    101.000     7.8904   3.442146    33.1380       2965 0.0000e+00
    102.000     7.8783   3.441521    33.1424       2983 0.0000e+00
    103.000     7.8645   3.441220    33.1518       3001 0.0000e+00
    104.000     7.8600   3.441607    33.1597       3024 0.0000e+00
    105.000     7.8604   3.443452    33.1785       3060 0.0000e+00
    106.000     7.8580   3.447306    33.2216       3091 0.0000e+00
    107.000     7.8437   3.449199    33.2550       3111 0.0000e+00
    108.000     7.7902   3.447940    33.2920       3129 0.0000e+00
    109.000     7.7662   3.450133    33.3380       3150 0.0000e+00
    110.000     7.8034   3.456064    33.3656       3177 0.0000e+00
    111.000     7.8339   3.461674    33.3961       3213 0.0000e+00
    112.000     7.8531   3.466401    33.4280       3243 0.0000e+00
    113.000     7.8563   3.467535    33.4365       3264 0.0000e+00
    114.000     7.8594   3.468853    33.4473       3282 0.0000e+00
    115.000     7.8619   3.470815    33.4654       3300 0.0000e+00
    116.000     7.8636   3.471778    33.4736       3325 0.0000e+00
    117.000     7.8643   3.472810    33.4835       3363 0.0000e+00
    118.000     7.8648   3.473216    33.4869       3394 0.0000e+00
    119.000     7.8700   3.476586    33.5176       3415 0.0000e+00
    120.000     7.8854   3.483509    33.5764       3432 0.0000e+00
    121.000     7.8981   3.486815    33.5992       3450 0.0000e+00
    122.000     7.9207   3.493191    33.6452       3484 0.0000e+00
    123.000     7.9657   3.504066    33.7178       3525 0.0000e+00
    124.000     7.9935   3.511433    33.7693       3546 0.0000e+00
    125.000     8.0062   3.516018    33.8056       3562 0.0000e+00
    126.000     8.0152   3.518553    33.8235       3579 0.0000e+00
    127.000     8.0251   3.521095    33.8406       3599 0.0000e+00
    128.000     8.0386   3.524560    33.8641       3637 0.0000e+00
    129.000     8.0420   3.525516    33.8706       3675 0.0000e+00
    130.000     8.0408   3.525562    33.8717       3695 0.0000e+00
    131.000     8.0459   3.526540    33.8767       3712 0.0000e+00
    132.000     8.0507   3.527498    33.8819       3729 0.0000e+00
    133.000     8.0533   3.528112    33.8854       3750 0.0000e+00
    134.000     8.0631   3.530455    33.9005       3790 0.0000e+00
    135.000     8.0715   3.532008    33.9085       3827 0.0000e+00
    136.000     8.0785   3.533516    33.9173       3846 0.0000e+00
    137.000     8.0836   3.534736    33.9250       3862 0.0000e+00
    138.000     8.0904   3.536418    33.9358       3877 0.0000e+00
    139.000     8.1023   3.539071    33.9521       3901 0.0000e+00
    140.000     8.1267   3.544262    33.9834       3949 0.0000e+00
    141.000     8.1563   3.550096    34.0164       3977 0.0000e+00
    142.000     8.1728   3.553053    34.0315       3993 0.0000e+00
    143.000     8.1776   3.554065    34.0371       4009 0.0000e+00
    144.000     8.1825   3.555974    34.0522       4027 0.0000e+00
    145.000     8.3048   3.582696    34.2172       4052 0.0000e+00
    146.000     8.3893   3.599861    34.3168       4089 0.0000e+00
    147.000     8.4020   3.604262    34.3507       4122 0.0000e+00
    148.000     8.4083   3.608197    34.3858       4146 0.0000e+00
    149.000     8.4126   3.611045    34.4113       4166 0.0000e+00
    150.000     8.4154   3.612060    34.4189       4186 0.0000e+00
    151.000     8.4178   3.612815    34.4241       4209 0.0000e+00
    152.000     8.4197   3.613417    34.4281       4236 0.0000e+00
    153.000     8.4285   3.616044    34.4468       4265 0.0000e+00
    154.000     8.4404   3.618975    34.4658       4291 0.0000e+00
    155.000     8.4494   3.620952    34.4775       4316 0.0000e+00
    156.000     8.4488   3.620876    34.4768       4340 0.0000e+00
    157.000     8.4507   3.621348    34.4795       4364 0.0000e+00
    158.000     8.4514   3.621535    34.4803       4389 0.0000e+00
    159.000     8.4522   3.621803    34.4819       4413 0.0000e+00
    160.000     8.4590   3.623329    34.4909       4435 0.0000e+00
    161.000     8.4607   3.623756    34.4933       4463 0.0000e+00
    162.000     8.4627   3.624135    34.4949       4495 0.0000e+00
    163.000     8.4679   3.625108    34.4997       4519 0.0000e+00
    164.000     8.4710   3.625709    34.5025       4537 0.0000e+00
    165.000     8.4735   3.626258    34.5054       4556 0.0000e+00
    166.000     8.4758   3.626768    34.5081       4585 0.0000e+00
    167.000     8.4763   3.626868    34.5081       4620 0.0000e+00
    168.000     8.4820   3.627728    34.5112       4645 0.0000e+00
    169.000     8.4863   3.628334    34.5130       4664 0.0000e+00
    170.000     8.4925   3.629214    34.5158       4683 0.0000e+00
    171.000     8.4959   3.629706    34.5171       4706 0.0000e+00
    172.000     8.4965   3.629850    34.5177       4736 0.0000e+00
    173.000     8.4997   3.630348    34.5193       4767 0.0000e+00
    174.000     8.4986   3.630234    34.5187       4791 0.0000e+00
    175.000     8.5023   3.630835    34.5209       4813 0.0000e+00
    176.000     8.5050   3.631239    34.5221       4838 0.0000e+00
    177.000     8.5062   3.631455    34.5227       4871 0.0000e+00
    178.000     8.5051   3.631337    34.5221       4904 0.0000e+00
    179.000     8.5072   3.631677    34.5232       4956 0.0000e+00
    180.000     8.5093   3.632039    34.5244       5019 0.0000e+00
    181.000     8.5087   3.631980    34.5239       5099 0.0000e+00
    182.000     8.5103   3.632282    34.5251       5165 0.0000e+00
    183.000     8.5141   3.632879    34.5272       5251 0.0000e+00
    184.000     8.5123   3.632680    34.5264       5306 0.0000e+00
    185.000     8.5184   3.633635    34.5300       5421 0.0000e+00
    186.000     8.5185   3.633721    34.5304       6349 0.0000e+00
    185.000     8.5121   3.632673    34.5260       6593 0.0000e+00
    184.000     8.5113   3.632546    34.5260       8880 0.0000e+00
    183.000     8.5064   3.631779    34.5231       9360 0.0000e+00
    182.000     8.4976   3.630530    34.5190       9392 0.0000e+00
    181.000     8.5027   3.631218    34.5217       9430 0.0000e+00
    180.000     8.5061   3.631615    34.5230       9460 0.0000e+00
    179.000     8.5013   3.630894    34.5206       9488 0.0000e+00
    178.000     8.4978   3.630373    34.5191       9517 0.0000e+00
    177.000     8.4975   3.630302    34.5190       9542 0.0000e+00
    176.000     8.4977   3.630278    34.5191       9567 0.0000e+00
    175.000     8.4968   3.630116    34.5187       9591 0.0000e+00
    174.000     8.4955   3.629912    34.5183       9612 0.0000e+00
    173.000     8.4946   3.629749    34.5179       9634 0.0000e+00
    172.000     8.4943   3.629657    34.5178       9659 0.0000e+00
    171.000     8.4892   3.628946    34.5156       9689 0.0000e+00
    170.000     8.4860   3.628476    34.5144       9715 0.0000e+00
    169.000     8.4853   3.628336    34.5140       9735 0.0000e+00
    168.000     8.4862   3.628424    34.5145       9754 0.0000e+00
    167.000     8.4877   3.628572    34.5150       9775 0.0000e+00
    166.000     8.4844   3.628113    34.5140       9801 0.0000e+00
    165.000     8.4790   3.627353    34.5116       9831 0.0000e+00
    164.000     8.4719   3.626064    34.5054       9857 0.0000e+00
    163.000     8.4684   3.625528    34.5036       9879 0.0000e+00
    162.000     8.4685   3.625403    34.5027       9900 0.0000e+00
    161.000     8.4655   3.624856    34.5003       9923 0.0000e+00
    160.000     8.4639   3.624554    34.4991       9947 0.0000e+00
    159.000     8.4605   3.623774    34.4946       9969 0.0000e+00
    158.000     8.4503   3.621707    34.4832       9991 0.0000e+00
    157.000     8.4468   3.620895    34.4785      10017 0.0000e+00
    156.000     8.4383   3.618792    34.4650      10046 0.0000e+00
    155.000     8.4306   3.616866    34.4526      10069 0.0000e+00
    154.000     8.4228   3.614609    34.4368      10088 0.0000e+00
    153.000     8.4204   3.613938    34.4325      10108 0.0000e+00
    152.000     8.4201   3.613792    34.4317      10136 0.0000e+00
    151.000     8.4133   3.612168    34.4216      10167 0.0000e+00
    150.000     8.4125   3.611837    34.4193      10189 0.0000e+00
    149.000     8.4121   3.611032    34.4117      10207 0.0000e+00
    148.000     8.4112   3.609877    34.4008      10226 0.0000e+00
    147.000     8.4087   3.608319    34.3871      10247 0.0000e+00
    146.000     8.3946   3.603024    34.3452      10275 0.0000e+00
    145.000     8.2926   3.580159    34.2022      10306 0.0000e+00
    144.000     8.2389   3.567505    34.1203      10329 0.0000e+00
    143.000     8.2003   3.560013    34.0785      10349 0.0000e+00
    142.000     8.1884   3.557308    34.0617      10368 0.0000e+00
    141.000     8.1690   3.553290    34.0382      10392 0.0000e+00
    140.000     8.1456   3.548109    34.0061      10423 0.0000e+00
    139.000     8.1142   3.541691    33.9686      10452 0.0000e+00
    138.000     8.1052   3.539706    33.9566      10475 0.0000e+00
    137.000     8.1056   3.539756    33.9572      10494 0.0000e+00
    136.000     8.1051   3.539505    33.9555      10514 0.0000e+00
    135.000     8.0978   3.537946    33.9464      10535 0.0000e+00
    134.000     8.0896   3.535597    33.9298      10558 0.0000e+00
    133.000     8.0757   3.532269    33.9082      10586 0.0000e+00
    132.000     8.0670   3.530406    33.8972      10617 0.0000e+00
    131.000     8.0624   3.529165    33.8889      10641 0.0000e+00
