PC2305/ctd027.cnv
* Sea-Bird SBE 9 Data File:
* FileName = C:\cruise\data\ctd027.hex
* Software Version Seasave V 7.26.7.121
* Temperature SN = 6664
* Conductivity SN = 6035
* Number of Bytes Per Scan = 37
* Number of Voltage Words = 4
* Number of Scans Averaged by the Deck Unit = 1
* NMEA Latitude = 43 00.00 N
* NMEA Longitude = 070 25.23 W
* NMEA UTC (Time) = Nov 09 2023 13:25:17
* NMEA baud rate = 4800
** Ship: Pisces PC2305
** Program:  Fall ECOMON
** Chief Scientist: Harvey Walsh
# nquan = 6
# nvalues = 196                         
# units = specified
# name 0 = depSM: Depth [salt water, m]
# name 1 = t090C: Temperature [ITS-90, deg C]
# name 2 = c0S/m: Conductivity [S/m]
# name 3 = sal00: Salinity, Practical [PSU]
# name 4 = scan: Scan Count
# name 5 = flag: flag
# span 0 =      1.000,    100.000       
# span 1 =     8.1394,    11.7336       
# span 2 =   3.415030,   3.668728       
# span 3 =    31.6503,    32.6217       
# span 4 =        301,      16747       
# span 5 = 0.0000e+00, 0.0000e+00       
# interval = meters: 1                  
# start_time = Nov 09 2023 13:25:17 [NMEA time, header]
# bad_flag = -9.990e-29
*END*
      4.000    11.3727   3.600152    31.6564        301 0.0000e+00
      5.000    11.3707   3.599882    31.6550        493 0.0000e+00
      6.000    11.3749   3.600287    31.6550        523 0.0000e+00
      7.000    11.3743   3.600308    31.6552        552 0.0000e+00
      8.000    11.3752   3.600439    31.6553        582 0.0000e+00
      9.000    11.3852   3.601575    31.6574        612 0.0000e+00
     10.000    11.3858   3.601733    31.6580        641 0.0000e+00
     11.000    11.4113   3.604575    31.6635        667 0.0000e+00
     12.000    11.4215   3.605808    31.6665        693 0.0000e+00
     13.000    11.4397   3.608040    31.6722        718 0.0000e+00
     14.000    11.4404   3.608157    31.6723        744 0.0000e+00
     15.000    11.4418   3.608453    31.6736        770 0.0000e+00
     16.000    11.4439   3.608924    31.6760        796 0.0000e+00
     17.000    11.4441   3.609004    31.6762        823 0.0000e+00
     18.000    11.4445   3.609130    31.6767        850 0.0000e+00
     19.000    11.4457   3.609341    31.6772        876 0.0000e+00
     20.000    11.4448   3.609257    31.6768        903 0.0000e+00
     21.000    11.4452   3.609350    31.6770        928 0.0000e+00
     22.000    11.4447   3.609344    31.6769        954 0.0000e+00
     23.000    11.4459   3.609548    31.6775        982 0.0000e+00
     24.000    11.4480   3.609871    31.6784       1011 0.0000e+00
     25.000    11.4542   3.610651    31.6803       1037 0.0000e+00
     26.000    11.4547   3.610734    31.6803       1062 0.0000e+00
     27.000    11.4573   3.611115    31.6813       1087 0.0000e+00
     28.000    11.4627   3.611749    31.6825       1113 0.0000e+00
     29.000    11.4625   3.611816    31.6829       1139 0.0000e+00
     30.000    11.4622   3.611855    31.6832       1166 0.0000e+00
     31.000    11.4666   3.612496    31.6852       1194 0.0000e+00
     32.000    11.4958   3.616095    31.6949       1220 0.0000e+00
     33.000    11.5099   3.617822    31.6992       1247 0.0000e+00
     34.000    11.5223   3.619322    31.7028       1274 0.0000e+00
     35.000    11.5505   3.622583    31.7100       1301 0.0000e+00
     36.000    11.5536   3.623017    31.7111       1329 0.0000e+00
     37.000    11.5648   3.624408    31.7146       1354 0.0000e+00
     38.000    11.6620   3.639216    31.7748       1378 0.0000e+00
     39.000    11.7269   3.663072    31.9503       1402 0.0000e+00
     40.000    11.6286   3.668728    32.0896       1429 0.0000e+00
     41.000    11.5526   3.665169    32.1204       1457 0.0000e+00
     42.000    11.5257   3.663148    32.1236       1483 0.0000e+00
     43.000    11.3813   3.652555    32.1451       1509 0.0000e+00
     44.000    11.2339   3.641741    32.1671       1536 0.0000e+00
     45.000    11.2015   3.639256    32.1706       1564 0.0000e+00
     46.000    11.0913   3.631039    32.1856       1593 0.0000e+00
     47.000    11.0425   3.628051    32.1984       1619 0.0000e+00
     48.000    10.9683   3.622870    32.2119       1643 0.0000e+00
     49.000    10.9220   3.619597    32.2198       1667 0.0000e+00
     50.000    10.8981   3.617735    32.2218       1694 0.0000e+00
     51.000    10.7775   3.608050    32.2315       1723 0.0000e+00
     52.000    10.7016   3.601997    32.2378       1750 0.0000e+00
     53.000    10.6672   3.599357    32.2414       1776 0.0000e+00
     54.000    10.6499   3.598050    32.2432       1800 0.0000e+00
     55.000    10.6392   3.597831    32.2501       1826 0.0000e+00
     56.000    10.6734   3.604030    32.2812       1854 0.0000e+00
     57.000    10.6998   3.609358    32.3105       1883 0.0000e+00
     58.000    10.7365   3.616582    32.3495       1911 0.0000e+00
     59.000    10.8079   3.628365    32.4030       1936 0.0000e+00
     60.000    10.7456   3.623177    32.4061       1961 0.0000e+00
     61.000    10.7238   3.622592    32.4193       1985 0.0000e+00
     62.000    10.6603   3.617322    32.4226       2011 0.0000e+00
     63.000    10.5093   3.602506    32.4084       2039 0.0000e+00
     64.000    10.2740   3.578204    32.3738       2067 0.0000e+00
     65.000    10.1044   3.562559    32.3671       2093 0.0000e+00
     66.000    10.0698   3.561032    32.3822       2118 0.0000e+00
     67.000    10.0331   3.558362    32.3876       2144 0.0000e+00
     68.000     9.9949   3.556140    32.3989       2171 0.0000e+00
     69.000     9.9477   3.553504    32.4141       2199 0.0000e+00
     70.000     9.9086   3.550765    32.4210       2226 0.0000e+00
     71.000     9.8782   3.548609    32.4259       2252 0.0000e+00
     72.000     9.8349   3.546255    32.4406       2276 0.0000e+00
     73.000     9.7610   3.541785    32.4612       2299 0.0000e+00
     74.000     9.7416   3.541877    32.4792       2324 0.0000e+00
     75.000     9.7092   3.540118    32.4900       2351 0.0000e+00
     76.000     9.6863   3.538376    32.4925       2380 0.0000e+00
     77.000     9.6396   3.534191    32.4915       2408 0.0000e+00
     78.000     9.5600   3.527135    32.4909       2435 0.0000e+00
     79.000     9.4806   3.521638    32.5061       2460 0.0000e+00
     80.000     9.3690   3.511744    32.5053       2484 0.0000e+00
     81.000     9.2018   3.498990    32.5255       2509 0.0000e+00
     82.000     9.0880   3.491416    32.5505       2535 0.0000e+00
     83.000     9.0528   3.488887    32.5561       2562 0.0000e+00
     84.000     9.0333   3.487277    32.5568       2588 0.0000e+00
     85.000     8.9723   3.482350    32.5610       2612 0.0000e+00
     86.000     8.9470   3.480227    32.5616       2636 0.0000e+00
     87.000     8.8955   3.475976    32.5642       2661 0.0000e+00
     88.000     8.8014   3.468429    32.5714       2688 0.0000e+00
     89.000     8.7151   3.461514    32.5782       2719 0.0000e+00
     90.000     8.6003   3.452297    32.5869       2747 0.0000e+00
     91.000     8.5396   3.447347    32.5905       2781 0.0000e+00
     92.000     8.4969   3.443849    32.5927       2816 0.0000e+00
     93.000     8.4698   3.441702    32.5947       2853 0.0000e+00
     94.000     8.4507   3.440183    32.5959       2894 0.0000e+00
     95.000     8.4122   3.437192    32.5996       2942 0.0000e+00
     96.000     8.3686   3.433841    32.6041       2985 0.0000e+00
     97.000     8.2990   3.428320    32.6099       3025 0.0000e+00
     98.000     8.2072   3.421062    32.6179       3065 0.0000e+00
     99.000     8.1529   3.416709    32.6217       3104 0.0000e+00
    100.000     8.1394   3.415030    32.6160       4673 0.0000e+00
     99.000     8.1515   3.415762    32.6130       6674 0.0000e+00
     98.000     8.1803   3.418040    32.6108       6625 0.0000e+00
     97.000     8.2078   3.420210    32.6087       6651 0.0000e+00
     96.000     8.2701   3.425216    32.6044       6677 0.0000e+00
     95.000     8.3287   3.429690    32.5978       6704 0.0000e+00
     94.000     8.3568   3.431861    32.5951       6731 0.0000e+00
     93.000     8.3991   3.435100    32.5906       6755 0.0000e+00
     92.000     8.4440   3.438663    32.5871       6779 0.0000e+00
     91.000     8.5005   3.443039    32.5813       6802 0.0000e+00
     90.000     8.5375   3.445811    32.5767       6827 0.0000e+00
     89.000     8.5942   3.450370    32.5728       6852 0.0000e+00
     88.000     8.7423   3.462350    32.5623       6878 0.0000e+00
     87.000     8.8439   3.470165    32.5510       6904 0.0000e+00
     86.000     8.8654   3.471809    32.5489       6931 0.0000e+00
     85.000     8.9307   3.477226    32.5458       6959 0.0000e+00
     84.000     8.9929   3.482590    32.5451       6986 0.0000e+00
     83.000     9.0631   3.488006    32.5375       7012 0.0000e+00
     82.000     9.0694   3.488186    32.5341       7036 0.0000e+00
     81.000     9.0488   3.486427    32.5351       7060 0.0000e+00
     80.000     9.0870   3.488586    32.5230       7085 0.0000e+00
     79.000     9.2064   3.497544    32.5073       7109 0.0000e+00
     78.000     9.4029   3.512927    32.4875       7134 0.0000e+00
     77.000     9.4494   3.516874    32.4863       7160 0.0000e+00
     76.000     9.5597   3.526131    32.4818       7190 0.0000e+00
     75.000     9.6670   3.535407    32.4801       7218 0.0000e+00
     74.000     9.7434   3.542042    32.4793       7244 0.0000e+00
     73.000     9.7397   3.540413    32.4664       7268 0.0000e+00
     72.000     9.7392   3.539343    32.4564       7293 0.0000e+00
     71.000     9.7971   3.542461    32.4365       7318 0.0000e+00
     70.000     9.8419   3.544656    32.4189       7343 0.0000e+00
     69.000     9.8975   3.548537    32.4088       7368 0.0000e+00
     68.000     9.9175   3.549896    32.4051       7393 0.0000e+00
     67.000     9.9648   3.552314    32.3876       7420 0.0000e+00
     66.000    10.0288   3.556410    32.3722       7448 0.0000e+00
     65.000    10.0635   3.558794    32.3656       7474 0.0000e+00
     64.000    10.0613   3.556396    32.3438       7500 0.0000e+00
     63.000    10.1511   3.564506    32.3458       7526 0.0000e+00
     62.000    10.4845   3.596694    32.3728       7555 0.0000e+00
     61.000    10.5428   3.602404    32.3785       7587 0.0000e+00
     60.000    10.5504   3.602628    32.3744       7623 0.0000e+00
     59.000    10.6870   3.615308    32.3801       7664 0.0000e+00
     58.000    10.7904   3.625644    32.3919       7705 0.0000e+00
     57.000    10.8101   3.626396    32.3823       7741 0.0000e+00
     56.000    10.7455   3.615427    32.3309       7780 0.0000e+00
     55.000    10.7076   3.608393    32.2948       7823 0.0000e+00
     54.000    10.6619   3.599265    32.2448       7864 0.0000e+00
     53.000    10.6628   3.598213    32.2339       7903 0.0000e+00
     52.000    10.7466   3.604535    32.2234       7944 0.0000e+00
     51.000    10.8989   3.616816    32.2116       7986 0.0000e+00
     50.000    10.9479   3.621259    32.2130       9305 0.0000e+00
     49.000    10.9426   3.620695    32.2125       9935 0.0000e+00
     48.000    10.9628   3.622178    32.2098       9978 0.0000e+00
     47.000    11.0145   3.625727    32.2000      10018 0.0000e+00
     46.000    11.0469   3.627544    32.1899      10057 0.0000e+00
     45.000    11.0765   3.629382    32.1826      10088 0.0000e+00
     44.000    11.1628   3.635671    32.1695      10117 0.0000e+00
     43.000    11.1798   3.637034    32.1685      10149 0.0000e+00
     42.000    11.3150   3.647348    32.1522      10183 0.0000e+00
     41.000    11.4861   3.659615    32.1239      10217 0.0000e+00
     40.000    11.5397   3.663337    32.1141      10250 0.0000e+00
     39.000    11.5931   3.666439    32.0985      10284 0.0000e+00
     38.000    11.7134   3.664510    31.9763      10319 0.0000e+00
     37.000    11.7336   3.652517    31.8430      10350 0.0000e+00
     36.000    11.5973   3.631377    31.7550      10381 0.0000e+00
     35.000    11.5496   3.625011    31.7344      10415 0.0000e+00
     34.000    11.5421   3.621714    31.7091      10450 0.0000e+00
     33.000    11.5225   3.619181    31.7016      10485 0.0000e+00
     32.000    11.4927   3.616232    31.6988      10523 0.0000e+00
     31.000    11.4863   3.615165    31.6943      10559 0.0000e+00
     30.000    11.4801   3.617265    31.7205      10605 0.0000e+00
     29.000    11.4621   3.612551    31.6904      10666 0.0000e+00
     28.000    11.4552   3.610978    31.6813      10728 0.0000e+00
     27.000    11.4591   3.611147    31.6801      10797 0.0000e+00
     26.000    11.4580   3.611120    31.6812      10856 0.0000e+00
     25.000    11.4542   3.610573    31.6795      10923 0.0000e+00
     24.000    11.4540   3.610375    31.6782      13015 0.0000e+00
     23.000    11.4540   3.610387    31.6787      12752 0.0000e+00
     22.000    11.4542   3.610362    31.6787      12809 0.0000e+00
     21.000    11.4566   3.610468    31.6781      12854 0.0000e+00
     20.000    11.4581   3.610501    31.6776      12898 0.0000e+00
     19.000    11.4585   3.610486    31.6775      12948 0.0000e+00
     18.000    11.4599   3.610529    31.6771      12991 0.0000e+00
     17.000    11.4593   3.610376    31.6765      13031 0.0000e+00
     16.000    11.4592   3.610155    31.6748      13079 0.0000e+00
     15.000    11.4594   3.610052    31.6741      13131 0.0000e+00
     14.000    11.4566   3.609595    31.6725      13177 0.0000e+00
     13.000    11.4532   3.609079    31.6708      13225 0.0000e+00
     12.000    11.4512   3.608745    31.6696      13271 0.0000e+00
     11.000    11.4501   3.608531    31.6689      13314 0.0000e+00
     10.000    11.4446   3.607805    31.6669      13361 0.0000e+00
      9.000    11.4289   3.605776    31.6610      13411 0.0000e+00
      8.000    11.4165   3.604233    31.6569      13458 0.0000e+00
      7.000    11.4106   3.603522    31.6556      13499 0.0000e+00
      6.000    11.4075   3.603122    31.6547      13546 0.0000e+00
      5.000    11.4074   3.603072    31.6547      13593 0.0000e+00
      4.000    11.3951   3.601700    31.6522      14634 0.0000e+00
      3.000    11.3862   3.600677    31.6503      16747 0.0000e+00
      2.000    11.3886   3.600894    31.6508      16326 0.0000e+00
      1.000    11.3889   3.600902    31.6510      16379 0.0000e+00
