PC2305/ctd037.cnv
* Sea-Bird SBE 9 Data File:
* FileName = C:\cruise\data\ctd037.hex
* Software Version Seasave V 7.26.7.121
* Temperature SN = 6664
* Conductivity SN = 6035
* Number of Bytes Per Scan = 37
* Number of Voltage Words = 4
* Number of Scans Averaged by the Deck Unit = 1
* NMEA Latitude = 40 41.82 N
* NMEA Longitude = 070 03.35 W
* NMEA UTC (Time) = Nov 13 2023 13:52:27
* NMEA baud rate = 4800
** Ship: Pisces PC2305
** Program:  Fall ECOMON
** Chief Scientist: Harvey Walsh
# nquan = 6
# nvalues = 78                          
# units = specified
# name 0 = depSM: Depth [salt water, m]
# name 1 = t090C: Temperature [ITS-90, deg C]
# name 2 = c0S/m: Conductivity [S/m]
# name 3 = sal00: Salinity, Practical [PSU]
# name 4 = scan: Scan Count
# name 5 = flag: flag
# span 0 =      1.000,     41.000       
# span 1 =    13.2596,    13.3994       
# span 2 =   3.778674,   3.805113       
# span 3 =    31.7639,    31.8837       
# span 4 =        227,      13510       
# span 5 = 0.0000e+00, 0.0000e+00       
# interval = meters: 1                  
# start_time = Nov 13 2023 13:52:27 [NMEA time, header]
# bad_flag = -9.990e-29
*END*
      4.000    13.2627   3.778674    31.7641        227 0.0000e+00
      5.000    13.2627   3.778718    31.7641        418 0.0000e+00
      6.000    13.2624   3.778753    31.7643        453 0.0000e+00
      7.000    13.2658   3.779192    31.7651        515 0.0000e+00
      8.000    13.2698   3.779662    31.7658        570 0.0000e+00
      9.000    13.2702   3.779717    31.7656        614 0.0000e+00
     10.000    13.2663   3.779281    31.7644        658 0.0000e+00
     11.000    13.2657   3.779249    31.7642        695 0.0000e+00
     12.000    13.2642   3.779157    31.7642        731 0.0000e+00
     13.000    13.2629   3.779052    31.7639        774 0.0000e+00
     14.000    13.2630   3.779112    31.7640        815 0.0000e+00
     15.000    13.2618   3.779079    31.7643        852 0.0000e+00
     16.000    13.2635   3.779326    31.7648        891 0.0000e+00
     17.000    13.2679   3.779951    31.7665        926 0.0000e+00
     18.000    13.2712   3.780468    31.7682        958 0.0000e+00
     19.000    13.2764   3.781189    31.7702        990 0.0000e+00
     20.000    13.2845   3.782278    31.7733       1022 0.0000e+00
     21.000    13.2885   3.782872    31.7751       1051 0.0000e+00
     22.000    13.3005   3.784577    31.7807       1081 0.0000e+00
     23.000    13.3038   3.785108    31.7824       1112 0.0000e+00
     24.000    13.3113   3.786211    31.7861       1143 0.0000e+00
     25.000    13.3135   3.786783    31.7893       1173 0.0000e+00
     26.000    13.3152   3.787375    31.7929       1203 0.0000e+00
     27.000    13.3178   3.788064    31.7968       1235 0.0000e+00
     28.000    13.3194   3.788522    31.7994       1269 0.0000e+00
     29.000    13.3205   3.788884    31.8014       1300 0.0000e+00
     30.000    13.3284   3.790775    31.8121       1328 0.0000e+00
     31.000    13.3341   3.791950    31.8179       1358 0.0000e+00
     32.000    13.3672   3.798528    31.8512       1394 0.0000e+00
     33.000    13.3900   3.803022    31.8738       1427 0.0000e+00
     34.000    13.3930   3.803628    31.8765       1459 0.0000e+00
     35.000    13.3922   3.803554    31.8761       1494 0.0000e+00
     36.000    13.3932   3.803771    31.8769       1543 0.0000e+00
     37.000    13.3940   3.803972    31.8777       1618 0.0000e+00
     38.000    13.3970   3.804526    31.8799       1684 0.0000e+00
     39.000    13.3980   3.804678    31.8801       1755 0.0000e+00
     40.000    13.3984   3.804748    31.8801       1824 0.0000e+00
     41.000    13.3988   3.804923    31.8810       3139 0.0000e+00
     40.000    13.3987   3.804962    31.8818       5120 0.0000e+00
     39.000    13.3994   3.805113    31.8831       5452 0.0000e+00
     38.000    13.3991   3.805113    31.8837       5729 0.0000e+00
     37.000    13.3981   3.804855    31.8825       5956 0.0000e+00
     36.000    13.3969   3.804659    31.8821       6179 0.0000e+00
     35.000    13.3978   3.804792    31.8830       6408 0.0000e+00
     34.000    13.3932   3.803937    31.8792       6636 0.0000e+00
     33.000    13.3775   3.800970    31.8651       6833 0.0000e+00
     32.000    13.3534   3.796196    31.8410       7012 0.0000e+00
     31.000    13.3446   3.794495    31.8329       7197 0.0000e+00
     30.000    13.3353   3.792672    31.8240       7375 0.0000e+00
     29.000    13.3231   3.790249    31.8120       7554 0.0000e+00
     28.000    13.3199   3.789448    31.8076       7731 0.0000e+00
     27.000    13.3149   3.788248    31.8010       7911 0.0000e+00
     26.000    13.3089   3.786903    31.7938       8093 0.0000e+00
     25.000    13.3075   3.786612    31.7926       8273 0.0000e+00
     24.000    13.2983   3.784863    31.7844       8579 0.0000e+00
     23.000    13.2948   3.784297    31.7824       8803 0.0000e+00
     22.000    13.2906   3.783576    31.7796       8986 0.0000e+00
     21.000    13.2855   3.782800    31.7769       9172 0.0000e+00
     20.000    13.2830   3.782384    31.7755       9358 0.0000e+00
     19.000    13.2790   3.781781    31.7737       9542 0.0000e+00
     18.000    13.2716   3.780741    31.7705       9731 0.0000e+00
     17.000    13.2734   3.780939    31.7712       9910 0.0000e+00
     16.000    13.2676   3.780076    31.7684      10096 0.0000e+00
     15.000    13.2625   3.779377    31.7665      10275 0.0000e+00
     14.000    13.2605   3.779071    31.7657      10460 0.0000e+00
     13.000    13.2597   3.778935    31.7655      10649 0.0000e+00
     12.000    13.2630   3.779274    31.7663      10834 0.0000e+00
     11.000    13.2612   3.779016    31.7657      11040 0.0000e+00
     10.000    13.2642   3.779366    31.7669      11255 0.0000e+00
      9.000    13.2671   3.779699    31.7680      11515 0.0000e+00
      8.000    13.2680   3.779743    31.7681      11775 0.0000e+00
      7.000    13.2732   3.780298    31.7694      12039 0.0000e+00
      6.000    13.2756   3.780438    31.7690      12305 0.0000e+00
      5.000    13.2750   3.780326    31.7689      12571 0.0000e+00
      4.000    13.2654   3.779405    31.7686      13073 0.0000e+00
      3.000    13.2624   3.779057    31.7683      13412 0.0000e+00
      2.000    13.2646   3.779280    31.7690      13446 0.0000e+00
      1.000    13.2596   3.778806    31.7691      13510 0.0000e+00
