PC2305/ctd014.cnv
* Sea-Bird SBE 9 Data File:
* FileName = C:\cruise\data\ctd014.hex
* Software Version Seasave V 7.26.7.121
* Temperature SN = 6664
* Conductivity SN = 6035
* Number of Bytes Per Scan = 37
* Number of Voltage Words = 4
* Number of Scans Averaged by the Deck Unit = 1
* NMEA Latitude = 39 21.83 N
* NMEA Longitude = 073 23.96 W
* NMEA UTC (Time) = Nov 02 2023 20:37:25
* NMEA baud rate = 4800
** Ship: Pisces PC2305
** Program:  Fall ECOMON
** Chief Scientist: Harvey Walsh
# nquan = 6
# nvalues = 83                          
# units = specified
# name 0 = depSM: Depth [salt water, m]
# name 1 = t090C: Temperature [ITS-90, deg C]
# name 2 = c0S/m: Conductivity [S/m]
# name 3 = sal00: Salinity, Practical [PSU]
# name 4 = scan: Scan Count
# name 5 = flag: flag
# span 0 =      5.000,     46.000       
# span 1 =    15.8075,    15.9280       
# span 2 =   4.075089,   4.079534       
# span 3 =    32.2919,    32.3429       
# span 4 =        -11,      16468       
# span 5 = 0.0000e+00, 0.0000e+00       
# interval = meters: 1                  
# start_time = Nov 02 2023 20:37:25 [NMEA time, header]
# bad_flag = -9.990e-29
*END*
      5.000    15.9217   4.078175    32.2919        -11 0.0000e+00
      6.000    15.9264   4.078698    32.2924        464 0.0000e+00
      7.000    15.9280   4.078893    32.2924        632 0.0000e+00
      8.000    15.9259   4.078776    32.2927        709 0.0000e+00
      9.000    15.9269   4.078959    32.2932        806 0.0000e+00
     10.000    15.9272   4.079052    32.2933        894 0.0000e+00
     11.000    15.9277   4.079331    32.2950        923 0.0000e+00
     12.000    15.9262   4.079433    32.2967        974 0.0000e+00
     13.000    15.9240   4.079503    32.2988       1040 0.0000e+00
     14.000    15.9201   4.079534    32.3019       1091 0.0000e+00
     15.000    15.9107   4.079390    32.3079       1148 0.0000e+00
     16.000    15.8990   4.079133    32.3148       1205 0.0000e+00
     17.000    15.8895   4.077392    32.3068       1263 0.0000e+00
     18.000    15.8819   4.078525    32.3226       1318 0.0000e+00
     19.000    15.8727   4.078275    32.3275       1389 0.0000e+00
     20.000    15.8671   4.078068    32.3300       1435 0.0000e+00
     21.000    15.8599   4.077882    32.3338       1501 0.0000e+00
     22.000    15.8569   4.077842    32.3355       1576 0.0000e+00
     23.000    15.8512   4.077575    32.3375       1618 0.0000e+00
     24.000    15.8456   4.077291    32.3391       1695 0.0000e+00
     25.000    15.8377   4.076789    32.3407       1763 0.0000e+00
     26.000    15.8318   4.076329    32.3411       1805 0.0000e+00
     27.000    15.8307   4.076335    32.3417       1886 0.0000e+00
     28.000    15.8266   4.075933    32.3411       1943 0.0000e+00
     29.000    15.8259   4.075865    32.3407       2017 0.0000e+00
     30.000    15.8266   4.075983    32.3408       2069 0.0000e+00
     31.000    15.8254   4.075919    32.3409       2129 0.0000e+00
     32.000    15.8249   4.075847    32.3403       2201 0.0000e+00
     33.000    15.8246   4.075843    32.3401       2275 0.0000e+00
     34.000    15.8256   4.076002    32.3404       2316 0.0000e+00
     35.000    15.8228   4.075673    32.3394       2388 0.0000e+00
     36.000    15.8240   4.075837    32.3395       2443 0.0000e+00
     37.000    15.8234   4.075834    32.3395       2524 0.0000e+00
     38.000    15.8218   4.075726    32.3395       2597 0.0000e+00
     39.000    15.8216   4.075750    32.3395       2630 0.0000e+00
     40.000    15.8204   4.075741    32.3400       2705 0.0000e+00
     41.000    15.8193   4.075730    32.3404       2818 0.0000e+00
     42.000    15.8181   4.075697    32.3407       3013 0.0000e+00
     43.000    15.8174   4.075714    32.3411       3191 0.0000e+00
     44.000    15.8152   4.075579    32.3413       3375 0.0000e+00
     45.000    15.8114   4.075372    32.3422       3614 0.0000e+00
     46.000    15.8075   4.075123    32.3429       4322 0.0000e+00
     45.000    15.8114   4.075341    32.3420       6804 0.0000e+00
     44.000    15.8153   4.075533    32.3408       7364 0.0000e+00
     43.000    15.8161   4.075538    32.3406       7460 0.0000e+00
     42.000    15.8170   4.075607    32.3408       7528 0.0000e+00
     41.000    15.8176   4.075607    32.3407       7589 0.0000e+00
     40.000    15.8186   4.075578    32.3401       7642 0.0000e+00
     39.000    15.8198   4.075584    32.3395       7706 0.0000e+00
     38.000    15.8202   4.075544    32.3391       7794 0.0000e+00
     37.000    15.8203   4.075521    32.3393       7831 0.0000e+00
     36.000    15.8210   4.075527    32.3391       7929 0.0000e+00
     35.000    15.8212   4.075422    32.3385       8006 0.0000e+00
     34.000    15.8215   4.075089    32.3356       8084 0.0000e+00
     33.000    15.8231   4.075663    32.3398       8220 0.0000e+00
     32.000    15.8250   4.075805    32.3398       8281 0.0000e+00
     31.000    15.8279   4.076107    32.3405       8406 0.0000e+00
     30.000    15.8285   4.076185    32.3411       8565 0.0000e+00
     29.000    15.8282   4.076084    32.3408       8719 0.0000e+00
     28.000    15.8277   4.075981    32.3407       8856 0.0000e+00
     27.000    15.8321   4.076456    32.3416       9001 0.0000e+00
     26.000    15.8344   4.076627    32.3416       9128 0.0000e+00
     25.000    15.8366   4.076584    32.3399      11156 0.0000e+00
     24.000    15.8443   4.076971    32.3373      12918 0.0000e+00
     23.000    15.8504   4.077222    32.3350      12917 0.0000e+00
     22.000    15.8543   4.077350    32.3333      13033 0.0000e+00
     21.000    15.8598   4.077480    32.3303      13123 0.0000e+00
     20.000    15.8655   4.077677    32.3278      13200 0.0000e+00
     19.000    15.8748   4.077927    32.3228      13313 0.0000e+00
     18.000    15.8830   4.078142    32.3184      13405 0.0000e+00
     17.000    15.8912   4.078526    32.3154      13491 0.0000e+00
     16.000    15.8983   4.078774    32.3122      13603 0.0000e+00
     15.000    15.9071   4.079013    32.3075      13688 0.0000e+00
     14.000    15.9125   4.079158    32.3048      13796 0.0000e+00
     13.000    15.9147   4.079147    32.3033      13912 0.0000e+00
     12.000    15.9215   4.079176    32.2983      14033 0.0000e+00
     11.000    15.9232   4.078993    32.2957      14158 0.0000e+00
     10.000    15.9232   4.078878    32.2951      14285 0.0000e+00
      9.000    15.9076   4.077339    32.2945      14405 0.0000e+00
      8.000    15.9081   4.077100    32.2924      14541 0.0000e+00
      7.000    15.9027   4.076800    32.2945      14652 0.0000e+00
      6.000    15.9062   4.077008    32.2939      14790 0.0000e+00
      5.000    15.9264   4.078866    32.2942      16468 0.0000e+00
