PC2305/ctd028.cnv
* Sea-Bird SBE 9 Data File:
* FileName = C:\cruise\data\ctd028.hex
* Software Version Seasave V 7.26.7.121
* Temperature SN = 6664
* Conductivity SN = 6035
* Number of Bytes Per Scan = 37
* Number of Voltage Words = 4
* Number of Scans Averaged by the Deck Unit = 1
* NMEA Latitude = 43 46.10 N
* NMEA Longitude = 068 40.06 W
* NMEA UTC (Time) = Nov 10 2023 05:30:25
* NMEA baud rate = 4800
** Ship: Pisces PC2305
** Program:  Fall ECOMON
** Chief Scientist: Harvey Walsh
# nquan = 6
# nvalues = 211                         
# units = specified
# name 0 = depSM: Depth [salt water, m]
# name 1 = t090C: Temperature [ITS-90, deg C]
# name 2 = c0S/m: Conductivity [S/m]
# name 3 = sal00: Salinity, Practical [PSU]
# name 4 = scan: Scan Count
# name 5 = flag: flag
# span 0 =      4.000,    109.000       
# span 1 =     9.7641,    10.6647       
# span 2 =   3.585038,   3.621920       
# span 3 =    32.2224,    33.1495       
# span 4 =        415,      18163       
# span 5 = 0.0000e+00, 0.0000e+00       
# interval = meters: 1                  
# start_time = Nov 10 2023 05:30:25 [NMEA time, header]
# bad_flag = -9.990e-29
*END*
      4.000    10.6579   3.594644    32.2237        415 0.0000e+00
      5.000    10.6579   3.594700    32.2238        707 0.0000e+00
      6.000    10.6571   3.594673    32.2238        729 0.0000e+00
      7.000    10.6577   3.594769    32.2238        754 0.0000e+00
      8.000    10.6584   3.594873    32.2238        779 0.0000e+00
      9.000    10.6583   3.594917    32.2239        805 0.0000e+00
     10.000    10.6594   3.595053    32.2239        830 0.0000e+00
     11.000    10.6608   3.595214    32.2238        855 0.0000e+00
     12.000    10.6587   3.595073    32.2239        880 0.0000e+00
     13.000    10.6580   3.595056    32.2239        906 0.0000e+00
     14.000    10.6602   3.595318    32.2241        932 0.0000e+00
     15.000    10.6630   3.595620    32.2242        958 0.0000e+00
     16.000    10.6637   3.595718    32.2241        983 0.0000e+00
     17.000    10.6636   3.595741    32.2240       1008 0.0000e+00
     18.000    10.6633   3.595763    32.2241       1034 0.0000e+00
     19.000    10.6641   3.595948    32.2248       1060 0.0000e+00
     20.000    10.6647   3.596103    32.2254       1086 0.0000e+00
     21.000    10.6607   3.596020    32.2277       1111 0.0000e+00
     22.000    10.6585   3.595979    32.2288       1137 0.0000e+00
     23.000    10.6553   3.595848    32.2299       1164 0.0000e+00
     24.000    10.6314   3.594375    32.2359       1190 0.0000e+00
     25.000    10.5922   3.591768    32.2441       1214 0.0000e+00
     26.000    10.5658   3.589635    32.2456       1238 0.0000e+00
     27.000    10.5241   3.586062    32.2465       1263 0.0000e+00
     28.000    10.5133   3.585297    32.2479       1291 0.0000e+00
     29.000    10.5111   3.585395    32.2504       1318 0.0000e+00
     30.000    10.5084   3.585476    32.2531       1344 0.0000e+00
     31.000    10.5071   3.585635    32.2555       1369 0.0000e+00
     32.000    10.5066   3.585807    32.2572       1393 0.0000e+00
     33.000    10.5063   3.585864    32.2576       1417 0.0000e+00
     34.000    10.5046   3.585884    32.2589       1443 0.0000e+00
     35.000    10.5036   3.585913    32.2596       1469 0.0000e+00
     36.000    10.4993   3.585917    32.2631       1496 0.0000e+00
     37.000    10.4918   3.585972    32.2698       1522 0.0000e+00
     38.000    10.4901   3.586021    32.2714       1547 0.0000e+00
     39.000    10.4876   3.586059    32.2735       1571 0.0000e+00
     40.000    10.4862   3.586152    32.2753       1596 0.0000e+00
     41.000    10.4850   3.586510    32.2795       1623 0.0000e+00
     42.000    10.4815   3.586847    32.2856       1649 0.0000e+00
     43.000    10.4790   3.586854    32.2875       1674 0.0000e+00
     44.000    10.4770   3.586833    32.2885       1699 0.0000e+00
     45.000    10.4757   3.586850    32.2894       1723 0.0000e+00
     46.000    10.4747   3.587273    32.2941       1748 0.0000e+00
     47.000    10.4786   3.588365    32.3012       1774 0.0000e+00
     48.000    10.4852   3.589564    32.3069       1801 0.0000e+00
     49.000    10.4876   3.590035    32.3091       1828 0.0000e+00
     50.000    10.4898   3.590556    32.3119       1853 0.0000e+00
     51.000    10.4928   3.591656    32.3198       1878 0.0000e+00
     52.000    10.4909   3.592031    32.3248       1902 0.0000e+00
     53.000    10.4907   3.592337    32.3276       1926 0.0000e+00
     54.000    10.4893   3.592370    32.3288       1951 0.0000e+00
     55.000    10.5023   3.596498    32.3580       1977 0.0000e+00
     56.000    10.5161   3.599625    32.3766       2003 0.0000e+00
     57.000    10.5268   3.601744    32.3878       2029 0.0000e+00
     58.000    10.5334   3.603069    32.3948       2055 0.0000e+00
     59.000    10.5577   3.607840    32.4204       2081 0.0000e+00
     60.000    10.5592   3.609294    32.4332       2105 0.0000e+00
     61.000    10.5495   3.609660    32.4451       2130 0.0000e+00
     62.000    10.5200   3.609253    32.4669       2154 0.0000e+00
     63.000    10.5018   3.609726    32.4873       2179 0.0000e+00
     64.000    10.4893   3.611126    32.5121       2205 0.0000e+00
     65.000    10.4754   3.613096    32.5438       2231 0.0000e+00
     66.000    10.4671   3.617493    32.5948       2257 0.0000e+00
     67.000    10.4632   3.620330    32.6264       2282 0.0000e+00
     68.000    10.4621   3.621009    32.6336       2307 0.0000e+00
     69.000    10.4477   3.621920    32.6552       2331 0.0000e+00
     70.000    10.3838   3.621450    32.7075       2355 0.0000e+00
     71.000    10.3188   3.618847    32.7394       2381 0.0000e+00
     72.000    10.3126   3.618596    32.7420       2408 0.0000e+00
     73.000    10.3041   3.619178    32.7551       2434 0.0000e+00
     74.000    10.2996   3.620146    32.7685       2460 0.0000e+00
     75.000    10.2875   3.620886    32.7865       2483 0.0000e+00
     76.000    10.2826   3.620861    32.7902       2507 0.0000e+00
     77.000    10.2783   3.620533    32.7903       2531 0.0000e+00
     78.000    10.2713   3.620512    32.7960       2556 0.0000e+00
     79.000    10.2611   3.620726    32.8069       2583 0.0000e+00
     80.000    10.2336   3.619623    32.8202       2610 0.0000e+00
     81.000    10.2115   3.619331    32.8368       2636 0.0000e+00
     82.000    10.2098   3.619485    32.8395       2661 0.0000e+00
     83.000    10.2104   3.619626    32.8400       2685 0.0000e+00
     84.000    10.2085   3.619595    32.8409       2709 0.0000e+00
     85.000    10.2096   3.620228    32.8458       2732 0.0000e+00
     86.000    10.2033   3.621193    32.8608       2756 0.0000e+00
     87.000    10.1711   3.619982    32.8773       2781 0.0000e+00
     88.000    10.1559   3.619944    32.8903       2807 0.0000e+00
     89.000    10.1501   3.620367    32.8994       2834 0.0000e+00
     90.000    10.1349   3.620553    32.9146       2860 0.0000e+00
     91.000    10.1213   3.620364    32.9246       2885 0.0000e+00
     92.000    10.1149   3.620255    32.9290       2910 0.0000e+00
     93.000    10.1075   3.620159    32.9342       2934 0.0000e+00
     94.000    10.1015   3.620011    32.9378       2959 0.0000e+00
     95.000    10.0926   3.619808    32.9434       2984 0.0000e+00
     96.000    10.0635   3.618989    32.9611       3008 0.0000e+00
     97.000     9.9959   3.617165    33.0039       3032 0.0000e+00
     98.000     9.9563   3.616188    33.0296       3062 0.0000e+00
     99.000     9.9446   3.615904    33.0370       3096 0.0000e+00
    100.000     9.9251   3.615448    33.0498       3133 0.0000e+00
    101.000     9.9067   3.614946    33.0611       3176 0.0000e+00
    102.000     9.8918   3.614600    33.0708       3234 0.0000e+00
    103.000     9.8498   3.613516    33.0978       3337 0.0000e+00
    104.000     9.8203   3.612641    33.1155       3438 0.0000e+00
    105.000     9.8091   3.612325    33.1221       3544 0.0000e+00
    106.000     9.8054   3.612230    33.1241       3656 0.0000e+00
    107.000     9.8034   3.612200    33.1252       3750 0.0000e+00
    108.000     9.8035   3.612227    33.1250       3862 0.0000e+00
    109.000     9.7641   3.611120    33.1495       6798 0.0000e+00
    108.000     9.7870   3.611664    33.1344       8260 0.0000e+00
    107.000     9.8008   3.611983    33.1253       8092 0.0000e+00
    106.000     9.8031   3.612005    33.1240       8127 0.0000e+00
    105.000     9.8091   3.612103    33.1199       8158 0.0000e+00
    104.000     9.8108   3.612122    33.1189       8189 0.0000e+00
    103.000     9.8113   3.612084    33.1185       8215 0.0000e+00
    102.000     9.8124   3.612061    33.1177       8240 0.0000e+00
    101.000     9.8129   3.612025    33.1174       8264 0.0000e+00
    100.000     9.8223   3.612207    33.1110       8287 0.0000e+00
     99.000     9.8297   3.612345    33.1061       8311 0.0000e+00
     98.000     9.8441   3.612675    33.0967       8335 0.0000e+00
     97.000     9.8688   3.613221    33.0800       8360 0.0000e+00
     96.000     9.8779   3.613465    33.0746       8386 0.0000e+00
     95.000     9.8914   3.613744    33.0655       8410 0.0000e+00
     94.000     9.9240   3.614526    33.0441       8435 0.0000e+00
     93.000     9.9335   3.614752    33.0381       8459 0.0000e+00
     92.000     9.9555   3.615265    33.0237       8483 0.0000e+00
     91.000    10.0028   3.616439    32.9928       8509 0.0000e+00
     90.000    10.0524   3.617802    32.9619       8535 0.0000e+00
     89.000    10.0656   3.618147    32.9538       8561 0.0000e+00
     88.000    10.0638   3.618088    32.9553       8585 0.0000e+00
     87.000    10.0854   3.618586    32.9411       8608 0.0000e+00
     86.000    10.0835   3.618534    32.9427       8632 0.0000e+00
     85.000    10.0799   3.618375    32.9448       8656 0.0000e+00
     84.000    10.1233   3.618986    32.9120       8681 0.0000e+00
     83.000    10.1498   3.619159    32.8901       8706 0.0000e+00
     82.000    10.1749   3.619910    32.8755       8731 0.0000e+00
     81.000    10.1801   3.619665    32.8687       8756 0.0000e+00
     80.000    10.1790   3.619250    32.8659       8782 0.0000e+00
     79.000    10.1779   3.618802    32.8628       8806 0.0000e+00
     78.000    10.1810   3.618522    32.8576       8831 0.0000e+00
     77.000    10.2006   3.618824    32.8433       8854 0.0000e+00
     76.000    10.2046   3.619108    32.8431       8879 0.0000e+00
     75.000    10.2356   3.619704    32.8214       8904 0.0000e+00
     74.000    10.2528   3.620333    32.8126       8929 0.0000e+00
     73.000    10.2490   3.620497    32.8182       8955 0.0000e+00
     72.000    10.2791   3.620200    32.7884       8980 0.0000e+00
     71.000    10.2881   3.619368    32.7723       9004 0.0000e+00
     70.000    10.2952   3.619068    32.7633       9027 0.0000e+00
     69.000    10.2852   3.618765    32.7697       9051 0.0000e+00
     68.000    10.2801   3.618531    32.7725       9075 0.0000e+00
     67.000    10.3127   3.618815    32.7463       9101 0.0000e+00
     66.000    10.3581   3.619811    32.7159       9127 0.0000e+00
     65.000    10.4083   3.619894    32.6720       9153 0.0000e+00
     64.000    10.4163   3.617981    32.6462       9177 0.0000e+00
     63.000    10.4140   3.615942    32.6282       9204 0.0000e+00
     62.000    10.4335   3.612954    32.5811       9236 0.0000e+00
     61.000    10.4041   3.613445    32.6129       9283 0.0000e+00
     60.000    10.4963   3.609576    32.4921       9346 0.0000e+00
     59.000    10.5520   3.609427    32.4414       9423 0.0000e+00
     58.000    10.5591   3.609974    32.4410       9508 0.0000e+00
     57.000    10.5670   3.609414    32.4288      10973 0.0000e+00
     56.000    10.5469   3.604966    32.4026      12156 0.0000e+00
     55.000    10.5342   3.602929    32.3940      12147 0.0000e+00
     54.000    10.5133   3.599221    32.3759      12180 0.0000e+00
     53.000    10.5086   3.598037    32.3687      12210 0.0000e+00
     52.000    10.5114   3.598839    32.3747      12242 0.0000e+00
     51.000    10.5024   3.596257    32.3573      12278 0.0000e+00
     50.000    10.5089   3.598171    32.3711      12317 0.0000e+00
     49.000    10.4967   3.593564    32.3362      12354 0.0000e+00
     48.000    10.4968   3.593796    32.3389      12389 0.0000e+00
     47.000    10.4970   3.593742    32.3387      12425 0.0000e+00
     46.000    10.4899   3.591647    32.3244      12461 0.0000e+00
     45.000    10.4852   3.590109    32.3136      12498 0.0000e+00
     44.000    10.4785   3.588118    32.3001      12536 0.0000e+00
     43.000    10.4781   3.587439    32.2940      12575 0.0000e+00
     42.000    10.4800   3.587588    32.2943      12621 0.0000e+00
     41.000    10.4825   3.588143    32.2980      12684 0.0000e+00
     40.000    10.4854   3.587363    32.2881      12771 0.0000e+00
     39.000    10.4881   3.586158    32.2741      12870 0.0000e+00
     38.000    10.4895   3.585850    32.2702      12960 0.0000e+00
     37.000    10.4914   3.585906    32.2696      13053 0.0000e+00
     36.000    10.4976   3.585776    32.2632      14397 0.0000e+00
     35.000    10.4995   3.585714    32.2613      15777 0.0000e+00
     34.000    10.5016   3.585711    32.2598      15749 0.0000e+00
     33.000    10.5014   3.585660    32.2599      15786 0.0000e+00
     32.000    10.5040   3.585673    32.2582      15824 0.0000e+00
     31.000    10.5047   3.585630    32.2575      15857 0.0000e+00
     30.000    10.5052   3.585504    32.2563      15888 0.0000e+00
     29.000    10.5060   3.585307    32.2540      15918 0.0000e+00
     28.000    10.5071   3.585147    32.2519      15950 0.0000e+00
     27.000    10.5082   3.585038    32.2503      15983 0.0000e+00
     26.000    10.5189   3.585659    32.2474      16013 0.0000e+00
     25.000    10.5447   3.587663    32.2450      16038 0.0000e+00
     24.000    10.5577   3.588885    32.2462      16063 0.0000e+00
     23.000    10.5847   3.590817    32.2420      16086 0.0000e+00
     22.000    10.6186   3.593092    32.2352      16110 0.0000e+00
     21.000    10.6377   3.594422    32.2320      16134 0.0000e+00
     20.000    10.6519   3.595170    32.2274      16159 0.0000e+00
     19.000    10.6496   3.594799    32.2261      16184 0.0000e+00
     18.000    10.6516   3.594746    32.2243      16210 0.0000e+00
     17.000    10.6506   3.594646    32.2245      16234 0.0000e+00
     16.000    10.6501   3.594583    32.2248      16259 0.0000e+00
     15.000    10.6525   3.594709    32.2243      16283 0.0000e+00
     14.000    10.6522   3.594636    32.2243      16308 0.0000e+00
     13.000    10.6542   3.594735    32.2240      16333 0.0000e+00
     12.000    10.6537   3.594643    32.2240      16358 0.0000e+00
     11.000    10.6551   3.594658    32.2233      16383 0.0000e+00
     10.000    10.6528   3.594416    32.2234      16409 0.0000e+00
      9.000    10.6460   3.593939    32.2250      16442 0.0000e+00
      8.000    10.6524   3.594306    32.2234      16477 0.0000e+00
      7.000    10.6558   3.594479    32.2226      16516 0.0000e+00
      6.000    10.6580   3.594619    32.2225      16560 0.0000e+00
      5.000    10.6583   3.594594    32.2224      16600 0.0000e+00
      4.000    10.6524   3.594094    32.2231      18163 0.0000e+00
