PC2305/ctd001.cnv
* Sea-Bird SBE 9 Data File:
* FileName = C:\cruise\data\ctd001.hex
* Software Version Seasave V 7.26.7.121
* Temperature SN = 6664
* Conductivity SN = 6035
* Number of Bytes Per Scan = 37
* Number of Voltage Words = 4
* Number of Scans Averaged by the Deck Unit = 1
* NMEA Latitude = 41 05.87 N
* NMEA Longitude = 070 37.00 W
* NMEA UTC (Time) = Oct 27 2023 20:43:05
* NMEA baud rate = 4800
** Ship: Pisces PC2305
** Program:  Fall ECOMON
** Chief Scientist: Harvey Walsh
# nquan = 6
# nvalues = 72                          
# units = specified
# name 0 = depSM: Depth [salt water, m]
# name 1 = t090C: Temperature [ITS-90, deg C]
# name 2 = c0S/m: Conductivity [S/m]
# name 3 = sal00: Salinity, Practical [PSU]
# name 4 = scan: Scan Count
# name 5 = flag: flag
# span 0 =      4.000,     40.000       
# span 1 =    15.5702,    16.0217       
# span 2 =   3.973652,   3.999100       
# span 3 =    31.5132,    31.7666       
# span 4 =       -161,      27505       
# span 5 = 0.0000e+00, 0.0000e+00       
# interval = meters: 1                  
# start_time = Oct 27 2023 20:43:05 [NMEA time, header]
# bad_flag = -9.990e-29
*END*
      5.000    16.0169   3.998891    31.5169       -161 0.0000e+00
      6.000    16.0217   3.998926    31.5132        173 0.0000e+00
      7.000    16.0213   3.999100    31.5147        247 0.0000e+00
      8.000    16.0088   3.998505    31.5190        304 0.0000e+00
      9.000    15.9974   3.997958    31.5229        372 0.0000e+00
     10.000    15.9810   3.997102    31.5280        438 0.0000e+00
     11.000    15.9633   3.996156    31.5334        490 0.0000e+00
     12.000    15.9432   3.995091    31.5397        542 0.0000e+00
     13.000    15.8918   3.991205    31.5460        609 0.0000e+00
     14.000    15.8365   3.988024    31.5616        678 0.0000e+00
     15.000    15.8008   3.986168    31.5734        727 0.0000e+00
     16.000    15.7674   3.983872    31.5794        781 0.0000e+00
     17.000    15.7287   3.980671    31.5816        834 0.0000e+00
     18.000    15.7085   3.978808    31.5809        886 0.0000e+00
     19.000    15.6918   3.977137    31.5792        955 0.0000e+00
     20.000    15.6841   3.976327    31.5777       1008 0.0000e+00
     21.000    15.6734   3.975261    31.5765       1053 0.0000e+00
     22.000    15.6642   3.974456    31.5764       1105 0.0000e+00
     23.000    15.6597   3.974154    31.5770       1165 0.0000e+00
     24.000    15.6554   3.974045    31.5791       1209 0.0000e+00
     25.000    15.6423   3.974845    31.5963       1263 0.0000e+00
     26.000    15.6184   3.975791    31.6234       1320 0.0000e+00
     27.000    15.5975   3.976800    31.6487       1367 0.0000e+00
     28.000    15.5958   3.978098    31.6612       1419 0.0000e+00
     29.000    15.5903   3.980056    31.6827       1467 0.0000e+00
     30.000    15.5872   3.981272    31.6955       1525 0.0000e+00
     31.000    15.5853   3.982224    31.7051       1586 0.0000e+00
     32.000    15.5836   3.983072    31.7137       1626 0.0000e+00
     33.000    15.5805   3.984420    31.7278       1677 0.0000e+00
     34.000    15.5759   3.986089    31.7459       1741 0.0000e+00
     35.000    15.5729   3.987203    31.7578       1816 0.0000e+00
     36.000    15.5724   3.987357    31.7592       1919 0.0000e+00
     37.000    15.5731   3.987298    31.7578       2020 0.0000e+00
     38.000    15.5721   3.987672    31.7615       2172 0.0000e+00
     39.000    15.5719   3.987872    31.7631       2491 0.0000e+00
     40.000    15.5702   3.988152    31.7666       6013 0.0000e+00
     39.000    15.5703   3.988065    31.7661       8250 0.0000e+00
     38.000    15.5708   3.987889    31.7645       8131 0.0000e+00
     37.000    15.5708   3.987797    31.7640       8234 0.0000e+00
     36.000    15.5723   3.987280    31.7587       8307 0.0000e+00
     35.000    15.5742   3.986626    31.7517       8356 0.0000e+00
     34.000    15.5747   3.986375    31.7494       8403 0.0000e+00
     33.000    15.5753   3.986054    31.7464       8456 0.0000e+00
     32.000    15.5805   3.984058    31.7250       8498 0.0000e+00
     31.000    15.5834   3.982780    31.7117       8539 0.0000e+00
     30.000    15.5855   3.981807    31.7017       8594 0.0000e+00
     29.000    15.5887   3.980428    31.6872       8644 0.0000e+00
     28.000    15.5913   3.979333    31.6758       8684 0.0000e+00
     27.000    15.5956   3.977536    31.6568       8743 0.0000e+00
     26.000    15.5971   3.976679    31.6484       8802 0.0000e+00
     25.000    15.6067   3.975562    31.6311       8937 0.0000e+00
     24.000    15.6382   3.974765    31.5992       9105 0.0000e+00
     23.000    15.6531   3.973652    31.5778       9248 0.0000e+00
     22.000    15.6591   3.973897    31.5755       9397 0.0000e+00
     21.000    15.6645   3.974282    31.5750       9534 0.0000e+00
     20.000    15.6853   3.976321    31.5767      13369 0.0000e+00
     19.000    15.6974   3.977709    31.5797      15645 0.0000e+00
     18.000    15.7013   3.978044    31.5799      15576 0.0000e+00
     17.000    15.7036   3.978248    31.5803      15632 0.0000e+00
     16.000    15.7297   3.980588    31.5805      15683 0.0000e+00
     15.000    15.7487   3.981935    31.5776      15730 0.0000e+00
     14.000    15.8084   3.985623    31.5629      15794 0.0000e+00
     13.000    15.9218   3.993537    31.5426      15855 0.0000e+00
     12.000    15.9598   3.995882    31.5334      15918 0.0000e+00
     11.000    15.9782   3.996822    31.5274      15994 0.0000e+00
     10.000    16.0008   3.998317    31.5229      19660 0.0000e+00
      9.000    16.0023   3.998306    31.5220      21222 0.0000e+00
      8.000    16.0029   3.998267    31.5216      21395 0.0000e+00
      7.000    16.0032   3.998251    31.5216      21510 0.0000e+00
      6.000    16.0050   3.998285    31.5208      21679 0.0000e+00
      5.000    16.0044   3.998259    31.5214      21995 0.0000e+00
      4.000    16.0067   3.998606    31.5230      27505 0.0000e+00
