PC2305/ctd018.cnv
* Sea-Bird SBE 9 Data File:
* FileName = C:\cruise\data\ctd018.hex
* Software Version Seasave V 7.26.7.121
* Temperature SN = 6664
* Conductivity SN = 6035
* Number of Bytes Per Scan = 37
* Number of Voltage Words = 4
* Number of Scans Averaged by the Deck Unit = 1
* NMEA Latitude = 41 28.18 N
* NMEA Longitude = 067 41.47 W
* NMEA UTC (Time) = Nov 05 2023 17:15:54
* NMEA baud rate = 4800
** Ship: Pisces PC2305
** Program:  Fall ECOMON
** Chief Scientist: Harvey Walsh
# nquan = 6
# nvalues = 63                          
# units = specified
# name 0 = depSM: Depth [salt water, m]
# name 1 = t090C: Temperature [ITS-90, deg C]
# name 2 = c0S/m: Conductivity [S/m]
# name 3 = sal00: Salinity, Practical [PSU]
# name 4 = scan: Scan Count
# name 5 = flag: flag
# span 0 =      1.000,     34.000       
# span 1 =    14.0432,    14.2387       
# span 2 =   3.868360,   3.886193       
# span 3 =    31.9377,    31.9502       
# span 4 =        348,      18614       
# span 5 = 0.0000e+00, 0.0000e+00       
# interval = meters: 1                  
# start_time = Nov 05 2023 17:15:54 [NMEA time, header]
# bad_flag = -9.990e-29
*END*
      5.000    14.0954   3.872645    31.9420        348 0.0000e+00
      6.000    14.0761   3.870880    31.9414        701 0.0000e+00
      7.000    14.0724   3.870576    31.9413        801 0.0000e+00
      8.000    14.0663   3.870018    31.9409        898 0.0000e+00
      9.000    14.0661   3.870038    31.9408        955 0.0000e+00
     10.000    14.0658   3.870043    31.9407       1032 0.0000e+00
     11.000    14.0644   3.869958    31.9407       1083 0.0000e+00
     12.000    14.0628   3.869841    31.9406       1135 0.0000e+00
     13.000    14.0583   3.869411    31.9399       1194 0.0000e+00
     14.000    14.0504   3.868633    31.9390       1252 0.0000e+00
     15.000    14.0548   3.869115    31.9394       1309 0.0000e+00
     16.000    14.0563   3.869278    31.9392       1371 0.0000e+00
     17.000    14.0539   3.869097    31.9391       1423 0.0000e+00
     18.000    14.0523   3.868967    31.9389       1479 0.0000e+00
     19.000    14.0555   3.869343    31.9393       1538 0.0000e+00
     20.000    14.0588   3.869717    31.9396       1601 0.0000e+00
     21.000    14.0589   3.869748    31.9394       1646 0.0000e+00
     22.000    14.0575   3.869666    31.9395       1703 0.0000e+00
     23.000    14.0593   3.869885    31.9396       1779 0.0000e+00
     24.000    14.0625   3.870243    31.9399       1816 0.0000e+00
     25.000    14.0597   3.869984    31.9394       1867 0.0000e+00
     26.000    14.0432   3.868360    31.9377       1939 0.0000e+00
     27.000    14.0439   3.868459    31.9377       1998 0.0000e+00
     28.000    14.0441   3.868526    31.9378       2050 0.0000e+00
     29.000    14.0578   3.869942    31.9391       2120 0.0000e+00
     30.000    14.0591   3.870141    31.9394       2180 0.0000e+00
     31.000    14.0601   3.870284    31.9395       2269 0.0000e+00
     32.000    14.0592   3.870222    31.9393       2344 0.0000e+00
     33.000    14.0587   3.870221    31.9393       2587 0.0000e+00
     34.000    14.0627   3.870713    31.9401       6418 0.0000e+00
     33.000    14.0597   3.870338    31.9396       6050 0.0000e+00
     32.000    14.0543   3.869726    31.9388       6120 0.0000e+00
     31.000    14.0564   3.869905    31.9391       6171 0.0000e+00
     30.000    14.0578   3.869994    31.9391       6273 0.0000e+00
     29.000    14.0577   3.869956    31.9392       6345 0.0000e+00
     28.000    14.0600   3.870129    31.9394       6438 0.0000e+00
     27.000    14.0648   3.870586    31.9400       6543 0.0000e+00
     26.000    14.0598   3.870060    31.9397       6615 0.0000e+00
     25.000    14.0594   3.869987    31.9397       6709 0.0000e+00
     24.000    14.0585   3.869815    31.9393       6806 0.0000e+00
     23.000    14.0614   3.870104    31.9399       6900 0.0000e+00
     22.000    14.0664   3.870573    31.9404       9316 0.0000e+00
     21.000    14.0715   3.871014    31.9407      11334 0.0000e+00
     20.000    14.0949   3.873307    31.9427      11237 0.0000e+00
     19.000    14.1301   3.876649    31.9446      11303 0.0000e+00
     18.000    14.1190   3.875666    31.9452      11377 0.0000e+00
     17.000    14.1199   3.875693    31.9451      11453 0.0000e+00
     16.000    14.1229   3.875975    31.9455      11527 0.0000e+00
     15.000    14.1029   3.874006    31.9444      11606 0.0000e+00
     14.000    14.1001   3.873724    31.9445      11662 0.0000e+00
     13.000    14.0993   3.873602    31.9445      11742 0.0000e+00
     12.000    14.1213   3.875614    31.9451      11806 0.0000e+00
     11.000    14.1279   3.876109    31.9445      11885 0.0000e+00
     10.000    14.1044   3.873913    31.9443      11945 0.0000e+00
      9.000    14.0954   3.873001    31.9437      12018 0.0000e+00
      8.000    14.0952   3.872990    31.9442      12086 0.0000e+00
      7.000    14.1078   3.874001    31.9435      12167 0.0000e+00
      6.000    14.0984   3.872985    31.9423      12218 0.0000e+00
      5.000    14.0833   3.871617    31.9426      12311 0.0000e+00
      4.000    14.1924   3.882254    31.9502      18228 0.0000e+00
      3.000    14.2110   3.883710    31.9485      18452 0.0000e+00
      2.000    14.2205   3.884544    31.9487      18475 0.0000e+00
      1.000    14.2387   3.886193    31.9492      18614 0.0000e+00
