PC2305/ctd016.cnv
* Sea-Bird SBE 9 Data File:
* FileName = C:\cruise\data\ctd016.hex
* Software Version Seasave V 7.26.7.121
* Temperature SN = 6664
* Conductivity SN = 6035
* Number of Bytes Per Scan = 37
* Number of Voltage Words = 4
* Number of Scans Averaged by the Deck Unit = 1
* NMEA Latitude = 40 14.67 N
* NMEA Longitude = 067 41.98 W
* NMEA UTC (Time) = Nov 04 2023 22:41:20
* NMEA baud rate = 4800
** Ship: Pisces PC2305
** Program:  Fall ECOMON
** Chief Scientist: Harvey Walsh
# nquan = 6
# nvalues = 997                         
# units = specified
# name 0 = depSM: Depth [salt water, m]
# name 1 = t090C: Temperature [ITS-90, deg C]
# name 2 = c0S/m: Conductivity [S/m]
# name 3 = sal00: Salinity, Practical [PSU]
# name 4 = scan: Scan Count
# name 5 = flag: flag
# span 0 =      3.000,    502.000       
# span 1 =     5.5421,    16.2032       
# span 2 =   3.413750,   4.287435       
# span 3 =    33.0406,    35.0141       
# span 4 =        362,      55097       
# span 5 = 0.0000e+00, 0.0000e+00       
# interval = meters: 1                  
# start_time = Nov 04 2023 22:41:20 [NMEA time, header]
# bad_flag = -9.990e-29
*END*
[from data line 956]
     43.000    15.5725   4.223745    33.8649      45324 0.0000e+00
     42.000    15.6781   4.235298    33.8779      45346 0.0000e+00
     41.000    15.8254   4.252023    33.9012      45372 0.0000e+00
     40.000    16.2032   4.287435    33.8930      45474 0.0000e+00
     39.000    16.1459   4.281217    33.8872      45514 0.0000e+00
     38.000    16.1340   4.276680    33.8576      45546 0.0000e+00
     37.000    16.1238   4.271504    33.8208      45627 0.0000e+00
     36.000    16.1171   4.270588    33.8188      45700 0.0000e+00
     35.000    16.0847   4.266216    33.8081      45725 0.0000e+00
     34.000    15.8538   4.228634    33.6712      45796 0.0000e+00
     33.000    15.7830   4.216498    33.6239      45877 0.0000e+00
     32.000    15.7564   4.211174    33.5995      45913 0.0000e+00
     31.000    15.6356   4.193992    33.5493      45974 0.0000e+00
     30.000    15.4066   4.160439    33.4440      46048 0.0000e+00
     29.000    15.2154   4.134041    33.3698      46074 0.0000e+00
     28.000    15.3660   4.151424    33.3982      46162 0.0000e+00
     27.000    15.3968   4.150200    33.3616      46205 0.0000e+00
     26.000    15.4347   4.154160    33.3653      46229 0.0000e+00
     25.000    15.4302   4.151520    33.3459      46333 0.0000e+00
     24.000    15.4341   4.151663    33.3443      46363 0.0000e+00
     23.000    15.4315   4.147833    33.3125      46478 0.0000e+00
     22.000    15.4178   4.144044    33.2905      46597 0.0000e+00
     21.000    15.4050   4.141295    33.2771      46655 0.0000e+00
     20.000    15.4157   4.141760    33.2726      46790 0.0000e+00
     19.000    15.4247   4.142510    33.2720      46891 0.0000e+00
     18.000    15.4390   4.143606    33.2702      47034 0.0000e+00
     17.000    15.4530   4.145089    33.2720      47120 0.0000e+00
     16.000    15.4774   4.147464    33.2730      48926 0.0000e+00
     15.000    15.4475   4.142175    33.2513      50487 0.0000e+00
     14.000    15.3460   4.126221    33.1944      50737 0.0000e+00
     13.000    15.2072   4.106576    33.1355      50800 0.0000e+00
     12.000    15.1807   4.101408    33.1117      50869 0.0000e+00
     11.000    15.1643   4.097417    33.0900      50918 0.0000e+00
     10.000    15.1605   4.096249    33.0831      50996 0.0000e+00
      9.000    15.1598   4.095964    33.0815      51081 0.0000e+00
      8.000    15.1617   4.096257    33.0829      51150 0.0000e+00
      7.000    15.1582   4.095658    33.0809      51187 0.0000e+00
      6.000    15.1555   4.095348    33.0808      51273 0.0000e+00
      5.000    15.1546   4.095207    33.0807      51374 0.0000e+00
      4.000    15.1571   4.095296    33.0797      53048 0.0000e+00
      3.000    15.1662   4.096136    33.0799      55097 0.0000e+00
