PC2305/ctd006.cnv
* Sea-Bird SBE 9 Data File:
* FileName = C:\cruise\data\ctd006.hex
* Software Version Seasave V 7.26.7.121
* Temperature SN = 6664
* Conductivity SN = 6035
* Number of Bytes Per Scan = 37
* Number of Voltage Words = 4
* Number of Scans Averaged by the Deck Unit = 1
* NMEA Latitude = 37 41.70 N
* NMEA Longitude = 074 15.35 W
* NMEA UTC (Time) = Oct 30 2023 14:43:33
* NMEA baud rate = 4800
** Ship: Pisces PC2305
** Program:  Fall ECOMON
** Chief Scientist: Harvey Walsh
# nquan = 6
# nvalues = 228                         
# units = specified
# name 0 = depSM: Depth [salt water, m]
# name 1 = t090C: Temperature [ITS-90, deg C]
# name 2 = c0S/m: Conductivity [S/m]
# name 3 = sal00: Salinity, Practical [PSU]
# name 4 = scan: Scan Count
# name 5 = flag: flag
# span 0 =      1.000,    116.000       
# span 1 =    10.1728,    16.4801       
# span 2 =   3.642967,   4.203078       
# span 3 =    32.3948,    35.3419       
# span 4 =        687,      32072       
# span 5 = 0.0000e+00, 0.0000e+00       
# interval = meters: 1                  
# start_time = Oct 30 2023 14:43:33 [NMEA time, header]
# bad_flag = -9.990e-29
*END*
      4.000    16.4753   4.150716    32.4788        687 0.0000e+00
      5.000    16.4698   4.150171    32.4781       1048 0.0000e+00
      6.000    16.4801   4.151154    32.4780       1091 0.0000e+00
      7.000    16.4800   4.151169    32.4778       1130 0.0000e+00
      8.000    16.4771   4.150944    32.4778       1182 0.0000e+00
      9.000    16.4716   4.150486    32.4779       1230 0.0000e+00
     10.000    16.3690   4.140422    32.4730       1288 0.0000e+00
     11.000    16.3471   4.138159    32.4707       1339 0.0000e+00
     12.000    16.2934   4.132764    32.4667       1375 0.0000e+00
     13.000    16.1066   4.113164    32.4466       1436 0.0000e+00
     14.000    15.8327   4.085464    32.4257       1477 0.0000e+00
     15.000    15.8557   4.091933    32.4638       1541 0.0000e+00
     16.000    15.7868   4.087858    32.4839       1598 0.0000e+00
     17.000    15.7679   4.085751    32.4803       1638 0.0000e+00
     18.000    15.7628   4.085257    32.4798       1707 0.0000e+00
     19.000    15.8059   4.091897    32.5029       1741 0.0000e+00
     20.000    15.8982   4.105956    32.5511       1808 0.0000e+00
     21.000    15.9698   4.116735    32.5871       1852 0.0000e+00
     22.000    15.9842   4.118899    32.5941       1906 0.0000e+00
     23.000    15.9960   4.120559    32.5986       1956 0.0000e+00
     24.000    16.0099   4.122486    32.6038       1999 0.0000e+00
     25.000    16.0301   4.125397    32.6126       2065 0.0000e+00
     26.000    16.1238   4.139873    32.6628       2115 0.0000e+00
     27.000    16.1921   4.150030    32.6956       2154 0.0000e+00
     28.000    16.2416   4.157547    32.7207       2223 0.0000e+00
     29.000    16.2678   4.162055    32.7384       2267 0.0000e+00
     30.000    16.2847   4.164687    32.7472       2324 0.0000e+00
     31.000    16.3188   4.169577    32.7618       2372 0.0000e+00
     32.000    16.2932   4.167152    32.7611       2415 0.0000e+00
     33.000    16.3352   4.173373    32.7808       2486 0.0000e+00
     34.000    16.3256   4.173981    32.7937       2535 0.0000e+00
     35.000    16.1600   4.157274    32.7829       2570 0.0000e+00
     36.000    15.9919   4.140015    32.7690       2638 0.0000e+00
     37.000    15.7085   4.112362    32.7581       2676 0.0000e+00
     38.000    15.3489   4.077728    32.7476       2739 0.0000e+00
     39.000    14.9606   4.043410    32.7632       2788 0.0000e+00
     40.000    14.6780   4.028849    32.8686       2830 0.0000e+00
     41.000    15.0914   4.103014    33.1904       2885 0.0000e+00
     42.000    13.6911   3.950138    32.9819       2934 0.0000e+00
     43.000    12.6310   3.838184    32.8490       2978 0.0000e+00
     44.000    12.4758   3.819863    32.8095       3042 0.0000e+00
     45.000    12.4425   3.815704    32.7983       3095 0.0000e+00
     46.000    12.4186   3.813670    32.7994       3133 0.0000e+00
     47.000    12.2792   3.800236    32.7920       3183 0.0000e+00
     48.000    12.0824   3.780591    32.7748       3231 0.0000e+00
     49.000    11.9584   3.768691    32.7683       3275 0.0000e+00
     50.000    11.9140   3.764310    32.7645       3336 0.0000e+00
     51.000    11.7026   3.743518    32.7482       3374 0.0000e+00
     52.000    11.4160   3.717303    32.7450       3421 0.0000e+00
     53.000    11.3117   3.707559    32.7415       3475 0.0000e+00
     54.000    11.1234   3.690337    32.7386       3521 0.0000e+00
     55.000    10.8486   3.667472    32.7570       3569 0.0000e+00
     56.000    10.7161   3.658362    32.7845       3615 0.0000e+00
     57.000    10.6371   3.653546    32.8069       3671 0.0000e+00
     58.000    10.5060   3.646576    32.8548       3719 0.0000e+00
     59.000    10.4696   3.644488    32.8663       3764 0.0000e+00
     60.000    10.4515   3.643764    32.8749       3805 0.0000e+00
     61.000    10.4401   3.644072    32.8878       3860 0.0000e+00
     62.000    10.4209   3.644065    32.9047       3916 0.0000e+00
     63.000    10.4065   3.643989    32.9165       3959 0.0000e+00
     64.000    10.4037   3.644039    32.9191       4002 0.0000e+00
     65.000    10.3967   3.644567    32.9303       4054 0.0000e+00
     66.000    10.3887   3.645583    32.9474       4103 0.0000e+00
     67.000    10.3805   3.647647    32.9751       4154 0.0000e+00
     68.000    10.3749   3.654566    33.0493       4188 0.0000e+00
     69.000    10.3743   3.655291    33.0567       4232 0.0000e+00
     70.000    10.3747   3.655590    33.0590       4303 0.0000e+00
     71.000    10.3731   3.656655    33.0707       4338 0.0000e+00
     72.000    10.3619   3.659465    33.1087       4377 0.0000e+00
     73.000    10.3546   3.660778    33.1281       4439 0.0000e+00
     74.000    10.3285   3.660848    33.1523       4479 0.0000e+00
     75.000    10.1952   3.654727    33.2119       4526 0.0000e+00
     76.000    10.1728   3.656662    33.2515       4577 0.0000e+00
     77.000    10.2096   3.662423    33.2756       4622 0.0000e+00
     78.000    10.2420   3.668212    33.3039       4670 0.0000e+00
     79.000    10.2914   3.674928    33.3259       4723 0.0000e+00
     80.000    10.3249   3.679286    33.3387       4759 0.0000e+00
     81.000    10.3674   3.684610    33.3529       4810 0.0000e+00
     82.000    10.4097   3.690042    33.3684       4862 0.0000e+00
     83.000    10.4349   3.693996    33.3847       4907 0.0000e+00
     84.000    10.4465   3.696169    33.3954       4956 0.0000e+00
     85.000    10.4677   3.698993    33.4039       4989 0.0000e+00
     86.000    10.4783   3.700519    33.4091       5052 0.0000e+00
     87.000    10.4863   3.701879    33.4150       5104 0.0000e+00
     88.000    10.5207   3.707262    33.4370       5140 0.0000e+00
     89.000    10.5316   3.708819    33.4422       5187 0.0000e+00
     90.000    10.5461   3.710836    33.4487       5239 0.0000e+00
     91.000    10.5641   3.713765    33.4612       5296 0.0000e+00
     92.000    10.6225   3.722737    33.4971       5342 0.0000e+00
     93.000    10.6549   3.727619    33.5158       5393 0.0000e+00
     94.000    10.8703   3.759405    33.6350       5432 0.0000e+00
     95.000    10.9853   3.776290    33.6972       5481 0.0000e+00
     96.000    11.0222   3.782126    33.7209       5542 0.0000e+00
     97.000    11.0688   3.789269    33.7486       5578 0.0000e+00
     98.000    11.1945   3.808239    33.8207       5624 0.0000e+00
     99.000    11.2745   3.820204    33.8652       5684 0.0000e+00
    100.000    11.8667   3.910783    34.2080       5720 0.0000e+00
    101.000    12.7769   4.046470    34.6850       5774 0.0000e+00
    102.000    12.8413   4.056273    34.7186       5818 0.0000e+00
    103.000    12.8587   4.059573    34.7337       5863 0.0000e+00
    104.000    12.8699   4.061838    34.7446       5910 0.0000e+00
    105.000    13.0397   4.091020    34.8662       5959 0.0000e+00
    106.000    13.3017   4.134429    35.0370       6007 0.0000e+00
    107.000    13.4628   4.159400    35.1244       6051 0.0000e+00
    108.000    13.4850   4.163605    35.1432       6116 0.0000e+00
    109.000    13.4889   4.164554    35.1482       6160 0.0000e+00
    110.000    13.4989   4.166667    35.1585       6316 0.0000e+00
    111.000    13.5070   4.168407    35.1670       6517 0.0000e+00
    112.000    13.5285   4.172333    35.1838       6710 0.0000e+00
    113.000    13.6180   4.186889    35.2380       6903 0.0000e+00
    114.000    13.6385   4.190137    35.2493       7102 0.0000e+00
    115.000    13.6490   4.194272    35.2781       7298 0.0000e+00
    116.000    13.6691   4.203078    35.3419      10350 0.0000e+00
    115.000    13.6344   4.190604    35.2570      10977 0.0000e+00
    114.000    13.5820   4.181503    35.2200      11289 0.0000e+00
    113.000    13.5064   4.169037    35.1726      11372 0.0000e+00
    112.000    13.5052   4.168598    35.1700      11433 0.0000e+00
    111.000    13.4909   4.166001    35.1591      11509 0.0000e+00
    110.000    13.4314   4.156004    35.1200      11591 0.0000e+00
    109.000    13.2298   4.123743    35.0005      11671 0.0000e+00
    108.000    13.0495   4.093822    34.8827      11758 0.0000e+00
    107.000    12.9607   4.079717    34.8304      11903 0.0000e+00
    106.000    12.9332   4.075101    34.8122      12012 0.0000e+00
    105.000    12.8569   4.061058    34.7486      12056 0.0000e+00
    104.000    12.7788   4.047227    34.6887      12129 0.0000e+00
    103.000    12.7433   4.042044    34.6721      12188 0.0000e+00
    102.000    12.7153   4.038081    34.6602      12286 0.0000e+00
    101.000    12.6892   4.034018    34.6457      12366 0.0000e+00
    100.000    12.5282   4.009401    34.5575      12478 0.0000e+00
     99.000    11.4136   3.842932    33.9594      12557 0.0000e+00
     98.000    11.1517   3.803397    33.8121      12641 0.0000e+00
     97.000    11.1572   3.803325    33.8068      12742 0.0000e+00
     96.000    11.1271   3.798169    33.7832      12818 0.0000e+00
     95.000    10.6466   3.727459    33.5211      12918 0.0000e+00
     94.000    10.5553   3.713683    33.4671      12995 0.0000e+00
     93.000    10.5485   3.712222    33.4591      13086 0.0000e+00
     92.000    10.5291   3.708828    33.4433      13183 0.0000e+00
     91.000    10.5220   3.707460    33.4365      13265 0.0000e+00
     90.000    10.5246   3.707367    33.4337      13370 0.0000e+00
     89.000    10.5254   3.707351    33.4332      13440 0.0000e+00
     88.000    10.5270   3.707460    33.4332      13562 0.0000e+00
     87.000    10.5225   3.706829    33.4315      13624 0.0000e+00
     86.000    10.5162   3.705947    33.4288      13721 0.0000e+00
     85.000    10.5076   3.704707    33.4247      13830 0.0000e+00
     84.000    10.4002   3.689624    33.3720      13894 0.0000e+00
     83.000    10.3562   3.683197    33.3480      13986 0.0000e+00
     82.000    10.3404   3.680766    33.3386      14087 0.0000e+00
     81.000    10.3405   3.680643    33.3376      14172 0.0000e+00
     80.000    10.3177   3.677251    33.3248      14268 0.0000e+00
     79.000    10.2822   3.672023    33.3051      14358 0.0000e+00
     78.000    10.2517   3.667531    33.2881      14465 0.0000e+00
     77.000    10.2415   3.666002    33.2825      14544 0.0000e+00
     76.000    10.2088   3.657317    33.2252      14639 0.0000e+00
     75.000    10.2296   3.655813    33.1914      14750 0.0000e+00
     74.000    10.2566   3.657000    33.1791      14817 0.0000e+00
     73.000    10.3060   3.660635    33.1711      14920 0.0000e+00
     72.000    10.3404   3.660623    33.1399      15011 0.0000e+00
     71.000    10.3658   3.660435    33.1154      15100 0.0000e+00
     70.000    10.3728   3.658684    33.0918      15203 0.0000e+00
     69.000    10.3744   3.657866    33.0826      15285 0.0000e+00
     68.000    10.3773   3.656313    33.0648      15396 0.0000e+00
     67.000    10.3778   3.652693    33.0284      15595 0.0000e+00
     66.000    10.3790   3.650608    33.0067      15751 0.0000e+00
     65.000    10.3840   3.647862    32.9750      17264 0.0000e+00
     64.000    10.3793   3.655218    33.0537      19904 0.0000e+00
     63.000    10.3787   3.652037    33.0227      19903 0.0000e+00
     62.000    10.3786   3.649679    32.9995      19942 0.0000e+00
     61.000    10.3779   3.647602    32.9797      20022 0.0000e+00
     60.000    10.3820   3.645544    32.9557      20073 0.0000e+00
     59.000    10.3931   3.643524    32.9258      20123 0.0000e+00
     58.000    10.4230   3.642967    32.8936      20194 0.0000e+00
     57.000    10.4520   3.643403    32.8721      20264 0.0000e+00
     56.000    10.5087   3.645360    32.8411      20320 0.0000e+00
     55.000    10.6117   3.650653    32.8018      20377 0.0000e+00
     54.000    10.6941   3.655726    32.7788      20462 0.0000e+00
     53.000    10.7400   3.658334    32.7642      20510 0.0000e+00
     52.000    10.8886   3.669691    32.7446      20566 0.0000e+00
     51.000    11.1190   3.687968    32.7205      20640 0.0000e+00
     50.000    11.2056   3.694491    32.7083      20687 0.0000e+00
     49.000    11.3392   3.707093    32.7142      20745 0.0000e+00
     48.000    11.7270   3.743174    32.7247      20821 0.0000e+00
     47.000    11.8617   3.756412    32.7351      20865 0.0000e+00
     46.000    11.9243   3.762209    32.7367      20932 0.0000e+00
     45.000    12.1404   3.782735    32.7458      20998 0.0000e+00
     44.000    12.3569   3.803095    32.7527      21071 0.0000e+00
     43.000    12.5269   3.821611    32.7820      21144 0.0000e+00
     42.000    14.0811   3.986151    32.9811      21225 0.0000e+00
     41.000    14.7164   4.030258    32.8493      21327 0.0000e+00
     40.000    15.0158   4.044027    32.7221      21419 0.0000e+00
     39.000    15.4778   4.084380    32.6995      21522 0.0000e+00
     38.000    15.8847   4.127319    32.7444      21612 0.0000e+00
     37.000    16.1481   4.155505    32.7763      21699 0.0000e+00
     36.000    16.3572   4.176926    32.7928      21765 0.0000e+00
     35.000    16.3735   4.177162    32.7818      21826 0.0000e+00
     34.000    16.3079   4.168114    32.7567      21866 0.0000e+00
     33.000    16.2735   4.162508    32.7362      21916 0.0000e+00
     32.000    16.1673   4.147167    32.6891      21961 0.0000e+00
     31.000    16.1001   4.137749    32.6617      22015 0.0000e+00
     30.000    16.0963   4.136330    32.6527      22066 0.0000e+00
     29.000    16.1103   4.137983    32.6561      22100 0.0000e+00
     28.000    16.1387   4.140440    32.6549      22156 0.0000e+00
     27.000    16.1967   4.147056    32.6658      22202 0.0000e+00
     26.000    16.2156   4.149048    32.6681      22241 0.0000e+00
     25.000    16.2213   4.149710    32.6696      22303 0.0000e+00
     24.000    16.2288   4.150423    32.6701      22361 0.0000e+00
     23.000    16.1210   4.135136    32.6245      22481 0.0000e+00
     22.000    15.9733   4.113854    32.5585      22635 0.0000e+00
     21.000    15.9649   4.112615    32.5548      22791 0.0000e+00
     20.000    15.8867   4.101420    32.5204      23001 0.0000e+00
     19.000    15.8850   4.100845    32.5171      24878 0.0000e+00
     18.000    15.8574   4.097128    32.5073      25782 0.0000e+00
     17.000    15.7166   4.076907    32.4440      25682 0.0000e+00
     16.000    15.6736   4.070468    32.4226      25765 0.0000e+00
     15.000    15.6605   4.066092    32.3948      25875 0.0000e+00
     14.000    15.8701   4.087504    32.4132      25956 0.0000e+00
     13.000    16.1084   4.112093    32.4357      26059 0.0000e+00
     12.000    16.2392   4.125656    32.4486      26164 0.0000e+00
     11.000    16.2869   4.130637    32.4537      26245 0.0000e+00
     10.000    16.3172   4.133642    32.4558      26329 0.0000e+00
      9.000    16.3574   4.137641    32.4585      26472 0.0000e+00
      8.000    16.3878   4.140616    32.4602      26634 0.0000e+00
      7.000    16.4189   4.143609    32.4614      26888 0.0000e+00
      6.000    16.4243   4.144100    32.4617      27094 0.0000e+00
      5.000    16.4247   4.144131    32.4620      27220 0.0000e+00
      4.000    16.4285   4.144440    32.4619      28456 0.0000e+00
      3.000    16.4270   4.144174    32.4612      32072 0.0000e+00
      2.000    16.4289   4.144286    32.4611      31935 0.0000e+00
      1.000    16.4271   4.136535    32.3953      31901 0.0000e+00
