PC2305/ctd033.cnv
* Sea-Bird SBE 9 Data File:
* FileName = C:\cruise\data\ctd033.hex
* Software Version Seasave V 7.26.7.121
* Temperature SN = 6664
* Conductivity SN = 6035
* Number of Bytes Per Scan = 37
* Number of Voltage Words = 4
* Number of Scans Averaged by the Deck Unit = 1
* NMEA Latitude = 42 42.15 N
* NMEA Longitude = 067 42.24 W
* NMEA UTC (Time) = Nov 12 2023 05:32:19
* NMEA baud rate = 4800
** Ship: Pisces PC2305
** Program:  Fall ECOMON
** Chief Scientist: Harvey Walsh
# nquan = 6
# nvalues = 365                         
# units = specified
# name 0 = depSM: Depth [salt water, m]
# name 1 = t090C: Temperature [ITS-90, deg C]
# name 2 = c0S/m: Conductivity [S/m]
# name 3 = sal00: Salinity, Practical [PSU]
# name 4 = scan: Scan Count
# name 5 = flag: flag
# span 0 =      4.000,    186.000       
# span 1 =     7.7662,    10.9445       
# span 2 =   3.440811,   3.633721       
# span 3 =    32.3103,    34.5304       
# span 4 =       -445,      23685       
# span 5 = 0.0000e+00, 0.0000e+00       
# interval = meters: 1                  
# start_time = Nov 12 2023 05:32:19 [NMEA time, header]
# bad_flag = -9.990e-29
*END*
[from data line 239]
    129.000     8.0532   3.526724    33.8726      10678 0.0000e+00
    128.000     8.0429   3.524720    33.8617      10701 0.0000e+00
    127.000     8.0272   3.521080    33.8384      10738 0.0000e+00
    126.000     8.0185   3.518578    33.8206      10769 0.0000e+00
    125.000     8.0125   3.516774    33.8075      10787 0.0000e+00
    124.000     7.9948   3.511505    33.7688      10803 0.0000e+00
    123.000     7.9565   3.500829    33.6920      10820 0.0000e+00
    122.000     7.9085   3.489550    33.6180      10846 0.0000e+00
    121.000     7.8981   3.487338    33.6048      10881 0.0000e+00
    120.000     7.8887   3.484488    33.5837      10908 0.0000e+00
    119.000     7.8803   3.482484    33.5708      10928 0.0000e+00
    118.000     7.8794   3.480003    33.5456      10947 0.0000e+00
    117.000     7.8685   3.472446    33.4755      10970 0.0000e+00
    116.000     7.8635   3.470363    33.4586      10996 0.0000e+00
    115.000     7.8627   3.469965    33.4555      11024 0.0000e+00
    114.000     7.8616   3.469565    33.4527      11052 0.0000e+00
    113.000     7.8561   3.467531    33.4367      11075 0.0000e+00
    112.000     7.8376   3.463013    33.4064      11097 0.0000e+00
    111.000     7.8183   3.458435    33.3763      11121 0.0000e+00
    110.000     7.7850   3.452776    33.3479      11145 0.0000e+00
    109.000     7.7738   3.448083    33.3087      11170 0.0000e+00
    108.000     7.8162   3.448818    33.2767      11198 0.0000e+00
    107.000     7.8413   3.448985    33.2550      11226 0.0000e+00
    106.000     7.8570   3.446289    33.2117      11255 0.0000e+00
    105.000     7.8575   3.442367    33.1697      11303 0.0000e+00
    104.000     7.8593   3.440835    33.1521      11380 0.0000e+00
    103.000     7.8653   3.440811    33.1466      11414 0.0000e+00
    102.000     7.8871   3.441486    33.1336      11483 0.0000e+00
    101.000     7.8927   3.441812    33.1323      11526 0.0000e+00
    100.000     7.9046   3.442400    33.1277      11595 0.0000e+00
     99.000     7.9061   3.442436    33.1272      11649 0.0000e+00
     98.000     7.9069   3.442377    33.1263      11710 0.0000e+00
     97.000     7.9096   3.442387    33.1243      11772 0.0000e+00
     96.000     7.9102   3.442250    33.1227      12457 0.0000e+00
     95.000     7.9032   3.441664    33.1236      15943 0.0000e+00
     94.000     7.9099   3.441584    33.1168      16012 0.0000e+00
     93.000     7.9324   3.442866    33.1096      16042 0.0000e+00
     92.000     7.9623   3.444059    33.0945      16073 0.0000e+00
     91.000     7.9935   3.446226    33.0886      16096 0.0000e+00
     90.000     7.9974   3.446286    33.0861      16115 0.0000e+00
     89.000     8.0237   3.448291    33.0831      16134 0.0000e+00
     88.000     8.1863   3.460300    33.0578      16157 0.0000e+00
     87.000     8.2930   3.467345    33.0327      16191 0.0000e+00
     86.000     8.3041   3.467811    33.0276      16222 0.0000e+00
     85.000     8.2911   3.466392    33.0253      16242 0.0000e+00
     84.000     8.2661   3.464449    33.0287      16260 0.0000e+00
     83.000     8.2558   3.463028    33.0237      16280 0.0000e+00
     82.000     8.2513   3.460647    33.0032      16306 0.0000e+00
     81.000     8.2212   3.455220    32.9745      16338 0.0000e+00
     80.000     8.2071   3.451909    32.9530      16366 0.0000e+00
     79.000     8.1991   3.449988    32.9406      16388 0.0000e+00
     78.000     8.1955   3.449783    32.9423      16407 0.0000e+00
     77.000     8.1906   3.448519    32.9340      16428 0.0000e+00
     76.000     8.1905   3.446688    32.9151      16454 0.0000e+00
     75.000     8.1940   3.445979    32.9048      16485 0.0000e+00
     74.000     8.2071   3.446505    32.8985      16514 0.0000e+00
     73.000     8.2442   3.448582    32.8863      16538 0.0000e+00
     72.000     8.4012   3.460755    32.8687      16560 0.0000e+00
     71.000     8.4730   3.466499    32.8627      16582 0.0000e+00
     70.000     8.5175   3.469971    32.8583      16605 0.0000e+00
     69.000     8.5729   3.474374    32.8535      16631 0.0000e+00
     68.000     8.6561   3.479980    32.8355      16662 0.0000e+00
     67.000     8.6408   3.477432    32.8234      16687 0.0000e+00
     66.000     8.6288   3.476158    32.8217      16708 0.0000e+00
     65.000     8.6022   3.474436    32.8287      16728 0.0000e+00
     64.000     8.5912   3.473479    32.8294      16753 0.0000e+00
     63.000     8.6430   3.476461    32.8131      16783 0.0000e+00
     62.000     8.6966   3.480693    32.8081      16811 0.0000e+00
     61.000     8.7047   3.481310    32.8076      16833 0.0000e+00
     60.000     8.7020   3.481211    32.8095      16854 0.0000e+00
     59.000     8.6646   3.478855    32.8200      16880 0.0000e+00
     58.000     8.6900   3.480691    32.8161      16914 0.0000e+00
     57.000     8.7489   3.485110    32.8082      16941 0.0000e+00
     56.000     8.7503   3.485193    32.8083      16959 0.0000e+00
     55.000     8.7458   3.484863    32.8094      16976 0.0000e+00
     54.000     8.7329   3.483860    32.8113      16994 0.0000e+00
     53.000     8.7301   3.483676    32.8125      17025 0.0000e+00
     52.000     8.7508   3.485396    32.8117      17071 0.0000e+00
     51.000     8.9352   3.501239    32.8069      17090 0.0000e+00
     50.000     9.0395   3.508077    32.7823      17106 0.0000e+00
     49.000     9.0815   3.509464    32.7584      17122 0.0000e+00
     48.000     8.9468   3.499838    32.7830      17141 0.0000e+00
     47.000     9.1722   3.515873    32.7425      17178 0.0000e+00
     46.000     9.4567   3.534677    32.6764      17219 0.0000e+00
     45.000     9.6348   3.546552    32.6364      17237 0.0000e+00
     44.000     9.6438   3.547915    32.6426      17253 0.0000e+00
     43.000     9.5662   3.542583    32.6591      17270 0.0000e+00
     42.000     9.5938   3.544623    32.6553      17296 0.0000e+00
     41.000     9.8329   3.562762    32.6239      17330 0.0000e+00
     40.000     9.9659   3.573088    32.6090      17356 0.0000e+00
     39.000     9.9595   3.573037    32.6147      17378 0.0000e+00
     38.000     9.9728   3.573820    32.6111      17400 0.0000e+00
     37.000    10.0926   3.581625    32.5826      17424 0.0000e+00
     36.000    10.4477   3.603740    32.4874      17448 0.0000e+00
     35.000    10.7665   3.621464    32.3814      17471 0.0000e+00
     34.000    10.8247   3.624115    32.3566      17495 0.0000e+00
     33.000    10.8909   3.626760    32.3249      17521 0.0000e+00
     32.000    10.9150   3.627833    32.3146      17544 0.0000e+00
     31.000    10.9317   3.628835    32.3103      17568 0.0000e+00
     30.000    10.9264   3.628719    32.3142      17597 0.0000e+00
     29.000    10.9376   3.629398    32.3115      17629 0.0000e+00
     28.000    10.9343   3.629270    32.3136      17656 0.0000e+00
     27.000    10.9250   3.628686    32.3164      17680 0.0000e+00
     26.000    10.9205   3.628330    32.3173      17708 0.0000e+00
     25.000    10.9312   3.628913    32.3140      17745 0.0000e+00
     24.000    10.9317   3.628936    32.3143      17781 0.0000e+00
     23.000    10.9311   3.628898    32.3149      17813 0.0000e+00
     22.000    10.9311   3.628912    32.3155      17857 0.0000e+00
     21.000    10.9327   3.629058    32.3159      17914 0.0000e+00
     20.000    10.9328   3.629076    32.3164      17951 0.0000e+00
     19.000    10.9323   3.629023    32.3167      17989 0.0000e+00
     18.000    10.9329   3.629069    32.3171      18045 0.0000e+00
     17.000    10.9340   3.629147    32.3173      18088 0.0000e+00
     16.000    10.9310   3.628891    32.3179      18117 0.0000e+00
     15.000    10.9433   3.630366    32.3221      20326 0.0000e+00
     14.000    10.9416   3.630219    32.3225      21184 0.0000e+00
     13.000    10.9422   3.630138    32.3216      21239 0.0000e+00
     12.000    10.9424   3.630022    32.3207      21327 0.0000e+00
     11.000    10.9360   3.629464    32.3213      21396 0.0000e+00
     10.000    10.9362   3.629426    32.3211      21467 0.0000e+00
      9.000    10.9351   3.629290    32.3212      21551 0.0000e+00
      8.000    10.9273   3.628577    32.3214      21616 0.0000e+00
      7.000    10.9280   3.628599    32.3214      21713 0.0000e+00
      6.000    10.9292   3.628641    32.3212      21766 0.0000e+00
      5.000    10.9337   3.628991    32.3211      21871 0.0000e+00
      4.000    10.9318   3.628784    32.3212      23685 0.0000e+00
