PC2305/ctd019.cnv
* Sea-Bird SBE 9 Data File:
* FileName = C:\cruise\data\ctd019.hex
* Software Version Seasave V 7.26.7.121
* Temperature SN = 6664
* Conductivity SN = 6035
* Number of Bytes Per Scan = 37
* Number of Voltage Words = 4
* Number of Scans Averaged by the Deck Unit = 1
* NMEA Latitude = 40 56.06 N
* NMEA Longitude = 067 41.92 W
* NMEA UTC (Time) = Nov 06 2023 00:32:41
* NMEA baud rate = 4800
** Ship: Pisces PC2305
** Program:  Fall ECOMON
** Chief Scientist: Harvey Walsh
# nquan = 6
# nvalues = 115                         
# units = specified
# name 0 = depSM: Depth [salt water, m]
# name 1 = t090C: Temperature [ITS-90, deg C]
# name 2 = c0S/m: Conductivity [S/m]
# name 3 = sal00: Salinity, Practical [PSU]
# name 4 = scan: Scan Count
# name 5 = flag: flag
# span 0 =      5.000,     62.000       
# span 1 =    12.9432,    13.4218       
# span 2 =   3.788464,   3.827326       
# span 3 =    32.0834,    32.1020       
# span 4 =        367,      20084       
# span 5 = 0.0000e+00, 0.0000e+00       
# interval = meters: 1                  
# start_time = Nov 06 2023 00:32:41 [NMEA time, header]
# bad_flag = -9.990e-29
*END*
      5.000    13.4207   3.827091    32.0837        367 0.0000e+00
      6.000    13.4218   3.827261    32.0840        807 0.0000e+00
      7.000    13.4189   3.827077    32.0842        962 0.0000e+00
      8.000    13.4160   3.826855    32.0843       1016 0.0000e+00
      9.000    13.4208   3.827326    32.0842       1070 0.0000e+00
     10.000    13.4034   3.825802    32.0842       1132 0.0000e+00
     11.000    13.3752   3.823360    32.0848       1191 0.0000e+00
     12.000    13.3573   3.821801    32.0849       1249 0.0000e+00
     13.000    13.3067   3.817426    32.0862       1318 0.0000e+00
     14.000    13.2511   3.812681    32.0883       1376 0.0000e+00
     15.000    13.2172   3.809770    32.0892       1436 0.0000e+00
     16.000    13.1859   3.807102    32.0901       1491 0.0000e+00
     17.000    13.1612   3.804984    32.0907       1560 0.0000e+00
     18.000    13.1110   3.800704    32.0925       1632 0.0000e+00
     19.000    13.0814   3.798161    32.0933       1698 0.0000e+00
     20.000    13.0711   3.797314    32.0936       1742 0.0000e+00
     21.000    13.0653   3.796849    32.0938       1805 0.0000e+00
     22.000    13.0483   3.795534    32.0954       1884 0.0000e+00
     23.000    13.0404   3.794934    32.0961       1957 0.0000e+00
     24.000    13.0347   3.794505    32.0965       2013 0.0000e+00
     25.000    13.0181   3.793269    32.0984       2060 0.0000e+00
     26.000    13.0095   3.792608    32.0991       2141 0.0000e+00
     27.000    12.9966   3.791588    32.1000       2211 0.0000e+00
     28.000    12.9942   3.791425    32.1001       2257 0.0000e+00
     29.000    12.9952   3.791541    32.0999       2336 0.0000e+00
     30.000    12.9929   3.791376    32.1000       2407 0.0000e+00
     31.000    12.9870   3.790945    32.1005       2456 0.0000e+00
     32.000    12.9840   3.790735    32.1007       2526 0.0000e+00
     33.000    12.9828   3.790669    32.1006       2595 0.0000e+00
     34.000    12.9826   3.790679    32.1005       2655 0.0000e+00
     35.000    12.9829   3.790749    32.1005       2725 0.0000e+00
     36.000    12.9804   3.790572    32.1006       2796 0.0000e+00
     37.000    12.9763   3.790269    32.1008       2850 0.0000e+00
     38.000    12.9736   3.790084    32.1009       2917 0.0000e+00
     39.000    12.9721   3.789988    32.1009       2990 0.0000e+00
     40.000    12.9705   3.789898    32.1009       3050 0.0000e+00
     41.000    12.9709   3.789970    32.1009       3119 0.0000e+00
     42.000    12.9698   3.789917    32.1010       3185 0.0000e+00
     43.000    12.9696   3.789945    32.1010       3247 0.0000e+00
     44.000    12.9686   3.789883    32.1008       3320 0.0000e+00
     45.000    12.9678   3.789866    32.1010       3378 0.0000e+00
     46.000    12.9688   3.789994    32.1010       3446 0.0000e+00
     47.000    12.9687   3.790029    32.1010       3512 0.0000e+00
     48.000    12.9670   3.789923    32.1010       3578 0.0000e+00
     49.000    12.9625   3.789587    32.1012       3655 0.0000e+00
     50.000    12.9594   3.789363    32.1014       3719 0.0000e+00
     51.000    12.9571   3.789203    32.1014       3775 0.0000e+00
     52.000    12.9560   3.789159    32.1015       3836 0.0000e+00
     53.000    12.9536   3.788994    32.1015       3954 0.0000e+00
     54.000    12.9500   3.788730    32.1017       4000 0.0000e+00
     55.000    12.9504   3.788804    32.1017       4050 0.0000e+00
     56.000    12.9469   3.788557    32.1019       4168 0.0000e+00
     57.000    12.9459   3.788498    32.1018       4227 0.0000e+00
     58.000    12.9450   3.788464    32.1019       4298 0.0000e+00
     59.000    12.9471   3.788687    32.1018       4377 0.0000e+00
     60.000    12.9509   3.789051    32.1016       4460 0.0000e+00
     61.000    12.9478   3.788809    32.1015       5033 0.0000e+00
     62.000    12.9432   3.788487    32.1020       6585 0.0000e+00
     61.000    12.9478   3.788829    32.1017       6474 0.0000e+00
     60.000    12.9481   3.788807    32.1017       7351 0.0000e+00
     59.000    12.9481   3.788764    32.1017       7408 0.0000e+00
     58.000    12.9544   3.789252    32.1013       7518 0.0000e+00
     57.000    12.9536   3.789143    32.1014       7647 0.0000e+00
     56.000    12.9517   3.788934    32.1014       7747 0.0000e+00
     55.000    12.9506   3.788805    32.1015       7850 0.0000e+00
     54.000    12.9505   3.788737    32.1014       7970 0.0000e+00
     53.000    12.9524   3.788876    32.1015       8025 0.0000e+00
     52.000    12.9538   3.788945    32.1013       8111 0.0000e+00
     51.000    12.9630   3.789670    32.1008       8206 0.0000e+00
     50.000    12.9611   3.789488    32.1011       8275 0.0000e+00
     49.000    12.9651   3.789781    32.1008       8356 0.0000e+00
     48.000    12.9649   3.789718    32.1009       8456 0.0000e+00
     47.000    12.9672   3.789875    32.1007       8514 0.0000e+00
     46.000    12.9692   3.790000    32.1006       8596 0.0000e+00
     45.000    12.9725   3.790235    32.1005       8672 0.0000e+00
     44.000    12.9773   3.790612    32.1003       8769 0.0000e+00
     43.000    12.9784   3.790658    32.1003       8843 0.0000e+00
     42.000    12.9788   3.790663    32.1003       8964 0.0000e+00
     41.000    12.9802   3.790737    32.1003       9099 0.0000e+00
     40.000    12.9798   3.790664    32.1003       9218 0.0000e+00
     39.000    12.9810   3.790731    32.1003       9356 0.0000e+00
     38.000    12.9809   3.790673    32.1002       9472 0.0000e+00
     37.000    12.9813   3.790665    32.1003       9596 0.0000e+00
     36.000    12.9816   3.790646    32.1003       9758 0.0000e+00
     35.000    12.9834   3.790752    32.1001       9866 0.0000e+00
     34.000    12.9841   3.790774    32.1001      10014 0.0000e+00
     33.000    12.9881   3.791088    32.1001      12454 0.0000e+00
     32.000    12.9909   3.791272    32.0998      13690 0.0000e+00
     31.000    12.9912   3.791252    32.0998      13674 0.0000e+00
     30.000    12.9921   3.791300    32.0999      13721 0.0000e+00
     29.000    12.9954   3.791524    32.0996      13833 0.0000e+00
     28.000    13.0063   3.792378    32.0988      13883 0.0000e+00
     27.000    13.0005   3.791871    32.0994      13952 0.0000e+00
     26.000    13.0180   3.793242    32.0979      14037 0.0000e+00
     25.000    13.0300   3.794187    32.0970      14110 0.0000e+00
     24.000    13.0438   3.795270    32.0959      14190 0.0000e+00
     23.000    13.0518   3.795871    32.0952      14258 0.0000e+00
     22.000    13.0509   3.795765    32.0953      14337 0.0000e+00
     21.000    13.0601   3.796447    32.0944      14427 0.0000e+00
     20.000    13.0747   3.797569    32.0930      14507 0.0000e+00
     19.000    13.0849   3.798336    32.0920      14612 0.0000e+00
     18.000    13.0947   3.799086    32.0911      14708 0.0000e+00
     17.000    13.1014   3.799682    32.0915      14809 0.0000e+00
     16.000    13.1798   3.806282    32.0877      14910 0.0000e+00
     15.000    13.2412   3.811596    32.0861      15019 0.0000e+00
     14.000    13.3097   3.817570    32.0846      15098 0.0000e+00
     13.000    13.3932   3.824928    32.0834      15219 0.0000e+00
     12.000    13.3849   3.824295    32.0849      15301 0.0000e+00
     11.000    13.3575   3.821860    32.0857      16895 0.0000e+00
     10.000    13.3647   3.822460    32.0856      17974 0.0000e+00
      9.000    13.3865   3.824334    32.0851      17952 0.0000e+00
      8.000    13.3928   3.824904    32.0855      18073 0.0000e+00
      7.000    13.3954   3.825105    32.0857      18178 0.0000e+00
      6.000    13.3980   3.825337    32.0860      18278 0.0000e+00
      5.000    13.4060   3.826129    32.0871      20084 0.0000e+00
