PC2305/ctd025.cnv
* Sea-Bird SBE 9 Data File:
* FileName = C:\cruise\data\ctd025.hex
* Software Version Seasave V 7.26.7.121
* Temperature SN = 6664
* Conductivity SN = 6035
* Number of Bytes Per Scan = 37
* Number of Voltage Words = 4
* Number of Scans Averaged by the Deck Unit = 1
* NMEA Latitude = 42 21.47 N
* NMEA Longitude = 070 28.15 W
* NMEA UTC (Time) = Nov 09 2023 04:22:11
* NMEA baud rate = 4800
** Ship: Pisces PC2305
** Program:  Fall ECOMON
** Chief Scientist: Harvey Walsh
# nquan = 6
# nvalues = 135                         
# units = specified
# name 0 = depSM: Depth [salt water, m]
# name 1 = t090C: Temperature [ITS-90, deg C]
# name 2 = c0S/m: Conductivity [S/m]
# name 3 = sal00: Salinity, Practical [PSU]
# name 4 = scan: Scan Count
# name 5 = flag: flag
# span 0 =      4.000,     71.000       
# span 1 =    10.6966,    12.0803       
# span 2 =   3.596454,   3.671602       
# span 3 =    31.5610,    32.1917       
# span 4 =         85,      19328       
# span 5 = 0.0000e+00, 0.0000e+00       
# interval = meters: 1                  
# start_time = Nov 09 2023 04:22:11 [NMEA time, header]
# bad_flag = -9.990e-29
*END*
      4.000    11.9893   3.644467    31.5610         85 0.0000e+00
      5.000    11.9761   3.643448    31.5619        640 0.0000e+00
      6.000    11.9852   3.644364    31.5626        893 0.0000e+00
      7.000    11.9898   3.644856    31.5630        984 0.0000e+00
      8.000    11.9908   3.644947    31.5627       1019 0.0000e+00
      9.000    11.9924   3.645162    31.5630       1082 0.0000e+00
     10.000    11.9947   3.645487    31.5638       1130 0.0000e+00
     11.000    11.9912   3.645124    31.5629       1155 0.0000e+00
     12.000    11.9922   3.645251    31.5628       1200 0.0000e+00
     13.000    11.9930   3.645415    31.5634       1241 0.0000e+00
     14.000    11.9957   3.645757    31.5640       1263 0.0000e+00
     15.000    11.9988   3.646377    31.5669       1288 0.0000e+00
     16.000    11.9988   3.646470    31.5674       1347 0.0000e+00
     17.000    12.0005   3.646925    31.5699       1382 0.0000e+00
     18.000    11.9959   3.647096    31.5751       1406 0.0000e+00
     19.000    11.9900   3.646773    31.5765       1441 0.0000e+00
     20.000    11.9830   3.646326    31.5777       1490 0.0000e+00
     21.000    11.9812   3.646415    31.5797       1516 0.0000e+00
     22.000    11.9804   3.646504    31.5808       1540 0.0000e+00
     23.000    11.9799   3.646605    31.5818       1575 0.0000e+00
     24.000    11.9790   3.646761    31.5837       1617 0.0000e+00
     25.000    11.9790   3.646838    31.5840       1643 0.0000e+00
     26.000    11.9778   3.647089    31.5870       1665 0.0000e+00
     27.000    11.9775   3.647331    31.5892       1696 0.0000e+00
     28.000    11.9794   3.647649    31.5903       1733 0.0000e+00
     29.000    11.9819   3.648153    31.5926       1757 0.0000e+00
     30.000    11.9835   3.650223    31.6108       1778 0.0000e+00
     31.000    11.9849   3.652032    31.6266       1804 0.0000e+00
     32.000    11.9770   3.654602    31.6576       1844 0.0000e+00
     33.000    11.9940   3.658023    31.6757       1879 0.0000e+00
     34.000    12.0147   3.663528    31.7107       1900 0.0000e+00
     35.000    11.9782   3.671602    31.8192       1921 0.0000e+00
     36.000    11.8503   3.670500    31.9175       1948 0.0000e+00
     37.000    11.8017   3.668576    31.9402       1988 0.0000e+00
     38.000    11.7782   3.667597    31.9505       2022 0.0000e+00
     39.000    11.7581   3.667553    31.9669       2044 0.0000e+00
     40.000    11.7509   3.667868    31.9757       2067 0.0000e+00
     41.000    11.7481   3.668066    31.9796       2097 0.0000e+00
     42.000    11.7440   3.668191    31.9840       2129 0.0000e+00
     43.000    11.7400   3.668126    31.9864       2160 0.0000e+00
     44.000    11.6998   3.666718    32.0069       2187 0.0000e+00
     45.000    11.4420   3.650886    32.0752       2211 0.0000e+00
     46.000    11.2202   3.633915    32.1014       2237 0.0000e+00
     47.000    11.0769   3.623081    32.1193       2275 0.0000e+00
     48.000    11.0511   3.621140    32.1223       2311 0.0000e+00
     49.000    11.0102   3.618206    32.1287       2334 0.0000e+00
     50.000    10.9986   3.617418    32.1306       2353 0.0000e+00
     51.000    10.9918   3.617023    32.1322       2377 0.0000e+00
     52.000    10.9801   3.615977    32.1317       2420 0.0000e+00
     53.000    10.9709   3.615346    32.1331       2454 0.0000e+00
     54.000    10.9606   3.614835    32.1367       2474 0.0000e+00
     55.000    10.9464   3.613928    32.1397       2497 0.0000e+00
     56.000    10.9118   3.611193    32.1425       2533 0.0000e+00
     57.000    10.8831   3.608893    32.1445       2565 0.0000e+00
     58.000    10.8731   3.608028    32.1443       2586 0.0000e+00
     59.000    10.8671   3.607508    32.1440       2610 0.0000e+00
     60.000    10.8415   3.605365    32.1448       2649 0.0000e+00
     61.000    10.8121   3.603192    32.1486       2684 0.0000e+00
     62.000    10.7429   3.599289    32.1702       2706 0.0000e+00
     63.000    10.7136   3.598472    32.1875       2725 0.0000e+00
     64.000    10.7132   3.598513    32.1878       2753 0.0000e+00
     65.000    10.7076   3.598253    32.1897       2809 0.0000e+00
     66.000    10.7093   3.598335    32.1887       2838 0.0000e+00
     67.000    10.7108   3.598433    32.1879       2861 0.0000e+00
     68.000    10.7113   3.598407    32.1867       2938 0.0000e+00
     69.000    10.7105   3.598460    32.1875       2971 0.0000e+00
     70.000    10.7061   3.598202    32.1884       3157 0.0000e+00
     71.000    10.6993   3.597868    32.1906       7263 0.0000e+00
     70.000    10.6966   3.597688    32.1917       7642 0.0000e+00
     69.000    10.7026   3.598089    32.1907       7653 0.0000e+00
     68.000    10.7052   3.598227    32.1903       7710 0.0000e+00
     67.000    10.7053   3.598146    32.1898       7740 0.0000e+00
     66.000    10.7043   3.597814    32.1878       7770 0.0000e+00
     65.000    10.7010   3.596454    32.1777       7814 0.0000e+00
     64.000    10.7778   3.600597    32.1517       7857 0.0000e+00
     63.000    10.8175   3.603489    32.1460       7900 0.0000e+00
     62.000    10.8302   3.604491    32.1451       7944 0.0000e+00
     61.000    10.8617   3.606914    32.1420       7985 0.0000e+00
     60.000    10.8843   3.608430    32.1376       8027 0.0000e+00
     59.000    10.8902   3.608732    32.1358       8066 0.0000e+00
     58.000    10.8958   3.609117    32.1352       8111 0.0000e+00
     57.000    10.9013   3.609533    32.1349       8163 0.0000e+00
     56.000    10.9015   3.609567    32.1355       8196 0.0000e+00
     55.000    10.9024   3.609709    32.1365       8239 0.0000e+00
     54.000    10.9212   3.611298    32.1362       8295 0.0000e+00
     53.000    10.9472   3.613317    32.1339       8327 0.0000e+00
     52.000    10.9680   3.614524    32.1279       8372 0.0000e+00
     51.000    10.9999   3.616626    32.1213       8421 0.0000e+00
     50.000    11.0114   3.617447    32.1197       8449 0.0000e+00
     49.000    11.0114   3.617384    32.1195       8500 0.0000e+00
     48.000    11.0358   3.619062    32.1152       8553 0.0000e+00
     47.000    11.1121   3.624563    32.1031       8589 0.0000e+00
     46.000    11.2100   3.631579    32.0873       8636 0.0000e+00
     45.000    11.2497   3.634854    32.0852       8677 0.0000e+00
     44.000    11.2865   3.637664    32.0813       8709 0.0000e+00
     43.000    11.6762   3.664155    32.0029       8766 0.0000e+00
     42.000    11.7519   3.667764    31.9730       8827 0.0000e+00
     41.000    11.7625   3.668289    31.9695       8895 0.0000e+00
     40.000    11.7606   3.668157    31.9701       8933 0.0000e+00
     39.000    11.7647   3.668123    31.9668       8999 0.0000e+00
     38.000    11.8053   3.669334    31.9440      11118 0.0000e+00
     37.000    11.8652   3.670861    31.9078      12240 0.0000e+00
     36.000    11.9995   3.671087    31.7957      12350 0.0000e+00
     35.000    12.0803   3.670491    31.7215      12430 0.0000e+00
     34.000    12.0556   3.666339    31.7030      12465 0.0000e+00
     33.000    12.0082   3.662136    31.7032      12522 0.0000e+00
     32.000    12.0023   3.654716    31.6372      12578 0.0000e+00
     31.000    11.9914   3.653869    31.6387      12619 0.0000e+00
     30.000    11.9718   3.648692    31.6059      12687 0.0000e+00
     29.000    11.9866   3.649309    31.5997      12719 0.0000e+00
     28.000    11.9928   3.650814    31.6094      12772 0.0000e+00
     27.000    11.9971   3.648854    31.5873      12832 0.0000e+00
     26.000    11.9934   3.648661    31.5890      12862 0.0000e+00
     25.000    11.9858   3.647086    31.5806      12924 0.0000e+00
     24.000    11.9799   3.646024    31.5758      12973 0.0000e+00
     23.000    11.9807   3.646485    31.5800      13004 0.0000e+00
     22.000    11.9730   3.645225    31.5748      13080 0.0000e+00
     21.000    11.9640   3.644136    31.5723      13110 0.0000e+00
     20.000    11.9625   3.643957    31.5723      13162 0.0000e+00
     19.000    11.9581   3.643275    31.5698      13225 0.0000e+00
     18.000    11.9551   3.642534    31.5657      13298 0.0000e+00
     17.000    11.9659   3.643557    31.5667      15208 0.0000e+00
     16.000    11.9613   3.643014    31.5658      16136 0.0000e+00
     15.000    11.9612   3.642965    31.5659      16207 0.0000e+00
     14.000    11.9576   3.642606    31.5659      16295 0.0000e+00
     13.000    11.9609   3.642866    31.5660      16392 0.0000e+00
     12.000    11.9634   3.643031    31.5658      16487 0.0000e+00
     11.000    11.9611   3.642838    31.5663      16592 0.0000e+00
     10.000    11.9610   3.642758    31.5661      16698 0.0000e+00
      9.000    11.9617   3.642740    31.5656      16824 0.0000e+00
      8.000    11.9631   3.642822    31.5657      16934 0.0000e+00
      7.000    11.9637   3.642881    31.5662      17058 0.0000e+00
      6.000    11.9626   3.642807    31.5668      17290 0.0000e+00
      5.000    11.9607   3.642726    31.5680      17475 0.0000e+00
      4.000    11.9554   3.642278    31.5686      19328 0.0000e+00
