PC2305/ctd009.cnv
* Sea-Bird SBE 9 Data File:
* FileName = C:\cruise\data\ctd009.hex
* Software Version Seasave V 7.26.7.121
* Temperature SN = 6664
* Conductivity SN = 6035
* Number of Bytes Per Scan = 37
* Number of Voltage Words = 4
* Number of Scans Averaged by the Deck Unit = 1
* NMEA Latitude = 35 59.85 N
* NMEA Longitude = 074 46.75 W
* NMEA UTC (Time) = Oct 31 2023 10:28:23
* NMEA baud rate = 4800
** Ship: Pisces PC2305
** Program:  Fall ECOMON
** Chief Scientist: Harvey Walsh
# nquan = 6
# nvalues = 719                         
# units = specified
# name 0 = depSM: Depth [salt water, m]
# name 1 = t090C: Temperature [ITS-90, deg C]
# name 2 = c0S/m: Conductivity [S/m]
# name 3 = sal00: Salinity, Practical [PSU]
# name 4 = scan: Scan Count
# name 5 = flag: flag
# span 0 =      1.000,    362.000       
# span 1 =     8.6176,    22.6739       
# span 2 =   3.711179,   5.075791       
# span 3 =    33.1915,    35.9187       
# span 4 =        -33,      35414       
# span 5 = 0.0000e+00, 0.0000e+00       
# interval = meters: 1                  
# start_time = Oct 31 2023 10:28:23 [NMEA time, header]
# bad_flag = -9.990e-29
*END*
[from data line 239]
    244.000    10.9093   3.946160    35.3975       6110 0.0000e+00
    245.000    10.8456   3.939704    35.3938       6132 0.0000e+00
    246.000    10.8214   3.937113    35.3907       6154 0.0000e+00
    247.000    10.7797   3.932628    35.3855       6180 0.0000e+00
    248.000    10.7295   3.927236    35.3793       6211 0.0000e+00
    249.000    10.7031   3.924369    35.3756       6241 0.0000e+00
    250.000    10.6918   3.923204    35.3743       6268 0.0000e+00
    251.000    10.6839   3.922340    35.3727       6294 0.0000e+00
    252.000    10.6694   3.920774    35.3706       6317 0.0000e+00
    253.000    10.6561   3.919344    35.3686       6338 0.0000e+00
    254.000    10.6510   3.918838    35.3680       6360 0.0000e+00
    255.000    10.6454   3.918239    35.3669       6388 0.0000e+00
    256.000    10.6367   3.917335    35.3657       6425 0.0000e+00
    257.000    10.6510   3.918768    35.3658       6452 0.0000e+00
    258.000    10.6406   3.917643    35.3641       6473 0.0000e+00
    259.000    10.6305   3.916597    35.3629       6493 0.0000e+00
    260.000    10.6185   3.915357    35.3616       6517 0.0000e+00
    261.000    10.5855   3.911857    35.3578       6555 0.0000e+00
    262.000    10.5433   3.907269    35.3518       6589 0.0000e+00
    263.000    10.4752   3.899836    35.3422       6609 0.0000e+00
    264.000    10.4084   3.893160    35.3390       6625 0.0000e+00
    265.000    10.3803   3.890101    35.3347       6640 0.0000e+00
    266.000    10.3223   3.883901    35.3278       6661 0.0000e+00
    267.000    10.2748   3.878738    35.3210       6711 0.0000e+00
    268.000    10.2256   3.873487    35.3149       6746 0.0000e+00
    269.000    10.1772   3.868334    35.3091       6764 0.0000e+00
    270.000    10.1647   3.867211    35.3093       6780 0.0000e+00
    271.000    10.1648   3.867124    35.3079       6800 0.0000e+00
    272.000    10.1243   3.862982    35.3047       6832 0.0000e+00
    273.000    10.0710   3.857204    35.2971       6869 0.0000e+00
    274.000    10.0390   3.853700    35.2920       6893 0.0000e+00
    275.000    10.0166   3.851344    35.2893       6913 0.0000e+00
    276.000     9.9988   3.849501    35.2874       6935 0.0000e+00
    277.000     9.9853   3.848138    35.2861       6958 0.0000e+00
    278.000     9.9870   3.848324    35.2860       6981 0.0000e+00
    279.000     9.9841   3.848012    35.2851       7004 0.0000e+00
    280.000     9.9792   3.847499    35.2841       7036 0.0000e+00
    281.000     9.9713   3.846672    35.2829       7071 0.0000e+00
    282.000     9.9637   3.845941    35.2824       7094 0.0000e+00
    283.000     9.9613   3.845723    35.2820       7115 0.0000e+00
    284.000     9.9627   3.845915    35.2822       7141 0.0000e+00
    285.000     9.9625   3.845915    35.2819       7171 0.0000e+00
    286.000     9.9467   3.844218    35.2795       7194 0.0000e+00
    287.000     9.9155   3.841021    35.2767       7214 0.0000e+00
    288.000     9.9001   3.839432    35.2750       7236 0.0000e+00
    289.000     9.8823   3.837551    35.2726       7261 0.0000e+00
    290.000     9.8687   3.836205    35.2716       7288 0.0000e+00
    291.000     9.8406   3.833243    35.2682       7317 0.0000e+00
    292.000     9.7870   3.827919    35.2654       7350 0.0000e+00
    293.000     9.7787   3.827148    35.2651       7378 0.0000e+00
    294.000     9.7743   3.826794    35.2654       7399 0.0000e+00
    295.000     9.7636   3.826061    35.2678       7417 0.0000e+00
    296.000     9.7643   3.826172    35.2678       7435 0.0000e+00
    297.000     9.7657   3.826321    35.2675       7464 0.0000e+00
    298.000     9.7635   3.826091    35.2668       7507 0.0000e+00
    299.000     9.7670   3.826516    35.2673       7530 0.0000e+00
    300.000     9.7667   3.826550    35.2675       7547 0.0000e+00
    301.000     9.7683   3.826747    35.2675       7563 0.0000e+00
    302.000     9.7695   3.826875    35.2671       7583 0.0000e+00
    303.000     9.7692   3.826827    35.2665       7616 0.0000e+00
    304.000     9.7676   3.826699    35.2663       7651 0.0000e+00
    305.000     9.7676   3.826741    35.2663       7678 0.0000e+00
    306.000     9.7656   3.826587    35.2662       7701 0.0000e+00
    307.000     9.7610   3.826122    35.2654       7722 0.0000e+00
    308.000     9.7580   3.825888    35.2655       7744 0.0000e+00
    309.000     9.7553   3.825585    35.2645       7766 0.0000e+00
    310.000     9.7495   3.825076    35.2645       7791 0.0000e+00
    311.000     9.7506   3.825166    35.2639       7816 0.0000e+00
    312.000     9.7503   3.825167    35.2638       7846 0.0000e+00
    313.000     9.7511   3.825299    35.2638       7877 0.0000e+00
    314.000     9.7438   3.824626    35.2636       7900 0.0000e+00
    315.000     9.7412   3.824421    35.2636       7920 0.0000e+00
    316.000     9.7449   3.824765    35.2630       7946 0.0000e+00
    317.000     9.7210   3.822427    35.2618       7980 0.0000e+00
    318.000     9.5692   3.806063    35.2412       8005 0.0000e+00
    319.000     9.4374   3.793143    35.2365       8024 0.0000e+00
    320.000     9.4234   3.791559    35.2333       8042 0.0000e+00
    321.000     9.4158   3.790723    35.2316       8063 0.0000e+00
    322.000     9.4051   3.789647    35.2305       8096 0.0000e+00
    323.000     9.3715   3.786036    35.2256       8132 0.0000e+00
    324.000     9.3200   3.780576    35.2190       8158 0.0000e+00
    325.000     9.2923   3.777669    35.2156       8180 0.0000e+00
    326.000     9.2465   3.773142    35.2131       8201 0.0000e+00
    327.000     9.2304   3.771588    35.2123       8224 0.0000e+00
    328.000     9.2136   3.769885    35.2106       8251 0.0000e+00
    329.000     9.1918   3.767708    35.2090       8279 0.0000e+00
    330.000     9.1829   3.766800    35.2078       8304 0.0000e+00
    331.000     9.1706   3.765528    35.2061       8326 0.0000e+00
    332.000     9.1463   3.763167    35.2050       8350 0.0000e+00
    333.000     9.1233   3.760804    35.2025       8376 0.0000e+00
    334.000     9.1154   3.760027    35.2017       8404 0.0000e+00
    335.000     9.1102   3.759587    35.2018       8432 0.0000e+00
    336.000     9.1072   3.759363    35.2019       8461 0.0000e+00
    337.000     9.0996   3.758621    35.2013       8489 0.0000e+00
    338.000     9.0854   3.757309    35.2010       8511 0.0000e+00
    339.000     9.0806   3.756876    35.2008       8530 0.0000e+00
    340.000     9.0808   3.756915    35.2005       8551 0.0000e+00
    341.000     9.0800   3.756839    35.2001       8579 0.0000e+00
    342.000     9.0749   3.756382    35.1998       8611 0.0000e+00
    343.000     9.0013   3.748978    35.1945       8633 0.0000e+00
    344.000     8.9444   3.743382    35.1916       8650 0.0000e+00
    345.000     8.9021   3.739095    35.1880       8670 0.0000e+00
    346.000     8.8718   3.735998    35.1850       8718 0.0000e+00
    347.000     8.8316   3.732057    35.1828       8759 0.0000e+00
    348.000     8.7896   3.728146    35.1829       8775 0.0000e+00
    349.000     8.7756   3.726959    35.1838       8789 0.0000e+00
    350.000     8.7695   3.726390    35.1834       8801 0.0000e+00
    351.000     8.7468   3.724224    35.1826       8813 0.0000e+00
    352.000     8.7431   3.723858    35.1819       8827 0.0000e+00
    353.000     8.7528   3.724685    35.1805       8910 0.0000e+00
    354.000     8.7338   3.722728    35.1783       8947 0.0000e+00
    355.000     8.7286   3.722210    35.1775       8964 0.0000e+00
    356.000     8.7275   3.722095    35.1768       9020 0.0000e+00
    357.000     8.7263   3.721978    35.1764       9095 0.0000e+00
    358.000     8.7240   3.721792    35.1762       9112 0.0000e+00
    359.000     8.7204   3.721480    35.1760       9132 0.0000e+00
    360.000     8.7118   3.720680    35.1756       9239 0.0000e+00
    361.000     8.6828   3.717890    35.1744       9494 0.0000e+00
    362.000     8.6643   3.716039    35.1728      10235 0.0000e+00
    361.000     8.6618   3.715687    35.1720      10261 0.0000e+00
    360.000     8.6795   3.717422    35.1733      10277 0.0000e+00
    359.000     8.6176   3.711179    35.1693      13533 0.0000e+00
    358.000     8.6561   3.714916    35.1710      14112 0.0000e+00
    357.000     8.6804   3.717057    35.1699      14086 0.0000e+00
    356.000     8.6765   3.716713    35.1707      14114 0.0000e+00
    355.000     8.7032   3.719255    35.1715      14149 0.0000e+00
    354.000     8.7381   3.722575    35.1724      14177 0.0000e+00
    353.000     8.7387   3.722556    35.1721      14197 0.0000e+00
    352.000     8.7337   3.722058    35.1722      14215 0.0000e+00
    351.000     8.7331   3.721975    35.1724      14232 0.0000e+00
    350.000     8.7325   3.721848    35.1721      14252 0.0000e+00
    349.000     8.7257   3.721224    35.1728      14281 0.0000e+00
    348.000     8.7441   3.722949    35.1732      14317 0.0000e+00
    347.000     8.7539   3.723905    35.1741      14341 0.0000e+00
    346.000     8.7560   3.724056    35.1740      14363 0.0000e+00
    345.000     8.7513   3.723549    35.1738      14385 0.0000e+00
    344.000     8.7815   3.726574    35.1762      14418 0.0000e+00
    343.000     8.8665   3.734531    35.1762      14455 0.0000e+00
    342.000     8.8903   3.736999    35.1791      14477 0.0000e+00
    341.000     8.8997   3.738238    35.1833      14494 0.0000e+00
    340.000     8.8620   3.734252    35.1792      14510 0.0000e+00
    339.000     8.8701   3.735420    35.1839      14531 0.0000e+00
    338.000     8.9942   3.747597    35.1894      14561 0.0000e+00
    337.000     9.1028   3.758054    35.1922      14592 0.0000e+00
    336.000     9.1038   3.758245    35.1936      14614 0.0000e+00
    335.000     9.0871   3.756551    35.1929      14634 0.0000e+00
    334.000     9.0652   3.754322    35.1916      14659 0.0000e+00
    333.000     9.0819   3.756089    35.1941      14691 0.0000e+00
    332.000     9.1451   3.762167    35.1958      14721 0.0000e+00
    331.000     9.1507   3.762788    35.1972      14747 0.0000e+00
    330.000     9.1504   3.762748    35.1976      14770 0.0000e+00
    329.000     9.1385   3.761628    35.1981      14793 0.0000e+00
    328.000     9.1459   3.762288    35.1981      14816 0.0000e+00
    327.000     9.1551   3.763292    35.1999      14839 0.0000e+00
    326.000     9.2041   3.768232    35.2037      14865 0.0000e+00
    325.000     9.2408   3.771661    35.2038      14888 0.0000e+00
    324.000     9.2585   3.773394    35.2049      14909 0.0000e+00
    323.000     9.2593   3.773399    35.2046      14929 0.0000e+00
    322.000     9.1993   3.767487    35.2025      14957 0.0000e+00
    321.000     9.1966   3.767232    35.2031      15003 0.0000e+00
    320.000     9.3443   3.782241    35.2144      15030 0.0000e+00
    319.000     9.3634   3.783834    35.2126      15047 0.0000e+00
    318.000     9.3602   3.783691    35.2147      15064 0.0000e+00
    317.000     9.3283   3.779863    35.2068      15083 0.0000e+00
    316.000     9.4045   3.788477    35.2218      15113 0.0000e+00
    315.000     9.5441   3.802810    35.2336      15146 0.0000e+00
    314.000     9.6362   3.812812    35.2472      15170 0.0000e+00
    313.000     9.6680   3.815922    35.2485      15190 0.0000e+00
    312.000     9.5635   3.804681    35.2354      15208 0.0000e+00
    311.000     9.5421   3.802728    35.2366      15229 0.0000e+00
    310.000     9.6100   3.809778    35.2434      15261 0.0000e+00
    309.000     9.7452   3.823622    35.2541      15300 0.0000e+00
    308.000     9.7865   3.828007    35.2594      15328 0.0000e+00
    307.000     9.7929   3.828636    35.2601      15351 0.0000e+00
    306.000     9.7630   3.825400    35.2565      15370 0.0000e+00
    305.000     9.7383   3.823080    35.2572      15390 0.0000e+00
    304.000     9.7641   3.825697    35.2594      15410 0.0000e+00
    303.000     9.7861   3.827797    35.2600      15432 0.0000e+00
    302.000     9.7919   3.828425    35.2612      15455 0.0000e+00
    301.000     9.7869   3.827888    35.2611      15484 0.0000e+00
    300.000     9.7877   3.827957    35.2614      15524 0.0000e+00
    299.000     9.7890   3.828118    35.2623      15557 0.0000e+00
    298.000     9.7956   3.828734    35.2626      15578 0.0000e+00
    297.000     9.7919   3.828315    35.2624      15594 0.0000e+00
    296.000     9.7855   3.827741    35.2632      15609 0.0000e+00
    295.000     9.7925   3.828364    35.2633      15625 0.0000e+00
    294.000     9.7931   3.828383    35.2633      15661 0.0000e+00
    293.000     9.7960   3.828728    35.2644      15709 0.0000e+00
    292.000     9.8001   3.829068    35.2645      15727 0.0000e+00
    291.000     9.7974   3.828715    35.2640      15742 0.0000e+00
    290.000     9.7977   3.828641    35.2633      15756 0.0000e+00
    289.000     9.8071   3.829339    35.2617      15771 0.0000e+00
    288.000     9.8499   3.833600    35.2642      15807 0.0000e+00
    287.000     9.9168   3.840495    35.2700      15863 0.0000e+00
    286.000     9.9109   3.839738    35.2685      15883 0.0000e+00
    285.000     9.9164   3.840415    35.2705      15900 0.0000e+00
    284.000     9.9179   3.840531    35.2707      15915 0.0000e+00
    283.000     9.9261   3.841307    35.2711      15931 0.0000e+00
    282.000     9.9349   3.842122    35.2714      15950 0.0000e+00
    281.000     9.9365   3.842249    35.2716      15980 0.0000e+00
    280.000     9.9727   3.846076    35.2759      16017 0.0000e+00
    279.000    10.0121   3.850139    35.2795      16047 0.0000e+00
    278.000    10.0165   3.850522    35.2796      16072 0.0000e+00
    277.000    10.0157   3.850439    35.2801      16093 0.0000e+00
    276.000    10.0096   3.849812    35.2800      16112 0.0000e+00
    275.000    10.0710   3.856364    35.2877      16134 0.0000e+00
    274.000    10.0826   3.857313    35.2865      16166 0.0000e+00
    273.000    10.1962   3.869474    35.3004      16200 0.0000e+00
    272.000    10.2032   3.870163    35.3010      16223 0.0000e+00
    271.000    10.1983   3.869722    35.3018      16241 0.0000e+00
    270.000    10.1821   3.867909    35.2995      16260 0.0000e+00
    269.000    10.1630   3.866068    35.2998      16288 0.0000e+00
    268.000    10.3213   3.882856    35.3171      16328 0.0000e+00
    267.000    10.3864   3.889600    35.3229      16350 0.0000e+00
    266.000    10.3680   3.887324    35.3181      16365 0.0000e+00
    265.000    10.3327   3.884064    35.3198      16380 0.0000e+00
    264.000    10.3436   3.885073    35.3199      16397 0.0000e+00
    263.000    10.3879   3.889729    35.3246      16433 0.0000e+00
    262.000    10.4168   3.892692    35.3270      16483 0.0000e+00
    261.000    10.4078   3.891645    35.3256      16503 0.0000e+00
    260.000    10.4006   3.891124    35.3277      16519 0.0000e+00
    259.000    10.4135   3.892381    35.3284      16534 0.0000e+00
    258.000    10.4450   3.895615    35.3311      16551 0.0000e+00
    257.000    10.4584   3.897093    35.3335      16579 0.0000e+00
    256.000    10.5354   3.905220    35.3415      16624 0.0000e+00
    255.000    10.5723   3.909102    35.3456      16647 0.0000e+00
    254.000    10.5582   3.907585    35.3443      16665 0.0000e+00
    253.000    10.5535   3.907254    35.3459      16682 0.0000e+00
    252.000    10.5828   3.910065    35.3464      16701 0.0000e+00
    251.000    10.6114   3.913120    35.3500      16735 0.0000e+00
    250.000    10.6972   3.922155    35.3585      16779 0.0000e+00
    249.000    10.6995   3.922370    35.3589      16803 0.0000e+00
    248.000    10.6815   3.920493    35.3578      16820 0.0000e+00
    247.000    10.6766   3.920151    35.3597      16836 0.0000e+00
    246.000    10.6987   3.922690    35.3643      16854 0.0000e+00
    245.000    10.7759   3.930903    35.3727      16876 0.0000e+00
    244.000    10.9407   3.948743    35.3930      16906 0.0000e+00
    243.000    11.0452   3.959812    35.4035      16939 0.0000e+00
