PC2305/ctd024.cnv
* Sea-Bird SBE 9 Data File:
* FileName = C:\cruise\data\ctd024.hex
* Software Version Seasave V 7.26.7.121
* Temperature SN = 6664
* Conductivity SN = 6035
* Number of Bytes Per Scan = 37
* Number of Voltage Words = 4
* Number of Scans Averaged by the Deck Unit = 1
* NMEA Latitude = 42 18.98 N
* NMEA Longitude = 070 15.74 W
* NMEA UTC (Time) = Nov 09 2023 02:26:56
* NMEA baud rate = 4800
** Ship: Pisces PC2305
** Program:  Fall ECOMON
** Chief Scientist: Harvey Walsh
# nquan = 6
# nvalues = 51                          
# units = specified
# name 0 = depSM: Depth [salt water, m]
# name 1 = t090C: Temperature [ITS-90, deg C]
# name 2 = c0S/m: Conductivity [S/m]
# name 3 = sal00: Salinity, Practical [PSU]
# name 4 = scan: Scan Count
# name 5 = flag: flag
# span 0 =      5.000,     30.000       
# span 1 =    11.2214,    11.6774       
# span 2 =   3.615267,   3.630026       
# span 3 =    31.6669,    31.9238       
# span 4 =       -256,      14346       
# span 5 = 0.0000e+00, 0.0000e+00       
# interval = meters: 1                  
# start_time = Nov 09 2023 02:26:56 [NMEA time, header]
# bad_flag = -9.990e-29
*END*
      5.000    11.6612   3.627275    31.6733       -256 0.0000e+00
      6.000    11.6682   3.627659    31.6706        541 0.0000e+00
      7.000    11.6620   3.627151    31.6706        829 0.0000e+00
      8.000    11.6641   3.627377    31.6705        936 0.0000e+00
      9.000    11.6578   3.626883    31.6707       1072 0.0000e+00
     10.000    11.6603   3.627136    31.6706       1172 0.0000e+00
     11.000    11.6614   3.627287    31.6707       1260 0.0000e+00
     12.000    11.6639   3.627540    31.6707       1353 0.0000e+00
     13.000    11.6655   3.627678    31.6702       1452 0.0000e+00
     14.000    11.6659   3.627757    31.6703       1528 0.0000e+00
     15.000    11.6659   3.627811    31.6703       1632 0.0000e+00
     16.000    11.6674   3.627970    31.6702       1716 0.0000e+00
     17.000    11.6656   3.627834    31.6700       1809 0.0000e+00
     18.000    11.6686   3.628300    31.6715       1888 0.0000e+00
     19.000    11.6774   3.630026    31.6804       1989 0.0000e+00
     20.000    11.6670   3.629195    31.6808       2069 0.0000e+00
     21.000    11.6614   3.628865    31.6820       2163 0.0000e+00
     22.000    11.6659   3.629033    31.6793       2253 0.0000e+00
     23.000    11.6546   3.628742    31.6857       2334 0.0000e+00
     24.000    11.6519   3.628629    31.6866       2434 0.0000e+00
     25.000    11.6368   3.628677    31.6995       2530 0.0000e+00
     26.000    11.5761   3.628229    31.7467       2623 0.0000e+00
     27.000    11.5084   3.627790    31.8000       2743 0.0000e+00
     28.000    11.4357   3.624768    31.8326       2837 0.0000e+00
     29.000    11.3413   3.620013    31.8672       2945 0.0000e+00
     30.000    11.2214   3.615267    31.9238       3110 0.0000e+00
     29.000    11.2473   3.615670    31.9059       4228 0.0000e+00
     28.000    11.4060   3.622520    31.8363       6289 0.0000e+00
     27.000    11.5437   3.627551    31.7674       6760 0.0000e+00
     26.000    11.6307   3.627250    31.6904       6790 0.0000e+00
     25.000    11.6484   3.627391    31.6771       6868 0.0000e+00
     24.000    11.6528   3.627329    31.6732       6953 0.0000e+00
     23.000    11.6543   3.627342    31.6724       7048 0.0000e+00
     22.000    11.6552   3.627284    31.6715       7117 0.0000e+00
     21.000    11.6565   3.627281    31.6708       7242 0.0000e+00
     20.000    11.6587   3.627331    31.6698       7313 0.0000e+00
     19.000    11.6574   3.627185    31.6699       7389 0.0000e+00
     18.000    11.6582   3.627132    31.6691       7487 0.0000e+00
     17.000    11.6581   3.626852    31.6669       9093 0.0000e+00
     16.000    11.6469   3.625840    31.6670      10919 0.0000e+00
     15.000    11.6481   3.625903    31.6670      10922 0.0000e+00
     14.000    11.6485   3.625896    31.6670      10996 0.0000e+00
     13.000    11.6515   3.626112    31.6669      11114 0.0000e+00
     12.000    11.6529   3.626202    31.6670      11208 0.0000e+00
     11.000    11.6484   3.625776    31.6672      11295 0.0000e+00
     10.000    11.6416   3.625204    31.6678      11403 0.0000e+00
      9.000    11.6401   3.625035    31.6679      11505 0.0000e+00
      8.000    11.6383   3.624849    31.6680      11612 0.0000e+00
      7.000    11.6348   3.624515    31.6682      11763 0.0000e+00
      6.000    11.6393   3.624812    31.6677      12839 0.0000e+00
      5.000    11.6465   3.625384    31.6675      14346 0.0000e+00
