PC2305/ctd017.cnv
* Sea-Bird SBE 9 Data File:
* FileName = C:\cruise\data\ctd017.hex
* Software Version Seasave V 7.26.7.121
* Temperature SN = 6664
* Conductivity SN = 6035
* Number of Bytes Per Scan = 37
* Number of Voltage Words = 4
* Number of Scans Averaged by the Deck Unit = 1
* NMEA Latitude = 40 22.66 N
* NMEA Longitude = 067 41.34 W
* NMEA UTC (Time) = Nov 05 2023 00:53:42
* NMEA baud rate = 4800
** Ship: Pisces PC2305
** Program:  Fall ECOMON
** Chief Scientist: Harvey Walsh
# nquan = 6
# nvalues = 564                         
# units = specified
# name 0 = depSM: Depth [salt water, m]
# name 1 = t090C: Temperature [ITS-90, deg C]
# name 2 = c0S/m: Conductivity [S/m]
# name 3 = sal00: Salinity, Practical [PSU]
# name 4 = scan: Scan Count
# name 5 = flag: flag
# span 0 =      4.000,    286.000       
# span 1 =     8.3243,    16.2154       
# span 2 =   3.543998,   4.275552       
# span 3 =    32.7597,    34.9765       
# span 4 =        -67,      39544       
# span 5 = 0.0000e+00, 0.0000e+00       
# interval = meters: 1                  
# start_time = Nov 05 2023 00:53:42 [NMEA time, header]
# bad_flag = -9.990e-29
*END*
[from data line 239]
    244.000     9.0293   3.721668    34.9279      10509 0.0000e+00
    245.000     9.0301   3.721767    34.9277      10550 0.0000e+00
    246.000     9.0277   3.721601    34.9279      10602 0.0000e+00
    247.000     9.0269   3.721586    34.9280      10631 0.0000e+00
    248.000     9.0263   3.721563    34.9280      10665 0.0000e+00
    249.000     9.0254   3.721518    34.9279      10732 0.0000e+00
    250.000     9.0242   3.721464    34.9280      10769 0.0000e+00
    251.000     9.0160   3.720788    34.9285      10796 0.0000e+00
    252.000     9.0141   3.720663    34.9286      10852 0.0000e+00
    253.000     9.0123   3.720547    34.9286      10914 0.0000e+00
    254.000     9.0124   3.720598    34.9286      10951 0.0000e+00
    255.000     9.0120   3.720613    34.9287      10980 0.0000e+00
    256.000     9.0105   3.720537    34.9289      11024 0.0000e+00
    257.000     9.0125   3.720740    34.9286      11089 0.0000e+00
    258.000     9.0128   3.720816    34.9286      11118 0.0000e+00
    259.000     9.0044   3.720181    34.9297      11161 0.0000e+00
    260.000     9.0058   3.720294    34.9291      11217 0.0000e+00
    261.000     8.9940   3.719350    34.9303      11250 0.0000e+00
    262.000     8.9915   3.719168    34.9303      11292 0.0000e+00
    263.000     8.9864   3.718780    34.9308      11349 0.0000e+00
    264.000     8.9857   3.718769    34.9309      11382 0.0000e+00
    265.000     8.9827   3.718578    34.9314      11426 0.0000e+00
    266.000     8.9790   3.718283    34.9314      11498 0.0000e+00
    267.000     8.9294   3.714188    34.9367      11519 0.0000e+00
    268.000     8.9164   3.713218    34.9389      11550 0.0000e+00
    269.000     8.9058   3.712220    34.9383      11609 0.0000e+00
    270.000     8.8791   3.709962    34.9405      11651 0.0000e+00
    271.000     8.8470   3.707264    34.9432      11696 0.0000e+00
    272.000     8.8366   3.706365    34.9435      11757 0.0000e+00
    273.000     8.7998   3.703277    34.9468      11797 0.0000e+00
    274.000     8.7592   3.699716    34.9488      11853 0.0000e+00
    275.000     8.7261   3.696891    34.9512      11907 0.0000e+00
    276.000     8.7209   3.696436    34.9510      11978 0.0000e+00
    277.000     8.7089   3.695400    34.9515      12077 0.0000e+00
    278.000     8.6532   3.690644    34.9557      12153 0.0000e+00
    279.000     8.6191   3.687812    34.9590      12259 0.0000e+00
    280.000     8.5702   3.683574    34.9621      12286 0.0000e+00
    281.000     8.5348   3.680403    34.9630      12396 0.0000e+00
    282.000     8.4345   3.671913    34.9718      12471 0.0000e+00
    283.000     8.3995   3.668658    34.9715      12588 0.0000e+00
    284.000     8.3373   3.663366    34.9765      12675 0.0000e+00
    285.000     8.3243   3.661939    34.9737      13515 0.0000e+00
    286.000     8.4872   3.676234    34.9636      15007 0.0000e+00
    285.000     8.4169   3.670327    34.9710      15314 0.0000e+00
    284.000     8.5630   3.682657    34.9576      15211 0.0000e+00
    283.000     8.5620   3.682596    34.9584      15289 0.0000e+00
    282.000     8.5796   3.684140    34.9578      15324 0.0000e+00
    281.000     8.6284   3.688129    34.9523      15354 0.0000e+00
    280.000     8.6745   3.692135    34.9495      15409 0.0000e+00
    279.000     8.7062   3.694860    34.9475      15456 0.0000e+00
    278.000     8.6868   3.693169    34.9492      15488 0.0000e+00
    277.000     8.6765   3.692484    34.9526      15532 0.0000e+00
    276.000     8.7315   3.697020    34.9468      15580 0.0000e+00
    275.000     8.7696   3.700186    34.9430      15614 0.0000e+00
    274.000     8.7575   3.699236    34.9455      15647 0.0000e+00
    273.000     8.7480   3.698422    34.9467      15696 0.0000e+00
    272.000     8.7996   3.702785    34.9423      15736 0.0000e+00
    271.000     8.8219   3.704631    34.9402      15770 0.0000e+00
    270.000     8.8285   3.705243    34.9406      15810 0.0000e+00
    269.000     8.8570   3.707625    34.9381      15867 0.0000e+00
    268.000     8.9078   3.711968    34.9342      15916 0.0000e+00
    267.000     8.9103   3.712147    34.9342      15942 0.0000e+00
    266.000     8.8901   3.710356    34.9356      15967 0.0000e+00
    265.000     8.9172   3.712745    34.9345      16080 0.0000e+00
    264.000     8.9509   3.715518    34.9310      16105 0.0000e+00
    263.000     8.9205   3.712993    34.9348      16142 0.0000e+00
    262.000     8.9394   3.714492    34.9325      16200 0.0000e+00
    261.000     8.9845   3.718281    34.9284      16236 0.0000e+00
    260.000     8.9832   3.718152    34.9288      16255 0.0000e+00
    259.000     8.9765   3.717560    34.9297      16294 0.0000e+00
    258.000     8.9835   3.718150    34.9294      16355 0.0000e+00
    257.000     8.9998   3.719478    34.9278      16432 0.0000e+00
    256.000     9.0002   3.719485    34.9280      16483 0.0000e+00
    255.000     8.9959   3.719089    34.9285      16510 0.0000e+00
    254.000     8.9957   3.719057    34.9288      16598 0.0000e+00
    253.000     9.0005   3.719407    34.9283      16660 0.0000e+00
    252.000     9.0006   3.719391    34.9285      16693 0.0000e+00
    251.000     9.0008   3.719360    34.9284      16724 0.0000e+00
    250.000     8.9995   3.719233    34.9288      16799 0.0000e+00
    249.000     9.0044   3.719593    34.9283      16853 0.0000e+00
    248.000     9.0008   3.719259    34.9289      16899 0.0000e+00
    247.000     9.0089   3.719907    34.9282      16950 0.0000e+00
    246.000     9.0063   3.719648    34.9284      16982 0.0000e+00
    245.000     9.0083   3.719810    34.9286      17080 0.0000e+00
    244.000     9.0102   3.719901    34.9282      17110 0.0000e+00
    243.000     9.0067   3.719553    34.9285      17141 0.0000e+00
    242.000     9.0081   3.719638    34.9285      17208 0.0000e+00
    241.000     9.0107   3.719801    34.9281      17277 0.0000e+00
    240.000     9.0109   3.719772    34.9281      17311 0.0000e+00
    239.000     9.0112   3.719770    34.9282      17369 0.0000e+00
    238.000     9.0207   3.720516    34.9272      17434 0.0000e+00
    237.000     9.0163   3.720124    34.9279      17465 0.0000e+00
    236.000     9.0148   3.719954    34.9280      17524 0.0000e+00
    235.000     9.0215   3.720474    34.9274      17593 0.0000e+00
    234.000     9.0231   3.720573    34.9273      17625 0.0000e+00
    233.000     9.0206   3.720326    34.9277      17674 0.0000e+00
    232.000     9.0323   3.721234    34.9262      17751 0.0000e+00
    231.000     9.0331   3.721273    34.9262      17789 0.0000e+00
    230.000     9.0330   3.721241    34.9265      17817 0.0000e+00
    229.000     9.0333   3.721226    34.9265      17893 0.0000e+00
    228.000     9.0513   3.722681    34.9246      17944 0.0000e+00
    227.000     9.0445   3.722066    34.9253      17980 0.0000e+00
    226.000     9.0467   3.722219    34.9251      18051 0.0000e+00
    225.000     9.0605   3.723288    34.9233      18077 0.0000e+00
    224.000     9.0573   3.723005    34.9240      18151 0.0000e+00
    223.000     9.0674   3.723846    34.9233      18201 0.0000e+00
    222.000     9.0709   3.724045    34.9225      18222 0.0000e+00
    221.000     9.0725   3.724154    34.9225      18283 0.0000e+00
    220.000     9.0839   3.725118    34.9219      18352 0.0000e+00
    219.000     9.0888   3.725458    34.9211      18377 0.0000e+00
    218.000     9.0888   3.725445    34.9215      18447 0.0000e+00
    217.000     9.1153   3.727747    34.9200      18494 0.0000e+00
    216.000     9.1169   3.727778    34.9192      18519 0.0000e+00
    215.000     9.1059   3.726833    34.9206      18593 0.0000e+00
    214.000     9.1449   3.730102    34.9170      18648 0.0000e+00
    213.000     9.1345   3.729195    34.9182      18688 0.0000e+00
    212.000     9.1520   3.730634    34.9165      18732 0.0000e+00
    211.000     9.1906   3.733880    34.9131      18803 0.0000e+00
    210.000     9.1973   3.734326    34.9117      18850 0.0000e+00
    209.000     9.1941   3.734006    34.9120      18874 0.0000e+00
    208.000     9.1899   3.733609    34.9124      18940 0.0000e+00
    207.000     9.2101   3.735282    34.9106      19010 0.0000e+00
    206.000     9.2097   3.735125    34.9098      19038 0.0000e+00
    205.000     9.2112   3.735296    34.9106      19086 0.0000e+00
    204.000     9.2339   3.736943    34.9060      19152 0.0000e+00
    203.000     9.2368   3.737029    34.9045      19185 0.0000e+00
    202.000     9.2360   3.736903    34.9045      19247 0.0000e+00
    201.000     9.2400   3.737124    34.9033      19314 0.0000e+00
    200.000     9.2413   3.737144    34.9028      19344 0.0000e+00
    199.000     9.2396   3.736995    34.9033      19381 0.0000e+00
    198.000     9.2452   3.737390    34.9024      19441 0.0000e+00
    197.000     9.2518   3.737636    34.8990      19517 0.0000e+00
    196.000     9.2523   3.737615    34.8988      19559 0.0000e+00
    195.000     9.2517   3.737572    34.8994      19591 0.0000e+00
    194.000     9.2524   3.737450    34.8980      19642 0.0000e+00
    193.000     9.2580   3.737525    34.8937      19696 0.0000e+00
    192.000     9.2641   3.737473    34.8876      19753 0.0000e+00
    191.000     9.2724   3.737644    34.8818      19822 0.0000e+00
    190.000     9.3004   3.738792    34.8669      19851 0.0000e+00
    189.000     9.3260   3.740339    34.8585      19887 0.0000e+00
    188.000     9.4517   3.747629    34.8123      19969 0.0000e+00
    187.000     9.4287   3.746208    34.8204      20003 0.0000e+00
    186.000     9.4225   3.745800    34.8227      20042 0.0000e+00
    185.000     9.4279   3.746060    34.8206      20106 0.0000e+00
    184.000     9.4270   3.745937    34.8206      20168 0.0000e+00
    183.000     9.4118   3.744579    34.8218      20192 0.0000e+00
    182.000     9.4082   3.744464    34.8246      20270 0.0000e+00
    181.000     9.4202   3.745142    34.8204      20316 0.0000e+00
    180.000     9.4174   3.744976    34.8219      20340 0.0000e+00
    179.000     9.4230   3.745452    34.8218      20431 0.0000e+00
    178.000     9.4285   3.745696    34.8195      20471 0.0000e+00
    177.000     9.4330   3.746108    34.8199      20549 0.0000e+00
    176.000     9.4387   3.746486    34.8187      20580 0.0000e+00
    175.000     9.4340   3.746101    34.8197      20645 0.0000e+00
    174.000     9.4409   3.746648    34.8192      20715 0.0000e+00
    173.000     9.4401   3.746527    34.8192      20739 0.0000e+00
    172.000     9.4391   3.746449    34.8198      20816 0.0000e+00
    171.000     9.4402   3.746388    34.8185      20869 0.0000e+00
    170.000     9.4426   3.746632    34.8193      20891 0.0000e+00
    169.000     9.4471   3.747048    34.8196      20978 0.0000e+00
    168.000     9.4592   3.747937    34.8176      21022 0.0000e+00
    167.000     9.4552   3.747586    34.8183      21083 0.0000e+00
    166.000     9.4562   3.747681    34.8188      21149 0.0000e+00
    165.000     9.4556   3.747572    34.8187      21191 0.0000e+00
    164.000     9.4547   3.747535    34.8196      21251 0.0000e+00
    163.000     9.4571   3.747542    34.8179      21292 0.0000e+00
    162.000     9.4578   3.747490    34.8171      21369 0.0000e+00
    161.000     9.4610   3.744397    34.7825      21437 0.0000e+00
    160.000     9.4641   3.742191    34.7571      21476 0.0000e+00
    159.000     9.4659   3.742823    34.7623      21505 0.0000e+00
    158.000     9.4547   3.742232    34.7676      21602 0.0000e+00
    157.000     9.4444   3.736872    34.7225      21647 0.0000e+00
    156.000     9.4210   3.730515    34.6798      21777 0.0000e+00
    155.000     9.4191   3.726433    34.6399      21889 0.0000e+00
    154.000     9.4349   3.728231    34.6436      21995 0.0000e+00
    153.000     9.4676   3.731555    34.6469      22094 0.0000e+00
    152.000     9.4711   3.730793    34.6361      22214 0.0000e+00
    151.000     9.4530   3.725361    34.5978      22323 0.0000e+00
    150.000     9.4222   3.721228    34.5853      23814 0.0000e+00
    149.000     9.3137   3.707571    34.5489      25035 0.0000e+00
    148.000     9.2760   3.700866    34.5162      25019 0.0000e+00
    147.000     9.3107   3.699387    34.4678      25039 0.0000e+00
    146.000     9.2889   3.692795    34.4209      25058 0.0000e+00
    145.000     9.2535   3.686544    34.3905      25099 0.0000e+00
    144.000     9.2298   3.682209    34.3688      25190 0.0000e+00
    143.000     9.2206   3.680671    34.3621      25216 0.0000e+00
    142.000     9.2028   3.677630    34.3480      25243 0.0000e+00
    141.000     9.2022   3.677431    34.3470      25345 0.0000e+00
    140.000     9.1903   3.674690    34.3304      25385 0.0000e+00
    139.000     9.1874   3.674019    34.3267      25426 0.0000e+00
    138.000     9.1769   3.671709    34.3132      25497 0.0000e+00
    137.000     9.1710   3.670474    34.3065      25534 0.0000e+00
    136.000     9.1636   3.668936    34.2981      25624 0.0000e+00
    135.000     9.1536   3.667033    34.2884      25659 0.0000e+00
    134.000     9.1482   3.666045    34.2838      25730 0.0000e+00
    133.000     9.1444   3.665281    34.2799      25792 0.0000e+00
    132.000     9.1395   3.664287    34.2747      25816 0.0000e+00
    131.000     9.1195   3.660946    34.2596      25890 0.0000e+00
    130.000     9.1066   3.658744    34.2495      25957 0.0000e+00
    129.000     9.1062   3.658534    34.2482      25985 0.0000e+00
    128.000     9.0977   3.656797    34.2387      26058 0.0000e+00
    127.000     9.0617   3.650694    34.2101      26117 0.0000e+00
    126.000     9.0445   3.647542    34.1942      26154 0.0000e+00
    125.000     9.0304   3.644330    34.1748      26228 0.0000e+00
    124.000     9.0089   3.639743    34.1479      26282 0.0000e+00
    123.000     8.9966   3.637333    34.1351      26335 0.0000e+00
    122.000     8.9801   3.634316    34.1199      26408 0.0000e+00
    121.000     8.9630   3.631155    34.1037      26447 0.0000e+00
    120.000     8.9255   3.625027    34.0760      26498 0.0000e+00
    119.000     8.8605   3.614516    34.0288      26576 0.0000e+00
    118.000     8.8410   3.611146    34.0126      26608 0.0000e+00
    117.000     8.7898   3.602175    33.9681      26662 0.0000e+00
    116.000     8.7719   3.597202    33.9335      26727 0.0000e+00
    115.000     8.7554   3.592704    33.9026      26773 0.0000e+00
    114.000     8.7538   3.589032    33.8660      26819 0.0000e+00
    113.000     8.7586   3.587444    33.8452      26881 0.0000e+00
    112.000     8.7602   3.586023    33.8292      26948 0.0000e+00
    111.000     8.7779   3.586678    33.8197      26994 0.0000e+00
    110.000     8.8503   3.592218    33.8092      27038 0.0000e+00
    109.000     8.9788   3.601858    33.7881      27110 0.0000e+00
    108.000     9.0102   3.603359    33.7744      27164 0.0000e+00
    107.000     9.0178   3.602514    33.7590      27202 0.0000e+00
    106.000     9.0626   3.606115    33.7544      27280 0.0000e+00
    105.000     9.0884   3.608079    33.7508      27337 0.0000e+00
    104.000     9.0921   3.606865    33.7352      27358 0.0000e+00
    103.000     9.1523   3.607511    33.6854      27441 0.0000e+00
    102.000     9.1677   3.605300    33.6484      27495 0.0000e+00
    101.000     9.1664   3.604049    33.6371      27516 0.0000e+00
    100.000     9.1681   3.602823    33.6232      27613 0.0000e+00
     99.000     9.1642   3.600297    33.6011      27667 0.0000e+00
     98.000     9.1571   3.598761    33.5924      27713 0.0000e+00
     97.000     9.1183   3.592697    33.5663      27767 0.0000e+00
     96.000     9.1004   3.589985    33.5555      27865 0.0000e+00
     95.000     9.0931   3.588638    33.5488      27909 0.0000e+00
     94.000     9.0908   3.587965    33.5445      27969 0.0000e+00
     93.000     9.0828   3.585948    33.5314      28047 0.0000e+00
     92.000     9.0472   3.578936    33.4925      28118 0.0000e+00
     91.000     9.0096   3.573016    33.4666      28165 0.0000e+00
