PC2305/ctd026.cnv
* Sea-Bird SBE 9 Data File:
* FileName = C:\cruise\data\ctd026.hex
* Software Version Seasave V 7.26.7.121
* Temperature SN = 6664
* Conductivity SN = 6035
* Number of Bytes Per Scan = 37
* Number of Voltage Words = 4
* Number of Scans Averaged by the Deck Unit = 1
* NMEA Latitude = 42 24.98 N
* NMEA Longitude = 070 36.72 W
* NMEA UTC (Time) = Nov 09 2023 05:41:37
* NMEA baud rate = 4800
** Ship: Pisces PC2305
** Program:  Fall ECOMON
** Chief Scientist: Harvey Walsh
# nquan = 6
# nvalues = 151                         
# units = specified
# name 0 = depSM: Depth [salt water, m]
# name 1 = t090C: Temperature [ITS-90, deg C]
# name 2 = c0S/m: Conductivity [S/m]
# name 3 = sal00: Salinity, Practical [PSU]
# name 4 = scan: Scan Count
# name 5 = flag: flag
# span 0 =      4.000,     79.000       
# span 1 =    10.6372,    12.1087       
# span 2 =   3.601954,   3.668891       
# span 3 =    31.3973,    32.2839       
# span 4 =         18,      17503       
# span 5 = 0.0000e+00, 0.0000e+00       
# interval = meters: 1                  
# start_time = Nov 09 2023 05:41:37 [NMEA time, header]
# bad_flag = -9.990e-29
*END*
      4.000    12.0662   3.634273    31.3981         18 0.0000e+00
      5.000    12.0669   3.634398    31.3983        876 0.0000e+00
      6.000    12.0695   3.634677    31.3984        794 0.0000e+00
      7.000    12.0791   3.635618    31.3990        821 0.0000e+00
      8.000    12.0843   3.636057    31.3985        858 0.0000e+00
      9.000    12.0856   3.636203    31.3983        894 0.0000e+00
     10.000    12.0836   3.636074    31.3984        918 0.0000e+00
     11.000    12.0859   3.636355    31.3987        943 0.0000e+00
     12.000    12.0926   3.637048    31.3993        974 0.0000e+00
     13.000    12.0925   3.637084    31.3994       1004 0.0000e+00
     14.000    12.0904   3.636935    31.3993       1029 0.0000e+00
     15.000    12.0932   3.637297    31.4000       1056 0.0000e+00
     16.000    12.0956   3.637757    31.4020       1089 0.0000e+00
     17.000    12.0951   3.637893    31.4033       1119 0.0000e+00
     18.000    12.0945   3.637930    31.4038       1145 0.0000e+00
     19.000    12.0951   3.637912    31.4027       1174 0.0000e+00
     20.000    12.0954   3.637937    31.4023       1205 0.0000e+00
     21.000    12.0952   3.637917    31.4019       1232 0.0000e+00
     22.000    12.0949   3.637922    31.4018       1258 0.0000e+00
     23.000    12.0929   3.637878    31.4026       1288 0.0000e+00
     24.000    12.0932   3.637930    31.4025       1317 0.0000e+00
     25.000    12.0933   3.638074    31.4033       1344 0.0000e+00
     26.000    12.0939   3.638191    31.4036       1373 0.0000e+00
     27.000    12.0945   3.638265    31.4034       1403 0.0000e+00
     28.000    12.0941   3.638517    31.4057       1432 0.0000e+00
     29.000    12.0945   3.638578    31.4056       1461 0.0000e+00
     30.000    12.0963   3.639440    31.4119       1489 0.0000e+00
     31.000    12.0965   3.639807    31.4149       1517 0.0000e+00
     32.000    12.0966   3.640418    31.4203       1545 0.0000e+00
     33.000    12.0970   3.642699    31.4414       1572 0.0000e+00
     34.000    12.0999   3.645222    31.4628       1601 0.0000e+00
     35.000    12.1067   3.649371    31.4964       1632 0.0000e+00
     36.000    12.1087   3.658598    31.5829       1659 0.0000e+00
     37.000    11.9953   3.665861    31.7485       1685 0.0000e+00
     38.000    11.7565   3.666455    31.9581       1715 0.0000e+00
     39.000    11.7179   3.667795    32.0038       1746 0.0000e+00
     40.000    11.6956   3.668891    32.0333       1774 0.0000e+00
     41.000    11.6197   3.665822    32.0686       1801 0.0000e+00
     42.000    11.5544   3.662175    32.0892       1829 0.0000e+00
     43.000    11.4804   3.656956    32.1020       1857 0.0000e+00
     44.000    11.4499   3.654718    32.1062       1885 0.0000e+00
     45.000    11.4298   3.653249    32.1089       1914 0.0000e+00
     46.000    11.3637   3.648445    32.1189       1944 0.0000e+00
     47.000    11.3197   3.645138    32.1243       1972 0.0000e+00
     48.000    11.2906   3.643037    32.1287       2001 0.0000e+00
     49.000    11.2604   3.640962    32.1342       2030 0.0000e+00
     50.000    11.2276   3.639076    32.1439       2056 0.0000e+00
     51.000    11.1821   3.636303    32.1559       2082 0.0000e+00
     52.000    11.1477   3.634461    32.1674       2110 0.0000e+00
     53.000    11.0809   3.630454    32.1859       2139 0.0000e+00
     54.000    11.0479   3.628246    32.1926       2167 0.0000e+00
     55.000    11.0297   3.626998    32.1958       2198 0.0000e+00
     56.000    11.0165   3.626102    32.1981       2229 0.0000e+00
     57.000    10.9965   3.624819    32.2026       2252 0.0000e+00
     58.000    10.9783   3.623646    32.2065       2276 0.0000e+00
     59.000    10.9697   3.623056    32.2078       2311 0.0000e+00
     60.000    10.9402   3.621082    32.2138       2344 0.0000e+00
     61.000    10.8845   3.617365    32.2255       2364 0.0000e+00
     62.000    10.8467   3.614785    32.2327       2384 0.0000e+00
     63.000    10.8389   3.614354    32.2349       2418 0.0000e+00
     64.000    10.8243   3.613360    32.2375       2454 0.0000e+00
     65.000    10.7663   3.609387    32.2487       2478 0.0000e+00
     66.000    10.7440   3.608092    32.2551       2502 0.0000e+00
     67.000    10.7430   3.608001    32.2546       2530 0.0000e+00
     68.000    10.7420   3.608010    32.2552       2560 0.0000e+00
     69.000    10.7283   3.607292    32.2596       2590 0.0000e+00
     70.000    10.6845   3.604065    32.2657       2617 0.0000e+00
     71.000    10.6773   3.603638    32.2674       2643 0.0000e+00
     72.000    10.6661   3.603034    32.2709       2673 0.0000e+00
     73.000    10.6585   3.603039    32.2773       2708 0.0000e+00
     74.000    10.6584   3.603264    32.2792       2744 0.0000e+00
     75.000    10.6548   3.603214    32.2814       2809 0.0000e+00
     76.000    10.6516   3.603093    32.2826       2892 0.0000e+00
     77.000    10.6480   3.602914    32.2836       2980 0.0000e+00
     78.000    10.6421   3.602466    32.2839       3250 0.0000e+00
     79.000    10.6372   3.601954    32.2827       4725 0.0000e+00
     78.000    10.6452   3.602593    32.2824       5753 0.0000e+00
     77.000    10.6456   3.602558    32.2821       5774 0.0000e+00
     76.000    10.6484   3.602682    32.2812       5794 0.0000e+00
     75.000    10.6536   3.602857    32.2789       5838 0.0000e+00
     74.000    10.6578   3.602763    32.2747       5871 0.0000e+00
     73.000    10.6601   3.602562    32.2711       5898 0.0000e+00
     72.000    10.6555   3.602623    32.2762       5931 0.0000e+00
     71.000    10.6664   3.603106    32.2718       5975 0.0000e+00
     70.000    10.7121   3.605730    32.2580       6001 0.0000e+00
     69.000    10.7084   3.605500    32.2593       6027 0.0000e+00
     68.000    10.6948   3.604620    32.2631       6072 0.0000e+00
     67.000    10.7371   3.606930    32.2491       6107 0.0000e+00
     66.000    10.7379   3.606976    32.2493       6136 0.0000e+00
     65.000    10.7362   3.607061    32.2521       6176 0.0000e+00
     64.000    10.8121   3.612038    32.2351       6213 0.0000e+00
     63.000    10.8365   3.613611    32.2296       6242 0.0000e+00
     62.000    10.8325   3.613308    32.2306       6272 0.0000e+00
     61.000    10.8395   3.613965    32.2314       6314 0.0000e+00
     60.000    10.9426   3.620558    32.2065       6350 0.0000e+00
     59.000    10.9635   3.621906    32.2019       6378 0.0000e+00
     58.000    10.9139   3.618714    32.2143       6413 0.0000e+00
     57.000    10.9620   3.621863    32.2037       6453 0.0000e+00
     56.000    11.0000   3.624263    32.1944       6486 0.0000e+00
     55.000    11.0162   3.625299    32.1909       6518 0.0000e+00
     54.000    11.0262   3.626005    32.1896       6557 0.0000e+00
     53.000    11.0962   3.630499    32.1730       6596 0.0000e+00
     52.000    11.1391   3.632883    32.1594       6657 0.0000e+00
     51.000    11.1927   3.636074    32.1444       6718 0.0000e+00
     50.000    11.2345   3.638650    32.1337       6795 0.0000e+00
     49.000    11.2616   3.640201    32.1257       6866 0.0000e+00
     48.000    11.2948   3.642546    32.1202       6944 0.0000e+00
     47.000    11.3256   3.644767    32.1156       7027 0.0000e+00
     46.000    11.4114   3.651158    32.1040       7108 0.0000e+00
     45.000    11.4433   3.653460    32.0992       7187 0.0000e+00
     44.000    11.4663   3.655136    32.0961       7277 0.0000e+00
     43.000    11.4924   3.656985    32.0918       7350 0.0000e+00
     42.000    11.5673   3.662624    32.0824       9016 0.0000e+00
     41.000    11.6705   3.667580    32.0418       9576 0.0000e+00
     40.000    11.6939   3.667818    32.0243       9635 0.0000e+00
     39.000    11.7391   3.668431    31.9918       9695 0.0000e+00
     38.000    11.7537   3.666941    31.9652       9762 0.0000e+00
     37.000    11.7879   3.664592    31.9134       9813 0.0000e+00
     36.000    11.8927   3.663516    31.8138       9878 0.0000e+00
     35.000    12.0092   3.660322    31.6841       9935 0.0000e+00
     34.000    12.0607   3.658166    31.6201      10007 0.0000e+00
     33.000    12.0998   3.648367    31.4934      10061 0.0000e+00
     32.000    12.0977   3.642235    31.4368      10130 0.0000e+00
     31.000    12.0969   3.641278    31.4286      10187 0.0000e+00
     30.000    12.0972   3.640778    31.4240      10252 0.0000e+00
     29.000    12.0975   3.640558    31.4221      10316 0.0000e+00
     28.000    12.0965   3.640453    31.4223      10374 0.0000e+00
     27.000    12.0982   3.639907    31.4161      11447 0.0000e+00
     26.000    12.0983   3.639730    31.4147      12651 0.0000e+00
     25.000    12.0968   3.639615    31.4152      12907 0.0000e+00
     24.000    12.0977   3.639241    31.4113      12960 0.0000e+00
     23.000    12.0968   3.639162    31.4117      13020 0.0000e+00
     22.000    12.0964   3.638932    31.4102      13068 0.0000e+00
     21.000    12.0952   3.638889    31.4112      13131 0.0000e+00
     20.000    12.0956   3.638394    31.4065      13176 0.0000e+00
     19.000    12.0953   3.638339    31.4066      13243 0.0000e+00
     18.000    12.0925   3.637494    31.4012      13293 0.0000e+00
     17.000    12.0923   3.637556    31.4024      13348 0.0000e+00
     16.000    12.0885   3.636915    31.3999      13401 0.0000e+00
     15.000    12.0854   3.636561    31.3995      13462 0.0000e+00
     14.000    12.0826   3.636257    31.3993      13528 0.0000e+00
     13.000    12.0805   3.635989    31.3989      13578 0.0000e+00
     12.000    12.0798   3.635921    31.3993      13637 0.0000e+00
     11.000    12.0764   3.635459    31.3981      13697 0.0000e+00
     10.000    12.0761   3.635420    31.3984      13759 0.0000e+00
      9.000    12.0751   3.635323    31.3987      13817 0.0000e+00
      8.000    12.0748   3.635278    31.3989      13870 0.0000e+00
      7.000    12.0783   3.635624    31.3997      13929 0.0000e+00
      6.000    12.0763   3.635282    31.3985      13987 0.0000e+00
      5.000    12.0753   3.635133    31.3983      14060 0.0000e+00
      4.000    12.0760   3.635050    31.3973      17503 0.0000e+00
