PC2305/ctd039.cnv
* Sea-Bird SBE 9 Data File:
* FileName = C:\cruise\data\ctd039.hex
* Software Version Seasave V 7.26.7.121
* Temperature SN = 6664
* Conductivity SN = 6035
* Number of Bytes Per Scan = 37
* Number of Voltage Words = 4
* Number of Scans Averaged by the Deck Unit = 1
* NMEA Latitude = 40 58.10 N
* NMEA Longitude = 070 30.29 W
* NMEA UTC (Time) = Nov 13 2023 18:34:41
* NMEA baud rate = 4800
** Ship: Pisces PC2305
** Program:  Fall ECOMON
** Chief Scientist: Harvey Walsh
# nquan = 6
# nvalues = 77                          
# units = specified
# name 0 = depSM: Depth [salt water, m]
# name 1 = t090C: Temperature [ITS-90, deg C]
# name 2 = c0S/m: Conductivity [S/m]
# name 3 = sal00: Salinity, Practical [PSU]
# name 4 = scan: Scan Count
# name 5 = flag: flag
# span 0 =      1.000,     41.000       
# span 1 =    13.8777,    14.0238       
# span 2 =   3.824448,   3.837309       
# span 3 =    31.6728,    31.6777       
# span 4 =        249,      13680       
# span 5 = 0.0000e+00, 0.0000e+00       
# interval = meters: 1                  
# start_time = Nov 13 2023 18:34:41 [NMEA time, header]
# bad_flag = -9.990e-29
*END*
      5.000    14.0198   3.836975    31.6767        249 0.0000e+00
      6.000    13.9843   3.833678    31.6752        403 0.0000e+00
      7.000    13.9420   3.829841    31.6744        520 0.0000e+00
      8.000    13.9290   3.828737    31.6746        617 0.0000e+00
      9.000    13.9200   3.827988    31.6747        675 0.0000e+00
     10.000    13.9121   3.827324    31.6747        734 0.0000e+00
     11.000    13.9037   3.826556    31.6741        800 0.0000e+00
     12.000    13.8961   3.825891    31.6739        858 0.0000e+00
     13.000    13.8930   3.825660    31.6740        929 0.0000e+00
     14.000    13.8907   3.825505    31.6740        994 0.0000e+00
     15.000    13.8889   3.825379    31.6739       1064 0.0000e+00
     16.000    13.8832   3.824936    31.6742       1129 0.0000e+00
     17.000    13.8807   3.824747    31.6741       1194 0.0000e+00
     18.000    13.8805   3.824762    31.6740       1268 0.0000e+00
     19.000    13.8813   3.824892    31.6741       1334 0.0000e+00
     20.000    13.8813   3.824916    31.6740       1398 0.0000e+00
     21.000    13.8800   3.824851    31.6741       1467 0.0000e+00
     22.000    13.8786   3.824772    31.6741       1535 0.0000e+00
     23.000    13.8790   3.824839    31.6740       1603 0.0000e+00
     24.000    13.8785   3.824839    31.6740       1668 0.0000e+00
     25.000    13.8790   3.824909    31.6739       1742 0.0000e+00
     26.000    13.8798   3.824988    31.6735       1805 0.0000e+00
     27.000    13.8800   3.825047    31.6735       1873 0.0000e+00
     28.000    13.8802   3.825100    31.6735       1947 0.0000e+00
     29.000    13.8803   3.825147    31.6735       2013 0.0000e+00
     30.000    13.8800   3.825187    31.6736       2080 0.0000e+00
     31.000    13.8798   3.825233    31.6739       2146 0.0000e+00
     32.000    13.8795   3.825252    31.6740       2220 0.0000e+00
     33.000    13.8794   3.825274    31.6739       2289 0.0000e+00
     34.000    13.8802   3.825404    31.6740       2351 0.0000e+00
     35.000    13.8820   3.825581    31.6737       2420 0.0000e+00
     36.000    13.8825   3.825665    31.6737       2496 0.0000e+00
     37.000    13.8844   3.825881    31.6738       2563 0.0000e+00
     38.000    13.8853   3.826007    31.6738       2622 0.0000e+00
     39.000    13.8855   3.826067    31.6738       2696 0.0000e+00
     40.000    13.8844   3.826008    31.6737       2767 0.0000e+00
     41.000    13.8833   3.825981    31.6741       4021 0.0000e+00
     40.000    13.8811   3.825769    31.6743       5114 0.0000e+00
     39.000    13.8812   3.825743    31.6744       5846 0.0000e+00
     38.000    13.8801   3.825529    31.6737       6736 0.0000e+00
     37.000    13.8797   3.825454    31.6737       7665 0.0000e+00
     36.000    13.8793   3.825385    31.6738       8087 0.0000e+00
     35.000    13.8794   3.825360    31.6739       8246 0.0000e+00
     34.000    13.8795   3.825329    31.6738       8429 0.0000e+00
     33.000    13.8787   3.825199    31.6738       8624 0.0000e+00
     32.000    13.8787   3.825176    31.6739       8807 0.0000e+00
     31.000    13.8789   3.825136    31.6738       8990 0.0000e+00
     30.000    13.8796   3.825153    31.6737       9179 0.0000e+00
     29.000    13.8803   3.825188    31.6738       9354 0.0000e+00
     28.000    13.8798   3.825096    31.6737       9520 0.0000e+00
     27.000    13.8784   3.824901    31.6735       9680 0.0000e+00
     26.000    13.8781   3.824832    31.6736       9820 0.0000e+00
     25.000    13.8780   3.824787    31.6736       9954 0.0000e+00
     24.000    13.8777   3.824725    31.6737      10088 0.0000e+00
     23.000    13.8786   3.824764    31.6736      10231 0.0000e+00
     22.000    13.8799   3.824843    31.6737      10374 0.0000e+00
     21.000    13.8801   3.824823    31.6737      10527 0.0000e+00
     20.000    13.8815   3.824903    31.6737      10673 0.0000e+00
     19.000    13.8810   3.824818    31.6738      10829 0.0000e+00
     18.000    13.8784   3.824537    31.6737      10968 0.0000e+00
     17.000    13.8778   3.824448    31.6737      11129 0.0000e+00
     16.000    13.8809   3.824663    31.6736      11272 0.0000e+00
     15.000    13.8851   3.824986    31.6735      11430 0.0000e+00
     14.000    13.8875   3.825159    31.6734      11607 0.0000e+00
     13.000    13.8878   3.825139    31.6734      11768 0.0000e+00
     12.000    13.8904   3.825316    31.6733      11953 0.0000e+00
     11.000    13.8980   3.825926    31.6730      12080 0.0000e+00
     10.000    13.9060   3.826582    31.6729      12213 0.0000e+00
      9.000    13.9138   3.827233    31.6728      12327 0.0000e+00
      8.000    13.9168   3.827481    31.6730      12467 0.0000e+00
      7.000    13.9295   3.828630    31.6736      12584 0.0000e+00
      6.000    13.9658   3.831888    31.6740      12707 0.0000e+00
      5.000    14.0075   3.835705    31.6751      12841 0.0000e+00
      4.000    14.0207   3.836941    31.6760      13401 0.0000e+00
      3.000    14.0172   3.836611    31.6763      13572 0.0000e+00
      2.000    14.0238   3.837309    31.6777      13617 0.0000e+00
      1.000    14.0188   3.836832    31.6777      13680 0.0000e+00
