PC2305/ctd030.cnv
* Sea-Bird SBE 9 Data File:
* FileName = C:\cruise\data\ctd030.hex
* Software Version Seasave V 7.26.7.121
* Temperature SN = 6664
* Conductivity SN = 6035
* Number of Bytes Per Scan = 37
* Number of Voltage Words = 4
* Number of Scans Averaged by the Deck Unit = 1
* NMEA Latitude = 44 28.76 N
* NMEA Longitude = 067 14.04 W
* NMEA UTC (Time) = Nov 10 2023 17:33:41
* NMEA baud rate = 4800
** Ship: Pisces PC2305
** Program:  Fall ECOMON
** Chief Scientist: Harvey Walsh
# nquan = 6
# nvalues = 167                         
# units = specified
# name 0 = depSM: Depth [salt water, m]
# name 1 = t090C: Temperature [ITS-90, deg C]
# name 2 = c0S/m: Conductivity [S/m]
# name 3 = sal00: Salinity, Practical [PSU]
# name 4 = scan: Scan Count
# name 5 = flag: flag
# span 0 =      1.000,     86.000       
# span 1 =    10.3795,    10.3972       
# span 2 =   3.581271,   3.587554       
# span 3 =    32.3350,    32.3571       
# span 4 =        295,      27869       
# span 5 = 0.0000e+00, 0.0000e+00       
# interval = meters: 1                  
# start_time = Nov 10 2023 17:33:41 [NMEA time, header]
# bad_flag = -9.990e-29
*END*
      5.000    10.3829   3.581452    32.3351        295 0.0000e+00
      6.000    10.3829   3.581492    32.3350        548 0.0000e+00
      7.000    10.3830   3.581535    32.3350        644 0.0000e+00
      8.000    10.3859   3.582006    32.3366        718 0.0000e+00
      9.000    10.3851   3.581949    32.3364        807 0.0000e+00
     10.000    10.3828   3.581698    32.3354        869 0.0000e+00
     11.000    10.3814   3.581597    32.3353        941 0.0000e+00
     12.000    10.3804   3.581546    32.3351        990 0.0000e+00
     13.000    10.3805   3.581616    32.3354       1041 0.0000e+00
     14.000    10.3797   3.581557    32.3350       1097 0.0000e+00
     15.000    10.3796   3.581596    32.3351       1144 0.0000e+00
     16.000    10.3795   3.581634    32.3351       1193 0.0000e+00
     17.000    10.3814   3.581867    32.3354       1262 0.0000e+00
     18.000    10.3856   3.582349    32.3360       1307 0.0000e+00
     19.000    10.3862   3.582457    32.3361       1358 0.0000e+00
     20.000    10.3886   3.582737    32.3363       1418 0.0000e+00
     21.000    10.3875   3.582670    32.3362       1460 0.0000e+00
     22.000    10.3877   3.582735    32.3363       1516 0.0000e+00
     23.000    10.3879   3.582799    32.3363       1576 0.0000e+00
     24.000    10.3889   3.582897    32.3360       1629 0.0000e+00
     25.000    10.3875   3.582806    32.3359       1679 0.0000e+00
     26.000    10.3885   3.582942    32.3359       1724 0.0000e+00
     27.000    10.3921   3.583309    32.3359       1791 0.0000e+00
     28.000    10.3920   3.583346    32.3359       1836 0.0000e+00
     29.000    10.3937   3.583565    32.3363       1901 0.0000e+00
     30.000    10.3936   3.583594    32.3362       1948 0.0000e+00
     31.000    10.3926   3.583526    32.3360       1997 0.0000e+00
     32.000    10.3914   3.583458    32.3359       2058 0.0000e+00
     33.000    10.3914   3.583515    32.3360       2105 0.0000e+00
     34.000    10.3922   3.583667    32.3364       2162 0.0000e+00
     35.000    10.3931   3.583777    32.3363       2221 0.0000e+00
     36.000    10.3938   3.583896    32.3364       2269 0.0000e+00
     37.000    10.3931   3.584052    32.3381       2332 0.0000e+00
     38.000    10.3934   3.584131    32.3383       2378 0.0000e+00
     39.000    10.3933   3.584209    32.3387       2430 0.0000e+00
     40.000    10.3935   3.584272    32.3387       2491 0.0000e+00
     41.000    10.3934   3.584354    32.3392       2537 0.0000e+00
     42.000    10.3933   3.584553    32.3408       2598 0.0000e+00
     43.000    10.3934   3.584598    32.3408       2655 0.0000e+00
     44.000    10.3936   3.584635    32.3405       2699 0.0000e+00
     45.000    10.3936   3.584645    32.3402       2756 0.0000e+00
     46.000    10.3937   3.584665    32.3399       2813 0.0000e+00
     47.000    10.3939   3.584720    32.3398       2874 0.0000e+00
     48.000    10.3936   3.584859    32.3411       2921 0.0000e+00
     49.000    10.3936   3.584921    32.3412       2982 0.0000e+00
     50.000    10.3938   3.584958    32.3410       3035 0.0000e+00
     51.000    10.3941   3.584909    32.3398       3089 0.0000e+00
     52.000    10.3944   3.584970    32.3397       3136 0.0000e+00
     53.000    10.3948   3.585000    32.3393       3202 0.0000e+00
     54.000    10.3949   3.585009    32.3389       3251 0.0000e+00
     55.000    10.3952   3.585095    32.3390       3308 0.0000e+00
     56.000    10.3954   3.585147    32.3389       3362 0.0000e+00
     57.000    10.3954   3.585238    32.3394       3412 0.0000e+00
     58.000    10.3955   3.585265    32.3391       3474 0.0000e+00
     59.000    10.3958   3.585350    32.3393       3537 0.0000e+00
     60.000    10.3960   3.585450    32.3397       3586 0.0000e+00
     61.000    10.3960   3.585519    32.3399       3647 0.0000e+00
     62.000    10.3958   3.585506    32.3395       3698 0.0000e+00
     63.000    10.3958   3.585560    32.3396       3759 0.0000e+00
     64.000    10.3956   3.585658    32.3404       3810 0.0000e+00
     65.000    10.3959   3.585707    32.3402       3864 0.0000e+00
     66.000    10.3962   3.585747    32.3399       3925 0.0000e+00
     67.000    10.3965   3.585763    32.3394       3979 0.0000e+00
     68.000    10.3965   3.585774    32.3390       4023 0.0000e+00
     69.000    10.3929   3.586250    32.3465       4090 0.0000e+00
     70.000    10.3924   3.586435    32.3484       4142 0.0000e+00
     71.000    10.3925   3.586473    32.3483       4197 0.0000e+00
     72.000    10.3946   3.586415    32.3454       4261 0.0000e+00
     73.000    10.3948   3.586456    32.3452       4318 0.0000e+00
     74.000    10.3941   3.586584    32.3467       4375 0.0000e+00
     75.000    10.3909   3.586790    32.3511       4427 0.0000e+00
     76.000    10.3914   3.586813    32.3505       4484 0.0000e+00
     77.000    10.3917   3.586849    32.3502       4541 0.0000e+00
     78.000    10.3927   3.586874    32.3491       4604 0.0000e+00
     79.000    10.3948   3.586798    32.3461       4649 0.0000e+00
     80.000    10.3943   3.586890    32.3470       4708 0.0000e+00
     81.000    10.3959   3.586858    32.3448       4760 0.0000e+00
     82.000    10.3956   3.586928    32.3453       4814 0.0000e+00
     83.000    10.3951   3.587020    32.3463       4879 0.0000e+00
     84.000    10.3951   3.587075    32.3464       4948 0.0000e+00
     85.000    10.3928   3.587298    32.3502       5021 0.0000e+00
     86.000    10.3906   3.587480    32.3536       5493 0.0000e+00
     85.000    10.3880   3.587554    32.3571       6121 0.0000e+00
     84.000    10.3898   3.587443    32.3548       6502 0.0000e+00
     83.000    10.3901   3.587403    32.3546       7236 0.0000e+00
     82.000    10.3899   3.587358    32.3547       7487 0.0000e+00
     81.000    10.3898   3.587309    32.3548       7629 0.0000e+00
     80.000    10.3892   3.587250    32.3551       7820 0.0000e+00
     79.000    10.3907   3.587159    32.3533       8196 0.0000e+00
     78.000    10.3907   3.587122    32.3533       8379 0.0000e+00
     77.000    10.3909   3.587058    32.3530       8474 0.0000e+00
     76.000    10.3904   3.587027    32.3536       8545 0.0000e+00
     75.000    10.3909   3.586950    32.3527       8623 0.0000e+00
     74.000    10.3908   3.586876    32.3526       8695 0.0000e+00
     73.000    10.3906   3.586840    32.3528       8780 0.0000e+00
     72.000    10.3902   3.586797    32.3532       8844 0.0000e+00
     71.000    10.3900   3.586746    32.3533       8912 0.0000e+00
     70.000    10.3904   3.586675    32.3526       8969 0.0000e+00
     69.000    10.3903   3.586611    32.3525       9043 0.0000e+00
     68.000    10.3912   3.586500    32.3510       9105 0.0000e+00
     67.000    10.3933   3.586296    32.3475       9167 0.0000e+00
     66.000    10.3940   3.586181    32.3462       9235 0.0000e+00
     65.000    10.3951   3.586072    32.3446       9290 0.0000e+00
     64.000    10.3946   3.586050    32.3452       9355 0.0000e+00
     63.000    10.3945   3.585998    32.3452       9409 0.0000e+00
     62.000    10.3950   3.585837    32.3436       9465 0.0000e+00
     61.000    10.3938   3.585855    32.3453       9537 0.0000e+00
     60.000    10.3932   3.585853    32.3462       9596 0.0000e+00
     59.000    10.3926   3.585887    32.3475       9672 0.0000e+00
     58.000    10.3917   3.585863    32.3484       9728 0.0000e+00
     57.000    10.3930   3.585671    32.3458       9811 0.0000e+00
     56.000    10.3934   3.585609    32.3453       9897 0.0000e+00
     55.000    10.3929   3.585765    32.3477       9990 0.0000e+00
     54.000    10.3931   3.585567    32.3460      10066 0.0000e+00
     53.000    10.3937   3.585319    32.3434      10144 0.0000e+00
     52.000    10.3941   3.585264    32.3430      10249 0.0000e+00
     51.000    10.3939   3.585250    32.3434      10329 0.0000e+00
     50.000    10.3939   3.585184    32.3432      10411 0.0000e+00
     49.000    10.3936   3.585075    32.3428      10523 0.0000e+00
     48.000    10.3956   3.585127    32.3419      11496 0.0000e+00
     47.000    10.3953   3.585197    32.3434      11877 0.0000e+00
     46.000    10.3952   3.585085    32.3428      12033 0.0000e+00
     45.000    10.3955   3.585048    32.3426      12084 0.0000e+00
     44.000    10.3952   3.584962    32.3424      12144 0.0000e+00
     43.000    10.3952   3.584888    32.3421      12230 0.0000e+00
     42.000    10.3957   3.584910    32.3423      12510 0.0000e+00
     41.000    10.3964   3.584793    32.3410      12763 0.0000e+00
     40.000    10.3969   3.584756    32.3406      12984 0.0000e+00
     39.000    10.3966   3.584719    32.3408      13136 0.0000e+00
     38.000    10.3968   3.584667    32.3406      13280 0.0000e+00
     37.000    10.3972   3.584589    32.3399      13422 0.0000e+00
     36.000    10.3972   3.584495    32.3394      13531 0.0000e+00
     35.000    10.3959   3.584217    32.3382      13641 0.0000e+00
     34.000    10.3962   3.584269    32.3389      13710 0.0000e+00
     33.000    10.3937   3.583769    32.3365      13782 0.0000e+00
     32.000    10.3925   3.583623    32.3365      13857 0.0000e+00
     31.000    10.3916   3.583472    32.3362      13910 0.0000e+00
     30.000    10.3913   3.583417    32.3364      13956 0.0000e+00
     29.000    10.3920   3.583475    32.3368      14015 0.0000e+00
     28.000    10.3910   3.583299    32.3364      14058 0.0000e+00
     27.000    10.3942   3.583624    32.3372      14105 0.0000e+00
     26.000    10.3961   3.583787    32.3376      14153 0.0000e+00
     25.000    10.3943   3.583552    32.3373      14193 0.0000e+00
     24.000    10.3959   3.583703    32.3378      14238 0.0000e+00
     23.000    10.3957   3.583639    32.3377      14298 0.0000e+00
     22.000    10.3949   3.583498    32.3375      14344 0.0000e+00
     21.000    10.3942   3.583383    32.3374      14414 0.0000e+00
     20.000    10.3947   3.583369    32.3373      14650 0.0000e+00
     19.000    10.3962   3.583466    32.3373      14803 0.0000e+00
     18.000    10.3955   3.583291    32.3367      16294 0.0000e+00
     17.000    10.3956   3.583099    32.3350      21982 0.0000e+00
     16.000    10.3959   3.583086    32.3351      21672 0.0000e+00
     15.000    10.3957   3.583040    32.3352      21790 0.0000e+00
     14.000    10.3963   3.583098    32.3357      21912 0.0000e+00
     13.000    10.3928   3.582762    32.3359      22020 0.0000e+00
     12.000    10.3921   3.582663    32.3359      22143 0.0000e+00
     11.000    10.3959   3.582909    32.3355      22257 0.0000e+00
     10.000    10.3956   3.582891    32.3360      22362 0.0000e+00
      9.000    10.3939   3.582740    32.3364      22477 0.0000e+00
      8.000    10.3921   3.582527    32.3363      22584 0.0000e+00
      7.000    10.3835   3.581797    32.3371      23994 0.0000e+00
      6.000    10.3809   3.581513    32.3370      25465 0.0000e+00
      5.000    10.3809   3.581489    32.3372      26806 0.0000e+00
      4.000    10.3840   3.581719    32.3371      27716 0.0000e+00
      3.000    10.3841   3.581652    32.3368      27788 0.0000e+00
      2.000    10.3835   3.581547    32.3367      27833 0.0000e+00
      1.000    10.3809   3.581271    32.3367      27869 0.0000e+00
