PC2305/ctd038.cnv
* Sea-Bird SBE 9 Data File:
* FileName = C:\cruise\data\ctd038.hex
* Software Version Seasave V 7.26.7.121
* Temperature SN = 6664
* Conductivity SN = 6035
* Number of Bytes Per Scan = 37
* Number of Voltage Words = 4
* Number of Scans Averaged by the Deck Unit = 1
* NMEA Latitude = 40 49.62 N
* NMEA Longitude = 070 18.22 W
* NMEA UTC (Time) = Nov 13 2023 15:42:42
* NMEA baud rate = 4800
** Ship: Pisces PC2305
** Program:  Fall ECOMON
** Chief Scientist: Harvey Walsh
# nquan = 6
# nvalues = 81                          
# units = specified
# name 0 = depSM: Depth [salt water, m]
# name 1 = t090C: Temperature [ITS-90, deg C]
# name 2 = c0S/m: Conductivity [S/m]
# name 3 = sal00: Salinity, Practical [PSU]
# name 4 = scan: Scan Count
# name 5 = flag: flag
# span 0 =      1.000,     43.000       
# span 1 =    13.6743,    13.8932       
# span 2 =   3.789323,   3.843142       
# span 3 =    31.5107,    31.8484       
# span 4 =        282,      36574       
# span 5 = 0.0000e+00, 0.0000e+00       
# interval = meters: 1                  
# start_time = Nov 13 2023 15:42:42 [NMEA time, header]
# bad_flag = -9.990e-29
*END*
      5.000    13.7266   3.793246    31.5148        282 0.0000e+00
      6.000    13.7226   3.792999    31.5155        600 0.0000e+00
      7.000    13.7173   3.792566    31.5154        703 0.0000e+00
      8.000    13.7130   3.792238    31.5155        790 0.0000e+00
      9.000    13.7114   3.792137    31.5155        865 0.0000e+00
     10.000    13.7078   3.791789    31.5149        935 0.0000e+00
     11.000    13.7064   3.791702    31.5149       1006 0.0000e+00
     12.000    13.7100   3.792125    31.5154       1087 0.0000e+00
     13.000    13.7077   3.791954    31.5153       1157 0.0000e+00
     14.000    13.7059   3.791861    31.5156       1218 0.0000e+00
     15.000    13.7093   3.792335    31.5168       1298 0.0000e+00
     16.000    13.7093   3.792403    31.5170       1378 0.0000e+00
     17.000    13.7095   3.792445    31.5168       1443 0.0000e+00
     18.000    13.7121   3.792822    31.5178       1511 0.0000e+00
     19.000    13.7147   3.793231    31.5190       1595 0.0000e+00
     20.000    13.7125   3.793001    31.5184       1664 0.0000e+00
     21.000    13.7096   3.792723    31.5177       1737 0.0000e+00
     22.000    13.7056   3.792306    31.5168       1805 0.0000e+00
     23.000    13.6993   3.791659    31.5157       1888 0.0000e+00
     24.000    13.6990   3.791657    31.5155       1957 0.0000e+00
     25.000    13.6898   3.790707    31.5139       2023 0.0000e+00
     26.000    13.6845   3.790214    31.5133       2106 0.0000e+00
     27.000    13.6791   3.789696    31.5125       2181 0.0000e+00
     28.000    13.6758   3.789374    31.5119       2249 0.0000e+00
     29.000    13.6743   3.789323    31.5123       2330 0.0000e+00
     30.000    13.6874   3.791144    31.5179       2419 0.0000e+00
     31.000    13.7384   3.798043    31.5394       2493 0.0000e+00
     32.000    13.8079   3.808136    31.5750       2573 0.0000e+00
     33.000    13.8452   3.814145    31.5994       2661 0.0000e+00
     34.000    13.8461   3.814367    31.6003       2742 0.0000e+00
     35.000    13.8494   3.814957    31.6026       2827 0.0000e+00
     36.000    13.8516   3.815297    31.6036       2912 0.0000e+00
     37.000    13.8525   3.815456    31.6039       3017 0.0000e+00
     38.000    13.8540   3.815786    31.6054       3085 0.0000e+00
     39.000    13.8597   3.817253    31.6138       3189 0.0000e+00
     40.000    13.8911   3.829112    31.6968       3276 0.0000e+00
     41.000    13.8932   3.836732    31.7650       3358 0.0000e+00
     42.000    13.8787   3.840664    31.8128       3481 0.0000e+00
     43.000    13.8629   3.843142    31.8484       3823 0.0000e+00
     42.000    13.8736   3.841828    31.8278       6722 0.0000e+00
     41.000    13.8810   3.840577    31.8105       6652 0.0000e+00
     40.000    13.8918   3.836188    31.7615       7334 0.0000e+00
     39.000    13.8792   3.825883    31.6773       8102 0.0000e+00
     38.000    13.8595   3.817482    31.6164       9103 0.0000e+00
     37.000    13.8559   3.816317    31.6091       9890 0.0000e+00
     36.000    13.8540   3.815888    31.6071      10661 0.0000e+00
     35.000    13.8519   3.815399    31.6047      11433 0.0000e+00
     34.000    13.8493   3.814897    31.6026      12229 0.0000e+00
     33.000    13.8448   3.814148    31.5997      13031 0.0000e+00
     32.000    13.8185   3.809575    31.5796      13700 0.0000e+00
     31.000    13.7504   3.799443    31.5425      14375 0.0000e+00
     30.000    13.7292   3.796308    31.5313      15049 0.0000e+00
     29.000    13.7117   3.793737    31.5223      15738 0.0000e+00
     28.000    13.7007   3.792188    31.5175      16404 0.0000e+00
     27.000    13.6933   3.791214    31.5149      17083 0.0000e+00
     26.000    13.6890   3.790536    31.5126      17754 0.0000e+00
     25.000    13.6857   3.790004    31.5107      18421 0.0000e+00
     24.000    13.6860   3.789986    31.5107      19092 0.0000e+00
     23.000    13.6864   3.789978    31.5107      19786 0.0000e+00
     22.000    13.6882   3.790118    31.5109      21059 0.0000e+00
     21.000    13.6924   3.790491    31.5112      22854 0.0000e+00
     20.000    13.6920   3.790417    31.5113      23735 0.0000e+00
     19.000    13.6916   3.790337    31.5112      24425 0.0000e+00
     18.000    13.6943   3.790557    31.5115      25122 0.0000e+00
     17.000    13.7025   3.791349    31.5124      25829 0.0000e+00
     16.000    13.7046   3.791540    31.5129      26547 0.0000e+00
     15.000    13.7114   3.792198    31.5137      27554 0.0000e+00
     14.000    13.7139   3.792411    31.5141      28471 0.0000e+00
     13.000    13.7158   3.792563    31.5143      29256 0.0000e+00
     12.000    13.7225   3.793137    31.5145      30236 0.0000e+00
     11.000    13.7269   3.793487    31.5145      30850 0.0000e+00
     10.000    13.7299   3.793693    31.5143      31463 0.0000e+00
      9.000    13.7334   3.793919    31.5139      32136 0.0000e+00
      8.000    13.7319   3.793538    31.5120      33193 0.0000e+00
      7.000    13.7534   3.795623    31.5140      34112 0.0000e+00
      6.000    13.7692   3.797055    31.5146      35661 0.0000e+00
      5.000    13.7731   3.797384    31.5148      36447 0.0000e+00
      4.000    13.7689   3.796973    31.5148      36404 0.0000e+00
      3.000    13.7653   3.796653    31.5152      36447 0.0000e+00
      2.000    13.7636   3.796483    31.5155      36502 0.0000e+00
      1.000    13.7658   3.796601    31.5151      36574 0.0000e+00
