PC2305/sbe044.cnv
* Sea-Bird SBE 19plus V2 Data File:
* FileName = C:\cruise\data\sbe044.hex
* Software Version Seasave V 7.26.7.121
* Temperature SN = 7142
* Conductivity SN = 7142
* System UpLoad Time = Oct 31 2023 03:41:10
** Cruise: PC2205
** Program: ECOMON
# nquan = 8
# nvalues = 1891                                  
# units = specified
# name 0 = depSM: Depth [salt water, m], lat = 40.00
# name 1 = tv290C: Temperature [ITS-90, deg C]
# name 2 = c0S/m: Conductivity [S/m]
# name 3 = sal00: Salinity, Practical [PSU]
# name 4 = scan: Scan Count
# name 5 = timeM: Time, Elapsed [minutes]
# name 6 = sbeox0V: Oxygen raw, SBE 43 [V]
# name 7 = flag:  0.000e+00
# span 0 =     -0.082,     90.271                 
# span 1 =    14.2817,    20.8258                 
# span 2 =  -0.118090,   4.830312                 
# span 3 =     0.0000,    34.7423                 
# span 4 =         11,       1901                 
# span 5 =     0.0417,     7.9167                 
# span 6 =     2.0229,     3.0508                 
# span 7 = 0.0000e+00, 0.0000e+00                 
# interval = seconds: 0.25
# start_time = Oct 31 2023 03:41:10 [System UTC, header]
# bad_flag = -9.990e-29
*END*
[from data line 180]
     13.648    19.4297   4.573815    33.6708        191     0.7917     2.6695  0.000e+00
     13.828    19.4312   4.574644    33.6763        192     0.7958     2.6696  0.000e+00
     14.002    19.4364   4.575413    33.6784        193     0.8000     2.6720  0.000e+00
     14.188    19.4424   4.576006    33.6784        194     0.8042     2.6726  0.000e+00
     14.360    19.4468   4.576822    33.6815        195     0.8083     2.6697  0.000e+00
     14.531    19.4497   4.577915    33.6881        196     0.8125     2.6655  0.000e+00
     14.692    19.4549   4.579433    33.6964        197     0.8167     2.6616  0.000e+00
     14.851    19.4610   4.581416    33.7077        198     0.8208     2.6599  0.000e+00
     15.002    19.4685   4.583035    33.7150        199     0.8250     2.6636  0.000e+00
     15.160    19.4755   4.584688    33.7229        200     0.8292     2.6628  0.000e+00
     15.325    19.4818   4.586659    33.7339        201     0.8333     2.6619  0.000e+00
     15.494    19.4893   4.588934    33.7466        202     0.8375     2.6633  0.000e+00
     15.672    19.4977   4.591176    33.7582        203     0.8417     2.6648  0.000e+00
     15.853    19.5010   4.592722    33.7682        204     0.8458     2.6630  0.000e+00
     16.033    19.5036   4.594593    33.7815        205     0.8500     2.6583  0.000e+00
     16.202    19.5074   4.595829    33.7885        206     0.8542     2.6574  0.000e+00
     16.371    19.5182   4.596870    33.7883        207     0.8583     2.6555  0.000e+00
     16.538    19.5297   4.598417    33.7917        208     0.8625     2.6536  0.000e+00
     16.703    19.5384   4.599417    33.7928        209     0.8667     2.6530  0.000e+00
     16.867    19.5471   4.601046    33.7991        210     0.8708     2.6527  0.000e+00
     17.032    19.5553   4.602654    33.8056        211     0.8750     2.6537  0.000e+00
     17.205    19.5632   4.604263    33.8125        212     0.8792     2.6568  0.000e+00
     17.372    19.5713   4.606170    33.8215        213     0.8833     2.6632  0.000e+00
     17.544    19.5796   4.609105    33.8389        214     0.8875     2.6677  0.000e+00
     17.715    19.5869   4.611134    33.8496        215     0.8917     2.6709  0.000e+00
     17.889    19.5940   4.614849    33.8743        216     0.8958     2.6758  0.000e+00
     18.062    19.6036   4.619106    33.9014        217     0.9000     2.6803  0.000e+00
     18.235    19.6171   4.621902    33.9135        218     0.9042     2.6803  0.000e+00
     18.414    19.6317   4.625810    33.9337        219     0.9083     2.6774  0.000e+00
     18.603    19.6458   4.630994    33.9648        220     0.9125     2.6717  0.000e+00
     18.784    19.6640   4.636586    33.9958        221     0.9167     2.6673  0.000e+00
     18.970    19.6866   4.641625    34.0189        222     0.9208     2.6629  0.000e+00
     19.142    19.7066   4.645553    34.0348        223     0.9250     2.6587  0.000e+00
     19.315    19.7265   4.650841    34.0620        224     0.9292     2.6530  0.000e+00
     19.473    19.7443   4.654623    34.0784        225     0.9333     2.6455  0.000e+00
     19.627    19.7691   4.659052    34.0946        226     0.9375     2.6413  0.000e+00
     19.780    19.7926   4.662368    34.1026        227     0.9417     2.6398  0.000e+00
     19.944    19.8144   4.665889    34.1137        228     0.9458     2.6369  0.000e+00
     20.105    19.8310   4.669765    34.1318        229     0.9500     2.6356  0.000e+00
     20.272    19.8437   4.673833    34.1547        230     0.9542     2.6345  0.000e+00
     20.445    19.8556   4.666025    34.0811        231     0.9583     2.6332  0.000e+00
     20.608    19.8657   4.726776    34.5706        232     0.9625     2.6315  0.000e+00
     20.779    19.9674   4.749247    34.6708        233     0.9667     2.6301  0.000e+00
     20.954    20.1316   4.754191    34.5761        234     0.9708     2.6381  0.000e+00
     21.126    20.2526   4.758268    34.5101        235     0.9750     2.6629  0.000e+00
     21.308    20.3308   4.760481    34.4642        236     0.9792     2.6980  0.000e+00
     21.493    20.3793   4.761550    34.4333        237     0.9833     2.7318  0.000e+00
     21.676    20.4084   4.763635    34.4264        238     0.9875     2.7543  0.000e+00
     21.854    20.4282   4.766591    34.4342        239     0.9917     2.7671  0.000e+00
     22.035    20.4444   4.772582    34.4695        240     0.9958     2.7746  0.000e+00
     22.215    20.4673   4.775938    34.4780        241     1.0000     2.7749  0.000e+00
     22.386    20.4905   4.777902    34.4749        242     1.0042     2.7735  0.000e+00
     22.557    20.5100   4.780999    34.4841        243     1.0083     2.7738  0.000e+00
     22.720    20.5273   4.782160    34.4793        244     1.0125     2.7751  0.000e+00
     22.887    20.5414   4.785012    34.4909        245     1.0167     2.7774  0.000e+00
     23.051    20.5557   4.787149    34.4964        246     1.0208     2.7804  0.000e+00
     23.214    20.5706   4.790929    34.5148        247     1.0250     2.7843  0.000e+00
     23.381    20.5875   4.794058    34.5262        248     1.0292     2.7904  0.000e+00
     23.540    20.6060   4.795915    34.5261        249     1.0333     2.7944  0.000e+00
     23.701    20.6212   4.797497    34.5265        250     1.0375     2.7991  0.000e+00
     23.865    20.6346   4.799038    34.5280        251     1.0417     2.8024  0.000e+00
     24.030    20.6461   4.800634    34.5314        252     1.0458     2.8063  0.000e+00
     24.201    20.6563   4.800744    34.5240        253     1.0500     2.8093  0.000e+00
     24.372    20.6634   4.801150    34.5214        254     1.0542     2.8127  0.000e+00
     24.539    20.6676   4.802396    34.5280        255     1.0583     2.8155  0.000e+00
     24.715    20.6724   4.803098    34.5297        256     1.0625     2.8184  0.000e+00
     24.882    20.6771   4.803937    34.5326        257     1.0667     2.8209  0.000e+00
     25.047    20.6819   4.805293    34.5396        258     1.0708     2.8239  0.000e+00
     25.220    20.6878   4.805534    34.5366        259     1.0750     2.8293  0.000e+00
     25.391    20.6925   4.806106    34.5373        260     1.0792     2.8322  0.000e+00
     25.563    20.6964   4.806567    34.5379        261     1.0833     2.8330  0.000e+00
     25.738    20.6997   4.807304    34.5411        262     1.0875     2.8351  0.000e+00
     25.912    20.7031   4.807462    34.5395        263     1.0917     2.8354  0.000e+00
     26.090    20.7061   4.807896    34.5405        264     1.0958     2.8347  0.000e+00
     26.264    20.7086   4.808571    34.5439        265     1.1000     2.8317  0.000e+00
     26.437    20.7114   4.809742    34.5510        266     1.1042     2.8293  0.000e+00
     26.611    20.7151   4.810417    34.5533        267     1.1083     2.8273  0.000e+00
     26.787    20.7193   4.811043    34.5549        268     1.1125     2.8261  0.000e+00
     26.956    20.7236   4.811829    34.5577        269     1.1167     2.8243  0.000e+00
     27.129    20.7278   4.812648    34.5608        270     1.1208     2.8231  0.000e+00
     27.301    20.7317   4.813165    34.5617        271     1.1250     2.8207  0.000e+00
     27.472    20.7356   4.813599    34.5620        272     1.1292     2.8195  0.000e+00
     27.650    20.7391   4.814088    34.5630        273     1.1333     2.8184  0.000e+00
     27.820    20.7422   4.814274    34.5619        274     1.1375     2.8184  0.000e+00
     27.998    20.7448   4.814846    34.5643        275     1.1417     2.8166  0.000e+00
     28.171    20.7470   4.815604    34.5686        276     1.1458     2.8138  0.000e+00
     28.345    20.7502   4.816452    34.5728        277     1.1500     2.8105  0.000e+00
     28.520    20.7543   4.817375    34.5768        278     1.1542     2.8077  0.000e+00
     28.696    20.7591   4.818030    34.5781        279     1.1583     2.8060  0.000e+00
     28.872    20.7635   4.819064    34.5828        280     1.1625     2.8064  0.000e+00
     29.048    20.7683   4.820318    34.5889        281     1.1667     2.8081  0.000e+00
     29.224    20.7738   4.820773    34.5881        282     1.1708     2.8066  0.000e+00
     29.404    20.7791   4.820718    34.5832        283     1.1750     2.8060  0.000e+00
     29.576    20.7823   4.821345    34.5856        284     1.1792     2.8055  0.000e+00
     29.749    20.7849   4.822166    34.5900        285     1.1833     2.8043  0.000e+00
     29.916    20.7882   4.822711    34.5917        286     1.1875     2.8027  0.000e+00
     30.081    20.7916   4.823641    34.5964        287     1.1917     2.7980  0.000e+00
     30.239    20.7951   4.823717    34.5941        288     1.1958     2.7943  0.000e+00
     30.410    20.7978   4.824586    34.5988        289     1.2000     2.7942  0.000e+00
     30.574    20.8009   4.824890    34.5987        290     1.2042     2.7934  0.000e+00
     30.746    20.8038   4.825103    34.5980        291     1.2083     2.7914  0.000e+00
     30.922    20.8055   4.825372    34.5987        292     1.2125     2.7883  0.000e+00
     31.097    20.8067   4.825297    34.5971        293     1.2167     2.7816  0.000e+00
     31.271    20.8072   4.825407    34.5975        294     1.2208     2.7785  0.000e+00
     31.440    20.8075   4.825435    34.5974        295     1.2250     2.7769  0.000e+00
     31.609    20.8076   4.825787    34.6001        296     1.2292     2.7746  0.000e+00
     31.776    20.8076   4.826035    34.6020        297     1.2333     2.7738  0.000e+00
     31.941    20.8080   4.826511    34.6055        298     1.2375     2.7724  0.000e+00
     32.103    20.8084   4.826794    34.6074        299     1.2417     2.7705  0.000e+00
     32.267    20.8093   4.827421    34.6117        300     1.2458     2.7676  0.000e+00
     32.437    20.8105   4.827939    34.6148        301     1.2500     2.7617  0.000e+00
     32.610    20.8125   4.827994    34.6135        302     1.2542     2.7568  0.000e+00
     32.783    20.8135   4.828104    34.6135        303     1.2583     2.7549  0.000e+00
     32.955    20.8132   4.827394    34.6080        304     1.2625     2.7542  0.000e+00
     33.117    20.8109   4.825491    34.5945        305     1.2667     2.7524  0.000e+00
     33.279    20.8032   4.822981    34.5805        306     1.2708     2.7511  0.000e+00
     33.437    20.7890   4.819196    34.5616        307     1.2750     2.7491  0.000e+00
     33.604    20.7673   4.817729    34.5673        308     1.2792     2.7460  0.000e+00
     33.767    20.7470   4.816399    34.5731        309     1.2833     2.7402  0.000e+00
     33.944    20.7296   4.814636    34.5730        310     1.2875     2.7364  0.000e+00
     34.130    20.7137   4.809910    34.5477        311     1.2917     2.7299  0.000e+00
     34.316    20.6908   4.807115    34.5437        312     1.2958     2.7252  0.000e+00
     34.495    20.6649   4.805918    34.5551        313     1.3000     2.7197  0.000e+00
     34.679    20.6446   4.803295    34.5504        314     1.3042     2.7127  0.000e+00
     34.857    20.6247   4.798692    34.5294        315     1.3083     2.7058  0.000e+00
     35.034    20.6020   4.792983    34.5017        316     1.3125     2.7016  0.000e+00
     35.203    20.5677   4.778957    34.4162        317     1.3167     2.6948  0.000e+00
     35.374    20.5119   4.772154    34.4064        318     1.3208     2.6870  0.000e+00
     35.541    20.4429   4.763243    34.3904        319     1.3250     2.6793  0.000e+00
     35.707    20.3794   4.766653    34.4696        320     1.3292     2.6701  0.000e+00
     35.867    20.3396   4.746447    34.3380        321     1.3333     2.6622  0.000e+00
     36.028    20.2770   4.734613    34.2927        322     1.3375     2.6528  0.000e+00
     36.188    20.1811   4.707510    34.1502        323     1.3417     2.6448  0.000e+00
     36.345    20.0540   4.680404    34.0322        324     1.3458     2.6369  0.000e+00
     36.499    19.8848   4.647866    33.9033        325     1.3500     2.6282  0.000e+00
     36.652    19.6817   4.625283    33.8824        326     1.3542     2.6181  0.000e+00
     36.805    19.4746   4.618250    33.9926        327     1.3583     2.6092  0.000e+00
     36.963    19.3142   4.595146    33.9323        328     1.3625     2.5999  0.000e+00
     37.117    19.1533   4.590407    34.0244        329     1.3667     2.5916  0.000e+00
     37.286    19.0143   4.586224    34.1037        330     1.3708     2.5811  0.000e+00
     37.455    18.9185   4.585132    34.1734        331     1.3750     2.5693  0.000e+00
     37.628    18.8605   4.583095    34.2042        332     1.3792     2.5576  0.000e+00
     37.806    18.8230   4.577375    34.1873        333     1.3833     2.5436  0.000e+00
     37.973    18.7849   4.573040    34.1825        334     1.3875     2.5306  0.000e+00
     38.144    18.7434   4.565870    34.1567        335     1.3917     2.5192  0.000e+00
     38.309    18.6978   4.561136    34.1547        336     1.3958     2.5088  0.000e+00
     38.464    18.6516   4.559662    34.1805        337     1.4000     2.5017  0.000e+00
     38.616    18.6164   4.556061    34.1794        338     1.4042     2.4922  0.000e+00
     38.769    18.5869   4.556034    34.2036        339     1.4083     2.4842  0.000e+00
     38.920    18.5661   4.553255    34.1975        340     1.4125     2.4766  0.000e+00
     39.080    18.5469   4.550712    34.1919        341     1.4167     2.4705  0.000e+00
     39.240    18.5275   4.548130    34.1863        342     1.4208     2.4643  0.000e+00
     39.393    18.5071   4.546993    34.1935        343     1.4250     2.4586  0.000e+00
     39.546    18.4892   4.548002    34.2169        344     1.4292     2.4519  0.000e+00
     39.700    18.4797   4.549530    34.2376        345     1.4333     2.4434  0.000e+00
     39.851    18.4793   4.549704    34.2394        346     1.4375     2.4386  0.000e+00
     40.006    18.4819   4.551703    34.2540        347     1.4417     2.4344  0.000e+00
     40.167    18.4885   4.556649    34.2902        348     1.4458     2.4308  0.000e+00
     40.331    18.5045   4.558157    34.2894        349     1.4500     2.4246  0.000e+00
     40.505    18.5226   4.556265    34.2584        350     1.4542     2.4179  0.000e+00
     40.680    18.5295   4.559961    34.2837        351     1.4583     2.4145  0.000e+00
     40.856    18.5402   4.562372    34.2950        352     1.4625     2.4113  0.000e+00
     41.027    18.5551   4.564096    34.2970        353     1.4667     2.4076  0.000e+00
     41.201    18.5694   4.567545    34.3141        354     1.4708     2.4044  0.000e+00
     41.368    18.5873   4.571750    34.3345        355     1.4750     2.4027  0.000e+00
     41.537    18.6084   4.575121    34.3452        356     1.4792     2.4016  0.000e+00
     41.713    18.6316   4.577406    34.3450        357     1.4833     2.4004  0.000e+00
     41.895    18.6533   4.579625    34.3455        358     1.4875     2.3990  0.000e+00
     42.078    18.6718   4.579699    34.3307        359     1.4917     2.3976  0.000e+00
     42.261    18.6850   4.581507    34.3349        360     1.4958     2.3943  0.000e+00
     42.445    18.6955   4.583484    34.3426        361     1.5000     2.3927  0.000e+00
     42.624    18.7070   4.586912    34.3618        362     1.5042     2.3884  0.000e+00
     42.801    18.7228   4.590794    34.3811        363     1.5083     2.3854  0.000e+00
     42.975    18.7427   4.596305    34.4107        364     1.5125     2.3808  0.000e+00
     43.142    18.7694   4.598927    34.4104        365     1.5167     2.3767  0.000e+00
     43.302    18.7952   4.603914    34.4307        366     1.5208     2.3739  0.000e+00
     43.462    18.8220   4.607403    34.4375        367     1.5250     2.3701  0.000e+00
     43.622    18.8479   4.605814    34.4026        368     1.5292     2.3677  0.000e+00
     43.782    18.8608   4.603319    34.3709        369     1.5333     2.3645  0.000e+00
