PC2305/sbe003.cnv
* Sea-Bird SBE 19plus V2 Data File:
* FileName = C:\cruise\data\sbe003.hex
* Software Version Seasave V 7.26.7.121
* Temperature SN = 7142
* Conductivity SN = 7142
* System UpLoad Time = Oct 27 2023 18:14:10
** Cruise: PC2205
** Program: ECOMON
# nquan = 8
# nvalues = 1484                                  
# units = specified
# name 0 = depSM: Depth [salt water, m], lat = 40.00
# name 1 = tv290C: Temperature [ITS-90, deg C]
# name 2 = c0S/m: Conductivity [S/m]
# name 3 = sal00: Salinity, Practical [PSU]
# name 4 = scan: Scan Count
# name 5 = timeM: Time, Elapsed [minutes]
# name 6 = sbeox0V: Oxygen raw, SBE 43 [V]
# name 7 = flag:  0.000e+00
# span 0 =     -0.063,     46.889                 
# span 1 =    15.0541,    17.2332                 
# span 2 =   0.000045,   4.041619                 
# span 3 =     0.0087,    32.1296                 
# span 4 =         11,       1494                 
# span 5 =     0.0417,     6.2208                 
# span 6 =     2.0125,     3.0383                 
# span 7 = 0.0000e+00, 0.0000e+00                 
# interval = seconds: 0.25
# start_time = Oct 27 2023 18:14:10 [System UTC, header]
# bad_flag = -9.990e-29
*END*
[from data line 899]
     24.616    15.6299   3.989905    31.7398        910     3.7875     2.8185  0.000e+00
     24.580    15.6300   3.989905    31.7397        911     3.7917     2.8167  0.000e+00
     24.542    15.6303   3.989905    31.7395        912     3.7958     2.8164  0.000e+00
     24.512    15.6304   3.989905    31.7395        913     3.8000     2.8168  0.000e+00
     24.476    15.6303   3.989905    31.7395        914     3.8042     2.8156  0.000e+00
     24.435    15.6307   3.989905    31.7392        915     3.8083     2.8157  0.000e+00
     24.393    15.6305   3.989879    31.7392        916     3.8125     2.8173  0.000e+00
     24.352    15.6306   3.989898    31.7393        917     3.8167     2.8186  0.000e+00
     24.309    15.6306   3.989905    31.7393        918     3.8208     2.8196  0.000e+00
     24.267    15.6304   3.990000    31.7403        919     3.8250     2.8200  0.000e+00
     24.215    15.6309   3.989975    31.7397        920     3.8292     2.8208  0.000e+00
     24.181    15.6311   3.989930    31.7392        921     3.8333     2.8204  0.000e+00
     24.131    15.6312   3.989975    31.7396        922     3.8375     2.8199  0.000e+00
     24.086    15.6311   3.989949    31.7394        923     3.8417     2.8195  0.000e+00
     24.039    15.6313   3.990045    31.7401        924     3.8458     2.8196  0.000e+00
     23.994    15.6315   3.990070    31.7402        925     3.8500     2.8190  0.000e+00
     23.951    15.6319   3.990019    31.7394        926     3.8542     2.8189  0.000e+00
     23.906    15.6323   3.990019    31.7391        927     3.8583     2.8180  0.000e+00
     23.865    15.6323   3.990070    31.7396        928     3.8625     2.8186  0.000e+00
     23.827    15.6325   3.990096    31.7397        929     3.8667     2.8177  0.000e+00
     23.793    15.6326   3.990096    31.7396        930     3.8708     2.8181  0.000e+00
     23.750    15.6330   3.990096    31.7393        931     3.8750     2.8183  0.000e+00
     23.718    15.6331   3.990070    31.7390        932     3.8792     2.8186  0.000e+00
     23.689    15.6331   3.990045    31.7388        933     3.8833     2.8187  0.000e+00
     23.664    15.6330   3.990019    31.7386        934     3.8875     2.8196  0.000e+00
     23.633    15.6329   3.990000    31.7386        935     3.8917     2.8207  0.000e+00
     23.613    15.6329   3.989930    31.7380        936     3.8958     2.8212  0.000e+00
     23.592    15.6325   3.989974    31.7387        937     3.9000     2.8201  0.000e+00
     23.570    15.6325   3.990045    31.7393        938     3.9042     2.8205  0.000e+00
     23.552    15.6326   3.990045    31.7393        939     3.9083     2.8198  0.000e+00
     23.529    15.6326   3.990000    31.7389        940     3.9125     2.8202  0.000e+00
     23.504    15.6327   3.989949    31.7383        941     3.9167     2.8206  0.000e+00
     23.475    15.6326   3.990000    31.7389        942     3.9208     2.8194  0.000e+00
     23.437    15.6326   3.989930    31.7383        943     3.9250     2.8196  0.000e+00
     23.403    15.6323   3.989904    31.7383        944     3.9292     2.8209  0.000e+00
     23.360    15.6323   3.989834    31.7377        945     3.9333     2.8220  0.000e+00
     23.315    15.6319   3.989860    31.7382        946     3.9375     2.8238  0.000e+00
     23.266    15.6316   3.990044    31.7401        947     3.9417     2.8240  0.000e+00
     23.218    15.6320   3.990114    31.7405        948     3.9458     2.8224  0.000e+00
     23.169    15.6328   3.990114    31.7399        949     3.9500     2.8219  0.000e+00
     23.123    15.6330   3.990114    31.7397        950     3.9542     2.8207  0.000e+00
     23.081    15.6334   3.990114    31.7394        951     3.9583     2.8212  0.000e+00
     23.029    15.6335   3.990140    31.7396        952     3.9625     2.8219  0.000e+00
     22.990    15.6336   3.990114    31.7393        953     3.9667     2.8217  0.000e+00
     22.947    15.6338   3.990070    31.7388        954     3.9708     2.8202  0.000e+00
     22.907    15.6336   3.990070    31.7389        955     3.9750     2.8190  0.000e+00
     22.869    15.6336   3.990095    31.7392        956     3.9792     2.8201  0.000e+00
     22.832    15.6338   3.990070    31.7388        957     3.9833     2.8199  0.000e+00
     22.797    15.6336   3.990070    31.7390        958     3.9875     2.8203  0.000e+00
     22.761    15.6337   3.990070    31.7389        959     3.9917     2.8209  0.000e+00
     22.729    15.6337   3.990070    31.7389        960     3.9958     2.8211  0.000e+00
     22.699    15.6337   3.990095    31.7392        961     4.0000     2.8204  0.000e+00
     22.668    15.6338   3.990114    31.7393        962     4.0042     2.8204  0.000e+00
     22.637    15.6338   3.990114    31.7393        963     4.0083     2.8209  0.000e+00
     22.612    15.6338   3.990114    31.7392        964     4.0125     2.8212  0.000e+00
     22.573    15.6340   3.990070    31.7387        965     4.0167     2.8214  0.000e+00
     22.540    15.6341   3.990070    31.7386        966     4.0208     2.8213  0.000e+00
     22.503    15.6338   3.989974    31.7381        967     4.0250     2.8219  0.000e+00
     22.470    15.6335   3.989993    31.7385        968     4.0292     2.8220  0.000e+00
     22.431    15.6333   3.990019    31.7389        969     4.0333     2.8222  0.000e+00
     22.389    15.6334   3.989974    31.7385        970     4.0375     2.8241  0.000e+00
     22.346    15.6333   3.989999    31.7388        971     4.0417     2.8243  0.000e+00
     22.303    15.6332   3.989974    31.7386        972     4.0458     2.8243  0.000e+00
     22.264    15.6332   3.989974    31.7386        973     4.0500     2.8243  0.000e+00
     22.215    15.6333   3.989999    31.7388        974     4.0542     2.8238  0.000e+00
     22.168    15.6333   3.990044    31.7392        975     4.0583     2.8242  0.000e+00
     22.124    15.6334   3.990018    31.7389        976     4.0625     2.8240  0.000e+00
     22.082    15.6334   3.989999    31.7388        977     4.0667     2.8239  0.000e+00
     22.041    15.6334   3.990018    31.7389        978     4.0708     2.8235  0.000e+00
     22.001    15.6334   3.989999    31.7388        979     4.0750     2.8241  0.000e+00
     21.962    15.6335   3.990018    31.7389        980     4.0792     2.8241  0.000e+00
     21.920    15.6337   3.989999    31.7386        981     4.0833     2.8243  0.000e+00
     21.881    15.6334   3.989999    31.7388        982     4.0875     2.8248  0.000e+00
     21.843    15.6336   3.989929    31.7381        983     4.0917     2.8253  0.000e+00
     21.807    15.6333   3.989929    31.7383        984     4.0958     2.8251  0.000e+00
     21.773    15.6333   3.989948    31.7385        985     4.1000     2.8235  0.000e+00
     21.741    15.6331   3.989948    31.7387        986     4.1042     2.8238  0.000e+00
     21.699    15.6332   3.989929    31.7384        987     4.1083     2.8241  0.000e+00
     21.667    15.6332   3.989948    31.7386        988     4.1125     2.8241  0.000e+00
     21.635    15.6332   3.989929    31.7385        989     4.1167     2.8231  0.000e+00
     21.599    15.6333   3.989929    31.7384        990     4.1208     2.8228  0.000e+00
     21.570    15.6334   3.989904    31.7381        991     4.1250     2.8223  0.000e+00
     21.532    15.6334   3.989929    31.7384        992     4.1292     2.8235  0.000e+00
     21.509    15.6334   3.989948    31.7385        993     4.1333     2.8245  0.000e+00
     21.478    15.6337   3.989929    31.7381        994     4.1375     2.8251  0.000e+00
     21.442    15.6337   3.989999    31.7388        995     4.1417     2.8244  0.000e+00
     21.414    15.6339   3.989712    31.7361        996     4.1458     2.8244  0.000e+00
     21.383    15.6343   3.990044    31.7387        997     4.1500     2.8238  0.000e+00
     21.349    15.6347   3.990069    31.7386        998     4.1542     2.8229  0.000e+00
     21.317    15.6349   3.989974    31.7376        999     4.1583     2.8217  0.000e+00
     21.282    15.6349   3.989974    31.7376       1000     4.1625     2.8225  0.000e+00
     21.247    15.6345   3.989974    31.7379       1001     4.1667     2.8222  0.000e+00
     21.209    15.6344   3.989929    31.7377       1002     4.1708     2.8223  0.000e+00
     21.169    15.6342   3.989929    31.7378       1003     4.1750     2.8225  0.000e+00
     21.132    15.6340   3.990018    31.7388       1004     4.1792     2.8235  0.000e+00
     21.088    15.6341   3.990018    31.7387       1005     4.1833     2.8224  0.000e+00
     21.054    15.6345   3.990044    31.7386       1006     4.1875     2.8220  0.000e+00
     21.013    15.6349   3.990094    31.7388       1007     4.1917     2.8213  0.000e+00
     20.973    15.6353   3.990044    31.7380       1008     4.1958     2.8199  0.000e+00
     20.936    15.6353   3.990114    31.7386       1009     4.2000     2.8203  0.000e+00
     20.891    15.6357   3.990043    31.7377       1010     4.2042     2.8206  0.000e+00
     20.851    15.6359   3.990139    31.7385       1011     4.2083     2.8207  0.000e+00
     20.799    15.6360   3.990164    31.7386       1012     4.2125     2.8219  0.000e+00
     20.747    15.6362   3.990209    31.7389       1013     4.2167     2.8244  0.000e+00
     20.693    15.6365   3.990184    31.7384       1014     4.2208     2.8248  0.000e+00
     20.639    15.6371   3.990139    31.7376       1015     4.2250     2.8268  0.000e+00
     20.582    15.6368   3.990209    31.7384       1016     4.2292     2.8283  0.000e+00
     20.522    15.6370   3.990254    31.7387       1017     4.2333     2.8284  0.000e+00
     20.470    15.6375   3.990292    31.7386       1018     4.2375     2.8297  0.000e+00
     20.422    15.6378   3.990279    31.7383       1019     4.2417     2.8289  0.000e+00
     20.375    15.6383   3.990279    31.7379       1020     4.2458     2.8289  0.000e+00
     20.337    15.6384   3.990234    31.7375       1021     4.2500     2.8292  0.000e+00
     20.312    15.6385   3.990349    31.7384       1022     4.2542     2.8276  0.000e+00
     20.289    15.6388   3.990470    31.7393       1023     4.2583     2.8280  0.000e+00
     20.274    15.6394   3.990349    31.7377       1024     4.2625     2.8275  0.000e+00
     20.258    15.6397   3.990374    31.7377       1025     4.2667     2.8254  0.000e+00
     20.251    15.6396   3.990445    31.7384       1026     4.2708     2.8251  0.000e+00
     20.242    15.6399   3.990540    31.7390       1027     4.2750     2.8250  0.000e+00
     20.240    15.6405   3.990515    31.7383       1028     4.2792     2.8238  0.000e+00
     20.229    15.6410   3.990489    31.7377       1029     4.2833     2.8266  0.000e+00
     20.217    15.6412   3.990559    31.7382       1030     4.2875     2.8281  0.000e+00
     20.201    15.6414   3.990706    31.7393       1031     4.2917     2.8272  0.000e+00
     20.183    15.6423   3.990725    31.7388       1032     4.2958     2.8287  0.000e+00
     20.163    15.6430   3.990725    31.7381       1033     4.3000     2.8294  0.000e+00
     20.131    15.6437   3.990706    31.7375       1034     4.3042     2.8290  0.000e+00
     20.087    15.6438   3.990655    31.7369       1035     4.3083     2.8271  0.000e+00
     20.048    15.6435   3.990540    31.7362       1036     4.3125     2.8257  0.000e+00
     19.994    15.6430   3.990610    31.7372       1037     4.3167     2.8260  0.000e+00
     19.931    15.6426   3.990540    31.7370       1038     4.3208     2.8268  0.000e+00
     19.866    15.6423   3.990540    31.7372       1039     4.3250     2.8282  0.000e+00
     19.796    15.6421   3.990540    31.7374       1040     4.3292     2.8296  0.000e+00
     19.719    15.6419   3.990610    31.7382       1041     4.3333     2.8310  0.000e+00
     19.645    15.6423   3.990680    31.7386       1042     4.3375     2.8306  0.000e+00
     19.563    15.6427   3.990725    31.7386       1043     4.3417     2.8306  0.000e+00
     19.496    15.6432   3.990724    31.7383       1044     4.3458     2.8313  0.000e+00
     19.428    15.6438   3.990750    31.7381       1045     4.3500     2.8303  0.000e+00
     19.370    15.6442   3.990795    31.7381       1046     4.3542     2.8301  0.000e+00
     19.313    15.6448   3.990845    31.7381       1047     4.3583     2.8296  0.000e+00
     19.270    15.6453   3.990884    31.7380       1048     4.3625     2.8310  0.000e+00
     19.236    15.6460   3.991030    31.7388       1049     4.3667     2.8318  0.000e+00
     19.203    15.6470   3.991100    31.7387       1050     4.3708     2.8319  0.000e+00
     19.175    15.6481   3.991030    31.7372       1051     4.3750     2.8312  0.000e+00
     19.149    15.6486   3.991100    31.7373       1052     4.3792     2.8308  0.000e+00
     19.121    15.6491   3.991081    31.7368       1053     4.3833     2.8309  0.000e+00
     19.097    15.6494   3.991151    31.7372       1054     4.3875     2.8323  0.000e+00
     19.076    15.6495   3.991126    31.7369       1055     4.3917     2.8331  0.000e+00
     19.052    15.6501   3.991011    31.7354       1056     4.3958     2.8336  0.000e+00
     19.027    15.6497   3.990985    31.7355       1057     4.4000     2.8330  0.000e+00
     19.000    15.6492   3.990934    31.7355       1058     4.4042     2.8337  0.000e+00
     18.970    15.6483   3.990915    31.7360       1059     4.4083     2.8322  0.000e+00
     18.943    15.6478   3.990960    31.7369       1060     4.4125     2.8335  0.000e+00
     18.914    15.6475   3.990960    31.7371       1061     4.4167     2.8345  0.000e+00
     18.885    15.6476   3.990915    31.7366       1062     4.4208     2.8350  0.000e+00
     18.849    15.6474   3.990890    31.7366       1063     4.4250     2.8355  0.000e+00
     18.815    15.6474   3.990928    31.7370       1064     4.4292     2.8367  0.000e+00
     18.786    15.6473   3.991011    31.7378       1065     4.4333     2.8372  0.000e+00
     18.756    15.6479   3.991030    31.7374       1066     4.4375     2.8376  0.000e+00
     18.723    15.6483   3.991081    31.7376       1067     4.4417     2.8376  0.000e+00
     18.689    15.6491   3.991125    31.7374       1068     4.4458     2.8373  0.000e+00
     18.661    15.6498   3.991196    31.7374       1069     4.4500     2.8385  0.000e+00
     18.628    15.6503   3.991221    31.7373       1070     4.4542     2.8401  0.000e+00
     18.599    15.6512   3.991221    31.7366       1071     4.4583     2.8403  0.000e+00
     18.569    15.6517   3.991246    31.7364       1072     4.4625     2.8393  0.000e+00
     18.546    15.6523   3.991125    31.7349       1073     4.4667     2.8386  0.000e+00
     18.510    15.6523   3.991246    31.7359       1074     4.4708     2.8397  0.000e+00
     18.475    15.6525   3.991253    31.7358       1075     4.4750     2.8393  0.000e+00
     18.443    15.6527   3.991221    31.7354       1076     4.4792     2.8397  0.000e+00
     18.409    15.6527   3.991291    31.7361       1077     4.4833     2.8405  0.000e+00
     18.369    15.6530   3.991336    31.7362       1078     4.4875     2.8407  0.000e+00
     18.333    15.6535   3.991291    31.7355       1079     4.4917     2.8413  0.000e+00
     18.287    15.6537   3.991291    31.7353       1080     4.4958     2.8411  0.000e+00
     18.251    15.6539   3.991336    31.7355       1081     4.5000     2.8406  0.000e+00
     18.213    15.6542   3.991291    31.7349       1082     4.5042     2.8393  0.000e+00
     18.177    15.6545   3.991335    31.7351       1083     4.5083     2.8400  0.000e+00
     18.138    15.6548   3.991361    31.7351       1084     4.5125     2.8380  0.000e+00
     18.100    15.6551   3.991374    31.7350       1085     4.5167     2.8380  0.000e+00
     18.060    15.6553   3.991361    31.7347       1086     4.5208     2.8386  0.000e+00
     18.017    15.6556   3.991386    31.7347       1087     4.5250     2.8380  0.000e+00
     17.976    15.6557   3.991361    31.7344       1088     4.5292     2.8394  0.000e+00
