PC2305/sbe051.cnv
* Sea-Bird SBE 19plus V2 Data File:
* FileName = C:\cruise\data\sbe051.hex
* Software Version Seasave V 7.26.7.121
* Temperature SN = 7142
* Conductivity SN = 7142
* System UpLoad Time = Nov 01 2023 04:54:42
** Cruise: PC2205
** Program: ECOMON
# nquan = 8
# nvalues = 1252                                  
# units = specified
# name 0 = depSM: Depth [salt water, m], lat = 40.00
# name 1 = tv290C: Temperature [ITS-90, deg C]
# name 2 = c0S/m: Conductivity [S/m]
# name 3 = sal00: Salinity, Practical [PSU]
# name 4 = scan: Scan Count
# name 5 = timeM: Time, Elapsed [minutes]
# name 6 = sbeox0V: Oxygen raw, SBE 43 [V]
# name 7 = flag:  0.000e+00
# span 0 =     -0.092,     21.476                 
# span 1 =    13.0826,    18.9859                 
# span 2 =   0.000031,   4.434428                 
# span 3 =     0.0068,    33.5404                 
# span 4 =         11,       1262                 
# span 5 =     0.0417,     5.2542                 
# span 6 =     2.2456,     3.0912                 
# span 7 = 0.0000e+00, 0.0000e+00                 
# interval = seconds: 0.25
# start_time = Nov 01 2023 04:54:42 [System UTC, header]
# bad_flag = -9.990e-29
*END*
[from data line 540]
     18.796    18.9777   4.433711    32.8722        551     2.2917     2.7157  0.000e+00
     18.742    18.9775   4.433685    32.8722        552     2.2958     2.7150  0.000e+00
     18.699    18.9775   4.433532    32.8709        553     2.3000     2.7147  0.000e+00
     18.671    18.9769   4.433571    32.8717        554     2.3042     2.7151  0.000e+00
     18.663    18.9764   4.433585    32.8723        555     2.3083     2.7161  0.000e+00
     18.662    18.9761   4.433631    32.8729        556     2.3125     2.7163  0.000e+00
     18.674    18.9759   4.433685    32.8735        557     2.3167     2.7176  0.000e+00
     18.683    18.9761   4.433658    32.8731        558     2.3208     2.7176  0.000e+00
     18.690    18.9763   4.433685    32.8732        559     2.3250     2.7179  0.000e+00
     18.694    18.9759   4.433631    32.8730        560     2.3292     2.7184  0.000e+00
     18.683    18.9758   4.433585    32.8727        561     2.3333     2.7175  0.000e+00
     18.680    18.9758   4.433631    32.8731        562     2.3375     2.7176  0.000e+00
     18.656    18.9757   4.433658    32.8734        563     2.3417     2.7164  0.000e+00
     18.629    18.9761   4.433838    32.8746        564     2.3458     2.7153  0.000e+00
     18.592    18.9764   4.433864    32.8746        565     2.3500     2.7140  0.000e+00
     18.538    18.9768   4.433917    32.8747        566     2.3542     2.7142  0.000e+00
     18.480    18.9772   4.433917    32.8744        567     2.3583     2.7139  0.000e+00
     18.421    18.9774   4.433811    32.8734        568     2.3625     2.7161  0.000e+00
     18.361    18.9772   4.433764    32.8732        569     2.3667     2.7162  0.000e+00
     18.309    18.9767   4.433784    32.8738        570     2.3708     2.7173  0.000e+00
     18.272    18.9764   4.433864    32.8747        571     2.3750     2.7179  0.000e+00
     18.228    18.9764   4.433864    32.8747        572     2.3792     2.7189  0.000e+00
     18.202    18.9766   4.433891    32.8748        573     2.3833     2.7191  0.000e+00
     18.180    18.9766   4.433917    32.8750        574     2.3875     2.7199  0.000e+00
     18.155    18.9769   4.433917    32.8748        575     2.3917     2.7197  0.000e+00
     18.142    18.9774   4.433937    32.8745        576     2.3958     2.7183  0.000e+00
     18.124    18.9774   4.433937    32.8746        577     2.4000     2.7168  0.000e+00
     18.106    18.9776   4.433937    32.8744        578     2.4042     2.7171  0.000e+00
     18.092    18.9776   4.433917    32.8743        579     2.4083     2.7169  0.000e+00
     18.081    18.9778   4.433964    32.8745        580     2.4125     2.7161  0.000e+00
     18.063    18.9779   4.433990    32.8747        581     2.4167     2.7160  0.000e+00
     18.052    18.9779   4.434017    32.8749        582     2.4208     2.7164  0.000e+00
     18.033    18.9778   4.434044    32.8752        583     2.4250     2.7164  0.000e+00
     18.013    18.9781   4.434070    32.8751        584     2.4292     2.7168  0.000e+00
     17.993    18.9785   4.434143    32.8755        585     2.4333     2.7180  0.000e+00
     17.973    18.9787   4.434117    32.8750        586     2.4375     2.7181  0.000e+00
     17.964    18.9793   4.434143    32.8748        587     2.4417     2.7175  0.000e+00
     17.955    18.9795   4.434103    32.8743        588     2.4458     2.7177  0.000e+00
     17.950    18.9795   4.434097    32.8743        589     2.4500     2.7189  0.000e+00
     17.955    18.9795   4.434070    32.8741        590     2.4542     2.7177  0.000e+00
     17.948    18.9790   4.434070    32.8745        591     2.4583     2.7178  0.000e+00
     17.939    18.9789   4.434070    32.8745        592     2.4625     2.7161  0.000e+00
     17.925    18.9783   4.434017    32.8746        593     2.4667     2.7156  0.000e+00
     17.885    18.9774   4.433990    32.8751        594     2.4708     2.7166  0.000e+00
     17.838    18.9769   4.433891    32.8747        595     2.4750     2.7170  0.000e+00
     17.779    18.9763   4.433864    32.8750        596     2.4792     2.7177  0.000e+00
     17.705    18.9757   4.433890    32.8757        597     2.4833     2.7194  0.000e+00
     17.628    18.9755   4.433937    32.8763        598     2.4875     2.7193  0.000e+00
     17.549    18.9758   4.433864    32.8754        599     2.4917     2.7195  0.000e+00
     17.475    18.9756   4.433864    32.8756        600     2.4958     2.7196  0.000e+00
     17.405    18.9756   4.433917    32.8761        601     2.5000     2.7186  0.000e+00
     17.342    18.9756   4.433890    32.8759        602     2.5042     2.7176  0.000e+00
     17.292    18.9756   4.433963    32.8765        603     2.5083     2.7180  0.000e+00
     17.244    18.9758   4.433990    32.8766        604     2.5125     2.7183  0.000e+00
     17.224    18.9758   4.434023    32.8768        605     2.5167     2.7194  0.000e+00
     17.217    18.9760   4.434017    32.8766        606     2.5208     2.7199  0.000e+00
     17.236    18.9763   4.434017    32.8764        607     2.5250     2.7200  0.000e+00
     17.265    18.9762   4.433990    32.8763        608     2.5292     2.7209  0.000e+00
     17.305    18.9762   4.433963    32.8760        609     2.5333     2.7190  0.000e+00
     17.359    18.9760   4.433937    32.8759        610     2.5375     2.7174  0.000e+00
     17.409    18.9757   4.433917    32.8760        611     2.5417     2.7171  0.000e+00
     17.465    18.9757   4.433864    32.8755        612     2.5458     2.7150  0.000e+00
     17.513    18.9756   4.433837    32.8754        613     2.5500     2.7142  0.000e+00
     17.551    18.9750   4.433837    32.8758        614     2.5542     2.7148  0.000e+00
     17.562    18.9751   4.433837    32.8757        615     2.5583     2.7142  0.000e+00
     17.562    18.9749   4.433684    32.8746        616     2.5625     2.7126  0.000e+00
     17.531    18.9747   4.433558    32.8738        617     2.5667     2.7131  0.000e+00
     17.493    18.9742   4.433504    32.8737        618     2.5708     2.7140  0.000e+00
     17.438    18.9735   4.433225    32.8720        619     2.5750     2.7156  0.000e+00
     17.378    18.9724   4.432965    32.8707        620     2.5792     2.7179  0.000e+00
     17.301    18.9710   4.432313    32.8665        621     2.5833     2.7190  0.000e+00
     17.217    18.9685   4.432506    32.8701        622     2.5875     2.7197  0.000e+00
     17.129    18.9669   4.432939    32.8749        623     2.5917     2.7218  0.000e+00
     17.042    18.9671   4.433504    32.8795        624     2.5958     2.7234  0.000e+00
     16.951    18.9692   4.433584    32.8785        625     2.6000     2.7225  0.000e+00
     16.873    18.9713   4.433557    32.8767        626     2.6042     2.7233  0.000e+00
     16.818    18.9723   4.433631    32.8765        627     2.6083     2.7242  0.000e+00
     16.767    18.9729   4.433657    32.8763        628     2.6125     2.7237  0.000e+00
     16.751    18.9734   4.433631    32.8757        629     2.6167     2.7242  0.000e+00
     16.757    18.9737   4.433657    32.8756        630     2.6208     2.7245  0.000e+00
     16.780    18.9737   4.433657    32.8756        631     2.6250     2.7235  0.000e+00
     16.812    18.9739   4.433531    32.8744        632     2.6292     2.7235  0.000e+00
     16.855    18.9737   4.433378    32.8733        633     2.6333     2.7215  0.000e+00
     16.899    18.9730   4.433271    32.8730        634     2.6375     2.7199  0.000e+00
     16.943    18.9723   4.433378    32.8744        635     2.6417     2.7202  0.000e+00
     16.978    18.9719   4.433451    32.8753        636     2.6458     2.7184  0.000e+00
     16.994    18.9720   4.433631    32.8767        637     2.6500     2.7159  0.000e+00
     17.003    18.9725   4.433731    32.8771        638     2.6542     2.7137  0.000e+00
     16.997    18.9732   4.433378    32.8737        639     2.6583     2.7142  0.000e+00
     16.970    18.9731   4.433631    32.8758        640     2.6625     2.7163  0.000e+00
     16.934    18.9729   4.433251    32.8728        641     2.6667     2.7177  0.000e+00
     16.882    18.9723   4.432939    32.8708        642     2.6708     2.7168  0.000e+00
     16.818    18.9707   4.432326    32.8670        643     2.6750     2.7196  0.000e+00
     16.735    18.9689   4.432200    32.8673        644     2.6792     2.7204  0.000e+00
     16.649    18.9669   4.432406    32.8707        645     2.6833     2.7210  0.000e+00
     16.550    18.9663   4.432074    32.8685        646     2.6875     2.7219  0.000e+00
     16.464    18.9652   4.432120    32.8698        647     2.6917     2.7200  0.000e+00
     16.381    18.9645   4.432173    32.8707        648     2.6958     2.7196  0.000e+00
     16.327    18.9645   4.432273    32.8716        649     2.7000     2.7196  0.000e+00
     16.289    18.9650   4.432300    32.8715        650     2.7042     2.7183  0.000e+00
     16.277    18.9653   4.432200    32.8704        651     2.7083     2.7164  0.000e+00
     16.280    18.9655   4.432326    32.8713        652     2.7125     2.7161  0.000e+00
     16.309    18.9658   4.432353    32.8713        653     2.7167     2.7169  0.000e+00
     16.348    18.9657   4.432313    32.8710        654     2.7208     2.7170  0.000e+00
     16.401    18.9659   4.432326    32.8709        655     2.7250     2.7176  0.000e+00
     16.458    18.9659   4.432353    32.8711        656     2.7292     2.7166  0.000e+00
     16.508    18.9659   4.432353    32.8711        657     2.7333     2.7158  0.000e+00
     16.564    18.9659   4.432406    32.8716        658     2.7375     2.7138  0.000e+00
     16.607    18.9659   4.432479    32.8721        659     2.7417     2.7115  0.000e+00
     16.640    18.9666   4.432559    32.8723        660     2.7458     2.7113  0.000e+00
     16.652    18.9673   4.432586    32.8719        661     2.7500     2.7110  0.000e+00
     16.641    18.9674   4.432453    32.8707        662     2.7542     2.7124  0.000e+00
     16.634    18.9678   4.432632    32.8719        663     2.7583     2.7126  0.000e+00
     16.598    18.9678   4.432865    32.8738        664     2.7625     2.7118  0.000e+00
     16.566    18.9685   4.433271    32.8766        665     2.7667     2.7113  0.000e+00
     16.523    18.9696   4.433684    32.8792        666     2.7708     2.7129  0.000e+00
     16.480    18.9720   4.433684    32.8773        667     2.7750     2.7147  0.000e+00
     16.422    18.9732   4.433737    32.8768        668     2.7792     2.7163  0.000e+00
     16.365    18.9741   4.434043    32.8787        669     2.7833     2.7177  0.000e+00
     16.305    18.9755   4.433996    32.8772        670     2.7875     2.7181  0.000e+00
     16.241    18.9765   4.433763    32.8745        671     2.7917     2.7184  0.000e+00
     16.178    18.9763   4.433737    32.8745        672     2.7958     2.7187  0.000e+00
     16.120    18.9757   4.433710    32.8748        673     2.8000     2.7189  0.000e+00
     16.072    18.9752   4.433890    32.8766        674     2.8042     2.7186  0.000e+00
     16.030    18.9752   4.433683    32.8749        675     2.8083     2.7187  0.000e+00
     15.998    18.9756   4.433557    32.8736        676     2.8125     2.7181  0.000e+00
     15.978    18.9749   4.433477    32.8734        677     2.8167     2.7177  0.000e+00
     15.962    18.9742   4.433710    32.8759        678     2.8208     2.7168  0.000e+00
     15.958    18.9746   4.433836    32.8767        679     2.8250     2.7181  0.000e+00
     15.951    18.9750   4.434043    32.8781        680     2.8292     2.7166  0.000e+00
     15.949    18.9763   4.434143    32.8779        681     2.8333     2.7161  0.000e+00
     15.955    18.9775   4.434222    32.8776        682     2.8375     2.7143  0.000e+00
     15.962    18.9785   4.434249    32.8771        683     2.8417     2.7143  0.000e+00
     15.975    18.9792   4.434249    32.8765        684     2.8458     2.7139  0.000e+00
     15.985    18.9798   4.434249    32.8760        685     2.8500     2.7136  0.000e+00
     15.996    18.9800   4.434249    32.8759        686     2.8542     2.7143  0.000e+00
     16.009    18.9801   4.434262    32.8759        687     2.8583     2.7136  0.000e+00
     16.018    18.9803   4.434269    32.8757        688     2.8625     2.7148  0.000e+00
     16.027    18.9804   4.434269    32.8757        689     2.8667     2.7160  0.000e+00
     16.025    18.9804   4.434322    32.8761        690     2.8708     2.7171  0.000e+00
     16.027    18.9806   4.434249    32.8754        691     2.8750     2.7175  0.000e+00
     16.009    18.9804   4.434269    32.8757        692     2.8792     2.7190  0.000e+00
     15.980    18.9805   4.434269    32.8756        693     2.8833     2.7186  0.000e+00
     15.955    18.9804   4.434296    32.8759        694     2.8875     2.7171  0.000e+00
     15.917    18.9805   4.434349    32.8763        695     2.8917     2.7158  0.000e+00
     15.877    18.9807   4.434322    32.8759        696     2.8958     2.7159  0.000e+00
     15.831    18.9808   4.434296    32.8757        697     2.9000     2.7174  0.000e+00
     15.777    18.9808   4.434249    32.8753        698     2.9042     2.7182  0.000e+00
     15.730    18.9808   4.434249    32.8753        699     2.9083     2.7194  0.000e+00
     15.685    18.9805   4.434249    32.8755        700     2.9125     2.7205  0.000e+00
     15.649    18.9805   4.434222    32.8753        701     2.9167     2.7196  0.000e+00
     15.617    18.9802   4.434269    32.8760        702     2.9208     2.7191  0.000e+00
     15.593    18.9803   4.434249    32.8757        703     2.9250     2.7166  0.000e+00
     15.579    18.9802   4.434209    32.8755        704     2.9292     2.7163  0.000e+00
     15.579    18.9802   4.434169    32.8752        705     2.9333     2.7161  0.000e+00
     15.595    18.9802   4.434295    32.8762        706     2.9375     2.7163  0.000e+00
     15.619    18.9805   4.434349    32.8764        707     2.9417     2.7163  0.000e+00
     15.656    18.9807   4.434375    32.8765        708     2.9458     2.7158  0.000e+00
     15.689    18.9811   4.434375    32.8761        709     2.9500     2.7161  0.000e+00
     15.719    18.9816   4.434375    32.8757        710     2.9542     2.7161  0.000e+00
     15.735    18.9819   4.434402    32.8757        711     2.9583     2.7165  0.000e+00
     15.741    18.9822   4.434402    32.8755        712     2.9625     2.7153  0.000e+00
     15.730    18.9820   4.434375    32.8754        713     2.9667     2.7137  0.000e+00
     15.701    18.9821   4.434402    32.8755        714     2.9708     2.7155  0.000e+00
     15.646    18.9823   4.434402    32.8754        715     2.9750     2.7174  0.000e+00
     15.574    18.9825   4.434402    32.8753        716     2.9792     2.7177  0.000e+00
     15.495    18.9825   4.434428    32.8755        717     2.9833     2.7184  0.000e+00
     15.408    18.9825   4.434349    32.8749        718     2.9875     2.7181  0.000e+00
     15.306    18.9825   4.434295    32.8744        719     2.9917     2.7187  0.000e+00
     15.211    18.9821   4.434249    32.8744        720     2.9958     2.7179  0.000e+00
     15.130    18.9817   4.434235    32.8746        721     3.0000     2.7196  0.000e+00
     15.049    18.9810   4.434169    32.8747        722     3.0042     2.7206  0.000e+00
     14.977    18.9808   4.434142    32.8747        723     3.0083     2.7200  0.000e+00
     14.912    18.9805   4.434142    32.8749        724     3.0125     2.7206  0.000e+00
     14.869    18.9803   4.434142    32.8751        725     3.0167     2.7187  0.000e+00
     14.851    18.9799   4.434142    32.8754        726     3.0208     2.7183  0.000e+00
     14.853    18.9802   4.434169    32.8754        727     3.0250     2.7190  0.000e+00
     14.878    18.9802   4.434169    32.8754        728     3.0292     2.7196  0.000e+00
     14.925    18.9802   4.434142    32.8752        729     3.0333     2.7188  0.000e+00
