PC2305/sbe038.cnv
* Sea-Bird SBE 19plus V2 Data File:
* FileName = C:\cruise\data\sbe038.hex
* Software Version Seasave V 7.26.7.121
* Temperature SN = 7142
* Conductivity SN = 7142
* System UpLoad Time = Oct 30 2023 12:31:22
** Cruise: PC2205
** Program: ECOMON
# nquan = 8
# nvalues = 1968                                  
# units = specified
# name 0 = depSM: Depth [salt water, m], lat = 40.00
# name 1 = tv290C: Temperature [ITS-90, deg C]
# name 2 = c0S/m: Conductivity [S/m]
# name 3 = sal00: Salinity, Practical [PSU]
# name 4 = scan: Scan Count
# name 5 = timeM: Time, Elapsed [minutes]
# name 6 = sbeox0V: Oxygen raw, SBE 43 [V]
# name 7 = flag:  0.000e+00
# span 0 =     -0.092,     98.217                 
# span 1 =    11.2329,    18.3784                 
# span 2 =   0.000071,   4.400532                 
# span 3 =     0.0092,    34.9037                 
# span 4 =         11,       1978                 
# span 5 =     0.0417,     8.2375                 
# span 6 =     1.9478,     3.0257                 
# span 7 = 0.0000e+00, 0.0000e+00                 
# interval = seconds: 0.25
# start_time = Oct 30 2023 12:31:22 [System UTC, header]
# bad_flag = -9.990e-29
*END*
[from data line 720]
     94.244    13.1768   4.100898    34.8390        731     3.0417     2.0461  0.000e+00
     94.165    13.1727   4.098889    34.8236        732     3.0458     2.0449  0.000e+00
     94.089    13.1664   4.096113    34.8030        733     3.0500     2.0443  0.000e+00
     94.012    13.1560   4.093273    34.7857        734     3.0542     2.0449  0.000e+00
     93.938    13.1425   4.091014    34.7766        735     3.0583     2.0452  0.000e+00
     93.865    13.1281   4.088061    34.7618        736     3.0625     2.0453  0.000e+00
     93.786    13.1128   4.085661    34.7531        737     3.0667     2.0464  0.000e+00
     93.708    13.0976   4.082491    34.7369        738     3.0708     2.0462  0.000e+00
     93.629    13.0813   4.078582    34.7147        739     3.0750     2.0461  0.000e+00
     93.546    13.0625   4.074861    34.6966        740     3.0792     2.0462  0.000e+00
     93.462    13.0417   4.070203    34.6713        741     3.0833     2.0478  0.000e+00
     93.374    13.0186   4.066325    34.6555        742     3.0875     2.0490  0.000e+00
     93.288    12.9934   4.060985    34.6278        743     3.0917     2.0494  0.000e+00
     93.203    12.9658   4.053449    34.5813        744     3.0958     2.0501  0.000e+00
     93.126    12.9325   4.046002    34.5407        745     3.1000     2.0500  0.000e+00
     93.057    12.8925   4.037926    34.5002        746     3.1042     2.0526  0.000e+00
     92.986    12.8501   4.029749    34.4610        747     3.1083     2.0537  0.000e+00
     92.914    12.8032   4.023112    34.4403        748     3.1125     2.0562  0.000e+00
     92.847    12.7582   4.016729    34.4203        749     3.1167     2.0576  0.000e+00
     92.773    12.7161   4.011161    34.4055        750     3.1208     2.0595  0.000e+00
     92.694    12.6765   4.005392    34.3864        751     3.1250     2.0600  0.000e+00
     92.608    12.6372   4.001373    34.3838        752     3.1292     2.0640  0.000e+00
     92.518    12.6033   3.998051    34.3829        753     3.1333     2.0657  0.000e+00
     92.417    12.5744   3.996349    34.3930        754     3.1375     2.0695  0.000e+00
     92.310    12.5518   3.994820    34.3990        755     3.1417     2.0719  0.000e+00
     92.200    12.5357   3.993596    34.4020        756     3.1458     2.0752  0.000e+00
     92.076    12.5235   3.992086    34.3987        757     3.1500     2.0769  0.000e+00
     91.946    12.5134   3.989665    34.3847        758     3.1542     2.0794  0.000e+00
     91.817    12.5029   3.985035    34.3498        759     3.1583     2.0813  0.000e+00
     91.682    12.4863   3.980529    34.3217        760     3.1625     2.0834  0.000e+00
     91.544    12.4642   3.978862    34.3259        761     3.1667     2.0866  0.000e+00
     91.402    12.4448   3.975490    34.3112        762     3.1708     2.0877  0.000e+00
     91.261    12.4265   3.967091    34.2471        763     3.1750     2.0886  0.000e+00
     91.123    12.3981   3.961671    34.2208        764     3.1792     2.0909  0.000e+00
     90.981    12.3656   3.959042    34.2252        765     3.1833     2.0923  0.000e+00
     90.850    12.3371   3.955360    34.2157        766     3.1875     2.0927  0.000e+00
     90.711    12.3127   3.953291    34.2181        767     3.1917     2.0940  0.000e+00
     90.586    12.2933   3.951178    34.2154        768     3.1958     2.0951  0.000e+00
     90.461    12.2773   3.949599    34.2149        769     3.2000     2.0959  0.000e+00
     90.343    12.2642   3.947924    34.2106        770     3.2042     2.0966  0.000e+00
     90.224    12.2529   3.945438    34.1970        771     3.2083     2.0973  0.000e+00
     90.113    12.2416   3.944880    34.2020        772     3.2125     2.0990  0.000e+00
     90.001    12.2333   3.944417    34.2051        773     3.2167     2.0992  0.000e+00
     89.884    12.2289   3.944005    34.2052        774     3.2208     2.0984  0.000e+00
     89.766    12.2266   3.943143    34.1991        775     3.2250     2.1027  0.000e+00
     89.654    12.2239   3.938256    34.1542        776     3.2292     2.1012  0.000e+00
     89.534    12.2140   3.932631    34.1089        777     3.2333     2.0982  0.000e+00
     89.422    12.1947   3.924965    34.0524        778     3.2375     2.1012  0.000e+00
     89.311    12.1621   3.898621    33.8271        779     3.2417     2.0983  0.000e+00
     89.203    12.0839   3.876485    33.6834        780     3.2458     2.0967  0.000e+00
     89.097    11.9751   3.870721    33.7258        781     3.2500     2.0957  0.000e+00
     88.998    11.8941   3.868249    33.7752        782     3.2542     2.0912  0.000e+00
     88.901    11.8504   3.867256    33.8052        783     3.2583     2.0895  0.000e+00
     88.802    11.8282   3.866778    33.8208        784     3.2625     2.0875  0.000e+00
     88.709    11.8188   3.866439    33.8261        785     3.2667     2.0859  0.000e+00
     88.612    11.8154   3.866256    33.8274        786     3.2708     2.0855  0.000e+00
     88.516    11.8155   3.865942    33.8243        787     3.2750     2.0866  0.000e+00
     88.414    11.8164   3.865351    33.8178        788     3.2792     2.0853  0.000e+00
     88.308    11.8166   3.864791    33.8122        789     3.2833     2.0869  0.000e+00
     88.195    11.8157   3.864357    33.8088        790     3.2875     2.0867  0.000e+00
     88.071    11.8144   3.863628    33.8030        791     3.2917     2.0860  0.000e+00
     87.943    11.8121   3.862182    33.7909        792     3.2958     2.0851  0.000e+00
     87.810    11.8084   3.860780    33.7807        793     3.3000     2.0855  0.000e+00
     87.666    11.8034   3.859693    33.7747        794     3.3042     2.0850  0.000e+00
     87.520    11.7987   3.858926    33.7716        795     3.3083     2.0848  0.000e+00
     87.373    11.7939   3.858649    33.7733        796     3.3125     2.0840  0.000e+00
     87.231    11.7905   3.858134    33.7714        797     3.3167     2.0840  0.000e+00
     87.096    11.7881   3.857707    33.7695        798     3.3208     2.0844  0.000e+00
     86.965    11.7858   3.857254    33.7672        799     3.3250     2.0834  0.000e+00
     86.837    11.7834   3.856375    33.7609        800     3.3292     2.0827  0.000e+00
     86.720    11.7803   3.855577    33.7559        801     3.3333     2.0821  0.000e+00
     86.611    11.7762   3.855200    33.7561        802     3.3375     2.0808  0.000e+00
     86.508    11.7726   3.854653    33.7540        803     3.3417     2.0808  0.000e+00
     86.418    11.7696   3.854094    33.7513        804     3.3458     2.0799  0.000e+00
     86.329    11.7665   3.854138    33.7546        805     3.3500     2.0795  0.000e+00
     86.244    11.7653   3.854063    33.7550        806     3.3542     2.0785  0.000e+00
     86.165    11.7653   3.853736    33.7519        807     3.3583     2.0788  0.000e+00
     86.082    11.7653   3.853403    33.7486        808     3.3625     2.0781  0.000e+00
     86.001    11.7646   3.852719    33.7426        809     3.3667     2.0779  0.000e+00
     85.917    11.7626   3.851840    33.7358        810     3.3708     2.0766  0.000e+00
     85.834    11.7601   3.850848    33.7285        811     3.3750     2.0757  0.000e+00
     85.744    11.7565   3.848776    33.7115        812     3.3792     2.0760  0.000e+00
     85.656    11.7502   3.847376    33.7037        813     3.3833     2.0753  0.000e+00
     85.565    11.7439   3.847131    33.7070        814     3.3875     2.0753  0.000e+00
     85.471    11.7432   3.850471    33.7403        815     3.3917     2.0750  0.000e+00
     85.372    11.7586   3.855627    33.7767        816     3.3958     2.0759  0.000e+00
     85.266    11.7932   3.861471    33.8024        817     3.4000     2.0759  0.000e+00
     85.160    11.8399   3.863563    33.7804        818     3.4042     2.0759  0.000e+00
     85.052    11.8813   3.865147    33.7583        819     3.4083     2.0769  0.000e+00
     84.935    11.9135   3.866493    33.7423        820     3.4125     2.0765  0.000e+00
     84.824    11.9394   3.869745    33.7505        821     3.4167     2.0776  0.000e+00
     84.707    11.9695   3.876497    33.7889        822     3.4208     2.0754  0.000e+00
     84.590    12.0127   3.882146    33.8047        823     3.4250     2.0731  0.000e+00
     84.470    12.0648   3.886178    33.7967        824     3.4292     2.0720  0.000e+00
     84.346    12.1131   3.887299    33.7638        825     3.4333     2.0696  0.000e+00
     84.227    12.1501   3.887544    33.7329        826     3.4375     2.0680  0.000e+00
     84.101    12.1732   3.887267    33.7094        827     3.4417     2.0673  0.000e+00
     83.983    12.1860   3.886649    33.6920        828     3.4458     2.0621  0.000e+00
     83.864    12.1912   3.886037    33.6815        829     3.4500     2.0584  0.000e+00
     83.752    12.1925   3.885357    33.6737        830     3.4542     2.0566  0.000e+00
     83.639    12.1931   3.884764    33.6675        831     3.4583     2.0531  0.000e+00
     83.537    12.1938   3.884103    33.6605        832     3.4625     2.0508  0.000e+00
     83.434    12.1949   3.883094    33.6499        833     3.4667     2.0483  0.000e+00
     83.334    12.1959   3.882414    33.6424        834     3.4708     2.0457  0.000e+00
     83.226    12.1971   3.882118    33.6385        835     3.4750     2.0453  0.000e+00
     83.114    12.1983   3.881809    33.6345        836     3.4792     2.0438  0.000e+00
     83.003    12.2000   3.881733    33.6323        837     3.4833     2.0424  0.000e+00
     82.890    12.2034   3.882351    33.6352        838     3.4875     2.0411  0.000e+00
     82.769    12.2112   3.880757    33.6129        839     3.4917     2.0392  0.000e+00
     82.654    12.2220   3.877161    33.5685        840     3.4958     2.0371  0.000e+00
     82.535    12.2241   3.875096    33.5468        841     3.5000     2.0366  0.000e+00
     82.419    12.2191   3.875045    33.5508        842     3.5042     2.0356  0.000e+00
     82.313    12.2159   3.875209    33.5553        843     3.5083     2.0334  0.000e+00
     82.207    12.2156   3.874447    33.5483        844     3.5125     2.0312  0.000e+00
     82.118    12.2141   3.872893    33.5346        845     3.5167     2.0281  0.000e+00
     82.027    12.2103   3.872867    33.5379        846     3.5208     2.0238  0.000e+00
     81.949    12.2083   3.873333    33.5441        847     3.5250     2.0190  0.000e+00
     81.874    12.2098   3.873371    33.5432        848     3.5292     2.0154  0.000e+00
     81.802    12.2121   3.873484    33.5423        849     3.5333     2.0124  0.000e+00
     81.730    12.2141   3.873925    33.5448        850     3.5375     2.0080  0.000e+00
     81.653    12.2165   3.874277    33.5461        851     3.5417     2.0051  0.000e+00
     81.583    12.2197   3.874686    33.5472        852     3.5458     2.0023  0.000e+00
     81.504    12.2245   3.876367    33.5591        853     3.5500     2.0007  0.000e+00
     81.421    12.2327   3.877664    33.5643        854     3.5542     1.9966  0.000e+00
     81.338    12.2437   3.878539    33.5630        855     3.5583     1.9952  0.000e+00
     81.250    12.2540   3.877002    33.5390        856     3.5625     1.9930  0.000e+00
     81.160    12.2582   3.874730    33.5132        857     3.5667     1.9920  0.000e+00
     81.074    12.2534   3.873118    33.5021        858     3.5708     1.9908  0.000e+00
     80.988    12.2442   3.872030    33.4998        859     3.5750     1.9902  0.000e+00
     80.905    12.2354   3.870098    33.4891        860     3.5792     1.9884  0.000e+00
     80.824    12.2254   3.868966    33.4872        861     3.5833     1.9861  0.000e+00
     80.743    12.2149   3.866972    33.4773        862     3.5875     1.9858  0.000e+00
     80.664    12.2019   3.860471    33.4263        863     3.5917     1.9854  0.000e+00
     80.581    12.1761   3.857699    33.4226        864     3.5958     1.9837  0.000e+00
     80.495    12.1476   3.852944    33.4022        865     3.6000     1.9834  0.000e+00
     80.407    12.1177   3.850163    33.4021        866     3.6042     1.9825  0.000e+00
     80.315    12.0903   3.848531    33.4108        867     3.6083     1.9819  0.000e+00
     80.211    12.0704   3.846002    33.4042        868     3.6125     1.9802  0.000e+00
     80.101    12.0526   3.844220    33.4029        869     3.6167     1.9808  0.000e+00
     79.992    12.0373   3.842777    33.4026        870     3.6208     1.9796  0.000e+00
     79.879    12.0238   3.841704    33.4044        871     3.6250     1.9783  0.000e+00
     79.762    12.0128   3.841391    33.4112        872     3.6292     1.9779  0.000e+00
     79.643    12.0057   3.841052    33.4144        873     3.6333     1.9762  0.000e+00
     79.533    12.0013   3.840707    33.4150        874     3.6375     1.9760  0.000e+00
     79.431    11.9983   3.840626    33.4170        875     3.6417     1.9741  0.000e+00
     79.329    11.9959   3.840023    33.4134        876     3.6458     1.9737  0.000e+00
     79.230    11.9939   3.839503    33.4101        877     3.6500     1.9734  0.000e+00
     79.138    11.9917   3.839083    33.4080        878     3.6542     1.9724  0.000e+00
     79.044    11.9895   3.838738    33.4067        879     3.6583     1.9726  0.000e+00
     78.953    11.9878   3.838757    33.4084        880     3.6625     1.9705  0.000e+00
     78.867    11.9869   3.838562    33.4074        881     3.6667     1.9701  0.000e+00
     78.782    11.9862   3.838380    33.4063        882     3.6708     1.9676  0.000e+00
     78.690    11.9857   3.838330    33.4063        883     3.6750     1.9668  0.000e+00
     78.593    11.9852   3.838111    33.4047        884     3.6792     1.9652  0.000e+00
     78.500    11.9846   3.838004    33.4042        885     3.6833     1.9638  0.000e+00
     78.403    11.9842   3.837885    33.4035        886     3.6875     1.9621  0.000e+00
     78.309    11.9836   3.837646    33.4018        887     3.6917     1.9615  0.000e+00
     78.210    11.9828   3.837527    33.4013        888     3.6958     1.9593  0.000e+00
     78.119    11.9820   3.836355    33.3908        889     3.7000     1.9585  0.000e+00
     78.025    11.9783   3.834455    33.3756        890     3.7042     1.9567  0.000e+00
     77.932    11.9698   3.833421    33.3733        891     3.7083     1.9567  0.000e+00
     77.842    11.9606   3.831742    33.3652        892     3.7125     1.9556  0.000e+00
     77.757    11.9503   3.829662    33.3543        893     3.7167     1.9562  0.000e+00
     77.669    11.9369   3.828760    33.3576        894     3.7208     1.9564  0.000e+00
     77.585    11.9262   3.828259    33.3623        895     3.7250     1.9554  0.000e+00
     77.504    11.9187   3.828071    33.3672        896     3.7292     1.9551  0.000e+00
     77.416    11.9146   3.827720    33.3676        897     3.7333     1.9543  0.000e+00
     77.331    11.9110   3.827601    33.3697        898     3.7375     1.9546  0.000e+00
     77.243    11.9091   3.827363    33.3691        899     3.7417     1.9536  0.000e+00
     77.153    11.9071   3.826436    33.3619        900     3.7458     1.9528  0.000e+00
     77.069    11.9033   3.825466    33.3559        901     3.7500     1.9521  0.000e+00
     76.975    11.8977   3.824783    33.3544        902     3.7542     1.9510  0.000e+00
     76.884    11.8917   3.824132    33.3534        903     3.7583     1.9505  0.000e+00
     76.790    11.8863   3.822723    33.3446        904     3.7625     1.9512  0.000e+00
     76.695    11.8788   3.820971    33.3343        905     3.7667     1.9509  0.000e+00
     76.596    11.8691   3.819819    33.3318        906     3.7708     1.9509  0.000e+00
     76.503    11.8602   3.819475    33.3365        907     3.7750     1.9503  0.000e+00
     76.406    11.8541   3.819218    33.3395        908     3.7792     1.9507  0.000e+00
