PC2305/sbe057.cnv
* Sea-Bird SBE 19plus V2 Data File:
* FileName = C:\cruise\data\sbe057.hex
* Software Version Seasave V 7.26.7.121
* Temperature SN = 7142
* Conductivity SN = 7142
* System UpLoad Time = Nov 02 2023 00:44:35
** Cruise: PC2205
** Program: ECOMON
# nquan = 8
# nvalues = 1126                                  
# units = specified
# name 0 = depSM: Depth [salt water, m], lat = 40.00
# name 1 = tv290C: Temperature [ITS-90, deg C]
# name 2 = c0S/m: Conductivity [S/m]
# name 3 = sal00: Salinity, Practical [PSU]
# name 4 = scan: Scan Count
# name 5 = timeM: Time, Elapsed [minutes]
# name 6 = sbeox0V: Oxygen raw, SBE 43 [V]
# name 7 = flag:  0.000e+00
# span 0 =     -0.003,     23.290                 
# span 1 =     8.9827,    17.1064                 
# span 2 =   0.101036,   4.145395                 
# span 3 =     0.6044,    34.7483                 
# span 4 =         11,       1136                 
# span 5 =     0.0417,     4.7292                 
# span 6 =     2.1446,     3.0128                 
# span 7 = 0.0000e+00, 0.0000e+00                 
# interval = seconds: 0.25
# start_time = Nov 02 2023 00:44:35 [System UTC, header]
# bad_flag = -9.990e-29
*END*
      0.313     8.9827   0.585005     4.6985         11     0.0417     3.0128  0.000e+00
      0.563     8.9984   3.424353    31.9736         12     0.0458     3.0008  0.000e+00
      0.759     9.1906   3.708514    34.7483         13     0.0500     2.9824  0.000e+00
      0.746    10.0431   3.529827    32.1191         14     0.0542     2.9606  0.000e+00
      0.728    11.9609   3.859049    33.6631         15     0.0583     2.9350  0.000e+00
      0.599    13.5545   3.562951    29.5299         16     0.0625     2.9075  0.000e+00
      0.471    14.6880   0.926547     6.6069         17     0.0667     2.8848  0.000e+00
      0.428    15.2866   2.862261    22.1722         18     0.0708     2.8628  0.000e+00
      0.505    15.0677   0.890068     6.2667         19     0.0750     2.8445  0.000e+00
      0.579    14.1487   2.755621    21.8935         20     0.0792     2.8224  0.000e+00
      0.615    13.3185   2.884574    23.5260         21     0.0833     2.8007  0.000e+00
      0.593    13.0991   3.063571    25.2856         22     0.0875     2.7877  0.000e+00
      0.538    13.5737   3.997366    33.5457         23     0.0917     2.7759  0.000e+00
      0.457    14.4854   4.048771    33.2302         24     0.0958     2.7625  0.000e+00
      0.277    15.4086   4.098306    32.8967         25     0.1000     2.7566  0.000e+00
      0.060    16.0764   4.107273    32.4242         26     0.1042     2.7546  0.000e+00
      0.011    16.4678   1.353475     9.5101         27     0.1083     2.7898  0.000e+00
      0.009    16.6334   0.486543     3.1569         28     0.1125     2.8286  0.000e+00
      0.011    16.6569   0.381953     2.4389         29     0.1167     2.8195  0.000e+00
      0.011    16.6334   0.320815     2.0281         30     0.1208     2.8063  0.000e+00
      0.008    16.5949   0.276661     1.7356         31     0.1250     2.7938  0.000e+00
      0.009    16.5505   0.245359     1.5305         32     0.1292     2.7785  0.000e+00
      0.009    16.4914   0.223813     1.3911         33     0.1333     2.7617  0.000e+00
      0.009    16.4098   0.202802     1.2564         34     0.1375     2.7419  0.000e+00
      0.015    16.3232   0.180606     1.1146         35     0.1417     2.7228  0.000e+00
      0.017    16.2526   0.163793     1.0076         36     0.1458     2.7097  0.000e+00
      0.013    16.1866   0.153013     0.9396         37     0.1500     2.6948  0.000e+00
      0.013    16.1223   0.145967     0.8957         38     0.1542     2.6805  0.000e+00
      0.004    16.0557   0.144655     0.8888         39     0.1583     2.6622  0.000e+00
      0.011    15.9548   1.026751     7.1473         40     0.1625     2.6471  0.000e+00
      0.184    15.8142   3.424511    26.6681         41     0.1667     2.6338  0.000e+00
      0.333    15.4933   3.513651    27.6617         42     0.1708     2.6244  0.000e+00
      0.430    15.2235   3.901957    31.2917         43     0.1750     2.6201  0.000e+00
      0.477    15.3314   4.042994    32.4654         44     0.1792     2.6178  0.000e+00
      0.424    15.7057   4.072084    32.4164         45     0.1833     2.6164  0.000e+00
      0.293    16.1724   4.081834    32.1225         46     0.1875     2.6123  0.000e+00
      0.223    16.4949   3.866687    29.9988         47     0.1917     2.6108  0.000e+00
      0.236    16.6662   4.049075    31.4439         48     0.1958     2.6136  0.000e+00
      0.230    16.7647   4.092944    31.7459         49     0.2000     2.6162  0.000e+00
      0.194    16.8336   4.110042    31.8392         50     0.2042     2.6298  0.000e+00
      0.020    16.8869   2.683558    19.8435         51     0.2083     2.6599  0.000e+00
      0.004    16.9217   0.658179     4.3285         52     0.2125     2.6788  0.000e+00
      0.004    16.9086   0.441628     2.8284         53     0.2167     2.6919  0.000e+00
      0.006    16.8759   0.345787     2.1828         54     0.2208     2.6948  0.000e+00
      0.011    16.8423   0.303089     1.8999         55     0.2250     2.6986  0.000e+00
      0.006    16.8049   0.267516     1.6664         56     0.2292     2.6927  0.000e+00
      0.008    16.7686   0.236298     1.4631         57     0.2333     2.6819  0.000e+00
     -0.001    16.7289   0.217685     1.3432         58     0.2375     2.6658  0.000e+00
      0.000    16.6629   0.926270     6.2855         59     0.2417     2.6480  0.000e+00
      0.004    16.5760   3.787888    29.2606         60     0.2458     2.6265  0.000e+00
      0.069    16.5351   3.904579    30.2957         61     0.2500     2.6080  0.000e+00
      0.042    16.5054   3.977883    30.9526         62     0.2542     2.6011  0.000e+00
      0.018    16.5406   3.642102    28.0373         63     0.2583     2.5978  0.000e+00
      0.013    16.6305   0.624684     4.1226         64     0.2625     2.5949  0.000e+00
      0.015    16.6551   0.380609     2.4299         65     0.2667     2.6001  0.000e+00
     -0.003    16.6290   0.174931     1.0697         66     0.2708     2.6064  0.000e+00
     -0.001    16.5886   0.147530     0.8955         67     0.2750     2.6117  0.000e+00
      0.002    16.5376   0.133844     0.8097         68     0.2792     2.6217  0.000e+00
      0.002    16.4878   0.101036     0.6044         69     0.2833     2.6275  0.000e+00
      0.002    16.4403   0.269606     1.6953         70     0.2875     2.6311  0.000e+00
     -0.001    16.3970   0.241806     1.5128         71     0.2917     2.6295  0.000e+00
     -0.003    16.3506   0.221931     1.3836         72     0.2958     2.6243  0.000e+00
     -0.003    16.2962   0.210829     1.3125         73     0.3000     2.6156  0.000e+00
     -0.003    16.2288   0.195531     1.2144         74     0.3042     2.6086  0.000e+00
      0.018    16.1785   1.487403    10.6098         75     0.3083     2.6007  0.000e+00
      0.230    16.1066   3.947492    30.9977         76     0.3125     2.5934  0.000e+00
      0.480    15.8837   3.936091    31.0720         77     0.3167     2.5867  0.000e+00
      0.692    15.5877   3.933669    31.2840         78     0.3208     2.5850  0.000e+00
      0.847    15.3518   3.939684    31.5256         79     0.3250     2.5869  0.000e+00
      0.980    15.2221   3.936790    31.6039         80     0.3292     2.5870  0.000e+00
      1.100    15.1806   3.936563    31.6354         81     0.3333     2.5817  0.000e+00
      1.220    15.2368   3.968329    31.8741         82     0.3375     2.5766  0.000e+00
      1.344    15.4815   4.024525    32.1766         83     0.3417     2.5703  0.000e+00
      1.413    15.8018   4.064282    32.2682         84     0.3458     2.5638  0.000e+00
      1.445    16.1019   4.074514    32.1147         85     0.3500     2.5571  0.000e+00
      1.521    16.3469   4.038300    31.6015         86     0.3542     2.5489  0.000e+00
      1.628    16.5084   3.990452    31.0587         87     0.3583     2.5439  0.000e+00
      1.747    16.5871   3.973284    30.8491         88     0.3625     2.5442  0.000e+00
      1.875    16.5401   3.969667    30.8540         89     0.3667     2.5437  0.000e+00
      1.979    16.4789   3.994779    31.1190         90     0.3708     2.5416  0.000e+00
      2.085    16.3737   4.014181    31.3700         91     0.3750     2.5354  0.000e+00
      2.151    16.3348   4.045825    31.6766         92     0.3792     2.5304  0.000e+00
      2.196    16.4163   4.073958    31.8570         93     0.3833     2.5241  0.000e+00
      2.236    16.5383   4.079702    31.8099         94     0.3875     2.5146  0.000e+00
      2.254    16.6471   4.064412    31.5910         95     0.3917     2.5060  0.000e+00
      2.279    16.7226   4.014867    31.1035         96     0.3958     2.4932  0.000e+00
      2.320    16.7694   3.991621    30.8669         97     0.4000     2.4782  0.000e+00
      2.385    16.6907   3.981191    30.8375         98     0.4042     2.4635  0.000e+00
      2.468    16.4332   3.986103    31.0791         99     0.4083     2.4499  0.000e+00
      2.568    16.1478   3.992030    31.3542        100     0.4125     2.4355  0.000e+00
      2.694    15.9379   3.992575    31.5251        101     0.4167     2.4227  0.000e+00
      2.838    15.8212   3.990601    31.6007        102     0.4208     2.4128  0.000e+00
      2.976    15.7514   3.987404    31.6281        103     0.4250     2.4034  0.000e+00
      3.111    15.7085   3.985431    31.6451        104     0.4292     2.3921  0.000e+00
      3.235    15.6811   3.987335    31.6838        105     0.4333     2.3797  0.000e+00
      3.343    15.6600   3.990775    31.7312        106     0.4375     2.3685  0.000e+00
      3.431    15.6461   3.999865    31.8229        107     0.4417     2.3576  0.000e+00
      3.483    15.6598   4.003781    31.8466        108     0.4458     2.3455  0.000e+00
      3.515    15.7493   4.025251    31.9645        109     0.4500     2.3320  0.000e+00
      3.522    15.9376   4.062310    32.1395        110     0.4542     2.3204  0.000e+00
      3.530    16.1616   4.085900    32.1657        111     0.4583     2.3076  0.000e+00
      3.528    16.3754   4.092725    32.0532        112     0.4625     2.2967  0.000e+00
      3.551    16.5466   4.090908    31.9002        113     0.4667     2.2918  0.000e+00
      3.582    16.6694   4.087586    31.7738        114     0.4708     2.2943  0.000e+00
      3.614    16.7484   4.083693    31.6776        115     0.4750     2.3052  0.000e+00
      3.648    16.7958   4.075836    31.5723        116     0.4792     2.3129  0.000e+00
      3.700    16.8193   4.044436    31.2829        117     0.4833     2.3201  0.000e+00
      3.765    16.8274   4.028805    31.1419        118     0.4875     2.3254  0.000e+00
      3.828    16.8401   4.020916    31.0641        119     0.4917     2.3304  0.000e+00
      3.887    16.7751   4.017473    31.0848        120     0.4958     2.3342  0.000e+00
      3.936    16.6815   4.015481    31.1401        121     0.5000     2.3352  0.000e+00
      3.975    16.5380   4.015151    31.2490        122     0.5042     2.3356  0.000e+00
      4.024    16.4047   4.018404    31.3816        123     0.5083     2.3332  0.000e+00
      4.090    16.3061   4.019306    31.4671        124     0.5125     2.3323  0.000e+00
      4.151    16.2335   4.006536    31.4129        125     0.5167     2.3302  0.000e+00
      4.243    16.1340   3.995893    31.3983        126     0.5208     2.3272  0.000e+00
      4.362    15.9760   3.990810    31.4787        127     0.5250     2.3223  0.000e+00
      4.498    15.8324   3.984819    31.5401        128     0.5292     2.3176  0.000e+00
      4.656    15.7257   3.980071    31.5833        129     0.5333     2.3120  0.000e+00
      4.816    15.6432   3.976656    31.6190        130     0.5375     2.3033  0.000e+00
      4.969    15.5801   3.974080    31.6467        131     0.5417     2.2942  0.000e+00
      5.107    15.5416   3.979775    31.7281        132     0.5458     2.2854  0.000e+00
      5.213    15.5259   3.992677    31.8555        133     0.5500     2.2758  0.000e+00
      5.307    15.5262   4.000760    31.9271        134     0.5542     2.2663  0.000e+00
      5.371    15.5610   4.009290    31.9747        135     0.5583     2.2573  0.000e+00
      5.388    15.7241   4.058945    32.2829        136     0.5625     2.2503  0.000e+00
      5.357    16.0123   4.100974    32.4191        137     0.5667     2.2470  0.000e+00
      5.301    16.3373   4.121458    32.3345        138     0.5708     2.2457  0.000e+00
      5.228    16.6034   4.127661    32.1738        139     0.5750     2.2585  0.000e+00
      5.141    16.7848   4.129118    32.0412        140     0.5792     2.2879  0.000e+00
      5.044    16.8971   4.130099    31.9603        141     0.5833     2.3263  0.000e+00
      4.935    16.9624   4.129607    31.9042        142     0.5875     2.3718  0.000e+00
      4.832    17.0015   4.128307    31.8622        143     0.5917     2.4186  0.000e+00
      4.766    17.0218   4.125123    31.8187        144     0.5958     2.4591  0.000e+00
      4.764    17.0333   4.115608    31.7278        145     0.6000     2.4916  0.000e+00
      4.845    17.0380   4.109313    31.6700        146     0.6042     2.5155  0.000e+00
      4.983    17.0294   4.111944    31.6993        147     0.6083     2.5263  0.000e+00
      5.158    16.9873   4.110752    31.7221        148     0.6125     2.5277  0.000e+00
      5.346    16.9459   4.107509    31.7268        149     0.6167     2.5242  0.000e+00
      5.542    16.9175   4.103172    31.7116        150     0.6208     2.5167  0.000e+00
      5.735    16.8958   4.097896    31.6832        151     0.6250     2.5081  0.000e+00
      5.923    16.8766   4.100305    31.7191        152     0.6292     2.4964  0.000e+00
      6.106    16.8603   4.103688    31.7610        153     0.6333     2.4839  0.000e+00
      6.281    16.8612   4.111457    31.8273        154     0.6375     2.4692  0.000e+00
      6.426    16.8796   4.120025    31.8867        155     0.6417     2.4549  0.000e+00
      6.540    16.9069   4.123259    31.8929        156     0.6458     2.4453  0.000e+00
      6.626    16.9395   4.124266    31.8757        157     0.6500     2.4406  0.000e+00
      6.671    16.9681   4.123529    31.8468        158     0.6542     2.4420  0.000e+00
      6.696    16.9961   4.123277    31.8224        159     0.6583     2.4496  0.000e+00
      6.710    17.0170   4.120572    31.7826        160     0.6625     2.4597  0.000e+00
      6.735    17.0293   4.121966    31.7849        161     0.6667     2.4672  0.000e+00
      6.761    17.0353   4.122089    31.7813        162     0.6708     2.4713  0.000e+00
      6.789    17.0361   4.120055    31.7631        163     0.6750     2.4756  0.000e+00
      6.827    17.0376   4.113338    31.7041        164     0.6792     2.4753  0.000e+00
      6.867    17.0410   4.100445    31.5907        165     0.6833     2.4755  0.000e+00
      6.915    17.0409   4.097972    31.5695        166     0.6875     2.4699  0.000e+00
      6.978    17.0126   4.096922    31.5826        167     0.6917     2.4617  0.000e+00
      7.052    16.9455   4.097219    31.6378        168     0.6958     2.4500  0.000e+00
      7.125    16.8823   4.096705    31.6831        169     0.7000     2.4365  0.000e+00
      7.197    16.8332   4.094948    31.7066        170     0.7042     2.4237  0.000e+00
      7.267    16.8009   4.092798    31.7135        171     0.7083     2.4131  0.000e+00
      7.341    16.7793   4.091221    31.7169        172     0.7125     2.4041  0.000e+00
      7.420    16.7605   4.090379    31.7245        173     0.7167     2.3954  0.000e+00
      7.497    16.7425   4.089478    31.7309        174     0.7208     2.3851  0.000e+00
      7.569    16.7310   4.088802    31.7341        175     0.7250     2.3727  0.000e+00
      7.637    16.7204   4.088217    31.7374        176     0.7292     2.3580  0.000e+00
      7.704    16.7041   4.087008    31.7398        177     0.7333     2.3429  0.000e+00
      7.776    16.6869   4.086435    31.7484        178     0.7375     2.3274  0.000e+00
      7.844    16.6720   4.085484    31.7520        179     0.7417     2.3098  0.000e+00
      7.916    16.6638   4.084660    31.7513        180     0.7458     2.2940  0.000e+00
      7.999    16.6544   4.083670    31.7501        181     0.7500     2.2769  0.000e+00
      8.090    16.6408   4.082847    31.7537        182     0.7542     2.2618  0.000e+00
      8.193    16.6283   4.082680    31.7621        183     0.7583     2.2457  0.000e+00
      8.311    16.6163   4.083330    31.7772        184     0.7625     2.2316  0.000e+00
      8.441    16.6070   4.085195    31.8008        185     0.7667     2.2157  0.000e+00
      8.583    16.5990   4.086623    31.8195        186     0.7708     2.2022  0.000e+00
      8.723    16.5989   4.086238    31.8162        187     0.7750     2.1917  0.000e+00
      8.870    16.5961   4.085170    31.8090        188     0.7792     2.1807  0.000e+00
      9.009    16.5857   4.083987    31.8070        189     0.7833     2.1732  0.000e+00
