PC2305/sbe001.cnv
* Sea-Bird SBE 19plus V2 Data File:
* FileName = C:\cruise\data\sbe001.hex
* Software Version Seasave V 7.26.7.121
* Temperature SN = 7142
* Conductivity SN = 7142
* System UpLoad Time = Oct 27 2023 13:45:42
** Cruise: PC2205
** Program: ECOMON
# nquan = 8
# nvalues = 2111                                  
# units = specified
# name 0 = depSM: Depth [salt water, m], lat = 40.00
# name 1 = tv290C: Temperature [ITS-90, deg C]
# name 2 = c0S/m: Conductivity [S/m]
# name 3 = sal00: Salinity, Practical [PSU]
# name 4 = scan: Scan Count
# name 5 = timeM: Time, Elapsed [minutes]
# name 6 = sbeox0V: Oxygen raw, SBE 43 [V]
# name 7 = flag:  0.000e+00
# span 0 =     -0.038,     34.409                 
# span 1 =    15.3856,    16.9998                 
# span 2 =  -0.000008,   4.005147                 
# span 3 =     0.0000,    31.8995                 
# span 4 =         11,       2121                 
# span 5 =     0.0417,     8.8333                 
# span 6 =     2.2067,     3.0497                 
# span 7 = 0.0000e+00, 0.0000e+00                 
# interval = seconds: 0.25
# start_time = Oct 27 2023 13:45:42 [System UTC, header]
# bad_flag = -9.990e-29
*END*
[from data line 1259]
     12.362    15.8172   3.988414    31.5810       1270     5.2875     2.8762  0.000e+00
     12.331    15.8173   3.988509    31.5818       1271     5.2917     2.8789  0.000e+00
     12.290    15.8177   3.988534    31.5817       1272     5.2958     2.8793  0.000e+00
     12.267    15.8181   3.988605    31.5820       1273     5.3000     2.8812  0.000e+00
     12.229    15.8188   3.988649    31.5820       1274     5.3042     2.8816  0.000e+00
     12.195    15.8191   3.988700    31.5822       1275     5.3083     2.8827  0.000e+00
     12.171    15.8198   3.988700    31.5816       1276     5.3125     2.8832  0.000e+00
     12.146    15.8200   3.988745    31.5818       1277     5.3167     2.8838  0.000e+00
     12.105    15.8205   3.988745    31.5814       1278     5.3208     2.8845  0.000e+00
     12.067    15.8209   3.988745    31.5811       1279     5.3250     2.8837  0.000e+00
     12.029    15.8214   3.988745    31.5808       1280     5.3292     2.8851  0.000e+00
     12.008    15.8215   3.988732    31.5806       1281     5.3333     2.8844  0.000e+00
     11.975    15.8218   3.988745    31.5804       1282     5.3375     2.8843  0.000e+00
     11.947    15.8222   3.988770    31.5804       1283     5.3417     2.8849  0.000e+00
     11.920    15.8225   3.988840    31.5808       1284     5.3458     2.8855  0.000e+00
     11.873    15.8231   3.988955    31.5813       1285     5.3500     2.8859  0.000e+00
     11.857    15.8245   3.989006    31.5806       1286     5.3542     2.8884  0.000e+00
     11.808    15.8257   3.989050    31.5801       1287     5.3583     2.8910  0.000e+00
     11.803    15.8268   3.989095    31.5796       1288     5.3625     2.8912  0.000e+00
     11.751    15.8274   3.989006    31.5784       1289     5.3667     2.8926  0.000e+00
     11.717    15.8279   3.989050    31.5784       1290     5.3708     2.8946  0.000e+00
     11.699    15.8281   3.989095    31.5786       1291     5.3750     2.8963  0.000e+00
     11.661    15.8283   3.989146    31.5789       1292     5.3792     2.8971  0.000e+00
     11.652    15.8286   3.989120    31.5785       1293     5.3833     2.8970  0.000e+00
     11.625    15.8290   3.989076    31.5778       1294     5.3875     2.8958  0.000e+00
     11.600    15.8291   3.989050    31.5775       1295     5.3917     2.8941  0.000e+00
     11.571    15.8288   3.989050    31.5777       1296     5.3958     2.8941  0.000e+00
     11.555    15.8287   3.988980    31.5772       1297     5.4000     2.8940  0.000e+00
     11.548    15.8286   3.988910    31.5767       1298     5.4042     2.8943  0.000e+00
     11.505    15.8283   3.988884    31.5766       1299     5.4083     2.8950  0.000e+00
     11.478    15.8280   3.988878    31.5768       1300     5.4125     2.8948  0.000e+00
     11.442    15.8279   3.988910    31.5773       1301     5.4167     2.8959  0.000e+00
     11.420    15.8279   3.988910    31.5773       1302     5.4208     2.8959  0.000e+00
     11.368    15.8279   3.988935    31.5775       1303     5.4250     2.8954  0.000e+00
     11.341    15.8279   3.988935    31.5775       1304     5.4292     2.8961  0.000e+00
     11.325    15.8281   3.988935    31.5773       1305     5.4333     2.8977  0.000e+00
     11.305    15.8283   3.988935    31.5772       1306     5.4375     2.8984  0.000e+00
     11.269    15.8284   3.988954    31.5773       1307     5.4417     2.8990  0.000e+00
     11.264    15.8286   3.988980    31.5774       1308     5.4458     2.9006  0.000e+00
     11.242    15.8287   3.989024    31.5777       1309     5.4500     2.9013  0.000e+00
     11.214    15.8291   3.989075    31.5778       1310     5.4542     2.9020  0.000e+00
     11.187    15.8294   3.989094    31.5778       1311     5.4583     2.9013  0.000e+00
     11.172    15.8299   3.989094    31.5774       1312     5.4625     2.9009  0.000e+00
     11.161    15.8300   3.989120    31.5775       1313     5.4667     2.9011  0.000e+00
     11.142    15.8303   3.989171    31.5777       1314     5.4708     2.8996  0.000e+00
     11.118    15.8306   3.989241    31.5782       1315     5.4750     2.8989  0.000e+00
     11.072    15.8310   3.989260    31.5780       1316     5.4792     2.8983  0.000e+00
     11.052    15.8315   3.989285    31.5778       1317     5.4833     2.8983  0.000e+00
     11.025    15.8318   3.989311    31.5778       1318     5.4875     2.8985  0.000e+00
     10.960    15.8322   3.989324    31.5777       1319     5.4917     2.8990  0.000e+00
     10.928    15.8325   3.989330    31.5775       1320     5.4958     2.8983  0.000e+00
     10.888    15.8325   3.989330    31.5775       1321     5.5000     2.8977  0.000e+00
     10.856    15.8329   3.989381    31.5776       1322     5.5042     2.8989  0.000e+00
     10.820    15.8329   3.989400    31.5778       1323     5.5083     2.8996  0.000e+00
     10.786    15.8333   3.989425    31.5777       1324     5.5125     2.9014  0.000e+00
     10.768    15.8337   3.989425    31.5774       1325     5.5167     2.9029  0.000e+00
     10.745    15.8338   3.989381    31.5769       1326     5.5208     2.9035  0.000e+00
     10.709    15.8341   3.989355    31.5765       1327     5.5250     2.9032  0.000e+00
     10.709    15.8341   3.989330    31.5762       1328     5.5292     2.9028  0.000e+00
     10.674    15.8340   3.989374    31.5768       1329     5.5333     2.9031  0.000e+00
     10.658    15.8341   3.989381    31.5768       1330     5.5375     2.9024  0.000e+00
     10.655    15.8341   3.989400    31.5769       1331     5.5417     2.9021  0.000e+00
     10.615    15.8342   3.989400    31.5768       1332     5.5458     2.9014  0.000e+00
     10.585    15.8344   3.989381    31.5765       1333     5.5500     2.9012  0.000e+00
     10.592    15.8342   3.989400    31.5768       1334     5.5542     2.9015  0.000e+00
     10.568    15.8340   3.989400    31.5770       1335     5.5583     2.9021  0.000e+00
     10.561    15.8339   3.989451    31.5776       1336     5.5625     2.9017  0.000e+00
     10.525    15.8342   3.989521    31.5779       1337     5.5667     2.9028  0.000e+00
     10.491    15.8347   3.989521    31.5776       1338     5.5708     2.9028  0.000e+00
     10.466    15.8350   3.989597    31.5780       1339     5.5750     2.9051  0.000e+00
     10.437    15.8356   3.989591    31.5775       1340     5.5792     2.9063  0.000e+00
     10.419    15.8356   3.989661    31.5781       1341     5.5833     2.9054  0.000e+00
     10.400    15.8360   3.989706    31.5782       1342     5.5875     2.9061  0.000e+00
     10.365    15.8366   3.989852    31.5790       1343     5.5917     2.9060  0.000e+00
     10.346    15.8373   3.989897    31.5788       1344     5.5958     2.9065  0.000e+00
     10.313    15.8380   3.989871    31.5781       1345     5.6000     2.9070  0.000e+00
     10.297    15.8383   3.989801    31.5773       1346     5.6042     2.9067  0.000e+00
     10.274    15.8383   3.989756    31.5768       1347     5.6083     2.9067  0.000e+00
     10.249    15.8379   3.989756    31.5771       1348     5.6125     2.9080  0.000e+00
     10.236    15.8375   3.989769    31.5776       1349     5.6167     2.9079  0.000e+00
     10.218    15.8374   3.989827    31.5782       1350     5.6208     2.9084  0.000e+00
     10.202    15.8373   3.989827    31.5783       1351     5.6250     2.9086  0.000e+00
     10.175    15.8374   3.989871    31.5786       1352     5.6292     2.9061  0.000e+00
     10.168    15.8377   3.989897    31.5786       1353     5.6333     2.9063  0.000e+00
     10.148    15.8379   3.989852    31.5780       1354     5.6375     2.9050  0.000e+00
     10.150    15.8379   3.989852    31.5780       1355     5.6417     2.9062  0.000e+00
     10.125    15.8378   3.989852    31.5781       1356     5.6458     2.9065  0.000e+00
     10.128    15.8378   3.989871    31.5783       1357     5.6500     2.9074  0.000e+00
     10.101    15.8375   3.989871    31.5785       1358     5.6542     2.9067  0.000e+00
     10.099    15.8377   3.989967    31.5792       1359     5.6583     2.9057  0.000e+00
     10.069    15.8379   3.990011    31.5794       1360     5.6625     2.9065  0.000e+00
     10.060    15.8385   3.990107    31.5798       1361     5.6667     2.9072  0.000e+00
     10.062    15.8392   3.990132    31.5795       1362     5.6708     2.9067  0.000e+00
     10.053    15.8395   3.990177    31.5796       1363     5.6750     2.9083  0.000e+00
     10.020    15.8400   3.990202    31.5795       1364     5.6792     2.9099  0.000e+00
     10.010    15.8404   3.990158    31.5788       1365     5.6833     2.9114  0.000e+00
      9.992    15.8407   3.990158    31.5786       1366     5.6875     2.9130  0.000e+00
      9.972    15.8406   3.990107    31.5782       1367     5.6917     2.9128  0.000e+00
      9.949    15.8403   3.990088    31.5783       1368     5.6958     2.9128  0.000e+00
      9.922    15.8402   3.990062    31.5782       1369     5.7000     2.9138  0.000e+00
      9.911    15.8398   3.990037    31.5782       1370     5.7042     2.9141  0.000e+00
      9.864    15.8397   3.990062    31.5786       1371     5.7083     2.9143  0.000e+00
      9.837    15.8397   3.990062    31.5786       1372     5.7125     2.9135  0.000e+00
      9.803    15.8396   3.990107    31.5791       1373     5.7167     2.9144  0.000e+00
      9.780    15.8396   3.990158    31.5795       1374     5.7208     2.9138  0.000e+00
      9.751    15.8399   3.990177    31.5794       1375     5.7250     2.9131  0.000e+00
      9.711    15.8402   3.990132    31.5788       1376     5.7292     2.9128  0.000e+00
      9.675    15.8402   3.990087    31.5785       1377     5.7333     2.9131  0.000e+00
      9.641    15.8401   3.990011    31.5779       1378     5.7375     2.9127  0.000e+00
      9.593    15.8398   3.990036    31.5784       1379     5.7417     2.9135  0.000e+00
      9.557    15.8395   3.989992    31.5783       1380     5.7458     2.9129  0.000e+00
      9.528    15.8392   3.989941    31.5780       1381     5.7500     2.9132  0.000e+00
      9.487    15.8389   3.989941    31.5783       1382     5.7542     2.9137  0.000e+00
      9.472    15.8387   3.989922    31.5783       1383     5.7583     2.9119  0.000e+00
      9.440    15.8382   3.989922    31.5787       1384     5.7625     2.9109  0.000e+00
      9.433    15.8383   3.989922    31.5786       1385     5.7667     2.9112  0.000e+00
      9.397    15.8379   3.989941    31.5791       1386     5.7708     2.9109  0.000e+00
      9.402    15.8380   3.989966    31.5792       1387     5.7750     2.9106  0.000e+00
      9.370    15.8380   3.989966    31.5792       1388     5.7792     2.9106  0.000e+00
      9.375    15.8380   3.989985    31.5794       1389     5.7833     2.9096  0.000e+00
      9.379    15.8379   3.989992    31.5795       1390     5.7875     2.9097  0.000e+00
      9.368    15.8378   3.989922    31.5790       1391     5.7917     2.9094  0.000e+00
      9.352    15.8377   3.989992    31.5797       1392     5.7958     2.9102  0.000e+00
      9.357    15.8378   3.990036    31.5801       1393     5.8000     2.9104  0.000e+00
      9.355    15.8379   3.990106    31.5806       1394     5.8042     2.9117  0.000e+00
      9.361    15.8382   3.990157    31.5808       1395     5.8083     2.9106  0.000e+00
      9.368    15.8386   3.990202    31.5809       1396     5.8125     2.9111  0.000e+00
      9.364    15.8392   3.990228    31.5806       1397     5.8167     2.9109  0.000e+00
      9.365    15.8395   3.990247    31.5806       1398     5.8208     2.9116  0.000e+00
      9.352    15.8399   3.990285    31.5805       1399     5.8250     2.9118  0.000e+00
      9.352    15.8402   3.990298    31.5804       1400     5.8292     2.9121  0.000e+00
      9.339    15.8406   3.990317    31.5803       1401     5.8333     2.9124  0.000e+00
      9.330    15.8410   3.990412    31.5808       1402     5.8375     2.9120  0.000e+00
      9.327    15.8415   3.990533    31.5815       1403     5.8417     2.9122  0.000e+00
      9.303    15.8421   3.990552    31.5812       1404     5.8458     2.9123  0.000e+00
      9.296    15.8426   3.990533    31.5806       1405     5.8500     2.9117  0.000e+00
      9.267    15.8429   3.990603    31.5810       1406     5.8542     2.9110  0.000e+00
      9.269    15.8433   3.990578    31.5805       1407     5.8583     2.9099  0.000e+00
      9.255    15.8435   3.990648    31.5809       1408     5.8625     2.9105  0.000e+00
      9.228    15.8437   3.990750    31.5816       1409     5.8667     2.9115  0.000e+00
      9.210    15.8443   3.990769    31.5814       1410     5.8708     2.9131  0.000e+00
      9.179    15.8448   3.990699    31.5803       1411     5.8750     2.9154  0.000e+00
      9.167    15.8446   3.990622    31.5799       1412     5.8792     2.9159  0.000e+00
      9.151    15.8444   3.990622    31.5800       1413     5.8833     2.9167  0.000e+00
      9.117    15.8441   3.990648    31.5805       1414     5.8875     2.9172  0.000e+00
      9.095    15.8441   3.990718    31.5812       1415     5.8917     2.9173  0.000e+00
      9.064    15.8444   3.990769    31.5814       1416     5.8958     2.9160  0.000e+00
      9.032    15.8446   3.990813    31.5816       1417     5.9000     2.9152  0.000e+00
      9.016    15.8450   3.990839    31.5815       1418     5.9042     2.9151  0.000e+00
      9.000    15.8452   3.990839    31.5813       1419     5.9083     2.9157  0.000e+00
      8.976    15.8455   3.990826    31.5810       1420     5.9125     2.9161  0.000e+00
      8.957    15.8456   3.990788    31.5806       1421     5.9167     2.9167  0.000e+00
      8.949    15.8456   3.990578    31.5787       1422     5.9208     2.9164  0.000e+00
      8.939    15.8448   3.990482    31.5785       1423     5.9250     2.9164  0.000e+00
      8.921    15.8438   3.990482    31.5793       1424     5.9292     2.9177  0.000e+00
      8.926    15.8431   3.990648    31.5814       1425     5.9333     2.9180  0.000e+00
      8.924    15.8429   3.990743    31.5823       1426     5.9375     2.9181  0.000e+00
      8.912    15.8436   3.990718    31.5816       1427     5.9417     2.9168  0.000e+00
      8.910    15.8441   3.990699    31.5811       1428     5.9458     2.9175  0.000e+00
      8.912    15.8441   3.990673    31.5808       1429     5.9500     2.9175  0.000e+00
      8.904    15.8441   3.990603    31.5802       1430     5.9542     2.9184  0.000e+00
      8.921    15.8437   3.990603    31.5805       1431     5.9583     2.9188  0.000e+00
      8.910    15.8434   3.990552    31.5803       1432     5.9625     2.9184  0.000e+00
      8.913    15.8432   3.990533    31.5803       1433     5.9667     2.9184  0.000e+00
      8.885    15.8430   3.990533    31.5804       1434     5.9708     2.9181  0.000e+00
      8.890    15.8426   3.990533    31.5807       1435     5.9750     2.9181  0.000e+00
      8.878    15.8425   3.990508    31.5806       1436     5.9792     2.9176  0.000e+00
      8.870    15.8424   3.990508    31.5807       1437     5.9833     2.9177  0.000e+00
      8.865    15.8422   3.990578    31.5815       1438     5.9875     2.9188  0.000e+00
      8.836    15.8424   3.990603    31.5816       1439     5.9917     2.9181  0.000e+00
      8.847    15.8428   3.990629    31.5815       1440     5.9958     2.9181  0.000e+00
      8.833    15.8431   3.990718    31.5820       1441     6.0000     2.9177  0.000e+00
      8.829    15.8436   3.990622    31.5808       1442     6.0042     2.9156  0.000e+00
      8.815    15.8442   3.990578    31.5799       1443     6.0083     2.9144  0.000e+00
      8.798    15.8437   3.990482    31.5794       1444     6.0125     2.9139  0.000e+00
      8.763    15.8433   3.990463    31.5796       1445     6.0167     2.9140  0.000e+00
      8.757    15.8427   3.990412    31.5797       1446     6.0208     2.9145  0.000e+00
      8.732    15.8422   3.990437    31.5803       1447     6.0250     2.9140  0.000e+00
      8.689    15.8418   3.990367    31.5800       1448     6.0292     2.9143  0.000e+00
