PC2305/sbe045.cnv
* Sea-Bird SBE 19plus V2 Data File:
* FileName = C:\cruise\data\sbe045.hex
* Software Version Seasave V 7.26.7.121
* Temperature SN = 7142
* Conductivity SN = 7142
* System UpLoad Time = Oct 31 2023 05:18:47
** Cruise: PC2205
** Program: ECOMON
# nquan = 8
# nvalues = 1267                                  
# units = specified
# name 0 = depSM: Depth [salt water, m], lat = 40.00
# name 1 = tv290C: Temperature [ITS-90, deg C]
# name 2 = c0S/m: Conductivity [S/m]
# name 3 = sal00: Salinity, Practical [PSU]
# name 4 = scan: Scan Count
# name 5 = timeM: Time, Elapsed [minutes]
# name 6 = sbeox0V: Oxygen raw, SBE 43 [V]
# name 7 = flag:  0.000e+00
# span 0 =     -0.063,     39.234                 
# span 1 =    17.2143,    20.9552                 
# span 2 =   0.000071,   4.815495                 
# span 3 =     0.0088,    34.3968                 
# span 4 =         11,       1277                 
# span 5 =     0.0417,     5.3167                 
# span 6 =     2.3079,     3.0658                 
# span 7 = 0.0000e+00, 0.0000e+00                 
# interval = seconds: 0.25
# start_time = Oct 31 2023 05:18:47 [System UTC, header]
# bad_flag = -9.990e-29
*END*
     -0.063    17.2461   0.000090     0.0088         11     0.0417     3.0270  0.000e+00
     -0.058    17.2451   0.000090     0.0088         12     0.0458     3.0267  0.000e+00
     -0.054    17.2440   0.000087     0.0088         13     0.0500     3.0273  0.000e+00
     -0.053    17.2431   0.000096     0.0088         14     0.0542     3.0267  0.000e+00
     -0.049    17.2419   0.000090     0.0088         15     0.0583     3.0269  0.000e+00
     -0.054    17.2412   0.000099     0.0088         16     0.0625     3.0269  0.000e+00
     -0.053    17.2402   0.000090     0.0088         17     0.0667     3.0272  0.000e+00
     -0.053    17.2395   0.000093     0.0088         18     0.0708     3.0272  0.000e+00
     -0.054    17.2386   0.000090     0.0088         19     0.0750     3.0275  0.000e+00
     -0.056    17.2377   0.000090     0.0088         20     0.0792     3.0259  0.000e+00
     -0.054    17.2368   0.000087     0.0088         21     0.0833     3.0273  0.000e+00
     -0.056    17.2359   0.000090     0.0088         22     0.0875     3.0268  0.000e+00
     -0.054    17.2351   0.000093     0.0088         23     0.0917     3.0269  0.000e+00
     -0.058    17.2342   0.000090     0.0088         24     0.0958     3.0269  0.000e+00
     -0.058    17.2334   0.000090     0.0088         25     0.1000     3.0270  0.000e+00
     -0.062    17.2329   0.000093     0.0088         26     0.1042     3.0269  0.000e+00
     -0.063    17.2322   0.000096     0.0088         27     0.1083     3.0269  0.000e+00
     -0.056    17.2314   0.000087     0.0088         28     0.1125     3.0273  0.000e+00
     -0.056    17.2307   0.000090     0.0088         29     0.1167     3.0257  0.000e+00
     -0.060    17.2298   0.000090     0.0088         30     0.1208     3.0279  0.000e+00
     -0.054    17.2287   0.000087     0.0088         31     0.1250     3.0262  0.000e+00
     -0.049    17.2280   0.000090     0.0088         32     0.1292     3.0278  0.000e+00
     -0.047    17.2271   0.000087     0.0088         33     0.1333     3.0272  0.000e+00
     -0.045    17.2266   0.000090     0.0088         34     0.1375     3.0268  0.000e+00
     -0.049    17.2258   0.000090     0.0088         35     0.1417     3.0276  0.000e+00
     -0.049    17.2249   0.000087     0.0088         36     0.1458     3.0267  0.000e+00
     -0.054    17.2243   0.000090     0.0088         37     0.1500     3.0282  0.000e+00
     -0.056    17.2231   0.000090     0.0088         38     0.1542     3.0262  0.000e+00
     -0.049    17.2218   0.000087     0.0088         39     0.1583     3.0278  0.000e+00
     -0.045    17.2202   0.000090     0.0088         40     0.1625     3.0264  0.000e+00
     -0.042    17.2189   0.000087     0.0088         41     0.1667     3.0261  0.000e+00
     -0.049    17.2186   0.000090     0.0088         42     0.1708     3.0273  0.000e+00
     -0.060    17.2184   0.000090     0.0088         43     0.1750     3.0261  0.000e+00
     -0.054    17.2181   0.000082     0.0088         44     0.1792     3.0262  0.000e+00
     -0.051    17.2175   0.000096     0.0088         45     0.1833     3.0267  0.000e+00
     -0.054    17.2174   0.000093     0.0088         46     0.1875     3.0268  0.000e+00
     -0.058    17.2175   0.000085     0.0088         47     0.1917     3.0260  0.000e+00
     -0.058    17.2171   0.000085     0.0088         48     0.1958     3.0268  0.000e+00
     -0.054    17.2163   0.000087     0.0088         49     0.2000     3.0267  0.000e+00
     -0.053    17.2160   0.000090     0.0088         50     0.2042     3.0263  0.000e+00
     -0.056    17.2157   0.000087     0.0088         51     0.2083     3.0256  0.000e+00
     -0.051    17.2150   0.000090     0.0088         52     0.2125     3.0262  0.000e+00
     -0.049    17.2145   0.000090     0.0088         53     0.2167     3.0259  0.000e+00
     -0.047    17.2143   0.000093     0.0088         54     0.2208     3.0266  0.000e+00
      0.170    17.2152   0.000090     0.0088         55     0.2250     3.0345  0.000e+00
      0.447    17.2209   0.000071     0.0088         56     0.2292     3.0624  0.000e+00
      0.704    17.2883   0.723503     4.7473         57     0.2333     3.0658  0.000e+00
      0.966    17.8136   2.288268    16.2890         58     0.2375     3.0363  0.000e+00
      1.204    18.3800   2.053851    14.2777         59     0.2417     2.9916  0.000e+00
      1.390    18.6553   2.312979    16.1491         60     0.2458     2.9420  0.000e+00
      1.475    18.7705   3.830608    28.0741         61     0.2500     2.8908  0.000e+00
      1.487    18.8230   3.005726    21.4422         62     0.2542     2.8442  0.000e+00
      1.365    18.8976   4.035546    29.6585         63     0.2583     2.8012  0.000e+00
      1.187    19.1136   4.548609    33.7227         64     0.2625     2.7656  0.000e+00
      0.947    19.3555   4.554660    33.5772         65     0.2667     2.7407  0.000e+00
      0.724    19.5433   4.534997    33.2649         66     0.2708     2.7275  0.000e+00
      0.528    19.6632   3.905272    28.0759         67     0.2750     2.7177  0.000e+00
      0.384    19.7327   2.398103    16.3745         68     0.2792     2.7087  0.000e+00
      0.327    19.7266   4.510180    32.9170         69     0.2833     2.6952  0.000e+00
      0.357    19.6164   3.273989    23.1201         70     0.2875     2.6789  0.000e+00
      0.476    19.4822   4.348115    31.7825         71     0.2917     2.6692  0.000e+00
      0.659    19.3582   4.514422    33.2432         72     0.2958     2.6646  0.000e+00
      0.855    19.2574   4.517328    33.3477         73     0.3000     2.6542  0.000e+00
      1.009    19.1942   4.515444    33.3827         74     0.3042     2.6437  0.000e+00
      1.128    19.1618   4.515143    33.4063         75     0.3083     2.6313  0.000e+00
      1.204    19.1528   4.514633    33.4092         76     0.3125     2.6183  0.000e+00
      1.223    19.1577   4.512227    33.3854         77     0.3167     2.6042  0.000e+00
      1.196    19.1494   4.509532    33.3698         78     0.3208     2.5907  0.000e+00
      1.151    19.1284   4.510578    33.3953         79     0.3250     2.5741  0.000e+00
      1.110    19.1147   4.514553    33.4392         80     0.3292     2.5582  0.000e+00
      1.117    19.1143   4.516156    33.4529         81     0.3333     2.5429  0.000e+00
      1.130    19.1253   4.516679    33.4483         82     0.3375     2.5299  0.000e+00
      1.141    19.1593   4.516752    33.4216         83     0.3417     2.5205  0.000e+00
      1.151    19.1861   4.516517    33.3981         84     0.3458     2.5100  0.000e+00
      1.151    19.2093   4.516517    33.3795         85     0.3500     2.5027  0.000e+00
      1.150    19.2233   4.517355    33.3751         86     0.3542     2.4950  0.000e+00
      1.141    19.2313   4.516939    33.3653         87     0.3583     2.4957  0.000e+00
      1.123    19.2426   4.516443    33.3522         88     0.3625     2.4958  0.000e+00
      1.092    19.2436   4.516335    33.3504         89     0.3667     2.4924  0.000e+00
      1.062    19.2345   4.516020    33.3551         90     0.3708     2.4934  0.000e+00
      1.011    19.2288   4.510328    33.3127         91     0.3750     2.4878  0.000e+00
      0.956    19.2228   4.500762    33.2385         92     0.3792     2.4779  0.000e+00
      0.891    19.2123   4.499041    33.2327         93     0.3833     2.4643  0.000e+00
      0.805    19.2033   4.499771    33.2459         94     0.3875     2.4450  0.000e+00
      0.738    19.1916   4.510919    33.3475         95     0.3917     2.4254  0.000e+00
      0.717    19.1730   4.517228    33.4147         96     0.3958     2.4088  0.000e+00
      0.736    19.1790   4.519502    33.4286         97     0.4000     2.3959  0.000e+00
      0.794    19.2007   4.521313    33.4262         98     0.4042     2.3919  0.000e+00
      0.867    19.2223   4.521890    33.4136         99     0.4083     2.3908  0.000e+00
      0.948    19.2417   4.521272    33.3929        100     0.4125     2.3921  0.000e+00
      1.002    19.2610   4.519870    33.3658        101     0.4167     2.3941  0.000e+00
      1.024    19.2787   4.518642    33.3415        102     0.4208     2.3966  0.000e+00
      1.011    19.2853   4.517435    33.3262        103     0.4250     2.3952  0.000e+00
      0.988    19.2740   4.517254    33.3337        104     0.4292     2.3935  0.000e+00
      0.950    19.2705   4.517777    33.3408        105     0.4333     2.3907  0.000e+00
      0.921    19.2590   4.513143    33.3118        106     0.4375     2.3877  0.000e+00
      0.907    19.2532   4.512862    33.3142        107     0.4417     2.3863  0.000e+00
      0.884    19.2578   4.514082    33.3205        108     0.4458     2.3841  0.000e+00
      0.853    19.2566   4.512406    33.3077        109     0.4500     2.3786  0.000e+00
      0.796    19.2491   4.495733    33.1760        110     0.4542     2.3686  0.000e+00
      0.718    19.2409   4.496563    33.1894        111     0.4583     2.3587  0.000e+00
      0.636    19.2336   4.495131    33.1835        112     0.4625     2.3448  0.000e+00
      0.571    19.2333   4.500654    33.2293        113     0.4667     2.3308  0.000e+00
      0.549    19.2322   4.515235    33.3507        114     0.4708     2.3175  0.000e+00
      0.566    19.2113   4.517643    33.3874        115     0.4750     2.3085  0.000e+00
      0.627    19.2150   4.522151    33.4217        116     0.4792     2.3079  0.000e+00
      0.711    19.2433   4.523466    33.4098        117     0.4833     2.3091  0.000e+00
      0.821    19.2830   4.523566    33.3787        118     0.4875     2.3155  0.000e+00
      0.918    19.3122   4.523385    33.3538        119     0.4917     2.3306  0.000e+00
      0.995    19.3271   4.522546    33.3349        120     0.4958     2.3508  0.000e+00
      1.035    19.3233   4.521472    33.3291        121     0.5000     2.3767  0.000e+00
      1.042    19.3112   4.503084    33.1870        122     0.5042     2.3949  0.000e+00
      1.020    19.3083   4.508357    33.2329        123     0.5083     2.4072  0.000e+00
      0.993    19.3075   4.521171    33.3393        124     0.5125     2.4127  0.000e+00
      0.952    19.2952   4.511990    33.2734        125     0.5167     2.4158  0.000e+00
      0.882    19.2795   4.512982    33.2941        126     0.5208     2.4150  0.000e+00
      0.774    19.2966   4.536922    33.4781        127     0.5250     2.4089  0.000e+00
      0.632    19.3820   4.558099    33.5842        128     0.5292     2.4024  0.000e+00
      0.494    19.5108   4.560326    33.4991        129     0.5333     2.3992  0.000e+00
      0.398    19.6257   4.545944    33.2893        130     0.5375     2.4083  0.000e+00
      0.375    19.7027   4.536835    33.1537        131     0.5417     2.4298  0.000e+00
      0.418    19.7077   4.529151    33.0868        132     0.5458     2.4516  0.000e+00
      0.510    19.6495   4.522984    33.0823        133     0.5500     2.4671  0.000e+00
      0.596    19.5491   4.522985    33.1618        134     0.5542     2.4755  0.000e+00
      0.681    19.4433   4.524195    33.2558        135     0.5583     2.4834  0.000e+00
      0.744    19.3820   4.525444    33.3150        136     0.5625     2.4852  0.000e+00
      0.788    19.3539   4.513953    33.2428        137     0.5667     2.4865  0.000e+00
      0.821    19.3524   4.526612    33.3482        138     0.5708     2.4839  0.000e+00
      0.828    19.3548   4.527270    33.3518        139     0.5750     2.4781  0.000e+00
      0.815    19.3581   4.527505    33.3511        140     0.5792     2.4687  0.000e+00
      0.790    19.3618   4.527874    33.3511        141     0.5833     2.4620  0.000e+00
      0.747    19.3667   4.528921    33.3559        142     0.5875     2.4575  0.000e+00
      0.715    19.3722   4.530654    33.3658        143     0.5917     2.4556  0.000e+00
      0.715    19.3787   4.532104    33.3725        144     0.5958     2.4549  0.000e+00
      0.763    19.3904   4.533232    33.3725        145     0.6000     2.4535  0.000e+00
      0.824    19.4028   4.534602    33.3738        146     0.6042     2.4513  0.000e+00
      0.878    19.4181   4.535052    33.3653        147     0.6083     2.4510  0.000e+00
      0.889    19.4319   4.534548    33.3501        148     0.6125     2.4539  0.000e+00
      0.882    19.4405   4.533426    33.3340        149     0.6167     2.4560  0.000e+00
      0.850    19.4464   4.532049    33.3179        150     0.6208     2.4591  0.000e+00
      0.787    19.4476   4.531445    33.3120        151     0.6250     2.4619  0.000e+00
      0.708    19.4432   4.528215    33.2890        152     0.6292     2.4611  0.000e+00
      0.636    19.4330   4.524248    33.2645        153     0.6333     2.4607  0.000e+00
      0.544    19.4175   4.525484    33.2870        154     0.6375     2.4534  0.000e+00
      0.420    19.4331   4.537659    33.3749        155     0.6417     2.4424  0.000e+00
      0.262    19.5076   4.557700    33.4802        156     0.6458     2.4282  0.000e+00
      0.145    19.6013   4.566319    33.4760        157     0.6500     2.4139  0.000e+00
      0.071    19.6959   4.565624    33.3948        158     0.6542     2.4102  0.000e+00
      0.036    19.7620   4.552110    33.2317        159     0.6583     2.4236  0.000e+00
      0.088    19.7973   4.541114    33.1139        160     0.6625     2.4395  0.000e+00
      0.221    19.7677   4.536995    33.1036        161     0.6667     2.4500  0.000e+00
      0.388    19.6871   4.535807    33.1576        162     0.6708     2.4530  0.000e+00
      0.571    19.5979   4.534680    33.2190        163     0.6750     2.4570  0.000e+00
      0.736    19.5336   4.535259    33.2748        164     0.6792     2.4623  0.000e+00
      0.896    19.4926   4.536173    33.3149        165     0.6833     2.4668  0.000e+00
      1.002    19.4721   4.535629    33.3268        166     0.6875     2.4683  0.000e+00
      1.054    19.4599   4.534891    33.3304        167     0.6917     2.4665  0.000e+00
      1.044    19.4534   4.534367    33.3313        168     0.6958     2.4643  0.000e+00
      0.981    19.4514   4.535603    33.3431        169     0.7000     2.4601  0.000e+00
      0.857    19.4635   4.548442    33.4391        170     0.7042     2.4543  0.000e+00
      0.700    19.5302   4.568510    33.5508        171     0.7083     2.4511  0.000e+00
      0.487    19.6379   4.575242    33.5198        172     0.7125     2.4553  0.000e+00
      0.305    19.7374   4.574499    33.4342        173     0.7167     2.4794  0.000e+00
      0.233    19.8038   4.568358    33.3312        174     0.7208     2.5143  0.000e+00
      0.253    19.8403   4.564813    33.2733        175     0.7250     2.5456  0.000e+00
      0.330    19.8482   4.557911    33.2107        176     0.7292     2.5689  0.000e+00
      0.469    19.8148   4.548780    33.1625        177     0.7333     2.5777  0.000e+00
      0.636    19.7491   4.542292    33.1614        178     0.7375     2.5791  0.000e+00
      0.862    19.6714   4.540263    33.2063        179     0.7417     2.5758  0.000e+00
      1.169    19.5889   4.539807    33.2680        180     0.7458     2.5676  0.000e+00
      1.498    19.5409   4.539418    33.3029        181     0.7500     2.5595  0.000e+00
      1.782    19.5190   4.539264    33.3190        182     0.7542     2.5520  0.000e+00
      2.019    19.5075   4.539789    33.3323        183     0.7583     2.5447  0.000e+00
      2.190    19.5017   4.540004    33.3387        184     0.7625     2.5365  0.000e+00
      2.300    19.5045   4.543822    33.3678        185     0.7667     2.5272  0.000e+00
      2.359    19.5495   4.555452    33.4274        186     0.7708     2.5153  0.000e+00
      2.391    19.6163   4.559154    33.4044        187     0.7750     2.5009  0.000e+00
      2.418    19.6736   4.548339    33.2701        188     0.7792     2.4934  0.000e+00
      2.485    19.7152   4.541345    33.1799        189     0.7833     2.4868  0.000e+00
