PC2305/sbe098.cnv
* Sea-Bird SBE 19plus V2 Data File:
* FileName = C:\cruise\data\sbe098.hex
* Software Version Seasave V 7.26.7.121
* Temperature SN = 7142
* Conductivity SN = 7142
* System UpLoad Time = Nov 05 2023 13:13:22
** Cruise: PC2205
** Program: ECOMON
# nquan = 8
# nvalues = 1432                                  
# units = specified
# name 0 = depSM: Depth [salt water, m], lat = 40.00
# name 1 = tv290C: Temperature [ITS-90, deg C]
# name 2 = c0S/m: Conductivity [S/m]
# name 3 = sal00: Salinity, Practical [PSU]
# name 4 = scan: Scan Count
# name 5 = timeM: Time, Elapsed [minutes]
# name 6 = sbeox0V: Oxygen raw, SBE 43 [V]
# name 7 = flag:  0.000e+00
# span 0 =     -0.036,     49.368                 
# span 1 =    14.2554,    15.2253                 
# span 2 =   0.000076,   3.996018                 
# span 3 =     0.0074,    32.1859                 
# span 4 =         11,       1442                 
# span 5 =     0.0417,     6.0042                 
# span 6 =     2.4332,     2.8939                 
# span 7 = 0.0000e+00, 0.0000e+00                 
# interval = seconds: 0.25
# start_time = Nov 05 2023 13:13:22 [System UTC, header]
# bad_flag = -9.990e-29
*END*
[from data line 180]
      0.940    15.1928   3.986538    32.0733        191     0.7917     2.5463  0.000e+00
      1.035    15.1849   3.986125    32.0760        192     0.7958     2.5331  0.000e+00
      1.148    15.1785   3.984991    32.0710        193     0.8000     2.5202  0.000e+00
      1.265    15.1717   3.984075    32.0684        194     0.8042     2.5092  0.000e+00
      1.396    15.1606   3.983254    32.0700        195     0.8083     2.5038  0.000e+00
      1.535    15.1489   3.982853    32.0760        196     0.8125     2.5001  0.000e+00
      1.669    15.1377   3.982662    32.0834        197     0.8167     2.5026  0.000e+00
      1.799    15.1294   3.982503    32.0887        198     0.8208     2.5094  0.000e+00
      1.896    15.1233   3.982338    32.0922        199     0.8250     2.5202  0.000e+00
      1.982    15.1191   3.982268    32.0949        200     0.8292     2.5323  0.000e+00
      2.052    15.1177   3.982930    32.1020        201     0.8333     2.5444  0.000e+00
      2.115    15.1176   3.983344    32.1058        202     0.8375     2.5519  0.000e+00
      2.181    15.1173   3.983414    32.1066        203     0.8417     2.5557  0.000e+00
      2.246    15.1187   3.983274    32.1042        204     0.8458     2.5528  0.000e+00
      2.314    15.1231   3.983133    32.0993        205     0.8500     2.5431  0.000e+00
      2.386    15.1281   3.982828    32.0924        206     0.8542     2.5324  0.000e+00
      2.464    15.1301   3.982452    32.0874        207     0.8583     2.5184  0.000e+00
      2.523    15.1305   3.981962    32.0827        208     0.8625     2.5036  0.000e+00
      2.582    15.1270   3.982020    32.0860        209     0.8667     2.4900  0.000e+00
      2.652    15.1199   3.981771    32.0896        210     0.8708     2.4791  0.000e+00
      2.747    15.1145   3.981491    32.0914        211     0.8750     2.4701  0.000e+00
      2.853    15.1095   3.981237    32.0932        212     0.8792     2.4635  0.000e+00
      2.972    15.1042   3.981091    32.0962        213     0.8833     2.4597  0.000e+00
      3.098    15.0994   3.981002    32.0993        214     0.8875     2.4642  0.000e+00
      3.229    15.0956   3.980881    32.1013        215     0.8917     2.4773  0.000e+00
      3.362    15.0932   3.980836    32.1028        216     0.8958     2.4960  0.000e+00
      3.491    15.0914   3.980913    32.1049        217     0.9000     2.5129  0.000e+00
      3.617    15.0900   3.980951    32.1064        218     0.9042     2.5305  0.000e+00
      3.738    15.0892   3.980951    32.1070        219     0.9083     2.5451  0.000e+00
      3.851    15.0888   3.980977    32.1075        220     0.9125     2.5561  0.000e+00
      3.957    15.0883   3.981187    32.1097        221     0.9167     2.5625  0.000e+00
      4.061    15.0882   3.981327    32.1111        222     0.9208     2.5643  0.000e+00
      4.162    15.0882   3.981327    32.1110        223     0.9250     2.5596  0.000e+00
      4.255    15.0883   3.981257    32.1103        224     0.9292     2.5507  0.000e+00
      4.349    15.0885   3.981187    32.1094        225     0.9333     2.5383  0.000e+00
      4.444    15.0887   3.981111    32.1086        226     0.9375     2.5248  0.000e+00
      4.543    15.0891   3.981117    32.1083        227     0.9417     2.5080  0.000e+00
      4.638    15.0892   3.981142    32.1084        228     0.9458     2.4897  0.000e+00
      4.728    15.0892   3.981397    32.1106        229     0.9500     2.4736  0.000e+00
      4.823    15.0899   3.981684    32.1126        230     0.9542     2.4612  0.000e+00
      4.927    15.0916   3.982059    32.1145        231     0.9583     2.4514  0.000e+00
      5.035    15.0935   3.982034    32.1127        232     0.9625     2.4437  0.000e+00
      5.137    15.0981   3.990611    32.1859        233     0.9667     2.4356  0.000e+00
      5.243    15.1251   3.992956    32.1848        234     0.9708     2.4334  0.000e+00
      5.358    15.1613   3.993338    32.1584        235     0.9750     2.4467  0.000e+00
      5.490    15.1866   3.993459    32.1388        236     0.9792     2.4802  0.000e+00
      5.624    15.2012   3.993528    32.1273        237     0.9833     2.5257  0.000e+00
      5.765    15.2095   3.993713    32.1221        238     0.9875     2.5738  0.000e+00
      5.912    15.2140   3.993764    32.1188        239     0.9917     2.6156  0.000e+00
      6.056    15.2169   3.993809    32.1168        240     0.9958     2.6532  0.000e+00
      6.203    15.2182   3.993860    32.1161        241     1.0000     2.6844  0.000e+00
      6.343    15.2191   3.993879    32.1155        242     1.0042     2.7090  0.000e+00
      6.496    15.2195   3.993949    32.1158        243     1.0083     2.7295  0.000e+00
      6.638    15.2199   3.994000    32.1158        244     1.0125     2.7473  0.000e+00
      6.787    15.2205   3.994090    32.1161        245     1.0167     2.7633  0.000e+00
      6.927    15.2212   3.994166    32.1162        246     1.0208     2.7768  0.000e+00
      7.064    15.2217   3.994141    32.1154        247     1.0250     2.7858  0.000e+00
      7.193    15.2220   3.994115    32.1149        248     1.0292     2.7974  0.000e+00
      7.319    15.2219   3.994071    32.1146        249     1.0333     2.8045  0.000e+00
      7.445    15.2217   3.994096    32.1150        250     1.0375     2.8106  0.000e+00
      7.569    15.2215   3.994115    32.1152        251     1.0417     2.8164  0.000e+00
      7.687    15.2213   3.994141    32.1155        252     1.0458     2.8187  0.000e+00
      7.801    15.2212   3.994185    32.1160        253     1.0500     2.8187  0.000e+00
      7.917    15.2215   3.994256    32.1163        254     1.0542     2.8185  0.000e+00
      8.038    15.2218   3.994256    32.1160        255     1.0583     2.8200  0.000e+00
      8.165    15.2219   3.994288    32.1162        256     1.0625     2.8219  0.000e+00
      8.289    15.2221   3.994332    32.1164        257     1.0667     2.8242  0.000e+00
      8.421    15.2224   3.994351    32.1163        258     1.0708     2.8262  0.000e+00
      8.555    15.2227   3.994402    32.1165        259     1.0750     2.8295  0.000e+00
      8.699    15.2229   3.994402    32.1162        260     1.0792     2.8338  0.000e+00
      8.845    15.2232   3.994332    32.1153        261     1.0833     2.8372  0.000e+00
      8.996    15.2233   3.994352    32.1153        262     1.0875     2.8389  0.000e+00
      9.148    15.2231   3.994352    32.1155        263     1.0917     2.8409  0.000e+00
      9.303    15.2227   3.994352    32.1157        264     1.0958     2.8414  0.000e+00
      9.465    15.2226   3.994377    32.1159        265     1.1000     2.8408  0.000e+00
      9.635    15.2226   3.994403    32.1161        266     1.1042     2.8408  0.000e+00
      9.806    15.2224   3.994422    32.1163        267     1.1083     2.8406  0.000e+00
      9.984    15.2227   3.994435    32.1161        268     1.1125     2.8392  0.000e+00
     10.165    15.2226   3.994403    32.1159        269     1.1167     2.8399  0.000e+00
     10.349    15.2224   3.994378    32.1157        270     1.1208     2.8400  0.000e+00
     10.530    15.2224   3.994282    32.1148        271     1.1250     2.8391  0.000e+00
     10.712    15.2224   3.994403    32.1159        272     1.1292     2.8411  0.000e+00
     10.897    15.2222   3.994422    32.1161        273     1.1333     2.8419  0.000e+00
     11.071    15.2219   3.994423    32.1163        274     1.1375     2.8419  0.000e+00
     11.244    15.2220   3.994448    32.1164        275     1.1417     2.8435  0.000e+00
     11.414    15.2221   3.994493    32.1166        276     1.1458     2.8445  0.000e+00
     11.576    15.2223   3.994563    32.1171        277     1.1500     2.8454  0.000e+00
     11.725    15.2227   3.994614    32.1171        278     1.1542     2.8440  0.000e+00
     11.880    15.2232   3.994582    32.1164        279     1.1583     2.8451  0.000e+00
     12.022    15.2234   3.994518    32.1156        280     1.1625     2.8457  0.000e+00
     12.169    15.2234   3.994544    32.1157        281     1.1667     2.8476  0.000e+00
     12.311    15.2231   3.994589    32.1163        282     1.1708     2.8493  0.000e+00
     12.453    15.2231   3.994640    32.1167        283     1.1750     2.8478  0.000e+00
     12.604    15.2234   3.994614    32.1162        284     1.1792     2.8525  0.000e+00
     12.755    15.2234   3.994544    32.1156        285     1.1833     2.8492  0.000e+00
     12.906    15.2231   3.994563    32.1159        286     1.1875     2.8487  0.000e+00
     13.068    15.2229   3.994589    32.1162        287     1.1917     2.8509  0.000e+00
     13.222    15.2227   3.994615    32.1165        288     1.1958     2.8497  0.000e+00
     13.391    15.2230   3.994615    32.1163        289     1.2000     2.8480  0.000e+00
     13.558    15.2230   3.994659    32.1166        290     1.2042     2.8477  0.000e+00
     13.729    15.2230   3.994659    32.1165        291     1.2083     2.8478  0.000e+00
     13.900    15.2231   3.994640    32.1162        292     1.2125     2.8462  0.000e+00
     14.076    15.2231   3.994685    32.1165        293     1.2167     2.8486  0.000e+00
     14.252    15.2228   3.994685    32.1167        294     1.2208     2.8494  0.000e+00
     14.433    15.2230   3.994685    32.1165        295     1.2250     2.8512  0.000e+00
     14.613    15.2231   3.994685    32.1163        296     1.2292     2.8512  0.000e+00
     14.795    15.2231   3.994685    32.1163        297     1.2333     2.8528  0.000e+00
     14.974    15.2230   3.994711    32.1165        298     1.2375     2.8515  0.000e+00
     15.152    15.2230   3.994711    32.1165        299     1.2417     2.8502  0.000e+00
     15.321    15.2229   3.994711    32.1165        300     1.2458     2.8525  0.000e+00
     15.486    15.2228   3.994711    32.1165        301     1.2500     2.8484  0.000e+00
     15.650    15.2229   3.994686    32.1161        302     1.2542     2.8531  0.000e+00
     15.806    15.2229   3.994711    32.1163        303     1.2583     2.8526  0.000e+00
     15.966    15.2227   3.994711    32.1164        304     1.2625     2.8538  0.000e+00
     16.124    15.2227   3.994730    32.1165        305     1.2667     2.8535  0.000e+00
     16.288    15.2227   3.994730    32.1165        306     1.2708     2.8528  0.000e+00
     16.450    15.2227   3.994711    32.1162        307     1.2750     2.8531  0.000e+00
     16.608    15.2228   3.994756    32.1164        308     1.2792     2.8522  0.000e+00
     16.766    15.2229   3.994801    32.1167        309     1.2833     2.8530  0.000e+00
     16.933    15.2231   3.994801    32.1165        310     1.2875     2.8533  0.000e+00
     17.095    15.2232   3.994801    32.1163        311     1.2917     2.8531  0.000e+00
     17.258    15.2232   3.994826    32.1165        312     1.2958     2.8536  0.000e+00
     17.424    15.2233   3.994807    32.1162        313     1.3000     2.8540  0.000e+00
     17.589    15.2232   3.994827    32.1164        314     1.3042     2.8534  0.000e+00
     17.756    15.2231   3.994782    32.1160        315     1.3083     2.8471  0.000e+00
     17.921    15.2231   3.994757    32.1157        316     1.3125     2.8529  0.000e+00
     18.085    15.2230   3.994827    32.1164        317     1.3167     2.8582  0.000e+00
     18.247    15.2230   3.994827    32.1163        318     1.3208     2.8566  0.000e+00
     18.412    15.2228   3.994801    32.1162        319     1.3250     2.8563  0.000e+00
     18.572    15.2226   3.994827    32.1165        320     1.3292     2.8556  0.000e+00
     18.728    15.2229   3.994827    32.1162        321     1.3333     2.8535  0.000e+00
     18.874    15.2226   3.994853    32.1166        322     1.3375     2.8517  0.000e+00
     19.021    15.2227   3.994878    32.1168        323     1.3417     2.8525  0.000e+00
     19.174    15.2230   3.994885    32.1165        324     1.3458     2.8557  0.000e+00
     19.327    15.2229   3.994923    32.1169        325     1.3500     2.8577  0.000e+00
     19.487    15.2229   3.994948    32.1170        326     1.3542     2.8581  0.000e+00
     19.640    15.2234   3.994993    32.1170        327     1.3583     2.8596  0.000e+00
     19.798    15.2237   3.994968    32.1164        328     1.3625     2.8615  0.000e+00
     19.963    15.2237   3.994968    32.1164        329     1.3667     2.8605  0.000e+00
     20.121    15.2237   3.995019    32.1168        330     1.3708     2.8588  0.000e+00
     20.276    15.2238   3.995019    32.1166        331     1.3750     2.8581  0.000e+00
     20.425    15.2241   3.994993    32.1161        332     1.3792     2.8548  0.000e+00
     20.581    15.2238   3.994993    32.1162        333     1.3833     2.8554  0.000e+00
     20.730    15.2238   3.994993    32.1163        334     1.3875     2.8522  0.000e+00
     20.872    15.2235   3.995032    32.1167        335     1.3917     2.8530  0.000e+00
     21.016    15.2237   3.995115    32.1173        336     1.3958     2.8531  0.000e+00
     21.153    15.2242   3.995159    32.1172        337     1.4000     2.8558  0.000e+00
     21.295    15.2246   3.995185    32.1171        338     1.4042     2.8552  0.000e+00
     21.433    15.2251   3.995185    32.1166        339     1.4083     2.8542  0.000e+00
     21.571    15.2251   3.995204    32.1167        340     1.4125     2.8534  0.000e+00
     21.719    15.2253   3.995134    32.1159        341     1.4167     2.8582  0.000e+00
     21.870    15.2250   3.995160    32.1163        342     1.4208     2.8588  0.000e+00
     22.021    15.2250   3.995204    32.1166        343     1.4250     2.8581  0.000e+00
     22.179    15.2251   3.995255    32.1170        344     1.4292     2.8555  0.000e+00
     22.339    15.2253   3.995204    32.1163        345     1.4333     2.8568  0.000e+00
     22.509    15.2253   3.995204    32.1162        346     1.4375     2.8591  0.000e+00
     22.689    15.2251   3.995230    32.1166        347     1.4417     2.8606  0.000e+00
     22.869    15.2251   3.995230    32.1165        348     1.4458     2.8624  0.000e+00
     23.059    15.2250   3.995160    32.1159        349     1.4500     2.8634  0.000e+00
     23.250    15.2249   3.995135    32.1156        350     1.4542     2.8615  0.000e+00
     23.439    15.2245   3.995135    32.1159        351     1.4583     2.8607  0.000e+00
     23.633    15.2241   3.995090    32.1157        352     1.4625     2.8622  0.000e+00
     23.825    15.2238   3.995090    32.1159        353     1.4667     2.8620  0.000e+00
     24.019    15.2234   3.995065    32.1159        354     1.4708     2.8637  0.000e+00
     24.210    15.2231   3.995020    32.1157        355     1.4750     2.8654  0.000e+00
     24.396    15.2226   3.994950    32.1154        356     1.4792     2.8652  0.000e+00
     24.567    15.2220   3.994855    32.1150        357     1.4833     2.8670  0.000e+00
     24.729    15.2212   3.994810    32.1152        358     1.4875     2.8670  0.000e+00
     24.878    15.2204   3.994804    32.1157        359     1.4917     2.8670  0.000e+00
     25.020    15.2199   3.994804    32.1161        360     1.4958     2.8666  0.000e+00
     25.173    15.2196   3.994804    32.1163        361     1.5000     2.8659  0.000e+00
     25.315    15.2195   3.994830    32.1166        362     1.5042     2.8674  0.000e+00
     25.464    15.2194   3.994830    32.1166        363     1.5083     2.8669  0.000e+00
     25.613    15.2194   3.994804    32.1163        364     1.5125     2.8651  0.000e+00
     25.769    15.2193   3.994785    32.1162        365     1.5167     2.8640  0.000e+00
     25.922    15.2189   3.994804    32.1166        366     1.5208     2.8628  0.000e+00
     26.077    15.2190   3.994830    32.1167        367     1.5250     2.8604  0.000e+00
     26.231    15.2189   3.994855    32.1169        368     1.5292     2.8593  0.000e+00
     26.380    15.2192   3.994881    32.1169        369     1.5333     2.8581  0.000e+00
