PC2305/sbe032.cnv
* Sea-Bird SBE 19plus V2 Data File:
* FileName = C:\cruise\data\sbe032.hex
* Software Version Seasave V 7.26.7.121
* Temperature SN = 7142
* Conductivity SN = 7142
* System UpLoad Time = Oct 30 2023 01:32:49
** Cruise: PC2205
** Program: ECOMON
# nquan = 8
# nvalues = 2416                                  
# units = specified
# name 0 = depSM: Depth [salt water, m], lat = 40.00
# name 1 = tv290C: Temperature [ITS-90, deg C]
# name 2 = c0S/m: Conductivity [S/m]
# name 3 = sal00: Salinity, Practical [PSU]
# name 4 = scan: Scan Count
# name 5 = timeM: Time, Elapsed [minutes]
# name 6 = sbeox0V: Oxygen raw, SBE 43 [V]
# name 7 = flag:  0.000e+00
# span 0 =     -0.039,     46.018                 
# span 1 =    13.0024,    17.5559                 
# span 2 =   0.000020,   4.241465                 
# span 3 =     0.0088,    32.8333                 
# span 4 =         11,       2426                 
# span 5 =     0.0417,    10.1042                 
# span 6 =     2.1568,     3.0356                 
# span 7 = 0.0000e+00, 0.0000e+00                 
# interval = seconds: 0.25
# start_time = Oct 30 2023 01:32:49 [System UTC, header]
# bad_flag = -9.990e-29
*END*
[from data line 899]
     43.226    14.1348   3.951486    32.6189        910     3.7875     2.3184  0.000e+00
     43.250    14.1348   3.950242    32.6075        911     3.7917     2.3190  0.000e+00
     43.275    14.1290   3.948485    32.5962        912     3.7958     2.3209  0.000e+00
     43.296    14.1175   3.946069    32.5837        913     3.8000     2.3210  0.000e+00
     43.314    14.0997   3.943520    32.5752        914     3.8042     2.3219  0.000e+00
     43.331    14.0770   3.940598    32.5676        915     3.8083     2.3229  0.000e+00
     43.343    14.0508   3.937341    32.5597        916     3.8125     2.3229  0.000e+00
     43.356    14.0214   3.935390    32.5666        917     3.8167     2.3207  0.000e+00
     43.359    13.9932   3.934117    32.5787        918     3.8208     2.3209  0.000e+00
     43.357    13.9703   3.932294    32.5812        919     3.8250     2.3193  0.000e+00
     43.350    13.9493   3.930920    32.5863        920     3.8292     2.3176  0.000e+00
     43.345    13.9303   3.930122    32.5951        921     3.8333     2.3161  0.000e+00
     43.332    13.9154   3.930420    32.6105        922     3.8375     2.3132  0.000e+00
     43.322    13.9075   3.930186    32.6150        923     3.8417     2.3109  0.000e+00
     43.305    13.9036   3.930192    32.6184        924     3.8458     2.3080  0.000e+00
     43.289    13.9012   3.931180    32.6296        925     3.8500     2.3051  0.000e+00
     43.273    13.9044   3.933631    32.6495        926     3.8542     2.3042  0.000e+00
     43.255    13.9175   3.935157    32.6525        927     3.8583     2.3022  0.000e+00
     43.237    13.9343   3.935182    32.6385        928     3.8625     2.3014  0.000e+00
     43.217    13.9451   3.936107    32.6379        929     3.8667     2.3008  0.000e+00
     43.196    13.9544   3.938609    32.6531        930     3.8708     2.3006  0.000e+00
     43.181    13.9703   3.941157    32.6631        931     3.8750     2.3007  0.000e+00
     43.163    13.9917   3.943312    32.6649        932     3.8792     2.3016  0.000e+00
     43.144    14.0143   3.945524    32.6661        933     3.8833     2.3019  0.000e+00
     43.124    14.0382   3.947839    32.6673        934     3.8875     2.3029  0.000e+00
     43.104    14.0628   3.950509    32.6710        935     3.8917     2.3029  0.000e+00
     43.090    14.0892   3.952324    32.6653        936     3.8958     2.3045  0.000e+00
     43.075    14.1133   3.953510    32.6558        937     3.9000     2.3063  0.000e+00
     43.063    14.1326   3.954367    32.6474        938     3.9042     2.3082  0.000e+00
     43.056    14.1470   3.954824    32.6394        939     3.9083     2.3090  0.000e+00
     43.056    14.1570   3.955439    32.6366        940     3.9125     2.3116  0.000e+00
     43.050    14.1651   3.955858    32.6336        941     3.9167     2.3143  0.000e+00
     43.050    14.1716   3.956347    32.6326        942     3.9208     2.3160  0.000e+00
     43.047    14.1774   3.956651    32.6305        943     3.9250     2.3190  0.000e+00
     43.054    14.1821   3.956823    32.6281        944     3.9292     2.3206  0.000e+00
     43.063    14.1857   3.956861    32.6254        945     3.9333     2.3228  0.000e+00
     43.075    14.1877   3.956766    32.6229        946     3.9375     2.3247  0.000e+00
     43.092    14.1882   3.956626    32.6211        947     3.9417     2.3272  0.000e+00
     43.108    14.1877   3.956207    32.6177        948     3.9458     2.3293  0.000e+00
     43.126    14.1856   3.955528    32.6132        949     3.9500     2.3311  0.000e+00
     43.144    14.1816   3.954798    32.6099        950     3.9542     2.3317  0.000e+00
     43.163    14.1754   3.953713    32.6051        951     3.9583     2.3335  0.000e+00
     43.181    14.1670   3.952367    32.5998        952     3.9625     2.3349  0.000e+00
     43.192    14.1558   3.950318    32.5905        953     3.9667     2.3336  0.000e+00
     43.208    14.1405   3.946905    32.5720        954     3.9708     2.3334  0.000e+00
     43.217    14.1171   3.942822    32.5542        955     3.9750     2.3322  0.000e+00
     43.228    14.0836   3.939184    32.5490        956     3.9792     2.3333  0.000e+00
     43.232    14.0464   3.936802    32.5585        957     3.9833     2.3321  0.000e+00
     43.239    14.0130   3.935548    32.5751        958     3.9875     2.3319  0.000e+00
     43.237    13.9876   3.934820    32.5899        959     3.9917     2.3305  0.000e+00
     43.235    13.9701   3.934003    32.5972        960     3.9958     2.3285  0.000e+00
     43.234    13.9572   3.933681    32.6052        961     4.0000     2.3247  0.000e+00
     43.228    13.9484   3.932826    32.6048        962     4.0042     2.3210  0.000e+00
     43.217    13.9397   3.931015    32.5954        963     4.0083     2.3176  0.000e+00
     43.205    13.9277   3.929749    32.5938        964     4.0125     2.3139  0.000e+00
     43.192    13.9143   3.929496    32.6029        965     4.0167     2.3105  0.000e+00
     43.180    13.9050   3.931230    32.6268        966     4.0208     2.3075  0.000e+00
     43.158    13.9066   3.935322    32.6633        967     4.0250     2.3042  0.000e+00
     43.135    13.9259   3.940809    32.6977        968     4.0292     2.3014  0.000e+00
     43.115    13.9645   3.946514    32.7177        969     4.0333     2.3018  0.000e+00
     43.092    14.0145   3.949838    32.7058        970     4.0375     2.2996  0.000e+00
     43.070    14.0614   3.951556    32.6818        971     4.0417     2.2996  0.000e+00
     43.050    14.0949   3.952927    32.6661        972     4.0458     2.3005  0.000e+00
     43.030    14.1198   3.953631    32.6515        973     4.0500     2.3006  0.000e+00
     43.029    14.1364   3.954322    32.6438        974     4.0542     2.3016  0.000e+00
     43.023    14.1483   3.954760    32.6378        975     4.0583     2.3058  0.000e+00
     43.027    14.1569   3.954811    32.6309        976     4.0625     2.3090  0.000e+00
     43.034    14.1621   3.954462    32.6233        977     4.0667     2.3117  0.000e+00
     43.050    14.1635   3.953383    32.6122        978     4.0708     2.3148  0.000e+00
     43.070    14.1596   3.951365    32.5969        979     4.0750     2.3169  0.000e+00
     43.090    14.1482   3.947368    32.5698        980     4.0792     2.3208  0.000e+00
     43.111    14.1252   3.943006    32.5491        981     4.0833     2.3230  0.000e+00
     43.133    14.0901   3.936751    32.5211        982     4.0875     2.3251  0.000e+00
     43.151    14.0429   3.930627    32.5046        983     4.0917     2.3253  0.000e+00
     43.169    13.9867   3.926127    32.5105        984     4.0958     2.3255  0.000e+00
     43.169    13.9301   3.922319    32.5232        985     4.1000     2.3246  0.000e+00
     43.178    13.8784   3.917968    32.5267        986     4.1042     2.3239  0.000e+00
     43.180    13.8305   3.913322    32.5243        987     4.1083     2.3201  0.000e+00
     43.176    13.7820   3.909835    32.5330        988     4.1125     2.3155  0.000e+00
     43.171    13.7355   3.907448    32.5504        989     4.1167     2.3109  0.000e+00
     43.156    13.6969   3.906469    32.5741        990     4.1208     2.3054  0.000e+00
     43.142    13.6699   3.906368    32.5962        991     4.1250     2.3000  0.000e+00
     43.124    13.6542   3.907265    32.6179        992     4.1292     2.2947  0.000e+00
     43.108    13.6504   3.910007    32.6467        993     4.1333     2.2887  0.000e+00
     43.083    13.6616   3.914936    32.6830        994     4.1375     2.2832  0.000e+00
     43.061    13.6916   3.919488    32.6997        995     4.1417     2.2789  0.000e+00
     43.038    13.7322   3.921999    32.6884        996     4.1458     2.2756  0.000e+00
     43.023    13.7697   3.923909    32.6742        997     4.1500     2.2720  0.000e+00
     43.012    13.7997   3.925617    32.6645        998     4.1542     2.2707  0.000e+00
     43.003    13.8242   3.927534    32.6614        999     4.1583     2.2700  0.000e+00
     43.002    13.8465   3.929268    32.6585       1000     4.1625     2.2708  0.000e+00
     42.998    13.8677   3.930851    32.6551       1001     4.1667     2.2718  0.000e+00
     43.002    13.8862   3.931807    32.6482       1002     4.1708     2.2722  0.000e+00
     43.007    13.9020   3.932060    32.6371       1003     4.1750     2.2735  0.000e+00
     43.018    13.9123   3.932357    32.6311       1004     4.1792     2.2750  0.000e+00
     43.020    13.9194   3.932180    32.6235       1005     4.1833     2.2768  0.000e+00
     43.036    13.9227   3.931369    32.6132       1006     4.1875     2.2787  0.000e+00
     43.050    13.9211   3.931249    32.6134       1007     4.1917     2.2821  0.000e+00
     43.063    13.9179   3.930141    32.6059       1008     4.1958     2.2819  0.000e+00
     43.077    13.9119   3.927850    32.5898       1009     4.2000     2.2844  0.000e+00
     43.091    13.8982   3.924603    32.5713       1010     4.2042     2.2848  0.000e+00
     43.108    13.8754   3.921010    32.5574       1011     4.2083     2.2848  0.000e+00
     43.117    13.8444   3.916634    32.5432       1012     4.2125     2.2823  0.000e+00
     43.127    13.8064   3.911541    32.5282       1013     4.2167     2.2825  0.000e+00
     43.138    13.7606   3.907239    32.5272       1014     4.2208     2.2820  0.000e+00
     43.145    13.7109   3.903552    32.5351       1015     4.2250     2.2798  0.000e+00
     43.154    13.6630   3.900617    32.5485       1016     4.2292     2.2802  0.000e+00
     43.163    13.6212   3.898516    32.5646       1017     4.2333     2.2785  0.000e+00
     43.169    13.5867   3.896207    32.5724       1018     4.2375     2.2759  0.000e+00
     43.180    13.5576   3.894409    32.5805       1019     4.2417     2.2733  0.000e+00
     43.190    13.5332   3.893577    32.5935       1020     4.2458     2.2700  0.000e+00
     43.201    13.5153   3.893262    32.6059       1021     4.2500     2.2669  0.000e+00
     43.207    13.5037   3.893432    32.6174       1022     4.2542     2.2619  0.000e+00
     43.214    13.4975   3.892783    32.6166       1023     4.2583     2.2595  0.000e+00
     43.210    13.4919   3.891957    32.6136       1024     4.2625     2.2555  0.000e+00
     43.210    13.4847   3.891181    32.6126       1025     4.2667     2.2510  0.000e+00
     43.205    13.4761   3.890135    32.6101       1026     4.2708     2.2476  0.000e+00
     43.196    13.4661   3.888767    32.6060       1027     4.2750     2.2446  0.000e+00
     43.174    13.4543   3.887910    32.6080       1028     4.2792     2.2417  0.000e+00
     43.156    13.4438   3.887828    32.6162       1029     4.2833     2.2395  0.000e+00
     43.133    13.4372   3.889133    32.6341       1030     4.2875     2.2370  0.000e+00
     43.108    13.4384   3.890923    32.6498       1031     4.2917     2.2356  0.000e+00
     43.086    13.4487   3.892783    32.6584       1032     4.2958     2.2341  0.000e+00
     43.059    13.4639   3.894379    32.6603       1033     4.3000     2.2334  0.000e+00
     43.043    13.4804   3.895918    32.6605       1034     4.3042     2.2326  0.000e+00
     43.029    13.4978   3.897148    32.6572       1035     4.3083     2.2312  0.000e+00
     43.018    13.5138   3.897880    32.6503       1036     4.3125     2.2305  0.000e+00
     43.014    13.5262   3.898126    32.6420       1037     4.3167     2.2300  0.000e+00
     43.012    13.5348   3.898245    32.6358       1038     4.3208     2.2290  0.000e+00
     43.016    13.5397   3.898037    32.6297       1039     4.3250     2.2296  0.000e+00
     43.025    13.5411   3.897557    32.6239       1040     4.3292     2.2304  0.000e+00
     43.032    13.5395   3.896327    32.6138       1041     4.3333     2.2319  0.000e+00
     43.036    13.5331   3.894378    32.6011       1042     4.3375     2.2330  0.000e+00
     43.050    13.5208   3.892190    32.5912       1043     4.3417     2.2334  0.000e+00
     43.065    13.5033   3.888842    32.5749       1044     4.3458     2.2337  0.000e+00
     43.079    13.4806   3.884708    32.5557       1045     4.3500     2.2343  0.000e+00
     43.083    13.4511   3.881016    32.5463       1046     4.3542     2.2332  0.000e+00
     43.090    13.4184   3.877383    32.5402       1047     4.3583     2.2308  0.000e+00
     43.090    13.3856   3.874928    32.5453       1048     4.3625     2.2300  0.000e+00
     43.088    13.3561   3.873304    32.5553       1049     4.3667     2.2287  0.000e+00
     43.083    13.3327   3.872663    32.5693       1050     4.3708     2.2262  0.000e+00
     43.075    13.3168   3.872090    32.5776       1051     4.3750     2.2224  0.000e+00
     43.065    13.3063   3.871826    32.5841       1052     4.3792     2.2181  0.000e+00
     43.054    13.2996   3.871776    32.5893       1053     4.3833     2.2153  0.000e+00
     43.050    13.2958   3.871902    32.5938       1054     4.3875     2.2124  0.000e+00
     43.052    13.2944   3.872027    32.5961       1055     4.3917     2.2092  0.000e+00
     43.054    13.2947   3.872229    32.5978       1056     4.3958     2.2055  0.000e+00
     43.063    13.2958   3.872235    32.5969       1057     4.4000     2.2027  0.000e+00
     43.074    13.2967   3.871977    32.5937       1058     4.4042     2.1992  0.000e+00
     43.090    13.2967   3.871662    32.5908       1059     4.4083     2.1965  0.000e+00
     43.106    13.2951   3.870914    32.5850       1060     4.4125     2.1943  0.000e+00
     43.126    13.2913   3.869825    32.5781       1061     4.4167     2.1922  0.000e+00
     43.145    13.2841   3.868360    32.5705       1062     4.4208     2.1909  0.000e+00
     43.162    13.2733   3.866630    32.5635       1063     4.4250     2.1890  0.000e+00
     43.171    13.2589   3.864706    32.5578       1064     4.4292     2.1880  0.000e+00
     43.180    13.2417   3.863329    32.5596       1065     4.4333     2.1871  0.000e+00
     43.187    13.2241   3.862713    32.5689       1066     4.4375     2.1853  0.000e+00
     43.183    13.2105   3.862386    32.5775       1067     4.4417     2.1829  0.000e+00
     43.185    13.2009   3.862148    32.5835       1068     4.4458     2.1823  0.000e+00
     43.178    13.1946   3.861934    32.5868       1069     4.4500     2.1802  0.000e+00
     43.172    13.1903   3.861494    32.5864       1070     4.4542     2.1796  0.000e+00
     43.167    13.1861   3.861129    32.5866       1071     4.4583     2.1780  0.000e+00
     43.158    13.1817   3.860985    32.5890       1072     4.4625     2.1774  0.000e+00
     43.151    13.1783   3.861155    32.5935       1073     4.4667     2.1761  0.000e+00
     43.144    13.1769   3.861412    32.5971       1074     4.4708     2.1737  0.000e+00
     43.133    13.1776   3.861626    32.5986       1075     4.4750     2.1728  0.000e+00
     43.122    13.1792   3.861651    32.5975       1076     4.4792     2.1720  0.000e+00
     43.106    13.1805   3.862098    32.6005       1077     4.4833     2.1707  0.000e+00
     43.088    13.1831   3.862487    32.6020       1078     4.4875     2.1701  0.000e+00
     43.072    13.1869   3.862456    32.5984       1079     4.4917     2.1689  0.000e+00
     43.054    13.1887   3.863575    32.6073       1080     4.4958     2.1689  0.000e+00
     43.038    13.1943   3.863053    32.5976       1081     4.5000     2.1681  0.000e+00
     43.021    13.1977   3.863285    32.5970       1082     4.5042     2.1678  0.000e+00
     43.005    13.1992   3.863619    32.5988       1083     4.5083     2.1679  0.000e+00
     42.989    13.2018   3.864159    32.6016       1084     4.5125     2.1679  0.000e+00
     42.975    13.2058   3.864706    32.6034       1085     4.5167     2.1682  0.000e+00
     42.960    13.2117   3.865203    32.6030       1086     4.5208     2.1682  0.000e+00
     42.950    13.2175   3.865203    32.5980       1087     4.5250     2.1688  0.000e+00
     42.941    13.2211   3.865159    32.5945       1088     4.5292     2.1677  0.000e+00
