PC2305/sbe006.cnv
* Sea-Bird SBE 19plus V2 Data File:
* FileName = C:\cruise\data\sbe006.hex
* Software Version Seasave V 7.26.7.121
* Temperature SN = 7142
* Conductivity SN = 7142
* System UpLoad Time = Oct 27 2023 22:40:01
** Cruise: PC2205
** Program: ECOMON
# nquan = 8
# nvalues = 1306                                  
# units = specified
# name 0 = depSM: Depth [salt water, m], lat = 40.00
# name 1 = tv290C: Temperature [ITS-90, deg C]
# name 2 = c0S/m: Conductivity [S/m]
# name 3 = sal00: Salinity, Practical [PSU]
# name 4 = scan: Scan Count
# name 5 = timeM: Time, Elapsed [minutes]
# name 6 = sbeox0V: Oxygen raw, SBE 43 [V]
# name 7 = flag:  0.000e+00
# span 0 =     -0.037,     42.585                 
# span 1 =    15.6219,    16.1774                 
# span 2 =  -0.000005,   4.086736                 
# span 3 =     0.0000,    32.2052                 
# span 4 =         11,       1316                 
# span 5 =     0.0417,     5.4792                 
# span 6 =     2.3756,     3.1541                 
# span 7 = 0.0000e+00, 0.0000e+00                 
# interval = seconds: 0.25
# start_time = Oct 27 2023 22:40:01 [System UTC, header]
# bad_flag = -9.990e-29
*END*
[from data line 1079]
      9.898    15.6849   3.982894    31.6389       1090     4.5375     2.7876  0.000e+00
      9.871    15.6845   3.982945    31.6398       1091     4.5417     2.7875  0.000e+00
      9.846    15.6845   3.982989    31.6401       1092     4.5458     2.7885  0.000e+00
      9.814    15.6849   3.983034    31.6402       1093     4.5500     2.7899  0.000e+00
      9.781    15.6852   3.982989    31.6396       1094     4.5542     2.7895  0.000e+00
      9.747    15.6856   3.982944    31.6389       1095     4.5583     2.7895  0.000e+00
      9.706    15.6853   3.982919    31.6389       1096     4.5625     2.7885  0.000e+00
      9.666    15.6852   3.982964    31.6395       1097     4.5667     2.7867  0.000e+00
      9.625    15.6852   3.983002    31.6398       1098     4.5708     2.7869  0.000e+00
      9.584    15.6856   3.983084    31.6402       1099     4.5750     2.7863  0.000e+00
      9.544    15.6863   3.983014    31.6390       1100     4.5792     2.7857  0.000e+00
      9.508    15.6866   3.982919    31.6380       1101     4.5833     2.7869  0.000e+00
      9.479    15.6860   3.982849    31.6378       1102     4.5875     2.7885  0.000e+00
      9.452    15.6856   3.982849    31.6382       1103     4.5917     2.7888  0.000e+00
      9.424    15.6851   3.982849    31.6386       1104     4.5958     2.7877  0.000e+00
      9.395    15.6848   3.982823    31.6386       1105     4.6000     2.7879  0.000e+00
      9.366    15.6845   3.982823    31.6389       1106     4.6042     2.7881  0.000e+00
      9.336    15.6841   3.982874    31.6396       1107     4.6083     2.7882  0.000e+00
      9.301    15.6844   3.983084    31.6413       1108     4.6125     2.7870  0.000e+00
      9.266    15.6852   3.983110    31.6408       1109     4.6167     2.7876  0.000e+00
      9.224    15.6863   3.982919    31.6383       1110     4.6208     2.7879  0.000e+00
      9.176    15.6860   3.982734    31.6369       1111     4.6250     2.7883  0.000e+00
      9.120    15.6849   3.982588    31.6365       1112     4.6292     2.7881  0.000e+00
      9.068    15.6833   3.982499    31.6371       1113     4.6333     2.7883  0.000e+00
      9.007    15.6815   3.982779    31.6410       1114     4.6375     2.7879  0.000e+00
      8.947    15.6818   3.983021    31.6430       1115     4.6417     2.7859  0.000e+00
      8.886    15.6838   3.983110    31.6421       1116     4.6458     2.7857  0.000e+00
      8.827    15.6860   3.983110    31.6404       1117     4.6500     2.7850  0.000e+00
      8.764    15.6871   3.983059    31.6391       1118     4.6542     2.7846  0.000e+00
      8.709    15.6870   3.982963    31.6384       1119     4.6583     2.7840  0.000e+00
      8.660    15.6864   3.983059    31.6397       1120     4.6625     2.7856  0.000e+00
      8.611    15.6867   3.983110    31.6399       1121     4.6667     2.7870  0.000e+00
      8.565    15.6869   3.982874    31.6377       1122     4.6708     2.7883  0.000e+00
      8.522    15.6865   3.982734    31.6368       1123     4.6750     2.7888  0.000e+00
      8.480    15.6849   3.982632    31.6372       1124     4.6792     2.7894  0.000e+00
      8.435    15.6832   3.982658    31.6388       1125     4.6833     2.7888  0.000e+00
      8.390    15.6826   3.982683    31.6395       1126     4.6875     2.7887  0.000e+00
      8.347    15.6825   3.982874    31.6413       1127     4.6917     2.7890  0.000e+00
      8.293    15.6830   3.983014    31.6421       1128     4.6958     2.7896  0.000e+00
      8.241    15.6844   3.983084    31.6417       1129     4.7000     2.7895  0.000e+00
      8.191    15.6859   3.982918    31.6390       1130     4.7042     2.7891  0.000e+00
      8.141    15.6863   3.982918    31.6387       1131     4.7083     2.7888  0.000e+00
      8.085    15.6863   3.982823    31.6379       1132     4.7125     2.7883  0.000e+00
      8.035    15.6854   3.982848    31.6389       1133     4.7167     2.7882  0.000e+00
      7.981    15.6849   3.982918    31.6399       1134     4.7208     2.7881  0.000e+00
      7.927    15.6848   3.983109    31.6416       1135     4.7250     2.7893  0.000e+00
      7.869    15.6862   3.983434    31.6435       1136     4.7292     2.7903  0.000e+00
      7.814    15.6889   3.983555    31.6423       1137     4.7333     2.7892  0.000e+00
      7.756    15.6913   3.983555    31.6405       1138     4.7375     2.7901  0.000e+00
      7.697    15.6930   3.983765    31.6410       1139     4.7417     2.7903  0.000e+00
      7.639    15.6945   3.983784    31.6400       1140     4.7458     2.7914  0.000e+00
      7.582    15.6960   3.983758    31.6386       1141     4.7500     2.7924  0.000e+00
      7.530    15.6965   3.983179    31.6331       1142     4.7542     2.7939  0.000e+00
      7.490    15.6940   3.982893    31.6326       1143     4.7583     2.7946  0.000e+00
      7.451    15.6902   3.982733    31.6342       1144     4.7625     2.7947  0.000e+00
      7.409    15.6873   3.982683    31.6361       1145     4.7667     2.7965  0.000e+00
      7.379    15.6853   3.982638    31.6373       1146     4.7708     2.7965  0.000e+00
      7.348    15.6841   3.982657    31.6384       1147     4.7750     2.7949  0.000e+00
      7.314    15.6833   3.982963    31.6418       1148     4.7792     2.7930  0.000e+00
      7.285    15.6842   3.983224    31.6434       1149     4.7833     2.7910  0.000e+00
      7.253    15.6862   3.983173    31.6414       1150     4.7875     2.7900  0.000e+00
      7.221    15.6879   3.982848    31.6371       1151     4.7917     2.7877  0.000e+00
      7.188    15.6874   3.982682    31.6361       1152     4.7958     2.7869  0.000e+00
      7.156    15.6859   3.982657    31.6371       1153     4.8000     2.7866  0.000e+00
      7.125    15.6848   3.982682    31.6382       1154     4.8042     2.7856  0.000e+00
      7.097    15.6841   3.982682    31.6387       1155     4.8083     2.7853  0.000e+00
      7.070    15.6841   3.982682    31.6388       1156     4.8125     2.7854  0.000e+00
      7.046    15.6841   3.982638    31.6384       1157     4.8167     2.7858  0.000e+00
      7.030    15.6839   3.982555    31.6378       1158     4.8208     2.7844  0.000e+00
      7.016    15.6833   3.982542    31.6382       1159     4.8250     2.7857  0.000e+00
      7.000    15.6830   3.982612    31.6390       1160     4.8292     2.7847  0.000e+00
      6.980    15.6828   3.982733    31.6403       1161     4.8333     2.7850  0.000e+00
      6.956    15.6832   3.982873    31.6412       1162     4.8375     2.7850  0.000e+00
      6.920    15.6845   3.983013    31.6414       1163     4.8417     2.7866  0.000e+00
      6.877    15.6861   3.982943    31.6396       1164     4.8458     2.7866  0.000e+00
      6.820    15.6869   3.982873    31.6383       1165     4.8500     2.7887  0.000e+00
      6.750    15.6872   3.982778    31.6373       1166     4.8542     2.7891  0.000e+00
      6.673    15.6869   3.982504    31.6351       1167     4.8583     2.7903  0.000e+00
      6.593    15.6853   3.982517    31.6365       1168     4.8625     2.7916  0.000e+00
      6.505    15.6841   3.982517    31.6376       1169     4.8667     2.7923  0.000e+00
      6.410    15.6835   3.982517    31.6380       1170     4.8708     2.7923  0.000e+00
      6.318    15.6833   3.982517    31.6383       1171     4.8750     2.7923  0.000e+00
      6.230    15.6832   3.982472    31.6380       1172     4.8792     2.7914  0.000e+00
      6.155    15.6832   3.982542    31.6386       1173     4.8833     2.7914  0.000e+00
      6.092    15.6834   3.982708    31.6399       1174     4.8875     2.7914  0.000e+00
      6.047    15.6845   3.982898    31.6407       1175     4.8917     2.7915  0.000e+00
      6.013    15.6861   3.982752    31.6382       1176     4.8958     2.7921  0.000e+00
      5.984    15.6867   3.982707    31.6373       1177     4.9000     2.7912  0.000e+00
      5.963    15.6865   3.982733    31.6377       1178     4.9042     2.7906  0.000e+00
      5.938    15.6867   3.982777    31.6380       1179     4.9083     2.7905  0.000e+00
      5.920    15.6867   3.982822    31.6384       1180     4.9125     2.7901  0.000e+00
      5.893    15.6873   3.982988    31.6394       1181     4.9167     2.7898  0.000e+00
      5.864    15.6881   3.983108    31.6398       1182     4.9208     2.7892  0.000e+00
      5.826    15.6892   3.983153    31.6393       1183     4.9250     2.7893  0.000e+00
      5.770    15.6901   3.983242    31.6394       1184     4.9292     2.7898  0.000e+00
      5.697    15.6911   3.983293    31.6391       1185     4.9333     2.7911  0.000e+00
      5.612    15.6919   3.983318    31.6387       1186     4.9375     2.7919  0.000e+00
      5.521    15.6924   3.983267    31.6379       1187     4.9417     2.7919  0.000e+00
      5.431    15.6925   3.983318    31.6383       1188     4.9458     2.7917  0.000e+00
      5.348    15.6923   3.983503    31.6401       1189     4.9500     2.7918  0.000e+00
      5.274    15.6930   3.983624    31.6407       1190     4.9542     2.7921  0.000e+00
      5.219    15.6942   3.983694    31.6404       1191     4.9583     2.7919  0.000e+00
      5.168    15.6953   3.983732    31.6398       1192     4.9625     2.7925  0.000e+00
      5.141    15.6963   3.983764    31.6393       1193     4.9667     2.7933  0.000e+00
      5.123    15.6968   3.983764    31.6389       1194     4.9708     2.7938  0.000e+00
      5.118    15.6972   3.983834    31.6392       1195     4.9750     2.7946  0.000e+00
      5.123    15.6976   3.983834    31.6389       1196     4.9792     2.7946  0.000e+00
      5.140    15.6979   3.983859    31.6389       1197     4.9833     2.7949  0.000e+00
      5.156    15.6981   3.983878    31.6389       1198     4.9875     2.7960  0.000e+00
      5.176    15.6983   3.983904    31.6389       1199     4.9917     2.7962  0.000e+00
      5.197    15.6985   3.983904    31.6387       1200     4.9958     2.7979  0.000e+00
      5.208    15.6985   3.983783    31.6377       1201     5.0000     2.7980  0.000e+00
      5.206    15.6987   3.983904    31.6386       1202     5.0042     2.7985  0.000e+00
      5.194    15.6990   3.983929    31.6386       1203     5.0083     2.7991  0.000e+00
      5.163    15.6990   3.983948    31.6388       1204     5.0125     2.7995  0.000e+00
      5.116    15.6993   3.984044    31.6394       1205     5.0167     2.7990  0.000e+00
      5.053    15.7000   3.984184    31.6401       1206     5.0208     2.7995  0.000e+00
      4.980    15.7010   3.984375    31.6410       1207     5.0250     2.7998  0.000e+00
      4.895    15.7024   3.984540    31.6413       1208     5.0292     2.8005  0.000e+00
      4.804    15.7039   3.984699    31.6416       1209     5.0333     2.8015  0.000e+00
      4.701    15.7049   3.984470    31.6388       1210     5.0375     2.8024  0.000e+00
      4.586    15.7052   3.984515    31.6390       1211     5.0417     2.8026  0.000e+00
      4.475    15.7051   3.984629    31.6401       1212     5.0458     2.8050  0.000e+00
      4.374    15.7054   3.984464    31.6385       1213     5.0500     2.8059  0.000e+00
      4.286    15.7054   3.984610    31.6398       1214     5.0542     2.8081  0.000e+00
      4.200    15.7055   3.984629    31.6399       1215     5.0583     2.8083  0.000e+00
      4.133    15.7058   3.984655    31.6400       1216     5.0625     2.8098  0.000e+00
      4.088    15.7058   3.984655    31.6399       1217     5.0667     2.8091  0.000e+00
      4.049    15.7060   3.984680    31.6400       1218     5.0708     2.8104  0.000e+00
      4.022    15.7063   3.984642    31.6394       1219     5.0750     2.8106  0.000e+00
      4.004    15.7063   3.984655    31.6396       1220     5.0792     2.8113  0.000e+00
      3.986    15.7064   3.984655    31.6395       1221     5.0833     2.8115  0.000e+00
      3.984    15.7063   3.984680    31.6398       1222     5.0875     2.8099  0.000e+00
      3.988    15.7066   3.984699    31.6398       1223     5.0917     2.8097  0.000e+00
      3.982    15.7066   3.984699    31.6398       1224     5.0958     2.8079  0.000e+00
      3.972    15.7067   3.984750    31.6401       1225     5.1000     2.8080  0.000e+00
      3.952    15.7067   3.984769    31.6403       1226     5.1042     2.8065  0.000e+00
      3.923    15.7070   3.984795    31.6403       1227     5.1083     2.8054  0.000e+00
      3.889    15.7072   3.984814    31.6403       1228     5.1125     2.8037  0.000e+00
      3.842    15.7074   3.984795    31.6400       1229     5.1167     2.8044  0.000e+00
      3.785    15.7075   3.984769    31.6397       1230     5.1208     2.8046  0.000e+00
      3.716    15.7074   3.984750    31.6396       1231     5.1250     2.8065  0.000e+00
      3.636    15.7073   3.984654    31.6389       1232     5.1292     2.8093  0.000e+00
      3.551    15.7068   3.984629    31.6391       1233     5.1333     2.8117  0.000e+00
      3.459    15.7066   3.984724    31.6402       1234     5.1375     2.8117  0.000e+00
      3.366    15.7063   3.984680    31.6400       1235     5.1417     2.8127  0.000e+00
      3.283    15.7062   3.984750    31.6408       1236     5.1458     2.8137  0.000e+00
      3.210    15.7064   3.984769    31.6408       1237     5.1500     2.8138  0.000e+00
      3.152    15.7067   3.984750    31.6404       1238     5.1542     2.8141  0.000e+00
      3.113    15.7068   3.984769    31.6405       1239     5.1583     2.8134  0.000e+00
      3.077    15.7068   3.984794    31.6408       1240     5.1625     2.8124  0.000e+00
      3.050    15.7072   3.984820    31.6407       1241     5.1667     2.8121  0.000e+00
      3.034    15.7075   3.984769    31.6400       1242     5.1708     2.8110  0.000e+00
      3.019    15.7076   3.984680    31.6391       1243     5.1750     2.8091  0.000e+00
      3.007    15.7073   3.984610    31.6387       1244     5.1792     2.8096  0.000e+00
      2.990    15.7069   3.984610    31.6391       1245     5.1833     2.8097  0.000e+00
      2.967    15.7064   3.984667    31.6400       1246     5.1875     2.8115  0.000e+00
      2.944    15.7064   3.984724    31.6405       1247     5.1917     2.8123  0.000e+00
      2.904    15.7064   3.984839    31.6415       1248     5.1958     2.8120  0.000e+00
      2.868    15.7067   3.984960    31.6424       1249     5.2000     2.8122  0.000e+00
      2.832    15.7077   3.985125    31.6431       1250     5.2042     2.8109  0.000e+00
      2.798    15.7085   3.985335    31.6443       1251     5.2083     2.8092  0.000e+00
      2.773    15.7100   3.985450    31.6442       1252     5.2125     2.8083  0.000e+00
      2.752    15.7112   3.985520    31.6438       1253     5.2167     2.8088  0.000e+00
      2.732    15.7122   3.985545    31.6432       1254     5.2208     2.8086  0.000e+00
      2.714    15.7130   3.985552    31.6426       1255     5.2250     2.8109  0.000e+00
      2.678    15.7137   3.985545    31.6421       1256     5.2292     2.8118  0.000e+00
      2.635    15.7141   3.985545    31.6418       1257     5.2333     2.8121  0.000e+00
      2.577    15.7143   3.985545    31.6416       1258     5.2375     2.8136  0.000e+00
      2.493    15.7143   3.985501    31.6412       1259     5.2417     2.8142  0.000e+00
      2.410    15.7141   3.985361    31.6401       1260     5.2458     2.8161  0.000e+00
      2.333    15.7138   3.985099    31.6381       1261     5.2500     2.8169  0.000e+00
      2.261    15.7126   3.985170    31.6398       1262     5.2542     2.8187  0.000e+00
      2.168    15.7116   3.985214    31.6410       1263     5.2583     2.8193  0.000e+00
      2.054    15.7115   3.985163    31.6406       1264     5.2625     2.8199  0.000e+00
      1.936    15.7112   3.985055    31.6400       1265     5.2667     2.8203  0.000e+00
      1.819    15.7107   3.984959    31.6395       1266     5.2708     2.8201  0.000e+00
      1.731    15.7103   3.984864    31.6390       1267     5.2750     2.8206  0.000e+00
      1.670    15.7098   3.984889    31.6397       1268     5.2792     2.8208  0.000e+00
