PC2305/sbe036.cnv
* Sea-Bird SBE 19plus V2 Data File:
* FileName = C:\cruise\data\sbe036.hex
* Software Version Seasave V 7.26.7.121
* Temperature SN = 7142
* Conductivity SN = 7142
* System UpLoad Time = Oct 30 2023 08:03:55
** Cruise: PC2205
** Program: ECOMON
# nquan = 8
# nvalues = 1765                                  
# units = specified
# name 0 = depSM: Depth [salt water, m], lat = 40.00
# name 1 = tv290C: Temperature [ITS-90, deg C]
# name 2 = c0S/m: Conductivity [S/m]
# name 3 = sal00: Salinity, Practical [PSU]
# name 4 = scan: Scan Count
# name 5 = timeM: Time, Elapsed [minutes]
# name 6 = sbeox0V: Oxygen raw, SBE 43 [V]
# name 7 = flag:  0.000e+00
# span 0 =     -0.081,     26.767                 
# span 1 =    17.8230,    18.3385                 
# span 2 =   0.000037,   4.371038                 
# span 3 =     0.0092,    33.2068                 
# span 4 =         11,       1775                 
# span 5 =     0.0417,     7.3917                 
# span 6 =     2.3281,     3.1253                 
# span 7 = 0.0000e+00, 0.0000e+00                 
# interval = seconds: 0.25
# start_time = Oct 30 2023 08:03:55 [System UTC, header]
# bad_flag = -9.990e-29
*END*
[from data line 1618]
      3.721    18.1604   4.309258    32.4855       1629     6.7833     3.0108  0.000e+00
      3.628    18.1631   4.309370    32.4843       1630     6.7875     3.0107  0.000e+00
      3.542    18.1667   4.309245    32.4804       1631     6.7917     3.0112  0.000e+00
      3.472    18.1688   4.309054    32.4772       1632     6.7958     3.0108  0.000e+00
      3.414    18.1690   4.309093    32.4774       1633     6.8000     3.0111  0.000e+00
      3.364    18.1690   4.308995    32.4766       1634     6.8042     3.0112  0.000e+00
      3.324    18.1689   4.308666    32.4739       1635     6.8083     3.0121  0.000e+00
      3.290    18.1678   4.308627    32.4745       1636     6.8125     3.0131  0.000e+00
      3.270    18.1669   4.308357    32.4729       1637     6.8167     3.0130  0.000e+00
      3.251    18.1655   4.308482    32.4751       1638     6.8208     3.0142  0.000e+00
      3.236    18.1650   4.308482    32.4755       1639     6.8250     3.0150  0.000e+00
      3.211    18.1649   4.308528    32.4760       1640     6.8292     3.0117  0.000e+00
      3.179    18.1651   4.308429    32.4750       1641     6.8333     3.0089  0.000e+00
      3.137    18.1649   4.308258    32.4737       1642     6.8375     3.0089  0.000e+00
      3.105    18.1643   4.308160    32.4734       1643     6.8417     3.0094  0.000e+00
      3.078    18.1637   4.307680    32.4699       1644     6.8458     3.0089  0.000e+00
      3.057    18.1624   4.307265    32.4674       1645     6.8500     3.0092  0.000e+00
      3.033    18.1599   4.306628    32.4640       1646     6.8542     3.0091  0.000e+00
      3.019    18.1570   4.306391    32.4643       1647     6.8583     3.0098  0.000e+00
      3.006    18.1542   4.306207    32.4650       1648     6.8625     3.0096  0.000e+00
      2.990    18.1520   4.305826    32.4635       1649     6.8667     3.0095  0.000e+00
      2.970    18.1498   4.305885    32.4658       1650     6.8708     3.0086  0.000e+00
      2.947    18.1485   4.305885    32.4668       1651     6.8750     3.0082  0.000e+00
      2.924    18.1481   4.306135    32.4692       1652     6.8792     3.0085  0.000e+00
      2.889    18.1485   4.305885    32.4669       1653     6.8833     3.0089  0.000e+00
      2.846    18.1480   4.305589    32.4647       1654     6.8875     3.0089  0.000e+00
      2.782    18.1477   4.305385    32.4633       1655     6.8917     3.0072  0.000e+00
      2.694    18.1465   4.305221    32.4629       1656     6.8958     3.0069  0.000e+00
      2.602    18.1452   4.305122    32.4631       1657     6.9000     3.0061  0.000e+00
      2.505    18.1439   4.305155    32.4645       1658     6.9042     3.0076  0.000e+00
      2.419    18.1433   4.305142    32.4649       1659     6.9083     3.0092  0.000e+00
      2.354    18.1429   4.305267    32.4663       1660     6.9125     3.0098  0.000e+00
      2.311    18.1430   4.305280    32.4663       1661     6.9167     3.0091  0.000e+00
      2.289    18.1431   4.305293    32.4663       1662     6.9208     3.0085  0.000e+00
      2.284    18.1434   4.305339    32.4665       1663     6.9250     3.0091  0.000e+00
      2.296    18.1435   4.305517    32.4679       1664     6.9292     3.0080  0.000e+00
      2.304    18.1439   4.305714    32.4692       1665     6.9333     3.0087  0.000e+00
      2.323    18.1449   4.305799    32.4691       1666     6.9375     3.0104  0.000e+00
      2.349    18.1457   4.305812    32.4686       1667     6.9417     3.0118  0.000e+00
      2.365    18.1463   4.305714    32.4673       1668     6.9458     3.0111  0.000e+00
      2.377    18.1465   4.305412    32.4646       1669     6.9500     3.0114  0.000e+00
      2.385    18.1458   4.305366    32.4648       1670     6.9542     3.0115  0.000e+00
      2.359    18.1449   4.305760    32.4688       1671     6.9583     3.0111  0.000e+00
      2.300    18.1451   4.305924    32.4701       1672     6.9625     3.0106  0.000e+00
      2.190    18.1462   4.306108    32.4708       1673     6.9667     3.0111  0.000e+00
      2.066    18.1473   4.306305    32.4717       1674     6.9708     3.0106  0.000e+00
      1.966    18.1482   4.305950    32.4679       1675     6.9750     3.0110  0.000e+00
      1.885    18.1488   4.306036    32.4682       1676     6.9792     3.0108  0.000e+00
      1.845    18.1485   4.305858    32.4669       1677     6.9833     3.0111  0.000e+00
      1.847    18.1483   4.305898    32.4675       1678     6.9875     3.0102  0.000e+00
      1.858    18.1480   4.305957    32.4682       1679     6.9917     3.0097  0.000e+00
      1.863    18.1479   4.305898    32.4677       1680     6.9958     3.0119  0.000e+00
      1.840    18.1480   4.305839    32.4672       1681     7.0000     3.0128  0.000e+00
      1.793    18.1479   4.305714    32.4662       1682     7.0042     3.0143  0.000e+00
      1.729    18.1473   4.305641    32.4661       1683     7.0083     3.0151  0.000e+00
      1.668    18.1467   4.305516    32.4656       1684     7.0125     3.0159  0.000e+00
      1.601    18.1462   4.305641    32.4670       1685     7.0167     3.0156  0.000e+00
      1.540    18.1460   4.305825    32.4688       1686     7.0208     3.0153  0.000e+00
      1.486    18.1462   4.305786    32.4683       1687     7.0250     3.0156  0.000e+00
      1.439    18.1466   4.305713    32.4674       1688     7.0292     3.0146  0.000e+00
      1.416    18.1463   4.305332    32.4644       1689     7.0333     3.0143  0.000e+00
      1.432    18.1453   4.305464    32.4664       1690     7.0375     3.0129  0.000e+00
      1.452    18.1447   4.305391    32.4662       1691     7.0417     3.0125  0.000e+00
      1.473    18.1443   4.305359    32.4662       1692     7.0458     3.0109  0.000e+00
      1.491    18.1441   4.305267    32.4656       1693     7.0500     3.0098  0.000e+00
      1.509    18.1436   4.305102    32.4646       1694     7.0542     3.0083  0.000e+00
      1.526    18.1429   4.305194    32.4660       1695     7.0583     3.0066  0.000e+00
      1.551    18.1425   4.305365    32.4677       1696     7.0625     3.0059  0.000e+00
      1.556    18.1429   4.305464    32.4682       1697     7.0667     3.0070  0.000e+00
      1.556    18.1437   4.305516    32.4680       1698     7.0708     3.0076  0.000e+00
      1.538    18.1443   4.305740    32.4694       1699     7.0750     3.0089  0.000e+00
      1.490    18.1450   4.305201    32.4643       1700     7.0792     3.0099  0.000e+00
      1.418    18.1447   4.304530    32.4590       1701     7.0833     3.0104  0.000e+00
      1.312    18.1426   4.304504    32.4604       1702     7.0875     3.0099  0.000e+00
      1.199    18.1403   4.304018    32.4582       1703     7.0917     3.0114  0.000e+00
      1.125    18.1383   4.303761    32.4576       1704     7.0958     3.0108  0.000e+00
      1.096    18.1359   4.303735    32.4593       1705     7.1000     3.0095  0.000e+00
      1.112    18.1346   4.303788    32.4608       1706     7.1042     3.0077  0.000e+00
      1.159    18.1336   4.303814    32.4618       1707     7.1083     3.0060  0.000e+00
      1.211    18.1335   4.303834    32.4620       1708     7.1125     3.0040  0.000e+00
      1.258    18.1334   4.303886    32.4626       1709     7.1167     3.0011  0.000e+00
      1.297    18.1335   4.303860    32.4622       1710     7.1208     3.0006  0.000e+00
      1.308    18.1334   4.303761    32.4615       1711     7.1250     3.0018  0.000e+00
      1.279    18.1332   4.303538    32.4598       1712     7.1292     3.0035  0.000e+00
      1.172    18.1329   4.303564    32.4603       1713     7.1333     3.0053  0.000e+00
      1.022    18.1325   4.303525    32.4603       1714     7.1375     3.0042  0.000e+00
      0.871    18.1323   4.303439    32.4598       1715     7.1417     3.0044  0.000e+00
      0.771    18.1321   4.303465    32.4602       1716     7.1458     3.0044  0.000e+00
      0.748    18.1319   4.303630    32.4617       1717     7.1500     3.0040  0.000e+00
      0.767    18.1321   4.303860    32.4635       1718     7.1542     3.0040  0.000e+00
      0.827    18.1328   4.303761    32.4621       1719     7.1583     3.0052  0.000e+00
      0.882    18.1333   4.303807    32.4621       1720     7.1625     3.0069  0.000e+00
      0.913    18.1335   4.303834    32.4622       1721     7.1667     3.0072  0.000e+00
      0.915    18.1336   4.303682    32.4608       1722     7.1708     3.0069  0.000e+00
      0.862    18.1336   4.303341    32.4579       1723     7.1750     3.0069  0.000e+00
      0.765    18.1328   4.303321    32.4585       1724     7.1792     3.0060  0.000e+00
      0.632    18.1319   4.303242    32.4585       1725     7.1833     3.0045  0.000e+00
      0.503    18.1313   4.303124    32.4580       1726     7.1875     3.0043  0.000e+00
      0.424    18.1307   4.303196    32.4592       1727     7.1917     3.0059  0.000e+00
      0.449    18.1302   4.303242    32.4599       1728     7.1958     3.0065  0.000e+00
      0.535    18.1301   4.303242    32.4600       1729     7.2000     3.0075  0.000e+00
      0.625    18.1302   4.303242    32.4599       1730     7.2042     3.0071  0.000e+00
      0.706    18.1305   4.303295    32.4601       1731     7.2083     3.0075  0.000e+00
      0.756    18.1306   4.303321    32.4602       1732     7.2125     3.0069  0.000e+00
      0.787    18.1307   4.303295    32.4599       1733     7.2167     3.0059  0.000e+00
      0.776    18.1308   4.303538    32.4618       1734     7.2208     3.0055  0.000e+00
      0.674    18.1316   4.303617    32.4619       1735     7.2250     3.0057  0.000e+00
      0.543    18.1320   4.303268    32.4587       1736     7.2292     3.0049  0.000e+00
      0.456    18.1320   4.303170    32.4579       1737     7.2333     3.0050  0.000e+00
      0.442    18.1315   4.303170    32.4583       1738     7.2375     3.0050  0.000e+00
      0.426    18.1308   4.303117    32.4584       1739     7.2417     3.0050  0.000e+00
      0.429    18.1306   4.303124    32.4586       1740     7.2458     3.0053  0.000e+00
      0.467    18.1303   4.302999    32.4578       1741     7.2500     3.0062  0.000e+00
      0.476    18.1297   4.302959    32.4580       1742     7.2542     3.0058  0.000e+00
      0.460    18.1290   4.302900    32.4580       1743     7.2583     3.0072  0.000e+00
      0.530    18.1283   4.302802    32.4577       1744     7.2625     3.0091  0.000e+00
      0.668    18.1281   4.302874    32.4585       1745     7.2667     3.0098  0.000e+00
      0.780    18.1276   4.302920    32.4592       1746     7.2708     3.0095  0.000e+00
      0.846    18.1277   4.302986    32.4596       1747     7.2750     3.0078  0.000e+00
      0.886    18.1280   4.303144    32.4607       1748     7.2792     3.0079  0.000e+00
      0.843    18.1287   4.303268    32.4612       1749     7.2833     3.0075  0.000e+00
      0.703    18.1296   4.303216    32.4601       1750     7.2875     3.0072  0.000e+00
      0.519    18.1302   4.303170    32.4593       1751     7.2917     3.0063  0.000e+00
      0.298    18.1303   4.302946    32.4574       1752     7.2958     3.0060  0.000e+00
      0.083    18.1297   4.302854    32.4572       1753     7.3000     3.0063  0.000e+00
     -0.072    18.1287   2.591331    18.5241       1754     7.3042     3.0069  0.000e+00
     -0.081    18.1281   0.785552     5.0807       1755     7.3083     3.0077  0.000e+00
     -0.072    18.1299   0.486530     3.0440       1756     7.3125     3.0105  0.000e+00
      0.047    18.1330   3.658896    27.0963       1757     7.3167     3.0150  0.000e+00
      0.183    18.1313   3.596730    26.5873       1758     7.3208     3.0166  0.000e+00
      0.282    18.1293   2.596120    18.5613       1759     7.3250     3.0240  0.000e+00
      0.361    18.1281   2.991482    21.6917       1760     7.3292     3.0384  0.000e+00
      0.401    18.1275   3.803194    28.2887       1761     7.3333     3.0548  0.000e+00
      0.388    18.1271   2.346729    16.6178       1762     7.3375     3.0729  0.000e+00
      0.358    18.1269   1.701002    11.6999       1763     7.3417     3.0921  0.000e+00
      0.388    18.1269   3.800583    28.2676       1764     7.3458     3.1108  0.000e+00
      0.429    18.1268   4.162517    31.2799       1765     7.3500     3.1220  0.000e+00
      0.415    18.1269   3.471505    25.5665       1766     7.3542     3.1253  0.000e+00
      0.343    18.1271   1.676387    11.5160       1767     7.3583     3.1231  0.000e+00
      0.207    18.1273   0.951163     6.2403       1768     7.3625     3.1170  0.000e+00
      0.016    18.1252   1.131853     7.5270       1769     7.3667     3.1086  0.000e+00
     -0.074    18.1234   0.838837     5.4522       1770     7.3708     3.0944  0.000e+00
     -0.079    18.1241   0.780456     5.0458       1771     7.3750     3.0798  0.000e+00
     -0.018    18.1253   1.640618    11.2498       1772     7.3792     3.0668  0.000e+00
      0.164    18.1273   0.893453     5.8340       1773     7.3833     3.0578  0.000e+00
      0.361    18.1296   1.648947    11.3106       1774     7.3875     3.0530  0.000e+00
      0.535    18.1300   3.710571    27.5231       1775     7.3917     3.0555  0.000e+00
