PC2305/sbe056.cnv
* Sea-Bird SBE 19plus V2 Data File:
* FileName = C:\cruise\data\sbe056.hex
* Software Version Seasave V 7.26.7.121
* Temperature SN = 7142
* Conductivity SN = 7142
* System UpLoad Time = Nov 01 2023 19:31:33
** Cruise: PC2205
** Program: ECOMON
# nquan = 8
# nvalues = 1291                                  
# units = specified
# name 0 = depSM: Depth [salt water, m], lat = 40.00
# name 1 = tv290C: Temperature [ITS-90, deg C]
# name 2 = c0S/m: Conductivity [S/m]
# name 3 = sal00: Salinity, Practical [PSU]
# name 4 = scan: Scan Count
# name 5 = timeM: Time, Elapsed [minutes]
# name 6 = sbeox0V: Oxygen raw, SBE 43 [V]
# name 7 = flag:  0.000e+00
# span 0 =     -0.044,     19.342                 
# span 1 =     9.7846,    17.3389                 
# span 2 =   0.000045,   4.167443                 
# span 3 =     0.0050,    32.8291                 
# span 4 =         11,       1301                 
# span 5 =     0.0417,     5.4167                 
# span 6 =     2.1678,     3.0379                 
# span 7 = 0.0000e+00, 0.0000e+00                 
# interval = seconds: 0.25
# start_time = Nov 01 2023 19:31:33 [System UTC, header]
# bad_flag = -9.990e-29
*END*
[from data line 1079]
      6.224    17.3362   4.165700    31.9181       1090     4.5375     2.8137  0.000e+00
      5.917    17.3367   4.165726    31.9181       1091     4.5417     2.8139  0.000e+00
      5.637    17.3370   4.165706    31.9177       1092     4.5458     2.8138  0.000e+00
      5.398    17.3372   4.165700    31.9176       1093     4.5500     2.8153  0.000e+00
      5.231    17.3371   4.165674    31.9175       1094     4.5542     2.8164  0.000e+00
      5.175    17.3371   4.165479    31.9159       1095     4.5583     2.8163  0.000e+00
      5.189    17.3361   4.165375    31.9158       1096     4.5625     2.8141  0.000e+00
      5.290    17.3352   4.165226    31.9152       1097     4.5667     2.8149  0.000e+00
      5.455    17.3336   4.165304    31.9171       1098     4.5708     2.8119  0.000e+00
      5.640    17.3329   4.165473    31.9190       1099     4.5750     2.8121  0.000e+00
      5.836    17.3330   4.165648    31.9204       1100     4.5792     2.8092  0.000e+00
      6.029    17.3342   4.165700    31.9198       1101     4.5833     2.8088  0.000e+00
      6.199    17.3351   4.165706    31.9191       1102     4.5875     2.8069  0.000e+00
      6.356    17.3358   4.165752    31.9189       1103     4.5917     2.8065  0.000e+00
      6.503    17.3364   4.165778    31.9186       1104     4.5958     2.8059  0.000e+00
      6.643    17.3367   4.165830    31.9187       1105     4.6000     2.8066  0.000e+00
      6.755    17.3370   4.165901    31.9190       1106     4.6042     2.8066  0.000e+00
      6.828    17.3376   4.165921    31.9187       1107     4.6083     2.8060  0.000e+00
      6.866    17.3380   4.165849    31.9177       1108     4.6125     2.8047  0.000e+00
      6.844    17.3380   4.165823    31.9175       1109     4.6167     2.8053  0.000e+00
      6.796    17.3379   4.165752    31.9171       1110     4.6208     2.8058  0.000e+00
      6.728    17.3375   4.165804    31.9178       1111     4.6250     2.8056  0.000e+00
      6.627    17.3374   4.165921    31.9190       1112     4.6292     2.8060  0.000e+00
      6.508    17.3375   4.165875    31.9185       1113     4.6333     2.8068  0.000e+00
      6.381    17.3376   4.165804    31.9178       1114     4.6375     2.8068  0.000e+00
      6.226    17.3376   4.165700    31.9170       1115     4.6417     2.8096  0.000e+00
      6.082    17.3374   4.165797    31.9181       1116     4.6458     2.8109  0.000e+00
      5.953    17.3371   4.165849    31.9188       1117     4.6500     2.8118  0.000e+00
      5.809    17.3375   4.165804    31.9182       1118     4.6542     2.8136  0.000e+00
      5.662    17.3377   4.165823    31.9182       1119     4.6583     2.8135  0.000e+00
      5.540    17.3378   4.165797    31.9180       1120     4.6625     2.8150  0.000e+00
      5.448    17.3378   4.165803    31.9180       1121     4.6667     2.8146  0.000e+00
      5.376    17.3379   4.165797    31.9180       1122     4.6708     2.8143  0.000e+00
      5.329    17.3378   4.165777    31.9179       1123     4.6750     2.8135  0.000e+00
      5.297    17.3378   4.165687    31.9171       1124     4.6792     2.8141  0.000e+00
      5.288    17.3378   4.165797    31.9180       1125     4.6833     2.8136  0.000e+00
      5.292    17.3378   4.165849    31.9185       1126     4.6875     2.8112  0.000e+00
      5.317    17.3379   4.165920    31.9190       1127     4.6917     2.8101  0.000e+00
      5.347    17.3381   4.165998    31.9195       1128     4.6958     2.8095  0.000e+00
      5.369    17.3384   4.165946    31.9188       1129     4.7000     2.8058  0.000e+00
      5.383    17.3388   4.165946    31.9185       1130     4.7042     2.8053  0.000e+00
      5.389    17.3389   4.165901    31.9180       1131     4.7083     2.8049  0.000e+00
      5.387    17.3386   4.165823    31.9176       1132     4.7125     2.8059  0.000e+00
      5.387    17.3385   4.165803    31.9175       1133     4.7167     2.8062  0.000e+00
      5.371    17.3380   4.165751    31.9174       1134     4.7208     2.8060  0.000e+00
      5.363    17.3379   4.165777    31.9178       1135     4.7250     2.8070  0.000e+00
      5.371    17.3375   4.165758    31.9179       1136     4.7292     2.8076  0.000e+00
      5.396    17.3377   4.165752    31.9177       1137     4.7333     2.8080  0.000e+00
      5.421    17.3375   4.165752    31.9179       1138     4.7375     2.8079  0.000e+00
      5.439    17.3374   4.165752    31.9179       1139     4.7417     2.8089  0.000e+00
      5.435    17.3373   4.165687    31.9174       1140     4.7458     2.8088  0.000e+00
      5.430    17.3370   4.165628    31.9171       1141     4.7500     2.8085  0.000e+00
      5.408    17.3370   4.165674    31.9176       1142     4.7542     2.8063  0.000e+00
      5.365    17.3364   4.165473    31.9164       1143     4.7583     2.8063  0.000e+00
      5.313    17.3358   4.165304    31.9154       1144     4.7625     2.8066  0.000e+00
      5.230    17.3344   4.165356    31.9170       1145     4.7667     2.8060  0.000e+00
      5.135    17.3338   4.165401    31.9179       1146     4.7708     2.8078  0.000e+00
      5.033    17.3335   4.165356    31.9178       1147     4.7750     2.8092  0.000e+00
      4.939    17.3335   4.165550    31.9194       1148     4.7792     2.8104  0.000e+00
      4.857    17.3341   4.165615    31.9195       1149     4.7833     2.8106  0.000e+00
      4.772    17.3350   4.165226    31.9155       1150     4.7875     2.8114  0.000e+00
      4.707    17.3340   4.165103    31.9153       1151     4.7917     2.8129  0.000e+00
      4.657    17.3324   4.165090    31.9165       1152     4.7958     2.8122  0.000e+00
      4.648    17.3314   4.165129    31.9176       1153     4.8000     2.8139  0.000e+00
      4.636    17.3310   4.165129    31.9180       1154     4.8042     2.8117  0.000e+00
      4.601    17.3309   4.165135    31.9181       1155     4.8083     2.8114  0.000e+00
      4.600    17.3307   4.165129    31.9182       1156     4.8125     2.8118  0.000e+00
      4.612    17.3310   4.165103    31.9177       1157     4.8167     2.8114  0.000e+00
      4.675    17.3307   4.165083    31.9178       1158     4.8208     2.8119  0.000e+00
      4.736    17.3305   4.165116    31.9182       1159     4.8250     2.8113  0.000e+00
      4.772    17.3304   4.165181    31.9188       1160     4.8292     2.8130  0.000e+00
      4.812    17.3309   4.165330    31.9197       1161     4.8333     2.8112  0.000e+00
      4.840    17.3315   4.165401    31.9198       1162     4.8375     2.8138  0.000e+00
      4.858    17.3325   4.165375    31.9188       1163     4.8417     2.8131  0.000e+00
      4.848    17.3329   4.165278    31.9177       1164     4.8458     2.8126  0.000e+00
      4.856    17.3329   4.165233    31.9173       1165     4.8500     2.8138  0.000e+00
      4.833    17.3323   4.165401    31.9192       1166     4.8542     2.8132  0.000e+00
      4.803    17.3330   4.165375    31.9184       1167     4.8583     2.8148  0.000e+00
      4.754    17.3341   4.165589    31.9194       1168     4.8625     2.8160  0.000e+00
      4.652    17.3348   4.165550    31.9185       1169     4.8667     2.8164  0.000e+00
      4.511    17.3350   4.165550    31.9184       1170     4.8708     2.8171  0.000e+00
      4.353    17.3354   4.165660    31.9191       1171     4.8750     2.8168  0.000e+00
      4.184    17.3360   4.165725    31.9193       1172     4.8792     2.8163  0.000e+00
      4.035    17.3365   4.165725    31.9189       1173     4.8833     2.8150  0.000e+00
      3.904    17.3369   4.165517    31.9169       1174     4.8875     2.8129  0.000e+00
      3.809    17.3364   4.165550    31.9176       1175     4.8917     2.8105  0.000e+00
      3.760    17.3360   4.165550    31.9179       1176     4.8958     2.8107  0.000e+00
      3.733    17.3360   4.165472    31.9173       1177     4.9000     2.8112  0.000e+00
      3.710    17.3355   4.165083    31.9143       1178     4.9042     2.8112  0.000e+00
      3.692    17.3337   4.165057    31.9155       1179     4.9083     2.8102  0.000e+00
      3.681    17.3318   4.165102    31.9174       1180     4.9125     2.8077  0.000e+00
      3.686    17.3312   4.164999    31.9170       1181     4.9167     2.8061  0.000e+00
      3.688    17.3305   4.164953    31.9172       1182     4.9208     2.8075  0.000e+00
      3.681    17.3297   4.165031    31.9185       1183     4.9250     2.8073  0.000e+00
      3.672    17.3296   4.164973    31.9180       1184     4.9292     2.8081  0.000e+00
      3.668    17.3295   4.165180    31.9199       1185     4.9333     2.8086  0.000e+00
      3.661    17.3301   4.165128    31.9190       1186     4.9375     2.8092  0.000e+00
      3.652    17.3306   4.164999    31.9175       1187     4.9417     2.8091  0.000e+00
      3.634    17.3306   4.165031    31.9177       1188     4.9458     2.8099  0.000e+00
      3.609    17.3300   4.165031    31.9182       1189     4.9500     2.8102  0.000e+00
      3.579    17.3301   4.164759    31.9158       1190     4.9542     2.8090  0.000e+00
      3.537    17.3287   4.164908    31.9182       1191     4.9583     2.8090  0.000e+00
      3.498    17.3285   4.164979    31.9190       1192     4.9625     2.8101  0.000e+00
      3.428    17.3287   4.165135    31.9202       1193     4.9667     2.8093  0.000e+00
      3.358    17.3300   4.165303    31.9207       1194     4.9708     2.8097  0.000e+00
      3.305    17.3313   4.165277    31.9194       1195     4.9750     2.8102  0.000e+00
      3.293    17.3324   4.165303    31.9188       1196     4.9792     2.8118  0.000e+00
      3.313    17.3331   4.165277    31.9180       1197     4.9833     2.8139  0.000e+00
      3.345    17.3334   4.165355    31.9185       1198     4.9875     2.8134  0.000e+00
      3.397    17.3338   4.165355    31.9181       1199     4.9917     2.8135  0.000e+00
      3.446    17.3340   4.165375    31.9181       1200     4.9958     2.8121  0.000e+00
      3.505    17.3343   4.165427    31.9183       1201     5.0000     2.8109  0.000e+00
      3.561    17.3345   4.165453    31.9184       1202     5.0042     2.8107  0.000e+00
      3.607    17.3352   4.165446    31.9177       1203     5.0083     2.8108  0.000e+00
      3.625    17.3352   4.165401    31.9173       1204     5.0125     2.8086  0.000e+00
      3.618    17.3351   4.165375    31.9171       1205     5.0167     2.8098  0.000e+00
      3.578    17.3348   4.165401    31.9176       1206     5.0208     2.8082  0.000e+00
      3.514    17.3346   4.165375    31.9176       1207     5.0250     2.8084  0.000e+00
      3.411    17.3347   4.165401    31.9178       1208     5.0292     2.8091  0.000e+00
      3.298    17.3348   4.165446    31.9181       1209     5.0333     2.8095  0.000e+00
      3.180    17.3351   4.165206    31.9159       1210     5.0375     2.8090  0.000e+00
      3.063    17.3342   4.165225    31.9168       1211     5.0417     2.8101  0.000e+00
      2.973    17.3336   4.165258    31.9176       1212     5.0458     2.8105  0.000e+00
      2.894    17.3334   4.165083    31.9163       1213     5.0500     2.8120  0.000e+00
      2.838    17.3329   4.165154    31.9173       1214     5.0542     2.8124  0.000e+00
      2.784    17.3321   4.165206    31.9184       1215     5.0583     2.8102  0.000e+00
      2.737    17.3325   4.165251    31.9184       1216     5.0625     2.8106  0.000e+00
      2.707    17.3330   4.165277    31.9183       1217     5.0667     2.8098  0.000e+00
      2.687    17.3332   4.165206    31.9175       1218     5.0708     2.8098  0.000e+00
      2.657    17.3332   4.164946    31.9153       1219     5.0750     2.8085  0.000e+00
      2.604    17.3320   4.164681    31.9141       1220     5.0792     2.8071  0.000e+00
      2.565    17.3302   4.164758    31.9161       1221     5.0833     2.8076  0.000e+00
      2.558    17.3286   4.164901    31.9186       1222     5.0875     2.8073  0.000e+00
      2.581    17.3286   4.164908    31.9186       1223     5.0917     2.8074  0.000e+00
      2.626    17.3289   4.164804    31.9175       1224     5.0958     2.8066  0.000e+00
      2.685    17.3290   4.164947    31.9187       1225     5.1000     2.8068  0.000e+00
      2.759    17.3290   4.165005    31.9191       1226     5.1042     2.8066  0.000e+00
      2.818    17.3294   4.164908    31.9180       1227     5.1083     2.8089  0.000e+00
      2.881    17.3295   4.164875    31.9176       1228     5.1125     2.8095  0.000e+00
      2.933    17.3291   4.164934    31.9183       1229     5.1167     2.8073  0.000e+00
      2.957    17.3291   4.165057    31.9194       1230     5.1208     2.8089  0.000e+00
      2.926    17.3296   4.165303    31.9211       1231     5.1250     2.8098  0.000e+00
      2.818    17.3310   4.164953    31.9171       1232     5.1292     2.8110  0.000e+00
      2.656    17.3309   4.164583    31.9141       1233     5.1333     2.8124  0.000e+00
      2.466    17.3288   4.164402    31.9142       1234     5.1375     2.8131  0.000e+00
      2.292    17.3265   4.164583    31.9176       1235     5.1417     2.8128  0.000e+00
      2.155    17.3254   4.164609    31.9187       1236     5.1458     2.8127  0.000e+00
      2.063    17.3259   4.164408    31.9167       1237     5.1500     2.8122  0.000e+00
      2.010    17.3250   4.164214    31.9157       1238     5.1542     2.8143  0.000e+00
      1.992    17.3239   4.164110    31.9157       1239     5.1583     2.8146  0.000e+00
      2.011    17.3223   4.164214    31.9179       1240     5.1625     2.8138  0.000e+00
      2.063    17.3217   4.164259    31.9187       1241     5.1667     2.8102  0.000e+00
      2.132    17.3218   4.164188    31.9180       1242     5.1708     2.8094  0.000e+00
      2.209    17.3214   4.164188    31.9183       1243     5.1750     2.8086  0.000e+00
      2.288    17.3212   4.164214    31.9187       1244     5.1792     2.8089  0.000e+00
      2.347    17.3213   4.164214    31.9186       1245     5.1833     2.8086  0.000e+00
      2.394    17.3215   4.164434    31.9203       1246     5.1875     2.8087  0.000e+00
      2.421    17.3223   4.164616    31.9212       1247     5.1917     2.8108  0.000e+00
      2.417    17.3245   4.164661    31.9198       1248     5.1958     2.8108  0.000e+00
      2.401    17.3257   4.164707    31.9193       1249     5.2000     2.8116  0.000e+00
      2.363    17.3263   4.164784    31.9195       1250     5.2042     2.8125  0.000e+00
      2.304    17.3276   4.165031    31.9206       1251     5.2083     2.8140  0.000e+00
      2.241    17.3290   4.165031    31.9195       1252     5.2125     2.8155  0.000e+00
      2.191    17.3300   4.165089    31.9192       1253     5.2167     2.8140  0.000e+00
      2.155    17.3307   4.164933    31.9174       1254     5.2208     2.8131  0.000e+00
      2.115    17.3308   4.164855    31.9167       1255     5.2250     2.8121  0.000e+00
      2.065    17.3304   4.165082    31.9189       1256     5.2292     2.8105  0.000e+00
      2.011    17.3308   4.164784    31.9161       1257     5.2333     2.8102  0.000e+00
      1.963    17.3302   4.164732    31.9161       1258     5.2375     2.8098  0.000e+00
      1.905    17.3288   4.164363    31.9141       1259     5.2417     2.8111  0.000e+00
      1.819    17.3267   4.164758    31.9192       1260     5.2458     2.8106  0.000e+00
      1.713    17.3265   4.164953    31.9210       1261     5.2500     2.8110  0.000e+00
      1.582    17.3280   4.164933    31.9197       1262     5.2542     2.8112  0.000e+00
      1.472    17.3294   4.164972    31.9190       1263     5.2583     2.8127  0.000e+00
      1.373    17.3300   4.164680    31.9161       1264     5.2625     2.8134  0.000e+00
      1.278    17.3293   4.164758    31.9173       1265     5.2667     2.8131  0.000e+00
      1.233    17.3286   4.164661    31.9170       1266     5.2708     2.8128  0.000e+00
      1.264    17.3281   4.164855    31.9191       1267     5.2750     2.8118  0.000e+00
      1.323    17.3283   4.164758    31.9181       1268     5.2792     2.8104  0.000e+00
