PC2305/sbe087.cnv
* Sea-Bird SBE 19plus V2 Data File:
* FileName = C:\cruise\data\sbe087.hex
* Software Version Seasave V 7.26.7.121
* Temperature SN = 7142
* Conductivity SN = 7142
* System UpLoad Time = Nov 04 2023 14:33:06
** Cruise: PC2205
** Program: ECOMON
# nquan = 8
# nvalues = 3622                                  
# units = specified
# name 0 = depSM: Depth [salt water, m], lat = 40.00
# name 1 = tv290C: Temperature [ITS-90, deg C]
# name 2 = c0S/m: Conductivity [S/m]
# name 3 = sal00: Salinity, Practical [PSU]
# name 4 = scan: Scan Count
# name 5 = timeM: Time, Elapsed [minutes]
# name 6 = sbeox0V: Oxygen raw, SBE 43 [V]
# name 7 = flag:  0.000e+00
# span 0 =      0.036,    103.108                 
# span 1 =     9.1602,    19.8821                 
# span 2 =   0.000026,   3.980578                 
# span 3 =     0.0096,    33.4676                 
# span 4 =         11,       3632                 
# span 5 =     0.0417,    15.1292                 
# span 6 =     2.1690,     2.9918                 
# span 7 = 0.0000e+00, 0.0000e+00                 
# interval = seconds: 0.25
# start_time = Nov 04 2023 14:33:06 [System UTC, header]
# bad_flag = -9.990e-29
*END*
[from data line 360]
      0.054    16.7325   0.000590     0.0102        371     1.5417     2.6667  0.000e+00
      0.054    16.7351   0.000590     0.0102        372     1.5458     2.6594  0.000e+00
      0.056    16.7392   0.000599     0.0102        373     1.5500     2.6500  0.000e+00
      0.053    16.7354   0.000590     0.0102        374     1.5542     2.6381  0.000e+00
      0.049    16.7267   0.000587     0.0102        375     1.5583     2.6275  0.000e+00
      0.053    16.7258   0.000590     0.0102        376     1.5625     2.6166  0.000e+00
      0.049    16.7314   0.000584     0.0101        377     1.5667     2.6062  0.000e+00
      0.045    16.7374   0.000587     0.0102        378     1.5708     2.5985  0.000e+00
      0.047    16.7424   0.000584     0.0101        379     1.5750     2.5915  0.000e+00
      0.051    16.7441   0.000590     0.0102        380     1.5792     2.5863  0.000e+00
      0.049    16.7455   0.000582     0.0101        381     1.5833     2.5805  0.000e+00
      0.051    16.7453   0.000584     0.0101        382     1.5875     2.5780  0.000e+00
      0.053    16.7395   0.000582     0.0101        383     1.5917     2.5753  0.000e+00
      0.053    16.7346   0.000576     0.0101        384     1.5958     2.5695  0.000e+00
      0.051    16.7365   0.000576     0.0101        385     1.6000     2.5656  0.000e+00
      0.051    16.7419   0.000582     0.0101        386     1.6042     2.5686  0.000e+00
      0.053    16.7439   0.000576     0.0101        387     1.6083     2.5718  0.000e+00
      0.053    16.7400   0.000570     0.0101        388     1.6125     2.5818  0.000e+00
      0.056    16.7409   0.000576     0.0101        389     1.6167     2.5938  0.000e+00
      0.062    16.7458   0.000584     0.0101        390     1.6208     2.6086  0.000e+00
      0.058    16.7450   0.000576     0.0101        391     1.6250     2.6218  0.000e+00
      0.056    16.7323   0.000570     0.0101        392     1.6292     2.6320  0.000e+00
      0.058    16.7271   0.000576     0.0101        393     1.6333     2.6391  0.000e+00
      0.056    16.7294   0.000576     0.0101        394     1.6375     2.6482  0.000e+00
      0.054    16.7250   0.000576     0.0101        395     1.6417     2.6576  0.000e+00
      0.049    16.7192   0.000576     0.0101        396     1.6458     2.6719  0.000e+00
      0.053    16.7214   0.000579     0.0101        397     1.6500     2.6815  0.000e+00
      0.045    16.7270   0.000579     0.0101        398     1.6542     2.6871  0.000e+00
      0.047    16.7324   0.000576     0.0101        399     1.6583     2.6882  0.000e+00
      0.045    16.7366   0.000576     0.0101        400     1.6625     2.6905  0.000e+00
      0.044    16.7402   0.000565     0.0101        401     1.6667     2.6881  0.000e+00
      0.053    16.7445   0.000579     0.0101        402     1.6708     2.6838  0.000e+00
      0.063    16.7450   0.000576     0.0101        403     1.6750     2.6770  0.000e+00
      0.058    16.7298   0.000570     0.0101        404     1.6792     2.6699  0.000e+00
      0.053    16.7067   0.000565     0.0101        405     1.6833     2.6725  0.000e+00
      0.054    16.6963   0.000570     0.0101        406     1.6875     2.6864  0.000e+00
      0.056    16.6963   0.000576     0.0101        407     1.6917     2.7060  0.000e+00
      0.056    16.6895   0.000576     0.0101        408     1.6958     2.7218  0.000e+00
      0.051    16.6802   0.000570     0.0101        409     1.7000     2.7355  0.000e+00
      0.053    16.6810   0.000570     0.0101        410     1.7042     2.7477  0.000e+00
      0.054    16.6869   0.000576     0.0101        411     1.7083     2.7545  0.000e+00
      0.056    16.6926   0.000576     0.0101        412     1.7125     2.7578  0.000e+00
      0.053    16.6864   0.000576     0.0101        413     1.7167     2.7532  0.000e+00
      0.054    16.6806   0.000570     0.0101        414     1.7208     2.7457  0.000e+00
      0.053    16.6831   0.000576     0.0101        415     1.7250     2.7353  0.000e+00
      0.054    16.6883   0.000570     0.0101        416     1.7292     2.7255  0.000e+00
      0.056    16.6926   0.000570     0.0101        417     1.7333     2.7177  0.000e+00
      0.054    16.6962   0.000570     0.0101        418     1.7375     2.7087  0.000e+00
      0.060    16.6966   0.000565     0.0101        419     1.7417     2.6973  0.000e+00
      0.053    16.6943   0.000570     0.0101        420     1.7458     2.6841  0.000e+00
      0.056    16.6932   0.000559     0.0100        421     1.7500     2.6696  0.000e+00
      0.054    16.6948   0.000559     0.0100        422     1.7542     2.6583  0.000e+00
      0.049    16.6989   0.000570     0.0101        423     1.7583     2.6551  0.000e+00
      0.053    16.7042   0.000570     0.0101        424     1.7625     2.6534  0.000e+00
      0.051    16.7052   0.000565     0.0101        425     1.7667     2.6533  0.000e+00
      0.053    16.7023   0.000556     0.0100        426     1.7708     2.6510  0.000e+00
      0.054    16.6981   0.000554     0.0100        427     1.7750     2.6480  0.000e+00
      0.053    16.6919   0.000556     0.0100        428     1.7792     2.6461  0.000e+00
      0.054    16.6919   0.000554     0.0100        429     1.7833     2.6477  0.000e+00
      0.056    16.6953   0.000556     0.0100        430     1.7875     2.6494  0.000e+00
      0.054    16.6949   0.000556     0.0100        431     1.7917     2.6506  0.000e+00
      0.060    16.6962   0.000554     0.0100        432     1.7958     2.6559  0.000e+00
      0.060    16.6996   0.000551     0.0100        433     1.8000     2.6625  0.000e+00
      0.058    16.7023   0.000551     0.0100        434     1.8042     2.6659  0.000e+00
      0.058    16.7059   0.000554     0.0100        435     1.8083     2.6616  0.000e+00
      0.056    16.7105   0.000551     0.0100        436     1.8125     2.6573  0.000e+00
      0.058    16.7103   0.000548     0.0100        437     1.8167     2.6493  0.000e+00
      0.056    16.7075   0.000545     0.0100        438     1.8208     2.6415  0.000e+00
      0.054    16.7092   0.000556     0.0100        439     1.8250     2.6416  0.000e+00
      0.047    16.7134   0.000554     0.0100        440     1.8292     2.6464  0.000e+00
      0.045    16.7173   0.000551     0.0100        441     1.8333     2.6520  0.000e+00
      0.044    16.7211   0.000554     0.0100        442     1.8375     2.6536  0.000e+00
      0.056    16.7239   0.742608     4.9499        443     1.8417     2.6529  0.000e+00
      0.110    16.7240   2.598374    19.2304        444     1.8458     2.6516  0.000e+00
      0.164    16.7192   2.697977    20.0437        445     1.8500     2.6555  0.000e+00
      0.137    16.2946   3.807028    29.6327        446     1.8542     2.6562  0.000e+00
      0.058    15.2780   2.591899    19.8859        447     1.8583     2.6625  0.000e+00
      0.058    14.7527   0.954200     6.8082        448     1.8625     2.6755  0.000e+00
      0.058    14.5160   0.460725     3.1410        449     1.8667     2.6844  0.000e+00
      0.060    14.4170   0.349491     2.3474        450     1.8708     2.7017  0.000e+00
      0.058    14.3835   0.297674     1.9819        451     1.8750     2.7249  0.000e+00
      0.056    14.3780   0.264673     1.7505        452     1.8792     2.7437  0.000e+00
      0.062    14.3870   0.234151     1.5377        453     1.8833     2.7544  0.000e+00
      0.062    14.4023   0.214865     1.4039        454     1.8875     2.7531  0.000e+00
      0.060    14.4171   0.191877     1.2457        455     1.8917     2.7502  0.000e+00
      0.058    14.4339   0.169569     1.0934        456     1.8958     2.7444  0.000e+00
      0.062    14.4510   0.164652     1.0596        457     1.9000     2.7330  0.000e+00
      0.060    14.4662   0.162583     1.0453        458     1.9042     2.7231  0.000e+00
      0.056    14.4908   0.151879     0.9725        459     1.9083     2.7149  0.000e+00
      0.060    14.5204   0.140835     0.8979        460     1.9125     2.7110  0.000e+00
      0.062    14.5436   0.133620     0.8492        461     1.9167     2.7040  0.000e+00
      0.060    14.5608   0.129684     0.8227        462     1.9208     2.7015  0.000e+00
      0.058    14.5798   0.123235     0.7796        463     1.9250     2.7028  0.000e+00
      0.051    14.6037   0.114415     0.7209        464     1.9292     2.7035  0.000e+00
      0.045    14.6366   0.107112     0.6724        465     1.9333     2.7013  0.000e+00
      0.049    14.6704   0.103607     0.6489        466     1.9375     2.6941  0.000e+00
      0.058    14.6964   0.102792     0.6431        467     1.9417     2.6870  0.000e+00
      0.069    14.7191   0.094899     0.5914        468     1.9458     2.6790  0.000e+00
      0.067    14.7378   0.091226     0.5673        469     1.9500     2.6734  0.000e+00
      0.062    14.7508   0.088530     0.5497        470     1.9542     2.6660  0.000e+00
      0.058    14.7672   0.079474     0.4911        471     1.9583     2.6688  0.000e+00
      0.062    14.7942   0.073779     0.4543        472     1.9625     2.6817  0.000e+00
      0.060    14.8175   0.072283     0.4445        473     1.9667     2.6965  0.000e+00
      0.063    14.8332   0.068658     0.4212        474     1.9708     2.7073  0.000e+00
      0.056    14.8512   0.067371     0.4129        475     1.9750     2.7144  0.000e+00
      0.058    14.8723   0.066768     0.4088        476     1.9792     2.7179  0.000e+00
      0.062    14.8936   0.065944     0.4034        477     1.9833     2.7165  0.000e+00
      0.060    14.9149   0.065514     0.4005        478     1.9875     2.7115  0.000e+00
      0.056    14.9327   0.064239     0.3922        479     1.9917     2.7021  0.000e+00
      0.058    14.9475   0.063992     0.3905        480     1.9958     2.6896  0.000e+00
      0.056    14.9647   0.064520     0.3937        481     2.0000     2.6785  0.000e+00
      0.062    14.9864   0.063645     0.3880        482     2.0042     2.6693  0.000e+00
      0.063    15.0055   0.064534     0.3934        483     2.0083     2.6600  0.000e+00
      0.063    15.0178   0.064442     0.3927        484     2.0125     2.6497  0.000e+00
      0.063    15.0301   0.063575     0.3871        485     2.0167     2.6424  0.000e+00
      0.062    15.0493   0.062439     0.3798        486     2.0208     2.6405  0.000e+00
      0.062    15.0690   0.061918     0.3763        487     2.0250     2.6419  0.000e+00
      0.063    15.0865   0.060972     0.3702        488     2.0292     2.6442  0.000e+00
      0.062    15.1013   0.059783     0.3626        489     2.0333     2.6426  0.000e+00
      0.056    15.1183   0.057759     0.3498        490     2.0375     2.6421  0.000e+00
      0.051    15.1388   0.054479     0.3291        491     2.0417     2.6403  0.000e+00
      0.042    15.1604   0.049198     0.2961        492     2.0458     2.6403  0.000e+00
      0.044    15.1841   0.045030     0.2702        493     2.0500     2.6357  0.000e+00
      0.053    15.2067   0.044571     0.2672        494     2.0542     2.6310  0.000e+00
      0.063    15.2205   0.040928     0.2448        495     2.0583     2.6283  0.000e+00
      0.067    15.2212   0.030443     0.1810        496     2.0625     2.6269  0.000e+00
      0.056    15.2217   0.031826     0.1893        497     2.0667     2.6351  0.000e+00
      0.058    15.2360   0.029671     0.1762        498     2.0708     2.6551  0.000e+00
      0.062    15.2528   0.029927     0.1777        499     2.0750     2.6796  0.000e+00
      0.058    15.2595   0.030554     0.1815        500     2.0792     2.7004  0.000e+00
      0.054    15.2724   0.029041     0.1723        501     2.0833     2.7190  0.000e+00
      0.058    15.2922   0.028784     0.1707        502     2.0875     2.7350  0.000e+00
      0.056    15.3046   0.029161     0.1729        503     2.0917     2.7453  0.000e+00
      0.053    15.3115   0.028485     0.1688        504     2.0958     2.7513  0.000e+00
      0.053    15.3242   0.026649     0.1577        505     2.1000     2.7573  0.000e+00
      0.053    15.3387   0.025764     0.1524        506     2.1042     2.7581  0.000e+00
      0.049    15.3533   0.025511     0.1508        507     2.1083     2.7587  0.000e+00
      0.051    15.3676   0.025201     0.1489        508     2.1125     2.7559  0.000e+00
      0.049    15.3804   0.024328     0.1437        509     2.1167     2.7468  0.000e+00
      0.045    15.3926   0.023561     0.1391        510     2.1208     2.7376  0.000e+00
      0.049    15.4068   0.023300     0.1375        511     2.1250     2.7232  0.000e+00
      0.053    15.4208   0.024107     0.1423        512     2.1292     2.7067  0.000e+00
      0.063    15.4264   0.025272     0.1492        513     2.1333     2.6924  0.000e+00
      0.058    15.4251   0.025969     0.1533        514     2.1375     2.6858  0.000e+00
      0.054    15.4325   0.025238     0.1489        515     2.1417     2.6901  0.000e+00
      0.056    15.4473   0.025289     0.1492        516     2.1458     2.7011  0.000e+00
      0.062    15.4590   0.025403     0.1498        517     2.1500     2.7150  0.000e+00
      0.054    15.4664   0.024544     0.1447        518     2.1542     2.7214  0.000e+00
      0.058    15.4767   0.024743     0.1459        519     2.1583     2.7220  0.000e+00
      0.054    15.4886   0.025505     0.1503        520     2.1625     2.7157  0.000e+00
      0.056    15.5000   0.025969     0.1531        521     2.1667     2.7077  0.000e+00
      0.058    15.5102   0.026003     0.1532        522     2.1708     2.6958  0.000e+00
      0.056    15.5163   0.026083     0.1537        523     2.1750     2.6828  0.000e+00
      0.053    15.5220   0.025761     0.1517        524     2.1792     2.6715  0.000e+00
      0.058    15.5321   0.025372     0.1494        525     2.1833     2.6570  0.000e+00
      0.053    15.5440   0.025048     0.1474        526     2.1875     2.6437  0.000e+00
      0.054    15.5539   0.024579     0.1446        527     2.1917     2.6299  0.000e+00
      0.053    15.5591   0.024189     0.1423        528     2.1958     2.6191  0.000e+00
      0.056    15.5636   0.024093     0.1417        529     2.2000     2.6084  0.000e+00
      0.053    15.5740   0.023422     0.1377        530     2.2042     2.6004  0.000e+00
      0.056    15.5852   0.022689     0.1334        531     2.2083     2.5995  0.000e+00
      0.049    15.5894   0.021610     0.1270        532     2.2125     2.6041  0.000e+00
      0.056    15.5930   0.021156     0.1243        533     2.2167     2.6123  0.000e+00
      0.054    15.6038   0.021060     0.1237        534     2.2208     2.6228  0.000e+00
      0.056    15.6159   0.021207     0.1245        535     2.2250     2.6345  0.000e+00
      0.053    15.6231   0.021011     0.1234        536     2.2292     2.6419  0.000e+00
      0.049    15.6256   0.020024     0.1176        537     2.2333     2.6490  0.000e+00
      0.042    15.6332   0.018604     0.1093        538     2.2375     2.6563  0.000e+00
      0.036    15.6452   0.017459     0.1026        539     2.2417     2.6679  0.000e+00
      0.045    15.6576   0.017286     0.1016        540     2.2458     2.6716  0.000e+00
      0.049    15.6662   0.018045     0.1059        541     2.2500     2.6757  0.000e+00
      0.063    15.6650   0.020038     0.1176        542     2.2542     2.6775  0.000e+00
      0.065    15.6550   0.021187     0.1243        543     2.2583     2.6793  0.000e+00
      0.058    15.6445   0.020696     0.1215        544     2.2625     2.6886  0.000e+00
      0.058    15.6444   0.019962     0.1172        545     2.2667     2.7057  0.000e+00
      0.062    15.6505   0.020203     0.1186        546     2.2708     2.7233  0.000e+00
      0.062    15.6489   0.020373     0.1196        547     2.2750     2.7350  0.000e+00
      0.056    15.6503   0.019811     0.1163        548     2.2792     2.7465  0.000e+00
      0.058    15.6605   0.019420     0.1140        549     2.2833     2.7572  0.000e+00
