PC2305/sbe049.cnv
* Sea-Bird SBE 19plus V2 Data File:
* FileName = C:\cruise\data\sbe049.hex
* Software Version Seasave V 7.26.7.121
* Temperature SN = 7142
* Conductivity SN = 7142
* System UpLoad Time = Oct 31 2023 18:14:57
** Cruise: PC2205
** Program: ECOMON
# nquan = 8
# nvalues = 1096                                  
# units = specified
# name 0 = depSM: Depth [salt water, m], lat = 40.00
# name 1 = tv290C: Temperature [ITS-90, deg C]
# name 2 = c0S/m: Conductivity [S/m]
# name 3 = sal00: Salinity, Practical [PSU]
# name 4 = scan: Scan Count
# name 5 = timeM: Time, Elapsed [minutes]
# name 6 = sbeox0V: Oxygen raw, SBE 43 [V]
# name 7 = flag:  0.000e+00
# span 0 =     -0.069,     28.475                 
# span 1 =    16.6443,    20.0773                 
# span 2 =   0.000037,   4.382418                 
# span 3 =     0.0085,    31.9734                 
# span 4 =         11,       1106                 
# span 5 =     0.0417,     4.6042                 
# span 6 =     2.2065,     3.0668                 
# span 7 = 0.0000e+00, 0.0000e+00                 
# interval = seconds: 0.25
# start_time = Oct 31 2023 18:14:57 [System UTC, header]
# bad_flag = -9.990e-29
*END*
[from data line 180]
      5.419    19.8978   4.364494    31.5998        191     0.7917     2.5711  0.000e+00
      5.306    19.9355   4.363495    31.5635        192     0.7958     2.6022  0.000e+00
      5.216    19.9600   4.362582    31.5378        193     0.8000     2.6218  0.000e+00
      5.106    19.9714   4.360348    31.5113        194     0.8042     2.6331  0.000e+00
      5.007    19.9765   4.355116    31.4653        195     0.8083     2.6361  0.000e+00
      4.955    19.9796   4.347133    31.3986        196     0.8125     2.6311  0.000e+00
      4.957    19.9835   4.347813    31.4011        197     0.8167     2.6184  0.000e+00
      5.027    19.9711   4.350658    31.4333        198     0.8208     2.6010  0.000e+00
      5.171    19.9331   4.346487    31.4280        199     0.8250     2.5793  0.000e+00
      5.381    19.8994   4.343400    31.4281        200     0.8292     2.5587  0.000e+00
      5.640    19.8605   4.343143    31.4551        201     0.8333     2.5370  0.000e+00
      5.917    19.8208   4.341125    31.4683        202     0.8375     2.5181  0.000e+00
      6.208    19.7943   4.338230    31.4647        203     0.8417     2.4983  0.000e+00
      6.479    19.7677   4.332568    31.4386        204     0.8458     2.4860  0.000e+00
      6.718    19.7272   4.327633    31.4289        205     0.8500     2.4785  0.000e+00
      6.921    19.7045   4.323188    31.4098        206     0.8542     2.4726  0.000e+00
      7.085    19.6984   4.327034    31.4455        207     0.8583     2.4674  0.000e+00
      7.218    19.6996   4.331838    31.4835        208     0.8625     2.4552  0.000e+00
      7.320    19.7248   4.339307    31.5251        209     0.8667     2.4388  0.000e+00
      7.394    19.7709   4.346418    31.5482        210     0.8708     2.4219  0.000e+00
      7.440    19.8194   4.350166    31.5421        211     0.8750     2.4050  0.000e+00
      7.467    19.8597   4.348661    31.4997        212     0.8792     2.3918  0.000e+00
      7.502    19.8896   4.331908    31.3419        213     0.8833     2.3906  0.000e+00
      7.537    19.9105   4.320986    31.2382        214     0.8875     2.3946  0.000e+00
      7.593    19.8820   4.319025    31.2435        215     0.8917     2.4025  0.000e+00
      7.679    19.7603   4.323089    31.3670        216     0.8958     2.4048  0.000e+00
      7.794    19.6452   4.323374    31.4554        217     0.9000     2.4046  0.000e+00
      7.931    19.5709   4.320912    31.4912        218     0.9042     2.4068  0.000e+00
      8.078    19.5310   4.316128    31.4822        219     0.9083     2.4111  0.000e+00
      8.233    19.5006   4.309787    31.4534        220     0.9125     2.4209  0.000e+00
      8.380    19.4700   4.305501    31.4414        221     0.9167     2.4266  0.000e+00
      8.529    19.4205   4.302071    31.4506        222     0.9208     2.4282  0.000e+00
      8.662    19.3653   4.299594    31.4719        223     0.9250     2.4248  0.000e+00
      8.779    19.3135   4.298275    31.5002        224     0.9292     2.4228  0.000e+00
      8.876    19.2673   4.297461    31.5284        225     0.9333     2.4184  0.000e+00
      8.946    19.2341   4.296713    31.5474        226     0.9375     2.4211  0.000e+00
      8.995    19.2052   4.295984    31.5633        227     0.9417     2.4198  0.000e+00
      9.038    19.1830   4.295321    31.5747        228     0.9458     2.4254  0.000e+00
      9.054    19.1669   4.294783    31.5825        229     0.9500     2.4285  0.000e+00
      9.065    19.1527   4.294290    31.5892        230     0.9542     2.4334  0.000e+00
      9.058    19.1415   4.294008    31.5954        231     0.9583     2.4373  0.000e+00
      9.060    19.1323   4.293969    31.6021        232     0.9625     2.4424  0.000e+00
      9.085    19.1250   4.294120    31.6088        233     0.9667     2.4470  0.000e+00
      9.142    19.1194   4.294580    31.6169        234     0.9708     2.4501  0.000e+00
      9.243    19.1157   4.295000    31.6231        235     0.9750     2.4546  0.000e+00
      9.356    19.1148   4.295710    31.6296        236     0.9792     2.4618  0.000e+00
      9.478    19.1150   4.297069    31.6406        237     0.9833     2.4702  0.000e+00
      9.608    19.1211   4.297516    31.6395        238     0.9875     2.4778  0.000e+00
      9.751    19.1282   4.299184    31.6478        239     0.9917     2.4821  0.000e+00
      9.897    19.1376   4.299979    31.6471        240     0.9958     2.4863  0.000e+00
     10.053    19.1522   4.301162    31.6457        241     1.0000     2.4846  0.000e+00
     10.210    19.1621   4.301970    31.6447        242     1.0042     2.4803  0.000e+00
     10.362    19.1749   4.302443    31.6388        243     1.0083     2.4765  0.000e+00
     10.512    19.1887   4.302949    31.6325        244     1.0125     2.4721  0.000e+00
     10.646    19.2045   4.304171    31.6305        245     1.0167     2.4654  0.000e+00
     10.776    19.2177   4.305577    31.6319        246     1.0208     2.4596  0.000e+00
     10.885    19.2323   4.306406    31.6276        247     1.0250     2.4526  0.000e+00
     10.990    19.2511   4.308069    31.6269        248     1.0292     2.4452  0.000e+00
     11.081    19.2696   4.310120    31.6297        249     1.0333     2.4390  0.000e+00
     11.173    19.2870   4.311751    31.6298        250     1.0375     2.4347  0.000e+00
     11.282    19.3045   4.312968    31.6264        251     1.0417     2.4334  0.000e+00
     11.399    19.3249   4.315145    31.6288        252     1.0458     2.4387  0.000e+00
     11.529    19.3388   4.316178    31.6267        253     1.0500     2.4417  0.000e+00
     11.662    19.3615   4.316454    31.6117        254     1.0542     2.4477  0.000e+00
     11.787    19.3814   4.317125    31.6020        255     1.0583     2.4511  0.000e+00
     11.904    19.3948   4.318560    31.6035        256     1.0625     2.4535  0.000e+00
     12.007    19.4052   4.319896    31.6065        257     1.0667     2.4530  0.000e+00
     12.087    19.4130   4.320594    31.6063        258     1.0708     2.4513  0.000e+00
     12.141    19.4262   4.320732    31.5975        259     1.0750     2.4466  0.000e+00
     12.181    19.4428   4.320593    31.5838        260     1.0792     2.4407  0.000e+00
     12.208    19.4563   4.320422    31.5721        261     1.0833     2.4345  0.000e+00
     12.219    19.4681   4.321251    31.5700        262     1.0875     2.4253  0.000e+00
     12.222    19.4768   4.321956    31.5692        263     1.0917     2.4156  0.000e+00
     12.220    19.4787   4.322923    31.5756        264     1.0958     2.4075  0.000e+00
     12.219    19.4822   4.323766    31.5799        265     1.1000     2.3996  0.000e+00
     12.240    19.4924   4.325663    31.5876        266     1.1042     2.3931  0.000e+00
     12.274    19.5022   4.327171    31.5925        267     1.1083     2.3892  0.000e+00
     12.332    19.5166   4.327988    31.5883        268     1.1125     2.3913  0.000e+00
     12.407    19.5311   4.329766    31.5918        269     1.1167     2.3967  0.000e+00
     12.522    19.5462   4.331987    31.5984        270     1.1208     2.4073  0.000e+00
     12.648    19.5594   4.332659    31.5939        271     1.1250     2.4166  0.000e+00
     12.797    19.5717   4.332211    31.5809        272     1.1292     2.4248  0.000e+00
     12.954    19.5761   4.330768    31.5658        273     1.1333     2.4292  0.000e+00
     13.110    19.5705   4.330023    31.5639        274     1.1375     2.4301  0.000e+00
     13.256    19.5589   4.329154    31.5655        275     1.1417     2.4269  0.000e+00
     13.389    19.5477   4.324984    31.5400        276     1.1458     2.4186  0.000e+00
     13.504    19.5376   4.320270    31.5092        277     1.1500     2.4121  0.000e+00
     13.602    19.5285   4.316801    31.4877        278     1.1542     2.4019  0.000e+00
     13.692    19.5230   4.315499    31.4812        279     1.1583     2.3886  0.000e+00
     13.761    19.5194   4.314821    31.4784        280     1.1625     2.3725  0.000e+00
     13.823    19.5170   4.315163    31.4830        281     1.1667     2.3551  0.000e+00
     13.870    19.5161   4.322186    31.5409        282     1.1708     2.3376  0.000e+00
     13.899    19.5100   4.327791    31.5912        283     1.1750     2.3199  0.000e+00
     13.920    19.5024   4.329800    31.6132        284     1.1792     2.3071  0.000e+00
     13.929    19.5176   4.330861    31.6104        285     1.1833     2.2988  0.000e+00
     13.937    19.5413   4.332416    31.6052        286     1.1875     2.2939  0.000e+00
     13.951    19.5635   4.333655    31.5985        287     1.1917     2.2885  0.000e+00
     13.994    19.5823   4.335072    31.5959        288     1.1958     2.2801  0.000e+00
     14.059    19.5968   4.335625    31.5894        289     1.2000     2.2771  0.000e+00
     14.145    19.6114   4.335078    31.5739        290     1.2042     2.2809  0.000e+00
     14.267    19.6223   4.334926    31.5644        291     1.2083     2.2969  0.000e+00
     14.395    19.6284   4.334755    31.5583        292     1.2125     2.3176  0.000e+00
     14.514    19.6312   4.334083    31.5507        293     1.2167     2.3375  0.000e+00
     14.639    19.6279   4.333134    31.5455        294     1.2208     2.3540  0.000e+00
     14.765    19.6228   4.331611    31.5369        295     1.2250     2.3631  0.000e+00
     14.887    19.6169   4.329826    31.5268        296     1.2292     2.3673  0.000e+00
     15.006    19.6073   4.329556    31.5317        297     1.2333     2.3648  0.000e+00
     15.108    19.5963   4.329108    31.5364        298     1.2375     2.3568  0.000e+00
     15.195    19.5842   4.329431    31.5481        299     1.2417     2.3452  0.000e+00
     15.252    19.5676   4.333207    31.5913        300     1.2458     2.3363  0.000e+00
     15.277    19.5607   4.334381    31.6061        301     1.2500     2.3242  0.000e+00
     15.295    19.5748   4.334809    31.5989        302     1.2542     2.3153  0.000e+00
     15.306    19.5890   4.336147    31.5991        303     1.2583     2.3081  0.000e+00
     15.313    19.6003   4.337492    31.6015        304     1.2625     2.2994  0.000e+00
     15.329    19.6136   4.338065    31.5961        305     1.2667     2.2879  0.000e+00
     15.349    19.6292   4.338349    31.5867        306     1.2708     2.2743  0.000e+00
     15.374    19.6424   4.338540    31.5783        307     1.2750     2.2591  0.000e+00
     15.398    19.6526   4.339087    31.5750        308     1.2792     2.2437  0.000e+00
     15.432    19.6590   4.338922    31.5689        309     1.2833     2.2318  0.000e+00
     15.464    19.6631   4.338460    31.5620        310     1.2875     2.2244  0.000e+00
     15.493    19.6670   4.337913    31.5546        311     1.2917     2.2189  0.000e+00
     15.523    19.6693   4.337240    31.5474        312     1.2958     2.2189  0.000e+00
     15.552    19.6684   4.336581    31.5427        313     1.3000     2.2196  0.000e+00
     15.581    19.6677   4.335849    31.5373        314     1.3042     2.2186  0.000e+00
     15.615    19.6662   4.335276    31.5337        315     1.3083     2.2164  0.000e+00
     15.658    19.6639   4.335276    31.5354        316     1.3125     2.2190  0.000e+00
     15.716    19.6618   4.337366    31.5540        317     1.3167     2.2189  0.000e+00
     15.791    19.6605   4.338711    31.5659        318     1.3208     2.2191  0.000e+00
     15.879    19.6607   4.338863    31.5669        319     1.3250     2.2200  0.000e+00
     15.973    19.6601   4.338896    31.5676        320     1.3292     2.2255  0.000e+00
     16.075    19.6617   4.339186    31.5687        321     1.3333     2.2283  0.000e+00
     16.178    19.6656   4.339186    31.5658        322     1.3375     2.2286  0.000e+00
     16.287    19.6681   4.338771    31.5605        323     1.3417     2.2244  0.000e+00
     16.404    19.6677   4.337689    31.5520        324     1.3458     2.2181  0.000e+00
     16.526    19.6656   4.335223    31.5335        325     1.3500     2.2134  0.000e+00
     16.636    19.6609   4.329674    31.4919        326     1.3542     2.2091  0.000e+00
     16.733    19.6519   4.328311    31.4875        327     1.3583     2.2065  0.000e+00
     16.805    19.6443   4.328337    31.4934        328     1.3625     2.2073  0.000e+00
     16.841    19.6468   4.334973    31.5455        329     1.3667     2.2109  0.000e+00
     16.850    19.6751   4.344793    31.6040        330     1.3708     2.2153  0.000e+00
     16.819    19.7363   4.357304    31.6593        331     1.3750     2.2279  0.000e+00
     16.765    19.8036   4.365174    31.6725        332     1.3792     2.2386  0.000e+00
     16.686    19.8677   4.374201    31.6973        333     1.3833     2.2556  0.000e+00
     16.586    19.9327   4.376841    31.6698        334     1.3875     2.2868  0.000e+00
     16.462    19.9865   4.376642    31.6277        335     1.3917     2.3455  0.000e+00
     16.332    20.0163   4.376767    31.6064        336     1.3958     2.4194  0.000e+00
     16.197    20.0310   4.377323    31.5999        337     1.4000     2.4879  0.000e+00
     16.077    20.0394   4.377700    31.5967        338     1.4042     2.5466  0.000e+00
     15.966    20.0450   4.377673    31.5923        339     1.4083     2.5948  0.000e+00
     15.904    20.0478   4.377719    31.5906        340     1.4125     2.6330  0.000e+00
     15.894    20.0493   4.377746    31.5897        341     1.4167     2.6598  0.000e+00
     15.928    20.0500   4.377620    31.5881        342     1.4208     2.6835  0.000e+00
     16.019    20.0499   4.377494    31.5872        343     1.4250     2.7001  0.000e+00
     16.158    20.0492   4.377594    31.5885        344     1.4292     2.7116  0.000e+00
     16.327    20.0489   4.377422    31.5872        345     1.4333     2.7224  0.000e+00
     16.514    20.0484   4.377693    31.5898        346     1.4375     2.7305  0.000e+00
     16.693    20.0480   4.377647    31.5896        347     1.4417     2.7359  0.000e+00
     16.877    20.0477   4.377674    31.5900        348     1.4458     2.7416  0.000e+00
     17.056    20.0475   4.377799    31.5911        349     1.4500     2.7452  0.000e+00
     17.229    20.0475   4.377925    31.5921        350     1.4542     2.7478  0.000e+00
     17.382    20.0482   4.377641    31.5892        351     1.4583     2.7509  0.000e+00
     17.506    20.0481   4.376992    31.5840        352     1.4625     2.7552  0.000e+00
     17.586    20.0466   4.376794    31.5835        353     1.4667     2.7570  0.000e+00
     17.599    20.0446   4.376588    31.5833        354     1.4708     2.7602  0.000e+00
     17.534    20.0429   4.376310    31.5824        355     1.4750     2.7614  0.000e+00
     17.434    20.0413   4.375979    31.5809        356     1.4792     2.7638  0.000e+00
     17.295    20.0400   4.376363    31.5851        357     1.4833     2.7664  0.000e+00
     17.146    20.0393   4.377018    31.5909        358     1.4875     2.7697  0.000e+00
     16.970    20.0412   4.378931    31.6050        359     1.4917     2.7708  0.000e+00
     16.792    20.0466   4.375761    31.5754        360     1.4958     2.7703  0.000e+00
     16.614    20.0455   4.375350    31.5730        361     1.5000     2.7692  0.000e+00
     16.449    20.0405   4.375860    31.5809        362     1.5042     2.7682  0.000e+00
     16.311    20.0387   4.377925    31.5990        363     1.5083     2.7666  0.000e+00
     16.197    20.0424   4.378355    31.5997        364     1.5125     2.7660  0.000e+00
     16.108    20.0472   4.377700    31.5908        365     1.5167     2.7652  0.000e+00
     16.061    20.0484   4.377395    31.5875        366     1.5208     2.7648  0.000e+00
     16.048    20.0477   4.377269    31.5870        367     1.5250     2.7654  0.000e+00
     16.073    20.0466   4.377044    31.5860        368     1.5292     2.7655  0.000e+00
     16.122    20.0459   4.376991    31.5861        369     1.5333     2.7644  0.000e+00
