PC2305/sbe027.cnv
* Sea-Bird SBE 19plus V2 Data File:
* FileName = C:\cruise\data\sbe027.hex
* Software Version Seasave V 7.26.7.121
* Temperature SN = 7142
* Conductivity SN = 7142
* System UpLoad Time = Oct 29 2023 20:01:53
** Cruise: PC2205
** Program: ECOMON
# nquan = 8
# nvalues = 4518                                  
# units = specified
# name 0 = depSM: Depth [salt water, m], lat = 40.00
# name 1 = tv290C: Temperature [ITS-90, deg C]
# name 2 = c0S/m: Conductivity [S/m]
# name 3 = sal00: Salinity, Practical [PSU]
# name 4 = scan: Scan Count
# name 5 = timeM: Time, Elapsed [minutes]
# name 6 = sbeox0V: Oxygen raw, SBE 43 [V]
# name 7 = flag:  0.000e+00
# span 0 =     -0.048,    201.308                 
# span 1 =    10.8729,    21.5977                 
# span 2 =   0.000014,   4.919303                 
# span 3 =     0.0101,    35.5790                 
# span 4 =         11,       4528                 
# span 5 =     0.0417,    18.8625                 
# span 6 =     1.7066,     3.0492                 
# span 7 = 0.0000e+00, 0.0000e+00                 
# interval = seconds: 0.25
# start_time = Oct 29 2023 20:01:53 [System UTC, header]
# bad_flag = -9.990e-29
*END*
[from data line 2158]
    133.352    12.9453   4.156626    35.5683       2169     9.0333     1.8960  0.000e+00
    133.278    12.9489   4.156749    35.5661       2170     9.0375     1.8961  0.000e+00
    133.208    12.9516   4.156749    35.5636       2171     9.0417     1.8959  0.000e+00
    133.127    12.9532   4.156723    35.5619       2172     9.0458     1.8960  0.000e+00
    133.048    12.9541   4.156749    35.5614       2173     9.0500     1.8952  0.000e+00
    132.954    12.9543   4.156827    35.5620       2174     9.0542     1.8952  0.000e+00
    132.857    12.9548   4.156989    35.5631       2175     9.0583     1.8972  0.000e+00
    132.764    12.9556   4.156976    35.5622       2176     9.0625     1.8971  0.000e+00
    132.658    12.9562   4.156995    35.5619       2177     9.0667     1.8972  0.000e+00
    132.555    12.9568   4.157047    35.5619       2178     9.0708     1.8980  0.000e+00
    132.445    12.9573   4.157105    35.5620       2179     9.0750     1.8977  0.000e+00
    132.348    12.9577   4.157371    35.5642       2180     9.0792     1.8993  0.000e+00
    132.251    12.9590   4.157513    35.5644       2181     9.0833     1.9009  0.000e+00
    132.165    12.9605   4.157481    35.5627       2182     9.0875     1.8988  0.000e+00
    132.091    12.9615   4.157416    35.5611       2183     9.0917     1.9019  0.000e+00
    132.019    12.9620   4.157513    35.5617       2184     9.0958     1.9022  0.000e+00
    131.960    12.9623   4.157526    35.5616       2185     9.1000     1.9009  0.000e+00
    131.917    12.9626   4.157565    35.5617       2186     9.1042     1.8975  0.000e+00
    131.877    12.9630   4.157565    35.5613       2187     9.1083     1.9015  0.000e+00
    131.849    12.9629   4.157591    35.5616       2188     9.1125     1.9025  0.000e+00
    131.814    12.9631   4.157578    35.5613       2189     9.1167     1.9018  0.000e+00
    131.787    12.9631   4.157539    35.5609       2190     9.1208     1.9006  0.000e+00
    131.755    12.9631   4.157591    35.5615       2191     9.1250     1.9019  0.000e+00
    131.719    12.9632   4.157578    35.5613       2192     9.1292     1.9000  0.000e+00
    131.683    12.9631   4.157591    35.5615       2193     9.1333     1.8993  0.000e+00
    131.631    12.9634   4.157714    35.5624       2194     9.1375     1.8983  0.000e+00
    131.577    12.9640   4.157792    35.5626       2195     9.1417     1.8991  0.000e+00
    131.516    12.9645   4.157811    35.5624       2196     9.1458     1.8982  0.000e+00
    131.451    12.9650   4.157863    35.5624       2197     9.1500     1.8985  0.000e+00
    131.390    12.9656   4.157934    35.5626       2198     9.1542     1.8977  0.000e+00
    131.325    12.9662   4.157999    35.5626       2199     9.1583     1.8977  0.000e+00
    131.264    12.9669   4.158038    35.5624       2200     9.1625     1.8969  0.000e+00
    131.201    12.9674   4.158038    35.5620       2201     9.1667     1.8983  0.000e+00
    131.146    12.9678   4.158122    35.5624       2202     9.1708     1.8982  0.000e+00
    131.086    12.9683   4.158232    35.5631       2203     9.1750     1.9010  0.000e+00
    131.029    12.9692   4.158284    35.5627       2204     9.1792     1.8986  0.000e+00
    130.968    12.9702   4.158284    35.5618       2205     9.1833     1.8998  0.000e+00
    130.899    12.9706   4.158329    35.5619       2206     9.1875     1.9011  0.000e+00
    130.829    12.9711   4.158407    35.5622       2207     9.1917     1.9019  0.000e+00
    130.755    12.9719   4.158355    35.5610       2208     9.1958     1.8985  0.000e+00
    130.676    12.9719   4.158407    35.5615       2209     9.2000     1.9023  0.000e+00
    130.597    12.9722   4.158601    35.5632       2210     9.2042     1.9021  0.000e+00
    130.504    12.9732   4.158750    35.5636       2211     9.2083     1.8984  0.000e+00
    130.407    12.9750   4.158808    35.5626       2212     9.2125     1.9018  0.000e+00
    130.315    12.9763   4.158925    35.5625       2213     9.2167     1.9048  0.000e+00
    130.212    12.9776   4.159048    35.5625       2214     9.2208     1.9019  0.000e+00
    130.115    12.9792   4.159184    35.5623       2215     9.2250     1.9043  0.000e+00
    130.018    12.9809   4.159320    35.5621       2216     9.2292     1.9045  0.000e+00
    129.926    12.9826   4.159443    35.5617       2217     9.2333     1.9025  0.000e+00
    129.844    12.9843   4.159689    35.5624       2218     9.2375     1.9014  0.000e+00
    129.765    12.9865   4.159871    35.5622       2219     9.2417     1.9020  0.000e+00
    129.691    12.9885   4.160136    35.5628       2220     9.2458     1.9021  0.000e+00
    129.614    12.9911   4.160506    35.5640       2221     9.2500     1.9009  0.000e+00
    129.547    12.9941   4.160771    35.5638       2222     9.2542     1.9021  0.000e+00
    129.473    12.9975   4.160778    35.5607       2223     9.2583     1.9005  0.000e+00
    129.409    12.9994   4.160803    35.5591       2224     9.2625     1.8993  0.000e+00
    129.331    13.0006   4.160816    35.5582       2225     9.2667     1.8985  0.000e+00
    129.267    13.0012   4.160881    35.5583       2226     9.2708     1.8985  0.000e+00
    129.193    13.0017   4.161030    35.5592       2227     9.2750     1.8986  0.000e+00
    129.125    13.0026   4.161127    35.5593       2228     9.2792     1.9003  0.000e+00
    129.049    13.0038   4.161173    35.5587       2229     9.2833     1.8987  0.000e+00
    128.979    13.0048   4.161276    35.5587       2230     9.2875     1.9015  0.000e+00
    128.907    13.0059   4.161399    35.5589       2231     9.2917     1.9045  0.000e+00
    128.842    13.0073   4.161458    35.5582       2232     9.2958     1.9057  0.000e+00
    128.772    13.0087   4.161620    35.5585       2233     9.3000     1.9059  0.000e+00
    128.711    13.0103   4.161769    35.5585       2234     9.3042     1.9065  0.000e+00
    128.650    13.0124   4.162002    35.5587       2235     9.3083     1.9063  0.000e+00
    128.594    13.0151   4.162093    35.5571       2236     9.3125     1.9059  0.000e+00
    128.535    13.0180   4.162145    35.5549       2237     9.3167     1.9062  0.000e+00
    128.479    13.0197   4.162145    35.5533       2238     9.3208     1.9065  0.000e+00
    128.418    13.0209   4.162067    35.5515       2239     9.3250     1.9070  0.000e+00
    128.364    13.0213   4.162067    35.5511       2240     9.3292     1.9071  0.000e+00
    128.303    13.0217   4.162041    35.5505       2241     9.3333     1.9058  0.000e+00
    128.251    13.0220   4.161950    35.5494       2242     9.3375     1.9064  0.000e+00
    128.200    13.0221   4.161892    35.5487       2243     9.3417     1.9064  0.000e+00
    128.145    13.0220   4.161917    35.5491       2244     9.3458     1.9065  0.000e+00
    128.093    13.0226   4.161879    35.5482       2245     9.3500     1.9066  0.000e+00
    128.035    13.0228   4.161846    35.5478       2246     9.3542     1.9065  0.000e+00
    127.977    13.0232   4.161794    35.5469       2247     9.3583     1.9077  0.000e+00
    127.916    13.0243   4.161833    35.5463       2248     9.3625     1.9075  0.000e+00
    127.852    13.0252   4.161794    35.5450       2249     9.3667     1.9074  0.000e+00
    127.780    13.0260   4.161768    35.5441       2250     9.3708     1.9087  0.000e+00
    127.701    13.0266   4.161645    35.5424       2251     9.3750     1.9083  0.000e+00
    127.620    13.0267   4.161522    35.5412       2252     9.3792     1.9085  0.000e+00
    127.528    13.0267   4.161645    35.5424       2253     9.3833     1.9091  0.000e+00
    127.435    13.0270   4.161723    35.5428       2254     9.3875     1.9098  0.000e+00
    127.343    13.0275   4.161742    35.5426       2255     9.3917     1.9101  0.000e+00
    127.248    13.0280   4.161671    35.5415       2256     9.3958     1.9101  0.000e+00
    127.158    13.0281   4.161619    35.5410       2257     9.4000     1.9104  0.000e+00
    127.062    13.0280   4.161573    35.5406       2258     9.4042     1.9103  0.000e+00
    126.965    13.0280   4.161593    35.5409       2259     9.4083     1.9106  0.000e+00
    126.877    13.0279   4.161573    35.5408       2260     9.4125     1.9111  0.000e+00
    126.791    13.0279   4.161573    35.5409       2261     9.4167     1.9119  0.000e+00
    126.703    13.0277   4.161573    35.5411       2262     9.4208     1.9117  0.000e+00
    126.613    13.0276   4.161593    35.5414       2263     9.4250     1.9126  0.000e+00
    126.528    13.0278   4.161619    35.5415       2264     9.4292     1.9116  0.000e+00
    126.442    13.0280   4.161619    35.5414       2265     9.4333     1.9124  0.000e+00
    126.349    13.0281   4.161644    35.5415       2266     9.4375     1.9128  0.000e+00
    126.259    13.0282   4.161670    35.5418       2267     9.4417     1.9127  0.000e+00
    126.169    13.0282   4.161690    35.5420       2268     9.4458     1.9120  0.000e+00
    126.077    13.0285   4.161722    35.5421       2269     9.4500     1.9116  0.000e+00
    125.994    13.0287   4.161742    35.5421       2270     9.4542     1.9113  0.000e+00
    125.906    13.0289   4.161741    35.5419       2271     9.4583     1.9105  0.000e+00
    125.822    13.0290   4.161722    35.5417       2272     9.4625     1.9112  0.000e+00
    125.750    13.0291   4.161722    35.5416       2273     9.4667     1.9108  0.000e+00
    125.681    13.0291   4.161715    35.5416       2274     9.4708     1.9116  0.000e+00
    125.629    13.0291   4.161741    35.5418       2275     9.4750     1.9108  0.000e+00
    125.583    13.0293   4.161819    35.5424       2276     9.4792     1.9119  0.000e+00
    125.538    13.0301   4.161715    35.5407       2277     9.4833     1.9119  0.000e+00
    125.503    13.0301   4.161819    35.5417       2278     9.4875     1.9126  0.000e+00
    125.468    13.0305   4.161942    35.5425       2279     9.4917     1.9118  0.000e+00
    125.441    13.0321   4.161994    35.5416       2280     9.4958     1.9115  0.000e+00
    125.412    13.0335   4.161929    35.5396       2281     9.5000     1.9110  0.000e+00
    125.381    13.0343   4.161942    35.5390       2282     9.5042     1.9119  0.000e+00
    125.354    13.0349   4.161916    35.5382       2283     9.5083     1.9108  0.000e+00
    125.313    13.0352   4.161832    35.5371       2284     9.5125     1.9121  0.000e+00
    125.272    13.0355   4.162039    35.5389       2285     9.5167     1.9119  0.000e+00
    125.228    13.0361   4.162240    35.5402       2286     9.5208     1.9119  0.000e+00
    125.164    13.0371   4.162234    35.5392       2287     9.5250     1.9125  0.000e+00
    125.095    13.0381   4.163083    35.5465       2288     9.5292     1.9113  0.000e+00
    125.023    13.0412   4.163180    35.5445       2289     9.5333     1.9127  0.000e+00
    124.952    13.0446   4.164081    35.5500       2290     9.5375     1.9123  0.000e+00
    124.872    13.0497   4.165611    35.5598       2291     9.5417     1.9126  0.000e+00
    124.788    13.0585   4.166078    35.5561       2292     9.5458     1.9129  0.000e+00
    124.705    13.0667   4.165695    35.5447       2293     9.5500     1.9129  0.000e+00
    124.622    13.0705   4.166551    35.5494       2294     9.5542     1.9142  0.000e+00
    124.538    13.0744   4.167569    35.5555       2295     9.5583     1.9140  0.000e+00
    124.450    13.0813   4.167900    35.5521       2296     9.5625     1.9165  0.000e+00
    124.362    13.0878   4.167614    35.5434       2297     9.5667     1.9158  0.000e+00
    124.274    13.0909   4.168386    35.5479       2298     9.5708     1.9157  0.000e+00
    124.189    13.0934   4.168386    35.5456       2299     9.5750     1.9152  0.000e+00
    124.101    13.0967   4.168684    35.5454       2300     9.5792     1.9167  0.000e+00
    124.009    13.0993   4.168509    35.5413       2301     9.5833     1.9173  0.000e+00
    123.923    13.1010   4.168535    35.5400       2302     9.5875     1.9183  0.000e+00
    123.840    13.1018   4.167971    35.5339       2303     9.5917     1.9184  0.000e+00
    123.750    13.1020   4.167166    35.5261       2304     9.5958     1.9193  0.000e+00
    123.666    13.1007   4.167244    35.5281       2305     9.6000     1.9194  0.000e+00
    123.576    13.0997   4.166784    35.5247       2306     9.6042     1.9204  0.000e+00
    123.483    13.0988   4.166401    35.5219       2307     9.6083     1.9204  0.000e+00
    123.389    13.0978   4.166427    35.5231       2308     9.6125     1.9207  0.000e+00
    123.292    13.0972   4.166310    35.5226       2309     9.6167     1.9223  0.000e+00
    123.193    13.0969   4.166304    35.5229       2310     9.6208     1.9236  0.000e+00
    123.091    13.0970   4.166401    35.5238       2311     9.6250     1.9240  0.000e+00
    122.988    13.0975   4.166407    35.5234       2312     9.6292     1.9251  0.000e+00
    122.891    13.0981   4.166427    35.5230       2313     9.6333     1.9265  0.000e+00
    122.799    13.0986   4.166375    35.5222       2314     9.6375     1.9276  0.000e+00
    122.713    13.0987   4.166524    35.5235       2315     9.6417     1.9286  0.000e+00
    122.634    13.0992   4.166822    35.5260       2316     9.6458     1.9299  0.000e+00
    122.564    13.1005   4.166699    35.5236       2317     9.6500     1.9293  0.000e+00
    122.504    13.1012   4.166952    35.5253       2318     9.6542     1.9294  0.000e+00
    122.449    13.1022   4.166971    35.5246       2319     9.6583     1.9294  0.000e+00
    122.398    13.1033   4.167166    35.5255       2320     9.6625     1.9291  0.000e+00
    122.357    13.1045   4.167354    35.5261       2321     9.6667     1.9304  0.000e+00
    122.310    13.1059   4.168061    35.5316       2322     9.6708     1.9306  0.000e+00
    122.269    13.1086   4.167937    35.5279       2323     9.6750     1.9299  0.000e+00
    122.238    13.1107   4.168210    35.5285       2324     9.6792     1.9298  0.000e+00
    122.201    13.1123   4.168352    35.5284       2325     9.6833     1.9309  0.000e+00
    122.163    13.1138   4.168262    35.5262       2326     9.6875     1.9310  0.000e+00
    122.122    13.1148   4.168411    35.5267       2327     9.6917     1.9307  0.000e+00
    122.077    13.1154   4.168683    35.5287       2328     9.6958     1.9303  0.000e+00
    122.030    13.1168   4.169027    35.5307       2329     9.7000     1.9303  0.000e+00
    121.971    13.1186   4.168806    35.5269       2330     9.7042     1.9294  0.000e+00
    121.915    13.1197   4.169085    35.5286       2331     9.7083     1.9294  0.000e+00
    121.857    13.1208   4.169351    35.5301       2332     9.7125     1.9302  0.000e+00
    121.793    13.1222   4.169948    35.5345       2333     9.7167     1.9300  0.000e+00
    121.726    13.1249   4.169228    35.5252       2334     9.7208     1.9303  0.000e+00
    121.663    13.1249   4.169176    35.5247       2335     9.7250     1.9310  0.000e+00
    121.589    13.1242   4.169500    35.5285       2336     9.7292     1.9329  0.000e+00
    121.526    13.1244   4.170441    35.5373       2337     9.7333     1.9318  0.000e+00
    121.458    13.1283   4.170986    35.5389       2338     9.7375     1.9332  0.000e+00
    121.392    13.1323   4.170668    35.5321       2339     9.7417     1.9315  0.000e+00
    121.332    13.1347   4.171414    35.5370       2340     9.7458     1.9328  0.000e+00
    121.268    13.1376   4.171433    35.5345       2341     9.7500     1.9329  0.000e+00
    121.197    13.1397   4.171706    35.5352       2342     9.7542     1.9330  0.000e+00
    121.129    13.1416   4.171628    35.5326       2343     9.7583     1.9347  0.000e+00
    121.057    13.1427   4.171984    35.5350       2344     9.7625     1.9345  0.000e+00
    120.983    13.1439   4.172179    35.5358       2345     9.7667     1.9331  0.000e+00
    120.904    13.1461   4.172218    35.5342       2346     9.7708     1.9337  0.000e+00
    120.822    13.1474   4.172082    35.5317       2347     9.7750     1.9340  0.000e+00
