PC2305/sbe075.cnv
* Sea-Bird SBE 19plus V2 Data File:
* FileName = C:\cruise\data\sbe075.hex
* Software Version Seasave V 7.26.7.121
* Temperature SN = 7142
* Conductivity SN = 7142
* System UpLoad Time = Nov 03 2023 09:18:50
** Cruise: PC2205
** Program: ECOMON
# nquan = 8
# nvalues = 1275                                  
# units = specified
# name 0 = depSM: Depth [salt water, m], lat = 40.00
# name 1 = tv290C: Temperature [ITS-90, deg C]
# name 2 = c0S/m: Conductivity [S/m]
# name 3 = sal00: Salinity, Practical [PSU]
# name 4 = scan: Scan Count
# name 5 = timeM: Time, Elapsed [minutes]
# name 6 = sbeox0V: Oxygen raw, SBE 43 [V]
# name 7 = flag:  0.000e+00
# span 0 =      0.066,     16.559                 
# span 1 =     8.8743,    15.5772                 
# span 2 =   0.000040,   3.940006                 
# span 3 =     0.0045,    31.5815                 
# span 4 =         11,       1285                 
# span 5 =     0.0417,     5.3500                 
# span 6 =     2.0087,     3.1564                 
# span 7 = 0.0000e+00, 0.0000e+00                 
# interval = seconds: 0.25
# start_time = Nov 03 2023 09:18:50 [System UTC, header]
# bad_flag = -9.990e-29
*END*
[from data line 360]
     15.937    15.1804   3.902651    31.3266        371     1.5417     2.0271  0.000e+00
     15.998    15.1826   3.903081    31.3287        372     1.5458     2.0254  0.000e+00
     16.065    15.1838   3.903245    31.3292        373     1.5500     2.0208  0.000e+00
     16.128    15.1858   3.903270    31.3278        374     1.5542     2.0181  0.000e+00
     16.194    15.1863   3.903491    31.3293        375     1.5583     2.0150  0.000e+00
     16.271    15.1887   3.904482    31.3363        376     1.5625     2.0139  0.000e+00
     16.354    15.1928   3.904299    31.3313        377     1.5667     2.0104  0.000e+00
     16.404    15.1978   3.898139    31.2722        378     1.5708     2.0088  0.000e+00
     16.453    15.1925   3.896750    31.2641        379     1.5750     2.0088  0.000e+00
     16.483    15.1810   3.897388    31.2790        380     1.5792     2.0087  0.000e+00
     16.487    15.1897   3.903801    31.3293        381     1.5833     2.0088  0.000e+00
     16.496    15.2265   3.907115    31.3295        382     1.5875     2.0092  0.000e+00
     16.509    15.2837   3.908953    31.3003        383     1.5917     2.0139  0.000e+00
     16.530    15.3377   3.912054    31.2848        384     1.5958     2.0207  0.000e+00
     16.545    15.3790   3.917123    31.2971        385     1.6000     2.0325  0.000e+00
     16.554    15.4101   3.923055    31.3251        386     1.6042     2.0500  0.000e+00
     16.559    15.4367   3.926491    31.3345        387     1.6083     2.0771  0.000e+00
     16.555    15.4612   3.928725    31.3348        388     1.6125     2.1129  0.000e+00
     16.554    15.4839   3.929852    31.3268        389     1.6167     2.1495  0.000e+00
     16.534    15.5029   3.931149    31.3231        390     1.6208     2.1900  0.000e+00
     16.510    15.5169   3.932143    31.3209        391     1.6250     2.2294  0.000e+00
     16.484    15.5262   3.933416    31.3248        392     1.6292     2.2665  0.000e+00
     16.433    15.5320   3.934645    31.3311        393     1.6333     2.2992  0.000e+00
     16.367    15.5368   3.935823    31.3377        394     1.6375     2.3321  0.000e+00
     16.282    15.5408   3.936285    31.3387        395     1.6417     2.3671  0.000e+00
     16.183    15.5439   3.936608    31.3391        396     1.6458     2.4055  0.000e+00
     16.090    15.5471   3.936824    31.3386        397     1.6500     2.4456  0.000e+00
     16.004    15.5497   3.937096    31.3389        398     1.6542     2.4848  0.000e+00
     15.919    15.5522   3.936982    31.3360        399     1.6583     2.5189  0.000e+00
     15.842    15.5539   3.937045    31.3352        400     1.6625     2.5490  0.000e+00
     15.761    15.5554   3.937026    31.3338        401     1.6667     2.5761  0.000e+00
     15.695    15.5559   3.936798    31.3315        402     1.6708     2.5990  0.000e+00
     15.630    15.5552   3.936722    31.3314        403     1.6750     2.6161  0.000e+00
     15.585    15.5537   3.936424    31.3299        404     1.6792     2.6284  0.000e+00
     15.542    15.5517   3.936190    31.3294        405     1.6833     2.6359  0.000e+00
     15.500    15.5502   3.936025    31.3292        406     1.6875     2.6402  0.000e+00
     15.468    15.5491   3.936031    31.3301        407     1.6917     2.6413  0.000e+00
     15.439    15.5478   3.935778    31.3289        408     1.6958     2.6373  0.000e+00
     15.420    15.5464   3.935683    31.3292        409     1.7000     2.6347  0.000e+00
     15.400    15.5456   3.935683    31.3299        410     1.7042     2.6281  0.000e+00
     15.380    15.5445   3.935658    31.3305        411     1.7083     2.6213  0.000e+00
     15.371    15.5436   3.935797    31.3325        412     1.7125     2.6154  0.000e+00
     15.349    15.5431   3.935892    31.3337        413     1.7167     2.6068  0.000e+00
     15.330    15.5432   3.936190    31.3363        414     1.7208     2.5972  0.000e+00
     15.301    15.5439   3.936412    31.3377        415     1.7250     2.5900  0.000e+00
     15.263    15.5452   3.936722    31.3395        416     1.7292     2.5835  0.000e+00
     15.222    15.5472   3.936912    31.3395        417     1.7333     2.5795  0.000e+00
     15.177    15.5482   3.937045    31.3399        418     1.7375     2.5771  0.000e+00
     15.130    15.5489   3.937045    31.3394        419     1.7417     2.5783  0.000e+00
     15.074    15.5497   3.937324    31.3413        420     1.7458     2.5828  0.000e+00
     15.021    15.5515   3.937786    31.3440        421     1.7500     2.5879  0.000e+00
     14.974    15.5542   3.937926    31.3430        422     1.7542     2.5954  0.000e+00
     14.922    15.5563   3.937995    31.3421        423     1.7583     2.6020  0.000e+00
     14.875    15.5580   3.938230    31.3428        424     1.7625     2.6071  0.000e+00
     14.830    15.5596   3.938458    31.3436        425     1.7667     2.6117  0.000e+00
     14.789    15.5618   3.938667    31.3437        426     1.7708     2.6134  0.000e+00
     14.744    15.5632   3.938717    31.3430        427     1.7750     2.6139  0.000e+00
     14.703    15.5639   3.938812    31.3433        428     1.7792     2.6149  0.000e+00
     14.663    15.5641   3.938692    31.3421        429     1.7833     2.6160  0.000e+00
     14.622    15.5643   3.938692    31.3420        430     1.7875     2.6158  0.000e+00
     14.584    15.5639   3.938483    31.3404        431     1.7917     2.6167  0.000e+00
     14.544    15.5629   3.938248    31.3391        432     1.7958     2.6187  0.000e+00
     14.507    15.5619   3.938229    31.3398        433     1.8000     2.6198  0.000e+00
     14.469    15.5614   3.938185    31.3398        434     1.8042     2.6202  0.000e+00
     14.437    15.5606   3.938185    31.3405        435     1.8083     2.6209  0.000e+00
     14.408    15.5601   3.938160    31.3406        436     1.8125     2.6209  0.000e+00
     14.383    15.5601   3.938058    31.3398        437     1.8167     2.6194  0.000e+00
     14.365    15.5601   3.938134    31.3404        438     1.8208     2.6196  0.000e+00
     14.350    15.5605   3.938090    31.3397        439     1.8250     2.6205  0.000e+00
     14.334    15.5607   3.938160    31.3402        440     1.8292     2.6190  0.000e+00
     14.320    15.5604   3.938090    31.3398        441     1.8333     2.6149  0.000e+00
     14.309    15.5599   3.938058    31.3399        442     1.8375     2.6122  0.000e+00
     14.293    15.5599   3.938160    31.3409        443     1.8417     2.6090  0.000e+00
     14.282    15.5599   3.938248    31.3416        444     1.8458     2.6051  0.000e+00
     14.268    15.5600   3.938343    31.3424        445     1.8500     2.6011  0.000e+00
     14.248    15.5603   3.938546    31.3439        446     1.8542     2.5972  0.000e+00
     14.228    15.5612   3.938736    31.3449        447     1.8583     2.5925  0.000e+00
     14.208    15.5625   3.938920    31.3456        448     1.8625     2.5905  0.000e+00
     14.183    15.5635   3.939015    31.3456        449     1.8667     2.5903  0.000e+00
     14.151    15.5642   3.939040    31.3453        450     1.8708     2.5922  0.000e+00
     14.122    15.5643   3.939053    31.3453        451     1.8750     2.5954  0.000e+00
     14.091    15.5640   3.938876    31.3440        452     1.8792     2.5967  0.000e+00
     14.057    15.5636   3.938857    31.3442        453     1.8833     2.6004  0.000e+00
     14.030    15.5634   3.938971    31.3453        454     1.8875     2.6042  0.000e+00
     14.000    15.5637   3.939053    31.3458        455     1.8917     2.6087  0.000e+00
     13.969    15.5643   3.939110    31.3459        456     1.8958     2.6138  0.000e+00
     13.950    15.5647   3.939129    31.3458        457     1.9000     2.6194  0.000e+00
     13.926    15.5645   3.939040    31.3451        458     1.9042     2.6238  0.000e+00
     13.908    15.5645   3.938901    31.3439        459     1.9083     2.6300  0.000e+00
     13.887    15.5643   3.938761    31.3428        460     1.9125     2.6318  0.000e+00
     13.878    15.5636   3.938666    31.3425        461     1.9167     2.6291  0.000e+00
     13.867    15.5631   3.938597    31.3423        462     1.9208     2.6256  0.000e+00
     13.854    15.5627   3.938508    31.3419        463     1.9250     2.6224  0.000e+00
     13.847    15.5620   3.938521    31.3426        464     1.9292     2.6193  0.000e+00
     13.843    15.5618   3.938527    31.3428        465     1.9333     2.6154  0.000e+00
     13.836    15.5614   3.938483    31.3427        466     1.9375     2.6132  0.000e+00
     13.827    15.5610   3.938438    31.3426        467     1.9417     2.6113  0.000e+00
     13.813    15.5603   3.938369    31.3425        468     1.9458     2.6099  0.000e+00
     13.800    15.5601   3.938426    31.3432        469     1.9500     2.6087  0.000e+00
     13.784    15.5601   3.938438    31.3433        470     1.9542     2.6085  0.000e+00
     13.772    15.5601   3.938438    31.3433        471     1.9583     2.6077  0.000e+00
     13.746    15.5599   3.938438    31.3435        472     1.9625     2.6075  0.000e+00
     13.728    15.5598   3.938400    31.3433        473     1.9667     2.6073  0.000e+00
     13.700    15.5595   3.938413    31.3436        474     1.9708     2.6086  0.000e+00
     13.667    15.5592   3.938457    31.3442        475     1.9750     2.6120  0.000e+00
     13.631    15.5592   3.938483    31.3445        476     1.9792     2.6146  0.000e+00
     13.594    15.5592   3.938521    31.3448        477     1.9833     2.6193  0.000e+00
     13.556    15.5595   3.938527    31.3447        478     1.9875     2.6241  0.000e+00
     13.523    15.5600   3.938527    31.3443        479     1.9917     2.6307  0.000e+00
     13.495    15.5607   3.938508    31.3436        480     1.9958     2.6379  0.000e+00
     13.486    15.5607   3.938508    31.3436        481     2.0000     2.6442  0.000e+00
     13.470    15.5607   3.938495    31.3435        482     2.0042     2.6472  0.000e+00
     13.461    15.5607   3.938482    31.3434        483     2.0083     2.6480  0.000e+00
     13.453    15.5606   3.938438    31.3431        484     2.0125     2.6452  0.000e+00
     13.452    15.5603   3.938387    31.3429        485     2.0167     2.6410  0.000e+00
     13.444    15.5599   3.938324    31.3426        486     2.0208     2.6363  0.000e+00
     13.441    15.5596   3.938318    31.3428        487     2.0250     2.6289  0.000e+00
     13.434    15.5594   3.938318    31.3430        488     2.0292     2.6215  0.000e+00
     13.425    15.5591   3.938343    31.3434        489     2.0333     2.6152  0.000e+00
     13.408    15.5587   3.938368    31.3440        490     2.0375     2.6111  0.000e+00
     13.390    15.5584   3.938375    31.3443        491     2.0417     2.6090  0.000e+00
     13.369    15.5583   3.938438    31.3449        492     2.0458     2.6078  0.000e+00
     13.335    15.5585   3.938457    31.3449        493     2.0500     2.6090  0.000e+00
     13.304    15.5587   3.938482    31.3450        494     2.0542     2.6144  0.000e+00
     13.272    15.5587   3.938470    31.3449        495     2.0583     2.6205  0.000e+00
     13.240    15.5585   3.938413    31.3446        496     2.0625     2.6246  0.000e+00
     13.191    15.5581   3.938368    31.3445        497     2.0667     2.6282  0.000e+00
     13.150    15.5580   3.938343    31.3444        498     2.0708     2.6318  0.000e+00
     13.108    15.5582   3.938387    31.3446        499     2.0750     2.6354  0.000e+00
     13.065    15.5585   3.938451    31.3450        500     2.0792     2.6392  0.000e+00
     13.031    15.5592   3.938438    31.3443        501     2.0833     2.6428  0.000e+00
     12.988    15.5596   3.938482    31.3445        502     2.0875     2.6467  0.000e+00
     12.956    15.5600   3.938577    31.3449        503     2.0917     2.6483  0.000e+00
     12.916    15.5606   3.938641    31.3451        504     2.0958     2.6503  0.000e+00
     12.885    15.5612   3.938717    31.3453        505     2.1000     2.6504  0.000e+00
     12.855    15.5618   3.938761    31.3452        506     2.1042     2.6508  0.000e+00
     12.821    15.5628   3.938786    31.3447        507     2.1083     2.6539  0.000e+00
     12.785    15.5633   3.938805    31.3444        508     2.1125     2.6548  0.000e+00
     12.756    15.5636   3.938761    31.3438        509     2.1167     2.6551  0.000e+00
     12.731    15.5632   3.938717    31.3438        510     2.1208     2.6525  0.000e+00
     12.706    15.5628   3.938691    31.3439        511     2.1250     2.6506  0.000e+00
     12.688    15.5623   3.938761    31.3449        512     2.1292     2.6476  0.000e+00
     12.673    15.5626   3.938862    31.3455        513     2.1333     2.6441  0.000e+00
     12.652    15.5627   3.938919    31.3460        514     2.1375     2.6411  0.000e+00
     12.630    15.5634   3.939014    31.3462        515     2.1417     2.6379  0.000e+00
     12.619    15.5636   3.939040    31.3464        516     2.1458     2.6352  0.000e+00
     12.603    15.5637   3.939109    31.3469        517     2.1500     2.6305  0.000e+00
     12.578    15.5641   3.939173    31.3471        518     2.1542     2.6299  0.000e+00
     12.558    15.5645   3.939198    31.3470        519     2.1583     2.6305  0.000e+00
     12.537    15.5651   3.939249    31.3470        520     2.1625     2.6323  0.000e+00
     12.510    15.5654   3.939249    31.3468        521     2.1667     2.6322  0.000e+00
     12.483    15.5654   3.939223    31.3465        522     2.1708     2.6310  0.000e+00
     12.456    15.5652   3.939223    31.3467        523     2.1750     2.6307  0.000e+00
     12.418    15.5653   3.939179    31.3463        524     2.1792     2.6337  0.000e+00
     12.382    15.5651   3.939154    31.3462        525     2.1833     2.6361  0.000e+00
     12.344    15.5649   3.939109    31.3460        526     2.1875     2.6387  0.000e+00
     12.310    15.5643   3.939008    31.3456        527     2.1917     2.6412  0.000e+00
     12.269    15.5637   3.938945    31.3455        528     2.1958     2.6404  0.000e+00
     12.228    15.5629   3.938856    31.3454        529     2.2000     2.6404  0.000e+00
     12.181    15.5621   3.938786    31.3454        530     2.2042     2.6402  0.000e+00
     12.141    15.5614   3.938742    31.3456        531     2.2083     2.6398  0.000e+00
     12.095    15.5610   3.938716    31.3457        532     2.2125     2.6405  0.000e+00
     12.053    15.5606   3.938691    31.3458        533     2.2167     2.6429  0.000e+00
     12.008    15.5603   3.938735    31.3465        534     2.2208     2.6466  0.000e+00
     11.962    15.5604   3.938786    31.3468        535     2.2250     2.6525  0.000e+00
     11.928    15.5605   3.938761    31.3466        536     2.2292     2.6582  0.000e+00
     11.895    15.5609   3.938786    31.3465        537     2.2333     2.6634  0.000e+00
     11.868    15.5612   3.938830    31.3466        538     2.2375     2.6687  0.000e+00
     11.847    15.5618   3.938856    31.3464        539     2.2417     2.6732  0.000e+00
     11.834    15.5616   3.938786    31.3460        540     2.2458     2.6738  0.000e+00
     11.825    15.5611   3.938666    31.3453        541     2.2500     2.6730  0.000e+00
     11.838    15.5606   3.938577    31.3449        542     2.2542     2.6717  0.000e+00
     11.834    15.5599   3.938552    31.3452        543     2.2583     2.6680  0.000e+00
     11.839    15.5598   3.938666    31.3463        544     2.2625     2.6625  0.000e+00
     11.845    15.5600   3.938742    31.3468        545     2.2667     2.6569  0.000e+00
     11.843    15.5604   3.938830    31.3473        546     2.2708     2.6494  0.000e+00
     11.838    15.5607   3.938830    31.3471        547     2.2750     2.6421  0.000e+00
     11.829    15.5609   3.938875    31.3473        548     2.2792     2.6358  0.000e+00
     11.811    15.5610   3.938887    31.3473        549     2.2833     2.6297  0.000e+00
