PC2305/sbe045.cnv
* Sea-Bird SBE 19plus V2 Data File:
* FileName = C:\cruise\data\sbe045.hex
* Software Version Seasave V 7.26.7.121
* Temperature SN = 7142
* Conductivity SN = 7142
* System UpLoad Time = Oct 31 2023 05:18:47
** Cruise: PC2205
** Program: ECOMON
# nquan = 8
# nvalues = 1267                                  
# units = specified
# name 0 = depSM: Depth [salt water, m], lat = 40.00
# name 1 = tv290C: Temperature [ITS-90, deg C]
# name 2 = c0S/m: Conductivity [S/m]
# name 3 = sal00: Salinity, Practical [PSU]
# name 4 = scan: Scan Count
# name 5 = timeM: Time, Elapsed [minutes]
# name 6 = sbeox0V: Oxygen raw, SBE 43 [V]
# name 7 = flag:  0.000e+00
# span 0 =     -0.063,     39.234                 
# span 1 =    17.2143,    20.9552                 
# span 2 =   0.000071,   4.815495                 
# span 3 =     0.0088,    34.3968                 
# span 4 =         11,       1277                 
# span 5 =     0.0417,     5.3167                 
# span 6 =     2.3079,     3.0658                 
# span 7 = 0.0000e+00, 0.0000e+00                 
# interval = seconds: 0.25
# start_time = Oct 31 2023 05:18:47 [System UTC, header]
# bad_flag = -9.990e-29
*END*
[from data line 1079]
     12.259    20.1308   4.620782    33.4941       1090     4.5375     2.7887  0.000e+00
     12.213    20.1156   4.621344    33.5108       1091     4.5417     2.7895  0.000e+00
     12.177    20.1062   4.620030    33.5075       1092     4.5458     2.7900  0.000e+00
     12.171    20.1001   4.620538    33.5166       1093     4.5500     2.7905  0.000e+00
     12.191    20.0967   4.621486    33.5270       1094     4.5542     2.7908  0.000e+00
     12.236    20.0970   4.626261    33.5655       1095     4.5583     2.7928  0.000e+00
     12.295    20.1033   4.626017    33.5585       1096     4.5625     2.7934  0.000e+00
     12.358    20.1107   4.628443    33.5723       1097     4.5667     2.7928  0.000e+00
     12.410    20.1174   4.629683    33.5770       1098     4.5708     2.7921  0.000e+00
     12.426    20.1248   4.630184    33.5752       1099     4.5750     2.7927  0.000e+00
     12.421    20.1302   4.630414    33.5727       1100     4.5792     2.7931  0.000e+00
     12.392    20.1335   4.630645    33.5720       1101     4.5833     2.7917  0.000e+00
     12.342    20.1358   4.631363    33.5760       1102     4.5875     2.7928  0.000e+00
     12.277    20.1383   4.631871    33.5782       1103     4.5917     2.7926  0.000e+00
     12.202    20.1403   4.624723    33.5185       1104     4.5958     2.7923  0.000e+00
     12.119    20.1324   4.615481    33.4498       1105     4.6000     2.7913  0.000e+00
     12.020    20.1095   4.612200    33.4414       1106     4.6042     2.7913  0.000e+00
     11.918    20.0861   4.617370    33.5021       1107     4.6083     2.7906  0.000e+00
     11.821    20.0789   4.620193    33.5307       1108     4.6125     2.7888  0.000e+00
     11.711    20.0828   4.621520    33.5385       1109     4.6167     2.7885  0.000e+00
     11.609    20.0879   4.616206    33.4913       1110     4.6208     2.7886  0.000e+00
     11.513    20.0852   4.609088    33.4356       1111     4.6250     2.7893  0.000e+00
     11.422    20.0652   4.603570    33.4066       1112     4.6292     2.7908  0.000e+00
     11.357    20.0447   4.600853    33.4008       1113     4.6333     2.7908  0.000e+00
     11.323    20.0264   4.596779    33.3823       1114     4.6375     2.7890  0.000e+00
     11.301    20.0093   4.596489    33.3935       1115     4.6417     2.7902  0.000e+00
     11.289    19.9966   4.599692    33.4296       1116     4.6458     2.7921  0.000e+00
     11.276    19.9943   4.601253    33.4442       1117     4.6500     2.7931  0.000e+00
     11.258    19.9980   4.598867    33.4218       1118     4.6542     2.7952  0.000e+00
     11.239    19.9977   4.595050    33.3910       1119     4.6583     2.7980  0.000e+00
     11.197    19.9906   4.592794    33.3783       1120     4.6625     2.8001  0.000e+00
     11.141    19.9808   4.591592    33.3763       1121     4.6667     2.8019  0.000e+00
     11.077    19.9715   4.590843    33.3776       1122     4.6708     2.8031  0.000e+00
     10.998    19.9648   4.590201    33.3777       1123     4.6750     2.8027  0.000e+00
     10.911    19.9588   4.590093    33.3816       1124     4.6792     2.8032  0.000e+00
     10.813    19.9550   4.590566    33.3885       1125     4.6833     2.8044  0.000e+00
     10.712    19.9538   4.590174    33.3863       1126     4.6875     2.8044  0.000e+00
     10.608    19.9529   4.589938    33.3851       1127     4.6917     2.8031  0.000e+00
     10.520    19.9516   4.590093    33.3875       1128     4.6958     2.8031  0.000e+00
     10.426    19.9515   4.590667    33.3923       1129     4.7000     2.8026  0.000e+00
     10.336    19.9529   4.590579    33.3905       1130     4.7042     2.8052  0.000e+00
     10.257    19.9542   4.590282    33.3871       1131     4.7083     2.8063  0.000e+00
     10.185    19.9545   4.589668    33.3819       1132     4.7125     2.8078  0.000e+00
     10.112    19.9533   4.589911    33.3848       1133     4.7167     2.8093  0.000e+00
     10.049    19.9526   4.590201    33.3877       1134     4.7208     2.8095  0.000e+00
      9.993    19.9528   4.590633    33.3911       1135     4.7250     2.8095  0.000e+00
      9.941    19.9539   4.591254    33.3953       1136     4.7292     2.8081  0.000e+00
      9.898    19.9558   4.593064    33.4085       1137     4.7333     2.8076  0.000e+00
      9.858    19.9599   4.594827    33.4196       1138     4.7375     2.8076  0.000e+00
      9.821    19.9664   4.595563    33.4205       1139     4.7417     2.8079  0.000e+00
      9.781    19.9720   4.595766    33.4177       1140     4.7458     2.8076  0.000e+00
      9.740    19.9761   4.595766    33.4145       1141     4.7500     2.8102  0.000e+00
      9.691    19.9783   4.595563    33.4111       1142     4.7542     2.8086  0.000e+00
      9.636    19.9790   4.594637    33.4030       1143     4.7583     2.8085  0.000e+00
      9.574    19.9778   4.592928    33.3901       1144     4.7625     2.8071  0.000e+00
      9.508    19.9745   4.591767    33.3833       1145     4.7667     2.8086  0.000e+00
      9.436    19.9696   4.591348    33.3838       1146     4.7708     2.8083  0.000e+00
      9.362    19.9653   4.591429    33.3879       1147     4.7750     2.8112  0.000e+00
      9.291    19.9630   4.591990    33.3943       1148     4.7792     2.8138  0.000e+00
      9.210    19.9626   4.591564    33.3912       1149     4.7833     2.8130  0.000e+00
      9.125    19.9621   4.591031    33.3872       1150     4.7875     2.8147  0.000e+00
      9.044    19.9609   4.590497    33.3839       1151     4.7917     2.8144  0.000e+00
      8.954    19.9588   4.590437    33.3851       1152     4.7958     2.8130  0.000e+00
      8.866    19.9575   4.590497    33.3867       1153     4.8000     2.8140  0.000e+00
      8.773    19.9567   4.591220    33.3932       1154     4.8042     2.8145  0.000e+00
      8.688    19.9577   4.591794    33.3972       1155     4.8083     2.8158  0.000e+00
      8.600    19.9600   4.593252    33.4072       1156     4.8125     2.8177  0.000e+00
      8.523    19.9641   4.595495    33.4223       1157     4.8167     2.8171  0.000e+00
      8.439    19.9712   4.594637    33.4097       1158     4.8208     2.8170  0.000e+00
      8.342    19.9752   4.593941    33.4008       1159     4.8250     2.8176  0.000e+00
      8.216    19.9747   4.592124    33.3865       1160     4.8292     2.8183  0.000e+00
      8.061    19.9709   4.590976    33.3802       1161     4.8333     2.8169  0.000e+00
      7.874    19.9656   4.590767    33.3828       1162     4.8375     2.8179  0.000e+00
      7.682    19.9617   4.590814    33.3863       1163     4.8417     2.8163  0.000e+00
      7.502    19.9595   4.590605    33.3864       1164     4.8458     2.8169  0.000e+00
      7.353    19.9580   4.590355    33.3856       1165     4.8500     2.8178  0.000e+00
      7.251    19.9564   4.590632    33.3892       1166     4.8542     2.8179  0.000e+00
      7.193    19.9561   4.590733    33.3903       1167     4.8583     2.8183  0.000e+00
      7.166    19.9565   4.590814    33.3907       1168     4.8625     2.8163  0.000e+00
      7.159    19.9572   4.590841    33.3903       1169     4.8667     2.8138  0.000e+00
      7.156    19.9573   4.590713    33.3892       1170     4.8708     2.8144  0.000e+00
      7.154    19.9578   4.590578    33.3877       1171     4.8750     2.8134  0.000e+00
      7.150    19.9574   4.590409    33.3866       1172     4.8792     2.8127  0.000e+00
      7.143    19.9568   4.590308    33.3862       1173     4.8833     2.8135  0.000e+00
      7.136    19.9562   4.590281    33.3865       1174     4.8875     2.8114  0.000e+00
      7.118    19.9557   4.590382    33.3878       1175     4.8917     2.8105  0.000e+00
      7.086    19.9556   4.590760    33.3910       1176     4.8958     2.8105  0.000e+00
      7.003    19.9561   4.590551    33.3889       1177     4.9000     2.8107  0.000e+00
      6.888    19.9565   4.590922    33.3916       1178     4.9042     2.8106  0.000e+00
      6.726    19.9568   4.591226    33.3939       1179     4.9083     2.8122  0.000e+00
      6.537    19.9578   4.591482    33.3953       1180     4.9125     2.8141  0.000e+00
      6.336    19.9592   4.591111    33.3912       1181     4.9167     2.8148  0.000e+00
      6.135    19.9593   4.591968    33.3982       1182     4.9208     2.8151  0.000e+00
      5.944    19.9602   4.592738    33.4038       1183     4.9250     2.8162  0.000e+00
      5.775    19.9632   4.592312    33.3980       1184     4.9292     2.8175  0.000e+00
      5.642    19.9647   4.592353    33.3972       1185     4.9333     2.8181  0.000e+00
      5.562    19.9652   4.592339    33.3967       1186     4.9375     2.8173  0.000e+00
      5.535    19.9652   4.592420    33.3973       1187     4.9417     2.8168  0.000e+00
      5.538    19.9655   4.593008    33.4019       1188     4.9458     2.8157  0.000e+00
      5.558    19.9663   4.593940    33.4088       1189     4.9500     2.8150  0.000e+00
      5.581    19.9688   4.594156    33.4086       1190     4.9542     2.8159  0.000e+00
      5.601    19.9711   4.594399    33.4088       1191     4.9583     2.8161  0.000e+00
      5.633    19.9733   4.594636    33.4090       1192     4.9625     2.8159  0.000e+00
      5.639    19.9746   4.594960    33.4106       1193     4.9667     2.8156  0.000e+00
      5.621    19.9760   4.595068    33.4103       1194     4.9708     2.8144  0.000e+00
      5.598    19.9773   4.594352    33.4035       1195     4.9750     2.8129  0.000e+00
      5.544    19.9772   4.595176    33.4103       1196     4.9792     2.8125  0.000e+00
      5.443    19.9780   4.598061    33.4331       1197     4.9833     2.8132  0.000e+00
      5.299    19.9835   4.597527    33.4245       1198     4.9875     2.8137  0.000e+00
      5.111    19.9874   4.593534    33.3890       1199     4.9917     2.8160  0.000e+00
      4.888    19.9833   4.592845    33.3867       1200     4.9958     2.8178  0.000e+00
      4.685    19.9765   4.594318    33.4042       1201     5.0000     2.8201  0.000e+00
      4.509    19.9744   4.594635    33.4085       1202     5.0042     2.8218  0.000e+00
      4.376    19.9755   4.594372    33.4055       1203     5.0083     2.8215  0.000e+00
      4.279    19.9760   4.595385    33.4134       1204     5.0125     2.8217  0.000e+00
      4.207    19.9777   4.594176    33.4022       1205     5.0167     2.8205  0.000e+00
      4.160    19.9773   4.594344    33.4039       1206     5.0208     2.8170  0.000e+00
      4.137    19.9761   4.594155    33.4033       1207     5.0250     2.8160  0.000e+00
      4.137    19.9752   4.593608    33.3996       1208     5.0292     2.8148  0.000e+00
      4.158    19.9738   4.593169    33.3971       1209     5.0333     2.8138  0.000e+00
      4.189    19.9717   4.592582    33.3940       1210     5.0375     2.8105  0.000e+00
      4.205    19.9689   4.592231    33.3934       1211     5.0417     2.8088  0.000e+00
      4.205    19.9661   4.591711    33.3914       1212     5.0458     2.8046  0.000e+00
      4.187    19.9633   4.591137    33.3889       1213     5.0500     2.8038  0.000e+00
      4.151    19.9603   4.591535    33.3945       1214     5.0542     2.8045  0.000e+00
      4.115    19.9590   4.592123    33.4003       1215     5.0583     2.8070  0.000e+00
      4.056    19.9605   4.591535    33.3944       1216     5.0625     2.8083  0.000e+00
      3.991    19.9611   4.592177    33.3992       1217     5.0667     2.8097  0.000e+00
      3.914    19.9615   4.592096    33.3982       1218     5.0708     2.8093  0.000e+00
      3.804    19.9623   4.592312    33.3994       1219     5.0750     2.8083  0.000e+00
      3.660    19.9638   4.592872    33.4028       1220     5.0792     2.8102  0.000e+00
      3.491    19.9656   4.592737    33.4003       1221     5.0833     2.8118  0.000e+00
      3.290    19.9671   4.594223    33.4113       1222     5.0875     2.8127  0.000e+00
      3.076    19.9693   4.593432    33.4032       1223     5.0917     2.8150  0.000e+00
      2.880    19.9712   4.592926    33.3977       1224     5.0958     2.8163  0.000e+00
      2.724    19.9709   4.593810    33.4051       1225     5.1000     2.8150  0.000e+00
      2.645    19.9716   4.593939    33.4056       1226     5.1042     2.8163  0.000e+00
      2.627    19.9729   4.593939    33.4046       1227     5.1083     2.8161  0.000e+00
      2.665    19.9735   4.593939    33.4042       1228     5.1125     2.8160  0.000e+00
      2.722    19.9740   4.593621    33.4011       1229     5.1167     2.8140  0.000e+00
      2.800    19.9736   4.593351    33.3992       1230     5.1208     2.8129  0.000e+00
      2.884    19.9726   4.593115    33.3980       1231     5.1250     2.8107  0.000e+00
      2.974    19.9718   4.592939    33.3972       1232     5.1292     2.8098  0.000e+00
      3.062    19.9707   4.592737    33.3964       1233     5.1333     2.8076  0.000e+00
      3.128    19.9694   4.592656    33.3968       1234     5.1375     2.8060  0.000e+00
      3.150    19.9686   4.592764    33.3983       1235     5.1417     2.8076  0.000e+00
      3.128    19.9679   4.592149    33.3939       1236     5.1458     2.8093  0.000e+00
      3.062    19.9665   4.592041    33.3941       1237     5.1500     2.8106  0.000e+00
      2.983    19.9655   4.591892    33.3937       1238     5.1542     2.8116  0.000e+00
      2.855    19.9643   4.592041    33.3959       1239     5.1583     2.8109  0.000e+00
      2.665    19.9641   4.593432    33.4075       1240     5.1625     2.8108  0.000e+00
      2.411    19.9660   4.593763    33.4088       1241     5.1667     2.8117  0.000e+00
      2.140    19.9687   4.594209    33.4103       1242     5.1708     2.8112  0.000e+00
      1.933    19.9706   4.594607    33.4121       1243     5.1750     2.8127  0.000e+00
      1.815    19.9730   4.594425    33.4088       1244     5.1792     2.8125  0.000e+00
      1.750    19.9744   4.594067    33.4048       1245     5.1833     2.8136  0.000e+00
      1.748    19.9743   4.594127    33.4054       1246     5.1875     2.8142  0.000e+00
      1.775    19.9742   4.594154    33.4057       1247     5.1917     2.8140  0.000e+00
      1.829    19.9740   4.594175    33.4059       1248     5.1958     2.8131  0.000e+00
      1.915    19.9744   4.594127    33.4052       1249     5.2000     2.8126  0.000e+00
      2.007    19.9742   4.594073    33.4049       1250     5.2042     2.8115  0.000e+00
      2.099    19.9742   4.593965    33.4040       1251     5.2083     2.8102  0.000e+00
      2.180    19.9742   4.593837    33.4029       1252     5.2125     2.8086  0.000e+00
      2.235    19.9739   4.593837    33.4031       1253     5.2167     2.8081  0.000e+00
      2.264    19.9734   4.592898    33.3959       1254     5.2208     2.8079  0.000e+00
      2.268    19.9715   4.591176    33.3834       1255     5.2250     2.8099  0.000e+00
      2.268    19.9664   4.593297    33.4047       1256     5.2292     2.8127  0.000e+00
      2.234    19.9661   4.592817    33.4011       1257     5.2333     2.8121  0.000e+00
      2.178    19.9669   4.590379    33.3806       1258     5.2375     2.8125  0.000e+00
      2.088    19.9630   4.590089    33.3814       1259     5.2417     2.8118  0.000e+00
      1.946    19.9588   4.589475    33.3797       1260     5.2458     2.8136  0.000e+00
      1.772    19.9557   4.591433    33.3982       1261     5.2500     2.8148  0.000e+00
      1.579    19.9559   4.594587    33.4238       1262     5.2542     2.8164  0.000e+00
      1.412    19.9623   4.595276    33.4243       1263     5.2583     2.8174  0.000e+00
      1.312    19.9699   4.592337    33.3944       1264     5.2625     2.8184  0.000e+00
      1.261    19.9700   4.591662    33.3889       1265     5.2667     2.8184  0.000e+00
      1.242    19.9652   4.590413    33.3825       1266     5.2708     2.8170  0.000e+00
      1.240    19.9599   4.590386    33.3865       1267     5.2750     2.8147  0.000e+00
      1.238    19.9567   4.590379    33.3890       1268     5.2792     2.8145  0.000e+00
