PC2305/sbe022.cnv
* Sea-Bird SBE 19plus V2 Data File:
* FileName = C:\cruise\data\sbe022.hex
* Software Version Seasave V 7.26.7.121
* Temperature SN = 7142
* Conductivity SN = 7142
* System UpLoad Time = Oct 29 2023 08:24:07
** Cruise: PC2205
** Program: ECOMON
# nquan = 8
# nvalues = 2227                                  
# units = specified
# name 0 = depSM: Depth [salt water, m], lat = 40.00
# name 1 = tv290C: Temperature [ITS-90, deg C]
# name 2 = c0S/m: Conductivity [S/m]
# name 3 = sal00: Salinity, Practical [PSU]
# name 4 = scan: Scan Count
# name 5 = timeM: Time, Elapsed [minutes]
# name 6 = sbeox0V: Oxygen raw, SBE 43 [V]
# name 7 = flag:  0.000e+00
# span 0 =     -0.022,     91.358                 
# span 1 =    11.0288,    18.2960                 
# span 2 =   0.000026,   4.485242                 
# span 3 =     0.0081,    34.0853                 
# span 4 =         11,       2237                 
# span 5 =     0.0417,     9.3167                 
# span 6 =     2.0722,     3.0399                 
# span 7 = 0.0000e+00, 0.0000e+00                 
# interval = seconds: 0.25
# start_time = Oct 29 2023 08:24:07 [System UTC, header]
# bad_flag = -9.990e-29
*END*
[from data line 1618]
     32.680    15.3857   4.014826    32.1566       1629     6.7833     2.7783  0.000e+00
     32.585    15.3861   4.014825    32.1563       1630     6.7875     2.7785  0.000e+00
     32.485    15.3863   4.014870    32.1566       1631     6.7917     2.7791  0.000e+00
     32.384    15.3867   4.014940    32.1569       1632     6.7958     2.7797  0.000e+00
     32.276    15.3871   4.014985    32.1571       1633     6.8000     2.7794  0.000e+00
     32.165    15.3878   4.015106    32.1576       1634     6.8042     2.7796  0.000e+00
     32.060    15.3887   4.015177    32.1575       1635     6.8083     2.7790  0.000e+00
     31.953    15.3895   4.015247    32.1575       1636     6.8125     2.7781  0.000e+00
     31.854    15.3904   4.015342    32.1577       1637     6.8167     2.7781  0.000e+00
     31.751    15.3914   4.015413    32.1576       1638     6.8208     2.7777  0.000e+00
     31.654    15.3923   4.015464    32.1573       1639     6.8250     2.7795  0.000e+00
     31.563    15.3932   4.015534    32.1572       1640     6.8292     2.7803  0.000e+00
     31.478    15.3940   4.015604    32.1573       1641     6.8333     2.7807  0.000e+00
     31.404    15.3946   4.015674    32.1574       1642     6.8375     2.7821  0.000e+00
     31.336    15.3955   4.015840    32.1581       1643     6.8417     2.7828  0.000e+00
     31.280    15.3968   4.015911    32.1577       1644     6.8458     2.7835  0.000e+00
     31.232    15.3978   4.016032    32.1580       1645     6.8500     2.7851  0.000e+00
     31.185    15.3992   4.016057    32.1571       1646     6.8542     2.7852  0.000e+00
     31.149    15.4003   4.016128    32.1569       1647     6.8583     2.7855  0.000e+00
     31.121    15.4011   4.016147    32.1564       1648     6.8625     2.7854  0.000e+00
     31.094    15.4019   4.016172    32.1560       1649     6.8667     2.7842  0.000e+00
     31.074    15.4023   4.016179    32.1557       1650     6.8708     2.7841  0.000e+00
     31.056    15.4026   4.016294    32.1565       1651     6.8750     2.7844  0.000e+00
     31.034    15.4032   4.016313    32.1562       1652     6.8792     2.7829  0.000e+00
     31.014    15.4039   4.016364    32.1561       1653     6.8833     2.7839  0.000e+00
     30.989    15.4044   4.016364    32.1557       1654     6.8875     2.7826  0.000e+00
     30.966    15.4047   4.016364    32.1555       1655     6.8917     2.7830  0.000e+00
     30.928    15.4049   4.016409    32.1557       1656     6.8958     2.7836  0.000e+00
     30.890    15.4052   4.016530    32.1565       1657     6.9000     2.7846  0.000e+00
     30.847    15.4058   4.016741    32.1579       1658     6.9042     2.7857  0.000e+00
     30.795    15.4074   4.016907    32.1581       1659     6.9083     2.7861  0.000e+00
     30.736    15.4097   4.016958    32.1567       1660     6.9125     2.7873  0.000e+00
     30.671    15.4115   4.016958    32.1553       1661     6.9167     2.7856  0.000e+00
     30.601    15.4125   4.016958    32.1545       1662     6.9208     2.7853  0.000e+00
     30.518    15.4130   4.017002    32.1545       1663     6.9250     2.7868  0.000e+00
     30.438    15.4137   4.017073    32.1546       1664     6.9292     2.7875  0.000e+00
     30.348    15.4143   4.017002    32.1535       1665     6.9333     2.7883  0.000e+00
     30.261    15.4144   4.017002    32.1535       1666     6.9375     2.7898  0.000e+00
     30.182    15.4144   4.017098    32.1543       1667     6.9417     2.7898  0.000e+00
     30.101    15.4147   4.017098    32.1542       1668     6.9458     2.7905  0.000e+00
     30.030    15.4153   4.017143    32.1541       1669     6.9500     2.7908  0.000e+00
     29.954    15.4161   4.017168    32.1537       1670     6.9542     2.7915  0.000e+00
     29.891    15.4167   4.017213    32.1536       1671     6.9583     2.7905  0.000e+00
     29.828    15.4172   4.017238    32.1535       1672     6.9625     2.7918  0.000e+00
     29.771    15.4176   4.017290    32.1536       1673     6.9667     2.7928  0.000e+00
     29.711    15.4181   4.017334    32.1536       1674     6.9708     2.7931  0.000e+00
     29.654    15.4187   4.017379    32.1535       1675     6.9750     2.7938  0.000e+00
     29.598    15.4197   4.017404    32.1530       1676     6.9792     2.7942  0.000e+00
     29.550    15.4203   4.017430    32.1527       1677     6.9833     2.7944  0.000e+00
     29.498    15.4209   4.017468    32.1526       1678     6.9875     2.7950  0.000e+00
     29.444    15.4214   4.017526    32.1527       1679     6.9917     2.7964  0.000e+00
     29.397    15.4219   4.017500    32.1521       1680     6.9958     2.7972  0.000e+00
     29.345    15.4223   4.017475    32.1515       1681     7.0000     2.7989  0.000e+00
     29.293    15.4224   4.017404    32.1509       1682     7.0042     2.7972  0.000e+00
     29.241    15.4223   4.017379    32.1507       1683     7.0083     2.7970  0.000e+00
     29.190    15.4223   4.017474    32.1516       1684     7.0125     2.7984  0.000e+00
     29.142    15.4224   4.017404    32.1509       1685     7.0167     2.7984  0.000e+00
     29.090    15.4223   4.017289    32.1500       1686     7.0208     2.7979  0.000e+00
     29.041    15.4219   4.017238    32.1499       1687     7.0250     2.7989  0.000e+00
     28.993    15.4216   4.017289    32.1507       1688     7.0292     2.8001  0.000e+00
     28.948    15.4217   4.017264    32.1503       1689     7.0333     2.8000  0.000e+00
     28.903    15.4215   4.017123    32.1493       1690     7.0375     2.7998  0.000e+00
     28.861    15.4214   4.017072    32.1489       1691     7.0417     2.8005  0.000e+00
     28.816    15.4209   4.017002    32.1487       1692     7.0458     2.7995  0.000e+00
     28.770    15.4208   4.016957    32.1484       1693     7.0500     2.7993  0.000e+00
     28.736    15.4206   4.016957    32.1486       1694     7.0542     2.7976  0.000e+00
     28.694    15.4203   4.016957    32.1488       1695     7.0583     2.7973  0.000e+00
     28.651    15.4203   4.016906    32.1484       1696     7.0625     2.7983  0.000e+00
     28.608    15.4204   4.016906    32.1483       1697     7.0667     2.7989  0.000e+00
     28.561    15.4203   4.016861    32.1480       1698     7.0708     2.7983  0.000e+00
     28.506    15.4202   4.016714    32.1468       1699     7.0750     2.7999  0.000e+00
     28.444    15.4197   4.016599    32.1462       1700     7.0792     2.8005  0.000e+00
     28.383    15.4191   4.016644    32.1471       1701     7.0833     2.8015  0.000e+00
     28.313    15.4191   4.016765    32.1482       1702     7.0875     2.8011  0.000e+00
     28.238    15.4194   4.016810    32.1484       1703     7.0917     2.8014  0.000e+00
     28.159    15.4201   4.016669    32.1467       1704     7.0958     2.8019  0.000e+00
     28.078    15.4204   4.016529    32.1452       1705     7.1000     2.8026  0.000e+00
     27.995    15.4203   4.016407    32.1442       1706     7.1042     2.8030  0.000e+00
     27.916    15.4198   4.016452    32.1451       1707     7.1083     2.8031  0.000e+00
     27.841    15.4198   4.016503    32.1455       1708     7.1125     2.8035  0.000e+00
     27.763    15.4203   4.016477    32.1449       1709     7.1167     2.8051  0.000e+00
     27.693    15.4203   4.016311    32.1435       1710     7.1208     2.8061  0.000e+00
     27.627    15.4204   4.016196    32.1424       1711     7.1250     2.8073  0.000e+00
     27.564    15.4198   4.016241    32.1433       1712     7.1292     2.8069  0.000e+00
     27.501    15.4198   4.016241    32.1433       1713     7.1333     2.8077  0.000e+00
     27.451    15.4198   4.016241    32.1433       1714     7.1375     2.8088  0.000e+00
     27.407    15.4201   4.016075    32.1416       1715     7.1417     2.8104  0.000e+00
     27.366    15.4198   4.016030    32.1414       1716     7.1458     2.8108  0.000e+00
     27.328    15.4194   4.016005    32.1416       1717     7.1500     2.8123  0.000e+00
     27.294    15.4193   4.015979    32.1415       1718     7.1542     2.8135  0.000e+00
     27.262    15.4191   4.015934    32.1413       1719     7.1583     2.8131  0.000e+00
     27.235    15.4191   4.015909    32.1411       1720     7.1625     2.8138  0.000e+00
     27.201    15.4188   4.015672    32.1392       1721     7.1667     2.8131  0.000e+00
     27.165    15.4188   4.015934    32.1415       1722     7.1708     2.8127  0.000e+00
     27.133    15.4187   4.015864    32.1410       1723     7.1750     2.8127  0.000e+00
     27.093    15.4187   4.015813    32.1406       1724     7.1792     2.8128  0.000e+00
     27.050    15.4186   4.015813    32.1407       1725     7.1833     2.8135  0.000e+00
     26.998    15.4188   4.015838    32.1407       1726     7.1875     2.8135  0.000e+00
     26.947    15.4187   4.015838    32.1408       1727     7.1917     2.8126  0.000e+00
     26.892    15.4186   4.015838    32.1409       1728     7.1958     2.8132  0.000e+00
     26.832    15.4186   4.015864    32.1412       1729     7.2000     2.8137  0.000e+00
     26.764    15.4188   4.015838    32.1408       1730     7.2042     2.8132  0.000e+00
     26.707    15.4190   4.015723    32.1397       1731     7.2083     2.8141  0.000e+00
     26.644    15.4189   4.015647    32.1391       1732     7.2125     2.8129  0.000e+00
     26.575    15.4184   4.015608    32.1391       1733     7.2167     2.8136  0.000e+00
     26.509    15.4183   4.015602    32.1392       1734     7.2208     2.8124  0.000e+00
     26.441    15.4182   4.015602    32.1393       1735     7.2250     2.8114  0.000e+00
     26.376    15.4179   4.015602    32.1396       1736     7.2292     2.8108  0.000e+00
     26.315    15.4181   4.015576    32.1392       1737     7.2333     2.8109  0.000e+00
     26.257    15.4181   4.015557    32.1391       1738     7.2375     2.8123  0.000e+00
     26.200    15.4183   4.015576    32.1391       1739     7.2417     2.8117  0.000e+00
     26.144    15.4186   4.015576    32.1389       1740     7.2458     2.8121  0.000e+00
     26.090    15.4187   4.015557    32.1387       1741     7.2500     2.8114  0.000e+00
     26.045    15.4190   4.015602    32.1388       1742     7.2542     2.8117  0.000e+00
     26.000    15.4188   4.015576    32.1387       1743     7.2583     2.8112  0.000e+00
     25.957    15.4191   4.015576    32.1385       1744     7.2625     2.8099  0.000e+00
     25.914    15.4191   4.015557    32.1384       1745     7.2667     2.8102  0.000e+00
     25.875    15.4191   4.015576    32.1385       1746     7.2708     2.8114  0.000e+00
     25.837    15.4191   4.015557    32.1384       1747     7.2750     2.8127  0.000e+00
     25.801    15.4191   4.015531    32.1382       1748     7.2792     2.8148  0.000e+00
     25.768    15.4191   4.015557    32.1384       1749     7.2833     2.8149  0.000e+00
     25.727    15.4194   4.015557    32.1382       1750     7.2875     2.8147  0.000e+00
     25.691    15.4192   4.015531    32.1381       1751     7.2917     2.8145  0.000e+00
     25.657    15.4193   4.015602    32.1387       1752     7.2958     2.8146  0.000e+00
     25.618    15.4193   4.015576    32.1385       1753     7.3000     2.8157  0.000e+00
     25.576    15.4195   4.015531    32.1379       1754     7.3042     2.8147  0.000e+00
     25.531    15.4196   4.015557    32.1381       1755     7.3083     2.8152  0.000e+00
     25.481    15.4195   4.015557    32.1382       1756     7.3125     2.8161  0.000e+00
     25.425    15.4197   4.015576    32.1383       1757     7.3167     2.8170  0.000e+00
     25.362    15.4201   4.015576    32.1380       1758     7.3208     2.8168  0.000e+00
     25.298    15.4202   4.015557    32.1377       1759     7.3250     2.8173  0.000e+00
     25.226    15.4205   4.015557    32.1375       1760     7.3292     2.8158  0.000e+00
     25.154    15.4206   4.015557    32.1374       1761     7.3333     2.8171  0.000e+00
     25.071    15.4209   4.015576    32.1374       1762     7.3375     2.8173  0.000e+00
     24.987    15.4210   4.015576    32.1373       1763     7.3417     2.8174  0.000e+00
     24.895    15.4213   4.015576    32.1371       1764     7.3458     2.8179  0.000e+00
     24.812    15.4215   4.015556    32.1368       1765     7.3500     2.8180  0.000e+00
     24.728    15.4216   4.015461    32.1359       1766     7.3542     2.8178  0.000e+00
     24.647    15.4221   4.015410    32.1351       1767     7.3583     2.8184  0.000e+00
     24.577    15.4223   4.015390    32.1348       1768     7.3625     2.8190  0.000e+00
     24.505    15.4227   4.015339    32.1341       1769     7.3667     2.8190  0.000e+00
     24.437    15.4228   4.015294    32.1336       1770     7.3708     2.8198  0.000e+00
     24.381    15.4234   4.015294    32.1331       1771     7.3750     2.8192  0.000e+00
     24.340    15.4239   4.015314    32.1329       1772     7.3792     2.8192  0.000e+00
     24.300    15.4241   4.015269    32.1324       1773     7.3833     2.8201  0.000e+00
     24.261    15.4242   4.015294    32.1325       1774     7.3875     2.8205  0.000e+00
     24.230    15.4247   4.015365    32.1327       1775     7.3917     2.8220  0.000e+00
     24.209    15.4246   4.015294    32.1322       1776     7.3958     2.8217  0.000e+00
     24.180    15.4248   4.015294    32.1321       1777     7.4000     2.8217  0.000e+00
     24.156    15.4249   4.015269    32.1317       1778     7.4042     2.8226  0.000e+00
     24.133    15.4250   4.015294    32.1319       1779     7.4083     2.8228  0.000e+00
     24.113    15.4251   4.015313    32.1320       1780     7.4125     2.8234  0.000e+00
     24.086    15.4250   4.015339    32.1323       1781     7.4167     2.8242  0.000e+00
     24.054    15.4251   4.015313    32.1320       1782     7.4208     2.8242  0.000e+00
     24.025    15.4253   4.015294    32.1317       1783     7.4250     2.8251  0.000e+00
     23.988    15.4255   4.015294    32.1316       1784     7.4292     2.8250  0.000e+00
     23.952    15.4255   4.015307    32.1317       1785     7.4333     2.8255  0.000e+00
     23.905    15.4252   4.015313    32.1319       1786     7.4375     2.8264  0.000e+00
     23.867    15.4255   4.015313    32.1318       1787     7.4417     2.8269  0.000e+00
     23.815    15.4257   4.015294    32.1314       1788     7.4458     2.8255  0.000e+00
     23.759    15.4258   4.015269    32.1312       1789     7.4500     2.8233  0.000e+00
     23.704    15.4259   4.015243    32.1309       1790     7.4542     2.8230  0.000e+00
     23.637    15.4261   4.015243    32.1307       1791     7.4583     2.8247  0.000e+00
     23.578    15.4264   4.015294    32.1309       1792     7.4625     2.8245  0.000e+00
     23.515    15.4266   4.015268    32.1305       1793     7.4667     2.8253  0.000e+00
     23.447    15.4269   4.015268    32.1304       1794     7.4708     2.8248  0.000e+00
     23.384    15.4267   4.015198    32.1299       1795     7.4750     2.8251  0.000e+00
     23.315    15.4268   4.015173    32.1296       1796     7.4792     2.8249  0.000e+00
     23.242    15.4268   4.015294    32.1307       1797     7.4833     2.8260  0.000e+00
     23.172    15.4270   4.015243    32.1302       1798     7.4875     2.8276  0.000e+00
     23.109    15.4273   4.015268    32.1301       1799     7.4917     2.8277  0.000e+00
     23.039    15.4277   4.015198    32.1293       1800     7.4958     2.8276  0.000e+00
     22.974    15.4280   4.015147    32.1286       1801     7.5000     2.8271  0.000e+00
     22.913    15.4279   4.014936    32.1268       1802     7.5042     2.8276  0.000e+00
     22.853    15.4279   4.014911    32.1266       1803     7.5083     2.8275  0.000e+00
     22.798    15.4276   4.014840    32.1262       1804     7.5125     2.8278  0.000e+00
     22.742    15.4274   4.014821    32.1262       1805     7.5167     2.8277  0.000e+00
     22.688    15.4271   4.014770    32.1260       1806     7.5208     2.8298  0.000e+00
     22.636    15.4270   4.014744    32.1259       1807     7.5250     2.8311  0.000e+00
