PC2305/sbe041.cnv
* Sea-Bird SBE 19plus V2 Data File:
* FileName = C:\cruise\data\sbe041.hex
* Software Version Seasave V 7.26.7.121
* Temperature SN = 7142
* Conductivity SN = 7142
* System UpLoad Time = Oct 30 2023 19:26:10
** Cruise: PC2205
** Program: ECOMON
# nquan = 8
# nvalues = 1288                                  
# units = specified
# name 0 = depSM: Depth [salt water, m], lat = 40.00
# name 1 = tv290C: Temperature [ITS-90, deg C]
# name 2 = c0S/m: Conductivity [S/m]
# name 3 = sal00: Salinity, Practical [PSU]
# name 4 = scan: Scan Count
# name 5 = timeM: Time, Elapsed [minutes]
# name 6 = sbeox0V: Oxygen raw, SBE 43 [V]
# name 7 = flag:  0.000e+00
# span 0 =     -0.153,     34.642                 
# span 1 =    18.5443,    20.6139                 
# span 2 =   0.000003,   4.589448                 
# span 3 =     0.0102,    33.6718                 
# span 4 =         11,       1298                 
# span 5 =     0.0417,     5.4042                 
# span 6 =     2.4186,     3.0156                 
# span 7 = 0.0000e+00, 0.0000e+00                 
# interval = seconds: 0.25
# start_time = Oct 30 2023 19:26:10 [System UTC, header]
# bad_flag = -9.990e-29
*END*
[from data line 180]
      0.565    19.5066   4.448033    32.5808        191     0.7917     2.7757  0.000e+00
      0.657    19.4813   4.367096    31.9382        192     0.7958     2.7566  0.000e+00
      0.770    19.4517   4.378609    32.0549        193     0.8000     2.7375  0.000e+00
      0.871    19.4302   4.447721    32.6378        194     0.8042     2.7185  0.000e+00
      0.961    19.4275   4.447388    32.6371        195     0.8083     2.6989  0.000e+00
      1.058    19.4153   4.447108    32.6443        196     0.8125     2.6818  0.000e+00
      1.144    19.3990   4.445696    32.6455        197     0.8167     2.6661  0.000e+00
      1.236    19.3846   4.445050    32.6514        198     0.8208     2.6532  0.000e+00
      1.343    19.3752   4.444537    32.6545        199     0.8250     2.6439  0.000e+00
      1.458    19.3735   4.443978    32.6511        200     0.8292     2.6369  0.000e+00
      1.586    19.3826   4.443997    32.6442        201     0.8333     2.6341  0.000e+00
      1.717    19.3853   4.444231    32.6440        202     0.8375     2.6324  0.000e+00
      1.854    19.3848   4.443718    32.6401        203     0.8417     2.6277  0.000e+00
      1.992    19.3848   4.443078    32.6348        204     0.8458     2.6236  0.000e+00
      2.120    19.3880   4.442792    32.6299        205     0.8500     2.6246  0.000e+00
      2.236    19.3880   4.442899    32.6307        206     0.8542     2.6313  0.000e+00
      2.366    19.3839   4.442413    32.6299        207     0.8583     2.6413  0.000e+00
      2.497    19.3760   4.441720    32.6303        208     0.8625     2.6502  0.000e+00
      2.635    19.3716   4.441434    32.6314        209     0.8667     2.6570  0.000e+00
      2.774    19.3710   4.441001    32.6282        210     0.8708     2.6604  0.000e+00
      2.914    19.3713   4.439923    32.6191        211     0.8750     2.6609  0.000e+00
      3.038    19.3686   4.440382    32.6249        212     0.8792     2.6571  0.000e+00
      3.164    19.3585   4.439537    32.6258        213     0.8833     2.6521  0.000e+00
      3.295    19.3545   4.438645    32.6216        214     0.8875     2.6469  0.000e+00
      3.431    19.3515   4.437693    32.6160        215     0.8917     2.6403  0.000e+00
      3.564    19.3430   4.437593    32.6218        216     0.8958     2.6354  0.000e+00
      3.696    19.3297   4.437460    32.6311        217     0.9000     2.6352  0.000e+00
      3.827    19.3213   4.437028    32.6341        218     0.9042     2.6393  0.000e+00
      3.967    19.3170   4.436515    32.6332        219     0.9083     2.6445  0.000e+00
      4.116    19.3203   4.436389    32.6295        220     0.9125     2.6477  0.000e+00
      4.262    19.3162   4.435903    32.6287        221     0.9167     2.6514  0.000e+00
      4.414    19.3096   4.435517    32.6306        222     0.9208     2.6515  0.000e+00
      4.564    19.3068   4.434952    32.6281        223     0.9250     2.6509  0.000e+00
      4.714    19.3057   4.434592    32.6260        224     0.9292     2.6467  0.000e+00
      4.862    19.3038   4.434393    32.6258        225     0.9333     2.6421  0.000e+00
      5.006    19.2974   4.434007    32.6276        226     0.9375     2.6336  0.000e+00
      5.144    19.2910   4.433754    32.6305        227     0.9417     2.6262  0.000e+00
      5.279    19.2871   4.433242    32.6292        228     0.9458     2.6174  0.000e+00
      5.399    19.2828   4.432909    32.6299        229     0.9500     2.6139  0.000e+00
      5.518    19.2830   4.432397    32.6254        230     0.9542     2.6152  0.000e+00
      5.645    19.2823   4.431678    32.6200        231     0.9583     2.6194  0.000e+00
      5.775    19.2838   4.430967    32.6129        232     0.9625     2.6251  0.000e+00
      5.918    19.2819   4.430348    32.6093        233     0.9667     2.6297  0.000e+00
      6.066    19.2755   4.430142    32.6126        234     0.9708     2.6321  0.000e+00
      6.213    19.2650   4.429790    32.6178        235     0.9750     2.6316  0.000e+00
      6.362    19.2516   4.429098    32.6226        236     0.9792     2.6303  0.000e+00
      6.502    19.2425   4.428659    32.6261        237     0.9833     2.6290  0.000e+00
      6.644    19.2357   4.428506    32.6300        238     0.9875     2.6278  0.000e+00
      6.783    19.2309   4.428101    32.6304        239     0.9917     2.6258  0.000e+00
      6.903    19.2302   4.427669    32.6274        240     0.9958     2.6247  0.000e+00
      7.018    19.2294   4.427183    32.6240        241     1.0000     2.6227  0.000e+00
      7.115    19.2254   4.426033    32.6176        242     1.0042     2.6208  0.000e+00
      7.218    19.2215   4.425268    32.6143        243     1.0083     2.6166  0.000e+00
      7.320    19.2154   4.424856    32.6156        244     1.0125     2.6108  0.000e+00
      7.419    19.2095   4.424245    32.6152        245     1.0167     2.6048  0.000e+00
      7.530    19.2079   4.423460    32.6099        246     1.0208     2.5996  0.000e+00
      7.649    19.1961   4.422304    32.6096        247     1.0250     2.5957  0.000e+00
      7.771    19.1894   4.421207    32.6058        248     1.0292     2.5950  0.000e+00
      7.899    19.1848   4.420596    32.6043        249     1.0333     2.5971  0.000e+00
      8.041    19.1750   4.419885    32.6061        250     1.0375     2.5999  0.000e+00
      8.183    19.1634   4.418988    32.6077        251     1.0417     2.6006  0.000e+00
      8.337    19.1533   4.417945    32.6070        252     1.0458     2.6001  0.000e+00
      8.492    19.1462   4.417540    32.6092        253     1.0500     2.5989  0.000e+00
      8.648    19.1341   4.416517    32.6102        254     1.0542     2.5974  0.000e+00
      8.810    19.1249   4.415527    32.6092        255     1.0583     2.5953  0.000e+00
      8.971    19.1149   4.415282    32.6149        256     1.0625     2.5930  0.000e+00
      9.130    19.1037   4.414179    32.6146        257     1.0667     2.5920  0.000e+00
      9.279    19.1010   4.413794    32.6134        258     1.0708     2.5916  0.000e+00
      9.417    19.0905   4.412599    32.6118        259     1.0750     2.5949  0.000e+00
      9.545    19.0829   4.412014    32.6128        260     1.0792     2.5998  0.000e+00
      9.669    19.0726   4.410946    32.6121        261     1.0833     2.6020  0.000e+00
      9.789    19.0642   4.410056    32.6112        262     1.0875     2.6029  0.000e+00
      9.906    19.0610   4.409014    32.6051        263     1.0917     2.6024  0.000e+00
     10.021    19.0607   4.408403    32.6003        264     1.0958     2.6036  0.000e+00
     10.138    19.0500   4.407726    32.6030        265     1.1000     2.6059  0.000e+00
     10.256    19.0401   4.407162    32.6061        266     1.1042     2.6092  0.000e+00
     10.382    19.0334   4.406346    32.6046        267     1.1083     2.6107  0.000e+00
     10.504    19.0239   4.405410    32.6042        268     1.1125     2.6122  0.000e+00
     10.632    19.0200   4.404747    32.6018        269     1.1167     2.6137  0.000e+00
     10.770    19.0134   4.404063    32.6013        270     1.1208     2.6130  0.000e+00
     10.907    18.9999   4.403327    32.6057        271     1.1250     2.6113  0.000e+00
     11.043    18.9872   4.402690    32.6104        272     1.1292     2.6090  0.000e+00
     11.176    18.9784   4.402027    32.6118        273     1.1333     2.6076  0.000e+00
     11.297    18.9715   4.401523    32.6130        274     1.1375     2.6030  0.000e+00
     11.419    18.9621   4.401171    32.6174        275     1.1417     2.5996  0.000e+00
     11.543    18.9525   4.400535    32.6196        276     1.1458     2.5973  0.000e+00
     11.665    18.9472   4.399779    32.6175        277     1.1500     2.5988  0.000e+00
     11.795    18.9391   4.399242    32.6194        278     1.1542     2.6015  0.000e+00
     11.926    18.9339   4.398791    32.6197        279     1.1583     2.6020  0.000e+00
     12.062    18.9309   4.398340    32.6182        280     1.1625     2.6020  0.000e+00
     12.195    18.9190   4.398002    32.6248        281     1.1667     2.5988  0.000e+00
     12.339    18.9077   4.396457    32.6208        282     1.1708     2.5953  0.000e+00
     12.470    18.9036   4.393798    32.6019        283     1.1750     2.5914  0.000e+00
     12.614    18.9042   4.397392    32.6313        284     1.1792     2.5859  0.000e+00
     12.751    18.8974   4.397598    32.6383        285     1.1833     2.5801  0.000e+00
     12.885    18.8802   4.397850    32.6538        286     1.1875     2.5736  0.000e+00
     13.022    18.8673   4.397970    32.6650        287     1.1917     2.5704  0.000e+00
     13.150    18.8644   4.398182    32.6690        288     1.1958     2.5671  0.000e+00
     13.268    18.8602   4.398487    32.6748        289     1.2000     2.5644  0.000e+00
     13.387    18.8507   4.398613    32.6833        290     1.2042     2.5597  0.000e+00
     13.500    18.8436   4.398866    32.6909        291     1.2083     2.5553  0.000e+00
     13.601    18.8407   4.399071    32.6949        292     1.2125     2.5492  0.000e+00
     13.710    18.8356   4.399297    32.7008        293     1.2167     2.5439  0.000e+00
     13.809    18.8339   4.399775    32.7061        294     1.2208     2.5376  0.000e+00
     13.912    18.8270   4.400365    32.7164        295     1.2250     2.5338  0.000e+00
     14.016    18.8212   4.401175    32.7276        296     1.2292     2.5303  0.000e+00
     14.129    18.8137   4.401812    32.7389        297     1.2333     2.5269  0.000e+00
     14.258    18.8097   4.402820    32.7503        298     1.2375     2.5232  0.000e+00
     14.381    18.8092   4.404041    32.7609        299     1.2417     2.5196  0.000e+00
     14.515    18.8046   4.405136    32.7736        300     1.2458     2.5177  0.000e+00
     14.657    18.7989   4.406225    32.7871        301     1.2500     2.5179  0.000e+00
     14.799    18.7958   4.407174    32.7974        302     1.2542     2.5209  0.000e+00
     14.943    18.7909   4.408031    32.8084        303     1.2583     2.5216  0.000e+00
     15.083    18.7876   4.408947    32.8186        304     1.2625     2.5196  0.000e+00
     15.211    18.7837   4.409631    32.8273        305     1.2667     2.5173  0.000e+00
     15.337    18.7804   4.410494    32.8371        306     1.2708     2.5135  0.000e+00
     15.455    18.7814   4.411357    32.8434        307     1.2750     2.5103  0.000e+00
     15.570    18.7823   4.411968    32.8478        308     1.2792     2.5084  0.000e+00
     15.685    18.7824   4.412838    32.8549        309     1.2833     2.5067  0.000e+00
     15.793    18.7808   4.413728    32.8635        310     1.2875     2.5070  0.000e+00
     15.901    18.7778   4.414280    32.8705        311     1.2917     2.5070  0.000e+00
     16.019    18.7752   4.415050    32.8789        312     1.2958     2.5077  0.000e+00
     16.138    18.7758   4.415814    32.8848        313     1.3000     2.5090  0.000e+00
     16.264    18.7763   4.416452    32.8896        314     1.3042     2.5084  0.000e+00
     16.399    18.7722   4.417037    32.8977        315     1.3083     2.5078  0.000e+00
     16.539    18.7697   4.417396    32.9027        316     1.3125     2.5068  0.000e+00
     16.686    18.7702   4.417775    32.9054        317     1.3167     2.5055  0.000e+00
     16.837    18.7676   4.418107    32.9102        318     1.3208     2.5009  0.000e+00
     16.990    18.7657   4.418413    32.9141        319     1.3250     2.4968  0.000e+00
     17.144    18.7629   4.418772    32.9193        320     1.3292     2.4936  0.000e+00
     17.295    18.7601   4.418991    32.9233        321     1.3333     2.4874  0.000e+00
     17.443    18.7605   4.419230    32.9250        322     1.3375     2.4815  0.000e+00
     17.581    18.7593   4.419609    32.9290        323     1.3417     2.4755  0.000e+00
     17.712    18.7573   4.419922    32.9331        324     1.3458     2.4713  0.000e+00
     17.831    18.7547   4.420094    32.9366        325     1.3500     2.4697  0.000e+00
     17.942    18.7528   4.420274    32.9396        326     1.3542     2.4698  0.000e+00
     18.041    18.7501   4.420400    32.9427        327     1.3583     2.4703  0.000e+00
     18.138    18.7499   4.420480    32.9436        328     1.3625     2.4733  0.000e+00
     18.237    18.7483   4.420660    32.9463        329     1.3667     2.4738  0.000e+00
     18.341    18.7473   4.420733    32.9476        330     1.3708     2.4778  0.000e+00
     18.447    18.7492   4.420813    32.9468        331     1.3750     2.4819  0.000e+00
     18.557    18.7497   4.419204    32.9329        332     1.3792     2.4818  0.000e+00
     18.676    18.7499   4.420813    32.9462        333     1.3833     2.4812  0.000e+00
     18.800    18.7479   4.420839    32.9479        334     1.3875     2.4807  0.000e+00
     18.925    18.7443   4.420813    32.9505        335     1.3917     2.4790  0.000e+00
     19.060    18.7422   4.420687    32.9511        336     1.3958     2.4755  0.000e+00
     19.195    18.7410   4.420660    32.9518        337     1.4000     2.4705  0.000e+00
     19.326    18.7380   4.420707    32.9545        338     1.4042     2.4642  0.000e+00
     19.457    18.7348   4.420687    32.9569        339     1.4083     2.4587  0.000e+00
     19.583    18.7326   4.420534    32.9573        340     1.4125     2.4503  0.000e+00
     19.711    18.7330   4.420534    32.9570        341     1.4167     2.4468  0.000e+00
     19.822    18.7278   4.420554    32.9612        342     1.4208     2.4427  0.000e+00
     19.937    18.7233   4.420514    32.9645        343     1.4250     2.4396  0.000e+00
     20.049    18.7204   4.420455    32.9662        344     1.4292     2.4405  0.000e+00
     20.158    18.7186   4.420481    32.9678        345     1.4333     2.4428  0.000e+00
     20.277    18.7175   4.420535    32.9691        346     1.4375     2.4424  0.000e+00
     20.388    18.7168   4.420581    32.9700        347     1.4417     2.4419  0.000e+00
     20.505    18.7150   4.420814    32.9733        348     1.4458     2.4398  0.000e+00
     20.622    18.7156   4.421399    32.9777        349     1.4500     2.4395  0.000e+00
     20.749    18.7178   4.422037    32.9812        350     1.4542     2.4385  0.000e+00
     20.873    18.7174   4.422675    32.9868        351     1.4583     2.4372  0.000e+00
     21.006    18.7170   4.423313    32.9924        352     1.4625     2.4339  0.000e+00
     21.145    18.7173   4.424051    32.9983        353     1.4667     2.4307  0.000e+00
     21.290    18.7198   4.424869    33.0030        354     1.4708     2.4269  0.000e+00
     21.434    18.7212   4.425474    33.0070        355     1.4750     2.4249  0.000e+00
     21.576    18.7232   4.426119    33.0107        356     1.4792     2.4230  0.000e+00
     21.718    18.7248   4.426631    33.0136        357     1.4833     2.4234  0.000e+00
     21.862    18.7268   4.427476    33.0190        358     1.4875     2.4221  0.000e+00
     22.002    18.7292   4.428088    33.0221        359     1.4917     2.4205  0.000e+00
     22.146    18.7321   4.428906    33.0266        360     1.4958     2.4186  0.000e+00
     22.286    18.7349   4.429598    33.0301        361     1.5000     2.4203  0.000e+00
     22.423    18.7383   4.430336    33.0335        362     1.5042     2.4230  0.000e+00
     22.554    18.7421   4.432845    33.0513        363     1.5083     2.4254  0.000e+00
     22.685    18.7490   4.445408    33.1505        364     1.5125     2.4257  0.000e+00
     22.809    18.7677   4.446101    33.1412        365     1.5167     2.4311  0.000e+00
     22.931    18.7842   4.446280    33.1295        366     1.5208     2.4548  0.000e+00
     23.050    18.7940   4.446280    33.1216        367     1.5250     2.4861  0.000e+00
     23.167    18.7990   4.446407    33.1186        368     1.5292     2.5164  0.000e+00
     23.289    18.8018   4.446507    33.1171        369     1.5333     2.5425  0.000e+00
