PC2305/sbe025.cnv
* Sea-Bird SBE 19plus V2 Data File:
* FileName = C:\cruise\data\sbe025.hex
* Software Version Seasave V 7.26.7.121
* Temperature SN = 7142
* Conductivity SN = 7142
* System UpLoad Time = Oct 29 2023 14:27:42
** Cruise: PC2205
** Program: ECOMON
# nquan = 8
# nvalues = 1864                                  
# units = specified
# name 0 = depSM: Depth [salt water, m], lat = 40.00
# name 1 = tv290C: Temperature [ITS-90, deg C]
# name 2 = c0S/m: Conductivity [S/m]
# name 3 = sal00: Salinity, Practical [PSU]
# name 4 = scan: Scan Count
# name 5 = timeM: Time, Elapsed [minutes]
# name 6 = sbeox0V: Oxygen raw, SBE 43 [V]
# name 7 = flag:  0.000e+00
# span 0 =     -0.014,     71.752                 
# span 1 =    10.9905,    17.5885                 
# span 2 =   0.000020,   4.371971                 
# span 3 =     0.0084,    33.6836                 
# span 4 =         11,       1874                 
# span 5 =     0.0417,     7.8042                 
# span 6 =     1.9010,     2.9924                 
# span 7 = 0.0000e+00, 0.0000e+00                 
# interval = seconds: 0.25
# start_time = Oct 29 2023 14:27:42 [System UTC, header]
# bad_flag = -9.990e-29
*END*
[from data line 720]
     62.052    11.0021   3.680512    32.7462        731     3.0417     1.9134  0.000e+00
     61.957    11.0024   3.682060    32.7613        732     3.0458     1.9128  0.000e+00
     61.849    11.0090   3.686519    32.7996        733     3.0500     1.9138  0.000e+00
     61.750    11.0294   3.690573    32.8216        734     3.0542     1.9141  0.000e+00
     61.642    11.0599   3.691832    32.8068        735     3.0583     1.9145  0.000e+00
     61.540    11.0881   3.692368    32.7870        736     3.0625     1.9160  0.000e+00
     61.427    11.1076   3.695628    32.8019        737     3.0667     1.9167  0.000e+00
     61.322    11.1274   3.697833    32.8060        738     3.0708     1.9188  0.000e+00
     61.213    11.1631   3.699358    32.7893        739     3.0750     1.9204  0.000e+00
     61.101    11.2001   3.699203    32.7549        740     3.0792     1.9232  0.000e+00
     60.988    11.2241   3.700123    32.7427        741     3.0833     1.9244  0.000e+00
     60.877    11.2393   3.701161    32.7395        742     3.0875     1.9265  0.000e+00
     60.756    11.2533   3.701136    32.7268        743     3.0917     1.9280  0.000e+00
     60.636    11.2626   3.700753    32.7148        744     3.0958     1.9281  0.000e+00
     60.514    11.2652   3.700821    32.7133        745     3.1000     1.9264  0.000e+00
     60.393    11.2659   3.700778    32.7123        746     3.1042     1.9238  0.000e+00
     60.285    11.2666   3.701068    32.7146        747     3.1083     1.9220  0.000e+00
     60.167    11.2677   3.701500    32.7179        748     3.1125     1.9199  0.000e+00
     60.050    11.2711   3.701463    32.7146        749     3.1167     1.9177  0.000e+00
     59.938    11.2735   3.701408    32.7119        750     3.1208     1.9149  0.000e+00
     59.823    11.2742   3.701340    32.7107        751     3.1250     1.9123  0.000e+00
     59.705    11.2743   3.701253    32.7098        752     3.1292     1.9104  0.000e+00
     59.597    11.2737   3.701136    32.7092        753     3.1333     1.9086  0.000e+00
     59.493    11.2728   3.700944    32.7081        754     3.1375     1.9069  0.000e+00
     59.378    11.2711   3.701068    32.7109        755     3.1417     1.9058  0.000e+00
     59.264    11.2702   3.701000    32.7111        756     3.1458     1.9054  0.000e+00
     59.157    11.2698   3.700913    32.7106        757     3.1500     1.9063  0.000e+00
     59.045    11.2688   3.701475    32.7171        758     3.1542     1.9050  0.000e+00
     58.943    11.2703   3.701827    32.7193        759     3.1583     1.9046  0.000e+00
     58.838    11.2735   3.702062    32.7188        760     3.1625     1.9052  0.000e+00
     58.748    11.2769   3.702130    32.7165        761     3.1667     1.9036  0.000e+00
     58.657    11.2795   3.701858    32.7115        762     3.1708     1.9055  0.000e+00
     58.574    11.2796   3.701901    32.7119        763     3.1750     1.9051  0.000e+00
     58.502    11.2796   3.701957    32.7125        764     3.1792     1.9048  0.000e+00
     58.432    11.2799   3.702266    32.7153        765     3.1833     1.9048  0.000e+00
     58.369    11.2811   3.702847    32.7200        766     3.1875     1.9048  0.000e+00
     58.312    11.2846   3.702964    32.7181        767     3.1917     1.9049  0.000e+00
     58.258    11.2876   3.702779    32.7136        768     3.1958     1.9041  0.000e+00
     58.204    11.2889   3.702253    32.7073        769     3.2000     1.9051  0.000e+00
     58.150    11.2872   3.701994    32.7063        770     3.2042     1.9048  0.000e+00
     58.096    11.2844   3.702377    32.7125        771     3.2083     1.9050  0.000e+00
     58.046    11.2838   3.702352    32.7129        772     3.2125     1.9049  0.000e+00
     57.986    11.2840   3.701296    32.7024        773     3.2167     1.9045  0.000e+00
     57.927    11.2799   3.700665    32.6998        774     3.2208     1.9049  0.000e+00
     57.871    11.2733   3.700980    32.7088        775     3.2250     1.9058  0.000e+00
     57.812    11.2697   3.700684    32.7091        776     3.2292     1.9046  0.000e+00
     57.751    11.2679   3.700684    32.7107        777     3.2333     1.9048  0.000e+00
     57.683    11.2661   3.700665    32.7121        778     3.2375     1.9035  0.000e+00
     57.609    11.2653   3.700987    32.7160        779     3.2417     1.9039  0.000e+00
     57.533    11.2659   3.700733    32.7130        780     3.2458     1.9053  0.000e+00
     57.449    11.2660   3.701092    32.7165        781     3.2500     1.9010  0.000e+00
     57.357    11.2668   3.700869    32.7136        782     3.2542     1.9012  0.000e+00
     57.253    11.2674   3.701067    32.7151        783     3.2583     1.9030  0.000e+00
     57.143    11.2679   3.701289    32.7169        784     3.2625     1.9049  0.000e+00
     57.027    11.2696   3.701697    32.7195        785     3.2667     1.9043  0.000e+00
     56.901    11.2722   3.701901    32.7192        786     3.2708     1.9030  0.000e+00
     56.766    11.2748   3.702488    32.7227        787     3.2750     1.9053  0.000e+00
     56.642    11.2794   3.701586    32.7098        788     3.2792     1.9046  0.000e+00
     56.514    11.2799   3.701178    32.7055        789     3.2833     1.9044  0.000e+00
     56.392    11.2762   3.701295    32.7099        790     3.2875     1.9049  0.000e+00
     56.270    11.2745   3.701363    32.7122        791     3.2917     1.9036  0.000e+00
     56.142    11.2740   3.701184    32.7109        792     3.2958     1.9017  0.000e+00
     56.033    11.2735   3.701159    32.7111        793     3.3000     1.9033  0.000e+00
     55.927    11.2728   3.701221    32.7124        794     3.3042     1.9025  0.000e+00
     55.813    11.2728   3.701184    32.7121        795     3.3083     1.9033  0.000e+00
     55.718    11.2728   3.701134    32.7117        796     3.3125     1.9053  0.000e+00
     55.625    11.2725   3.701023    32.7109        797     3.3167     1.9035  0.000e+00
     55.531    11.2718   3.700998    32.7113        798     3.3208     1.9043  0.000e+00
     55.450    11.2712   3.701029    32.7121        799     3.3250     1.9031  0.000e+00
     55.373    11.2712   3.700998    32.7119        800     3.3292     1.9049  0.000e+00
     55.294    11.2709   3.700998    32.7121        801     3.3333     1.9040  0.000e+00
     55.218    11.2709   3.700998    32.7122        802     3.3375     1.9059  0.000e+00
     55.150    11.2710   3.701091    32.7131        803     3.3417     1.9048  0.000e+00
     55.084    11.2713   3.701134    32.7133        804     3.3458     1.9052  0.000e+00
     55.021    11.2720   3.701047    32.7118        805     3.3500     1.9045  0.000e+00
     54.960    11.2720   3.701381    32.7151        806     3.3542     1.9054  0.000e+00
     54.893    11.2730   3.701363    32.7140        807     3.3583     1.9049  0.000e+00
     54.832    11.2742   3.701202    32.7114        808     3.3625     1.9040  0.000e+00
     54.767    11.2741   3.701054    32.7101        809     3.3667     1.9033  0.000e+00
     54.699    11.2730   3.700955    32.7102        810     3.3708     1.9031  0.000e+00
     54.623    11.2720   3.700979    32.7113        811     3.3750     1.9016  0.000e+00
     54.543    11.2715   3.700936    32.7114        812     3.3792     1.9048  0.000e+00
     54.463    11.2709   3.700887    32.7114        813     3.3833     1.9033  0.000e+00
     54.381    11.2705   3.700899    32.7119        814     3.3875     1.9036  0.000e+00
     54.302    11.2703   3.700955    32.7127        815     3.3917     1.9015  0.000e+00
     54.214    11.2703   3.701115    32.7143        816     3.3958     1.9064  0.000e+00
     54.131    11.2713   3.701993    32.7221        817     3.4000     1.9015  0.000e+00
     54.045    11.2753   3.702283    32.7214        818     3.4042     1.9051  0.000e+00
     53.962    11.2805   3.702394    32.7180        819     3.4083     1.9023  0.000e+00
     53.870    11.2839   3.703204    32.7229        820     3.4125     1.9037  0.000e+00
     53.779    11.2889   3.702981    32.7164        821     3.4167     1.9046  0.000e+00
     53.685    11.2916   3.702938    32.7136        822     3.4208     1.9057  0.000e+00
     53.592    11.2927   3.702622    32.7095        823     3.4250     1.9048  0.000e+00
     53.495    11.2917   3.702511    32.7094        824     3.4292     1.9055  0.000e+00
     53.389    11.2905   3.701992    32.7054        825     3.4333     1.9061  0.000e+00
     53.292    11.2883   3.702264    32.7101        826     3.4375     1.9048  0.000e+00
     53.189    11.2867   3.701992    32.7088        827     3.4417     1.9057  0.000e+00
     53.085    11.2859   3.701498    32.7047        828     3.4458     1.9043  0.000e+00
     52.993    11.2834   3.701479    32.7068        829     3.4500     1.9053  0.000e+00
     52.894    11.2808   3.701269    32.7071        830     3.4542     1.9040  0.000e+00
     52.808    11.2789   3.701115    32.7073        831     3.4583     1.9031  0.000e+00
     52.715    11.2770   3.701065    32.7085        832     3.4625     1.9042  0.000e+00
     52.630    11.2756   3.701065    32.7098        833     3.4667     1.9033  0.000e+00
     52.555    11.2746   3.701133    32.7114        834     3.4708     1.9034  0.000e+00
     52.470    11.2744   3.701053    32.7108        835     3.4750     1.9021  0.000e+00
     52.400    11.2741   3.701158    32.7121        836     3.4792     1.9055  0.000e+00
     52.334    11.2743   3.701294    32.7133        837     3.4833     1.9015  0.000e+00
     52.269    11.2754   3.701380    32.7132        838     3.4875     1.9026  0.000e+00
     52.211    11.2766   3.701312    32.7115        839     3.4917     1.9028  0.000e+00
     52.159    11.2773   3.701522    32.7130        840     3.4958     1.9032  0.000e+00
     52.107    11.2782   3.701114    32.7082        841     3.5000     1.9050  0.000e+00
     52.066    11.2774   3.700978    32.7076        842     3.5042     1.9043  0.000e+00
     52.024    11.2753   3.701158    32.7112        843     3.5083     1.9036  0.000e+00
     51.987    11.2745   3.701201    32.7124        844     3.5125     1.9012  0.000e+00
     51.951    11.2748   3.701374    32.7139        845     3.5167     1.9056  0.000e+00
     51.911    11.2758   3.701448    32.7137        846     3.5208     1.9051  0.000e+00
     51.873    11.2772   3.701312    32.7111        847     3.5250     1.9038  0.000e+00
     51.823    11.2776   3.701361    32.7113        848     3.5292     1.9050  0.000e+00
     51.773    11.2775   3.701516    32.7129        849     3.5333     1.9017  0.000e+00
     51.717    11.2783   3.701522    32.7123        850     3.5375     1.9022  0.000e+00
     51.649    11.2789   3.701312    32.7097        851     3.5417     1.9016  0.000e+00
     51.571    11.2786   3.701429    32.7112        852     3.5458     1.9017  0.000e+00
     51.492    11.2784   3.701405    32.7111        853     3.5500     1.9017  0.000e+00
     51.399    11.2783   3.701448    32.7117        854     3.5542     1.9016  0.000e+00
     51.302    11.2785   3.701460    32.7117        855     3.5583     1.9017  0.000e+00
     51.198    11.2788   3.701923    32.7160        856     3.5625     1.9059  0.000e+00
     51.084    11.2804   3.701787    32.7133        857     3.5667     1.9022  0.000e+00
     50.971    11.2816   3.702078    32.7152        858     3.5708     1.9046  0.000e+00
     50.845    11.2833   3.701744    32.7104        859     3.5750     1.9034  0.000e+00
     50.723    11.2842   3.704556    32.7373        860     3.5792     1.9027  0.000e+00
     50.599    11.2941   3.705774    32.7405        861     3.5833     1.9041  0.000e+00
     50.468    11.3069   3.705075    32.7224        862     3.5875     1.9043  0.000e+00
     50.344    11.3142   3.705211    32.7173        863     3.5917     1.9060  0.000e+00
     50.223    11.3176   3.707059    32.7325        864     3.5958     1.9053  0.000e+00
     50.103    11.3247   3.712508    32.7798        865     3.6000     1.9059  0.000e+00
     49.995    11.3526   3.714401    32.7736        866     3.6042     1.9063  0.000e+00
     49.889    11.3821   3.714766    32.7511        867     3.6083     1.9070  0.000e+00
     49.796    11.4021   3.713813    32.7241        868     3.6125     1.9082  0.000e+00
     49.706    11.4101   3.715657    32.7351        869     3.6167     1.9087  0.000e+00
     49.629    11.4171   3.721327    32.7845        870     3.6208     1.9091  0.000e+00
     49.558    11.4470   3.736300    32.9048        871     3.6250     1.9097  0.000e+00
     49.503    11.5192   3.728388    32.7633        872     3.6292     1.9105  0.000e+00
     49.452    11.5613   3.721511    32.6589        873     3.6333     1.9130  0.000e+00
     49.406    11.5413   3.719357    32.6555        874     3.6375     1.9138  0.000e+00
     49.368    11.5117   3.722732    32.7147        875     3.6417     1.9147  0.000e+00
     49.345    11.5045   3.732728    32.8189        876     3.6458     1.9153  0.000e+00
     49.325    11.5376   3.731004    32.7726        877     3.6500     1.9161  0.000e+00
     49.310    11.5739   3.725141    32.6833        878     3.6542     1.9188  0.000e+00
     49.298    11.5664   3.731908    32.7560        879     3.6583     1.9201  0.000e+00
     49.287    11.5689   3.724304    32.6795        880     3.6625     1.9215  0.000e+00
     49.278    11.5637   3.719536    32.6376        881     3.6667     1.9241  0.000e+00
     49.262    11.5336   3.738055    32.8451        882     3.6708     1.9233  0.000e+00
     49.248    11.5675   3.739903    32.8332        883     3.6750     1.9240  0.000e+00
     49.222    11.6193   3.743571    32.8232        884     3.6792     1.9250  0.000e+00
     49.194    11.6697   3.743663    32.7795        885     3.6833     1.9262  0.000e+00
     49.156    11.7020   3.743551    32.7499        886     3.6875     1.9275  0.000e+00
     49.100    11.7172   3.746338    32.7636        887     3.6917     1.9292  0.000e+00
     49.048    11.7345   3.750816    32.7920        888     3.6958     1.9290  0.000e+00
     48.980    11.7653   3.751480    32.7713        889     3.7000     1.9306  0.000e+00
     48.908    11.7921   3.753152    32.7639        890     3.7042     1.9321  0.000e+00
     48.827    11.8118   3.754388    32.7586        891     3.7083     1.9344  0.000e+00
     48.741    11.8294   3.756060    32.7594        892     3.7125     1.9359  0.000e+00
     48.647    11.8460   3.756799    32.7520        893     3.7167     1.9388  0.000e+00
     48.554    11.8611   3.756469    32.7356        894     3.7208     1.9393  0.000e+00
     48.458    11.8686   3.751436    32.6802        895     3.7250     1.9426  0.000e+00
     48.351    11.8529   3.749945    32.6796        896     3.7292     1.9420  0.000e+00
     48.239    11.8295   3.750616    32.7067        897     3.7333     1.9437  0.000e+00
     48.140    11.8186   3.753884    32.7481        898     3.7375     1.9441  0.000e+00
     48.031    11.8237   3.756613    32.7701        899     3.7417     1.9454  0.000e+00
     47.923    11.8449   3.760150    32.7858        900     3.7458     1.9464  0.000e+00
     47.826    11.8708   3.763446    32.7950        901     3.7500     1.9465  0.000e+00
     47.720    11.9032   3.765368    32.7852        902     3.7542     1.9482  0.000e+00
     47.617    11.9330   3.770141    32.8053        903     3.7583     1.9498  0.000e+00
     47.511    11.9664   3.777951    32.8515        904     3.7625     1.9509  0.000e+00
     47.412    12.0214   3.781047    32.8331        905     3.7667     1.9519  0.000e+00
     47.312    12.0756   3.780747    32.7826        906     3.7708     1.9542  0.000e+00
     47.217    12.1084   3.782249    32.7683        907     3.7750     1.9559  0.000e+00
     47.123    12.1299   3.782479    32.7517        908     3.7792     1.9578  0.000e+00
