PC2305/sbe046.cnv
* Sea-Bird SBE 19plus V2 Data File:
* FileName = C:\cruise\data\sbe046.hex
* Software Version Seasave V 7.26.7.121
* Temperature SN = 7142
* Conductivity SN = 7142
* System UpLoad Time = Oct 31 2023 12:20:32
** Cruise: PC2205
** Program: ECOMON
# nquan = 8
# nvalues = 4608                                  
# units = specified
# name 0 = depSM: Depth [salt water, m], lat = 40.00
# name 1 = tv290C: Temperature [ITS-90, deg C]
# name 2 = c0S/m: Conductivity [S/m]
# name 3 = sal00: Salinity, Practical [PSU]
# name 4 = scan: Scan Count
# name 5 = timeM: Time, Elapsed [minutes]
# name 6 = sbeox0V: Oxygen raw, SBE 43 [V]
# name 7 = flag:  0.000e+00
# span 0 =     -0.074,    202.949                 
# span 1 =    12.0835,    24.2450                 
# span 2 =   0.000031,   5.309899                 
# span 3 =     0.0088,    35.9780                 
# span 4 =         11,       4618                 
# span 5 =     0.0417,    19.2375                 
# span 6 =     1.6630,     3.0544                 
# span 7 = 0.0000e+00, 0.0000e+00                 
# interval = seconds: 0.25
# start_time = Oct 31 2023 12:20:32 [System UTC, header]
# bad_flag = -9.990e-29
*END*
[from data line 4495]
      7.282    19.9847   4.477001    32.4439       4506    18.7708     2.8079  0.000e+00
      7.183    19.9840   4.477027    32.4447       4507    18.7750     2.8071  0.000e+00
      7.073    19.9837   4.477027    32.4449       4508    18.7792     2.8068  0.000e+00
      6.955    19.9836   4.477000    32.4448       4509    18.7833     2.8079  0.000e+00
      6.863    19.9834   4.477054    32.4454       4510    18.7875     2.8099  0.000e+00
      6.764    19.9835   4.477054    32.4454       4511    18.7917     2.8098  0.000e+00
      6.635    19.9831   4.477000    32.4453       4512    18.7958     2.8097  0.000e+00
      6.500    19.9830   4.477054    32.4459       4513    18.8000     2.8105  0.000e+00
      6.385    19.9831   4.477127    32.4465       4514    18.8042     2.8115  0.000e+00
      6.261    19.9837   4.477261    32.4471       4515    18.8083     2.8116  0.000e+00
      6.146    19.9852   4.477181    32.4454       4516    18.8125     2.8116  0.000e+00
      6.033    19.9859   4.477180    32.4449       4517    18.8167     2.8126  0.000e+00
      5.927    19.9859   4.477207    32.4451       4518    18.8208     2.8126  0.000e+00
      5.830    19.9863   4.477234    32.4450       4519    18.8250     2.8136  0.000e+00
      5.747    19.9862   4.477307    32.4458       4520    18.8292     2.8117  0.000e+00
      5.662    19.9861   4.477234    32.4453       4521    18.8333     2.8117  0.000e+00
      5.587    19.9857   4.477207    32.4454       4522    18.8375     2.8108  0.000e+00
      5.503    19.9852   4.477200    32.4458       4523    18.8417     2.8103  0.000e+00
      5.418    19.9847   4.477234    32.4464       4524    18.8458     2.8090  0.000e+00
      5.323    19.9847   4.477287    32.4469       4525    18.8500     2.8078  0.000e+00
      5.226    19.9846   4.477026    32.4449       4526    18.8542     2.8073  0.000e+00
      5.096    19.9843   4.476893    32.4440       4527    18.8583     2.8076  0.000e+00
      4.954    19.9836   4.476846    32.4443       4528    18.8625     2.8084  0.000e+00
      4.805    19.9826   4.476766    32.4444       4529    18.8667     2.8082  0.000e+00
      4.635    19.9815   4.476792    32.4456       4530    18.8708     2.8085  0.000e+00
      4.491    19.9814   4.476766    32.4455       4531    18.8750     2.8102  0.000e+00
      4.347    19.9811   4.476712    32.4453       4532    18.8792     2.8118  0.000e+00
      4.207    19.9808   4.476712    32.4456       4533    18.8833     2.8113  0.000e+00
      4.078    19.9806   4.476946    32.4477       4534    18.8875     2.8126  0.000e+00
      3.959    19.9811   4.477153    32.4490       4535    18.8917     2.8135  0.000e+00
      3.851    19.9823   4.477307    32.4494       4536    18.8958     2.8132  0.000e+00
      3.759    19.9840   4.477360    32.4486       4537    18.9000     2.8128  0.000e+00
      3.675    19.9851   4.477467    32.4486       4538    18.9042     2.8115  0.000e+00
      3.589    19.9865   4.477413    32.4471       4539    18.9083     2.8103  0.000e+00
      3.504    19.9876   4.477052    32.4433       4540    18.9125     2.8094  0.000e+00
      3.409    19.9873   4.477052    32.4436       4541    18.9167     2.8094  0.000e+00
      3.296    19.9868   4.477126    32.4446       4542    18.9208     2.8098  0.000e+00
      3.166    19.9864   4.477052    32.4444       4543    18.9250     2.8096  0.000e+00
      3.026    19.9856   4.476919    32.4440       4544    18.9292     2.8103  0.000e+00
      2.893    19.9840   4.476972    32.4457       4545    18.9333     2.8112  0.000e+00
      2.755    19.9833   4.477025    32.4467       4546    18.9375     2.8118  0.000e+00
      2.615    19.9832   4.477099    32.4474       4547    18.9417     2.8116  0.000e+00
      2.491    19.9841   4.477126    32.4470       4548    18.9458     2.8103  0.000e+00
      2.349    19.9849   4.477333    32.4481       4549    18.9500     2.8113  0.000e+00
      2.221    19.9856   4.477252    32.4469       4550    18.9542     2.8118  0.000e+00
      2.103    19.9862   4.477286    32.4468       4551    18.9583     2.8119  0.000e+00
      1.980    19.9864   4.477152    32.4456       4552    18.9625     2.8135  0.000e+00
      1.842    19.9863   4.476972    32.4442       4553    18.9667     2.8119  0.000e+00
      1.718    19.9850   4.476918    32.4449       4554    18.9708     2.8122  0.000e+00
      1.585    19.9836   4.476871    32.4456       4555    18.9750     2.8142  0.000e+00
      1.492    19.9826   4.476818    32.4460       4556    18.9792     2.8164  0.000e+00
      1.407    19.9820   4.476844    32.4467       4557    18.9833     2.8159  0.000e+00
      1.351    19.9817   4.476818    32.4467       4558    18.9875     2.8161  0.000e+00
      1.333    19.9814   4.476764    32.4465       4559    18.9917     2.8173  0.000e+00
      1.281    19.9809   4.476764    32.4470       4560    18.9958     2.8178  0.000e+00
      1.172    19.9808   4.476945    32.4485       4561    19.0000     2.8187  0.000e+00
      0.965    19.9812   4.478114    32.4577       4562    19.0042     2.8207  0.000e+00
      0.480    19.9867   4.475234    32.4303       4563    19.0083     2.8218  0.000e+00
      0.165    20.0128   4.476583    32.4213       4564    19.0125     2.8225  0.000e+00
      0.063    20.0157   4.477077    32.4231       4565    19.0167     2.8218  0.000e+00
      0.133    20.0050   4.461000    32.3011       4566    19.0208     2.8190  0.000e+00
      0.245    20.0031   4.476503    32.4281       4567    19.0250     2.8180  0.000e+00
      0.298    19.9991   4.475187    32.4204       4568    19.0292     2.8171  0.000e+00
      0.356    19.9952   4.477285    32.4404       4569    19.0333     2.8164  0.000e+00
      0.417    19.9930   4.476710    32.4374       4570    19.0375     2.8167  0.000e+00
      0.498    19.9886   4.476403    32.4383       4571    19.0417     2.8147  0.000e+00
      0.575    19.9855   4.476430    32.4409       4572    19.0458     2.8112  0.000e+00
      0.640    19.9838   4.476684    32.4443       4573    19.0500     2.8097  0.000e+00
      0.670    19.9826   4.476918    32.4471       4574    19.0542     2.8086  0.000e+00
      0.699    19.9823   4.476871    32.4469       4575    19.0583     2.8109  0.000e+00
      0.773    19.9821   4.476791    32.4464       4576    19.0625     2.8123  0.000e+00
      0.855    19.9816   4.476804    32.4469       4577    19.0667     2.8141  0.000e+00
      0.719    19.9813   4.476737    32.4466       4578    19.0708     2.8163  0.000e+00
      0.451    19.9806   4.476089    32.4420       4579    19.0750     2.8193  0.000e+00
      0.165    19.9802   4.475468    32.4373       4580    19.0792     2.8225  0.000e+00
     -0.027    19.9790   3.096753    21.5573       4581    19.0833     2.8235  0.000e+00
     -0.063    19.9754   1.058814     6.7027       4582    19.0875     2.8232  0.000e+00
     -0.063    19.9483   0.506885     3.0458       4583    19.0917     2.8255  0.000e+00
      0.045    19.9155   2.588796    17.7298       4584    19.0958     2.8344  0.000e+00
      0.074    19.9201   2.170967    14.6218       4585    19.1000     2.8573  0.000e+00
      0.022    19.9340   3.400488    23.9284       4586    19.1042     2.8882  0.000e+00
      0.047    19.9459   4.085823    29.3263       4587    19.1083     2.9128  0.000e+00
      0.115    19.9666   3.332022    23.3784       4588    19.1125     2.9251  0.000e+00
      0.198    19.9954   3.809332    27.0963       4589    19.1167     2.9167  0.000e+00
      0.257    20.0261   4.049653    28.9821       4590    19.1208     2.8940  0.000e+00
      0.235    20.0775   4.448950    32.1481       4591    19.1250     2.8682  0.000e+00
      0.013    20.1270   4.475131    32.3219       4592    19.1292     2.8470  0.000e+00
     -0.050    20.1046   4.442554    32.0760       4593    19.1333     2.8245  0.000e+00
     -0.057    20.0638   2.631790    17.9900       4594    19.1375     2.8038  0.000e+00
     -0.056    20.0385   2.746087    18.8607       4595    19.1417     2.7914  0.000e+00
     -0.027    20.0280   1.188808     7.5852       4596    19.1458     2.7806  0.000e+00
      0.124    20.0227   2.822016    19.4418       4597    19.1500     2.7729  0.000e+00
     -0.007    20.0120   4.413664    31.9130       4598    19.1542     2.7659  0.000e+00
     -0.057    19.9978   4.476142    32.4293       4599    19.1583     2.7720  0.000e+00
     -0.054    19.9874   4.389960    31.7401       4600    19.1625     2.7922  0.000e+00
     -0.057    19.9788   2.534533    17.2969       4601    19.1667     2.8208  0.000e+00
     -0.059    19.9725   2.457626    16.7252       4602    19.1708     2.8466  0.000e+00
     -0.059    19.9694   1.843243    12.2186       4603    19.1750     2.8676  0.000e+00
     -0.057    19.9683   0.671507     4.1109       4604    19.1792     2.8830  0.000e+00
     -0.059    19.9699   0.728679     4.4866       4605    19.1833     2.8936  0.000e+00
     -0.065    19.9722   0.725321     4.4642       4606    19.1875     2.8997  0.000e+00
     -0.074    19.9728   0.890217     5.5617       4607    19.1917     2.9032  0.000e+00
     -0.074    19.9715   1.102721     7.0035       4608    19.1958     2.9131  0.000e+00
     -0.065    19.9703   1.313047     8.4568       4609    19.2000     2.9300  0.000e+00
     -0.056    19.9661   0.730540     4.4993       4610    19.2042     2.9482  0.000e+00
     -0.054    19.9499   0.496259     2.9777       4611    19.2083     2.9647  0.000e+00
     -0.054    19.9248   0.381340     2.2516       4612    19.2125     2.9700  0.000e+00
     -0.054    19.9125   0.301980     1.7589       4613    19.2167     2.9607  0.000e+00
     -0.057    19.9071   0.279131     1.6187       4614    19.2208     2.9366  0.000e+00
     -0.063    19.8952   0.252576     1.4569       4615    19.2250     2.9088  0.000e+00
     -0.068    19.8899   0.230673     1.3242       4616    19.2292     2.8800  0.000e+00
     -0.063    19.8914   0.211254     1.2070       4617    19.2333     2.8577  0.000e+00
     -0.054    19.8923   0.200394     1.1418       4618    19.2375     2.8347  0.000e+00
