PC2305/sbe078.cnv
* Sea-Bird SBE 19plus V2 Data File:
* FileName = C:\cruise\data\sbe078.hex
* Software Version Seasave V 7.26.7.121
* Temperature SN = 7142
* Conductivity SN = 7142
* System UpLoad Time = Nov 03 2023 19:25:51
** Cruise: PC2205
** Program: ECOMON
# nquan = 8
# nvalues = 1610                                  
# units = specified
# name 0 = depSM: Depth [salt water, m], lat = 40.00
# name 1 = tv290C: Temperature [ITS-90, deg C]
# name 2 = c0S/m: Conductivity [S/m]
# name 3 = sal00: Salinity, Practical [PSU]
# name 4 = scan: Scan Count
# name 5 = timeM: Time, Elapsed [minutes]
# name 6 = sbeox0V: Oxygen raw, SBE 43 [V]
# name 7 = flag:  0.000e+00
# span 0 =      0.092,     31.169                 
# span 1 =    12.7356,    15.1317                 
# span 2 =   0.000026,   3.939696                 
# span 3 =     0.0066,    31.7310                 
# span 4 =         11,       1620                 
# span 5 =     0.0417,     6.7458                 
# span 6 =     1.9212,     2.9775                 
# span 7 = 0.0000e+00, 0.0000e+00                 
# interval = seconds: 0.25
# start_time = Nov 03 2023 19:25:51 [System UTC, header]
# bad_flag = -9.990e-29
*END*
[from data line 1079]
     12.812    15.0965   3.933072    31.6677       1090     4.5375     2.6404  0.000e+00
     12.785    15.0932   3.932565    31.6658       1091     4.5417     2.6451  0.000e+00
     12.746    15.0902   3.932888    31.6712       1092     4.5458     2.6478  0.000e+00
     12.704    15.0890   3.933002    31.6731       1093     4.5500     2.6505  0.000e+00
     12.652    15.0882   3.932401    31.6684       1094     4.5542     2.6516  0.000e+00
     12.593    15.0865   3.932147    31.6675       1095     4.5583     2.6521  0.000e+00
     12.541    15.0850   3.932033    31.6678       1096     4.5625     2.6533  0.000e+00
     12.487    15.0835   3.931837    31.6672       1097     4.5667     2.6559  0.000e+00
     12.437    15.0820   3.931850    31.6685       1098     4.5708     2.6553  0.000e+00
     12.383    15.0818   3.932382    31.6735       1099     4.5750     2.6587  0.000e+00
     12.336    15.0837   3.933515    31.6821       1100     4.5792     2.6603  0.000e+00
     12.289    15.0901   3.935086    31.6911       1101     4.5833     2.6626  0.000e+00
     12.251    15.0998   3.935827    31.6899       1102     4.5875     2.6621  0.000e+00
     12.210    15.1085   3.936105    31.6854       1103     4.5917     2.6643  0.000e+00
     12.176    15.1144   3.935985    31.6796       1104     4.5958     2.6617  0.000e+00
     12.142    15.1176   3.936080    31.6779       1105     4.6000     2.6626  0.000e+00
     12.124    15.1200   3.936365    31.6785       1106     4.6042     2.6621  0.000e+00
     12.100    15.1220   3.936447    31.6776       1107     4.6083     2.6630  0.000e+00
     12.093    15.1238   3.936517    31.6768       1108     4.6125     2.6575  0.000e+00
     12.102    15.1249   3.936587    31.6765       1109     4.6167     2.6601  0.000e+00
     12.111    15.1261   3.936682    31.6764       1110     4.6208     2.6581  0.000e+00
     12.127    15.1268   3.936707    31.6760       1111     4.6250     2.6569  0.000e+00
     12.144    15.1272   3.936682    31.6755       1112     4.6292     2.6535  0.000e+00
     12.162    15.1275   3.936726    31.6756       1113     4.6333     2.6515  0.000e+00
     12.171    15.1278   3.936751    31.6756       1114     4.6375     2.6457  0.000e+00
     12.183    15.1279   3.936656    31.6746       1115     4.6417     2.6349  0.000e+00
     12.187    15.1278   3.936656    31.6747       1116     4.6458     2.6246  0.000e+00
     12.181    15.1276   3.936612    31.6745       1117     4.6500     2.6141  0.000e+00
     12.172    15.1271   3.936542    31.6743       1118     4.6542     2.6097  0.000e+00
     12.154    15.1265   3.936637    31.6756       1119     4.6583     2.6107  0.000e+00
     12.138    15.1262   3.936517    31.6748       1120     4.6625     2.6131  0.000e+00
     12.113    15.1258   3.936359    31.6737       1121     4.6667     2.6192  0.000e+00
     12.088    15.1254   3.936314    31.6736       1122     4.6708     2.6231  0.000e+00
     12.066    15.1248   3.936390    31.6748       1123     4.6750     2.6278  0.000e+00
     12.039    15.1249   3.936498    31.6757       1124     4.6792     2.6302  0.000e+00
     12.011    15.1249   3.936447    31.6752       1125     4.6833     2.6324  0.000e+00
     11.973    15.1251   3.936682    31.6772       1126     4.6875     2.6376  0.000e+00
     11.948    15.1258   3.936751    31.6773       1127     4.6917     2.6400  0.000e+00
     11.912    15.1264   3.936536    31.6749       1128     4.6958     2.6447  0.000e+00
     11.869    15.1267   3.936517    31.6745       1129     4.7000     2.6459  0.000e+00
     11.825    15.1269   3.936447    31.6737       1130     4.7042     2.6446  0.000e+00
     11.782    15.1268   3.936473    31.6741       1131     4.7083     2.6448  0.000e+00
     11.737    15.1272   3.936656    31.6754       1132     4.7125     2.6422  0.000e+00
     11.700    15.1283   3.936777    31.6756       1133     4.7167     2.6415  0.000e+00
     11.662    15.1295   3.936865    31.6754       1134     4.7208     2.6422  0.000e+00
     11.635    15.1304   3.936865    31.6747       1135     4.7250     2.6443  0.000e+00
     11.606    15.1310   3.936916    31.6746       1136     4.7292     2.6466  0.000e+00
     11.581    15.1316   3.936853    31.6736       1137     4.7333     2.6491  0.000e+00
     11.565    15.1316   3.936795    31.6731       1138     4.7375     2.6505  0.000e+00
     11.551    15.1314   3.936821    31.6735       1139     4.7417     2.6531  0.000e+00
     11.531    15.1315   3.936795    31.6732       1140     4.7458     2.6546  0.000e+00
     11.515    15.1315   3.936757    31.6729       1141     4.7500     2.6555  0.000e+00
     11.500    15.1315   3.936776    31.6731       1142     4.7542     2.6562  0.000e+00
     11.488    15.1317   3.936821    31.6733       1143     4.7583     2.6550  0.000e+00
     11.479    15.1317   3.936726    31.6724       1144     4.7625     2.6524  0.000e+00
     11.473    15.1317   3.936656    31.6719       1145     4.7667     2.6512  0.000e+00
     11.457    15.1313   3.936681    31.6724       1146     4.7708     2.6482  0.000e+00
     11.446    15.1311   3.936656    31.6723       1147     4.7750     2.6485  0.000e+00
     11.434    15.1309   3.936612    31.6721       1148     4.7792     2.6492  0.000e+00
     11.421    15.1305   3.936612    31.6724       1149     4.7833     2.6505  0.000e+00
     11.405    15.1303   3.936637    31.6728       1150     4.7875     2.6500  0.000e+00
     11.387    15.1303   3.936637    31.6728       1151     4.7917     2.6505  0.000e+00
     11.378    15.1303   3.936681    31.6732       1152     4.7958     2.6492  0.000e+00
     11.360    15.1305   3.936707    31.6733       1153     4.8000     2.6506  0.000e+00
     11.338    15.1306   3.936732    31.6735       1154     4.8042     2.6487  0.000e+00
     11.322    15.1307   3.936726    31.6734       1155     4.8083     2.6502  0.000e+00
     11.304    15.1307   3.936517    31.6714       1156     4.8125     2.6496  0.000e+00
     11.281    15.1301   3.936384    31.6707       1157     4.8167     2.6532  0.000e+00
     11.263    15.1294   3.936447    31.6719       1158     4.8208     2.6528  0.000e+00
     11.232    15.1292   3.936390    31.6716       1159     4.8250     2.6522  0.000e+00
     11.198    15.1289   3.936358    31.6715       1160     4.8292     2.6502  0.000e+00
     11.161    15.1289   3.936403    31.6720       1161     4.8333     2.6503  0.000e+00
     11.123    15.1290   3.936314    31.6711       1162     4.8375     2.6507  0.000e+00
     11.081    15.1292   3.936149    31.6695       1163     4.8417     2.6498  0.000e+00
     11.049    15.1286   3.935573    31.6648       1164     4.8458     2.6515  0.000e+00
     11.010    15.1270   3.935155    31.6623       1165     4.8500     2.6504  0.000e+00
     10.970    15.1252   3.934920    31.6618       1166     4.8542     2.6500  0.000e+00
     10.939    15.1235   3.934838    31.6623       1167     4.8583     2.6492  0.000e+00
     10.911    15.1224   3.934692    31.6620       1168     4.8625     2.6472  0.000e+00
     10.886    15.1211   3.934578    31.6620       1169     4.8667     2.6471  0.000e+00
     10.859    15.1205   3.934553    31.6623       1170     4.8708     2.6474  0.000e+00
     10.830    15.1198   3.934527    31.6626       1171     4.8750     2.6481  0.000e+00
     10.810    15.1195   3.934255    31.6604       1172     4.8792     2.6493  0.000e+00
     10.792    15.1186   3.934021    31.6591       1173     4.8833     2.6508  0.000e+00
     10.774    15.1175   3.933837    31.6583       1174     4.8875     2.6534  0.000e+00
     10.758    15.1162   3.933742    31.6585       1175     4.8917     2.6556  0.000e+00
     10.745    15.1155   3.933679    31.6585       1176     4.8958     2.6572  0.000e+00
     10.731    15.1149   3.933672    31.6590       1177     4.9000     2.6598  0.000e+00
     10.726    15.1144   3.933698    31.6596       1178     4.9042     2.6567  0.000e+00
     10.713    15.1142   3.933533    31.6583       1179     4.9083     2.6573  0.000e+00
     10.702    15.1138   3.933413    31.6575       1180     4.9125     2.6584  0.000e+00
     10.690    15.1134   3.933324    31.6571       1181     4.9167     2.6588  0.000e+00
     10.677    15.1128   3.933235    31.6568       1182     4.9208     2.6633  0.000e+00
     10.670    15.1124   3.933191    31.6567       1183     4.9250     2.6631  0.000e+00
     10.665    15.1120   3.933191    31.6570       1184     4.9292     2.6629  0.000e+00
     10.654    15.1117   3.933096    31.6564       1185     4.9333     2.6675  0.000e+00
     10.643    15.1111   3.933001    31.6561       1186     4.9375     2.6638  0.000e+00
     10.629    15.1107   3.932798    31.6545       1187     4.9417     2.6654  0.000e+00
     10.620    15.1100   3.932539    31.6528       1188     4.9458     2.6635  0.000e+00
     10.598    15.1091   3.932450    31.6527       1189     4.9500     2.6680  0.000e+00
     10.576    15.1083   3.932355    31.6526       1190     4.9542     2.6655  0.000e+00
     10.544    15.1074   3.932172    31.6516       1191     4.9583     2.6671  0.000e+00
     10.514    15.1062   3.931665    31.6481       1192     4.9625     2.6691  0.000e+00
     10.476    15.1042   3.931329    31.6466       1193     4.9667     2.6730  0.000e+00
     10.442    15.1022   3.931038    31.6457       1194     4.9708     2.6734  0.000e+00
     10.402    15.1001   3.930924    31.6464       1195     4.9750     2.6754  0.000e+00
     10.368    15.0986   3.930741    31.6460       1196     4.9792     2.6762  0.000e+00
     10.334    15.0970   3.930601    31.6460       1197     4.9833     2.6796  0.000e+00
     10.298    15.0959   3.930576    31.6467       1198     4.9875     2.6808  0.000e+00
     10.275    15.0951   3.930551    31.6471       1199     4.9917     2.6811  0.000e+00
     10.239    15.0945   3.930551    31.6476       1200     4.9958     2.6814  0.000e+00
     10.210    15.0944   3.930576    31.6479       1201     5.0000     2.6816  0.000e+00
     10.183    15.0942   3.930532    31.6477       1202     5.0042     2.6817  0.000e+00
     10.161    15.0940   3.930462    31.6472       1203     5.0083     2.6787  0.000e+00
     10.145    15.0936   3.930209    31.6453       1204     5.0125     2.6765  0.000e+00
     10.129    15.0927   3.930190    31.6459       1205     5.0167     2.6764  0.000e+00
     10.109    15.0925   3.930253    31.6466       1206     5.0208     2.6775  0.000e+00
     10.089    15.0923   3.930253    31.6468       1207     5.0250     2.6768  0.000e+00
     10.070    15.0922   3.930297    31.6473       1208     5.0292     2.6772  0.000e+00
     10.059    15.0926   3.930335    31.6473       1209     5.0333     2.6770  0.000e+00
     10.039    15.0928   3.930348    31.6473       1210     5.0375     2.6769  0.000e+00
     10.023    15.0929   3.930418    31.6478       1211     5.0417     2.6769  0.000e+00
     10.009    15.0932   3.930392    31.6474       1212     5.0458     2.6769  0.000e+00
      9.992    15.0934   3.930411    31.6474       1213     5.0500     2.6764  0.000e+00
      9.974    15.0934   3.930367    31.6470       1214     5.0542     2.6772  0.000e+00
      9.955    15.0934   3.930278    31.6462       1215     5.0583     2.6804  0.000e+00
      9.951    15.0929   3.930095    31.6450       1216     5.0625     2.6800  0.000e+00
      9.940    15.0924   3.930145    31.6458       1217     5.0667     2.6809  0.000e+00
      9.933    15.0919   3.930069    31.6455       1218     5.0708     2.6798  0.000e+00
      9.926    15.0914   3.929746    31.6430       1219     5.0750     2.6796  0.000e+00
      9.920    15.0898   3.929284    31.6402       1220     5.0792     2.6791  0.000e+00
      9.908    15.0877   3.928740    31.6370       1221     5.0833     2.6762  0.000e+00
      9.895    15.0849   3.928639    31.6384       1222     5.0875     2.6765  0.000e+00
      9.877    15.0830   3.928683    31.6403       1223     5.0917     2.6760  0.000e+00
      9.852    15.0810   3.927873    31.6347       1224     5.0958     2.6750  0.000e+00
      9.816    15.0774   3.926588    31.6261       1225     5.1000     2.6775  0.000e+00
      9.782    15.0705   3.924531    31.6132       1226     5.1042     2.6778  0.000e+00
      9.750    15.0622   3.924044    31.6156       1227     5.1083     2.6769  0.000e+00
      9.717    15.0555   3.923836    31.6191       1228     5.1125     2.6776  0.000e+00
      9.698    15.0517   3.924196    31.6254       1229     5.1167     2.6793  0.000e+00
      9.681    15.0480   3.922735    31.6153       1230     5.1208     2.6796  0.000e+00
      9.674    15.0414   3.921191    31.6068       1231     5.1250     2.6810  0.000e+00
      9.662    15.0339   3.920983    31.6110       1232     5.1292     2.6794  0.000e+00
      9.653    15.0299   3.921514    31.6190       1233     5.1333     2.6791  0.000e+00
      9.645    15.0288   3.921445    31.6193       1234     5.1375     2.6775  0.000e+00
      9.636    15.0276   3.920679    31.6134       1235     5.1417     2.6752  0.000e+00
      9.620    15.0249   3.920338    31.6125       1236     5.1458     2.6751  0.000e+00
      9.599    15.0227   3.920648    31.6170       1237     5.1500     2.6753  0.000e+00
      9.572    15.0221   3.920730    31.6183       1238     5.1542     2.6765  0.000e+00
      9.541    15.0219   3.920243    31.6141       1239     5.1583     2.6769  0.000e+00
      9.500    15.0197   3.919326    31.6076       1240     5.1625     2.6788  0.000e+00
      9.460    15.0160   3.919389    31.6112       1241     5.1667     2.6791  0.000e+00
      9.423    15.0137   3.919256    31.6119       1242     5.1708     2.6807  0.000e+00
      9.392    15.0116   3.918725    31.6088       1243     5.1750     2.6836  0.000e+00
      9.360    15.0085   3.918257    31.6071       1244     5.1792     2.6846  0.000e+00
      9.335    15.0055   3.918080    31.6080       1245     5.1833     2.6843  0.000e+00
      9.322    15.0032   3.917897    31.6082       1246     5.1875     2.6839  0.000e+00
      9.311    15.0010   3.917669    31.6079       1247     5.1917     2.6840  0.000e+00
      9.306    14.9992   3.917631    31.6091       1248     5.1958     2.6833  0.000e+00
      9.297    14.9986   3.917366    31.6071       1249     5.2000     2.6824  0.000e+00
      9.281    14.9975   3.917157    31.6061       1250     5.2042     2.6814  0.000e+00
      9.263    14.9962   3.917024    31.6060       1251     5.2083     2.6839  0.000e+00
      9.250    14.9950   3.917031    31.6071       1252     5.2125     2.6851  0.000e+00
      9.220    14.9942   3.916860    31.6062       1253     5.2167     2.6876  0.000e+00
      9.189    14.9933   3.916771    31.6061       1254     5.2208     2.6906  0.000e+00
      9.155    14.9930   3.917391    31.6120       1255     5.2250     2.6933  0.000e+00
      9.133    14.9946   3.917985    31.6160       1256     5.2292     2.6963  0.000e+00
      9.114    14.9976   3.918428    31.6176       1257     5.2333     2.6985  0.000e+00
      9.101    15.0006   3.918497    31.6158       1258     5.2375     2.6999  0.000e+00
      9.096    15.0019   3.917802    31.6085       1259     5.2417     2.6991  0.000e+00
      9.090    15.0007   3.917113    31.6033       1260     5.2458     2.6979  0.000e+00
      9.094    14.9979   3.916790    31.6027       1261     5.2500     2.6965  0.000e+00
      9.096    14.9953   3.916677    31.6037       1262     5.2542     2.6924  0.000e+00
      9.099    14.9932   3.916449    31.6034       1263     5.2583     2.6904  0.000e+00
      9.097    14.9911   3.916215    31.6029       1264     5.2625     2.6895  0.000e+00
      9.094    14.9894   3.916076    31.6031       1265     5.2667     2.6865  0.000e+00
      9.081    14.9876   3.916019    31.6040       1266     5.2708     2.6858  0.000e+00
      9.063    14.9864   3.915943    31.6043       1267     5.2750     2.6859  0.000e+00
      9.052    14.9858   3.915962    31.6050       1268     5.2792     2.6889  0.000e+00
