PC2305/sbe096.cnv
* Sea-Bird SBE 19plus V2 Data File:
* FileName = C:\cruise\data\sbe096.hex
* Software Version Seasave V 7.26.7.121
* Temperature SN = 7142
* Conductivity SN = 7142
* System UpLoad Time = Nov 05 2023 09:08:19
** Cruise: PC2205
** Program: ECOMON
# nquan = 8
# nvalues = 1547                                  
# units = specified
# name 0 = depSM: Depth [salt water, m], lat = 40.00
# name 1 = tv290C: Temperature [ITS-90, deg C]
# name 2 = c0S/m: Conductivity [S/m]
# name 3 = sal00: Salinity, Practical [PSU]
# name 4 = scan: Scan Count
# name 5 = timeM: Time, Elapsed [minutes]
# name 6 = sbeox0V: Oxygen raw, SBE 43 [V]
# name 7 = flag:  0.000e+00
# span 0 =     -0.036,     44.748                 
# span 1 =    13.6040,    14.8537                 
# span 2 =   0.000065,   3.962020                 
# span 3 =     0.0070,    32.2352                 
# span 4 =         11,       1557                 
# span 5 =     0.0417,     6.4833                 
# span 6 =     2.2467,     2.8761                 
# span 7 = 0.0000e+00, 0.0000e+00                 
# interval = seconds: 0.25
# start_time = Nov 05 2023 09:08:19 [System UTC, header]
# bad_flag = -9.990e-29
*END*
[from data line 540]
     43.543    14.8443   3.961653    32.1193        551     2.2917     2.8426  0.000e+00
     43.698    14.8442   3.961673    32.1194        552     2.2958     2.8431  0.000e+00
     43.862    14.8443   3.961647    32.1191        553     2.3000     2.8444  0.000e+00
     44.022    14.8442   3.961654    32.1191        554     2.3042     2.8451  0.000e+00
     44.187    14.8442   3.961628    32.1189        555     2.3083     2.8446  0.000e+00
     44.358    14.8440   3.961654    32.1192        556     2.3125     2.8444  0.000e+00
     44.537    14.8440   3.961673    32.1193        557     2.3167     2.8440  0.000e+00
     44.651    14.8439   3.961654    32.1192        558     2.3208     2.8443  0.000e+00
     44.737    14.8440   3.961698    32.1195        559     2.3250     2.8449  0.000e+00
     44.748    14.8441   3.961743    32.1198        560     2.3292     2.8452  0.000e+00
     44.699    14.8442   3.961794    32.1201        561     2.3333     2.8463  0.000e+00
     44.645    14.8447   3.961654    32.1185        562     2.3375     2.8472  0.000e+00
     44.620    14.8445   3.961628    32.1184        563     2.3417     2.8481  0.000e+00
     44.597    14.8442   3.961698    32.1194        564     2.3458     2.8501  0.000e+00
     44.575    14.8441   3.961724    32.1197        565     2.3500     2.8501  0.000e+00
     44.532    14.8442   3.961603    32.1185        566     2.3542     2.8491  0.000e+00
     44.482    14.8439   3.961463    32.1176        567     2.3583     2.8477  0.000e+00
     44.419    14.8431   3.961349    32.1172        568     2.3625     2.8477  0.000e+00
     44.343    14.8415   3.961298    32.1180        569     2.3667     2.8525  0.000e+00
     44.271    14.8408   3.961279    32.1185        570     2.3708     2.8529  0.000e+00
     44.199    14.8399   3.961254    32.1190        571     2.3750     2.8526  0.000e+00
     44.113    14.8397   3.961209    32.1188        572     2.3792     2.8530  0.000e+00
     44.022    14.8394   3.961209    32.1191        573     2.3833     2.8526  0.000e+00
     43.951    14.8389   3.961228    32.1197        574     2.3875     2.8534  0.000e+00
     43.874    14.8386   3.961184    32.1196        575     2.3917     2.8532  0.000e+00
     43.795    14.8385   3.961184    32.1197        576     2.3958     2.8494  0.000e+00
     43.734    14.8383   3.961184    32.1199        577     2.4000     2.8543  0.000e+00
     43.676    14.8384   3.961209    32.1201        578     2.4042     2.8491  0.000e+00
     43.633    14.8384   3.961183    32.1198        579     2.4083     2.8485  0.000e+00
     43.596    14.8386   3.961209    32.1200        580     2.4125     2.8460  0.000e+00
     43.581    14.8386   3.961209    32.1199        581     2.4167     2.8475  0.000e+00
     43.560    14.8387   3.961228    32.1200        582     2.4208     2.8465  0.000e+00
     43.545    14.8387   3.961234    32.1201        583     2.4250     2.8465  0.000e+00
     43.518    14.8389   3.961228    32.1199        584     2.4292     2.8473  0.000e+00
     43.502    14.8388   3.961228    32.1200        585     2.4333     2.8480  0.000e+00
     43.488    14.8390   3.961183    32.1194        586     2.4375     2.8490  0.000e+00
     43.481    14.8386   3.961228    32.1201        587     2.4417     2.8484  0.000e+00
     43.466    14.8389   3.961253    32.1202        588     2.4458     2.8480  0.000e+00
     43.446    14.8390   3.961253    32.1200        589     2.4500     2.8504  0.000e+00
     43.418    14.8392   3.961228    32.1197        590     2.4542     2.8501  0.000e+00
     43.383    14.8390   3.961228    32.1198        591     2.4583     2.8480  0.000e+00
     43.346    14.8390   3.961253    32.1201        592     2.4625     2.8482  0.000e+00
     43.297    14.8392   3.961298    32.1204        593     2.4667     2.8533  0.000e+00
     43.243    14.8396   3.961444    32.1214        594     2.4708     2.8468  0.000e+00
     43.182    14.8404   3.961450    32.1208        595     2.4750     2.8488  0.000e+00
     43.116    14.8412   3.961514    32.1207        596     2.4792     2.8489  0.000e+00
     43.038    14.8419   3.961514    32.1201        597     2.4833     2.8497  0.000e+00
     42.965    14.8422   3.961558    32.1203        598     2.4875     2.8477  0.000e+00
     42.884    14.8426   3.961444    32.1190        599     2.4917     2.8491  0.000e+00
     42.787    14.8427   3.961418    32.1187        600     2.4958     2.8532  0.000e+00
     42.683    14.8425   3.961304    32.1179        601     2.5000     2.8527  0.000e+00
     42.555    14.8416   3.961278    32.1185        602     2.5042     2.8530  0.000e+00
     42.420    14.8409   3.961602    32.1220        603     2.5083     2.8547  0.000e+00
     42.285    14.8415   3.961653    32.1220        604     2.5125     2.8580  0.000e+00
     42.147    14.8434   3.961672    32.1207        605     2.5167     2.8571  0.000e+00
     42.014    14.8440   3.961881    32.1222        606     2.5208     2.8570  0.000e+00
     41.877    14.8458   3.961894    32.1209        607     2.5250     2.8552  0.000e+00
     41.748    14.8470   3.961862    32.1196        608     2.5292     2.8536  0.000e+00
     41.624    14.8475   3.961792    32.1186        609     2.5333     2.8546  0.000e+00
     41.505    14.8473   3.961811    32.1190        610     2.5375     2.8552  0.000e+00
     41.385    14.8472   3.961697    32.1181        611     2.5417     2.8581  0.000e+00
     41.272    14.8469   3.961792    32.1192        612     2.5458     2.8579  0.000e+00
     41.155    14.8466   3.961818    32.1198        613     2.5500     2.8554  0.000e+00
     41.042    14.8471   3.961792    32.1192        614     2.5542     2.8525  0.000e+00
     40.932    14.8472   3.961837    32.1195        615     2.5583     2.8588  0.000e+00
     40.822    14.8475   3.961837    32.1194        616     2.5625     2.8552  0.000e+00
     40.716    14.8479   3.961811    32.1188        617     2.5667     2.8532  0.000e+00
     40.614    14.8479   3.961836    32.1191        618     2.5708     2.8576  0.000e+00
     40.513    14.8481   3.961843    32.1190        619     2.5750     2.8549  0.000e+00
     40.414    14.8481   3.961836    32.1189        620     2.5792     2.8559  0.000e+00
     40.324    14.8484   3.961862    32.1190        621     2.5833     2.8563  0.000e+00
     40.240    14.8485   3.961811    32.1185        622     2.5875     2.8560  0.000e+00
     40.159    14.8485   3.961836    32.1187        623     2.5917     2.8560  0.000e+00
     40.080    14.8486   3.961811    32.1185        624     2.5958     2.8583  0.000e+00
     39.997    14.8485   3.961912    32.1195        625     2.6000     2.8569  0.000e+00
     39.922    14.8485   3.961906    32.1194        626     2.6042     2.8558  0.000e+00
     39.843    14.8491   3.961836    32.1184        627     2.6083     2.8543  0.000e+00
     39.764    14.8490   3.961766    32.1179        628     2.6125     2.8534  0.000e+00
     39.677    14.8485   3.961792    32.1185        629     2.6167     2.8559  0.000e+00
     39.588    14.8481   3.961950    32.1203        630     2.6208     2.8572  0.000e+00
     39.500    14.8490   3.961938    32.1195        631     2.6250     2.8562  0.000e+00
     39.404    14.8498   3.961931    32.1189        632     2.6292     2.8542  0.000e+00
     39.307    14.8498   3.962001    32.1195        633     2.6333     2.8584  0.000e+00
     39.203    14.8504   3.962020    32.1192        634     2.6375     2.8580  0.000e+00
     39.104    14.8510   3.961931    32.1180        635     2.6417     2.8580  0.000e+00
     38.991    14.8510   3.961950    32.1182        636     2.6458     2.8551  0.000e+00
     38.869    14.8508   3.961893    32.1179        637     2.6500     2.8581  0.000e+00
     38.752    14.8506   3.961880    32.1179        638     2.6542     2.8531  0.000e+00
     38.637    14.8503   3.961861    32.1181        639     2.6583     2.8568  0.000e+00
     38.518    14.8500   3.961880    32.1185        640     2.6625     2.8568  0.000e+00
     38.410    14.8499   3.961740    32.1174        641     2.6667     2.8578  0.000e+00
     38.299    14.8492   3.961721    32.1178        642     2.6708     2.8586  0.000e+00
     38.198    14.8487   3.961670    32.1178        643     2.6750     2.8590  0.000e+00
     38.099    14.8481   3.961600    32.1178        644     2.6792     2.8574  0.000e+00
     38.006    14.8477   3.961556    32.1177        645     2.6833     2.8599  0.000e+00
     37.925    14.8469   3.961372    32.1167        646     2.6875     2.8587  0.000e+00
     37.860    14.8457   3.961461    32.1185        647     2.6917     2.8581  0.000e+00
     37.796    14.8452   3.961550    32.1197        648     2.6958     2.8585  0.000e+00
     37.742    14.8455   3.961556    32.1196        649     2.7000     2.8594  0.000e+00
     37.697    14.8458   3.961556    32.1194        650     2.7042     2.8588  0.000e+00
     37.650    14.8458   3.961626    32.1200        651     2.7083     2.8590  0.000e+00
     37.600    14.8465   3.961626    32.1195        652     2.7125     2.8576  0.000e+00
     37.549    14.8468   3.961581    32.1189        653     2.7167     2.8580  0.000e+00
     37.496    14.8469   3.961594    32.1189        654     2.7208     2.8593  0.000e+00
     37.438    14.8467   3.961416    32.1175        655     2.7250     2.8593  0.000e+00
     37.370    14.8460   3.961346    32.1174        656     2.7292     2.8586  0.000e+00
     37.298    14.8449   3.961391    32.1188        657     2.7333     2.8575  0.000e+00
     37.215    14.8448   3.961530    32.1202        658     2.7375     2.8579  0.000e+00
     37.127    14.8452   3.961511    32.1197        659     2.7417     2.8580  0.000e+00
     37.043    14.8456   3.961403    32.1184        660     2.7458     2.8593  0.000e+00
     36.949    14.8454   3.961486    32.1194        661     2.7500     2.8594  0.000e+00
     36.858    14.8455   3.961740    32.1216        662     2.7542     2.8582  0.000e+00
     36.768    14.8466   3.961556    32.1191        663     2.7583     2.8585  0.000e+00
     36.692    14.8472   3.961600    32.1190        664     2.7625     2.8588  0.000e+00
     36.618    14.8472   3.961295    32.1163        665     2.7667     2.8581  0.000e+00
     36.547    14.8460   3.961104    32.1156        666     2.7708     2.8570  0.000e+00
     36.480    14.8439   3.961276    32.1189        667     2.7750     2.8586  0.000e+00
     36.424    14.8434   3.961486    32.1212        668     2.7792     2.8581  0.000e+00
     36.362    14.8441   3.961695    32.1226        669     2.7833     2.8581  0.000e+00
     36.308    14.8462   3.961809    32.1219        670     2.7875     2.8574  0.000e+00
     36.250    14.8481   3.961809    32.1203        671     2.7917     2.8583  0.000e+00
     36.193    14.8495   3.961816    32.1193        672     2.7958     2.8588  0.000e+00
     36.130    14.8500   3.961739    32.1182        673     2.8000     2.8529  0.000e+00
     36.072    14.8501   3.961765    32.1184        674     2.8042     2.8559  0.000e+00
     36.002    14.8499   3.961790    32.1188        675     2.8083     2.8552  0.000e+00
     35.936    14.8501   3.961809    32.1188        676     2.8125     2.8547  0.000e+00
     35.864    14.8502   3.961720    32.1179        677     2.8167     2.8547  0.000e+00
     35.788    14.8504   3.961695    32.1176        678     2.8208     2.8529  0.000e+00
     35.711    14.8500   3.961650    32.1175        679     2.8250     2.8580  0.000e+00
     35.639    14.8495   3.961650    32.1179        680     2.8292     2.8552  0.000e+00
     35.564    14.8491   3.961625    32.1181        681     2.8333     2.8568  0.000e+00
     35.486    14.8488   3.961511    32.1174        682     2.8375     2.8569  0.000e+00
     35.416    14.8479   3.961511    32.1181        683     2.8417     2.8589  0.000e+00
     35.362    14.8475   3.961695    32.1202        684     2.8458     2.8591  0.000e+00
     35.297    14.8481   3.961695    32.1196        685     2.8500     2.8597  0.000e+00
     35.235    14.8488   3.961720    32.1194        686     2.8542     2.8607  0.000e+00
     35.164    14.8491   3.961720    32.1191        687     2.8583     2.8604  0.000e+00
     35.096    14.8496   3.961650    32.1181        688     2.8625     2.8606  0.000e+00
     35.015    14.8493   3.961669    32.1185        689     2.8667     2.8605  0.000e+00
     34.936    14.8492   3.961695    32.1189        690     2.8708     2.8605  0.000e+00
     34.843    14.8493   3.961599    32.1180        691     2.8750     2.8599  0.000e+00
     34.753    14.8491   3.961650    32.1187        692     2.8792     2.8609  0.000e+00
     34.676    14.8491   3.961694    32.1191        693     2.8833     2.8610  0.000e+00
     34.595    14.8491   3.961669    32.1188        694     2.8875     2.8619  0.000e+00
     34.517    14.8494   3.961669    32.1187        695     2.8917     2.8604  0.000e+00
     34.446    14.8495   3.961669    32.1186        696     2.8958     2.8602  0.000e+00
     34.375    14.8493   3.961624    32.1184        697     2.9000     2.8600  0.000e+00
     34.311    14.8492   3.961580    32.1181        698     2.9042     2.8587  0.000e+00
     34.250    14.8491   3.961555    32.1180        699     2.9083     2.8587  0.000e+00
     34.194    14.8487   3.961580    32.1186        700     2.9125     2.8597  0.000e+00
     34.138    14.8484   3.961599    32.1190        701     2.9167     2.8589  0.000e+00
     34.090    14.8487   3.961593    32.1187        702     2.9208     2.8600  0.000e+00
     34.047    14.8488   3.961580    32.1185        703     2.9250     2.8598  0.000e+00
     34.002    14.8486   3.961580    32.1187        704     2.9292     2.8593  0.000e+00
     33.951    14.8485   3.961599    32.1189        705     2.9333     2.8596  0.000e+00
     33.899    14.8486   3.961580    32.1187        706     2.9375     2.8597  0.000e+00
     33.845    14.8487   3.961599    32.1189        707     2.9417     2.8604  0.000e+00
     33.790    14.8487   3.961548    32.1184        708     2.9458     2.8607  0.000e+00
     33.725    14.8487   3.961580    32.1187        709     2.9500     2.8604  0.000e+00
     33.658    14.8485   3.961580    32.1189        710     2.9542     2.8598  0.000e+00
     33.587    14.8485   3.961529    32.1184        711     2.9583     2.8598  0.000e+00
     33.513    14.8486   3.961554    32.1186        712     2.9625     2.8588  0.000e+00
     33.437    14.8484   3.961624    32.1195        713     2.9667     2.8606  0.000e+00
     33.356    14.8487   3.961694    32.1199        714     2.9708     2.8607  0.000e+00
     33.279    14.8494   3.961649    32.1190        715     2.9750     2.8614  0.000e+00
     33.205    14.8499   3.961694    32.1189        716     2.9792     2.8622  0.000e+00
     33.128    14.8501   3.961668    32.1186        717     2.9833     2.8627  0.000e+00
     33.053    14.8504   3.961599    32.1177        718     2.9875     2.8621  0.000e+00
     32.979    14.8499   3.961579    32.1180        719     2.9917     2.8621  0.000e+00
     32.907    14.8495   3.961668    32.1192        720     2.9958     2.8600  0.000e+00
     32.848    14.8497   3.961668    32.1190        721     3.0000     2.8612  0.000e+00
     32.781    14.8501   3.961668    32.1188        722     3.0042     2.8597  0.000e+00
     32.724    14.8504   3.961694    32.1187        723     3.0083     2.8578  0.000e+00
     32.677    14.8504   3.961624    32.1181        724     3.0125     2.8579  0.000e+00
     32.630    14.8503   3.961579    32.1178        725     3.0167     2.8579  0.000e+00
     32.589    14.8501   3.961548    32.1177        726     3.0208     2.8580  0.000e+00
     32.546    14.8495   3.961598    32.1187        727     3.0250     2.8578  0.000e+00
     32.494    14.8494   3.961598    32.1188        728     3.0292     2.8572  0.000e+00
     32.445    14.8495   3.961414    32.1171        729     3.0333     2.8562  0.000e+00
