PC2305/sbe095.cnv
* Sea-Bird SBE 19plus V2 Data File:
* FileName = C:\cruise\data\sbe095.hex
* Software Version Seasave V 7.26.7.121
* Temperature SN = 7142
* Conductivity SN = 7142
* System UpLoad Time = Nov 05 2023 08:21:32
** Cruise: PC2205
** Program: ECOMON
# nquan = 8
# nvalues = 1829                                  
# units = specified
# name 0 = depSM: Depth [salt water, m], lat = 40.00
# name 1 = tv290C: Temperature [ITS-90, deg C]
# name 2 = c0S/m: Conductivity [S/m]
# name 3 = sal00: Salinity, Practical [PSU]
# name 4 = scan: Scan Count
# name 5 = timeM: Time, Elapsed [minutes]
# name 6 = sbeox0V: Oxygen raw, SBE 43 [V]
# name 7 = flag:  0.000e+00
# span 0 =     -0.045,     52.215                 
# span 1 =    13.6970,    14.8915                 
# span 2 =   0.000071,   3.964477                 
# span 3 =     0.0071,    32.2059                 
# span 4 =         11,       1839                 
# span 5 =     0.0417,     7.6583                 
# span 6 =     2.1196,     2.8594                 
# span 7 = 0.0000e+00, 0.0000e+00                 
# interval = seconds: 0.25
# start_time = Nov 05 2023 08:21:32 [System UTC, header]
# bad_flag = -9.990e-29
*END*
     -0.038    13.6970   0.000071     0.0071         11     0.0417     2.1203  0.000e+00
     -0.036    13.6986   0.000071     0.0071         12     0.0458     2.1199  0.000e+00
     -0.039    13.7010   0.000071     0.0071         13     0.0500     2.1209  0.000e+00
     -0.039    13.7030   0.000076     0.0071         14     0.0542     2.1202  0.000e+00
     -0.034    13.7050   0.000082     0.0071         15     0.0583     2.1196  0.000e+00
     -0.039    13.7066   0.000071     0.0071         16     0.0625     2.1201  0.000e+00
     -0.039    13.7077   0.000082     0.0071         17     0.0667     2.1206  0.000e+00
     -0.039    13.7081   0.000082     0.0071         18     0.0708     2.1200  0.000e+00
     -0.039    13.7084   0.000071     0.0071         19     0.0750     2.1207  0.000e+00
     -0.039    13.7084   0.000076     0.0071         20     0.0792     2.1202  0.000e+00
     -0.039    13.7083   0.000076     0.0071         21     0.0833     2.1200  0.000e+00
     -0.039    13.7078   0.000071     0.0071         22     0.0875     2.1205  0.000e+00
     -0.039    13.7075   0.000076     0.0071         23     0.0917     2.1211  0.000e+00
     -0.043    13.7070   0.000076     0.0071         24     0.0958     2.1207  0.000e+00
     -0.038    13.7065   0.000076     0.0071         25     0.1000     2.1201  0.000e+00
     -0.045    13.7059   0.000076     0.0071         26     0.1042     2.1202  0.000e+00
     -0.039    13.7046   0.000076     0.0071         27     0.1083     2.1204  0.000e+00
     -0.039    13.7036   0.000071     0.0071         28     0.1125     2.1201  0.000e+00
     -0.039    13.7021   0.000071     0.0071         29     0.1167     2.1205  0.000e+00
     -0.043    13.7008   0.000076     0.0071         30     0.1208     2.1209  0.000e+00
     -0.036    13.6996   0.000076     0.0071         31     0.1250     2.1213  0.000e+00
     -0.041    13.6995   0.000071     0.0071         32     0.1292     2.1204  0.000e+00
     -0.041    13.7003   0.000071     0.0071         33     0.1333     2.1200  0.000e+00
     -0.039    13.7023   0.000071     0.0071         34     0.1375     2.1204  0.000e+00
     -0.039    13.7049   0.000076     0.0071         35     0.1417     2.1199  0.000e+00
     -0.043    13.7070   0.000076     0.0071         36     0.1458     2.1201  0.000e+00
     -0.041    13.7091   0.000071     0.0071         37     0.1500     2.1204  0.000e+00
     -0.038    13.7111   0.000076     0.0071         38     0.1542     2.1213  0.000e+00
     -0.039    13.7133   0.000076     0.0071         39     0.1583     2.1199  0.000e+00
     -0.032    13.7154   0.000071     0.0071         40     0.1625     2.1209  0.000e+00
     -0.034    13.7174   0.000076     0.0071         41     0.1667     2.1213  0.000e+00
     -0.036    13.7189   0.000071     0.0071         42     0.1708     2.1198  0.000e+00
     -0.034    13.7206   0.000076     0.0071         43     0.1750     2.1199  0.000e+00
     -0.036    13.7223   0.000071     0.0071         44     0.1792     2.1209  0.000e+00
     -0.030    13.7241   0.000076     0.0071         45     0.1833     2.1209  0.000e+00
     -0.030    13.7255   0.000071     0.0071         46     0.1875     2.1205  0.000e+00
     -0.029    13.7268   0.000076     0.0071         47     0.1917     2.1204  0.000e+00
     -0.029    13.7279   0.000071     0.0071         48     0.1958     2.1208  0.000e+00
     -0.034    13.7285   0.000071     0.0071         49     0.2000     2.1209  0.000e+00
     -0.034    13.7287   0.000071     0.0071         50     0.2042     2.1214  0.000e+00
     -0.030    13.7287   0.000071     0.0071         51     0.2083     2.1218  0.000e+00
     -0.034    13.7291   0.000076     0.0071         52     0.2125     2.1219  0.000e+00
     -0.032    13.7293   0.000076     0.0071         53     0.2167     2.1214  0.000e+00
     -0.032    13.7291   0.000071     0.0071         54     0.2208     2.1208  0.000e+00
     -0.029    13.7278   0.000076     0.0071         55     0.2250     2.1209  0.000e+00
     -0.032    13.7268   0.000076     0.0071         56     0.2292     2.1199  0.000e+00
     -0.036    13.7272   0.000071     0.0071         57     0.2333     2.1215  0.000e+00
     -0.038    13.7280   0.000082     0.0071         58     0.2375     2.1209  0.000e+00
     -0.036    13.7292   0.000076     0.0071         59     0.2417     2.1218  0.000e+00
     -0.038    13.7306   0.000076     0.0071         60     0.2458     2.1281  0.000e+00
      0.007    13.7322   0.402526     2.7757         61     0.2500     2.1314  0.000e+00
      0.110    13.7405   1.624782    12.4244         62     0.2542     2.1503  0.000e+00
      0.230    13.8706   2.856190    22.9389         63     0.2583     2.1974  0.000e+00
      0.340    14.1098   2.620610    20.7386         64     0.2625     2.2647  0.000e+00
      0.422    14.2974   3.076705    24.6250         65     0.2667     2.3325  0.000e+00
      0.482    14.4133   1.651292    12.4272         66     0.2708     2.3952  0.000e+00
      0.507    14.4878   3.848214    31.3991         67     0.2750     2.4458  0.000e+00
      0.507    14.5254   3.896065    31.8033         68     0.2792     2.4868  0.000e+00
      0.496    14.5556   3.877441    31.6094         69     0.2833     2.5189  0.000e+00
      0.483    14.5807   3.869277    31.5149         70     0.2875     2.5436  0.000e+00
      0.492    14.6005   3.859449    31.4098         71     0.2917     2.5610  0.000e+00
      0.518    14.6126   3.874361    31.5351         72     0.2958     2.5714  0.000e+00
      0.563    14.6202   3.918430    31.9286         73     0.3000     2.5747  0.000e+00
      0.638    14.6126   3.936316    32.0973         74     0.3042     2.5734  0.000e+00
      0.762    14.5958   3.940714    32.1511         75     0.3083     2.5694  0.000e+00
      0.920    14.5955   3.941805    32.1612         76     0.3125     2.5633  0.000e+00
      1.084    14.6098   3.940505    32.1375         77     0.3167     2.5557  0.000e+00
      1.247    14.6312   3.940137    32.1164         78     0.3208     2.5512  0.000e+00
      1.409    14.6453   3.940410    32.1071         79     0.3250     2.5522  0.000e+00
      1.587    14.6516   3.940017    32.0983         80     0.3292     2.5520  0.000e+00
      1.761    14.6558   3.935252    32.0516         81     0.3333     2.5519  0.000e+00
      1.926    14.6568   3.939903    32.0928         82     0.3375     2.5541  0.000e+00
      2.067    14.6554   3.941525    32.1087         83     0.3417     2.5587  0.000e+00
      2.194    14.6494   3.938445    32.0857         84     0.3458     2.5626  0.000e+00
      2.237    14.6487   3.939282    32.0937         85     0.3500     2.5657  0.000e+00
      2.187    14.6575   3.951578    32.1981         86     0.3542     2.5636  0.000e+00
      2.043    14.6980   3.956115    32.2059         87     0.3583     2.5603  0.000e+00
      1.905    14.7500   3.956838    32.1694         88     0.3625     2.5594  0.000e+00
      1.763    14.7892   3.957440    32.1426         89     0.3667     2.5682  0.000e+00
      1.619    14.8146   3.957580    32.1229         90     0.3708     2.5872  0.000e+00
      1.470    14.8297   3.957459    32.1094         91     0.3750     2.6095  0.000e+00
      1.330    14.8382   3.957344    32.1014         92     0.3792     2.6329  0.000e+00
      1.218    14.8434   3.957135    32.0953         93     0.3833     2.6545  0.000e+00
      1.121    14.8463   3.957135    32.0930         94     0.3875     2.6716  0.000e+00
      1.049    14.8474   3.956925    32.0902         95     0.3917     2.6857  0.000e+00
      1.005    14.8478   3.956532    32.0864         96     0.3958     2.6976  0.000e+00
      0.974    14.8473   3.955598    32.0783         97     0.4000     2.7057  0.000e+00
      0.940    14.8465   3.952831    32.0539         98     0.4042     2.7114  0.000e+00
      0.927    14.8461   3.952577    32.0520         99     0.4083     2.7119  0.000e+00
      0.938    14.8396   3.953415    32.0650        100     0.4125     2.7063  0.000e+00
      0.960    14.8290   3.953460    32.0740        101     0.4167     2.6925  0.000e+00
      0.981    14.8228   3.953066    32.0756        102     0.4208     2.6751  0.000e+00
      0.996    14.8170   3.952717    32.0772        103     0.4250     2.6571  0.000e+00
      0.996    14.8122   3.951017    32.0658        104     0.4292     2.6365  0.000e+00
      0.963    14.8071   3.950693    32.0670        105     0.4333     2.6171  0.000e+00
      0.907    14.8044   3.955459    32.1124        106     0.4375     2.5983  0.000e+00
      0.827    14.8117   3.957751    32.1271        107     0.4417     2.5834  0.000e+00
      0.692    14.8241   3.958462    32.1234        108     0.4458     2.5766  0.000e+00
      0.546    14.8357   3.958951    32.1183        109     0.4500     2.5770  0.000e+00
      0.390    14.8437   3.959046    32.1127        110     0.4542     2.5898  0.000e+00
      0.208    14.8488   3.959141    32.1094        111     0.4583     2.6107  0.000e+00
      0.101    14.8517   3.958487    32.1011        112     0.4625     2.6394  0.000e+00
      0.058    14.8521   3.957966    32.0961        113     0.4667     2.6583  0.000e+00
      0.059    14.8518   3.957299    32.0904        114     0.4708     2.6815  0.000e+00
      0.110    14.8509   3.956506    32.0839        115     0.4750     2.7027  0.000e+00
      0.156    14.8502   3.954735    32.0684        116     0.4792     2.7076  0.000e+00
      0.194    14.8495   3.954621    32.0679        117     0.4833     2.7092  0.000e+00
      0.226    14.8448   3.954627    32.0718        118     0.4875     2.7070  0.000e+00
      0.298    14.8388   3.954805    32.0784        119     0.4917     2.6963  0.000e+00
      0.365    14.8346   3.953783    32.0726        120     0.4958     2.6816  0.000e+00
      0.408    14.8313   3.952875    32.0670        121     0.5000     2.6623  0.000e+00
      0.449    14.8285   3.954202    32.0814        122     0.5042     2.6447  0.000e+00
      0.473    14.8282   3.955713    32.0953        123     0.5083     2.6300  0.000e+00
      0.500    14.8305   3.956309    32.0988        124     0.5125     2.6166  0.000e+00
      0.536    14.8355   3.956278    32.0943        125     0.5167     2.6035  0.000e+00
      0.561    14.8405   3.956925    32.0961        126     0.5208     2.5926  0.000e+00
      0.570    14.8442   3.957604    32.0991        127     0.5250     2.5821  0.000e+00
      0.566    14.8475   3.958417    32.1038        128     0.5292     2.5726  0.000e+00
      0.548    14.8504   3.958773    32.1046        129     0.5333     2.5628  0.000e+00
      0.521    14.8525   3.958950    32.1045        130     0.5375     2.5618  0.000e+00
      0.498    14.8547   3.959001    32.1031        131     0.5417     2.5715  0.000e+00
      0.460    14.8561   3.958836    32.1006        132     0.5458     2.5917  0.000e+00
      0.431    14.8571   3.958792    32.0993        133     0.5500     2.6127  0.000e+00
      0.401    14.8576   3.958671    32.0978        134     0.5542     2.6338  0.000e+00
      0.401    14.8575   3.958430    32.0957        135     0.5583     2.6504  0.000e+00
      0.449    14.8573   3.957160    32.0844        136     0.5625     2.6618  0.000e+00
      0.530    14.8566   3.956296    32.0771        137     0.5667     2.6693  0.000e+00
      0.616    14.8548   3.956785    32.0830        138     0.5708     2.6725  0.000e+00
      0.703    14.8487   3.956741    32.0876        139     0.5750     2.6684  0.000e+00
      0.774    14.8435   3.956627    32.0908        140     0.5792     2.6564  0.000e+00
      0.859    14.8392   3.956506    32.0932        141     0.5833     2.6417  0.000e+00
      0.961    14.8362   3.955529    32.0868        142     0.5875     2.6275  0.000e+00
      1.075    14.8331   3.953434    32.0704        143     0.5917     2.6148  0.000e+00
      1.206    14.8251   3.952368    32.0673        144     0.5958     2.6081  0.000e+00
      1.342    14.8107   3.951950    32.0753        145     0.6000     2.6011  0.000e+00
      1.475    14.7975   3.951677    32.0836        146     0.6042     2.5950  0.000e+00
      1.608    14.7877   3.951461    32.0898        147     0.6083     2.5878  0.000e+00
      1.709    14.7805   3.951132    32.0927        148     0.6125     2.5827  0.000e+00
      1.793    14.7753   3.950833    32.0942        149     0.6167     2.5792  0.000e+00
      1.871    14.7722   3.950599    32.0946        150     0.6208     2.5743  0.000e+00
      1.948    14.7701   3.950313    32.0938        151     0.6250     2.5702  0.000e+00
      2.025    14.7688   3.950015    32.0920        152     0.6292     2.5647  0.000e+00
      2.117    14.7674   3.949762    32.0908        153     0.6333     2.5593  0.000e+00
      2.196    14.7658   3.949603    32.0907        154     0.6375     2.5528  0.000e+00
      2.277    14.7645   3.949762    32.0932        155     0.6417     2.5448  0.000e+00
      2.367    14.7629   3.949705    32.0940        156     0.6458     2.5354  0.000e+00
      2.455    14.7607   3.949603    32.0948        157     0.6500     2.5257  0.000e+00
      2.541    14.7588   3.949508    32.0955        158     0.6542     2.5167  0.000e+00
      2.618    14.7561   3.949394    32.0967        159     0.6583     2.5061  0.000e+00
      2.697    14.7535   3.949185    32.0969        160     0.6625     2.4958  0.000e+00
      2.771    14.7510   3.949147    32.0986        161     0.6667     2.4859  0.000e+00
      2.845    14.7482   3.948880    32.0984        162     0.6708     2.4789  0.000e+00
      2.922    14.7465   3.948462    32.0961        163     0.6750     2.4752  0.000e+00
      3.008    14.7442   3.948138    32.0950        164     0.6792     2.4772  0.000e+00
      3.100    14.7407   3.947885    32.0956        165     0.6833     2.4810  0.000e+00
      3.202    14.7367   3.947809    32.0981        166     0.6875     2.4865  0.000e+00
      3.319    14.7329   3.947859    32.1017        167     0.6917     2.4945  0.000e+00
      3.443    14.7300   3.947999    32.1053        168     0.6958     2.5041  0.000e+00
      3.571    14.7284   3.948183    32.1082        169     0.7000     2.5136  0.000e+00
      3.709    14.7287   3.948323    32.1092        170     0.7042     2.5224  0.000e+00
      3.856    14.7297   3.948392    32.1089        171     0.7083     2.5300  0.000e+00
      4.016    14.7309   3.948278    32.1068        172     0.7125     2.5357  0.000e+00
      4.173    14.7317   3.948113    32.1046        173     0.7167     2.5380  0.000e+00
      4.331    14.7323   3.947885    32.1020        174     0.7208     2.5375  0.000e+00
      4.487    14.7325   3.947651    32.0996        175     0.7250     2.5341  0.000e+00
      4.649    14.7320   3.947346    32.0972        176     0.7292     2.5276  0.000e+00
      4.812    14.7313   3.946813    32.0929        177     0.7333     2.5187  0.000e+00
      4.967    14.7304   3.946560    32.0913        178     0.7375     2.5056  0.000e+00
      5.111    14.7294   3.946655    32.0929        179     0.7417     2.4913  0.000e+00
      5.247    14.7293   3.946788    32.0942        180     0.7458     2.4741  0.000e+00
      5.373    14.7351   3.947518    32.0960        181     0.7500     2.4548  0.000e+00
      5.484    14.7479   3.949186    32.1004        182     0.7542     2.4356  0.000e+00
      5.594    14.7632   3.950835    32.1027        183     0.7583     2.4187  0.000e+00
      5.696    14.7788   3.951717    32.0978        184     0.7625     2.3976  0.000e+00
      5.790    14.7900   3.951812    32.0894        185     0.7667     2.3812  0.000e+00
      5.878    14.7968   3.951679    32.0826        186     0.7708     2.3634  0.000e+00
      5.969    14.8021   3.951342    32.0752        187     0.7750     2.3470  0.000e+00
      6.067    14.8060   3.949623    32.0564        188     0.7792     2.3312  0.000e+00
      6.173    14.8083   3.948437    32.0436        189     0.7833     2.3184  0.000e+00
