PC2305/sbe005.cnv
* Sea-Bird SBE 19plus V2 Data File:
* FileName = C:\cruise\data\sbe005.hex
* Software Version Seasave V 7.26.7.121
* Temperature SN = 7142
* Conductivity SN = 7142
* System UpLoad Time = Oct 27 2023 21:10:19
** Cruise: PC2205
** Program: ECOMON
# nquan = 8
# nvalues = 1175                                  
# units = specified
# name 0 = depSM: Depth [salt water, m], lat = 40.00
# name 1 = tv290C: Temperature [ITS-90, deg C]
# name 2 = c0S/m: Conductivity [S/m]
# name 3 = sal00: Salinity, Practical [PSU]
# name 4 = scan: Scan Count
# name 5 = timeM: Time, Elapsed [minutes]
# name 6 = sbeox0V: Oxygen raw, SBE 43 [V]
# name 7 = flag:  0.000e+00
# span 0 =     -0.036,     40.861                 
# span 1 =    15.5688,    16.8421                 
# span 2 =   0.000051,   4.018266                 
# span 3 =     0.0086,    31.7655                 
# span 4 =         11,       1185                 
# span 5 =     0.0417,     4.9333                 
# span 6 =     2.2976,     3.0950                 
# span 7 = 0.0000e+00, 0.0000e+00                 
# interval = seconds: 0.25
# start_time = Oct 27 2023 21:10:19 [System UTC, header]
# bad_flag = -9.990e-29
*END*
     -0.029    16.8224   0.000065     0.0086         11     0.0417     3.0378  0.000e+00
     -0.027    16.8230   0.000071     0.0086         12     0.0458     3.0373  0.000e+00
     -0.029    16.8232   0.000059     0.0086         13     0.0500     3.0376  0.000e+00
     -0.031    16.8238   0.000059     0.0086         14     0.0542     3.0381  0.000e+00
     -0.032    16.8242   0.000065     0.0086         15     0.0583     3.0376  0.000e+00
     -0.034    16.8246   0.000065     0.0086         16     0.0625     3.0377  0.000e+00
     -0.029    16.8250   0.000065     0.0086         17     0.0667     3.0374  0.000e+00
     -0.027    16.8254   0.000065     0.0086         18     0.0708     3.0379  0.000e+00
     -0.029    16.8258   0.000065     0.0086         19     0.0750     3.0381  0.000e+00
     -0.029    16.8265   0.000065     0.0086         20     0.0792     3.0376  0.000e+00
     -0.029    16.8269   0.000065     0.0086         21     0.0833     3.0383  0.000e+00
     -0.029    16.8273   0.000059     0.0086         22     0.0875     3.0379  0.000e+00
     -0.027    16.8278   0.000059     0.0086         23     0.0917     3.0385  0.000e+00
     -0.024    16.8284   0.000059     0.0086         24     0.0958     3.0379  0.000e+00
     -0.025    16.8291   0.000065     0.0086         25     0.1000     3.0385  0.000e+00
     -0.027    16.8297   0.000059     0.0086         26     0.1042     3.0381  0.000e+00
     -0.031    16.8301   0.000065     0.0086         27     0.1083     3.0378  0.000e+00
     -0.025    16.8307   0.000065     0.0086         28     0.1125     3.0381  0.000e+00
     -0.025    16.8313   0.000065     0.0086         29     0.1167     3.0375  0.000e+00
     -0.029    16.8318   0.000065     0.0086         30     0.1208     3.0375  0.000e+00
     -0.029    16.8321   0.000065     0.0086         31     0.1250     3.0378  0.000e+00
     -0.029    16.8328   0.000059     0.0086         32     0.1292     3.0385  0.000e+00
     -0.029    16.8332   0.000065     0.0086         33     0.1333     3.0386  0.000e+00
     -0.031    16.8332   0.000065     0.0086         34     0.1375     3.0382  0.000e+00
     -0.033    16.8338   0.000065     0.0086         35     0.1417     3.0390  0.000e+00
     -0.033    16.8340   0.000071     0.0086         36     0.1458     3.0380  0.000e+00
     -0.029    16.8342   0.000059     0.0086         37     0.1500     3.0389  0.000e+00
     -0.031    16.8342   0.000059     0.0086         38     0.1542     3.0378  0.000e+00
     -0.036    16.8343   0.000059     0.0086         39     0.1583     3.0391  0.000e+00
     -0.031    16.8346   0.000059     0.0086         40     0.1625     3.0391  0.000e+00
     -0.031    16.8349   0.000059     0.0086         41     0.1667     3.0380  0.000e+00
     -0.033    16.8351   0.000065     0.0086         42     0.1708     3.0376  0.000e+00
     -0.031    16.8354   0.000065     0.0086         43     0.1750     3.0379  0.000e+00
     -0.031    16.8360   0.000065     0.0086         44     0.1792     3.0380  0.000e+00
     -0.025    16.8363   0.000065     0.0086         45     0.1833     3.0383  0.000e+00
     -0.027    16.8368   0.000065     0.0086         46     0.1875     3.0381  0.000e+00
     -0.029    16.8371   0.000059     0.0086         47     0.1917     3.0375  0.000e+00
     -0.029    16.8371   0.000059     0.0086         48     0.1958     3.0385  0.000e+00
     -0.027    16.8374   0.000059     0.0086         49     0.2000     3.0389  0.000e+00
     -0.024    16.8379   0.000057     0.0086         50     0.2042     3.0385  0.000e+00
     -0.025    16.8381   0.000059     0.0086         51     0.2083     3.0381  0.000e+00
     -0.029    16.8378   0.000057     0.0086         52     0.2125     3.0383  0.000e+00
     -0.025    16.8380   0.000059     0.0086         53     0.2167     3.0400  0.000e+00
     -0.029    16.8383   0.000059     0.0086         54     0.2208     3.0388  0.000e+00
     -0.027    16.8383   0.000059     0.0086         55     0.2250     3.0388  0.000e+00
     -0.029    16.8385   0.000065     0.0086         56     0.2292     3.0389  0.000e+00
     -0.031    16.8383   0.000059     0.0086         57     0.2333     3.0377  0.000e+00
     -0.027    16.8383   0.000059     0.0086         58     0.2375     3.0384  0.000e+00
     -0.031    16.8383   0.000065     0.0086         59     0.2417     3.0387  0.000e+00
     -0.029    16.8380   0.000059     0.0086         60     0.2458     3.0374  0.000e+00
     -0.029    16.8379   0.000065     0.0086         61     0.2500     3.0388  0.000e+00
     -0.029    16.8380   0.000059     0.0086         62     0.2542     3.0397  0.000e+00
     -0.027    16.8379   0.000059     0.0086         63     0.2583     3.0388  0.000e+00
     -0.029    16.8378   0.000059     0.0086         64     0.2625     3.0386  0.000e+00
     -0.025    16.8378   0.000059     0.0086         65     0.2667     3.0394  0.000e+00
     -0.029    16.8376   0.000054     0.0086         66     0.2708     3.0388  0.000e+00
     -0.027    16.8378   0.000059     0.0086         67     0.2750     3.0388  0.000e+00
     -0.029    16.8378   0.000059     0.0086         68     0.2792     3.0381  0.000e+00
     -0.029    16.8379   0.000059     0.0086         69     0.2833     3.0401  0.000e+00
     -0.027    16.8383   0.000059     0.0086         70     0.2875     3.0400  0.000e+00
     -0.025    16.8386   0.000065     0.0086         71     0.2917     3.0394  0.000e+00
     -0.025    16.8391   0.000065     0.0086         72     0.2958     3.0394  0.000e+00
     -0.031    16.8392   0.000059     0.0086         73     0.3000     3.0401  0.000e+00
     -0.025    16.8394   0.000065     0.0086         74     0.3042     3.0396  0.000e+00
     -0.031    16.8397   0.000057     0.0086         75     0.3083     3.0389  0.000e+00
     -0.029    16.8403   0.000059     0.0086         76     0.3125     3.0397  0.000e+00
     -0.024    16.8408   0.000059     0.0086         77     0.3167     3.0394  0.000e+00
     -0.024    16.8409   0.000059     0.0086         78     0.3208     3.0388  0.000e+00
     -0.027    16.8411   0.000059     0.0086         79     0.3250     3.0397  0.000e+00
     -0.027    16.8411   0.000059     0.0086         80     0.3292     3.0388  0.000e+00
     -0.027    16.8406   0.000059     0.0086         81     0.3333     3.0391  0.000e+00
     -0.029    16.8402   0.000059     0.0086         82     0.3375     3.0385  0.000e+00
     -0.024    16.8400   0.000059     0.0086         83     0.3417     3.0391  0.000e+00
     -0.029    16.8401   0.000065     0.0086         84     0.3458     3.0396  0.000e+00
     -0.027    16.8401   0.000059     0.0086         85     0.3500     3.0391  0.000e+00
     -0.029    16.8402   0.000059     0.0086         86     0.3542     3.0381  0.000e+00
     -0.031    16.8404   0.000059     0.0086         87     0.3583     3.0381  0.000e+00
     -0.027    16.8408   0.000057     0.0086         88     0.3625     3.0392  0.000e+00
     -0.029    16.8410   0.000054     0.0086         89     0.3667     3.0386  0.000e+00
     -0.029    16.8410   0.000065     0.0086         90     0.3708     3.0393  0.000e+00
     -0.025    16.8413   0.000059     0.0086         91     0.3750     3.0389  0.000e+00
     -0.022    16.8414   0.000059     0.0086         92     0.3792     3.0401  0.000e+00
     -0.025    16.8415   0.000057     0.0086         93     0.3833     3.0391  0.000e+00
     -0.024    16.8416   0.000059     0.0086         94     0.3875     3.0389  0.000e+00
     -0.022    16.8418   0.000059     0.0086         95     0.3917     3.0392  0.000e+00
     -0.024    16.8419   0.000059     0.0086         96     0.3958     3.0388  0.000e+00
     -0.024    16.8421   0.000059     0.0086         97     0.4000     3.0391  0.000e+00
     -0.024    16.8421   0.000057     0.0086         98     0.4042     3.0398  0.000e+00
     -0.024    16.8419   0.000054     0.0086         99     0.4083     3.0397  0.000e+00
     -0.029    16.8418   0.000057     0.0086        100     0.4125     3.0395  0.000e+00
     -0.027    16.8419   0.000057     0.0086        101     0.4167     3.0397  0.000e+00
     -0.025    16.8418   0.000054     0.0086        102     0.4208     3.0396  0.000e+00
     -0.024    16.8415   0.000059     0.0086        103     0.4250     3.0392  0.000e+00
     -0.024    16.8408   0.000059     0.0086        104     0.4292     3.0392  0.000e+00
     -0.025    16.8405   0.000059     0.0086        105     0.4333     3.0393  0.000e+00
     -0.025    16.8404   0.000059     0.0086        106     0.4375     3.0400  0.000e+00
     -0.025    16.8399   0.000054     0.0086        107     0.4417     3.0398  0.000e+00
     -0.022    16.8399   0.000059     0.0086        108     0.4458     3.0387  0.000e+00
     -0.024    16.8396   0.000059     0.0086        109     0.4500     3.0399  0.000e+00
     -0.029    16.8392   0.000057     0.0086        110     0.4542     3.0396  0.000e+00
     -0.031    16.8387   0.000057     0.0086        111     0.4583     3.0399  0.000e+00
     -0.027    16.8383   0.000059     0.0086        112     0.4625     3.0396  0.000e+00
     -0.025    16.8381   0.000059     0.0086        113     0.4667     3.0397  0.000e+00
     -0.024    16.8377   0.000059     0.0086        114     0.4708     3.0396  0.000e+00
     -0.025    16.8371   0.000059     0.0086        115     0.4750     3.0396  0.000e+00
     -0.025    16.8365   0.000059     0.0086        116     0.4792     3.0390  0.000e+00
     -0.025    16.8360   0.000059     0.0086        117     0.4833     3.0403  0.000e+00
     -0.024    16.8358   0.000057     0.0086        118     0.4875     3.0399  0.000e+00
     -0.020    16.8351   0.000059     0.0086        119     0.4917     3.0392  0.000e+00
     -0.020    16.8342   0.000059     0.0086        120     0.4958     3.0394  0.000e+00
     -0.025    16.8319   0.000059     0.0086        121     0.5000     3.0397  0.000e+00
     -0.025    16.8306   0.000059     0.0086        122     0.5042     3.0391  0.000e+00
     -0.025    16.8301   0.000059     0.0086        123     0.5083     3.0394  0.000e+00
     -0.020    16.8296   0.000057     0.0086        124     0.5125     3.0394  0.000e+00
     -0.025    16.8283   0.000054     0.0086        125     0.5167     3.0393  0.000e+00
     -0.024    16.8273   0.000059     0.0086        126     0.5208     3.0399  0.000e+00
     -0.025    16.8264   0.000059     0.0086        127     0.5250     3.0394  0.000e+00
     -0.024    16.8259   0.000059     0.0086        128     0.5292     3.0401  0.000e+00
     -0.027    16.8257   0.000059     0.0086        129     0.5333     3.0399  0.000e+00
     -0.027    16.8254   0.000059     0.0086        130     0.5375     3.0397  0.000e+00
     -0.027    16.8248   0.000059     0.0086        131     0.5417     3.0399  0.000e+00
     -0.029    16.8242   0.000059     0.0086        132     0.5458     3.0400  0.000e+00
     -0.027    16.8238   0.000059     0.0086        133     0.5500     3.0396  0.000e+00
     -0.025    16.8234   0.000059     0.0086        134     0.5542     3.0391  0.000e+00
     -0.025    16.8232   0.000054     0.0086        135     0.5583     3.0402  0.000e+00
     -0.022    16.8230   0.000051     0.0086        136     0.5625     3.0404  0.000e+00
     -0.024    16.8228   0.000059     0.0086        137     0.5667     3.0386  0.000e+00
     -0.027    16.8227   0.000059     0.0086        138     0.5708     3.0398  0.000e+00
     -0.027    16.8226   0.000059     0.0086        139     0.5750     3.0397  0.000e+00
     -0.024    16.8223   0.000059     0.0086        140     0.5792     3.0396  0.000e+00
     -0.027    16.8221   0.000059     0.0086        141     0.5833     3.0401  0.000e+00
     -0.031    16.8214   0.000059     0.0086        142     0.5875     3.0397  0.000e+00
     -0.027    16.8208   0.000059     0.0086        143     0.5917     3.0397  0.000e+00
     -0.023    16.8205   0.000059     0.0086        144     0.5958     3.0398  0.000e+00
     -0.022    16.8200   0.000059     0.0086        145     0.6000     3.0397  0.000e+00
     -0.025    16.8199   0.000057     0.0086        146     0.6042     3.0394  0.000e+00
     -0.025    16.8191   0.000057     0.0086        147     0.6083     3.0401  0.000e+00
     -0.023    16.8187   0.000059     0.0086        148     0.6125     3.0399  0.000e+00
     -0.023    16.8182   0.000059     0.0086        149     0.6167     3.0389  0.000e+00
     -0.023    16.8181   0.000059     0.0086        150     0.6208     3.0395  0.000e+00
     -0.023    16.8177   0.000059     0.0086        151     0.6250     3.0397  0.000e+00
     -0.022    16.8176   0.000057     0.0086        152     0.6292     3.0401  0.000e+00
     -0.029    16.8173   0.000059     0.0086        153     0.6333     3.0388  0.000e+00
     -0.036    16.8170   0.000059     0.0086        154     0.6375     3.0398  0.000e+00
     -0.032    16.8168   0.000059     0.0086        155     0.6417     3.0405  0.000e+00
     -0.022    16.8164   0.000057     0.0086        156     0.6458     3.0397  0.000e+00
     -0.020    16.8156   0.000057     0.0086        157     0.6500     3.0397  0.000e+00
     -0.024    16.8134   0.000065     0.0086        158     0.6542     3.0397  0.000e+00
     -0.032    16.8114   0.000059     0.0086        159     0.6583     3.0387  0.000e+00
     -0.032    16.8104   0.000059     0.0086        160     0.6625     3.0398  0.000e+00
     -0.027    16.8100   0.000057     0.0086        161     0.6667     3.0397  0.000e+00
     -0.025    16.8095   0.000057     0.0086        162     0.6708     3.0394  0.000e+00
     -0.025    16.8088   0.000054     0.0086        163     0.6750     3.0390  0.000e+00
     -0.027    16.8087   0.000057     0.0086        164     0.6792     3.0391  0.000e+00
     -0.027    16.8083   0.000057     0.0086        165     0.6833     3.0401  0.000e+00
     -0.027    16.8077   0.000059     0.0086        166     0.6875     3.0388  0.000e+00
     -0.027    16.8073   0.000059     0.0086        167     0.6917     3.0386  0.000e+00
     -0.025    16.8071   0.000059     0.0086        168     0.6958     3.0392  0.000e+00
     -0.027    16.8071   0.000059     0.0086        169     0.7000     3.0385  0.000e+00
     -0.027    16.8071   0.000059     0.0086        170     0.7042     3.0396  0.000e+00
     -0.029    16.8068   0.000054     0.0086        171     0.7083     3.0389  0.000e+00
     -0.027    16.8060   0.000059     0.0086        172     0.7125     3.0390  0.000e+00
     -0.025    16.8058   0.000065     0.0086        173     0.7167     3.0394  0.000e+00
     -0.025    16.8055   0.000059     0.0086        174     0.7208     3.0394  0.000e+00
     -0.027    16.8053   0.000057     0.0086        175     0.7250     3.0393  0.000e+00
     -0.029    16.8052   0.000059     0.0086        176     0.7292     3.0392  0.000e+00
     -0.025    16.8051   0.000065     0.0086        177     0.7333     3.0396  0.000e+00
     -0.029    16.8050   0.000054     0.0086        178     0.7375     3.0401  0.000e+00
     -0.025    16.8049   0.000059     0.0086        179     0.7417     3.0393  0.000e+00
     -0.027    16.8047   0.000065     0.0086        180     0.7458     3.0391  0.000e+00
     -0.029    16.8045   0.000059     0.0086        181     0.7500     3.0386  0.000e+00
     -0.029    16.8043   0.000059     0.0086        182     0.7542     3.0396  0.000e+00
     -0.024    16.8039   0.000059     0.0086        183     0.7583     3.0392  0.000e+00
     -0.025    16.8025   0.000057     0.0086        184     0.7625     3.0397  0.000e+00
     -0.033    16.7987   0.000059     0.0086        185     0.7667     3.0390  0.000e+00
     -0.029    16.7963   0.000065     0.0086        186     0.7708     3.0395  0.000e+00
     -0.029    16.7956   0.000057     0.0086        187     0.7750     3.0401  0.000e+00
     -0.029    16.7952   0.000059     0.0086        188     0.7792     3.0398  0.000e+00
     -0.029    16.7947   0.000057     0.0086        189     0.7833     3.0397  0.000e+00
