PC2305/sbe097.cnv
* Sea-Bird SBE 19plus V2 Data File:
* FileName = C:\cruise\data\sbe097.hex
* Software Version Seasave V 7.26.7.121
* Temperature SN = 7142
* Conductivity SN = 7142
* System UpLoad Time = Nov 05 2023 11:49:52
** Cruise: PC2205
** Program: ECOMON
# nquan = 8
# nvalues = 1366                                  
# units = specified
# name 0 = depSM: Depth [salt water, m], lat = 40.00
# name 1 = tv290C: Temperature [ITS-90, deg C]
# name 2 = c0S/m: Conductivity [S/m]
# name 3 = sal00: Salinity, Practical [PSU]
# name 4 = scan: Scan Count
# name 5 = timeM: Time, Elapsed [minutes]
# name 6 = sbeox0V: Oxygen raw, SBE 43 [V]
# name 7 = flag:  0.000e+00
# span 0 =     -0.044,     53.664                 
# span 1 =    13.9378,    14.0700                 
# span 2 =   0.000085,   3.890182                 
# span 3 =     0.0073,    32.1534                 
# span 4 =         11,       1376                 
# span 5 =     0.0417,     5.7292                 
# span 6 =     2.3364,     2.8036                 
# span 7 = 0.0000e+00, 0.0000e+00                 
# interval = seconds: 0.25
# start_time = Nov 05 2023 11:49:52 [System UTC, header]
# bad_flag = -9.990e-29
*END*
     -0.039    14.0586   0.000090     0.0073         11     0.0417     2.7951  0.000e+00
     -0.040    14.0595   0.000087     0.0073         12     0.0458     2.7955  0.000e+00
     -0.039    14.0598   0.000096     0.0073         13     0.0500     2.7974  0.000e+00
     -0.037    14.0604   0.000090     0.0073         14     0.0542     2.7961  0.000e+00
     -0.037    14.0606   0.000087     0.0073         15     0.0583     2.7974  0.000e+00
     -0.039    14.0613   0.000090     0.0073         16     0.0625     2.7967  0.000e+00
     -0.040    14.0617   0.000087     0.0073         17     0.0667     2.7968  0.000e+00
     -0.037    14.0620   0.000090     0.0073         18     0.0708     2.7968  0.000e+00
     -0.039    14.0625   0.000090     0.0073         19     0.0750     2.7977  0.000e+00
     -0.039    14.0627   0.000087     0.0073         20     0.0792     2.7972  0.000e+00
     -0.039    14.0629   0.000090     0.0073         21     0.0833     2.7966  0.000e+00
     -0.035    14.0631   0.000090     0.0073         22     0.0875     2.7971  0.000e+00
     -0.035    14.0634   0.000093     0.0073         23     0.0917     2.7958  0.000e+00
     -0.033    14.0637   0.000090     0.0073         24     0.0958     2.7961  0.000e+00
     -0.035    14.0642   0.000093     0.0073         25     0.1000     2.7964  0.000e+00
     -0.035    14.0643   0.000096     0.0073         26     0.1042     2.7971  0.000e+00
     -0.035    14.0646   0.000090     0.0073         27     0.1083     2.7980  0.000e+00
     -0.033    14.0649   0.000093     0.0073         28     0.1125     2.7961  0.000e+00
     -0.033    14.0651   0.000085     0.0073         29     0.1167     2.7964  0.000e+00
     -0.035    14.0652   0.000093     0.0073         30     0.1208     2.7968  0.000e+00
     -0.035    14.0655   0.000090     0.0073         31     0.1250     2.7977  0.000e+00
     -0.035    14.0658   0.000085     0.0073         32     0.1292     2.7969  0.000e+00
     -0.033    14.0659   0.000093     0.0073         33     0.1333     2.7971  0.000e+00
     -0.033    14.0663   0.000090     0.0073         34     0.1375     2.7966  0.000e+00
     -0.040    14.0663   0.000093     0.0073         35     0.1417     2.7973  0.000e+00
     -0.037    14.0667   0.000096     0.0073         36     0.1458     2.7964  0.000e+00
     -0.033    14.0667   0.000096     0.0073         37     0.1500     2.7972  0.000e+00
     -0.037    14.0669   0.000093     0.0073         38     0.1542     2.7973  0.000e+00
     -0.037    14.0670   0.000090     0.0073         39     0.1583     2.7971  0.000e+00
     -0.037    14.0669   0.000093     0.0073         40     0.1625     2.7980  0.000e+00
     -0.039    14.0674   0.000096     0.0073         41     0.1667     2.7974  0.000e+00
     -0.033    14.0675   0.000096     0.0073         42     0.1708     2.7976  0.000e+00
     -0.037    14.0675   0.000087     0.0073         43     0.1750     2.7966  0.000e+00
     -0.037    14.0678   0.000090     0.0073         44     0.1792     2.7981  0.000e+00
     -0.037    14.0679   0.000085     0.0073         45     0.1833     2.7973  0.000e+00
     -0.035    14.0683   0.000093     0.0073         46     0.1875     2.7973  0.000e+00
     -0.035    14.0684   0.000090     0.0073         47     0.1917     2.7964  0.000e+00
     -0.037    14.0688   0.000093     0.0073         48     0.1958     2.7983  0.000e+00
     -0.037    14.0690   0.000090     0.0073         49     0.2000     2.7974  0.000e+00
     -0.031    14.0693   0.000090     0.0073         50     0.2042     2.7980  0.000e+00
     -0.031    14.0696   0.000087     0.0073         51     0.2083     2.7976  0.000e+00
     -0.033    14.0696   0.000090     0.0073         52     0.2125     2.7980  0.000e+00
     -0.028    14.0700   0.000093     0.0073         53     0.2167     2.7980  0.000e+00
     -0.031    14.0699   0.000096     0.0073         54     0.2208     2.7975  0.000e+00
     -0.030    14.0699   0.000085     0.0073         55     0.2250     2.7976  0.000e+00
     -0.031    14.0696   0.000099     0.0073         56     0.2292     2.7971  0.000e+00
     -0.033    14.0695   0.000090     0.0073         57     0.2333     2.7973  0.000e+00
     -0.031    14.0692   0.000093     0.0073         58     0.2375     2.7974  0.000e+00
     -0.030    14.0690   0.000090     0.0073         59     0.2417     2.7971  0.000e+00
     -0.037    14.0690   0.000090     0.0073         60     0.2458     2.7971  0.000e+00
     -0.031    14.0689   0.000093     0.0073         61     0.2500     2.7971  0.000e+00
     -0.033    14.0688   0.000090     0.0073         62     0.2542     2.7975  0.000e+00
     -0.035    14.0688   0.000093     0.0073         63     0.2583     2.7983  0.000e+00
     -0.031    14.0692   0.000090     0.0073         64     0.2625     2.7971  0.000e+00
     -0.037    14.0694   0.000090     0.0073         65     0.2667     2.7976  0.000e+00
     -0.037    14.0696   0.000087     0.0073         66     0.2708     2.7977  0.000e+00
     -0.033    14.0698   0.000090     0.0073         67     0.2750     2.7978  0.000e+00
     -0.035    14.0699   0.000096     0.0073         68     0.2792     2.7973  0.000e+00
     -0.037    14.0697   0.000093     0.0073         69     0.2833     2.7977  0.000e+00
     -0.037    14.0687   0.000090     0.0073         70     0.2875     2.7981  0.000e+00
     -0.037    14.0676   0.000087     0.0073         71     0.2917     2.7964  0.000e+00
     -0.035    14.0667   0.000090     0.0073         72     0.2958     2.7984  0.000e+00
     -0.030    14.0665   0.000090     0.0073         73     0.3000     2.7969  0.000e+00
     -0.026    14.0663   0.000087     0.0073         74     0.3042     2.7986  0.000e+00
     -0.030    14.0661   0.000090     0.0073         75     0.3083     2.7981  0.000e+00
     -0.030    14.0665   0.000093     0.0073         76     0.3125     2.7991  0.000e+00
     -0.031    14.0669   0.000090     0.0073         77     0.3167     2.7970  0.000e+00
     -0.035    14.0672   0.000096     0.0073         78     0.3208     2.7899  0.000e+00
     -0.031    14.0671   0.000093     0.0073         79     0.3250     2.7770  0.000e+00
     -0.030    14.0660   0.000090     0.0073         80     0.3292     2.7628  0.000e+00
     -0.031    14.0655   0.872837     6.2955         81     0.3333     2.7468  0.000e+00
     -0.031    14.0654   3.774058    31.0644         82     0.3375     2.7279  0.000e+00
     -0.006    14.0649   3.833235    31.6073         83     0.3417     2.7087  0.000e+00
      0.040    14.0563   3.859871    31.8590         84     0.3458     2.6904  0.000e+00
      0.044    14.0415   3.867441    31.9408         85     0.3500     2.6716  0.000e+00
      0.028    14.0306   3.881497    32.0792         86     0.3542     2.6529  0.000e+00
      0.019    14.0235   3.855303    31.8441         87     0.3583     2.6320  0.000e+00
      0.039    14.0191   3.841110    31.7172         88     0.3625     2.6104  0.000e+00
      0.075    14.0172   3.883374    32.1077         89     0.3667     2.5898  0.000e+00
      0.105    14.0202   3.885844    32.1278         90     0.3708     2.5723  0.000e+00
      0.168    14.0245   3.886670    32.1319         91     0.3750     2.5589  0.000e+00
      0.279    14.0261   3.885857    32.1230         92     0.3792     2.5476  0.000e+00
      0.430    14.0238   3.885643    32.1229         93     0.3833     2.5420  0.000e+00
      0.596    14.0197   3.885435    32.1244         94     0.3875     2.5398  0.000e+00
      0.743    14.0149   3.885429    32.1282         95     0.3917     2.5428  0.000e+00
      0.863    14.0102   3.885391    32.1317         96     0.3958     2.5489  0.000e+00
      0.966    14.0072   3.885334    32.1337         97     0.4000     2.5510  0.000e+00
      1.052    14.0060   3.885391    32.1352         98     0.4042     2.5499  0.000e+00
      1.122    14.0055   3.885485    32.1365         99     0.4083     2.5439  0.000e+00
      1.185    14.0063   3.885378    32.1348        100     0.4125     2.5366  0.000e+00
      1.232    14.0068   3.885252    32.1332        101     0.4167     2.5266  0.000e+00
      1.253    14.0063   3.885051    32.1317        102     0.4208     2.5148  0.000e+00
      1.262    14.0058   3.886286    32.1435        103     0.4250     2.5035  0.000e+00
      1.192    14.0058   3.886488    32.1454        104     0.4292     2.4920  0.000e+00
      1.072    14.0071   3.884364    32.1248        105     0.4333     2.4808  0.000e+00
      0.923    14.0080   3.883015    32.1117        106     0.4375     2.4689  0.000e+00
      0.777    14.0084   3.881976    32.1018        107     0.4417     2.4563  0.000e+00
      0.675    14.0079   3.881522    32.0981        108     0.4458     2.4485  0.000e+00
      0.598    14.0071   3.881680    32.1002        109     0.4500     2.4511  0.000e+00
      0.560    14.0069   3.882114    32.1045        110     0.4542     2.4602  0.000e+00
      0.565    14.0067   3.883595    32.1183        111     0.4583     2.4730  0.000e+00
      0.590    14.0065   3.883494    32.1175        112     0.4625     2.4872  0.000e+00
      0.615    14.0092   3.883431    32.1146        113     0.4667     2.5003  0.000e+00
      0.639    14.0123   3.883998    32.1173        114     0.4708     2.5053  0.000e+00
      0.666    14.0144   3.884641    32.1214        115     0.4750     2.5092  0.000e+00
      0.720    14.0160   3.883954    32.1137        116     0.4792     2.5101  0.000e+00
      0.799    14.0168   3.883778    32.1114        117     0.4833     2.5138  0.000e+00
      0.892    14.0169   3.883160    32.1056        118     0.4875     2.5217  0.000e+00
      0.982    14.0146   3.883160    32.1074        119     0.4917     2.5292  0.000e+00
      1.090    14.0110   3.883211    32.1109        120     0.4958     2.5317  0.000e+00
      1.216    14.0076   3.883274    32.1143        121     0.5000     2.5293  0.000e+00
      1.338    14.0058   3.883387    32.1167        122     0.5042     2.5222  0.000e+00
      1.451    14.0047   3.883425    32.1180        123     0.5083     2.5129  0.000e+00
      1.564    14.0042   3.883387    32.1180        124     0.5125     2.5045  0.000e+00
      1.677    14.0037   3.883343    32.1180        125     0.5167     2.5007  0.000e+00
      1.789    14.0034   3.883211    32.1170        126     0.5208     2.4960  0.000e+00
      1.873    14.0035   3.883022    32.1151        127     0.5250     2.4963  0.000e+00
      1.916    14.0046   3.882972    32.1137        128     0.5292     2.5010  0.000e+00
      1.890    14.0057   3.883362    32.1164        129     0.5333     2.5061  0.000e+00
      1.810    14.0063   3.883639    32.1185        130     0.5375     2.5097  0.000e+00
      1.717    14.0070   3.883759    32.1191        131     0.5417     2.5101  0.000e+00
      1.643    14.0074   3.883709    32.1183        132     0.5458     2.5080  0.000e+00
      1.582    14.0082   3.883413    32.1150        133     0.5500     2.5057  0.000e+00
      1.534    14.0086   3.883211    32.1127        134     0.5542     2.5026  0.000e+00
      1.494    14.0093   3.883160    32.1117        135     0.5583     2.4988  0.000e+00
      1.473    14.0097   3.883545    32.1149        136     0.5625     2.4928  0.000e+00
      1.456    14.0099   3.883828    32.1173        137     0.5667     2.4835  0.000e+00
      1.447    14.0104   3.883658    32.1154        138     0.5708     2.4730  0.000e+00
      1.431    14.0114   3.883595    32.1140        139     0.5750     2.4598  0.000e+00
      1.412    14.0120   3.883545    32.1130        140     0.5792     2.4479  0.000e+00
      1.388    14.0120   3.883501    32.1127        141     0.5833     2.4356  0.000e+00
      1.370    14.0116   3.883305    32.1112        142     0.5875     2.4231  0.000e+00
      1.359    14.0117   3.883135    32.1095        143     0.5917     2.4089  0.000e+00
      1.347    14.0114   3.882953    32.1081        144     0.5958     2.3969  0.000e+00
      1.338    14.0103   3.882612    32.1059        145     0.6000     2.3844  0.000e+00
      1.325    14.0091   3.882411    32.1051        146     0.6042     2.3743  0.000e+00
      1.313    14.0074   3.882360    32.1060        147     0.6083     2.3706  0.000e+00
      1.313    14.0058   3.882304    32.1068        148     0.6125     2.3736  0.000e+00
      1.313    14.0048   3.882247    32.1071        149     0.6167     2.3819  0.000e+00
      1.318    14.0038   3.882203    32.1076        150     0.6208     2.3935  0.000e+00
      1.324    14.0035   3.882228    32.1081        151     0.6250     2.4054  0.000e+00
      1.338    14.0034   3.882228    32.1081        152     0.6292     2.4173  0.000e+00
      1.352    14.0034   3.882247    32.1083        153     0.6333     2.4260  0.000e+00
      1.349    14.0034   3.882304    32.1088        154     0.6375     2.4340  0.000e+00
      1.327    14.0032   3.882203    32.1080        155     0.6417     2.4374  0.000e+00
      1.275    14.0035   3.879967    32.0872        156     0.6458     2.4376  0.000e+00
      1.176    14.0044   3.879066    32.0782        157     0.6500     2.4363  0.000e+00
      1.061    14.0058   3.877769    32.0652        158     0.6542     2.4299  0.000e+00
      0.926    14.0071   3.878228    32.0683        159     0.6583     2.4257  0.000e+00
      0.802    14.0079   3.884616    32.1266        160     0.6625     2.4285  0.000e+00
      0.748    14.0085   3.884660    32.1265        161     0.6667     2.4440  0.000e+00
      0.765    14.0088   3.877939    32.0644        162     0.6708     2.4657  0.000e+00
      0.828    14.0089   3.878953    32.0735        163     0.6750     2.4880  0.000e+00
      0.867    14.0098   3.881907    32.1000        164     0.6792     2.5079  0.000e+00
      0.914    14.0108   3.880011    32.0816        165     0.6833     2.5210  0.000e+00
      0.970    14.0115   3.881888    32.0983        166     0.6875     2.5270  0.000e+00
      1.016    14.0119   3.885120    32.1278        167     0.6917     2.5279  0.000e+00
      1.045    14.0119   3.881680    32.0961        168     0.6958     2.5263  0.000e+00
      1.045    14.0120   3.884389    32.1209        169     0.7000     2.5210  0.000e+00
      1.004    14.0122   3.884093    32.1181        170     0.7042     2.5135  0.000e+00
      0.941    14.0123   3.883362    32.1112        171     0.7083     2.5064  0.000e+00
      0.890    14.0126   3.883230    32.1099        172     0.7125     2.4960  0.000e+00
      0.858    14.0121   3.882757    32.1059        173     0.7167     2.4864  0.000e+00
      0.838    14.0114   3.882001    32.0995        174     0.7208     2.4785  0.000e+00
      0.849    14.0112   3.881951    32.0992        175     0.7250     2.4789  0.000e+00
      0.880    14.0111   3.884761    32.1252        176     0.7292     2.4882  0.000e+00
      0.914    14.0116   3.884824    32.1253        177     0.7333     2.5006  0.000e+00
      0.944    14.0125   3.884798    32.1244        178     0.7375     2.5109  0.000e+00
      0.978    14.0131   3.884880    32.1246        179     0.7417     2.5179  0.000e+00
      1.007    14.0135   3.884956    32.1249        180     0.7458     2.5219  0.000e+00
      1.032    14.0138   3.885000    32.1251        181     0.7500     2.5219  0.000e+00
      1.058    14.0141   3.885025    32.1250        182     0.7542     2.5190  0.000e+00
      1.059    14.0146   3.885095    32.1252        183     0.7583     2.5133  0.000e+00
      1.029    14.0146   3.885164    32.1259        184     0.7625     2.5067  0.000e+00
      0.998    14.0147   3.885164    32.1258        185     0.7667     2.4970  0.000e+00
      1.005    14.0149   3.884458    32.1192        186     0.7708     2.4884  0.000e+00
      1.054    14.0148   3.885473    32.1286        187     0.7750     2.4768  0.000e+00
      1.124    14.0152   3.885391    32.1274        188     0.7792     2.4641  0.000e+00
      1.217    14.0150   3.884276    32.1173        189     0.7833     2.4519  0.000e+00
