PC2305/sbe089.cnv
* Sea-Bird SBE 19plus V2 Data File:
* FileName = C:\cruise\data\sbe089.hex
* Software Version Seasave V 7.26.7.121
* Temperature SN = 7142
* Conductivity SN = 7142
* System UpLoad Time = Nov 04 2023 20:33:37
** Cruise: PC2205
** Program: ECOMON
# nquan = 8
# nvalues = 4514                                  
# units = specified
# name 0 = depSM: Depth [salt water, m], lat = 40.00
# name 1 = tv290C: Temperature [ITS-90, deg C]
# name 2 = c0S/m: Conductivity [S/m]
# name 3 = sal00: Salinity, Practical [PSU]
# name 4 = scan: Scan Count
# name 5 = timeM: Time, Elapsed [minutes]
# name 6 = sbeox0V: Oxygen raw, SBE 43 [V]
# name 7 = flag:  0.000e+00
# span 0 =      0.017,    200.668                 
# span 1 =     8.2036,    17.5952                 
# span 2 =   0.000071,   4.028612                 
# span 3 =     0.0088,    35.2087                 
# span 4 =         11,       4524                 
# span 5 =     0.0417,    18.8458                 
# span 6 =     2.0021,     2.8958                 
# span 7 = 0.0000e+00, 0.0000e+00                 
# interval = seconds: 0.25
# start_time = Nov 04 2023 20:33:37 [System UTC, header]
# bad_flag = -9.990e-29
*END*
[from data line 540]
     66.433     9.1585   3.548079    33.0797        551     2.2917     2.2007  0.000e+00
     66.597     9.1617   3.548741    33.0836        552     2.2958     2.1989  0.000e+00
     66.759     9.1648   3.549258    33.0859        553     2.3000     2.1994  0.000e+00
     66.931     9.1678   3.550157    33.0924        554     2.3042     2.1974  0.000e+00
     67.115     9.1705   3.550844    33.0969        555     2.3083     2.1963  0.000e+00
     67.311     9.1740   3.551676    33.1022        556     2.3125     2.1944  0.000e+00
     67.517     9.1774   3.552236    33.1048        557     2.3167     2.1935  0.000e+00
     67.728     9.1809   3.551999    33.0989        558     2.3208     2.1913  0.000e+00
     67.943     9.1832   3.552169    33.0985        559     2.3250     2.1908  0.000e+00
     68.157     9.1854   3.552728    33.1022        560     2.3292     2.1899  0.000e+00
     68.375     9.1875   3.553889    33.1121        561     2.3333     2.1867  0.000e+00
     68.596     9.1898   3.554765    33.1189        562     2.3375     2.1865  0.000e+00
     68.808     9.1921   3.555282    33.1221        563     2.3417     2.1843  0.000e+00
     69.007     9.1930   3.555628    33.1248        564     2.3458     2.1831  0.000e+00
     69.200     9.1910   3.555993    33.1303        565     2.3500     2.1826  0.000e+00
     69.381     9.1873   3.555951    33.1332        566     2.3542     2.1808  0.000e+00
     69.558     9.1818   3.555799    33.1367        567     2.3583     2.1798  0.000e+00
     69.728     9.1750   3.555355    33.1383        568     2.3625     2.1789  0.000e+00
     69.888     9.1655   3.554747    33.1408        569     2.3667     2.1786  0.000e+00
     70.048     9.1541   3.554662    33.1505        570     2.3708     2.1762  0.000e+00
     70.208     9.1458   3.554103    33.1522        571     2.3750     2.1755  0.000e+00
     70.370     9.1385   3.553264    33.1503        572     2.3792     2.1732  0.000e+00
     70.521     9.1296   3.552942    33.1551        573     2.3833     2.1715  0.000e+00
     70.677     9.1213   3.552626    33.1596        574     2.3875     2.1689  0.000e+00
     70.839     9.1143   3.552475    33.1644        575     2.3917     2.1693  0.000e+00
     71.005     9.1096   3.551982    33.1636        576     2.3958     2.1687  0.000e+00
     71.161     9.1044   3.551831    33.1668        577     2.4000     2.1678  0.000e+00
     71.317     9.0998   3.551764    33.1703        578     2.4042     2.1676  0.000e+00
     71.481     9.0969   3.551612    33.1713        579     2.4083     2.1666  0.000e+00
     71.650     9.0944   3.551296    33.1703        580     2.4125     2.1658  0.000e+00
     71.826     9.0915   3.550524    33.1649        581     2.4167     2.1658  0.000e+00
     71.999     9.0866   3.550135    33.1653        582     2.4208     2.1645  0.000e+00
     72.177     9.0812   3.549941    33.1683        583     2.4250     2.1641  0.000e+00
     72.367     9.0762   3.549066    33.1638        584     2.4292     2.1649  0.000e+00
     72.556     9.0701   3.548848    33.1671        585     2.4333     2.1637  0.000e+00
     72.755     9.0647   3.548635    33.1699        586     2.4375     2.1647  0.000e+00
     72.953     9.0607   3.548550    33.1726        587     2.4417     2.1650  0.000e+00
     73.153     9.0576   3.547268    33.1621        588     2.4458     2.1649  0.000e+00
     73.352     9.0521   3.547287    33.1673        589     2.4500     2.1652  0.000e+00
     73.554     9.0465   3.546667    33.1660        590     2.4542     2.1654  0.000e+00
     73.750     9.0402   3.544979    33.1542        591     2.4583     2.1647  0.000e+00
     73.944     9.0307   3.544675    33.1598        592     2.4625     2.1655  0.000e+00
     74.127     9.0211   3.542963    33.1509        593     2.4667     2.1636  0.000e+00
     74.307     9.0090   3.540595    33.1374        594     2.4708     2.1641  0.000e+00
     74.470     8.9917   3.538156    33.1281        595     2.4750     2.1643  0.000e+00
     74.618     8.9705   3.535626    33.1214        596     2.4792     2.1638  0.000e+00
     74.751     8.9458   3.533400    33.1212        597     2.4833     2.1622  0.000e+00
     74.880     8.9212   3.531635    33.1257        598     2.4875     2.1640  0.000e+00
     75.006     8.8980   3.530865    33.1393        599     2.4917     2.1648  0.000e+00
     75.130     8.8791   3.530035    33.1482        600     2.4958     2.1637  0.000e+00
     75.254     8.8655   3.529611    33.1563        601     2.5000     2.1637  0.000e+00
     75.382     8.8551   3.528314    33.1525        602     2.5042     2.1645  0.000e+00
     75.517     8.8455   3.528077    33.1589        603     2.5083     2.1657  0.000e+00
     75.657     8.8371   3.527774    33.1636        604     2.5125     2.1652  0.000e+00
     75.804     8.8308   3.526483    33.1559        605     2.5167     2.1657  0.000e+00
     75.957     8.8231   3.526102    33.1590        606     2.5208     2.1657  0.000e+00
     76.108     8.8164   3.525041    33.1541        607     2.5250     2.1676  0.000e+00
     76.266     8.8084   3.523757    33.1481        608     2.5292     2.1685  0.000e+00
     76.435     8.7980   3.523230    33.1522        609     2.5333     2.1703  0.000e+00
     76.610     8.7889   3.521364    33.1412        610     2.5375     2.1709  0.000e+00
     76.780     8.7770   3.519899    33.1369        611     2.5417     2.1715  0.000e+00
     76.960     8.7624   3.520281    33.1544        612     2.5458     2.1718  0.000e+00
     77.145     8.7532   3.519076    33.1503        613     2.5500     2.1709  0.000e+00
     77.332     8.7455   3.517610    33.1421        614     2.5542     2.1711  0.000e+00
     77.519     8.7337   3.516085    33.1371        615     2.5583     2.1708  0.000e+00
     77.697     8.7206   3.514760    33.1354        616     2.5625     2.1719  0.000e+00
     77.870     8.7068   3.514645    33.1470        617     2.5667     2.1708  0.000e+00
     78.039     8.6961   3.513628    33.1463        618     2.5708     2.1719  0.000e+00
     78.213     8.6858   3.512485    33.1439        619     2.5750     2.1718  0.000e+00
     78.382     8.6744   3.512158    33.1510        620     2.5792     2.1741  0.000e+00
     78.555     8.6646   3.511741    33.1558        621     2.5833     2.1748  0.000e+00
     78.724     8.6578   3.510773    33.1520        622     2.5875     2.1769  0.000e+00
     78.894     8.6488   3.509714    33.1491        623     2.5917     2.1784  0.000e+00
     79.076     8.6393   3.509315    33.1538        624     2.5958     2.1786  0.000e+00
     79.256     8.6307   3.507834    33.1462        625     2.6000     2.1783  0.000e+00
     79.434     8.6201   3.506902    33.1463        626     2.6042     2.1795  0.000e+00
     79.619     8.6094   3.505034    33.1366        627     2.6083     2.1783  0.000e+00
     79.809     8.5960   3.503801    33.1361        628     2.6125     2.1786  0.000e+00
     80.005     8.5812   3.503040    33.1420        629     2.6167     2.1789  0.000e+00
     80.201     8.5689   3.502441    33.1471        630     2.6208     2.1796  0.000e+00
     80.394     8.5594   3.500127    33.1316        631     2.6250     2.1802  0.000e+00
     80.593     8.5462   3.499221    33.1343        632     2.6292     2.1808  0.000e+00
     80.782     8.5316   3.499330    33.1491        633     2.6333     2.1815  0.000e+00
     80.972     8.5232   3.496092    33.1228        634     2.6375     2.1816  0.000e+00
     81.147     8.5086   3.493012    33.1040        635     2.6417     2.1822  0.000e+00
     81.309     8.4864   3.491479    33.1086        636     2.6458     2.1824  0.000e+00
     81.463     8.4641   3.490091    33.1149        637     2.6500     2.1830  0.000e+00
     81.602     8.4448   3.489590    33.1277        638     2.6542     2.1837  0.000e+00
     81.731     8.4308   3.488873    33.1332        639     2.6583     2.1860  0.000e+00
     81.850     8.4202   3.488191    33.1359        640     2.6625     2.1861  0.000e+00
     81.968     8.4112   3.487449    33.1364        641     2.6667     2.1871  0.000e+00
     82.085     8.4033   3.487340    33.1427        642     2.6708     2.1875  0.000e+00
     82.213     8.3975   3.487310    33.1477        643     2.6750     2.1869  0.000e+00
     82.337     8.3941   3.486984    33.1474        644     2.6792     2.1891  0.000e+00
     82.459     8.3913   3.486840    33.1485        645     2.6833     2.1887  0.000e+00
     82.596     8.3888   3.486604    33.1483        646     2.6875     2.1881  0.000e+00
     82.734     8.3865   3.486442    33.1486        647     2.6917     2.1881  0.000e+00
     82.887     8.3845   3.486375    33.1497        648     2.6958     2.1880  0.000e+00
     83.043     8.3830   3.486345    33.1508        649     2.7000     2.1897  0.000e+00
     83.196     8.3820   3.486188    33.1500        650     2.7042     2.1895  0.000e+00
     83.360     8.3809   3.486333    33.1525        651     2.7083     2.1901  0.000e+00
     83.536     8.3804   3.486213    33.1516        652     2.7125     2.1907  0.000e+00
     83.716     8.3799   3.486171    33.1515        653     2.7167     2.1903  0.000e+00
     83.896     8.3793   3.486146    33.1518        654     2.7208     2.1914  0.000e+00
     84.072     8.3787   3.486364    33.1545        655     2.7250     2.1925  0.000e+00
     84.248     8.3788   3.486044    33.1510        656     2.7292     2.1922  0.000e+00
     84.420     8.3783   3.486002    33.1510        657     2.7333     2.1922  0.000e+00
     84.588     8.3772   3.485640    33.1481        658     2.7375     2.1922  0.000e+00
     84.737     8.3755   3.485604    33.1492        659     2.7417     2.1925  0.000e+00
     84.884     8.3730   3.485483    33.1502        660     2.7458     2.1914  0.000e+00
     85.023     8.3710   3.485284    33.1500        661     2.7500     2.1922  0.000e+00
     85.161     8.3686   3.485327    33.1526        662     2.7542     2.1916  0.000e+00
     85.290     8.3670   3.485333    33.1541        663     2.7583     2.1913  0.000e+00
     85.415     8.3657   3.485055    33.1523        664     2.7625     2.1900  0.000e+00
     85.537     8.3640   3.485122    33.1546        665     2.7667     2.1920  0.000e+00
     85.670     8.3624   3.485043    33.1552        666     2.7708     2.1913  0.000e+00
     85.805     8.3610   3.484808    33.1539        667     2.7750     2.1925  0.000e+00
     85.941     8.3589   3.484784    33.1557        668     2.7792     2.1925  0.000e+00
     86.076     8.3568   3.484778    33.1575        669     2.7833     2.1938  0.000e+00
     86.222     8.3555   3.484682    33.1576        670     2.7875     2.1933  0.000e+00
     86.378     8.3547   3.484658    33.1581        671     2.7917     2.1942  0.000e+00
     86.544     8.3535   3.484537    33.1578        672     2.7958     2.1930  0.000e+00
     86.711     8.3518   3.484326    33.1571        673     2.8000     2.1929  0.000e+00
     86.881     8.3487   3.484344    33.1602        674     2.8042     2.1925  0.000e+00
     87.058     8.3452   3.484386    33.1638        675     2.8083     2.1929  0.000e+00
     87.245     8.3415   3.484405    33.1674        676     2.8125     2.1914  0.000e+00
     87.433     8.3386   3.484326    33.1692        677     2.8167     2.1928  0.000e+00
     87.620     8.3360   3.484453    33.1729        678     2.8208     2.1920  0.000e+00
     87.807     8.3339   3.484532    33.1757        679     2.8250     2.1924  0.000e+00
     87.991     8.3313   3.484598    33.1787        680     2.8292     2.1928  0.000e+00
     88.169     8.3288   3.484580    33.1808        681     2.8333     2.1933  0.000e+00
     88.348     8.3255   3.484405    33.1820        682     2.8375     2.1933  0.000e+00
     88.523     8.3205   3.484200    33.1844        683     2.8417     2.1940  0.000e+00
     88.688     8.3147   3.484013    33.1879        684     2.8458     2.1942  0.000e+00
     88.855     8.3094   3.483929    33.1919        685     2.8500     2.1951  0.000e+00
     89.019     8.3042   3.483929    33.1968        686     2.8542     2.1950  0.000e+00
     89.175     8.3005   3.483857    33.1993        687     2.8583     2.1955  0.000e+00
     89.332     8.2973   3.483760    33.2013        688     2.8625     2.1950  0.000e+00
     89.481     8.2935   3.483694    33.2041        689     2.8667     2.1945  0.000e+00
     89.634     8.2900   3.483682    33.2073        690     2.8708     2.1934  0.000e+00
     89.785     8.2873   3.483694    33.2098        691     2.8750     2.1935  0.000e+00
     89.936     8.2855   3.483749    33.2121        692     2.8792     2.1935  0.000e+00
     90.078     8.2840   3.483821    33.2142        693     2.8833     2.1934  0.000e+00
     90.215     8.2825   3.483930    33.2167        694     2.8875     2.1937  0.000e+00
     90.355     8.2810   3.483990    33.2186        695     2.8917     2.1936  0.000e+00
     90.488     8.2797   3.484117    33.2212        696     2.8958     2.1937  0.000e+00
     90.610     8.2787   3.484159    33.2225        697     2.9000     2.1927  0.000e+00
     90.727     8.2777   3.484256    33.2244        698     2.9042     2.1935  0.000e+00
     90.837     8.2767   3.484220    33.2250        699     2.9083     2.1929  0.000e+00
     90.943     8.2756   3.484220    33.2259        700     2.9125     2.1943  0.000e+00
     91.047     8.2743   3.484298    33.2279        701     2.9167     2.1952  0.000e+00
     91.149     8.2733   3.484726    33.2334        702     2.9208     2.1955  0.000e+00
     91.252     8.2729   3.484974    33.2363        703     2.9250     2.1943  0.000e+00
     91.363     8.2731   3.485312    33.2397        704     2.9292     2.1945  0.000e+00
     91.487     8.2734   3.485288    33.2391        705     2.9333     2.1944  0.000e+00
     91.622     8.2727   3.485414    33.2410        706     2.9375     2.1932  0.000e+00
     91.755     8.2707   3.485420    33.2429        707     2.9417     2.1937  0.000e+00
     91.899     8.2690   3.485083    33.2408        708     2.9458     2.1932  0.000e+00
     92.061     8.2682   3.485270    33.2435        709     2.9500     2.1926  0.000e+00
     92.228     8.2672   3.485909    33.2511        710     2.9542     2.1940  0.000e+00
     92.401     8.2644   3.485752    33.2520        711     2.9583     2.1935  0.000e+00
     92.575     8.2619   3.486090    33.2579        712     2.9625     2.1939  0.000e+00
     92.748     8.2598   3.486169    33.2607        713     2.9667     2.1939  0.000e+00
     92.924     8.2582   3.486615    33.2669        714     2.9708     2.1941  0.000e+00
     93.102     8.2565   3.487496    33.2777        715     2.9750     2.1940  0.000e+00
     93.273     8.2511   3.487714    33.2851        716     2.9792     2.1955  0.000e+00
     93.424     8.2454   3.487895    33.2923        717     2.9833     2.1958  0.000e+00
     93.566     8.2410   3.488438    33.3022        718     2.9875     2.1952  0.000e+00
     93.702     8.2358   3.488619    33.3090        719     2.9917     2.1955  0.000e+00
     93.833     8.2301   3.488861    33.3168        720     2.9958     2.1948  0.000e+00
     93.957     8.2252   3.489157    33.3246        721     3.0000     2.1942  0.000e+00
     94.078     8.2215   3.489501    33.3316        722     3.0042     2.1939  0.000e+00
     94.202     8.2189   3.489742    33.3366        723     3.0083     2.1939  0.000e+00
     94.331     8.2176   3.490183    33.3425        724     3.0125     2.1952  0.000e+00
     94.457     8.2169   3.490690    33.3485        725     3.0167     2.1958  0.000e+00
     94.583     8.2168   3.491444    33.3566        726     3.0208     2.1951  0.000e+00
     94.707     8.2171   3.490853    33.3499        727     3.0250     2.1954  0.000e+00
     94.838     8.2168   3.491197    33.3538        728     3.0292     2.1955  0.000e+00
     94.971     8.2165   3.491674    33.3591        729     3.0333     2.1952  0.000e+00
