PC2305/sbe058.cnv
* Sea-Bird SBE 19plus V2 Data File:
* FileName = C:\cruise\data\sbe058.hex
* Software Version Seasave V 7.26.7.121
* Temperature SN = 7142
* Conductivity SN = 7142
* System UpLoad Time = Nov 02 2023 02:50:08
** Cruise: PC2205
** Program: ECOMON
# nquan = 8
# nvalues = 1436                                  
# units = specified
# name 0 = depSM: Depth [salt water, m], lat = 40.00
# name 1 = tv290C: Temperature [ITS-90, deg C]
# name 2 = c0S/m: Conductivity [S/m]
# name 3 = sal00: Salinity, Practical [PSU]
# name 4 = scan: Scan Count
# name 5 = timeM: Time, Elapsed [minutes]
# name 6 = sbeox0V: Oxygen raw, SBE 43 [V]
# name 7 = flag:  0.000e+00
# span 0 =     -0.002,     33.115                 
# span 1 =     9.1820,    17.1909                 
# span 2 =   0.000065,   4.221135                 
# span 3 =     0.0047,    33.3130                 
# span 4 =         11,       1446                 
# span 5 =     0.0417,     6.0208                 
# span 6 =     2.2074,     3.1522                 
# span 7 = 0.0000e+00, 0.0000e+00                 
# interval = seconds: 0.25
# start_time = Nov 02 2023 02:50:08 [System UTC, header]
# bad_flag = -9.990e-29
*END*
[from data line 1079]
     11.457    17.1667   4.217933    32.4993       1090     4.5375     2.7869  0.000e+00
     11.396    17.1656   4.217601    32.4973       1091     4.5417     2.7859  0.000e+00
     11.390    17.1638   4.217529    32.4982       1092     4.5458     2.7852  0.000e+00
     11.439    17.1622   4.217745    32.5013       1093     4.5500     2.7843  0.000e+00
     11.525    17.1617   4.217758    32.5018       1094     4.5542     2.7835  0.000e+00
     11.637    17.1621   4.217627    32.5003       1095     4.5583     2.7833  0.000e+00
     11.762    17.1619   4.217504    32.4994       1096     4.5625     2.7842  0.000e+00
     11.892    17.1611   4.217556    32.5004       1097     4.5667     2.7840  0.000e+00
     12.016    17.1606   4.217699    32.5020       1098     4.5708     2.7846  0.000e+00
     12.118    17.1608   4.217934    32.5038       1099     4.5750     2.7838  0.000e+00
     12.199    17.1622   4.217940    32.5028       1100     4.5792     2.7825  0.000e+00
     12.262    17.1631   4.217934    32.5019       1101     4.5833     2.7824  0.000e+00
     12.296    17.1636   4.217817    32.5004       1102     4.5875     2.7840  0.000e+00
     12.310    17.1635   4.217680    32.4994       1103     4.5917     2.7849  0.000e+00
     12.291    17.1629   4.217699    32.5000       1104     4.5958     2.7856  0.000e+00
     12.246    17.1621   4.217856    32.5021       1105     4.6000     2.7866  0.000e+00
     12.170    17.1623   4.218006    32.5032       1106     4.6042     2.7878  0.000e+00
     12.070    17.1636   4.218058    32.5026       1107     4.6083     2.7888  0.000e+00
     11.954    17.1645   4.218110    32.5024       1108     4.6125     2.7895  0.000e+00
     11.825    17.1652   4.218227    32.5029       1109     4.6167     2.7894  0.000e+00
     11.692    17.1661   4.218162    32.5016       1110     4.6208     2.7901  0.000e+00
     11.568    17.1663   4.217868    32.4990       1111     4.6250     2.7901  0.000e+00
     11.446    17.1654   4.217608    32.4976       1112     4.6292     2.7892  0.000e+00
     11.334    17.1637   4.217627    32.4991       1113     4.6333     2.7899  0.000e+00
     11.243    17.1623   4.217705    32.5009       1114     4.6375     2.7893  0.000e+00
     11.169    17.1622   4.217679    32.5009       1115     4.6417     2.7882  0.000e+00
     11.119    17.1620   4.217627    32.5006       1116     4.6458     2.7881  0.000e+00
     11.090    17.1617   4.217529    32.5000       1117     4.6500     2.7868  0.000e+00
     11.077    17.1612   4.217555    32.5006       1118     4.6542     2.7870  0.000e+00
     11.081    17.1605   4.217503    32.5007       1119     4.6583     2.7845  0.000e+00
     11.099    17.1605   4.217432    32.5001       1120     4.6625     2.7830  0.000e+00
     11.138    17.1600   4.217301    32.4994       1121     4.6667     2.7830  0.000e+00
     11.182    17.1591   4.217230    32.4995       1122     4.6708     2.7814  0.000e+00
     11.241    17.1582   4.217340    32.5011       1123     4.6750     2.7817  0.000e+00
     11.280    17.1578   4.217432    32.5022       1124     4.6792     2.7820  0.000e+00
     11.325    17.1582   4.217556    32.5030       1125     4.6833     2.7828  0.000e+00
     11.347    17.1589   4.217556    32.5024       1126     4.6875     2.7830  0.000e+00
     11.361    17.1596   4.217503    32.5014       1127     4.6917     2.7839  0.000e+00
     11.363    17.1600   4.217556    32.5015       1128     4.6958     2.7852  0.000e+00
     11.341    17.1601   4.217484    32.5008       1129     4.7000     2.7843  0.000e+00
     11.309    17.1597   4.217327    32.4997       1130     4.7042     2.7855  0.000e+00
     11.268    17.1592   4.217275    32.4998       1131     4.7083     2.7849  0.000e+00
     11.219    17.1585   4.217503    32.5023       1132     4.7125     2.7872  0.000e+00
     11.165    17.1584   4.217679    32.5039       1133     4.7167     2.7862  0.000e+00
     11.115    17.1598   4.217673    32.5027       1134     4.7208     2.7871  0.000e+00
     11.063    17.1607   4.217634    32.5017       1135     4.7250     2.7852  0.000e+00
     11.014    17.1610   4.217555    32.5008       1136     4.7292     2.7868  0.000e+00
     10.977    17.1611   4.217581    32.5010       1137     4.7333     2.7876  0.000e+00
     10.944    17.1606   4.217731    32.5027       1138     4.7375     2.7877  0.000e+00
     10.915    17.1612   4.217816    32.5029       1139     4.7417     2.7875  0.000e+00
     10.890    17.1622   4.217855    32.5025       1140     4.7458     2.7868  0.000e+00
     10.867    17.1630   4.217868    32.5019       1141     4.7500     2.7858  0.000e+00
     10.842    17.1639   4.217705    32.4998       1142     4.7542     2.7847  0.000e+00
     10.811    17.1632   4.217796    32.5011       1143     4.7583     2.7849  0.000e+00
     10.777    17.1631   4.217829    32.5015       1144     4.7625     2.7859  0.000e+00
     10.729    17.1637   4.217888    32.5016       1145     4.7667     2.7851  0.000e+00
     10.680    17.1640   4.217907    32.5015       1146     4.7708     2.7837  0.000e+00
     10.621    17.1643   4.217907    32.5013       1147     4.7750     2.7830  0.000e+00
     10.549    17.1647   4.218037    32.5021       1148     4.7792     2.7833  0.000e+00
     10.468    17.1648   4.218031    32.5020       1149     4.7833     2.7840  0.000e+00
     10.380    17.1657   4.218129    32.5022       1150     4.7875     2.7840  0.000e+00
     10.290    17.1663   4.218259    32.5028       1151     4.7917     2.7845  0.000e+00
     10.200    17.1671   4.218181    32.5015       1152     4.7958     2.7845  0.000e+00
     10.125    17.1679   4.218057    32.4999       1153     4.8000     2.7849  0.000e+00
     10.074    17.1675   4.217913    32.4990       1154     4.8042     2.7833  0.000e+00
     10.035    17.1668   4.217855    32.4991       1155     4.8083     2.7813  0.000e+00
     10.028    17.1661   4.217881    32.4999       1156     4.8125     2.7802  0.000e+00
     10.040    17.1653   4.217868    32.5004       1157     4.8167     2.7810  0.000e+00
     10.076    17.1651   4.217855    32.5004       1158     4.8208     2.7804  0.000e+00
     10.121    17.1650   4.217842    32.5004       1159     4.8250     2.7817  0.000e+00
     10.175    17.1647   4.217679    32.4992       1160     4.8292     2.7816  0.000e+00
     10.232    17.1641   4.217575    32.4987       1161     4.8333     2.7820  0.000e+00
     10.283    17.1630   4.217581    32.4997       1162     4.8375     2.7817  0.000e+00
     10.337    17.1622   4.217679    32.5011       1163     4.8417     2.7814  0.000e+00
     10.380    17.1623   4.217601    32.5004       1164     4.8458     2.7824  0.000e+00
     10.423    17.1621   4.217503    32.4997       1165     4.8500     2.7822  0.000e+00
     10.452    17.1616   4.217503    32.5001       1166     4.8542     2.7822  0.000e+00
     10.457    17.1611   4.217653    32.5018       1167     4.8583     2.7818  0.000e+00
     10.443    17.1612   4.217601    32.5012       1168     4.8625     2.7833  0.000e+00
     10.399    17.1617   4.217633    32.5012       1169     4.8667     2.7843  0.000e+00
     10.338    17.1617   4.217483    32.4999       1170     4.8708     2.7853  0.000e+00
     10.250    17.1613   4.217431    32.4997       1171     4.8750     2.7869  0.000e+00
     10.144    17.1604   4.217457    32.5007       1172     4.8792     2.7870  0.000e+00
     10.024    17.1600   4.217627    32.5026       1173     4.8833     2.7892  0.000e+00
      9.896    17.1607   4.217581    32.5016       1174     4.8875     2.7883  0.000e+00
      9.778    17.1612   4.217503    32.5007       1175     4.8917     2.7888  0.000e+00
      9.668    17.1612   4.217529    32.5009       1176     4.8958     2.7885  0.000e+00
      9.571    17.1612   4.217503    32.5007       1177     4.9000     2.7879  0.000e+00
      9.494    17.1612   4.217503    32.5008       1178     4.9042     2.7875  0.000e+00
      9.443    17.1610   4.217555    32.5014       1179     4.9083     2.7868  0.000e+00
      9.416    17.1610   4.217555    32.5014       1180     4.9125     2.7858  0.000e+00
      9.411    17.1612   4.217503    32.5007       1181     4.9167     2.7869  0.000e+00
      9.431    17.1613   4.217503    32.5007       1182     4.9208     2.7868  0.000e+00
      9.468    17.1611   4.217555    32.5013       1183     4.9250     2.7862  0.000e+00
      9.510    17.1613   4.217653    32.5019       1184     4.9292     2.7866  0.000e+00
      9.558    17.1617   4.217757    32.5025       1185     4.9333     2.7868  0.000e+00
      9.603    17.1623   4.217724    32.5017       1186     4.9375     2.7849  0.000e+00
      9.641    17.1630   4.217757    32.5014       1187     4.9417     2.7848  0.000e+00
      9.670    17.1632   4.217757    32.5012       1188     4.9458     2.7835  0.000e+00
      9.675    17.1632   4.217770    32.5013       1189     4.9500     2.7836  0.000e+00
      9.662    17.1639   4.218135    32.5039       1190     4.9542     2.7843  0.000e+00
      9.616    17.1651   4.218369    32.5050       1191     4.9583     2.7851  0.000e+00
      9.553    17.1675   4.217959    32.4996       1192     4.9625     2.7849  0.000e+00
      9.468    17.1679   4.217841    32.4983       1193     4.9667     2.7849  0.000e+00
      9.369    17.1666   4.217959    32.5003       1194     4.9708     2.7874  0.000e+00
      9.271    17.1664   4.218056    32.5014       1195     4.9750     2.7882  0.000e+00
      9.166    17.1666   4.217985    32.5006       1196     4.9792     2.7891  0.000e+00
      9.076    17.1668   4.218030    32.5009       1197     4.9833     2.7900  0.000e+00
      9.008    17.1668   4.217815    32.4991       1198     4.9875     2.7911  0.000e+00
      8.967    17.1663   4.217828    32.4996       1199     4.9917     2.7898  0.000e+00
      8.940    17.1656   4.217743    32.4994       1200     4.9958     2.7894  0.000e+00
      8.952    17.1647   4.217633    32.4992       1201     5.0000     2.7896  0.000e+00
      8.994    17.1640   4.217698    32.5004       1202     5.0042     2.7898  0.000e+00
      9.053    17.1633   4.217731    32.5012       1203     5.0083     2.7871  0.000e+00
      9.112    17.1633   4.217633    32.5003       1204     5.0125     2.7872  0.000e+00
      9.181    17.1632   4.217652    32.5005       1205     5.0167     2.7844  0.000e+00
      9.242    17.1628   4.217705    32.5013       1206     5.0208     2.7842  0.000e+00
      9.287    17.1629   4.217600    32.5003       1207     5.0250     2.7833  0.000e+00
      9.326    17.1626   4.217652    32.5009       1208     5.0292     2.7828  0.000e+00
      9.332    17.1623   4.217815    32.5026       1209     5.0333     2.7811  0.000e+00
      9.321    17.1633   4.218539    32.5080       1210     5.0375     2.7823  0.000e+00
      9.263    17.1665   4.218780    32.5076       1211     5.0417     2.7821  0.000e+00
      9.173    17.1704   4.218610    32.5030       1212     5.0458     2.7836  0.000e+00
      9.046    17.1725   4.218539    32.5007       1213     5.0500     2.7850  0.000e+00
      8.902    17.1724   4.218565    32.5010       1214     5.0542     2.7853  0.000e+00
      8.735    17.1729   4.218558    32.5007       1215     5.0583     2.7850  0.000e+00
      8.562    17.1729   4.218467    32.5000       1216     5.0625     2.7866  0.000e+00
      8.390    17.1728   4.218486    32.5003       1217     5.0667     2.7872  0.000e+00
      8.221    17.1725   4.218590    32.5014       1218     5.0708     2.7865  0.000e+00
      8.081    17.1729   4.218734    32.5025       1219     5.0750     2.7885  0.000e+00
      7.991    17.1739   4.218662    32.5010       1220     5.0792     2.7878  0.000e+00
      7.953    17.1743   4.218584    32.5000       1221     5.0833     2.7872  0.000e+00
      7.971    17.1743   4.218460    32.4990       1222     5.0875     2.7866  0.000e+00
      8.041    17.1735   4.218519    32.5001       1223     5.0917     2.7866  0.000e+00
      8.158    17.1730   4.218486    32.5002       1224     5.0958     2.7864  0.000e+00
      8.295    17.1729   4.218441    32.4998       1225     5.1000     2.7867  0.000e+00
      8.449    17.1728   4.218486    32.5003       1226     5.1042     2.7846  0.000e+00
      8.584    17.1726   4.218538    32.5008       1227     5.1083     2.7859  0.000e+00
      8.697    17.1728   4.218584    32.5010       1228     5.1125     2.7848  0.000e+00
      8.771    17.1729   4.218538    32.5005       1229     5.1167     2.7853  0.000e+00
      8.810    17.1730   4.218363    32.4989       1230     5.1208     2.7845  0.000e+00
      8.814    17.1722   4.218310    32.4991       1231     5.1250     2.7843  0.000e+00
      8.776    17.1714   4.218297    32.4997       1232     5.1292     2.7837  0.000e+00
      8.697    17.1709   4.218362    32.5006       1233     5.1333     2.7840  0.000e+00
      8.589    17.1708   4.218538    32.5023       1234     5.1375     2.7849  0.000e+00
      8.436    17.1717   4.218558    32.5017       1235     5.1417     2.7846  0.000e+00
      8.246    17.1723   4.218590    32.5016       1236     5.1458     2.7843  0.000e+00
      8.014    17.1730   4.218610    32.5013       1237     5.1500     2.7838  0.000e+00
      7.793    17.1736   4.218558    32.5004       1238     5.1542     2.7840  0.000e+00
      7.585    17.1734   4.218590    32.5009       1239     5.1583     2.7856  0.000e+00
      7.416    17.1739   4.218486    32.4998       1240     5.1625     2.7856  0.000e+00
      7.302    17.1734   4.218538    32.5006       1241     5.1667     2.7869  0.000e+00
      7.231    17.1735   4.218636    32.5014       1242     5.1708     2.7865  0.000e+00
      7.225    17.1737   4.218590    32.5009       1243     5.1750     2.7853  0.000e+00
      7.283    17.1739   4.218512    32.5000       1244     5.1792     2.7866  0.000e+00
      7.394    17.1739   4.218440    32.4993       1245     5.1833     2.7881  0.000e+00
      7.529    17.1733   4.218382    32.4993       1246     5.1875     2.7868  0.000e+00
      7.669    17.1727   4.218336    32.4993       1247     5.1917     2.7854  0.000e+00
      7.804    17.1722   4.218349    32.4998       1248     5.1958     2.7858  0.000e+00
      7.930    17.1717   4.218460    32.5011       1249     5.2000     2.7846  0.000e+00
      8.041    17.1719   4.218538    32.5016       1250     5.2042     2.7842  0.000e+00
      8.138    17.1724   4.218584    32.5015       1251     5.2083     2.7835  0.000e+00
      8.203    17.1732   4.218662    32.5015       1252     5.2125     2.7837  0.000e+00
      8.257    17.1735   4.218688    32.5015       1253     5.2167     2.7820  0.000e+00
      8.276    17.1741   4.218682    32.5009       1254     5.2208     2.7817  0.000e+00
      8.251    17.1748   4.218688    32.5004       1255     5.2250     2.7811  0.000e+00
      8.190    17.1745   4.218688    32.5007       1256     5.2292     2.7818  0.000e+00
      8.091    17.1748   4.218590    32.4997       1257     5.2333     2.7812  0.000e+00
      7.955    17.1744   4.218864    32.5024       1258     5.2375     2.7812  0.000e+00
      7.800    17.1750   4.218923    32.5024       1259     5.2417     2.7801  0.000e+00
      7.647    17.1763   4.218910    32.5014       1260     5.2458     2.7798  0.000e+00
      7.505    17.1768   4.218877    32.5008       1261     5.2500     2.7804  0.000e+00
      7.387    17.1770   4.218909    32.5009       1262     5.2542     2.7800  0.000e+00
      7.293    17.1772   4.218922    32.5009       1263     5.2583     2.7793  0.000e+00
      7.223    17.1773   4.218935    32.5009       1264     5.2625     2.7798  0.000e+00
      7.173    17.1777   4.218935    32.5006       1265     5.2667     2.7825  0.000e+00
      7.141    17.1778   4.218877    32.5001       1266     5.2708     2.7836  0.000e+00
      7.124    17.1779   4.218890    32.5001       1267     5.2750     2.7845  0.000e+00
      7.114    17.1776   4.218877    32.5002       1268     5.2792     2.7861  0.000e+00
