PC2305/sbe090.cnv
* Sea-Bird SBE 19plus V2 Data File:
* FileName = C:\cruise\data\sbe090.hex
* Software Version Seasave V 7.26.7.121
* Temperature SN = 7142
* Conductivity SN = 7142
* System UpLoad Time = Nov 04 2023 23:37:04
** Cruise: PC2205
** Program: ECOMON
# nquan = 8
# nvalues = 2576                                  
# units = specified
# name 0 = depSM: Depth [salt water, m], lat = 40.00
# name 1 = tv290C: Temperature [ITS-90, deg C]
# name 2 = c0S/m: Conductivity [S/m]
# name 3 = sal00: Salinity, Practical [PSU]
# name 4 = scan: Scan Count
# name 5 = timeM: Time, Elapsed [minutes]
# name 6 = sbeox0V: Oxygen raw, SBE 43 [V]
# name 7 = flag:  0.000e+00
# span 0 =      0.016,     51.648                 
# span 1 =    10.0823,    16.1364                 
# span 2 =  -0.034311,   4.282450                 
# span 3 =     0.0000,    34.2245                 
# span 4 =         11,       2586                 
# span 5 =     0.0417,    10.7708                 
# span 6 =     2.2992,     2.9347                 
# span 7 = 0.0000e+00, 0.0000e+00                 
# interval = seconds: 0.25
# start_time = Nov 04 2023 23:37:04 [System UTC, header]
# bad_flag = -9.990e-29
*END*
[from data line 1978]
     22.758    15.4815   4.159366    33.3736       1989     8.2833     2.8374  0.000e+00
     22.711    15.4761   4.157805    33.3642       1990     8.2875     2.8386  0.000e+00
     22.650    15.4695   4.157584    33.3678       1991     8.2917     2.8387  0.000e+00
     22.567    15.4645   4.158576    33.3810       1992     8.2958     2.8395  0.000e+00
     22.483    15.4636   4.159580    33.3908       1993     8.3000     2.8412  0.000e+00
     22.371    15.4676   4.160306    33.3940       1994     8.3042     2.8425  0.000e+00
     22.262    15.4736   4.160306    33.3889       1995     8.3083     2.8448  0.000e+00
     22.143    15.4782   4.160383    33.3858       1996     8.3125     2.8481  0.000e+00
     22.023    15.4809   4.160455    33.3841       1997     8.3167     2.8510  0.000e+00
     21.915    15.4826   4.160558    33.3836       1998     8.3208     2.8530  0.000e+00
     21.812    15.4839   4.160681    33.3837       1999     8.3250     2.8528  0.000e+00
     21.739    15.4851   4.159962    33.3763       2000     8.3292     2.8521  0.000e+00
     21.685    15.4846   4.159936    33.3765       2001     8.3333     2.8572  0.000e+00
     21.654    15.4836   4.159910    33.3771       2002     8.3375     2.8581  0.000e+00
     21.643    15.4828   4.159962    33.3783       2003     8.3417     2.8566  0.000e+00
     21.654    15.4826   4.159962    33.3784       2004     8.3458     2.8580  0.000e+00
     21.681    15.4826   4.160059    33.3793       2005     8.3500     2.8538  0.000e+00
     21.715    15.4827   4.159910    33.3778       2006     8.3542     2.8569  0.000e+00
     21.742    15.4827   4.159936    33.3781       2007     8.3583     2.8551  0.000e+00
     21.762    15.4826   4.159988    33.3786       2008     8.3625     2.8524  0.000e+00
     21.773    15.4826   4.160292    33.3813       2009     8.3667     2.8529  0.000e+00
     21.767    15.4832   4.159962    33.3779       2010     8.3708     2.8530  0.000e+00
     21.758    15.4833   4.159936    33.3775       2011     8.3750     2.8533  0.000e+00
     21.730    15.4829   4.160156    33.3798       2012     8.3792     2.8526  0.000e+00
     21.674    15.4830   4.159981    33.3782       2013     8.3833     2.8536  0.000e+00
     21.600    15.4833   4.160014    33.3783       2014     8.3875     2.8527  0.000e+00
     21.510    15.4833   4.160701    33.3845       2015     8.3917     2.8530  0.000e+00
     21.395    15.4848   4.160785    33.3840       2016     8.3958     2.8531  0.000e+00
     21.277    15.4869   4.160927    33.3835       2017     8.4000     2.8575  0.000e+00
     21.149    15.4887   4.160927    33.3821       2018     8.4042     2.8578  0.000e+00
     21.020    15.4898   4.161050    33.3823       2019     8.4083     2.8588  0.000e+00
     20.907    15.4910   4.161420    33.3846       2020     8.4125     2.8592  0.000e+00
     20.817    15.4924   4.161770    33.3867       2021     8.4167     2.8595  0.000e+00
     20.738    15.4948   4.161938    33.3861       2022     8.4208     2.8604  0.000e+00
     20.675    15.4968   4.162301    33.3877       2023     8.4250     2.8588  0.000e+00
     20.635    15.4992   4.162463    33.3872       2024     8.4292     2.8595  0.000e+00
     20.615    15.5015   4.162632    33.3867       2025     8.4333     2.8603  0.000e+00
     20.605    15.5035   4.162612    33.3848       2026     8.4375     2.8603  0.000e+00
     20.615    15.5047   4.162437    33.3822       2027     8.4417     2.8607  0.000e+00
     20.623    15.5050   4.162314    33.3809       2028     8.4458     2.8611  0.000e+00
     20.628    15.5046   4.162353    33.3816       2029     8.4500     2.8605  0.000e+00
     20.621    15.5043   4.162165    33.3802       2030     8.4542     2.8618  0.000e+00
     20.606    15.5036   4.162482    33.3836       2031     8.4583     2.8619  0.000e+00
     20.583    15.5038   4.162469    33.3833       2032     8.4625     2.8635  0.000e+00
     20.547    15.5042   4.162560    33.3838       2033     8.4667     2.8638  0.000e+00
     20.504    15.5050   4.162832    33.3856       2034     8.4708     2.8637  0.000e+00
     20.447    15.5061   4.163059    33.3867       2035     8.4750     2.8644  0.000e+00
     20.375    15.5076   4.163772    33.3918       2036     8.4792     2.8646  0.000e+00
     20.287    15.5105   4.164317    33.3943       2037     8.4833     2.8644  0.000e+00
     20.197    15.5147   4.164790    33.3950       2038     8.4875     2.8650  0.000e+00
     20.109    15.5191   4.165101    33.3941       2039     8.4917     2.8654  0.000e+00
     20.022    15.5232   4.165237    33.3919       2040     8.4958     2.8665  0.000e+00
     19.942    15.5262   4.165334    33.3902       2041     8.5000     2.8667  0.000e+00
     19.873    15.5281   4.165477    33.3899       2042     8.5042     2.8675  0.000e+00
     19.816    15.5295   4.165535    33.3892       2043     8.5083     2.8669  0.000e+00
     19.774    15.5307   4.165535    33.3882       2044     8.5125     2.8672  0.000e+00
     19.742    15.5317   4.165522    33.3873       2045     8.5167     2.8677  0.000e+00
     19.724    15.5321   4.165535    33.3871       2046     8.5208     2.8684  0.000e+00
     19.720    15.5325   4.165555    33.3870       2047     8.5250     2.8701  0.000e+00
     19.719    15.5327   4.165574    33.3869       2048     8.5292     2.8704  0.000e+00
     19.722    15.5330   4.165581    33.3867       2049     8.5333     2.8698  0.000e+00
     19.728    15.5332   4.165607    33.3868       2050     8.5375     2.8683  0.000e+00
     19.737    15.5332   4.165620    33.3869       2051     8.5417     2.8682  0.000e+00
     19.738    15.5333   4.165633    33.3869       2052     8.5458     2.8672  0.000e+00
     19.733    15.5336   4.165704    33.3873       2053     8.5500     2.8653  0.000e+00
     19.720    15.5340   4.165762    33.3875       2054     8.5542     2.8659  0.000e+00
     19.699    15.5346   4.165756    33.3870       2055     8.5583     2.8641  0.000e+00
     19.661    15.5350   4.165808    33.3871       2056     8.5625     2.8640  0.000e+00
     19.607    15.5354   4.165905    33.3876       2057     8.5667     2.8641  0.000e+00
     19.546    15.5360   4.165931    33.3874       2058     8.5708     2.8657  0.000e+00
     19.460    15.5367   4.165976    33.3873       2059     8.5750     2.8660  0.000e+00
     19.356    15.5371   4.166080    33.3879       2060     8.5792     2.8666  0.000e+00
     19.259    15.5381   4.166378    33.3897       2061     8.5833     2.8661  0.000e+00
     19.156    15.5397   4.167240    33.3962       2062     8.5875     2.8676  0.000e+00
     19.063    15.5431   4.167467    33.3953       2063     8.5917     2.8688  0.000e+00
     18.984    15.5471   4.167707    33.3941       2064     8.5958     2.8704  0.000e+00
     18.912    15.5504   4.168109    33.3950       2065     8.6000     2.8722  0.000e+00
     18.854    15.5531   4.168310    33.3945       2066     8.6042     2.8734  0.000e+00
     18.808    15.5561   4.168492    33.3936       2067     8.6083     2.8744  0.000e+00
     18.768    15.5583   4.168628    33.3929       2068     8.6125     2.8745  0.000e+00
     18.737    15.5603   4.168284    33.3882       2069     8.6167     2.8743  0.000e+00
     18.714    15.5605   4.168278    33.3880       2070     8.6208     2.8731  0.000e+00
     18.685    15.5601   4.168459    33.3899       2071     8.6250     2.8729  0.000e+00
     18.660    15.5602   4.168407    33.3894       2072     8.6292     2.8724  0.000e+00
     18.642    15.5604   4.168492    33.3900       2073     8.6333     2.8735  0.000e+00
     18.606    15.5605   4.168336    33.3885       2074     8.6375     2.8730  0.000e+00
     18.579    15.5604   4.168407    33.3892       2075     8.6417     2.8733  0.000e+00
     18.536    15.5604   4.168537    33.3904       2076     8.6458     2.8731  0.000e+00
     18.482    15.5608   4.168531    33.3900       2077     8.6500     2.8731  0.000e+00
     18.418    15.5610   4.168907    33.3932       2078     8.6542     2.8740  0.000e+00
     18.351    15.5622   4.169296    33.3957       2079     8.6583     2.8758  0.000e+00
     18.277    15.5646   4.169328    33.3941       2080     8.6625     2.8768  0.000e+00
     18.204    15.5665   4.169425    33.3933       2081     8.6667     2.8785  0.000e+00
     18.132    15.5680   4.169555    33.3932       2082     8.6708     2.8776  0.000e+00
     18.051    15.5694   4.169601    33.3925       2083     8.6750     2.8793  0.000e+00
     17.988    15.5703   4.169575    33.3915       2084     8.6792     2.8791  0.000e+00
     17.925    15.5711   4.169672    33.3917       2085     8.6833     2.8806  0.000e+00
     17.875    15.5717   4.169847    33.3929       2086     8.6875     2.8807  0.000e+00
     17.832    15.5723   4.169918    33.3930       2087     8.6917     2.8801  0.000e+00
     17.796    15.5732   4.169886    33.3919       2088     8.6958     2.8785  0.000e+00
     17.767    15.5738   4.169918    33.3917       2089     8.7000     2.8788  0.000e+00
     17.744    15.5742   4.169620    33.3887       2090     8.7042     2.8785  0.000e+00
     17.735    15.5738   4.169698    33.3898       2091     8.7083     2.8781  0.000e+00
     17.715    15.5731   4.169873    33.3919       2092     8.7125     2.8771  0.000e+00
     17.699    15.5732   4.169996    33.3929       2093     8.7167     2.8769  0.000e+00
     17.681    15.5741   4.170067    33.3928       2094     8.7208     2.8754  0.000e+00
     17.659    15.5749   4.170126    33.3927       2095     8.7250     2.8760  0.000e+00
     17.643    15.5756   4.170320    33.3938       2096     8.7292     2.8751  0.000e+00
     17.623    15.5765   4.170418    33.3940       2097     8.7333     2.8753  0.000e+00
     17.602    15.5777   4.170457    33.3933       2098     8.7375     2.8753  0.000e+00
     17.580    15.5786   4.170690    33.3946       2099     8.7417     2.8753  0.000e+00
     17.557    15.5797   4.170813    33.3948       2100     8.7458     2.8750  0.000e+00
     17.528    15.5810   4.170930    33.3947       2101     8.7500     2.8767  0.000e+00
     17.492    15.5824   4.171086    33.3949       2102     8.7542     2.8769  0.000e+00
     17.460    15.5838   4.171112    33.3941       2103     8.7583     2.8771  0.000e+00
     17.417    15.5848   4.171196    33.3940       2104     8.7625     2.8768  0.000e+00
     17.375    15.5857   4.171235    33.3936       2105     8.7667     2.8765  0.000e+00
     17.332    15.5863   4.171410    33.3946       2106     8.7708     2.8763  0.000e+00
     17.282    15.5873   4.171455    33.3942       2107     8.7750     2.8776  0.000e+00
     17.228    15.5882   4.171806    33.3966       2108     8.7792     2.8762  0.000e+00
     17.181    15.5898   4.172007    33.3970       2109     8.7833     2.8753  0.000e+00
     17.136    15.5919   4.172072    33.3958       2110     8.7875     2.8750  0.000e+00
     17.091    15.5936   4.172033    33.3941       2111     8.7917     2.8746  0.000e+00
     17.039    15.5948   4.171708    33.3902       2112     8.7958     2.8750  0.000e+00
     16.984    15.5945   4.170982    33.3839       2113     8.8000     2.8757  0.000e+00
     16.930    15.5926   4.171040    33.3862       2114     8.8042     2.8769  0.000e+00
     16.861    15.5908   4.171111    33.3883       2115     8.8083     2.8787  0.000e+00
     16.790    15.5898   4.171027    33.3884       2116     8.8125     2.8780  0.000e+00
     16.712    15.5893   4.170839    33.3872       2117     8.8167     2.8785  0.000e+00
     16.628    15.5888   4.170469    33.3844       2118     8.8208     2.8782  0.000e+00
     16.543    15.5874   4.169580    33.3777       2119     8.8250     2.8776  0.000e+00
     16.444    15.5846   4.168108    33.3669       2120     8.8292     2.8780  0.000e+00
     16.351    15.5784   4.168037    33.3715       2121     8.8333     2.8780  0.000e+00
     16.254    15.5732   4.168108    33.3766       2122     8.8375     2.8770  0.000e+00
     16.168    15.5706   4.167291    33.3715       2123     8.8417     2.8777  0.000e+00
     16.092    15.5676   4.166227    33.3646       2124     8.8458     2.8769  0.000e+00
     16.024    15.5623   4.164502    33.3537       2125     8.8500     2.8762  0.000e+00
     15.970    15.5542   4.163867    33.3549       2126     8.8542     2.8768  0.000e+00
     15.941    15.5469   4.163867    33.3611       2127     8.8583     2.8749  0.000e+00
     15.922    15.5412   4.163673    33.3642       2128     8.8625     2.8746  0.000e+00
     15.927    15.5379   4.164542    33.3748       2129     8.8667     2.8740  0.000e+00
     15.947    15.5383   4.164438    33.3735       2130     8.8708     2.8740  0.000e+00
     15.977    15.5394   4.164548    33.3735       2131     8.8750     2.8756  0.000e+00
     16.008    15.5404   4.164762    33.3746       2132     8.8792     2.8747  0.000e+00
     16.040    15.5414   4.164367    33.3702       2133     8.8833     2.8750  0.000e+00
     16.074    15.5409   4.163621    33.3639       2134     8.8875     2.8745  0.000e+00
     16.098    15.5383   4.162966    33.3602       2135     8.8917     2.8743  0.000e+00
     16.114    15.5344   4.163576    33.3690       2136     8.8958     2.8739  0.000e+00
     16.126    15.5332   4.163848    33.3725       2137     8.9000     2.8743  0.000e+00
     16.125    15.5343   4.163226    33.3660       2138     8.9042     2.8730  0.000e+00
     16.112    15.5338   4.163744    33.3710       2139     8.9083     2.8731  0.000e+00
     16.098    15.5335   4.163744    33.3712       2140     8.9125     2.8716  0.000e+00
     16.064    15.5343   4.163128    33.3651       2141     8.9167     2.8716  0.000e+00
     16.020    15.5331   4.163103    33.3659       2142     8.9208     2.8725  0.000e+00
     15.957    15.5319   4.163278    33.3685       2143     8.9250     2.8724  0.000e+00
     15.886    15.5315   4.163459    33.3705       2144     8.9292     2.8718  0.000e+00
     15.798    15.5321   4.163252    33.3682       2145     8.9333     2.8733  0.000e+00
     15.681    15.5322   4.162953    33.3655       2146     8.9375     2.8737  0.000e+00
     15.562    15.5314   4.162208    33.3596       2147     8.9417     2.8723  0.000e+00
     15.422    15.5286   4.161417    33.3549       2148     8.9458     2.8731  0.000e+00
     15.278    15.5248   4.161048    33.3549       2149     8.9500     2.8733  0.000e+00
     15.133    15.5206   4.160302    33.3518       2150     8.9542     2.8745  0.000e+00
     14.991    15.5164   4.159479    33.3481       2151     8.9583     2.8747  0.000e+00
     14.858    15.5113   4.159414    33.3518       2152     8.9625     2.8761  0.000e+00
     14.746    15.5075   4.159609    33.3568       2153     8.9667     2.8757  0.000e+00
     14.658    15.5058   4.159674    33.3588       2154     8.9708     2.8758  0.000e+00
     14.590    15.5055   4.159758    33.3600       2155     8.9750     2.8752  0.000e+00
     14.547    15.5058   4.159712    33.3593       2156     8.9792     2.8750  0.000e+00
     14.534    15.5060   4.159674    33.3588       2157     8.9833     2.8743  0.000e+00
     14.547    15.5058   4.159738    33.3595       2158     8.9875     2.8743  0.000e+00
     14.590    15.5062   4.159712    33.3589       2159     8.9917     2.8743  0.000e+00
     14.644    15.5061   4.159687    33.3588       2160     8.9958     2.8741  0.000e+00
     14.700    15.5061   4.159602    33.3580       2161     9.0000     2.8714  0.000e+00
     14.757    15.5058   4.159538    33.3576       2162     9.0042     2.8701  0.000e+00
     14.806    15.5053   4.159486    33.3576       2163     9.0083     2.8687  0.000e+00
     14.840    15.5047   4.159531    33.3585       2164     9.0125     2.8685  0.000e+00
     14.868    15.5046   4.159486    33.3581       2165     9.0167     2.8677  0.000e+00
     14.886    15.5046   4.159466    33.3580       2166     9.0208     2.8683  0.000e+00
     14.881    15.5043   4.159389    33.3575       2167     9.0250     2.8685  0.000e+00
