PC2305/sbe079.cnv
* Sea-Bird SBE 19plus V2 Data File:
* FileName = C:\cruise\data\sbe079.hex
* Software Version Seasave V 7.26.7.121
* Temperature SN = 7142
* Conductivity SN = 7142
* System UpLoad Time = Nov 03 2023 20:39:50
** Cruise: PC2205
** Program: ECOMON
# nquan = 8
# nvalues = 1553                                  
# units = specified
# name 0 = depSM: Depth [salt water, m], lat = 40.00
# name 1 = tv290C: Temperature [ITS-90, deg C]
# name 2 = c0S/m: Conductivity [S/m]
# name 3 = sal00: Salinity, Practical [PSU]
# name 4 = scan: Scan Count
# name 5 = timeM: Time, Elapsed [minutes]
# name 6 = sbeox0V: Oxygen raw, SBE 43 [V]
# name 7 = flag:  0.000e+00
# span 0 =      0.078,     21.975                 
# span 1 =    11.9717,    15.2237                 
# span 2 =  -0.109731,   3.916116                 
# span 3 =     0.0000,    31.4429                 
# span 4 =         11,       1563                 
# span 5 =     0.0417,     6.5083                 
# span 6 =     1.9571,     2.8714                 
# span 7 = 0.0000e+00, 0.0000e+00                 
# interval = seconds: 0.25
# start_time = Nov 03 2023 20:39:50 [System UTC, header]
# bad_flag = -9.990e-29
*END*
[from data line 899]
     12.713    15.0785   3.863106    31.0553        910     3.7875     2.7408  0.000e+00
     12.683    15.0801   3.863062    31.0537        911     3.7917     2.7419  0.000e+00
     12.661    15.0804   3.863156    31.0543        912     3.7958     2.7428  0.000e+00
     12.649    15.0806   3.863225    31.0547        913     3.8000     2.7428  0.000e+00
     12.645    15.0808   3.863244    31.0547        914     3.8042     2.7423  0.000e+00
     12.651    15.0813   3.863251    31.0544        915     3.8083     2.7417  0.000e+00
     12.670    15.0814   3.863112    31.0531        916     3.8125     2.7405  0.000e+00
     12.685    15.0812   3.863244    31.0544        917     3.8167     2.7400  0.000e+00
     12.704    15.0812   3.863156    31.0536        918     3.8208     2.7403  0.000e+00
     12.728    15.0813   3.862930    31.0515        919     3.8250     2.7413  0.000e+00
     12.744    15.0807   3.863012    31.0527        920     3.8292     2.7408  0.000e+00
     12.753    15.0801   3.862792    31.0512        921     3.8333     2.7396  0.000e+00
     12.766    15.0791   3.862660    31.0508        922     3.8375     2.7394  0.000e+00
     12.775    15.0782   3.862873    31.0535        923     3.8417     2.7377  0.000e+00
     12.780    15.0777   3.862930    31.0543        924     3.8458     2.7364  0.000e+00
     12.787    15.0777   3.862873    31.0538        925     3.8500     2.7351  0.000e+00
     12.801    15.0778   3.862905    31.0540        926     3.8542     2.7351  0.000e+00
     12.807    15.0779   3.862861    31.0535        927     3.8583     2.7349  0.000e+00
     12.827    15.0779   3.862754    31.0526        928     3.8625     2.7368  0.000e+00
     12.839    15.0776   3.862886    31.0540        929     3.8667     2.7370  0.000e+00
     12.855    15.0773   3.862892    31.0543        930     3.8708     2.7366  0.000e+00
     12.863    15.0774   3.862886    31.0542        931     3.8750     2.7379  0.000e+00
     12.871    15.0773   3.862886    31.0542        932     3.8792     2.7398  0.000e+00
     12.870    15.0774   3.862943    31.0547        933     3.8833     2.7399  0.000e+00
     12.870    15.0771   3.863043    31.0558        934     3.8875     2.7407  0.000e+00
     12.873    15.0773   3.862823    31.0537        935     3.8917     2.7416  0.000e+00
     12.871    15.0772   3.862679    31.0524        936     3.8958     2.7413  0.000e+00
     12.870    15.0763   3.862660    31.0530        937     3.9000     2.7419  0.000e+00
     12.868    15.0755   3.862679    31.0538        938     3.9042     2.7421  0.000e+00
     12.868    15.0752   3.863043    31.0573        939     3.9083     2.7423  0.000e+00
     12.868    15.0759   3.863226    31.0584        940     3.9125     2.7424  0.000e+00
     12.864    15.0772   3.863200    31.0571        941     3.9167     2.7441  0.000e+00
     12.861    15.0780   3.863012    31.0548        942     3.9208     2.7438  0.000e+00
     12.855    15.0781   3.862748    31.0524        943     3.9250     2.7444  0.000e+00
     12.857    15.0772   3.862635    31.0520        944     3.9292     2.7439  0.000e+00
     12.866    15.0759   3.862609    31.0529        945     3.9333     2.7447  0.000e+00
     12.873    15.0752   3.862635    31.0536        946     3.9375     2.7442  0.000e+00
     12.888    15.0748   3.862660    31.0542        947     3.9417     2.7449  0.000e+00
     12.907    15.0744   3.862635    31.0543        948     3.9458     2.7447  0.000e+00
     12.922    15.0742   3.862679    31.0548        949     3.9500     2.7441  0.000e+00
     12.940    15.0740   3.862754    31.0557        950     3.9542     2.7444  0.000e+00
     12.949    15.0743   3.862792    31.0557        951     3.9583     2.7437  0.000e+00
     12.951    15.0745   3.862848    31.0561        952     3.9625     2.7426  0.000e+00
     12.951    15.0750   3.863062    31.0576        953     3.9667     2.7417  0.000e+00
     12.943    15.0761   3.862886    31.0552        954     3.9708     2.7416  0.000e+00
     12.933    15.0762   3.862987    31.0560        955     3.9750     2.7407  0.000e+00
     12.907    15.0765   3.862974    31.0557        956     3.9792     2.7404  0.000e+00
     12.891    15.0766   3.862892    31.0549        957     3.9833     2.7395  0.000e+00
     12.861    15.0764   3.862999    31.0560        958     3.9875     2.7397  0.000e+00
     12.843    15.0762   3.862817    31.0545        959     3.9917     2.7397  0.000e+00
     12.828    15.0758   3.862892    31.0555        960     3.9958     2.7402  0.000e+00
     12.814    15.0755   3.862836    31.0553        961     4.0000     2.7404  0.000e+00
     12.803    15.0755   3.862943    31.0562        962     4.0042     2.7421  0.000e+00
     12.792    15.0760   3.862949    31.0559        963     4.0083     2.7426  0.000e+00
     12.787    15.0760   3.863087    31.0571        964     4.0125     2.7432  0.000e+00
     12.782    15.0763   3.863037    31.0564        965     4.0167     2.7436  0.000e+00
     12.787    15.0767   3.863062    31.0563        966     4.0208     2.7445  0.000e+00
     12.785    15.0770   3.863156    31.0569        967     4.0250     2.7449  0.000e+00
     12.789    15.0773   3.863175    31.0568        968     4.0292     2.7445  0.000e+00
     12.798    15.0779   3.863225    31.0568        969     4.0333     2.7439  0.000e+00
     12.805    15.0783   3.863244    31.0567        970     4.0375     2.7441  0.000e+00
     12.812    15.0787   3.863225    31.0562        971     4.0417     2.7426  0.000e+00
     12.819    15.0788   3.863156    31.0555        972     4.0458     2.7407  0.000e+00
     12.828    15.0788   3.863087    31.0549        973     4.0500     2.7400  0.000e+00
     12.834    15.0783   3.863081    31.0552        974     4.0542     2.7384  0.000e+00
     12.837    15.0779   3.863175    31.0564        975     4.0583     2.7384  0.000e+00
     12.848    15.0779   3.863288    31.0573        976     4.0625     2.7391  0.000e+00
     12.848    15.0783   3.863276    31.0570        977     4.0667     2.7395  0.000e+00
     12.859    15.0786   3.863225    31.0563        978     4.0708     2.7391  0.000e+00
     12.862    15.0786   3.863156    31.0557        979     4.0750     2.7384  0.000e+00
     12.875    15.0782   3.863087    31.0553        980     4.0792     2.7382  0.000e+00
     12.888    15.0780   3.862999    31.0547        981     4.0833     2.7378  0.000e+00
     12.902    15.0773   3.863037    31.0556        982     4.0875     2.7371  0.000e+00
     12.911    15.0769   3.862974    31.0554        983     4.0917     2.7359  0.000e+00
     12.925    15.0766   3.862798    31.0540        984     4.0958     2.7351  0.000e+00
     12.934    15.0757   3.862521    31.0522        985     4.1000     2.7349  0.000e+00
     12.932    15.0745   3.862364    31.0517        986     4.1042     2.7352  0.000e+00
     12.934    15.0731   3.862207    31.0515        987     4.1083     2.7348  0.000e+00
     12.929    15.0715   3.862270    31.0533        988     4.1125     2.7350  0.000e+00
     12.923    15.0710   3.862232    31.0534        989     4.1167     2.7355  0.000e+00
     12.913    15.0704   3.862182    31.0534        990     4.1208     2.7356  0.000e+00
     12.907    15.0699   3.862157    31.0536        991     4.1250     2.7336  0.000e+00
     12.896    15.0697   3.862182    31.0540        992     4.1292     2.7338  0.000e+00
     12.896    15.0696   3.862182    31.0540        993     4.1333     2.7344  0.000e+00
     12.893    15.0697   3.862207    31.0541        994     4.1375     2.7358  0.000e+00
     12.893    15.0698   3.862207    31.0541        995     4.1417     2.7346  0.000e+00
     12.889    15.0697   3.862232    31.0544        996     4.1458     2.7351  0.000e+00
     12.893    15.0698   3.862320    31.0551        997     4.1500     2.7354  0.000e+00
     12.896    15.0702   3.862364    31.0552        998     4.1542     2.7369  0.000e+00
     12.905    15.0703   3.862301    31.0546        999     4.1583     2.7377  0.000e+00
     12.913    15.0705   3.862025    31.0519       1000     4.1625     2.7381  0.000e+00
     12.918    15.0699   3.861943    31.0517       1001     4.1667     2.7394  0.000e+00
     12.922    15.0691   3.861981    31.0526       1002     4.1708     2.7420  0.000e+00
     12.923    15.0686   3.862207    31.0551       1003     4.1750     2.7421  0.000e+00
     12.920    15.0688   3.862421    31.0568       1004     4.1792     2.7426  0.000e+00
     12.916    15.0697   3.862496    31.0567       1005     4.1833     2.7435  0.000e+00
     12.902    15.0704   3.862490    31.0561       1006     4.1875     2.7432  0.000e+00
     12.884    15.0708   3.862521    31.0561       1007     4.1917     2.7429  0.000e+00
     12.864    15.0711   3.862452    31.0552       1008     4.1958     2.7426  0.000e+00
     12.835    15.0709   3.862352    31.0545       1009     4.2000     2.7418  0.000e+00
     12.798    15.0707   3.862339    31.0546       1010     4.2042     2.7421  0.000e+00
     12.747    15.0701   3.862113    31.0531       1011     4.2083     2.7434  0.000e+00
     12.701    15.0697   3.861981    31.0523       1012     4.2125     2.7439  0.000e+00
     12.654    15.0692   3.862452    31.0569       1013     4.2167     2.7439  0.000e+00
     12.611    15.0694   3.862465    31.0569       1014     4.2208     2.7445  0.000e+00
     12.578    15.0703   3.862704    31.0583       1015     4.2250     2.7429  0.000e+00
     12.562    15.0714   3.862276    31.0536       1016     4.2292     2.7427  0.000e+00
     12.559    15.0714   3.862477    31.0554       1017     4.2333     2.7420  0.000e+00
     12.569    15.0713   3.862408    31.0548       1018     4.2375     2.7432  0.000e+00
     12.596    15.0714   3.862465    31.0553       1019     4.2417     2.7435  0.000e+00
     12.632    15.0716   3.862477    31.0552       1020     4.2458     2.7426  0.000e+00
     12.670    15.0716   3.862490    31.0553       1021     4.2500     2.7407  0.000e+00
     12.706    15.0717   3.862565    31.0559       1022     4.2542     2.7392  0.000e+00
     12.745    15.0717   3.862754    31.0576       1023     4.2583     2.7394  0.000e+00
     12.785    15.0724   3.862792    31.0573       1024     4.2625     2.7397  0.000e+00
     12.825    15.0728   3.862817    31.0572       1025     4.2667     2.7383  0.000e+00
     12.855    15.0732   3.862704    31.0558       1026     4.2708     2.7388  0.000e+00
     12.887    15.0732   3.862565    31.0546       1027     4.2750     2.7374  0.000e+00
     12.914    15.0726   3.862660    31.0559       1028     4.2792     2.7378  0.000e+00
     12.918    15.0724   3.862704    31.0565       1029     4.2833     2.7376  0.000e+00
     12.927    15.0725   3.862949    31.0586       1030     4.2875     2.7378  0.000e+00
     12.931    15.0730   3.863087    31.0594       1031     4.2917     2.7384  0.000e+00
     12.923    15.0738   3.863131    31.0592       1032     4.2958     2.7392  0.000e+00
     12.920    15.0744   3.863182    31.0592       1033     4.3000     2.7390  0.000e+00
     12.911    15.0748   3.863018    31.0574       1034     4.3042     2.7385  0.000e+00
     12.896    15.0747   3.862679    31.0544       1035     4.3083     2.7381  0.000e+00
     12.886    15.0738   3.862446    31.0530       1036     4.3125     2.7368  0.000e+00
     12.868    15.0726   3.862452    31.0541       1037     4.3167     2.7367  0.000e+00
     12.839    15.0718   3.862371    31.0540       1038     4.3208     2.7368  0.000e+00
     12.803    15.0711   3.862295    31.0539       1039     4.3250     2.7379  0.000e+00
     12.762    15.0703   3.862044    31.0523       1040     4.3292     2.7375  0.000e+00
     12.724    15.0697   3.862044    31.0528       1041     4.3333     2.7394  0.000e+00
     12.679    15.0690   3.862138    31.0542       1042     4.3375     2.7413  0.000e+00
     12.632    15.0691   3.861754    31.0507       1043     4.3417     2.7410  0.000e+00
     12.582    15.0680   3.862044    31.0542       1044     4.3458     2.7400  0.000e+00
     12.537    15.0680   3.862452    31.0579       1045     4.3500     2.7395  0.000e+00
     12.510    15.0697   3.862157    31.0539       1046     4.3542     2.7396  0.000e+00
     12.487    15.0704   3.861930    31.0513       1047     4.3583     2.7392  0.000e+00
     12.478    15.0693   3.862182    31.0544       1048     4.3625     2.7391  0.000e+00
     12.485    15.0693   3.862678    31.0589       1049     4.3667     2.7397  0.000e+00
     12.499    15.0708   3.862773    31.0586       1050     4.3708     2.7394  0.000e+00
     12.514    15.0726   3.862704    31.0565       1051     4.3750     2.7392  0.000e+00
     12.539    15.0734   3.862565    31.0546       1052     4.3792     2.7400  0.000e+00
     12.555    15.0734   3.862370    31.0529       1053     4.3833     2.7404  0.000e+00
     12.580    15.0725   3.862069    31.0508       1054     4.3875     2.7413  0.000e+00
     12.598    15.0711   3.861993    31.0513       1055     4.3917     2.7400  0.000e+00
     12.616    15.0697   3.862251    31.0547       1056     4.3958     2.7392  0.000e+00
     12.634    15.0695   3.862408    31.0562       1057     4.4000     2.7379  0.000e+00
     12.639    15.0704   3.862465    31.0561       1058     4.4042     2.7375  0.000e+00
     12.643    15.0711   3.862591    31.0566       1059     4.4083     2.7374  0.000e+00
     12.645    15.0718   3.862704    31.0570       1060     4.4125     2.7377  0.000e+00
     12.650    15.0727   3.861032    31.0414       1061     4.4167     2.7371  0.000e+00
     12.652    15.0733   3.862748    31.0563       1062     4.4208     2.7384  0.000e+00
     12.645    15.0737   3.862798    31.0564       1063     4.4250     2.7388  0.000e+00
     12.641    15.0738   3.862930    31.0575       1064     4.4292     2.7386  0.000e+00
     12.639    15.0742   3.863062    31.0583       1065     4.4333     2.7382  0.000e+00
     12.627    15.0750   3.863200    31.0590       1066     4.4375     2.7373  0.000e+00
     12.611    15.0759   3.863269    31.0589       1067     4.4417     2.7375  0.000e+00
     12.602    15.0772   3.863037    31.0558       1068     4.4458     2.7373  0.000e+00
     12.585    15.0771   3.862905    31.0547       1069     4.4500     2.7379  0.000e+00
     12.575    15.0764   3.862942    31.0556       1070     4.4542     2.7391  0.000e+00
     12.557    15.0759   3.863062    31.0571       1071     4.4583     2.7397  0.000e+00
     12.539    15.0759   3.863131    31.0577       1072     4.4625     2.7396  0.000e+00
     12.512    15.0761   3.863156    31.0578       1073     4.4667     2.7405  0.000e+00
     12.488    15.0766   3.863200    31.0577       1074     4.4708     2.7393  0.000e+00
     12.463    15.0768   3.863200    31.0576       1075     4.4750     2.7397  0.000e+00
     12.436    15.0772   3.863062    31.0560       1076     4.4792     2.7389  0.000e+00
     12.411    15.0772   3.863156    31.0569       1077     4.4833     2.7388  0.000e+00
     12.386    15.0768   3.863106    31.0568       1078     4.4875     2.7384  0.000e+00
     12.368    15.0767   3.863175    31.0575       1079     4.4917     2.7388  0.000e+00
     12.339    15.0767   3.863200    31.0577       1080     4.4958     2.7390  0.000e+00
     12.309    15.0768   3.863338    31.0589       1081     4.5000     2.7379  0.000e+00
     12.289    15.0773   3.863313    31.0583       1082     4.5042     2.7383  0.000e+00
     12.269    15.0779   3.863653    31.0608       1083     4.5083     2.7384  0.000e+00
     12.255    15.0787   3.863948    31.0628       1084     4.5125     2.7371  0.000e+00
     12.248    15.0808   3.864080    31.0624       1085     4.5167     2.7375  0.000e+00
     12.242    15.0829   3.864193    31.0617       1086     4.5208     2.7359  0.000e+00
     12.235    15.0843   3.864269    31.0613       1087     4.5250     2.7346  0.000e+00
     12.228    15.0857   3.864219    31.0598       1088     4.5292     2.7342  0.000e+00
