PC2305/sbe072.cnv
* Sea-Bird SBE 19plus V2 Data File:
* FileName = C:\cruise\data\sbe072.hex
* Software Version Seasave V 7.26.7.121
* Temperature SN = 7142
* Conductivity SN = 7142
* System UpLoad Time = Nov 03 2023 05:02:48
** Cruise: PC2205
** Program: ECOMON
# nquan = 8
# nvalues = 1452                                  
# units = specified
# name 0 = depSM: Depth [salt water, m], lat = 40.00
# name 1 = tv290C: Temperature [ITS-90, deg C]
# name 2 = c0S/m: Conductivity [S/m]
# name 3 = sal00: Salinity, Practical [PSU]
# name 4 = scan: Scan Count
# name 5 = timeM: Time, Elapsed [minutes]
# name 6 = sbeox0V: Oxygen raw, SBE 43 [V]
# name 7 = flag:  0.000e+00
# span 0 =      0.148,     44.910                 
# span 1 =    13.6885,    15.6152                 
# span 2 =   3.628872,   4.044918                 
# span 3 =    29.1875,    32.9153                 
# span 4 =         11,       1462                 
# span 5 =     0.0417,     6.0875                 
# span 6 =     1.7223,     2.8221                 
# span 7 = 0.0000e+00, 0.0000e+00                 
# interval = seconds: 0.25
# start_time = Nov 03 2023 05:02:48 [System UTC, header]
# bad_flag = -9.990e-29
*END*
      0.569    14.3569   3.866305    31.6703         11     0.0417     2.3310  0.000e+00
      0.652    14.4860   3.889967    31.7801         12     0.0458     2.3385  0.000e+00
      0.749    14.6558   3.730260    30.1994         13     0.0500     2.3485  0.000e+00
      0.896    14.7910   3.628872    29.1875         14     0.0542     2.3613  0.000e+00
      1.077    14.8463   3.849741    31.1245         15     0.0583     2.3780  0.000e+00
      1.245    14.7247   3.847759    31.2038         16     0.0625     2.3933  0.000e+00
      1.408    14.6142   3.842948    31.2490         17     0.0667     2.4062  0.000e+00
      1.557    14.5269   3.837448    31.2694         18     0.0708     2.4147  0.000e+00
      1.710    14.4748   3.838164    31.3178         19     0.0750     2.4215  0.000e+00
      1.863    14.4441   3.839074    31.3508         20     0.0792     2.4267  0.000e+00
      2.005    14.4289   3.834823    31.3245         21     0.0833     2.4286  0.000e+00
      2.163    14.4220   3.826440    31.2538         22     0.0875     2.4279  0.000e+00
      2.333    14.4192   3.822821    31.2231         23     0.0917     2.4248  0.000e+00
      2.481    14.4198   3.822877    31.2231         24     0.0958     2.4203  0.000e+00
      2.607    14.4139   3.820837    31.2092         25     0.1000     2.4128  0.000e+00
      2.729    14.3728   3.817946    31.2160         26     0.1042     2.4044  0.000e+00
      2.851    14.3217   3.815926    31.2388         27     0.1083     2.3962  0.000e+00
      2.968    14.2795   3.812480    31.2415         28     0.1125     2.3864  0.000e+00
      3.070    14.2568   3.810248    31.2394         29     0.1167     2.3763  0.000e+00
      3.162    14.2603   3.813300    31.2644         30     0.1208     2.3653  0.000e+00
      3.253    14.2697   3.818473    31.3039         31     0.1250     2.3528  0.000e+00
      3.350    14.2804   3.821177    31.3199         32     0.1292     2.3413  0.000e+00
      3.440    14.3149   3.821877    31.2983         33     0.1333     2.3273  0.000e+00
      3.532    14.3641   3.818378    31.2267         34     0.1375     2.3133  0.000e+00
      3.629    14.4009   3.811854    31.1376         35     0.1417     2.3021  0.000e+00
      3.746    14.4127   3.806152    31.0763         36     0.1458     2.2899  0.000e+00
      3.857    14.4162   3.801485    31.0311         37     0.1500     2.2773  0.000e+00
      3.961    14.4262   3.799337    31.0035         38     0.1542     2.2647  0.000e+00
      4.064    14.4473   3.801441    31.0057         39     0.1583     2.2524  0.000e+00
      4.172    14.4732   3.803440    31.0031         40     0.1625     2.2414  0.000e+00
      4.288    14.4666   3.804883    31.0214         41     0.1667     2.2319  0.000e+00
      4.405    14.3840   3.806309    31.1005         42     0.1708     2.2219  0.000e+00
      4.517    14.2881   3.808079    31.1938         43     0.1750     2.2142  0.000e+00
      4.635    14.1893   3.809893    31.2902         44     0.1792     2.2068  0.000e+00
      4.772    14.0931   3.810851    31.3771         45     0.1833     2.2002  0.000e+00
      4.905    14.0178   3.810971    31.4395         46     0.1875     2.1952  0.000e+00
      5.043    13.9763   3.810409    31.4682         47     0.1917     2.1904  0.000e+00
      5.182    13.9625   3.809434    31.4705         48     0.1958     2.1838  0.000e+00
      5.322    13.9571   3.808227    31.4638         49     0.2000     2.1758  0.000e+00
      5.449    13.9498   3.807171    31.4600         50     0.2042     2.1701  0.000e+00
      5.577    13.9385   3.805715    31.4558         51     0.2083     2.1609  0.000e+00
      5.706    13.9248   3.804010    31.4512         52     0.2125     2.1538  0.000e+00
      5.834    13.9121   3.802273    31.4456         53     0.2167     2.1448  0.000e+00
      5.965    13.9009   3.802098    31.4531         54     0.2208     2.1350  0.000e+00
      6.093    13.8898   3.802342    31.4644         55     0.2250     2.1260  0.000e+00
      6.227    13.8758   3.803498    31.4864         56     0.2292     2.1167  0.000e+00
      6.355    13.8597   3.805448    31.5176         57     0.2333     2.1074  0.000e+00
      6.484    13.8450   3.808611    31.5588         58     0.2375     2.0980  0.000e+00
      6.612    13.8276   3.811462    31.5993         59     0.2417     2.0897  0.000e+00
      6.734    13.8066   3.812638    31.6275         60     0.2458     2.0828  0.000e+00
      6.849    13.7958   3.811787    31.6285         61     0.2500     2.0771  0.000e+00
      6.959    13.7943   3.808386    31.5983         62     0.2542     2.0725  0.000e+00
      7.074    13.7938   3.802662    31.5457         63     0.2583     2.0688  0.000e+00
      7.180    13.7863   3.797729    31.5063         64     0.2625     2.0658  0.000e+00
      7.289    13.7727   3.795107    31.4932         65     0.2667     2.0611  0.000e+00
      7.397    13.7602   3.793853    31.4919         66     0.2708     2.0564  0.000e+00
      7.496    13.7520   3.793485    31.4952         67     0.2750     2.0516  0.000e+00
      7.598    13.7456   3.795782    31.5216         68     0.2792     2.0469  0.000e+00
      7.688    13.7380   3.801676    31.5823         69     0.2833     2.0407  0.000e+00
      7.794    13.7255   3.806594    31.6381         70     0.2875     2.0355  0.000e+00
      7.897    13.7092   3.811188    31.6940         71     0.2917     2.0296  0.000e+00
      8.008    13.6953   3.815854    31.7487         72     0.2958     2.0237  0.000e+00
      8.128    13.6885   3.818257    31.7765         73     0.3000     2.0175  0.000e+00
      8.251    13.7014   3.820203    31.7838         74     0.3042     2.0128  0.000e+00
      8.382    13.7447   3.821892    31.7635         75     0.3083     2.0097  0.000e+00
      8.513    13.7963   3.822937    31.7303         76     0.3125     2.0072  0.000e+00
      8.642    13.8403   3.823882    31.7027         77     0.3167     2.0041  0.000e+00
      8.781    13.8694   3.824151    31.6811         78     0.3208     2.0015  0.000e+00
      8.910    13.8900   3.823838    31.6612         79     0.3250     2.0007  0.000e+00
      9.043    13.9056   3.823518    31.6454         80     0.3292     1.9973  0.000e+00
      9.178    13.9161   3.823011    31.6320         81     0.3333     1.9921  0.000e+00
      9.304    13.9190   3.821859    31.6190         82     0.3375     1.9872  0.000e+00
      9.426    13.9131   3.819462    31.6016         83     0.3417     1.9830  0.000e+00
      9.546    13.9044   3.817416    31.5899         84     0.3458     1.9780  0.000e+00
      9.677    13.8954   3.814620    31.5715         85     0.3500     1.9737  0.000e+00
      9.801    13.8844   3.815290    31.5866         86     0.3542     1.9693  0.000e+00
      9.927    13.8766   3.815377    31.5939         87     0.3583     1.9655  0.000e+00
     10.046    13.8711   3.815102    31.5957         88     0.3625     1.9617  0.000e+00
     10.168    13.8651   3.814533    31.5955         89     0.3667     1.9593  0.000e+00
     10.294    13.8583   3.814615    31.6017         90     0.3708     1.9560  0.000e+00
     10.411    13.8512   3.814590    31.6073         91     0.3750     1.9541  0.000e+00
     10.524    13.8422   3.814308    31.6121         92     0.3792     1.9526  0.000e+00
     10.639    13.8316   3.813983    31.6178         93     0.3833     1.9503  0.000e+00
     10.759    13.8217   3.813352    31.6200         94     0.3875     1.9499  0.000e+00
     10.878    13.8139   3.813095    31.6240         95     0.3917     1.9491  0.000e+00
     10.993    13.8107   3.813596    31.6312         96     0.3958     1.9475  0.000e+00
     11.119    13.8108   3.814384    31.6384         97     0.4000     1.9470  0.000e+00
     11.244    13.8118   3.816136    31.6537         98     0.4042     1.9464  0.000e+00
     11.370    13.8081   3.818494    31.6785         99     0.4083     1.9469  0.000e+00
     11.491    13.7988   3.819840    31.6986        100     0.4125     1.9480  0.000e+00
     11.613    13.7963   3.819828    31.7004        101     0.4167     1.9480  0.000e+00
     11.730    13.8015   3.819058    31.6890        102     0.4208     1.9506  0.000e+00
     11.850    13.8047   3.818238    31.6787        103     0.4250     1.9544  0.000e+00
     11.969    13.8043   3.817031    31.6679        104     0.4292     1.9578  0.000e+00
     12.084    13.8013   3.814591    31.6478        105     0.4333     1.9602  0.000e+00
     12.197    13.7955   3.811902    31.6277        106     0.4375     1.9632  0.000e+00
     12.310    13.7873   3.810157    31.6183        107     0.4417     1.9632  0.000e+00
     12.411    13.7781   3.809901    31.6234        108     0.4458     1.9618  0.000e+00
     12.518    13.7717   3.811652    31.6449        109     0.4500     1.9595  0.000e+00
     12.626    13.7683   3.814066    31.6699        110     0.4542     1.9564  0.000e+00
     12.739    13.7640   3.815830    31.6898        111     0.4583     1.9542  0.000e+00
     12.853    13.7551   3.817000    31.7079        112     0.4625     1.9500  0.000e+00
     12.975    13.7492   3.818884    31.7302        113     0.4667     1.9456  0.000e+00
     13.099    13.7487   3.821068    31.7507        114     0.4708     1.9422  0.000e+00
     13.228    13.7557   3.822771    31.7606        115     0.4750     1.9393  0.000e+00
     13.367    13.7766   3.823709    31.7519        116     0.4792     1.9391  0.000e+00
     13.507    13.8013   3.824310    31.7370        117     0.4833     1.9402  0.000e+00
     13.652    13.8205   3.824692    31.7246        118     0.4875     1.9419  0.000e+00
     13.794    13.8338   3.824579    31.7125        119     0.4917     1.9446  0.000e+00
     13.934    13.8414   3.824228    31.7030        120     0.4958     1.9469  0.000e+00
     14.078    13.8486   3.823815    31.6931        121     0.5000     1.9484  0.000e+00
     14.215    13.8541   3.823314    31.6839        122     0.5042     1.9484  0.000e+00
     14.357    13.8576   3.822876    31.6770        123     0.5083     1.9490  0.000e+00
     14.481    13.8596   3.822350    31.6703        124     0.5125     1.9485  0.000e+00
     14.608    13.8610   3.821580    31.6620        125     0.5167     1.9503  0.000e+00
     14.729    13.8608   3.820973    31.6566        126     0.5208     1.9492  0.000e+00
     14.835    13.8577   3.819415    31.6447        127     0.5250     1.9505  0.000e+00
     14.948    13.8531   3.816837    31.6247        128     0.5292     1.9508  0.000e+00
     15.059    13.8443   3.815536    31.6199        129     0.5333     1.9535  0.000e+00
     15.176    13.8337   3.814804    31.6218        130     0.5375     1.9549  0.000e+00
     15.289    13.8260   3.814267    31.6232        131     0.5417     1.9572  0.000e+00
     15.394    13.8207   3.813891    31.6240        132     0.5458     1.9596  0.000e+00
     15.510    13.8182   3.813998    31.6270        133     0.5500     1.9613  0.000e+00
     15.620    13.8173   3.816531    31.6512        134     0.5542     1.9646  0.000e+00
     15.735    13.8156   3.819216    31.6772        135     0.5583     1.9656  0.000e+00
     15.841    13.8112   3.820855    31.6960        136     0.5625     1.9676  0.000e+00
     15.953    13.7999   3.822477    31.7203        137     0.5667     1.9696  0.000e+00
     16.071    13.7904   3.823360    31.7362        138     0.5708     1.9724  0.000e+00
     16.183    13.7855   3.823660    31.7430        139     0.5750     1.9758  0.000e+00
     16.301    13.7889   3.823923    31.7426        140     0.5792     1.9796  0.000e+00
     16.425    13.7949   3.824086    31.7390        141     0.5833     1.9828  0.000e+00
     16.544    13.8022   3.824249    31.7345        142     0.5875     1.9852  0.000e+00
     16.670    13.8078   3.824693    31.7339        143     0.5917     1.9857  0.000e+00
     16.802    13.8127   3.825351    31.7359        144     0.5958     1.9845  0.000e+00
     16.930    13.8201   3.826033    31.7360        145     0.6000     1.9834  0.000e+00
     17.067    13.8277   3.826522    31.7342        146     0.6042     1.9811  0.000e+00
     17.198    13.8345   3.826747    31.7306        147     0.6083     1.9788  0.000e+00
     17.327    13.8395   3.826803    31.7269        148     0.6125     1.9758  0.000e+00
     17.455    13.8428   3.826860    31.7247        149     0.6167     1.9735  0.000e+00
     17.588    13.8444   3.827016    31.7248        150     0.6208     1.9706  0.000e+00
     17.728    13.8455   3.827461    31.7279        151     0.6250     1.9682  0.000e+00
     17.865    13.8471   3.828138    31.7328        152     0.6292     1.9645  0.000e+00
     17.998    13.8514   3.828651    31.7339        153     0.6333     1.9604  0.000e+00
     18.136    13.8584   3.828983    31.7312        154     0.6375     1.9557  0.000e+00
     18.273    13.8655   3.829121    31.7265        155     0.6417     1.9534  0.000e+00
     18.409    13.8722   3.829077    31.7205        156     0.6458     1.9502  0.000e+00
     18.544    13.8752   3.828852    31.7159        157     0.6500     1.9503  0.000e+00
     18.673    13.8762   3.828326    31.7102        158     0.6542     1.9503  0.000e+00
     18.797    13.8757   3.827261    31.7007        159     0.6583     1.9482  0.000e+00
     18.916    13.8727   3.825889    31.6905        160     0.6625     1.9449  0.000e+00
     19.042    13.8681   3.824625    31.6826        161     0.6667     1.9415  0.000e+00
     19.155    13.8636   3.823992    31.6804        162     0.6708     1.9397  0.000e+00
     19.272    13.8614   3.823754    31.6800        163     0.6750     1.9369  0.000e+00
     19.390    13.8599   3.823830    31.6819        164     0.6792     1.9348  0.000e+00
     19.507    13.8584   3.823817    31.6830        165     0.6833     1.9335  0.000e+00
     19.624    13.8576   3.823642    31.6819        166     0.6875     1.9333  0.000e+00
     19.737    13.8572   3.823573    31.6816        167     0.6917     1.9336  0.000e+00
     19.858    13.8567   3.823598    31.6822        168     0.6958     1.9348  0.000e+00
     19.973    13.8564   3.824356    31.6894        169     0.7000     1.9359  0.000e+00
     20.093    13.8556   3.825890    31.7041        170     0.7042     1.9367  0.000e+00
     20.212    13.8538   3.826880    31.7147        171     0.7083     1.9370  0.000e+00
     20.337    13.8481   3.827412    31.7243        172     0.7125     1.9373  0.000e+00
     20.458    13.8400   3.827932    31.7358        173     0.7167     1.9376  0.000e+00
     20.580    13.8374   3.828446    31.7426        174     0.7208     1.9374  0.000e+00
     20.704    13.8359   3.828809    31.7471        175     0.7250     1.9377  0.000e+00
     20.821    13.8331   3.829079    31.7519        176     0.7292     1.9372  0.000e+00
     20.941    13.8315   3.829367    31.7558        177     0.7333     1.9381  0.000e+00
     21.062    13.8313   3.829686    31.7588        178     0.7375     1.9370  0.000e+00
     21.184    13.8335   3.830062    31.7605        179     0.7417     1.9350  0.000e+00
     21.302    13.8385   3.830463    31.7600        180     0.7458     1.9333  0.000e+00
     21.432    13.8433   3.831002    31.7610        181     0.7500     1.9294  0.000e+00
     21.556    13.8486   3.830958    31.7561        182     0.7542     1.9257  0.000e+00
     21.685    13.8539   3.878496    32.1907        183     0.7583     1.9231  0.000e+00
     21.820    14.0137   3.971532    32.9153        184     0.7625     1.9193  0.000e+00
     21.951    14.5483   3.975411    32.4983        185     0.7667     1.9237  0.000e+00
     22.088    14.9942   3.976435    32.1374        186     0.7708     1.9643  0.000e+00
     22.224    15.2477   3.977227    31.9370        187     0.7750     2.0429  0.000e+00
     22.361    15.3797   3.977747    31.8344        188     0.7792     2.1422  0.000e+00
     22.499    15.4474   3.977957    31.7815        189     0.7833     2.2401  0.000e+00
