PC2305/sbe024.cnv
* Sea-Bird SBE 19plus V2 Data File:
* FileName = C:\cruise\data\sbe024.hex
* Software Version Seasave V 7.26.7.121
* Temperature SN = 7142
* Conductivity SN = 7142
* System UpLoad Time = Oct 29 2023 13:26:49
** Cruise: PC2205
** Program: ECOMON
# nquan = 8
# nvalues = 1702                                  
# units = specified
# name 0 = depSM: Depth [salt water, m], lat = 40.00
# name 1 = tv290C: Temperature [ITS-90, deg C]
# name 2 = c0S/m: Conductivity [S/m]
# name 3 = sal00: Salinity, Practical [PSU]
# name 4 = scan: Scan Count
# name 5 = timeM: Time, Elapsed [minutes]
# name 6 = sbeox0V: Oxygen raw, SBE 43 [V]
# name 7 = flag:  0.000e+00
# span 0 =     -0.006,     73.241                 
# span 1 =    10.9927,    17.0820                 
# span 2 =   0.092356,   4.286736                 
# span 3 =     0.5598,    33.2587                 
# span 4 =         11,       1712                 
# span 5 =     0.0417,     7.1292                 
# span 6 =     1.9371,     2.9331                 
# span 7 = 0.0000e+00, 0.0000e+00                 
# interval = seconds: 0.25
# start_time = Oct 29 2023 13:26:49 [System UTC, header]
# bad_flag = -9.990e-29
*END*
[from data line 360]
     50.050    14.6243   4.013444    32.7700        371     1.5417     2.5044  0.000e+00
     50.208    14.5588   4.001925    32.7202        372     1.5458     2.4997  0.000e+00
     50.361    14.4828   3.995486    32.7255        373     1.5500     2.4948  0.000e+00
     50.516    14.3997   3.996807    32.8078        374     1.5542     2.4877  0.000e+00
     50.663    14.3514   3.993627    32.8195        375     1.5583     2.4816  0.000e+00
     50.809    14.3168   3.986550    32.7839        376     1.5625     2.4766  0.000e+00
     50.947    14.2682   3.985678    32.8172        377     1.5667     2.4722  0.000e+00
     51.089    14.2254   3.988054    32.8753        378     1.5708     2.4673  0.000e+00
     51.222    14.2091   3.983680    32.8489        379     1.5750     2.4607  0.000e+00
     51.355    14.1930   3.981172    32.8395        380     1.5792     2.4567  0.000e+00
     51.490    14.1645   3.978964    32.8434        381     1.5833     2.4520  0.000e+00
     51.619    14.1385   3.974327    32.8227        382     1.5875     2.4475  0.000e+00
     51.756    14.1035   3.974938    32.8582        383     1.5917     2.4438  0.000e+00
     51.896    14.0775   3.974614    32.8773        384     1.5958     2.4399  0.000e+00
     52.038    14.0619   3.971988    32.8664        385     1.6000     2.4352  0.000e+00
     52.184    14.0440   3.971753    32.8794        386     1.6042     2.4322  0.000e+00
     52.326    14.0294   3.971963    32.8938        387     1.6083     2.4283  0.000e+00
     52.475    14.0204   3.972058    32.9022        388     1.6125     2.4253  0.000e+00
     52.626    14.0164   3.969789    32.8846        389     1.6167     2.4225  0.000e+00
     52.766    14.0023   3.967990    32.8800        390     1.6208     2.4203  0.000e+00
     52.904    13.9795   3.968391    32.9031        391     1.6250     2.4180  0.000e+00
     53.039    13.9645   3.966078    32.8946        392     1.6292     2.4164  0.000e+00
     53.169    13.9470   3.963765    32.8881        393     1.6333     2.4142  0.000e+00
     53.291    13.9227   3.961688    32.8896        394     1.6375     2.4148  0.000e+00
     53.413    13.8945   3.960126    32.8992        395     1.6417     2.4124  0.000e+00
     53.534    13.8664   3.955466    32.8801        396     1.6458     2.4093  0.000e+00
     53.654    13.8285   3.952807    32.8878        397     1.6500     2.4086  0.000e+00
     53.773    13.7843   3.950466    32.9039        398     1.6542     2.4063  0.000e+00
     53.889    13.7470   3.949008    32.9224        399     1.6583     2.4063  0.000e+00
     54.013    13.7160   3.948329    32.9427        400     1.6625     2.4038  0.000e+00
     54.137    13.6942   3.944227    32.9231        401     1.6667     2.4045  0.000e+00
     54.270    13.6666   3.937299    32.8823        402     1.6708     2.4033  0.000e+00
     54.403    13.6208   3.933708    32.8882        403     1.6750     2.4016  0.000e+00
     54.540    13.5748   3.926295    32.8586        404     1.6792     2.3980  0.000e+00
     54.687    13.5184   3.926112    32.9053        405     1.6833     2.3963  0.000e+00
     54.829    13.4779   3.932602    33.0009        406     1.6875     2.3930  0.000e+00
     54.982    13.4741   3.927638    32.9577        407     1.6917     2.3897  0.000e+00
     55.137    13.4798   3.927980    32.9559        408     1.6958     2.3863  0.000e+00
     55.295    13.4777   3.925835    32.9376        409     1.7000     2.3843  0.000e+00
     55.455    13.4670   3.918174    32.8751        410     1.7042     2.3808  0.000e+00
     55.620    13.4359   3.917264    32.8933        411     1.7083     2.3775  0.000e+00
     55.788    13.3984   3.921432    32.9647        412     1.7125     2.3727  0.000e+00
     55.955    13.3914   3.919497    32.9525        413     1.7167     2.3683  0.000e+00
     56.124    13.3888   3.920926    32.9681        414     1.7208     2.3658  0.000e+00
     56.291    13.3926   3.910236    32.8646        415     1.7250     2.3612  0.000e+00
     56.454    13.3618   3.907735    32.8676        416     1.7292     2.3584  0.000e+00
     56.616    13.3158   3.897099    32.8074        417     1.7333     2.3539  0.000e+00
     56.765    13.2495   3.880255    32.7063        418     1.7375     2.3537  0.000e+00
     56.913    13.1424   3.886267    32.8553        419     1.7417     2.3455  0.000e+00
     57.055    13.0742   3.873716    32.7959        420     1.7458     2.3422  0.000e+00
     57.188    13.0079   3.862564    32.7478        421     1.7500     2.3379  0.000e+00
     57.314    12.9224   3.857204    32.7710        422     1.7542     2.3304  0.000e+00
     57.443    12.8383   3.846115    32.7388        423     1.7583     2.3227  0.000e+00
     57.569    12.7527   3.833674    32.6948        424     1.7625     2.3164  0.000e+00
     57.693    12.6435   3.831287    32.7668        425     1.7667     2.3082  0.000e+00
     57.820    12.5587   3.828168    32.8108        426     1.7708     2.3004  0.000e+00
     57.939    12.4967   3.823322    32.8186        427     1.7750     2.2917  0.000e+00
     58.061    12.4454   3.818291    32.8152        428     1.7792     2.2842  0.000e+00
     58.189    12.3952   3.816145    32.8385        429     1.7833     2.2739  0.000e+00
     58.304    12.3459   3.810098    32.8236        430     1.7875     2.2659  0.000e+00
     58.421    12.2987   3.805443    32.8202        431     1.7917     2.2548  0.000e+00
     58.536    12.2503   3.796955    32.7809        432     1.7958     2.2475  0.000e+00
     58.649    12.1826   3.791719    32.7898        433     1.8000     2.2386  0.000e+00
     58.764    12.1140   3.781648    32.7528        434     1.8042     2.2289  0.000e+00
     58.876    12.0334   3.777437    32.7828        435     1.8083     2.2226  0.000e+00
     58.994    11.9576   3.780267    32.8769        436     1.8125     2.2124  0.000e+00
     59.120    11.9196   3.782000    32.9272        437     1.8167     2.2048  0.000e+00
     59.251    11.9081   3.784301    32.9596        438     1.8208     2.1975  0.000e+00
     59.386    11.9106   3.791373    33.0259        439     1.8250     2.1924  0.000e+00
     59.528    11.9422   3.791417    32.9983        440     1.8292     2.1866  0.000e+00
     59.677    11.9732   3.795592    33.0112        441     1.8333     2.1820  0.000e+00
     59.837    12.0089   3.792945    32.9540        442     1.8375     2.1779  0.000e+00
     60.003    12.0217   3.789600    32.9102        443     1.8417     2.1745  0.000e+00
     60.173    12.0138   3.789282    32.9140        444     1.8458     2.1714  0.000e+00
     60.348    12.0008   3.787898    32.9120        445     1.8500     2.1686  0.000e+00
     60.526    11.9891   3.787112    32.9147        446     1.8542     2.1660  0.000e+00
     60.707    11.9766   3.784263    32.8980        447     1.8583     2.1627  0.000e+00
     60.887    11.9565   3.780660    32.8808        448     1.8625     2.1598  0.000e+00
     61.065    11.9262   3.776436    32.8666        449     1.8667     2.1567  0.000e+00
     61.239    11.8877   3.771896    32.8564        450     1.8708     2.1544  0.000e+00
     61.410    11.8438   3.771044    32.8869        451     1.8750     2.1523  0.000e+00
     61.572    11.8082   3.767409    32.8829        452     1.8792     2.1492  0.000e+00
     61.719    11.7742   3.765132    32.8909        453     1.8833     2.1482  0.000e+00
     61.870    11.7397   3.761431    32.8853        454     1.8875     2.1443  0.000e+00
     62.021    11.7043   3.749790    32.8032        455     1.8917     2.1414  0.000e+00
     62.158    11.6358   3.744841    32.8155        456     1.8958     2.1369  0.000e+00
     62.296    11.5584   3.740045    32.8371        457     1.9000     2.1317  0.000e+00
     62.426    11.4916   3.736397    32.8606        458     1.9042     2.1271  0.000e+00
     62.553    11.4338   3.733700    32.8856        459     1.9083     2.1210  0.000e+00
     62.675    11.3843   3.730118    32.8944        460     1.9125     2.1148  0.000e+00
     62.794    11.3416   3.728668    32.9181        461     1.9167     2.1073  0.000e+00
     62.907    11.3060   3.726053    32.9242        462     1.9208     2.0990  0.000e+00
     63.022    11.2753   3.721848    32.9101        463     1.9250     2.0901  0.000e+00
     63.128    11.2391   3.719817    32.9224        464     1.9292     2.0800  0.000e+00
     63.236    11.2056   3.719409    32.9483        465     1.9333     2.0715  0.000e+00
     63.342    11.1828   3.718821    32.9628        466     1.9375     2.0609  0.000e+00
     63.443    11.1677   3.718171    32.9698        467     1.9417     2.0503  0.000e+00
     63.547    11.1567   3.717373    32.9718        468     1.9458     2.0411  0.000e+00
     63.655    11.1477   3.716760    32.9738        469     1.9500     2.0328  0.000e+00
     63.763    11.1399   3.716828    32.9814        470     1.9542     2.0241  0.000e+00
     63.876    11.1348   3.716767    32.9853        471     1.9583     2.0160  0.000e+00
     63.993    11.1324   3.716810    32.9878        472     1.9625     2.0094  0.000e+00
     64.115    11.1314   3.717757    32.9980        473     1.9667     2.0032  0.000e+00
     64.241    11.1340   3.717689    32.9950        474     1.9708     1.9980  0.000e+00
     64.365    11.1378   3.718370    32.9982        475     1.9750     1.9923  0.000e+00
     64.496    11.1425   3.717392    32.9843        476     1.9792     1.9866  0.000e+00
     64.631    11.1435   3.718030    32.9897        477     1.9833     1.9823  0.000e+00
     64.769    11.1440   3.719392    33.0026        478     1.9875     1.9790  0.000e+00
     64.913    11.1505   3.719144    32.9943        479     1.9917     1.9767  0.000e+00
     65.053    11.1568   3.719231    32.9894        480     1.9958     1.9732  0.000e+00
     65.206    11.1594   3.719323    32.9879        481     2.0000     1.9725  0.000e+00
     65.359    11.1611   3.718940    32.9826        482     2.0042     1.9706  0.000e+00
     65.514    11.1610   3.719051    32.9837        483     2.0083     1.9709  0.000e+00
     65.665    11.1601   3.718859    32.9825        484     2.0125     1.9707  0.000e+00
     65.821    11.1595   3.718352    32.9780        485     2.0167     1.9694  0.000e+00
     65.974    11.1571   3.717058    32.9673        486     2.0208     1.9683  0.000e+00
     66.130    11.1505   3.716291    32.9656        487     2.0250     1.9688  0.000e+00
     66.288    11.1409   3.716142    32.9726        488     2.0292     1.9687  0.000e+00
     66.443    11.1340   3.715975    32.9771        489     2.0333     1.9670  0.000e+00
     66.598    11.1295   3.715951    32.9808        490     2.0375     1.9659  0.000e+00
     66.747    11.1268   3.715858    32.9822        491     2.0417     1.9651  0.000e+00
     66.901    11.1254   3.715363    32.9785        492     2.0458     1.9651  0.000e+00
     67.054    11.1228   3.714750    32.9748        493     2.0500     1.9641  0.000e+00
     67.216    11.1181   3.714639    32.9778        494     2.0542     1.9626  0.000e+00
     67.379    11.1144   3.714528    32.9800        495     2.0583     1.9632  0.000e+00
     67.541    11.1117   3.714664    32.9836        496     2.0625     1.9621  0.000e+00
     67.705    11.1110   3.714844    32.9859        497     2.0667     1.9614  0.000e+00
     67.876    11.1117   3.715159    32.9884        498     2.0708     1.9602  0.000e+00
     68.045    11.1136   3.714435    32.9794        499     2.0750     1.9602  0.000e+00
     68.208    11.1131   3.714571    32.9812        500     2.0792     1.9596  0.000e+00
     68.370    11.1115   3.714114    32.9780        501     2.0833     1.9582  0.000e+00
     68.528    11.1090   3.713823    32.9773        502     2.0875     1.9577  0.000e+00
     68.686    11.1059   3.713260    32.9744        503     2.0917     1.9568  0.000e+00
     68.832    11.1018   3.712400    32.9696        504     2.0958     1.9567  0.000e+00
     68.972    11.0939   3.712425    32.9769        505     2.1000     1.9560  0.000e+00
     69.107    11.0872   3.712493    32.9835        506     2.1042     1.9548  0.000e+00
     69.236    11.0825   3.712060    32.9833        507     2.1083     1.9537  0.000e+00
     69.351    11.0755   3.711386    32.9829        508     2.1125     1.9538  0.000e+00
     69.463    11.0656   3.711201    32.9899        509     2.1167     1.9523  0.000e+00
     69.560    11.0561   3.710663    32.9930        510     2.1208     1.9524  0.000e+00
     69.653    11.0461   3.710211    32.9975        511     2.1250     1.9505  0.000e+00
     69.736    11.0363   3.710168    33.0059        512     2.1292     1.9505  0.000e+00
     69.821    11.0288   3.710187    33.0128        513     2.1333     1.9506  0.000e+00
     69.892    11.0235   3.710075    33.0164        514     2.1375     1.9493  0.000e+00
     69.972    11.0193   3.710100    33.0204        515     2.1417     1.9498  0.000e+00
     70.047    11.0156   3.710212    33.0248        516     2.1458     1.9484  0.000e+00
     70.133    11.0127   3.710323    33.0285        517     2.1500     1.9481  0.000e+00
     70.225    11.0108   3.710527    33.0322        518     2.1542     1.9480  0.000e+00
     70.331    11.0098   3.711245    33.0401        519     2.1583     1.9481  0.000e+00
     70.439    11.0118   3.711294    33.0388        520     2.1625     1.9480  0.000e+00
     70.559    11.0146   3.711202    33.0353        521     2.1667     1.9459  0.000e+00
     70.682    11.0156   3.711115    33.0335        522     2.1708     1.9449  0.000e+00
     70.815    11.0167   3.711140    33.0327        523     2.1750     1.9462  0.000e+00
     70.957    11.0181   3.711115    33.0311        524     2.1792     1.9444  0.000e+00
     71.108    11.0183   3.711090    33.0306        525     2.1833     1.9436  0.000e+00
     71.264    11.0185   3.710936    33.0289        526     2.1875     1.9425  0.000e+00
     71.431    11.0197   3.710886    33.0272        527     2.1917     1.9428  0.000e+00
     71.604    11.0208   3.711202    33.0292        528     2.1958     1.9421  0.000e+00
     71.785    11.0202   3.711456    33.0322        529     2.2000     1.9403  0.000e+00
     71.970    11.0193   3.712062    33.0389        530     2.2042     1.9407  0.000e+00
     72.161    11.0183   3.712087    33.0400        531     2.2083     1.9400  0.000e+00
     72.357    11.0163   3.712019    33.0411        532     2.2125     1.9403  0.000e+00
     72.560    11.0144   3.712495    33.0474        533     2.2167     1.9398  0.000e+00
     72.763    11.0128   3.712767    33.0514        534     2.2208     1.9398  0.000e+00
     72.979    11.0114   3.712966    33.0546        535     2.2250     1.9393  0.000e+00
     73.115    11.0101   3.713485    33.0608        536     2.2292     1.9400  0.000e+00
     73.216    11.0087   3.715280    33.0799        537     2.2333     1.9403  0.000e+00
     73.241    11.0076   3.717174    33.0996        538     2.2375     1.9409  0.000e+00
     73.207    11.0082   3.717626    33.1036        539     2.2417     1.9403  0.000e+00
     73.173    11.0087   3.717539    33.1023        540     2.2458     1.9408  0.000e+00
     73.169    11.0087   3.717483    33.1017        541     2.2500     1.9401  0.000e+00
     73.177    11.0088   3.717626    33.1030        542     2.2542     1.9405  0.000e+00
     73.162    11.0088   3.717291    33.0997        543     2.2583     1.9411  0.000e+00
     73.139    11.0089   3.717223    33.0990        544     2.2625     1.9401  0.000e+00
     73.035    11.0084   3.716598    33.0933        545     2.2667     1.9400  0.000e+00
     72.905    11.0076   3.716381    33.0919        546     2.2708     1.9395  0.000e+00
     72.733    11.0068   3.715862    33.0876        547     2.2750     1.9393  0.000e+00
     72.547    11.0055   3.715385    33.0840        548     2.2792     1.9392  0.000e+00
     72.387    11.0040   3.714710    33.0788        549     2.2833     1.9389  0.000e+00
