PC2305/sbe082.cnv
* Sea-Bird SBE 19plus V2 Data File:
* FileName = C:\cruise\data\sbe082.hex
* Software Version Seasave V 7.26.7.121
* Temperature SN = 7142
* Conductivity SN = 7142
* System UpLoad Time = Nov 04 2023 03:25:07
** Cruise: PC2205
** Program: ECOMON
# nquan = 8
# nvalues = 1636                                  
# units = specified
# name 0 = depSM: Depth [salt water, m], lat = 40.00
# name 1 = tv290C: Temperature [ITS-90, deg C]
# name 2 = c0S/m: Conductivity [S/m]
# name 3 = sal00: Salinity, Practical [PSU]
# name 4 = scan: Scan Count
# name 5 = timeM: Time, Elapsed [minutes]
# name 6 = sbeox0V: Oxygen raw, SBE 43 [V]
# name 7 = flag:  0.000e+00
# span 0 =      0.077,     58.504                 
# span 1 =    13.3598,    13.7965                 
# span 2 =   0.000031,   3.869100                 
# span 3 =     0.0069,    32.1847                 
# span 4 =         11,       1646                 
# span 5 =     0.0417,     6.8542                 
# span 6 =     2.2908,     2.9451                 
# span 7 = 0.0000e+00, 0.0000e+00                 
# interval = seconds: 0.25
# start_time = Nov 04 2023 03:25:07 [System UTC, header]
# bad_flag = -9.990e-29
*END*
[from data line 720]
     51.237    13.7754   3.868872    32.1560        731     3.0417     2.4312  0.000e+00
     51.165    13.7761   3.868878    32.1554        732     3.0458     2.4306  0.000e+00
     51.104    13.7765   3.868891    32.1552        733     3.0500     2.4300  0.000e+00
     51.048    13.7766   3.868891    32.1551        734     3.0542     2.4293  0.000e+00
     50.998    13.7768   3.868878    32.1549        735     3.0583     2.4292  0.000e+00
     50.951    13.7770   3.868847    32.1545        736     3.0625     2.4301  0.000e+00
     50.899    13.7775   3.868878    32.1544        737     3.0667     2.4312  0.000e+00
     50.851    13.7778   3.868847    32.1538        738     3.0708     2.4300  0.000e+00
     50.800    13.7781   3.868847    32.1536        739     3.0750     2.4305  0.000e+00
     50.735    13.7782   3.868853    32.1536        740     3.0792     2.4296  0.000e+00
     50.676    13.7784   3.868822    32.1532        741     3.0833     2.4285  0.000e+00
     50.601    13.7789   3.868809    32.1526        742     3.0875     2.4277  0.000e+00
     50.520    13.7796   3.868778    32.1518        743     3.0917     2.4273  0.000e+00
     50.432    13.7799   3.868708    32.1510        744     3.0958     2.4276  0.000e+00
     50.345    13.7809   3.868639    32.1495        745     3.1000     2.4287  0.000e+00
     50.248    13.7817   3.868620    32.1487        746     3.1042     2.4296  0.000e+00
     50.160    13.7821   3.868475    32.1471        747     3.1083     2.4306  0.000e+00
     50.072    13.7830   3.868463    32.1462        748     3.1125     2.4317  0.000e+00
     49.993    13.7840   3.868305    32.1440        749     3.1167     2.4327  0.000e+00
     49.919    13.7851   3.868117    32.1413        750     3.1208     2.4336  0.000e+00
     49.851    13.7863   3.867959    32.1389        751     3.1250     2.4336  0.000e+00
     49.794    13.7876   3.867764    32.1360        752     3.1292     2.4345  0.000e+00
     49.738    13.7886   3.867733    32.1349        753     3.1333     2.4351  0.000e+00
     49.689    13.7891   3.867783    32.1350        754     3.1375     2.4360  0.000e+00
     49.643    13.7895   3.867714    32.1341        755     3.1417     2.4385  0.000e+00
     49.601    13.7896   3.867620    32.1331        756     3.1458     2.4388  0.000e+00
     49.558    13.7898   3.867500    32.1318        757     3.1500     2.4397  0.000e+00
     49.515    13.7899   3.867488    32.1316        758     3.1542     2.4410  0.000e+00
     49.472    13.7901   3.867462    32.1312        759     3.1583     2.4420  0.000e+00
     49.422    13.7903   3.867456    32.1311        760     3.1625     2.4418  0.000e+00
     49.366    13.7904   3.867374    32.1302        761     3.1667     2.4427  0.000e+00
     49.303    13.7906   3.867336    32.1298        762     3.1708     2.4435  0.000e+00
     49.238    13.7906   3.867374    32.1301        763     3.1750     2.4431  0.000e+00
     49.166    13.7907   3.866355    32.1206        764     3.1792     2.4459  0.000e+00
     49.091    13.7919   3.866028    32.1166        765     3.1833     2.4462  0.000e+00
     49.010    13.7934   3.866016    32.1153        766     3.1875     2.4482  0.000e+00
     48.931    13.7943   3.866060    32.1149        767     3.1917     2.4485  0.000e+00
     48.841    13.7949   3.866078    32.1147        768     3.1958     2.4502  0.000e+00
     48.758    13.7954   3.865971    32.1133        769     3.2000     2.4517  0.000e+00
     48.672    13.7955   3.865984    32.1133        770     3.2042     2.4544  0.000e+00
     48.582    13.7956   3.865877    32.1123        771     3.2083     2.4575  0.000e+00
     48.489    13.7958   3.865789    32.1114        772     3.2125     2.4598  0.000e+00
     48.397    13.7957   3.865506    32.1089        773     3.2167     2.4628  0.000e+00
     48.309    13.7957   3.865581    32.1096        774     3.2208     2.4646  0.000e+00
     48.221    13.7958   3.865959    32.1131        775     3.2250     2.4657  0.000e+00
     48.131    13.7956   3.865562    32.1096        776     3.2292     2.4676  0.000e+00
     48.039    13.7956   3.865518    32.1092        777     3.2333     2.4676  0.000e+00
     47.955    13.7957   3.865720    32.1111        778     3.2375     2.4688  0.000e+00
     47.874    13.7956   3.865720    32.1112        779     3.2417     2.4686  0.000e+00
     47.800    13.7955   3.865531    32.1095        780     3.2458     2.4682  0.000e+00
     47.736    13.7958   3.865675    32.1107        781     3.2500     2.4689  0.000e+00
     47.674    13.7955   3.865807    32.1121        782     3.2542     2.4693  0.000e+00
     47.626    13.7957   3.865600    32.1101        783     3.2583     2.4698  0.000e+00
     47.585    13.7958   3.865336    32.1075        784     3.2625     2.4699  0.000e+00
     47.550    13.7958   3.865317    32.1074        785     3.2667     2.4694  0.000e+00
     47.516    13.7958   3.865311    32.1073        786     3.2708     2.4704  0.000e+00
     47.480    13.7960   3.865336    32.1074        787     3.2750     2.4703  0.000e+00
     47.446    13.7960   3.865367    32.1077        788     3.2792     2.4708  0.000e+00
     47.400    13.7960   3.865606    32.1099        789     3.2833     2.4708  0.000e+00
     47.351    13.7961   3.865600    32.1098        790     3.2875     2.4706  0.000e+00
     47.288    13.7961   3.865631    32.1101        791     3.2917     2.4714  0.000e+00
     47.216    13.7962   3.865581    32.1096        792     3.2958     2.4729  0.000e+00
     47.135    13.7962   3.865581    32.1097        793     3.3000     2.4735  0.000e+00
     47.044    13.7963   3.865537    32.1092        794     3.3042     2.4739  0.000e+00
     46.938    13.7965   3.865078    32.1048        795     3.3083     2.4731  0.000e+00
     46.835    13.7963   3.864883    32.1032        796     3.3125     2.4722  0.000e+00
     46.727    13.7961   3.864726    32.1020        797     3.3167     2.4719  0.000e+00
     46.620    13.7958   3.864556    32.1007        798     3.3208     2.4713  0.000e+00
     46.519    13.7952   3.864273    32.0987        799     3.3250     2.4701  0.000e+00
     46.433    13.7945   3.864153    32.0982        800     3.3292     2.4706  0.000e+00
     46.355    13.7936   3.864090    32.0983        801     3.3333     2.4718  0.000e+00
     46.294    13.7929   3.864059    32.0987        802     3.3375     2.4727  0.000e+00
     46.246    13.7925   3.864065    32.0991        803     3.3417     2.4760  0.000e+00
     46.210    13.7923   3.863908    32.0978        804     3.3458     2.4768  0.000e+00
     46.181    13.7918   3.863612    32.0955        805     3.3500     2.4784  0.000e+00
     46.156    13.7912   3.863455    32.0946        806     3.3542     2.4791  0.000e+00
     46.127    13.7902   3.863399    32.0949        807     3.3583     2.4804  0.000e+00
     46.098    13.7895   3.863273    32.0944        808     3.3625     2.4831  0.000e+00
     46.057    13.7889   3.862845    32.0909        809     3.3667     2.4837  0.000e+00
     46.005    13.7880   3.862569    32.0891        810     3.3708     2.4851  0.000e+00
     45.935    13.7870   3.861940    32.0841        811     3.3750     2.4873  0.000e+00
     45.868    13.7855   3.861431    32.0807        812     3.3792     2.4886  0.000e+00
     45.786    13.7838   3.860966    32.0778        813     3.3833     2.4915  0.000e+00
     45.687    13.7822   3.860538    32.0753        814     3.3875     2.4918  0.000e+00
     45.573    13.7808   3.860482    32.0760        815     3.3917     2.4925  0.000e+00
     45.449    13.7800   3.860331    32.0753        816     3.3958     2.5004  0.000e+00
     45.324    13.7793   3.860010    32.0730        817     3.4000     2.5014  0.000e+00
     45.200    13.7789   3.859947    32.0728        818     3.4042     2.5047  0.000e+00
     45.081    13.7784   3.859834    32.0722        819     3.4083     2.5086  0.000e+00
     44.980    13.7780   3.859960    32.0737        820     3.4125     2.5117  0.000e+00
     44.881    13.7780   3.859947    32.0736        821     3.4167     2.5160  0.000e+00
     44.804    13.7782   3.859985    32.0739        822     3.4208     2.5201  0.000e+00
     44.743    13.7783   3.859991    32.0739        823     3.4250     2.5233  0.000e+00
     44.691    13.7782   3.859985    32.0739        824     3.4292     2.5257  0.000e+00
     44.646    13.7784   3.859991    32.0738        825     3.4333     2.5286  0.000e+00
     44.605    13.7784   3.860041    32.0743        826     3.4375     2.5301  0.000e+00
     44.563    13.7786   3.860079    32.0745        827     3.4417     2.5319  0.000e+00
     44.520    13.7789   3.860060    32.0741        828     3.4458     2.5324  0.000e+00
     44.479    13.7790   3.860079    32.0742        829     3.4500     2.5331  0.000e+00
     44.430    13.7790   3.860060    32.0740        830     3.4542     2.5346  0.000e+00
     44.371    13.7790   3.860060    32.0740        831     3.4583     2.5343  0.000e+00
     44.308    13.7792   3.860054    32.0739        832     3.4625     2.5357  0.000e+00
     44.229    13.7790   3.860060    32.0741        833     3.4667     2.5370  0.000e+00
     44.152    13.7791   3.860054    32.0740        834     3.4708     2.5373  0.000e+00
     44.073    13.7791   3.860085    32.0743        835     3.4750     2.5359  0.000e+00
     43.995    13.7792   3.860085    32.0743        836     3.4792     2.5363  0.000e+00
     43.927    13.7792   3.860079    32.0743        837     3.4833     2.5345  0.000e+00
     43.868    13.7792   3.860060    32.0741        838     3.4875     2.5353  0.000e+00
     43.814    13.7792   3.860054    32.0740        839     3.4917     2.5351  0.000e+00
     43.769    13.7794   3.860016    32.0736        840     3.4958     2.5345  0.000e+00
     43.726    13.7795   3.859985    32.0732        841     3.5000     2.5364  0.000e+00
     43.681    13.7794   3.860041    32.0738        842     3.5042     2.5389  0.000e+00
     43.631    13.7795   3.860016    32.0736        843     3.5083     2.5389  0.000e+00
     43.580    13.7796   3.860010    32.0734        844     3.5125     2.5389  0.000e+00
     43.521    13.7797   3.860060    32.0738        845     3.5167     2.5395  0.000e+00
     43.453    13.7796   3.859915    32.0726        846     3.5208     2.5399  0.000e+00
     43.368    13.7795   3.859878    32.0723        847     3.5250     2.5389  0.000e+00
     43.282    13.7796   3.859928    32.0727        848     3.5292     2.5384  0.000e+00
     43.187    13.7797   3.859771    32.0713        849     3.5333     2.5399  0.000e+00
     43.079    13.7796   3.859972    32.0732        850     3.5375     2.5397  0.000e+00
     42.964    13.7797   3.859865    32.0722        851     3.5417     2.5414  0.000e+00
     42.847    13.7796   3.859701    32.0708        852     3.5458     2.5404  0.000e+00
     42.734    13.7794   3.859085    32.0654        853     3.5500     2.5405  0.000e+00
     42.631    13.7791   3.859067    32.0655        854     3.5542     2.5405  0.000e+00
     42.523    13.7792   3.859067    32.0654        855     3.5583     2.5412  0.000e+00
     42.424    13.7795   3.859010    32.0647        856     3.5625     2.5418  0.000e+00
     42.335    13.7796   3.858978    32.0643        857     3.5667     2.5433  0.000e+00
     42.247    13.7798   3.858941    32.0638        858     3.5708     2.5440  0.000e+00
     42.162    13.7800   3.858978    32.0641        859     3.5750     2.5443  0.000e+00
     42.083    13.7801   3.859022    32.0644        860     3.5792     2.5447  0.000e+00
     42.011    13.7803   3.859035    32.0644        861     3.5833     2.5459  0.000e+00
     41.934    13.7805   3.858997    32.0639        862     3.5875     2.5455  0.000e+00
     41.853    13.7807   3.858871    32.0626        863     3.5917     2.5450  0.000e+00
     41.777    13.7805   3.858708    32.0613        864     3.5958     2.5456  0.000e+00
     41.702    13.7805   3.858683    32.0611        865     3.6000     2.5453  0.000e+00
     41.627    13.7803   3.858658    32.0611        866     3.6042     2.5450  0.000e+00
     41.549    13.7801   3.858658    32.0612        867     3.6083     2.5442  0.000e+00
     41.477    13.7801   3.858752    32.0621        868     3.6125     2.5443  0.000e+00
     41.413    13.7803   3.858796    32.0624        869     3.6167     2.5446  0.000e+00
     41.348    13.7805   3.858802    32.0623        870     3.6208     2.5444  0.000e+00
     41.281    13.7808   3.858796    32.0621        871     3.6250     2.5455  0.000e+00
     41.226    13.7810   3.858752    32.0615        872     3.6292     2.5465  0.000e+00
     41.168    13.7809   3.858538    32.0596        873     3.6333     2.5471  0.000e+00
     41.111    13.7808   3.858456    32.0590        874     3.6375     2.5474  0.000e+00
     41.053    13.7806   3.858350    32.0581        875     3.6417     2.5470  0.000e+00
     40.992    13.7806   3.858318    32.0579        876     3.6458     2.5466  0.000e+00
     40.936    13.7808   3.858255    32.0572        877     3.6500     2.5460  0.000e+00
     40.875    13.7809   3.858205    32.0567        878     3.6542     2.5456  0.000e+00
     40.816    13.7810   3.858142    32.0560        879     3.6583     2.5457  0.000e+00
     40.749    13.7808   3.857998    32.0549        880     3.6625     2.5459  0.000e+00
     40.685    13.7807   3.857960    32.0546        881     3.6667     2.5463  0.000e+00
     40.611    13.7805   3.857878    32.0541        882     3.6708     2.5477  0.000e+00
     40.532    13.7803   3.857803    32.0535        883     3.6750     2.5467  0.000e+00
     40.451    13.7801   3.857759    32.0533        884     3.6792     2.5487  0.000e+00
     40.356    13.7798   3.857639    32.0525        885     3.6833     2.5484  0.000e+00
     40.252    13.7793   3.857595    32.0526        886     3.6875     2.5477  0.000e+00
     40.133    13.7789   3.857400    32.0512        887     3.6917     2.5475  0.000e+00
     40.012    13.7786   3.857532    32.0527        888     3.6958     2.5460  0.000e+00
     39.888    13.7783   3.857331    32.0511        889     3.7000     2.5463  0.000e+00
     39.754    13.7780   3.857143    32.0497        890     3.7042     2.5465  0.000e+00
     39.633    13.7775   3.857080    32.0496        891     3.7083     2.5473  0.000e+00
     39.511    13.7769   3.856288    32.0428        892     3.7125     2.5479  0.000e+00
     39.401    13.7753   3.856037    32.0418        893     3.7167     2.5503  0.000e+00
     39.306    13.7732   3.855698    32.0405        894     3.7208     2.5502  0.000e+00
     39.218    13.7712   3.855522    32.0406        895     3.7250     2.5522  0.000e+00
     39.148    13.7694   3.855296    32.0400        896     3.7292     2.5539  0.000e+00
     39.078    13.7679   3.853713    32.0267        897     3.7333     2.5560  0.000e+00
     39.015    13.7648   3.853103    32.0236        898     3.7375     2.5573  0.000e+00
     38.956    13.7608   3.852771    32.0239        899     3.7417     2.5583  0.000e+00
     38.891    13.7578   3.852720    32.0260        900     3.7458     2.5598  0.000e+00
     38.823    13.7558   3.852695    32.0274        901     3.7500     2.5620  0.000e+00
     38.756    13.7549   3.852745    32.0287        902     3.7542     2.5654  0.000e+00
     38.674    13.7542   3.852745    32.0293        903     3.7583     2.5680  0.000e+00
     38.595    13.7541   3.852771    32.0296        904     3.7625     2.5709  0.000e+00
     38.501    13.7545   3.852745    32.0291        905     3.7667     2.5768  0.000e+00
     38.399    13.7545   3.852413    32.0261        906     3.7708     2.5804  0.000e+00
     38.296    13.7540   3.852180    32.0244        907     3.7750     2.5836  0.000e+00
     38.192    13.7529   3.852387    32.0272        908     3.7792     2.5856  0.000e+00
