PC2305/sbe053.cnv
* Sea-Bird SBE 19plus V2 Data File:
* FileName = C:\cruise\data\sbe053.hex
* Software Version Seasave V 7.26.7.121
* Temperature SN = 7142
* Conductivity SN = 7142
* System UpLoad Time = Nov 01 2023 08:32:19
** Cruise: PC2205
** Program: ECOMON
# nquan = 8
# nvalues = 1406                                  
# units = specified
# name 0 = depSM: Depth [salt water, m], lat = 40.00
# name 1 = tv290C: Temperature [ITS-90, deg C]
# name 2 = c0S/m: Conductivity [S/m]
# name 3 = sal00: Salinity, Practical [PSU]
# name 4 = scan: Scan Count
# name 5 = timeM: Time, Elapsed [minutes]
# name 6 = sbeox0V: Oxygen raw, SBE 43 [V]
# name 7 = flag:  0.000e+00
# span 0 =     -0.097,     19.663                 
# span 1 =    11.4566,    18.4619                 
# span 2 =   0.000059,   4.281285                 
# span 3 =     0.0059,    32.6900                 
# span 4 =         11,       1416                 
# span 5 =     0.0417,     5.8958                 
# span 6 =     2.3532,     3.1044                 
# span 7 = 0.0000e+00, 0.0000e+00                 
# interval = seconds: 0.25
# start_time = Nov 01 2023 08:32:19 [System UTC, header]
# bad_flag = -9.990e-29
*END*
[from data line 540]
     13.348    18.4496   4.278292    31.9954        551     2.2917     2.8245  0.000e+00
     13.291    18.4486   4.278214    31.9956        552     2.2958     2.8242  0.000e+00
     13.255    18.4482   4.278364    31.9971        553     2.3000     2.8228  0.000e+00
     13.213    18.4482   4.278364    31.9971        554     2.3042     2.8235  0.000e+00
     13.170    18.4481   4.278417    31.9976        555     2.3083     2.8231  0.000e+00
     13.122    18.4484   4.278364    31.9970        556     2.3125     2.8216  0.000e+00
     13.077    18.4480   4.278135    31.9954        557     2.3167     2.8213  0.000e+00
     13.026    18.4473   4.278194    31.9965        558     2.3208     2.8194  0.000e+00
     12.985    18.4467   4.278168    31.9968        559     2.3250     2.8186  0.000e+00
     12.938    18.4461   4.278312    31.9984        560     2.3292     2.8169  0.000e+00
     12.899    18.4459   4.278246    31.9981        561     2.3333     2.8153  0.000e+00
     12.850    18.4459   4.278417    31.9995        562     2.3375     2.8143  0.000e+00
     12.802    18.4465   4.278266    31.9978        563     2.3417     2.8148  0.000e+00
     12.755    18.4467   4.278469    31.9994        564     2.3458     2.8142  0.000e+00
     12.701    18.4469   4.278561    32.0000        565     2.3500     2.8142  0.000e+00
     12.651    18.4477   4.278587    31.9996        566     2.3542     2.8141  0.000e+00
     12.597    18.4482   4.278594    31.9993        567     2.3583     2.8155  0.000e+00
     12.548    18.4488   4.278515    31.9981        568     2.3625     2.8154  0.000e+00
     12.514    18.4489   4.278797    32.0004        569     2.3667     2.8168  0.000e+00
     12.489    18.4499   4.278561    31.9977        570     2.3708     2.8185  0.000e+00
     12.475    18.4498   4.278436    31.9968        571     2.3750     2.8182  0.000e+00
     12.466    18.4492   4.278521    31.9980        572     2.3792     2.8205  0.000e+00
     12.462    18.4491   4.278489    31.9978        573     2.3833     2.8210  0.000e+00
     12.466    18.4490   4.278443    31.9974        574     2.3875     2.8198  0.000e+00
     12.464    18.4488   4.278757    32.0002        575     2.3917     2.8187  0.000e+00
     12.464    18.4493   4.278521    31.9979        576     2.3958     2.8181  0.000e+00
     12.458    18.4494   4.278390    31.9967        577     2.4000     2.8176  0.000e+00
     12.448    18.4490   4.278462    31.9976        578     2.4042     2.8170  0.000e+00
     12.421    18.4489   4.278161    31.9952        579     2.4083     2.8166  0.000e+00
     12.379    18.4479   4.278659    32.0001        580     2.4125     2.8155  0.000e+00
     12.329    18.4487   4.278620    31.9992        581     2.4167     2.8144  0.000e+00
     12.281    18.4496   4.278167    31.9947        582     2.4208     2.8147  0.000e+00
     12.219    18.4487   4.278390    31.9973        583     2.4250     2.8146  0.000e+00
     12.146    18.4483   4.278495    31.9985        584     2.4292     2.8156  0.000e+00
     12.081    18.4488   4.278856    32.0011        585     2.4333     2.8161  0.000e+00
     12.015    18.4502   4.278646    31.9983        586     2.4375     2.8194  0.000e+00
     11.948    18.4509   4.278829    31.9994        587     2.4417     2.8192  0.000e+00
     11.887    18.4513   4.278239    31.9941        588     2.4458     2.8212  0.000e+00
     11.840    18.4502   4.277315    31.9873        589     2.4500     2.8218  0.000e+00
     11.803    18.4455   4.277879    31.9956        590     2.4542     2.8220  0.000e+00
     11.758    18.4430   4.278338    32.0015        591     2.4583     2.8225  0.000e+00
     11.740    18.4447   4.278266    31.9996        592     2.4625     2.8232  0.000e+00
     11.709    18.4461   4.278442    32.0000        593     2.4667     2.8215  0.000e+00
     11.695    18.4475   4.278587    32.0000        594     2.4708     2.8197  0.000e+00
     11.680    18.4485   4.278187    31.9960        595     2.4750     2.8168  0.000e+00
     11.673    18.4486   4.278416    31.9978        596     2.4792     2.8168  0.000e+00
     11.666    18.4487   4.278265    31.9965        597     2.4833     2.8164  0.000e+00
     11.661    18.4485   4.278364    31.9975        598     2.4875     2.8170  0.000e+00
     11.652    18.4487   4.278364    31.9973        599     2.4917     2.8169  0.000e+00
     11.643    18.4489   4.278213    31.9959        600     2.4958     2.8174  0.000e+00
     11.617    18.4488   4.277728    31.9919        601     2.5000     2.8191  0.000e+00
     11.581    18.4473   4.277557    31.9917        602     2.5042     2.8165  0.000e+00
     11.537    18.4460   4.277675    31.9937        603     2.5083     2.8175  0.000e+00
     11.481    18.4452   4.277780    31.9952        604     2.5125     2.8170  0.000e+00
     11.409    18.4448   4.277800    31.9957        605     2.5167     2.8181  0.000e+00
     11.341    18.4449   4.278023    31.9975        606     2.5208     2.8171  0.000e+00
     11.280    18.4453   4.278495    32.0012        607     2.5250     2.8169  0.000e+00
     11.215    18.4472   4.278291    31.9980        608     2.5292     2.8172  0.000e+00
     11.143    18.4485   4.278049    31.9950        609     2.5333     2.8177  0.000e+00
     11.089    18.4478   4.278029    31.9954        610     2.5375     2.8182  0.000e+00
     11.042    18.4473   4.277387    31.9905        611     2.5417     2.8181  0.000e+00
     11.003    18.4451   4.277315    31.9915        612     2.5458     2.8178  0.000e+00
     10.981    18.4426   4.277236    31.9929        613     2.5500     2.8161  0.000e+00
     10.965    18.4412   4.277675    31.9976        614     2.5542     2.8157  0.000e+00
     10.969    18.4411   4.277800    31.9987        615     2.5583     2.8146  0.000e+00
     10.988    18.4425   4.277924    31.9987        616     2.5625     2.8136  0.000e+00
     11.024    18.4442   4.277878    31.9969        617     2.5667     2.8136  0.000e+00
     11.057    18.4453   4.277852    31.9959        618     2.5708     2.8132  0.000e+00
     11.105    18.4462   4.277905    31.9956        619     2.5750     2.8144  0.000e+00
     11.148    18.4469   4.277878    31.9948        620     2.5792     2.8156  0.000e+00
     11.193    18.4474   4.277878    31.9944        621     2.5833     2.8165  0.000e+00
     11.229    18.4471   4.277800    31.9940        622     2.5875     2.8171  0.000e+00
     11.253    18.4470   4.277800    31.9940        623     2.5917     2.8175  0.000e+00
     11.263    18.4470   4.277774    31.9938        624     2.5958     2.8178  0.000e+00
     11.254    18.4470   4.277728    31.9934        625     2.6000     2.8191  0.000e+00
     11.215    18.4467   4.277721    31.9936        626     2.6042     2.8213  0.000e+00
     11.150    18.4467   4.277754    31.9940        627     2.6083     2.8226  0.000e+00
     11.058    18.4464   4.277780    31.9944        628     2.6125     2.8216  0.000e+00
     10.958    18.4464   4.277721    31.9939        629     2.6167     2.8225  0.000e+00
     10.828    18.4466   4.277780    31.9944        630     2.6208     2.8218  0.000e+00
     10.694    18.4467   4.277773    31.9943        631     2.6250     2.8216  0.000e+00
     10.548    18.4458   4.278022    31.9971        632     2.6292     2.8212  0.000e+00
     10.424    18.4462   4.278167    31.9980        633     2.6333     2.8210  0.000e+00
     10.298    18.4471   4.278645    32.0014        634     2.6375     2.8213  0.000e+00
     10.198    18.4486   4.278389    31.9981        635     2.6417     2.8208  0.000e+00
     10.115    18.4495   4.278494    31.9983        636     2.6458     2.8212  0.000e+00
     10.068    18.4503   4.278514    31.9978        637     2.6500     2.8212  0.000e+00
     10.048    18.4507   4.278619    31.9984        638     2.6542     2.8200  0.000e+00
     10.065    18.4508   4.278048    31.9936        639     2.6583     2.8172  0.000e+00
     10.108    18.4491   4.277996    31.9945        640     2.6625     2.8151  0.000e+00
     10.174    18.4475   4.277957    31.9953        641     2.6667     2.8149  0.000e+00
     10.259    18.4462   4.277799    31.9950        642     2.6708     2.8150  0.000e+00
     10.341    18.4453   4.277675    31.9947        643     2.6750     2.8150  0.000e+00
     10.428    18.4441   4.277485    31.9940        644     2.6792     2.8155  0.000e+00
     10.512    18.4429   4.277367    31.9938        645     2.6833     2.8153  0.000e+00
     10.586    18.4416   4.277413    31.9952        646     2.6875     2.8159  0.000e+00
     10.647    18.4407   4.277557    31.9971        647     2.6917     2.8144  0.000e+00
     10.695    18.4409   4.277852    31.9994        648     2.6958     2.8142  0.000e+00
     10.724    18.4420   4.277878    31.9988        649     2.7000     2.8151  0.000e+00
     10.715    18.4430   4.277341    31.9935        650     2.7042     2.8151  0.000e+00
     10.694    18.4424   4.278390    32.0027        651     2.7083     2.8158  0.000e+00
     10.656    18.4442   4.277924    31.9974        652     2.7125     2.8172  0.000e+00
     10.607    18.4461   4.277800    31.9950        653     2.7167     2.8171  0.000e+00
     10.561    18.4455   4.278514    32.0014        654     2.7208     2.8175  0.000e+00
     10.510    18.4473   4.278540    32.0003        655     2.7250     2.8169  0.000e+00
     10.456    18.4492   4.278265    31.9965        656     2.7292     2.8160  0.000e+00
     10.399    18.4496   4.277826    31.9925        657     2.7333     2.8168  0.000e+00
     10.354    18.4494   4.277262    31.9880        658     2.7375     2.8171  0.000e+00
     10.304    18.4461   4.277701    31.9942        659     2.7417     2.8177  0.000e+00
     10.257    18.4442   4.278055    31.9987        660     2.7458     2.8180  0.000e+00
     10.224    18.4454   4.277432    31.9926        661     2.7500     2.8198  0.000e+00
     10.194    18.4448   4.277006    31.9895        662     2.7542     2.8202  0.000e+00
     10.174    18.4423   4.277118    31.9923        663     2.7583     2.8205  0.000e+00
     10.151    18.4411   4.277236    31.9943        664     2.7625     2.8204  0.000e+00
     10.138    18.4412   4.277262    31.9944        665     2.7667     2.8208  0.000e+00
     10.133    18.4412   4.277334    31.9950        666     2.7708     2.8215  0.000e+00
     10.145    18.4416   4.277262    31.9941        667     2.7750     2.8194  0.000e+00
     10.174    18.4421   4.277314    31.9942        668     2.7792     2.8193  0.000e+00
     10.199    18.4423   4.277393    31.9946        669     2.7833     2.8205  0.000e+00
     10.228    18.4428   4.277314    31.9936        670     2.7875     2.8192  0.000e+00
     10.251    18.4426   4.277386    31.9944        671     2.7917     2.8187  0.000e+00
     10.266    18.4425   4.277439    31.9949        672     2.7958     2.8184  0.000e+00
     10.271    18.4426   4.277655    31.9966        673     2.8000     2.8191  0.000e+00
     10.271    18.4435   4.277721    31.9964        674     2.8042     2.8205  0.000e+00
     10.259    18.4446   4.277557    31.9942        675     2.8083     2.8207  0.000e+00
     10.239    18.4448   4.277675    31.9950        676     2.8125     2.8219  0.000e+00
     10.221    18.4449   4.277826    31.9962        677     2.8167     2.8229  0.000e+00
     10.187    18.4455   4.277458    31.9927        678     2.8208     2.8227  0.000e+00
     10.152    18.4448   4.277491    31.9935        679     2.8250     2.8231  0.000e+00
     10.118    18.4441   4.277504    31.9942        680     2.8292     2.8236  0.000e+00
     10.090    18.4438   4.277544    31.9948        681     2.8333     2.8220  0.000e+00
     10.063    18.4436   4.277557    31.9950        682     2.8375     2.8202  0.000e+00
     10.045    18.4438   4.277596    31.9952        683     2.8417     2.8194  0.000e+00
     10.032    18.4443   4.277603    31.9949        684     2.8458     2.8181  0.000e+00
     10.016    18.4444   4.277504    31.9940        685     2.8500     2.8166  0.000e+00
     10.005    18.4444   4.277544    31.9943        686     2.8542     2.8175  0.000e+00
      9.991    18.4439   4.277655    31.9957        687     2.8583     2.8182  0.000e+00
      9.978    18.4443   4.277059    31.9904        688     2.8625     2.8191  0.000e+00
      9.958    18.4448   4.277727    31.9956        689     2.8667     2.8210  0.000e+00
      9.935    18.4453   4.277583    31.9940        690     2.8708     2.8210  0.000e+00
      9.906    18.4458   4.277721    31.9948        691     2.8750     2.8206  0.000e+00
      9.874    18.4460   4.277701    31.9945        692     2.8792     2.8216  0.000e+00
      9.840    18.4460   4.277675    31.9943        693     2.8833     2.8217  0.000e+00
      9.806    18.4461   4.278120    31.9979        694     2.8875     2.8227  0.000e+00
      9.773    18.4470   4.278337    31.9990        695     2.8917     2.8232  0.000e+00
      9.748    18.4493   4.278710    32.0004        696     2.8958     2.8229  0.000e+00
      9.725    18.4513   4.278461    31.9967        697     2.9000     2.8249  0.000e+00
      9.723    18.4523   4.278566    31.9969        698     2.9042     2.8247  0.000e+00
      9.741    18.4530   4.278533    31.9960        699     2.9083     2.8243  0.000e+00
      9.779    18.4532   4.278442    31.9951        700     2.9125     2.8249  0.000e+00
      9.842    18.4531   4.278586    31.9964        701     2.9167     2.8231  0.000e+00
      9.917    18.4532   4.278684    31.9971        702     2.9208     2.8218  0.000e+00
     10.000    18.4537   4.278750    31.9972        703     2.9250     2.8205  0.000e+00
     10.080    18.4541   4.278783    31.9971        704     2.9292     2.8200  0.000e+00
     10.158    18.4545   4.278796    31.9969        705     2.9333     2.8202  0.000e+00
     10.228    18.4551   4.278855    31.9969        706     2.9375     2.8199  0.000e+00
     10.273    18.4552   4.278874    31.9969        707     2.9417     2.8182  0.000e+00
     10.293    18.4556   4.278711    31.9953        708     2.9458     2.8157  0.000e+00
     10.287    18.4553   4.278802    31.9963        709     2.9500     2.8146  0.000e+00
     10.249    18.4552   4.278848    31.9967        710     2.9542     2.8146  0.000e+00
     10.190    18.4556   4.278711    31.9953        711     2.9583     2.8136  0.000e+00
     10.111    18.4555   4.278468    31.9934        712     2.9625     2.8161  0.000e+00
      9.998    18.4547   4.277825    31.9887        713     2.9667     2.8194  0.000e+00
      9.872    18.4517   4.277825    31.9911        714     2.9708     2.8208  0.000e+00
      9.716    18.4492   4.277779    31.9927        715     2.9750     2.8223  0.000e+00
      9.538    18.4480   4.277779    31.9936        716     2.9792     2.8238  0.000e+00
      9.353    18.4474   4.277720    31.9938        717     2.9833     2.8233  0.000e+00
      9.216    18.4467   4.277655    31.9937        718     2.9875     2.8226  0.000e+00
      9.123    18.4465   4.277674    31.9941        719     2.9917     2.8226  0.000e+00
      9.103    18.4462   4.277681    31.9944        720     2.9958     2.8216  0.000e+00
      9.139    18.4463   4.277628    31.9939        721     3.0000     2.8220  0.000e+00
      9.238    18.4466   4.277701    31.9942        722     3.0042     2.8231  0.000e+00
      9.383    18.4465   4.277681    31.9941        723     3.0083     2.8225  0.000e+00
      9.543    18.4466   4.277648    31.9937        724     3.0125     2.8204  0.000e+00
      9.707    18.4461   4.277629    31.9938        725     3.0167     2.8204  0.000e+00
      9.859    18.4459   4.277648    31.9941        726     3.0208     2.8211  0.000e+00
      9.994    18.4457   4.277655    31.9943        727     3.0250     2.8194  0.000e+00
     10.111    18.4455   4.277681    31.9946        728     3.0292     2.8178  0.000e+00
     10.203    18.4456   4.277675    31.9944        729     3.0333     2.8152  0.000e+00
