PC2305/sbe081.cnv
* Sea-Bird SBE 19plus V2 Data File:
* FileName = C:\cruise\data\sbe081.hex
* Software Version Seasave V 7.26.7.121
* Temperature SN = 7142
* Conductivity SN = 7142
* System UpLoad Time = Nov 04 2023 00:15:46
** Cruise: PC2205
** Program: ECOMON
# nquan = 8
# nvalues = 2011                                  
# units = specified
# name 0 = depSM: Depth [salt water, m], lat = 40.00
# name 1 = tv290C: Temperature [ITS-90, deg C]
# name 2 = c0S/m: Conductivity [S/m]
# name 3 = sal00: Salinity, Practical [PSU]
# name 4 = scan: Scan Count
# name 5 = timeM: Time, Elapsed [minutes]
# name 6 = sbeox0V: Oxygen raw, SBE 43 [V]
# name 7 = flag:  0.000e+00
# span 0 =      0.075,     55.747                 
# span 1 =    12.1049,    14.9759                 
# span 2 =   0.000031,   3.961558                 
# span 3 =     0.0063,    32.4586                 
# span 4 =         11,       2021                 
# span 5 =     0.0417,     8.4167                 
# span 6 =     1.8288,     2.8547                 
# span 7 = 0.0000e+00, 0.0000e+00                 
# interval = seconds: 0.25
# start_time = Nov 04 2023 00:15:46 [System UTC, header]
# bad_flag = -9.990e-29
*END*
[from data line 1978]
      0.104    14.9187   2.910917    22.8001       1989     8.2833     2.7882  0.000e+00
      0.081    14.9132   1.012296     7.2261       1990     8.2875     2.7894  0.000e+00
      0.086    14.8967   0.477480     3.2314       1991     8.2917     2.7908  0.000e+00
      0.084    14.8394   0.378470     2.5273       1992     8.2958     2.7925  0.000e+00
      0.086    14.7913   0.321739     2.1299       1993     8.3000     2.7947  0.000e+00
      0.102    14.7774   0.480508     3.2631       1994     8.3042     2.7934  0.000e+00
      0.084    14.7817   1.496527    11.0633       1995     8.3083     2.7955  0.000e+00
      0.082    14.7893   0.756041     5.2964       1996     8.3125     2.8080  0.000e+00
      0.086    14.7906   0.462200     3.1298       1997     8.3167     2.8204  0.000e+00
      0.120    14.7891   0.387344     2.5936       1998     8.3208     2.8234  0.000e+00
      0.280    14.7916   1.135246     8.2024       1999     8.3250     2.8178  0.000e+00
      0.305    14.8102   3.497413    28.0033       2000     8.3292     2.8115  0.000e+00
      0.131    14.8538   3.594155    28.8315       2001     8.3333     2.8013  0.000e+00
      0.086    14.8896   3.760892    30.2931       2002     8.3375     2.7912  0.000e+00
      0.086    14.9059   2.239986    17.1092       2003     8.3417     2.7806  0.000e+00
      0.088    14.9077   1.365299     9.9839       2004     8.3458     2.7686  0.000e+00
      0.091    14.9078   0.836628     5.8871       2005     8.3500     2.7620  0.000e+00
      0.090    14.9109   0.790550     5.5391       2006     8.3542     2.7565  0.000e+00
      0.081    14.9131   0.935690     6.6390       2007     8.3583     2.7524  0.000e+00
      0.075    14.9140   0.660860     4.5707       2008     8.3625     2.7434  0.000e+00
      0.091    14.9144   1.110597     7.9854       2009     8.3667     2.7318  0.000e+00
      0.082    14.9124   1.956302    14.7553       2010     8.3708     2.7162  0.000e+00
      0.084    14.9101   1.565768    11.5819       2011     8.3750     2.6994  0.000e+00
      0.081    14.9078   1.065175     7.6349       2012     8.3792     2.6832  0.000e+00
      0.086    14.9002   0.623609     4.2970       2013     8.3833     2.6686  0.000e+00
      0.088    14.8905   0.451970     3.0483       2014     8.3875     2.6634  0.000e+00
      0.086    14.8834   0.353791     2.3501       2015     8.3917     2.6629  0.000e+00
      0.084    14.8795   0.300902     1.9796       2016     8.3958     2.6683  0.000e+00
      0.084    14.8785   0.266336     1.7399       2017     8.4000     2.6710  0.000e+00
      0.084    14.8785   0.240930     1.5651       2018     8.4042     2.6705  0.000e+00
      0.082    14.8786   0.217105     1.4023       2019     8.4083     2.6670  0.000e+00
      0.084    14.8777   0.205829     1.3257       2020     8.4125     2.6599  0.000e+00
      0.086    14.8753   0.197951     1.2724       2021     8.4167     2.6518  0.000e+00
