PC2305/sbe059.cnv
* Sea-Bird SBE 19plus V2 Data File:
* FileName = C:\cruise\data\sbe059.hex
* Software Version Seasave V 7.26.7.121
* Temperature SN = 7142
* Conductivity SN = 7142
* System UpLoad Time = Nov 02 2023 06:33:07
** Cruise: PC2205
** Program: ECOMON
# nquan = 8
# nvalues = 1315                                  
# units = specified
# name 0 = depSM: Depth [salt water, m], lat = 40.00
# name 1 = tv290C: Temperature [ITS-90, deg C]
# name 2 = c0S/m: Conductivity [S/m]
# name 3 = sal00: Salinity, Practical [PSU]
# name 4 = scan: Scan Count
# name 5 = timeM: Time, Elapsed [minutes]
# name 6 = sbeox0V: Oxygen raw, SBE 43 [V]
# name 7 = flag:  0.000e+00
# span 0 =      0.036,     18.911                 
# span 1 =     7.7836,    16.4519                 
# span 2 =  -0.010522,   4.050891                 
# span 3 =     0.0000,    32.6545                 
# span 4 =         11,       1325                 
# span 5 =     0.0417,     5.5167                 
# span 6 =     2.1643,     3.1686                 
# span 7 = 0.0000e+00, 0.0000e+00                 
# interval = seconds: 0.25
# start_time = Nov 02 2023 06:33:07 [System UTC, header]
# bad_flag = -9.990e-29
*END*
[from data line 360]
     12.348    16.4201   4.048532    31.6288        371     1.5417     2.6919  0.000e+00
     12.332    16.4201   4.048532    31.6288        372     1.5458     2.6940  0.000e+00
     12.286    16.4198   4.048603    31.6297        373     1.5500     2.6952  0.000e+00
     12.205    16.4202   4.048583    31.6292        374     1.5542     2.6960  0.000e+00
     12.102    16.4200   4.048679    31.6303        375     1.5583     2.6971  0.000e+00
     11.994    16.4206   4.048750    31.6305        376     1.5625     2.7003  0.000e+00
     11.885    16.4218   4.048602    31.6283        377     1.5667     2.6993  0.000e+00
     11.793    16.4221   4.048987    31.6314        378     1.5708     2.7004  0.000e+00
     11.721    16.4245   4.049134    31.6308        379     1.5750     2.7015  0.000e+00
     11.669    16.4273   4.049134    31.6285        380     1.5792     2.7023  0.000e+00
     11.676    16.4288   4.049109    31.6272        381     1.5833     2.7032  0.000e+00
     11.728    16.4293   4.049057    31.6263        382     1.5875     2.7047  0.000e+00
     11.822    16.4293   4.049109    31.6267        383     1.5917     2.7019  0.000e+00
     11.941    16.4295   4.049134    31.6268        384     1.5958     2.7020  0.000e+00
     12.079    16.4297   4.049083    31.6261        385     1.6000     2.7015  0.000e+00
     12.230    16.4296   4.049013    31.6255        386     1.6042     2.7011  0.000e+00
     12.393    16.4291   4.048923    31.6250        387     1.6083     2.7005  0.000e+00
     12.561    16.4279   4.048891    31.6257        388     1.6125     2.7011  0.000e+00
     12.724    16.4271   4.048891    31.6262        389     1.6167     2.7006  0.000e+00
     12.888    16.4265   4.048987    31.6275        390     1.6208     2.7008  0.000e+00
     13.042    16.4265   4.048962    31.6272        391     1.6250     2.7014  0.000e+00
     13.188    16.4265   4.049058    31.6280        392     1.6292     2.6996  0.000e+00
     13.317    16.4270   4.049276    31.6294        393     1.6333     2.6993  0.000e+00
     13.414    16.4285   4.049346    31.6289        394     1.6375     2.6962  0.000e+00
     13.495    16.4298   4.049301    31.6274        395     1.6417     2.6974  0.000e+00
     13.553    16.4306   4.049321    31.6269        396     1.6458     2.6969  0.000e+00
     13.581    16.4307   4.049417    31.6277        397     1.6500     2.6971  0.000e+00
     13.599    16.4310   4.049443    31.6276        398     1.6542     2.6986  0.000e+00
     13.608    16.4312   4.049443    31.6275        399     1.6583     2.6991  0.000e+00
     13.612    16.4312   4.049417    31.6273        400     1.6625     2.7003  0.000e+00
     13.624    16.4312   4.049417    31.6273        401     1.6667     2.7011  0.000e+00
     13.651    16.4308   4.049443    31.6278        402     1.6708     2.6988  0.000e+00
     13.687    16.4312   4.049539    31.6283        403     1.6750     2.6993  0.000e+00
     13.748    16.4323   4.049398    31.6262        404     1.6792     2.6983  0.000e+00
     13.817    16.4324   4.049417    31.6262        405     1.6833     2.6986  0.000e+00
     13.890    16.4322   4.049443    31.6266        406     1.6875     2.6973  0.000e+00
     13.971    16.4320   4.049417    31.6265        407     1.6917     2.6970  0.000e+00
     14.061    16.4320   4.049417    31.6265        408     1.6958     2.6951  0.000e+00
     14.149    16.4313   4.049321    31.6261        409     1.7000     2.6958  0.000e+00
     14.219    16.4307   4.049372    31.6270        410     1.7042     2.6958  0.000e+00
     14.287    16.4298   4.049359    31.6276        411     1.7083     2.6957  0.000e+00
     14.338    16.4295   4.049398    31.6281        412     1.7125     2.6962  0.000e+00
     14.393    16.4294   4.049417    31.6284        413     1.7167     2.6977  0.000e+00
     14.431    16.4295   4.049372    31.6279        414     1.7208     2.6970  0.000e+00
     14.451    16.4292   4.049398    31.6284        415     1.7250     2.6980  0.000e+00
     14.469    16.4295   4.049417    31.6283        416     1.7292     2.6989  0.000e+00
     14.492    16.4295   4.049225    31.6266        417     1.7333     2.6987  0.000e+00
     14.512    16.4286   4.049347    31.6284        418     1.7375     2.6991  0.000e+00
     14.546    16.4284   4.049321    31.6283        419     1.7417     2.6987  0.000e+00
     14.586    16.4282   4.049302    31.6282        420     1.7458     2.6996  0.000e+00
     14.638    16.4278   4.049321    31.6287        421     1.7500     2.7005  0.000e+00
     14.697    16.4274   4.049372    31.6295        422     1.7542     2.6990  0.000e+00
     14.764    16.4275   4.049276    31.6285        423     1.7583     2.6971  0.000e+00
     14.846    16.4273   4.049276    31.6286        424     1.7625     2.6944  0.000e+00
     14.942    16.4271   4.049155    31.6277        425     1.7667     2.6935  0.000e+00
     15.037    16.4262   4.049155    31.6284        426     1.7708     2.6938  0.000e+00
     15.145    16.4256   4.049180    31.6291        427     1.7750     2.6929  0.000e+00
     15.263    16.4251   4.049225    31.6298        428     1.7792     2.6948  0.000e+00
     15.382    16.4251   4.049347    31.6309        429     1.7833     2.6958  0.000e+00
     15.502    16.4257   4.049347    31.6304        430     1.7875     2.6969  0.000e+00
     15.624    16.4259   4.049302    31.6297        431     1.7917     2.6978  0.000e+00
     15.743    16.4257   4.049302    31.6299        432     1.7958     2.6980  0.000e+00
     15.860    16.4254   4.049277    31.6298        433     1.8000     2.6973  0.000e+00
     15.971    16.4253   4.049226    31.6294        434     1.8042     2.6976  0.000e+00
     16.072    16.4248   4.049130    31.6290        435     1.8083     2.6990  0.000e+00
     16.169    16.4239   4.049059    31.6290        436     1.8125     2.6996  0.000e+00
     16.250    16.4231   4.049059    31.6296        437     1.8167     2.7008  0.000e+00
     16.320    16.4223   4.049155    31.6310        438     1.8208     2.7004  0.000e+00
     16.372    16.4224   4.049040    31.6299        439     1.8250     2.6996  0.000e+00
     16.406    16.4223   4.049110    31.6307        440     1.8292     2.7001  0.000e+00
     16.428    16.4221   4.049155    31.6312        441     1.8333     2.7003  0.000e+00
     16.446    16.4223   4.049207    31.6314        442     1.8375     2.6980  0.000e+00
     16.451    16.4226   4.049277    31.6318        443     1.8417     2.6989  0.000e+00
     16.455    16.4232   4.049277    31.6313        444     1.8458     2.6970  0.000e+00
     16.462    16.4234   4.049303    31.6314        445     1.8500     2.6981  0.000e+00
     16.465    16.4237   4.049303    31.6312        446     1.8542     2.6973  0.000e+00
     16.476    16.4237   4.049226    31.6305        447     1.8583     2.6971  0.000e+00
     16.505    16.4235   4.049136    31.6298        448     1.8625     2.6981  0.000e+00
     16.548    16.4227   4.049085    31.6301        449     1.8667     2.6984  0.000e+00
     16.609    16.4221   4.049085    31.6305        450     1.8708     2.6999  0.000e+00
     16.690    16.4215   4.049059    31.6307        451     1.8750     2.7001  0.000e+00
     16.774    16.4213   4.049040    31.6307        452     1.8792     2.7008  0.000e+00
     16.871    16.4211   4.049085    31.6312        453     1.8833     2.7006  0.000e+00
     16.972    16.4210   4.049040    31.6309        454     1.8875     2.6997  0.000e+00
     17.069    16.4209   4.048944    31.6301        455     1.8917     2.6983  0.000e+00
     17.154    16.4201   4.048867    31.6299        456     1.8958     2.6978  0.000e+00
     17.227    16.4195   4.048867    31.6304        457     1.9000     2.6974  0.000e+00
     17.288    16.4186   4.048989    31.6322        458     1.9042     2.6974  0.000e+00
     17.342    16.4189   4.049015    31.6322        459     1.9083     2.6974  0.000e+00
     17.367    16.4193   4.049085    31.6325        460     1.9125     2.6986  0.000e+00
     17.389    16.4196   4.049085    31.6322        461     1.9167     2.7004  0.000e+00
     17.398    16.4200   4.049040    31.6315        462     1.9208     2.7006  0.000e+00
     17.402    16.4198   4.049060    31.6318        463     1.9250     2.7003  0.000e+00
     17.393    16.4197   4.049111    31.6323        464     1.9292     2.6988  0.000e+00
     17.389    16.4199   4.049111    31.6322        465     1.9333     2.6973  0.000e+00
     17.398    16.4203   4.049278    31.6333        466     1.9375     2.6987  0.000e+00
     17.430    16.4211   4.049303    31.6329        467     1.9417     2.6980  0.000e+00
     17.497    16.4218   4.049252    31.6319        468     1.9458     2.6965  0.000e+00
     17.585    16.4219   4.049252    31.6317        469     1.9500     2.6972  0.000e+00
     17.696    16.4220   4.049252    31.6316        470     1.9542     2.6964  0.000e+00
     17.831    16.4219   4.049182    31.6310        471     1.9583     2.6951  0.000e+00
     17.969    16.4214   4.049182    31.6314        472     1.9625     2.6941  0.000e+00
     18.122    16.4210   4.049182    31.6317        473     1.9667     2.6952  0.000e+00
     18.266    16.4208   4.049182    31.6318        474     1.9708     2.6943  0.000e+00
     18.410    16.4207   4.049182    31.6318        475     1.9750     2.6951  0.000e+00
     18.546    16.4209   4.049156    31.6314        476     1.9792     2.6950  0.000e+00
     18.670    16.4208   4.049137    31.6312        477     1.9833     2.6946  0.000e+00
     18.789    16.4206   4.049015    31.6303        478     1.9875     2.6955  0.000e+00
     18.888    16.4201   4.049086    31.6313        479     1.9917     2.6959  0.000e+00
     18.911    16.4196   4.049227    31.6329        480     1.9958     2.6966  0.000e+00
     18.882    16.4201   4.049349    31.6336        481     2.0000     2.6964  0.000e+00
     18.809    16.4210   4.049374    31.6331        482     2.0042     2.6987  0.000e+00
     18.726    16.4217   4.049361    31.6325        483     2.0083     2.6993  0.000e+00
     18.638    16.4222   4.049348    31.6320        484     2.0125     2.7004  0.000e+00
     18.546    16.4223   4.049323    31.6317        485     2.0167     2.7015  0.000e+00
     18.460    16.4222   4.049348    31.6321        486     2.0208     2.7010  0.000e+00
     18.394    16.4222   4.049400    31.6325        487     2.0250     2.7007  0.000e+00
     18.350    16.4224   4.049444    31.6327        488     2.0292     2.6990  0.000e+00
     18.325    16.4232   4.049541    31.6329        489     2.0333     2.6986  0.000e+00
     18.307    16.4237   4.049470    31.6320        490     2.0375     2.7001  0.000e+00
     18.280    16.4242   4.049419    31.6311        491     2.0417     2.6998  0.000e+00
     18.261    16.4239   4.049444    31.6316        492     2.0458     2.7001  0.000e+00
     18.243    16.4239   4.049444    31.6316        493     2.0500     2.7008  0.000e+00
     18.226    16.4240   4.049400    31.6311        494     2.0542     2.7005  0.000e+00
     18.199    16.4236   4.049400    31.6314        495     2.0583     2.7017  0.000e+00
     18.169    16.4235   4.049400    31.6315        496     2.0625     2.7011  0.000e+00
     18.131    16.4235   4.049374    31.6313        497     2.0667     2.7016  0.000e+00
     18.077    16.4231   4.049374    31.6316        498     2.0708     2.7027  0.000e+00
     18.014    16.4231   4.049419    31.6321        499     2.0750     2.7034  0.000e+00
     17.937    16.4231   4.049444    31.6323        500     2.0792     2.7032  0.000e+00
     17.863    16.4236   4.049470    31.6322        501     2.0833     2.7025  0.000e+00
     17.786    16.4240   4.049496    31.6321        502     2.0875     2.7011  0.000e+00
     17.702    16.4246   4.049515    31.6319        503     2.0917     2.7009  0.000e+00
     17.619    16.4249   4.049470    31.6312        504     2.0958     2.7015  0.000e+00
     17.533    16.4248   4.049566    31.6322        505     2.1000     2.7021  0.000e+00
     17.490    16.4251   4.049611    31.6324        506     2.1042     2.7029  0.000e+00
     17.486    16.4257   4.049611    31.6319        507     2.1083     2.7034  0.000e+00
     17.538    16.4261   4.049566    31.6312        508     2.1125     2.7032  0.000e+00
     17.615    16.4261   4.049399    31.6297        509     2.1167     2.7034  0.000e+00
     17.689    16.4252   4.049322    31.6297        510     2.1208     2.7028  0.000e+00
     17.750    16.4243   4.049322    31.6304        511     2.1250     2.7028  0.000e+00
     17.799    16.4235   4.049348    31.6312        512     2.1292     2.7022  0.000e+00
     17.824    16.4233   4.049419    31.6320        513     2.1333     2.7017  0.000e+00
     17.829    16.4234   4.049470    31.6324        514     2.1375     2.7014  0.000e+00
     17.826    16.4238   4.049681    31.6339        515     2.1417     2.7034  0.000e+00
     17.788    16.4251   4.049733    31.6333        516     2.1458     2.7024  0.000e+00
     17.720    16.4268   4.049777    31.6324        517     2.1500     2.7025  0.000e+00
     17.626    16.4283   4.049777    31.6312        518     2.1542     2.7029  0.000e+00
     17.495    16.4290   4.049662    31.6298        519     2.1583     2.7035  0.000e+00
     17.349    16.4286   4.049732    31.6307        520     2.1625     2.7038  0.000e+00
     17.211    16.4279   4.049777    31.6317        521     2.1667     2.7053  0.000e+00
     17.056    16.4282   4.049803    31.6318        522     2.1708     2.7061  0.000e+00
     16.905    16.4285   4.049758    31.6312        523     2.1750     2.7061  0.000e+00
     16.781    16.4288   4.049732    31.6308        524     2.1792     2.7083  0.000e+00
     16.681    16.4289   4.049707    31.6305        525     2.1833     2.7080  0.000e+00
     16.607    16.4290   4.049681    31.6302        526     2.1875     2.7076  0.000e+00
     16.551    16.4289   4.049706    31.6305        527     2.1917     2.7073  0.000e+00
     16.528    16.4287   4.049706    31.6307        528     2.1958     2.7078  0.000e+00
     16.512    16.4292   4.049969    31.6326        529     2.2000     2.7067  0.000e+00
     16.514    16.4303   4.050001    31.6320        530     2.2042     2.7059  0.000e+00
     16.519    16.4312   4.050136    31.6325        531     2.2083     2.7061  0.000e+00
     16.521    16.4324   4.050213    31.6322        532     2.2125     2.7055  0.000e+00
     16.515    16.4337   4.050283    31.6317        533     2.2167     2.7048  0.000e+00
     16.494    16.4348   4.050283    31.6309        534     2.2208     2.7031  0.000e+00
     16.452    16.4354   4.050232    31.6300        535     2.2250     2.7008  0.000e+00
     16.390    16.4355   4.050309    31.6306        536     2.2292     2.7015  0.000e+00
     16.318    16.4354   4.050283    31.6305        537     2.2333     2.7023  0.000e+00
     16.228    16.4354   4.050161    31.6294        538     2.2375     2.7016  0.000e+00
     16.140    16.4352   4.050232    31.6303        539     2.2417     2.7024  0.000e+00
     16.053    16.4350   4.050065    31.6290        540     2.2458     2.7032  0.000e+00
     15.953    16.4348   4.049995    31.6286        541     2.2500     2.7028  0.000e+00
     15.859    16.4350   4.050046    31.6289        542     2.2542     2.7016  0.000e+00
     15.759    16.4356   4.050020    31.6282        543     2.2583     2.7014  0.000e+00
     15.658    16.4361   4.050020    31.6279        544     2.2625     2.7008  0.000e+00
     15.556    16.4364   4.049994    31.6275        545     2.2667     2.7014  0.000e+00
     15.462    16.4364   4.049994    31.6275        546     2.2708     2.7016  0.000e+00
     15.376    16.4367   4.050065    31.6279        547     2.2750     2.7021  0.000e+00
     15.291    16.4369   4.049994    31.6272        548     2.2792     2.7025  0.000e+00
     15.221    16.4370   4.050046    31.6276        549     2.2833     2.7032  0.000e+00
