PC2305/sbe013.cnv
* Sea-Bird SBE 19plus V2 Data File:
* FileName = C:\cruise\data\sbe013.hex
* Software Version Seasave V 7.26.7.121
* Temperature SN = 7142
* Conductivity SN = 7142
* System UpLoad Time = Oct 28 2023 09:33:44
** Cruise: PC2205
** Program: ECOMON
# nquan = 8
# nvalues = 2620                                  
# units = specified
# name 0 = depSM: Depth [salt water, m], lat = 40.00
# name 1 = tv290C: Temperature [ITS-90, deg C]
# name 2 = c0S/m: Conductivity [S/m]
# name 3 = sal00: Salinity, Practical [PSU]
# name 4 = scan: Scan Count
# name 5 = timeM: Time, Elapsed [minutes]
# name 6 = sbeox0V: Oxygen raw, SBE 43 [V]
# name 7 = flag:  0.000e+00
# span 0 =     -0.043,     12.962                 
# span 1 =    14.2270,    14.8902                 
# span 2 =   0.000012,   3.932087                 
# span 3 =     0.0077,    32.3329                 
# span 4 =         11,       2630                 
# span 5 =     0.0417,    10.9542                 
# span 6 =     2.3642,     3.0356                 
# span 7 = 0.0000e+00, 0.0000e+00                 
# interval = seconds: 0.25
# start_time = Oct 28 2023 09:33:44 [System UTC, header]
# bad_flag = -9.990e-29
*END*
[from data line 2338]
      2.918    14.2399   3.911349    32.1779       2349     9.7833     2.9944  0.000e+00
      2.900    14.2398   3.911356    32.1780       2350     9.7875     2.9955  0.000e+00
      2.880    14.2398   3.911330    32.1778       2351     9.7917     2.9959  0.000e+00
      2.864    14.2397   3.911305    32.1777       2352     9.7958     2.9974  0.000e+00
      2.846    14.2398   3.911305    32.1776       2353     9.8000     2.9974  0.000e+00
      2.835    14.2397   3.911305    32.1777       2354     9.8042     2.9953  0.000e+00
      2.821    14.2395   3.911305    32.1778       2355     9.8083     2.9957  0.000e+00
      2.799    14.2396   3.911330    32.1780       2356     9.8125     2.9949  0.000e+00
      2.780    14.2395   3.911330    32.1781       2357     9.8167     2.9932  0.000e+00
      2.764    14.2397   3.911330    32.1779       2358     9.8208     2.9934  0.000e+00
      2.753    14.2395   3.911305    32.1778       2359     9.8250     2.9929  0.000e+00
      2.749    14.2396   3.911355    32.1782       2360     9.8292     2.9929  0.000e+00
      2.762    14.2395   3.911330    32.1781       2361     9.8333     2.9920  0.000e+00
      2.782    14.2397   3.911349    32.1781       2362     9.8375     2.9926  0.000e+00
      2.807    14.2396   3.911330    32.1780       2363     9.8417     2.9905  0.000e+00
      2.830    14.2396   3.911330    32.1780       2364     9.8458     2.9897  0.000e+00
      2.841    14.2396   3.911349    32.1782       2365     9.8500     2.9896  0.000e+00
      2.830    14.2397   3.911374    32.1783       2366     9.8542     2.9887  0.000e+00
      2.808    14.2397   3.911400    32.1786       2367     9.8583     2.9891  0.000e+00
      2.776    14.2398   3.911419    32.1786       2368     9.8625     2.9891  0.000e+00
      2.746    14.2400   3.911400    32.1783       2369     9.8667     2.9902  0.000e+00
      2.720    14.2402   3.911532    32.1794       2370     9.8708     2.9896  0.000e+00
      2.706    14.2404   3.911716    32.1809       2371     9.8750     2.9910  0.000e+00
      2.699    14.2410   3.911741    32.1806       2372     9.8792     2.9916  0.000e+00
      2.706    14.2414   3.911810    32.1809       2373     9.8833     2.9921  0.000e+00
      2.720    14.2418   3.911741    32.1800       2374     9.8875     2.9916  0.000e+00
      2.737    14.2418   3.911766    32.1801       2375     9.8917     2.9913  0.000e+00
      2.755    14.2418   3.911741    32.1800       2376     9.8958     2.9913  0.000e+00
      2.780    14.2419   3.911766    32.1801       2377     9.9000     2.9913  0.000e+00
      2.817    14.2418   3.911690    32.1794       2378     9.9042     2.9907  0.000e+00
      2.853    14.2418   3.911697    32.1795       2379     9.9083     2.9905  0.000e+00
      2.896    14.2417   3.911671    32.1793       2380     9.9125     2.9904  0.000e+00
      2.934    14.2416   3.911640    32.1791       2381     9.9167     2.9903  0.000e+00
      2.965    14.2415   3.911583    32.1786       2382     9.9208     2.9904  0.000e+00
      2.974    14.2414   3.911558    32.1785       2383     9.9250     2.9911  0.000e+00
      2.976    14.2410   3.911501    32.1783       2384     9.9292     2.9898  0.000e+00
      2.956    14.2406   3.911532    32.1789       2385     9.9333     2.9900  0.000e+00
      2.923    14.2406   3.911514    32.1788       2386     9.9375     2.9888  0.000e+00
      2.877    14.2406   3.911513    32.1788       2387     9.9417     2.9891  0.000e+00
      2.826    14.2403   3.911501    32.1789       2388     9.9458     2.9889  0.000e+00
      2.769    14.2403   3.911488    32.1789       2389     9.9500     2.9893  0.000e+00
      2.715    14.2405   3.911671    32.1804       2390     9.9542     2.9906  0.000e+00
      2.665    14.2405   3.911690    32.1806       2391     9.9583     2.9904  0.000e+00
      2.623    14.2412   3.911652    32.1797       2392     9.9625     2.9908  0.000e+00
      2.575    14.2413   3.911924    32.1821       2393     9.9667     2.9912  0.000e+00
      2.532    14.2418   3.911652    32.1792       2394     9.9708     2.9901  0.000e+00
      2.516    14.2418   3.911690    32.1795       2395     9.9750     2.9900  0.000e+00
      2.534    14.2416   3.911766    32.1804       2396     9.9792     2.9901  0.000e+00
      2.564    14.2418   3.911836    32.1809       2397     9.9833     2.9906  0.000e+00
      2.598    14.2419   3.911930    32.1816       2398     9.9875     2.9915  0.000e+00
      2.618    14.2424   3.912158    32.1833       2399     9.9917     2.9920  0.000e+00
      2.625    14.2431   3.913049    32.1909       2400     9.9958     2.9907  0.000e+00
      2.620    14.2452   3.913074    32.1894       2401    10.0000     2.9918  0.000e+00
      2.568    14.2471   3.913137    32.1884       2402    10.0042     2.9918  0.000e+00
      2.489    14.2481   3.912663    32.1832       2403    10.0083     2.9929  0.000e+00
      2.406    14.2478   3.912063    32.1780       2404    10.0125     2.9927  0.000e+00
      2.338    14.2463   3.912872    32.1867       2405    10.0167     2.9920  0.000e+00
      2.293    14.2466   3.912727    32.1852       2406    10.0208     2.9921  0.000e+00
      2.269    14.2470   3.912613    32.1838       2407    10.0250     2.9924  0.000e+00
      2.257    14.2470   3.912796    32.1854       2408    10.0292     2.9916  0.000e+00
      2.253    14.2472   3.912821    32.1855       2409    10.0333     2.9910  0.000e+00
      2.262    14.2472   3.912916    32.1863       2410    10.0375     2.9894  0.000e+00
      2.280    14.2475   3.912613    32.1834       2411    10.0417     2.9888  0.000e+00
      2.302    14.2474   3.912676    32.1840       2412    10.0458     2.9886  0.000e+00
      2.323    14.2472   3.912663    32.1841       2413    10.0500     2.9881  0.000e+00
      2.350    14.2470   3.912708    32.1846       2414    10.0542     2.9881  0.000e+00
      2.377    14.2469   3.912594    32.1837       2415    10.0583     2.9865  0.000e+00
      2.418    14.2468   3.912265    32.1807       2416    10.0625     2.9862  0.000e+00
      2.454    14.2461   3.912385    32.1823       2417    10.0667     2.9849  0.000e+00
      2.480    14.2455   3.912569    32.1845       2418    10.0708     2.9847  0.000e+00
      2.492    14.2457   3.912505    32.1838       2419    10.0750     2.9843  0.000e+00
      2.483    14.2459   3.912158    32.1804       2420    10.0792     2.9848  0.000e+00
      2.467    14.2456   3.911994    32.1792       2421    10.0833     2.9852  0.000e+00
      2.433    14.2447   3.911766    32.1779       2422    10.0875     2.9872  0.000e+00
      2.395    14.2438   3.911836    32.1793       2423    10.0917     2.9863  0.000e+00
      2.363    14.2433   3.912177    32.1829       2424    10.0958     2.9856  0.000e+00
      2.345    14.2435   3.912291    32.1837       2425    10.1000     2.9870  0.000e+00
      2.336    14.2442   3.912170    32.1820       2426    10.1042     2.9879  0.000e+00
      2.334    14.2447   3.913144    32.1905       2427    10.1083     2.9893  0.000e+00
      2.339    14.2460   3.913833    32.1958       2428    10.1125     2.9900  0.000e+00
      2.345    14.2488   3.913693    32.1922       2429    10.1167     2.9896  0.000e+00
      2.348    14.2503   3.914167    32.1952       2430    10.1208     2.9893  0.000e+00
      2.348    14.2513   3.913327    32.1867       2431    10.1250     2.9901  0.000e+00
      2.365    14.2509   3.912935    32.1835       2432    10.1292     2.9892  0.000e+00
      2.383    14.2499   3.912170    32.1773       2433    10.1333     2.9884  0.000e+00
      2.397    14.2478   3.912290    32.1801       2434    10.1375     2.9880  0.000e+00
      2.408    14.2463   3.913510    32.1926       2435    10.1417     2.9882  0.000e+00
      2.392    14.2471   3.912290    32.1807       2436    10.1458     2.9889  0.000e+00
      2.365    14.2467   3.912050    32.1788       2437    10.1500     2.9881  0.000e+00
      2.312    14.2454   3.912019    32.1797       2438    10.1542     2.9882  0.000e+00
      2.271    14.2445   3.912158    32.1817       2439    10.1583     2.9891  0.000e+00
      2.230    14.2441   3.911930    32.1800       2440    10.1625     2.9890  0.000e+00
      2.183    14.2436   3.911652    32.1778       2441    10.1667     2.9887  0.000e+00
      2.124    14.2428   3.911602    32.1781       2442    10.1708     2.9876  0.000e+00
      2.064    14.2421   3.911671    32.1793       2443    10.1750     2.9880  0.000e+00
      2.018    14.2418   3.911640    32.1793       2444    10.1792     2.9881  0.000e+00
      1.991    14.2418   3.911671    32.1796       2445    10.1833     2.9898  0.000e+00
      1.975    14.2417   3.911696    32.1799       2446    10.1875     2.9907  0.000e+00
      1.973    14.2415   3.911785    32.1809       2447    10.1917     2.9916  0.000e+00
      1.958    14.2418   3.911722    32.1800       2448    10.1958     2.9921  0.000e+00
      1.924    14.2419   3.911652    32.1793       2449    10.2000     2.9924  0.000e+00
      1.879    14.2418   3.911671    32.1797       2450    10.2042     2.9923  0.000e+00
      1.854    14.2416   3.911621    32.1793       2451    10.2083     2.9920  0.000e+00
      1.845    14.2415   3.911602    32.1793       2452    10.2125     2.9917  0.000e+00
      1.865    14.2415   3.911583    32.1791       2453    10.2167     2.9904  0.000e+00
      1.906    14.2413   3.911595    32.1793       2454    10.2208     2.9888  0.000e+00
      1.951    14.2413   3.911583    32.1792       2455    10.2250     2.9900  0.000e+00
      1.996    14.2412   3.911557    32.1791       2456    10.2292     2.9899  0.000e+00
      2.039    14.2412   3.911602    32.1795       2457    10.2333     2.9903  0.000e+00
      2.070    14.2411   3.911785    32.1812       2458    10.2375     2.9907  0.000e+00
      2.088    14.2412   3.911696    32.1803       2459    10.2417     2.9909  0.000e+00
      2.082    14.2415   3.911810    32.1810       2460    10.2458     2.9914  0.000e+00
      2.046    14.2418   3.911741    32.1802       2461    10.2500     2.9913  0.000e+00
      2.003    14.2420   3.911766    32.1803       2462    10.2542     2.9920  0.000e+00
      1.978    14.2421   3.911785    32.1804       2463    10.2583     2.9925  0.000e+00
      1.973    14.2421   3.911785    32.1804       2464    10.2625     2.9933  0.000e+00
      1.964    14.2422   3.911810    32.1805       2465    10.2667     2.9951  0.000e+00
      1.949    14.2421   3.911696    32.1796       2466    10.2708     2.9953  0.000e+00
      1.915    14.2419   3.911652    32.1794       2467    10.2750     2.9956  0.000e+00
      1.878    14.2417   3.911665    32.1797       2468    10.2792     2.9955  0.000e+00
      1.845    14.2414   3.911652    32.1798       2469    10.2833     2.9955  0.000e+00
      1.809    14.2413   3.911854    32.1817       2470    10.2875     2.9976  0.000e+00
      1.775    14.2416   3.911696    32.1801       2471    10.2917     2.9956  0.000e+00
      1.766    14.2419   3.911880    32.1815       2472    10.2958     2.9949  0.000e+00
      1.770    14.2422   3.911949    32.1819       2473    10.3000     2.9956  0.000e+00
      1.797    14.2427   3.911949    32.1814       2474    10.3042     2.9935  0.000e+00
      1.838    14.2431   3.911955    32.1812       2475    10.3083     2.9928  0.000e+00
      1.887    14.2431   3.911974    32.1813       2476    10.3125     2.9930  0.000e+00
      1.937    14.2434   3.911974    32.1810       2477    10.3167     2.9919  0.000e+00
      1.969    14.2433   3.911955    32.1809       2478    10.3208     2.9926  0.000e+00
      1.989    14.2435   3.911905    32.1803       2479    10.3250     2.9922  0.000e+00
      1.989    14.2433   3.911924    32.1807       2480    10.3292     2.9929  0.000e+00
      1.967    14.2430   3.912019    32.1818       2481    10.3333     2.9933  0.000e+00
      1.935    14.2432   3.912126    32.1826       2482    10.3375     2.9956  0.000e+00
      1.872    14.2436   3.912019    32.1813       2483    10.3417     2.9965  0.000e+00
      1.779    14.2436   3.911722    32.1786       2484    10.3458     2.9956  0.000e+00
      1.674    14.2432   3.912101    32.1825       2485    10.3500     2.9933  0.000e+00
      1.586    14.2432   3.912473    32.1859       2486    10.3542     2.9954  0.000e+00
      1.524    14.2441   3.912682    32.1871       2487    10.3583     2.9939  0.000e+00
      1.486    14.2454   3.912865    32.1878       2488    10.3625     2.9965  0.000e+00
      1.466    14.2464   3.912821    32.1865       2489    10.3667     2.9962  0.000e+00
      1.466    14.2469   3.912751    32.1854       2490    10.3708     2.9957  0.000e+00
      1.462    14.2474   3.912777    32.1853       2491    10.3750     2.9976  0.000e+00
      1.473    14.2475   3.912461    32.1823       2492    10.3792     2.9955  0.000e+00
      1.493    14.2471   3.912202    32.1802       2493    10.3833     2.9943  0.000e+00
      1.525    14.2460   3.912202    32.1811       2494    10.3875     2.9956  0.000e+00
      1.563    14.2453   3.911879    32.1787       2495    10.3917     2.9956  0.000e+00
      1.581    14.2444   3.912006    32.1807       2496    10.3958     2.9955  0.000e+00
      1.570    14.2439   3.911766    32.1788       2497    10.4000     2.9952  0.000e+00
      1.533    14.2433   3.911879    32.1805       2498    10.4042     2.9937  0.000e+00
      1.479    14.2432   3.911860    32.1804       2499    10.4083     2.9933  0.000e+00
      1.441    14.2430   3.911785    32.1799       2500    10.4125     2.9944  0.000e+00
      1.443    14.2429   3.911810    32.1802       2501    10.4167     2.9940  0.000e+00
      1.482    14.2427   3.911854    32.1807       2502    10.4208     2.9939  0.000e+00
      1.543    14.2427   3.911879    32.1810       2503    10.4250     2.9935  0.000e+00
      1.601    14.2430   3.911905    32.1809       2504    10.4292     2.9926  0.000e+00
      1.658    14.2430   3.911880    32.1807       2505    10.4333     2.9916  0.000e+00
      1.703    14.2428   3.911880    32.1808       2506    10.4375     2.9910  0.000e+00
      1.727    14.2429   3.911880    32.1807       2507    10.4417     2.9906  0.000e+00
      1.734    14.2429   3.911880    32.1807       2508    10.4458     2.9897  0.000e+00
      1.728    14.2430   3.911905    32.1808       2509    10.4500     2.9900  0.000e+00
      1.716    14.2431   3.911810    32.1799       2510    10.4542     2.9901  0.000e+00
      1.703    14.2427   3.911785    32.1800       2511    10.4583     2.9900  0.000e+00
      1.712    14.2422   3.911835    32.1809       2512    10.4625     2.9905  0.000e+00
      1.725    14.2421   3.911861    32.1811       2513    10.4667     2.9924  0.000e+00
      1.743    14.2423   3.912038    32.1826       2514    10.4708     2.9937  0.000e+00
      1.755    14.2427   3.912038    32.1823       2515    10.4750     2.9936  0.000e+00
      1.755    14.2430   3.911741    32.1793       2516    10.4792     2.9937  0.000e+00
      1.727    14.2422   3.911690    32.1795       2517    10.4833     2.9942  0.000e+00
      1.655    14.2418   3.911696    32.1799       2518    10.4875     2.9958  0.000e+00
      1.545    14.2414   3.911722    32.1806       2519    10.4917     2.9950  0.000e+00
      1.421    14.2412   3.911759    32.1811       2520    10.4958     2.9961  0.000e+00
      1.312    14.2412   3.911785    32.1814       2521    10.5000     2.9947  0.000e+00
      1.258    14.2416   3.911854    32.1817       2522    10.5042     2.9939  0.000e+00
      1.243    14.2421   3.911854    32.1813       2523    10.5083     2.9942  0.000e+00
      1.258    14.2424   3.911785    32.1804       2524    10.5125     2.9947  0.000e+00
      1.259    14.2422   3.911721    32.1800       2525    10.5167     2.9936  0.000e+00
      1.261    14.2420   3.911671    32.1797       2526    10.5208     2.9953  0.000e+00
