PC2305/sbe021.cnv
* Sea-Bird SBE 19plus V2 Data File:
* FileName = C:\cruise\data\sbe021.hex
* Software Version Seasave V 7.26.7.121
* Temperature SN = 7142
* Conductivity SN = 7142
* System UpLoad Time = Oct 29 2023 06:38:18
** Cruise: PC2205
** Program: ECOMON
# nquan = 8
# nvalues = 1720                                  
# units = specified
# name 0 = depSM: Depth [salt water, m], lat = 40.00
# name 1 = tv290C: Temperature [ITS-90, deg C]
# name 2 = c0S/m: Conductivity [S/m]
# name 3 = sal00: Salinity, Practical [PSU]
# name 4 = scan: Scan Count
# name 5 = timeM: Time, Elapsed [minutes]
# name 6 = sbeox0V: Oxygen raw, SBE 43 [V]
# name 7 = flag:  0.000e+00
# span 0 =     -0.017,     75.306                 
# span 1 =    11.8612,    16.8179                 
# span 2 =   0.000026,   4.081273                 
# span 3 =     0.0086,    32.9532                 
# span 4 =         11,       1730                 
# span 5 =     0.0417,     7.2042                 
# span 6 =     2.1473,     3.0272                 
# span 7 = 0.0000e+00, 0.0000e+00                 
# interval = seconds: 0.25
# start_time = Oct 29 2023 06:38:18 [System UTC, header]
# bad_flag = -9.990e-29
*END*
[from data line 1079]
     36.513    15.1137   3.984134    32.1031       1090     4.5375     2.7641  0.000e+00
     36.364    15.1139   3.984133    32.1029       1091     4.5417     2.7652  0.000e+00
     36.224    15.1141   3.984121    32.1027       1092     4.5458     2.7654  0.000e+00
     36.087    15.1140   3.984108    32.1027       1093     4.5500     2.7662  0.000e+00
     35.954    15.1141   3.984089    32.1025       1094     4.5542     2.7668  0.000e+00
     35.834    15.1141   3.984108    32.1028       1095     4.5583     2.7655  0.000e+00
     35.717    15.1141   3.984108    32.1028       1096     4.5625     2.7661  0.000e+00
     35.613    15.1141   3.984133    32.1031       1097     4.5667     2.7651  0.000e+00
     35.515    15.1141   3.984133    32.1031       1098     4.5708     2.7641  0.000e+00
     35.438    15.1143   3.984108    32.1027       1099     4.5750     2.7643  0.000e+00
     35.361    15.1145   3.984146    32.1030       1100     4.5792     2.7651  0.000e+00
     35.298    15.1145   3.984108    32.1026       1101     4.5833     2.7644  0.000e+00
     35.250    15.1145   3.984108    32.1026       1102     4.5875     2.7654  0.000e+00
     35.208    15.1144   3.984108    32.1027       1103     4.5917     2.7657  0.000e+00
     35.172    15.1145   3.984108    32.1026       1104     4.5958     2.7664  0.000e+00
     35.145    15.1145   3.984133    32.1029       1105     4.6000     2.7660  0.000e+00
     35.125    15.1145   3.984108    32.1026       1106     4.6042     2.7664  0.000e+00
     35.117    15.1147   3.984133    32.1028       1107     4.6083     2.7661  0.000e+00
     35.111    15.1146   3.984133    32.1028       1108     4.6125     2.7664  0.000e+00
     35.108    15.1148   3.984120    32.1026       1109     4.6167     2.7656  0.000e+00
     35.108    15.1147   3.984133    32.1028       1110     4.6208     2.7648  0.000e+00
     35.109    15.1147   3.984133    32.1028       1111     4.6250     2.7639  0.000e+00
     35.113    15.1147   3.984158    32.1030       1112     4.6292     2.7648  0.000e+00
     35.113    15.1148   3.984133    32.1027       1113     4.6333     2.7639  0.000e+00
     35.111    15.1147   3.984107    32.1025       1114     4.6375     2.7648  0.000e+00
     35.106    15.1147   3.984107    32.1025       1115     4.6417     2.7655  0.000e+00
     35.091    15.1147   3.984107    32.1025       1116     4.6458     2.7657  0.000e+00
     35.077    15.1146   3.984107    32.1026       1117     4.6500     2.7664  0.000e+00
     35.046    15.1146   3.984120    32.1027       1118     4.6542     2.7658  0.000e+00
     35.009    15.1147   3.984133    32.1028       1119     4.6583     2.7642  0.000e+00
     34.960    15.1146   3.984133    32.1029       1120     4.6625     2.7632  0.000e+00
     34.895    15.1149   3.984133    32.1027       1121     4.6667     2.7627  0.000e+00
     34.822    15.1149   3.984107    32.1025       1122     4.6708     2.7635  0.000e+00
     34.734    15.1146   3.984088    32.1026       1123     4.6750     2.7623  0.000e+00
     34.637    15.1146   3.984107    32.1028       1124     4.6792     2.7619  0.000e+00
     34.536    15.1146   3.984088    32.1026       1125     4.6833     2.7633  0.000e+00
     34.425    15.1148   3.984107    32.1027       1126     4.6875     2.7639  0.000e+00
     34.306    15.1146   3.984101    32.1028       1127     4.6917     2.7654  0.000e+00
     34.177    15.1148   3.984063    32.1024       1128     4.6958     2.7667  0.000e+00
     34.049    15.1147   3.984107    32.1029       1129     4.7000     2.7688  0.000e+00
     33.918    15.1151   3.984107    32.1027       1130     4.7042     2.7680  0.000e+00
     33.788    15.1150   3.984177    32.1034       1131     4.7083     2.7690  0.000e+00
     33.652    15.1154   3.984202    32.1034       1132     4.7125     2.7682  0.000e+00
     33.522    15.1156   3.984202    32.1032       1133     4.7167     2.7676  0.000e+00
     33.397    15.1159   3.984228    32.1032       1134     4.7208     2.7686  0.000e+00
     33.292    15.1160   3.984253    32.1034       1135     4.7250     2.7685  0.000e+00
     33.186    15.1161   3.984247    32.1034       1136     4.7292     2.7684  0.000e+00
     33.096    15.1166   3.984298    32.1035       1137     4.7333     2.7673  0.000e+00
     33.017    15.1169   3.984323    32.1035       1138     4.7375     2.7673  0.000e+00
     32.944    15.1171   3.984342    32.1035       1139     4.7417     2.7665  0.000e+00
     32.884    15.1173   3.984393    32.1038       1140     4.7458     2.7655  0.000e+00
     32.832    15.1175   3.984393    32.1037       1141     4.7500     2.7657  0.000e+00
     32.787    15.1178   3.984412    32.1036       1142     4.7542     2.7656  0.000e+00
     32.750    15.1180   3.984463    32.1039       1143     4.7583     2.7664  0.000e+00
     32.724    15.1182   3.984393    32.1031       1144     4.7625     2.7659  0.000e+00
     32.697    15.1183   3.984412    32.1033       1145     4.7667     2.7662  0.000e+00
     32.678    15.1183   3.984438    32.1034       1146     4.7708     2.7672  0.000e+00
     32.660    15.1183   3.984463    32.1037       1147     4.7750     2.7673  0.000e+00
     32.644    15.1185   3.984482    32.1037       1148     4.7792     2.7686  0.000e+00
     32.627    15.1187   3.984482    32.1035       1149     4.7833     2.7680  0.000e+00
     32.611    15.1188   3.984463    32.1033       1150     4.7875     2.7686  0.000e+00
     32.590    15.1186   3.984463    32.1034       1151     4.7917     2.7689  0.000e+00
     32.572    15.1187   3.984482    32.1036       1152     4.7958     2.7680  0.000e+00
     32.543    15.1187   3.984488    32.1036       1153     4.8000     2.7677  0.000e+00
     32.518    15.1188   3.984482    32.1035       1154     4.8042     2.7673  0.000e+00
     32.480    15.1190   3.984482    32.1034       1155     4.8083     2.7670  0.000e+00
     32.446    15.1189   3.984508    32.1037       1156     4.8125     2.7675  0.000e+00
     32.399    15.1190   3.984508    32.1036       1157     4.8167     2.7671  0.000e+00
     32.347    15.1190   3.984558    32.1041       1158     4.8208     2.7674  0.000e+00
     32.293    15.1193   3.984533    32.1036       1159     4.8250     2.7675  0.000e+00
     32.221    15.1196   3.984533    32.1034       1160     4.8292     2.7679  0.000e+00
     32.142    15.1193   3.984482    32.1032       1161     4.8333     2.7670  0.000e+00
     32.061    15.1193   3.984539    32.1038       1162     4.8375     2.7673  0.000e+00
     31.971    15.1194   3.984558    32.1039       1163     4.8417     2.7674  0.000e+00
     31.882    15.1196   3.984558    32.1038       1164     4.8458     2.7690  0.000e+00
     31.783    15.1199   3.984628    32.1042       1165     4.8500     2.7682  0.000e+00
     31.682    15.1200   3.984698    32.1048       1166     4.8542     2.7686  0.000e+00
     31.578    15.1205   3.984768    32.1050       1167     4.8583     2.7693  0.000e+00
     31.474    15.1210   3.984838    32.1053       1168     4.8625     2.7691  0.000e+00
     31.369    15.1219   3.984953    32.1056       1169     4.8667     2.7693  0.000e+00
     31.265    15.1226   3.984934    32.1049       1170     4.8708     2.7707  0.000e+00
     31.166    15.1232   3.984857    32.1038       1171     4.8750     2.7725  0.000e+00
     31.069    15.1236   3.984698    32.1021       1172     4.8792     2.7751  0.000e+00
     30.976    15.1231   3.984628    32.1018       1173     4.8833     2.7745  0.000e+00
     30.884    15.1227   3.984602    32.1020       1174     4.8875     2.7756  0.000e+00
     30.794    15.1224   3.984532    32.1016       1175     4.8917     2.7744  0.000e+00
     30.712    15.1220   3.984532    32.1020       1176     4.8958     2.7751  0.000e+00
     30.643    15.1218   3.984507    32.1020       1177     4.9000     2.7748  0.000e+00
     30.568    15.1220   3.984558    32.1023       1178     4.9042     2.7749  0.000e+00
     30.503    15.1224   3.984481    32.1013       1179     4.9083     2.7736  0.000e+00
     30.440    15.1225   3.984392    32.1004       1180     4.9125     2.7730  0.000e+00
     30.381    15.1224   3.984367    32.1003       1181     4.9167     2.7729  0.000e+00
     30.325    15.1223   3.984367    32.1004       1182     4.9208     2.7751  0.000e+00
     30.280    15.1223   3.984437    32.1011       1183     4.9250     2.7748  0.000e+00
     30.232    15.1226   3.984462    32.1011       1184     4.9292     2.7740  0.000e+00
     30.185    15.1229   3.984481    32.1010       1185     4.9333     2.7727  0.000e+00
     30.145    15.1230   3.984367    32.0999       1186     4.9375     2.7715  0.000e+00
     30.097    15.1231   3.984252    32.0988       1187     4.9417     2.7721  0.000e+00
     30.052    15.1228   3.984226    32.0988       1188     4.9458     2.7699  0.000e+00
     30.009    15.1226   3.984220    32.0990       1189     4.9500     2.7704  0.000e+00
     29.962    15.1224   3.984271    32.0996       1190     4.9542     2.7715  0.000e+00
     29.921    15.1224   3.984322    32.1001       1191     4.9583     2.7716  0.000e+00
     29.867    15.1227   3.984436    32.1009       1192     4.9625     2.7720  0.000e+00
     29.827    15.1234   3.984532    32.1012       1193     4.9667     2.7728  0.000e+00
     29.784    15.1245   3.984557    32.1006       1194     4.9708     2.7736  0.000e+00
     29.736    15.1249   3.984557    32.1002       1195     4.9750     2.7747  0.000e+00
     29.689    15.1255   3.984557    32.0997       1196     4.9792     2.7762  0.000e+00
     29.633    15.1259   3.984557    32.0994       1197     4.9833     2.7775  0.000e+00
     29.581    15.1260   3.984564    32.0994       1198     4.9875     2.7773  0.000e+00
     29.524    15.1262   3.984557    32.0992       1199     4.9917     2.7776  0.000e+00
     29.463    15.1262   3.984411    32.0979       1200     4.9958     2.7782  0.000e+00
     29.405    15.1263   3.984252    32.0965       1201     5.0000     2.7801  0.000e+00
     29.339    15.1255   3.984131    32.0961       1202     5.0042     2.7789  0.000e+00
     29.267    15.1246   3.983640    32.0924       1203     5.0083     2.7799  0.000e+00
     29.193    15.1231   3.983405    32.0915       1204     5.0125     2.7812  0.000e+00
     29.116    15.1212   3.983335    32.0925       1205     5.0167     2.7824  0.000e+00
     29.037    15.1197   3.983207    32.0927       1206     5.0208     2.7824  0.000e+00
     28.954    15.1185   3.983099    32.0927       1207     5.0250     2.7828  0.000e+00
     28.864    15.1175   3.983099    32.0936       1208     5.0292     2.7824  0.000e+00
     28.772    15.1169   3.983144    32.0944       1209     5.0333     2.7814  0.000e+00
     28.675    15.1169   3.983074    32.0939       1210     5.0375     2.7819  0.000e+00
     28.577    15.1168   3.982838    32.0919       1211     5.0417     2.7815  0.000e+00
     28.476    15.1160   3.982819    32.0924       1212     5.0458     2.7825  0.000e+00
     28.379    15.1153   3.982793    32.0928       1213     5.0500     2.7819  0.000e+00
     28.275    15.1147   3.982392    32.0897       1214     5.0542     2.7812  0.000e+00
     28.185    15.1136   3.982297    32.0898       1215     5.0583     2.7801  0.000e+00
     28.093    15.1124   3.982278    32.0907       1216     5.0625     2.7799  0.000e+00
     28.005    15.1115   3.982373    32.0922       1217     5.0667     2.7804  0.000e+00
     27.924    15.1116   3.982392    32.0924       1218     5.0708     2.7806  0.000e+00
     27.840    15.1116   3.982443    32.0929       1219     5.0750     2.7817  0.000e+00
     27.771    15.1121   3.982558    32.0935       1220     5.0792     2.7827  0.000e+00
     27.703    15.1128   3.982602    32.0934       1221     5.0833     2.7822  0.000e+00
     27.638    15.1137   3.982653    32.0931       1222     5.0875     2.7807  0.000e+00
     27.579    15.1145   3.982666    32.0926       1223     5.0917     2.7803  0.000e+00
     27.534    15.1152   3.982672    32.0921       1224     5.0958     2.7785  0.000e+00
     27.484    15.1158   3.982698    32.0919       1225     5.1000     2.7777  0.000e+00
     27.443    15.1161   3.982628    32.0910       1226     5.1042     2.7768  0.000e+00
     27.401    15.1162   3.982628    32.0909       1227     5.1083     2.7767  0.000e+00
     27.365    15.1164   3.982558    32.0901       1228     5.1125     2.7770  0.000e+00
     27.329    15.1162   3.982558    32.0903       1229     5.1167     2.7783  0.000e+00
     27.295    15.1162   3.982532    32.0901       1230     5.1208     2.7803  0.000e+00
     27.256    15.1162   3.982558    32.0904       1231     5.1250     2.7806  0.000e+00
     27.216    15.1162   3.982570    32.0905       1232     5.1292     2.7809  0.000e+00
     27.178    15.1166   3.982627    32.0907       1233     5.1333     2.7829  0.000e+00
     27.133    15.1169   3.982653    32.0907       1234     5.1375     2.7825  0.000e+00
     27.078    15.1176   3.982723    32.0908       1235     5.1417     2.7828  0.000e+00
     27.026    15.1181   3.982863    32.0916       1236     5.1458     2.7817  0.000e+00
     26.968    15.1193   3.982888    32.0909       1237     5.1500     2.7817  0.000e+00
     26.911    15.1198   3.982888    32.0905       1238     5.1542     2.7812  0.000e+00
     26.842    15.1204   3.983047    32.0915       1239     5.1583     2.7819  0.000e+00
     26.776    15.1210   3.983187    32.0922       1240     5.1625     2.7831  0.000e+00
     26.700    15.1222   3.983684    32.0957       1241     5.1667     2.7842  0.000e+00
     26.627    15.1243   3.984060    32.0974       1242     5.1708     2.7845  0.000e+00
     26.548    15.1271   3.984741    32.1013       1243     5.1750     2.7848  0.000e+00
     26.465    15.1313   3.986008    32.1093       1244     5.1792     2.7857  0.000e+00
     26.375    15.1386   3.987205    32.1141       1245     5.1833     2.7854  0.000e+00
     26.282    15.1479   3.988122    32.1147       1246     5.1875     2.7880  0.000e+00
     26.197    15.1573   3.988689    32.1121       1247     5.1917     2.7900  0.000e+00
     26.111    15.1655   3.989134    32.1094       1248     5.1958     2.7916  0.000e+00
     26.023    15.1719   3.989937    32.1114       1249     5.2000     2.7930  0.000e+00
     25.933    15.1782   3.990472    32.1111       1250     5.2042     2.7954  0.000e+00
     25.843    15.1842   3.990733    32.1086       1251     5.2083     2.7963  0.000e+00
     25.764    15.1890   3.991179    32.1086       1252     5.2125     2.7981  0.000e+00
     25.685    15.1932   3.991535    32.1085       1253     5.2167     2.8007  0.000e+00
     25.613    15.1970   3.992192    32.1112       1254     5.2208     2.8022  0.000e+00
     25.541    15.2016   3.992733    32.1123       1255     5.2250     2.8057  0.000e+00
     25.471    15.2068   3.993396    32.1140       1256     5.2292     2.8076  0.000e+00
     25.406    15.2120   3.993797    32.1134       1257     5.2333     2.8098  0.000e+00
     25.336    15.2170   3.993982    32.1110       1258     5.2375     2.8102  0.000e+00
     25.277    15.2208   3.994077    32.1087       1259     5.2417     2.8115  0.000e+00
     25.216    15.2235   3.994364    32.1091       1260     5.2458     2.8118  0.000e+00
     25.162    15.2256   3.994524    32.1088       1261     5.2500     2.8142  0.000e+00
     25.105    15.2276   3.994925    32.1108       1262     5.2542     2.8149  0.000e+00
     25.042    15.2301   3.995371    32.1128       1263     5.2583     2.8156  0.000e+00
     24.986    15.2333   3.995798    32.1140       1264     5.2625     2.8156  0.000e+00
     24.923    15.2370   3.996034    32.1131       1265     5.2667     2.8159  0.000e+00
     24.875    15.2402   3.996244    32.1125       1266     5.2708     2.8179  0.000e+00
     24.812    15.2426   3.996270    32.1107       1267     5.2750     2.8189  0.000e+00
     24.756    15.2446   3.996525    32.1114       1268     5.2792     2.8212  0.000e+00
