PC2305/sbe087.cnv
* Sea-Bird SBE 19plus V2 Data File:
* FileName = C:\cruise\data\sbe087.hex
* Software Version Seasave V 7.26.7.121
* Temperature SN = 7142
* Conductivity SN = 7142
* System UpLoad Time = Nov 04 2023 14:33:06
** Cruise: PC2205
** Program: ECOMON
# nquan = 8
# nvalues = 3622                                  
# units = specified
# name 0 = depSM: Depth [salt water, m], lat = 40.00
# name 1 = tv290C: Temperature [ITS-90, deg C]
# name 2 = c0S/m: Conductivity [S/m]
# name 3 = sal00: Salinity, Practical [PSU]
# name 4 = scan: Scan Count
# name 5 = timeM: Time, Elapsed [minutes]
# name 6 = sbeox0V: Oxygen raw, SBE 43 [V]
# name 7 = flag:  0.000e+00
# span 0 =      0.036,    103.108                 
# span 1 =     9.1602,    19.8821                 
# span 2 =   0.000026,   3.980578                 
# span 3 =     0.0096,    33.4676                 
# span 4 =         11,       3632                 
# span 5 =     0.0417,    15.1292                 
# span 6 =     2.1690,     2.9918                 
# span 7 = 0.0000e+00, 0.0000e+00                 
# interval = seconds: 0.25
# start_time = Nov 04 2023 14:33:06 [System UTC, header]
# bad_flag = -9.990e-29
*END*
[from data line 1618]
    102.816     9.7168   3.636364    33.4541       1629     6.7833     2.1728  0.000e+00
    102.735     9.7172   3.636303    33.4531       1630     6.7875     2.1742  0.000e+00
    102.644     9.7173   3.636413    33.4542       1631     6.7917     2.1749  0.000e+00
    102.548     9.7175   3.636542    33.4553       1632     6.7958     2.1755  0.000e+00
    102.444     9.7178   3.636609    33.4558       1633     6.8000     2.1757  0.000e+00
    102.361     9.7182   3.636830    33.4577       1634     6.8042     2.1764  0.000e+00
    102.304     9.7186   3.636984    33.4590       1635     6.8083     2.1767  0.000e+00
    102.225     9.7190   3.636916    33.4580       1636     6.8125     2.1771  0.000e+00
    102.142     9.7193   3.636652    33.4550       1637     6.8167     2.1761  0.000e+00
    102.052     9.7190   3.636039    33.4491       1638     6.8208     2.1767  0.000e+00
    101.977     9.7180   3.636940    33.4592       1639     6.8250     2.1761  0.000e+00
    101.934     9.7181   3.635223    33.4416       1640     6.8292     2.1769  0.000e+00
    101.903     9.7168   3.634824    33.4387       1641     6.8333     2.1756  0.000e+00
    101.871     9.7148   3.633763    33.4298       1642     6.8375     2.1749  0.000e+00
    101.837     9.7121   3.634977    33.4447       1643     6.8417     2.1750  0.000e+00
    101.795     9.7116   3.635284    33.4483       1644     6.8458     2.1747  0.000e+00
    101.743     9.7126   3.636388    33.4587       1645     6.8500     2.1756  0.000e+00
    101.682     9.7144   3.635486    33.4479       1646     6.8542     2.1755  0.000e+00
    101.592     9.7149   3.635750    33.4501       1647     6.8583     2.1767  0.000e+00
    101.486     9.7152   3.636014    33.4526       1648     6.8625     2.1761  0.000e+00
    101.355     9.7159   3.635750    33.4493       1649     6.8667     2.1764  0.000e+00
    101.204     9.7157   3.635179    33.4437       1650     6.8708     2.1763  0.000e+00
    101.049     9.7148   3.634756    33.4402       1651     6.8750     2.1749  0.000e+00
    100.889     9.7137   3.634253    33.4362       1652     6.8792     2.1767  0.000e+00
    100.704     9.7123   3.634296    33.4380       1653     6.8833     2.1765  0.000e+00
    100.531     9.7109   3.634492    33.4414       1654     6.8875     2.1765  0.000e+00
    100.348     9.7109   3.632223    33.4182       1655     6.8917     2.1770  0.000e+00
    100.199     9.7084   3.628899    33.3866       1656     6.8958     2.1782  0.000e+00
    100.041     9.7031   3.627404    33.3763       1657     6.9000     2.1787  0.000e+00
     99.907     9.6975   3.625908    33.3662       1658     6.9042     2.1784  0.000e+00
     99.782     9.6916   3.626307    33.3758       1659     6.9083     2.1797  0.000e+00
     99.672     9.6919   3.625908    33.3716       1660     6.9125     2.1780  0.000e+00
     99.570     9.6928   3.626282    33.3746       1661     6.9167     2.1795  0.000e+00
     99.485     9.6945   3.626766    33.3780       1662     6.9208     2.1794  0.000e+00
     99.404     9.6981   3.625976    33.3666       1663     6.9250     2.1799  0.000e+00
     99.329     9.6988   3.626104    33.3673       1664     6.9292     2.1804  0.000e+00
     99.259     9.6988   3.626129    33.3676       1665     6.9333     2.1800  0.000e+00
     99.187     9.6988   3.625228    33.3584       1666     6.9375     2.1800  0.000e+00
     99.113     9.6960   3.623010    33.3383       1667     6.9417     2.1805  0.000e+00
     99.037     9.6882   3.622085    33.3361       1668     6.9458     2.1802  0.000e+00
     98.949     9.6768   3.620223    33.3276       1669     6.9500     2.1804  0.000e+00
     98.863     9.6645   3.619562    33.3323       1670     6.9542     2.1798  0.000e+00
     98.773     9.6539   3.619304    33.3395       1671     6.9583     2.1793  0.000e+00
     98.663     9.6465   3.618337    33.3365       1672     6.9625     2.1792  0.000e+00
     98.552     9.6403   3.617682    33.3356       1673     6.9667     2.1795  0.000e+00
     98.426     9.6336   3.618159    33.3468       1674     6.9708     2.1779  0.000e+00
     98.297     9.6303   3.617265    33.3408       1675     6.9750     2.1774  0.000e+00
     98.162     9.6269   3.617112    33.3424       1676     6.9792     2.1766  0.000e+00
     98.022     9.6235   3.616476    33.3391       1677     6.9833     2.1763  0.000e+00
     97.883     9.6203   3.614768    33.3246       1678     6.9875     2.1762  0.000e+00
     97.727     9.6128   3.614896    33.3329       1679     6.9917     2.1762  0.000e+00
     97.585     9.6073   3.615753    33.3470       1680     6.9958     2.1761  0.000e+00
     97.463     9.6062   3.615949    33.3500       1681     7.0000     2.1768  0.000e+00
     97.330     9.6075   3.615533    33.3446       1682     7.0042     2.1772  0.000e+00
     97.207     9.6080   3.615049    33.3392       1683     7.0083     2.1771  0.000e+00
     97.089     9.6064   3.614878    33.3390       1684     7.0125     2.1785  0.000e+00
     96.974     9.6045   3.614939    33.3415       1685     7.0167     2.1768  0.000e+00
     96.871     9.6040   3.616188    33.3548       1686     7.0208     2.1771  0.000e+00
     96.765     9.6076   3.616102    33.3506       1687     7.0250     2.1771  0.000e+00
     96.666     9.6113   3.615447    33.3405       1688     7.0292     2.1772  0.000e+00
     96.571     9.6111   3.615288    33.3390       1689     7.0333     2.1778  0.000e+00
     96.481     9.6100   3.615227    33.3395       1690     7.0375     2.1781  0.000e+00
     96.393     9.6089   3.615728    33.3457       1691     7.0417     2.1776  0.000e+00
     96.292     9.6096   3.615955    33.3475       1692     7.0458     2.1777  0.000e+00
     96.195     9.6115   3.615949    33.3456       1693     7.0500     2.1768  0.000e+00
     96.093     9.6128   3.616212    33.3472       1694     7.0542     2.1765  0.000e+00
     95.988     9.6148   3.616646    33.3499       1695     7.0583     2.1775  0.000e+00
     95.881     9.6174   3.616671    33.3477       1696     7.0625     2.1769  0.000e+00
     95.758     9.6199   3.616585    33.3446       1697     7.0667     2.1765  0.000e+00
     95.647     9.6206   3.616738    33.3456       1698     7.0708     2.1775  0.000e+00
     95.512     9.6218   3.616603    33.3431       1699     7.0750     2.1770  0.000e+00
     95.388     9.6223   3.616603    33.3427       1700     7.0792     2.1775  0.000e+00
     95.246     9.6221   3.616824    33.3452       1701     7.0833     2.1793  0.000e+00
     95.120     9.6228   3.616848    33.3449       1702     7.0875     2.1793  0.000e+00
     94.989     9.6238   3.616799    33.3435       1703     7.0917     2.1790  0.000e+00
     94.870     9.6248   3.616713    33.3418       1704     7.0958     2.1800  0.000e+00
     94.762     9.6244   3.616670    33.3418       1705     7.1000     2.1797  0.000e+00
     94.644     9.6239   3.616628    33.3418       1706     7.1042     2.1800  0.000e+00
     94.541     9.6237   3.616670    33.3425       1707     7.1083     2.1807  0.000e+00
     94.448     9.6236   3.617062    33.3467       1708     7.1125     2.1801  0.000e+00
     94.358     9.6248   3.616866    33.3435       1709     7.1167     2.1800  0.000e+00
     94.270     9.6258   3.617240    33.3465       1710     7.1208     2.1801  0.000e+00
     94.192     9.6273   3.617154    33.3443       1711     7.1250     2.1780  0.000e+00
     94.113     9.6288   3.615838    33.3294       1712     7.1292     2.1787  0.000e+00
     94.034     9.6270   3.615685    33.3295       1713     7.1333     2.1784  0.000e+00
     93.952     9.6233   3.613977    33.3155       1714     7.1375     2.1778  0.000e+00
     93.867     9.6175   3.613646    33.3175       1715     7.1417     2.1768  0.000e+00
     93.783     9.6101   3.614809    33.3364       1716     7.1458     2.1765  0.000e+00
     93.689     9.6092   3.614393    33.3330       1717     7.1500     2.1768  0.000e+00
     93.597     9.6094   3.612312    33.3115       1718     7.1542     2.1768  0.000e+00
     93.499     9.6040   3.612422    33.3177       1719     7.1583     2.1780  0.000e+00
     93.380     9.5989   3.613977    33.3384       1720     7.1625     2.1798  0.000e+00
     93.267     9.6001   3.613298    33.3304       1721     7.1667     2.1789  0.000e+00
     93.150     9.6011   3.612753    33.3239       1722     7.1708     2.1798  0.000e+00
     93.017     9.5996   3.611939    33.3170       1723     7.1750     2.1797  0.000e+00
     92.877     9.5953   3.610825    33.3096       1724     7.1792     2.1810  0.000e+00
     92.740     9.5892   3.610868    33.3158       1725     7.1833     2.1810  0.000e+00
     92.601     9.5843   3.610697    33.3186       1726     7.1875     2.1817  0.000e+00
     92.450     9.5814   3.610128    33.3156       1727     7.1917     2.1819  0.000e+00
     92.332     9.5784   3.609712    33.3141       1728     7.1958     2.1814  0.000e+00
     92.204     9.5752   3.609210    33.3120       1729     7.2000     2.1810  0.000e+00
     92.071     9.5711   3.608183    33.3053       1730     7.2042     2.1811  0.000e+00
     91.965     9.5650   3.607021    33.2991       1731     7.2083     2.1810  0.000e+00
     91.868     9.5583   3.607632    33.3117       1732     7.2125     2.1804  0.000e+00
     91.767     9.5539   3.607351    33.3128       1733     7.2167     2.1801  0.000e+00
     91.668     9.5523   3.608091    33.3220       1734     7.2208     2.1795  0.000e+00
     91.584     9.5525   3.609143    33.3326       1735     7.2250     2.1772  0.000e+00
     91.498     9.5570   3.608030    33.3170       1736     7.2292     2.1785  0.000e+00
     91.420     9.5577   3.607632    33.3124       1737     7.2333     2.1778  0.000e+00
     91.345     9.5551   3.606391    33.3021       1738     7.2375     2.1781  0.000e+00
     91.271     9.5507   3.606366    33.3059       1739     7.2417     2.1788  0.000e+00
     91.197     9.5459   3.607063    33.3176       1740     7.2458     2.1795  0.000e+00
     91.118     9.5451   3.606195    33.3095       1741     7.2500     2.1785  0.000e+00
     91.039     9.5441   3.606213    33.3107       1742     7.2542     2.1794  0.000e+00
     90.969     9.5422   3.605993    33.3101       1743     7.2583     2.1795  0.000e+00
     90.892     9.5404   3.606085    33.3128       1744     7.2625     2.1804  0.000e+00
     90.811     9.5396   3.605908    33.3118       1745     7.2667     2.1808  0.000e+00
     90.735     9.5391   3.606391    33.3172       1746     7.2708     2.1805  0.000e+00
     90.660     9.5397   3.605602    33.3086       1747     7.2750     2.1801  0.000e+00
     90.572     9.5388   3.605473    33.3082       1748     7.2792     2.1799  0.000e+00
     90.480     9.5369   3.605473    33.3099       1749     7.2833     2.1798  0.000e+00
     90.396     9.5360   3.605492    33.3110       1750     7.2875     2.1794  0.000e+00
     90.297     9.5353   3.605473    33.3115       1751     7.2917     2.1791  0.000e+00
     90.198     9.5351   3.605449    33.3115       1752     7.2958     2.1799  0.000e+00
     90.083     9.5351   3.605143    33.3084       1753     7.3000     2.1801  0.000e+00
     89.979     9.5342   3.604752    33.3053       1754     7.3042     2.1807  0.000e+00
     89.853     9.5328   3.604446    33.3035       1755     7.3083     2.1791  0.000e+00
     89.727     9.5311   3.604055    33.3011       1756     7.3125     2.1797  0.000e+00
     89.592     9.5291   3.603963    33.3020       1757     7.3167     2.1797  0.000e+00
     89.456     9.5276   3.603859    33.3025       1758     7.3208     2.1790  0.000e+00
     89.324     9.5267   3.603859    33.3033       1759     7.3250     2.1801  0.000e+00
     89.182     9.5262   3.603792    33.3032       1760     7.3292     2.1790  0.000e+00
     89.044     9.5258   3.603657    33.3023       1761     7.3333     2.1800  0.000e+00
     88.914     9.5257   3.603614    33.3019       1762     7.3375     2.1794  0.000e+00
     88.790     9.5254   3.603639    33.3025       1763     7.3417     2.1785  0.000e+00
     88.692     9.5256   3.603510    33.3010       1764     7.3458     2.1802  0.000e+00
     88.593     9.5254   3.603553    33.3017       1765     7.3500     2.1801  0.000e+00
     88.510     9.5252   3.603614    33.3026       1766     7.3542     2.1794  0.000e+00
     88.440     9.5254   3.603963    33.3060       1767     7.3583     2.1806  0.000e+00
     88.381     9.5267   3.604293    33.3083       1768     7.3625     2.1801  0.000e+00
     88.328     9.5286   3.604317    33.3067       1769     7.3667     2.1814  0.000e+00
     88.282     9.5307   3.604574    33.3074       1770     7.3708     2.1811  0.000e+00
     88.228     9.5325   3.604684    33.3069       1771     7.3750     2.1812  0.000e+00
     88.172     9.5340   3.604684    33.3055       1772     7.3792     2.1814  0.000e+00
     88.113     9.5351   3.604666    33.3043       1773     7.3833     2.1811  0.000e+00
     88.046     9.5355   3.604666    33.3040       1774     7.3875     2.1811  0.000e+00
     87.965     9.5355   3.604837    33.3059       1775     7.3917     2.1816  0.000e+00
     87.859     9.5362   3.604727    33.3041       1776     7.3958     2.1814  0.000e+00
     87.773     9.5366   3.604598    33.3024       1777     7.4000     2.1798  0.000e+00
     87.658     9.5364   3.604488    33.3016       1778     7.4042     2.1803  0.000e+00
     87.545     9.5358   3.604445    33.3017       1779     7.4083     2.1802  0.000e+00
     87.415     9.5360   3.604445    33.3016       1780     7.4125     2.1808  0.000e+00
     87.311     9.5367   3.604317    33.2996       1781     7.4167     2.1811  0.000e+00
     87.180     9.5369   3.604359    33.2999       1782     7.4208     2.1806  0.000e+00
     87.061     9.5368   3.604268    33.2992       1783     7.4250     2.1817  0.000e+00
     86.942     9.5373   3.604164    33.2977       1784     7.4292     2.1815  0.000e+00
     86.842     9.5384   3.603876    33.2938       1785     7.4333     2.1817  0.000e+00
     86.750     9.5393   3.603418    33.2882       1786     7.4375     2.1808  0.000e+00
     86.664     9.5392   3.603265    33.2868       1787     7.4417     2.1798  0.000e+00
     86.590     9.5386   3.602800    33.2827       1788     7.4458     2.1797  0.000e+00
     86.525     9.5367   3.602220    33.2784       1789     7.4500     2.1804  0.000e+00
     86.477     9.5344   3.601694    33.2752       1790     7.4542     2.1804  0.000e+00
     86.430     9.5313   3.601957    33.2808       1791     7.4583     2.1802  0.000e+00
     86.396     9.5302   3.602220    33.2846       1792     7.4625     2.1798  0.000e+00
     86.364     9.5313   3.601829    33.2795       1793     7.4667     2.1801  0.000e+00
     86.326     9.5324   3.601022    33.2702       1794     7.4708     2.1795  0.000e+00
     86.288     9.5313   3.599952    33.2603       1795     7.4750     2.1792  0.000e+00
     86.247     9.5274   3.599036    33.2545       1796     7.4792     2.1762  0.000e+00
     86.198     9.5225   3.597056    33.2388       1797     7.4833     2.1767  0.000e+00
     86.137     9.5139   3.595639    33.2322       1798     7.4875     2.1761  0.000e+00
     86.058     9.5032   3.596097    33.2469       1799     7.4917     2.1756  0.000e+00
     85.957     9.4983   3.599128    33.2826       1800     7.4958     2.1750  0.000e+00
     85.842     9.5074   3.596274    33.2448       1801     7.5000     2.1751  0.000e+00
     85.729     9.5110   3.594509    33.2234       1802     7.5042     2.1756  0.000e+00
     85.587     9.5047   3.594381    33.2281       1803     7.5083     2.1764  0.000e+00
     85.459     9.4994   3.594033    33.2294       1804     7.5125     2.1764  0.000e+00
     85.310     9.4967   3.593972    33.2313       1805     7.5167     2.1775  0.000e+00
     85.170     9.4965   3.593160    33.2232       1806     7.5208     2.1786  0.000e+00
     85.023     9.4965   3.592268    33.2142       1807     7.5250     2.1779  0.000e+00
