PC2305/sbe067.cnv
* Sea-Bird SBE 19plus V2 Data File:
* FileName = C:\cruise\data\sbe067.hex
* Software Version Seasave V 7.26.7.121
* Temperature SN = 7142
* Conductivity SN = 7142
* System UpLoad Time = Nov 02 2023 20:21:47
** Cruise: PC2205
** Program: ECOMON
# nquan = 8
# nvalues = 2009                                  
# units = specified
# name 0 = depSM: Depth [salt water, m], lat = 40.00
# name 1 = tv290C: Temperature [ITS-90, deg C]
# name 2 = c0S/m: Conductivity [S/m]
# name 3 = sal00: Salinity, Practical [PSU]
# name 4 = scan: Scan Count
# name 5 = timeM: Time, Elapsed [minutes]
# name 6 = sbeox0V: Oxygen raw, SBE 43 [V]
# name 7 = flag:  0.000e+00
# span 0 =      0.125,     44.678                 
# span 1 =    11.4717,    15.9237                 
# span 2 =   0.000045,   4.079567                 
# span 3 =     0.0059,    32.7063                 
# span 4 =         11,       2019                 
# span 5 =     0.0417,     8.4083                 
# span 6 =     2.1669,     3.0819                 
# span 7 = 0.0000e+00, 0.0000e+00                 
# interval = seconds: 0.25
# start_time = Nov 02 2023 20:21:47 [System UTC, header]
# bad_flag = -9.990e-29
*END*
[from data line 1798]
     10.681    15.9205   4.079257    32.3004       1809     7.5333     2.7582  0.000e+00
     10.640    15.9208   4.079276    32.3003       1810     7.5375     2.7571  0.000e+00
     10.608    15.9210   4.079231    32.2997       1811     7.5417     2.7556  0.000e+00
     10.592    15.9212   4.079276    32.3000       1812     7.5458     2.7545  0.000e+00
     10.584    15.9210   4.079257    32.2999       1813     7.5500     2.7545  0.000e+00
     10.586    15.9210   4.079257    32.2999       1814     7.5542     2.7572  0.000e+00
     10.595    15.9210   4.079276    32.3001       1815     7.5583     2.7577  0.000e+00
     10.599    15.9210   4.079276    32.3002       1816     7.5625     2.7587  0.000e+00
     10.604    15.9209   4.079276    32.3002       1817     7.5667     2.7594  0.000e+00
     10.601    15.9210   4.079257    32.2999       1818     7.5708     2.7591  0.000e+00
     10.593    15.9211   4.079257    32.2999       1819     7.5750     2.7595  0.000e+00
     10.588    15.9214   4.079276    32.2999       1820     7.5792     2.7591  0.000e+00
     10.566    15.9214   4.079276    32.2999       1821     7.5833     2.7581  0.000e+00
     10.534    15.9213   4.079257    32.2998       1822     7.5875     2.7576  0.000e+00
     10.502    15.9214   4.079257    32.2997       1823     7.5917     2.7581  0.000e+00
     10.459    15.9215   4.079276    32.2998       1824     7.5958     2.7587  0.000e+00
     10.405    15.9213   4.079276    32.3000       1825     7.6000     2.7596  0.000e+00
     10.347    15.9213   4.079257    32.2998       1826     7.6042     2.7607  0.000e+00
     10.286    15.9212   4.079257    32.2999       1827     7.6083     2.7621  0.000e+00
     10.225    15.9212   4.079231    32.2997       1828     7.6125     2.7618  0.000e+00
     10.157    15.9217   4.079115    32.2983       1829     7.6167     2.7619  0.000e+00
     10.105    15.9219   4.078942    32.2966       1830     7.6208     2.7613  0.000e+00
     10.052    15.9222   4.078961    32.2966       1831     7.6250     2.7600  0.000e+00
     10.006    15.9227   4.078987    32.2964       1832     7.6292     2.7600  0.000e+00
      9.977    15.9225   4.078961    32.2964       1833     7.6333     2.7599  0.000e+00
      9.955    15.9226   4.079038    32.2970       1834     7.6375     2.7600  0.000e+00
      9.945    15.9225   4.079012    32.2969       1835     7.6417     2.7610  0.000e+00
      9.939    15.9225   4.078961    32.2963       1836     7.6458     2.7609  0.000e+00
      9.939    15.9225   4.079038    32.2971       1837     7.6500     2.7612  0.000e+00
      9.930    15.9224   4.079070    32.2974       1838     7.6542     2.7615  0.000e+00
      9.928    15.9225   4.078961    32.2963       1839     7.6583     2.7622  0.000e+00
      9.921    15.9223   4.079064    32.2975       1840     7.6625     2.7629  0.000e+00
      9.905    15.9222   4.078987    32.2968       1841     7.6667     2.7639  0.000e+00
      9.874    15.9222   4.078987    32.2969       1842     7.6708     2.7644  0.000e+00
      9.831    15.9223   4.078987    32.2968       1843     7.6750     2.7636  0.000e+00
      9.765    15.9224   4.078987    32.2968       1844     7.6792     2.7641  0.000e+00
      9.697    15.9229   4.078890    32.2955       1845     7.6833     2.7651  0.000e+00
      9.614    15.9229   4.078890    32.2956       1846     7.6875     2.7646  0.000e+00
      9.531    15.9229   4.078929    32.2960       1847     7.6917     2.7642  0.000e+00
      9.445    15.9233   4.078819    32.2947       1848     7.6958     2.7642  0.000e+00
      9.371    15.9232   4.078819    32.2948       1849     7.7000     2.7656  0.000e+00
      9.299    15.9229   4.078768    32.2946       1850     7.7042     2.7672  0.000e+00
      9.244    15.9224   4.078749    32.2949       1851     7.7083     2.7673  0.000e+00
      9.199    15.9224   4.078749    32.2949       1852     7.7125     2.7685  0.000e+00
      9.161    15.9225   4.078768    32.2950       1853     7.7167     2.7684  0.000e+00
      9.130    15.9226   4.078768    32.2949       1854     7.7208     2.7690  0.000e+00
      9.100    15.9227   4.078749    32.2947       1855     7.7250     2.7691  0.000e+00
      9.077    15.9225   4.078768    32.2950       1856     7.7292     2.7696  0.000e+00
      9.053    15.9226   4.078749    32.2947       1857     7.7333     2.7698  0.000e+00
      9.019    15.9226   4.078819    32.2954       1858     7.7375     2.7695  0.000e+00
      8.972    15.9229   4.078794    32.2949       1859     7.7417     2.7691  0.000e+00
      8.917    15.9232   4.078819    32.2950       1860     7.7458     2.7675  0.000e+00
      8.847    15.9234   4.078793    32.2946       1861     7.7500     2.7690  0.000e+00
      8.766    15.9237   4.078697    32.2935       1862     7.7542     2.7692  0.000e+00
      8.679    15.9237   4.078723    32.2937       1863     7.7583     2.7692  0.000e+00
      8.591    15.9235   4.078697    32.2937       1864     7.7625     2.7690  0.000e+00
      8.496    15.9235   4.078581    32.2927       1865     7.7667     2.7694  0.000e+00
      8.390    15.9230   4.078555    32.2930       1866     7.7708     2.7700  0.000e+00
      8.289    15.9227   4.078600    32.2936       1867     7.7750     2.7700  0.000e+00
      8.194    15.9225   4.078652    32.2943       1868     7.7792     2.7701  0.000e+00
      8.103    15.9225   4.078671    32.2945       1869     7.7833     2.7709  0.000e+00
      8.022    15.9226   4.078697    32.2947       1870     7.7875     2.7710  0.000e+00
      7.953    15.9227   4.078652    32.2942       1871     7.7917     2.7700  0.000e+00
      7.901    15.9229   4.078626    32.2938       1872     7.7958     2.7703  0.000e+00
      7.858    15.9229   4.078652    32.2941       1873     7.8000     2.7700  0.000e+00
      7.822    15.9229   4.078581    32.2935       1874     7.8042     2.7705  0.000e+00
      7.799    15.9225   4.078530    32.2933       1875     7.8083     2.7716  0.000e+00
      7.785    15.9224   4.078504    32.2932       1876     7.8125     2.7716  0.000e+00
      7.779    15.9220   4.078433    32.2929       1877     7.8167     2.7713  0.000e+00
      7.768    15.9215   4.078433    32.2933       1878     7.8208     2.7700  0.000e+00
      7.756    15.9211   4.078382    32.2932       1879     7.8250     2.7694  0.000e+00
      7.743    15.9210   4.078362    32.2931       1880     7.8292     2.7680  0.000e+00
      7.716    15.9208   4.078382    32.2935       1881     7.8333     2.7671  0.000e+00
      7.679    15.9207   4.078459    32.2942       1882     7.8375     2.7678  0.000e+00
      7.635    15.9210   4.078465    32.2941       1883     7.8417     2.7682  0.000e+00
      7.581    15.9213   4.078433    32.2936       1884     7.8458     2.7687  0.000e+00
      7.540    15.9214   4.078459    32.2938       1885     7.8500     2.7691  0.000e+00
      7.495    15.9215   4.078407    32.2932       1886     7.8542     2.7705  0.000e+00
      7.454    15.9217   4.078382    32.2929       1887     7.8583     2.7703  0.000e+00
      7.416    15.9217   4.078362    32.2927       1888     7.8625     2.7713  0.000e+00
      7.375    15.9218   4.078311    32.2922       1889     7.8667     2.7699  0.000e+00
      7.344    15.9218   4.078362    32.2927       1890     7.8708     2.7690  0.000e+00
      7.305    15.9218   4.078336    32.2925       1891     7.8750     2.7684  0.000e+00
      7.269    15.9218   4.078304    32.2922       1892     7.8792     2.7679  0.000e+00
      7.224    15.9218   4.078092    32.2903       1893     7.8833     2.7691  0.000e+00
      7.168    15.9213   4.078285    32.2924       1894     7.8875     2.7706  0.000e+00
      7.105    15.9209   4.078214    32.2922       1895     7.8917     2.7723  0.000e+00
      7.037    15.9211   4.078163    32.2915       1896     7.8958     2.7736  0.000e+00
      6.951    15.9208   4.078189    32.2921       1897     7.9000     2.7742  0.000e+00
      6.861    15.9206   4.077970    32.2904       1898     7.9042     2.7746  0.000e+00
      6.764    15.9201   4.078066    32.2916       1899     7.9083     2.7765  0.000e+00
      6.663    15.9196   4.078021    32.2917       1900     7.9125     2.7756  0.000e+00
      6.554    15.9195   4.078028    32.2918       1901     7.9167     2.7777  0.000e+00
      6.457    15.9197   4.078118    32.2925       1902     7.9208     2.7784  0.000e+00
      6.363    15.9198   4.078066    32.2920       1903     7.9250     2.7797  0.000e+00
      6.273    15.9202   4.078047    32.2915       1904     7.9292     2.7792  0.000e+00
      6.198    15.9202   4.077970    32.2909       1905     7.9333     2.7795  0.000e+00
      6.130    15.9198   4.077680    32.2887       1906     7.9375     2.7793  0.000e+00
      6.068    15.9186   4.077828    32.2910       1907     7.9417     2.7785  0.000e+00
      6.020    15.9182   4.077584    32.2892       1908     7.9458     2.7780  0.000e+00
      5.977    15.9170   4.077346    32.2881       1909     7.9500     2.7779  0.000e+00
      5.930    15.9151   4.077520    32.2911       1910     7.9542     2.7788  0.000e+00
      5.885    15.9142   4.077584    32.2925       1911     7.9583     2.7803  0.000e+00
      5.840    15.9145   4.077443    32.2910       1912     7.9625     2.7793  0.000e+00
      5.794    15.9144   4.077565    32.2922       1913     7.9667     2.7777  0.000e+00
      5.734    15.9144   4.077732    32.2937       1914     7.9708     2.7780  0.000e+00
      5.675    15.9151   4.077802    32.2937       1915     7.9750     2.7776  0.000e+00
      5.608    15.9163   4.077706    32.2919       1916     7.9792     2.7788  0.000e+00
      5.542    15.9168   4.077706    32.2916       1917     7.9833     2.7797  0.000e+00
      5.492    15.9167   4.077565    32.2904       1918     7.9875     2.7800  0.000e+00
      5.443    15.9159   4.077288    32.2887       1919     7.9917     2.7806  0.000e+00
      5.413    15.9145   4.077198    32.2890       1920     7.9958     2.7811  0.000e+00
      5.395    15.9128   4.077127    32.2898       1921     8.0000     2.7822  0.000e+00
      5.377    15.9117   4.077102    32.2904       1922     8.0042     2.7817  0.000e+00
      5.373    15.9109   4.077076    32.2909       1923     8.0083     2.7818  0.000e+00
      5.360    15.9105   4.077320    32.2934       1924     8.0125     2.7825  0.000e+00
      5.357    15.9111   4.077584    32.2952       1925     8.0167     2.7821  0.000e+00
      5.353    15.9128   4.077828    32.2960       1926     8.0208     2.7813  0.000e+00
      5.344    15.9147   4.077950    32.2955       1927     8.0250     2.7819  0.000e+00
      5.326    15.9167   4.078002    32.2943       1928     8.0292     2.7822  0.000e+00
      5.299    15.9181   4.078021    32.2934       1929     8.0333     2.7819  0.000e+00
      5.263    15.9191   4.078021    32.2926       1930     8.0375     2.7818  0.000e+00
      5.213    15.9195   4.077995    32.2920       1931     8.0417     2.7809  0.000e+00
      5.150    15.9197   4.077969    32.2917       1932     8.0458     2.7822  0.000e+00
      5.069    15.9197   4.077969    32.2917       1933     8.0500     2.7824  0.000e+00
      4.992    15.9195   4.077924    32.2915       1934     8.0542     2.7836  0.000e+00
      4.917    15.9194   4.077802    32.2905       1935     8.0583     2.7835  0.000e+00
      4.845    15.9190   4.077802    32.2909       1936     8.0625     2.7850  0.000e+00
      4.771    15.9184   4.077873    32.2920       1937     8.0667     2.7855  0.000e+00
      4.694    15.9184   4.078027    32.2934       1938     8.0708     2.7854  0.000e+00
      4.609    15.9190   4.078021    32.2929       1939     8.0750     2.7868  0.000e+00
      4.523    15.9196   4.077969    32.2920       1940     8.0792     2.7849  0.000e+00
      4.430    15.9194   4.077950    32.2920       1941     8.0833     2.7848  0.000e+00
      4.331    15.9195   4.077731    32.2900       1942     8.0875     2.7851  0.000e+00
      4.219    15.9186   4.077776    32.2913       1943     8.0917     2.7856  0.000e+00
      4.094    15.9179   4.077660    32.2908       1944     8.0958     2.7848  0.000e+00
      3.962    15.9175   4.077583    32.2906       1945     8.1000     2.7850  0.000e+00
      3.829    15.9168   4.077416    32.2896       1946     8.1042     2.7851  0.000e+00
      3.704    15.9155   4.077307    32.2898       1947     8.1083     2.7863  0.000e+00
      3.598    15.9143   4.077416    32.2918       1948     8.1125     2.7857  0.000e+00
      3.504    15.9140   4.077512    32.2930       1949     8.1167     2.7868  0.000e+00
      3.423    15.9140   4.077564    32.2934       1950     8.1208     2.7865  0.000e+00
      3.351    15.9146   4.077564    32.2929       1951     8.1250     2.7854  0.000e+00
      3.310    15.9152   4.077679    32.2935       1952     8.1292     2.7853  0.000e+00
      3.305    15.9159   4.077634    32.2925       1953     8.1333     2.7854  0.000e+00
      3.316    15.9163   4.077538    32.2913       1954     8.1375     2.7845  0.000e+00
      3.319    15.9159   4.077223    32.2888       1955     8.1417     2.7832  0.000e+00
      3.339    15.9146   4.077242    32.2901       1956     8.1458     2.7818  0.000e+00
      3.362    15.9134   4.077442    32.2928       1957     8.1500     2.7808  0.000e+00
      3.398    15.9133   4.077705    32.2952       1958     8.1542     2.7800  0.000e+00
      3.425    15.9148   4.077898    32.2957       1959     8.1583     2.7798  0.000e+00
      3.432    15.9166   4.078046    32.2956       1960     8.1625     2.7795  0.000e+00
      3.423    15.9183   4.078065    32.2944       1961     8.1667     2.7799  0.000e+00
      3.398    15.9195   4.077994    32.2927       1962     8.1708     2.7790  0.000e+00
      3.351    15.9201   4.078020    32.2925       1963     8.1750     2.7789  0.000e+00
      3.296    15.9204   4.077969    32.2918       1964     8.1792     2.7794  0.000e+00
      3.233    15.9202   4.078001    32.2922       1965     8.1833     2.7795  0.000e+00
      3.166    15.9203   4.077924    32.2915       1966     8.1875     2.7797  0.000e+00
      3.096    15.9203   4.077898    32.2913       1967     8.1917     2.7802  0.000e+00
      3.017    15.9200   4.077949    32.2921       1968     8.1958     2.7797  0.000e+00
      2.927    15.9200   4.078020    32.2927       1969     8.2000     2.7800  0.000e+00
      2.838    15.9206   4.077994    32.2921       1970     8.2042     2.7813  0.000e+00
      2.742    15.9206   4.077923    32.2914       1971     8.2083     2.7821  0.000e+00
      2.652    15.9206   4.077994    32.2921       1972     8.2125     2.7839  0.000e+00
      2.564    15.9207   4.078116    32.2931       1973     8.2167     2.7842  0.000e+00
      2.482    15.9213   4.077795    32.2899       1974     8.2208     2.7845  0.000e+00
      2.415    15.9221   4.078116    32.2920       1975     8.2250     2.7851  0.000e+00
      2.368    15.9223   4.078090    32.2917       1976     8.2292     2.7869  0.000e+00
      2.331    15.9224   4.078090    32.2916       1977     8.2333     2.7870  0.000e+00
      2.304    15.9224   4.078020    32.2910       1978     8.2375     2.7877  0.000e+00
      2.279    15.9222   4.077827    32.2894       1979     8.2417     2.7868  0.000e+00
      2.257    15.9214   4.077775    32.2897       1980     8.2458     2.7847  0.000e+00
      2.228    15.9201   4.077730    32.2904       1981     8.2500     2.7842  0.000e+00
      2.194    15.9189   4.077705    32.2911       1982     8.2542     2.7830  0.000e+00
      2.144    15.9182   4.077634    32.2911       1983     8.2583     2.7821  0.000e+00
      2.095    15.9176   4.077679    32.2920       1984     8.2625     2.7809  0.000e+00
      2.027    15.9174   4.078065    32.2956       1985     8.2667     2.7795  0.000e+00
      1.950    15.9187   4.077852    32.2926       1986     8.2708     2.7797  0.000e+00
      1.862    15.9197   4.077968    32.2929       1987     8.2750     2.7792  0.000e+00
