PC2305/sbe009.cnv
* Sea-Bird SBE 19plus V2 Data File:
* FileName = C:\cruise\data\sbe009.hex
* Software Version Seasave V 7.26.7.121
* Temperature SN = 7142
* Conductivity SN = 7142
* System UpLoad Time = Oct 28 2023 02:12:20
** Cruise: PC2205
** Program: ECOMON
# nquan = 8
# nvalues = 1149                                  
# units = specified
# name 0 = depSM: Depth [salt water, m], lat = 40.00
# name 1 = tv290C: Temperature [ITS-90, deg C]
# name 2 = c0S/m: Conductivity [S/m]
# name 3 = sal00: Salinity, Practical [PSU]
# name 4 = scan: Scan Count
# name 5 = timeM: Time, Elapsed [minutes]
# name 6 = sbeox0V: Oxygen raw, SBE 43 [V]
# name 7 = flag:  0.000e+00
# span 0 =     -0.044,     43.829                 
# span 1 =    14.7268,    16.0308                 
# span 2 =   0.000020,   3.953451                 
# span 3 =     0.0082,    31.8313                 
# span 4 =         11,       1159                 
# span 5 =     0.0417,     4.8250                 
# span 6 =     2.4391,     3.0290                 
# span 7 = 0.0000e+00, 0.0000e+00                 
# interval = seconds: 0.25
# start_time = Oct 28 2023 02:12:20 [System UTC, header]
# bad_flag = -9.990e-29
*END*
[from data line 720]
     27.034    14.7804   3.906651    31.6809        731     3.0417     2.5974  0.000e+00
     26.881    14.7923   3.906531    31.6702        732     3.0458     2.6009  0.000e+00
     26.730    14.8050   3.906449    31.6592        733     3.0500     2.6050  0.000e+00
     26.577    14.8143   3.906417    31.6514        734     3.0542     2.6104  0.000e+00
     26.419    14.8208   3.906190    31.6441        735     3.0583     2.6178  0.000e+00
     26.267    14.8267   3.906032    31.6380        736     3.0625     2.6248  0.000e+00
     26.119    14.8320   3.905943    31.6329        737     3.0667     2.6333  0.000e+00
     25.974    14.8364   3.905823    31.6283        738     3.0708     2.6405  0.000e+00
     25.835    14.8406   3.905867    31.6254        739     3.0750     2.6475  0.000e+00
     25.706    14.8443   3.905659    31.6206        740     3.0792     2.6537  0.000e+00
     25.587    14.8477   3.905753    31.6187        741     3.0833     2.6586  0.000e+00
     25.470    14.8506   3.905614    31.6151        742     3.0875     2.6671  0.000e+00
     25.370    14.8527   3.905538    31.6128        743     3.0917     2.6734  0.000e+00
     25.276    14.8545   3.905431    31.6104        744     3.0958     2.6787  0.000e+00
     25.201    14.8560   3.905317    31.6082        745     3.1000     2.6863  0.000e+00
     25.127    14.8579   3.905273    31.6063        746     3.1042     2.6911  0.000e+00
     25.064    14.8597   3.905323    31.6053        747     3.1083     2.6972  0.000e+00
     25.016    14.8617   3.905317    31.6037        748     3.1125     2.7011  0.000e+00
     24.965    14.8631   3.905342    31.6027        749     3.1167     2.7053  0.000e+00
     24.924    14.8640   3.905368    31.6023        750     3.1208     2.7075  0.000e+00
     24.883    14.8649   3.905386    31.6017        751     3.1250     2.7120  0.000e+00
     24.850    14.8656   3.905386    31.6012        752     3.1292     2.7147  0.000e+00
     24.818    14.8659   3.905393    31.6010        753     3.1333     2.7181  0.000e+00
     24.784    14.8664   3.905431    31.6009        754     3.1375     2.7203  0.000e+00
     24.757    14.8667   3.905431    31.6007        755     3.1417     2.7235  0.000e+00
     24.723    14.8672   3.905462    31.6006        756     3.1458     2.7256  0.000e+00
     24.689    14.8674   3.905475    31.6006        757     3.1500     2.7281  0.000e+00
     24.653    14.8679   3.905500    31.6004        758     3.1542     2.7296  0.000e+00
     24.613    14.8681   3.905500    31.6003        759     3.1583     2.7296  0.000e+00
     24.572    14.8684   3.905538    31.6004        760     3.1625     2.7292  0.000e+00
     24.531    14.8687   3.905544    31.6002        761     3.1667     2.7291  0.000e+00
     24.486    14.8691   3.905544    31.5999        762     3.1708     2.7304  0.000e+00
     24.437    14.8697   3.905563    31.5996        763     3.1750     2.7321  0.000e+00
     24.394    14.8702   3.905544    31.5991        764     3.1792     2.7336  0.000e+00
     24.342    14.8709   3.905569    31.5987        765     3.1833     2.7344  0.000e+00
     24.288    14.8713   3.905563    31.5983        766     3.1875     2.7351  0.000e+00
     24.225    14.8720   3.905594    31.5981        767     3.1917     2.7342  0.000e+00
     24.159    14.8726   3.905569    31.5974        768     3.1958     2.7365  0.000e+00
     24.088    14.8728   3.905569    31.5973        769     3.2000     2.7370  0.000e+00
     24.009    14.8730   3.905563    31.5971        770     3.2042     2.7367  0.000e+00
     23.927    14.8733   3.905525    31.5965        771     3.2083     2.7373  0.000e+00
     23.826    14.8737   3.905500    31.5960        772     3.2125     2.7373  0.000e+00
     23.715    14.8742   3.905537    31.5960        773     3.2167     2.7375  0.000e+00
     23.592    14.8747   3.905544    31.5957        774     3.2208     2.7383  0.000e+00
     23.458    14.8754   3.905569    31.5954        775     3.2250     2.7389  0.000e+00
     23.317    14.8766   3.905607    31.5949        776     3.2292     2.7404  0.000e+00
     23.163    14.8776   3.905663    31.5946        777     3.2333     2.7403  0.000e+00
     22.999    14.8790   3.905663    31.5935        778     3.2375     2.7414  0.000e+00
     22.834    14.8800   3.905726    31.5933        779     3.2417     2.7426  0.000e+00
     22.663    14.8809   3.905821    31.5936        780     3.2458     2.7417  0.000e+00
     22.494    14.8824   3.905865    31.5928        781     3.2500     2.7425  0.000e+00
     22.320    14.8841   3.905777    31.5907        782     3.2542     2.7435  0.000e+00
     22.153    14.8856   3.905606    31.5880        783     3.2583     2.7442  0.000e+00
     22.002    14.8867   3.905568    31.5868        784     3.2625     2.7439  0.000e+00
     21.847    14.8878   3.905568    31.5860        785     3.2667     2.7438  0.000e+00
     21.707    14.8885   3.905562    31.5854        786     3.2708     2.7436  0.000e+00
     21.576    14.8888   3.905524    31.5848        787     3.2750     2.7446  0.000e+00
     21.456    14.8888   3.905568    31.5853        788     3.2792     2.7436  0.000e+00
     21.342    14.8888   3.905562    31.5852        789     3.2833     2.7433  0.000e+00
     21.247    14.8892   3.905568    31.5851        790     3.2875     2.7432  0.000e+00
     21.159    14.8895   3.905593    31.5850        791     3.2917     2.7445  0.000e+00
     21.082    14.8897   3.905568    31.5847        792     3.2958     2.7441  0.000e+00
     21.015    14.8897   3.905580    31.5848        793     3.3000     2.7441  0.000e+00
     20.954    14.8900   3.905410    31.5831        794     3.3042     2.7454  0.000e+00
     20.913    14.8899   3.905593    31.5848        795     3.3083     2.7461  0.000e+00
     20.866    14.8902   3.905561    31.5843        796     3.3125     2.7452  0.000e+00
     20.825    14.8902   3.905568    31.5844        797     3.3167     2.7463  0.000e+00
     20.791    14.8901   3.905568    31.5845        798     3.3208     2.7471  0.000e+00
     20.749    14.8902   3.905580    31.5846        799     3.3250     2.7468  0.000e+00
     20.712    14.8902   3.905542    31.5842        800     3.3292     2.7464  0.000e+00
     20.677    14.8903   3.905593    31.5846        801     3.3333     2.7485  0.000e+00
     20.634    14.8903   3.905568    31.5844        802     3.3375     2.7481  0.000e+00
     20.593    14.8904   3.905580    31.5844        803     3.3417     2.7485  0.000e+00
     20.552    14.8905   3.905542    31.5841        804     3.3458     2.7477  0.000e+00
     20.500    14.8906   3.905593    31.5844        805     3.3500     2.7472  0.000e+00
     20.442    14.8907   3.905605    31.5845        806     3.3542     2.7466  0.000e+00
     20.388    14.8909   3.905593    31.5842        807     3.3583     2.7467  0.000e+00
     20.329    14.8913   3.905593    31.5839        808     3.3625     2.7480  0.000e+00
     20.268    14.8912   3.905580    31.5839        809     3.3667     2.7478  0.000e+00
     20.201    14.8915   3.905593    31.5838        810     3.3708     2.7487  0.000e+00
     20.129    14.8913   3.905542    31.5835        811     3.3750     2.7498  0.000e+00
     20.057    14.8912   3.905523    31.5834        812     3.3792     2.7492  0.000e+00
     19.977    14.8911   3.905561    31.5839        813     3.3833     2.7500  0.000e+00
     19.894    14.8912   3.905567    31.5839        814     3.3875     2.7501  0.000e+00
     19.801    14.8913   3.905593    31.5841        815     3.3917     2.7514  0.000e+00
     19.705    14.8915   3.905656    31.5845        816     3.3958     2.7521  0.000e+00
     19.612    14.8923   3.905706    31.5844        817     3.4000     2.7524  0.000e+00
     19.509    14.8935   3.905725    31.5836        818     3.4042     2.7543  0.000e+00
     19.396    14.8946   3.905750    31.5830        819     3.4083     2.7550  0.000e+00
     19.288    14.8956   3.905820    31.5829        820     3.4125     2.7546  0.000e+00
     19.179    14.8961   3.905864    31.5829        821     3.4167     2.7541  0.000e+00
     19.062    14.8971   3.906015    31.5835        822     3.4208     2.7574  0.000e+00
     18.940    14.8982   3.906186    31.5842        823     3.4250     2.7581  0.000e+00
     18.816    14.8999   3.906369    31.5845        824     3.4292     2.7587  0.000e+00
     18.693    14.9021   3.906621    31.5850        825     3.4333     2.7593  0.000e+00
     18.568    14.9046   3.907095    31.5873        826     3.4375     2.7594  0.000e+00
     18.447    14.9090   3.907790    31.5901        827     3.4417     2.7596  0.000e+00
     18.320    14.9168   3.908270    31.5881        828     3.4458     2.7607  0.000e+00
     18.201    14.9258   3.908800    31.5856        829     3.4500     2.7622  0.000e+00
     18.082    14.9351   3.909122    31.5811        830     3.4542     2.7630  0.000e+00
     17.973    14.9436   3.909488    31.5775        831     3.4583     2.7646  0.000e+00
     17.858    14.9511   3.909836    31.5747        832     3.4625     2.7654  0.000e+00
     17.754    14.9587   3.909956    31.5696        833     3.4667     2.7680  0.000e+00
     17.649    14.9647   3.910404    31.5688        834     3.4708     2.7691  0.000e+00
     17.552    14.9716   3.910890    31.5677        835     3.4750     2.7719  0.000e+00
     17.455    14.9795   3.911352    31.5655        836     3.4792     2.7746  0.000e+00
     17.360    14.9883   3.912154    31.5656        837     3.4833     2.7769  0.000e+00
     17.270    14.9999   3.913601    31.5693        838     3.4875     2.7796  0.000e+00
     17.182    15.0160   3.914985    31.5688        839     3.4917     2.7809  0.000e+00
     17.101    15.0347   3.915737    31.5604        840     3.4958     2.7820  0.000e+00
     17.019    15.0518   3.916565    31.5541        841     3.5000     2.7833  0.000e+00
     16.943    15.0664   3.916957    31.5459        842     3.5042     2.7851  0.000e+00
     16.871    15.0786   3.917273    31.5389        843     3.5083     2.7873  0.000e+00
     16.803    15.0879   3.917804    31.5362        844     3.5125     2.7896  0.000e+00
     16.738    15.0963   3.918404    31.5349        845     3.5167     2.7925  0.000e+00
     16.675    15.1057   3.919441    31.5366        846     3.5208     2.7964  0.000e+00
     16.614    15.1190   3.919802    31.5292        847     3.5250     2.8013  0.000e+00
     16.562    15.1324   3.920731    31.5267        848     3.5292     2.8044  0.000e+00
     16.512    15.1452   3.921490    31.5232        849     3.5333     2.8090  0.000e+00
     16.458    15.1572   3.922388    31.5216        850     3.5375     2.8142  0.000e+00
     16.408    15.1693   3.924267    31.5287        851     3.5417     2.8168  0.000e+00
     16.355    15.1858   3.924830    31.5205        852     3.5458     2.8216  0.000e+00
     16.311    15.2005   3.924994    31.5101        853     3.5500     2.8258  0.000e+00
     16.257    15.2103   3.927171    31.5217        854     3.5542     2.8317  0.000e+00
     16.203    15.2219   3.927854    31.5186        855     3.5583     2.8367  0.000e+00
     16.145    15.2341   3.928797    31.5172        856     3.5625     2.8435  0.000e+00
     16.079    15.2446   3.928911    31.5098        857     3.5667     2.8475  0.000e+00
     16.014    15.2523   3.929259    31.5068        858     3.5708     2.8534  0.000e+00
     15.935    15.2572   3.929076    31.5012        859     3.5750     2.8587  0.000e+00
     15.854    15.2596   3.928962    31.4983        860     3.5792     2.8624  0.000e+00
     15.768    15.2601   3.930601    31.5126        861     3.5833     2.8666  0.000e+00
     15.676    15.2659   3.930785    31.5096        862     3.5875     2.8717  0.000e+00
     15.576    15.2721   3.930823    31.5050        863     3.5917     2.8747  0.000e+00
     15.477    15.2759   3.930690    31.5008        864     3.5958     2.8793  0.000e+00
     15.367    15.2773   3.930784    31.5006        865     3.6000     2.8840  0.000e+00
     15.257    15.2777   3.930898    31.5013        866     3.6042     2.8875  0.000e+00
     15.148    15.2787   3.930917    31.5007        867     3.6083     2.8913  0.000e+00
     15.040    15.2796   3.930898    31.4998        868     3.6125     2.8953  0.000e+00
     14.930    15.2801   3.930949    31.5000        869     3.6167     2.8967  0.000e+00
     14.832    15.2804   3.930993    31.5001        870     3.6208     2.8993  0.000e+00
     14.736    15.2805   3.930961    31.4998        871     3.6250     2.9012  0.000e+00
     14.636    15.2809   3.930968    31.4996        872     3.6292     2.9029  0.000e+00
     14.546    15.2812   3.930968    31.4993        873     3.6333     2.9048  0.000e+00
     14.454    15.2812   3.931037    31.5000        874     3.6375     2.9069  0.000e+00
     14.363    15.2816   3.931088    31.5002        875     3.6417     2.9085  0.000e+00
     14.282    15.2823   3.931063    31.4995        876     3.6458     2.9096  0.000e+00
     14.201    15.2825   3.931012    31.4989        877     3.6500     2.9098  0.000e+00
     14.118    15.2825   3.930993    31.4987        878     3.6542     2.9096  0.000e+00
     14.035    15.2826   3.930892    31.4978        879     3.6583     2.9107  0.000e+00
     13.958    15.2823   3.931081    31.4997        880     3.6625     2.9111  0.000e+00
     13.886    15.2829   3.931221    31.5005        881     3.6667     2.9126  0.000e+00
     13.818    15.2841   3.931341    31.5006        882     3.6708     2.9129  0.000e+00
     13.752    15.2857   3.931328    31.4993        883     3.6750     2.9138  0.000e+00
     13.687    15.2868   3.931316    31.4983        884     3.6792     2.9145  0.000e+00
     13.626    15.2873   3.931360    31.4983        885     3.6833     2.9158  0.000e+00
     13.568    15.2877   3.931385    31.4982        886     3.6875     2.9172  0.000e+00
     13.509    15.2879   3.931423    31.4984        887     3.6917     2.9177  0.000e+00
     13.444    15.2886   3.931455    31.4982        888     3.6958     2.9197  0.000e+00
     13.383    15.2889   3.931474    31.4981        889     3.7000     2.9207  0.000e+00
     13.326    15.2894   3.931524    31.4982        890     3.7042     2.9205  0.000e+00
     13.261    15.2898   3.931474    31.4975        891     3.7083     2.9223  0.000e+00
     13.193    15.2902   3.931569    31.4980        892     3.7125     2.9223  0.000e+00
     13.115    15.2907   3.931524    31.4973        893     3.7167     2.9227  0.000e+00
     13.047    15.2907   3.931499    31.4970        894     3.7208     2.9228  0.000e+00
     12.973    15.2912   3.931474    31.4964        895     3.7250     2.9239  0.000e+00
     12.900    15.2914   3.931448    31.4961        896     3.7292     2.9246  0.000e+00
     12.823    15.2914   3.931524    31.4968        897     3.7333     2.9253  0.000e+00
     12.745    15.2920   3.931733    31.4982        898     3.7375     2.9262  0.000e+00
     12.672    15.2929   3.931847    31.4985        899     3.7417     2.9265  0.000e+00
     12.600    15.2946   3.931980    31.4983        900     3.7458     2.9265  0.000e+00
     12.531    15.2960   3.932100    31.4983        901     3.7500     2.9265  0.000e+00
     12.470    15.2976   3.932214    31.4981        902     3.7542     2.9276  0.000e+00
     12.406    15.2990   3.932398    31.4986        903     3.7583     2.9270  0.000e+00
     12.336    15.3003   3.932486    31.4984        904     3.7625     2.9268  0.000e+00
     12.265    15.3019   3.932562    31.4979        905     3.7667     2.9272  0.000e+00
     12.190    15.3030   3.932562    31.4969        906     3.7708     2.9291  0.000e+00
     12.118    15.3039   3.932771    31.4982        907     3.7750     2.9298  0.000e+00
     12.044    15.3052   3.933164    31.5006        908     3.7792     2.9313  0.000e+00
