PC2305/sbe014.cnv
* Sea-Bird SBE 19plus V2 Data File:
* FileName = C:\cruise\data\sbe014.hex
* Software Version Seasave V 7.26.7.121
* Temperature SN = 7142
* Conductivity SN = 7142
* System UpLoad Time = Oct 28 2023 14:42:36
** Cruise: PC2205
** Program: ECOMON
# nquan = 8
# nvalues = 4261                                  
# units = specified
# name 0 = depSM: Depth [salt water, m], lat = 40.00
# name 1 = tv290C: Temperature [ITS-90, deg C]
# name 2 = c0S/m: Conductivity [S/m]
# name 3 = sal00: Salinity, Practical [PSU]
# name 4 = scan: Scan Count
# name 5 = timeM: Time, Elapsed [minutes]
# name 6 = sbeox0V: Oxygen raw, SBE 43 [V]
# name 7 = flag:  0.000e+00
# span 0 =     -0.028,    201.797                 
# span 1 =     9.7253,    16.7973                 
# span 2 =   0.000026,   4.211240                 
# span 3 =     0.0085,    35.6355                 
# span 4 =         11,       4271                 
# span 5 =     0.0417,    17.7917                 
# span 6 =     1.6887,     3.0334                 
# span 7 = 0.0000e+00, 0.0000e+00                 
# interval = seconds: 0.25
# start_time = Oct 28 2023 14:42:36 [System UTC, header]
# bad_flag = -9.990e-29
*END*
[from data line 3057]
     73.317    10.6334   3.796587    34.2364       3068    12.7792     2.3373  0.000e+00
     73.256    10.6247   3.796543    34.2441       3069    12.7833     2.3366  0.000e+00
     73.184    10.6180   3.793803    34.2228       3070    12.7875     2.3363  0.000e+00
     73.101    10.6086   3.794290    34.2366       3071    12.7917     2.3351  0.000e+00
     72.993    10.6019   3.793847    34.2385       3072    12.7958     2.3340  0.000e+00
     72.875    10.6029   3.795289    34.2521       3073    12.8000     2.3340  0.000e+00
     72.744    10.6096   3.799391    34.2871       3074    12.8042     2.3342  0.000e+00
     72.603    10.6277   3.796705    34.2432       3075    12.8083     2.3340  0.000e+00
     72.465    10.6373   3.767011    33.9360       3076    12.8125     2.3360  0.000e+00
     72.336    10.5794   3.753566    33.8549       3077    12.8167     2.3379  0.000e+00
     72.208    10.4845   3.748622    33.8934       3078    12.8208     2.3398  0.000e+00
     72.080    10.4035   3.747114    33.9538       3079    12.8250     2.3413  0.000e+00
     71.978    10.3520   3.744165    33.9722       3080    12.8292     2.3426  0.000e+00
     71.870    10.3175   3.737259    33.9347       3081    12.8333     2.3461  0.000e+00
     71.777    10.2793   3.728275    33.8795       3082    12.8375     2.3510  0.000e+00
     71.696    10.2283   3.725933    33.9035       3083    12.8417     2.3508  0.000e+00
     71.620    10.1821   3.724608    33.9333       3084    12.8458     2.3547  0.000e+00
     71.554    10.1513   3.724032    33.9564       3085    12.8500     2.3569  0.000e+00
     71.492    10.1330   3.727979    34.0137       3086    12.8542     2.3601  0.000e+00
     71.439    10.1333   3.727954    34.0131       3087    12.8583     2.3605  0.000e+00
     71.383    10.1407   3.725562    33.9819       3088    12.8625     2.3611  0.000e+00
     71.333    10.1398   3.724776    33.9748       3089    12.8667     2.3605  0.000e+00
     71.280    10.1342   3.722577    33.9578       3090    12.8708     2.3618  0.000e+00
     71.228    10.1250   3.720676    33.9471       3091    12.8750     2.3626  0.000e+00
     71.173    10.1148   3.719351    33.9432       3092    12.8792     2.3621  0.000e+00
     71.117    10.1051   3.718521    33.9439       3093    12.8833     2.3611  0.000e+00
     71.057    10.0964   3.718998    33.9569       3094    12.8875     2.3616  0.000e+00
     70.995    10.0920   3.718001    33.9509       3095    12.8917     2.3598  0.000e+00
     70.935    10.0876   3.713044    33.9047       3096    12.8958     2.3609  0.000e+00
     70.878    10.0712   3.704961    33.8379       3097    12.9000     2.3602  0.000e+00
     70.826    10.0353   3.704986    33.8717       3098    12.9042     2.3582  0.000e+00
     70.779    10.0043   3.702508    33.8756       3099    12.9083     2.3568  0.000e+00
     70.739     9.9814   3.701112    33.8829       3100    12.9125     2.3559  0.000e+00
     70.712     9.9621   3.702107    33.9111       3101    12.9167     2.3547  0.000e+00
     70.693     9.9534   3.699827    33.8961       3102    12.9208     2.3534  0.000e+00
     70.673     9.9447   3.698746    33.8932       3103    12.9250     2.3506  0.000e+00
     70.655     9.9342   3.698165    33.8971       3104    12.9292     2.3539  0.000e+00
     70.635     9.9256   3.698388    33.9075       3105    12.9333     2.3503  0.000e+00
     70.615     9.9211   3.698277    33.9107       3106    12.9375     2.3499  0.000e+00
     70.583     9.9189   3.697715    33.9070       3107    12.9417     2.3533  0.000e+00
     70.552     9.9159   3.695800    33.8902       3108    12.9458     2.3496  0.000e+00
     70.507     9.9087   3.695220    33.8911       3109    12.9500     2.3452  0.000e+00
     70.454     9.9006   3.695263    33.8992       3110    12.9542     2.3452  0.000e+00
     70.398     9.8955   3.696134    33.9130       3111    12.9583     2.3465  0.000e+00
     70.330     9.8949   3.695109    33.9031       3112    12.9625     2.3457  0.000e+00
     70.256     9.8941   3.694862    33.9013       3113    12.9667     2.3460  0.000e+00
     70.180     9.8915   3.694497    33.9000       3114    12.9708     2.3467  0.000e+00
     70.103     9.8889   3.694454    33.9021       3115    12.9750     2.3478  0.000e+00
     70.026     9.8868   3.694676    33.9064       3116    12.9792     2.3466  0.000e+00
     69.950     9.8865   3.694911    33.9091       3117    12.9833     2.3482  0.000e+00
     69.875     9.8876   3.694991    33.9089       3118    12.9875     2.3474  0.000e+00
     69.808     9.8890   3.694905    33.9067       3119    12.9917     2.3473  0.000e+00
     69.740     9.8898   3.694590    33.9028       3120    12.9958     2.3468  0.000e+00
     69.673     9.8894   3.694071    33.8979       3121    13.0000     2.3451  0.000e+00
     69.609     9.8873   3.693645    33.8956       3122    13.0042     2.3446  0.000e+00
     69.539     9.8843   3.693756    33.8996       3123    13.0083     2.3450  0.000e+00
     69.477     9.8826   3.694386    33.9076       3124    13.0125     2.3444  0.000e+00
     69.402     9.8838   3.694182    33.9045       3125    13.0167     2.3436  0.000e+00
     69.325     9.8847   3.693423    33.8959       3126    13.0208     2.3441  0.000e+00
     69.240     9.8829   3.692947    33.8927       3127    13.0250     2.3429  0.000e+00
     69.152     9.8798   3.692787    33.8940       3128    13.0292     2.3431  0.000e+00
     69.059     9.8775   3.692565    33.8940       3129    13.0333     2.3434  0.000e+00
     68.954     9.8753   3.691892    33.8892       3130    13.0375     2.3428  0.000e+00
     68.852     9.8724   3.691509    33.8881       3131    13.0417     2.3439  0.000e+00
     68.744     9.8688   3.691311    33.8895       3132    13.0458     2.3439  0.000e+00
     68.634     9.8657   3.690188    33.8809       3133    13.0500     2.3430  0.000e+00
     68.527     9.8610   3.689657    33.8800       3134    13.0542     2.3418  0.000e+00
     68.426     9.8565   3.689355    33.8812       3135    13.0583     2.3436  0.000e+00
     68.322     9.8529   3.689201    33.8831       3136    13.0625     2.3431  0.000e+00
     68.221     9.8503   3.688818    33.8816       3137    13.0667     2.3423  0.000e+00
     68.137     9.8480   3.688436    33.8799       3138    13.0708     2.3418  0.000e+00
     68.061     9.8457   3.687720    33.8748       3139    13.0750     2.3419  0.000e+00
     67.991     9.8424   3.687368    33.8743       3140    13.0792     2.3418  0.000e+00
     67.930     9.8387   3.686622    33.8702       3141    13.0833     2.3405  0.000e+00
     67.878     9.8346   3.685857    33.8662       3142    13.0875     2.3397  0.000e+00
     67.836     9.8295   3.684894    33.8612       3143    13.0917     2.3388  0.000e+00
     67.799     9.8231   3.681583    33.8333       3144    13.0958     2.3387  0.000e+00
     67.770     9.8102   3.679548    33.8247       3145    13.1000     2.3386  0.000e+00
     67.747     9.7937   3.677391    33.8181       3146    13.1042     2.3375  0.000e+00
     67.720     9.7775   3.675524    33.8142       3147    13.1083     2.3376  0.000e+00
     67.700     9.7619   3.674249    33.8158       3148    13.1125     2.3373  0.000e+00
     67.680     9.7483   3.673892    33.8250       3149    13.1167     2.3366  0.000e+00
     67.657     9.7385   3.673695    33.8322       3150    13.1208     2.3365  0.000e+00
     67.628     9.7328   3.673424    33.8347       3151    13.1250     2.3357  0.000e+00
     67.606     9.7290   3.673227    33.8363       3152    13.1292     2.3361  0.000e+00
     67.578     9.7266   3.673134    33.8377       3153    13.1333     2.3359  0.000e+00
     67.542     9.7253   3.673103    33.8385       3154    13.1375     2.3341  0.000e+00
     67.504     9.7260   3.673091    33.8378       3155    13.1417     2.3341  0.000e+00
     67.452     9.7281   3.672980    33.8347       3156    13.1458     2.3320  0.000e+00
     67.407     9.7298   3.672937    33.8327       3157    13.1500     2.3323  0.000e+00
     67.355     9.7309   3.672912    33.8314       3158    13.1542     2.3321  0.000e+00
     67.297     9.7318   3.673781    33.8395       3159    13.1583     2.3319  0.000e+00
     67.229     9.7348   3.674878    33.8480       3160    13.1625     2.3324  0.000e+00
     67.162     9.7411   3.677071    33.8646       3161    13.1667     2.3333  0.000e+00
     67.090     9.7524   3.678563    33.8692       3162    13.1708     2.3329  0.000e+00
     67.019     9.7673   3.680486    33.8750       3163    13.1750     2.3338  0.000e+00
     66.936     9.7834   3.682637    33.8818       3164    13.1792     2.3350  0.000e+00
     66.850     9.8025   3.685277    33.8910       3165    13.1833     2.3348  0.000e+00
     66.761     9.8242   3.689423    33.9130       3166    13.1875     2.3346  0.000e+00
     66.663     9.8539   3.692002    33.9116       3167    13.1917     2.3352  0.000e+00
     66.566     9.8849   3.695898    33.9222       3168    13.1958     2.3357  0.000e+00
     66.458     9.9153   3.695848    33.8932       3169    13.2000     2.3359  0.000e+00
     66.353     9.9403   3.698862    33.9005       3170    13.2042     2.3374  0.000e+00
     66.246     9.9608   3.705122    33.9452       3171    13.2083     2.3377  0.000e+00
     66.145     9.9956   3.710649    33.9689       3172    13.2125     2.3379  0.000e+00
     66.044    10.0428   3.721796    34.0381       3173    13.2167     2.3386  0.000e+00
     65.949    10.1108   3.732502    34.0831       3174    13.2208     2.3392  0.000e+00
     65.857    10.2041   3.735416    34.0249       3175    13.2250     2.3401  0.000e+00
     65.766    10.2823   3.735433    33.9519       3176    13.2292     2.3410  0.000e+00
     65.678    10.3302   3.734751    33.9003       3177    13.2333     2.3418  0.000e+00
     65.599    10.3541   3.732909    33.8594       3178    13.2375     2.3428  0.000e+00
     65.521    10.3617   3.731179    33.8349       3179    13.2417     2.3426  0.000e+00
     65.444    10.3596   3.730652    33.8315       3180    13.2458     2.3418  0.000e+00
     65.370    10.3553   3.730156    33.8305       3181    13.2500     2.3415  0.000e+00
     65.297    10.3512   3.727999    33.8126       3182    13.2542     2.3408  0.000e+00
     65.232    10.3437   3.727906    33.8187       3183    13.2583     2.3389  0.000e+00
     65.172    10.3367   3.726537    33.8114       3184    13.2625     2.3384  0.000e+00
     65.115    10.3301   3.725273    33.8048       3185    13.2667     2.3396  0.000e+00
     65.061    10.3214   3.724839    33.8086       3186    13.2708     2.3391  0.000e+00
     65.014    10.3144   3.724412    33.8107       3187    13.2750     2.3402  0.000e+00
     64.977    10.3097   3.724239    33.8134       3188    13.2792     2.3412  0.000e+00
     64.932    10.3061   3.723731    33.8116       3189    13.2833     2.3415  0.000e+00
     64.881    10.3028   3.723278    33.8101       3190    13.2875     2.3412  0.000e+00
     64.833    10.2994   3.722820    33.8087       3191    13.2917     2.3428  0.000e+00
     64.781    10.2960   3.722418    33.8078       3192    13.2958     2.3431  0.000e+00
     64.725    10.2928   3.721736    33.8039       3193    13.3000     2.3439  0.000e+00
     64.664    10.2893   3.720151    33.7912       3194    13.3042     2.3436  0.000e+00
     64.604    10.2828   3.718746    33.7831       3195    13.3083     2.3438  0.000e+00
     64.549    10.2745   3.718158    33.7848       3196    13.3125     2.3454  0.000e+00
     64.493    10.2666   3.716301    33.7735       3197    13.3167     2.3470  0.000e+00
     64.439    10.2586   3.715100    33.7687       3198    13.3208     2.3460  0.000e+00
     64.396    10.2494   3.714785    33.7742       3199    13.3250     2.3483  0.000e+00
     64.356    10.2423   3.714574    33.7786       3200    13.3292     2.3463  0.000e+00
     64.326    10.2380   3.713925    33.7761       3201    13.3333     2.3486  0.000e+00
     64.299    10.2339   3.712477    33.7653       3202    13.3375     2.3461  0.000e+00
     64.279    10.2277   3.711710    33.7633       3203    13.3417     2.3466  0.000e+00
     64.256    10.2210   3.711141    33.7638       3204    13.3458     2.3470  0.000e+00
     64.232    10.2156   3.710689    33.7643       3205    13.3500     2.3483  0.000e+00
     64.200    10.2111   3.710689    33.7685       3206    13.3542     2.3492  0.000e+00
     64.164    10.2083   3.710442    33.7685       3207    13.3583     2.3506  0.000e+00
     64.107    10.2065   3.709904    33.7648       3208    13.3625     2.3503  0.000e+00
     64.040    10.2039   3.709050    33.7586       3209    13.3667     2.3466  0.000e+00
     63.959    10.1997   3.708729    33.7593       3210    13.3708     2.3505  0.000e+00
     63.862    10.1961   3.708185    33.7572       3211    13.3750     2.3496  0.000e+00
     63.752    10.1927   3.707214    33.7505       3212    13.3792     2.3498  0.000e+00
     63.630    10.1881   3.706225    33.7448       3213    13.3833     2.3498  0.000e+00
     63.506    10.1826   3.705668    33.7444       3214    13.3875     2.3503  0.000e+00
     63.375    10.1776   3.706225    33.7548       3215    13.3917     2.3499  0.000e+00
     63.253    10.1762   3.706583    33.7598       3216    13.3958     2.3539  0.000e+00
     63.131    10.1784   3.706243    33.7543       3217    13.4000     2.3511  0.000e+00
     63.010    10.1807   3.705798    33.7477       3218    13.4042     2.3529  0.000e+00
     62.904    10.1813   3.705322    33.7423       3219    13.4083     2.3536  0.000e+00
     62.800    10.1811   3.705340    33.7428       3220    13.4125     2.3541  0.000e+00
     62.712    10.1813   3.705662    33.7459       3221    13.4167     2.3532  0.000e+00
     62.625    10.1838   3.706744    33.7546       3222    13.4208     2.3557  0.000e+00
     62.554    10.1902   3.708599    33.7675       3223    13.4250     2.3554  0.000e+00
     62.487    10.2015   3.710219    33.7734       3224    13.4292     2.3564  0.000e+00
     62.421    10.2164   3.711344    33.7709       3225    13.4333     2.3582  0.000e+00
     62.363    10.2317   3.710961    33.7528       3226    13.4375     2.3594  0.000e+00
     62.313    10.2419   3.710577    33.7395       3227    13.4417     2.3605  0.000e+00
     62.259    10.2462   3.710472    33.7345       3228    13.4458     2.3599  0.000e+00
     62.207    10.2477   3.710125    33.7296       3229    13.4500     2.3601  0.000e+00
     62.162    10.2475   3.709989    33.7284       3230    13.4542     2.3597  0.000e+00
     62.117    10.2467   3.709946    33.7287       3231    13.4583     2.3585  0.000e+00
     62.070    10.2458   3.710131    33.7314       3232    13.4625     2.3581  0.000e+00
     62.020    10.2459   3.710150    33.7316       3233    13.4667     2.3586  0.000e+00
     61.975    10.2464   3.710039    33.7300       3234    13.4708     2.3579  0.000e+00
     61.926    10.2468   3.709655    33.7257       3235    13.4750     2.3584  0.000e+00
     61.883    10.2460   3.709068    33.7206       3236    13.4792     2.3583  0.000e+00
     61.836    10.2435   3.708833    33.7205       3237    13.4833     2.3570  0.000e+00
     61.791    10.2411   3.708771    33.7222       3238    13.4875     2.3586  0.000e+00
     61.745    10.2397   3.708635    33.7221       3239    13.4917     2.3592  0.000e+00
     61.693    10.2394   3.708659    33.7227       3240    13.4958     2.3586  0.000e+00
     61.644    10.2394   3.708598    33.7221       3241    13.5000     2.3589  0.000e+00
     61.583    10.2396   3.708548    33.7214       3242    13.5042     2.3596  0.000e+00
     61.515    10.2401   3.708455    33.7200       3243    13.5083     2.3600  0.000e+00
     61.439    10.2418   3.708047    33.7144       3244    13.5125     2.3613  0.000e+00
     61.364    10.2427   3.707596    33.7090       3245    13.5167     2.3608  0.000e+00
