PC2305/sbe080.cnv
* Sea-Bird SBE 19plus V2 Data File:
* FileName = C:\cruise\data\sbe080.hex
* Software Version Seasave V 7.26.7.121
* Temperature SN = 7142
* Conductivity SN = 7142
* System UpLoad Time = Nov 04 2023 00:04:44
** Cruise: PC2205
** Program: ECOMON
# nquan = 8
# nvalues = 1456                                  
# units = specified
# name 0 = depSM: Depth [salt water, m], lat = 40.00
# name 1 = tv290C: Temperature [ITS-90, deg C]
# name 2 = c0S/m: Conductivity [S/m]
# name 3 = sal00: Salinity, Practical [PSU]
# name 4 = scan: Scan Count
# name 5 = timeM: Time, Elapsed [minutes]
# name 6 = sbeox0V: Oxygen raw, SBE 43 [V]
# name 7 = flag:  0.000e+00
# span 0 =      0.070,     56.202                 
# span 1 =    12.4245,    14.9706                 
# span 2 =   0.000048,   3.970182                 
# span 3 =     0.0064,    32.4582                 
# span 4 =         11,       1466                 
# span 5 =     0.0417,     6.1042                 
# span 6 =     1.8275,     3.0865                 
# span 7 = 0.0000e+00, 0.0000e+00                 
# interval = seconds: 0.25
# start_time = Nov 04 2023 00:04:44 [System UTC, header]
# bad_flag = -9.990e-29
*END*
[from data line 1259]
      9.600    14.9613   3.940738    31.8476       1270     5.2875     2.7922  0.000e+00
      9.551    14.9616   3.940713    31.8472       1271     5.2917     2.7909  0.000e+00
      9.501    14.9614   3.940713    31.8473       1272     5.2958     2.7885  0.000e+00
      9.470    14.9613   3.940713    31.8474       1273     5.3000     2.7886  0.000e+00
      9.434    14.9613   3.940738    31.8476       1274     5.3042     2.7873  0.000e+00
      9.407    14.9616   3.940738    31.8474       1275     5.3083     2.7880  0.000e+00
      9.373    14.9616   3.940738    31.8474       1276     5.3125     2.7886  0.000e+00
      9.350    14.9617   3.940738    31.8474       1277     5.3167     2.7873  0.000e+00
      9.318    14.9619   3.940713    31.8470       1278     5.3208     2.7884  0.000e+00
      9.282    14.9619   3.940738    31.8472       1279     5.3250     2.7871  0.000e+00
      9.235    14.9619   3.940688    31.8468       1280     5.3292     2.7847  0.000e+00
      9.183    14.9617   3.940669    31.8468       1281     5.3333     2.7834  0.000e+00
      9.125    14.9617   3.940669    31.8468       1282     5.3375     2.7840  0.000e+00
      9.068    14.9616   3.940738    31.8476       1283     5.3417     2.7848  0.000e+00
      9.005    14.9616   3.940738    31.8476       1284     5.3458     2.7852  0.000e+00
      8.935    14.9618   3.940738    31.8474       1285     5.3500     2.7867  0.000e+00
      8.870    14.9619   3.940668    31.8468       1286     5.3542     2.7878  0.000e+00
      8.802    14.9619   3.940687    31.8470       1287     5.3583     2.7889  0.000e+00
      8.728    14.9618   3.940687    31.8471       1288     5.3625     2.7886  0.000e+00
      8.662    14.9616   3.940687    31.8472       1289     5.3667     2.7904  0.000e+00
      8.593    14.9619   3.940687    31.8471       1290     5.3708     2.7903  0.000e+00
      8.523    14.9620   3.940668    31.8468       1291     5.3750     2.7892  0.000e+00
      8.455    14.9618   3.940713    31.8474       1292     5.3792     2.7891  0.000e+00
      8.390    14.9619   3.940757    31.8477       1293     5.3833     2.7886  0.000e+00
      8.324    14.9623   3.940738    31.8472       1294     5.3875     2.7892  0.000e+00
      8.264    14.9622   3.940713    31.8471       1295     5.3917     2.7892  0.000e+00
      8.209    14.9625   3.940713    31.8469       1296     5.3958     2.7887  0.000e+00
      8.158    14.9624   3.940662    31.8466       1297     5.4000     2.7903  0.000e+00
      8.106    14.9622   3.940668    31.8468       1298     5.4042     2.7902  0.000e+00
      8.061    14.9619   3.940643    31.8468       1299     5.4083     2.7899  0.000e+00
      8.016    14.9622   3.940712    31.8472       1300     5.4125     2.7910  0.000e+00
      7.966    14.9619   3.940738    31.8477       1301     5.4167     2.7908  0.000e+00
      7.923    14.9624   3.940668    31.8467       1302     5.4208     2.7900  0.000e+00
      7.867    14.9623   3.940643    31.8466       1303     5.4250     2.7902  0.000e+00
      7.815    14.9620   3.940617    31.8466       1304     5.4292     2.7902  0.000e+00
      7.756    14.9621   3.940529    31.8458       1305     5.4333     2.7893  0.000e+00
      7.702    14.9614   3.940275    31.8441       1306     5.4375     2.7883  0.000e+00
      7.639    14.9601   3.940338    31.8457       1307     5.4417     2.7870  0.000e+00
      7.573    14.9595   3.940294    31.8458       1308     5.4458     2.7873  0.000e+00
      7.511    14.9589   3.939876    31.8425       1309     5.4500     2.7886  0.000e+00
      7.449    14.9572   3.939572    31.8412       1310     5.4542     2.7883  0.000e+00
      7.393    14.9545   3.939578    31.8435       1311     5.4583     2.7889  0.000e+00
      7.332    14.9523   3.939483    31.8445       1312     5.4625     2.7885  0.000e+00
      7.285    14.9508   3.939413    31.8451       1313     5.4667     2.7899  0.000e+00
      7.226    14.9500   3.939622    31.8477       1314     5.4708     2.7894  0.000e+00
      7.181    14.9499   3.939280    31.8447       1315     5.4750     2.7892  0.000e+00
      7.121    14.9491   3.939394    31.8464       1316     5.4792     2.7886  0.000e+00
      7.066    14.9487   3.939464    31.8474       1317     5.4833     2.7863  0.000e+00
      6.997    14.9485   3.939552    31.8483       1318     5.4875     2.7850  0.000e+00
      6.926    14.9493   3.939426    31.8466       1319     5.4917     2.7837  0.000e+00
      6.857    14.9494   3.939255    31.8450       1320     5.4958     2.7843  0.000e+00
      6.794    14.9485   3.939394    31.8470       1321     5.5000     2.7841  0.000e+00
      6.735    14.9484   3.939413    31.8473       1322     5.5042     2.7850  0.000e+00
      6.683    14.9486   3.939394    31.8469       1323     5.5083     2.7846  0.000e+00
      6.631    14.9488   3.939350    31.8464       1324     5.5125     2.7849  0.000e+00
      6.580    14.9487   3.939254    31.8457       1325     5.5167     2.7850  0.000e+00
      6.543    14.9479   3.938995    31.8440       1326     5.5208     2.7863  0.000e+00
      6.505    14.9465   3.938950    31.8448       1327     5.5250     2.7873  0.000e+00
      6.474    14.9452   3.938963    31.8460       1328     5.5292     2.7872  0.000e+00
      6.440    14.9444   3.938836    31.8455       1329     5.5333     2.7885  0.000e+00
      6.413    14.9435   3.938950    31.8472       1330     5.5375     2.7881  0.000e+00
      6.374    14.9433   3.939090    31.8486       1331     5.5417     2.7883  0.000e+00
      6.331    14.9440   3.939254    31.8496       1332     5.5458     2.7893  0.000e+00
      6.288    14.9453   3.939324    31.8492       1333     5.5500     2.7895  0.000e+00
      6.235    14.9465   3.939159    31.8467       1334     5.5542     2.7894  0.000e+00
      6.173    14.9466   3.939134    31.8464       1335     5.5583     2.7881  0.000e+00
      6.099    14.9464   3.939064    31.8460       1336     5.5625     2.7870  0.000e+00
      6.031    14.9459   3.939349    31.8490       1337     5.5667     2.7860  0.000e+00
      5.946    14.9465   3.939324    31.8483       1338     5.5708     2.7844  0.000e+00
      5.856    14.9472   3.939413    31.8486       1339     5.5750     2.7849  0.000e+00
      5.768    14.9480   3.939552    31.8492       1340     5.5792     2.7854  0.000e+00
      5.680    14.9492   3.939552    31.8483       1341     5.5833     2.7870  0.000e+00
      5.601    14.9502   3.939571    31.8477       1342     5.5875     2.7863  0.000e+00
      5.515    14.9506   3.939508    31.8468       1343     5.5917     2.7854  0.000e+00
      5.441    14.9508   3.939324    31.8450       1344     5.5958     2.7870  0.000e+00
      5.378    14.9499   3.939324    31.8457       1345     5.6000     2.7866  0.000e+00
      5.319    14.9495   3.939229    31.8452       1346     5.6042     2.7870  0.000e+00
      5.269    14.9488   3.939089    31.8446       1347     5.6083     2.7869  0.000e+00
      5.229    14.9476   3.938924    31.8441       1348     5.6125     2.7868  0.000e+00
      5.188    14.9464   3.938950    31.8453       1349     5.6167     2.7873  0.000e+00
      5.145    14.9455   3.939045    31.8469       1350     5.6208     2.7874  0.000e+00
      5.102    14.9456   3.938912    31.8456       1351     5.6250     2.7889  0.000e+00
      5.062    14.9452   3.938905    31.8459       1352     5.6292     2.7907  0.000e+00
      5.033    14.9448   3.938924    31.8464       1353     5.6333     2.7907  0.000e+00
      5.012    14.9448   3.938880    31.8461       1354     5.6375     2.7913  0.000e+00
      4.996    14.9446   3.938867    31.8461       1355     5.6417     2.7908  0.000e+00
      4.990    14.9442   3.938975    31.8474       1356     5.6458     2.7905  0.000e+00
      4.974    14.9446   3.939019    31.8475       1357     5.6500     2.7895  0.000e+00
      4.949    14.9450   3.938836    31.8455       1358     5.6542     2.7888  0.000e+00
      4.911    14.9448   3.938924    31.8465       1359     5.6583     2.7886  0.000e+00
      4.857    14.9448   3.938791    31.8453       1360     5.6625     2.7899  0.000e+00
      4.794    14.9443   3.938836    31.8461       1361     5.6667     2.7905  0.000e+00
      4.712    14.9439   3.938791    31.8461       1362     5.6708     2.7902  0.000e+00
      4.616    14.9438   3.938836    31.8466       1363     5.6750     2.7908  0.000e+00
      4.507    14.9438   3.938937    31.8475       1364     5.6792     2.7913  0.000e+00
      4.420    14.9443   3.938950    31.8473       1365     5.6833     2.7917  0.000e+00
      4.352    14.9448   3.938740    31.8450       1366     5.6875     2.7908  0.000e+00
      4.327    14.9444   3.938835    31.8462       1367     5.6917     2.7895  0.000e+00
      4.320    14.9439   3.938861    31.8469       1368     5.6958     2.7886  0.000e+00
      4.316    14.9442   3.938892    31.8469       1369     5.7000     2.7879  0.000e+00
      4.298    14.9442   3.938949    31.8474       1370     5.7042     2.7873  0.000e+00
      4.264    14.9448   3.938810    31.8457       1371     5.7083     2.7868  0.000e+00
      4.223    14.9445   3.938810    31.8459       1372     5.7125     2.7865  0.000e+00
      4.163    14.9445   3.938867    31.8465       1373     5.7167     2.7884  0.000e+00
      4.081    14.9445   3.939019    31.8479       1374     5.7208     2.7892  0.000e+00
      3.966    14.9449   3.938949    31.8470       1375     5.7250     2.7905  0.000e+00
      3.831    14.9455   3.938905    31.8462       1376     5.7292     2.7915  0.000e+00
      3.711    14.9456   3.939158    31.8484       1377     5.7333     2.7920  0.000e+00
      3.599    14.9465   3.939450    31.8504       1378     5.7375     2.7934  0.000e+00
      3.525    14.9484   3.939532    31.8496       1379     5.7417     2.7931  0.000e+00
      3.473    14.9504   3.939760    31.8500       1380     5.7458     2.7920  0.000e+00
      3.439    14.9524   3.939735    31.8482       1381     5.7500     2.7906  0.000e+00
      3.409    14.9536   3.939760    31.8474       1382     5.7542     2.7895  0.000e+00
      3.393    14.9544   3.939760    31.8468       1383     5.7583     2.7891  0.000e+00
      3.371    14.9548   3.939690    31.8458       1384     5.7625     2.7876  0.000e+00
      3.355    14.9549   3.939785    31.8466       1385     5.7667     2.7870  0.000e+00
      3.342    14.9552   3.939830    31.8467       1386     5.7708     2.7854  0.000e+00
      3.324    14.9556   3.939887    31.8469       1387     5.7750     2.7860  0.000e+00
      3.303    14.9559   3.939874    31.8466       1388     5.7792     2.7854  0.000e+00
      3.276    14.9563   3.939874    31.8463       1389     5.7833     2.7868  0.000e+00
      3.236    14.9564   3.939899    31.8464       1390     5.7875     2.7870  0.000e+00
      3.188    14.9565   3.939944    31.8468       1391     5.7917     2.7864  0.000e+00
      3.123    14.9567   3.939690    31.8444       1392     5.7958     2.7885  0.000e+00
      3.053    14.9562   3.939785    31.8456       1393     5.8000     2.7895  0.000e+00
      2.963    14.9555   3.939785    31.8463       1394     5.8042     2.7909  0.000e+00
      2.870    14.9557   3.939874    31.8469       1395     5.8083     2.7918  0.000e+00
      2.776    14.9559   3.939741    31.8456       1396     5.8125     2.7925  0.000e+00
      2.686    14.9559   3.939804    31.8462       1397     5.8167     2.7935  0.000e+00
      2.614    14.9559   3.939855    31.8467       1398     5.8208     2.7947  0.000e+00
      2.559    14.9560   3.939855    31.8466       1399     5.8250     2.7957  0.000e+00
      2.525    14.9562   3.939874    31.8467       1400     5.8292     2.7947  0.000e+00
      2.503    14.9566   3.939931    31.8468       1401     5.8333     2.7934  0.000e+00
      2.508    14.9569   3.939944    31.8467       1402     5.8375     2.7911  0.000e+00
      2.523    14.9571   3.939899    31.8461       1403     5.8417     2.7894  0.000e+00
      2.541    14.9573   3.939830    31.8453       1404     5.8458     2.7881  0.000e+00
      2.555    14.9571   3.939836    31.8456       1405     5.8500     2.7865  0.000e+00
      2.560    14.9569   3.939874    31.8461       1406     5.8542     2.7854  0.000e+00
      2.551    14.9569   3.939899    31.8463       1407     5.8583     2.7842  0.000e+00
      2.528    14.9568   3.939715    31.8447       1408     5.8625     2.7830  0.000e+00
      2.472    14.9562   3.939646    31.8446       1409     5.8667     2.7836  0.000e+00
      2.348    14.9554   3.939690    31.8457       1410     5.8708     2.7846  0.000e+00
      2.151    14.9549   3.939785    31.8470       1411     5.8750     2.7850  0.000e+00
      1.931    14.9551   3.939690    31.8461       1412     5.8792     2.7879  0.000e+00
      1.728    14.9554   3.939576    31.8449       1413     5.8833     2.7884  0.000e+00
      1.599    14.9546   3.939569    31.8455       1414     5.8875     2.7890  0.000e+00
      1.563    14.9543   3.939664    31.8467       1415     5.8917     2.7894  0.000e+00
      1.597    14.9544   3.939664    31.8466       1416     5.8958     2.7885  0.000e+00
      1.683    14.9548   3.939645    31.8461       1417     5.9000     2.7882  0.000e+00
      1.772    14.9549   3.939690    31.8463       1418     5.9042     2.7887  0.000e+00
      1.843    14.9551   3.939664    31.8459       1419     5.9083     2.7882  0.000e+00
      1.912    14.9549   3.939620    31.8457       1420     5.9125     2.7891  0.000e+00
      1.978    14.9546   3.939595    31.8456       1421     5.9167     2.7886  0.000e+00
      2.011    14.9545   3.939665    31.8464       1422     5.9208     2.7885  0.000e+00
      1.996    14.9544   3.939810    31.8477       1423     5.9250     2.7868  0.000e+00
      1.824    14.9552   3.939924    31.8482       1424     5.9292     2.7879  0.000e+00
      1.506    14.9562   3.939899    31.8473       1425     5.9333     2.7890  0.000e+00
      1.202    14.9569   3.939924    31.8470       1426     5.9375     2.7903  0.000e+00
      1.008    14.9575   3.939943    31.8467       1427     5.9417     2.7912  0.000e+00
      0.963    14.9577   3.939468    31.8424       1428     5.9458     2.7935  0.000e+00
      1.010    14.9565   3.939785    31.8462       1429     5.9500     2.7947  0.000e+00
      1.089    14.9555   3.939785    31.8469       1430     5.9542     2.7951  0.000e+00
      1.155    14.9559   3.939899    31.8476       1431     5.9583     2.7944  0.000e+00
      1.200    14.9565   3.939930    31.8474       1432     5.9625     2.7927  0.000e+00
      1.261    14.9571   3.939943    31.8470       1433     5.9667     2.7900  0.000e+00
      1.333    14.9576   3.939943    31.8466       1434     5.9708     2.7865  0.000e+00
      1.425    14.9579   3.939943    31.8463       1435     5.9750     2.7868  0.000e+00
      1.477    14.9580   3.939873    31.8456       1436     5.9792     2.7870  0.000e+00
      1.453    14.9579   3.939956    31.8464       1437     5.9833     2.7864  0.000e+00
      1.382    14.9579   3.939943    31.8463       1438     5.9875     2.7882  0.000e+00
      1.241    14.9579   3.939018    31.8380       1439     5.9917     2.7887  0.000e+00
      1.013    14.9549   3.938878    31.8393       1440     5.9958     2.7888  0.000e+00
      0.796    14.9509   3.939056    31.8442       1441     6.0000     2.7899  0.000e+00
      0.598    14.9493   3.938992    31.8451       1442     6.0042     2.7898  0.000e+00
      0.440    14.9486   3.938625    31.8424       1443     6.0083     2.7909  0.000e+00
      0.359    14.9470   3.938207    31.8399       1444     6.0125     2.7925  0.000e+00
      0.307    14.9444   3.938739    31.8469       1445     6.0167     2.7924  0.000e+00
      0.390    14.9440   3.938764    31.8474       1446     6.0208     2.7923  0.000e+00
      0.548    14.9445   3.938904    31.8482       1447     6.0250     2.7903  0.000e+00
      0.668    14.9455   3.939018    31.8484       1448     6.0292     2.7889  0.000e+00
