PC2305/sbe060.cnv
* Sea-Bird SBE 19plus V2 Data File:
* FileName = C:\cruise\data\sbe060.hex
* Software Version Seasave V 7.26.7.121
* Temperature SN = 7142
* Conductivity SN = 7142
* System UpLoad Time = Nov 02 2023 07:49:38
** Cruise: PC2205
** Program: ECOMON
# nquan = 8
# nvalues = 1563                                  
# units = specified
# name 0 = depSM: Depth [salt water, m], lat = 40.00
# name 1 = tv290C: Temperature [ITS-90, deg C]
# name 2 = c0S/m: Conductivity [S/m]
# name 3 = sal00: Salinity, Practical [PSU]
# name 4 = scan: Scan Count
# name 5 = timeM: Time, Elapsed [minutes]
# name 6 = sbeox0V: Oxygen raw, SBE 43 [V]
# name 7 = flag:  0.000e+00
# span 0 =      0.024,     15.576                 
# span 1 =     6.2217,    16.3006                 
# span 2 =  -0.009016,   4.015962                 
# span 3 =     0.0000,    32.3285                 
# span 4 =         11,       1573                 
# span 5 =     0.0417,     6.5500                 
# span 6 =     2.2682,     3.1812                 
# span 7 = 0.0000e+00, 0.0000e+00                 
# interval = seconds: 0.25
# start_time = Nov 02 2023 07:49:38 [System UTC, header]
# bad_flag = -9.990e-29
*END*
[from data line 720]
     10.231    16.2799   4.014422    31.4430        731     3.0417     2.7734  0.000e+00
     10.224    16.2808   4.014377    31.4419        732     3.0458     2.7727  0.000e+00
     10.228    16.2811   4.014396    31.4418        733     3.0500     2.7715  0.000e+00
     10.226    16.2813   4.014492    31.4425        734     3.0542     2.7711  0.000e+00
     10.224    16.2821   4.014473    31.4417        735     3.0583     2.7700  0.000e+00
     10.228    16.2821   4.014352    31.4406        736     3.0625     2.7692  0.000e+00
     10.228    16.2819   4.014326    31.4406        737     3.0667     2.7692  0.000e+00
     10.222    16.2817   4.014326    31.4407        738     3.0708     2.7686  0.000e+00
     10.215    16.2814   4.014326    31.4409        739     3.0750     2.7691  0.000e+00
     10.213    16.2812   4.014281    31.4407        740     3.0792     2.7681  0.000e+00
     10.206    16.2810   4.014326    31.4413        741     3.0833     2.7669  0.000e+00
     10.199    16.2808   4.014326    31.4414        742     3.0875     2.7659  0.000e+00
     10.183    16.2811   4.014281    31.4408        743     3.0917     2.7671  0.000e+00
     10.156    16.2808   4.014307    31.4412        744     3.0958     2.7661  0.000e+00
     10.129    16.2808   4.014326    31.4414        745     3.1000     2.7672  0.000e+00
     10.098    16.2809   4.014256    31.4408        746     3.1042     2.7675  0.000e+00
     10.071    16.2807   4.014249    31.4409        747     3.1083     2.7676  0.000e+00
     10.032    16.2804   4.014473    31.4431        748     3.1125     2.7684  0.000e+00
      9.992    16.2810   4.014588    31.4436        749     3.1167     2.7685  0.000e+00
      9.936    16.2822   4.014658    31.4433        750     3.1208     2.7700  0.000e+00
      9.884    16.2835   4.014684    31.4425        751     3.1250     2.7719  0.000e+00
      9.839    16.2843   4.014658    31.4417        752     3.1292     2.7728  0.000e+00
      9.793    16.2850   4.014728    31.4418        753     3.1333     2.7734  0.000e+00
      9.764    16.2854   4.014894    31.4429        754     3.1375     2.7739  0.000e+00
      9.746    16.2863   4.014805    31.4414        755     3.1417     2.7728  0.000e+00
      9.737    16.2866   4.014779    31.4410        756     3.1458     2.7718  0.000e+00
      9.749    16.2866   4.014805    31.4412        757     3.1500     2.7714  0.000e+00
      9.760    16.2864   4.014824    31.4415        758     3.1542     2.7713  0.000e+00
      9.782    16.2864   4.014779    31.4411        759     3.1583     2.7708  0.000e+00
      9.803    16.2862   4.014824    31.4416        760     3.1625     2.7717  0.000e+00
      9.834    16.2862   4.014824    31.4416        761     3.1667     2.7715  0.000e+00
      9.846    16.2865   4.014658    31.4400        762     3.1708     2.7705  0.000e+00
      9.863    16.2859   4.014658    31.4404        763     3.1750     2.7698  0.000e+00
      9.875    16.2856   4.014805    31.4419        764     3.1792     2.7702  0.000e+00
      9.870    16.2857   4.015016    31.4437        765     3.1833     2.7685  0.000e+00
      9.848    16.2867   4.015060    31.4433        766     3.1875     2.7676  0.000e+00
      9.810    16.2879   4.015086    31.4426        767     3.1917     2.7684  0.000e+00
      9.767    16.2887   4.015086    31.4420        768     3.1958     2.7690  0.000e+00
      9.712    16.2890   4.015041    31.4414        769     3.2000     2.7695  0.000e+00
      9.661    16.2891   4.015131    31.4421        770     3.2042     2.7695  0.000e+00
      9.618    16.2892   4.015226    31.4429        771     3.2083     2.7697  0.000e+00
      9.586    16.2899   4.015290    31.4428        772     3.2125     2.7697  0.000e+00
      9.561    16.2904   4.015463    31.4440        773     3.2167     2.7699  0.000e+00
      9.544    16.2916   4.015514    31.4435        774     3.2208     2.7710  0.000e+00
      9.537    16.2927   4.015463    31.4422        775     3.2250     2.7701  0.000e+00
      9.526    16.2932   4.015488    31.4421        776     3.2292     2.7694  0.000e+00
      9.528    16.2936   4.015443    31.4413        777     3.2333     2.7695  0.000e+00
      9.525    16.2937   4.015392    31.4408        778     3.2375     2.7701  0.000e+00
      9.525    16.2934   4.015539    31.4423        779     3.2417     2.7708  0.000e+00
      9.517    16.2935   4.015584    31.4426        780     3.2458     2.7719  0.000e+00
      9.503    16.2940   4.015609    31.4425        781     3.2500     2.7735  0.000e+00
      9.481    16.2946   4.015514    31.4412        782     3.2542     2.7724  0.000e+00
      9.453    16.2947   4.015443    31.4405        783     3.2583     2.7718  0.000e+00
      9.415    16.2940   4.015392    31.4406        784     3.2625     2.7709  0.000e+00
      9.375    16.2936   4.015348    31.4406        785     3.2667     2.7705  0.000e+00
      9.330    16.2930   4.015322    31.4408        786     3.2708     2.7714  0.000e+00
      9.282    16.2924   4.015296    31.4411        787     3.2750     2.7727  0.000e+00
      9.237    16.2919   4.015322    31.4417        788     3.2792     2.7733  0.000e+00
      9.194    16.2917   4.015296    31.4416        789     3.2833     2.7729  0.000e+00
      9.158    16.2916   4.015392    31.4426        790     3.2875     2.7725  0.000e+00
      9.131    16.2919   4.015392    31.4424        791     3.2917     2.7716  0.000e+00
      9.111    16.2922   4.015443    31.4426        792     3.2958     2.7717  0.000e+00
      9.113    16.2925   4.015418    31.4421        793     3.3000     2.7714  0.000e+00
      9.115    16.2928   4.015373    31.4415        794     3.3042     2.7703  0.000e+00
      9.131    16.2927   4.015347    31.4414        795     3.3083     2.7700  0.000e+00
      9.142    16.2923   4.015347    31.4417        796     3.3125     2.7694  0.000e+00
      9.165    16.2923   4.015367    31.4418        797     3.3167     2.7701  0.000e+00
      9.181    16.2924   4.015373    31.4417        798     3.3208     2.7702  0.000e+00
      9.192    16.2925   4.015322    31.4412        799     3.3250     2.7715  0.000e+00
      9.195    16.2922   4.015277    31.4411        800     3.3292     2.7724  0.000e+00
      9.201    16.2919   4.015296    31.4415        801     3.3333     2.7718  0.000e+00
      9.204    16.2917   4.015277    31.4415        802     3.3375     2.7727  0.000e+00
      9.199    16.2913   4.015207    31.4412        803     3.3417     2.7730  0.000e+00
      9.179    16.2911   4.015226    31.4415        804     3.3458     2.7736  0.000e+00
      9.156    16.2908   4.015252    31.4420        805     3.3500     2.7734  0.000e+00
      9.123    16.2908   4.015252    31.4420        806     3.3542     2.7733  0.000e+00
      9.086    16.2909   4.015226    31.4417        807     3.3583     2.7721  0.000e+00
      9.041    16.2908   4.015277    31.4422        808     3.3625     2.7714  0.000e+00
      8.992    16.2908   4.015252    31.4420        809     3.3667     2.7704  0.000e+00
      8.944    16.2910   4.015226    31.4417        810     3.3708     2.7708  0.000e+00
      8.899    16.2908   4.015226    31.4419        811     3.3750     2.7708  0.000e+00
      8.861    16.2908   4.015181    31.4415        812     3.3792     2.7733  0.000e+00
      8.830    16.2908   4.015156    31.4413        813     3.3833     2.7740  0.000e+00
      8.796    16.2905   4.015252    31.4424        814     3.3875     2.7730  0.000e+00
      8.777    16.2906   4.015277    31.4425        815     3.3917     2.7728  0.000e+00
      8.768    16.2911   4.015488    31.4440        816     3.3958     2.7729  0.000e+00
      8.768    16.2924   4.015488    31.4430        817     3.4000     2.7713  0.000e+00
      8.780    16.2935   4.015373    31.4411        818     3.4042     2.7720  0.000e+00
      8.794    16.2933   4.015392    31.4414        819     3.4083     2.7717  0.000e+00
      8.805    16.2930   4.015462    31.4422        820     3.4125     2.7707  0.000e+00
      8.812    16.2932   4.015584    31.4431        821     3.4167     2.7714  0.000e+00
      8.807    16.2939   4.015443    31.4414        822     3.4208     2.7708  0.000e+00
      8.794    16.2941   4.015488    31.4416        823     3.4250     2.7724  0.000e+00
      8.767    16.2940   4.014875    31.4363        824     3.4292     2.7731  0.000e+00
      8.742    16.2920   4.014849    31.4377        825     3.4333     2.7726  0.000e+00
      8.701    16.2895   4.015041    31.4414        826     3.4375     2.7730  0.000e+00
      8.649    16.2890   4.014964    31.4411        827     3.4417     2.7721  0.000e+00
      8.593    16.2888   4.014964    31.4412        828     3.4458     2.7728  0.000e+00
      8.546    16.2886   4.015207    31.4436        829     3.4500     2.7721  0.000e+00
      8.503    16.2895   4.015513    31.4456        830     3.4542     2.7711  0.000e+00
      8.467    16.2916   4.015417    31.4431        831     3.4583     2.7705  0.000e+00
      8.449    16.2928   4.014779    31.4365        832     3.4625     2.7698  0.000e+00
      8.444    16.2912   4.015156    31.4411        833     3.4667     2.7696  0.000e+00
      8.444    16.2907   4.015085    31.4409        834     3.4708     2.7695  0.000e+00
      8.449    16.2906   4.015111    31.4412        835     3.4750     2.7705  0.000e+00
      8.456    16.2905   4.015085    31.4410        836     3.4792     2.7718  0.000e+00
      8.465    16.2903   4.015111    31.4414        837     3.4833     2.7721  0.000e+00
      8.476    16.2902   4.015226    31.4425        838     3.4875     2.7718  0.000e+00
      8.483    16.2908   4.015226    31.4420        839     3.4917     2.7712  0.000e+00
      8.487    16.2912   4.015251    31.4420        840     3.4958     2.7720  0.000e+00
      8.483    16.2915   4.015181    31.4411        841     3.5000     2.7713  0.000e+00
      8.469    16.2913   4.015181    31.4412        842     3.5042     2.7711  0.000e+00
      8.460    16.2912   4.015251    31.4419        843     3.5083     2.7716  0.000e+00
      8.453    16.2911   4.015277    31.4423        844     3.5125     2.7720  0.000e+00
      8.447    16.2916   4.015373    31.4427        845     3.5167     2.7721  0.000e+00
      8.453    16.2921   4.015207    31.4408        846     3.5208     2.7717  0.000e+00
      8.449    16.2919   4.014990    31.4391        847     3.5250     2.7710  0.000e+00
      8.435    16.2908   4.015092    31.4409        848     3.5292     2.7714  0.000e+00
      8.431    16.2901   4.015111    31.4416        849     3.5333     2.7715  0.000e+00
      8.424    16.2901   4.015060    31.4411        850     3.5375     2.7715  0.000e+00
      8.408    16.2902   4.015060    31.4411        851     3.5417     2.7714  0.000e+00
      8.388    16.2897   4.015111    31.4419        852     3.5458     2.7712  0.000e+00
      8.357    16.2900   4.015417    31.4443        853     3.5500     2.7724  0.000e+00
      8.336    16.2913   4.015513    31.4442        854     3.5542     2.7720  0.000e+00
      8.298    16.2930   4.015513    31.4428        855     3.5583     2.7717  0.000e+00
      8.262    16.2941   4.015373    31.4407        856     3.5625     2.7716  0.000e+00
      8.233    16.2939   4.015251    31.4399        857     3.5667     2.7699  0.000e+00
      8.205    16.2932   4.015322    31.4411        858     3.5708     2.7698  0.000e+00
      8.165    16.2928   4.015322    31.4413        859     3.5750     2.7685  0.000e+00
      8.129    16.2928   4.015373    31.4419        860     3.5792     2.7674  0.000e+00
      8.088    16.2928   4.015277    31.4410        861     3.5833     2.7672  0.000e+00
      8.048    16.2926   4.015373    31.4420        862     3.5875     2.7677  0.000e+00
      8.012    16.2924   4.015296    31.4415        863     3.5917     2.7687  0.000e+00
      7.976    16.2926   4.015462    31.4428        864     3.5958     2.7695  0.000e+00
      7.942    16.2928   4.015558    31.4435        865     3.6000     2.7694  0.000e+00
      7.919    16.2938   4.015583    31.4430        866     3.6042     2.7718  0.000e+00
      7.894    16.2944   4.015679    31.4434        867     3.6083     2.7714  0.000e+00
      7.877    16.2953   4.015679    31.4427        868     3.6125     2.7721  0.000e+00
      7.868    16.2957   4.015443    31.4403        869     3.6167     2.7724  0.000e+00
      7.868    16.2950   4.015226    31.4389        870     3.6208     2.7735  0.000e+00
      7.881    16.2936   4.015513    31.4425        871     3.6250     2.7743  0.000e+00
      7.915    16.2937   4.015583    31.4431        872     3.6292     2.7752  0.000e+00
      7.949    16.2944   4.015737    31.4438        873     3.6333     2.7740  0.000e+00
      7.987    16.2953   4.015724    31.4430        874     3.6375     2.7721  0.000e+00
      8.030    16.2960   4.015724    31.4424        875     3.6417     2.7697  0.000e+00
      8.077    16.2964   4.015775    31.4425        876     3.6458     2.7681  0.000e+00
      8.102    16.2966   4.015775    31.4423        877     3.6500     2.7654  0.000e+00
      8.122    16.2969   4.015775    31.4421        878     3.6542     2.7655  0.000e+00
      8.120    16.2970   4.015794    31.4422        879     3.6583     2.7649  0.000e+00
      8.111    16.2972   4.015845    31.4425        880     3.6625     2.7656  0.000e+00
      8.089    16.2975   4.015871    31.4425        881     3.6667     2.7681  0.000e+00
      8.050    16.2978   4.015794    31.4416        882     3.6708     2.7681  0.000e+00
      7.987    16.2978   4.015820    31.4419        883     3.6750     2.7682  0.000e+00
      7.929    16.2977   4.015820    31.4420        884     3.6792     2.7674  0.000e+00
      7.843    16.2977   4.015321    31.4376        885     3.6833     2.7685  0.000e+00
      7.748    16.2957   4.013591    31.4241        886     3.6875     2.7694  0.000e+00
      7.662    16.2881   4.013450    31.4289        887     3.6917     2.7710  0.000e+00
      7.568    16.2805   4.013310    31.4337        888     3.6958     2.7723  0.000e+00
      7.496    16.2760   4.013450    31.4385        889     3.7000     2.7727  0.000e+00
      7.449    16.2738   4.013284    31.4388        890     3.7042     2.7724  0.000e+00
      7.424    16.2723   4.013329    31.4404        891     3.7083     2.7709  0.000e+00
      7.421    16.2716   4.013380    31.4414        892     3.7125     2.7699  0.000e+00
      7.439    16.2717   4.013259    31.4403        893     3.7167     2.7687  0.000e+00
      7.475    16.2713   4.013284    31.4408        894     3.7208     2.7676  0.000e+00
      7.519    16.2711   4.013310    31.4412        895     3.7250     2.7666  0.000e+00
      7.566    16.2713   4.013240    31.4404        896     3.7292     2.7663  0.000e+00
      7.608    16.2708   4.013310    31.4414        897     3.7333     2.7654  0.000e+00
      7.647    16.2709   4.013425    31.4423        898     3.7375     2.7648  0.000e+00
      7.679    16.2715   4.013495    31.4424        899     3.7417     2.7658  0.000e+00
      7.697    16.2722   4.013425    31.4412        900     3.7458     2.7669  0.000e+00
      7.710    16.2725   4.013425    31.4410        901     3.7500     2.7669  0.000e+00
      7.706    16.2726   4.013616    31.4426        902     3.7542     2.7675  0.000e+00
      7.685    16.2733   4.013406    31.4402        903     3.7583     2.7698  0.000e+00
      7.661    16.2732   4.013661    31.4425        904     3.7625     2.7692  0.000e+00
      7.643    16.2737   4.013546    31.4412        905     3.7667     2.7698  0.000e+00
      7.625    16.2739   4.013495    31.4405        906     3.7708     2.7695  0.000e+00
      7.613    16.2738   4.013450    31.4403        907     3.7750     2.7692  0.000e+00
      7.609    16.2733   4.013782    31.4436        908     3.7792     2.7687  0.000e+00
