PC2305/sbe065.cnv
* Sea-Bird SBE 19plus V2 Data File:
* FileName = C:\cruise\data\sbe065.hex
* Software Version Seasave V 7.26.7.121
* Temperature SN = 7142
* Conductivity SN = 7142
* System UpLoad Time = Nov 02 2023 14:52:49
** Cruise: PC2205
** Program: ECOMON
# nquan = 8
# nvalues = 1368                                  
# units = specified
# name 0 = depSM: Depth [salt water, m], lat = 40.00
# name 1 = tv290C: Temperature [ITS-90, deg C]
# name 2 = c0S/m: Conductivity [S/m]
# name 3 = sal00: Salinity, Practical [PSU]
# name 4 = scan: Scan Count
# name 5 = timeM: Time, Elapsed [minutes]
# name 6 = sbeox0V: Oxygen raw, SBE 43 [V]
# name 7 = flag:  0.000e+00
# span 0 =      0.119,     19.491                 
# span 1 =    10.5220,    15.9073                 
# span 2 =   0.000051,   3.997010                 
# span 3 =     0.0054,    32.1209                 
# span 4 =         11,       1378                 
# span 5 =     0.0417,     5.7375                 
# span 6 =     2.0751,     3.0786                 
# span 7 = 0.0000e+00, 0.0000e+00                 
# interval = seconds: 0.25
# start_time = Nov 02 2023 14:52:49 [System UTC, header]
# bad_flag = -9.990e-29
*END*
[from data line 720]
     10.106    15.9071   3.996466    31.5812        731     3.0417     2.7599  0.000e+00
     10.094    15.9073   3.996396    31.5804        732     3.0458     2.7599  0.000e+00
     10.077    15.9071   3.996370    31.5803        733     3.0500     2.7615  0.000e+00
     10.072    15.9067   3.996255    31.5796        734     3.0542     2.7622  0.000e+00
     10.061    15.9065   3.996185    31.5792        735     3.0583     2.7619  0.000e+00
     10.049    15.9056   3.996185    31.5799        736     3.0625     2.7617  0.000e+00
     10.031    15.9053   3.996185    31.5802        737     3.0667     2.7620  0.000e+00
     10.002    15.9051   3.996064    31.5793        738     3.0708     2.7617  0.000e+00
      9.973    15.9044   3.996204    31.5811        739     3.0750     2.7610  0.000e+00
      9.934    15.9047   3.995758    31.5770        740     3.0792     2.7611  0.000e+00
      9.883    15.9035   3.994847    31.5698        741     3.0833     2.7607  0.000e+00
      9.829    15.8995   3.994509    31.5701        742     3.0875     2.7622  0.000e+00
      9.768    15.8958   3.994203    31.5704        743     3.0917     2.7632  0.000e+00
      9.705    15.8919   3.994248    31.5739        744     3.0958     2.7638  0.000e+00
      9.626    15.8898   3.994554    31.5783        745     3.1000     2.7648  0.000e+00
      9.542    15.8891   3.994063    31.5746        746     3.1042     2.7654  0.000e+00
      9.454    15.8884   3.994815    31.5818        747     3.1083     2.7666  0.000e+00
      9.359    15.8890   3.995452    31.5870        748     3.1125     2.7668  0.000e+00
      9.283    15.8927   3.995688    31.5861        749     3.1167     2.7663  0.000e+00
      9.227    15.8961   3.995643    31.5830        750     3.1208     2.7665  0.000e+00
      9.190    15.8982   3.995688    31.5817        751     3.1250     2.7666  0.000e+00
      9.168    15.8993   3.995809    31.5819        752     3.1292     2.7671  0.000e+00
      9.166    15.9004   3.995688    31.5800        753     3.1333     2.7663  0.000e+00
      9.195    15.9008   3.995592    31.5789        754     3.1375     2.7657  0.000e+00
      9.242    15.9004   3.995426    31.5776        755     3.1417     2.7654  0.000e+00
      9.301    15.8995   3.995356    31.5778        756     3.1458     2.7644  0.000e+00
      9.368    15.8986   3.995356    31.5784        757     3.1500     2.7643  0.000e+00
      9.432    15.8979   3.995312    31.5786        758     3.1542     2.7639  0.000e+00
      9.490    15.8974   3.995356    31.5793        759     3.1583     2.7634  0.000e+00
      9.535    15.8971   3.995286    31.5790        760     3.1625     2.7636  0.000e+00
      9.572    15.8967   3.995242    31.5789        761     3.1667     2.7642  0.000e+00
      9.605    15.8962   3.995172    31.5786        762     3.1708     2.7650  0.000e+00
      9.612    15.8956   3.994604    31.5741        763     3.1750     2.7650  0.000e+00
      9.598    15.8940   3.994031    31.5704        764     3.1792     2.7651  0.000e+00
      9.563    15.8910   3.993942    31.5720        765     3.1833     2.7651  0.000e+00
      9.515    15.8885   3.993923    31.5738        766     3.1875     2.7651  0.000e+00
      9.447    15.8870   3.994012    31.5758        767     3.1917     2.7648  0.000e+00
      9.358    15.8865   3.993993    31.5761        768     3.1958     2.7653  0.000e+00
      9.269    15.8867   3.994107    31.5770        769     3.2000     2.7670  0.000e+00
      9.190    15.8870   3.994273    31.5782        770     3.2042     2.7685  0.000e+00
      9.123    15.8879   3.994324    31.5780        771     3.2083     2.7712  0.000e+00
      9.053    15.8885   3.994228    31.5767        772     3.2125     2.7726  0.000e+00
      9.008    15.8892   3.993400    31.5689        773     3.2167     2.7733  0.000e+00
      8.967    15.8889   3.994343    31.5774        774     3.2208     2.7746  0.000e+00
      8.931    15.8888   3.994502    31.5789        775     3.2250     2.7757  0.000e+00
      8.913    15.8898   3.994509    31.5782        776     3.2292     2.7763  0.000e+00
      8.891    15.8901   3.994553    31.5783        777     3.2333     2.7766  0.000e+00
      8.871    15.8899   3.994534    31.5783        778     3.2375     2.7760  0.000e+00
      8.862    15.8900   3.994368    31.5768        779     3.2417     2.7761  0.000e+00
      8.852    15.8901   3.994413    31.5771        780     3.2458     2.7764  0.000e+00
      8.841    15.8905   3.994553    31.5780        781     3.2500     2.7763  0.000e+00
      8.841    15.8907   3.994866    31.5806        782     3.2542     2.7752  0.000e+00
      8.841    15.8916   3.994885    31.5801        783     3.2583     2.7753  0.000e+00
      8.848    15.8930   3.995407    31.5836        784     3.2625     2.7743  0.000e+00
      8.863    15.8950   3.995426    31.5822        785     3.2667     2.7731  0.000e+00
      8.871    15.8967   3.994846    31.5757        786     3.2708     2.7722  0.000e+00
      8.886    15.8961   3.994700    31.5748        787     3.2750     2.7710  0.000e+00
      8.891    15.8946   3.994464    31.5740        788     3.2792     2.7715  0.000e+00
      8.888    15.8928   3.993871    31.5702        789     3.2833     2.7704  0.000e+00
      8.875    15.8899   3.993565    31.5698        790     3.2875     2.7712  0.000e+00
      8.857    15.8866   3.993591    31.5726        791     3.2917     2.7733  0.000e+00
      8.830    15.8847   3.993661    31.5748        792     3.2958     2.7738  0.000e+00
      8.798    15.8838   3.993827    31.5770        793     3.3000     2.7760  0.000e+00
      8.762    15.8840   3.993992    31.5783        794     3.3042     2.7754  0.000e+00
      8.724    15.8853   3.994177    31.5789        795     3.3083     2.7760  0.000e+00
      8.683    15.8871   3.993992    31.5759        796     3.3125     2.7781  0.000e+00
      8.645    15.8876   3.993859    31.5743        797     3.3167     2.7773  0.000e+00
      8.596    15.8872   3.993871    31.5747        798     3.3208     2.7767  0.000e+00
      8.557    15.8867   3.993782    31.5744        799     3.3250     2.7779  0.000e+00
      8.514    15.8859   3.993941    31.5764        800     3.3292     2.7773  0.000e+00
      8.471    15.8862   3.993782    31.5748        801     3.3333     2.7773  0.000e+00
      8.424    15.8860   3.993992    31.5768        802     3.3375     2.7783  0.000e+00
      8.370    15.8864   3.994037    31.5769        803     3.3417     2.7796  0.000e+00
      8.314    15.8875   3.993827    31.5742        804     3.3458     2.7794  0.000e+00
      8.260    15.8869   3.993801    31.5745        805     3.3500     2.7781  0.000e+00
      8.215    15.8862   3.993897    31.5759        806     3.3542     2.7787  0.000e+00
      8.169    15.8862   3.993941    31.5763        807     3.3583     2.7784  0.000e+00
      8.149    15.8867   3.994330    31.5793        808     3.3625     2.7772  0.000e+00
      8.131    15.8882   3.994324    31.5781        809     3.3667     2.7780  0.000e+00
      8.120    15.8895   3.994298    31.5769        810     3.3708     2.7777  0.000e+00
      8.118    15.8903   3.994273    31.5759        811     3.3750     2.7799  0.000e+00
      8.120    15.8903   3.994324    31.5765        812     3.3792     2.7800  0.000e+00
      8.122    15.8907   3.994298    31.5759        813     3.3833     2.7800  0.000e+00
      8.131    15.8911   3.994343    31.5759        814     3.3875     2.7787  0.000e+00
      8.138    15.8917   3.994343    31.5755        815     3.3917     2.7783  0.000e+00
      8.131    15.8921   3.994298    31.5748        816     3.3958     2.7774  0.000e+00
      8.124    15.8921   3.994298    31.5748        817     3.4000     2.7771  0.000e+00
      8.111    15.8920   3.994323    31.5751        818     3.4042     2.7776  0.000e+00
      8.100    15.8919   3.994298    31.5749        819     3.4083     2.7773  0.000e+00
      8.091    15.8919   3.994304    31.5750        820     3.4125     2.7768  0.000e+00
      8.081    15.8919   3.994343    31.5754        821     3.4167     2.7765  0.000e+00
      8.064    15.8919   3.994323    31.5751        822     3.4208     2.7779  0.000e+00
      8.064    15.8921   3.994272    31.5746        823     3.4250     2.7786  0.000e+00
      8.059    15.8923   3.994272    31.5744        824     3.4292     2.7780  0.000e+00
      8.057    15.8918   3.994272    31.5748        825     3.4333     2.7787  0.000e+00
      8.055    15.8919   3.994272    31.5747        826     3.4375     2.7790  0.000e+00
      8.047    15.8919   3.994272    31.5748        827     3.4417     2.7786  0.000e+00
      8.030    15.8917   3.994272    31.5749        828     3.4458     2.7764  0.000e+00
      8.012    15.8916   3.994247    31.5747        829     3.4500     2.7761  0.000e+00
      7.980    15.8915   3.994272    31.5750        830     3.4542     2.7746  0.000e+00
      7.939    15.8916   3.994400    31.5761        831     3.4583     2.7740  0.000e+00
      7.892    15.8920   3.994604    31.5776        832     3.4625     2.7734  0.000e+00
      7.834    15.8923   3.994578    31.5772        833     3.4667     2.7725  0.000e+00
      7.764    15.8929   3.994648    31.5774        834     3.4708     2.7735  0.000e+00
      7.689    15.8930   3.994604    31.5769        835     3.4750     2.7728  0.000e+00
      7.604    15.8932   3.994604    31.5768        836     3.4792     2.7731  0.000e+00
      7.511    15.8933   3.994884    31.5792        837     3.4833     2.7747  0.000e+00
      7.405    15.8938   3.994910    31.5791        838     3.4875     2.7738  0.000e+00
      7.301    15.8946   3.994323    31.5733        839     3.4917     2.7728  0.000e+00
      7.196    15.8939   3.994202    31.5728        840     3.4958     2.7733  0.000e+00
      7.119    15.8929   3.994176    31.5734        841     3.5000     2.7744  0.000e+00
      7.069    15.8921   3.994030    31.5728        842     3.5042     2.7755  0.000e+00
      7.031    15.8916   3.994202    31.5747        843     3.5083     2.7747  0.000e+00
      7.022    15.8916   3.994227    31.5749        844     3.5125     2.7754  0.000e+00
      7.022    15.8916   3.994227    31.5749        845     3.5167     2.7750  0.000e+00
      7.044    15.8915   3.994202    31.5748        846     3.5208     2.7734  0.000e+00
      7.071    15.8917   3.994227    31.5749        847     3.5250     2.7718  0.000e+00
      7.108    15.8917   3.994247    31.5750        848     3.5292     2.7693  0.000e+00
      7.148    15.8919   3.994247    31.5749        849     3.5333     2.7693  0.000e+00
      7.186    15.8919   3.994228    31.5746        850     3.5375     2.7696  0.000e+00
      7.216    15.8921   3.994228    31.5745        851     3.5417     2.7689  0.000e+00
      7.236    15.8922   3.994228    31.5744        852     3.5458     2.7696  0.000e+00
      7.254    15.8919   3.994228    31.5747        853     3.5500     2.7710  0.000e+00
      7.258    15.8920   3.994228    31.5745        854     3.5542     2.7717  0.000e+00
      7.243    15.8919   3.994202    31.5744        855     3.5583     2.7725  0.000e+00
      7.229    15.8917   3.994202    31.5746        856     3.5625     2.7730  0.000e+00
      7.200    15.8919   3.994177    31.5742        857     3.5667     2.7739  0.000e+00
      7.175    15.8915   3.994202    31.5747        858     3.5708     2.7735  0.000e+00
      7.148    15.8915   3.994228    31.5750        859     3.5750     2.7732  0.000e+00
      7.121    15.8916   3.994202    31.5747        860     3.5792     2.7726  0.000e+00
      7.096    15.8915   3.994202    31.5747        861     3.5833     2.7703  0.000e+00
      7.067    15.8917   3.994298    31.5755        862     3.5875     2.7689  0.000e+00
      7.035    15.8919   3.994272    31.5751        863     3.5917     2.7683  0.000e+00
      7.010    15.8922   3.994304    31.5752        864     3.5958     2.7673  0.000e+00
      6.977    15.8923   3.994298    31.5751        865     3.6000     2.7670  0.000e+00
      6.950    15.8924   3.994298    31.5749        866     3.6042     2.7674  0.000e+00
      6.920    15.8926   3.994298    31.5748        867     3.6083     2.7689  0.000e+00
      6.884    15.8927   3.994297    31.5748        868     3.6125     2.7706  0.000e+00
      6.851    15.8926   3.994297    31.5749        869     3.6167     2.7722  0.000e+00
      6.819    15.8927   3.994272    31.5746        870     3.6208     2.7725  0.000e+00
      6.781    15.8926   3.994272    31.5747        871     3.6250     2.7738  0.000e+00
      6.749    15.8926   3.994297    31.5749        872     3.6292     2.7731  0.000e+00
      6.724    15.8927   3.994297    31.5748        873     3.6333     2.7725  0.000e+00
      6.695    15.8925   3.994297    31.5750        874     3.6375     2.7710  0.000e+00
      6.677    15.8929   3.994329    31.5749        875     3.6417     2.7684  0.000e+00
      6.650    15.8927   3.994297    31.5748        876     3.6458     2.7676  0.000e+00
      6.621    15.8928   3.994297    31.5747        877     3.6500     2.7681  0.000e+00
      6.594    15.8929   3.994272    31.5745        878     3.6542     2.7712  0.000e+00
      6.564    15.8927   3.994272    31.5747        879     3.6583     2.7725  0.000e+00
      6.542    15.8924   3.994297    31.5751        880     3.6625     2.7735  0.000e+00
      6.524    15.8923   3.994272    31.5749        881     3.6667     2.7735  0.000e+00
      6.513    15.8923   3.994246    31.5748        882     3.6708     2.7738  0.000e+00
      6.510    15.8923   3.994272    31.5750        883     3.6750     2.7739  0.000e+00
      6.501    15.8922   3.994246    31.5748        884     3.6792     2.7753  0.000e+00
      6.490    15.8923   3.994202    31.5744        885     3.6833     2.7757  0.000e+00
      6.472    15.8921   3.994272    31.5751        886     3.6875     2.7744  0.000e+00
      6.452    15.8920   3.994348    31.5759        887     3.6917     2.7731  0.000e+00
      6.418    15.8925   3.994367    31.5757        888     3.6958     2.7725  0.000e+00
      6.386    15.8927   3.994342    31.5753        889     3.7000     2.7739  0.000e+00
      6.339    15.8929   3.994297    31.5748        890     3.7042     2.7748  0.000e+00
      6.289    15.8928   3.994342    31.5753        891     3.7083     2.7748  0.000e+00
      6.233    15.8928   3.994323    31.5751        892     3.7125     2.7735  0.000e+00
      6.194    15.8928   3.994342    31.5753        893     3.7167     2.7722  0.000e+00
      6.163    15.8927   3.994367    31.5756        894     3.7208     2.7731  0.000e+00
      6.143    15.8930   3.994393    31.5756        895     3.7250     2.7726  0.000e+00
      6.140    15.8930   3.994412    31.5757        896     3.7292     2.7727  0.000e+00
      6.145    15.8934   3.994393    31.5753        897     3.7333     2.7724  0.000e+00
      6.159    15.8937   3.994348    31.5747        898     3.7375     2.7731  0.000e+00
      6.181    15.8937   3.994323    31.5744        899     3.7417     2.7726  0.000e+00
      6.204    15.8932   3.994367    31.5752        900     3.7458     2.7717  0.000e+00
      6.235    15.8934   3.994367    31.5751        901     3.7500     2.7711  0.000e+00
      6.265    15.8932   3.994367    31.5752        902     3.7542     2.7712  0.000e+00
      6.296    15.8934   3.994367    31.5750        903     3.7583     2.7708  0.000e+00
      6.318    15.8934   3.994367    31.5750        904     3.7625     2.7694  0.000e+00
      6.334    15.8931   3.994412    31.5756        905     3.7667     2.7715  0.000e+00
      6.344    15.8934   3.994437    31.5756        906     3.7708     2.7704  0.000e+00
      6.353    15.8938   3.994463    31.5755        907     3.7750     2.7696  0.000e+00
      6.361    15.8940   3.994437    31.5751        908     3.7792     2.7690  0.000e+00
