PC2305/sbe020.cnv
* Sea-Bird SBE 19plus V2 Data File:
* FileName = C:\cruise\data\sbe020.hex
* Software Version Seasave V 7.26.7.121
* Temperature SN = 7142
* Conductivity SN = 7142
* System UpLoad Time = Oct 29 2023 04:14:11
** Cruise: PC2205
** Program: ECOMON
# nquan = 8
# nvalues = 1824                                  
# units = specified
# name 0 = depSM: Depth [salt water, m], lat = 40.00
# name 1 = tv290C: Temperature [ITS-90, deg C]
# name 2 = c0S/m: Conductivity [S/m]
# name 3 = sal00: Salinity, Practical [PSU]
# name 4 = scan: Scan Count
# name 5 = timeM: Time, Elapsed [minutes]
# name 6 = sbeox0V: Oxygen raw, SBE 43 [V]
# name 7 = flag:  0.000e+00
# span 0 =     -0.022,     75.186                 
# span 1 =    11.4462,    17.2914                 
# span 2 =   0.000014,   4.062467                 
# span 3 =     0.0088,    33.2432                 
# span 4 =         11,       1834                 
# span 5 =     0.0417,     7.6375                 
# span 6 =     1.7511,     3.0356                 
# span 7 = 0.0000e+00, 0.0000e+00                 
# interval = seconds: 0.25
# start_time = Oct 29 2023 04:14:11 [System UTC, header]
# bad_flag = -9.990e-29
*END*
[from data line 360]
     42.870    15.1093   4.006215    32.3027        371     1.5417     2.6103  0.000e+00
     43.028    15.1022   4.001985    32.2704        372     1.5458     2.6057  0.000e+00
     43.191    15.0789   4.001750    32.2875        373     1.5500     2.5985  0.000e+00
     43.359    15.0560   4.002012    32.3087        374     1.5542     2.5919  0.000e+00
     43.518    15.0464   4.002318    32.3193        375     1.5583     2.5871  0.000e+00
     43.669    15.0412   4.001393    32.3152        376     1.5625     2.5830  0.000e+00
     43.820    15.0300   4.000947    32.3204        377     1.5667     2.5786  0.000e+00
     43.971    15.0171   4.000029    32.3227        378     1.5708     2.5732  0.000e+00
     44.117    14.9993   4.000061    32.3377        379     1.5750     2.5691  0.000e+00
     44.264    14.9803   3.999908    32.3520        380     1.5792     2.5642  0.000e+00
     44.406    14.9650   4.000196    32.3672        381     1.5833     2.5614  0.000e+00
     44.556    14.9561   4.001707    32.3882        382     1.5875     2.5574  0.000e+00
     44.714    14.9555   4.003264    32.4027        383     1.5917     2.5530  0.000e+00
     44.875    14.9606   4.004469    32.4093        384     1.5958     2.5479  0.000e+00
     45.039    14.9659   4.004610    32.4061        385     1.6000     2.5420  0.000e+00
     45.204    14.9683   4.004399    32.4021        386     1.6042     2.5365  0.000e+00
     45.382    14.9672   4.001752    32.3791        387     1.6083     2.5330  0.000e+00
     45.555    14.9602   3.999813    32.3673        388     1.6125     2.5291  0.000e+00
     45.738    14.9513   3.996607    32.3457        389     1.6167     2.5247  0.000e+00
     45.918    14.9307   3.998284    32.3778        390     1.6208     2.5218  0.000e+00
     46.090    14.9173   3.997226    32.3793        391     1.6250     2.5194  0.000e+00
     46.263    14.9088   3.991050    32.3305        392     1.6292     2.5177  0.000e+00
     46.427    14.8785   3.985853    32.3086        393     1.6333     2.5164  0.000e+00
     46.569    14.8315   3.976192    32.2601        394     1.6375     2.5135  0.000e+00
     46.705    14.7633   3.965715    32.2217        395     1.6417     2.5087  0.000e+00
     46.829    14.6729   3.951455    32.1671        396     1.6458     2.5035  0.000e+00
     46.941    14.5664   3.943769    32.1855        397     1.6500     2.4969  0.000e+00
     47.059    14.4651   3.939061    32.2267        398     1.6542     2.4896  0.000e+00
     47.163    14.3849   3.936008    32.2655        399     1.6583     2.4812  0.000e+00
     47.275    14.3255   3.933677    32.2937        400     1.6625     2.4728  0.000e+00
     47.386    14.2831   3.932494    32.3183        401     1.6667     2.4608  0.000e+00
     47.507    14.2541   3.931874    32.3368        402     1.6708     2.4495  0.000e+00
     47.627    14.2368   3.936536    32.3940        403     1.6750     2.4394  0.000e+00
     47.757    14.2375   3.946652    32.4861        404     1.6792     2.4278  0.000e+00
     47.891    14.2666   3.950065    32.4929        405     1.6833     2.4171  0.000e+00
     48.035    14.3005   3.949138    32.4559        406     1.6875     2.4095  0.000e+00
     48.184    14.3204   3.947977    32.4285        407     1.6917     2.4032  0.000e+00
     48.335    14.3264   3.948370    32.4270        408     1.6958     2.3971  0.000e+00
     48.494    14.3251   3.949182    32.4355        409     1.7000     2.3937  0.000e+00
     48.655    14.3250   3.948998    32.4338        410     1.7042     2.3905  0.000e+00
     48.822    14.3272   3.948859    32.4306        411     1.7083     2.3888  0.000e+00
     48.990    14.3245   3.949195    32.4359        412     1.7125     2.3858  0.000e+00
     49.157    14.3180   3.949950    32.4482        413     1.7167     2.3821  0.000e+00
     49.326    14.3149   3.951695    32.4667        414     1.7208     2.3792  0.000e+00
     49.496    14.3179   3.952742    32.4737        415     1.7250     2.3760  0.000e+00
     49.660    14.3228   3.955344    32.4934        416     1.7292     2.3741  0.000e+00
     49.820    14.3272   3.956278    32.4981        417     1.7333     2.3705  0.000e+00
     49.980    14.3323   3.960017    32.5280        418     1.7375     2.3672  0.000e+00
     50.131    14.3386   3.963155    32.5514        419     1.7417     2.3635  0.000e+00
     50.271    14.3425   3.962615    32.5431        420     1.7458     2.3602  0.000e+00
     50.404    14.3417   3.962336    32.5412        421     1.7500     2.3569  0.000e+00
     50.541    14.3352   3.962590    32.5490        422     1.7542     2.3528  0.000e+00
     50.665    14.3259   3.962431    32.5553        423     1.7583     2.3431  0.000e+00
     50.782    14.3168   3.961244    32.5520        424     1.7625     2.3358  0.000e+00
     50.906    14.3065   3.957440    32.5258        425     1.7667     2.3270  0.000e+00
     51.030    14.2866   3.952972    32.5015        426     1.7708     2.3168  0.000e+00
     51.154    14.2553   3.951138    32.5110        427     1.7750     2.3078  0.000e+00
     51.285    14.2254   3.950162    32.5272        428     1.7792     2.2959  0.000e+00
     51.414    14.2039   3.948658    32.5314        429     1.7833     2.2859  0.000e+00
     51.554    14.1860   3.946540    32.5270        430     1.7875     2.2750  0.000e+00
     51.695    14.1655   3.946813    32.5467        431     1.7917     2.2633  0.000e+00
     51.840    14.1535   3.944962    32.5397        432     1.7958     2.2522  0.000e+00
     51.988    14.1441   3.938585    32.4890        433     1.8000     2.2407  0.000e+00
     52.144    14.1136   3.932010    32.4541        434     1.8042     2.2287  0.000e+00
     52.293    14.0635   3.929567    32.4738        435     1.8083     2.2186  0.000e+00
     52.444    14.0194   3.927630    32.4931        436     1.8125     2.2064  0.000e+00
     52.599    13.9879   3.917439    32.4256        437     1.8167     2.1962  0.000e+00
     52.748    13.9335   3.910032    32.4031        438     1.8208     2.1842  0.000e+00
     52.894    13.8677   3.902890    32.3924        439     1.8250     2.1714  0.000e+00
     53.041    13.7975   3.898404    32.4101        440     1.8292     2.1591  0.000e+00
     53.187    13.7336   3.890778    32.3934        441     1.8333     2.1472  0.000e+00
     53.332    13.6657   3.879613    32.3470        442     1.8375     2.1353  0.000e+00
     53.476    13.5792   3.870939    32.3394        443     1.8417     2.1231  0.000e+00
     53.621    13.4857   3.870431    32.4139        444     1.8458     2.1109  0.000e+00
     53.772    13.4208   3.870916    32.4735        445     1.8500     2.0979  0.000e+00
     53.927    13.3808   3.884259    32.6324        446     1.8542     2.0853  0.000e+00
     54.085    13.3960   3.879390    32.5738        447     1.8583     2.0721  0.000e+00
     54.256    13.4167   3.878955    32.5520        448     1.8625     2.0621  0.000e+00
     54.421    13.4160   3.881663    32.5778        449     1.8667     2.0529  0.000e+00
     54.601    13.4250   3.882621    32.5791        450     1.8708     2.0458  0.000e+00
     54.779    13.4360   3.880592    32.5506        451     1.8750     2.0425  0.000e+00
     54.961    13.4362   3.871476    32.4651        452     1.8792     2.0408  0.000e+00
     55.140    13.4039   3.870143    32.4801        453     1.8833     2.0393  0.000e+00
     55.320    13.3633   3.868627    32.5005        454     1.8875     2.0395  0.000e+00
     55.496    13.3342   3.860114    32.4455        455     1.8917     2.0388  0.000e+00
     55.671    13.2830   3.854925    32.4405        456     1.8958     2.0393  0.000e+00
     55.836    13.2270   3.855899    32.4973        457     1.9000     2.0399  0.000e+00
     55.994    13.1930   3.848408    32.4559        458     1.9042     2.0394  0.000e+00
     56.141    13.1567   3.835110    32.3619        459     1.9083     2.0399  0.000e+00
     56.282    13.0768   3.828988    32.3724        460     1.9125     2.0386  0.000e+00
     56.416    12.9895   3.823291    32.3931        461     1.9167     2.0368  0.000e+00
     56.546    12.9161   3.818885    32.4143        462     1.9208     2.0341  0.000e+00
     56.672    12.8547   3.816627    32.4455        463     1.9250     2.0322  0.000e+00
     56.794    12.8077   3.816478    32.4845        464     1.9292     2.0315  0.000e+00
     56.918    12.7795   3.815114    32.4957        465     1.9333     2.0269  0.000e+00
     57.042    12.7620   3.814270    32.5027        466     1.9375     2.0220  0.000e+00
     57.162    12.7468   3.811844    32.4928        467     1.9417     2.0197  0.000e+00
     57.286    12.7314   3.810556    32.4937        468     1.9458     2.0149  0.000e+00
     57.410    12.7148   3.810050    32.5032        469     1.9500     2.0105  0.000e+00
     57.534    12.7027   3.809150    32.5050        470     1.9542     2.0069  0.000e+00
     57.655    12.6935   3.808487    32.5065        471     1.9583     2.0032  0.000e+00
     57.784    12.6858   3.807744    32.5061        472     1.9625     1.9985  0.000e+00
     57.916    12.6781   3.807663    32.5119        473     1.9667     1.9964  0.000e+00
     58.047    12.6730   3.807163    32.5115        474     1.9708     1.9918  0.000e+00
     58.171    12.6687   3.805732    32.5015        475     1.9750     1.9863  0.000e+00
     58.298    12.6603   3.797786    32.4331        476     1.9792     1.9840  0.000e+00
     58.424    12.6296   3.786829    32.3553        477     1.9833     1.9796  0.000e+00
     58.552    12.5661   3.783101    32.3743        478     1.9875     1.9764  0.000e+00
     58.681    12.5009   3.778160    32.3833        479     1.9917     1.9725  0.000e+00
     58.816    12.4453   3.779463    32.4436        480     1.9958     1.9682  0.000e+00
     58.951    12.4078   3.777513    32.4573        481     2.0000     1.9637  0.000e+00
     59.084    12.3852   3.772176    32.4257        482     2.0042     1.9573  0.000e+00
     59.220    12.3525   3.771174    32.4443        483     2.0083     1.9496  0.000e+00
     59.368    12.3227   3.771822    32.4763        484     2.0125     1.9409  0.000e+00
     59.513    12.3074   3.773298    32.5036        485     2.0167     1.9341  0.000e+00
     59.666    12.3047   3.770459    32.4787        486     2.0208     1.9241  0.000e+00
     59.817    12.2959   3.771380    32.4951        487     2.0250     1.9167  0.000e+00
     59.979    12.2913   3.769762    32.4834        488     2.0292     1.9106  0.000e+00
     60.146    12.2861   3.768299    32.4739        489     2.0333     1.9051  0.000e+00
     60.308    12.2683   3.762189    32.4306        490     2.0375     1.8973  0.000e+00
     60.472    12.2369   3.762022    32.4561        491     2.0417     1.8914  0.000e+00
     60.633    12.2081   3.761587    32.4768        492     2.0458     1.8878  0.000e+00
     60.802    12.1906   3.758223    32.4596        493     2.0500     1.8816  0.000e+00
     60.966    12.1689   3.762116    32.5158        494     2.0542     1.8773  0.000e+00
     61.131    12.1653   3.759268    32.4915        495     2.0583     1.8716  0.000e+00
     61.291    12.1616   3.755159    32.4551        496     2.0625     1.8669  0.000e+00
     61.455    12.1381   3.753767    32.4620        497     2.0667     1.8627  0.000e+00
     61.615    12.1089   3.752394    32.4741        498     2.0708     1.8574  0.000e+00
     61.775    12.0839   3.748344    32.4567        499     2.0750     1.8537  0.000e+00
     61.935    12.0551   3.747295    32.4716        500     2.0792     1.8503  0.000e+00
     62.087    12.0244   3.746221    32.4878        501     2.0833     1.8460  0.000e+00
     62.238    12.0023   3.744682    32.4922        502     2.0875     1.8422  0.000e+00
     62.388    11.9822   3.742733    32.4908        503     2.0917     1.8390  0.000e+00
     62.533    11.9595   3.740952    32.4933        504     2.0958     1.8358  0.000e+00
     62.677    11.9325   3.736324    32.4720        505     2.1000     1.8324  0.000e+00
     62.810    11.8950   3.731915    32.4619        506     2.1042     1.8288  0.000e+00
     62.939    11.8480   3.730453    32.4888        507     2.1083     1.8255  0.000e+00
     63.069    11.8073   3.727503    32.4956        508     2.1125     1.8214  0.000e+00
     63.191    11.7708   3.724802    32.5013        509     2.1167     1.8190  0.000e+00
     63.310    11.7342   3.721062    32.4969        510     2.1208     1.8148  0.000e+00
     63.427    11.6936   3.716531    32.4883        511     2.1250     1.8120  0.000e+00
     63.540    11.6511   3.714112    32.5019        512     2.1292     1.8102  0.000e+00
     63.651    11.6105   3.713277    32.5293        513     2.1333     1.8066  0.000e+00
     63.757    11.5831   3.711236    32.5334        514     2.1375     1.8032  0.000e+00
     63.856    11.5604   3.710927    32.5503        515     2.1417     1.7999  0.000e+00
     63.951    11.5441   3.710519    32.5606        516     2.1458     1.7962  0.000e+00
     64.043    11.5333   3.710902    32.5738        517     2.1500     1.7934  0.000e+00
     64.140    11.5285   3.710457    32.5736        518     2.1542     1.7888  0.000e+00
     64.230    11.5248   3.710358    32.5758        519     2.1583     1.7858  0.000e+00
     64.327    11.5215   3.710674    32.5818        520     2.1625     1.7829  0.000e+00
     64.431    11.5207   3.711063    32.5863        521     2.1667     1.7788  0.000e+00
     64.534    11.5216   3.711354    32.5883        522     2.1708     1.7763  0.000e+00
     64.649    11.5230   3.711626    32.5897        523     2.1750     1.7718  0.000e+00
     64.764    11.5250   3.712214    32.5936        524     2.1792     1.7694  0.000e+00
     64.890    11.5285   3.712598    32.5942        525     2.1833     1.7656  0.000e+00
     65.025    11.5330   3.713229    32.5963        526     2.1875     1.7637  0.000e+00
     65.163    11.5394   3.714212    32.6003        527     2.1917     1.7617  0.000e+00
     65.312    11.5480   3.713953    32.5901        528     2.1958     1.7591  0.000e+00
     65.470    11.5531   3.714497    32.5909        529     2.2000     1.7578  0.000e+00
     65.634    11.5574   3.713977    32.5819        530     2.2042     1.7559  0.000e+00
     65.808    11.5581   3.714021    32.5817        531     2.2083     1.7546  0.000e+00
     65.992    11.5562   3.713309    32.5764        532     2.2125     1.7544  0.000e+00
     66.170    11.5491   3.714002    32.5892        533     2.2167     1.7538  0.000e+00
     66.351    11.5444   3.714609    32.5993        534     2.2208     1.7531  0.000e+00
     66.534    11.5473   3.715265    32.6030        535     2.2250     1.7530  0.000e+00
     66.720    11.5486   3.716311    32.6120        536     2.2292     1.7523  0.000e+00
     66.894    11.5471   3.717258    32.6225        537     2.2333     1.7534  0.000e+00
     67.068    11.5438   3.716961    32.6224        538     2.2375     1.7539  0.000e+00
     67.237    11.5378   3.719047    32.6480        539     2.2417     1.7546  0.000e+00
     67.408    11.5299   3.719809    32.6624        540     2.2458     1.7547  0.000e+00
     67.572    11.5219   3.720001    32.6712        541     2.2500     1.7548  0.000e+00
     67.732    11.5159   3.721698    32.6930        542     2.2542     1.7561  0.000e+00
     67.888    11.5094   3.724510    32.7262        543     2.2583     1.7575  0.000e+00
     68.041    11.5005   3.727366    32.7620        544     2.2625     1.7605  0.000e+00
     68.186    11.4935   3.730348    32.7973        545     2.2667     1.7621  0.000e+00
     68.325    11.4902   3.735172    32.8474        546     2.2708     1.7661  0.000e+00
     68.467    11.4865   3.738106    32.8793        547     2.2750     1.7684  0.000e+00
     68.603    11.4823   3.739899    32.9006        548     2.2792     1.7719  0.000e+00
     68.740    11.4794   3.740594    32.9099        549     2.2833     1.7749  0.000e+00
