PC2305/sbe019.cnv
* Sea-Bird SBE 19plus V2 Data File:
* FileName = C:\cruise\data\sbe019.hex
* Software Version Seasave V 7.26.7.121
* Temperature SN = 7142
* Conductivity SN = 7142
* System UpLoad Time = Oct 29 2023 01:52:34
** Cruise: PC2205
** Program: ECOMON
# nquan = 8
# nvalues = 1699                                  
# units = specified
# name 0 = depSM: Depth [salt water, m], lat = 40.00
# name 1 = tv290C: Temperature [ITS-90, deg C]
# name 2 = c0S/m: Conductivity [S/m]
# name 3 = sal00: Salinity, Practical [PSU]
# name 4 = scan: Scan Count
# name 5 = timeM: Time, Elapsed [minutes]
# name 6 = sbeox0V: Oxygen raw, SBE 43 [V]
# name 7 = flag:  0.000e+00
# span 0 =     -0.031,     73.477                 
# span 1 =    11.3975,    17.1034                 
# span 2 =   0.000014,   4.134152                 
# span 3 =     0.0087,    33.0272                 
# span 4 =         11,       1709                 
# span 5 =     0.0417,     7.1167                 
# span 6 =     1.7074,     3.0387                 
# span 7 = 0.0000e+00, 0.0000e+00                 
# interval = seconds: 0.25
# start_time = Oct 29 2023 01:52:34 [System UTC, header]
# bad_flag = -9.990e-29
*END*
     -0.020    17.0958   0.000031     0.0087         11     0.0417     3.0363  0.000e+00
     -0.020    17.0959   0.000026     0.0087         12     0.0458     3.0367  0.000e+00
     -0.018    17.0960   0.000026     0.0087         13     0.0500     3.0362  0.000e+00
     -0.020    17.0962   0.000026     0.0087         14     0.0542     3.0375  0.000e+00
     -0.020    17.0964   0.000031     0.0087         15     0.0583     3.0358  0.000e+00
     -0.017    17.0964   0.000031     0.0087         16     0.0625     3.0367  0.000e+00
     -0.020    17.0965   0.000020     0.0087         17     0.0667     3.0365  0.000e+00
     -0.020    17.0965   0.000026     0.0087         18     0.0708     3.0365  0.000e+00
     -0.020    17.0965   0.000020     0.0087         19     0.0750     3.0365  0.000e+00
     -0.022    17.0965   0.000026     0.0087         20     0.0792     3.0372  0.000e+00
     -0.022    17.0966   0.000026     0.0087         21     0.0833     3.0369  0.000e+00
     -0.024    17.0965   0.000026     0.0087         22     0.0875     3.0365  0.000e+00
     -0.018    17.0966   0.000026     0.0087         23     0.0917     3.0369  0.000e+00
     -0.020    17.0967   0.000026     0.0087         24     0.0958     3.0365  0.000e+00
     -0.022    17.0968   0.000026     0.0087         25     0.1000     3.0356  0.000e+00
     -0.020    17.0967   0.000020     0.0087         26     0.1042     3.0362  0.000e+00
     -0.020    17.0969   0.000026     0.0087         27     0.1083     3.0362  0.000e+00
     -0.015    17.0971   0.000020     0.0087         28     0.1125     3.0376  0.000e+00
     -0.018    17.0974   0.000026     0.0087         29     0.1167     3.0372  0.000e+00
     -0.016    17.0977   0.000020     0.0087         30     0.1208     3.0378  0.000e+00
     -0.015    17.0977   0.000026     0.0087         31     0.1250     3.0362  0.000e+00
     -0.020    17.0978   0.000026     0.0087         32     0.1292     3.0367  0.000e+00
     -0.020    17.0979   0.000026     0.0087         33     0.1333     3.0372  0.000e+00
     -0.018    17.0980   0.000026     0.0087         34     0.1375     3.0371  0.000e+00
     -0.017    17.0983   0.000026     0.0087         35     0.1417     3.0375  0.000e+00
     -0.020    17.0983   0.000026     0.0087         36     0.1458     3.0380  0.000e+00
     -0.020    17.0979   0.000026     0.0087         37     0.1500     3.0366  0.000e+00
     -0.017    17.0980   0.000026     0.0087         38     0.1542     3.0365  0.000e+00
     -0.020    17.0982   0.000020     0.0087         39     0.1583     3.0371  0.000e+00
     -0.018    17.0980   0.000020     0.0087         40     0.1625     3.0364  0.000e+00
     -0.017    17.0983   0.000026     0.0087         41     0.1667     3.0370  0.000e+00
     -0.018    17.0981   0.000020     0.0087         42     0.1708     3.0372  0.000e+00
     -0.018    17.0982   0.000026     0.0087         43     0.1750     3.0372  0.000e+00
     -0.018    17.0983   0.000026     0.0087         44     0.1792     3.0369  0.000e+00
     -0.020    17.0986   0.000026     0.0087         45     0.1833     3.0356  0.000e+00
     -0.020    17.0989   0.000026     0.0087         46     0.1875     3.0365  0.000e+00
     -0.020    17.0989   0.000026     0.0087         47     0.1917     3.0375  0.000e+00
     -0.017    17.0989   0.000020     0.0087         48     0.1958     3.0381  0.000e+00
     -0.013    17.0988   0.000026     0.0087         49     0.2000     3.0377  0.000e+00
     -0.022    17.0988   0.000026     0.0087         50     0.2042     3.0378  0.000e+00
     -0.020    17.0988   0.000026     0.0087         51     0.2083     3.0372  0.000e+00
     -0.011    17.0992   0.000020     0.0087         52     0.2125     3.0369  0.000e+00
     -0.013    17.0991   0.000026     0.0087         53     0.2167     3.0368  0.000e+00
     -0.020    17.0988   0.000020     0.0087         54     0.2208     3.0375  0.000e+00
     -0.020    17.0985   0.000026     0.0087         55     0.2250     3.0365  0.000e+00
     -0.018    17.0983   0.000026     0.0087         56     0.2292     3.0375  0.000e+00
     -0.018    17.0988   0.000026     0.0087         57     0.2333     3.0366  0.000e+00
     -0.017    17.0993   0.000026     0.0087         58     0.2375     3.0378  0.000e+00
     -0.017    17.0992   0.000020     0.0087         59     0.2417     3.0365  0.000e+00
     -0.017    17.0993   0.000020     0.0087         60     0.2458     3.0379  0.000e+00
     -0.018    17.0990   0.000020     0.0087         61     0.2500     3.0363  0.000e+00
     -0.015    17.0991   0.000026     0.0087         62     0.2542     3.0373  0.000e+00
     -0.011    17.0994   0.000026     0.0087         63     0.2583     3.0375  0.000e+00
     -0.017    17.0997   0.000031     0.0087         64     0.2625     3.0375  0.000e+00
     -0.017    17.0999   0.000026     0.0087         65     0.2667     3.0375  0.000e+00
     -0.018    17.1007   0.000026     0.0087         66     0.2708     3.0377  0.000e+00
     -0.018    17.1018   0.000026     0.0087         67     0.2750     3.0373  0.000e+00
     -0.018    17.1031   0.000026     0.0087         68     0.2792     3.0366  0.000e+00
     -0.008    17.1034   0.000020     0.0088         69     0.2833     3.0372  0.000e+00
     -0.020    17.1031   0.000020     0.0088         70     0.2875     3.0383  0.000e+00
     -0.018    17.1028   0.000020     0.0088         71     0.2917     3.0373  0.000e+00
     -0.018    17.1026   0.000026     0.0087         72     0.2958     3.0370  0.000e+00
     -0.020    17.1025   0.000020     0.0088         73     0.3000     3.0374  0.000e+00
     -0.015    17.1022   0.000026     0.0087         74     0.3042     3.0370  0.000e+00
     -0.017    17.1022   0.000026     0.0087         75     0.3083     3.0372  0.000e+00
     -0.018    17.1019   0.000026     0.0087         76     0.3125     3.0375  0.000e+00
     -0.020    17.1020   0.000020     0.0088         77     0.3167     3.0372  0.000e+00
     -0.015    17.1017   0.000020     0.0088         78     0.3208     3.0387  0.000e+00
     -0.015    17.1020   0.000014     0.0088         79     0.3250     3.0378  0.000e+00
     -0.018    17.1019   0.000020     0.0088         80     0.3292     3.0385  0.000e+00
     -0.022    17.1019   0.000020     0.0088         81     0.3333     3.0385  0.000e+00
     -0.020    17.1018   0.000020     0.0088         82     0.3375     3.0373  0.000e+00
     -0.018    17.1013   0.000020     0.0087         83     0.3417     3.0371  0.000e+00
     -0.016    17.1007   0.000020     0.0087         84     0.3458     3.0372  0.000e+00
     -0.018    17.1001   0.000020     0.0087         85     0.3500     3.0378  0.000e+00
     -0.020    17.0993   0.000020     0.0087         86     0.3542     3.0369  0.000e+00
     -0.020    17.0984   0.000020     0.0087         87     0.3583     3.0375  0.000e+00
     -0.018    17.0980   0.000020     0.0087         88     0.3625     3.0385  0.000e+00
     -0.024    17.0977   0.000020     0.0087         89     0.3667     3.0371  0.000e+00
     -0.024    17.0974   0.000026     0.0087         90     0.3708     3.0373  0.000e+00
     -0.020    17.0976   0.000026     0.0087         91     0.3750     3.0372  0.000e+00
     -0.018    17.0975   0.000020     0.0087         92     0.3792     3.0372  0.000e+00
     -0.018    17.0978   0.000026     0.0087         93     0.3833     3.0372  0.000e+00
     -0.018    17.0980   0.000031     0.0087         94     0.3875     3.0381  0.000e+00
     -0.022    17.0983   0.000020     0.0087         95     0.3917     3.0380  0.000e+00
     -0.024    17.0983   0.000026     0.0087         96     0.3958     3.0383  0.000e+00
     -0.024    17.0984   0.000026     0.0087         97     0.4000     3.0373  0.000e+00
     -0.024    17.0981   0.000031     0.0087         98     0.4042     3.0385  0.000e+00
     -0.020    17.0967   0.000026     0.0087         99     0.4083     3.0381  0.000e+00
     -0.022    17.0946   0.000020     0.0087        100     0.4125     3.0376  0.000e+00
     -0.020    17.0930   0.000026     0.0087        101     0.4167     3.0377  0.000e+00
     -0.016    17.0910   0.000031     0.0087        102     0.4208     3.0373  0.000e+00
     -0.016    17.0891   0.000020     0.0087        103     0.4250     3.0369  0.000e+00
     -0.018    17.0882   0.000026     0.0087        104     0.4292     3.0373  0.000e+00
     -0.022    17.0880   0.000026     0.0087        105     0.4333     3.0378  0.000e+00
     -0.022    17.0880   0.000020     0.0087        106     0.4375     3.0366  0.000e+00
     -0.022    17.0881   0.000031     0.0087        107     0.4417     3.0378  0.000e+00
     -0.018    17.0878   0.000020     0.0087        108     0.4458     3.0378  0.000e+00
     -0.015    17.0873   0.000026     0.0087        109     0.4500     3.0375  0.000e+00
     -0.013    17.0869   0.000020     0.0087        110     0.4542     3.0382  0.000e+00
     -0.025    17.0872   0.000026     0.0087        111     0.4583     3.0382  0.000e+00
     -0.031    17.0883   0.000020     0.0087        112     0.4625     3.0378  0.000e+00
     -0.025    17.0896   0.000014     0.0088        113     0.4667     3.0381  0.000e+00
     -0.025    17.0901   0.000026     0.0087        114     0.4708     3.0375  0.000e+00
     -0.024    17.0900   0.000020     0.0087        115     0.4750     3.0376  0.000e+00
     -0.020    17.0899   0.000026     0.0087        116     0.4792     3.0379  0.000e+00
     -0.015    17.0900   0.000020     0.0087        117     0.4833     3.0375  0.000e+00
     -0.024    17.0903   0.000026     0.0087        118     0.4875     3.0369  0.000e+00
     -0.024    17.0908   0.000026     0.0087        119     0.4917     3.0373  0.000e+00
     -0.018    17.0905   0.000020     0.0087        120     0.4958     3.0371  0.000e+00
     -0.020    17.0892   0.000020     0.0087        121     0.5000     3.0375  0.000e+00
     -0.018    17.0884   0.000026     0.0087        122     0.5042     3.0379  0.000e+00
     -0.018    17.0882   0.000020     0.0087        123     0.5083     3.0378  0.000e+00
     -0.018    17.0878   0.000020     0.0087        124     0.5125     3.0378  0.000e+00
     -0.022    17.0869   0.000020     0.0087        125     0.5167     3.0376  0.000e+00
     -0.022    17.0866   0.000026     0.0087        126     0.5208     3.0373  0.000e+00
     -0.024    17.0867   0.000026     0.0087        127     0.5250     3.0378  0.000e+00
     -0.022    17.0868   0.000020     0.0087        128     0.5292     3.0376  0.000e+00
     -0.018    17.0873   0.000026     0.0087        129     0.5333     3.0376  0.000e+00
     -0.016    17.0881   0.000026     0.0087        130     0.5375     3.0375  0.000e+00
     -0.018    17.0882   0.000026     0.0087        131     0.5417     3.0379  0.000e+00
     -0.020    17.0866   0.000026     0.0087        132     0.5458     3.0375  0.000e+00
     -0.020    17.0845   0.000020     0.0087        133     0.5500     3.0372  0.000e+00
     -0.025    17.0830   0.000020     0.0087        134     0.5542     3.0380  0.000e+00
     -0.024    17.0825   0.000020     0.0087        135     0.5583     3.0372  0.000e+00
     -0.018    17.0832   0.000020     0.0087        136     0.5625     3.0381  0.000e+00
     -0.015    17.0834   0.000026     0.0087        137     0.5667     3.0372  0.000e+00
     -0.018    17.0820   0.000020     0.0087        138     0.5708     3.0378  0.000e+00
     -0.022    17.0782   0.000026     0.0087        139     0.5750     3.0372  0.000e+00
     -0.020    17.0729   0.000020     0.0087        140     0.5792     3.0383  0.000e+00
     -0.022    17.0690   0.000026     0.0087        141     0.5833     3.0375  0.000e+00
     -0.018    17.0663   0.000026     0.0087        142     0.5875     3.0373  0.000e+00
     -0.022    17.0647   0.000020     0.0087        143     0.5917     3.0373  0.000e+00
     -0.016    17.0640   0.000026     0.0087        144     0.5958     3.0365  0.000e+00
     -0.020    17.0643   0.000020     0.0087        145     0.6000     3.0382  0.000e+00
     -0.024    17.0653   0.000020     0.0087        146     0.6042     3.0372  0.000e+00
     -0.022    17.0667   0.000020     0.0087        147     0.6083     3.0376  0.000e+00
     -0.020    17.0680   0.000026     0.0087        148     0.6125     3.0380  0.000e+00
     -0.020    17.0684   0.000020     0.0087        149     0.6167     3.0373  0.000e+00
     -0.024    17.0680   0.000026     0.0087        150     0.6208     3.0377  0.000e+00
     -0.018    17.0664   0.000020     0.0087        151     0.6250     3.0383  0.000e+00
     -0.013    17.0651   0.000020     0.0087        152     0.6292     3.0378  0.000e+00
     -0.018    17.0648   0.000026     0.0087        153     0.6333     3.0375  0.000e+00
     -0.026    17.0645   0.000020     0.0087        154     0.6375     3.0379  0.000e+00
     -0.022    17.0637   0.000020     0.0087        155     0.6417     3.0375  0.000e+00
     -0.022    17.0624   0.000026     0.0087        156     0.6458     3.0378  0.000e+00
     -0.018    17.0613   0.000026     0.0087        157     0.6500     3.0375  0.000e+00
     -0.017    17.0608   0.000020     0.0087        158     0.6542     3.0373  0.000e+00
     -0.018    17.0604   0.000020     0.0087        159     0.6583     3.0373  0.000e+00
     -0.018    17.0604   0.000026     0.0087        160     0.6625     3.0378  0.000e+00
     -0.022    17.0614   0.000026     0.0087        161     0.6667     3.0378  0.000e+00
     -0.020    17.0633   0.000020     0.0087        162     0.6708     3.0376  0.000e+00
     -0.018    17.0648   0.000031     0.0087        163     0.6750     3.0381  0.000e+00
     -0.018    17.0659   0.000020     0.0087        164     0.6792     3.0377  0.000e+00
     -0.020    17.0667   0.000026     0.0087        165     0.6833     3.0380  0.000e+00
     -0.026    17.0672   0.000026     0.0087        166     0.6875     3.0374  0.000e+00
     -0.024    17.0678   0.000026     0.0087        167     0.6917     3.0376  0.000e+00
     -0.024    17.0684   0.000020     0.0087        168     0.6958     3.0375  0.000e+00
     -0.018    17.0691   0.000026     0.0087        169     0.7000     3.0368  0.000e+00
     -0.022    17.0697   0.000020     0.0087        170     0.7042     3.0375  0.000e+00
     -0.020    17.0707   0.000026     0.0087        171     0.7083     3.0362  0.000e+00
     -0.022    17.0712   0.000031     0.0087        172     0.7125     3.0378  0.000e+00
     -0.018    17.0718   0.000026     0.0087        173     0.7167     3.0375  0.000e+00
     -0.020    17.0724   0.000026     0.0087        174     0.7208     3.0372  0.000e+00
     -0.018    17.0733   0.000026     0.0087        175     0.7250     3.0370  0.000e+00
     -0.020    17.0739   0.000026     0.0087        176     0.7292     3.0378  0.000e+00
     -0.017    17.0748   0.000026     0.0087        177     0.7333     3.0369  0.000e+00
     -0.018    17.0753   0.000020     0.0087        178     0.7375     3.0373  0.000e+00
     -0.024    17.0765   0.000026     0.0087        179     0.7417     3.0378  0.000e+00
     -0.020    17.0807   0.000026     0.0087        180     0.7458     3.0376  0.000e+00
      0.050    17.0888   0.000020     0.0087        181     0.7500     3.0235  0.000e+00
      0.120    17.0738   0.000020     0.0087        182     0.7542     3.0182  0.000e+00
      0.145    16.8521   1.070809     7.3137        183     0.7583     3.0163  0.000e+00
      0.118    16.5874   1.211247     8.4091        184     0.7625     3.0084  0.000e+00
      0.073    16.4177   2.610172    19.4740        185     0.7667     2.9934  0.000e+00
      0.057    16.3169   1.245752     8.7267        186     0.7708     2.9729  0.000e+00
      0.036    16.2393   1.645941    11.8247        187     0.7750     2.9469  0.000e+00
     -0.016    16.2485   2.947067    22.3487        188     0.7792     2.9174  0.000e+00
     -0.022    16.3290   2.807460    21.1437        189     0.7833     2.8853  0.000e+00
