PC2305/sbe018.cnv
* Sea-Bird SBE 19plus V2 Data File:
* FileName = C:\cruise\data\sbe018.hex
* Software Version Seasave V 7.26.7.121
* Temperature SN = 7142
* Conductivity SN = 7142
* System UpLoad Time = Oct 28 2023 23:11:03
** Cruise: PC2205
** Program: ECOMON
# nquan = 8
# nvalues = 2135                                  
# units = specified
# name 0 = depSM: Depth [salt water, m], lat = 40.00
# name 1 = tv290C: Temperature [ITS-90, deg C]
# name 2 = c0S/m: Conductivity [S/m]
# name 3 = sal00: Salinity, Practical [PSU]
# name 4 = scan: Scan Count
# name 5 = timeM: Time, Elapsed [minutes]
# name 6 = sbeox0V: Oxygen raw, SBE 43 [V]
# name 7 = flag:  0.000e+00
# span 0 =     -0.032,     90.144                 
# span 1 =    10.3712,    16.9995                 
# span 2 =   0.000031,   4.123653                 
# span 3 =     0.0086,    33.5746                 
# span 4 =         11,       2145                 
# span 5 =     0.0417,     8.9333                 
# span 6 =     2.1181,     3.0362                 
# span 7 = 0.0000e+00, 0.0000e+00                 
# interval = seconds: 0.25
# start_time = Oct 28 2023 23:11:03 [System UTC, header]
# bad_flag = -9.990e-29
*END*
[from data line 1439]
     36.454    14.4130   3.914254    32.0477       1450     6.0375     2.7494  0.000e+00
     36.375    14.4133   3.914324    32.0481       1451     6.0417     2.7503  0.000e+00
     36.298    14.4139   3.914399    32.0484       1452     6.0458     2.7499  0.000e+00
     36.213    14.4144   3.914374    32.0477       1453     6.0500     2.7495  0.000e+00
     36.131    14.4152   3.914393    32.0473       1454     6.0542     2.7501  0.000e+00
     36.043    14.4156   3.914444    32.0474       1455     6.0583     2.7501  0.000e+00
     35.951    14.4158   3.914469    32.0475       1456     6.0625     2.7509  0.000e+00
     35.861    14.4163   3.914488    32.0473       1457     6.0667     2.7520  0.000e+00
     35.771    14.4169   3.914576    32.0477       1458     6.0708     2.7516  0.000e+00
     35.689    14.4179   3.914665    32.0477       1459     6.0750     2.7528  0.000e+00
     35.611    14.4196   3.914924    32.0487       1460     6.0792     2.7549  0.000e+00
     35.539    14.4215   3.915063    32.0484       1461     6.0833     2.7540  0.000e+00
     35.476    14.4233   3.915202    32.0482       1462     6.0875     2.7545  0.000e+00
     35.415    14.4250   3.915170    32.0465       1463     6.0917     2.7545  0.000e+00
     35.370    14.4261   3.915151    32.0455       1464     6.0958     2.7542  0.000e+00
     35.331    14.4266   3.915151    32.0451       1465     6.1000     2.7532  0.000e+00
     35.300    14.4270   3.915170    32.0450       1466     6.1042     2.7539  0.000e+00
     35.284    14.4271   3.915176    32.0449       1467     6.1083     2.7522  0.000e+00
     35.261    14.4272   3.915176    32.0448       1468     6.1125     2.7513  0.000e+00
     35.252    14.4274   3.915176    32.0447       1469     6.1167     2.7497  0.000e+00
     35.243    14.4273   3.915170    32.0447       1470     6.1208     2.7482  0.000e+00
     35.241    14.4276   3.915176    32.0445       1471     6.1250     2.7497  0.000e+00
     35.239    14.4274   3.915151    32.0444       1472     6.1292     2.7503  0.000e+00
     35.245    14.4275   3.915145    32.0443       1473     6.1333     2.7500  0.000e+00
     35.243    14.4275   3.915176    32.0446       1474     6.1375     2.7489  0.000e+00
     35.237    14.4274   3.915176    32.0447       1475     6.1417     2.7484  0.000e+00
     35.236    14.4274   3.915151    32.0444       1476     6.1458     2.7469  0.000e+00
     35.218    14.4274   3.915170    32.0446       1477     6.1500     2.7458  0.000e+00
     35.201    14.4272   3.915151    32.0446       1478     6.1542     2.7455  0.000e+00
     35.176    14.4273   3.915176    32.0448       1479     6.1583     2.7448  0.000e+00
     35.151    14.4272   3.915176    32.0449       1480     6.1625     2.7433  0.000e+00
     35.112    14.4273   3.915145    32.0445       1481     6.1667     2.7429  0.000e+00
     35.081    14.4273   3.915202    32.0450       1482     6.1708     2.7435  0.000e+00
     35.036    14.4276   3.915151    32.0443       1483     6.1750     2.7433  0.000e+00
     34.993    14.4276   3.915170    32.0445       1484     6.1792     2.7436  0.000e+00
     34.955    14.4280   3.915176    32.0443       1485     6.1833     2.7442  0.000e+00
     34.912    14.4283   3.915176    32.0441       1486     6.1875     2.7439  0.000e+00
     34.865    14.4286   3.915202    32.0441       1487     6.1917     2.7435  0.000e+00
     34.817    14.4289   3.915189    32.0437       1488     6.1958     2.7445  0.000e+00
     34.754    14.4292   3.915246    32.0440       1489     6.2000     2.7450  0.000e+00
     34.686    14.4297   3.915265    32.0438       1490     6.2042     2.7460  0.000e+00
     34.619    14.4304   3.915265    32.0433       1491     6.2083     2.7462  0.000e+00
     34.529    14.4308   3.915246    32.0427       1492     6.2125     2.7461  0.000e+00
     34.454    14.4313   3.915246    32.0424       1493     6.2167     2.7468  0.000e+00
     34.366    14.4317   3.915246    32.0421       1494     6.2208     2.7463  0.000e+00
     34.272    14.4318   3.915264    32.0422       1495     6.2250     2.7464  0.000e+00
     34.177    14.4323   3.915290    32.0421       1496     6.2292     2.7483  0.000e+00
     34.096    14.4326   3.915290    32.0418       1497     6.2333     2.7485  0.000e+00
     33.999    14.4332   3.915359    32.0420       1498     6.2375     2.7494  0.000e+00
     33.918    14.4339   3.915384    32.0417       1499     6.2417     2.7494  0.000e+00
     33.823    14.4345   3.915403    32.0414       1500     6.2458     2.7503  0.000e+00
     33.744    14.4351   3.915403    32.0409       1501     6.2500     2.7507  0.000e+00
     33.661    14.4354   3.915454    32.0412       1502     6.2542     2.7510  0.000e+00
     33.582    14.4357   3.915473    32.0411       1503     6.2583     2.7510  0.000e+00
     33.505    14.4361   3.915498    32.0411       1504     6.2625     2.7507  0.000e+00
     33.440    14.4364   3.915498    32.0409       1505     6.2667     2.7509  0.000e+00
     33.372    14.4367   3.915479    32.0404       1506     6.2708     2.7496  0.000e+00
     33.314    14.4370   3.915473    32.0402       1507     6.2750     2.7489  0.000e+00
     33.259    14.4368   3.915473    32.0404       1508     6.2792     2.7487  0.000e+00
     33.212    14.4370   3.915454    32.0401       1509     6.2833     2.7471  0.000e+00
     33.162    14.4369   3.915473    32.0403       1510     6.2875     2.7474  0.000e+00
     33.133    14.4370   3.915473    32.0402       1511     6.2917     2.7472  0.000e+00
     33.095    14.4371   3.915473    32.0402       1512     6.2958     2.7471  0.000e+00
     33.075    14.4370   3.915454    32.0401       1513     6.3000     2.7473  0.000e+00
     33.052    14.4369   3.915454    32.0402       1514     6.3042     2.7473  0.000e+00
     33.039    14.4369   3.915454    32.0402       1515     6.3083     2.7488  0.000e+00
     33.030    14.4369   3.915479    32.0404       1516     6.3125     2.7485  0.000e+00
     33.029    14.4370   3.915403    32.0397       1517     6.3167     2.7486  0.000e+00
     33.025    14.4369   3.915403    32.0398       1518     6.3208     2.7480  0.000e+00
     33.014    14.4367   3.915403    32.0399       1519     6.3250     2.7481  0.000e+00
     33.009    14.4367   3.915409    32.0399       1520     6.3292     2.7477  0.000e+00
     32.995    14.4368   3.915403    32.0398       1521     6.3333     2.7469  0.000e+00
     32.978    14.4367   3.915384    32.0397       1522     6.3375     2.7467  0.000e+00
     32.955    14.4365   3.915384    32.0399       1523     6.3417     2.7458  0.000e+00
     32.921    14.4365   3.915384    32.0399       1524     6.3458     2.7464  0.000e+00
     32.889    14.4366   3.915384    32.0399       1525     6.3500     2.7464  0.000e+00
     32.849    14.4367   3.915384    32.0398       1526     6.3542     2.7459  0.000e+00
     32.797    14.4366   3.915333    32.0395       1527     6.3583     2.7458  0.000e+00
     32.739    14.4366   3.915359    32.0397       1528     6.3625     2.7462  0.000e+00
     32.685    14.4364   3.915333    32.0396       1529     6.3667     2.7456  0.000e+00
     32.623    14.4365   3.915314    32.0394       1530     6.3708     2.7464  0.000e+00
     32.569    14.4364   3.915333    32.0397       1531     6.3750     2.7464  0.000e+00
     32.511    14.4363   3.915289    32.0394       1532     6.3792     2.7477  0.000e+00
     32.461    14.4362   3.915289    32.0395       1533     6.3833     2.7474  0.000e+00
     32.411    14.4361   3.915308    32.0397       1534     6.3875     2.7479  0.000e+00
     32.357    14.4362   3.915289    32.0395       1535     6.3917     2.7482  0.000e+00
     32.292    14.4360   3.915264    32.0395       1536     6.3958     2.7494  0.000e+00
     32.224    14.4360   3.915264    32.0395       1537     6.4000     2.7503  0.000e+00
     32.154    14.4361   3.915264    32.0394       1538     6.4042     2.7515  0.000e+00
     32.065    14.4359   3.915219    32.0393       1539     6.4083     2.7515  0.000e+00
     31.979    14.4359   3.915150    32.0387       1540     6.4125     2.7511  0.000e+00
     31.891    14.4359   3.915093    32.0382       1541     6.4167     2.7511  0.000e+00
     31.798    14.4355   3.915061    32.0382       1542     6.4208     2.7509  0.000e+00
     31.704    14.4357   3.915175    32.0391       1543     6.4250     2.7509  0.000e+00
     31.609    14.4369   3.915289    32.0393       1544     6.4292     2.7505  0.000e+00
     31.516    14.4385   3.915333    32.0384       1545     6.4333     2.7515  0.000e+00
     31.424    14.4398   3.915333    32.0374       1546     6.4375     2.7512  0.000e+00
     31.343    14.4406   3.915358    32.0369       1547     6.4417     2.7516  0.000e+00
     31.269    14.4410   3.915358    32.0366       1548     6.4458     2.7507  0.000e+00
     31.197    14.4413   3.915333    32.0361       1549     6.4500     2.7507  0.000e+00
     31.136    14.4415   3.915358    32.0363       1550     6.4542     2.7506  0.000e+00
     31.084    14.4416   3.915333    32.0359       1551     6.4583     2.7504  0.000e+00
     31.039    14.4416   3.915383    32.0364       1552     6.4625     2.7510  0.000e+00
     31.000    14.4419   3.915358    32.0360       1553     6.4667     2.7500  0.000e+00
     30.973    14.4420   3.915358    32.0359       1554     6.4708     2.7488  0.000e+00
     30.944    14.4420   3.915402    32.0363       1555     6.4750     2.7500  0.000e+00
     30.917    14.4423   3.915427    32.0363       1556     6.4792     2.7487  0.000e+00
     30.908    14.4426   3.915472    32.0364       1557     6.4833     2.7497  0.000e+00
     30.896    14.4429   3.915497    32.0364       1558     6.4875     2.7493  0.000e+00
     30.890    14.4436   3.915478    32.0357       1559     6.4917     2.7508  0.000e+00
     30.883    14.4439   3.915472    32.0354       1560     6.4958     2.7509  0.000e+00
     30.876    14.4444   3.915472    32.0350       1561     6.5000     2.7509  0.000e+00
     30.874    14.4445   3.915453    32.0347       1562     6.5042     2.7511  0.000e+00
     30.865    14.4448   3.915478    32.0347       1563     6.5083     2.7502  0.000e+00
     30.851    14.4451   3.915497    32.0346       1564     6.5125     2.7492  0.000e+00
     30.843    14.4454   3.915497    32.0344       1565     6.5167     2.7478  0.000e+00
     30.831    14.4458   3.915585    32.0349       1566     6.5208     2.7473  0.000e+00
     30.798    14.4463   3.915674    32.0353       1567     6.5250     2.7483  0.000e+00
     30.772    14.4473   3.915705    32.0348       1568     6.5292     2.7478  0.000e+00
     30.736    14.4482   3.915724    32.0342       1569     6.5333     2.7466  0.000e+00
     30.691    14.4491   3.915769    32.0338       1570     6.5375     2.7471  0.000e+00
     30.640    14.4500   3.915794    32.0334       1571     6.5417     2.7471  0.000e+00
     30.586    14.4507   3.915819    32.0331       1572     6.5458     2.7478  0.000e+00
     30.524    14.4513   3.915838    32.0327       1573     6.5500     2.7481  0.000e+00
     30.452    14.4519   3.915813    32.0320       1574     6.5542     2.7498  0.000e+00
     30.376    14.4525   3.915749    32.0310       1575     6.5583     2.7508  0.000e+00
     30.299    14.4528   3.915749    32.0308       1576     6.5625     2.7497  0.000e+00
     30.225    14.4532   3.915743    32.0304       1577     6.5667     2.7505  0.000e+00
     30.144    14.4535   3.915749    32.0303       1578     6.5708     2.7504  0.000e+00
     30.069    14.4535   3.915705    32.0299       1579     6.5750     2.7502  0.000e+00
     29.986    14.4535   3.915655    32.0295       1580     6.5792     2.7530  0.000e+00
     29.900    14.4534   3.915572    32.0289       1581     6.5833     2.7548  0.000e+00
     29.812    14.4531   3.915496    32.0284       1582     6.5875     2.7523  0.000e+00
     29.735    14.4528   3.915357    32.0275       1583     6.5917     2.7545  0.000e+00
     29.650    14.4522   3.915262    32.0271       1584     6.5958     2.7520  0.000e+00
     29.575    14.4514   3.915218    32.0274       1585     6.6000     2.7522  0.000e+00
     29.505    14.4508   3.915104    32.0269       1586     6.6042     2.7528  0.000e+00
     29.434    14.4501   3.914921    32.0258       1587     6.6083     2.7530  0.000e+00
     29.370    14.4491   3.914801    32.0255       1588     6.6125     2.7520  0.000e+00
     29.300    14.4481   3.914643    32.0250       1589     6.6167     2.7505  0.000e+00
     29.240    14.4473   3.914624    32.0255       1590     6.6208     2.7500  0.000e+00
     29.181    14.4467   3.914693    32.0266       1591     6.6250     2.7476  0.000e+00
     29.124    14.4469   3.914801    32.0275       1592     6.6292     2.7472  0.000e+00
     29.064    14.4476   3.914965    32.0285       1593     6.6333     2.7466  0.000e+00
     29.016    14.4488   3.915262    32.0302       1594     6.6375     2.7481  0.000e+00
     28.962    14.4507   3.915597    32.0316       1595     6.6417     2.7483  0.000e+00
     28.920    14.4535   3.916324    32.0360       1596     6.6458     2.7490  0.000e+00
     28.876    14.4581   3.917361    32.0417       1597     6.6500     2.7501  0.000e+00
     28.849    14.4655   3.918373    32.0448       1598     6.6542     2.7508  0.000e+00
     28.822    14.4749   3.919283    32.0453       1599     6.6583     2.7519  0.000e+00
     28.796    14.4847   3.920352    32.0470       1600     6.6625     2.7536  0.000e+00
     28.768    14.4956   3.921781    32.0510       1601     6.6667     2.7548  0.000e+00
     28.744    14.5093   3.925077    32.0696       1602     6.6708     2.7575  0.000e+00
     28.725    14.5311   3.928634    32.0840       1603     6.6750     2.7596  0.000e+00
     28.696    14.5598   3.930292    32.0754       1604     6.6792     2.7624  0.000e+00
     28.662    14.5855   3.930798    32.0588       1605     6.6833     2.7677  0.000e+00
     28.624    14.6030   3.930431    32.0410       1606     6.6875     2.7713  0.000e+00
     28.590    14.6115   3.930032    32.0304       1607     6.6917     2.7755  0.000e+00
     28.550    14.6135   3.929595    32.0248       1608     6.6958     2.7784  0.000e+00
     28.504    14.6124   3.930431    32.0333       1609     6.7000     2.7812  0.000e+00
     28.453    14.6141   3.935725    32.0800       1610     6.7042     2.7826  0.000e+00
     28.407    14.6325   3.938830    32.0930       1611     6.7083     2.7842  0.000e+00
     28.353    14.6595   3.941884    32.0985       1612     6.7125     2.7858  0.000e+00
     28.308    14.6886   3.946499    32.1163       1613     6.7167     2.7875  0.000e+00
     28.257    14.7222   3.948053    32.1027       1614     6.7208     2.7883  0.000e+00
     28.196    14.7514   3.948103    32.0791       1615     6.7250     2.7883  0.000e+00
     28.142    14.7686   3.948230    32.0661       1616     6.7292     2.7868  0.000e+00
     28.083    14.7776   3.948306    32.0594       1617     6.7333     2.7857  0.000e+00
     28.027    14.7823   3.948515    32.0574       1618     6.7375     2.7832  0.000e+00
     27.964    14.7854   3.948845    32.0579       1619     6.7417     2.7802  0.000e+00
     27.900    14.7878   3.949054    32.0578       1620     6.7458     2.7774  0.000e+00
     27.844    14.7914   3.951738    32.0792       1621     6.7500     2.7757  0.000e+00
     27.785    14.8011   3.954118    32.0928       1622     6.7542     2.7734  0.000e+00
     27.729    14.8192   3.957634    32.1097       1623     6.7583     2.7724  0.000e+00
     27.671    14.8432   3.959640    32.1081       1624     6.7625     2.7701  0.000e+00
     27.627    14.8679   3.961482    32.1044       1625     6.7667     2.7695  0.000e+00
     27.574    14.8896   3.962739    32.0978       1626     6.7708     2.7668  0.000e+00
     27.517    14.9081   3.962764    32.0829       1627     6.7750     2.7648  0.000e+00
