PC2305/sbe092.cnv
* Sea-Bird SBE 19plus V2 Data File:
* FileName = C:\cruise\data\sbe092.hex
* Software Version Seasave V 7.26.7.121
* Temperature SN = 7142
* Conductivity SN = 7142
* System UpLoad Time = Nov 05 2023 04:59:02
** Cruise: PC2205
** Program: ECOMON
# nquan = 8
# nvalues = 1819                                  
# units = specified
# name 0 = depSM: Depth [salt water, m], lat = 40.00
# name 1 = tv290C: Temperature [ITS-90, deg C]
# name 2 = c0S/m: Conductivity [S/m]
# name 3 = sal00: Salinity, Practical [PSU]
# name 4 = scan: Scan Count
# name 5 = timeM: Time, Elapsed [minutes]
# name 6 = sbeox0V: Oxygen raw, SBE 43 [V]
# name 7 = flag:  0.000e+00
# span 0 =     -0.031,     71.121                 
# span 1 =    12.3321,    13.0905                 
# span 2 =   0.000059,   3.791957                 
# span 3 =     0.0068,    32.1821                 
# span 4 =         11,       1829                 
# span 5 =     0.0417,     7.6167                 
# span 6 =     2.4174,     3.0204                 
# span 7 = 0.0000e+00, 0.0000e+00                 
# interval = seconds: 0.25
# start_time = Nov 05 2023 04:59:02 [System UTC, header]
# bad_flag = -9.990e-29
*END*
[from data line 1439]
     24.993    12.6458   3.761973    32.1186       1450     6.0375     2.6522  0.000e+00
     25.004    12.6457   3.761917    32.1182       1451     6.0417     2.6513  0.000e+00
     25.008    12.6455   3.761936    32.1186       1452     6.0458     2.6500  0.000e+00
     24.999    12.6455   3.761929    32.1185       1453     6.0500     2.6504  0.000e+00
     24.974    12.6453   3.761936    32.1187       1454     6.0542     2.6496  0.000e+00
     24.925    12.6452   3.761917    32.1187       1455     6.0583     2.6486  0.000e+00
     24.866    12.6451   3.761842    32.1181       1456     6.0625     2.6496  0.000e+00
     24.798    12.6450   3.761867    32.1185       1457     6.0667     2.6503  0.000e+00
     24.713    12.6447   3.761842    32.1185       1458     6.0708     2.6519  0.000e+00
     24.620    12.6445   3.761817    32.1184       1459     6.0750     2.6517  0.000e+00
     24.521    12.6445   3.761892    32.1192       1460     6.0792     2.6517  0.000e+00
     24.408    12.6445   3.761867    32.1190       1461     6.0833     2.6515  0.000e+00
     24.298    12.6448   3.761817    32.1184       1462     6.0875     2.6525  0.000e+00
     24.192    12.6448   3.761842    32.1186       1463     6.0917     2.6525  0.000e+00
     24.084    12.6448   3.761842    32.1187       1464     6.0958     2.6512  0.000e+00
     23.982    12.6446   3.761842    32.1188       1465     6.1000     2.6514  0.000e+00
     23.877    12.6445   3.761867    32.1192       1466     6.1042     2.6512  0.000e+00
     23.788    12.6448   3.761842    32.1188       1467     6.1083     2.6508  0.000e+00
     23.709    12.6451   3.761929    32.1194       1468     6.1125     2.6519  0.000e+00
     23.638    12.6451   3.761916    32.1193       1469     6.1167     2.6510  0.000e+00
     23.579    12.6453   3.761916    32.1191       1470     6.1208     2.6507  0.000e+00
     23.527    12.6455   3.761910    32.1189       1471     6.1250     2.6519  0.000e+00
     23.486    12.6455   3.761891    32.1187       1472     6.1292     2.6516  0.000e+00
     23.452    12.6455   3.761842    32.1183       1473     6.1333     2.6507  0.000e+00
     23.419    12.6453   3.761817    32.1182       1474     6.1375     2.6501  0.000e+00
     23.387    12.6452   3.761798    32.1182       1475     6.1417     2.6506  0.000e+00
     23.351    12.6448   3.761773    32.1183       1476     6.1458     2.6499  0.000e+00
     23.311    12.6448   3.761755    32.1182       1477     6.1500     2.6507  0.000e+00
     23.274    12.6445   3.761773    32.1185       1478     6.1542     2.6517  0.000e+00
     23.227    12.6446   3.761755    32.1183       1479     6.1583     2.6519  0.000e+00
     23.178    12.6446   3.761773    32.1185       1480     6.1625     2.6526  0.000e+00
     23.126    12.6445   3.761773    32.1186       1481     6.1667     2.6522  0.000e+00
     23.056    12.6446   3.761754    32.1184       1482     6.1708     2.6525  0.000e+00
     22.993    12.6446   3.761730    32.1182       1483     6.1750     2.6525  0.000e+00
     22.923    12.6445   3.761705    32.1180       1484     6.1792     2.6540  0.000e+00
     22.850    12.6443   3.761711    32.1184       1485     6.1833     2.6560  0.000e+00
     22.767    12.6443   3.761729    32.1185       1486     6.1875     2.6554  0.000e+00
     22.682    12.6445   3.761705    32.1181       1487     6.1917     2.6554  0.000e+00
     22.587    12.6443   3.761711    32.1184       1488     6.1958     2.6567  0.000e+00
     22.497    12.6444   3.761686    32.1181       1489     6.2000     2.6566  0.000e+00
     22.393    12.6444   3.761686    32.1182       1490     6.2042     2.6576  0.000e+00
     22.294    12.6445   3.761686    32.1181       1491     6.2083     2.6579  0.000e+00
     22.186    12.6445   3.761686    32.1182       1492     6.2125     2.6579  0.000e+00
     22.075    12.6444   3.761729    32.1187       1493     6.2167     2.6583  0.000e+00
     21.964    12.6445   3.761711    32.1185       1494     6.2208     2.6582  0.000e+00
     21.858    12.6445   3.761704    32.1185       1495     6.2250     2.6576  0.000e+00
     21.748    12.6445   3.761729    32.1187       1496     6.2292     2.6555  0.000e+00
     21.645    12.6448   3.761580    32.1172       1497     6.2333     2.6556  0.000e+00
     21.548    12.6448   3.761704    32.1183       1498     6.2375     2.6541  0.000e+00
     21.444    12.6447   3.761685    32.1183       1499     6.2417     2.6552  0.000e+00
     21.356    12.6447   3.761772    32.1192       1500     6.2458     2.6547  0.000e+00
     21.273    12.6451   3.761822    32.1193       1501     6.2500     2.6543  0.000e+00
     21.196    12.6455   3.761797    32.1188       1502     6.2542     2.6556  0.000e+00
     21.133    12.6459   3.761797    32.1185       1503     6.2583     2.6561  0.000e+00
     21.076    12.6460   3.761797    32.1184       1504     6.2625     2.6577  0.000e+00
     21.034    12.6463   3.761797    32.1182       1505     6.2667     2.6573  0.000e+00
     20.997    12.6464   3.761822    32.1183       1506     6.2708     2.6564  0.000e+00
     20.972    12.6465   3.761841    32.1185       1507     6.2750     2.6570  0.000e+00
     20.946    12.6466   3.761816    32.1181       1508     6.2792     2.6558  0.000e+00
     20.927    12.6466   3.761772    32.1177       1509     6.2833     2.6567  0.000e+00
     20.907    12.6467   3.761822    32.1181       1510     6.2875     2.6564  0.000e+00
     20.891    12.6465   3.761772    32.1178       1511     6.2917     2.6561  0.000e+00
     20.871    12.6465   3.761772    32.1179       1512     6.2958     2.6565  0.000e+00
     20.853    12.6460   3.761797    32.1185       1513     6.3000     2.6558  0.000e+00
     20.821    12.6460   3.761772    32.1182       1514     6.3042     2.6559  0.000e+00
     20.781    12.6457   3.761772    32.1186       1515     6.3083     2.6564  0.000e+00
     20.736    12.6457   3.761797    32.1188       1516     6.3125     2.6564  0.000e+00
     20.671    12.6455   3.761797    32.1190       1517     6.3167     2.6575  0.000e+00
     20.605    12.6455   3.761797    32.1190       1518     6.3208     2.6569  0.000e+00
     20.519    12.6456   3.761772    32.1187       1519     6.3250     2.6589  0.000e+00
     20.425    12.6458   3.761797    32.1188       1520     6.3292     2.6579  0.000e+00
     20.326    12.6460   3.761797    32.1187       1521     6.3333     2.6603  0.000e+00
     20.202    12.6462   3.761772    32.1184       1522     6.3375     2.6580  0.000e+00
     20.071    12.6460   3.761797    32.1188       1523     6.3417     2.6599  0.000e+00
     19.931    12.6460   3.761797    32.1188       1524     6.3458     2.6618  0.000e+00
     19.782    12.6460   3.761728    32.1183       1525     6.3500     2.6625  0.000e+00
     19.629    12.6460   3.761753    32.1186       1526     6.3542     2.6631  0.000e+00
     19.480    12.6458   3.761772    32.1190       1527     6.3583     2.6624  0.000e+00
     19.336    12.6461   3.761772    32.1188       1528     6.3625     2.6625  0.000e+00
     19.196    12.6467   3.761753    32.1182       1529     6.3667     2.6616  0.000e+00
     19.074    12.6470   3.761772    32.1181       1530     6.3708     2.6634  0.000e+00
     18.957    12.6474   3.761796    32.1181       1531     6.3750     2.6577  0.000e+00
     18.860    12.6476   3.761796    32.1179       1532     6.3792     2.6623  0.000e+00
     18.786    12.6479   3.761772    32.1175       1533     6.3833     2.6625  0.000e+00
     18.720    12.6479   3.761753    32.1173       1534     6.3875     2.6633  0.000e+00
     18.677    12.6479   3.761796    32.1178       1535     6.3917     2.6627  0.000e+00
     18.655    12.6481   3.761796    32.1176       1536     6.3958     2.6575  0.000e+00
     18.648    12.6481   3.761796    32.1176       1537     6.4000     2.6599  0.000e+00
     18.652    12.6483   3.761796    32.1175       1538     6.4042     2.6584  0.000e+00
     18.664    12.6483   3.761771    32.1172       1539     6.4083     2.6603  0.000e+00
     18.682    12.6482   3.761771    32.1173       1540     6.4125     2.6577  0.000e+00
     18.695    12.6480   3.761753    32.1172       1541     6.4167     2.6583  0.000e+00
     18.704    12.6480   3.761728    32.1170       1542     6.4208     2.6625  0.000e+00
     18.698    12.6477   3.761709    32.1171       1543     6.4250     2.6633  0.000e+00
     18.673    12.6475   3.761703    32.1172       1544     6.4292     2.6633  0.000e+00
     18.626    12.6474   3.761728    32.1176       1545     6.4333     2.6627  0.000e+00
     18.558    12.6474   3.761815    32.1184       1546     6.4375     2.6590  0.000e+00
     18.472    12.6475   3.761821    32.1184       1547     6.4417     2.6626  0.000e+00
     18.368    12.6478   3.761728    32.1173       1548     6.4458     2.6589  0.000e+00
     18.249    12.6477   3.761684    32.1171       1549     6.4500     2.6635  0.000e+00
     18.118    12.6477   3.762120    32.1212       1550     6.4542     2.6618  0.000e+00
     17.981    12.6487   3.762412    32.1232       1551     6.4583     2.6570  0.000e+00
     17.832    12.6510   3.761889    32.1164       1552     6.4625     2.6606  0.000e+00
     17.681    12.6507   3.761889    32.1167       1553     6.4667     2.6628  0.000e+00
     17.535    12.6500   3.761771    32.1162       1554     6.4708     2.6625  0.000e+00
     17.395    12.6492   3.761821    32.1174       1555     6.4750     2.6632  0.000e+00
     17.262    12.6491   3.762760    32.1265       1556     6.4792     2.6664  0.000e+00
     17.140    12.6515   3.763133    32.1280       1557     6.4833     2.6675  0.000e+00
     17.025    12.6558   3.763289    32.1259       1558     6.4875     2.6627  0.000e+00
     16.926    12.6595   3.764234    32.1318       1559     6.4917     2.6662  0.000e+00
     16.829    12.6645   3.764296    32.1281       1560     6.4958     2.6666  0.000e+00
     16.745    12.6684   3.764302    32.1249       1561     6.5000     2.6654  0.000e+00
     16.664    12.6704   3.764140    32.1217       1562     6.5042     2.6667  0.000e+00
     16.594    12.6713   3.764209    32.1216       1563     6.5083     2.6631  0.000e+00
     16.525    12.6714   3.764116    32.1206       1564     6.5125     2.6617  0.000e+00
     16.473    12.6715   3.764302    32.1223       1565     6.5167     2.6625  0.000e+00
     16.430    12.6720   3.764271    32.1217       1566     6.5208     2.6626  0.000e+00
     16.389    12.6724   3.764209    32.1207       1567     6.5250     2.6630  0.000e+00
     16.369    12.6725   3.764184    32.1204       1568     6.5292     2.6605  0.000e+00
     16.357    12.6722   3.764140    32.1202       1569     6.5333     2.6582  0.000e+00
     16.357    12.6720   3.764159    32.1206       1570     6.5375     2.6618  0.000e+00
     16.357    12.6718   3.764184    32.1210       1571     6.5417     2.6613  0.000e+00
     16.360    12.6717   3.764184    32.1211       1572     6.5458     2.6613  0.000e+00
     16.364    12.6718   3.764159    32.1208       1573     6.5500     2.6569  0.000e+00
     16.366    12.6718   3.764122    32.1204       1574     6.5542     2.6570  0.000e+00
     16.353    12.6718   3.764140    32.1206       1575     6.5583     2.6566  0.000e+00
     16.326    12.6716   3.764209    32.1214       1576     6.5625     2.6539  0.000e+00
     16.279    12.6718   3.764252    32.1217       1577     6.5667     2.6528  0.000e+00
     16.215    12.6721   3.764209    32.1210       1578     6.5708     2.6528  0.000e+00
     16.118    12.6722   3.764140    32.1204       1579     6.5750     2.6540  0.000e+00
     15.995    12.6720   3.764122    32.1204       1580     6.5792     2.6556  0.000e+00
     15.852    12.6721   3.764140    32.1205       1581     6.5833     2.6554  0.000e+00
     15.692    12.6722   3.764072    32.1199       1582     6.5875     2.6567  0.000e+00
     15.526    12.6720   3.763941    32.1189       1583     6.5917     2.6606  0.000e+00
     15.354    12.6715   3.763978    32.1198       1584     6.5958     2.6631  0.000e+00
     15.176    12.6712   3.764295    32.1230       1585     6.6000     2.6636  0.000e+00
     15.011    12.6720   3.764302    32.1225       1586     6.6042     2.6631  0.000e+00
     14.860    12.6731   3.764252    32.1211       1587     6.6083     2.6637  0.000e+00
     14.714    12.6732   3.764053    32.1192       1588     6.6125     2.6686  0.000e+00
     14.588    12.6732   3.764158    32.1203       1589     6.6167     2.6681  0.000e+00
     14.475    12.6730   3.764158    32.1205       1590     6.6208     2.6667  0.000e+00
     14.378    12.6732   3.764140    32.1202       1591     6.6250     2.6679  0.000e+00
     14.290    12.6731   3.764021    32.1192       1592     6.6292     2.6648  0.000e+00
     14.224    12.6726   3.764021    32.1196       1593     6.6333     2.6683  0.000e+00
     14.175    12.6724   3.764077    32.1204       1594     6.6375     2.6664  0.000e+00
     14.130    12.6722   3.764071    32.1205       1595     6.6417     2.6654  0.000e+00
     14.107    12.6720   3.764071    32.1207       1596     6.6458     2.6673  0.000e+00
     14.092    12.6721   3.764052    32.1204       1597     6.6500     2.6648  0.000e+00
     14.078    12.6722   3.763978    32.1197       1598     6.6542     2.6668  0.000e+00
     14.076    12.6720   3.763611    32.1164       1599     6.6583     2.6644  0.000e+00
     14.071    12.6708   3.763349    32.1148       1600     6.6625     2.6623  0.000e+00
     14.065    12.6691   3.763219    32.1151       1601     6.6667     2.6630  0.000e+00
     14.060    12.6673   3.763287    32.1172       1602     6.6708     2.6576  0.000e+00
     14.053    12.6664   3.763505    32.1201       1603     6.6750     2.6628  0.000e+00
     14.024    12.6665   3.762989    32.1151       1604     6.6792     2.6580  0.000e+00
     13.999    12.6653   3.762734    32.1138       1605     6.6833     2.6609  0.000e+00
     13.961    12.6633   3.762647    32.1147       1606     6.6875     2.6634  0.000e+00
     13.905    12.6618   3.762690    32.1163       1607     6.6917     2.6609  0.000e+00
     13.841    12.6610   3.762871    32.1187       1608     6.6958     2.6641  0.000e+00
     13.771    12.6612   3.762808    32.1180       1609     6.7000     2.6635  0.000e+00
     13.686    12.6615   3.762920    32.1188       1610     6.7042     2.6615  0.000e+00
     13.586    12.6620   3.763063    32.1199       1611     6.7083     2.6643  0.000e+00
     13.474    12.6626   3.762715    32.1161       1612     6.7125     2.6690  0.000e+00
     13.356    12.6621   3.762808    32.1174       1613     6.7167     2.6623  0.000e+00
     13.230    12.6617   3.763020    32.1198       1614     6.7208     2.6622  0.000e+00
     13.088    12.6623   3.763610    32.1250       1615     6.7250     2.6628  0.000e+00
     12.949    12.6645   3.763934    32.1263       1616     6.7292     2.6662  0.000e+00
     12.807    12.6672   3.763878    32.1234       1617     6.7333     2.6660  0.000e+00
     12.676    12.6691   3.763424    32.1176       1618     6.7375     2.6665  0.000e+00
     12.554    12.6691   3.763057    32.1141       1619     6.7417     2.6664  0.000e+00
     12.443    12.6672   3.762627    32.1117       1620     6.7458     2.6660  0.000e+00
     12.338    12.6643   3.762690    32.1148       1621     6.7500     2.6673  0.000e+00
     12.252    12.6627   3.762621    32.1156       1622     6.7542     2.6687  0.000e+00
     12.175    12.6618   3.762646    32.1167       1623     6.7583     2.6664  0.000e+00
     12.107    12.6611   3.762509    32.1159       1624     6.7625     2.6659  0.000e+00
     12.046    12.6612   3.762472    32.1155       1625     6.7667     2.6669  0.000e+00
     11.993    12.6604   3.762509    32.1166       1626     6.7708     2.6669  0.000e+00
     11.945    12.6598   3.762459    32.1166       1627     6.7750     2.6665  0.000e+00
