PC2305/sbe034.cnv
* Sea-Bird SBE 19plus V2 Data File:
* FileName = C:\cruise\data\sbe034.hex
* Software Version Seasave V 7.26.7.121
* Temperature SN = 7142
* Conductivity SN = 7142
* System UpLoad Time = Oct 30 2023 05:49:26
** Cruise: PC2205
** Program: ECOMON
# nquan = 8
# nvalues = 3065                                  
# units = specified
# name 0 = depSM: Depth [salt water, m], lat = 40.00
# name 1 = tv290C: Temperature [ITS-90, deg C]
# name 2 = c0S/m: Conductivity [S/m]
# name 3 = sal00: Salinity, Practical [PSU]
# name 4 = scan: Scan Count
# name 5 = timeM: Time, Elapsed [minutes]
# name 6 = sbeox0V: Oxygen raw, SBE 43 [V]
# name 7 = flag:  0.000e+00
# span 0 =     -0.065,     45.258                 
# span 1 =    16.7004,    18.0253                 
# span 2 =   0.000037,   4.336163                 
# span 3 =     0.0091,    33.0062                 
# span 4 =         11,       3075                 
# span 5 =     0.0417,    12.8083                 
# span 6 =     2.5409,     3.0304                 
# span 7 = 0.0000e+00, 0.0000e+00                 
# interval = seconds: 0.25
# start_time = Oct 30 2023 05:49:26 [System UTC, header]
# bad_flag = -9.990e-29
*END*
[from data line 2517]
     18.085    17.1442   4.254390    32.8290       2528    10.5292     2.9171  0.000e+00
     18.085    17.1442   4.254344    32.8287       2529    10.5333     2.9180  0.000e+00
     18.083    17.1442   4.254266    32.8280       2530    10.5375     2.9192  0.000e+00
     18.085    17.1442   4.254344    32.8287       2531    10.5417     2.9194  0.000e+00
     18.085    17.1442   4.254266    32.8280       2532    10.5458     2.9196  0.000e+00
     18.076    17.1441   4.254142    32.8270       2533    10.5500     2.9197  0.000e+00
     18.072    17.1439   4.254168    32.8274       2534    10.5542     2.9213  0.000e+00
     18.054    17.1441   4.254168    32.8273       2535    10.5583     2.9209  0.000e+00
     18.029    17.1439   4.254122    32.8270       2536    10.5625     2.9203  0.000e+00
     18.002    17.1438   4.253926    32.8254       2537    10.5667     2.9211  0.000e+00
     17.973    17.1434   4.253913    32.8256       2538    10.5708     2.9224  0.000e+00
     17.936    17.1430   4.253612    32.8234       2539    10.5750     2.9225  0.000e+00
     17.891    17.1423   4.252971    32.8184       2540    10.5792     2.9223  0.000e+00
     17.851    17.1412   4.253245    32.8217       2541    10.5833     2.9242  0.000e+00
     17.801    17.1424   4.253985    32.8271       2542    10.5875     2.9239  0.000e+00
     17.754    17.1465   4.254266    32.8262       2543    10.5917     2.9252  0.000e+00
     17.707    17.1510   4.254573    32.8253       2544    10.5958     2.9252  0.000e+00
     17.663    17.1549   4.254926    32.8251       2545    10.6000     2.9267  0.000e+00
     17.623    17.1587   4.255129    32.8238       2546    10.6042     2.9271  0.000e+00
     17.583    17.1620   4.255410    32.8236       2547    10.6083     2.9282  0.000e+00
     17.551    17.1652   4.255567    32.8223       2548    10.6125     2.9297  0.000e+00
     17.522    17.1681   4.255580    32.8201       2549    10.6167     2.9301  0.000e+00
     17.494    17.1696   4.255587    32.8189       2550    10.6208     2.9304  0.000e+00
     17.470    17.1708   4.255678    32.8188       2551    10.6250     2.9303  0.000e+00
     17.449    17.1714   4.255717    32.8186       2552    10.6292     2.9300  0.000e+00
     17.429    17.1723   4.255776    32.8184       2553    10.6333     2.9296  0.000e+00
     17.402    17.1729   4.255796    32.8180       2554    10.6375     2.9291  0.000e+00
     17.382    17.1736   4.255776    32.8173       2555    10.6417     2.9298  0.000e+00
     17.355    17.1739   4.255848    32.8177       2556    10.6458     2.9321  0.000e+00
     17.332    17.1748   4.256378    32.8216       2557    10.6500     2.9322  0.000e+00
     17.305    17.1769   4.256627    32.8220       2558    10.6542     2.9327  0.000e+00
     17.278    17.1797   4.256836    32.8215       2559    10.6583     2.9332  0.000e+00
     17.251    17.1832   4.257091    32.8209       2560    10.6625     2.9339  0.000e+00
     17.224    17.1858   4.257170    32.8195       2561    10.6667     2.9339  0.000e+00
     17.195    17.1879   4.257189    32.8180       2562    10.6708     2.9339  0.000e+00
     17.168    17.1890   4.257215    32.8173       2563    10.6750     2.9346  0.000e+00
     17.140    17.1902   4.257379    32.8177       2564    10.6792     2.9339  0.000e+00
     17.122    17.1913   4.257549    32.8183       2565    10.6833     2.9330  0.000e+00
     17.089    17.1928   4.257771    32.8190       2566    10.6875     2.9313  0.000e+00
     17.071    17.1946   4.258288    32.8220       2567    10.6917     2.9292  0.000e+00
     17.052    17.1973   4.258282    32.8198       2568    10.6958     2.9278  0.000e+00
     17.028    17.2001   4.258543    32.8198       2569    10.7000     2.9273  0.000e+00
     17.005    17.2023   4.258864    32.8207       2570    10.7042     2.9264  0.000e+00
     16.980    17.2048   4.258988    32.8198       2571    10.7083     2.9278  0.000e+00
     16.951    17.2071   4.259178    32.8196       2572    10.7125     2.9281  0.000e+00
     16.917    17.2093   4.259328    32.8191       2573    10.7167     2.9281  0.000e+00
     16.877    17.2111   4.259485    32.8190       2574    10.7208     2.9298  0.000e+00
     16.839    17.2131   4.259623    32.8185       2575    10.7250     2.9297  0.000e+00
     16.796    17.2150   4.259760    32.8182       2576    10.7292     2.9311  0.000e+00
     16.757    17.2169   4.259989    32.8187       2577    10.7333     2.9303  0.000e+00
     16.717    17.2189   4.260120    32.8181       2578    10.7375     2.9314  0.000e+00
     16.678    17.2211   4.260231    32.8173       2579    10.7417     2.9322  0.000e+00
     16.645    17.2230   4.260323    32.8166       2580    10.7458     2.9312  0.000e+00
     16.617    17.2245   4.260356    32.8157       2581    10.7500     2.9313  0.000e+00
     16.584    17.2253   4.260375    32.8152       2582    10.7542     2.9293  0.000e+00
     16.561    17.2261   4.260401    32.8148       2583    10.7583     2.9252  0.000e+00
     16.530    17.2266   4.260428    32.8146       2584    10.7625     2.9240  0.000e+00
     16.502    17.2270   4.260500    32.8149       2585    10.7667     2.9223  0.000e+00
     16.469    17.2275   4.260571    32.8152       2586    10.7708     2.9219  0.000e+00
     16.446    17.2281   4.260630    32.8152       2587    10.7750     2.9213  0.000e+00
     16.414    17.2291   4.260840    32.8162       2588    10.7792     2.9223  0.000e+00
     16.388    17.2308   4.261167    32.8176       2589    10.7833     2.9223  0.000e+00
     16.349    17.2337   4.261448    32.8177       2590    10.7875     2.9245  0.000e+00
     16.313    17.2376   4.261625    32.8161       2591    10.7917     2.9240  0.000e+00
     16.286    17.2411   4.261618    32.8132       2592    10.7958     2.9237  0.000e+00
     16.257    17.2437   4.261625    32.8111       2593    10.8000     2.9237  0.000e+00
     16.227    17.2450   4.261769    32.8114       2594    10.8042     2.9258  0.000e+00
     16.200    17.2462   4.261978    32.8122       2595    10.8083     2.9287  0.000e+00
     16.180    17.2485   4.262109    32.8115       2596    10.8125     2.9307  0.000e+00
     16.157    17.2511   4.262129    32.8095       2597    10.8167     2.9324  0.000e+00
     16.142    17.2531   4.262181    32.8083       2598    10.8208     2.9334  0.000e+00
     16.124    17.2545   4.262227    32.8076       2599    10.8250     2.9337  0.000e+00
     16.110    17.2558   4.262286    32.8071       2600    10.8292     2.9355  0.000e+00
     16.097    17.2570   4.262253    32.8058       2601    10.8333     2.9365  0.000e+00
     16.081    17.2574   4.262233    32.8053       2602    10.8375     2.9373  0.000e+00
     16.067    17.2572   4.262279    32.8059       2603    10.8417     2.9397  0.000e+00
     16.043    17.2576   4.262286    32.8056       2604    10.8458     2.9417  0.000e+00
     16.015    17.2580   4.262181    32.8044       2605    10.8500     2.9430  0.000e+00
     15.984    17.2584   4.262155    32.8039       2606    10.8542     2.9442  0.000e+00
     15.950    17.2587   4.262227    32.8043       2607    10.8583     2.9442  0.000e+00
     15.914    17.2588   4.262227    32.8042       2608    10.8625     2.9442  0.000e+00
     15.871    17.2589   4.262338    32.8051       2609    10.8667     2.9440  0.000e+00
     15.824    17.2596   4.262548    32.8063       2610    10.8708     2.9449  0.000e+00
     15.776    17.2620   4.262849    32.8070       2611    10.8750     2.9450  0.000e+00
     15.725    17.2664   4.263032    32.8050       2612    10.8792     2.9461  0.000e+00
     15.680    17.2735   4.263078    32.7996       2613    10.8833     2.9466  0.000e+00
     15.637    17.2787   4.263156    32.7961       2614    10.8875     2.9473  0.000e+00
     15.596    17.2829   4.262848    32.7901       2615    10.8917     2.9479  0.000e+00
     15.560    17.2878   4.263058    32.7880       2616    10.8958     2.9484  0.000e+00
     15.517    17.2918   4.263968    32.7925       2617    10.9000     2.9500  0.000e+00
     15.479    17.2967   4.265519    32.8019       2618    10.9042     2.9522  0.000e+00
     15.447    17.3051   4.265984    32.7991       2619    10.9083     2.9544  0.000e+00
     15.414    17.3133   4.266266    32.7949       2620    10.9125     2.9558  0.000e+00
     15.380    17.3189   4.266324    32.7908       2621    10.9167     2.9611  0.000e+00
     15.350    17.3226   4.266311    32.7877       2622    10.9208     2.9616  0.000e+00
     15.317    17.3245   4.266278    32.7859       2623    10.9250     2.9643  0.000e+00
     15.283    17.3254   4.266442    32.7866       2624    10.9292     2.9632  0.000e+00
     15.249    17.3266   4.268112    32.8000       2625    10.9333     2.9630  0.000e+00
     15.215    17.3325   4.268433    32.7980       2626    10.9375     2.9631  0.000e+00
     15.186    17.3395   4.268525    32.7931       2627    10.9417     2.9639  0.000e+00
     15.159    17.3439   4.268767    32.7916       2628    10.9458     2.9641  0.000e+00
     15.127    17.3471   4.269022    32.7913       2629    10.9500     2.9638  0.000e+00
     15.109    17.3503   4.269723    32.7947       2630    10.9542     2.9647  0.000e+00
     15.084    17.3539   4.270503    32.7984       2631    10.9583     2.9657  0.000e+00
     15.060    17.3591   4.270771    32.7966       2632    10.9625     2.9656  0.000e+00
     15.042    17.3635   4.271040    32.7953       2633    10.9667     2.9651  0.000e+00
     15.024    17.3671   4.271918    32.7999       2634    10.9708     2.9643  0.000e+00
     15.006    17.3722   4.271957    32.7961       2635    10.9750     2.9640  0.000e+00
     14.985    17.3760   4.272533    32.7980       2636    10.9792     2.9639  0.000e+00
     14.963    17.3799   4.273143    32.8001       2637    10.9833     2.9645  0.000e+00
     14.936    17.3847   4.274467    32.8075       2638    10.9875     2.9641  0.000e+00
     14.906    17.3927   4.276033    32.8145       2639    10.9917     2.9633  0.000e+00
     14.875    17.4040   4.277304    32.8162       2640    10.9958     2.9641  0.000e+00
     14.838    17.4167   4.278432    32.8157       2641    11.0000     2.9639  0.000e+00
     14.803    17.4296   4.281127    32.8283       2642    11.0042     2.9636  0.000e+00
     14.771    17.4473   4.287431    32.8680       2643    11.0083     2.9624  0.000e+00
     14.742    17.4825   4.288684    32.8502       2644    11.0125     2.9627  0.000e+00
     14.714    17.5167   4.289024    32.8254       2645    11.0167     2.9639  0.000e+00
     14.678    17.5380   4.289247    32.8101       2646    11.0208     2.9652  0.000e+00
     14.652    17.5502   4.289615    32.8034       2647    11.0250     2.9682  0.000e+00
     14.618    17.5578   4.290100    32.8015       2648    11.0292     2.9679  0.000e+00
     14.595    17.5637   4.290848    32.8031       2649    11.0333     2.9683  0.000e+00
     14.573    17.5698   4.292286    32.8104       2650    11.0375     2.9683  0.000e+00
     14.548    17.5791   4.293500    32.8133       2651    11.0417     2.9677  0.000e+00
     14.521    17.5899   4.293159    32.8017       2652    11.0458     2.9666  0.000e+00
     14.491    17.5970   4.292673    32.7918       2653    11.0500     2.9677  0.000e+00
     14.458    17.6007   4.292863    32.7905       2654    11.0542     2.9683  0.000e+00
     14.419    17.6033   4.294577    32.8030       2655    11.0583     2.9686  0.000e+00
     14.376    17.6106   4.298669    32.8320       2656    11.0625     2.9700  0.000e+00
     14.331    17.6296   4.299634    32.8249       2657    11.0667     2.9712  0.000e+00
     14.280    17.6494   4.299956    32.8117       2658    11.0708     2.9731  0.000e+00
     14.230    17.6625   4.300494    32.8057       2659    11.0750     2.9750  0.000e+00
     14.178    17.6714   4.301407    32.8063       2660    11.0792     2.9762  0.000e+00
     14.129    17.6793   4.303563    32.8184       2661    11.0833     2.9777  0.000e+00
     14.081    17.6902   4.304811    32.8202       2662    11.0875     2.9796  0.000e+00
     14.032    17.7034   4.305922    32.8190       2663    11.0917     2.9802  0.000e+00
     13.995    17.7151   4.307178    32.8203       2664    11.0958     2.9821  0.000e+00
     13.952    17.7262   4.307625    32.8152       2665    11.1000     2.9845  0.000e+00
     13.910    17.7355   4.308262    32.8131       2666    11.1042     2.9871  0.000e+00
     13.864    17.7427   4.308565    32.8100       2667    11.1083     2.9873  0.000e+00
     13.826    17.7483   4.308933    32.8085       2668    11.1125     2.9871  0.000e+00
     13.775    17.7526   4.310018    32.8143       2669    11.1167     2.9882  0.000e+00
     13.734    17.7586   4.312445    32.8301       2670    11.1208     2.9905  0.000e+00
     13.691    17.7702   4.311181    32.8101       2671    11.1250     2.9921  0.000e+00
     13.642    17.7775   4.313194    32.8213       2672    11.1292     2.9963  0.000e+00
     13.596    17.7841   4.313753    32.8208       2673    11.1333     2.9951  0.000e+00
     13.551    17.7916   4.314793    32.8236       2674    11.1375     2.9955  0.000e+00
     13.510    17.7991   4.313562    32.8071       2675    11.1417     2.9971  0.000e+00
     13.474    17.8017   4.314970    32.8170       2676    11.1458     2.9972  0.000e+00
     13.441    17.8047   4.315240    32.8169       2677    11.1500     2.9973  0.000e+00
     13.414    17.8090   4.315391    32.8147       2678    11.1542     2.9977  0.000e+00
     13.389    17.8123   4.315865    32.8161       2679    11.1583     2.9981  0.000e+00
     13.364    17.8152   4.315812    32.8134       2680    11.1625     2.9975  0.000e+00
     13.342    17.8172   4.315990    32.8132       2681    11.1667     2.9957  0.000e+00
     13.324    17.8186   4.315832    32.8107       2682    11.1708     2.9946  0.000e+00
     13.310    17.8192   4.316082    32.8125       2683    11.1750     2.9955  0.000e+00
     13.296    17.8198   4.315759    32.8092       2684    11.1792     2.9957  0.000e+00
     13.274    17.8200   4.315983    32.8110       2685    11.1833     2.9973  0.000e+00
     13.251    17.8198   4.316529    32.8157       2686    11.1875     2.9987  0.000e+00
     13.236    17.8216   4.317207    32.8201       2687    11.1917     2.9998  0.000e+00
     13.213    17.8254   4.316773    32.8134       2688    11.1958     2.9997  0.000e+00
     13.190    17.8272   4.318385    32.8256       2689    11.2000     2.9990  0.000e+00
     13.168    17.8315   4.318010    32.8190       2690    11.2042     2.9995  0.000e+00
     13.139    17.8352   4.317865    32.8148       2691    11.2083     3.0004  0.000e+00
     13.103    17.8366   4.317990    32.8147       2692    11.2125     3.0021  0.000e+00
     13.069    17.8368   4.317674    32.8119       2693    11.2167     3.0041  0.000e+00
     13.028    17.8364   4.318332    32.8178       2694    11.2208     3.0046  0.000e+00
     12.990    17.8377   4.318187    32.8155       2695    11.2250     3.0054  0.000e+00
     12.945    17.8390   4.318661    32.8185       2696    11.2292     3.0054  0.000e+00
     12.900    17.8405   4.319227    32.8222       2697    11.2333     3.0047  0.000e+00
     12.850    17.8438   4.319451    32.8214       2698    11.2375     3.0024  0.000e+00
     12.802    17.8470   4.319872    32.8224       2699    11.2417     3.0014  0.000e+00
     12.751    17.8496   4.319464    32.8169       2700    11.2458     3.0025  0.000e+00
     12.699    17.8509   4.319675    32.8176       2701    11.2500     3.0038  0.000e+00
     12.643    17.8517   4.319971    32.8196       2702    11.2542     3.0033  0.000e+00
     12.586    17.8529   4.319852    32.8176       2703    11.2583     3.0044  0.000e+00
     12.527    17.8538   4.320293    32.8206       2704    11.2625     3.0057  0.000e+00
     12.471    17.8554   4.320965    32.8251       2705    11.2667     3.0053  0.000e+00
     12.417    17.8584   4.320550    32.8192       2706    11.2708     3.0066  0.000e+00
