PC2305/sbe071.cnv
* Sea-Bird SBE 19plus V2 Data File:
* FileName = C:\cruise\data\sbe071.hex
* Software Version Seasave V 7.26.7.121
* Temperature SN = 7142
* Conductivity SN = 7142
* System UpLoad Time = Nov 03 2023 04:51:56
** Cruise: PC2205
** Program: ECOMON
# nquan = 8
# nvalues = 1377                                  
# units = specified
# name 0 = depSM: Depth [salt water, m], lat = 40.00
# name 1 = tv290C: Temperature [ITS-90, deg C]
# name 2 = c0S/m: Conductivity [S/m]
# name 3 = sal00: Salinity, Practical [PSU]
# name 4 = scan: Scan Count
# name 5 = timeM: Time, Elapsed [minutes]
# name 6 = sbeox0V: Oxygen raw, SBE 43 [V]
# name 7 = flag:  0.000e+00
# span 0 =      0.073,     45.433                 
# span 1 =     8.2165,    15.6396                 
# span 2 =   0.000026,   4.049703                 
# span 3 =     0.0040,    32.4070                 
# span 4 =         11,       1387                 
# span 5 =     0.0417,     5.7750                 
# span 6 =     1.7320,     3.1286                 
# span 7 = 0.0000e+00, 0.0000e+00                 
# interval = seconds: 0.25
# start_time = Nov 03 2023 04:51:56 [System UTC, header]
# bad_flag = -9.990e-29
*END*
[from data line 540]
     39.163    15.6274   4.004433    31.8652        551     2.2917     2.5361  0.000e+00
     39.097    15.6274   4.004127    31.8626        552     2.2958     2.5435  0.000e+00
     39.027    15.6271   4.003840    31.8603        553     2.3000     2.5480  0.000e+00
     38.953    15.6266   4.002519    31.8490        554     2.3042     2.5547  0.000e+00
     38.883    15.6256   4.001856    31.8440        555     2.3083     2.5586  0.000e+00
     38.815    15.6242   4.001358    31.8407        556     2.3125     2.5627  0.000e+00
     38.754    15.6226   4.000351    31.8330        557     2.3167     2.5666  0.000e+00
     38.696    15.6205   4.000019    31.8318        558     2.3208     2.5696  0.000e+00
     38.646    15.6185   3.999828    31.8318        559     2.3250     2.5747  0.000e+00
     38.597    15.6173   3.999643    31.8311        560     2.3292     2.5800  0.000e+00
     38.552    15.6160   3.999451    31.8305        561     2.3333     2.5864  0.000e+00
     38.515    15.6150   3.999241    31.8294        562     2.3375     2.5925  0.000e+00
     38.466    15.6144   3.999145    31.8291        563     2.3417     2.5998  0.000e+00
     38.428    15.6136   3.998935    31.8279        564     2.3458     2.6055  0.000e+00
     38.378    15.6130   3.998623    31.8257        565     2.3500     2.6104  0.000e+00
     38.328    15.6120   3.998227    31.8229        566     2.3542     2.6156  0.000e+00
     38.274    15.6111   3.997991    31.8216        567     2.3583     2.6191  0.000e+00
     38.227    15.6104   3.997685    31.8195        568     2.3625     2.6229  0.000e+00
     38.164    15.6093   3.997207    31.8162        569     2.3667     2.6282  0.000e+00
     38.094    15.6082   3.997022    31.8154        570     2.3708     2.6330  0.000e+00
     38.029    15.6069   3.996952    31.8159        571     2.3750     2.6376  0.000e+00
     37.959    15.6064   3.996761    31.8146        572     2.3792     2.6408  0.000e+00
     37.896    15.6062   3.996672    31.8140        573     2.3833     2.6441  0.000e+00
     37.830    15.6063   3.996385    31.8113        574     2.3875     2.6487  0.000e+00
     37.763    15.6059   3.996149    31.8097        575     2.3917     2.6546  0.000e+00
     37.709    15.6054   3.994052    31.7914        576     2.3958     2.6599  0.000e+00
     37.646    15.6025   3.992095    31.7765        577     2.4000     2.6632  0.000e+00
     37.591    15.5970   3.990853    31.7699        578     2.4042     2.6677  0.000e+00
     37.530    15.5915   3.989649    31.7637        579     2.4083     2.6688  0.000e+00
     37.474    15.5866   3.989509    31.7664        580     2.4125     2.6718  0.000e+00
     37.418    15.5832   3.989254    31.7669        581     2.4167     2.6748  0.000e+00
     37.368    15.5810   3.989203    31.7682        582     2.4208     2.6795  0.000e+00
     37.310    15.5797   3.989063    31.7681        583     2.4250     2.6865  0.000e+00
     37.253    15.5786   3.988968    31.7681        584     2.4292     2.6945  0.000e+00
     37.204    15.5779   3.988993    31.7689        585     2.4333     2.7037  0.000e+00
     37.150    15.5776   3.989063    31.7698        586     2.4375     2.7122  0.000e+00
     37.093    15.5776   3.989038    31.7696        587     2.4417     2.7189  0.000e+00
     37.042    15.5776   3.988853    31.7679        588     2.4458     2.7263  0.000e+00
     36.992    15.5773   3.988802    31.7678        589     2.4500     2.7309  0.000e+00
     36.938    15.5769   3.988821    31.7683        590     2.4542     2.7372  0.000e+00
     36.886    15.5767   3.988948    31.7696        591     2.4583     2.7395  0.000e+00
     36.834    15.5768   3.988878    31.7689        592     2.4625     2.7419  0.000e+00
     36.778    15.5768   3.988923    31.7693        593     2.4667     2.7447  0.000e+00
     36.719    15.5768   3.988878    31.7690        594     2.4708     2.7473  0.000e+00
     36.656    15.5765   3.988662    31.7673        595     2.4750     2.7494  0.000e+00
     36.591    15.5757   3.988171    31.7636        596     2.4792     2.7504  0.000e+00
     36.527    15.5749   3.988050    31.7632        597     2.4833     2.7526  0.000e+00
     36.455    15.5738   3.988076    31.7644        598     2.4875     2.7562  0.000e+00
     36.381    15.5734   3.988006    31.7641        599     2.4917     2.7564  0.000e+00
     36.315    15.5731   3.987980    31.7641        600     2.4958     2.7582  0.000e+00
     36.237    15.5728   3.988031    31.7649        601     2.5000     2.7589  0.000e+00
     36.171    15.5728   3.988005    31.7646        602     2.5042     2.7614  0.000e+00
     36.104    15.5728   3.988031    31.7649        603     2.5083     2.7630  0.000e+00
     36.038    15.5731   3.988031    31.7647        604     2.5125     2.7640  0.000e+00
     35.969    15.5734   3.988005    31.7642        605     2.5167     2.7652  0.000e+00
     35.905    15.5732   3.987961    31.7640        606     2.5208     2.7649  0.000e+00
     35.836    15.5730   3.985961    31.7464        607     2.5250     2.7649  0.000e+00
     35.768    15.5684   3.984363    31.7360        608     2.5292     2.7663  0.000e+00
     35.703    15.5588   3.981365    31.7171        609     2.5333     2.7661  0.000e+00
     35.635    15.5471   3.976739    31.6854        610     2.5375     2.7661  0.000e+00
     35.570    15.5250   3.977585    31.7108        611     2.5417     2.7647  0.000e+00
     35.509    15.5104   3.978215    31.7282        612     2.5458     2.7655  0.000e+00
     35.448    15.5043   3.977700    31.7285        613     2.5500     2.7665  0.000e+00
     35.387    15.5015   3.977935    31.7329        614     2.5542     2.7701  0.000e+00
     35.337    15.5006   3.978145    31.7355        615     2.5583     2.7726  0.000e+00
     35.276    15.5015   3.978495    31.7380        616     2.5625     2.7757  0.000e+00
     35.213    15.5024   3.978565    31.7378        617     2.5667     2.7795  0.000e+00
     35.150    15.5036   3.979011    31.7409        618     2.5708     2.7807  0.000e+00
     35.089    15.5055   3.980232    31.7502        619     2.5750     2.7816  0.000e+00
     35.024    15.5097   3.981098    31.7545        620     2.5792     2.7843  0.000e+00
     34.959    15.5153   3.981594    31.7544        621     2.5833     2.7864  0.000e+00
     34.895    15.5205   3.980938    31.7445        622     2.5875     2.7884  0.000e+00
     34.825    15.5226   3.982224    31.7543        623     2.5917     2.7899  0.000e+00
     34.754    15.5251   3.981849    31.7489        624     2.5958     2.7910  0.000e+00
     34.683    15.5278   3.979468    31.7256        625     2.6000     2.7913  0.000e+00
     34.616    15.5230   3.976433    31.7026        626     2.6042     2.7913  0.000e+00
     34.553    15.5102   3.976484    31.7133        627     2.6083     2.7898  0.000e+00
     34.487    15.5003   3.976669    31.7230        628     2.6125     2.7862  0.000e+00
     34.429    15.4953   3.976294    31.7236        629     2.6167     2.7853  0.000e+00
     34.364    15.4922   3.976415    31.7272        630     2.6208     2.7858  0.000e+00
     34.301    15.4907   3.976739    31.7314        631     2.6250     2.7861  0.000e+00
     34.242    15.4908   3.976860    31.7324        632     2.6292     2.7874  0.000e+00
     34.199    15.4923   3.977528    31.7371        633     2.6333     2.7897  0.000e+00
     34.145    15.4940   3.977534    31.7358        634     2.6375     2.7924  0.000e+00
     34.093    15.4961   3.978170    31.7398        635     2.6417     2.7935  0.000e+00
     34.050    15.4983   3.977490    31.7320        636     2.6458     2.7932  0.000e+00
     34.007    15.4988   3.976809    31.7256        637     2.6500     2.7926  0.000e+00
     33.971    15.4970   3.977629    31.7343        638     2.6542     2.7926  0.000e+00
     33.931    15.4968   3.977604    31.7343        639     2.6583     2.7925  0.000e+00
     33.881    15.4977   3.977356    31.7314        640     2.6625     2.7945  0.000e+00
     33.840    15.4975   3.977279    31.7309        641     2.6667     2.7942  0.000e+00
     33.786    15.4971   3.977184    31.7303        642     2.6708     2.7956  0.000e+00
     33.735    15.4967   3.977019    31.7293        643     2.6750     2.7945  0.000e+00
     33.683    15.4960   3.977114    31.7306        644     2.6792     2.7942  0.000e+00
     33.624    15.4956   3.977019    31.7301        645     2.6833     2.7958  0.000e+00
     33.557    15.4954   3.976999    31.7302        646     2.6875     2.7956  0.000e+00
     33.496    15.4949   3.976999    31.7306        647     2.6917     2.7960  0.000e+00
     33.430    15.4947   3.977088    31.7316        648     2.6958     2.7966  0.000e+00
     33.354    15.4949   3.976949    31.7302        649     2.7000     2.7964  0.000e+00
     33.277    15.4949   3.976859    31.7294        650     2.7042     2.7978  0.000e+00
     33.196    15.4945   3.976834    31.7296        651     2.7083     2.7975  0.000e+00
     33.112    15.4937   3.976554    31.7278        652     2.7125     2.7993  0.000e+00
     33.027    15.4932   3.977515    31.7367        653     2.7167     2.8001  0.000e+00
     32.939    15.4949   3.980206    31.7593        654     2.7208     2.8006  0.000e+00
     32.847    15.5026   3.978450    31.7376        655     2.7250     2.8013  0.000e+00
     32.765    15.5062   3.977234    31.7238        656     2.7292     2.8020  0.000e+00
     32.684    15.5027   3.976713    31.7221        657     2.7333     2.8016  0.000e+00
     32.606    15.4990   3.979716    31.7518        658     2.7375     2.8001  0.000e+00
     32.526    15.5020   3.981759    31.7675        659     2.7417     2.7989  0.000e+00
     32.463    15.5121   3.979856    31.7425        660     2.7458     2.7979  0.000e+00
     32.398    15.5165   3.980047    31.7407        661     2.7500     2.7963  0.000e+00
     32.326    15.5169   3.979506    31.7356        662     2.7542     2.7977  0.000e+00
     32.260    15.5154   3.977393    31.7180        663     2.7583     2.7982  0.000e+00
     32.215    15.5098   3.976477    31.7144        664     2.7625     2.7980  0.000e+00
     32.159    15.5020   3.976458    31.7206        665     2.7667     2.7955  0.000e+00
     32.110    15.4965   3.976668    31.7269        666     2.7708     2.7948  0.000e+00
     32.067    15.4944   3.978335    31.7434        667     2.7750     2.7947  0.000e+00
     32.021    15.4971   3.978310    31.7410        668     2.7792     2.7945  0.000e+00
     31.981    15.4998   3.976528    31.7230        669     2.7833     2.7947  0.000e+00
     31.938    15.4975   3.976318    31.7230        670     2.7875     2.7952  0.000e+00
     31.906    15.4946   3.976477    31.7268        671     2.7917     2.7962  0.000e+00
     31.864    15.4928   3.976484    31.7283        672     2.7958     2.7961  0.000e+00
     31.832    15.4917   3.976248    31.7271        673     2.8000     2.7974  0.000e+00
     31.801    15.4908   3.976503    31.7301        674     2.8042     2.7952  0.000e+00
     31.764    15.4907   3.976458    31.7298        675     2.8083     2.7965  0.000e+00
     31.728    15.4912   3.977228    31.7363        676     2.8125     2.7963  0.000e+00
     31.684    15.4930   3.977769    31.7396        677     2.8167     2.7970  0.000e+00
     31.643    15.4963   3.980467    31.7610        678     2.8208     2.7978  0.000e+00
     31.604    15.5033   3.982764    31.7758        679     2.8250     2.7994  0.000e+00
     31.557    15.5185   3.981262    31.7502        680     2.8292     2.8011  0.000e+00
     31.512    15.5234   3.976388    31.7029        681     2.8333     2.8022  0.000e+00
     31.467    15.5128   3.977838    31.7244        682     2.8375     2.8021  0.000e+00
     31.420    15.5049   3.976598    31.7197        683     2.8417     2.8001  0.000e+00
     31.365    15.4999   3.976572    31.7236        684     2.8458     2.7998  0.000e+00
     31.311    15.4956   3.976948    31.7303        685     2.8500     2.7974  0.000e+00
     31.253    15.4945   3.976083    31.7236        686     2.8542     2.7979  0.000e+00
     31.190    15.4921   3.976324    31.7277        687     2.8583     2.7972  0.000e+00
     31.122    15.4908   3.977603    31.7402        688     2.8625     2.7974  0.000e+00
     31.059    15.4928   3.977018    31.7333        689     2.8667     2.7988  0.000e+00
     30.994    15.4942   3.976057    31.7237        690     2.8708     2.7981  0.000e+00
     30.921    15.4924   3.976292    31.7272        691     2.8750     2.7987  0.000e+00
     30.845    15.4910   3.976528    31.7305        692     2.8792     2.7957  0.000e+00
     30.768    15.4905   3.976623    31.7318        693     2.8833     2.7959  0.000e+00
     30.694    15.4909   3.976324    31.7289        694     2.8875     2.7958  0.000e+00
     30.615    15.4906   3.976502    31.7307        695     2.8917     2.7966  0.000e+00
     30.536    15.4911   3.976763    31.7326        696     2.8958     2.7965  0.000e+00
     30.453    15.4923   3.977724    31.7403        697     2.9000     2.7975  0.000e+00
     30.381    15.4949   3.977488    31.7361        698     2.9042     2.7992  0.000e+00
     30.309    15.4970   3.977278    31.7326        699     2.9083     2.7997  0.000e+00
     30.248    15.4977   3.977278    31.7320        700     2.9125     2.8000  0.000e+00
     30.193    15.4976   3.977374    31.7330        701     2.9167     2.8003  0.000e+00
     30.144    15.4981   3.977653    31.7351        702     2.9208     2.8005  0.000e+00
     30.094    15.4983   3.977698    31.7353        703     2.9250     2.7996  0.000e+00
     30.056    15.4986   3.977793    31.7360        704     2.9292     2.7988  0.000e+00
     30.015    15.4991   3.977672    31.7345        705     2.9333     2.7990  0.000e+00
     29.973    15.4990   3.977488    31.7329        706     2.9375     2.7993  0.000e+00
     29.941    15.4986   3.977323    31.7318        707     2.9417     2.7974  0.000e+00
     29.903    15.4979   3.977959    31.7380        708     2.9458     2.7969  0.000e+00
     29.867    15.4981   3.978283    31.7408        709     2.9500     2.7966  0.000e+00
     29.837    15.4997   3.978315    31.7398        710     2.9542     2.7948  0.000e+00
     29.797    15.5012   3.977418    31.7306        711     2.9583     2.7947  0.000e+00
     29.758    15.5007   3.977889    31.7352        712     2.9625     2.7945  0.000e+00
     29.723    15.5006   3.977443    31.7314        713     2.9667     2.7935  0.000e+00
     29.691    15.4999   3.976737    31.7257        714     2.9708     2.7922  0.000e+00
     29.652    15.4982   3.976457    31.7245        715     2.9750     2.7942  0.000e+00
     29.610    15.4960   3.976527    31.7270        716     2.9792     2.7953  0.000e+00
     29.563    15.4945   3.976794    31.7306        717     2.9833     2.7949  0.000e+00
     29.520    15.4943   3.977373    31.7359        718     2.9875     2.7954  0.000e+00
     29.474    15.4958   3.978989    31.7491        719     2.9917     2.7951  0.000e+00
     29.427    15.5011   3.979129    31.7461        720     2.9958     2.7977  0.000e+00
     29.375    15.5058   3.978588    31.7375        721     3.0000     2.7988  0.000e+00
     29.333    15.5073   3.978117    31.7321        722     3.0042     2.8018  0.000e+00
     29.285    15.5062   3.977443    31.7270        723     3.0083     2.8013  0.000e+00
     29.247    15.5038   3.979034    31.7431        724     3.0125     2.8027  0.000e+00
     29.199    15.5049   3.979078    31.7426        725     3.0167     2.8008  0.000e+00
     29.152    15.5069   3.977348    31.7256        726     3.0208     2.7997  0.000e+00
     29.105    15.5052   3.978824    31.7401        727     3.0250     2.7990  0.000e+00
     29.053    15.5047   3.978404    31.7368        728     3.0292     2.7984  0.000e+00
     28.994    15.5060   3.976998    31.7233        729     3.0333     2.7974  0.000e+00
