PC2305/sbe083.cnv
* Sea-Bird SBE 19plus V2 Data File:
* FileName = C:\cruise\data\sbe083.hex
* Software Version Seasave V 7.26.7.121
* Temperature SN = 7142
* Conductivity SN = 7142
* System UpLoad Time = Nov 04 2023 04:57:45
** Cruise: PC2205
** Program: ECOMON
# nquan = 8
# nvalues = 1538                                  
# units = specified
# name 0 = depSM: Depth [salt water, m], lat = 40.00
# name 1 = tv290C: Temperature [ITS-90, deg C]
# name 2 = c0S/m: Conductivity [S/m]
# name 3 = sal00: Salinity, Practical [PSU]
# name 4 = scan: Scan Count
# name 5 = timeM: Time, Elapsed [minutes]
# name 6 = sbeox0V: Oxygen raw, SBE 43 [V]
# name 7 = flag:  0.000e+00
# span 0 =      0.057,     55.604                 
# span 1 =    12.9566,    13.7611                 
# span 2 =   0.000045,   3.858319                 
# span 3 =     0.0067,    32.1133                 
# span 4 =         11,       1548                 
# span 5 =     0.0417,     6.4458                 
# span 6 =     2.0959,     2.7385                 
# span 7 = 0.0000e+00, 0.0000e+00                 
# interval = seconds: 0.25
# start_time = Nov 04 2023 04:57:45 [System UTC, header]
# bad_flag = -9.990e-29
*END*
[from data line 1439]
      6.268    13.7169   3.850228    32.0498       1450     6.0375     2.7342  0.000e+00
      6.205    13.7175   3.850279    32.0498       1451     6.0417     2.7350  0.000e+00
      6.142    13.7179   3.850323    32.0500       1452     6.0458     2.7353  0.000e+00
      6.072    13.7182   3.850279    32.0493       1453     6.0500     2.7340  0.000e+00
      5.991    13.7183   3.850228    32.0488       1454     6.0542     2.7321  0.000e+00
      5.901    13.7183   3.849996    32.0467       1455     6.0583     2.7298  0.000e+00
      5.808    13.7174   3.850115    32.0485       1456     6.0625     2.7285  0.000e+00
      5.713    13.7171   3.850140    32.0491       1457     6.0667     2.7267  0.000e+00
      5.621    13.7174   3.850253    32.0500       1458     6.0708     2.7244  0.000e+00
      5.546    13.7178   3.850548    32.0524       1459     6.0750     2.7232  0.000e+00
      5.474    13.7189   3.850322    32.0494       1460     6.0792     2.7224  0.000e+00
      5.411    13.7193   3.850341    32.0493       1461     6.0833     2.7208  0.000e+00
      5.348    13.7194   3.850416    32.0499       1462     6.0875     2.7199  0.000e+00
      5.276    13.7194   3.850322    32.0491       1463     6.0917     2.7196  0.000e+00
      5.215    13.7193   3.850278    32.0487       1464     6.0958     2.7181  0.000e+00
      5.150    13.7191   3.850159    32.0479       1465     6.1000     2.7166  0.000e+00
      5.080    13.7185   3.849958    32.0465       1466     6.1042     2.7162  0.000e+00
      5.005    13.7180   3.849876    32.0462       1467     6.1083     2.7169  0.000e+00
      4.933    13.7172   3.850209    32.0499       1468     6.1125     2.7181  0.000e+00
      4.857    13.7175   3.850203    32.0497       1469     6.1167     2.7178  0.000e+00
      4.786    13.7183   3.850002    32.0472       1470     6.1208     2.7178  0.000e+00
      4.710    13.7180   3.850014    32.0476       1471     6.1250     2.7168  0.000e+00
      4.642    13.7178   3.849958    32.0472       1472     6.1292     2.7181  0.000e+00
      4.579    13.7173   3.849958    32.0477       1473     6.1333     2.7186  0.000e+00
      4.514    13.7170   3.849901    32.0474       1474     6.1375     2.7204  0.000e+00
      4.448    13.7168   3.848966    32.0390       1475     6.1417     2.7215  0.000e+00
      4.383    13.7146   3.848884    32.0400       1476     6.1458     2.7223  0.000e+00
      4.324    13.7119   3.848903    32.0425       1477     6.1500     2.7222  0.000e+00
      4.268    13.7105   3.848928    32.0440       1478     6.1542     2.7231  0.000e+00
      4.216    13.7096   3.848903    32.0445       1479     6.1583     2.7231  0.000e+00
      4.164    13.7089   3.849060    32.0466       1480     6.1625     2.7234  0.000e+00
      4.110    13.7090   3.849192    32.0477       1481     6.1667     2.7234  0.000e+00
      4.054    13.7097   3.849330    32.0484       1482     6.1708     2.7231  0.000e+00
      4.004    13.7105   3.849261    32.0471       1483     6.1750     2.7256  0.000e+00
      3.941    13.7112   3.849261    32.0466       1484     6.1792     2.7257  0.000e+00
      3.871    13.7114   3.849116    32.0451       1485     6.1833     2.7263  0.000e+00
      3.783    13.7111   3.849374    32.0478       1486     6.1875     2.7260  0.000e+00
      3.682    13.7115   3.849167    32.0456       1487     6.1917     2.7260  0.000e+00
      3.567    13.7116   3.849173    32.0456       1488     6.1958     2.7265  0.000e+00
      3.468    13.7112   3.849016    32.0445       1489     6.2000     2.7263  0.000e+00
      3.384    13.7109   3.848978    32.0445       1490     6.2042     2.7258  0.000e+00
      3.328    13.7102   3.848721    32.0427       1491     6.2083     2.7262  0.000e+00
      3.299    13.7090   3.848740    32.0438       1492     6.2125     2.7265  0.000e+00
      3.292    13.7083   3.848721    32.0443       1493     6.2167     2.7271  0.000e+00
      3.272    13.7077   3.848601    32.0437       1494     6.2208     2.7268  0.000e+00
      3.253    13.7070   3.848338    32.0418       1495     6.2250     2.7256  0.000e+00
      3.229    13.7055   3.847917    32.0392       1496     6.2292     2.7253  0.000e+00
      3.211    13.7031   3.847459    32.0369       1497     6.2333     2.7247  0.000e+00
      3.183    13.7000   3.847032    32.0356       1498     6.2375     2.7240  0.000e+00
      3.132    13.6962   3.846900    32.0376       1499     6.2417     2.7230  0.000e+00
      3.035    13.6933   3.846668    32.0379       1500     6.2458     2.7246  0.000e+00
      2.875    13.6911   3.846668    32.0397       1501     6.2500     2.7268  0.000e+00
      2.701    13.6897   3.846831    32.0425       1502     6.2542     2.7276  0.000e+00
      2.539    13.6896   3.846900    32.0433       1503     6.2583     2.7298  0.000e+00
      2.426    13.6902   3.846988    32.0437       1504     6.2625     2.7299  0.000e+00
      2.356    13.6912   3.846950    32.0425       1505     6.2667     2.7311  0.000e+00
      2.325    13.6914   3.846875    32.0416       1506     6.2708     2.7324  0.000e+00
      2.307    13.6913   3.846963    32.0426       1507     6.2750     2.7328  0.000e+00
      2.282    13.6916   3.846994    32.0426       1508     6.2792     2.7320  0.000e+00
      2.266    13.6917   3.846988    32.0425       1509     6.2833     2.7330  0.000e+00
      2.257    13.6920   3.846969    32.0421       1510     6.2875     2.7323  0.000e+00
      2.245    13.6919   3.846831    32.0409       1511     6.2917     2.7312  0.000e+00
      2.227    13.6914   3.846806    32.0411       1512     6.2958     2.7313  0.000e+00
      2.157    13.6910   3.846423    32.0379       1513     6.3000     2.7301  0.000e+00
      2.007    13.6891   3.846285    32.0382       1514     6.3042     2.7305  0.000e+00
      1.819    13.6873   3.846467    32.0415       1515     6.3083     2.7314  0.000e+00
      1.635    13.6867   3.846875    32.0459       1516     6.3125     2.7325  0.000e+00
      1.488    13.6880   3.847421    32.0499       1517     6.3167     2.7337  0.000e+00
      1.411    13.6910   3.847007    32.0436       1518     6.3208     2.7338  0.000e+00
      1.396    13.6922   3.847233    32.0446       1519     6.3250     2.7342  0.000e+00
      1.420    13.6932   3.847346    32.0449       1520     6.3292     2.7334  0.000e+00
      1.452    13.6942   3.847490    32.0453       1521     6.3333     2.7328  0.000e+00
      1.490    13.6951   3.847502    32.0447       1522     6.3375     2.7322  0.000e+00
      1.510    13.6960   3.847396    32.0430       1523     6.3417     2.7309  0.000e+00
      1.513    13.6962   3.847276    32.0417       1524     6.3458     2.7295  0.000e+00
      1.526    13.6957   3.847189    32.0413       1525     6.3500     2.7289  0.000e+00
      1.510    13.6951   3.847138    32.0413       1526     6.3542     2.7274  0.000e+00
      1.445    13.6946   3.847120    32.0416       1527     6.3583     2.7268  0.000e+00
      1.325    13.6943   3.847352    32.0440       1528     6.3625     2.7280  0.000e+00
      1.186    13.6950   3.847276    32.0428       1529     6.3667     2.7292  0.000e+00
      1.060    13.6954   3.847063    32.0406       1530     6.3708     2.7304  0.000e+00
      0.935    13.6948   3.846762    32.0383       1531     6.3750     2.7311  0.000e+00
      0.803    13.6932   3.846900    32.0410       1532     6.3792     2.7313  0.000e+00
      0.661    13.6922   3.847144    32.0441       1533     6.3833     2.7319  0.000e+00
      0.552    13.6929   3.846736    32.0398       1534     6.3875     2.7334  0.000e+00
      0.532    13.6922   3.846404    32.0373       1535     6.3917     2.7328  0.000e+00
      0.602    13.6899   3.846241    32.0377       1536     6.3958     2.7320  0.000e+00
      0.658    13.6877   3.846479    32.0417       1537     6.4000     2.7305  0.000e+00
      0.669    13.6871   3.846561    32.0430       1538     6.4042     2.7271  0.000e+00
      0.681    13.6876   3.846335    32.0405       1539     6.4083     2.7269  0.000e+00
      0.662    13.6869   3.845908    32.0371       1540     6.4125     2.7258  0.000e+00
      0.600    13.6846   3.845463    32.0349       1541     6.4167     2.7257  0.000e+00
      0.514    13.6815   3.845230    32.0354       1542     6.4208     2.7271  0.000e+00
      0.498    13.6785   3.845318    32.0387       1543     6.4250     2.7284  0.000e+00
      0.493    13.6764   3.845463    32.0418       1544     6.4292     2.7293  0.000e+00
      0.498    13.6767   3.845544    32.0424       1545     6.4333     2.7298  0.000e+00
      0.476    13.6771   3.845557    32.0421       1546     6.4375     2.7310  0.000e+00
      0.367    13.6776   3.845412    32.0405       1547     6.4417     2.7312  0.000e+00
      0.155    13.6772   3.845274    32.0396       1548     6.4458     2.7317  0.000e+00
