PC2305/sbe039.cnv
* Sea-Bird SBE 19plus V2 Data File:
* FileName = C:\cruise\data\sbe039.hex
* Software Version Seasave V 7.26.7.121
* Temperature SN = 7142
* Conductivity SN = 7142
* System UpLoad Time = Oct 30 2023 14:23:48
** Cruise: PC2205
** Program: ECOMON
# nquan = 8
# nvalues = 2516                                  
# units = specified
# name 0 = depSM: Depth [salt water, m], lat = 40.00
# name 1 = tv290C: Temperature [ITS-90, deg C]
# name 2 = c0S/m: Conductivity [S/m]
# name 3 = sal00: Salinity, Practical [PSU]
# name 4 = scan: Scan Count
# name 5 = timeM: Time, Elapsed [minutes]
# name 6 = sbeox0V: Oxygen raw, SBE 43 [V]
# name 7 = flag:  0.000e+00
# span 0 =     -0.093,    111.400                 
# span 1 =    10.1646,    18.1263                 
# span 2 =   0.000045,   4.227713                 
# span 3 =     0.0091,    35.4590                 
# span 4 =         11,       2526                 
# span 5 =     0.0417,    10.5208                 
# span 6 =     1.9534,     3.0185                 
# span 7 = 0.0000e+00, 0.0000e+00                 
# interval = seconds: 0.25
# start_time = Oct 30 2023 14:23:48 [System UTC, header]
# bad_flag = -9.990e-29
*END*
[from data line 180]
     22.004    16.4125   4.146531    32.4866        191     0.7917     2.5272  0.000e+00
     22.151    16.3943   4.145010    32.4881        192     0.7958     2.5239  0.000e+00
     22.309    16.3765   4.142869    32.4838        193     0.8000     2.5223  0.000e+00
     22.467    16.3555   4.140308    32.4784        194     0.8042     2.5228  0.000e+00
     22.638    16.3346   4.137159    32.4678        195     0.8083     2.5276  0.000e+00
     22.812    16.3186   4.136079    32.4712        196     0.8125     2.5327  0.000e+00
     22.994    16.2980   4.135711    32.4848        197     0.8167     2.5416  0.000e+00
     23.175    16.2780   4.135149    32.4961        198     0.8208     2.5498  0.000e+00
     23.369    16.2616   4.134173    32.5008        199     0.8250     2.5573  0.000e+00
     23.563    16.2483   4.133501    32.5058        200     0.8292     2.5645  0.000e+00
     23.765    16.2396   4.133210    32.5102        201     0.8333     2.5693  0.000e+00
     23.968    16.2286   4.132668    32.5143        202     0.8375     2.5699  0.000e+00
     24.174    16.2214   4.132131    32.5154        203     0.8417     2.5700  0.000e+00
     24.376    16.2187   4.131957    32.5161        204     0.8458     2.5692  0.000e+00
     24.572    16.2131   4.131931    32.5203        205     0.8500     2.5661  0.000e+00
     24.755    16.2053   4.132229    32.5293        206     0.8542     2.5618  0.000e+00
     24.933    16.1973   4.132113    32.5347        207     0.8583     2.5550  0.000e+00
     25.109    16.1941   4.132003    32.5363        208     0.8625     2.5485  0.000e+00
     25.274    16.1916   4.131512    32.5339        209     0.8667     2.5411  0.000e+00
     25.438    16.1873   4.131467    32.5370        210     0.8708     2.5342  0.000e+00
     25.603    16.1825   4.131473    32.5410        211     0.8750     2.5248  0.000e+00
     25.774    16.1782   4.131170    32.5417        212     0.8792     2.5190  0.000e+00
     25.943    16.1728   4.131247    32.5467        213     0.8833     2.5145  0.000e+00
     26.119    16.1691   4.131390    32.5509        214     0.8875     2.5116  0.000e+00
     26.293    16.1671   4.131526    32.5538        215     0.8917     2.5121  0.000e+00
     26.460    16.1645   4.131564    32.5561        216     0.8958     2.5165  0.000e+00
     26.629    16.1620   4.131862    32.5607        217     0.9000     2.5215  0.000e+00
     26.798    16.1639   4.132230    32.5623        218     0.9042     2.5277  0.000e+00
     26.962    16.1632   4.132696    32.5670        219     0.9083     2.5331  0.000e+00
     27.125    16.1603   4.133006    32.5720        220     0.9125     2.5379  0.000e+00
     27.289    16.1582   4.133452    32.5776        221     0.9167     2.5437  0.000e+00
     27.452    16.1566   4.134267    32.5860        222     0.9208     2.5475  0.000e+00
     27.618    16.1569   4.141373    32.6482        223     0.9250     2.5515  0.000e+00
     27.789    16.1661   4.159858    32.8033        224     0.9292     2.5532  0.000e+00
     27.965    16.1976   4.161167    32.7887        225     0.9333     2.5573  0.000e+00
     28.143    16.2272   4.162229    32.7737        226     0.9375     2.5752  0.000e+00
     28.330    16.2464   4.162553    32.7606        227     0.9417     2.6042  0.000e+00
     28.520    16.2580   4.162800    32.7532        228     0.9458     2.6373  0.000e+00
     28.712    16.2645   4.163026    32.7497        229     0.9500     2.6677  0.000e+00
     28.910    16.2686   4.163454    32.7501        230     0.9542     2.6913  0.000e+00
     29.106    16.2717   4.164310    32.7550        231     0.9583     2.7098  0.000e+00
     29.298    16.2754   4.164933    32.7573        232     0.9625     2.7236  0.000e+00
     29.489    16.2800   4.165211    32.7559        233     0.9667     2.7342  0.000e+00
     29.672    16.2834   4.165944    32.7594        234     0.9708     2.7434  0.000e+00
     29.855    16.2871   4.166593    32.7620        235     0.9750     2.7511  0.000e+00
     30.031    16.2913   4.166891    32.7611        236     0.9792     2.7586  0.000e+00
     30.200    16.2945   4.167261    32.7617        237     0.9833     2.7624  0.000e+00
     30.373    16.2974   4.167955    32.7653        238     0.9875     2.7654  0.000e+00
     30.544    16.3007   4.168824    32.7702        239     0.9917     2.7690  0.000e+00
     30.705    16.3049   4.169505    32.7726        240     0.9958     2.7704  0.000e+00
     30.878    16.3094   4.169991    32.7731        241     1.0000     2.7718  0.000e+00
     31.041    16.3135   4.170465    32.7739        242     1.0042     2.7718  0.000e+00
     31.207    16.3169   4.171282    32.7782        243     1.0083     2.7712  0.000e+00
     31.367    16.3210   4.172775    32.7879        244     1.0125     2.7697  0.000e+00
     31.525    16.3266   4.173664    32.7910        245     1.0167     2.7689  0.000e+00
     31.687    16.3332   4.174300    32.7911        246     1.0208     2.7689  0.000e+00
     31.847    16.3391   4.174734    32.7900        247     1.0250     2.7682  0.000e+00
     32.010    16.3436   4.175578    32.7937        248     1.0292     2.7680  0.000e+00
     32.177    16.3482   4.176201    32.7952        249     1.0333     2.7670  0.000e+00
     32.348    16.3528   4.176799    32.7966        250     1.0375     2.7665  0.000e+00
     32.521    16.3572   4.177344    32.7977        251     1.0417     2.7654  0.000e+00
     32.695    16.3612   4.177571    32.7963        252     1.0458     2.7655  0.000e+00
     32.867    16.3641   4.177818    32.7960        253     1.0500     2.7643  0.000e+00
     33.047    16.3663   4.177941    32.7953        254     1.0542     2.7635  0.000e+00
     33.223    16.3679   4.177792    32.7926        255     1.0583     2.7611  0.000e+00
     33.399    16.3683   4.177721    32.7915        256     1.0625     2.7584  0.000e+00
     33.576    16.3681   4.177487    32.7896        257     1.0667     2.7582  0.000e+00
     33.746    16.3669   4.177020    32.7865        258     1.0708     2.7581  0.000e+00
     33.917    16.3645   4.175183    32.7723        259     1.0750     2.7554  0.000e+00
     34.073    16.3574   4.173496    32.7632        260     1.0792     2.7544  0.000e+00
     34.228    16.3468   4.173217    32.7695        261     1.0833     2.7544  0.000e+00
     34.375    16.3377   4.171776    32.7643        262     1.0875     2.7549  0.000e+00
     34.521    16.3286   4.170265    32.7584        263     1.0917     2.7547  0.000e+00
     34.665    16.3178   4.169052    32.7566        264     1.0958     2.7520  0.000e+00
     34.816    16.3073   4.167463    32.7513        265     1.1000     2.7491  0.000e+00
     34.963    16.2952   4.166160    32.7497        266     1.1042     2.7486  0.000e+00
     35.116    16.2825   4.165454    32.7538        267     1.1083     2.7470  0.000e+00
     35.272    16.2696   4.163742    32.7494        268     1.1125     2.7463  0.000e+00
     35.432    16.2542   4.158201    32.7133        269     1.1167     2.7438  0.000e+00
     35.603    16.2253   4.154943    32.7083        270     1.1208     2.7415  0.000e+00
     35.779    16.1910   4.152120    32.7116        271     1.1250     2.7380  0.000e+00
     35.957    16.1577   4.147187    32.6956        272     1.1292     2.7352  0.000e+00
     36.138    16.1199   4.146773    32.7230        273     1.1333     2.7318  0.000e+00
     36.329    16.0921   4.146029    32.7393        274     1.1375     2.7271  0.000e+00
     36.525    16.0739   4.141054    32.7103        275     1.1417     2.7240  0.000e+00
     36.719    16.0500   4.138791    32.7100        276     1.1458     2.7192  0.000e+00
     36.915    16.0208   4.135714    32.7068        277     1.1500     2.7148  0.000e+00
     37.113    15.9902   4.133219    32.7099        278     1.1542     2.7095  0.000e+00
     37.303    15.9620   4.131132    32.7147        279     1.1583     2.7042  0.000e+00
     37.488    15.9347   4.123678    32.6712        280     1.1625     2.6970  0.000e+00
     37.666    15.8914   4.117475    32.6520        281     1.1667     2.6923  0.000e+00
     37.835    15.8318   4.114366    32.6736        282     1.1708     2.6876  0.000e+00
     37.993    15.7796   4.110387    32.6813        283     1.1750     2.6810  0.000e+00
     38.150    15.7333   4.105076    32.6725        284     1.1792     2.6745  0.000e+00
     38.297    15.6848   4.100257    32.6697        285     1.1833     2.6676  0.000e+00
     38.453    15.6346   4.092195    32.6394        286     1.1875     2.6625  0.000e+00
     38.608    15.5742   4.088315    32.6548        287     1.1917     2.6546  0.000e+00
     38.762    15.5111   4.075745    32.5949        288     1.1958     2.6470  0.000e+00
     38.922    15.4317   4.061201    32.5307        289     1.2000     2.6395  0.000e+00
     39.084    15.3191   4.052538    32.5463        290     1.2042     2.6302  0.000e+00
     39.242    15.2053   4.049469    32.6133        291     1.2083     2.6191  0.000e+00
     39.409    15.1209   4.042890    32.6243        292     1.2125     2.6062  0.000e+00
     39.578    15.0471   4.034773    32.6127        293     1.2167     2.5943  0.000e+00
     39.740    14.9616   4.035350    32.6893        294     1.2208     2.5835  0.000e+00
     39.896    14.9009   4.035255    32.7392        295     1.2250     2.5707  0.000e+00
     40.049    14.8609   4.037995    32.7976        296     1.2292     2.5582  0.000e+00
     40.202    14.8462   4.039192    32.8208        297     1.2333     2.5468  0.000e+00
     40.357    14.8377   4.041869    32.8521        298     1.2375     2.5357  0.000e+00
     40.500    14.8337   4.044688    32.8810        299     1.2417     2.5280  0.000e+00
     40.644    14.8324   4.053930    32.9658        300     1.2458     2.5175  0.000e+00
     40.788    14.8355   4.063129    33.0467        301     1.2500     2.5104  0.000e+00
     40.937    14.8448   4.073653    33.1343        302     1.2542     2.5027  0.000e+00
     41.088    14.8622   4.077104    33.1507        303     1.2583     2.4964  0.000e+00
     41.244    14.8788   4.071462    33.0854        304     1.2625     2.4903  0.000e+00
     41.403    14.8779   4.058951    32.9726        305     1.2667     2.4841  0.000e+00
     41.561    14.8352   4.048065    32.9099        306     1.2708     2.4757  0.000e+00
     41.723    14.7611   4.043715    32.9330        307     1.2750     2.4664  0.000e+00
     41.886    14.6902   4.037665    32.9380        308     1.2792     2.4545  0.000e+00
     42.053    14.6236   4.029923    32.9238        309     1.2833     2.4422  0.000e+00
     42.224    14.5517   4.027449    32.9622        310     1.2875     2.4307  0.000e+00
     42.389    14.4911   4.023032    32.9733        311     1.2917     2.4187  0.000e+00
     42.569    14.4453   4.023480    33.0163        312     1.2958     2.4088  0.000e+00
     42.743    14.4130   4.014983    32.9659        313     1.3000     2.3984  0.000e+00
     42.927    14.3732   3.999801    32.8606        314     1.3042     2.3900  0.000e+00
     43.106    14.2930   3.995747    32.8916        315     1.3083     2.3791  0.000e+00
     43.292    14.2117   3.986052    32.8716        316     1.3125     2.3697  0.000e+00
     43.464    14.1367   3.979763    32.8776        317     1.3167     2.3590  0.000e+00
     43.647    14.0631   3.973555    32.8831        318     1.3208     2.3527  0.000e+00
     43.822    13.9972   3.963691    32.8482        319     1.3250     2.3409  0.000e+00
     43.991    13.9218   3.952815    32.8119        320     1.3292     2.3317  0.000e+00
     44.160    13.8374   3.934531    32.7146        321     1.3333     2.3236  0.000e+00
     44.323    13.7288   3.913394    32.6108        322     1.3375     2.3153  0.000e+00
     44.478    13.5795   3.888993    32.5108        323     1.3417     2.3063  0.000e+00
     44.634    13.3957   3.880110    32.5846        324     1.3458     2.2952  0.000e+00
     44.791    13.2327   3.865769    32.5896        325     1.3500     2.2837  0.000e+00
     44.942    13.0947   3.847137    32.5325        326     1.3542     2.2731  0.000e+00
     45.098    12.9443   3.836224    32.5586        327     1.3583     2.2624  0.000e+00
     45.252    12.8060   3.829971    32.6185        328     1.3625     2.2515  0.000e+00
     45.400    12.7009   3.822896    32.6422        329     1.3667     2.2382  0.000e+00
     45.551    12.6152   3.815562    32.6466        330     1.3708     2.2260  0.000e+00
     45.698    12.5389   3.815882    32.7158        331     1.3750     2.2147  0.000e+00
     45.844    12.4861   3.808229    32.6885        332     1.3792     2.2041  0.000e+00
     45.989    12.4377   3.808417    32.7324        333     1.3833     2.1938  0.000e+00
     46.130    12.3992   3.805880    32.7416        334     1.3875     2.1842  0.000e+00
     46.272    12.3712   3.801820    32.7270        335     1.3917     2.1744  0.000e+00
     46.414    12.3410   3.801089    32.7463        336     1.3958     2.1635  0.000e+00
     46.561    12.3168   3.798979    32.7472        337     1.4000     2.1549  0.000e+00
     46.705    12.2980   3.797256    32.7470        338     1.4042     2.1482  0.000e+00
     46.850    12.2793   3.796476    32.7558        339     1.4083     2.1413  0.000e+00
     46.998    12.2637   3.796208    32.7668        340     1.4125     2.1350  0.000e+00
     47.147    12.2532   3.794585    32.7603        341     1.4167     2.1287  0.000e+00
     47.294    12.2436   3.793799    32.7611        342     1.4208     2.1239  0.000e+00
     47.447    12.2332   3.792938    32.7619        343     1.4250     2.1180  0.000e+00
     47.603    12.2242   3.791652    32.7573        344     1.4292     2.1151  0.000e+00
     47.760    12.2143   3.792707    32.7760        345     1.4333     2.1123  0.000e+00
     47.920    12.2099   3.793219    32.7847        346     1.4375     2.1078  0.000e+00
     48.087    12.2114   3.793244    32.7836        347     1.4417     2.1032  0.000e+00
     48.261    12.2132   3.793150    32.7810        348     1.4458     2.0978  0.000e+00
     48.441    12.2135   3.792426    32.7738        349     1.4500     2.0992  0.000e+00
     48.630    12.2110   3.791803    32.7699        350     1.4542     2.0978  0.000e+00
     48.824    12.2067   3.791628    32.7719        351     1.4583     2.0953  0.000e+00
     49.018    12.2033   3.790761    32.7664        352     1.4625     2.0936  0.000e+00
     49.214    12.1981   3.790206    32.7656        353     1.4667     2.0917  0.000e+00
     49.410    12.1924   3.789725    32.7658        354     1.4708     2.0913  0.000e+00
     49.602    12.1876   3.788952    32.7625        355     1.4750     2.0897  0.000e+00
     49.782    12.1823   3.788796    32.7656        356     1.4792     2.0881  0.000e+00
     49.958    12.1770   3.787499    32.7577        357     1.4833     2.0875  0.000e+00
     50.127    12.1699   3.786857    32.7577        358     1.4875     2.0858  0.000e+00
     50.280    12.1612   3.785828    32.7553        359     1.4917     2.0846  0.000e+00
     50.420    12.1522   3.783633    32.7420        360     1.4958     2.0826  0.000e+00
     50.558    12.1385   3.780810    32.7267        361     1.5000     2.0828  0.000e+00
     50.690    12.1185   3.778598    32.7228        362     1.5042     2.0822  0.000e+00
     50.826    12.0965   3.777078    32.7274        363     1.5083     2.0801  0.000e+00
     50.959    12.0763   3.774686    32.7219        364     1.5125     2.0781  0.000e+00
     51.092    12.0550   3.771131    32.7062        365     1.5167     2.0762  0.000e+00
     51.227    12.0291   3.766793    32.6869        366     1.5208     2.0744  0.000e+00
     51.365    11.9957   3.764392    32.6929        367     1.5250     2.0723  0.000e+00
     51.498    11.9618   3.760579    32.6857        368     1.5292     2.0712  0.000e+00
     51.648    11.9291   3.759012    32.6992        369     1.5333     2.0700  0.000e+00
