PC2305/sbe050.cnv
* Sea-Bird SBE 19plus V2 Data File:
* FileName = C:\cruise\data\sbe050.hex
* Software Version Seasave V 7.26.7.121
* Temperature SN = 7142
* Conductivity SN = 7142
* System UpLoad Time = Nov 01 2023 00:02:35
** Cruise: PC2205
** Program: ECOMON
# nquan = 8
# nvalues = 1193                                  
# units = specified
# name 0 = depSM: Depth [salt water, m], lat = 40.00
# name 1 = tv290C: Temperature [ITS-90, deg C]
# name 2 = c0S/m: Conductivity [S/m]
# name 3 = sal00: Salinity, Practical [PSU]
# name 4 = scan: Scan Count
# name 5 = timeM: Time, Elapsed [minutes]
# name 6 = sbeox0V: Oxygen raw, SBE 43 [V]
# name 7 = flag:  0.000e+00
# span 0 =     -0.081,     20.028                 
# span 1 =    14.7422,    19.3107                 
# span 2 =   0.000026,   4.222705                 
# span 3 =     0.0076,    31.5452                 
# span 4 =         11,       1203                 
# span 5 =     0.0417,     5.0083                 
# span 6 =     2.1361,     3.0793                 
# span 7 = 0.0000e+00, 0.0000e+00                 
# interval = seconds: 0.25
# start_time = Nov 01 2023 00:02:35 [System UTC, header]
# bad_flag = -9.990e-29
*END*
[from data line 720]
      9.256    19.3086   4.221906    30.8798        731     3.0417     2.8352  0.000e+00
      9.247    19.3084   4.221906    30.8799        732     3.0458     2.8357  0.000e+00
      9.230    19.3086   4.221906    30.8798        733     3.0500     2.8356  0.000e+00
      9.223    19.3086   4.221932    30.8799        734     3.0542     2.8368  0.000e+00
      9.207    19.3086   4.221932    30.8799        735     3.0583     2.8362  0.000e+00
      9.185    19.3087   4.221958    30.8801        736     3.0625     2.8357  0.000e+00
      9.171    19.3087   4.221978    30.8802        737     3.0667     2.8360  0.000e+00
      9.142    19.3089   4.222010    30.8804        738     3.0708     2.8359  0.000e+00
      9.106    19.3091   4.221860    30.8790        739     3.0750     2.8362  0.000e+00
      9.063    19.3090   4.221880    30.8793        740     3.0792     2.8369  0.000e+00
      9.006    19.3086   4.221860    30.8795        741     3.0833     2.8370  0.000e+00
      8.936    19.3085   4.221880    30.8797        742     3.0875     2.8347  0.000e+00
      8.860    19.3085   4.221854    30.8795        743     3.0917     2.8357  0.000e+00
      8.787    19.3085   4.221860    30.8796        744     3.0958     2.8353  0.000e+00
      8.713    19.3082   4.221854    30.8798        745     3.1000     2.8344  0.000e+00
      8.659    19.3082   4.221547    30.8773        746     3.1042     2.8343  0.000e+00
      8.609    19.3082   4.221808    30.8794        747     3.1083     2.8359  0.000e+00
      8.567    19.3081   4.221808    30.8795        748     3.1125     2.8353  0.000e+00
      8.542    19.3082   4.221827    30.8796        749     3.1167     2.8361  0.000e+00
      8.513    19.3079   4.221808    30.8797        750     3.1208     2.8344  0.000e+00
      8.495    19.3080   4.221782    30.8794        751     3.1250     2.8329  0.000e+00
      8.476    19.3079   4.221756    30.8792        752     3.1292     2.8307  0.000e+00
      8.447    19.3079   4.221788    30.8795        753     3.1333     2.8298  0.000e+00
      8.418    19.3079   4.221827    30.8798        754     3.1375     2.8303  0.000e+00
      8.371    19.3079   4.221834    30.8799        755     3.1417     2.8302  0.000e+00
      8.319    19.3079   4.221677    30.8787        756     3.1458     2.8311  0.000e+00
      8.274    19.3080   4.221645    30.8783        757     3.1500     2.8311  0.000e+00
      8.238    19.3073   4.221808    30.8802        758     3.1542     2.8316  0.000e+00
      8.192    19.3073   4.221573    30.8783        759     3.1583     2.8312  0.000e+00
      8.150    19.3070   4.221097    30.8747        760     3.1625     2.8312  0.000e+00
      8.113    19.3048   4.221077    30.8761        761     3.1667     2.8311  0.000e+00
      8.068    19.3030   4.220941    30.8764        762     3.1708     2.8328  0.000e+00
      8.028    19.3018   4.220947    30.8774        763     3.1750     2.8327  0.000e+00
      7.989    19.3009   4.221012    30.8786        764     3.1792     2.8324  0.000e+00
      7.951    19.3007   4.220999    30.8786        765     3.1833     2.8318  0.000e+00
      7.908    19.3005   4.221208    30.8804        766     3.1875     2.8314  0.000e+00
      7.852    19.3013   4.221325    30.8808        767     3.1917     2.8330  0.000e+00
      7.798    19.3022   4.221306    30.8800        768     3.1958     2.8356  0.000e+00
      7.732    19.3031   4.221351    30.8798        769     3.2000     2.8363  0.000e+00
      7.665    19.3037   4.221332    30.8792        770     3.2042     2.8377  0.000e+00
      7.588    19.3041   4.221475    30.8801        771     3.2083     2.8380  0.000e+00
      7.516    19.3046   4.221677    30.8814        772     3.2125     2.8379  0.000e+00
      7.448    19.3055   4.221690    30.8808        773     3.2167     2.8375  0.000e+00
      7.376    19.3067   4.221703    30.8801        774     3.2208     2.8399  0.000e+00
      7.309    19.3070   4.221736    30.8802        775     3.2250     2.8407  0.000e+00
      7.254    19.3078   4.221781    30.8799        776     3.2292     2.8403  0.000e+00
      7.198    19.3081   4.221788    30.8798        777     3.2333     2.8398  0.000e+00
      7.155    19.3083   4.221781    30.8796        778     3.2375     2.8396  0.000e+00
      7.121    19.3086   4.221788    30.8794        779     3.2417     2.8388  0.000e+00
      7.097    19.3086   4.221755    30.8792        780     3.2458     2.8390  0.000e+00
      7.081    19.3086   4.221755    30.8792        781     3.2500     2.8375  0.000e+00
      7.067    19.3086   4.221762    30.8793        782     3.2542     2.8383  0.000e+00
      7.061    19.3085   4.221781    30.8795        783     3.2583     2.8370  0.000e+00
      7.056    19.3086   4.221762    30.8793        784     3.2625     2.8366  0.000e+00
      7.051    19.3086   4.221781    30.8794        785     3.2667     2.8374  0.000e+00
      7.049    19.3087   4.221788    30.8794        786     3.2708     2.8385  0.000e+00
      7.045    19.3086   4.221729    30.8790        787     3.2750     2.8370  0.000e+00
      7.040    19.3086   4.221735    30.8790        788     3.2792     2.8374  0.000e+00
      7.020    19.3086   4.221729    30.8790        789     3.2833     2.8371  0.000e+00
      6.993    19.3085   4.221677    30.8787        790     3.2875     2.8363  0.000e+00
      6.966    19.3083   4.221546    30.8778        791     3.2917     2.8361  0.000e+00
      6.937    19.3076   4.221351    30.8767        792     3.2958     2.8370  0.000e+00
      6.903    19.3065   4.221403    30.8779        793     3.3000     2.8355  0.000e+00
      6.869    19.3058   4.221579    30.8799        794     3.3042     2.8364  0.000e+00
      6.824    19.3062   4.221592    30.8797        795     3.3083     2.8350  0.000e+00
      6.779    19.3068   4.221631    30.8796        796     3.3125     2.8364  0.000e+00
      6.725    19.3073   4.221644    30.8794        797     3.3167     2.8361  0.000e+00
      6.662    19.3074   4.221579    30.8788        798     3.3208     2.8370  0.000e+00
      6.601    19.3075   4.221494    30.8781        799     3.3250     2.8356  0.000e+00
      6.528    19.3072   4.221429    30.8777        800     3.3292     2.8356  0.000e+00
      6.461    19.3067   4.221501    30.8788        801     3.3333     2.8344  0.000e+00
      6.404    19.3063   4.221572    30.8796        802     3.3375     2.8343  0.000e+00
      6.339    19.3065   4.221605    30.8798        803     3.3417     2.8359  0.000e+00
      6.290    19.3071   4.221644    30.8796        804     3.3458     2.8361  0.000e+00
      6.265    19.3075   4.221650    30.8794        805     3.3500     2.8371  0.000e+00
      6.262    19.3077   4.221644    30.8793        806     3.3542     2.8371  0.000e+00
      6.267    19.3079   4.221676    30.8793        807     3.3583     2.8363  0.000e+00
      6.285    19.3080   4.221663    30.8791        808     3.3625     2.8366  0.000e+00
      6.305    19.3080   4.221676    30.8792        809     3.3667     2.8356  0.000e+00
      6.326    19.3082   4.221676    30.8791        810     3.3708     2.8372  0.000e+00
      6.351    19.3082   4.221690    30.8792        811     3.3750     2.8344  0.000e+00
      6.355    19.3084   4.221650    30.8788        812     3.3792     2.8353  0.000e+00
      6.335    19.3081   4.221474    30.8775        813     3.3833     2.8362  0.000e+00
      6.308    19.3073   4.221553    30.8788        814     3.3875     2.8367  0.000e+00
      6.267    19.3071   4.221520    30.8786        815     3.3917     2.8369  0.000e+00
      6.206    19.3069   4.221272    30.8768        816     3.3958     2.8366  0.000e+00
      6.123    19.3061   4.220868    30.8741        817     3.4000     2.8376  0.000e+00
      6.031    19.3037   4.220874    30.8760        818     3.4042     2.8400  0.000e+00
      5.942    19.3020   4.220874    30.8773        819     3.4083     2.8395  0.000e+00
      5.875    19.3012   4.220848    30.8777        820     3.4125     2.8386  0.000e+00
      5.837    19.3004   4.220796    30.8778        821     3.4167     2.8392  0.000e+00
      5.810    19.3000   4.220751    30.8778        822     3.4208     2.8392  0.000e+00
      5.785    19.2995   4.220920    30.8795        823     3.4250     2.8385  0.000e+00
      5.774    19.2999   4.221037    30.8802        824     3.4292     2.8357  0.000e+00
      5.782    19.3007   4.221050    30.8797        825     3.4333     2.8311  0.000e+00
      5.783    19.3016   4.221063    30.8792        826     3.4375     2.8305  0.000e+00
      5.789    19.3020   4.221077    30.8789        827     3.4417     2.8289  0.000e+00
      5.785    19.3024   4.221207    30.8797        828     3.4458     2.8309  0.000e+00
      5.773    19.3030   4.221298    30.8800        829     3.4500     2.8324  0.000e+00
      5.748    19.3039   4.221226    30.8788        830     3.4542     2.8351  0.000e+00
      5.724    19.3040   4.221207    30.8786        831     3.4583     2.8372  0.000e+00
      5.692    19.3041   4.221122    30.8778        832     3.4625     2.8370  0.000e+00
      5.659    19.3038   4.221089    30.8778        833     3.4667     2.8379  0.000e+00
      5.634    19.3034   4.221200    30.8790        834     3.4708     2.8382  0.000e+00
      5.611    19.3036   4.221233    30.8792        835     3.4750     2.8372  0.000e+00
      5.588    19.3039   4.221096    30.8778        836     3.4792     2.8382  0.000e+00
      5.568    19.3038   4.221063    30.8776        837     3.4833     2.8409  0.000e+00
      5.553    19.3032   4.220998    30.8775        838     3.4875     2.8398  0.000e+00
      5.544    19.3027   4.221076    30.8786        839     3.4917     2.8388  0.000e+00
      5.541    19.3027   4.221011    30.8780        840     3.4958     2.8391  0.000e+00
      5.539    19.3025   4.220946    30.8776        841     3.5000     2.8370  0.000e+00
      5.539    19.3024   4.218176    30.8551        842     3.5042     2.8353  0.000e+00
      5.546    19.3023   4.221024    30.8784        843     3.5083     2.8338  0.000e+00
      5.555    19.3021   4.221063    30.8789        844     3.5125     2.8341  0.000e+00
      5.559    19.3022   4.221076    30.8789        845     3.5167     2.8339  0.000e+00
      5.559    19.3022   4.221207    30.8800        846     3.5208     2.8338  0.000e+00
      5.561    19.3029   4.221200    30.8794        847     3.5250     2.8323  0.000e+00
      5.552    19.3033   4.221148    30.8787        848     3.5292     2.8327  0.000e+00
      5.530    19.3034   4.221109    30.8783        849     3.5333     2.8332  0.000e+00
      5.507    19.3034   4.221096    30.8782        850     3.5375     2.8342  0.000e+00
      5.467    19.3031   4.221135    30.8787        851     3.5417     2.8358  0.000e+00
      5.419    19.3030   4.221226    30.8796        852     3.5458     2.8376  0.000e+00
      5.379    19.3035   4.221305    30.8799        853     3.5500     2.8372  0.000e+00
      5.331    19.3041   4.221024    30.8772        854     3.5542     2.8382  0.000e+00
      5.295    19.3034   4.220939    30.8770        855     3.5583     2.8370  0.000e+00
      5.266    19.3022   4.221076    30.8790        856     3.5625     2.8367  0.000e+00
      5.225    19.3021   4.221050    30.8789        857     3.5667     2.8363  0.000e+00
      5.183    19.3023   4.221109    30.8792        858     3.5708     2.8356  0.000e+00
      5.142    19.3025   4.221122    30.8792        859     3.5750     2.8374  0.000e+00
      5.109    19.3028   4.221135    30.8791        860     3.5792     2.8395  0.000e+00
      5.072    19.3031   4.221024    30.8780        861     3.5833     2.8392  0.000e+00
      5.041    19.3028   4.220939    30.8775        862     3.5875     2.8384  0.000e+00
      5.027    19.3023   4.220874    30.8773        863     3.5917     2.8377  0.000e+00
      5.014    19.3013   4.220750    30.8771        864     3.5958     2.8364  0.000e+00
      5.025    19.3003   4.220718    30.8775        865     3.6000     2.8350  0.000e+00
      5.038    19.2996   4.220822    30.8789        866     3.6042     2.8340  0.000e+00
      5.057    19.2995   4.220718    30.8781        867     3.6083     2.8334  0.000e+00
      5.088    19.2995   4.220848    30.8792        868     3.6125     2.8317  0.000e+00
      5.120    19.2994   4.220822    30.8791        869     3.6167     2.8310  0.000e+00
      5.145    19.2995   4.220972    30.8802        870     3.6208     2.8310  0.000e+00
      5.163    19.3001   4.221135    30.8811        871     3.6250     2.8321  0.000e+00
      5.167    19.3012   4.221252    30.8812        872     3.6292     2.8313  0.000e+00
      5.165    19.3024   4.221331    30.8810        873     3.6333     2.8313  0.000e+00
      5.154    19.3035   4.221298    30.8799        874     3.6375     2.8306  0.000e+00
      5.126    19.3040   4.221350    30.8799        875     3.6417     2.8327  0.000e+00
      5.093    19.3045   4.221272    30.8790        876     3.6458     2.8327  0.000e+00
      5.056    19.3046   4.220998    30.8766        877     3.6500     2.8327  0.000e+00
      5.000    19.3035   4.221474    30.8814        878     3.6542     2.8328  0.000e+00
      4.937    19.3040   4.221578    30.8819        879     3.6583     2.8347  0.000e+00
      4.870    19.3054   4.221617    30.8812        880     3.6625     2.8356  0.000e+00
      4.800    19.3066   4.220874    30.8743        881     3.6667     2.8372  0.000e+00
      4.718    19.3046   4.220483    30.8725        882     3.6708     2.8391  0.000e+00
      4.637    19.3013   4.221076    30.8799        883     3.6750     2.8401  0.000e+00
      4.581    19.3010   4.221402    30.8828        884     3.6792     2.8394  0.000e+00
      4.551    19.3025   4.221148    30.8796        885     3.6833     2.8411  0.000e+00
      4.549    19.3032   4.221076    30.8785        886     3.6875     2.8421  0.000e+00
      4.570    19.3034   4.221011    30.8778        887     3.6917     2.8394  0.000e+00
      4.610    19.3028   4.221024    30.8784        888     3.6958     2.8374  0.000e+00
      4.667    19.3024   4.221089    30.8792        889     3.7000     2.8338  0.000e+00
      4.737    19.3024   4.221402    30.8817        890     3.7042     2.8324  0.000e+00
      4.815    19.3036   4.221617    30.8826        891     3.7083     2.8308  0.000e+00
      4.892    19.3051   4.221526    30.8807        892     3.7125     2.8295  0.000e+00
      4.962    19.3061   4.221278    30.8778        893     3.7167     2.8301  0.000e+00
      5.029    19.3058   4.221076    30.8764        894     3.7208     2.8285  0.000e+00
      5.082    19.3046   4.220972    30.8764        895     3.7250     2.8279  0.000e+00
      5.127    19.3033   4.220868    30.8765        896     3.7292     2.8296  0.000e+00
      5.142    19.3023   4.220848    30.8771        897     3.7333     2.8330  0.000e+00
      5.153    19.3016   4.220920    30.8782        898     3.7375     2.8347  0.000e+00
      5.140    19.3011   4.220900    30.8784        899     3.7417     2.8370  0.000e+00
      5.126    19.3011   4.220868    30.8781        900     3.7458     2.8364  0.000e+00
      5.081    19.3010   4.220874    30.8783        901     3.7500     2.8357  0.000e+00
      5.016    19.3009   4.220894    30.8786        902     3.7542     2.8353  0.000e+00
      4.926    19.3010   4.220946    30.8790        903     3.7583     2.8350  0.000e+00
      4.800    19.3008   4.220991    30.8795        904     3.7625     2.8351  0.000e+00
      4.655    19.3008   4.221024    30.8798        905     3.7667     2.8357  0.000e+00
      4.486    19.3011   4.220998    30.8795        906     3.7708     2.8356  0.000e+00
      4.313    19.3013   4.221011    30.8794        907     3.7750     2.8356  0.000e+00
      4.173    19.3015   4.220998    30.8792        908     3.7792     2.8344  0.000e+00
