PC2305/sbe053.cnv
* Sea-Bird SBE 19plus V2 Data File:
* FileName = C:\cruise\data\sbe053.hex
* Software Version Seasave V 7.26.7.121
* Temperature SN = 7142
* Conductivity SN = 7142
* System UpLoad Time = Nov 01 2023 08:32:19
** Cruise: PC2205
** Program: ECOMON
# nquan = 8
# nvalues = 1406                                  
# units = specified
# name 0 = depSM: Depth [salt water, m], lat = 40.00
# name 1 = tv290C: Temperature [ITS-90, deg C]
# name 2 = c0S/m: Conductivity [S/m]
# name 3 = sal00: Salinity, Practical [PSU]
# name 4 = scan: Scan Count
# name 5 = timeM: Time, Elapsed [minutes]
# name 6 = sbeox0V: Oxygen raw, SBE 43 [V]
# name 7 = flag:  0.000e+00
# span 0 =     -0.097,     19.663                 
# span 1 =    11.4566,    18.4619                 
# span 2 =   0.000059,   4.281285                 
# span 3 =     0.0059,    32.6900                 
# span 4 =         11,       1416                 
# span 5 =     0.0417,     5.8958                 
# span 6 =     2.3532,     3.1044                 
# span 7 = 0.0000e+00, 0.0000e+00                 
# interval = seconds: 0.25
# start_time = Nov 01 2023 08:32:19 [System UTC, header]
# bad_flag = -9.990e-29
*END*
[from data line 1259]
      2.713    18.4530   4.277134    31.9868       1270     5.2875     2.8214  0.000e+00
      2.763    18.4529   4.277082    31.9864       1271     5.2917     2.8212  0.000e+00
      2.832    18.4524   4.276964    31.9858       1272     5.2958     2.8207  0.000e+00
      2.907    18.4514   4.276924    31.9862       1273     5.3000     2.8197  0.000e+00
      2.981    18.4501   4.276865    31.9867       1274     5.3042     2.8191  0.000e+00
      3.037    18.4493   4.276865    31.9873       1275     5.3083     2.8194  0.000e+00
      3.064    18.4489   4.277003    31.9887       1276     5.3125     2.8200  0.000e+00
      3.069    18.4492   4.277115    31.9895       1277     5.3167     2.8208  0.000e+00
      3.042    18.4504   4.277180    31.9891       1278     5.3208     2.8201  0.000e+00
      2.954    18.4515   4.277160    31.9881       1279     5.3250     2.8208  0.000e+00
      2.825    18.4523   4.277134    31.9873       1280     5.3292     2.8232  0.000e+00
      2.672    18.4526   4.277186    31.9876       1281     5.3333     2.8256  0.000e+00
      2.515    18.4527   4.277088    31.9867       1282     5.3375     2.8268  0.000e+00
      2.390    18.4524   4.276898    31.9854       1283     5.3417     2.8267  0.000e+00
      2.305    18.4514   4.277114    31.9880       1284     5.3458     2.8264  0.000e+00
      2.282    18.4513   4.277055    31.9876       1285     5.3500     2.8258  0.000e+00
      2.302    18.4514   4.277114    31.9880       1286     5.3542     2.8247  0.000e+00
      2.363    18.4514   4.277108    31.9879       1287     5.3583     2.8254  0.000e+00
      2.445    18.4517   4.277114    31.9877       1288     5.3625     2.8241  0.000e+00
      2.535    18.4517   4.277114    31.9877       1289     5.3667     2.8244  0.000e+00
      2.618    18.4517   4.277082    31.9874       1290     5.3708     2.8230  0.000e+00
      2.692    18.4514   4.277114    31.9878       1291     5.3750     2.8210  0.000e+00
      2.729    18.4517   4.277108    31.9876       1292     5.3792     2.8188  0.000e+00
      2.763    18.4516   4.277134    31.9878       1293     5.3833     2.8178  0.000e+00
      2.758    18.4519   4.277082    31.9872       1294     5.3875     2.8181  0.000e+00
      2.722    18.4520   4.277088    31.9871       1295     5.3917     2.8207  0.000e+00
      2.630    18.4519   4.277134    31.9876       1296     5.3958     2.8226  0.000e+00
      2.523    18.4520   4.277134    31.9876       1297     5.4000     2.8239  0.000e+00
      2.393    18.4518   4.277062    31.9872       1298     5.4042     2.8222  0.000e+00
      2.285    18.4515   4.276668    31.9842       1299     5.4083     2.8215  0.000e+00
      2.206    18.4498   4.276085    31.9807       1300     5.4125     2.8188  0.000e+00
      2.161    18.4451   4.276085    31.9843       1301     5.4167     2.8187  0.000e+00
      2.156    18.4419   4.276288    31.9885       1302     5.4208     2.8197  0.000e+00
      2.154    18.4408   4.276426    31.9906       1303     5.4250     2.8217  0.000e+00
      2.174    18.4412   4.276387    31.9899       1304     5.4292     2.8227  0.000e+00
      2.201    18.4414   4.276328    31.9893       1305     5.4333     2.8228  0.000e+00
      2.230    18.4414   4.276262    31.9887       1306     5.4375     2.8223  0.000e+00
      2.255    18.4411   4.276184    31.9882       1307     5.4417     2.8214  0.000e+00
      2.267    18.4402   4.276210    31.9891       1308     5.4458     2.8197  0.000e+00
      2.258    18.4400   4.276341    31.9904       1309     5.4500     2.8197  0.000e+00
      2.239    18.4402   4.276524    31.9918       1310     5.4542     2.8197  0.000e+00
      2.233    18.4413   4.276642    31.9919       1311     5.4583     2.8202  0.000e+00
      2.219    18.4427   4.276865    31.9927       1312     5.4625     2.8217  0.000e+00
      2.203    18.4443   4.276288    31.9866       1313     5.4667     2.8214  0.000e+00
      2.194    18.4454   4.276767    31.9898       1314     5.4708     2.8217  0.000e+00
      2.176    18.4458   4.276845    31.9902       1315     5.4750     2.8221  0.000e+00
      2.149    18.4461   4.277003    31.9912       1316     5.4792     2.8184  0.000e+00
      2.097    18.4473   4.277016    31.9905       1317     5.4833     2.8174  0.000e+00
      2.034    18.4480   4.277003    31.9898       1318     5.4875     2.8162  0.000e+00
      1.965    18.4486   4.276963    31.9891       1319     5.4917     2.8158  0.000e+00
      1.899    18.4485   4.277003    31.9895       1320     5.4958     2.8149  0.000e+00
      1.841    18.4487   4.277035    31.9896       1321     5.5000     2.8148  0.000e+00
      1.793    18.4490   4.277035    31.9894       1322     5.5042     2.8153  0.000e+00
      1.773    18.4491   4.277107    31.9899       1323     5.5083     2.8159  0.000e+00
      1.782    18.4496   4.277134    31.9897       1324     5.5125     2.8159  0.000e+00
      1.807    18.4500   4.277153    31.9896       1325     5.5167     2.8174  0.000e+00
      1.822    18.4503   4.277160    31.9894       1326     5.5208     2.8172  0.000e+00
      1.820    18.4504   4.277186    31.9896       1327     5.5250     2.8184  0.000e+00
      1.802    18.4506   4.277180    31.9893       1328     5.5292     2.8179  0.000e+00
      1.768    18.4509   4.277088    31.9883       1329     5.5333     2.8178  0.000e+00
      1.714    18.4506   4.276773    31.9859       1330     5.5375     2.8185  0.000e+00
      1.651    18.4497   4.276596    31.9852       1331     5.5417     2.8180  0.000e+00
      1.586    18.4482   4.276878    31.9887       1332     5.5458     2.8181  0.000e+00
      1.509    18.4480   4.276944    31.9895       1333     5.5500     2.8184  0.000e+00
      1.437    18.4489   4.276865    31.9881       1334     5.5542     2.8185  0.000e+00
      1.390    18.4494   4.276773    31.9870       1335     5.5583     2.8209  0.000e+00
      1.374    18.4490   4.276596    31.9859       1336     5.5625     2.8210  0.000e+00
      1.397    18.4482   4.276668    31.9871       1337     5.5667     2.8213  0.000e+00
      1.432    18.4477   4.276668    31.9875       1338     5.5708     2.8214  0.000e+00
      1.484    18.4476   4.276826    31.9888       1339     5.5750     2.8212  0.000e+00
      1.536    18.4484   4.276963    31.9893       1340     5.5792     2.8207  0.000e+00
      1.566    18.4495   4.277062    31.9893       1341     5.5833     2.8188  0.000e+00
      1.554    18.4508   4.277055    31.9882       1342     5.5875     2.8158  0.000e+00
      1.525    18.4517   4.277035    31.9874       1343     5.5917     2.8140  0.000e+00
      1.444    18.4513   4.277002    31.9874       1344     5.5958     2.8145  0.000e+00
      1.291    18.4502   4.276917    31.9876       1345     5.6000     2.8145  0.000e+00
      1.149    18.4496   4.276924    31.9882       1346     5.6042     2.8172  0.000e+00
      1.040    18.4492   4.276819    31.9877       1347     5.6083     2.8194  0.000e+00
      0.980    18.4487   4.276845    31.9883       1348     5.6125     2.8188  0.000e+00
      0.943    18.4484   4.276799    31.9882       1349     5.6167     2.8188  0.000e+00
      0.885    18.4483   4.276963    31.9896       1350     5.6208     2.8189  0.000e+00
      0.795    18.4491   4.276058    31.9815       1351     5.6250     2.8197  0.000e+00
      0.714    18.4474   4.275422    31.9776       1352     5.6292     2.8203  0.000e+00
      0.688    18.4416   4.274931    31.9779       1353     5.6333     2.8217  0.000e+00
      0.704    18.4354   4.273955    31.9746       1354     5.6375     2.8236  0.000e+00
      0.758    18.4279   4.272729    31.9702       1355     5.6417     2.8258  0.000e+00
      0.829    18.4175   4.272933    31.9800       1356     5.6458     2.8255  0.000e+00
      0.916    18.4112   4.273319    31.9880       1357     5.6500     2.8239  0.000e+00
      1.022    18.4094   4.273955    31.9947       1358     5.6542     2.8235  0.000e+00
      1.162    18.4117   4.274735    31.9994       1359     5.6583     2.8226  0.000e+00
      1.279    18.4169   4.274689    31.9949       1360     5.6625     2.8233  0.000e+00
      1.349    18.4210   4.274728    31.9920       1361     5.6667     2.8235  0.000e+00
      1.374    18.4231   4.274394    31.9876       1362     5.6708     2.8241  0.000e+00
      1.401    18.4234   4.274289    31.9865       1363     5.6750     2.8247  0.000e+00
      1.284    18.4222   4.274053    31.9855       1364     5.6792     2.8271  0.000e+00
      1.045    18.4206   4.274289    31.9888       1365     5.6833     2.8292  0.000e+00
      0.770    18.4205   4.274617    31.9917       1366     5.6875     2.8296  0.000e+00
      0.298    18.4219   4.274643    31.9910       1367     5.6917     2.8307  0.000e+00
      0.023    18.4234   4.261419    31.8794       1368     5.6958     2.8295  0.000e+00
     -0.067    18.4195   1.892511    13.0474       1369     5.7000     2.8288  0.000e+00
      0.014    18.3913   1.283216     8.5649       1370     5.7042     2.8259  0.000e+00
      0.028    18.3660   3.558473    26.1247       1371     5.7083     2.8255  0.000e+00
      0.060    18.3653   4.080448    30.4161       1372     5.7125     2.8288  0.000e+00
      0.175    18.3658   4.131524    30.8403       1373     5.7167     2.8430  0.000e+00
      0.380    18.3666   4.267430    31.9737       1374     5.7208     2.8659  0.000e+00
      0.594    18.3713   4.251547    31.8371       1375     5.7250     2.8872  0.000e+00
      0.745    18.3816   4.272612    32.0052       1376     5.7292     2.8934  0.000e+00
      0.822    18.3937   4.273319    32.0016       1377     5.7333     2.8851  0.000e+00
      0.899    18.4044   4.273955    31.9986       1378     5.7375     2.8698  0.000e+00
      0.977    18.4125   4.274250    31.9947       1379     5.7417     2.8530  0.000e+00
      1.068    18.4185   4.274368    31.9911       1380     5.7458     2.8407  0.000e+00
      1.113    18.4239   4.274125    31.9848       1381     5.7500     2.8278  0.000e+00
      1.058    18.4260   4.274341    31.9850       1382     5.7542     2.8119  0.000e+00
      0.937    18.4253   4.274125    31.9838       1383     5.7583     2.7995  0.000e+00
      0.799    18.4240   4.274394    31.9871       1384     5.7625     2.7952  0.000e+00
      0.522    18.4234   4.274623    31.9895       1385     5.7667     2.8045  0.000e+00
      0.177    18.4244   4.274151    31.9850       1386     5.7708     2.8284  0.000e+00
     -0.051    18.4238   3.995103    29.6663       1387     5.7750     2.8482  0.000e+00
     -0.066    18.4145   0.917390     5.9609       1388     5.7792     2.8581  0.000e+00
     -0.078    18.3664   0.484502     3.0133       1389     5.7833     2.8576  0.000e+00
     -0.082    18.2719   0.335664     2.0449       1390     5.7875     2.8497  0.000e+00
      0.089    18.1633   0.891182     5.8130       1391     5.7917     2.8467  0.000e+00
      0.380    18.1493   0.739263     4.7578       1392     5.7958     2.8358  0.000e+00
      0.472    18.2111   0.839722     5.4468       1393     5.8000     2.8205  0.000e+00
      0.488    18.2561   0.590299     3.7300       1394     5.8042     2.8046  0.000e+00
      0.522    18.2939   1.299281     8.7012       1395     5.8083     2.7901  0.000e+00
      0.439    18.3259   3.472545    25.4516       1396     5.8125     2.7798  0.000e+00
      0.089    18.3593   4.247585    31.8134       1397     5.8167     2.7671  0.000e+00
     -0.073    18.3841   4.272861    32.0056       1398     5.8208     2.7657  0.000e+00
     -0.076    18.3967   4.272729    31.9947       1399     5.8250     2.7919  0.000e+00
     -0.073    18.3958   4.214940    31.5127       1400     5.8292     2.8330  0.000e+00
     -0.078    18.3888   3.743408    27.6195       1401     5.8333     2.8721  0.000e+00
     -0.084    18.3833   2.018321    14.0076       1402     5.8375     2.8912  0.000e+00
     -0.087    18.3805   0.764591     4.9055       1403     5.8417     2.8861  0.000e+00
     -0.087    18.3831   0.727844     4.6529       1404     5.8458     2.8629  0.000e+00
     -0.080    18.3853   1.640635    11.1796       1405     5.8500     2.8349  0.000e+00
     -0.073    18.3835   0.701250     4.4709       1406     5.8542     2.8076  0.000e+00
     -0.075    18.3745   0.437888     2.7052       1407     5.8583     2.7813  0.000e+00
     -0.080    18.3613   0.342777     2.0864       1408     5.8625     2.7604  0.000e+00
     -0.030    18.3565   0.491295     3.0591       1409     5.8667     2.7434  0.000e+00
      0.116    18.3575   2.927016    21.0601       1410     5.8708     2.7286  0.000e+00
      0.198    18.3597   2.741585    19.5966       1411     5.8750     2.7167  0.000e+00
      0.261    18.3495   3.073638    22.2294       1412     5.8792     2.7100  0.000e+00
      0.312    18.3302   4.106928    30.6622       1413     5.8833     2.7010  0.000e+00
      0.283    18.3263   3.663385    27.0059       1414     5.8875     2.6868  0.000e+00
      0.153    18.3491   4.270326    32.0116       1415     5.8917     2.6734  0.000e+00
     -0.042    18.3818   4.273732    32.0147       1416     5.8958     2.6678  0.000e+00
