PC2305/sbe054.cnv
* Sea-Bird SBE 19plus V2 Data File:
* FileName = C:\cruise\data\sbe054.hex
* Software Version Seasave V 7.26.7.121
* Temperature SN = 7142
* Conductivity SN = 7142
* System UpLoad Time = Nov 01 2023 13:37:26
** Cruise: PC2205
** Program: ECOMON
# nquan = 8
# nvalues = 1964                                  
# units = specified
# name 0 = depSM: Depth [salt water, m], lat = 40.00
# name 1 = tv290C: Temperature [ITS-90, deg C]
# name 2 = c0S/m: Conductivity [S/m]
# name 3 = sal00: Salinity, Practical [PSU]
# name 4 = scan: Scan Count
# name 5 = timeM: Time, Elapsed [minutes]
# name 6 = sbeox0V: Oxygen raw, SBE 43 [V]
# name 7 = flag:  0.000e+00
# span 0 =     -0.041,     26.749                 
# span 1 =    11.5889,    18.0889                 
# span 2 =   0.000037,   4.299117                 
# span 3 =     0.0060,    32.5559                 
# span 4 =         11,       1974                 
# span 5 =     0.0417,     8.2208                 
# span 6 =     2.4076,     3.0129                 
# span 7 = 0.0000e+00, 0.0000e+00                 
# interval = seconds: 0.25
# start_time = Nov 01 2023 13:37:26 [System UTC, header]
# bad_flag = -9.990e-29
*END*
[from data line 899]
     26.303    18.0771   4.296723    32.4379        910     3.7875     2.7668  0.000e+00
     26.237    18.0770   4.296624    32.4372        911     3.7917     2.7687  0.000e+00
     26.154    18.0765   4.296657    32.4379        912     3.7958     2.7700  0.000e+00
     26.084    18.0763   4.296723    32.4386        913     3.8000     2.7688  0.000e+00
     26.019    18.0767   4.296775    32.4388        914     3.8042     2.7683  0.000e+00
     25.946    18.0772   4.296788    32.4385        915     3.8083     2.7690  0.000e+00
     25.870    18.0773   4.296775    32.4384        916     3.8125     2.7669  0.000e+00
     25.793    18.0777   4.296814    32.4384        917     3.8167     2.7674  0.000e+00
     25.710    18.0780   4.296821    32.4382        918     3.8208     2.7676  0.000e+00
     25.636    18.0785   4.296821    32.4378        919     3.8250     2.7674  0.000e+00
     25.554    18.0784   4.296814    32.4379        920     3.8292     2.7677  0.000e+00
     25.489    18.0785   4.296821    32.4380        921     3.8333     2.7676  0.000e+00
     25.428    18.0785   4.296847    32.4381        922     3.8375     2.7686  0.000e+00
     25.380    18.0787   4.296939    32.4388        923     3.8417     2.7683  0.000e+00
     25.349    18.0795   4.296873    32.4376        924     3.8458     2.7683  0.000e+00
     25.340    18.0798   4.296887    32.4375        925     3.8500     2.7676  0.000e+00
     25.345    18.0798   4.296946    32.4380        926     3.8542     2.7681  0.000e+00
     25.376    18.0802   4.296972    32.4379        927     3.8583     2.7676  0.000e+00
     25.419    18.0808   4.296939    32.4371        928     3.8625     2.7684  0.000e+00
     25.487    18.0808   4.296946    32.4371        929     3.8667     2.7674  0.000e+00
     25.570    18.0808   4.296946    32.4371        930     3.8708     2.7662  0.000e+00
     25.654    18.0808   4.296913    32.4368        931     3.8750     2.7651  0.000e+00
     25.746    18.0807   4.296893    32.4367        932     3.8792     2.7663  0.000e+00
     25.827    18.0802   4.296834    32.4366        933     3.8833     2.7673  0.000e+00
     25.899    18.0798   4.296874    32.4372        934     3.8875     2.7658  0.000e+00
     25.960    18.0795   4.296874    32.4374        935     3.8917     2.7645  0.000e+00
     25.999    18.0790   4.296887    32.4379        936     3.8958     2.7637  0.000e+00
     26.025    18.0791   4.296874    32.4377        937     3.9000     2.7618  0.000e+00
     26.039    18.0791   4.296696    32.4362        938     3.9042     2.7601  0.000e+00
     26.044    18.0784   4.296709    32.4369        939     3.9083     2.7580  0.000e+00
     26.041    18.0776   4.296723    32.4376        940     3.9125     2.7583  0.000e+00
     26.034    18.0773   4.296736    32.4379        941     3.9167     2.7593  0.000e+00
     26.028    18.0772   4.296821    32.4388        942     3.9208     2.7603  0.000e+00
     26.012    18.0776   4.296847    32.4387        943     3.9250     2.7622  0.000e+00
     25.989    18.0783   4.296815    32.4379        944     3.9292     2.7632  0.000e+00
     25.967    18.0786   4.296874    32.4381        945     3.9333     2.7635  0.000e+00
     25.940    18.0789   4.296920    32.4383        946     3.9375     2.7633  0.000e+00
     25.899    18.0795   4.296913    32.4378        947     3.9417     2.7629  0.000e+00
     25.854    18.0795   4.296920    32.4378        948     3.9458     2.7641  0.000e+00
     25.793    18.0797   4.296913    32.4377        949     3.9500     2.7660  0.000e+00
     25.719    18.0797   4.296874    32.4374        950     3.9542     2.7676  0.000e+00
     25.645    18.0795   4.296893    32.4377        951     3.9583     2.7676  0.000e+00
     25.557    18.0795   4.296887    32.4377        952     3.9625     2.7682  0.000e+00
     25.467    18.0797   4.296893    32.4376        953     3.9667     2.7686  0.000e+00
     25.374    18.0798   4.296873    32.4374        954     3.9708     2.7683  0.000e+00
     25.282    18.0797   4.296860    32.4374        955     3.9750     2.7675  0.000e+00
     25.203    18.0797   4.296893    32.4376        956     3.9792     2.7669  0.000e+00
     25.131    18.0798   4.296886    32.4375        957     3.9833     2.7658  0.000e+00
     25.077    18.0801   4.296893    32.4374        958     3.9875     2.7657  0.000e+00
     25.038    18.0802   4.296794    32.4365        959     3.9917     2.7665  0.000e+00
     25.024    18.0801   4.296860    32.4372        960     3.9958     2.7657  0.000e+00
     25.022    18.0800   4.296893    32.4375        961     4.0000     2.7667  0.000e+00
     25.045    18.0800   4.296919    32.4377        962     4.0042     2.7647  0.000e+00
     25.065    18.0802   4.296939    32.4377        963     4.0083     2.7651  0.000e+00
     25.097    18.0805   4.296893    32.4371        964     4.0125     2.7647  0.000e+00
     25.133    18.0806   4.296886    32.4369        965     4.0167     2.7639  0.000e+00
     25.173    18.0805   4.296893    32.4370        966     4.0208     2.7611  0.000e+00
     25.205    18.0806   4.296919    32.4372        967     4.0250     2.7610  0.000e+00
     25.227    18.0808   4.296913    32.4370        968     4.0292     2.7599  0.000e+00
     25.236    18.0806   4.296919    32.4372        969     4.0333     2.7586  0.000e+00
     25.228    18.0805   4.296873    32.4369        970     4.0375     2.7598  0.000e+00
     25.219    18.0802   4.296860    32.4370        971     4.0417     2.7597  0.000e+00
     25.194    18.0798   4.296847    32.4372        972     4.0458     2.7609  0.000e+00
     25.167    18.0792   4.296834    32.4376        973     4.0500     2.7627  0.000e+00
     25.140    18.0789   4.296821    32.4377        974     4.0542     2.7643  0.000e+00
     25.108    18.0785   4.296794    32.4378        975     4.0583     2.7659  0.000e+00
     25.076    18.0785   4.296834    32.4382        976     4.0625     2.7665  0.000e+00
     25.038    18.0785   4.296794    32.4379        977     4.0667     2.7661  0.000e+00
     24.993    18.0786   4.296788    32.4377        978     4.0708     2.7670  0.000e+00
     24.957    18.0787   4.296873    32.4384        979     4.0750     2.7672  0.000e+00
     24.923    18.0789   4.296873    32.4383        980     4.0792     2.7681  0.000e+00
     24.890    18.0792   4.296886    32.4381        981     4.0833     2.7678  0.000e+00
     24.867    18.0796   4.296919    32.4381        982     4.0875     2.7670  0.000e+00
     24.856    18.0798   4.296919    32.4379        983     4.0917     2.7655  0.000e+00
     24.860    18.0802   4.296939    32.4378        984     4.0958     2.7657  0.000e+00
     24.878    18.0803   4.296919    32.4375        985     4.1000     2.7666  0.000e+00
     24.905    18.0807   4.296939    32.4374        986     4.1042     2.7660  0.000e+00
     24.932    18.0808   4.296945    32.4374        987     4.1083     2.7668  0.000e+00
     24.959    18.0807   4.296945    32.4374        988     4.1125     2.7674  0.000e+00
     24.987    18.0808   4.296939    32.4372        989     4.1167     2.7673  0.000e+00
     25.005    18.0808   4.296821    32.4362        990     4.1208     2.7680  0.000e+00
     25.014    18.0808   4.296945    32.4373        991     4.1250     2.7681  0.000e+00
     25.013    18.0807   4.296939    32.4374        992     4.1292     2.7664  0.000e+00
     25.005    18.0808   4.296919    32.4371        993     4.1333     2.7638  0.000e+00
     24.977    18.0805   4.296886    32.4371        994     4.1375     2.7608  0.000e+00
     24.934    18.0802   4.296794    32.4365        995     4.1417     2.7599  0.000e+00
     24.883    18.0794   4.296821    32.4374        996     4.1458     2.7579  0.000e+00
     24.828    18.0791   4.296913    32.4385        997     4.1500     2.7583  0.000e+00
     24.770    18.0794   4.296945    32.4385        998     4.1542     2.7591  0.000e+00
     24.716    18.0801   4.296919    32.4378        999     4.1583     2.7596  0.000e+00
     24.664    18.0804   4.296912    32.4375       1000     4.1625     2.7615  0.000e+00
     24.621    18.0806   4.296919    32.4374       1001     4.1667     2.7615  0.000e+00
     24.587    18.0808   4.296912    32.4371       1002     4.1708     2.7619  0.000e+00
     24.554    18.0807   4.296893    32.4371       1003     4.1750     2.7588  0.000e+00
     24.526    18.0810   4.296919    32.4371       1004     4.1792     2.7593  0.000e+00
     24.517    18.0808   4.296860    32.4367       1005     4.1833     2.7587  0.000e+00
     24.504    18.0805   4.296820    32.4367       1006     4.1875     2.7589  0.000e+00
     24.508    18.0797   4.296847    32.4376       1007     4.1917     2.7580  0.000e+00
     24.509    18.0794   4.296912    32.4383       1008     4.1958     2.7581  0.000e+00
     24.508    18.0797   4.296919    32.4382       1009     4.2000     2.7576  0.000e+00
     24.500    18.0799   4.296965    32.4384       1010     4.2042     2.7588  0.000e+00
     24.502    18.0804   4.296945    32.4378       1011     4.2083     2.7580  0.000e+00
     24.491    18.0805   4.296945    32.4377       1012     4.2125     2.7584  0.000e+00
     24.479    18.0809   4.296939    32.4373       1013     4.2167     2.7571  0.000e+00
     24.472    18.0811   4.296945    32.4373       1014     4.2208     2.7586  0.000e+00
     24.450    18.0812   4.296945    32.4372       1015     4.2250     2.7594  0.000e+00
     24.428    18.0812   4.296939    32.4372       1016     4.2292     2.7593  0.000e+00
     24.412    18.0809   4.296919    32.4372       1017     4.2333     2.7603  0.000e+00
     24.405    18.0810   4.296912    32.4371       1018     4.2375     2.7628  0.000e+00
     24.398    18.0809   4.296919    32.4372       1019     4.2417     2.7629  0.000e+00
     24.385    18.0808   4.296893    32.4370       1020     4.2458     2.7627  0.000e+00
     24.376    18.0808   4.296912    32.4373       1021     4.2500     2.7634  0.000e+00
     24.362    18.0808   4.296945    32.4376       1022     4.2542     2.7645  0.000e+00
     24.346    18.0807   4.296971    32.4379       1023     4.2583     2.7637  0.000e+00
     24.328    18.0809   4.296991    32.4378       1024     4.2625     2.7634  0.000e+00
     24.315    18.0808   4.296991    32.4379       1025     4.2667     2.7632  0.000e+00
     24.290    18.0811   4.297044    32.4382       1026     4.2708     2.7634  0.000e+00
     24.274    18.0814   4.297017    32.4377       1027     4.2750     2.7651  0.000e+00
     24.261    18.0815   4.297017    32.4376       1028     4.2792     2.7657  0.000e+00
     24.245    18.0814   4.296939    32.4370       1029     4.2833     2.7660  0.000e+00
     24.234    18.0813   4.296991    32.4376       1030     4.2875     2.7644  0.000e+00
     24.220    18.0812   4.296971    32.4375       1031     4.2917     2.7634  0.000e+00
     24.211    18.0811   4.296965    32.4375       1032     4.2958     2.7628  0.000e+00
     24.213    18.0810   4.296971    32.4376       1033     4.3000     2.7617  0.000e+00
     24.215    18.0809   4.296971    32.4377       1034     4.3042     2.7617  0.000e+00
     24.227    18.0809   4.296965    32.4376       1035     4.3083     2.7607  0.000e+00
     24.240    18.0807   4.296945    32.4377       1036     4.3125     2.7606  0.000e+00
     24.265    18.0808   4.296991    32.4379       1037     4.3167     2.7594  0.000e+00
     24.290    18.0810   4.296991    32.4378       1038     4.3208     2.7590  0.000e+00
     24.315    18.0812   4.297044    32.4381       1039     4.3250     2.7592  0.000e+00
     24.335    18.0813   4.297044    32.4380       1040     4.3292     2.7586  0.000e+00
     24.358    18.0814   4.296991    32.4374       1041     4.3333     2.7596  0.000e+00
     24.367    18.0814   4.296965    32.4372       1042     4.3375     2.7593  0.000e+00
     24.371    18.0814   4.296991    32.4375       1043     4.3417     2.7602  0.000e+00
     24.369    18.0814   4.296991    32.4375       1044     4.3458     2.7615  0.000e+00
     24.357    18.0812   4.296965    32.4374       1045     4.3500     2.7602  0.000e+00
     24.330    18.0813   4.296971    32.4374       1046     4.3542     2.7595  0.000e+00
     24.308    18.0813   4.296991    32.4376       1047     4.3583     2.7597  0.000e+00
     24.277    18.0812   4.296939    32.4372       1048     4.3625     2.7609  0.000e+00
     24.242    18.0814   4.296991    32.4375       1049     4.3667     2.7622  0.000e+00
     24.211    18.0813   4.296965    32.4374       1050     4.3708     2.7648  0.000e+00
     24.180    18.0812   4.296945    32.4373       1051     4.3750     2.7664  0.000e+00
     24.155    18.0811   4.296919    32.4371       1052     4.3792     2.7666  0.000e+00
     24.137    18.0813   4.296965    32.4374       1053     4.3833     2.7650  0.000e+00
     24.123    18.0812   4.296971    32.4375       1054     4.3875     2.7648  0.000e+00
     24.109    18.0814   4.296945    32.4372       1055     4.3917     2.7640  0.000e+00
     24.092    18.0814   4.296912    32.4369       1056     4.3958     2.7628  0.000e+00
     24.074    18.0814   4.296945    32.4371       1057     4.4000     2.7619  0.000e+00
     24.056    18.0813   4.296938    32.4372       1058     4.4042     2.7623  0.000e+00
     24.031    18.0813   4.296919    32.4371       1059     4.4083     2.7630  0.000e+00
     23.997    18.0816   4.296892    32.4366       1060     4.4125     2.7661  0.000e+00
     23.961    18.0814   4.296912    32.4370       1061     4.4167     2.7666  0.000e+00
     23.904    18.0810   4.296892    32.4371       1062     4.4208     2.7686  0.000e+00
     23.830    18.0809   4.296892    32.4372       1063     4.4250     2.7706  0.000e+00
     23.747    18.0808   4.296814    32.4367       1064     4.4292     2.7715  0.000e+00
     23.663    18.0803   4.296846    32.4373       1065     4.4333     2.7718  0.000e+00
     23.573    18.0799   4.296787    32.4372       1066     4.4375     2.7706  0.000e+00
     23.490    18.0795   4.296794    32.4376       1067     4.4417     2.7692  0.000e+00
     23.424    18.0793   4.296794    32.4378       1068     4.4458     2.7684  0.000e+00
     23.381    18.0790   4.296813    32.4382       1069     4.4500     2.7683  0.000e+00
     23.355    18.0789   4.296794    32.4381       1070     4.4542     2.7684  0.000e+00
     23.361    18.0791   4.296820    32.4382       1071     4.4583     2.7668  0.000e+00
     23.377    18.0794   4.296833    32.4381       1072     4.4625     2.7657  0.000e+00
     23.418    18.0795   4.296820    32.4379       1073     4.4667     2.7634  0.000e+00
     23.472    18.0795   4.296813    32.4378       1074     4.4708     2.7614  0.000e+00
     23.539    18.0796   4.296794    32.4375       1075     4.4750     2.7617  0.000e+00
     23.623    18.0792   4.296774    32.4376       1076     4.4792     2.7609  0.000e+00
     23.713    18.0790   4.296787    32.4379       1077     4.4833     2.7629  0.000e+00
     23.819    18.0787   4.296846    32.4386       1078     4.4875     2.7651  0.000e+00
     23.923    18.0786   4.296873    32.4388       1079     4.4917     2.7650  0.000e+00
     24.024    18.0791   4.296833    32.4381       1080     4.4958     2.7644  0.000e+00
     24.121    18.0791   4.296847    32.4381       1081     4.5000     2.7648  0.000e+00
     24.196    18.0790   4.296814    32.4379       1082     4.5042     2.7635  0.000e+00
     24.236    18.0787   4.296794    32.4380       1083     4.5083     2.7639  0.000e+00
     24.245    18.0786   4.296820    32.4383       1084     4.5125     2.7645  0.000e+00
     24.204    18.0787   4.296814    32.4381       1085     4.5167     2.7655  0.000e+00
     24.123    18.0785   4.296820    32.4384       1086     4.5208     2.7656  0.000e+00
     24.006    18.0785   4.296820    32.4384       1087     4.5250     2.7666  0.000e+00
     23.876    18.0788   4.296814    32.4382       1088     4.5292     2.7687  0.000e+00
