PC2305/sbe011.cnv
* Sea-Bird SBE 19plus V2 Data File:
* FileName = C:\cruise\data\sbe011.hex
* Software Version Seasave V 7.26.7.121
* Temperature SN = 7142
* Conductivity SN = 7142
* System UpLoad Time = Oct 28 2023 05:50:24
** Cruise: PC2205
** Program: ECOMON
# nquan = 8
# nvalues = 2048                                  
# units = specified
# name 0 = depSM: Depth [salt water, m], lat = 40.00
# name 1 = tv290C: Temperature [ITS-90, deg C]
# name 2 = c0S/m: Conductivity [S/m]
# name 3 = sal00: Salinity, Practical [PSU]
# name 4 = scan: Scan Count
# name 5 = timeM: Time, Elapsed [minutes]
# name 6 = sbeox0V: Oxygen raw, SBE 43 [V]
# name 7 = flag:  0.000e+00
# span 0 =     -0.036,     66.898                 
# span 1 =    12.6555,    14.9235                 
# span 2 =   0.000290,   3.898255                 
# span 3 =     0.0083,    32.4181                 
# span 4 =         11,       2058                 
# span 5 =     0.0417,     8.5708                 
# span 6 =     2.2593,     2.9620                 
# span 7 = 0.0000e+00, 0.0000e+00                 
# interval = seconds: 0.25
# start_time = Oct 28 2023 05:50:24 [System UTC, header]
# bad_flag = -9.990e-29
*END*
[from data line 899]
     44.693    13.5871   3.855469    32.1923        910     3.7875     2.5788  0.000e+00
     44.695    13.5873   3.855482    32.1923        911     3.7917     2.5775  0.000e+00
     44.691    13.5876   3.855564    32.1928        912     3.7958     2.5773  0.000e+00
     44.675    13.5878   3.855683    32.1937        913     3.8000     2.5767  0.000e+00
     44.648    13.5887   3.855796    32.1940        914     3.8042     2.5775  0.000e+00
     44.607    13.5901   3.855985    32.1946        915     3.8083     2.5795  0.000e+00
     44.565    13.5922   3.856091    32.1939        916     3.8125     2.5764  0.000e+00
     44.511    13.5945   3.856060    32.1917        917     3.8167     2.5779  0.000e+00
     44.450    13.5965   3.856066    32.1900        918     3.8208     2.5769  0.000e+00
     44.375    13.5977   3.855928    32.1878        919     3.8250     2.5768  0.000e+00
     44.299    13.5986   3.855702    32.1850        920     3.8292     2.5794  0.000e+00
     44.224    13.5994   3.855702    32.1843        921     3.8333     2.5763  0.000e+00
     44.136    13.6007   3.855846    32.1846        922     3.8375     2.5775  0.000e+00
     44.039    13.6027   3.855997    32.1843        923     3.8417     2.5782  0.000e+00
     43.943    13.6051   3.856085    32.1832        924     3.8458     2.5769  0.000e+00
     43.836    13.6082   3.856091    32.1807        925     3.8500     2.5765  0.000e+00
     43.728    13.6118   3.856110    32.1779        926     3.8542     2.5764  0.000e+00
     43.625    13.6152   3.856436    32.1781        927     3.8583     2.5765  0.000e+00
     43.525    13.6206   3.856675    32.1758        928     3.8625     2.5733  0.000e+00
     43.426    13.6275   3.857190    32.1749        929     3.8667     2.5736  0.000e+00
     43.331    13.6358   3.857667    32.1723        930     3.8708     2.5722  0.000e+00
     43.241    13.6451   3.857975    32.1674        931     3.8750     2.5727  0.000e+00
     43.160    13.6530   3.858145    32.1624        932     3.8792     2.5717  0.000e+00
     43.081    13.6584   3.858302    32.1593        933     3.8833     2.5717  0.000e+00
     43.018    13.6624   3.858327    32.1562        934     3.8875     2.5685  0.000e+00
     42.957    13.6649   3.858484    32.1556        935     3.8917     2.5670  0.000e+00
     42.908    13.6666   3.858634    32.1556        936     3.8958     2.5653  0.000e+00
     42.874    13.6684   3.858886    32.1564        937     3.9000     2.5637  0.000e+00
     42.838    13.6703   3.859093    32.1568        938     3.9042     2.5617  0.000e+00
     42.813    13.6728   3.859112    32.1549        939     3.9083     2.5605  0.000e+00
     42.791    13.6745   3.859181    32.1541        940     3.9125     2.5598  0.000e+00
     42.786    13.6755   3.859275    32.1541        941     3.9167     2.5595  0.000e+00
     42.781    13.6765   3.859294    32.1534        942     3.9208     2.5605  0.000e+00
     42.788    13.6773   3.859036    32.1504        943     3.9250     2.5614  0.000e+00
     42.790    13.6767   3.858842    32.1490        944     3.9292     2.5615  0.000e+00
     42.800    13.6752   3.858597    32.1481        945     3.9333     2.5632  0.000e+00
     42.806    13.6729   3.858496    32.1491        946     3.9375     2.5643  0.000e+00
     42.809    13.6710   3.858458    32.1503        947     3.9417     2.5647  0.000e+00
     42.808    13.6698   3.858540    32.1521        948     3.9458     2.5640  0.000e+00
     42.800    13.6693   3.858484    32.1520        949     3.9500     2.5634  0.000e+00
     42.790    13.6689   3.858502    32.1525        950     3.9542     2.5634  0.000e+00
     42.770    13.6687   3.858590    32.1535        951     3.9583     2.5627  0.000e+00
     42.739    13.6689   3.858798    32.1552        952     3.9625     2.5627  0.000e+00
     42.701    13.6700   3.859420    32.1602        953     3.9667     2.5619  0.000e+00
     42.649    13.6731   3.860400    32.1666        954     3.9708     2.5626  0.000e+00
     42.597    13.6795   3.861550    32.1720        955     3.9750     2.5642  0.000e+00
     42.529    13.6889   3.862185    32.1699        956     3.9792     2.5643  0.000e+00
     42.464    13.6987   3.862367    32.1635        957     3.9833     2.5652  0.000e+00
     42.394    13.7059   3.862493    32.1586        958     3.9875     2.5647  0.000e+00
     42.324    13.7106   3.862707    32.1566        959     3.9917     2.5653  0.000e+00
     42.250    13.7141   3.863159    32.1579        960     3.9958     2.5653  0.000e+00
     42.184    13.7177   3.863593    32.1589        961     4.0000     2.5675  0.000e+00
     42.108    13.7220   3.864046    32.1596        962     4.0042     2.5679  0.000e+00
     42.044    13.7265   3.864769    32.1625        963     4.0083     2.5703  0.000e+00
     41.983    13.7323   3.865290    32.1625        964     4.0125     2.5713  0.000e+00
     41.914    13.7389   3.865599    32.1599        965     4.0167     2.5730  0.000e+00
     41.853    13.7447   3.865693    32.1560        966     4.0208     2.5756  0.000e+00
     41.789    13.7486   3.865831    32.1540        967     4.0250     2.5766  0.000e+00
     41.735    13.7515   3.865957    32.1527        968     4.0292     2.5798  0.000e+00
     41.677    13.7537   3.866032    32.1516        969     4.0333     2.5811  0.000e+00
     41.611    13.7553   3.866051    32.1504        970     4.0375     2.5832  0.000e+00
     41.566    13.7565   3.866082    32.1497        971     4.0417     2.5837  0.000e+00
     41.508    13.7572   3.866082    32.1492        972     4.0458     2.5845  0.000e+00
     41.458    13.7577   3.866145    32.1494        973     4.0500     2.5866  0.000e+00
     41.416    13.7580   3.866126    32.1490        974     4.0542     2.5865  0.000e+00
     41.375    13.7583   3.866145    32.1489        975     4.0583     2.5884  0.000e+00
     41.337    13.7586   3.866170    32.1489        976     4.0625     2.5893  0.000e+00
     41.301    13.7588   3.866195    32.1490        977     4.0667     2.5901  0.000e+00
     41.269    13.7590   3.866239    32.1492        978     4.0708     2.5901  0.000e+00
     41.237    13.7594   3.866214    32.1487        979     4.0750     2.5891  0.000e+00
     41.204    13.7595   3.866214    32.1486        980     4.0792     2.5888  0.000e+00
     41.179    13.7595   3.866258    32.1490        981     4.0833     2.5890  0.000e+00
     41.150    13.7599   3.866309    32.1491        982     4.0875     2.5901  0.000e+00
     41.115    13.7601   3.866315    32.1491        983     4.0917     2.5911  0.000e+00
     41.082    13.7605   3.866327    32.1489        984     4.0958     2.5918  0.000e+00
     41.057    13.7607   3.866315    32.1486        985     4.1000     2.5921  0.000e+00
     41.028    13.7607   3.866309    32.1485        986     4.1042     2.5921  0.000e+00
     41.001    13.7607   3.866371    32.1491        987     4.1083     2.5921  0.000e+00
     40.967    13.7610   3.866478    32.1499        988     4.1125     2.5920  0.000e+00
     40.942    13.7618   3.866510    32.1495        989     4.1167     2.5917  0.000e+00
     40.906    13.7625   3.866529    32.1491        990     4.1208     2.5911  0.000e+00
     40.877    13.7630   3.866554    32.1489        991     4.1250     2.5909  0.000e+00
     40.845    13.7635   3.866579    32.1487        992     4.1292     2.5898  0.000e+00
     40.811    13.7636   3.866529    32.1482        993     4.1333     2.5905  0.000e+00
     40.780    13.7638   3.866535    32.1481        994     4.1375     2.5901  0.000e+00
     40.742    13.7639   3.866478    32.1475        995     4.1417     2.5901  0.000e+00
     40.710    13.7638   3.866535    32.1481        996     4.1458     2.5905  0.000e+00
     40.672    13.7636   3.866466    32.1477        997     4.1500     2.5916  0.000e+00
     40.638    13.7633   3.866547    32.1487        998     4.1542     2.5911  0.000e+00
     40.600    13.7634   3.866623    32.1494        999     4.1583     2.5910  0.000e+00
     40.568    13.7639   3.866623    32.1489       1000     4.1625     2.5906  0.000e+00
     40.530    13.7644   3.866648    32.1487       1001     4.1667     2.5891  0.000e+00
     40.493    13.7646   3.866711    32.1492       1002     4.1708     2.5884  0.000e+00
     40.457    13.7652   3.866736    32.1489       1003     4.1750     2.5895  0.000e+00
     40.410    13.7658   3.866761    32.1487       1004     4.1792     2.5899  0.000e+00
     40.363    13.7663   3.866805    32.1487       1005     4.1833     2.5901  0.000e+00
     40.315    13.7668   3.866811    32.1484       1006     4.1875     2.5899  0.000e+00
     40.255    13.7672   3.866824    32.1482       1007     4.1917     2.5914  0.000e+00
     40.202    13.7674   3.866811    32.1479       1008     4.1958     2.5927  0.000e+00
     40.142    13.7677   3.866849    32.1480       1009     4.2000     2.5930  0.000e+00
     40.079    13.7680   3.866893    32.1482       1010     4.2042     2.5936  0.000e+00
     40.015    13.7683   3.866931    32.1483       1011     4.2083     2.5954  0.000e+00
     39.945    13.7688   3.866987    32.1485       1012     4.2125     2.5959  0.000e+00
     39.878    13.7694   3.867025    32.1483       1013     4.2167     2.5975  0.000e+00
     39.810    13.7699   3.867031    32.1480       1014     4.2208     2.5974  0.000e+00
     39.747    13.7705   3.867075    32.1479       1015     4.2250     2.5974  0.000e+00
     39.693    13.7711   3.867119    32.1479       1016     4.2292     2.5979  0.000e+00
     39.630    13.7715   3.867163    32.1479       1017     4.2333     2.5974  0.000e+00
     39.587    13.7720   3.867188    32.1477       1018     4.2375     2.5971  0.000e+00
     39.549    13.7725   3.867188    32.1474       1019     4.2417     2.5967  0.000e+00
     39.519    13.7729   3.867214    32.1473       1020     4.2458     2.5975  0.000e+00
     39.492    13.7732   3.867239    32.1472       1021     4.2500     2.5979  0.000e+00
     39.468    13.7735   3.867232    32.1469       1022     4.2542     2.5979  0.000e+00
     39.449    13.7736   3.867232    32.1469       1023     4.2583     2.5981  0.000e+00
     39.432    13.7738   3.867239    32.1468       1024     4.2625     2.5991  0.000e+00
     39.420    13.7738   3.867258    32.1470       1025     4.2667     2.5982  0.000e+00
     39.413    13.7740   3.867264    32.1469       1026     4.2708     2.5982  0.000e+00
     39.404    13.7741   3.867257    32.1467       1027     4.2750     2.5973  0.000e+00
     39.400    13.7742   3.867239    32.1465       1028     4.2792     2.5988  0.000e+00
     39.398    13.7740   3.867232    32.1465       1029     4.2833     2.5977  0.000e+00
     39.391    13.7740   3.867257    32.1468       1030     4.2875     2.5965  0.000e+00
     39.387    13.7739   3.867213    32.1465       1031     4.2917     2.5981  0.000e+00
     39.384    13.7739   3.867257    32.1469       1032     4.2958     2.5986  0.000e+00
     39.371    13.7741   3.867333    32.1474       1033     4.3000     2.5983  0.000e+00
     39.362    13.7744   3.867346    32.1473       1034     4.3042     2.5981  0.000e+00
     39.346    13.7750   3.867371    32.1470       1035     4.3083     2.5981  0.000e+00
     39.326    13.7753   3.867402    32.1471       1036     4.3125     2.5971  0.000e+00
     39.303    13.7758   3.867415    32.1468       1037     4.3167     2.5971  0.000e+00
     39.265    13.7760   3.867402    32.1465       1038     4.3208     2.5961  0.000e+00
     39.231    13.7761   3.867415    32.1465       1039     4.3250     2.5963  0.000e+00
     39.193    13.7762   3.867440    32.1467       1040     4.3292     2.5976  0.000e+00
     39.150    13.7764   3.867496    32.1471       1041     4.3333     2.5976  0.000e+00
     39.105    13.7769   3.867528    32.1470       1042     4.3375     2.5976  0.000e+00
     39.050    13.7774   3.867496    32.1463       1043     4.3417     2.5988  0.000e+00
     38.996    13.7775   3.867503    32.1463       1044     4.3458     2.5995  0.000e+00
     38.945    13.7777   3.867503    32.1462       1045     4.3500     2.5990  0.000e+00
     38.888    13.7777   3.867521    32.1464       1046     4.3542     2.5998  0.000e+00
     38.827    13.7778   3.867370    32.1449       1047     4.3583     2.5994  0.000e+00
     38.769    13.7777   3.867402    32.1452       1048     4.3625     2.5992  0.000e+00
     38.715    13.7775   3.867528    32.1466       1049     4.3667     2.5985  0.000e+00
     38.663    13.7777   3.867458    32.1458       1050     4.3708     2.5987  0.000e+00
     38.616    13.7780   3.867307    32.1442       1051     4.3750     2.5984  0.000e+00
     38.570    13.7777   3.867276    32.1442       1052     4.3792     2.5976  0.000e+00
     38.525    13.7775   3.867276    32.1444       1053     4.3833     2.5973  0.000e+00
     38.487    13.7772   3.867238    32.1443       1054     4.3875     2.5972  0.000e+00
     38.448    13.7772   3.867232    32.1442       1055     4.3917     2.5964  0.000e+00
     38.422    13.7771   3.867471    32.1466       1056     4.3958     2.5977  0.000e+00
     38.395    13.7781   3.867779    32.1486       1057     4.4000     2.5975  0.000e+00
     38.370    13.7804   3.868232    32.1509       1058     4.4042     2.5981  0.000e+00
     38.350    13.7838   3.868471    32.1502       1059     4.4083     2.5985  0.000e+00
     38.329    13.7874   3.868590    32.1484       1060     4.4125     2.5982  0.000e+00
     38.307    13.7900   3.868660    32.1468       1061     4.4167     2.5987  0.000e+00
     38.293    13.7918   3.868754    32.1462       1062     4.4208     2.5986  0.000e+00
     38.277    13.7931   3.868817    32.1457       1063     4.4250     2.5996  0.000e+00
     38.268    13.7943   3.868899    32.1455       1064     4.4292     2.6000  0.000e+00
     38.252    13.7952   3.868911    32.1448       1065     4.4333     2.6018  0.000e+00
     38.244    13.7959   3.868943    32.1445       1066     4.4375     2.6024  0.000e+00
     38.232    13.7968   3.868955    32.1439       1067     4.4417     2.6021  0.000e+00
     38.217    13.7972   3.868999    32.1440       1068     4.4458     2.6025  0.000e+00
     38.203    13.7975   3.869018    32.1439       1069     4.4500     2.6033  0.000e+00
     38.187    13.7977   3.869043    32.1440       1070     4.4542     2.6030  0.000e+00
     38.160    13.7980   3.869043    32.1437       1071     4.4583     2.6042  0.000e+00
     38.140    13.7981   3.869112    32.1443       1072     4.4625     2.6034  0.000e+00
     38.117    13.7985   3.869112    32.1440       1073     4.4667     2.6025  0.000e+00
     38.086    13.7988   3.869138    32.1439       1074     4.4708     2.6031  0.000e+00
     38.059    13.7992   3.869156    32.1438       1075     4.4750     2.6020  0.000e+00
     38.031    13.7995   3.869207    32.1440       1076     4.4792     2.6023  0.000e+00
     38.007    13.7998   3.869226    32.1440       1077     4.4833     2.6024  0.000e+00
     37.978    13.8001   3.869251    32.1439       1078     4.4875     2.6030  0.000e+00
     37.946    13.8005   3.869276    32.1439       1079     4.4917     2.6030  0.000e+00
     37.919    13.8009   3.869364    32.1444       1080     4.4958     2.6030  0.000e+00
     37.892    13.8015   3.869364    32.1439       1081     4.5000     2.6033  0.000e+00
     37.869    13.8021   3.869446    32.1442       1082     4.5042     2.6043  0.000e+00
     37.840    13.8022   3.869590    32.1454       1083     4.5083     2.6030  0.000e+00
     37.809    13.8032   3.870062    32.1489       1084     4.5125     2.6038  0.000e+00
     37.784    13.8056   3.870408    32.1501       1085     4.5167     2.6055  0.000e+00
     37.747    13.8089   3.870861    32.1516       1086     4.5208     2.6063  0.000e+00
     37.709    13.8130   3.871176    32.1511       1087     4.5250     2.6059  0.000e+00
     37.673    13.8170   3.871358    32.1494       1088     4.5292     2.6067  0.000e+00
