PC2305/sbe083.cnv
* Sea-Bird SBE 19plus V2 Data File:
* FileName = C:\cruise\data\sbe083.hex
* Software Version Seasave V 7.26.7.121
* Temperature SN = 7142
* Conductivity SN = 7142
* System UpLoad Time = Nov 04 2023 04:57:45
** Cruise: PC2205
** Program: ECOMON
# nquan = 8
# nvalues = 1538                                  
# units = specified
# name 0 = depSM: Depth [salt water, m], lat = 40.00
# name 1 = tv290C: Temperature [ITS-90, deg C]
# name 2 = c0S/m: Conductivity [S/m]
# name 3 = sal00: Salinity, Practical [PSU]
# name 4 = scan: Scan Count
# name 5 = timeM: Time, Elapsed [minutes]
# name 6 = sbeox0V: Oxygen raw, SBE 43 [V]
# name 7 = flag:  0.000e+00
# span 0 =      0.057,     55.604                 
# span 1 =    12.9566,    13.7611                 
# span 2 =   0.000045,   3.858319                 
# span 3 =     0.0067,    32.1133                 
# span 4 =         11,       1548                 
# span 5 =     0.0417,     6.4458                 
# span 6 =     2.0959,     2.7385                 
# span 7 = 0.0000e+00, 0.0000e+00                 
# interval = seconds: 0.25
# start_time = Nov 04 2023 04:57:45 [System UTC, header]
# bad_flag = -9.990e-29
*END*
[from data line 180]
      0.078    13.4936   0.008120     0.0511        191     0.7917     2.4472  0.000e+00
      0.080    13.4928   0.008069     0.0508        192     0.7958     2.4445  0.000e+00
      0.080    13.4924   0.008103     0.0510        193     0.8000     2.4429  0.000e+00
      0.076    13.4905   0.007987     0.0503        194     0.8042     2.4392  0.000e+00
      0.076    13.4876   0.007886     0.0497        195     0.8083     2.4400  0.000e+00
      0.071    13.4859   0.007846     0.0495        196     0.8125     2.4409  0.000e+00
      0.078    13.4856   0.007824     0.0493        197     0.8167     2.4431  0.000e+00
      0.071    13.4850   0.007688     0.0485        198     0.8208     2.4430  0.000e+00
      0.078    13.4837   0.007573     0.0479        199     0.8250     2.4405  0.000e+00
      0.076    13.4826   0.007545     0.0477        200     0.8292     2.4372  0.000e+00
      0.076    13.4815   0.007539     0.0477        201     0.8333     2.4340  0.000e+00
      0.082    13.4809   0.007483     0.0473        202     0.8375     2.4261  0.000e+00
      0.080    13.4798   0.007311     0.0463        203     0.8417     2.4195  0.000e+00
      0.080    13.4793   0.007184     0.0456        204     0.8458     2.4141  0.000e+00
      0.080    13.4784   0.007077     0.0449        205     0.8500     2.4055  0.000e+00
      0.075    13.4776   0.007012     0.0446        206     0.8542     2.3967  0.000e+00
      0.078    13.4770   0.006961     0.0443        207     0.8583     2.3872  0.000e+00
      0.080    13.4766   0.006829     0.0435        208     0.8625     2.3772  0.000e+00
      0.076    13.4756   0.006691     0.0427        209     0.8667     2.3677  0.000e+00
      0.076    13.4731   0.006595     0.0421        210     0.8708     2.3591  0.000e+00
      0.076    13.4710   0.006477     0.0414        211     0.8750     2.3552  0.000e+00
      0.075    13.4702   0.006361     0.0408        212     0.8792     2.3561  0.000e+00
      0.078    13.4699   0.006240     0.0401        213     0.8833     2.3564  0.000e+00
      0.076    13.4694   0.006052     0.0390        214     0.8875     2.3609  0.000e+00
      0.080    13.4670   0.005894     0.0380        215     0.8917     2.3653  0.000e+00
      0.076    13.4644   0.005567     0.0362        216     0.8958     2.3740  0.000e+00
      0.075    13.4636   0.004258     0.0286        217     0.9000     2.3833  0.000e+00
      0.076    13.4632   0.001039     0.0111        218     0.9042     2.3896  0.000e+00
      0.084    13.4625   0.000531     0.0087        219     0.9083     2.3940  0.000e+00
      0.078    13.4610   0.000441     0.0083        220     0.9125     2.3955  0.000e+00
      0.073    13.4584   0.000346     0.0079        221     0.9167     2.4028  0.000e+00
      0.080    13.4571   0.000318     0.0078        222     0.9208     2.4080  0.000e+00
      0.075    13.4569   0.000306     0.0077        223     0.9250     2.4128  0.000e+00
      0.078    13.4556   0.000290     0.0077        224     0.9292     2.4186  0.000e+00
      0.078    13.4543   0.000290     0.0077        225     0.9333     2.4263  0.000e+00
      0.076    13.4537   0.000287     0.0076        226     0.9375     2.4329  0.000e+00
      0.078    13.4531   0.000273     0.0076        227     0.9417     2.4385  0.000e+00
      0.080    13.4531   0.000270     0.0076        228     0.9458     2.4441  0.000e+00
      0.078    13.4528   0.000262     0.0075        229     0.9500     2.4485  0.000e+00
      0.080    13.4519   0.000256     0.0075        230     0.9542     2.4517  0.000e+00
      0.078    13.4509   0.000256     0.0075        231     0.9583     2.4550  0.000e+00
      0.080    13.4503   0.000245     0.0075        232     0.9625     2.4603  0.000e+00
      0.080    13.4503   0.000250     0.0075        233     0.9667     2.4630  0.000e+00
      0.082    13.4496   0.000245     0.0075        234     0.9708     2.4665  0.000e+00
      0.082    13.4481   0.000239     0.0075        235     0.9750     2.4699  0.000e+00
      0.082    13.4466   0.000236     0.0074        236     0.9792     2.4727  0.000e+00
      0.080    13.4464   0.000222     0.0074        237     0.9833     2.4732  0.000e+00
      0.080    13.4465   0.000219     0.0074        238     0.9875     2.4722  0.000e+00
      0.078    13.4457   0.000219     0.0074        239     0.9917     2.4702  0.000e+00
      0.078    13.4439   0.000211     0.0074        240     0.9958     2.4668  0.000e+00
      0.080    13.4425   0.000205     0.0073        241     1.0000     2.4633  0.000e+00
      0.078    13.4418   0.000205     0.0073        242     1.0042     2.4607  0.000e+00
      0.073    13.4421   0.000197     0.0073        243     1.0083     2.4564  0.000e+00
      0.076    13.4411   0.000186     0.0073        244     1.0125     2.4534  0.000e+00
      0.075    13.4386   0.000189     0.0073        245     1.0167     2.4520  0.000e+00
      0.076    13.4370   0.000191     0.0073        246     1.0208     2.4533  0.000e+00
      0.075    13.4365   0.000180     0.0073        247     1.0250     2.4536  0.000e+00
      0.075    13.4370   0.000160     0.0072        248     1.0292     2.4517  0.000e+00
      0.078    13.4362   0.000160     0.0072        249     1.0333     2.4501  0.000e+00
      0.078    13.4337   0.000155     0.0072        250     1.0375     2.4532  0.000e+00
      0.076    13.4321   0.000127     0.0071        251     1.0417     2.4578  0.000e+00
      0.076    13.4320   0.000104     0.0070        252     1.0458     2.4640  0.000e+00
      0.080    13.4322   0.000099     0.0070        253     1.0500     2.4669  0.000e+00
      0.080    13.4315   0.000076     0.0070        254     1.0542     2.4686  0.000e+00
      0.078    13.4294   0.000071     0.0070        255     1.0583     2.4694  0.000e+00
      0.080    13.4284   0.000076     0.0070        256     1.0625     2.4674  0.000e+00
      0.078    13.4285   0.000071     0.0070        257     1.0667     2.4659  0.000e+00
      0.080    13.4282   0.000071     0.0070        258     1.0708     2.4606  0.000e+00
      0.078    13.4269   0.000076     0.0070        259     1.0750     2.4595  0.000e+00
      0.078    13.4255   0.000071     0.0070        260     1.0792     2.4618  0.000e+00
      0.082    13.4250   0.000071     0.0070        261     1.0833     2.4649  0.000e+00
      0.080    13.4250   0.000071     0.0070        262     1.0875     2.4649  0.000e+00
      0.080    13.4250   0.000071     0.0070        263     1.0917     2.4665  0.000e+00
      0.082    13.4232   0.000065     0.0070        264     1.0958     2.4644  0.000e+00
      0.080    13.4217   0.000065     0.0070        265     1.1000     2.4649  0.000e+00
      0.078    13.4214   0.000065     0.0070        266     1.1042     2.4640  0.000e+00
      0.078    13.4215   0.000071     0.0070        267     1.1083     2.4617  0.000e+00
      0.080    13.4214   0.000071     0.0070        268     1.1125     2.4617  0.000e+00
      0.076    13.4201   0.000071     0.0070        269     1.1167     2.4655  0.000e+00
      0.078    13.4198   0.000071     0.0070        270     1.1208     2.4699  0.000e+00
      0.078    13.4197   0.000065     0.0070        271     1.1250     2.4737  0.000e+00
      0.078    13.4195   0.000071     0.0070        272     1.1292     2.4739  0.000e+00
      0.078    13.4195   0.000065     0.0070        273     1.1333     2.4699  0.000e+00
      0.076    13.4194   0.000065     0.0070        274     1.1375     2.4620  0.000e+00
      0.076    13.4181   0.000071     0.0070        275     1.1417     2.4533  0.000e+00
      0.076    13.4168   0.000065     0.0070        276     1.1458     2.4449  0.000e+00
      0.078    13.4165   0.000065     0.0070        277     1.1500     2.4353  0.000e+00
      0.073    13.4164   0.000071     0.0070        278     1.1542     2.4261  0.000e+00
      0.076    13.4154   0.000071     0.0070        279     1.1583     2.4231  0.000e+00
      0.073    13.4148   0.000065     0.0070        280     1.1625     2.4220  0.000e+00
      0.078    13.4144   0.000065     0.0070        281     1.1667     2.4218  0.000e+00
      0.080    13.4143   0.000057     0.0069        282     1.1708     2.4233  0.000e+00
      0.076    13.4132   0.000065     0.0070        283     1.1750     2.4186  0.000e+00
      0.078    13.4125   0.000059     0.0069        284     1.1792     2.4176  0.000e+00
      0.080    13.4127   0.000065     0.0070        285     1.1833     2.4168  0.000e+00
      0.078    13.4120   0.000065     0.0070        286     1.1875     2.4157  0.000e+00
      0.080    13.4115   0.000065     0.0070        287     1.1917     2.4163  0.000e+00
      0.078    13.4113   0.000065     0.0070        288     1.1958     2.4177  0.000e+00
      0.076    13.4113   0.000065     0.0070        289     1.2000     2.4178  0.000e+00
      0.084    13.4110   0.000065     0.0070        290     1.2042     2.4175  0.000e+00
      0.080    13.4102   0.000059     0.0069        291     1.2083     2.4169  0.000e+00
      0.082    13.4097   0.000065     0.0070        292     1.2125     2.4179  0.000e+00
      0.078    13.4095   0.000059     0.0069        293     1.2167     2.4185  0.000e+00
      0.080    13.4094   0.000059     0.0069        294     1.2208     2.4172  0.000e+00
      0.084    13.4082   0.000059     0.0069        295     1.2250     2.4174  0.000e+00
      0.085    13.4073   0.000065     0.0069        296     1.2292     2.4190  0.000e+00
      0.076    13.4073   0.000059     0.0069        297     1.2333     2.4205  0.000e+00
      0.080    13.4071   0.000065     0.0069        298     1.2375     2.4234  0.000e+00
      0.082    13.4056   0.000059     0.0069        299     1.2417     2.4225  0.000e+00
      0.078    13.4044   0.000065     0.0069        300     1.2458     2.4261  0.000e+00
      0.078    13.4037   0.000065     0.0069        301     1.2500     2.4272  0.000e+00
      0.078    13.4038   0.000065     0.0069        302     1.2542     2.4270  0.000e+00
      0.080    13.4038   0.000059     0.0069        303     1.2583     2.4286  0.000e+00
      0.082    13.4029   0.000065     0.0069        304     1.2625     2.4289  0.000e+00
      0.078    13.4013   0.000059     0.0069        305     1.2667     2.4302  0.000e+00
      0.076    13.4001   0.000059     0.0069        306     1.2708     2.4329  0.000e+00
      0.078    13.4001   0.000059     0.0069        307     1.2750     2.4356  0.000e+00
      0.078    13.4001   0.000059     0.0069        308     1.2792     2.4369  0.000e+00
      0.078    13.3996   0.000059     0.0069        309     1.2833     2.4376  0.000e+00
      0.078    13.3985   0.000059     0.0069        310     1.2875     2.4387  0.000e+00
      0.075    13.3979   0.000059     0.0069        311     1.2917     2.4382  0.000e+00
      0.082    13.3980   0.000059     0.0069        312     1.2958     2.4383  0.000e+00
      0.082    13.3979   0.000065     0.0069        313     1.3000     2.4372  0.000e+00
      0.076    13.3977   0.000059     0.0069        314     1.3042     2.4350  0.000e+00
      0.076    13.3976   0.000059     0.0069        315     1.3083     2.4320  0.000e+00
      0.080    13.3972   0.000059     0.0069        316     1.3125     2.4281  0.000e+00
      0.075    13.3969   0.000065     0.0069        317     1.3167     2.4241  0.000e+00
      0.082    13.3967   0.000059     0.0069        318     1.3208     2.4177  0.000e+00
      0.082    13.3966   0.000065     0.0069        319     1.3250     2.4128  0.000e+00
      0.080    13.3962   0.000065     0.0069        320     1.3292     2.4060  0.000e+00
      0.080    13.3953   0.000065     0.0069        321     1.3333     2.3988  0.000e+00
      0.075    13.3948   0.000059     0.0069        322     1.3375     2.3923  0.000e+00
      0.078    13.3947   0.000059     0.0069        323     1.3417     2.3854  0.000e+00
      0.084    13.3945   0.000059     0.0069        324     1.3458     2.3786  0.000e+00
      0.080    13.3944   0.000065     0.0069        325     1.3500     2.3715  0.000e+00
      0.082    13.3942   0.000065     0.0069        326     1.3542     2.3655  0.000e+00
      0.082    13.3939   0.000065     0.0069        327     1.3583     2.3613  0.000e+00
      0.085    13.3938   0.000059     0.0069        328     1.3625     2.3560  0.000e+00
      0.084    13.3936   0.000065     0.0069        329     1.3667     2.3516  0.000e+00
      0.087    13.3934   0.000065     0.0069        330     1.3708     2.3494  0.000e+00
      0.082    13.3930   0.000065     0.0069        331     1.3750     2.3444  0.000e+00
      0.084    13.3929   0.000059     0.0069        332     1.3792     2.3404  0.000e+00
      0.085    13.3928   0.000059     0.0069        333     1.3833     2.3349  0.000e+00
      0.084    13.3917   0.000065     0.0069        334     1.3875     2.3303  0.000e+00
      0.084    13.3906   0.000059     0.0069        335     1.3917     2.3262  0.000e+00
      0.080    13.3899   0.000059     0.0069        336     1.3958     2.3212  0.000e+00
      0.082    13.3895   0.000065     0.0069        337     1.4000     2.3180  0.000e+00
      0.080    13.3886   0.000059     0.0069        338     1.4042     2.3182  0.000e+00
      0.078    13.3871   0.000059     0.0069        339     1.4083     2.3233  0.000e+00
      0.080    13.3868   0.000057     0.0069        340     1.4125     2.3348  0.000e+00
      0.078    13.3868   0.000059     0.0069        341     1.4167     2.3446  0.000e+00
      0.080    13.3865   0.000059     0.0069        342     1.4208     2.3538  0.000e+00
      0.082    13.3858   0.000059     0.0069        343     1.4250     2.3611  0.000e+00
      0.082    13.3852   0.000059     0.0069        344     1.4292     2.3683  0.000e+00
      0.084    13.3849   0.000059     0.0069        345     1.4333     2.3747  0.000e+00
      0.082    13.3849   0.000065     0.0069        346     1.4375     2.3796  0.000e+00
      0.082    13.3844   0.000065     0.0069        347     1.4417     2.3835  0.000e+00
      0.084    13.3832   0.000059     0.0069        348     1.4458     2.3885  0.000e+00
      0.087    13.3820   0.000059     0.0069        349     1.4500     2.3924  0.000e+00
      0.089    13.3817   0.000059     0.0069        350     1.4542     2.3980  0.000e+00
      0.082    13.3812   0.000065     0.0069        351     1.4583     2.4068  0.000e+00
      0.067    13.3779   0.000065     0.0069        352     1.4625     2.4173  0.000e+00
      0.060    13.3756   0.000059     0.0069        353     1.4667     2.4279  0.000e+00
      0.078    13.3748   0.000059     0.0069        354     1.4708     2.4420  0.000e+00
      0.091    13.3719   0.000059     0.0069        355     1.4750     2.4620  0.000e+00
      0.084    13.3694   0.000059     0.0069        356     1.4792     2.4808  0.000e+00
      0.087    13.3623   0.000059     0.0069        357     1.4833     2.4965  0.000e+00
      0.078    13.3564   0.000057     0.0069        358     1.4875     2.5137  0.000e+00
      0.076    13.3551   0.000065     0.0069        359     1.4917     2.5327  0.000e+00
      0.080    13.3535   0.000059     0.0069        360     1.4958     2.5527  0.000e+00
      0.080    13.3510   0.000059     0.0069        361     1.5000     2.5731  0.000e+00
      0.084    13.3504   0.000059     0.0069        362     1.5042     2.5916  0.000e+00
      0.082    13.3507   0.000059     0.0069        363     1.5083     2.6104  0.000e+00
      0.084    13.3480   0.000059     0.0069        364     1.5125     2.6237  0.000e+00
      0.084    13.3431   0.000059     0.0069        365     1.5167     2.6351  0.000e+00
      0.084    13.3420   0.000059     0.0069        366     1.5208     2.6432  0.000e+00
      0.211    13.3439   2.438720    19.5503        367     1.5250     2.6501  0.000e+00
      0.509    13.3590   3.131852    25.7324        368     1.5292     2.6577  0.000e+00
      0.730    13.4070   1.682282    13.0152        369     1.5333     2.6625  0.000e+00
