PC2305/sbe076.cnv
* Sea-Bird SBE 19plus V2 Data File:
* FileName = C:\cruise\data\sbe076.hex
* Software Version Seasave V 7.26.7.121
* Temperature SN = 7142
* Conductivity SN = 7142
* System UpLoad Time = Nov 03 2023 13:11:18
** Cruise: PC2205
** Program: ECOMON
# nquan = 8
# nvalues = 1194                                  
# units = specified
# name 0 = depSM: Depth [salt water, m], lat = 40.00
# name 1 = tv290C: Temperature [ITS-90, deg C]
# name 2 = c0S/m: Conductivity [S/m]
# name 3 = sal00: Salinity, Practical [PSU]
# name 4 = scan: Scan Count
# name 5 = timeM: Time, Elapsed [minutes]
# name 6 = sbeox0V: Oxygen raw, SBE 43 [V]
# name 7 = flag:  0.000e+00
# span 0 =      0.124,     35.244                 
# span 1 =    11.8399,    15.4898                 
# span 2 =   0.000045,   3.968924                 
# span 3 =     0.0061,    31.8569                 
# span 4 =         11,       1204                 
# span 5 =     0.0417,     5.0125                 
# span 6 =     1.9933,     2.5878                 
# span 7 = 0.0000e+00, 0.0000e+00                 
# interval = seconds: 0.25
# start_time = Nov 03 2023 13:11:18 [System UTC, header]
# bad_flag = -9.990e-29
*END*
[from data line 540]
     24.755    15.4779   3.967776    31.6655        551     2.2917     2.3936  0.000e+00
     24.719    15.4780   3.967820    31.6658        552     2.2958     2.3936  0.000e+00
     24.683    15.4781   3.967846    31.6660        553     2.3000     2.3936  0.000e+00
     24.644    15.4779   3.967846    31.6661        554     2.3042     2.3930  0.000e+00
     24.595    15.4779   3.967871    31.6664        555     2.3083     2.3905  0.000e+00
     24.549    15.4781   3.967871    31.6663        556     2.3125     2.3858  0.000e+00
     24.502    15.4780   3.967846    31.6661        557     2.3167     2.3805  0.000e+00
     24.457    15.4782   3.967871    31.6662        558     2.3208     2.3754  0.000e+00
     24.416    15.4782   3.967871    31.6663        559     2.3250     2.3713  0.000e+00
     24.376    15.4781   3.967846    31.6661        560     2.3292     2.3688  0.000e+00
     24.347    15.4782   3.967846    31.6661        561     2.3333     2.3647  0.000e+00
     24.322    15.4782   3.967820    31.6658        562     2.3375     2.3624  0.000e+00
     24.306    15.4784   3.967795    31.6654        563     2.3417     2.3612  0.000e+00
     24.286    15.4785   3.967820    31.6656        564     2.3458     2.3615  0.000e+00
     24.272    15.4786   3.967846    31.6658        565     2.3500     2.3625  0.000e+00
     24.252    15.4786   3.967871    31.6660        566     2.3542     2.3607  0.000e+00
     24.229    15.4786   3.967890    31.6662        567     2.3583     2.3596  0.000e+00
     24.202    15.4786   3.967916    31.6664        568     2.3625     2.3560  0.000e+00
     24.162    15.4787   3.967960    31.6667        569     2.3667     2.3492  0.000e+00
     24.119    15.4793   3.968043    31.6669        570     2.3708     2.3441  0.000e+00
     24.067    15.4800   3.968081    31.6667        571     2.3750     2.3440  0.000e+00
     24.016    15.4806   3.968100    31.6665        572     2.3792     2.3502  0.000e+00
     23.957    15.4811   3.968100    31.6661        573     2.3833     2.3563  0.000e+00
     23.898    15.4815   3.968055    31.6654        574     2.3875     2.3602  0.000e+00
     23.844    15.4815   3.968030    31.6652        575     2.3917     2.3640  0.000e+00
     23.797    15.4815   3.968017    31.6651        576     2.3958     2.3681  0.000e+00
     23.758    15.4818   3.968011    31.6648        577     2.4000     2.3698  0.000e+00
     23.720    15.4817   3.968011    31.6649        578     2.4042     2.3724  0.000e+00
     23.691    15.4817   3.968011    31.6649        579     2.4083     2.3714  0.000e+00
     23.661    15.4815   3.968011    31.6651        580     2.4125     2.3703  0.000e+00
     23.628    15.4811   3.967985    31.6652        581     2.4167     2.3684  0.000e+00
     23.587    15.4811   3.967960    31.6650        582     2.4208     2.3649  0.000e+00
     23.553    15.4811   3.967992    31.6653        583     2.4250     2.3601  0.000e+00
     23.515    15.4811   3.968030    31.6657        584     2.4292     2.3552  0.000e+00
     23.465    15.4811   3.968080    31.6661        585     2.4333     2.3494  0.000e+00
     23.420    15.4811   3.968100    31.6663        586     2.4375     2.3447  0.000e+00
     23.369    15.4812   3.968080    31.6661        587     2.4417     2.3453  0.000e+00
     23.330    15.4819   3.968080    31.6656        588     2.4458     2.3498  0.000e+00
     23.299    15.4821   3.968055    31.6652        589     2.4500     2.3491  0.000e+00
     23.285    15.4825   3.968017    31.6645        590     2.4542     2.3518  0.000e+00
     23.281    15.4830   3.967960    31.6636        591     2.4583     2.3559  0.000e+00
     23.274    15.4832   3.967941    31.6633        592     2.4625     2.3585  0.000e+00
     23.276    15.4834   3.968010    31.6637        593     2.4667     2.3602  0.000e+00
     23.283    15.4837   3.968080    31.6641        594     2.4708     2.3583  0.000e+00
     23.289    15.4840   3.968169    31.6647        595     2.4750     2.3548  0.000e+00
     23.287    15.4842   3.968207    31.6648        596     2.4792     2.3500  0.000e+00
     23.276    15.4839   3.968239    31.6654        597     2.4833     2.3443  0.000e+00
     23.258    15.4837   3.968265    31.6657        598     2.4875     2.3358  0.000e+00
     23.231    15.4837   3.968290    31.6659        599     2.4917     2.3253  0.000e+00
     23.197    15.4836   3.968290    31.6661        600     2.4958     2.3131  0.000e+00
     23.148    15.4836   3.968239    31.6657        601     2.5000     2.3040  0.000e+00
     23.087    15.4838   3.968265    31.6657        602     2.5042     2.3008  0.000e+00
     23.024    15.4837   3.968258    31.6658        603     2.5083     2.3050  0.000e+00
     22.958    15.4838   3.968265    31.6658        604     2.5125     2.3118  0.000e+00
     22.888    15.4838   3.968239    31.6656        605     2.5167     2.3237  0.000e+00
     22.829    15.4839   3.968239    31.6655        606     2.5208     2.3375  0.000e+00
     22.767    15.4837   3.968220    31.6655        607     2.5250     2.3500  0.000e+00
     22.721    15.4833   3.968195    31.6656        608     2.5292     2.3669  0.000e+00
     22.676    15.4833   3.968188    31.6656        609     2.5333     2.3790  0.000e+00
     22.643    15.4835   3.968195    31.6655        610     2.5375     2.3880  0.000e+00
     22.620    15.4837   3.968195    31.6654        611     2.5417     2.3928  0.000e+00
     22.608    15.4841   3.968220    31.6652        612     2.5458     2.3947  0.000e+00
     22.591    15.4844   3.968264    31.6655        613     2.5500     2.3925  0.000e+00
     22.582    15.4847   3.968334    31.6658        614     2.5542     2.3894  0.000e+00
     22.573    15.4851   3.968360    31.6657        615     2.5583     2.3852  0.000e+00
     22.566    15.4852   3.968404    31.6660        616     2.5625     2.3805  0.000e+00
     22.550    15.4855   3.968449    31.6662        617     2.5667     2.3750  0.000e+00
     22.530    15.4856   3.968519    31.6667        618     2.5708     2.3685  0.000e+00
     22.505    15.4861   3.968614    31.6672        619     2.5750     2.3623  0.000e+00
     22.476    15.4865   3.968639    31.6671        620     2.5792     2.3563  0.000e+00
     22.442    15.4868   3.968639    31.6669        621     2.5833     2.3533  0.000e+00
     22.403    15.4869   3.968576    31.6663        622     2.5875     2.3535  0.000e+00
     22.363    15.4866   3.968519    31.6660        623     2.5917     2.3531  0.000e+00
     22.311    15.4865   3.968519    31.6661        624     2.5958     2.3590  0.000e+00
     22.262    15.4863   3.968519    31.6663        625     2.6000     2.3711  0.000e+00
     22.208    15.4864   3.968499    31.6660        626     2.6042     2.3851  0.000e+00
     22.158    15.4863   3.968499    31.6661        627     2.6083     2.3968  0.000e+00
     22.110    15.4865   3.968474    31.6658        628     2.6125     2.4067  0.000e+00
     22.065    15.4864   3.968455    31.6657        629     2.6167     2.4139  0.000e+00
     22.018    15.4862   3.968429    31.6657        630     2.6208     2.4174  0.000e+00
     21.987    15.4863   3.968429    31.6656        631     2.6250     2.4230  0.000e+00
     21.962    15.4862   3.968429    31.6657        632     2.6292     2.4225  0.000e+00
     21.944    15.4860   3.968429    31.6658        633     2.6333     2.4237  0.000e+00
     21.941    15.4860   3.968429    31.6658        634     2.6375     2.4211  0.000e+00
     21.933    15.4859   3.968429    31.6659        635     2.6417     2.4209  0.000e+00
     21.926    15.4861   3.968429    31.6658        636     2.6458     2.4176  0.000e+00
     21.926    15.4859   3.968448    31.6661        637     2.6500     2.4140  0.000e+00
     21.916    15.4859   3.968448    31.6661        638     2.6542     2.4103  0.000e+00
     21.910    15.4858   3.968429    31.6660        639     2.6583     2.4077  0.000e+00
     21.898    15.4853   3.968429    31.6664        640     2.6625     2.4024  0.000e+00
     21.876    15.4851   3.968448    31.6667        641     2.6667     2.3962  0.000e+00
     21.853    15.4851   3.968379    31.6661        642     2.6708     2.3907  0.000e+00
     21.817    15.4850   3.968334    31.6659        643     2.6750     2.3881  0.000e+00
     21.777    15.4849   3.968379    31.6663        644     2.6792     2.3859  0.000e+00
     21.732    15.4848   3.968378    31.6664        645     2.6833     2.3849  0.000e+00
     21.675    15.4848   3.968359    31.6663        646     2.6875     2.3847  0.000e+00
     21.624    15.4848   3.968378    31.6665        647     2.6917     2.3844  0.000e+00
     21.562    15.4849   3.968429    31.6669        648     2.6958     2.3853  0.000e+00
     21.497    15.4851   3.968506    31.6674        649     2.7000     2.3891  0.000e+00
     21.427    15.4858   3.968569    31.6675        650     2.7042     2.3933  0.000e+00
     21.366    15.4865   3.968614    31.6673        651     2.7083     2.3984  0.000e+00
     21.296    15.4869   3.968664    31.6674        652     2.7125     2.4026  0.000e+00
     21.227    15.4873   3.968683    31.6674        653     2.7167     2.4087  0.000e+00
     21.161    15.4874   3.968683    31.6672        654     2.7208     2.4135  0.000e+00
     21.096    15.4877   3.968702    31.6673        655     2.7250     2.4222  0.000e+00
     21.035    15.4880   3.968709    31.6670        656     2.7292     2.4323  0.000e+00
     20.976    15.4881   3.968734    31.6672        657     2.7333     2.4410  0.000e+00
     20.920    15.4884   3.968709    31.6668        658     2.7375     2.4488  0.000e+00
     20.870    15.4884   3.968664    31.6664        659     2.7417     2.4529  0.000e+00
     20.823    15.4880   3.968613    31.6662        660     2.7458     2.4545  0.000e+00
     20.789    15.4877   3.968543    31.6659        661     2.7500     2.4506  0.000e+00
     20.762    15.4875   3.968505    31.6658        662     2.7542     2.4456  0.000e+00
     20.744    15.4873   3.968473    31.6657        663     2.7583     2.4391  0.000e+00
     20.731    15.4870   3.968473    31.6659        664     2.7625     2.4302  0.000e+00
     20.728    15.4869   3.968448    31.6658        665     2.7667     2.4215  0.000e+00
     20.729    15.4866   3.968448    31.6659        666     2.7708     2.4110  0.000e+00
     20.731    15.4866   3.968429    31.6658        667     2.7750     2.4000  0.000e+00
     20.735    15.4862   3.968429    31.6661        668     2.7792     2.3882  0.000e+00
     20.735    15.4860   3.968378    31.6658        669     2.7833     2.3777  0.000e+00
     20.733    15.4857   3.968378    31.6661        670     2.7875     2.3655  0.000e+00
     20.726    15.4854   3.968378    31.6663        671     2.7917     2.3530  0.000e+00
     20.722    15.4851   3.968359    31.6664        672     2.7958     2.3382  0.000e+00
     20.715    15.4848   3.968359    31.6666        673     2.8000     2.3228  0.000e+00
     20.699    15.4848   3.968378    31.6668        674     2.8042     2.3081  0.000e+00
     20.675    15.4846   3.968359    31.6668        675     2.8083     2.2938  0.000e+00
     20.654    15.4848   3.968378    31.6669        676     2.8125     2.2822  0.000e+00
     20.622    15.4845   3.968359    31.6669        677     2.8167     2.2761  0.000e+00
     20.584    15.4845   3.968359    31.6669        678     2.8208     2.2791  0.000e+00
     20.539    15.4845   3.968378    31.6671        679     2.8250     2.2902  0.000e+00
     20.490    15.4848   3.968403    31.6671        680     2.8292     2.3027  0.000e+00
     20.436    15.4851   3.968429    31.6671        681     2.8333     2.3165  0.000e+00
     20.372    15.4852   3.968480    31.6675        682     2.8375     2.3266  0.000e+00
     20.296    15.4857   3.968499    31.6673        683     2.8417     2.3366  0.000e+00
     20.215    15.4858   3.968448    31.6668        684     2.8458     2.3453  0.000e+00
     20.138    15.4856   3.968378    31.6664        685     2.8500     2.3585  0.000e+00
     20.052    15.4855   3.968308    31.6659        686     2.8542     2.3705  0.000e+00
     19.974    15.4853   3.968359    31.6665        687     2.8583     2.3827  0.000e+00
     19.897    15.4854   3.968454    31.6673        688     2.8625     2.3927  0.000e+00
     19.832    15.4860   3.968518    31.6674        689     2.8667     2.4029  0.000e+00
     19.777    15.4866   3.968543    31.6671        690     2.8708     2.4097  0.000e+00
     19.737    15.4870   3.968568    31.6671        691     2.8750     2.4145  0.000e+00
     19.707    15.4873   3.968543    31.6667        692     2.8792     2.4187  0.000e+00
     19.685    15.4874   3.968498    31.6662        693     2.8833     2.4228  0.000e+00
     19.676    15.4873   3.968498    31.6662        694     2.8875     2.4213  0.000e+00
     19.667    15.4875   3.968505    31.6662        695     2.8917     2.4214  0.000e+00
     19.660    15.4875   3.968518    31.6663        696     2.8958     2.4180  0.000e+00
     19.647    15.4875   3.968498    31.6661        697     2.9000     2.4120  0.000e+00
     19.629    15.4873   3.968429    31.6656        698     2.9042     2.4053  0.000e+00
     19.617    15.4865   3.968359    31.6657        699     2.9083     2.3958  0.000e+00
     19.593    15.4856   3.968238    31.6653        700     2.9125     2.3844  0.000e+00
     19.563    15.4847   3.968193    31.6657        701     2.9167     2.3699  0.000e+00
     19.540    15.4840   3.968162    31.6659        702     2.9208     2.3550  0.000e+00
     19.518    15.4836   3.968149    31.6662        703     2.9250     2.3407  0.000e+00
     19.505    15.4833   3.968123    31.6662        704     2.9292     2.3263  0.000e+00
     19.482    15.4833   3.968123    31.6662        705     2.9333     2.3139  0.000e+00
     19.475    15.4831   3.968098    31.6661        706     2.9375     2.3054  0.000e+00
     19.464    15.4830   3.968098    31.6662        707     2.9417     2.3008  0.000e+00
     19.451    15.4829   3.968111    31.6664        708     2.9458     2.2992  0.000e+00
     19.435    15.4829   3.968098    31.6663        709     2.9500     2.3000  0.000e+00
     19.412    15.4826   3.968079    31.6664        710     2.9542     2.3035  0.000e+00
     19.378    15.4822   3.968053    31.6665        711     2.9583     2.3063  0.000e+00
     19.338    15.4822   3.968028    31.6663        712     2.9625     2.3087  0.000e+00
     19.292    15.4820   3.968028    31.6665        713     2.9667     2.3114  0.000e+00
     19.239    15.4818   3.967958    31.6661        714     2.9708     2.3128  0.000e+00
     19.177    15.4815   3.967914    31.6659        715     2.9750     2.3141  0.000e+00
     19.108    15.4812   3.967914    31.6661        716     2.9792     2.3173  0.000e+00
     19.047    15.4811   3.967939    31.6665        717     2.9833     2.3249  0.000e+00
     18.970    15.4812   3.967983    31.6668        718     2.9875     2.3363  0.000e+00
     18.898    15.4814   3.968028    31.6671        719     2.9917     2.3500  0.000e+00
     18.830    15.4819   3.968079    31.6672        720     2.9958     2.3657  0.000e+00
     18.767    15.4823   3.968136    31.6674        721     3.0000     2.3791  0.000e+00
     18.709    15.4827   3.968193    31.6676        722     3.0042     2.3885  0.000e+00
     18.670    15.4833   3.968168    31.6669        723     3.0083     2.3925  0.000e+00
     18.641    15.4834   3.968168    31.6668        724     3.0125     2.3945  0.000e+00
     18.616    15.4834   3.968148    31.6667        725     3.0167     2.3921  0.000e+00
     18.598    15.4835   3.968168    31.6668        726     3.0208     2.3901  0.000e+00
     18.574    15.4834   3.968123    31.6664        727     3.0250     2.3875  0.000e+00
     18.555    15.4831   3.968085    31.6664        728     3.0292     2.3858  0.000e+00
     18.528    15.4831   3.968053    31.6661        729     3.0333     2.3825  0.000e+00
