PC2305/sbe007.cnv
* Sea-Bird SBE 19plus V2 Data File:
* FileName = C:\cruise\data\sbe007.hex
* Software Version Seasave V 7.26.7.121
* Temperature SN = 7142
* Conductivity SN = 7142
* System UpLoad Time = Oct 27 2023 22:57:35
** Cruise: PC2205
** Program: ECOMON
# nquan = 8
# nvalues = 1344                                  
# units = specified
# name 0 = depSM: Depth [salt water, m], lat = 40.00
# name 1 = tv290C: Temperature [ITS-90, deg C]
# name 2 = c0S/m: Conductivity [S/m]
# name 3 = sal00: Salinity, Practical [PSU]
# name 4 = scan: Scan Count
# name 5 = timeM: Time, Elapsed [minutes]
# name 6 = sbeox0V: Oxygen raw, SBE 43 [V]
# name 7 = flag:  0.000e+00
# span 0 =     -0.035,     43.083                 
# span 1 =    15.6246,    15.9518                 
# span 2 =   0.000009,   3.991982                 
# span 3 =     0.0082,    31.7550                 
# span 4 =         11,       1354                 
# span 5 =     0.0417,     5.6375                 
# span 6 =     2.2989,     3.0337                 
# span 7 = 0.0000e+00, 0.0000e+00                 
# interval = seconds: 0.25
# start_time = Oct 27 2023 22:57:35 [System UTC, header]
# bad_flag = -9.990e-29
*END*
[from data line 899]
     19.759    15.6460   3.984426    31.6801        910     3.7875     2.7076  0.000e+00
     19.702    15.6460   3.984426    31.6801        911     3.7917     2.7079  0.000e+00
     19.644    15.6460   3.984426    31.6802        912     3.7958     2.7077  0.000e+00
     19.583    15.6461   3.984400    31.6798        913     3.8000     2.7096  0.000e+00
     19.525    15.6462   3.984426    31.6800        914     3.8042     2.7095  0.000e+00
     19.470    15.6462   3.984381    31.6796        915     3.8083     2.7102  0.000e+00
     19.414    15.6462   3.984407    31.6799        916     3.8125     2.7116  0.000e+00
     19.358    15.6462   3.984400    31.6799        917     3.8167     2.7115  0.000e+00
     19.308    15.6464   3.984400    31.6797        918     3.8208     2.7118  0.000e+00
     19.259    15.6464   3.984426    31.6800        919     3.8250     2.7114  0.000e+00
     19.215    15.6465   3.984451    31.6801        920     3.8292     2.7114  0.000e+00
     19.166    15.6467   3.984426    31.6798        921     3.8333     2.7126  0.000e+00
     19.125    15.6467   3.984426    31.6798        922     3.8375     2.7141  0.000e+00
     19.092    15.6466   3.984451    31.6801        923     3.8417     2.7155  0.000e+00
     19.053    15.6468   3.984451    31.6799        924     3.8458     2.7149  0.000e+00
     19.020    15.6468   3.984432    31.6798        925     3.8500     2.7136  0.000e+00
     18.984    15.6470   3.984400    31.6794        926     3.8542     2.7128  0.000e+00
     18.945    15.6471   3.984400    31.6793        927     3.8583     2.7126  0.000e+00
     18.904    15.6471   3.984425    31.6795        928     3.8625     2.7121  0.000e+00
     18.855    15.6471   3.984400    31.6793        929     3.8667     2.7128  0.000e+00
     18.801    15.6471   3.984381    31.6791        930     3.8708     2.7122  0.000e+00
     18.740    15.6471   3.984330    31.6788        931     3.8750     2.7134  0.000e+00
     18.674    15.6471   3.984285    31.6783        932     3.8792     2.7142  0.000e+00
     18.602    15.6468   3.984209    31.6779        933     3.8833     2.7154  0.000e+00
     18.533    15.6466   3.984164    31.6778        934     3.8875     2.7169  0.000e+00
     18.472    15.6464   3.984120    31.6775        935     3.8917     2.7168  0.000e+00
     18.413    15.6461   3.984145    31.6780        936     3.8958     2.7176  0.000e+00
     18.359    15.6460   3.984075    31.6775        937     3.9000     2.7177  0.000e+00
     18.311    15.6459   3.984094    31.6778        938     3.9042     2.7174  0.000e+00
     18.269    15.6460   3.984024    31.6770        939     3.9083     2.7159  0.000e+00
     18.231    15.6461   3.984120    31.6778        940     3.9125     2.7156  0.000e+00
     18.201    15.6464   3.984145    31.6779        941     3.9167     2.7141  0.000e+00
     18.163    15.6466   3.984183    31.6781        942     3.9208     2.7136  0.000e+00
     18.136    15.6473   3.984215    31.6778        943     3.9250     2.7119  0.000e+00
     18.104    15.6479   3.984285    31.6780        944     3.9292     2.7103  0.000e+00
     18.082    15.6482   3.984330    31.6781        945     3.9333     2.7095  0.000e+00
     18.061    15.6488   3.984425    31.6785        946     3.9375     2.7092  0.000e+00
     18.037    15.6494   3.984470    31.6784        947     3.9417     2.7093  0.000e+00
     18.021    15.6501   3.984495    31.6781        948     3.9458     2.7085  0.000e+00
     18.003    15.6507   3.984546    31.6780        949     3.9500     2.7098  0.000e+00
     17.989    15.6510   3.984521    31.6776        950     3.9542     2.7093  0.000e+00
     17.967    15.6513   3.984501    31.6772        951     3.9583     2.7096  0.000e+00
     17.942    15.6516   3.984521    31.6771        952     3.9625     2.7098  0.000e+00
     17.913    15.6517   3.984521    31.6770        953     3.9667     2.7112  0.000e+00
     17.883    15.6516   3.984470    31.6767        954     3.9708     2.7116  0.000e+00
     17.852    15.6518   3.984425    31.6761        955     3.9750     2.7129  0.000e+00
     17.813    15.6520   3.984380    31.6756        956     3.9792     2.7136  0.000e+00
     17.775    15.6518   3.984380    31.6758        957     3.9833     2.7155  0.000e+00
     17.725    15.6517   3.984355    31.6756        958     3.9875     2.7165  0.000e+00
     17.673    15.6516   3.984355    31.6758        959     3.9917     2.7186  0.000e+00
     17.611    15.6516   3.984329    31.6755        960     3.9958     2.7199  0.000e+00
     17.552    15.6514   3.984285    31.6753        961     4.0000     2.7204  0.000e+00
     17.486    15.6516   3.984285    31.6752        962     4.0042     2.7199  0.000e+00
     17.417    15.6514   3.984380    31.6762        963     4.0083     2.7202  0.000e+00
     17.353    15.6516   3.984355    31.6759        964     4.0125     2.7202  0.000e+00
     17.290    15.6516   3.984329    31.6756        965     4.0167     2.7211  0.000e+00
     17.236    15.6517   3.984399    31.6762        966     4.0208     2.7284  0.000e+00
     17.177    15.6518   3.984380    31.6760        967     4.0250     2.7214  0.000e+00
     17.130    15.6519   3.984399    31.6761        968     4.0292     2.7202  0.000e+00
     17.083    15.6520   3.984431    31.6763        969     4.0333     2.7202  0.000e+00
     17.040    15.6520   3.984399    31.6761        970     4.0375     2.7200  0.000e+00
     16.997    15.6521   3.984399    31.6760        971     4.0417     2.7199  0.000e+00
     16.947    15.6523   3.984355    31.6755        972     4.0458     2.7212  0.000e+00
     16.905    15.6520   3.984329    31.6754        973     4.0500     2.7209  0.000e+00
     16.853    15.6521   3.984355    31.6756        974     4.0542     2.7210  0.000e+00
     16.806    15.6521   3.984310    31.6753        975     4.0583     2.7217  0.000e+00
     16.743    15.6520   3.984284    31.6751        976     4.0625     2.7210  0.000e+00
     16.686    15.6520   3.984208    31.6745        977     4.0667     2.7209  0.000e+00
     16.623    15.6518   3.984163    31.6743        978     4.0708     2.7220  0.000e+00
     16.558    15.6516   3.984093    31.6738        979     4.0750     2.7233  0.000e+00
     16.488    15.6516   3.984049    31.6735        980     4.0792     2.7231  0.000e+00
     16.418    15.6512   3.983979    31.6732        981     4.0833     2.7231  0.000e+00
     16.350    15.6512   3.983953    31.6730        982     4.0875     2.7221  0.000e+00
     16.285    15.6512   3.983934    31.6729        983     4.0917     2.7230  0.000e+00
     16.226    15.6512   3.983909    31.6727        984     4.0958     2.7241  0.000e+00
     16.177    15.6512   3.983909    31.6727        985     4.1000     2.7234  0.000e+00
     16.129    15.6513   3.983909    31.6726        986     4.1042     2.7247  0.000e+00
     16.095    15.6512   3.983839    31.6721        987     4.1083     2.7238  0.000e+00
     16.064    15.6512   3.983909    31.6727        988     4.1125     2.7243  0.000e+00
     16.039    15.6512   3.983883    31.6724        989     4.1167     2.7250  0.000e+00
     16.016    15.6513   3.983883    31.6724        990     4.1208     2.7257  0.000e+00
     16.001    15.6512   3.983909    31.6728        991     4.1250     2.7244  0.000e+00
     15.983    15.6512   3.983909    31.6727        992     4.1292     2.7234  0.000e+00
     15.971    15.6510   3.983909    31.6729        993     4.1333     2.7247  0.000e+00
     15.955    15.6510   3.983934    31.6731        994     4.1375     2.7229  0.000e+00
     15.935    15.6510   3.983985    31.6736        995     4.1417     2.7221  0.000e+00
     15.911    15.6509   3.984023    31.6740        996     4.1458     2.7215  0.000e+00
     15.884    15.6511   3.984074    31.6743        997     4.1500     2.7211  0.000e+00
     15.863    15.6511   3.984163    31.6751        998     4.1542     2.7206  0.000e+00
     15.840    15.6510   3.984214    31.6756        999     4.1583     2.7206  0.000e+00
     15.818    15.6514   3.984259    31.6757       1000     4.1625     2.7202  0.000e+00
     15.804    15.6514   3.984259    31.6757       1001     4.1667     2.7219  0.000e+00
     15.789    15.6515   3.984284    31.6759       1002     4.1708     2.7235  0.000e+00
     15.777    15.6516   3.984284    31.6758       1003     4.1750     2.7230  0.000e+00
     15.764    15.6517   3.984233    31.6753       1004     4.1792     2.7236  0.000e+00
     15.752    15.6517   3.984144    31.6745       1005     4.1833     2.7223  0.000e+00
     15.734    15.6516   3.984049    31.6738       1006     4.1875     2.7221  0.000e+00
     15.721    15.6512   3.983979    31.6734       1007     4.1917     2.7193  0.000e+00
     15.692    15.6514   3.983908    31.6727       1008     4.1958     2.7179  0.000e+00
     15.663    15.6515   3.983883    31.6724       1009     4.2000     2.7172  0.000e+00
     15.624    15.6516   3.983838    31.6719       1010     4.2042     2.7166  0.000e+00
     15.570    15.6519   3.983813    31.6715       1011     4.2083     2.7172  0.000e+00
     15.511    15.6521   3.983838    31.6716       1012     4.2125     2.7179  0.000e+00
     15.441    15.6525   3.983813    31.6710       1013     4.2167     2.7186  0.000e+00
     15.371    15.6524   3.983838    31.6713       1014     4.2208     2.7200  0.000e+00
     15.282    15.6525   3.983883    31.6717       1015     4.2250     2.7188  0.000e+00
     15.193    15.6529   3.983864    31.6713       1016     4.2292     2.7199  0.000e+00
     15.094    15.6532   3.983787    31.6704       1017     4.2333     2.7196  0.000e+00
     14.993    15.6533   3.983717    31.6697       1018     4.2375     2.7212  0.000e+00
     14.894    15.6533   3.983743    31.6700       1019     4.2417     2.7209  0.000e+00
     14.792    15.6535   3.983768    31.6701       1020     4.2458     2.7222  0.000e+00
     14.697    15.6537   3.983813    31.6704       1021     4.2500     2.7215  0.000e+00
     14.596    15.6542   3.983838    31.6702       1022     4.2542     2.7236  0.000e+00
     14.499    15.6550   3.983908    31.6702       1023     4.2583     2.7232  0.000e+00
     14.415    15.6559   3.983952    31.6699       1024     4.2625     2.7245  0.000e+00
     14.330    15.6567   3.983952    31.6693       1025     4.2667     2.7251  0.000e+00
     14.267    15.6574   3.983863    31.6680       1026     4.2708     2.7256  0.000e+00
     14.204    15.6583   3.983908    31.6677       1027     4.2750     2.7261  0.000e+00
     14.161    15.6586   3.983812    31.6666       1028     4.2792     2.7254  0.000e+00
     14.125    15.6590   3.983698    31.6653       1029     4.2833     2.7257  0.000e+00
     14.102    15.6599   3.983564    31.6634       1030     4.2875     2.7272  0.000e+00
     14.086    15.6613   3.983507    31.6617       1031     4.2917     2.7269  0.000e+00
     14.069    15.6624   3.983558    31.6614       1032     4.2958     2.7275  0.000e+00
     14.053    15.6629   3.983558    31.6609       1033     4.3000     2.7288  0.000e+00
     14.039    15.6630   3.983507    31.6604       1034     4.3042     2.7312  0.000e+00
     14.025    15.6632   3.983437    31.6596       1035     4.3083     2.7330  0.000e+00
     14.005    15.6639   3.983367    31.6584       1036     4.3125     2.7368  0.000e+00
     13.981    15.6650   3.983271    31.6568       1037     4.3167     2.7378  0.000e+00
     13.953    15.6667   3.983271    31.6554       1038     4.3208     2.7390  0.000e+00
     13.917    15.6677   3.983443    31.6561       1039     4.3250     2.7400  0.000e+00
     13.875    15.6673   3.983506    31.6570       1040     4.3292     2.7416  0.000e+00
     13.839    15.6655   3.983557    31.6589       1041     4.3333     2.7439  0.000e+00
     13.812    15.6639   3.983577    31.6604       1042     4.3375     2.7452  0.000e+00
     13.791    15.6625   3.983577    31.6615       1043     4.3417     2.7447  0.000e+00
     13.773    15.6622   3.983436    31.6605       1044     4.3458     2.7446  0.000e+00
     13.760    15.6631   3.983366    31.6592       1045     4.3500     2.7436  0.000e+00
     13.744    15.6644   3.983436    31.6588       1046     4.3542     2.7421  0.000e+00
     13.732    15.6650   3.983487    31.6587       1047     4.3583     2.7414  0.000e+00
     13.714    15.6643   3.983557    31.6599       1048     4.3625     2.7420  0.000e+00
     13.692    15.6634   3.983252    31.6580       1049     4.3667     2.7425  0.000e+00
     13.665    15.6624   3.983691    31.6626       1050     4.3708     2.7438  0.000e+00
     13.631    15.6613   3.983767    31.6643       1051     4.3750     2.7448  0.000e+00
     13.584    15.6604   3.983742    31.6648       1052     4.3792     2.7457  0.000e+00
     13.529    15.6601   3.983557    31.6634       1053     4.3833     2.7462  0.000e+00
     13.469    15.6598   3.983506    31.6632       1054     4.3875     2.7473  0.000e+00
     13.394    15.6603   3.983436    31.6622       1055     4.3917     2.7480  0.000e+00
     13.320    15.6609   3.983468    31.6621       1056     4.3958     2.7482  0.000e+00
     13.243    15.6609   3.983532    31.6627       1057     4.4000     2.7489  0.000e+00
     13.160    15.6605   3.983506    31.6628       1058     4.4042     2.7487  0.000e+00
     13.065    15.6599   3.983252    31.6610       1059     4.4083     2.7482  0.000e+00
     12.962    15.6618   3.983086    31.6580       1060     4.4125     2.7481  0.000e+00
     12.853    15.6660   3.983086    31.6547       1061     4.4167     2.7473  0.000e+00
     12.745    15.6677   3.983060    31.6532       1062     4.4208     2.7460  0.000e+00
     12.641    15.6700   3.983016    31.6510       1063     4.4250     2.7449  0.000e+00
     12.526    15.6725   3.982850    31.6476       1064     4.4292     2.7463  0.000e+00
     12.422    15.6744   3.982755    31.6453       1065     4.4333     2.7477  0.000e+00
     12.319    15.6774   3.982805    31.6433       1066     4.4375     2.7505  0.000e+00
     12.224    15.6778   3.982735    31.6424       1067     4.4417     2.7537  0.000e+00
     12.145    15.6767   3.983016    31.6458       1068     4.4458     2.7577  0.000e+00
     12.075    15.6736   3.982965    31.6478       1069     4.4500     2.7601  0.000e+00
     12.017    15.6706   3.982946    31.6501       1070     4.4542     2.7631  0.000e+00
     11.985    15.6692   3.982990    31.6516       1071     4.4583     2.7666  0.000e+00
     11.953    15.6685   3.983016    31.6524       1072     4.4625     2.7675  0.000e+00
     11.933    15.6678   3.983047    31.6533       1073     4.4667     2.7673  0.000e+00
     11.911    15.6673   3.983060    31.6538       1074     4.4708     2.7672  0.000e+00
     11.902    15.6669   3.983016    31.6537       1075     4.4750     2.7670  0.000e+00
     11.899    15.6672   3.983035    31.6537       1076     4.4792     2.7654  0.000e+00
     11.891    15.6673   3.983016    31.6534       1077     4.4833     2.7642  0.000e+00
     11.886    15.6677   3.982965    31.6526       1078     4.4875     2.7619  0.000e+00
     11.870    15.6682   3.982850    31.6512       1079     4.4917     2.7604  0.000e+00
     11.848    15.6695   3.982735    31.6492       1080     4.4958     2.7602  0.000e+00
     11.823    15.6720   3.982589    31.6459       1081     4.5000     2.7611  0.000e+00
     11.793    15.6755   3.982462    31.6419       1082     4.5042     2.7593  0.000e+00
     11.762    15.6798   3.982379    31.6378       1083     4.5083     2.7585  0.000e+00
     11.737    15.6834   3.982360    31.6347       1084     4.5125     2.7597  0.000e+00
     11.719    15.6859   3.982379    31.6330       1085     4.5167     2.7619  0.000e+00
     11.705    15.6874   3.982404    31.6320       1086     4.5208     2.7663  0.000e+00
     11.701    15.6879   3.982449    31.6319       1087     4.5250     2.7721  0.000e+00
     11.703    15.6881   3.982474    31.6320       1088     4.5292     2.7768  0.000e+00
