PC2305/sbe010.cnv
* Sea-Bird SBE 19plus V2 Data File:
* FileName = C:\cruise\data\sbe010.hex
* Software Version Seasave V 7.26.7.121
* Temperature SN = 7142
* Conductivity SN = 7142
* System UpLoad Time = Oct 28 2023 03:57:09
** Cruise: PC2205
** Program: ECOMON
# nquan = 8
# nvalues = 1364                                  
# units = specified
# name 0 = depSM: Depth [salt water, m], lat = 40.00
# name 1 = tv290C: Temperature [ITS-90, deg C]
# name 2 = c0S/m: Conductivity [S/m]
# name 3 = sal00: Salinity, Practical [PSU]
# name 4 = scan: Scan Count
# name 5 = timeM: Time, Elapsed [minutes]
# name 6 = sbeox0V: Oxygen raw, SBE 43 [V]
# name 7 = flag:  0.000e+00
# span 0 =     -0.027,     40.329                 
# span 1 =    14.3588,    15.8335                 
# span 2 =   0.000020,   3.943975                 
# span 3 =     0.0081,    31.7793                 
# span 4 =         11,       1374                 
# span 5 =     0.0417,     5.7208                 
# span 6 =     2.2900,     3.0374                 
# span 7 = 0.0000e+00, 0.0000e+00                 
# interval = seconds: 0.25
# start_time = Oct 28 2023 03:57:09 [System UTC, header]
# bad_flag = -9.990e-29
*END*
[from data line 180]
      4.704    15.3485   3.932673    31.4643        191     0.7917     2.3580  0.000e+00
      4.864    15.3524   3.932838    31.4626        192     0.7958     2.3530  0.000e+00
      5.028    15.3551   3.932945    31.4613        193     0.8000     2.3464  0.000e+00
      5.195    15.3576   3.933091    31.4605        194     0.8042     2.3398  0.000e+00
      5.369    15.3595   3.932857    31.4569        195     0.8083     2.3326  0.000e+00
      5.553    15.3608   3.932192    31.4499        196     0.8125     2.3250  0.000e+00
      5.729    15.3612   3.931660    31.4447        197     0.8167     2.3184  0.000e+00
      5.912    15.3595   3.931540    31.4449        198     0.8208     2.3120  0.000e+00
      6.088    15.3530   3.930875    31.4441        199     0.8250     2.3058  0.000e+00
      6.266    15.3442   3.929830    31.4418        200     0.8292     2.3020  0.000e+00
      6.446    15.3337   3.928792    31.4409        201     0.8333     2.2995  0.000e+00
      6.631    15.3232   3.928008    31.4422        202     0.8375     2.2981  0.000e+00
      6.803    15.3143   3.927407    31.4440        203     0.8417     2.2958  0.000e+00
      6.983    15.3072   3.927084    31.4467        204     0.8458     2.2922  0.000e+00
      7.161    15.3013   3.926901    31.4497        205     0.8500     2.2900  0.000e+00
      7.342    15.2967   3.926850    31.4528        206     0.8542     2.2901  0.000e+00
      7.522    15.2932   3.926762    31.4549        207     0.8583     2.2985  0.000e+00
      7.700    15.2908   3.926692    31.4560        208     0.8625     2.3176  0.000e+00
      7.869    15.2888   3.926673    31.4574        209     0.8667     2.3496  0.000e+00
      8.029    15.2872   3.926610    31.4581        210     0.8708     2.3841  0.000e+00
      8.173    15.2855   3.926648    31.4597        211     0.8750     2.4218  0.000e+00
      8.293    15.2844   3.926857    31.4625        212     0.8792     2.4672  0.000e+00
      8.394    15.2831   3.927135    31.4659        213     0.8833     2.4949  0.000e+00
      8.476    15.2820   3.927382    31.4690        214     0.8875     2.5287  0.000e+00
      8.550    15.2805   3.927965    31.4753        215     0.8917     2.5537  0.000e+00
      8.615    15.2793   3.929509    31.4901        216     0.8958     2.5733  0.000e+00
      8.676    15.2784   3.930345    31.4983        217     0.9000     2.5859  0.000e+00
      8.742    15.2798   3.931130    31.5041        218     0.9042     2.5924  0.000e+00
      8.805    15.2851   3.931472    31.5029        219     0.9083     2.5942  0.000e+00
      8.864    15.2955   3.931567    31.4954        220     0.9125     2.5912  0.000e+00
      8.931    15.3063   3.931636    31.4873        221     0.9167     2.5834  0.000e+00
      9.005    15.3155   3.931617    31.4797        222     0.9208     2.5741  0.000e+00
      9.085    15.3221   3.931706    31.4752        223     0.9250     2.5648  0.000e+00
      9.188    15.3271   3.931611    31.4703        224     0.9292     2.5553  0.000e+00
      9.301    15.3321   3.931453    31.4648        225     0.9333     2.5444  0.000e+00
      9.439    15.3356   3.931326    31.4609        226     0.9375     2.5328  0.000e+00
      9.589    15.3370   3.931358    31.4599        227     0.9417     2.5177  0.000e+00
      9.747    15.3373   3.931472    31.4607        228     0.9458     2.5026  0.000e+00
      9.919    15.3373   3.931592    31.4616        229     0.9500     2.4861  0.000e+00
     10.092    15.3381   3.931301    31.4584        230     0.9542     2.4700  0.000e+00
     10.271    15.3388   3.931174    31.4566        231     0.9583     2.4559  0.000e+00
     10.448    15.3359   3.931269    31.4597        232     0.9625     2.4432  0.000e+00
     10.634    15.3257   3.930415    31.4603        233     0.9667     2.4360  0.000e+00
     10.818    15.2916   3.910865    31.3131        234     0.9708     2.4311  0.000e+00
     11.008    15.1961   3.904550    31.3329        235     0.9750     2.4285  0.000e+00
     11.193    15.0618   3.904533    31.4403        236     0.9792     2.4362  0.000e+00
     11.371    14.9740   3.902722    31.4947        237     0.9833     2.4720  0.000e+00
     11.558    14.9188   3.899036    31.5060        238     0.9875     2.5319  0.000e+00
     11.740    14.8741   3.898400    31.5363        239     0.9917     2.6001  0.000e+00
     11.918    14.8391   3.896274    31.5453        240     0.9958     2.6645  0.000e+00
     12.095    14.8113   3.895359    31.5596        241     1.0000     2.7259  0.000e+00
     12.264    14.7883   3.893966    31.5655        242     1.0042     2.7768  0.000e+00
     12.430    14.7679   3.890655    31.5521        243     1.0083     2.8192  0.000e+00
     12.590    14.7425   3.889994    31.5666        244     1.0125     2.8537  0.000e+00
     12.741    14.7182   3.889603    31.5828        245     1.0167     2.8832  0.000e+00
     12.886    14.7007   3.887454    31.5775        246     1.0208     2.9054  0.000e+00
     13.028    14.6835   3.884839    31.5678        247     1.0250     2.9223  0.000e+00
     13.161    14.6589   3.884203    31.5819        248     1.0292     2.9367  0.000e+00
     13.287    14.6365   3.883919    31.5975        249     1.0333     2.9462  0.000e+00
     13.409    14.6206   3.882905    31.6012        250     1.0375     2.9528  0.000e+00
     13.526    14.6074   3.882383    31.6071        251     1.0417     2.9565  0.000e+00
     13.630    14.5965   3.881772    31.6104        252     1.0458     2.9588  0.000e+00
     13.738    14.5872   3.881451    31.6150        253     1.0500     2.9616  0.000e+00
     13.830    14.5795   3.881041    31.6176        254     1.0542     2.9612  0.000e+00
     13.925    14.5736   3.880556    31.6179        255     1.0583     2.9598  0.000e+00
     14.002    14.5677   3.879744    31.6153        256     1.0625     2.9585  0.000e+00
     14.090    14.5599   3.878333    31.6088        257     1.0667     2.9559  0.000e+00
     14.162    14.5471   3.877081    31.6079        258     1.0708     2.9538  0.000e+00
     14.236    14.5301   3.876218    31.6139        259     1.0750     2.9512  0.000e+00
     14.318    14.5119   3.875797    31.6248        260     1.0792     2.9508  0.000e+00
     14.392    14.4969   3.875608    31.6353        261     1.0833     2.9473  0.000e+00
     14.469    14.4857   3.875520    31.6436        262     1.0875     2.9449  0.000e+00
     14.554    14.4768   3.875420    31.6500        263     1.0917     2.9404  0.000e+00
     14.656    14.4685   3.875269    31.6553        264     1.0958     2.9345  0.000e+00
     14.760    14.4601   3.874973    31.6594        265     1.1000     2.9283  0.000e+00
     14.883    14.4516   3.874992    31.6665        266     1.1042     2.9220  0.000e+00
     15.012    14.4423   3.875131    31.6754        267     1.1083     2.9141  0.000e+00
     15.154    14.4336   3.875301    31.6839        268     1.1125     2.9084  0.000e+00
     15.301    14.4273   3.875408    31.6900        269     1.1167     2.8997  0.000e+00
     15.467    14.4219   3.875635    31.6964        270     1.1208     2.8921  0.000e+00
     15.632    14.4165   3.875918    31.7033        271     1.1250     2.8846  0.000e+00
     15.803    14.4107   3.876220    31.7108        272     1.1292     2.8737  0.000e+00
     15.979    14.4056   3.876472    31.7172        273     1.1333     2.8659  0.000e+00
     16.155    14.4019   3.876750    31.7227        274     1.1375     2.8580  0.000e+00
     16.340    14.3983   3.877020    31.7280        275     1.1417     2.8491  0.000e+00
     16.520    14.3955   3.877203    31.7319        276     1.1458     2.8394  0.000e+00
     16.705    14.3943   3.877203    31.7329        277     1.1500     2.8322  0.000e+00
     16.885    14.3935   3.877109    31.7326        278     1.1542     2.8229  0.000e+00
     17.068    14.3919   3.877178    31.7345        279     1.1583     2.8140  0.000e+00
     17.255    14.3921   3.877247    31.7348        280     1.1625     2.8069  0.000e+00
     17.436    14.3935   3.877405    31.7350        281     1.1667     2.8004  0.000e+00
     17.618    14.3936   3.877751    31.7381        282     1.1708     2.7939  0.000e+00
     17.794    14.3930   3.877840    31.7393        283     1.1750     2.7900  0.000e+00
     17.974    14.3935   3.877921    31.7395        284     1.1792     2.7846  0.000e+00
     18.153    14.3932   3.878564    31.7456        285     1.1833     2.7818  0.000e+00
     18.331    14.3901   3.878677    31.7491        286     1.1875     2.7791  0.000e+00
     18.511    14.3857   3.878658    31.7525        287     1.1917     2.7757  0.000e+00
     18.687    14.3835   3.878520    31.7530        288     1.1958     2.7730  0.000e+00
     18.860    14.3826   3.878432    31.7528        289     1.2000     2.7697  0.000e+00
     19.036    14.3829   3.878231    31.7507        290     1.2042     2.7654  0.000e+00
     19.210    14.3832   3.878363    31.7516        291     1.2083     2.7623  0.000e+00
     19.379    14.3835   3.878420    31.7518        292     1.2125     2.7563  0.000e+00
     19.539    14.3835   3.878338    31.7510        293     1.2167     2.7524  0.000e+00
     19.702    14.3841   3.878476    31.7517        294     1.2208     2.7502  0.000e+00
     19.859    14.3839   3.878565    31.7525        295     1.2250     2.7479  0.000e+00
     20.006    14.3828   3.878703    31.7547        296     1.2292     2.7462  0.000e+00
     20.146    14.3816   3.878886    31.7573        297     1.2333     2.7442  0.000e+00
     20.272    14.3801   3.879113    31.7605        298     1.2375     2.7426  0.000e+00
     20.387    14.3780   3.879270    31.7637        299     1.2417     2.7426  0.000e+00
     20.493    14.3757   3.879270    31.7655        300     1.2458     2.7391  0.000e+00
     20.581    14.3738   3.879327    31.7675        301     1.2500     2.7365  0.000e+00
     20.657    14.3723   3.879365    31.7691        302     1.2542     2.7342  0.000e+00
     20.734    14.3712   3.879277    31.7692        303     1.2583     2.7328  0.000e+00
     20.802    14.3704   3.879314    31.7701        304     1.2625     2.7288  0.000e+00
     20.871    14.3696   3.879252    31.7702        305     1.2667     2.7256  0.000e+00
     20.942    14.3692   3.879207    31.7701        306     1.2708     2.7227  0.000e+00
     21.009    14.3690   3.879138    31.7696        307     1.2750     2.7192  0.000e+00
     21.092    14.3688   3.879296    31.7712        308     1.2792     2.7177  0.000e+00
     21.171    14.3688   3.879327    31.7714        309     1.2833     2.7144  0.000e+00
     21.259    14.3689   3.879409    31.7720        310     1.2875     2.7118  0.000e+00
     21.352    14.3691   3.879516    31.7728        311     1.2917     2.7097  0.000e+00
     21.453    14.3695   3.879592    31.7731        312     1.2958     2.7078  0.000e+00
     21.571    14.3697   3.879611    31.7731        313     1.3000     2.7086  0.000e+00
     21.703    14.3703   3.879636    31.7728        314     1.3042     2.7071  0.000e+00
     21.848    14.3708   3.879749    31.7734        315     1.3083     2.7074  0.000e+00
     22.008    14.3715   3.879705    31.7724        316     1.3125     2.7068  0.000e+00
     22.179    14.3719   3.879705    31.7719        317     1.3167     2.7069  0.000e+00
     22.362    14.3722   3.879661    31.7713        318     1.3208     2.7059  0.000e+00
     22.560    14.3722   3.879661    31.7711        319     1.3250     2.7065  0.000e+00
     22.767    14.3722   3.879586    31.7704        320     1.3292     2.7061  0.000e+00
     22.980    14.3719   3.879592    31.7706        321     1.3333     2.7051  0.000e+00
     23.203    14.3718   3.879586    31.7705        322     1.3375     2.7043  0.000e+00
     23.432    14.3718   3.879611    31.7707        323     1.3417     2.7047  0.000e+00
     23.663    14.3716   3.879681    31.7714        324     1.3458     2.7035  0.000e+00
     23.906    14.3718   3.879756    31.7718        325     1.3500     2.7031  0.000e+00
     24.141    14.3717   3.879820    31.7724        326     1.3542     2.7016  0.000e+00
     24.377    14.3718   3.879908    31.7730        327     1.3583     2.7009  0.000e+00
     24.605    14.3718   3.879946    31.7732        328     1.3625     2.7012  0.000e+00
     24.826    14.3720   3.879977    31.7733        329     1.3667     2.6988  0.000e+00
     25.040    14.3720   3.880003    31.7735        330     1.3708     2.6981  0.000e+00
     25.241    14.3720   3.880040    31.7737        331     1.3750     2.6990  0.000e+00
     25.430    14.3721   3.880047    31.7737        332     1.3792     2.6991  0.000e+00
     25.604    14.3722   3.880066    31.7736        333     1.3833     2.6992  0.000e+00
     25.770    14.3722   3.880116    31.7740        334     1.3875     2.6981  0.000e+00
     25.919    14.3725   3.880185    31.7744        335     1.3917     2.6971  0.000e+00
     26.050    14.3727   3.880160    31.7740        336     1.3958     2.6977  0.000e+00
     26.181    14.3729   3.880204    31.7741        337     1.4000     2.6964  0.000e+00
     26.307    14.3732   3.880230    31.7741        338     1.4042     2.6953  0.000e+00
     26.431    14.3734   3.880236    31.7740        339     1.4083     2.6954  0.000e+00
     26.550    14.3737   3.880299    31.7742        340     1.4125     2.6948  0.000e+00
     26.661    14.3739   3.880318    31.7742        341     1.4167     2.6951  0.000e+00
     26.774    14.3739   3.880350    31.7744        342     1.4208     2.6954  0.000e+00
     26.880    14.3739   3.880368    31.7746        343     1.4250     2.6951  0.000e+00
     26.979    14.3737   3.880375    31.7747        344     1.4292     2.6955  0.000e+00
     27.080    14.3738   3.880369    31.7745        345     1.4333     2.6944  0.000e+00
     27.188    14.3738   3.880343    31.7743        346     1.4375     2.6945  0.000e+00
     27.285    14.3740   3.880375    31.7743        347     1.4417     2.6951  0.000e+00
     27.387    14.3737   3.880457    31.7754        348     1.4458     2.6948  0.000e+00
     27.489    14.3740   3.880457    31.7750        349     1.4500     2.6935  0.000e+00
     27.599    14.3743   3.880545    31.7755        350     1.4542     2.6932  0.000e+00
     27.709    14.3745   3.880570    31.7756        351     1.4583     2.6923  0.000e+00
     27.822    14.3750   3.880570    31.7751        352     1.4625     2.6921  0.000e+00
     27.944    14.3751   3.880564    31.7749        353     1.4667     2.6908  0.000e+00
     28.075    14.3755   3.880526    31.7742        354     1.4708     2.6906  0.000e+00
     28.205    14.3756   3.880426    31.7732        355     1.4750     2.6895  0.000e+00
     28.340    14.3751   3.880413    31.7734        356     1.4792     2.6880  0.000e+00
     28.485    14.3746   3.880432    31.7740        357     1.4833     2.6874  0.000e+00
     28.636    14.3743   3.880375    31.7736        358     1.4875     2.6869  0.000e+00
     28.794    14.3741   3.880388    31.7738        359     1.4917     2.6881  0.000e+00
     28.956    14.3739   3.880413    31.7742        360     1.4958     2.6878  0.000e+00
     29.125    14.3738   3.880401    31.7741        361     1.5000     2.6885  0.000e+00
     29.296    14.3737   3.880458    31.7746        362     1.5042     2.6899  0.000e+00
     29.472    14.3738   3.880483    31.7747        363     1.5083     2.6893  0.000e+00
     29.651    14.3740   3.880495    31.7745        364     1.5125     2.6905  0.000e+00
     29.840    14.3740   3.880527    31.7747        365     1.5167     2.6909  0.000e+00
     30.027    14.3743   3.880565    31.7748        366     1.5208     2.6919  0.000e+00
     30.216    14.3743   3.880571    31.7748        367     1.5250     2.6914  0.000e+00
     30.414    14.3742   3.880615    31.7752        368     1.5292     2.6917  0.000e+00
     30.609    14.3743   3.880616    31.7751        369     1.5333     2.6896  0.000e+00
