PC2305/sbe062.cnv
* Sea-Bird SBE 19plus V2 Data File:
* FileName = C:\cruise\data\sbe062.hex
* Software Version Seasave V 7.26.7.121
* Temperature SN = 7142
* Conductivity SN = 7142
* System UpLoad Time = Nov 02 2023 10:52:14
** Cruise: PC2205
** Program: ECOMON
# nquan = 8
# nvalues = 1827                                  
# units = specified
# name 0 = depSM: Depth [salt water, m], lat = 40.00
# name 1 = tv290C: Temperature [ITS-90, deg C]
# name 2 = c0S/m: Conductivity [S/m]
# name 3 = sal00: Salinity, Practical [PSU]
# name 4 = scan: Scan Count
# name 5 = timeM: Time, Elapsed [minutes]
# name 6 = sbeox0V: Oxygen raw, SBE 43 [V]
# name 7 = flag:  0.000e+00
# span 0 =      0.061,     28.584                 
# span 1 =     6.5439,    16.5214                 
# span 2 =   0.000045,   4.095314                 
# span 3 =     0.0030,    32.8569                 
# span 4 =         11,       1837                 
# span 5 =     0.0417,     7.6500                 
# span 6 =     2.2483,     3.1764                 
# span 7 = 0.0000e+00, 0.0000e+00                 
# interval = seconds: 0.25
# start_time = Nov 02 2023 10:52:14 [System UTC, header]
# bad_flag = -9.990e-29
*END*
[from data line 1798]
      0.723    16.4652   4.081007    31.8800       1809     7.5333     2.7414  0.000e+00
      0.500    16.4636   4.079921    31.8719       1810     7.5375     2.7435  0.000e+00
      0.387    16.4603   4.077890    31.8569       1811     7.5417     2.7452  0.000e+00
      0.426    16.4543   4.077555    31.8588       1812     7.5458     2.7436  0.000e+00
      0.489    16.4471   4.077941    31.8679       1813     7.5500     2.7428  0.000e+00
      0.559    16.4418   4.078880    31.8803       1814     7.5542     2.7430  0.000e+00
      0.644    16.4390   4.079497    31.8878       1815     7.5583     2.7417  0.000e+00
      0.755    16.4383   4.078738    31.8817       1816     7.5625     2.7415  0.000e+00
      0.813    16.4378   4.078565    31.8806       1817     7.5667     2.7411  0.000e+00
      0.849    16.4361   4.080648    31.9001       1818     7.5708     2.7421  0.000e+00
      0.881    16.4380   4.080815    31.9001       1819     7.5750     2.7437  0.000e+00
      0.897    16.4416   4.081059    31.8993       1820     7.5792     2.7452  0.000e+00
      0.919    16.4446   4.081079    31.8970       1821     7.5833     2.7472  0.000e+00
      0.847    16.4477   4.080667    31.8910       1822     7.5875     2.7494  0.000e+00
      0.601    16.4491   4.079150    31.8767       1823     7.5917     2.7499  0.000e+00
      0.365    16.4477   4.078712    31.8742       1824     7.5958     2.7511  0.000e+00
      0.214    16.4447   4.076758    31.8596       1825     7.6000     2.7520  0.000e+00
      0.187    16.4396   4.034861    31.4988       1826     7.6042     2.7526  0.000e+00
      0.115    16.4321   3.497280    26.8765       1827     7.6083     2.7519  0.000e+00
      0.065    16.4225   0.885929     6.0273       1828     7.6125     2.7503  0.000e+00
      0.065    16.4075   0.544857     3.5820       1829     7.6167     2.7497  0.000e+00
      0.061    16.3868   0.367263     2.3550       1830     7.6208     2.7524  0.000e+00
      0.061    16.3513   0.318210     2.0247       1831     7.6250     2.7636  0.000e+00
      0.069    16.3107   0.282244     1.7851       1832     7.6292     2.7935  0.000e+00
      0.132    16.2751   0.270307     1.7069       1833     7.6333     2.8330  0.000e+00
      0.146    16.2499   0.499734     3.2792       1834     7.6375     2.8723  0.000e+00
      0.211    16.2436   0.377297     2.4320       1835     7.6417     2.9017  0.000e+00
      0.290    16.2553   0.336724     2.1548       1836     7.6458     2.9108  0.000e+00
      0.320    16.2742   0.838210     5.7000       1837     7.6500     2.9002  0.000e+00
