PC2305/sbe009.cnv
* Sea-Bird SBE 19plus V2 Data File:
* FileName = C:\cruise\data\sbe009.hex
* Software Version Seasave V 7.26.7.121
* Temperature SN = 7142
* Conductivity SN = 7142
* System UpLoad Time = Oct 28 2023 02:12:20
** Cruise: PC2205
** Program: ECOMON
# nquan = 8
# nvalues = 1149                                  
# units = specified
# name 0 = depSM: Depth [salt water, m], lat = 40.00
# name 1 = tv290C: Temperature [ITS-90, deg C]
# name 2 = c0S/m: Conductivity [S/m]
# name 3 = sal00: Salinity, Practical [PSU]
# name 4 = scan: Scan Count
# name 5 = timeM: Time, Elapsed [minutes]
# name 6 = sbeox0V: Oxygen raw, SBE 43 [V]
# name 7 = flag:  0.000e+00
# span 0 =     -0.044,     43.829                 
# span 1 =    14.7268,    16.0308                 
# span 2 =   0.000020,   3.953451                 
# span 3 =     0.0082,    31.8313                 
# span 4 =         11,       1159                 
# span 5 =     0.0417,     4.8250                 
# span 6 =     2.4391,     3.0290                 
# span 7 = 0.0000e+00, 0.0000e+00                 
# interval = seconds: 0.25
# start_time = Oct 28 2023 02:12:20 [System UTC, header]
# bad_flag = -9.990e-29
*END*
     -0.033    16.0295   0.000031     0.0082         11     0.0417     3.0259  0.000e+00
     -0.031    16.0294   0.000031     0.0082         12     0.0458     3.0259  0.000e+00
     -0.031    16.0291   0.000031     0.0082         13     0.0500     3.0259  0.000e+00
     -0.033    16.0288   0.000037     0.0082         14     0.0542     3.0264  0.000e+00
     -0.033    16.0285   0.000026     0.0082         15     0.0583     3.0268  0.000e+00
     -0.031    16.0285   0.000031     0.0082         16     0.0625     3.0253  0.000e+00
     -0.031    16.0284   0.000026     0.0082         17     0.0667     3.0258  0.000e+00
     -0.031    16.0283   0.000031     0.0082         18     0.0708     3.0262  0.000e+00
     -0.029    16.0282   0.000020     0.0082         19     0.0750     3.0259  0.000e+00
     -0.031    16.0284   0.000026     0.0082         20     0.0792     3.0265  0.000e+00
     -0.031    16.0283   0.000031     0.0082         21     0.0833     3.0259  0.000e+00
     -0.031    16.0281   0.000031     0.0082         22     0.0875     3.0273  0.000e+00
     -0.031    16.0281   0.000031     0.0082         23     0.0917     3.0262  0.000e+00
     -0.033    16.0284   0.000037     0.0082         24     0.0958     3.0259  0.000e+00
     -0.033    16.0286   0.000031     0.0082         25     0.1000     3.0263  0.000e+00
     -0.031    16.0285   0.000031     0.0082         26     0.1042     3.0261  0.000e+00
     -0.031    16.0280   0.000031     0.0082         27     0.1083     3.0261  0.000e+00
     -0.031    16.0278   0.000026     0.0082         28     0.1125     3.0264  0.000e+00
     -0.035    16.0285   0.000031     0.0082         29     0.1167     3.0259  0.000e+00
     -0.035    16.0286   0.000031     0.0082         30     0.1208     3.0259  0.000e+00
     -0.037    16.0287   0.000026     0.0082         31     0.1250     3.0259  0.000e+00
     -0.029    16.0285   0.000026     0.0082         32     0.1292     3.0258  0.000e+00
     -0.031    16.0289   0.000031     0.0082         33     0.1333     3.0262  0.000e+00
     -0.033    16.0291   0.000031     0.0082         34     0.1375     3.0257  0.000e+00
     -0.033    16.0290   0.000031     0.0082         35     0.1417     3.0262  0.000e+00
     -0.031    16.0293   0.000031     0.0082         36     0.1458     3.0261  0.000e+00
     -0.031    16.0293   0.000026     0.0082         37     0.1500     3.0263  0.000e+00
     -0.030    16.0293   0.000031     0.0082         38     0.1542     3.0258  0.000e+00
     -0.035    16.0289   0.000026     0.0082         39     0.1583     3.0254  0.000e+00
     -0.031    16.0289   0.000026     0.0082         40     0.1625     3.0256  0.000e+00
     -0.031    16.0290   0.000026     0.0082         41     0.1667     3.0256  0.000e+00
     -0.031    16.0294   0.000031     0.0082         42     0.1708     3.0256  0.000e+00
     -0.033    16.0296   0.000026     0.0082         43     0.1750     3.0269  0.000e+00
     -0.033    16.0294   0.000031     0.0082         44     0.1792     3.0275  0.000e+00
     -0.031    16.0295   0.000031     0.0082         45     0.1833     3.0263  0.000e+00
     -0.029    16.0297   0.000031     0.0082         46     0.1875     3.0259  0.000e+00
     -0.028    16.0297   0.000026     0.0082         47     0.1917     3.0256  0.000e+00
     -0.031    16.0299   0.000037     0.0082         48     0.1958     3.0271  0.000e+00
     -0.029    16.0304   0.000031     0.0082         49     0.2000     3.0265  0.000e+00
     -0.028    16.0307   0.000031     0.0082         50     0.2042     3.0253  0.000e+00
     -0.029    16.0308   0.000031     0.0082         51     0.2083     3.0269  0.000e+00
     -0.029    16.0305   0.000031     0.0082         52     0.2125     3.0265  0.000e+00
     -0.028    16.0302   0.000031     0.0082         53     0.2167     3.0266  0.000e+00
     -0.028    16.0300   0.000031     0.0082         54     0.2208     3.0272  0.000e+00
     -0.030    16.0295   0.000026     0.0082         55     0.2250     3.0267  0.000e+00
     -0.026    16.0291   0.000026     0.0082         56     0.2292     3.0263  0.000e+00
     -0.026    16.0286   0.000031     0.0082         57     0.2333     3.0263  0.000e+00
     -0.031    16.0281   0.000026     0.0082         58     0.2375     3.0262  0.000e+00
     -0.030    16.0276   0.000026     0.0082         59     0.2417     3.0265  0.000e+00
     -0.028    16.0272   0.000031     0.0082         60     0.2458     3.0264  0.000e+00
     -0.028    16.0269   0.000026     0.0082         61     0.2500     3.0268  0.000e+00
     -0.028    16.0266   0.000031     0.0082         62     0.2542     3.0257  0.000e+00
     -0.028    16.0263   0.000031     0.0082         63     0.2583     3.0272  0.000e+00
     -0.030    16.0260   0.000026     0.0082         64     0.2625     3.0269  0.000e+00
     -0.028    16.0259   0.000031     0.0082         65     0.2667     3.0270  0.000e+00
     -0.030    16.0257   0.000031     0.0082         66     0.2708     3.0270  0.000e+00
     -0.028    16.0251   0.000031     0.0082         67     0.2750     3.0266  0.000e+00
     -0.030    16.0249   0.000031     0.0082         68     0.2792     3.0272  0.000e+00
     -0.026    16.0244   0.000026     0.0082         69     0.2833     3.0270  0.000e+00
     -0.030    16.0236   0.000026     0.0082         70     0.2875     3.0268  0.000e+00
     -0.031    16.0228   0.000031     0.0082         71     0.2917     3.0263  0.000e+00
     -0.028    16.0225   0.000026     0.0082         72     0.2958     3.0275  0.000e+00
     -0.030    16.0223   0.000026     0.0082         73     0.3000     3.0273  0.000e+00
     -0.028    16.0219   0.000031     0.0082         74     0.3042     3.0259  0.000e+00
     -0.031    16.0216   0.000031     0.0082         75     0.3083     3.0265  0.000e+00
     -0.035    16.0214   0.000026     0.0082         76     0.3125     3.0268  0.000e+00
     -0.033    16.0210   0.000031     0.0082         77     0.3167     3.0270  0.000e+00
     -0.028    16.0205   0.000031     0.0082         78     0.3208     3.0268  0.000e+00
     -0.030    16.0202   0.000026     0.0082         79     0.3250     3.0274  0.000e+00
     -0.031    16.0200   0.000026     0.0082         80     0.3292     3.0267  0.000e+00
     -0.026    16.0199   0.000031     0.0082         81     0.3333     3.0266  0.000e+00
     -0.031    16.0200   0.000026     0.0082         82     0.3375     3.0269  0.000e+00
     -0.030    16.0200   0.000031     0.0082         83     0.3417     3.0270  0.000e+00
     -0.030    16.0199   0.000026     0.0082         84     0.3458     3.0270  0.000e+00
     -0.031    16.0202   0.000031     0.0082         85     0.3500     3.0263  0.000e+00
     -0.030    16.0201   0.000031     0.0082         86     0.3542     3.0264  0.000e+00
     -0.028    16.0199   0.000026     0.0082         87     0.3583     3.0270  0.000e+00
     -0.030    16.0202   0.000031     0.0082         88     0.3625     3.0272  0.000e+00
     -0.028    16.0199   0.000031     0.0082         89     0.3667     3.0275  0.000e+00
     -0.028    16.0197   0.000026     0.0082         90     0.3708     3.0269  0.000e+00
     -0.026    16.0196   0.000031     0.0082         91     0.3750     3.0272  0.000e+00
     -0.028    16.0193   0.000031     0.0082         92     0.3792     3.0264  0.000e+00
     -0.028    16.0192   0.000031     0.0082         93     0.3833     3.0265  0.000e+00
     -0.028    16.0190   0.000026     0.0082         94     0.3875     3.0272  0.000e+00
     -0.031    16.0188   0.000026     0.0082         95     0.3917     3.0264  0.000e+00
     -0.026    16.0186   0.000031     0.0082         96     0.3958     3.0264  0.000e+00
     -0.026    16.0185   0.000031     0.0082         97     0.4000     3.0270  0.000e+00
     -0.024    16.0183   0.000031     0.0082         98     0.4042     3.0271  0.000e+00
     -0.026    16.0182   0.000031     0.0082         99     0.4083     3.0263  0.000e+00
     -0.028    16.0181   0.000031     0.0082        100     0.4125     3.0269  0.000e+00
     -0.024    16.0178   0.000026     0.0082        101     0.4167     3.0262  0.000e+00
     -0.024    16.0176   0.000026     0.0082        102     0.4208     3.0273  0.000e+00
     -0.033    16.0178   0.000031     0.0082        103     0.4250     3.0278  0.000e+00
     -0.030    16.0179   0.000031     0.0082        104     0.4292     3.0278  0.000e+00
     -0.026    16.0180   0.000026     0.0082        105     0.4333     3.0272  0.000e+00
     -0.022    16.0186   0.000031     0.0082        106     0.4375     3.0272  0.000e+00
     -0.026    16.0195   0.000026     0.0082        107     0.4417     3.0269  0.000e+00
     -0.028    16.0204   0.000031     0.0082        108     0.4458     3.0276  0.000e+00
     -0.026    16.0209   0.000031     0.0082        109     0.4500     3.0270  0.000e+00
     -0.026    16.0212   0.000031     0.0082        110     0.4542     3.0279  0.000e+00
     -0.026    16.0213   0.000031     0.0082        111     0.4583     3.0266  0.000e+00
     -0.024    16.0218   0.000031     0.0082        112     0.4625     3.0276  0.000e+00
     -0.026    16.0225   0.000031     0.0082        113     0.4667     3.0267  0.000e+00
     -0.024    16.0226   0.000031     0.0082        114     0.4708     3.0272  0.000e+00
     -0.024    16.0226   0.000026     0.0082        115     0.4750     3.0273  0.000e+00
     -0.022    16.0230   0.000026     0.0082        116     0.4792     3.0276  0.000e+00
     -0.022    16.0236   0.000026     0.0082        117     0.4833     3.0275  0.000e+00
     -0.021    16.0241   0.000026     0.0082        118     0.4875     3.0282  0.000e+00
     -0.019    16.0247   0.000026     0.0082        119     0.4917     3.0278  0.000e+00
     -0.022    16.0251   0.000031     0.0082        120     0.4958     3.0286  0.000e+00
     -0.022    16.0255   0.000031     0.0082        121     0.5000     3.0282  0.000e+00
     -0.028    16.0260   0.000031     0.0082        122     0.5042     3.0282  0.000e+00
     -0.024    16.0265   0.000026     0.0082        123     0.5083     3.0279  0.000e+00
     -0.024    16.0268   0.000026     0.0082        124     0.5125     3.0282  0.000e+00
     -0.028    16.0268   0.000031     0.0082        125     0.5167     3.0278  0.000e+00
     -0.026    16.0269   0.000020     0.0082        126     0.5208     3.0285  0.000e+00
     -0.030    16.0272   0.000031     0.0082        127     0.5250     3.0275  0.000e+00
     -0.028    16.0273   0.000026     0.0082        128     0.5292     3.0284  0.000e+00
     -0.024    16.0274   0.000026     0.0082        129     0.5333     3.0270  0.000e+00
     -0.028    16.0271   0.000026     0.0082        130     0.5375     3.0282  0.000e+00
     -0.030    16.0274   0.000026     0.0082        131     0.5417     3.0270  0.000e+00
     -0.028    16.0277   0.000026     0.0082        132     0.5458     3.0270  0.000e+00
     -0.026    16.0275   0.000026     0.0082        133     0.5500     3.0270  0.000e+00
     -0.028    16.0271   0.000026     0.0082        134     0.5542     3.0282  0.000e+00
     -0.033    16.0270   0.000031     0.0082        135     0.5583     3.0275  0.000e+00
     -0.030    16.0270   0.000026     0.0082        136     0.5625     3.0272  0.000e+00
     -0.031    16.0270   0.000031     0.0082        137     0.5667     3.0277  0.000e+00
     -0.033    16.0266   0.000026     0.0082        138     0.5708     3.0268  0.000e+00
     -0.026    16.0257   0.000026     0.0082        139     0.5750     3.0280  0.000e+00
     -0.026    16.0249   0.000026     0.0082        140     0.5792     3.0285  0.000e+00
     -0.030    16.0242   0.000026     0.0082        141     0.5833     3.0270  0.000e+00
     -0.030    16.0238   0.000020     0.0082        142     0.5875     3.0278  0.000e+00
     -0.026    16.0234   0.000026     0.0082        143     0.5917     3.0282  0.000e+00
     -0.030    16.0230   0.000031     0.0082        144     0.5958     3.0275  0.000e+00
     -0.028    16.0229   0.000031     0.0082        145     0.6000     3.0288  0.000e+00
     -0.031    16.0226   0.000020     0.0082        146     0.6042     3.0273  0.000e+00
     -0.035    16.0223   0.000026     0.0082        147     0.6083     3.0280  0.000e+00
     -0.031    16.0211   0.000026     0.0082        148     0.6125     3.0276  0.000e+00
     -0.031    16.0198   0.000020     0.0082        149     0.6167     3.0278  0.000e+00
     -0.024    16.0183   0.000026     0.0082        150     0.6208     3.0284  0.000e+00
     -0.028    16.0172   0.000026     0.0082        151     0.6250     3.0278  0.000e+00
     -0.031    16.0166   0.000026     0.0082        152     0.6292     3.0265  0.000e+00
     -0.030    16.0166   0.000026     0.0082        153     0.6333     3.0278  0.000e+00
     -0.028    16.0163   0.000031     0.0082        154     0.6375     3.0278  0.000e+00
     -0.026    16.0162   0.000026     0.0082        155     0.6417     3.0280  0.000e+00
     -0.028    16.0165   0.000026     0.0082        156     0.6458     3.0276  0.000e+00
     -0.030    16.0164   0.000026     0.0082        157     0.6500     3.0269  0.000e+00
     -0.031    16.0159   0.000031     0.0082        158     0.6542     3.0286  0.000e+00
     -0.033    16.0152   0.000031     0.0082        159     0.6583     3.0278  0.000e+00
     -0.035    16.0146   0.000026     0.0082        160     0.6625     3.0275  0.000e+00
     -0.030    16.0137   0.000031     0.0082        161     0.6667     3.0274  0.000e+00
     -0.028    16.0127   0.000026     0.0082        162     0.6708     3.0275  0.000e+00
     -0.024    16.0108   0.000031     0.0082        163     0.6750     3.0282  0.000e+00
     -0.028    16.0092   0.000026     0.0082        164     0.6792     3.0285  0.000e+00
     -0.030    16.0086   0.000031     0.0082        165     0.6833     3.0276  0.000e+00
     -0.031    16.0084   0.000026     0.0082        166     0.6875     3.0285  0.000e+00
     -0.026    16.0083   0.000026     0.0082        167     0.6917     3.0280  0.000e+00
     -0.028    16.0088   0.000031     0.0082        168     0.6958     3.0287  0.000e+00
     -0.028    16.0087   0.000031     0.0082        169     0.7000     3.0275  0.000e+00
     -0.031    16.0079   0.000026     0.0082        170     0.7042     3.0274  0.000e+00
     -0.033    16.0072   0.000026     0.0082        171     0.7083     3.0278  0.000e+00
     -0.033    16.0067   0.000026     0.0082        172     0.7125     3.0282  0.000e+00
     -0.028    16.0066   0.000026     0.0082        173     0.7167     3.0289  0.000e+00
     -0.030    16.0059   0.000026     0.0082        174     0.7208     3.0272  0.000e+00
     -0.026    16.0048   0.000026     0.0082        175     0.7250     3.0281  0.000e+00
     -0.030    16.0041   0.000026     0.0082        176     0.7292     3.0269  0.000e+00
     -0.030    16.0033   0.000031     0.0082        177     0.7333     3.0282  0.000e+00
     -0.026    16.0031   0.000031     0.0082        178     0.7375     3.0286  0.000e+00
     -0.028    16.0034   0.000026     0.0082        179     0.7417     3.0278  0.000e+00
     -0.022    16.0027   0.000026     0.0082        180     0.7458     3.0288  0.000e+00
     -0.024    16.0020   0.000026     0.0082        181     0.7500     3.0280  0.000e+00
     -0.030    16.0006   0.000026     0.0082        182     0.7542     3.0277  0.000e+00
     -0.026    15.9993   0.000031     0.0082        183     0.7583     3.0285  0.000e+00
     -0.024    15.9983   0.000026     0.0082        184     0.7625     3.0272  0.000e+00
     -0.028    15.9974   0.000031     0.0082        185     0.7667     3.0280  0.000e+00
     -0.031    15.9969   0.000026     0.0082        186     0.7708     3.0275  0.000e+00
     -0.026    15.9965   0.000026     0.0082        187     0.7750     3.0290  0.000e+00
     -0.028    15.9953   0.000026     0.0082        188     0.7792     3.0275  0.000e+00
     -0.031    15.9945   0.000026     0.0082        189     0.7833     3.0285  0.000e+00
