PC2305/sbe055.cnv
* Sea-Bird SBE 19plus V2 Data File:
* FileName = C:\cruise\data\sbe055.hex
* Software Version Seasave V 7.26.7.121
* Temperature SN = 7142
* Conductivity SN = 7142
* System UpLoad Time = Nov 01 2023 17:22:07
** Cruise: PC2205
** Program: ECOMON
# nquan = 8
# nvalues = 1328                                  
# units = specified
# name 0 = depSM: Depth [salt water, m], lat = 40.00
# name 1 = tv290C: Temperature [ITS-90, deg C]
# name 2 = c0S/m: Conductivity [S/m]
# name 3 = sal00: Salinity, Practical [PSU]
# name 4 = scan: Scan Count
# name 5 = timeM: Time, Elapsed [minutes]
# name 6 = sbeox0V: Oxygen raw, SBE 43 [V]
# name 7 = flag:  0.000e+00
# span 0 =     -0.070,     20.127                 
# span 1 =    10.3741,    17.4160                 
# span 2 =   0.000054,   4.170069                 
# span 3 =     0.0053,    35.9334                 
# span 4 =         11,       1338                 
# span 5 =     0.0417,     5.5708                 
# span 6 =     2.2498,     3.1039                 
# span 7 = 0.0000e+00, 0.0000e+00                 
# interval = seconds: 0.25
# start_time = Nov 01 2023 17:22:07 [System UTC, header]
# bad_flag = -9.990e-29
*END*
[from data line 360]
     16.743    17.3972   4.169861    31.9019        371     1.5417     2.7281  0.000e+00
     16.682    17.3974   4.169770    31.9010        372     1.5458     2.7290  0.000e+00
     16.630    17.3976   4.169848    31.9015        373     1.5500     2.7302  0.000e+00
     16.603    17.3987   4.169841    31.9006        374     1.5542     2.7299  0.000e+00
     16.594    17.3993   4.169822    31.9000        375     1.5583     2.7299  0.000e+00
     16.605    17.3996   4.169796    31.8995        376     1.5625     2.7302  0.000e+00
     16.641    17.3998   4.169815    31.8995        377     1.5667     2.7295  0.000e+00
     16.698    17.3994   4.169848    31.9001        378     1.5708     2.7286  0.000e+00
     16.788    17.3992   4.169796    31.8997        379     1.5750     2.7279  0.000e+00
     16.901    17.3985   4.169744    31.8998        380     1.5792     2.7264  0.000e+00
     17.042    17.3977   4.169796    31.9008        381     1.5833     2.7241  0.000e+00
     17.193    17.3973   4.169770    31.9009        382     1.5875     2.7223  0.000e+00
     17.345    17.3972   4.169770    31.9009        383     1.5917     2.7215  0.000e+00
     17.491    17.3969   4.169770    31.9011        384     1.5958     2.7210  0.000e+00
     17.626    17.3972   4.169744    31.9006        385     1.6000     2.7209  0.000e+00
     17.746    17.3968   4.169647    31.9000        386     1.6042     2.7228  0.000e+00
     17.848    17.3969   4.169699    31.9003        387     1.6083     2.7238  0.000e+00
     17.940    17.3970   4.169673    31.9000        388     1.6125     2.7259  0.000e+00
     18.012    17.3968   4.169718    31.9006        389     1.6167     2.7271  0.000e+00
     18.041    17.3973   4.169848    31.9013        390     1.6208     2.7280  0.000e+00
     18.062    17.3981   4.169874    31.9008        391     1.6250     2.7282  0.000e+00
     18.071    17.3986   4.169913    31.9008        392     1.6292     2.7286  0.000e+00
     18.062    17.3993   4.169945    31.9005        393     1.6333     2.7283  0.000e+00
     18.062    17.3990   4.169920    31.9005        394     1.6375     2.7279  0.000e+00
     18.057    17.3989   4.169933    31.9007        395     1.6417     2.7287  0.000e+00
     18.082    17.3989   4.169894    31.9003        396     1.6458     2.7285  0.000e+00
     18.152    17.3988   4.169894    31.9004        397     1.6500     2.7276  0.000e+00
     18.258    17.3987   4.169861    31.9002        398     1.6542     2.7272  0.000e+00
     18.409    17.3986   4.169848    31.9001        399     1.6583     2.7265  0.000e+00
     18.589    17.3983   4.169848    31.9003        400     1.6625     2.7263  0.000e+00
     18.788    17.3984   4.169842    31.9000        401     1.6667     2.7261  0.000e+00
     18.988    17.3982   4.169823    31.9000        402     1.6708     2.7260  0.000e+00
     19.191    17.3982   4.169797    31.8997        403     1.6750     2.7271  0.000e+00
     19.392    17.3982   4.169745    31.8992        404     1.6792     2.7269  0.000e+00
     19.575    17.3980   4.169875    31.9004        405     1.6833     2.7257  0.000e+00
     19.746    17.3979   4.169849    31.9001        406     1.6875     2.7246  0.000e+00
     19.899    17.3979   4.169842    31.9001        407     1.6917     2.7244  0.000e+00
     20.023    17.3978   4.169849    31.9002        408     1.6958     2.7238  0.000e+00
     20.095    17.3979   4.169920    31.9007        409     1.7000     2.7225  0.000e+00
     20.127    17.3979   4.169985    31.9012        410     1.7042     2.7230  0.000e+00
     20.107    17.3987   4.169998    31.9007        411     1.7083     2.7235  0.000e+00
     20.043    17.3997   4.170024    31.9001        412     1.7125     2.7234  0.000e+00
     19.919    17.4000   4.170057    31.9002        413     1.7167     2.7245  0.000e+00
     19.771    17.3999   4.169998    31.8998        414     1.7208     2.7267  0.000e+00
     19.636    17.4003   4.169946    31.8992        415     1.7250     2.7276  0.000e+00
     19.487    17.4001   4.169985    31.8997        416     1.7292     2.7286  0.000e+00
     19.338    17.4001   4.169972    31.8996        417     1.7333     2.7286  0.000e+00
     19.191    17.3998   4.169920    31.8995        418     1.7375     2.7289  0.000e+00
     19.045    17.3996   4.169888    31.8994        419     1.7417     2.7293  0.000e+00
     18.912    17.3994   4.169920    31.8999        420     1.7458     2.7303  0.000e+00
     18.810    17.3993   4.169874    31.8996        421     1.7500     2.7305  0.000e+00
     18.736    17.3993   4.169848    31.8994        422     1.7542     2.7300  0.000e+00
     18.698    17.3993   4.169887    31.8998        423     1.7583     2.7299  0.000e+00
     18.707    17.3989   4.169894    31.9001        424     1.7625     2.7277  0.000e+00
     18.760    17.3991   4.169874    31.8998        425     1.7667     2.7264  0.000e+00
     18.840    17.3992   4.169842    31.8994        426     1.7708     2.7251  0.000e+00
     18.948    17.3991   4.169823    31.8993        427     1.7750     2.7235  0.000e+00
     19.070    17.3990   4.169849    31.8995        428     1.7792     2.7230  0.000e+00
     19.203    17.3992   4.169842    31.8993        429     1.7833     2.7224  0.000e+00
     19.340    17.3999   4.169849    31.8987        430     1.7875     2.7222  0.000e+00
     19.469    17.4008   4.169849    31.8980        431     1.7917     2.7231  0.000e+00
     19.608    17.4010   4.169842    31.8978        432     1.7958     2.7247  0.000e+00
     19.741    17.4011   4.169823    31.8974        433     1.8000     2.7261  0.000e+00
     19.859    17.4008   4.169875    31.8981        434     1.8042     2.7246  0.000e+00
     19.958    17.4003   4.169914    31.8988        435     1.8083     2.7246  0.000e+00
     20.034    17.4004   4.169972    31.8992        436     1.8125     2.7254  0.000e+00
     20.075    17.3998   4.169946    31.8994        437     1.8167     2.7260  0.000e+00
     20.079    17.3997   4.169959    31.8996        438     1.8208     2.7276  0.000e+00
     20.059    17.3999   4.169946    31.8993        439     1.8250     2.7282  0.000e+00
     19.996    17.3996   4.169998    31.9000        440     1.8292     2.7289  0.000e+00
     19.902    17.3999   4.170005    31.8999        441     1.8333     2.7292  0.000e+00
     19.784    17.3994   4.170024    31.9005        442     1.8375     2.7293  0.000e+00
     19.629    17.3999   4.170069    31.9005        443     1.8417     2.7294  0.000e+00
     19.459    17.4026   4.170056    31.8983        444     1.8458     2.7301  0.000e+00
     19.288    17.4045   4.170043    31.8968        445     1.8500     2.7312  0.000e+00
     19.101    17.4055   4.170069    31.8963        446     1.8542     2.7323  0.000e+00
     18.927    17.4059   4.170030    31.8957        447     1.8583     2.7327  0.000e+00
     18.761    17.4059   4.169998    31.8955        448     1.8625     2.7330  0.000e+00
     18.632    17.4062   4.169998    31.8953        449     1.8667     2.7345  0.000e+00
     18.529    17.4056   4.170004    31.8958        450     1.8708     2.7356  0.000e+00
     18.463    17.4053   4.169997    31.8961        451     1.8750     2.7366  0.000e+00
     18.423    17.4054   4.169972    31.8958        452     1.8792     2.7371  0.000e+00
     18.420    17.4052   4.169984    31.8960        453     1.8833     2.7364  0.000e+00
     18.454    17.4055   4.169972    31.8957        454     1.8875     2.7356  0.000e+00
     18.510    17.4055   4.169946    31.8955        455     1.8917     2.7342  0.000e+00
     18.580    17.4053   4.169985    31.8959        456     1.8958     2.7312  0.000e+00
     18.657    17.4053   4.169946    31.8956        457     1.9000     2.7279  0.000e+00
     18.745    17.4049   4.169946    31.8959        458     1.9042     2.7270  0.000e+00
     18.830    17.4049   4.169959    31.8959        459     1.9083     2.7257  0.000e+00
     18.896    17.4049   4.169972    31.8960        460     1.9125     2.7244  0.000e+00
     18.952    17.4048   4.169972    31.8961        461     1.9167     2.7233  0.000e+00
     18.989    17.4051   4.169933    31.8955        462     1.9208     2.7238  0.000e+00
     18.993    17.4051   4.170043    31.8965        463     1.9250     2.7225  0.000e+00
     18.980    17.4048   4.169998    31.8963        464     1.9292     2.7231  0.000e+00
     18.941    17.4049   4.169985    31.8961        465     1.9333     2.7242  0.000e+00
     18.889    17.4046   4.169998    31.8964        466     1.9375     2.7244  0.000e+00
     18.808    17.4048   4.169972    31.8961        467     1.9417     2.7265  0.000e+00
     18.718    17.4050   4.169933    31.8957        468     1.9458     2.7279  0.000e+00
     18.621    17.4049   4.169998    31.8963        469     1.9500     2.7299  0.000e+00
     18.520    17.4051   4.169946    31.8957        470     1.9542     2.7315  0.000e+00
     18.416    17.4050   4.169984    31.8962        471     1.9583     2.7323  0.000e+00
     18.316    17.4051   4.169920    31.8957        472     1.9625     2.7329  0.000e+00
     18.231    17.4048   4.169894    31.8957        473     1.9667     2.7338  0.000e+00
     18.165    17.4036   4.169913    31.8968        474     1.9708     2.7331  0.000e+00
     18.102    17.4035   4.169894    31.8968        475     1.9750     2.7324  0.000e+00
     18.055    17.4029   4.169894    31.8972        476     1.9792     2.7325  0.000e+00
     18.015    17.4028   4.169861    31.8970        477     1.9833     2.7326  0.000e+00
     17.992    17.4024   4.169874    31.8975        478     1.9875     2.7337  0.000e+00
     17.974    17.4020   4.169874    31.8978        479     1.9917     2.7315  0.000e+00
     17.972    17.4022   4.169874    31.8976        480     1.9958     2.7301  0.000e+00
     17.967    17.4022   4.169887    31.8977        481     2.0000     2.7276  0.000e+00
     17.971    17.4029   4.169894    31.8973        482     2.0042     2.7271  0.000e+00
     17.971    17.4030   4.169874    31.8970        483     2.0083     2.7279  0.000e+00
     17.976    17.4031   4.169887    31.8970        484     2.0125     2.7287  0.000e+00
     17.978    17.4035   4.169822    31.8962        485     2.0167     2.7283  0.000e+00
     17.983    17.4035   4.169848    31.8964        486     2.0208     2.7290  0.000e+00
     17.987    17.4037   4.169887    31.8965        487     2.0250     2.7289  0.000e+00
     17.988    17.4040   4.169894    31.8963        488     2.0292     2.7286  0.000e+00
     17.994    17.4040   4.169919    31.8966        489     2.0333     2.7302  0.000e+00
     17.996    17.4044   4.169913    31.8962        490     2.0375     2.7308  0.000e+00
     17.999    17.4045   4.169919    31.8962        491     2.0417     2.7318  0.000e+00
     17.988    17.4051   4.169971    31.8962        492     2.0458     2.7305  0.000e+00
     17.969    17.4054   4.169861    31.8950        493     2.0500     2.7286  0.000e+00
     17.938    17.4051   4.169945    31.8959        494     2.0542     2.7289  0.000e+00
     17.888    17.4050   4.169919    31.8959        495     2.0583     2.7290  0.000e+00
     17.821    17.4048   4.169958    31.8964        496     2.0625     2.7296  0.000e+00
     17.735    17.4051   4.169919    31.8958        497     2.0667     2.7299  0.000e+00
     17.622    17.4055   4.169919    31.8956        498     2.0708     2.7318  0.000e+00
     17.485    17.4050   4.169913    31.8960        499     2.0750     2.7323  0.000e+00
     17.343    17.4048   4.169893    31.8960        500     2.0792     2.7344  0.000e+00
     17.180    17.4045   4.169848    31.8958        501     2.0833     2.7346  0.000e+00
     17.013    17.4044   4.169861    31.8961        502     2.0875     2.7356  0.000e+00
     16.844    17.4044   4.169893    31.8965        503     2.0917     2.7359  0.000e+00
     16.682    17.4043   4.169893    31.8966        504     2.0958     2.7364  0.000e+00
     16.536    17.4051   4.169886    31.8960        505     2.1000     2.7367  0.000e+00
     16.420    17.4053   4.169873    31.8957        506     2.1042     2.7358  0.000e+00
     16.332    17.4053   4.169893    31.8959        507     2.1083     2.7358  0.000e+00
     16.281    17.4060   4.169912    31.8956        508     2.1125     2.7344  0.000e+00
     16.256    17.4059   4.169873    31.8953        509     2.1167     2.7338  0.000e+00
     16.267    17.4061   4.169893    31.8954        510     2.1208     2.7338  0.000e+00
     16.305    17.4061   4.169886    31.8953        511     2.1250     2.7317  0.000e+00
     16.364    17.4061   4.169873    31.8952        512     2.1292     2.7321  0.000e+00
     16.432    17.4061   4.169847    31.8949        513     2.1333     2.7315  0.000e+00
     16.515    17.4059   4.169841    31.8950        514     2.1375     2.7315  0.000e+00
     16.592    17.4060   4.169822    31.8947        515     2.1417     2.7325  0.000e+00
     16.662    17.4060   4.169848    31.8949        516     2.1458     2.7333  0.000e+00
     16.723    17.4058   4.169861    31.8951        517     2.1500     2.7326  0.000e+00
     16.770    17.4061   4.169893    31.8952        518     2.1542     2.7306  0.000e+00
     16.781    17.4065   4.169945    31.8953        519     2.1583     2.7299  0.000e+00
     16.786    17.4070   4.169932    31.8948        520     2.1625     2.7283  0.000e+00
     16.766    17.4074   4.169971    31.8948        521     2.1667     2.7295  0.000e+00
     16.721    17.4075   4.169971    31.8948        522     2.1708     2.7289  0.000e+00
     16.666    17.4083   4.169984    31.8942        523     2.1750     2.7287  0.000e+00
     16.599    17.4084   4.169997    31.8943        524     2.1792     2.7312  0.000e+00
     16.506    17.4086   4.169919    31.8935        525     2.1833     2.7313  0.000e+00
     16.418    17.4086   4.169912    31.8935        526     2.1875     2.7322  0.000e+00
     16.319    17.4080   4.169873    31.8937        527     2.1917     2.7322  0.000e+00
     16.222    17.4073   4.169821    31.8938        528     2.1958     2.7341  0.000e+00
     16.132    17.4063   4.169912    31.8954        529     2.2000     2.7341  0.000e+00
     16.042    17.4067   4.169893    31.8949        530     2.2042     2.7347  0.000e+00
     15.977    17.4076   4.169847    31.8939        531     2.2083     2.7347  0.000e+00
     15.918    17.4076   4.169886    31.8942        532     2.2125     2.7335  0.000e+00
     15.879    17.4080   4.169873    31.8938        533     2.2167     2.7327  0.000e+00
     15.843    17.4077   4.169795    31.8934        534     2.2208     2.7325  0.000e+00
     15.799    17.4074   4.169724    31.8930        535     2.2250     2.7318  0.000e+00
     15.773    17.4063   4.169743    31.8941        536     2.2292     2.7320  0.000e+00
     15.729    17.4051   4.169743    31.8950        537     2.2333     2.7320  0.000e+00
     15.674    17.4044   4.169698    31.8952        538     2.2375     2.7327  0.000e+00
     15.611    17.4043   4.169717    31.8955        539     2.2417     2.7342  0.000e+00
     15.537    17.4056   4.169724    31.8946        540     2.2458     2.7347  0.000e+00
     15.462    17.4061   4.169724    31.8942        541     2.2500     2.7346  0.000e+00
     15.372    17.4051   4.169672    31.8945        542     2.2542     2.7357  0.000e+00
     15.264    17.4039   4.169724    31.8960        543     2.2583     2.7365  0.000e+00
     15.147    17.4025   4.169672    31.8966        544     2.2625     2.7361  0.000e+00
     15.020    17.4025   4.169672    31.8968        545     2.2667     2.7361  0.000e+00
     14.872    17.4034   4.169646    31.8959        546     2.2708     2.7354  0.000e+00
     14.728    17.4044   4.169672    31.8953        547     2.2750     2.7345  0.000e+00
     14.590    17.4053   4.169626    31.8943        548     2.2792     2.7341  0.000e+00
     14.468    17.4052   4.169574    31.8939        549     2.2833     2.7335  0.000e+00
