PC2305/sbe043.cnv
* Sea-Bird SBE 19plus V2 Data File:
* FileName = C:\cruise\data\sbe043.hex
* Software Version Seasave V 7.26.7.121
* Temperature SN = 7142
* Conductivity SN = 7142
* System UpLoad Time = Oct 30 2023 22:36:40
** Cruise: PC2205
** Program: ECOMON
# nquan = 8
# nvalues = 2203                                  
# units = specified
# name 0 = depSM: Depth [salt water, m], lat = 40.00
# name 1 = tv290C: Temperature [ITS-90, deg C]
# name 2 = c0S/m: Conductivity [S/m]
# name 3 = sal00: Salinity, Practical [PSU]
# name 4 = scan: Scan Count
# name 5 = timeM: Time, Elapsed [minutes]
# name 6 = sbeox0V: Oxygen raw, SBE 43 [V]
# name 7 = flag:  0.000e+00
# span 0 =     -0.106,     36.142                 
# span 1 =    18.0802,    20.3206                 
# span 2 =   0.000026,   4.764102                 
# span 3 =     0.0098,    34.5235                 
# span 4 =         11,       2213                 
# span 5 =     0.0417,     9.2167                 
# span 6 =     2.5359,     3.0240                 
# span 7 = 0.0000e+00, 0.0000e+00                 
# interval = seconds: 0.25
# start_time = Oct 30 2023 22:36:40 [System UTC, header]
# bad_flag = -9.990e-29
*END*
[from data line 180]
      2.138    19.7005   4.586866    33.5644        191     0.7917     2.5704  0.000e+00
      2.259    19.6972   4.585753    33.5578        192     0.7958     2.5731  0.000e+00
      2.374    19.6928   4.585321    33.5578        193     0.8000     2.5770  0.000e+00
      2.503    19.6845   4.584997    33.5617        194     0.8042     2.5793  0.000e+00
      2.632    19.6762   4.584194    33.5618        195     0.8083     2.5792  0.000e+00
      2.762    19.6703   4.583837    33.5635        196     0.8125     2.5750  0.000e+00
      2.893    19.6675   4.583823    33.5656        197     0.8167     2.5733  0.000e+00
      3.028    19.6682   4.583985    33.5663        198     0.8208     2.5715  0.000e+00
      3.159    19.6661   4.583877    33.5671        199     0.8250     2.5718  0.000e+00
      3.308    19.6628   4.583911    33.5700        200     0.8292     2.5760  0.000e+00
      3.445    19.6593   4.583877    33.5724        201     0.8333     2.5821  0.000e+00
      3.581    19.6567   4.583716    33.5731        202     0.8375     2.5898  0.000e+00
      3.710    19.6555   4.583736    33.5743        203     0.8417     2.5946  0.000e+00
      3.824    19.6550   4.583318    33.5711        204     0.8458     2.5949  0.000e+00
      3.917    19.6543   4.583129    33.5701        205     0.8500     2.5908  0.000e+00
      3.994    19.6518   4.583237    33.5730        206     0.8542     2.5829  0.000e+00
      4.056    19.6491   4.583223    33.5750        207     0.8583     2.5744  0.000e+00
      4.120    19.6477   4.583291    33.5767        208     0.8625     2.5645  0.000e+00
      4.196    19.6465   4.583210    33.5769        209     0.8667     2.5523  0.000e+00
      4.305    19.6457   4.582940    33.5753        210     0.8708     2.5411  0.000e+00
      4.445    19.6459   4.582866    33.5745        211     0.8750     2.5359  0.000e+00
      4.600    19.6449   4.582812    33.5748        212     0.8792     2.5387  0.000e+00
      4.765    19.6441   4.582468    33.5726        213     0.8833     2.5489  0.000e+00
      4.931    19.6448   4.582252    33.5702        214     0.8875     2.5624  0.000e+00
      5.091    19.6444   4.582360    33.5713        215     0.8917     2.5720  0.000e+00
      5.236    19.6424   4.582117    33.5709        216     0.8958     2.5782  0.000e+00
      5.382    19.6410   4.582023    33.5712        217     0.9000     2.5793  0.000e+00
      5.524    19.6389   4.582064    33.5732        218     0.9042     2.5750  0.000e+00
      5.653    19.6374   4.581909    33.5731        219     0.9083     2.5686  0.000e+00
      5.781    19.6394   4.581882    33.5712        220     0.9125     2.5624  0.000e+00
      5.892    19.6404   4.581848    33.5701        221     0.9167     2.5597  0.000e+00
      5.994    19.6404   4.581801    33.5697        222     0.9208     2.5595  0.000e+00
      6.072    19.6381   4.581882    33.5721        223     0.9250     2.5596  0.000e+00
      6.140    19.6352   4.581855    33.5742        224     0.9292     2.5611  0.000e+00
      6.223    19.6326   4.581693    33.5749        225     0.9333     2.5638  0.000e+00
      6.327    19.6310   4.581531    33.5749        226     0.9375     2.5643  0.000e+00
      6.444    19.6301   4.581450    33.5749        227     0.9417     2.5625  0.000e+00
      6.571    19.6298   4.581363    33.5744        228     0.9458     2.5595  0.000e+00
      6.693    19.6296   4.581160    33.5728        229     0.9500     2.5567  0.000e+00
      6.819    19.6293   4.581241    33.5737        230     0.9542     2.5545  0.000e+00
      6.949    19.6277   4.581052    33.5733        231     0.9583     2.5537  0.000e+00
      7.074    19.6268   4.580978    33.5734        232     0.9625     2.5537  0.000e+00
      7.193    19.6254   4.580897    33.5739        233     0.9667     2.5565  0.000e+00
      7.315    19.6240   4.580843    33.5745        234     0.9708     2.5604  0.000e+00
      7.436    19.6238   4.580776    33.5741        235     0.9750     2.5667  0.000e+00
      7.549    19.6231   4.580682    33.5738        236     0.9792     2.5727  0.000e+00
      7.655    19.6220   4.580709    33.5748        237     0.9833     2.5769  0.000e+00
      7.766    19.6219   4.580547    33.5735        238     0.9875     2.5793  0.000e+00
      7.879    19.6216   4.580466    33.5731        239     0.9917     2.5805  0.000e+00
      8.007    19.6197   4.580439    33.5744        240     0.9958     2.5821  0.000e+00
      8.126    19.6179   4.580365    33.5752        241     1.0000     2.5837  0.000e+00
      8.244    19.6168   4.580284    33.5753        242     1.0042     2.5843  0.000e+00
      8.359    19.6167   4.580291    33.5754        243     1.0083     2.5814  0.000e+00
      8.471    19.6164   4.580230    33.5752        244     1.0125     2.5774  0.000e+00
      8.584    19.6160   4.580203    33.5752        245     1.0167     2.5742  0.000e+00
      8.686    19.6154   4.580109    33.5748        246     1.0208     2.5721  0.000e+00
      8.785    19.6151   4.580015    33.5743        247     1.0250     2.5711  0.000e+00
      8.895    19.6145   4.579907    33.5739        248     1.0292     2.5692  0.000e+00
      9.004    19.6139   4.579853    33.5739        249     1.0333     2.5671  0.000e+00
      9.114    19.6134   4.579806    33.5739        250     1.0375     2.5684  0.000e+00
      9.234    19.6123   4.579725    33.5740        251     1.0417     2.5708  0.000e+00
      9.360    19.6117   4.579563    33.5732        252     1.0458     2.5761  0.000e+00
      9.493    19.6108   4.579320    33.5718        253     1.0500     2.5780  0.000e+00
      9.630    19.6095   4.579219    33.5720        254     1.0542     2.5798  0.000e+00
      9.777    19.6074   4.579165    33.5732        255     1.0583     2.5825  0.000e+00
      9.919    19.6053   4.579084    33.5742        256     1.0625     2.5847  0.000e+00
     10.061    19.6041   4.578862    33.5732        257     1.0667     2.5871  0.000e+00
     10.198    19.6030   4.578815    33.5737        258     1.0708     2.5870  0.000e+00
     10.338    19.6019   4.578767    33.5741        259     1.0750     2.5860  0.000e+00
     10.478    19.6010   4.578714    33.5743        260     1.0792     2.5859  0.000e+00
     10.613    19.6000   4.578653    33.5746        261     1.0833     2.5860  0.000e+00
     10.740    19.5987   4.578633    33.5755        262     1.0875     2.5866  0.000e+00
     10.866    19.5983   4.578606    33.5755        263     1.0917     2.5861  0.000e+00
     10.987    19.5981   4.578606    33.5756        264     1.0958     2.5837  0.000e+00
     11.100    19.5974   4.578532    33.5755        265     1.1000     2.5785  0.000e+00
     11.200    19.5969   4.578498    33.5756        266     1.1042     2.5729  0.000e+00
     11.310    19.5970   4.578417    33.5749        267     1.1083     2.5673  0.000e+00
     11.407    19.5967   4.578336    33.5744        268     1.1125     2.5645  0.000e+00
     11.499    19.5961   4.578222    33.5739        269     1.1167     2.5631  0.000e+00
     11.599    19.5959   4.577992    33.5721        270     1.1208     2.5605  0.000e+00
     11.705    19.5946   4.577777    33.5714        271     1.1250     2.5576  0.000e+00
     11.819    19.5929   4.577561    33.5709        272     1.1292     2.5538  0.000e+00
     11.935    19.5913   4.577244    33.5696        273     1.1333     2.5501  0.000e+00
     12.058    19.5889   4.576954    33.5690        274     1.1375     2.5508  0.000e+00
     12.187    19.5869   4.576664    33.5682        275     1.1417     2.5514  0.000e+00
     12.320    19.5851   4.576361    33.5671        276     1.1458     2.5534  0.000e+00
     12.462    19.5826   4.576078    33.5668        277     1.1500     2.5592  0.000e+00
     12.600    19.5798   4.575808    33.5667        278     1.1542     2.5666  0.000e+00
     12.739    19.5773   4.575303    33.5646        279     1.1583     2.5748  0.000e+00
     12.879    19.5754   4.575006    33.5636        280     1.1625     2.5808  0.000e+00
     13.012    19.5721   4.574642    33.5632        281     1.1667     2.5841  0.000e+00
     13.139    19.5692   4.574136    33.5614        282     1.1708     2.5872  0.000e+00
     13.260    19.5660   4.573894    33.5618        283     1.1750     2.5892  0.000e+00
     13.375    19.5631   4.573584    33.5616        284     1.1792     2.5916  0.000e+00
     13.486    19.5604   4.573307    33.5615        285     1.1833     2.5906  0.000e+00
     13.603    19.5568   4.572674    33.5591        286     1.1875     2.5875  0.000e+00
     13.720    19.5543   4.571926    33.5549        287     1.1917     2.5840  0.000e+00
     13.835    19.5510   4.571211    33.5517        288     1.1958     2.5789  0.000e+00
     13.946    19.5463   4.570173    33.5469        289     1.2000     2.5784  0.000e+00
     14.061    19.5389   4.568765    33.5412        290     1.2042     2.5811  0.000e+00
     14.164    19.5320   4.567701    33.5379        291     1.2083     2.5830  0.000e+00
     14.281    19.5235   4.565895    33.5299        292     1.2125     2.5849  0.000e+00
     14.403    19.5114   4.563962    33.5236        293     1.2167     2.5847  0.000e+00
     14.527    19.4986   4.562501    33.5218        294     1.2208     2.5856  0.000e+00
     14.651    19.4839   4.560460    33.5168        295     1.2250     2.5869  0.000e+00
     14.777    19.4689   4.558629    33.5138        296     1.2292     2.5886  0.000e+00
     14.904    19.4546   4.557310    33.5143        297     1.2333     2.5875  0.000e+00
     15.026    19.4408   4.556752    33.5208        298     1.2375     2.5864  0.000e+00
     15.149    19.4272   4.555587    33.5221        299     1.2417     2.5847  0.000e+00
     15.274    19.4155   4.553172    33.5116        300     1.2458     2.5847  0.000e+00
     15.397    19.4035   4.551517    33.5074        301     1.2500     2.5866  0.000e+00
     15.522    19.3886   4.548745    33.4966        302     1.2542     2.5867  0.000e+00
     15.648    19.3742   4.546338    33.4883        303     1.2583     2.5847  0.000e+00
     15.772    19.3644   4.544469    33.4806        304     1.2625     2.5824  0.000e+00
     15.901    19.3475   4.543097    33.4828        305     1.2667     2.5798  0.000e+00
     16.024    19.3233   4.539771    33.4748        306     1.2708     2.5791  0.000e+00
     16.148    19.3003   4.535746    33.4600        307     1.2750     2.5767  0.000e+00
     16.264    19.2775   4.533845    33.4626        308     1.2792     2.5732  0.000e+00
     16.383    19.2514   4.532113    33.4692        309     1.2833     2.5673  0.000e+00
     16.496    19.2249   4.529985    33.4729        310     1.2875     2.5626  0.000e+00
     16.613    19.2037   4.527588    33.4701        311     1.2917     2.5601  0.000e+00
     16.730    19.1840   4.524286    33.4586        312     1.2958     2.5602  0.000e+00
     16.847    19.1585   4.522005    33.4602        313     1.3000     2.5594  0.000e+00
     16.967    19.1296   4.519932    33.4662        314     1.3042     2.5570  0.000e+00
     17.088    19.1040   4.518122    33.4718        315     1.3083     2.5566  0.000e+00
     17.213    19.0807   4.515506    33.4688        316     1.3125     2.5554  0.000e+00
     17.346    19.0598   4.511451    33.4520        317     1.3167     2.5597  0.000e+00
     17.476    19.0423   4.508757    33.4437        318     1.3208     2.5641  0.000e+00
     17.605    19.0152   4.506834    33.4495        319     1.3250     2.5677  0.000e+00
     17.731    18.9898   4.504215    33.4482        320     1.3292     2.5704  0.000e+00
     17.860    18.9645   4.503016    33.4586        321     1.3333     2.5694  0.000e+00
     17.993    18.9382   4.500880    33.4621        322     1.3375     2.5708  0.000e+00
     18.121    18.9173   4.498477    33.4589        323     1.3417     2.5747  0.000e+00
     18.250    18.8952   4.497701    33.4702        324     1.3458     2.5757  0.000e+00
     18.367    18.8755   4.496423    33.4755        325     1.3500     2.5767  0.000e+00
     18.484    18.8611   4.494134    33.4680        326     1.3542     2.5727  0.000e+00
     18.603    18.8486   4.491792    33.4586        327     1.3583     2.5711  0.000e+00
     18.721    18.8334   4.491377    33.4674        328     1.3625     2.5709  0.000e+00
     18.833    18.8149   4.490909    33.4784        329     1.3667     2.5708  0.000e+00
     18.937    18.8074   4.489137    33.4696        330     1.3708     2.5693  0.000e+00
     19.037    18.8056   4.487017    33.4533        331     1.3750     2.5669  0.000e+00
     19.142    18.7934   4.484930    33.4458        332     1.3792     2.5615  0.000e+00
     19.249    18.7736   4.483246    33.4477        333     1.3833     2.5564  0.000e+00
     19.357    18.7511   4.481013    33.4472        334     1.3875     2.5547  0.000e+00
     19.465    18.7294   4.478835    33.4466        335     1.3917     2.5538  0.000e+00
     19.571    18.7086   4.477539    33.4525        336     1.3958     2.5529  0.000e+00
     19.683    18.6949   4.476711    33.4567        337     1.4000     2.5519  0.000e+00
     19.801    18.6801   4.475214    33.4562        338     1.4042     2.5521  0.000e+00
     19.920    18.6718   4.473037    33.4445        339     1.4083     2.5548  0.000e+00
     20.038    18.6623   4.471848    33.4423        340     1.4125     2.5588  0.000e+00
     20.157    18.6466   4.470066    33.4400        341     1.4167     2.5618  0.000e+00
     20.276    18.6313   4.469518    33.4478        342     1.4208     2.5595  0.000e+00
     20.392    18.6156   4.468717    33.4538        343     1.4250     2.5574  0.000e+00
     20.515    18.6055   4.467556    33.4522        344     1.4292     2.5571  0.000e+00
     20.635    18.5956   4.466602    33.4522        345     1.4333     2.5579  0.000e+00
     20.750    18.5845   4.465314    33.4504        346     1.4375     2.5571  0.000e+00
     20.863    18.5730   4.464847    33.4558        347     1.4417     2.5550  0.000e+00
     20.969    18.5648   4.464513    33.4596        348     1.4458     2.5508  0.000e+00
     21.072    18.5563   4.463686    33.4596        349     1.4500     2.5478  0.000e+00
     21.171    18.5485   4.462678    33.4574        350     1.4542     2.5467  0.000e+00
     21.264    18.5390   4.463192    33.4694        351     1.4583     2.5460  0.000e+00
     21.349    18.5306   4.475444    33.5791        352     1.4625     2.5439  0.000e+00
     21.433    18.5370   4.495619    33.7432        353     1.4667     2.5382  0.000e+00
     21.525    18.5614   4.497653    33.7403        354     1.4708     2.5403  0.000e+00
     21.609    18.5835   4.498718    33.7311        355     1.4750     2.5676  0.000e+00
     21.699    18.5983   4.500023    33.7299        356     1.4792     2.6093  0.000e+00
     21.792    18.6102   4.501168    33.7297        357     1.4833     2.6506  0.000e+00
     21.891    18.6200   4.502266    33.7309        358     1.4875     2.6819  0.000e+00
     22.004    18.6296   4.504122    33.7386        359     1.4917     2.7042  0.000e+00
     22.123    18.6398   4.505160    33.7389        360     1.4958     2.7222  0.000e+00
     22.256    18.6496   4.506178    33.7394        361     1.5000     2.7341  0.000e+00
     22.400    18.6585   4.507357    33.7419        362     1.5042     2.7429  0.000e+00
     22.542    18.6666   4.508952    33.7486        363     1.5083     2.7501  0.000e+00
     22.686    18.6758   4.510440    33.7535        364     1.5125     2.7568  0.000e+00
     22.831    18.6855   4.511720    33.7562        365     1.5167     2.7604  0.000e+00
     22.982    18.6952   4.512665    33.7562        366     1.5208     2.7647  0.000e+00
     23.120    18.7035   4.513429    33.7557        367     1.5250     2.7668  0.000e+00
     23.252    18.7105   4.513785    33.7529        368     1.5292     2.7674  0.000e+00
     23.363    18.7160   4.513449    33.7456        369     1.5333     2.7679  0.000e+00
