PC2305/sbe028.cnv
* Sea-Bird SBE 19plus V2 Data File:
* FileName = C:\cruise\data\sbe028.hex
* Software Version Seasave V 7.26.7.121
* Temperature SN = 7142
* Conductivity SN = 7142
* System UpLoad Time = Oct 29 2023 21:59:05
** Cruise: PC2205
** Program: ECOMON
# nquan = 8
# nvalues = 2247                                  
# units = specified
# name 0 = depSM: Depth [salt water, m], lat = 40.00
# name 1 = tv290C: Temperature [ITS-90, deg C]
# name 2 = c0S/m: Conductivity [S/m]
# name 3 = sal00: Salinity, Practical [PSU]
# name 4 = scan: Scan Count
# name 5 = timeM: Time, Elapsed [minutes]
# name 6 = sbeox0V: Oxygen raw, SBE 43 [V]
# name 7 = flag:  0.000e+00
# span 0 =     -0.053,    118.022                 
# span 1 =    11.4660,    20.0009                 
# span 2 =   0.000020,   4.710633                 
# span 3 =     0.0098,    35.5875                 
# span 4 =         11,       2257                 
# span 5 =     0.0417,     9.4000                 
# span 6 =     1.8735,     3.0436                 
# span 7 = 0.0000e+00, 0.0000e+00                 
# interval = seconds: 0.25
# start_time = Oct 29 2023 21:59:05 [System UTC, header]
# bad_flag = -9.990e-29
*END*
[from data line 1798]
     27.874    19.4941   4.640411    34.1627       1809     7.5333     2.7503  0.000e+00
     27.791    19.4921   4.640302    34.1634       1810     7.5375     2.7536  0.000e+00
     27.698    19.4905   4.640519    34.1666       1811     7.5417     2.7558  0.000e+00
     27.603    19.4898   4.640628    34.1680       1812     7.5458     2.7548  0.000e+00
     27.502    19.4900   4.642717    34.1851       1813     7.5500     2.7584  0.000e+00
     27.398    19.4962   4.653075    34.2656       1814     7.5542     2.7599  0.000e+00
     27.292    19.5294   4.659480    34.2912       1815     7.5583     2.7620  0.000e+00
     27.184    19.5770   4.661212    34.2665       1816     7.5625     2.7652  0.000e+00
     27.080    19.6137   4.664570    34.2641       1817     7.5667     2.7677  0.000e+00
     26.970    19.6425   4.663658    34.2330       1818     7.5708     2.7705  0.000e+00
     26.866    19.6585   4.663393    34.2178       1819     7.5750     2.7727  0.000e+00
     26.769    19.6644   4.663936    34.2175       1820     7.5792     2.7761  0.000e+00
     26.665    19.6678   4.667723    34.2459       1821     7.5833     2.7789  0.000e+00
     26.562    19.6796   4.675056    34.2966       1822     7.5875     2.7785  0.000e+00
     26.471    19.7112   4.676158    34.2798       1823     7.5917     2.7791  0.000e+00
     26.370    19.7380   4.676443    34.2603       1824     7.5958     2.7810  0.000e+00
     26.275    19.7537   4.676708    34.2497       1825     7.6000     2.7816  0.000e+00
     26.188    19.7624   4.676912    34.2443       1826     7.6042     2.7823  0.000e+00
     26.102    19.7674   4.677143    34.2420       1827     7.6083     2.7821  0.000e+00
     26.009    19.7702   4.677177    34.2401       1828     7.6125     2.7834  0.000e+00
     25.924    19.7714   4.677524    34.2420       1829     7.6167     2.7841  0.000e+00
     25.842    19.7736   4.677620    34.2410       1830     7.6208     2.7828  0.000e+00
     25.759    19.7750   4.674986    34.2183       1831     7.6250     2.7829  0.000e+00
     25.666    19.7694   4.669870    34.1810       1832     7.6292     2.7827  0.000e+00
     25.581    19.7502   4.670938    34.2054       1833     7.6333     2.7815  0.000e+00
     25.484    19.7384   4.672544    34.2282       1834     7.6375     2.7818  0.000e+00
     25.382    19.7390   4.678866    34.2797       1835     7.6417     2.7826  0.000e+00
     25.274    19.7535   4.677177    34.2540       1836     7.6458     2.7835  0.000e+00
     25.162    19.7658   4.679879    34.2662       1837     7.6500     2.7853  0.000e+00
     25.038    19.7770   4.680478    34.2620       1838     7.6542     2.7884  0.000e+00
     24.916    19.7869   4.680315    34.2526       1839     7.6583     2.7902  0.000e+00
     24.783    19.7921   4.683685    34.2760       1840     7.6625     2.7905  0.000e+00
     24.657    19.8028   4.690980    34.3271       1841     7.6667     2.7909  0.000e+00
     24.521    19.8307   4.694224    34.3310       1842     7.6708     2.7912  0.000e+00
     24.391    19.8605   4.699746    34.3519       1843     7.6750     2.7913  0.000e+00
     24.271    19.8939   4.704397    34.3627       1844     7.6792     2.7919  0.000e+00
     24.145    19.9287   4.706600    34.3523       1845     7.6833     2.7918  0.000e+00
     24.032    19.9576   4.709787    34.3548       1846     7.6875     2.7922  0.000e+00
     23.915    19.9819   4.710633    34.3419       1847     7.6917     2.7903  0.000e+00
     23.818    19.9989   4.707787    34.3048       1848     7.6958     2.7903  0.000e+00
     23.712    20.0009   4.696014    34.2071       1849     7.7000     2.7919  0.000e+00
     23.620    19.9770   4.693226    34.2037       1850     7.7042     2.7950  0.000e+00
     23.529    19.9478   4.692061    34.2180       1851     7.7083     2.7948  0.000e+00
     23.448    19.9275   4.691278    34.2282       1852     7.7125     2.7948  0.000e+00
     23.372    19.9144   4.691666    34.2421       1853     7.7167     2.7932  0.000e+00
     23.308    19.9076   4.689220    34.2277       1854     7.7208     2.7952  0.000e+00
     23.245    19.8990   4.674187    34.1117       1855     7.7250     2.7956  0.000e+00
     23.186    19.8614   4.660500    34.0302       1856     7.7292     2.7979  0.000e+00
     23.132    19.7963   4.659576    34.0755       1857     7.7333     2.7981  0.000e+00
     23.074    19.7506   4.659353    34.1109       1858     7.7375     2.7978  0.000e+00
     23.017    19.7239   4.655827    34.1037       1859     7.7417     2.7984  0.000e+00
     22.957    19.7031   4.642542    34.0115       1860     7.7458     2.7985  0.000e+00
     22.898    19.6573   4.628427    33.9329       1861     7.7500     2.8006  0.000e+00
     22.832    19.5852   4.627710    33.9855       1862     7.7542     2.8011  0.000e+00
     22.761    19.5306   4.603975    33.8345       1863     7.7583     2.8006  0.000e+00
     22.686    19.4530   4.588668    33.7712       1864     7.7625     2.8025  0.000e+00
     22.598    19.3529   4.581036    33.7894       1865     7.7667     2.8024  0.000e+00
     22.506    19.2659   4.578245    33.8369       1866     7.7708     2.8029  0.000e+00
     22.409    19.2061   4.568161    33.8021       1867     7.7750     2.8044  0.000e+00
     22.307    19.1512   4.565958    33.8285       1868     7.7792     2.8078  0.000e+00
     22.197    19.1066   4.563385    33.8435       1869     7.7833     2.8114  0.000e+00
     22.082    19.0776   4.553664    33.7864       1870     7.7875     2.8168  0.000e+00
     21.955    19.0341   4.551498    33.8039       1871     7.7917     2.8194  0.000e+00
     21.834    18.9973   4.546346    33.7911       1872     7.7958     2.8224  0.000e+00
     21.705    18.9660   4.543287    33.7911       1873     7.8000     2.8241  0.000e+00
     21.575    18.9360   4.543590    33.8183       1874     7.8042     2.8264  0.000e+00
     21.451    18.9186   4.544343    33.8388       1875     7.8083     2.8289  0.000e+00
     21.324    18.9127   4.533591    33.7540       1876     7.8125     2.8293  0.000e+00
     21.196    18.8837   4.496946    33.4722       1877     7.8167     2.8298  0.000e+00
     21.063    18.7668   4.470578    33.3468       1878     7.8208     2.8289  0.000e+00
     20.932    18.6068   4.461723    33.4022       1879     7.8250     2.8264  0.000e+00
     20.803    18.4728   4.457856    33.4785       1880     7.8292     2.8224  0.000e+00
     20.679    18.3864   4.455930    33.5328       1881     7.8333     2.8216  0.000e+00
     20.560    18.3328   4.436410    33.4121       1882     7.8375     2.8237  0.000e+00
     20.445    18.2610   4.421990    33.3490       1883     7.8417     2.8266  0.000e+00
     20.339    18.1637   4.421280    33.4223       1884     7.8458     2.8289  0.000e+00
     20.242    18.0961   4.417965    33.4495       1885     7.8500     2.8302  0.000e+00
     20.147    18.0548   4.415341    33.4611       1886     7.8542     2.8331  0.000e+00
     20.057    18.0264   4.412286    33.4585       1887     7.8583     2.8353  0.000e+00
     19.971    18.0026   4.391819    33.3043       1888     7.8625     2.8356  0.000e+00
     19.890    17.9355   4.390196    33.3453       1889     7.8667     2.8365  0.000e+00
     19.809    17.8738   4.392199    33.4128       1890     7.8708     2.8354  0.000e+00
     19.741    17.8465   4.391993    33.4336       1891     7.8750     2.8358  0.000e+00
     19.665    17.8342   4.393817    33.4592       1892     7.8792     2.8370  0.000e+00
     19.600    17.8322   4.390860    33.4357       1893     7.8833     2.8370  0.000e+00
     19.541    17.8284   4.388402    33.4179       1894     7.8875     2.8387  0.000e+00
     19.484    17.8161   4.389230    33.4350       1895     7.8917     2.8390  0.000e+00
     19.430    17.8083   4.387494    33.4267       1896     7.8958     2.8398  0.000e+00
     19.372    17.8013   4.388535    33.4413       1897     7.9000     2.8402  0.000e+00
     19.315    17.7985   4.388077    33.4397       1898     7.9042     2.8409  0.000e+00
     19.255    17.7965   4.387673    33.4379       1899     7.9083     2.8414  0.000e+00
     19.192    17.7946   4.388051    33.4427       1900     7.9125     2.8428  0.000e+00
     19.122    17.7946   4.387806    33.4406       1901     7.9167     2.8422  0.000e+00
     19.042    17.7946   4.389919    33.4587       1902     7.9208     2.8423  0.000e+00
     18.953    17.7991   4.389999    33.4558       1903     7.9250     2.8409  0.000e+00
     18.862    17.8045   4.389217    33.4447       1904     7.9292     2.8407  0.000e+00
     18.759    17.8061   4.388938    33.4410       1905     7.9333     2.8416  0.000e+00
     18.652    17.8052   4.389111    33.4433       1906     7.9375     2.8419  0.000e+00
     18.535    17.8054   4.390840    33.4579       1907     7.9417     2.8422  0.000e+00
     18.422    17.8095   4.392782    33.4711       1908     7.9458     2.8426  0.000e+00
     18.317    17.8192   4.397669    33.5048       1909     7.9500     2.8429  0.000e+00
     18.208    17.8399   4.399691    33.5051       1910     7.9542     2.8447  0.000e+00
     18.096    17.8623   4.402583    33.5114       1911     7.9583     2.8467  0.000e+00
     17.983    17.8826   4.402735    33.4960       1912     7.9625     2.8461  0.000e+00
     17.872    17.8972   4.402556    33.4825       1913     7.9667     2.8460  0.000e+00
     17.751    17.9043   4.402808    33.4789       1914     7.9708     2.8476  0.000e+00
     17.636    17.9093   4.403498    33.4807       1915     7.9750     2.8470  0.000e+00
     17.516    17.9127   4.404281    33.4846       1916     7.9792     2.8490  0.000e+00
     17.392    17.9177   4.404135    33.4793       1917     7.9833     2.8486  0.000e+00
     17.270    17.9207   4.404334    33.4786       1918     7.9875     2.8483  0.000e+00
     17.149    17.9229   4.404792    33.4807       1919     7.9917     2.8470  0.000e+00
     17.025    17.9249   4.404738    33.4787       1920     7.9958     2.8492  0.000e+00
     16.905    17.9263   4.404261    33.4735       1921     8.0000     2.8502  0.000e+00
     16.790    17.9263   4.403736    33.4691       1922     8.0042     2.8484  0.000e+00
     16.686    17.9240   4.403597    33.4698       1923     8.0083     2.8489  0.000e+00
     16.581    17.9221   4.404081    33.4756       1924     8.0125     2.8488  0.000e+00
     16.495    17.9220   4.404055    33.4754       1925     8.0167     2.8512  0.000e+00
     16.412    17.9227   4.403219    33.4678       1926     8.0208     2.8492  0.000e+00
     16.333    17.9209   4.400173    33.4434       1927     8.0250     2.8492  0.000e+00
     16.249    17.9118   4.398296    33.4349       1928     8.0292     2.8502  0.000e+00
     16.170    17.8990   4.397985    33.4428       1929     8.0333     2.8480  0.000e+00
     16.091    17.8896   4.396725    33.4398       1930     8.0375     2.8483  0.000e+00
     16.019    17.8815   4.393635    33.4202       1931     8.0417     2.8479  0.000e+00
     15.942    17.8693   4.391819    33.4147       1932     8.0458     2.8489  0.000e+00
     15.872    17.8565   4.388884    33.4003       1933     8.0500     2.8488  0.000e+00
     15.803    17.8420   4.387771    33.4027       1934     8.0542     2.8538  0.000e+00
     15.740    17.8292   4.387976    33.4150       1935     8.0583     2.8531  0.000e+00
     15.681    17.8227   4.387168    33.4134       1936     8.0625     2.8530  0.000e+00
     15.616    17.8176   4.387062    33.4167       1937     8.0667     2.8543  0.000e+00
     15.561    17.8142   4.387042    33.4194       1938     8.0708     2.8560  0.000e+00
     15.496    17.8120   4.386611    33.4175       1939     8.0750     2.8560  0.000e+00
     15.428    17.8103   4.386963    33.4219       1940     8.0792     2.8576  0.000e+00
     15.356    17.8098   4.386684    33.4200       1941     8.0833     2.8583  0.000e+00
     15.279    17.8090   4.385558    33.4111       1942     8.0875     2.8602  0.000e+00
     15.201    17.8061   4.384134    33.4014       1943     8.0917     2.8606  0.000e+00
     15.117    17.7994   4.383856    33.4045       1944     8.0958     2.8612  0.000e+00
     15.025    17.7935   4.381836    33.3922       1945     8.1000     2.8621  0.000e+00
     14.928    17.7858   4.380452    33.3867       1946     8.1042     2.8614  0.000e+00
     14.829    17.7748   4.373615    33.3375       1947     8.1083     2.8615  0.000e+00
     14.725    17.7534   4.368919    33.3150       1948     8.1125     2.8611  0.000e+00
     14.623    17.7246   4.366360    33.3168       1949     8.1167     2.8611  0.000e+00
     14.517    17.6980   4.364277    33.3209       1950     8.1208     2.8613  0.000e+00
     14.418    17.6765   4.360986    33.3105       1951     8.1250     2.8631  0.000e+00
     14.305    17.6570   4.357161    33.2938       1952     8.1292     2.8636  0.000e+00
     14.197    17.6341   4.353198    33.2787       1953     8.1333     2.8632  0.000e+00
     14.085    17.6084   4.346748    33.2446       1954     8.1375     2.8636  0.000e+00
     13.976    17.5779   4.343753    33.2441       1955     8.1417     2.8647  0.000e+00
     13.861    17.5471   4.342058    33.2548       1956     8.1458     2.8630  0.000e+00
     13.753    17.5237   4.339215    33.2496       1957     8.1500     2.8620  0.000e+00
     13.650    17.5041   4.337224    33.2487       1958     8.1542     2.8605  0.000e+00
     13.539    17.4857   4.332418    33.2226       1959     8.1583     2.8599  0.000e+00
     13.435    17.4619   4.327345    33.1987       1960     8.1625     2.8589  0.000e+00
     13.331    17.4331   4.324691    33.1996       1961     8.1667     2.8573  0.000e+00
     13.226    17.4044   4.312088    33.1149       1962     8.1708     2.8585  0.000e+00
     13.128    17.3612   4.298080    33.0300       1963     8.1750     2.8595  0.000e+00
     13.039    17.2924   4.287701    32.9969       1964     8.1792     2.8594  0.000e+00
     12.955    17.2200   4.278486    32.9767       1965     8.1833     2.8579  0.000e+00
     12.862    17.1537   4.271900    32.9742       1966     8.1875     2.8545  0.000e+00
     12.779    17.0954   4.259053    32.9110       1967     8.1917     2.8528  0.000e+00
     12.685    17.0317   4.254560    32.9242       1968     8.1958     2.8552  0.000e+00
     12.610    16.9767   4.247028    32.9041       1969     8.2000     2.8563  0.000e+00
     12.533    16.9269   4.234499    32.8363       1970     8.2042     2.8585  0.000e+00
     12.450    16.8671   4.227869    32.8277       1971     8.2083     2.8599  0.000e+00
     12.371    16.8086   4.220859    32.8147       1972     8.2125     2.8605  0.000e+00
     12.292    16.7569   4.216401    32.8183       1973     8.2167     2.8609  0.000e+00
     12.231    16.7145   4.214310    32.8349       1974     8.2208     2.8624  0.000e+00
     12.175    16.6847   4.214115    32.8576       1975     8.2250     2.8644  0.000e+00
     12.127    16.6666   4.212200    32.8558       1976     8.2292     2.8669  0.000e+00
     12.084    16.6534   4.212409    32.8685       1977     8.2333     2.8700  0.000e+00
     12.046    16.6444   4.210246    32.8571       1978     8.2375     2.8725  0.000e+00
     12.001    16.6358   4.206964    32.8355       1979     8.2417     2.8744  0.000e+00
     11.960    16.6224   4.206405    32.8417       1980     8.2458     2.8773  0.000e+00
     11.918    16.6112   4.206411    32.8509       1981     8.2500     2.8782  0.000e+00
     11.873    16.6051   4.206210    32.8542       1982     8.2542     2.8804  0.000e+00
     11.837    16.6019   4.205884    32.8539       1983     8.2583     2.8823  0.000e+00
     11.785    16.5999   4.205598    32.8531       1984     8.2625     2.8853  0.000e+00
     11.740    16.5983   4.205507    32.8536       1985     8.2667     2.8876  0.000e+00
     11.688    16.5971   4.205357    32.8533       1986     8.2708     2.8877  0.000e+00
     11.640    16.5964   4.205227    32.8528       1987     8.2750     2.8876  0.000e+00
