PC2305/sbe088.cnv
* Sea-Bird SBE 19plus V2 Data File:
* FileName = C:\cruise\data\sbe088.hex
* Software Version Seasave V 7.26.7.121
* Temperature SN = 7142
* Conductivity SN = 7142
* System UpLoad Time = Nov 04 2023 15:32:02
** Cruise: PC2205
** Program: ECOMON
# nquan = 8
# nvalues = 2942                                  
# units = specified
# name 0 = depSM: Depth [salt water, m], lat = 40.00
# name 1 = tv290C: Temperature [ITS-90, deg C]
# name 2 = c0S/m: Conductivity [S/m]
# name 3 = sal00: Salinity, Practical [PSU]
# name 4 = scan: Scan Count
# name 5 = timeM: Time, Elapsed [minutes]
# name 6 = sbeox0V: Oxygen raw, SBE 43 [V]
# name 7 = flag:  0.000e+00
# span 0 =      0.030,    123.984                 
# span 1 =     8.9352,    18.1771                 
# span 2 =   0.000099,   3.949645                 
# span 3 =     0.0092,    34.4260                 
# span 4 =         11,       2952                 
# span 5 =     0.0417,    12.2958                 
# span 6 =     2.1470,     2.8463                 
# span 7 = 0.0000e+00, 0.0000e+00                 
# interval = seconds: 0.25
# start_time = Nov 04 2023 15:32:02 [System UTC, header]
# bad_flag = -9.990e-29
*END*
[from data line 2517]
     19.589    13.4628   3.850193    32.2579       2528    10.5292     2.7770  0.000e+00
     19.526    13.4555   3.850004    32.2624       2529    10.5333     2.7775  0.000e+00
     19.441    13.4500   3.848843    32.2563       2530    10.5375     2.7784  0.000e+00
     19.348    13.4438   3.848115    32.2547       2531    10.5417     2.7780  0.000e+00
     19.240    13.4383   3.846050    32.2402       2532    10.5458     2.7787  0.000e+00
     19.125    13.4286   3.843728    32.2267       2533    10.5500     2.7787  0.000e+00
     18.999    13.4157   3.840560    32.2081       2534    10.5542     2.7777  0.000e+00
     18.868    13.3978   3.836127    32.1818       2535    10.5583     2.7776  0.000e+00
     18.751    13.3727   3.832912    32.1730       2536    10.5625     2.7771  0.000e+00
     18.631    13.3458   3.831991    32.1872       2537    10.5667     2.7781  0.000e+00
     18.528    13.3237   3.827587    32.1647       2538    10.5708     2.7776  0.000e+00
     18.431    13.3026   3.828771    32.1937       2539    10.5750     2.7776  0.000e+00
     18.359    13.2879   3.826999    32.1895       2540    10.5792     2.7770  0.000e+00
     18.300    13.2771   3.826510    32.1941       2541    10.5833     2.7771  0.000e+00
     18.253    13.2686   3.826742    32.2035       2542    10.5875     2.7778  0.000e+00
     18.217    13.2647   3.827206    32.2112       2543    10.5917     2.7765  0.000e+00
     18.190    13.2636   3.826999    32.2102       2544    10.5958     2.7748  0.000e+00
     18.183    13.2633   3.826886    32.2094       2545    10.6000     2.7751  0.000e+00
     18.182    13.2628   3.827024    32.2111       2546    10.6042     2.7742  0.000e+00
     18.182    13.2629   3.826867    32.2095       2547    10.6083     2.7739  0.000e+00
     18.183    13.2629   3.826673    32.2077       2548    10.6125     2.7736  0.000e+00
     18.189    13.2623   3.826955    32.2108       2549    10.6167     2.7736  0.000e+00
     18.194    13.2623   3.826504    32.2066       2550    10.6208     2.7733  0.000e+00
     18.200    13.2614   3.826128    32.2039       2551    10.6250     2.7728  0.000e+00
     18.203    13.2599   3.826229    32.2061       2552    10.6292     2.7719  0.000e+00
     18.196    13.2589   3.826799    32.2123       2553    10.6333     2.7709  0.000e+00
     18.191    13.2601   3.827281    32.2158       2554    10.6375     2.7725  0.000e+00
     18.171    13.2626   3.826798    32.2092       2555    10.6417     2.7732  0.000e+00
     18.149    13.2633   3.826598    32.2067       2556    10.6458     2.7739  0.000e+00
     18.113    13.2623   3.826128    32.2032       2557    10.6500     2.7756  0.000e+00
     18.067    13.2605   3.824331    32.1879       2558    10.6542     2.7765  0.000e+00
     18.005    13.2548   3.824049    32.1901       2559    10.6583     2.7775  0.000e+00
     17.928    13.2488   3.823718    32.1920       2560    10.6625     2.7781  0.000e+00
     17.844    13.2447   3.824450    32.2024       2561    10.6667     2.7790  0.000e+00
     17.756    13.2440   3.823254    32.1918       2562    10.6708     2.7794  0.000e+00
     17.659    13.2425   3.819424    32.1573       2563    10.6750     2.7795  0.000e+00
     17.547    13.2303   3.816940    32.1443       2564    10.6792     2.7803  0.000e+00
     17.430    13.2129   3.816502    32.1549       2565    10.6833     2.7810  0.000e+00
     17.324    13.1995   3.816658    32.1678       2566    10.6875     2.7813  0.000e+00
     17.218    13.1913   3.816546    32.1738       2567    10.6917     2.7821  0.000e+00
     17.121    13.1874   3.816821    32.1797       2568    10.6958     2.7829  0.000e+00
     17.042    13.1861   3.816214    32.1751       2569    10.7000     2.7829  0.000e+00
     16.972    13.1845   3.818198    32.1951       2570    10.7042     2.7827  0.000e+00
     16.908    13.1882   3.818060    32.1907       2571    10.7083     2.7829  0.000e+00
     16.870    13.1926   3.818398    32.1902       2572    10.7125     2.7838  0.000e+00
     16.846    13.1959   3.818854    32.1916       2573    10.7167     2.7855  0.000e+00
     16.837    13.1999   3.818667    32.1865       2574    10.7208     2.7863  0.000e+00
     16.843    13.2018   3.818179    32.1803       2575    10.7250     2.7883  0.000e+00
     16.855    13.2012   3.818241    32.1814       2576    10.7292     2.7879  0.000e+00
     16.872    13.2004   3.817547    32.1756       2577    10.7333     2.7886  0.000e+00
     16.895    13.1983   3.818066    32.1822       2578    10.7375     2.7883  0.000e+00
     16.913    13.1971   3.818854    32.1906       2579    10.7417     2.7885  0.000e+00
     16.924    13.1990   3.819023    32.1906       2580    10.7458     2.7857  0.000e+00
     16.929    13.2023   3.819155    32.1890       2581    10.7500     2.7869  0.000e+00
     16.924    13.2039   3.815476    32.1531       2582    10.7542     2.7867  0.000e+00
     16.899    13.1951   3.815720    32.1629       2583    10.7583     2.7868  0.000e+00
     16.863    13.1871   3.817084    32.1825       2584    10.7625     2.7868  0.000e+00
     16.805    13.1858   3.815514    32.1689       2585    10.7667     2.7887  0.000e+00
     16.739    13.1839   3.811823    32.1359       2586    10.7708     2.7877  0.000e+00
     16.647    13.1701   3.803511    32.0696       2587    10.7750     2.7897  0.000e+00
     16.552    13.1368   3.801999    32.0835       2588    10.7792     2.7892  0.000e+00
     16.442    13.1031   3.801787    32.1100       2589    10.7833     2.7895  0.000e+00
     16.325    13.0824   3.800357    32.1142       2590    10.7875     2.7900  0.000e+00
     16.207    13.0690   3.799533    32.1179       2591    10.7917     2.7904  0.000e+00
     16.088    13.0577   3.799165    32.1240       2592    10.7958     2.7916  0.000e+00
     15.973    13.0492   3.793109    32.0742       2593    10.8000     2.7922  0.000e+00
     15.878    13.0312   3.787707    32.0386       2594    10.8042     2.7928  0.000e+00
     15.804    12.9997   3.787227    32.0607       2595    10.8083     2.7942  0.000e+00
     15.740    12.9757   3.789654    32.1040       2596    10.8125     2.7938  0.000e+00
     15.691    12.9691   3.790140    32.1142       2597    10.8167     2.7943  0.000e+00
     15.662    12.9729   3.790677    32.1161       2598    10.8208     2.7956  0.000e+00
     15.637    12.9773   3.791762    32.1225       2599    10.8250     2.7979  0.000e+00
     15.621    12.9842   3.791981    32.1188       2600    10.8292     2.8012  0.000e+00
     15.623    12.9908   3.793871    32.1310       2601    10.8333     2.8029  0.000e+00
     15.628    12.9993   3.792667    32.1125       2602    10.8375     2.8069  0.000e+00
     15.632    13.0038   3.792174    32.1039       2603    10.8417     2.8093  0.000e+00
     15.639    13.0037   3.794127    32.1225       2604    10.8458     2.8109  0.000e+00
     15.634    13.0078   3.793796    32.1159       2605    10.8500     2.8116  0.000e+00
     15.637    13.0117   3.794102    32.1154       2606    10.8542     2.8106  0.000e+00
     15.626    13.0140   3.793777    32.1104       2607    10.8583     2.8108  0.000e+00
     15.617    13.0155   3.793940    32.1107       2608    10.8625     2.8099  0.000e+00
     15.596    13.0155   3.794021    32.1115       2609    10.8667     2.8103  0.000e+00
     15.554    13.0158   3.794776    32.1184       2610    10.8708     2.8106  0.000e+00
     15.513    13.0185   3.794564    32.1141       2611    10.8750     2.8096  0.000e+00
     15.456    13.0204   3.794857    32.1152       2612    10.8792     2.8090  0.000e+00
     15.387    13.0220   3.795194    32.1171       2613    10.8833     2.8083  0.000e+00
     15.307    13.0249   3.795281    32.1155       2614    10.8875     2.8076  0.000e+00
     15.218    13.0272   3.795075    32.1116       2615    10.8917     2.8072  0.000e+00
     15.136    13.0278   3.794770    32.1083       2616    10.8958     2.8064  0.000e+00
     15.051    13.0275   3.794195    32.1032       2617    10.9000     2.8058  0.000e+00
     14.972    13.0251   3.793684    32.1004       2618    10.9042     2.8054  0.000e+00
     14.908    13.0223   3.793577    32.1019       2619    10.9083     2.8059  0.000e+00
     14.850    13.0199   3.793496    32.1031       2620    10.9125     2.8054  0.000e+00
     14.791    13.0186   3.793334    32.1027       2621    10.9167     2.8053  0.000e+00
     14.742    13.0181   3.793147    32.1014       2622    10.9208     2.8071  0.000e+00
     14.697    13.0176   3.792866    32.0992       2623    10.9250     2.8074  0.000e+00
     14.661    13.0171   3.792685    32.0979       2624    10.9292     2.8066  0.000e+00
     14.616    13.0165   3.792779    32.0993       2625    10.9333     2.8078  0.000e+00
     14.581    13.0164   3.792467    32.0965       2626    10.9375     2.8077  0.000e+00
     14.548    13.0158   3.791549    32.0884       2627    10.9417     2.8091  0.000e+00
     14.512    13.0126   3.791562    32.0912       2628    10.9458     2.8077  0.000e+00
     14.471    13.0098   3.790832    32.0868       2629    10.9500     2.8083  0.000e+00
     14.428    13.0069   3.792173    32.1018       2630    10.9542     2.8096  0.000e+00
     14.385    13.0083   3.793733    32.1154       2631    10.9583     2.8107  0.000e+00
     14.345    13.0155   3.793871    32.1106       2632    10.9625     2.8119  0.000e+00
     14.311    13.0223   3.794682    32.1125       2633    10.9667     2.8128  0.000e+00
     14.271    13.0292   3.793777    32.0981       2634    10.9708     2.8144  0.000e+00
     14.225    13.0311   3.794794    32.1061       2635    10.9750     2.8161  0.000e+00
     14.185    13.0332   3.794700    32.1035       2636    10.9792     2.8163  0.000e+00
     14.146    13.0358   3.795100    32.1051       2637    10.9833     2.8164  0.000e+00
     14.106    13.0384   3.794419    32.0964       2638    10.9875     2.8153  0.000e+00
     14.063    13.0382   3.795006    32.1022       2639    10.9917     2.8143  0.000e+00
     14.016    13.0388   3.795836    32.1095       2640    10.9958     2.8139  0.000e+00
     13.970    13.0423   3.796186    32.1098       2641    11.0000     2.8120  0.000e+00
     13.916    13.0465   3.796098    32.1054       2642    11.0042     2.8111  0.000e+00
     13.860    13.0495   3.796211    32.1040       2643    11.0083     2.8115  0.000e+00
     13.806    13.0509   3.796048    32.1013       2644    11.0125     2.8099  0.000e+00
     13.747    13.0512   3.795680    32.0976       2645    11.0167     2.8098  0.000e+00
     13.689    13.0499   3.795630    32.0982       2646    11.0208     2.8091  0.000e+00
     13.632    13.0489   3.795437    32.0974       2647    11.0250     2.8087  0.000e+00
     13.571    13.0478   3.795536    32.0992       2648    11.0292     2.8083  0.000e+00
     13.513    13.0473   3.795193    32.0965       2649    11.0333     2.8067  0.000e+00
     13.452    13.0460   3.794869    32.0945       2650    11.0375     2.8067  0.000e+00
     13.402    13.0446   3.794681    32.0939       2651    11.0417     2.8059  0.000e+00
     13.346    13.0432   3.794507    32.0935       2652    11.0458     2.8064  0.000e+00
     13.289    13.0418   3.794631    32.0959       2653    11.0500     2.8069  0.000e+00
     13.233    13.0414   3.794282    32.0929       2654    11.0542     2.8078  0.000e+00
     13.184    13.0407   3.794357    32.0943       2655    11.0583     2.8077  0.000e+00
     13.130    13.0397   3.794082    32.0925       2656    11.0625     2.8080  0.000e+00
     13.086    13.0388   3.794076    32.0933       2657    11.0667     2.8083  0.000e+00
     13.030    13.0384   3.794176    32.0945       2658    11.0708     2.8090  0.000e+00
     12.967    13.0384   3.793801    32.0911       2659    11.0750     2.8093  0.000e+00
     12.917    13.0377   3.793614    32.0899       2660    11.0792     2.8094  0.000e+00
     12.854    13.0366   3.793639    32.0911       2661    11.0833     2.8083  0.000e+00
     12.802    13.0358   3.793639    32.0918       2662    11.0875     2.8095  0.000e+00
     12.748    13.0353   3.793595    32.0918       2663    11.0917     2.8091  0.000e+00
     12.708    13.0351   3.793889    32.0948       2664    11.0958     2.8095  0.000e+00
     12.676    13.0356   3.793982    32.0952       2665    11.1000     2.8096  0.000e+00
     12.647    13.0363   3.794020    32.0950       2666    11.1042     2.8095  0.000e+00
     12.629    13.0369   3.793751    32.0920       2667    11.1083     2.8097  0.000e+00
     12.615    13.0368   3.793464    32.0894       2668    11.1125     2.8082  0.000e+00
     12.593    13.0364   3.793495    32.0900       2669    11.1167     2.8078  0.000e+00
     12.572    13.0364   3.793439    32.0895       2670    11.1208     2.8069  0.000e+00
     12.548    13.0363   3.793477    32.0899       2671    11.1250     2.8072  0.000e+00
     12.521    13.0361   3.793520    32.0906       2672    11.1292     2.8081  0.000e+00
     12.485    13.0357   3.793489    32.0906       2673    11.1333     2.8084  0.000e+00
     12.451    13.0356   3.793477    32.0906       2674    11.1375     2.8101  0.000e+00
     12.397    13.0357   3.793439    32.0902       2675    11.1417     2.8112  0.000e+00
     12.345    13.0360   3.793402    32.0896       2676    11.1458     2.8121  0.000e+00
     12.277    13.0361   3.793377    32.0893       2677    11.1500     2.8118  0.000e+00
     12.196    13.0365   3.793289    32.0882       2678    11.1542     2.8120  0.000e+00
     12.124    13.0365   3.793171    32.0871       2679    11.1583     2.8118  0.000e+00
     12.036    13.0363   3.792578    32.0817       2680    11.1625     2.8112  0.000e+00
     11.954    13.0359   3.792497    32.0813       2681    11.1667     2.8122  0.000e+00
     11.865    13.0350   3.792490    32.0821       2682    11.1708     2.8125  0.000e+00
     11.781    13.0348   3.792497    32.0823       2683    11.1750     2.8138  0.000e+00
     11.702    13.0349   3.792521    32.0825       2684    11.1792     2.8138  0.000e+00
     11.628    13.0350   3.792509    32.0823       2685    11.1833     2.8152  0.000e+00
     11.556    13.0353   3.792453    32.0816       2686    11.1875     2.8157  0.000e+00
     11.485    13.0350   3.792534    32.0826       2687    11.1917     2.8164  0.000e+00
     11.422    13.0354   3.792615    32.0831       2688    11.1958     2.8167  0.000e+00
     11.355    13.0360   3.792709    32.0835       2689    11.2000     2.8182  0.000e+00
     11.285    13.0370   3.792802    32.0835       2690    11.2042     2.8186  0.000e+00
     11.220    13.0383   3.792777    32.0822       2691    11.2083     2.8196  0.000e+00
     11.165    13.0390   3.792821    32.0820       2692    11.2125     2.8218  0.000e+00
     11.102    13.0395   3.792821    32.0817       2693    11.2167     2.8239  0.000e+00
     11.048    13.0400   3.792908    32.0820       2694    11.2208     2.8244  0.000e+00
     10.996    13.0406   3.792964    32.0821       2695    11.2250     2.8247  0.000e+00
     10.953    13.0411   3.793020    32.0822       2696    11.2292     2.8255  0.000e+00
     10.913    13.0420   3.792983    32.0812       2697    11.2333     2.8264  0.000e+00
     10.882    13.0423   3.792939    32.0805       2698    11.2375     2.8260  0.000e+00
     10.859    13.0423   3.792977    32.0809       2699    11.2417     2.8257  0.000e+00
     10.852    13.0423   3.793008    32.0811       2700    11.2458     2.8266  0.000e+00
     10.863    13.0428   3.793045    32.0811       2701    11.2500     2.8264  0.000e+00
     10.882    13.0431   3.793033    32.0807       2702    11.2542     2.8265  0.000e+00
     10.920    13.0432   3.792952    32.0798       2703    11.2583     2.8262  0.000e+00
     10.949    13.0429   3.792914    32.0797       2704    11.2625     2.8268  0.000e+00
     10.985    13.0426   3.792914    32.0800       2705    11.2667     2.8278  0.000e+00
     11.012    13.0423   3.793045    32.0814       2706    11.2708     2.8296  0.000e+00
