PC2305/sbe073.cnv
* Sea-Bird SBE 19plus V2 Data File:
* FileName = C:\cruise\data\sbe073.hex
* Software Version Seasave V 7.26.7.121
* Temperature SN = 7142
* Conductivity SN = 7142
* System UpLoad Time = Nov 03 2023 06:41:41
** Cruise: PC2205
** Program: ECOMON
# nquan = 8
# nvalues = 1361                                  
# units = specified
# name 0 = depSM: Depth [salt water, m], lat = 40.00
# name 1 = tv290C: Temperature [ITS-90, deg C]
# name 2 = c0S/m: Conductivity [S/m]
# name 3 = sal00: Salinity, Practical [PSU]
# name 4 = scan: Scan Count
# name 5 = timeM: Time, Elapsed [minutes]
# name 6 = sbeox0V: Oxygen raw, SBE 43 [V]
# name 7 = flag:  0.000e+00
# span 0 =      0.064,     36.183                 
# span 1 =     9.1098,    15.7221                 
# span 2 =   0.000054,   4.020514                 
# span 3 =     0.0046,    35.5688                 
# span 4 =         11,       1371                 
# span 5 =     0.0417,     5.7083                 
# span 6 =     2.0116,     2.9406                 
# span 7 = 0.0000e+00, 0.0000e+00                 
# interval = seconds: 0.25
# start_time = Nov 03 2023 06:41:41 [System UTC, header]
# bad_flag = -9.990e-29
*END*
[from data line 1079]
     11.580    15.6800   4.014360    31.9210       1090     4.5375     2.6770  0.000e+00
     11.533    15.6794   4.014360    31.9215       1091     4.5417     2.6782  0.000e+00
     11.496    15.6796   4.014386    31.9216       1092     4.5458     2.6779  0.000e+00
     11.442    15.6798   4.014405    31.9216       1093     4.5500     2.6791  0.000e+00
     11.390    15.6800   4.014315    31.9207       1094     4.5542     2.6803  0.000e+00
     11.334    15.6808   4.013721    31.9148       1095     4.5583     2.6832  0.000e+00
     11.280    15.6811   4.014405    31.9207       1096     4.5625     2.6859  0.000e+00
     11.221    15.6814   4.014315    31.9197       1097     4.5667     2.6876  0.000e+00
     11.152    15.6813   4.014315    31.9197       1098     4.5708     2.6895  0.000e+00
     11.077    15.6811   4.014334    31.9201       1099     4.5750     2.6932  0.000e+00
     10.998    15.6813   4.014334    31.9200       1100     4.5792     2.6973  0.000e+00
     10.922    15.6813   4.014334    31.9200       1101     4.5833     2.7018  0.000e+00
     10.870    15.6814   4.014360    31.9202       1102     4.5875     2.7041  0.000e+00
     10.825    15.6818   4.014360    31.9198       1103     4.5917     2.7063  0.000e+00
     10.793    15.6815   4.014289    31.9195       1104     4.5958     2.7060  0.000e+00
     10.770    15.6816   4.014219    31.9188       1105     4.6000     2.7064  0.000e+00
     10.759    15.6813   4.014289    31.9197       1106     4.6042     2.7066  0.000e+00
     10.744    15.6815   4.014289    31.9195       1107     4.6083     2.7021  0.000e+00
     10.734    15.6815   4.014264    31.9193       1108     4.6125     2.6967  0.000e+00
     10.725    15.6814   4.014264    31.9194       1109     4.6167     2.6892  0.000e+00
     10.714    15.6815   4.014238    31.9191       1110     4.6208     2.6816  0.000e+00
     10.696    15.6809   4.014149    31.9188       1111     4.6250     2.6732  0.000e+00
     10.674    15.6807   4.014181    31.9192       1112     4.6292     2.6680  0.000e+00
     10.636    15.6805   4.014072    31.9184       1113     4.6333     2.6584  0.000e+00
     10.590    15.6800   4.014194    31.9200       1114     4.6375     2.6561  0.000e+00
     10.541    15.6799   4.014072    31.9190       1115     4.6417     2.6555  0.000e+00
     10.471    15.6792   4.013906    31.9181       1116     4.6458     2.6590  0.000e+00
     10.406    15.6785   4.014028    31.9197       1117     4.6500     2.6629  0.000e+00
     10.347    15.6785   4.014072    31.9202       1118     4.6542     2.6706  0.000e+00
     10.291    15.6787   4.014098    31.9202       1119     4.6583     2.6754  0.000e+00
     10.243    15.6790   4.014098    31.9200       1120     4.6625     2.6783  0.000e+00
     10.176    15.6790   4.014123    31.9203       1121     4.6667     2.6801  0.000e+00
     10.121    15.6795   4.014219    31.9207       1122     4.6708     2.6809  0.000e+00
     10.056    15.6804   4.014334    31.9210       1123     4.6750     2.6816  0.000e+00
      9.997    15.6809   4.014404    31.9213       1124     4.6792     2.6817  0.000e+00
      9.943    15.6816   4.014404    31.9207       1125     4.6833     2.6826  0.000e+00
      9.889    15.6819   4.014404    31.9205       1126     4.6875     2.6810  0.000e+00
      9.833    15.6821   4.014430    31.9206       1127     4.6917     2.6809  0.000e+00
      9.772    15.6824   4.014455    31.9206       1128     4.6958     2.6836  0.000e+00
      9.709    15.6826   4.014430    31.9202       1129     4.7000     2.6854  0.000e+00
      9.648    15.6828   4.014500    31.9207       1130     4.7042     2.6885  0.000e+00
      9.583    15.6830   4.014500    31.9206       1131     4.7083     2.6896  0.000e+00
      9.524    15.6833   4.014551    31.9208       1132     4.7125     2.6914  0.000e+00
      9.472    15.6837   4.014595    31.9209       1133     4.7167     2.6914  0.000e+00
      9.431    15.6840   4.014621    31.9209       1134     4.7208     2.6901  0.000e+00
      9.398    15.6845   4.014647    31.9207       1135     4.7250     2.6861  0.000e+00
      9.369    15.6848   4.014602    31.9201       1136     4.7292     2.6838  0.000e+00
      9.337    15.6848   4.014595    31.9200       1137     4.7333     2.6811  0.000e+00
      9.305    15.6849   4.014570    31.9198       1138     4.7375     2.6795  0.000e+00
      9.276    15.6848   4.014570    31.9199       1139     4.7417     2.6786  0.000e+00
      9.251    15.6847   4.014595    31.9202       1140     4.7458     2.6780  0.000e+00
      9.226    15.6846   4.014595    31.9203       1141     4.7500     2.6782  0.000e+00
      9.195    15.6845   4.014595    31.9203       1142     4.7542     2.6783  0.000e+00
      9.168    15.6845   4.014500    31.9195       1143     4.7583     2.6793  0.000e+00
      9.121    15.6841   4.014429    31.9193       1144     4.7625     2.6813  0.000e+00
      9.075    15.6837   4.014404    31.9193       1145     4.7667     2.6828  0.000e+00
      9.032    15.6832   4.014359    31.9194       1146     4.7708     2.6812  0.000e+00
      8.992    15.6829   4.014333    31.9194       1147     4.7750     2.6795  0.000e+00
      8.958    15.6825   4.014333    31.9198       1148     4.7792     2.6799  0.000e+00
      8.909    15.6821   4.014333    31.9201       1149     4.7833     2.6815  0.000e+00
      8.863    15.6822   4.014289    31.9196       1150     4.7875     2.6844  0.000e+00
      8.814    15.6819   4.014314    31.9201       1151     4.7917     2.6876  0.000e+00
      8.758    15.6822   4.014333    31.9201       1152     4.7958     2.6918  0.000e+00
      8.706    15.6819   4.014314    31.9201       1153     4.8000     2.6942  0.000e+00
      8.659    15.6819   4.014314    31.9201       1154     4.8042     2.6959  0.000e+00
      8.609    15.6822   4.014359    31.9204       1155     4.8083     2.6963  0.000e+00
      8.548    15.6823   4.014455    31.9211       1156     4.8125     2.6976  0.000e+00
      8.480    15.6830   4.014480    31.9208       1157     4.8167     2.6983  0.000e+00
      8.411    15.6835   4.014480    31.9204       1158     4.8208     2.6993  0.000e+00
      8.348    15.6838   4.014429    31.9198       1159     4.8250     2.6989  0.000e+00
      8.291    15.6839   4.014352    31.9190       1160     4.8292     2.6985  0.000e+00
      8.239    15.6832   4.014218    31.9184       1161     4.8333     2.6964  0.000e+00
      8.194    15.6827   4.014193    31.9186       1162     4.8375     2.6938  0.000e+00
      8.154    15.6820   4.014237    31.9196       1163     4.8417     2.6893  0.000e+00
      8.113    15.6817   4.014097    31.9186       1164     4.8458     2.6868  0.000e+00
      8.072    15.6812   4.014001    31.9182       1165     4.8500     2.6855  0.000e+00
      8.036    15.6807   4.014027    31.9189       1166     4.8542     2.6873  0.000e+00
      7.991    15.6803   4.014001    31.9189       1167     4.8583     2.6860  0.000e+00
      7.953    15.6797   4.013905    31.9186       1168     4.8625     2.6841  0.000e+00
      7.915    15.6796   4.013886    31.9185       1169     4.8667     2.6851  0.000e+00
      7.870    15.6790   4.013669    31.9171       1170     4.8708     2.6845  0.000e+00
      7.822    15.6779   4.013580    31.9172       1171     4.8750     2.6859  0.000e+00
      7.775    15.6769   4.013528    31.9176       1172     4.8792     2.6899  0.000e+00
      7.712    15.6758   4.013484    31.9181       1173     4.8833     2.6924  0.000e+00
      7.649    15.6755   4.013579    31.9192       1174     4.8875     2.6960  0.000e+00
      7.608    15.6751   4.013433    31.9183       1175     4.8917     2.6954  0.000e+00
      7.565    15.6743   4.013318    31.9179       1176     4.8958     2.6935  0.000e+00
      7.522    15.6737   4.013413    31.9192       1177     4.9000     2.6928  0.000e+00
      7.493    15.6734   4.013388    31.9193       1178     4.9042     2.6941  0.000e+00
      7.445    15.6734   4.013362    31.9191       1179     4.9083     2.6940  0.000e+00
      7.394    15.6732   4.013433    31.9198       1180     4.9125     2.6954  0.000e+00
      7.338    15.6737   4.013554    31.9205       1181     4.9167     2.6963  0.000e+00
      7.285    15.6746   4.013554    31.9199       1182     4.9208     2.6977  0.000e+00
      7.236    15.6749   4.013535    31.9194       1183     4.9250     2.6978  0.000e+00
      7.200    15.6752   4.013554    31.9194       1184     4.9292     2.6981  0.000e+00
      7.150    15.6754   4.013650    31.9201       1185     4.9333     2.6977  0.000e+00
      7.089    15.6762   4.013650    31.9195       1186     4.9375     2.6955  0.000e+00
      7.029    15.6765   4.013669    31.9194       1187     4.9417     2.6924  0.000e+00
      6.986    15.6770   4.013720    31.9195       1188     4.9458     2.6899  0.000e+00
      6.975    15.6774   4.013835    31.9202       1189     4.9500     2.6870  0.000e+00
      6.963    15.6779   4.013930    31.9206       1190     4.9542     2.6834  0.000e+00
      6.947    15.6785   4.013835    31.9193       1191     4.9583     2.6796  0.000e+00
      6.938    15.6785   4.013905    31.9199       1192     4.9625     2.6751  0.000e+00
      6.912    15.6787   4.013860    31.9194       1193     4.9667     2.6686  0.000e+00
      6.894    15.6782   4.011229    31.8965       1194     4.9708     2.6629  0.000e+00
      6.875    15.6773   4.013649    31.9186       1195     4.9750     2.6546  0.000e+00
      6.855    15.6767   4.013598    31.9187       1196     4.9792     2.6504  0.000e+00
      6.819    15.6759   4.013598    31.9193       1197     4.9833     2.6455  0.000e+00
      6.763    15.6759   4.013790    31.9211       1198     4.9875     2.6439  0.000e+00
      6.682    15.6769   4.014096    31.9230       1199     4.9917     2.6445  0.000e+00
      6.594    15.6785   4.014071    31.9216       1200     4.9958     2.6480  0.000e+00
      6.499    15.6796   4.014026    31.9203       1201     5.0000     2.6551  0.000e+00
      6.416    15.6796   4.013905    31.9192       1202     5.0042     2.6625  0.000e+00
      6.346    15.6792   4.013745    31.9181       1203     5.0083     2.6713  0.000e+00
      6.273    15.6777   4.013413    31.9165       1204     5.0125     2.6786  0.000e+00
      6.188    15.6759   4.013100    31.9152       1205     5.0167     2.6822  0.000e+00
      6.091    15.6732   4.012768    31.9144       1206     5.0208     2.6838  0.000e+00
      6.007    15.6701   4.012627    31.9157       1207     5.0250     2.6865  0.000e+00
      5.951    15.6680   4.012653    31.9177       1208     5.0292     2.6868  0.000e+00
      5.915    15.6664   4.012679    31.9192       1209     5.0333     2.6860  0.000e+00
      5.884    15.6658   4.012628    31.9193       1210     5.0375     2.6853  0.000e+00
      5.863    15.6654   4.012768    31.9208       1211     5.0417     2.6803  0.000e+00
      5.838    15.6660   4.012889    31.9215       1212     5.0458     2.6756  0.000e+00
      5.822    15.6670   4.012985    31.9215       1213     5.0500     2.6695  0.000e+00
      5.818    15.6680   4.013030    31.9211       1214     5.0542     2.6663  0.000e+00
      5.830    15.6688   4.013055    31.9206       1215     5.0583     2.6566  0.000e+00
      5.836    15.6693   4.013081    31.9205       1216     5.0625     2.6495  0.000e+00
      5.841    15.6700   4.013125    31.9203       1217     5.0667     2.6378  0.000e+00
      5.841    15.6704   4.013125    31.9200       1218     5.0708     2.6258  0.000e+00
      5.829    15.6709   4.013125    31.9196       1219     5.0750     2.6156  0.000e+00
      5.787    15.6710   4.013170    31.9199       1220     5.0792     2.6089  0.000e+00
      5.739    15.6714   4.013125    31.9192       1221     5.0833     2.6079  0.000e+00
      5.688    15.6717   4.013151    31.9192       1222     5.0875     2.6117  0.000e+00
      5.629    15.6716   4.013125    31.9191       1223     5.0917     2.6233  0.000e+00
      5.550    15.6717   4.013125    31.9190       1224     5.0958     2.6370  0.000e+00
      5.439    15.6715   4.013100    31.9190       1225     5.1000     2.6493  0.000e+00
      5.324    15.6714   4.013029    31.9185       1226     5.1042     2.6606  0.000e+00
      5.223    15.6709   4.013010    31.9188       1227     5.1083     2.6690  0.000e+00
      5.148    15.6704   4.012985    31.9190       1228     5.1125     2.6759  0.000e+00
      5.103    15.6700   4.012940    31.9189       1229     5.1167     2.6809  0.000e+00
      5.069    15.6696   4.012934    31.9192       1230     5.1208     2.6855  0.000e+00
      5.025    15.6697   4.012914    31.9190       1231     5.1250     2.6860  0.000e+00
      4.975    15.6691   4.012914    31.9194       1232     5.1292     2.6864  0.000e+00
      4.910    15.6691   4.012819    31.9187       1233     5.1333     2.6860  0.000e+00
      4.855    15.6684   4.012793    31.9190       1234     5.1375     2.6839  0.000e+00
      4.813    15.6683   4.012844    31.9196       1235     5.1417     2.6791  0.000e+00
      4.779    15.6682   4.012819    31.9194       1236     5.1458     2.6729  0.000e+00
      4.745    15.6679   4.012748    31.9191       1237     5.1500     2.6674  0.000e+00
      4.686    15.6678   4.012697    31.9187       1238     5.1542     2.6599  0.000e+00
      4.605    15.6674   4.012844    31.9204       1239     5.1583     2.6560  0.000e+00
      4.531    15.6683   4.013055    31.9216       1240     5.1625     2.6563  0.000e+00
      4.511    15.6698   4.013195    31.9216       1241     5.1667     2.6574  0.000e+00
      4.515    15.6714   4.013265    31.9209       1242     5.1708     2.6614  0.000e+00
      4.538    15.6729   4.013291    31.9199       1243     5.1750     2.6606  0.000e+00
      4.567    15.6737   4.013317    31.9195       1244     5.1792     2.6560  0.000e+00
      4.580    15.6747   4.013291    31.9184       1245     5.1833     2.6458  0.000e+00
      4.583    15.6751   4.013361    31.9188       1246     5.1875     2.6316  0.000e+00
      4.580    15.6755   4.013387    31.9187       1247     5.1917     2.6131  0.000e+00
      4.569    15.6746   4.013010    31.9160       1248     5.1958     2.5942  0.000e+00
      4.554    15.6718   4.012512    31.9139       1249     5.2000     2.5727  0.000e+00
      4.515    15.6685   4.012391    31.9155       1250     5.2042     2.5538  0.000e+00
      4.439    15.6654   4.012193    31.9162       1251     5.2083     2.5380  0.000e+00
      4.335    15.6629   4.011963    31.9163       1252     5.2125     2.5336  0.000e+00
      4.207    15.6608   4.012276    31.9208       1253     5.2167     2.5437  0.000e+00
      4.080    15.6611   4.012601    31.9235       1254     5.2208     2.5640  0.000e+00
      3.979    15.6626   4.012652    31.9228       1255     5.2250     2.5846  0.000e+00
      3.906    15.6640   4.012627    31.9214       1256     5.2292     2.6056  0.000e+00
      3.853    15.6648   4.012556    31.9202       1257     5.2333     2.6236  0.000e+00
      3.817    15.6647   4.012435    31.9192       1258     5.2375     2.6365  0.000e+00
      3.782    15.6644   4.012435    31.9195       1259     5.2417     2.6469  0.000e+00
      3.744    15.6643   4.012435    31.9196       1260     5.2458     2.6505  0.000e+00
      3.702    15.6642   4.012486    31.9201       1261     5.2500     2.6506  0.000e+00
      3.663    15.6643   4.012531    31.9204       1262     5.2542     2.6448  0.000e+00
      3.638    15.6647   4.012556    31.9203       1263     5.2583     2.6339  0.000e+00
      3.614    15.6645   4.012531    31.9203       1264     5.2625     2.6203  0.000e+00
      3.573    15.6646   4.012531    31.9202       1265     5.2667     2.6077  0.000e+00
      3.507    15.6648   4.012601    31.9207       1266     5.2708     2.5991  0.000e+00
      3.422    15.6653   4.012748    31.9217       1267     5.2750     2.5948  0.000e+00
      3.341    15.6667   4.012793    31.9209       1268     5.2792     2.5962  0.000e+00
