PC2305/sbe064.cnv
* Sea-Bird SBE 19plus V2 Data File:
* FileName = C:\cruise\data\sbe064.hex
* Software Version Seasave V 7.26.7.121
* Temperature SN = 7142
* Conductivity SN = 7142
* System UpLoad Time = Nov 02 2023 12:38:03
** Cruise: PC2205
** Program: ECOMON
# nquan = 8
# nvalues = 1511                                  
# units = specified
# name 0 = depSM: Depth [salt water, m], lat = 40.00
# name 1 = tv290C: Temperature [ITS-90, deg C]
# name 2 = c0S/m: Conductivity [S/m]
# name 3 = sal00: Salinity, Practical [PSU]
# name 4 = scan: Scan Count
# name 5 = timeM: Time, Elapsed [minutes]
# name 6 = sbeox0V: Oxygen raw, SBE 43 [V]
# name 7 = flag:  0.000e+00
# span 0 =      0.082,     16.693                 
# span 1 =     8.2400,    16.0904                 
# span 2 =   0.000045,   3.991366                 
# span 3 =     0.0041,    32.0917                 
# span 4 =         11,       1521                 
# span 5 =     0.0417,     6.3333                 
# span 6 =     2.2072,     3.1330                 
# span 7 = 0.0000e+00, 0.0000e+00                 
# interval = seconds: 0.25
# start_time = Nov 02 2023 12:38:03 [System UTC, header]
# bad_flag = -9.990e-29
*END*
[from data line 360]
     14.021    16.0717   3.989309    31.3863        371     1.5417     2.7645  0.000e+00
     14.026    16.0710   3.989328    31.3870        372     1.5458     2.7643  0.000e+00
     14.010    16.0706   3.989213    31.3863        373     1.5500     2.7634  0.000e+00
     14.005    16.0701   3.989284    31.3873        374     1.5542     2.7631  0.000e+00
     13.992    16.0698   3.989309    31.3877        375     1.5583     2.7628  0.000e+00
     13.972    16.0698   3.989309    31.3878        376     1.5625     2.7627  0.000e+00
     13.956    16.0698   3.989213    31.3869        377     1.5667     2.7631  0.000e+00
     13.947    16.0697   3.989213    31.3871        378     1.5708     2.7635  0.000e+00
     13.942    16.0693   3.989150    31.3868        379     1.5750     2.7643  0.000e+00
     13.945    16.0689   3.989213    31.3877        380     1.5792     2.7650  0.000e+00
     13.953    16.0688   3.989169    31.3874        381     1.5833     2.7669  0.000e+00
     13.980    16.0686   3.989213    31.3879        382     1.5875     2.7673  0.000e+00
     14.021    16.0685   3.989239    31.3882        383     1.5917     2.7680  0.000e+00
     14.069    16.0689   3.989239    31.3879        384     1.5958     2.7677  0.000e+00
     14.140    16.0690   3.989188    31.3873        385     1.6000     2.7687  0.000e+00
     14.215    16.0689   3.989169    31.3872        386     1.6042     2.7662  0.000e+00
     14.303    16.0687   3.989144    31.3871        387     1.6083     2.7665  0.000e+00
     14.395    16.0685   3.989093    31.3868        388     1.6125     2.7658  0.000e+00
     14.486    16.0678   3.989226    31.3885        389     1.6167     2.7660  0.000e+00
     14.569    16.0672   3.989284    31.3894        390     1.6208     2.7645  0.000e+00
     14.644    16.0673   3.989258    31.3891        391     1.6250     2.7647  0.000e+00
     14.711    16.0671   3.989258    31.3892        392     1.6292     2.7636  0.000e+00
     14.767    16.0674   3.989074    31.3874        393     1.6333     2.7628  0.000e+00
     14.815    16.0668   3.988883    31.3861        394     1.6375     2.7641  0.000e+00
     14.853    16.0658   3.988953    31.3875        395     1.6417     2.7658  0.000e+00
     14.885    16.0653   3.989048    31.3887        396     1.6458     2.7672  0.000e+00
     14.900    16.0654   3.989074    31.3889        397     1.6500     2.7668  0.000e+00
     14.896    16.0655   3.989004    31.3882        398     1.6542     2.7651  0.000e+00
     14.900    16.0655   3.988813    31.3865        399     1.6583     2.7653  0.000e+00
     14.901    16.0650   3.988813    31.3869        400     1.6625     2.7627  0.000e+00
     14.907    16.0642   3.988742    31.3869        401     1.6667     2.7628  0.000e+00
     14.910    16.0638   3.988698    31.3868        402     1.6708     2.7644  0.000e+00
     14.921    16.0633   3.988743    31.3876        403     1.6750     2.7652  0.000e+00
     14.950    16.0629   3.988628    31.3869        404     1.6792     2.7677  0.000e+00
     14.970    16.0626   3.988698    31.3878        405     1.6833     2.7679  0.000e+00
     14.984    16.0622   3.988768    31.3887        406     1.6875     2.7663  0.000e+00
     15.006    16.0623   3.988698    31.3880        407     1.6917     2.7672  0.000e+00
     15.016    16.0620   3.988851    31.3896        408     1.6958     2.7668  0.000e+00
     15.024    16.0623   3.988838    31.3892        409     1.7000     2.7679  0.000e+00
     15.020    16.0628   3.988864    31.3890        410     1.7042     2.7687  0.000e+00
     15.011    16.0630   3.988838    31.3887        411     1.7083     2.7687  0.000e+00
     15.011    16.0631   3.989048    31.3904        412     1.7125     2.7692  0.000e+00
     15.002    16.0636   3.989380    31.3929        413     1.7167     2.7694  0.000e+00
     14.973    16.0652   3.989214    31.3902        414     1.7208     2.7687  0.000e+00
     14.957    16.0662   3.989118    31.3886        415     1.7250     2.7694  0.000e+00
     14.939    16.0664   3.989004    31.3874        416     1.7292     2.7697  0.000e+00
     14.927    16.0661   3.989169    31.3892        417     1.7333     2.7682  0.000e+00
     14.932    16.0658   3.988953    31.3874        418     1.7375     2.7673  0.000e+00
     14.953    16.0661   3.989309    31.3904        419     1.7417     2.7669  0.000e+00
     15.004    16.0666   3.989379    31.3906        420     1.7458     2.7675  0.000e+00
     15.086    16.0671   3.989284    31.3893        421     1.7500     2.7643  0.000e+00
     15.185    16.0673   3.989259    31.3889        422     1.7542     2.7640  0.000e+00
     15.320    16.0671   3.989284    31.3892        423     1.7583     2.7625  0.000e+00
     15.464    16.0670   3.989399    31.3903        424     1.7625     2.7621  0.000e+00
     15.617    16.0673   3.989380    31.3898        425     1.7667     2.7621  0.000e+00
     15.775    16.0675   3.989450    31.3902        426     1.7708     2.7628  0.000e+00
     15.931    16.0678   3.989475    31.3901        427     1.7750     2.7632  0.000e+00
     16.077    16.0682   3.989520    31.3901        428     1.7792     2.7637  0.000e+00
     16.211    16.0686   3.989520    31.3897        429     1.7833     2.7625  0.000e+00
     16.332    16.0688   3.989380    31.3883        430     1.7875     2.7619  0.000e+00
     16.429    16.0682   3.989119    31.3865        431     1.7917     2.7599  0.000e+00
     16.488    16.0666   3.989093    31.3875        432     1.7958     2.7603  0.000e+00
     16.520    16.0650   3.989144    31.3892        433     1.8000     2.7604  0.000e+00
     16.510    16.0642   3.989119    31.3896        434     1.8042     2.7622  0.000e+00
     16.468    16.0638   3.989093    31.3898        435     1.8083     2.7658  0.000e+00
     16.404    16.0634   3.988979    31.3891        436     1.8125     2.7673  0.000e+00
     16.326    16.0627   3.988909    31.3890        437     1.8167     2.7676  0.000e+00
     16.227    16.0624   3.989030    31.3904        438     1.8208     2.7686  0.000e+00
     16.134    16.0622   3.989093    31.3911        439     1.8250     2.7681  0.000e+00
     16.044    16.0623   3.989119    31.3913        440     1.8292     2.7687  0.000e+00
     15.969    16.0627   3.989004    31.3900        441     1.8333     2.7695  0.000e+00
     15.909    16.0626   3.988743    31.3878        442     1.8375     2.7689  0.000e+00
     15.879    16.0618   3.988717    31.3882        443     1.8417     2.7698  0.000e+00
     15.877    16.0609   3.988717    31.3890        444     1.8458     2.7707  0.000e+00
     15.895    16.0602   3.988603    31.3884        445     1.8500     2.7694  0.000e+00
     15.917    16.0594   3.988603    31.3891        446     1.8542     2.7687  0.000e+00
     15.961    16.0586   3.988558    31.3894        447     1.8583     2.7672  0.000e+00
     16.012    16.0582   3.988628    31.3903        448     1.8625     2.7677  0.000e+00
     16.064    16.0579   3.988673    31.3909        449     1.8667     2.7669  0.000e+00
     16.123    16.0583   3.988698    31.3908        450     1.8708     2.7669  0.000e+00
     16.190    16.0588   3.988507    31.3886        451     1.8750     2.7666  0.000e+00
     16.251    16.0590   3.988577    31.3891        452     1.8792     2.7658  0.000e+00
     16.314    16.0585   3.988482    31.3886        453     1.8833     2.7660  0.000e+00
     16.380    16.0579   3.988788    31.3918        454     1.8875     2.7643  0.000e+00
     16.452    16.0586   3.988788    31.3912        455     1.8917     2.7652  0.000e+00
     16.519    16.0595   3.988603    31.3889        456     1.8958     2.7648  0.000e+00
     16.578    16.0591   3.988730    31.3903        457     1.9000     2.7653  0.000e+00
     16.628    16.0588   3.988979    31.3926        458     1.9042     2.7661  0.000e+00
     16.662    16.0599   3.988769    31.3899        459     1.9083     2.7673  0.000e+00
     16.682    16.0601   3.988788    31.3899        460     1.9125     2.7669  0.000e+00
     16.693    16.0602   3.989004    31.3917        461     1.9167     2.7656  0.000e+00
     16.691    16.0609   3.989023    31.3913        462     1.9208     2.7647  0.000e+00
     16.677    16.0619   3.989119    31.3914        463     1.9250     2.7640  0.000e+00
     16.648    16.0627   3.988934    31.3891        464     1.9292     2.7666  0.000e+00
     16.617    16.0627   3.988788    31.3878        465     1.9333     2.7679  0.000e+00
     16.571    16.0617   3.988743    31.3883        466     1.9375     2.7684  0.000e+00
     16.517    16.0606   3.988730    31.3891        467     1.9417     2.7705  0.000e+00
     16.459    16.0598   3.988813    31.3905        468     1.9458     2.7710  0.000e+00
     16.400    16.0598   3.988909    31.3913        469     1.9500     2.7715  0.000e+00
     16.353    16.0606   3.988979    31.3913        470     1.9542     2.7731  0.000e+00
     16.303    16.0614   3.988953    31.3904        471     1.9583     2.7705  0.000e+00
     16.265    16.0617   3.988813    31.3890        472     1.9625     2.7701  0.000e+00
     16.211    16.0615   3.988718    31.3883        473     1.9667     2.7692  0.000e+00
     16.146    16.0607   3.988743    31.3892        474     1.9708     2.7682  0.000e+00
     16.067    16.0602   3.988953    31.3915        475     1.9750     2.7681  0.000e+00
     15.988    16.0605   3.988953    31.3913        476     1.9792     2.7678  0.000e+00
     15.909    16.0615   3.988928    31.3903        477     1.9833     2.7689  0.000e+00
     15.855    16.0619   3.988979    31.3904        478     1.9875     2.7692  0.000e+00
     15.810    16.0626   3.988953    31.3897        479     1.9917     2.7695  0.000e+00
     15.771    16.0629   3.988934    31.3893        480     1.9958     2.7711  0.000e+00
     15.735    16.0627   3.988787    31.3882        481     2.0000     2.7692  0.000e+00
     15.708    16.0620   3.988482    31.3861        482     2.0042     2.7695  0.000e+00
     15.685    16.0604   3.988176    31.3847        483     2.0083     2.7700  0.000e+00
     15.661    16.0578   3.988017    31.3853        484     2.0125     2.7700  0.000e+00
     15.636    16.0550   3.988176    31.3890        485     2.0167     2.7700  0.000e+00
     15.614    16.0536   3.988361    31.3917        486     2.0208     2.7690  0.000e+00
     15.604    16.0541   3.988673    31.3940        487     2.0250     2.7689  0.000e+00
     15.614    16.0560   3.988743    31.3931        488     2.0292     2.7692  0.000e+00
     15.641    16.0581   3.988883    31.3927        489     2.0333     2.7695  0.000e+00
     15.679    16.0596   3.988717    31.3900        490     2.0375     2.7707  0.000e+00
     15.733    16.0600   3.988603    31.3887        491     2.0417     2.7700  0.000e+00
     15.796    16.0597   3.988909    31.3916        492     2.0458     2.7704  0.000e+00
     15.861    16.0602   3.988788    31.3901        493     2.0500     2.7709  0.000e+00
     15.924    16.0610   3.988603    31.3879        494     2.0542     2.7702  0.000e+00
     15.976    16.0602   3.988603    31.3885        495     2.0583     2.7703  0.000e+00
     16.022    16.0593   3.988730    31.3903        496     2.0625     2.7711  0.000e+00
     16.060    16.0587   3.988788    31.3912        497     2.0667     2.7703  0.000e+00
     16.071    16.0591   3.988743    31.3906        498     2.0708     2.7707  0.000e+00
     16.055    16.0591   3.988577    31.3891        499     2.0750     2.7671  0.000e+00
     16.012    16.0587   3.988558    31.3893        500     2.0792     2.7672  0.000e+00
     15.936    16.0579   3.988647    31.3907        501     2.0833     2.7673  0.000e+00
     15.839    16.0579   3.988698    31.3911        502     2.0875     2.7679  0.000e+00
     15.726    16.0583   3.988673    31.3906        503     2.0917     2.7698  0.000e+00
     15.587    16.0587   3.988698    31.3906        504     2.0958     2.7705  0.000e+00
     15.438    16.0589   3.988698    31.3905        505     2.1000     2.7698  0.000e+00
     15.287    16.0591   3.988660    31.3901        506     2.1042     2.7708  0.000e+00
     15.136    16.0589   3.988698    31.3906        507     2.1083     2.7716  0.000e+00
     15.002    16.0589   3.988628    31.3901        508     2.1125     2.7698  0.000e+00
     14.887    16.0589   3.988532    31.3893        509     2.1167     2.7715  0.000e+00
     14.797    16.0587   3.988602    31.3900        510     2.1208     2.7713  0.000e+00
     14.727    16.0587   3.988481    31.3890        511     2.1250     2.7715  0.000e+00
     14.683    16.0584   3.989144    31.3951        512     2.1292     2.7720  0.000e+00
     14.667    16.0600   3.989188    31.3942        513     2.1333     2.7741  0.000e+00
     14.669    16.0620   3.989118    31.3920        514     2.1375     2.7710  0.000e+00
     14.680    16.0633   3.989239    31.3921        515     2.1417     2.7708  0.000e+00
     14.718    16.0641   3.989246    31.3915        516     2.1458     2.7696  0.000e+00
     14.755    16.0646   3.989169    31.3904        517     2.1500     2.7673  0.000e+00
     14.802    16.0650   3.989118    31.3896        518     2.1542     2.7669  0.000e+00
     14.849    16.0650   3.989093    31.3894        519     2.1583     2.7667  0.000e+00
     14.888    16.0646   3.989074    31.3895        520     2.1625     2.7657  0.000e+00
     14.922    16.0641   3.988978    31.3891        521     2.1667     2.7644  0.000e+00
     14.955    16.0637   3.989023    31.3898        522     2.1708     2.7637  0.000e+00
     14.982    16.0635   3.989023    31.3899        523     2.1750     2.7641  0.000e+00
     15.005    16.0632   3.989093    31.3907        524     2.1792     2.7660  0.000e+00
     15.007    16.0636   3.989029    31.3899        525     2.1833     2.7663  0.000e+00
     15.009    16.0635   3.988953    31.3892        526     2.1875     2.7658  0.000e+00
     14.992    16.0631   3.988838    31.3886        527     2.1917     2.7666  0.000e+00
     14.973    16.0622   3.988883    31.3897        528     2.1958     2.7664  0.000e+00
     14.949    16.0616   3.988978    31.3910        529     2.2000     2.7675  0.000e+00
     14.913    16.0618   3.989380    31.3944        530     2.2042     2.7675  0.000e+00
     14.870    16.0635   3.989354    31.3928        531     2.2083     2.7673  0.000e+00
     14.829    16.0650   3.989450    31.3925        532     2.2125     2.7647  0.000e+00
     14.791    16.0666   3.989475    31.3915        533     2.2167     2.7649  0.000e+00
     14.744    16.0676   3.989475    31.3907        534     2.2208     2.7634  0.000e+00
     14.696    16.0682   3.989494    31.3904        535     2.2250     2.7628  0.000e+00
     14.649    16.0686   3.989475    31.3900        536     2.2292     2.7647  0.000e+00
     14.615    16.0688   3.989424    31.3894        537     2.2333     2.7642  0.000e+00
     14.574    16.0688   3.989354    31.3888        538     2.2375     2.7644  0.000e+00
     14.540    16.0687   3.989475    31.3899        539     2.2417     2.7661  0.000e+00
     14.500    16.0689   3.989449    31.3896        540     2.2458     2.7663  0.000e+00
     14.462    16.0688   3.989449    31.3896        541     2.2500     2.7661  0.000e+00
     14.419    16.0686   3.989424    31.3895        542     2.2542     2.7668  0.000e+00
     14.378    16.0684   3.989424    31.3898        543     2.2583     2.7673  0.000e+00
     14.327    16.0682   3.989475    31.3904        544     2.2625     2.7679  0.000e+00
     14.281    16.0683   3.989519    31.3907        545     2.2667     2.7686  0.000e+00
     14.225    16.0686   3.989564    31.3908        546     2.2708     2.7682  0.000e+00
     14.173    16.0694   3.989589    31.3905        547     2.2750     2.7691  0.000e+00
     14.108    16.0699   3.989564    31.3899        548     2.2792     2.7703  0.000e+00
     14.051    16.0700   3.989564    31.3898        549     2.2833     2.7707  0.000e+00
