PC2305/sbe086.cnv
* Sea-Bird SBE 19plus V2 Data File:
* FileName = C:\cruise\data\sbe086.hex
* Software Version Seasave V 7.26.7.121
* Temperature SN = 7142
* Conductivity SN = 7142
* System UpLoad Time = Nov 04 2023 11:16:10
** Cruise: PC2205
** Program: ECOMON
# nquan = 8
# nvalues = 1758                                  
# units = specified
# name 0 = depSM: Depth [salt water, m], lat = 40.00
# name 1 = tv290C: Temperature [ITS-90, deg C]
# name 2 = c0S/m: Conductivity [S/m]
# name 3 = sal00: Salinity, Practical [PSU]
# name 4 = scan: Scan Count
# name 5 = timeM: Time, Elapsed [minutes]
# name 6 = sbeox0V: Oxygen raw, SBE 43 [V]
# name 7 = flag:  0.000e+00
# span 0 =      0.049,     57.386                 
# span 1 =    10.1556,    13.5023                 
# span 2 =   0.000045,   3.815550                 
# span 3 =     0.0070,    32.9679                 
# span 4 =         11,       1768                 
# span 5 =     0.0417,     7.3625                 
# span 6 =     2.1979,     3.0049                 
# span 7 = 0.0000e+00, 0.0000e+00                 
# interval = seconds: 0.25
# start_time = Nov 04 2023 11:16:10 [System UTC, header]
# bad_flag = -9.990e-29
*END*
[from data line 540]
     47.105    10.9957   3.655910    32.5149        551     2.2917     2.3075  0.000e+00
     47.211    10.9791   3.654004    32.5106        552     2.2958     2.3065  0.000e+00
     47.326    10.9580   3.652984    32.5192        553     2.3000     2.3058  0.000e+00
     47.446    10.9368   3.652321    32.5313        554     2.3042     2.3047  0.000e+00
     47.565    10.9198   3.651344    32.5367        555     2.3083     2.3027  0.000e+00
     47.687    10.9054   3.650435    32.5404        556     2.3125     2.3029  0.000e+00
     47.813    10.8921   3.648733    32.5353        557     2.3167     2.3007  0.000e+00
     47.939    10.8758   3.646405    32.5266        558     2.3208     2.3007  0.000e+00
     48.070    10.8518   3.644305    32.5270        559     2.3250     2.2978  0.000e+00
     48.205    10.8224   3.641677    32.5270        560     2.3292     2.2971  0.000e+00
     48.343    10.7878   3.639689    32.5379        561     2.3333     2.2964  0.000e+00
     48.480    10.7519   3.637548    32.5485        562     2.3375     2.2935  0.000e+00
     48.620    10.7146   3.635806    32.5643        563     2.3417     2.2921  0.000e+00
     48.758    10.6783   3.634659    32.5851        564     2.3458     2.2893  0.000e+00
     48.897    10.6479   3.633715    32.6028        565     2.3500     2.2879  0.000e+00
     49.033    10.6230   3.632169    32.6096        566     2.3542     2.2861  0.000e+00
     49.172    10.5966   3.631029    32.6217        567     2.3583     2.2856  0.000e+00
     49.305    10.5701   3.630343    32.6385        568     2.3625     2.2825  0.000e+00
     49.443    10.5458   3.629601    32.6528        569     2.3667     2.2806  0.000e+00
     49.578    10.5247   3.628498    32.6606        570     2.3708     2.2780  0.000e+00
     49.711    10.5038   3.627291    32.6671        571     2.3750     2.2757  0.000e+00
     49.848    10.4820   3.626280    32.6765        572     2.3792     2.2741  0.000e+00
     49.979    10.4590   3.625600    32.6903        573     2.3833     2.2705  0.000e+00
     50.105    10.4383   3.625202    32.7049        574     2.3875     2.2680  0.000e+00
     50.234    10.4219   3.625006    32.7175        575     2.3917     2.2650  0.000e+00
     50.365    10.4110   3.624914    32.7264        576     2.3958     2.2641  0.000e+00
     50.488    10.4036   3.624939    32.7332        577     2.4000     2.2622  0.000e+00
     50.613    10.3992   3.624761    32.7354        578     2.4042     2.2599  0.000e+00
     50.734    10.3955   3.624522    32.7362        579     2.4083     2.2580  0.000e+00
     50.860    10.3913   3.624235    32.7371        580     2.4125     2.2564  0.000e+00
     50.993    10.3871   3.624081    32.7392        581     2.4167     2.2540  0.000e+00
     51.133    10.3831   3.624039    32.7424        582     2.4208     2.2528  0.000e+00
     51.275    10.3799   3.624063    32.7454        583     2.4250     2.2527  0.000e+00
     51.417    10.3775   3.624082    32.7477        584     2.4292     2.2516  0.000e+00
     51.568    10.3757   3.624106    32.7495        585     2.4333     2.2497  0.000e+00
     51.713    10.3741   3.624302    32.7529        586     2.4375     2.2493  0.000e+00
     51.861    10.3731   3.624303    32.7537        587     2.4417     2.2471  0.000e+00
     51.997    10.3722   3.624174    32.7532        588     2.4458     2.2461  0.000e+00
     52.134    10.3696   3.624064    32.7543        589     2.4500     2.2451  0.000e+00
     52.263    10.3660   3.624039    32.7573        590     2.4542     2.2447  0.000e+00
     52.386    10.3620   3.623954    32.7600        591     2.4583     2.2460  0.000e+00
     52.508    10.3572   3.624125    32.7660        592     2.4625     2.2445  0.000e+00
     52.628    10.3528   3.624174    32.7704        593     2.4667     2.2445  0.000e+00
     52.750    10.3489   3.624260    32.7747        594     2.4708     2.2420  0.000e+00
     52.871    10.3459   3.624303    32.7778        595     2.4750     2.2411  0.000e+00
     52.989    10.3438   3.624236    32.7789        596     2.4792     2.2397  0.000e+00
     53.114    10.3415   3.624175    32.7804        597     2.4833     2.2382  0.000e+00
     53.239    10.3384   3.624236    32.7837        598     2.4875     2.2379  0.000e+00
     53.363    10.3358   3.624346    32.7872        599     2.4917     2.2360  0.000e+00
     53.487    10.3339   3.624524    32.7906        600     2.4958     2.2371  0.000e+00
     53.610    10.3317   3.624610    32.7934        601     2.5000     2.2365  0.000e+00
     53.728    10.3286   3.624635    32.7964        602     2.5042     2.2364  0.000e+00
     53.854    10.3246   3.624745    32.8011        603     2.5083     2.2356  0.000e+00
     53.969    10.3202   3.624567    32.8031        604     2.5125     2.2342  0.000e+00
     54.089    10.3142   3.624279    32.8057        605     2.5167     2.2334  0.000e+00
     54.205    10.3038   3.624041    32.8126        606     2.5208     2.2318  0.000e+00
     54.329    10.2858   3.623845    32.8269        607     2.5250     2.2302  0.000e+00
     54.454    10.2616   3.623643    32.8467        608     2.5292     2.2295  0.000e+00
     54.593    10.2374   3.623582    32.8678        609     2.5333     2.2288  0.000e+00
     54.728    10.2170   3.623668    32.8872        610     2.5375     2.2277  0.000e+00
     54.873    10.2009   3.623956    32.9046        611     2.5417     2.2255  0.000e+00
     55.022    10.1900   3.624177    32.9167        612     2.5458     2.2245  0.000e+00
     55.181    10.1834   3.624527    32.9261        613     2.5500     2.2226  0.000e+00
     55.335    10.1798   3.624900    32.9331        614     2.5542     2.2221  0.000e+00
     55.490    10.1788   3.625495    32.9399        615     2.5583     2.2235  0.000e+00
     55.650    10.1798   3.625912    32.9432        616     2.5625     2.2192  0.000e+00
     55.806    10.1810   3.626304    32.9460        617     2.5667     2.2169  0.000e+00
     55.962    10.1834   3.626678    32.9475        618     2.5708     2.2142  0.000e+00
     56.115    10.1869   3.627033    32.9479        619     2.5750     2.2122  0.000e+00
     56.268    10.1912   3.627229    32.9459        620     2.5792     2.2110  0.000e+00
     56.405    10.1941   3.627358    32.9445        621     2.5833     2.2082  0.000e+00
     56.550    10.1960   3.627560    32.9448        622     2.5875     2.2079  0.000e+00
     56.690    10.1973   3.627603    32.9439        623     2.5917     2.2070  0.000e+00
     56.831    10.1978   3.627603    32.9434        624     2.5958     2.2066  0.000e+00
     56.964    10.1964   3.627824    32.9468        625     2.6000     2.2051  0.000e+00
     57.098    10.1961   3.628198    32.9508        626     2.6042     2.2042  0.000e+00
     57.237    10.1964   3.628572    32.9543        627     2.6083     2.2029  0.000e+00
     57.334    10.1963   3.628793    32.9566        628     2.6125     2.2025  0.000e+00
     57.379    10.1960   3.629296    32.9619        629     2.6167     2.2025  0.000e+00
     57.386    10.1958   3.629872    32.9679        630     2.6208     2.2016  0.000e+00
     57.348    10.1969   3.629958    32.9678        631     2.6250     2.2025  0.000e+00
     57.289    10.1976   3.629915    32.9667        632     2.6292     2.2020  0.000e+00
     57.248    10.1979   3.629915    32.9665        633     2.6333     2.2017  0.000e+00
     57.212    10.1979   3.629890    32.9663        634     2.6375     2.2013  0.000e+00
     57.165    10.1980   3.629651    32.9638        635     2.6417     2.2000  0.000e+00
     57.109    10.1976   3.629761    32.9653        636     2.6458     2.1993  0.000e+00
     57.048    10.1972   3.629516    32.9632        637     2.6500     2.1999  0.000e+00
     56.994    10.1964   3.629210    32.9609        638     2.6542     2.1989  0.000e+00
     56.920    10.1950   3.629099    32.9610        639     2.6583     2.1983  0.000e+00
     56.841    10.1937   3.628964    32.9608        640     2.6625     2.1985  0.000e+00
     56.759    10.1925   3.628878    32.9611        641     2.6667     2.1979  0.000e+00
     56.689    10.1917   3.628750    32.9606        642     2.6708     2.2000  0.000e+00
     56.611    10.1907   3.628106    32.9550        643     2.6750     2.2002  0.000e+00
     56.541    10.1888   3.627824    32.9540        644     2.6792     2.2002  0.000e+00
     56.471    10.1863   3.627187    32.9498        645     2.6833     2.2001  0.000e+00
     56.415    10.1834   3.627095    32.9516        646     2.6875     2.2009  0.000e+00
     56.372    10.1809   3.627033    32.9532        647     2.6917     2.2013  0.000e+00
     56.340    10.1794   3.626678    32.9510        648     2.6958     2.2016  0.000e+00
     56.324    10.1776   3.626984    32.9558        649     2.7000     2.2020  0.000e+00
     56.304    10.1770   3.626788    32.9543        650     2.7042     2.2029  0.000e+00
     56.277    10.1765   3.627272    32.9597        651     2.7083     2.2029  0.000e+00
     56.245    10.1775   3.627383    32.9599        652     2.7125     2.2033  0.000e+00
     56.216    10.1790   3.627205    32.9568        653     2.7167     2.2035  0.000e+00
     56.164    10.1795   3.626941    32.9537        654     2.7208     2.2035  0.000e+00
     56.103    10.1787   3.626984    32.9548        655     2.7250     2.2033  0.000e+00
     56.031    10.1783   3.627095    32.9563        656     2.7292     2.2046  0.000e+00
     55.943    10.1784   3.626966    32.9550        657     2.7333     2.2042  0.000e+00
     55.849    10.1782   3.626721    32.9527        658     2.7375     2.2043  0.000e+00
     55.725    10.1772   3.626592    32.9524        659     2.7417     2.2046  0.000e+00
     55.601    10.1763   3.626770    32.9551        660     2.7458     2.2042  0.000e+00
     55.472    10.1760   3.626328    32.9509        661     2.7500     2.2053  0.000e+00
     55.341    10.1750   3.626083    32.9494        662     2.7542     2.2040  0.000e+00
     55.209    10.1732   3.626040    32.9507        663     2.7583     2.2053  0.000e+00
     55.087    10.1720   3.626040    32.9519        664     2.7625     2.2045  0.000e+00
     54.976    10.1714   3.625887    32.9509        665     2.7667     2.2059  0.000e+00
     54.871    10.1707   3.625605    32.9487        666     2.7708     2.2062  0.000e+00
     54.771    10.1694   3.625139    32.9452        667     2.7750     2.2063  0.000e+00
     54.693    10.1673   3.625072    32.9465        668     2.7792     2.2050  0.000e+00
     54.621    10.1652   3.624018    32.9377        669     2.7833     2.2053  0.000e+00
     54.559    10.1629   3.623516    32.9348        670     2.7875     2.2051  0.000e+00
     54.505    10.1592   3.623362    32.9367        671     2.7917     2.2043  0.000e+00
     54.453    10.1566   3.622854    32.9339        672     2.7958     2.2023  0.000e+00
     54.397    10.1556   3.622572    32.9320        673     2.8000     2.2030  0.000e+00
     54.339    10.1564   3.622572    32.9313        674     2.8042     2.2035  0.000e+00
     54.276    10.1583   3.622572    32.9296        675     2.8083     2.2031  0.000e+00
     54.210    10.1616   3.622529    32.9262        676     2.8125     2.2036  0.000e+00
     54.124    10.1645   3.622572    32.9241        677     2.8167     2.2033  0.000e+00
     54.021    10.1701   3.622462    32.9178        678     2.8208     2.2045  0.000e+00
     53.901    10.1943   3.623055    32.9020        679     2.8250     2.2046  0.000e+00
     53.779    10.2255   3.623251    32.8757        680     2.8292     2.2054  0.000e+00
     53.642    10.2491   3.623361    32.8554        681     2.8333     2.2053  0.000e+00
     53.496    10.2649   3.623710    32.8448        682     2.8375     2.2059  0.000e+00
     53.345    10.2784   3.623600    32.8315        683     2.8417     2.2070  0.000e+00
     53.196    10.2911   3.623318    32.8173        684     2.8458     2.2089  0.000e+00
     53.052    10.3016   3.623164    32.8063        685     2.8500     2.2113  0.000e+00
     52.918    10.3089   3.623140    32.7994        686     2.8542     2.2130  0.000e+00
     52.788    10.3138   3.623317    32.7969        687     2.8583     2.2138  0.000e+00
     52.680    10.3184   3.623360    32.7932        688     2.8625     2.2153  0.000e+00
     52.583    10.3216   3.623360    32.7904        689     2.8667     2.2183  0.000e+00
     52.501    10.3234   3.623360    32.7888        690     2.8708     2.2186  0.000e+00
     52.431    10.3242   3.622900    32.7834        691     2.8750     2.2192  0.000e+00
     52.371    10.3245   3.622698    32.7812        692     2.8792     2.2204  0.000e+00
     52.308    10.3251   3.622680    32.7805        693     2.8833     2.2218  0.000e+00
     52.262    10.3275   3.622698    32.7785        694     2.8875     2.2233  0.000e+00
     52.215    10.3316   3.622747    32.7753        695     2.8917     2.2236  0.000e+00
     52.166    10.3346   3.622808    32.7732        696     2.8958     2.2244  0.000e+00
     52.112    10.3358   3.622790    32.7721        697     2.9000     2.2248  0.000e+00
     52.062    10.3360   3.622765    32.7716        698     2.9042     2.2244  0.000e+00
     52.005    10.3360   3.622765    32.7716        699     2.9083     2.2245  0.000e+00
     51.949    10.3359   3.622698    32.7711        700     2.9125     2.2251  0.000e+00
     51.882    10.3359   3.622306    32.7672        701     2.9167     2.2255  0.000e+00
     51.809    10.3366   3.622679    32.7703        702     2.9208     2.2267  0.000e+00
     51.730    10.3364   3.622483    32.7686        703     2.9250     2.2276  0.000e+00
     51.645    10.3358   3.622110    32.7654        704     2.9292     2.2284  0.000e+00
     51.548    10.3377   3.622152    32.7641        705     2.9333     2.2294  0.000e+00
     51.440    10.3415   3.622171    32.7609        706     2.9375     2.2288  0.000e+00
     51.332    10.3443   3.622220    32.7590        707     2.9417     2.2305  0.000e+00
     51.212    10.3464   3.622373    32.7587        708     2.9458     2.2301  0.000e+00
     51.093    10.3500   3.622434    32.7561        709     2.9500     2.2312  0.000e+00
     50.973    10.3545   3.622434    32.7521        710     2.9542     2.2313  0.000e+00
     50.845    10.3578   3.622458    32.7494        711     2.9583     2.2320  0.000e+00
     50.718    10.3604   3.622434    32.7469        712     2.9625     2.2311  0.000e+00
     50.594    10.3623   3.622434    32.7452        713     2.9667     2.2321  0.000e+00
     50.461    10.3639   3.622415    32.7437        714     2.9708     2.2334  0.000e+00
     50.331    10.3649   3.622458    32.7432        715     2.9750     2.2334  0.000e+00
     50.218    10.3666   3.622482    32.7420        716     2.9792     2.2345  0.000e+00
     50.108    10.3678   3.622433    32.7404        717     2.9833     2.2356  0.000e+00
     50.015    10.3686   3.622415    32.7396        718     2.9875     2.2361  0.000e+00
     49.925    10.3690   3.622305    32.7382        719     2.9917     2.2365  0.000e+00
     49.855    10.3690   3.622347    32.7386        720     2.9958     2.2375  0.000e+00
     49.792    10.3690   3.622372    32.7389        721     3.0000     2.2367  0.000e+00
     49.742    10.3690   3.622372    32.7389        722     3.0042     2.2370  0.000e+00
     49.704    10.3691   3.622433    32.7395        723     3.0083     2.2366  0.000e+00
     49.668    10.3696   3.622433    32.7390        724     3.0125     2.2374  0.000e+00
     49.639    10.3704   3.622433    32.7383        725     3.0167     2.2373  0.000e+00
     49.605    10.3710   3.622433    32.7378        726     3.0208     2.2381  0.000e+00
     49.569    10.3712   3.622568    32.7390        727     3.0250     2.2386  0.000e+00
     49.521    10.3723   3.622654    32.7388        728     3.0292     2.2389  0.000e+00
     49.479    10.3743   3.622678    32.7374        729     3.0333     2.2391  0.000e+00
