PC2305/sbe091.cnv
* Sea-Bird SBE 19plus V2 Data File:
* FileName = C:\cruise\data\sbe091.hex
* Software Version Seasave V 7.26.7.121
* Temperature SN = 7142
* Conductivity SN = 7142
* System UpLoad Time = Nov 05 2023 01:31:34
** Cruise: PC2205
** Program: ECOMON
# nquan = 8
# nvalues = 2485                                  
# units = specified
# name 0 = depSM: Depth [salt water, m], lat = 40.00
# name 1 = tv290C: Temperature [ITS-90, deg C]
# name 2 = c0S/m: Conductivity [S/m]
# name 3 = sal00: Salinity, Practical [PSU]
# name 4 = scan: Scan Count
# name 5 = timeM: Time, Elapsed [minutes]
# name 6 = sbeox0V: Oxygen raw, SBE 43 [V]
# name 7 = flag:  0.000e+00
# span 0 =      0.010,     31.436                 
# span 1 =    10.4672,    16.3361                 
# span 2 =   0.000054,   4.305552                 
# span 3 =     0.0075,    34.1329                 
# span 4 =         11,       2495                 
# span 5 =     0.0417,    10.3917                 
# span 6 =     2.3108,     2.9129                 
# span 7 = 0.0000e+00, 0.0000e+00                 
# interval = seconds: 0.25
# start_time = Nov 05 2023 01:31:34 [System UTC, header]
# bad_flag = -9.990e-29
*END*
[from data line 1798]
     19.521    15.8861   4.227533    33.6398       1809     7.5333     2.8336  0.000e+00
     19.419    15.8860   4.227455    33.6392       1810     7.5375     2.8334  0.000e+00
     19.305    15.8861   4.227794    33.6422       1811     7.5417     2.8341  0.000e+00
     19.189    15.8876   4.227983    33.6425       1812     7.5458     2.8338  0.000e+00
     19.057    15.8903   4.227435    33.6355       1813     7.5500     2.8350  0.000e+00
     18.926    15.8919   4.228440    33.6431       1814     7.5542     2.8344  0.000e+00
     18.797    15.8961   4.229484    33.6488       1815     7.5583     2.8353  0.000e+00
     18.680    15.9050   4.229627    33.6426       1816     7.5625     2.8373  0.000e+00
     18.576    15.9129   4.229484    33.6346       1817     7.5667     2.8385  0.000e+00
     18.495    15.9165   4.223443    33.5779       1818     7.5708     2.8390  0.000e+00
     18.436    15.9078   4.222008    33.5726       1819     7.5750     2.8397  0.000e+00
     18.401    15.8949   4.219961    33.5654       1820     7.5792     2.8392  0.000e+00
     18.400    15.8834   4.220170    33.5770       1821     7.5833     2.8400  0.000e+00
     18.407    15.8757   4.220177    33.5835       1822     7.5875     2.8380  0.000e+00
     18.436    15.8726   4.220066    33.5852       1823     7.5917     2.8379  0.000e+00
     18.477    15.8706   4.220392    33.5897       1824     7.5958     2.8369  0.000e+00
     18.525    15.8701   4.221253    33.5979       1825     7.6000     2.8373  0.000e+00
     18.579    15.8715   4.222876    33.6111       1826     7.6042     2.8367  0.000e+00
     18.626    15.8754   4.223998    33.6177       1827     7.6083     2.8361  0.000e+00
     18.669    15.8807   4.225022    33.6223       1828     7.6125     2.8348  0.000e+00
     18.705    15.8861   4.226241    33.6285       1829     7.6167     2.8357  0.000e+00
     18.728    15.8911   4.227174    33.6325       1830     7.6208     2.8354  0.000e+00
     18.737    15.8961   4.227918    33.6350       1831     7.6250     2.8361  0.000e+00
     18.739    15.9005   4.228264    33.6343       1832     7.6292     2.8357  0.000e+00
     18.727    15.9039   4.228277    33.6315       1833     7.6333     2.8354  0.000e+00
     18.700    15.9052   4.227174    33.6206       1834     7.6375     2.8353  0.000e+00
     18.655    15.9035   4.224826    33.6012       1835     7.6417     2.8350  0.000e+00
     18.599    15.8966   4.224024    33.5999       1836     7.6458     2.8346  0.000e+00
     18.516    15.8903   4.223235    33.5983       1837     7.6500     2.8354  0.000e+00
     18.425    15.8863   4.219714    33.5705       1838     7.6542     2.8368  0.000e+00
     18.317    15.8804   4.216970    33.5511       1839     7.6583     2.8376  0.000e+00
     18.206    15.8693   4.211015    33.5076       1840     7.6625     2.8381  0.000e+00
     18.092    15.8490   4.205545    33.4762       1841     7.6667     2.8387  0.000e+00
     17.984    15.8197   4.203118    33.4795       1842     7.6708     2.8386  0.000e+00
     17.878    15.7941   4.199481    33.4688       1843     7.6750     2.8391  0.000e+00
     17.781    15.7708   4.196170    33.4591       1844     7.6792     2.8402  0.000e+00
     17.697    15.7498   4.193400    33.4522       1845     7.6833     2.8392  0.000e+00
     17.632    15.7314   4.191157    33.4478       1846     7.6875     2.8387  0.000e+00
     17.578    15.7145   4.189383    33.4464       1847     7.6917     2.8388  0.000e+00
     17.537    15.6985   4.183022    33.4032       1848     7.6958     2.8403  0.000e+00
     17.515    15.6787   4.181158    33.4034       1849     7.7000     2.8419  0.000e+00
     17.506    15.6575   4.181561    33.4249       1850     7.7042     2.8429  0.000e+00
     17.515    15.6439   4.181802    33.4386       1851     7.7083     2.8449  0.000e+00
     17.523    15.6390   4.181555    33.4406       1852     7.7125     2.8454  0.000e+00
     17.528    15.6368   4.181756    33.4442       1853     7.7167     2.8479  0.000e+00
     17.533    15.6367   4.181756    33.4443       1854     7.7208     2.8473  0.000e+00
     17.521    15.6366   4.181042    33.4380       1855     7.7250     2.8531  0.000e+00
     17.497    15.6352   4.180458    33.4340       1856     7.7292     2.8583  0.000e+00
     17.462    15.6322   4.180458    33.4365       1857     7.7333     2.8573  0.000e+00
     17.413    15.6298   4.179445    33.4295       1858     7.7375     2.8585  0.000e+00
     17.346    15.6270   4.175686    33.3984       1859     7.7417     2.8592  0.000e+00
     17.262    15.6163   4.174018    33.3925       1860     7.7458     2.8588  0.000e+00
     17.181    15.6034   4.172312    33.3883       1861     7.7500     2.8586  0.000e+00
     17.093    15.5906   4.170320    33.3813       1862     7.7542     2.8603  0.000e+00
     17.016    15.5776   4.168828    33.3790       1863     7.7583     2.8602  0.000e+00
     16.946    15.5665   4.168348    33.3842       1864     7.7625     2.8605  0.000e+00
     16.899    15.5581   4.168108    33.3891       1865     7.7667     2.8605  0.000e+00
     16.867    15.5528   4.168037    33.3930       1866     7.7708     2.8624  0.000e+00
     16.861    15.5498   4.168134    33.3965       1867     7.7750     2.8638  0.000e+00
     16.870    15.5486   4.168134    33.3975       1868     7.7792     2.8640  0.000e+00
     16.890    15.5482   4.168109    33.3975       1869     7.7833     2.8655  0.000e+00
     16.926    15.5481   4.168083    33.3974       1870     7.7875     2.8667  0.000e+00
     16.962    15.5479   4.168160    33.3982       1871     7.7917     2.8657  0.000e+00
     16.992    15.5480   4.168355    33.3999       1872     7.7958     2.8648  0.000e+00
     17.012    15.5486   4.168705    33.4026       1873     7.8000     2.8644  0.000e+00
     17.023    15.5496   4.168965    33.4040       1874     7.8042     2.8635  0.000e+00
     17.023    15.5511   4.169055    33.4035       1875     7.8083     2.8641  0.000e+00
     17.001    15.5522   4.169004    33.4022       1876     7.8125     2.8658  0.000e+00
     16.962    15.5528   4.168939    33.4011       1877     7.8167     2.8668  0.000e+00
     16.906    15.5530   4.168582    33.3978       1878     7.8208     2.8664  0.000e+00
     16.829    15.5522   4.168160    33.3946       1879     7.8250     2.8654  0.000e+00
     16.737    15.5511   4.167966    33.3939       1880     7.8292     2.8650  0.000e+00
     16.640    15.5495   4.167071    33.3873       1881     7.8333     2.8635  0.000e+00
     16.531    15.5469   4.166422    33.3837       1882     7.8375     2.8634  0.000e+00
     16.428    15.5432   4.166351    33.3863       1883     7.8417     2.8627  0.000e+00
     16.328    15.5404   4.166124    33.3867       1884     7.8458     2.8618  0.000e+00
     16.234    15.5381   4.166098    33.3884       1885     7.8500     2.8617  0.000e+00
     16.151    15.5366   4.166020    33.3890       1886     7.8542     2.8615  0.000e+00
     16.080    15.5357   4.165852    33.3883       1887     7.8583     2.8621  0.000e+00
     16.017    15.5349   4.165852    33.3890       1888     7.8625     2.8644  0.000e+00
     15.970    15.5343   4.165644    33.3877       1889     7.8667     2.8652  0.000e+00
     15.929    15.5335   4.165060    33.3831       1890     7.8708     2.8650  0.000e+00
     15.891    15.5321   4.165508    33.3883       1891     7.8750     2.8662  0.000e+00
     15.859    15.5316   4.165521    33.3889       1892     7.8792     2.8665  0.000e+00
     15.841    15.5315   4.165430    33.3882       1893     7.8833     2.8669  0.000e+00
     15.821    15.5315   4.165404    33.3879       1894     7.8875     2.8670  0.000e+00
     15.815    15.5312   4.164743    33.3823       1895     7.8917     2.8662  0.000e+00
     15.808    15.5297   4.164043    33.3773       1896     7.8958     2.8669  0.000e+00
     15.812    15.5266   4.163744    33.3773       1897     7.9000     2.8670  0.000e+00
     15.812    15.5234   4.161689    33.3615       1898     7.9042     2.8660  0.000e+00
     15.810    15.5181   4.161281    33.3624       1899     7.9083     2.8665  0.000e+00
     15.806    15.5138   4.162805    33.3797       1900     7.9125     2.8668  0.000e+00
     15.803    15.5133   4.162954    33.3814       1901     7.9167     2.8656  0.000e+00
     15.808    15.5150   4.163271    33.3828       1902     7.9208     2.8659  0.000e+00
     15.801    15.5168   4.163401    33.3825       1903     7.9250     2.8654  0.000e+00
     15.812    15.5178   4.163576    33.3832       1904     7.9292     2.8653  0.000e+00
     15.815    15.5190   4.163816    33.3843       1905     7.9333     2.8649  0.000e+00
     15.814    15.5203   4.163945    33.3844       1906     7.9375     2.8641  0.000e+00
     15.803    15.5215   4.163971    33.3836       1907     7.9417     2.8648  0.000e+00
     15.776    15.5221   4.163368    33.3777       1908     7.9458     2.8650  0.000e+00
     15.735    15.5211   4.159538    33.3443       1909     7.9500     2.8657  0.000e+00
     15.670    15.5146   4.158125    33.3372       1910     7.9542     2.8681  0.000e+00
     15.585    15.5057   4.153060    33.2994       1911     7.9583     2.8688  0.000e+00
     15.485    15.4949   4.151991    33.2990       1912     7.9625     2.8683  0.000e+00
     15.372    15.4836   4.148126    33.2740       1913     7.9667     2.8668  0.000e+00
     15.242    15.4727   4.146625    33.2698       1914     7.9708     2.8648  0.000e+00
     15.113    15.4630   4.145078    33.2642       1915     7.9750     2.8652  0.000e+00
     14.985    15.4551   4.141772    33.2413       1916     7.9792     2.8652  0.000e+00
     14.865    15.4475   4.139728    33.2295       1917     7.9833     2.8667  0.000e+00
     14.759    15.4387   4.139282    33.2329       1918     7.9875     2.8664  0.000e+00
     14.681    15.4326   4.139004    33.2356       1919     7.9917     2.8692  0.000e+00
     14.635    15.4288   4.139036    33.2391       1920     7.9958     2.8725  0.000e+00
     14.606    15.4269   4.138842    33.2390       1921     8.0000     2.8741  0.000e+00
     14.606    15.4256   4.138913    33.2407       1922     8.0042     2.8766  0.000e+00
     14.633    15.4252   4.138765    33.2398       1923     8.0083     2.8770  0.000e+00
     14.674    15.4247   4.138720    33.2398       1924     8.0125     2.8791  0.000e+00
     14.719    15.4244   4.138914    33.2418       1925     8.0167     2.8794  0.000e+00
     14.759    15.4245   4.139088    33.2432       1926     8.0208     2.8786  0.000e+00
     14.787    15.4248   4.139237    33.2442       1927     8.0250     2.8771  0.000e+00
     14.798    15.4255   4.140246    33.2527       1928     8.0292     2.8760  0.000e+00
     14.802    15.4269   4.140783    33.2564       1929     8.0333     2.8760  0.000e+00
     14.787    15.4288   4.140614    33.2532       1930     8.0375     2.8757  0.000e+00
     14.757    15.4300   4.140530    33.2515       1931     8.0417     2.8757  0.000e+00
     14.705    15.4306   4.139308    33.2400       1932     8.0458     2.8772  0.000e+00
     14.633    15.4293   4.138176    33.2310       1933     8.0500     2.8766  0.000e+00
     14.536    15.4265   4.137640    33.2286       1934     8.0542     2.8768  0.000e+00
     14.428    15.4237   4.137167    33.2268       1935     8.0583     2.8776  0.000e+00
     14.322    15.4212   4.137122    33.2285       1936     8.0625     2.8765  0.000e+00
     14.223    15.4194   4.136999    33.2289       1937     8.0667     2.8757  0.000e+00
     14.141    15.4180   4.136973    33.2299       1938     8.0708     2.8758  0.000e+00
     14.081    15.4173   4.136721    33.2283       1939     8.0750     2.8766  0.000e+00
     14.042    15.4163   4.136605    33.2281       1940     8.0792     2.8777  0.000e+00
     14.018    15.4151   4.136282    33.2263       1941     8.0833     2.8770  0.000e+00
     14.011    15.4138   4.136236    33.2270       1942     8.0875     2.8766  0.000e+00
     14.029    15.4127   4.136159    33.2272       1943     8.0917     2.8778  0.000e+00
     14.054    15.4118   4.136036    33.2269       1944     8.0958     2.8790  0.000e+00
     14.087    15.4112   4.136062    33.2275       1945     8.1000     2.8789  0.000e+00
     14.105    15.4111   4.136114    33.2281       1946     8.1042     2.8807  0.000e+00
     14.115    15.4109   4.136062    33.2278       1947     8.1083     2.8818  0.000e+00
     14.119    15.4108   4.136579    33.2325       1948     8.1125     2.8808  0.000e+00
     14.112    15.4122   4.136851    33.2338       1949     8.1167     2.8812  0.000e+00
     14.088    15.4138   4.136702    33.2311       1950     8.1208     2.8810  0.000e+00
     14.060    15.4143   4.135196    33.2172       1951     8.1250     2.8807  0.000e+00
     14.015    15.4120   4.134788    33.2155       1952     8.1292     2.8807  0.000e+00
     13.961    15.4091   4.134737    33.2175       1953     8.1333     2.8807  0.000e+00
     13.889    15.4079   4.134640    33.2177       1954     8.1375     2.8808  0.000e+00
     13.803    15.4062   4.132959    33.2041       1955     8.1417     2.8806  0.000e+00
     13.709    15.4028   4.127693    33.1598       1956     8.1458     2.8804  0.000e+00
     13.607    15.3934   4.123650    33.1314       1957     8.1500     2.8794  0.000e+00
     13.510    15.3794   4.123237    33.1396       1958     8.1542     2.8795  0.000e+00
     13.416    15.3679   4.123838    33.1548       1959     8.1583     2.8797  0.000e+00
     13.334    15.3624   4.124535    33.1657       1960     8.1625     2.8802  0.000e+00
     13.276    15.3613   4.124044    33.1622       1961     8.1667     2.8807  0.000e+00
     13.235    15.3609   4.123528    33.1579       1962     8.1708     2.8802  0.000e+00
     13.210    15.3597   4.123334    33.1572       1963     8.1750     2.8814  0.000e+00
     13.199    15.3586   4.122972    33.1549       1964     8.1792     2.8827  0.000e+00
     13.202    15.3571   4.123237    33.1585       1965     8.1833     2.8830  0.000e+00
     13.215    15.3563   4.122992    33.1570       1966     8.1875     2.8834  0.000e+00
     13.238    15.3555   4.122675    33.1549       1967     8.1917     2.8833  0.000e+00
     13.265    15.3545   4.122256    33.1519       1968     8.1958     2.8843  0.000e+00
     13.292    15.3533   4.121636    33.1473       1969     8.2000     2.8844  0.000e+00
     13.317    15.3512   4.120984    33.1432       1970     8.2042     2.8837  0.000e+00
     13.339    15.3484   4.120739    33.1434       1971     8.2083     2.8844  0.000e+00
     13.355    15.3456   4.121501    33.1526       1972     8.2125     2.8868  0.000e+00
     13.359    15.3456   4.124400    33.1786       1973     8.2167     2.8861  0.000e+00
     13.348    15.3503   4.121229    33.1462       1974     8.2208     2.8860  0.000e+00
     13.323    15.3489   4.122501    33.1588       1975     8.2250     2.8869  0.000e+00
     13.281    15.3479   4.122675    33.1613       1976     8.2292     2.8873  0.000e+00
     13.215    15.3510   4.126692    33.1947       1977     8.2333     2.8879  0.000e+00
     13.143    15.3560   4.120396    33.1340       1978     8.2375     2.8893  0.000e+00
     13.046    15.3543   4.119028    33.1232       1979     8.2417     2.8905  0.000e+00
     12.951    15.3464   4.118615    33.1262       1980     8.2458     2.8914  0.000e+00
     12.854    15.3402   4.118492    33.1304       1981     8.2500     2.8914  0.000e+00
     12.751    15.3360   4.117976    33.1293       1982     8.2542     2.8918  0.000e+00
     12.672    15.3332   4.117169    33.1244       1983     8.2583     2.8930  0.000e+00
     12.593    15.3296   4.118125    33.1361       1984     8.2625     2.8945  0.000e+00
     12.529    15.3281   4.117047    33.1277       1985     8.2667     2.8944  0.000e+00
     12.480    15.3269   4.116195    33.1211       1986     8.2708     2.8966  0.000e+00
     12.442    15.3235   4.115169    33.1147       1987     8.2750     2.8953  0.000e+00
