PC2305/sbe052.cnv
* Sea-Bird SBE 19plus V2 Data File:
* FileName = C:\cruise\data\sbe052.hex
* Software Version Seasave V 7.26.7.121
* Temperature SN = 7142
* Conductivity SN = 7142
* System UpLoad Time = Nov 01 2023 07:43:26
** Cruise: PC2205
** Program: ECOMON
# nquan = 8
# nvalues = 1473                                  
# units = specified
# name 0 = depSM: Depth [salt water, m], lat = 40.00
# name 1 = tv290C: Temperature [ITS-90, deg C]
# name 2 = c0S/m: Conductivity [S/m]
# name 3 = sal00: Salinity, Practical [PSU]
# name 4 = scan: Scan Count
# name 5 = timeM: Time, Elapsed [minutes]
# name 6 = sbeox0V: Oxygen raw, SBE 43 [V]
# name 7 = flag:  0.000e+00
# span 0 =     -0.092,     20.049                 
# span 1 =    11.5360,    18.5123                 
# span 2 =   0.000031,   4.277572                 
# span 3 =     0.0060,    32.7866                 
# span 4 =         11,       1483                 
# span 5 =     0.0417,     6.1750                 
# span 6 =     2.3640,     3.2062                 
# span 7 = 0.0000e+00, 0.0000e+00                 
# interval = seconds: 0.25
# start_time = Nov 01 2023 07:43:26 [System UTC, header]
# bad_flag = -9.990e-29
*END*
[from data line 720]
     13.876    18.4614   4.273448    31.9456        731     3.0417     2.8131  0.000e+00
     13.932    18.4614   4.273396    31.9452        732     3.0458     2.8135  0.000e+00
     13.997    18.4610   4.273396    31.9455        733     3.0500     2.8117  0.000e+00
     14.074    18.4610   4.273403    31.9455        734     3.0542     2.8115  0.000e+00
     14.157    18.4610   4.273396    31.9454        735     3.0583     2.8101  0.000e+00
     14.225    18.4610   4.273377    31.9452        736     3.0625     2.8094  0.000e+00
     14.292    18.4611   4.273370    31.9450        737     3.0667     2.8098  0.000e+00
     14.345    18.4608   4.273403    31.9455        738     3.0708     2.8107  0.000e+00
     14.378    18.4608   4.273350    31.9451        739     3.0750     2.8110  0.000e+00
     14.394    18.4607   4.273350    31.9452        740     3.0792     2.8119  0.000e+00
     14.407    18.4606   4.273350    31.9452        741     3.0833     2.8120  0.000e+00
     14.392    18.4611   4.273324    31.9447        742     3.0875     2.8119  0.000e+00
     14.363    18.4608   4.273298    31.9447        743     3.0917     2.8134  0.000e+00
     14.322    18.4608   4.273396    31.9455        744     3.0958     2.8139  0.000e+00
     14.270    18.4612   4.273324    31.9446        745     3.1000     2.8135  0.000e+00
     14.209    18.4608   4.273422    31.9458        746     3.1042     2.8133  0.000e+00
     14.139    18.4613   4.273350    31.9448        747     3.1083     2.8139  0.000e+00
     14.071    18.4614   4.273350    31.9447        748     3.1125     2.8152  0.000e+00
     14.002    18.4612   4.273370    31.9451        749     3.1167     2.8165  0.000e+00
     13.950    18.4611   4.273324    31.9448        750     3.1208     2.8166  0.000e+00
     13.911    18.4609   4.273370    31.9454        751     3.1250     2.8171  0.000e+00
     13.889    18.4608   4.273403    31.9457        752     3.1292     2.8176  0.000e+00
     13.887    18.4609   4.273422    31.9458        753     3.1333     2.8176  0.000e+00
     13.907    18.4606   4.273448    31.9462        754     3.1375     2.8168  0.000e+00
     13.934    18.4609   4.273717    31.9482        755     3.1417     2.8162  0.000e+00
     13.970    18.4624   4.273835    31.9481        756     3.1458     2.8168  0.000e+00
     14.011    18.4641   4.273809    31.9465        757     3.1500     2.8152  0.000e+00
     14.063    18.4649   4.273789    31.9457        758     3.1542     2.8127  0.000e+00
     14.108    18.4650   4.273730    31.9451        759     3.1583     2.8125  0.000e+00
     14.153    18.4653   4.273888    31.9462        760     3.1625     2.8134  0.000e+00
     14.202    18.4655   4.273783    31.9451        761     3.1667     2.8112  0.000e+00
     14.234    18.4656   4.273737    31.9447        762     3.1708     2.8125  0.000e+00
     14.261    18.4653   4.273717    31.9447        763     3.1750     2.8129  0.000e+00
     14.263    18.4651   4.273658    31.9443        764     3.1792     2.8131  0.000e+00
     14.259    18.4648   4.273593    31.9441        765     3.1833     2.8128  0.000e+00
     14.234    18.4643   4.273606    31.9445        766     3.1875     2.8111  0.000e+00
     14.191    18.4642   4.273691    31.9454        767     3.1917     2.8119  0.000e+00
     14.132    18.4643   4.273658    31.9450        768     3.1958     2.8131  0.000e+00
     14.060    18.4645   4.273593    31.9443        769     3.2000     2.8115  0.000e+00
     13.979    18.4644   4.273665    31.9450        770     3.2042     2.8119  0.000e+00
     13.898    18.4643   4.273579    31.9445        771     3.2083     2.8130  0.000e+00
     13.804    18.4643   4.273691    31.9454        772     3.2125     2.8138  0.000e+00
     13.727    18.4643   4.273684    31.9453        773     3.2167     2.8143  0.000e+00
     13.662    18.4645   4.273737    31.9457        774     3.2208     2.8152  0.000e+00
     13.619    18.4651   4.273704    31.9449        775     3.2250     2.8155  0.000e+00
     13.589    18.4652   4.273691    31.9448        776     3.2292     2.8142  0.000e+00
     13.582    18.4650   4.273592    31.9441        777     3.2333     2.8133  0.000e+00
     13.601    18.4650   4.273527    31.9436        778     3.2375     2.8119  0.000e+00
     13.635    18.4642   4.273520    31.9441        779     3.2417     2.8138  0.000e+00
     13.686    18.4641   4.273553    31.9445        780     3.2458     2.8123  0.000e+00
     13.741    18.4638   4.273566    31.9448        781     3.2500     2.8115  0.000e+00
     13.803    18.4636   4.273527    31.9446        782     3.2542     2.8095  0.000e+00
     13.855    18.4636   4.273494    31.9443        783     3.2583     2.8078  0.000e+00
     13.894    18.4635   4.273468    31.9442        784     3.2625     2.8058  0.000e+00
     13.918    18.4630   4.273448    31.9443        785     3.2667     2.8056  0.000e+00
     13.937    18.4629   4.273494    31.9448        786     3.2708     2.8069  0.000e+00
     13.932    18.4629   4.273501    31.9449        787     3.2750     2.8075  0.000e+00
     13.907    18.4628   4.273448    31.9445        788     3.2792     2.8094  0.000e+00
     13.853    18.4625   4.273403    31.9444        789     3.2833     2.8115  0.000e+00
     13.785    18.4620   4.273370    31.9445        790     3.2875     2.8130  0.000e+00
     13.691    18.4617   4.273422    31.9453        791     3.2917     2.8141  0.000e+00
     13.594    18.4614   4.273553    31.9466        792     3.2958     2.8123  0.000e+00
     13.492    18.4620   4.273665    31.9471        793     3.3000     2.8111  0.000e+00
     13.404    18.4629   4.273684    31.9466        794     3.3042     2.8103  0.000e+00
     13.337    18.4636   4.273619    31.9455        795     3.3083     2.8094  0.000e+00
     13.294    18.4638   4.273474    31.9441        796     3.3125     2.8098  0.000e+00
     13.281    18.4633   4.273448    31.9443        797     3.3167     2.8088  0.000e+00
     13.305    18.4630   4.273448    31.9446        798     3.3208     2.8097  0.000e+00
     13.350    18.4628   4.273474    31.9449        799     3.3250     2.8111  0.000e+00
     13.411    18.4627   4.273494    31.9451        800     3.3292     2.8119  0.000e+00
     13.474    18.4626   4.273474    31.9450        801     3.3333     2.8119  0.000e+00
     13.535    18.4624   4.273468    31.9451        802     3.3375     2.8119  0.000e+00
     13.598    18.4624   4.273501    31.9453        803     3.3417     2.8106  0.000e+00
     13.646    18.4627   4.273448    31.9447        804     3.3458     2.8103  0.000e+00
     13.671    18.4627   4.273422    31.9445        805     3.3500     2.8102  0.000e+00
     13.680    18.4625   4.273429    31.9446        806     3.3542     2.8104  0.000e+00
     13.678    18.4624   4.273324    31.9439        807     3.3583     2.8104  0.000e+00
     13.653    18.4623   4.273298    31.9438        808     3.3625     2.8114  0.000e+00
     13.612    18.4620   4.273271    31.9438        809     3.3667     2.8107  0.000e+00
     13.547    18.4614   4.273324    31.9447        810     3.3708     2.8105  0.000e+00
     13.472    18.4620   4.273350    31.9445        811     3.3750     2.8104  0.000e+00
     13.389    18.4625   4.273252    31.9433        812     3.3792     2.8104  0.000e+00
     13.297    18.4623   4.273173    31.9428        813     3.3833     2.8113  0.000e+00
     13.213    18.4626   4.273252    31.9433        814     3.3875     2.8117  0.000e+00
     13.127    18.4628   4.273324    31.9438        815     3.3917     2.8139  0.000e+00
     13.051    18.4630   4.273520    31.9453        816     3.3958     2.8148  0.000e+00
     12.987    18.4634   4.273913    31.9483        817     3.4000     2.8168  0.000e+00
     12.931    18.4649   4.273913    31.9471        818     3.4042     2.8159  0.000e+00
     12.875    18.4667   4.273887    31.9455        819     3.4083     2.8148  0.000e+00
     12.836    18.4674   4.273730    31.9437        820     3.4125     2.8156  0.000e+00
     12.801    18.4676   4.273717    31.9434        821     3.4167     2.8161  0.000e+00
     12.782    18.4672   4.273474    31.9417        822     3.4208     2.8169  0.000e+00
     12.778    18.4661   4.273520    31.9430        823     3.4250     2.8150  0.000e+00
     12.774    18.4655   4.273500    31.9433        824     3.4292     2.8126  0.000e+00
     12.780    18.4650   4.273494    31.9435        825     3.4333     2.8123  0.000e+00
     12.783    18.4647   4.273468    31.9436        826     3.4375     2.8113  0.000e+00
     12.801    18.4650   4.273428    31.9430        827     3.4417     2.8101  0.000e+00
     12.819    18.4650   4.273369    31.9426        828     3.4458     2.8114  0.000e+00
     12.836    18.4647   4.273448    31.9434        829     3.4500     2.8125  0.000e+00
     12.855    18.4651   4.273566    31.9441        830     3.4542     2.8115  0.000e+00
     12.888    18.4653   4.273553    31.9438        831     3.4583     2.8098  0.000e+00
     12.924    18.4657   4.273396    31.9421        832     3.4625     2.8081  0.000e+00
     12.976    18.4652   4.273297    31.9417        833     3.4667     2.8065  0.000e+00
     13.026    18.4646   4.273219    31.9415        834     3.4708     2.8050  0.000e+00
     13.087    18.4642   4.273199    31.9417        835     3.4750     2.8047  0.000e+00
     13.146    18.4637   4.273402    31.9437        836     3.4792     2.8039  0.000e+00
     13.195    18.4637   4.273566    31.9450        837     3.4833     2.8051  0.000e+00
     13.222    18.4643   4.273553    31.9445        838     3.4875     2.8072  0.000e+00
     13.213    18.4648   4.273468    31.9434        839     3.4917     2.8095  0.000e+00
     13.197    18.4647   4.273474    31.9435        840     3.4958     2.8111  0.000e+00
     13.145    18.4648   4.273546    31.9441        841     3.5000     2.8122  0.000e+00
     13.060    18.4650   4.273566    31.9441        842     3.5042     2.8127  0.000e+00
     12.936    18.4652   4.273631    31.9445        843     3.5083     2.8146  0.000e+00
     12.796    18.4656   4.273638    31.9443        844     3.5125     2.8174  0.000e+00
     12.627    18.4658   4.273605    31.9439        845     3.5167     2.8185  0.000e+00
     12.451    18.4659   4.273592    31.9438        846     3.5208     2.8191  0.000e+00
     12.282    18.4662   4.273605    31.9438        847     3.5250     2.8194  0.000e+00
     12.127    18.4659   4.273592    31.9439        848     3.5292     2.8190  0.000e+00
     11.982    18.4662   4.273546    31.9434        849     3.5333     2.8199  0.000e+00
     11.867    18.4656   4.273428    31.9428        850     3.5375     2.8201  0.000e+00
     11.791    18.4656   4.273467    31.9432        851     3.5417     2.8180  0.000e+00
     11.764    18.4653   4.273146    31.9408        852     3.5458     2.8162  0.000e+00
     11.788    18.4643   4.272956    31.9399        853     3.5500     2.8146  0.000e+00
     11.860    18.4634   4.272989    31.9409        854     3.5542     2.8130  0.000e+00
     11.951    18.4627   4.272982    31.9414        855     3.5583     2.8126  0.000e+00
     12.068    18.4622   4.273002    31.9419        856     3.5625     2.8129  0.000e+00
     12.194    18.4621   4.273015    31.9420        857     3.5667     2.8119  0.000e+00
     12.309    18.4618   4.272930    31.9415        858     3.5708     2.8108  0.000e+00
     12.408    18.4618   4.272891    31.9411        859     3.5750     2.8096  0.000e+00
     12.487    18.4615   4.272884    31.9413        860     3.5792     2.8107  0.000e+00
     12.530    18.4613   4.272989    31.9423        861     3.5833     2.8094  0.000e+00
     12.553    18.4616   4.273029    31.9424        862     3.5875     2.8092  0.000e+00
     12.551    18.4618   4.273101    31.9428        863     3.5917     2.8102  0.000e+00
     12.512    18.4624   4.273173    31.9430        864     3.5958     2.8117  0.000e+00
     12.460    18.4627   4.273081    31.9420        865     3.6000     2.8124  0.000e+00
     12.368    18.4626   4.273173    31.9429        866     3.6042     2.8136  0.000e+00
     12.273    18.4630   4.273369    31.9443        867     3.6083     2.8148  0.000e+00
     12.163    18.4639   4.273684    31.9462        868     3.6125     2.8153  0.000e+00
     12.039    18.4653   4.273638    31.9448        869     3.6167     2.8158  0.000e+00
     11.910    18.4664   4.273271    31.9409        870     3.6208     2.8174  0.000e+00
     11.802    18.4658   4.273402    31.9425        871     3.6250     2.8194  0.000e+00
     11.718    18.4654   4.273297    31.9420        872     3.6292     2.8209  0.000e+00
     11.671    18.4654   4.273402    31.9429        873     3.6333     2.8203  0.000e+00
     11.649    18.4650   4.273297    31.9423        874     3.6375     2.8210  0.000e+00
     11.656    18.4650   4.273428    31.9434        875     3.6417     2.8199  0.000e+00
     11.694    18.4652   4.273664    31.9452        876     3.6458     2.8174  0.000e+00
     11.748    18.4660   4.273638    31.9444        877     3.6500     2.8173  0.000e+00
     11.815    18.4668   4.273657    31.9439        878     3.6542     2.8173  0.000e+00
     11.885    18.4671   4.273638    31.9434        879     3.6583     2.8167  0.000e+00
     11.947    18.4673   4.273552    31.9426        880     3.6625     2.8162  0.000e+00
     12.010    18.4670   4.273493    31.9423        881     3.6667     2.8158  0.000e+00
     12.052    18.4667   4.273402    31.9418        882     3.6708     2.8158  0.000e+00
     12.097    18.4660   4.273349    31.9418        883     3.6750     2.8143  0.000e+00
     12.115    18.4656   4.273349    31.9421        884     3.6792     2.8148  0.000e+00
     12.134    18.4653   4.273448    31.9432        885     3.6833     2.8153  0.000e+00
     12.127    18.4654   4.273546    31.9439        886     3.6875     2.8153  0.000e+00
     12.106    18.4657   4.273526    31.9435        887     3.6917     2.8156  0.000e+00
     12.061    18.4660   4.273448    31.9427        888     3.6958     2.8174  0.000e+00
     12.005    18.4661   4.273323    31.9416        889     3.7000     2.8171  0.000e+00
     11.931    18.4656   4.273323    31.9420        890     3.7042     2.8173  0.000e+00
     11.840    18.4651   4.273323    31.9424        891     3.7083     2.8179  0.000e+00
     11.737    18.4648   4.273192    31.9416        892     3.7125     2.8178  0.000e+00
     11.635    18.4646   4.273198    31.9418        893     3.7167     2.8180  0.000e+00
     11.531    18.4643   4.273192    31.9421        894     3.7208     2.8184  0.000e+00
     11.443    18.4643   4.273323    31.9432        895     3.7250     2.8172  0.000e+00
     11.358    18.4644   4.273605    31.9454        896     3.7292     2.8175  0.000e+00
     11.295    18.4653   4.273467    31.9436        897     3.7333     2.8178  0.000e+00
     11.248    18.4662   4.273519    31.9434        898     3.7375     2.8191  0.000e+00
     11.218    18.4661   4.273526    31.9435        899     3.7417     2.8194  0.000e+00
     11.198    18.4661   4.273519    31.9435        900     3.7458     2.8176  0.000e+00
     11.191    18.4663   4.273473    31.9430        901     3.7500     2.8175  0.000e+00
     11.196    18.4661   4.273447    31.9429        902     3.7542     2.8170  0.000e+00
     11.209    18.4662   4.273428    31.9427        903     3.7583     2.8173  0.000e+00
     11.225    18.4659   4.273421    31.9428        904     3.7625     2.8169  0.000e+00
     11.248    18.4657   4.273395    31.9427        905     3.7667     2.8170  0.000e+00
     11.272    18.4656   4.273349    31.9424        906     3.7708     2.8159  0.000e+00
     11.311    18.4654   4.273323    31.9424        907     3.7750     2.8149  0.000e+00
     11.345    18.4652   4.273270    31.9420        908     3.7792     2.8138  0.000e+00
