PC2305/sbe094.cnv
* Sea-Bird SBE 19plus V2 Data File:
* FileName = C:\cruise\data\sbe094.hex
* Software Version Seasave V 7.26.7.121
* Temperature SN = 7142
* Conductivity SN = 7142
* System UpLoad Time = Nov 05 2023 06:26:13
** Cruise: PC2205
** Program: ECOMON
# nquan = 8
# nvalues = 1227                                  
# units = specified
# name 0 = depSM: Depth [salt water, m], lat = 40.00
# name 1 = tv290C: Temperature [ITS-90, deg C]
# name 2 = c0S/m: Conductivity [S/m]
# name 3 = sal00: Salinity, Practical [PSU]
# name 4 = scan: Scan Count
# name 5 = timeM: Time, Elapsed [minutes]
# name 6 = sbeox0V: Oxygen raw, SBE 43 [V]
# name 7 = flag:  0.000e+00
# span 0 =      0.308,     49.797                 
# span 1 =    13.3984,    14.8338                 
# span 2 =   0.000054,   3.960095                 
# span 3 =     0.0069,    32.2253                 
# span 4 =         11,       1237                 
# span 5 =     0.0417,     5.1500                 
# span 6 =     2.5273,     2.9513                 
# span 7 = 0.0000e+00, 0.0000e+00                 
# interval = seconds: 0.25
# start_time = Nov 05 2023 06:26:13 [System UTC, header]
# bad_flag = -9.990e-29
*END*
[from data line 540]
     37.250    14.1262   3.899214    32.1479        551     2.2917     2.7651  0.000e+00
     37.273    14.1262   3.899239    32.1482        552     2.2958     2.7671  0.000e+00
     37.295    14.1265   3.899239    32.1479        553     2.3000     2.7660  0.000e+00
     37.317    14.1265   3.899239    32.1479        554     2.3042     2.7664  0.000e+00
     37.327    14.1265   3.899239    32.1479        555     2.3083     2.7658  0.000e+00
     37.324    14.1265   3.899264    32.1482        556     2.3125     2.7659  0.000e+00
     37.299    14.1268   3.899239    32.1477        557     2.3167     2.7651  0.000e+00
     37.245    14.1265   3.899195    32.1475        558     2.3208     2.7655  0.000e+00
     37.175    14.1262   3.899195    32.1478        559     2.3250     2.7644  0.000e+00
     37.095    14.1262   3.899195    32.1478        560     2.3292     2.7632  0.000e+00
     36.997    14.1262   3.899170    32.1477        561     2.3333     2.7620  0.000e+00
     36.878    14.1260   3.899125    32.1474        562     2.3375     2.7623  0.000e+00
     36.749    14.1257   3.899031    32.1469        563     2.3417     2.7630  0.000e+00
     36.601    14.1253   3.898955    32.1465        564     2.3458     2.7636  0.000e+00
     36.456    14.1247   3.898898    32.1466        565     2.3500     2.7638  0.000e+00
     36.299    14.1240   3.898829    32.1466        566     2.3542     2.7639  0.000e+00
     36.148    14.1235   3.898715    32.1461        567     2.3583     2.7650  0.000e+00
     35.994    14.1226   3.898690    32.1466        568     2.3625     2.7661  0.000e+00
     35.857    14.1221   3.898759    32.1477        569     2.3667     2.7680  0.000e+00
     35.730    14.1218   3.898664    32.1471        570     2.3708     2.7684  0.000e+00
     35.620    14.1214   3.898715    32.1479        571     2.3750     2.7686  0.000e+00
     35.521    14.1213   3.898847    32.1493        572     2.3792     2.7677  0.000e+00
     35.433    14.1218   3.898809    32.1486        573     2.3833     2.7673  0.000e+00
     35.367    14.1224   3.898734    32.1474        574     2.3875     2.7674  0.000e+00
     35.311    14.1223   3.899011    32.1501        575     2.3917     2.7674  0.000e+00
     35.268    14.1232   3.898967    32.1490        576     2.3958     2.7678  0.000e+00
     35.226    14.1239   3.898834    32.1471        577     2.4000     2.7666  0.000e+00
     35.198    14.1238   3.898689    32.1459        578     2.4042     2.7651  0.000e+00
     35.163    14.1226   3.898506    32.1452        579     2.4083     2.7642  0.000e+00
     35.135    14.1211   3.898399    32.1455        580     2.4125     2.7622  0.000e+00
     35.099    14.1198   3.898393    32.1466        581     2.4167     2.7626  0.000e+00
     35.065    14.1188   3.898437    32.1478        582     2.4208     2.7616  0.000e+00
     35.029    14.1187   3.898544    32.1489        583     2.4250     2.7632  0.000e+00
     34.993    14.1193   3.898645    32.1494        584     2.4292     2.7617  0.000e+00
     34.953    14.1202   3.899011    32.1519        585     2.4333     2.7624  0.000e+00
     34.915    14.1223   3.899093    32.1510        586     2.4375     2.7616  0.000e+00
     34.874    14.1244   3.899099    32.1493        587     2.4417     2.7623  0.000e+00
     34.829    14.1257   3.898916    32.1465        588     2.4458     2.7639  0.000e+00
     34.775    14.1253   3.898759    32.1454        589     2.4500     2.7620  0.000e+00
     34.719    14.1241   3.898759    32.1465        590     2.4542     2.7617  0.000e+00
     34.657    14.1233   3.898689    32.1465        591     2.4583     2.7611  0.000e+00
     34.586    14.1228   3.898733    32.1474        592     2.4625     2.7606  0.000e+00
     34.507    14.1222   3.898664    32.1473        593     2.4667     2.7608  0.000e+00
     34.425    14.1219   3.898601    32.1470        594     2.4708     2.7618  0.000e+00
     34.328    14.1215   3.898569    32.1471        595     2.4750     2.7619  0.000e+00
     34.229    14.1209   3.898620    32.1481        596     2.4792     2.7619  0.000e+00
     34.123    14.1210   3.898758    32.1493        597     2.4833     2.7621  0.000e+00
     34.010    14.1214   3.898689    32.1483        598     2.4875     2.7642  0.000e+00
     33.898    14.1220   3.898714    32.1482        599     2.4917     2.7655  0.000e+00
     33.774    14.1222   3.898645    32.1474        600     2.4958     2.7657  0.000e+00
     33.657    14.1221   3.898645    32.1475        601     2.5000     2.7655  0.000e+00
     33.544    14.1220   3.898569    32.1470        602     2.5042     2.7655  0.000e+00
     33.434    14.1217   3.898897    32.1503        603     2.5083     2.7653  0.000e+00
     33.327    14.1225   3.898802    32.1488        604     2.5125     2.7647  0.000e+00
     33.222    14.1235   3.898518    32.1454        605     2.5167     2.7652  0.000e+00
     33.133    14.1226   3.898461    32.1456        606     2.5208     2.7645  0.000e+00
     33.050    14.1212   3.898480    32.1470        607     2.5250     2.7640  0.000e+00
     32.978    14.1209   3.898423    32.1467        608     2.5292     2.7652  0.000e+00
     32.924    14.1202   3.898417    32.1473        609     2.5333     2.7642  0.000e+00
     32.876    14.1199   3.898461    32.1480        610     2.5375     2.7635  0.000e+00
     32.843    14.1201   3.898449    32.1477        611     2.5417     2.7630  0.000e+00
     32.822    14.1200   3.898436    32.1477        612     2.5458     2.7624  0.000e+00
     32.809    14.1200   3.898436    32.1477        613     2.5500     2.7630  0.000e+00
     32.798    14.1200   3.898423    32.1476        614     2.5542     2.7636  0.000e+00
     32.787    14.1199   3.898436    32.1477        615     2.5583     2.7622  0.000e+00
     32.773    14.1198   3.898436    32.1479        616     2.5625     2.7618  0.000e+00
     32.748    14.1199   3.898474    32.1482        617     2.5667     2.7621  0.000e+00
     32.719    14.1202   3.898480    32.1479        618     2.5708     2.7626  0.000e+00
     32.676    14.1203   3.898480    32.1479        619     2.5750     2.7619  0.000e+00
     32.620    14.1203   3.898474    32.1478        620     2.5792     2.7629  0.000e+00
     32.554    14.1204   3.898461    32.1477        621     2.5833     2.7625  0.000e+00
     32.473    14.1203   3.898461    32.1478        622     2.5875     2.7635  0.000e+00
     32.387    14.1203   3.898398    32.1472        623     2.5917     2.7635  0.000e+00
     32.290    14.1200   3.898392    32.1475        624     2.5958     2.7636  0.000e+00
     32.189    14.1199   3.898347    32.1472        625     2.6000     2.7633  0.000e+00
     32.081    14.1197   3.898392    32.1478        626     2.6042     2.7639  0.000e+00
     31.971    14.1199   3.898398    32.1477        627     2.6083     2.7639  0.000e+00
     31.858    14.1198   3.898297    32.1469        628     2.6125     2.7642  0.000e+00
     31.745    14.1194   3.898347    32.1478        629     2.6167     2.7649  0.000e+00
     31.626    14.1193   3.898354    32.1480        630     2.6208     2.7657  0.000e+00
     31.510    14.1193   3.898347    32.1479        631     2.6250     2.7657  0.000e+00
     31.398    14.1193   3.898322    32.1477        632     2.6292     2.7658  0.000e+00
     31.289    14.1192   3.898353    32.1482        633     2.6333     2.7667  0.000e+00
     31.188    14.1195   3.898347    32.1479        634     2.6375     2.7668  0.000e+00
     31.091    14.1196   3.898278    32.1473        635     2.6417     2.7677  0.000e+00
     30.997    14.1194   3.898259    32.1472        636     2.6458     2.7674  0.000e+00
     30.920    14.1193   3.898278    32.1476        637     2.6500     2.7661  0.000e+00
     30.850    14.1191   3.898278    32.1477        638     2.6542     2.7657  0.000e+00
     30.794    14.1189   3.898278    32.1479        639     2.6583     2.7665  0.000e+00
     30.753    14.1190   3.898252    32.1477        640     2.6625     2.7674  0.000e+00
     30.724    14.1190   3.898233    32.1474        641     2.6667     2.7670  0.000e+00
     30.701    14.1187   3.898183    32.1472        642     2.6708     2.7681  0.000e+00
     30.690    14.1184   3.898183    32.1475        643     2.6750     2.7681  0.000e+00
     30.679    14.1181   3.898139    32.1473        644     2.6792     2.7680  0.000e+00
     30.672    14.1179   3.898158    32.1477        645     2.6833     2.7683  0.000e+00
     30.660    14.1177   3.898183    32.1481        646     2.6875     2.7684  0.000e+00
     30.634    14.1179   3.898233    32.1484        647     2.6917     2.7677  0.000e+00
     30.604    14.1181   3.898277    32.1487        648     2.6958     2.7666  0.000e+00
     30.557    14.1185   3.898233    32.1479        649     2.7000     2.7653  0.000e+00
     30.498    14.1187   3.898208    32.1475        650     2.7042     2.7644  0.000e+00
     30.424    14.1186   3.898113    32.1468        651     2.7083     2.7638  0.000e+00
     30.338    14.1181   3.898113    32.1473        652     2.7125     2.7647  0.000e+00
     30.232    14.1177   3.898183    32.1483        653     2.7167     2.7648  0.000e+00
     30.126    14.1178   3.898391    32.1501        654     2.7208     2.7652  0.000e+00
     30.014    14.1187   3.898473    32.1502        655     2.7250     2.7655  0.000e+00
     29.899    14.1201   3.898530    32.1496        656     2.7292     2.7665  0.000e+00
     29.788    14.1211   3.898460    32.1481        657     2.7333     2.7668  0.000e+00
     29.680    14.1214   3.898542    32.1487        658     2.7375     2.7674  0.000e+00
     29.583    14.1219   3.898574    32.1486        659     2.7417     2.7674  0.000e+00
     29.493    14.1225   3.898504    32.1475        660     2.7458     2.7675  0.000e+00
     29.416    14.1226   3.898473    32.1472        661     2.7500     2.7680  0.000e+00
     29.348    14.1222   3.898416    32.1470        662     2.7542     2.7691  0.000e+00
     29.279    14.1219   3.898390    32.1471        663     2.7583     2.7689  0.000e+00
     29.216    14.1214   3.898327    32.1469        664     2.7625     2.7681  0.000e+00
     29.155    14.1211   3.898346    32.1474        665     2.7667     2.7683  0.000e+00
     29.094    14.1208   3.898390    32.1480        666     2.7708     2.7686  0.000e+00
     29.031    14.1209   3.898567    32.1496        667     2.7750     2.7687  0.000e+00
     28.967    14.1216   3.898479    32.1482        668     2.7792     2.7666  0.000e+00
     28.900    14.1220   3.898529    32.1484        669     2.7833     2.7657  0.000e+00
     28.830    14.1221   3.898662    32.1495        670     2.7875     2.7657  0.000e+00
     28.762    14.1229   3.898617    32.1485        671     2.7917     2.7650  0.000e+00
     28.683    14.1235   3.898617    32.1480        672     2.7958     2.7650  0.000e+00
     28.604    14.1239   3.898636    32.1479        673     2.8000     2.7661  0.000e+00
     28.524    14.1243   3.898662    32.1478        674     2.8042     2.7675  0.000e+00
     28.442    14.1244   3.898573    32.1470        675     2.8083     2.7673  0.000e+00
     28.363    14.1241   3.898542    32.1469        676     2.8125     2.7680  0.000e+00
     28.276    14.1238   3.898573    32.1475        677     2.8167     2.7674  0.000e+00
     28.190    14.1235   3.898529    32.1474        678     2.8208     2.7681  0.000e+00
     28.109    14.1235   3.898346    32.1458        679     2.8250     2.7674  0.000e+00
     28.023    14.1226   3.898207    32.1452        680     2.8292     2.7683  0.000e+00
     27.953    14.1214   3.898207    32.1463        681     2.8333     2.7673  0.000e+00
     27.879    14.1205   3.898276    32.1477        682     2.8375     2.7676  0.000e+00
     27.822    14.1204   3.898257    32.1477        683     2.8417     2.7655  0.000e+00
     27.770    14.1202   3.898182    32.1472        684     2.8458     2.7646  0.000e+00
     27.725    14.1199   3.898207    32.1477        685     2.8500     2.7641  0.000e+00
     27.683    14.1197   3.898232    32.1480        686     2.8542     2.7638  0.000e+00
     27.635    14.1198   3.898251    32.1482        687     2.8583     2.7642  0.000e+00
     27.588    14.1200   3.898232    32.1478        688     2.8625     2.7630  0.000e+00
     27.529    14.1200   3.898232    32.1479        689     2.8667     2.7636  0.000e+00
     27.462    14.1201   3.898276    32.1482        690     2.8708     2.7619  0.000e+00
     27.380    14.1202   3.898207    32.1475        691     2.8750     2.7632  0.000e+00
     27.292    14.1203   3.898232    32.1477        692     2.8792     2.7635  0.000e+00
     27.194    14.1202   3.898251    32.1480        693     2.8833     2.7640  0.000e+00
     27.096    14.1202   3.898251    32.1480        694     2.8875     2.7649  0.000e+00
     26.990    14.1202   3.898276    32.1483        695     2.8917     2.7649  0.000e+00
     26.889    14.1205   3.898276    32.1481        696     2.8958     2.7657  0.000e+00
     26.797    14.1206   3.898345    32.1487        697     2.9000     2.7665  0.000e+00
     26.704    14.1209   3.898352    32.1485        698     2.9042     2.7687  0.000e+00
     26.621    14.1214   3.898478    32.1493        699     2.9083     2.7679  0.000e+00
     26.547    14.1223   3.898598    32.1497        700     2.9125     2.7678  0.000e+00
     26.481    14.1232   3.898591    32.1489        701     2.9167     2.7661  0.000e+00
     26.422    14.1238   3.898617    32.1486        702     2.9208     2.7658  0.000e+00
     26.364    14.1244   3.898547    32.1475        703     2.9250     2.7623  0.000e+00
     26.310    14.1244   3.898459    32.1468        704     2.9292     2.7608  0.000e+00
     26.253    14.1241   3.898446    32.1469        705     2.9333     2.7607  0.000e+00
     26.199    14.1238   3.898478    32.1474        706     2.9375     2.7597  0.000e+00
     26.147    14.1236   3.898503    32.1479        707     2.9417     2.7605  0.000e+00
     26.091    14.1235   3.898471    32.1477        708     2.9458     2.7598  0.000e+00
     26.041    14.1234   3.898345    32.1467        709     2.9500     2.7598  0.000e+00
     25.992    14.1229   3.898112    32.1449        710     2.9542     2.7607  0.000e+00
     25.945    14.1215   3.898061    32.1456        711     2.9583     2.7620  0.000e+00
     25.900    14.1200   3.897910    32.1455        712     2.9625     2.7629  0.000e+00
     25.857    14.1188   3.898023    32.1476        713     2.9667     2.7638  0.000e+00
     25.816    14.1184   3.898156    32.1491        714     2.9708     2.7642  0.000e+00
     25.771    14.1187   3.898112    32.1485        715     2.9750     2.7639  0.000e+00
     25.726    14.1194   3.898137    32.1482        716     2.9792     2.7635  0.000e+00
     25.679    14.1197   3.898206    32.1486        717     2.9833     2.7627  0.000e+00
     25.629    14.1201   3.898181    32.1481        718     2.9875     2.7640  0.000e+00
     25.572    14.1204   3.898364    32.1495        719     2.9917     2.7654  0.000e+00
     25.509    14.1211   3.898301    32.1483        720     2.9958     2.7661  0.000e+00
     25.435    14.1217   3.898181    32.1468        721     3.0000     2.7671  0.000e+00
     25.361    14.1214   3.898023    32.1456        722     3.0042     2.7671  0.000e+00
     25.279    14.1206   3.898061    32.1467        723     3.0083     2.7675  0.000e+00
     25.187    14.1200   3.898067    32.1472        724     3.0125     2.7684  0.000e+00
     25.086    14.1196   3.898023    32.1473        725     3.0167     2.7689  0.000e+00
     24.988    14.1195   3.897966    32.1468        726     3.0208     2.7697  0.000e+00
     24.883    14.1192   3.897682    32.1445        727     3.0250     2.7691  0.000e+00
     24.783    14.1179   3.897518    32.1441        728     3.0292     2.7691  0.000e+00
     24.682    14.1162   3.897606    32.1464        729     3.0333     2.7684  0.000e+00
