PC2305/sbe047.cnv
* Sea-Bird SBE 19plus V2 Data File:
* FileName = C:\cruise\data\sbe047.hex
* Software Version Seasave V 7.26.7.121
* Temperature SN = 7142
* Conductivity SN = 7142
* System UpLoad Time = Oct 31 2023 14:38:19
** Cruise: PC2205
** Program: ECOMON
# nquan = 8
# nvalues = 1043                                  
# units = specified
# name 0 = depSM: Depth [salt water, m], lat = 40.00
# name 1 = tv290C: Temperature [ITS-90, deg C]
# name 2 = c0S/m: Conductivity [S/m]
# name 3 = sal00: Salinity, Practical [PSU]
# name 4 = scan: Scan Count
# name 5 = timeM: Time, Elapsed [minutes]
# name 6 = sbeox0V: Oxygen raw, SBE 43 [V]
# name 7 = flag:  0.000e+00
# span 0 =     -0.072,     39.799                 
# span 1 =    17.7098,    22.6671                 
# span 2 =   0.000031,   5.130518                 
# span 3 =     0.0090,    35.7155                 
# span 4 =         11,       1053                 
# span 5 =     0.0417,     4.3833                 
# span 6 =     2.3062,     3.0565                 
# span 7 = 0.0000e+00, 0.0000e+00                 
# interval = seconds: 0.25
# start_time = Oct 31 2023 14:38:19 [System UTC, header]
# bad_flag = -9.990e-29
*END*
[from data line 899]
      9.385    19.9665   4.432848    32.0995        910     3.7875     2.8316  0.000e+00
      9.366    19.9662   4.432768    32.0992        911     3.7917     2.8322  0.000e+00
      9.330    19.9655   4.432721    32.0993        912     3.7958     2.8348  0.000e+00
      9.274    19.9641   4.432748    32.1006        913     3.8000     2.8363  0.000e+00
      9.204    19.9626   4.432748    32.1018        914     3.8042     2.8365  0.000e+00
      9.121    19.9618   4.432795    32.1028        915     3.8083     2.8386  0.000e+00
      9.040    19.9620   4.432795    32.1027        916     3.8125     2.8387  0.000e+00
      8.963    19.9623   4.432848    32.1029        917     3.8167     2.8396  0.000e+00
      8.889    19.9627   4.432821    32.1024        918     3.8208     2.8396  0.000e+00
      8.832    19.9624   4.432768    32.1022        919     3.8250     2.8397  0.000e+00
      8.774    19.9620   4.432721    32.1021        920     3.8292     2.8399  0.000e+00
      8.726    19.9616   4.432768    32.1029        921     3.8333     2.8392  0.000e+00
      8.676    19.9613   4.431796    32.0952        922     3.8375     2.8372  0.000e+00
      8.615    19.9613   4.432768    32.1031        923     3.8417     2.8342  0.000e+00
      8.546    19.9611   4.432695    32.1027        924     3.8458     2.8329  0.000e+00
      8.469    19.9609   4.432721    32.1031        925     3.8500     2.8326  0.000e+00
      8.383    19.9616   4.432721    32.1026        926     3.8542     2.8320  0.000e+00
      8.287    19.9625   4.432794    32.1025        927     3.8583     2.8332  0.000e+00
      8.180    19.9630   4.432794    32.1022        928     3.8625     2.8342  0.000e+00
      8.070    19.9628   4.432794    32.1024        929     3.8667     2.8350  0.000e+00
      7.935    19.9630   4.432767    32.1021        930     3.8708     2.8349  0.000e+00
      7.777    19.9637   4.432694    32.1010        931     3.8750     2.8354  0.000e+00
      7.599    19.9639   4.432588    32.1000        932     3.8792     2.8364  0.000e+00
      7.421    19.9640   4.432614    32.1002        933     3.8833     2.8376  0.000e+00
      7.256    19.9640   4.432721    32.1012        934     3.8875     2.8382  0.000e+00
      7.100    19.9637   4.432767    32.1018        935     3.8917     2.8383  0.000e+00
      6.981    19.9636   4.432820    32.1023        936     3.8958     2.8392  0.000e+00
      6.897    19.9631   4.432820    32.1027        937     3.9000     2.8381  0.000e+00
      6.857    19.9625   4.432820    32.1032        938     3.9042     2.8380  0.000e+00
      6.843    19.9620   4.432847    32.1038        939     3.9083     2.8370  0.000e+00
      6.839    19.9620   4.432973    32.1049        940     3.9125     2.8379  0.000e+00
      6.841    19.9623   4.433066    32.1053        941     3.9167     2.8379  0.000e+00
      6.843    19.9628   4.433180    32.1059        942     3.9208     2.8378  0.000e+00
      6.844    19.9632   4.433206    32.1058        943     3.9250     2.8373  0.000e+00
      6.846    19.9638   4.433180    32.1051        944     3.9292     2.8376  0.000e+00
      6.823    19.9641   4.433153    32.1047        945     3.9333     2.8373  0.000e+00
      6.787    19.9643   4.433206    32.1050        946     3.9375     2.8392  0.000e+00
      6.699    19.9644   4.433179    32.1047        947     3.9417     2.8377  0.000e+00
      6.575    19.9647   4.433206    32.1048        948     3.9458     2.8369  0.000e+00
      6.417    19.9648   4.433153    32.1043        949     3.9500     2.8376  0.000e+00
      6.251    19.9650   4.433179    32.1044        950     3.9542     2.8359  0.000e+00
      6.072    19.9651   4.433206    32.1046        951     3.9583     2.8335  0.000e+00
      5.901    19.9652   4.433206    32.1046        952     3.9625     2.8312  0.000e+00
      5.784    19.9654   4.433252    32.1048        953     3.9667     2.8289  0.000e+00
      5.694    19.9655   4.433252    32.1048        954     3.9708     2.8311  0.000e+00
      5.635    19.9658   4.433305    32.1050        955     3.9750     2.8316  0.000e+00
      5.587    19.9661   4.433279    32.1046        956     3.9792     2.8310  0.000e+00
      5.545    19.9661   4.433226    32.1042        957     3.9833     2.8322  0.000e+00
      5.502    19.9660   4.433305    32.1049        958     3.9875     2.8350  0.000e+00
      5.459    19.9661   4.433052    32.1028        959     3.9917     2.8361  0.000e+00
      5.416    19.9654   4.433026    32.1031        960     3.9958     2.8361  0.000e+00
      5.360    19.9648   4.433052    32.1038        961     4.0000     2.8351  0.000e+00
      5.306    19.9647   4.433052    32.1039        962     4.0042     2.8356  0.000e+00
      5.233    19.9647   4.433099    32.1043        963     4.0083     2.8358  0.000e+00
      5.139    19.9647   4.433099    32.1044        964     4.0125     2.8345  0.000e+00
      5.031    19.9649   4.433052    32.1039        965     4.0167     2.8313  0.000e+00
      4.898    19.9651   4.433079    32.1040        966     4.0208     2.8293  0.000e+00
      4.772    19.9650   4.433305    32.1060        967     4.0250     2.8335  0.000e+00
      4.636    19.9652   4.433179    32.1048        968     4.0292     2.8342  0.000e+00
      4.507    19.9658   4.433205    32.1046        969     4.0333     2.8339  0.000e+00
      4.390    19.9661   4.433791    32.1092        970     4.0375     2.8353  0.000e+00
      4.311    19.9670   4.433844    32.1089        971     4.0417     2.8364  0.000e+00
      4.250    19.9678   4.433178    32.1029        972     4.0458     2.8384  0.000e+00
      4.214    19.9676   4.433604    32.1065        973     4.0500     2.8385  0.000e+00
      4.187    19.9674   4.433944    32.1094        974     4.0542     2.8394  0.000e+00
      4.162    19.9682   4.433458    32.1050        975     4.0583     2.8390  0.000e+00
      4.135    19.9683   4.433305    32.1036        976     4.0625     2.8386  0.000e+00
      4.120    19.9679   4.433205    32.1031        977     4.0667     2.8384  0.000e+00
      4.075    19.9674   4.433232    32.1037        978     4.0708     2.8382  0.000e+00
      4.021    19.9674   4.433178    32.1033        979     4.0750     2.8377  0.000e+00
      3.935    19.9674   4.433231    32.1038        980     4.0792     2.8342  0.000e+00
      3.750    19.9677   4.433278    32.1040        981     4.0833     2.8342  0.000e+00
      3.513    19.9676   4.433205    32.1035        982     4.0875     2.8348  0.000e+00
      3.295    19.9673   4.433052    32.1027        983     4.0917     2.8340  0.000e+00
      3.119    19.9662   4.433098    32.1039        984     4.0958     2.8342  0.000e+00
      2.970    19.9654   4.433178    32.1052        985     4.1000     2.8356  0.000e+00
      2.875    19.9656   4.433231    32.1055        986     4.1042     2.8376  0.000e+00
      2.839    19.9656   4.433357    32.1065        987     4.1083     2.8401  0.000e+00
      2.855    19.9659   4.433384    32.1065        988     4.1125     2.8386  0.000e+00
      2.889    19.9665   4.433231    32.1048        989     4.1167     2.8361  0.000e+00
      2.932    19.9658   4.433251    32.1055        990     4.1208     2.8334  0.000e+00
      2.975    19.9646   4.433251    32.1064        991     4.1250     2.8326  0.000e+00
      3.029    19.9641   4.433331    32.1074        992     4.1292     2.8322  0.000e+00
      3.073    19.9643   4.433457    32.1082        993     4.1333     2.8325  0.000e+00
      3.055    19.9648   4.433817    32.1108        994     4.1375     2.8332  0.000e+00
      2.947    19.9658   4.434176    32.1130        995     4.1417     2.8333  0.000e+00
      2.753    19.9675   4.434123    32.1113        996     4.1458     2.8335  0.000e+00
      2.568    19.9687   4.434049    32.1099        997     4.1500     2.8332  0.000e+00
      2.400    19.9692   4.433996    32.1091        998     4.1542     2.8328  0.000e+00
      2.266    19.9692   4.433763    32.1073        999     4.1583     2.8309  0.000e+00
      2.178    19.9685   4.433690    32.1072       1000     4.1625     2.8302  0.000e+00
      2.136    19.9681   4.433690    32.1076       1001     4.1667     2.8309  0.000e+00
      2.126    19.9680   4.433690    32.1077       1002     4.1708     2.8311  0.000e+00
      2.160    19.9679   4.433663    32.1075       1003     4.1750     2.8329  0.000e+00
      2.192    19.9678   4.433663    32.1076       1004     4.1792     2.8323  0.000e+00
      2.217    19.9676   4.433763    32.1085       1005     4.1833     2.8342  0.000e+00
      2.246    19.9674   4.433630    32.1075       1006     4.1875     2.8346  0.000e+00
      2.255    19.9669   4.433717    32.1087       1007     4.1917     2.8327  0.000e+00
      2.208    19.9666   4.433943    32.1107       1008     4.1958     2.8322  0.000e+00
      2.102    19.9671   4.433816    32.1094       1009     4.2000     2.8330  0.000e+00
      2.009    19.9672   4.433996    32.1108       1010     4.2042     2.8317  0.000e+00
      1.924    19.9673   4.434176    32.1122       1011     4.2083     2.8295  0.000e+00
      1.849    19.9678   4.434581    32.1151       1012     4.2125     2.8308  0.000e+00
      1.723    19.9694   4.434408    32.1126       1013     4.2167     2.8320  0.000e+00
      1.590    19.9701   4.433996    32.1087       1014     4.2208     2.8351  0.000e+00
      1.459    19.9694   4.434249    32.1114       1015     4.2250     2.8354  0.000e+00
      1.338    19.9692   4.433636    32.1066       1016     4.2292     2.8367  0.000e+00
      1.232    19.9683   4.433743    32.1082       1017     4.2333     2.8374  0.000e+00
      1.187    19.9679   4.433816    32.1091       1018     4.2375     2.8371  0.000e+00
      1.173    19.9681   4.433789    32.1087       1019     4.2417     2.8351  0.000e+00
      1.178    19.9681   4.433689    32.1079       1020     4.2458     2.8342  0.000e+00
      1.211    19.9680   4.433636    32.1075       1021     4.2500     2.8338  0.000e+00
      1.249    19.9677   4.433610    32.1075       1022     4.2542     2.8332  0.000e+00
      1.311    19.9675   4.433683    32.1082       1023     4.2583     2.8308  0.000e+00
      1.398    19.9677   4.433743    32.1085       1024     4.2625     2.8312  0.000e+00
      1.497    19.9675   4.433789    32.1090       1025     4.2667     2.8331  0.000e+00
      1.568    19.9675   4.433816    32.1092       1026     4.2708     2.8319  0.000e+00
      1.594    19.9673   4.433896    32.1100       1027     4.2750     2.8338  0.000e+00
      1.581    19.9676   4.433843    32.1094       1028     4.2792     2.8369  0.000e+00
      1.412    19.9680   4.433843    32.1091       1029     4.2833     2.8363  0.000e+00
      1.053    19.9678   4.433583    32.1073       1030     4.2875     2.8365  0.000e+00
      0.681    19.9669   4.433636    32.1085       1031     4.2917     2.8350  0.000e+00
      0.395    19.9666   4.433456    32.1074       1032     4.2958     2.8342  0.000e+00
      0.280    19.9656   4.433123    32.1055       1033     4.3000     2.8336  0.000e+00
      0.321    19.9632   4.433024    32.1065       1034     4.3042     2.8346  0.000e+00
      0.472    19.9609   4.432997    32.1080       1035     4.3083     2.8350  0.000e+00
      0.600    19.9591   4.432997    32.1093       1036     4.3125     2.8344  0.000e+00
      0.690    19.9582   4.433303    32.1125       1037     4.3167     2.8320  0.000e+00
      0.763    19.9590   4.433330    32.1120       1038     4.3208     2.8290  0.000e+00
      0.853    19.9602   4.433330    32.1111       1039     4.3250     2.8276  0.000e+00
      0.846    19.9611   4.433656    32.1130       1040     4.3292     2.8294  0.000e+00
      0.702    19.9622   4.433689    32.1125       1041     4.3333     2.8314  0.000e+00
      0.330    19.9635   4.431720    32.0957       1042     4.3375     2.8320  0.000e+00
      0.104    19.9672   4.415179    31.9592       1043     4.3417     2.8335  0.000e+00
      0.010    19.9750   4.421578    32.0050       1044     4.3458     2.8316  0.000e+00
      0.100    19.9773   4.430282    32.0736       1045     4.3500     2.8326  0.000e+00
      0.327    19.9721   4.433536    32.1039       1046     4.3542     2.8322  0.000e+00
      0.488    19.9670   4.433509    32.1075       1047     4.3583     2.8294  0.000e+00
      0.555    19.9649   4.426119    32.0493       1048     4.3625     2.8296  0.000e+00
      0.350    19.9646   4.395880    31.8050       1049     4.3667     2.8316  0.000e+00
     -0.029    19.9642   2.310612    15.6364       1050     4.3708     2.8340  0.000e+00
     -0.072    19.9560   0.875672     5.4663       1051     4.3750     2.8340  0.000e+00
     -0.070    19.9130   0.679188     4.1666       1052     4.3792     2.8353  0.000e+00
     -0.067    19.8389   0.838304     5.2305       1053     4.3833     2.8428  0.000e+00
