PC2305/sbe040.cnv
* Sea-Bird SBE 19plus V2 Data File:
* FileName = C:\cruise\data\sbe040.hex
* Software Version Seasave V 7.26.7.121
* Temperature SN = 7142
* Conductivity SN = 7142
* System UpLoad Time = Oct 30 2023 17:24:42
** Cruise: PC2205
** Program: ECOMON
# nquan = 8
# nvalues = 1405                                  
# units = specified
# name 0 = depSM: Depth [salt water, m], lat = 40.00
# name 1 = tv290C: Temperature [ITS-90, deg C]
# name 2 = c0S/m: Conductivity [S/m]
# name 3 = sal00: Salinity, Practical [PSU]
# name 4 = scan: Scan Count
# name 5 = timeM: Time, Elapsed [minutes]
# name 6 = sbeox0V: Oxygen raw, SBE 43 [V]
# name 7 = flag:  0.000e+00
# span 0 =     -0.129,     48.308                 
# span 1 =    17.3970,    19.4556                 
# span 2 =   0.000031,   4.494165                 
# span 3 =     0.0097,    33.8378                 
# span 4 =         11,       1415                 
# span 5 =     0.0417,     5.8917                 
# span 6 =     2.3009,     3.0170                 
# span 7 = 0.0000e+00, 0.0000e+00                 
# interval = seconds: 0.25
# start_time = Oct 30 2023 17:24:42 [System UTC, header]
# bad_flag = -9.990e-29
*END*
[from data line 1259]
      5.692    18.4930   4.409684    33.0633       1270     5.2875     2.9846  0.000e+00
      5.650    18.4968   4.410215    33.0647       1271     5.2917     2.9856  0.000e+00
      5.609    18.5014   4.410142    33.0604       1272     5.2958     2.9871  0.000e+00
      5.546    18.5043   4.410467    33.0609       1273     5.3000     2.9879  0.000e+00
      5.476    18.5079   4.410128    33.0551       1274     5.3042     2.9885  0.000e+00
      5.399    18.5090   4.411005    33.0616       1275     5.3083     2.9899  0.000e+00
      5.330    18.5128   4.412227    33.0689       1276     5.3125     2.9897  0.000e+00
      5.264    18.5236   4.413342    33.0696       1277     5.3167     2.9900  0.000e+00
      5.215    18.5373   4.412990    33.0556       1278     5.3208     2.9890  0.000e+00
      5.176    18.5449   4.412864    33.0485       1279     5.3250     2.9878  0.000e+00
      5.156    18.5480   4.412837    33.0458       1280     5.3292     2.9875  0.000e+00
      5.138    18.5483   4.412784    33.0451       1281     5.3333     2.9868  0.000e+00
      5.126    18.5458   4.411841    33.0392       1282     5.3375     2.9848  0.000e+00
      5.117    18.5422   4.411004    33.0350       1283     5.3417     2.9846  0.000e+00
      5.095    18.5333   4.410599    33.0388       1284     5.3458     2.9830  0.000e+00
      5.066    18.5244   4.410420    33.0445       1285     5.3500     2.9826  0.000e+00
      5.020    18.5178   4.409936    33.0457       1286     5.3542     2.9827  0.000e+00
      4.949    18.5117   4.409883    33.0503       1287     5.3583     2.9837  0.000e+00
      4.870    18.5074   4.411715    33.0691       1288     5.3625     2.9858  0.000e+00
      4.772    18.5144   4.415508    33.0952       1289     5.3667     2.9855  0.000e+00
      4.683    18.5409   4.414717    33.0674       1290     5.3708     2.9852  0.000e+00
      4.579    18.5603   4.418895    33.0868       1291     5.3750     2.9855  0.000e+00
      4.471    18.5915   4.419812    33.0695       1292     5.3792     2.9858  0.000e+00
      4.371    18.6218   4.420749    33.0530       1293     5.3833     2.9879  0.000e+00
      4.276    18.6429   4.420376    33.0331       1294     5.3875     2.9900  0.000e+00
      4.200    18.6542   4.420961    33.0289       1295     5.3917     2.9926  0.000e+00
      4.150    18.6624   4.421187    33.0243       1296     5.3958     2.9932  0.000e+00
      4.126    18.6682   4.421140    33.0193       1297     5.4000     2.9941  0.000e+00
      4.130    18.6721   4.421087    33.0157       1298     5.4042     2.9939  0.000e+00
      4.157    18.6734   4.421113    33.0149       1299     5.4083     2.9940  0.000e+00
      4.204    18.6739   4.421060    33.0140       1300     5.4125     2.9921  0.000e+00
      4.261    18.6739   4.421166    33.0149       1301     5.4167     2.9898  0.000e+00
      4.321    18.6738   4.421266    33.0158       1302     5.4208     2.9895  0.000e+00
      4.376    18.6744   4.421472    33.0170       1303     5.4250     2.9890  0.000e+00
      4.418    18.6759   4.421545    33.0164       1304     5.4292     2.9887  0.000e+00
      4.446    18.6774   4.421034    33.0109       1305     5.4333     2.9881  0.000e+00
      4.434    18.6759   4.419917    33.0028       1306     5.4375     2.9861  0.000e+00
      4.405    18.6681   4.420602    33.0148       1307     5.4417     2.9861  0.000e+00
      4.349    18.6642   4.420755    33.0191       1308     5.4458     2.9863  0.000e+00
      4.261    18.6651   4.422722    33.0349       1309     5.4500     2.9865  0.000e+00
      4.132    18.6761   4.424504    33.0410       1310     5.4542     2.9861  0.000e+00
      3.977    18.6975   4.424836    33.0267       1311     5.4583     2.9861  0.000e+00
      3.816    18.7135   4.424456    33.0108       1312     5.4625     2.9884  0.000e+00
      3.666    18.7205   4.423692    32.9989       1313     5.4667     2.9899  0.000e+00
      3.560    18.7187   4.424170    33.0044       1314     5.4708     2.9913  0.000e+00
      3.490    18.7177   4.424403    33.0072       1315     5.4750     2.9912  0.000e+00
      3.451    18.7198   4.424396    33.0055       1316     5.4792     2.9919  0.000e+00
      3.447    18.7209   4.424456    33.0051       1317     5.4833     2.9906  0.000e+00
      3.474    18.7221   4.424124    33.0013       1318     5.4875     2.9878  0.000e+00
      3.503    18.7212   4.423765    32.9990       1319     5.4917     2.9862  0.000e+00
      3.542    18.7185   4.423692    33.0005       1320     5.4958     2.9850  0.000e+00
      3.569    18.7162   4.424170    33.0064       1321     5.5000     2.9847  0.000e+00
      3.584    18.7165   4.424636    33.0100       1322     5.5042     2.9833  0.000e+00
      3.580    18.7201   4.424682    33.0075       1323     5.5083     2.9840  0.000e+00
      3.557    18.7230   4.423791    32.9978       1324     5.5125     2.9846  0.000e+00
      3.508    18.7201   4.424862    33.0091       1325     5.5167     2.9845  0.000e+00
      3.449    18.7204   4.425274    33.0123       1326     5.5208     2.9849  0.000e+00
      3.366    18.7272   4.425320    33.0073       1327     5.5250     2.9882  0.000e+00
      3.278    18.7308   4.425732    33.0079       1328     5.5292     2.9894  0.000e+00
      3.185    18.7356   4.425446    33.0017       1329     5.5333     2.9886  0.000e+00
      3.079    18.7372   4.424609    32.9935       1330     5.5375     2.9892  0.000e+00
      2.969    18.7326   4.423485    32.9878       1331     5.5417     2.9886  0.000e+00
      2.878    18.7232   4.425167    33.0094       1332     5.5458     2.9890  0.000e+00
      2.798    18.7247   4.425320    33.0095       1333     5.5500     2.9903  0.000e+00
      2.741    18.7292   4.425426    33.0068       1334     5.5542     2.9902  0.000e+00
      2.719    18.7333   4.425446    33.0036       1335     5.5583     2.9906  0.000e+00
      2.721    18.7358   4.425499    33.0021       1336     5.5625     2.9916  0.000e+00
      2.734    18.7373   4.425579    33.0015       1337     5.5667     2.9915  0.000e+00
      2.763    18.7382   4.425579    33.0008       1338     5.5708     2.9909  0.000e+00
      2.793    18.7387   4.425320    32.9983       1339     5.5750     2.9911  0.000e+00
      2.824    18.7381   4.424828    32.9946       1340     5.5792     2.9885  0.000e+00
      2.831    18.7347   4.424323    32.9931       1341     5.5833     2.9878  0.000e+00
      2.818    18.7295   4.423711    32.9922       1342     5.5875     2.9875  0.000e+00
      2.773    18.7225   4.423638    32.9972       1343     5.5917     2.9868  0.000e+00
      2.703    18.7168   4.423844    33.0035       1344     5.5958     2.9882  0.000e+00
      2.604    18.7156   4.424888    33.0132       1345     5.6000     2.9872  0.000e+00
      2.495    18.7202   4.424988    33.0104       1346     5.6042     2.9878  0.000e+00
      2.387    18.7263   4.424608    33.0024       1347     5.6083     2.9871  0.000e+00
      2.277    18.7282   4.424708    33.0018       1348     5.6125     2.9865  0.000e+00
      2.180    18.7289   4.424681    33.0010       1349     5.6167     2.9842  0.000e+00
      2.105    18.7293   4.424655    33.0005       1350     5.6208     2.9834  0.000e+00
      2.053    18.7297   4.424482    32.9987       1351     5.6250     2.9829  0.000e+00
      2.046    18.7284   4.424482    32.9998       1352     5.6292     2.9836  0.000e+00
      2.060    18.7271   4.424482    33.0008       1353     5.6333     2.9845  0.000e+00
      2.099    18.7267   4.424429    33.0007       1354     5.6375     2.9853  0.000e+00
      2.135    18.7266   4.424376    33.0003       1355     5.6417     2.9853  0.000e+00
      2.184    18.7263   4.424502    33.0016       1356     5.6458     2.9843  0.000e+00
      2.218    18.7261   4.424582    33.0023       1357     5.6500     2.9830  0.000e+00
      2.249    18.7268   4.424608    33.0021       1358     5.6542     2.9823  0.000e+00
      2.250    18.7271   4.424150    32.9980       1359     5.6583     2.9812  0.000e+00
      2.220    18.7253   4.424150    32.9994       1360     5.6625     2.9811  0.000e+00
      2.162    18.7222   4.425759    33.0153       1361     5.6667     2.9820  0.000e+00
      2.089    18.7300   4.425885    33.0102       1362     5.6708     2.9836  0.000e+00
      2.004    18.7376   4.425832    33.0037       1363     5.6750     2.9863  0.000e+00
      1.887    18.7415   4.425599    32.9987       1364     5.6792     2.9883  0.000e+00
      1.735    18.7426   4.425625    32.9981       1365     5.6833     2.9892  0.000e+00
      1.564    18.7422   4.425599    32.9983       1366     5.6875     2.9882  0.000e+00
      1.338    18.7420   4.425625    32.9987       1367     5.6917     2.9905  0.000e+00
      1.151    18.7421   4.425652    32.9989       1368     5.6958     2.9910  0.000e+00
      1.028    18.7431   4.425705    32.9986       1369     5.7000     2.9906  0.000e+00
      1.007    18.7438   4.425625    32.9974       1370     5.7042     2.9899  0.000e+00
      1.081    18.7437   4.425652    32.9976       1371     5.7083     2.9891  0.000e+00
      1.199    18.7436   4.425625    32.9974       1372     5.7125     2.9876  0.000e+00
      1.325    18.7435   4.425625    32.9975       1373     5.7167     2.9851  0.000e+00
      1.435    18.7432   4.425625    32.9977       1374     5.7208     2.9842  0.000e+00
      1.515    18.7434   4.425625    32.9975       1375     5.7250     2.9840  0.000e+00
      1.593    18.7434   4.425599    32.9973       1376     5.7292     2.9835  0.000e+00
      1.659    18.7431   4.425599    32.9975       1377     5.7333     2.9830  0.000e+00
      1.663    18.7429   4.425552    32.9973       1378     5.7375     2.9845  0.000e+00
      1.533    18.7424   4.425067    32.9936       1379     5.7417     2.9844  0.000e+00
      1.357    18.7395   4.425166    32.9968       1380     5.7458     2.9865  0.000e+00
      1.183    18.7377   4.424987    32.9969       1381     5.7500     2.9856  0.000e+00
      1.023    18.7365   4.424914    32.9973       1382     5.7542     2.9849  0.000e+00
      0.912    18.7352   4.425120    33.0000       1383     5.7583     2.9872  0.000e+00
      0.833    18.7345   4.423737    32.9891       1384     5.7625     2.9877  0.000e+00
      0.791    18.7280   4.423890    32.9956       1385     5.7667     2.9887  0.000e+00
      0.736    18.7220   4.424654    33.0068       1386     5.7708     2.9887  0.000e+00
      0.646    18.7238   4.424681    33.0056       1387     5.7750     2.9876  0.000e+00
      0.561    18.7267   4.425578    33.0108       1388     5.7792     2.9874  0.000e+00
      0.516    18.7322   4.426396    33.0133       1389     5.7833     2.9870  0.000e+00
      0.520    18.7415   4.426323    33.0052       1390     5.7875     2.9865  0.000e+00
      0.572    18.7479   4.426263    32.9995       1391     5.7917     2.9845  0.000e+00
      0.644    18.7507   4.426037    32.9954       1392     5.7958     2.9839  0.000e+00
      0.689    18.7509   4.425778    32.9931       1393     5.8000     2.9843  0.000e+00
      0.719    18.7493   4.425651    32.9933       1394     5.8042     2.9836  0.000e+00
      0.781    18.7468   4.425651    32.9953       1395     5.8083     2.9845  0.000e+00
      0.842    18.7452   4.425598    32.9961       1396     5.8125     2.9836  0.000e+00
      0.851    18.7441   4.425705    32.9979       1397     5.8167     2.9840  0.000e+00
      0.797    18.7441   4.426010    33.0004       1398     5.8208     2.9833  0.000e+00
      0.761    18.7457   4.425857    32.9978       1399     5.8250     2.9832  0.000e+00
      0.718    18.7467   4.425399    32.9933       1400     5.8292     2.9828  0.000e+00
      0.703    18.7443   4.425425    32.9954       1401     5.8333     2.9830  0.000e+00
      0.732    18.7419   4.425598    32.9988       1402     5.8375     2.9839  0.000e+00
      0.723    18.7418   4.425784    33.0004       1403     5.8417     2.9853  0.000e+00
      0.631    18.7434   4.425911    33.0002       1404     5.8458     2.9866  0.000e+00
      0.497    18.7454   4.425931    32.9988       1405     5.8500     2.9867  0.000e+00
      0.376    18.7469   4.426137    32.9994       1406     5.8542     2.9861  0.000e+00
      0.322    18.7483   4.426416    33.0006       1407     5.8583     2.9865  0.000e+00
      0.322    18.7506   4.427107    33.0046       1408     5.8625     2.9871  0.000e+00
      0.258    18.7550   4.427081    33.0008       1409     5.8667     2.9886  0.000e+00
      0.103    18.7593   4.427081    32.9974       1410     5.8708     2.9900  0.000e+00
     -0.024    18.7621   4.427081    32.9952       1411     5.8750     2.9910  0.000e+00
     -0.042    18.7640   4.427160    32.9944       1412     5.8792     2.9918  0.000e+00
     -0.066    18.7654   4.427187    32.9935       1413     5.8833     2.9918  0.000e+00
     -0.091    18.7676   4.427160    32.9916       1414     5.8875     2.9905  0.000e+00
     -0.014    18.7677   4.427080    32.9908       1415     5.8917     2.9894  0.000e+00
