PC2305/sbe017.cnv
* Sea-Bird SBE 19plus V2 Data File:
* FileName = C:\cruise\data\sbe017.hex
* Software Version Seasave V 7.26.7.121
* Temperature SN = 7142
* Conductivity SN = 7142
* System UpLoad Time = Oct 28 2023 20:50:50
** Cruise: PC2205
** Program: ECOMON
# nquan = 8
# nvalues = 2400                                  
# units = specified
# name 0 = depSM: Depth [salt water, m], lat = 40.00
# name 1 = tv290C: Temperature [ITS-90, deg C]
# name 2 = c0S/m: Conductivity [S/m]
# name 3 = sal00: Salinity, Practical [PSU]
# name 4 = scan: Scan Count
# name 5 = timeM: Time, Elapsed [minutes]
# name 6 = sbeox0V: Oxygen raw, SBE 43 [V]
# name 7 = flag:  0.000e+00
# span 0 =     -0.039,     70.693                 
# span 1 =    10.9260,    15.8343                 
# span 2 =   0.000009,   3.992914                 
# span 3 =     0.0081,    33.0818                 
# span 4 =         11,       2410                 
# span 5 =     0.0417,    10.0375                 
# span 6 =     2.1860,     3.0836                 
# span 7 = 0.0000e+00, 0.0000e+00                 
# interval = seconds: 0.25
# start_time = Oct 28 2023 20:50:50 [System UTC, header]
# bad_flag = -9.990e-29
*END*
[from data line 1618]
     34.035    14.8521   3.966154    32.1571       1629     6.7833     2.7164  0.000e+00
     34.008    14.8531   3.966173    32.1565       1630     6.7875     2.7181  0.000e+00
     33.981    14.8541   3.966478    32.1585       1631     6.7917     2.7192  0.000e+00
     33.959    14.8553   3.966707    32.1595       1632     6.7958     2.7203  0.000e+00
     33.947    14.8573   3.966129    32.1527       1633     6.8000     2.7209  0.000e+00
     33.938    14.8567   3.966173    32.1535       1634     6.8042     2.7227  0.000e+00
     33.930    14.8559   3.966523    32.1574       1635     6.8083     2.7218  0.000e+00
     33.927    14.8562   3.966478    32.1567       1636     6.8125     2.7228  0.000e+00
     33.925    14.8568   3.966313    32.1547       1637     6.8167     2.7234  0.000e+00
     33.920    14.8571   3.966682    32.1579       1638     6.8208     2.7239  0.000e+00
     33.921    14.8580   3.966548    32.1559       1639     6.8250     2.7232  0.000e+00
     33.927    14.8584   3.966268    32.1530       1640     6.8292     2.7238  0.000e+00
     33.930    14.8575   3.966504    32.1559       1641     6.8333     2.7236  0.000e+00
     33.934    14.8574   3.966923    32.1597       1642     6.8375     2.7238  0.000e+00
     33.939    14.8590   3.966783    32.1572       1643     6.8417     2.7236  0.000e+00
     33.943    14.8600   3.966948    32.1579       1644     6.8458     2.7235  0.000e+00
     33.947    14.8604   3.966923    32.1572       1645     6.8500     2.7235  0.000e+00
     33.945    14.8607   3.967063    32.1583       1646     6.8542     2.7247  0.000e+00
     33.932    14.8613   3.966923    32.1565       1647     6.8583     2.7248  0.000e+00
     33.929    14.8618   3.966758    32.1546       1648     6.8625     2.7233  0.000e+00
     33.911    14.8613   3.967037    32.1576       1649     6.8667     2.7233  0.000e+00
     33.884    14.8616   3.967412    32.1607       1650     6.8708     2.7247  0.000e+00
     33.844    14.8630   3.967686    32.1620       1651     6.8750     2.7259  0.000e+00
     33.808    14.8656   3.968372    32.1661       1652     6.8792     2.7268  0.000e+00
     33.752    14.8692   3.968791    32.1670       1653     6.8833     2.7267  0.000e+00
     33.700    14.8733   3.969186    32.1672       1654     6.8875     2.7286  0.000e+00
     33.641    14.8771   3.970781    32.1785       1655     6.8917     2.7289  0.000e+00
     33.580    14.8838   3.970870    32.1738       1656     6.8958     2.7293  0.000e+00
     33.515    14.8901   3.971550    32.1748       1657     6.9000     2.7303  0.000e+00
     33.454    14.8955   3.971824    32.1727       1658     6.9042     2.7300  0.000e+00
     33.386    14.9002   3.972110    32.1715       1659     6.9083     2.7298  0.000e+00
     33.323    14.9041   3.972745    32.1741       1660     6.9125     2.7305  0.000e+00
     33.262    14.9083   3.973445    32.1769       1661     6.9167     2.7306  0.000e+00
     33.203    14.9135   3.974170    32.1792       1662     6.9208     2.7317  0.000e+00
     33.141    14.9194   3.975105    32.1828       1663     6.9250     2.7313  0.000e+00
     33.084    14.9262   3.975855    32.1840       1664     6.9292     2.7322  0.000e+00
     33.026    14.9335   3.976847    32.1870       1665     6.9333     2.7332  0.000e+00
     32.967    14.9415   3.977636    32.1875       1666     6.9375     2.7347  0.000e+00
     32.908    14.9494   3.978858    32.1920       1667     6.9417     2.7350  0.000e+00
     32.852    14.9582   3.979583    32.1913       1668     6.9458     2.7359  0.000e+00
     32.795    14.9665   3.980308    32.1911       1669     6.9500     2.7358  0.000e+00
     32.737    14.9742   3.980728    32.1885       1670     6.9542     2.7345  0.000e+00
     32.685    14.9808   3.981365    32.1888       1671     6.9583     2.7348  0.000e+00
     32.627    14.9868   3.981740    32.1873       1672     6.9625     2.7357  0.000e+00
     32.583    14.9922   3.981670    32.1823       1673     6.9667     2.7370  0.000e+00
     32.543    14.9953   3.981740    32.1803       1674     6.9708     2.7387  0.000e+00
     32.511    14.9971   3.982160    32.1826       1675     6.9750     2.7403  0.000e+00
     32.480    14.9992   3.982211    32.1814       1676     6.9792     2.7422  0.000e+00
     32.462    15.0013   3.982071    32.1784       1677     6.9833     2.7428  0.000e+00
     32.455    15.0027   3.982020    32.1768       1678     6.9875     2.7441  0.000e+00
     32.453    15.0033   3.982185    32.1778       1679     6.9917     2.7445  0.000e+00
     32.471    15.0037   3.982325    32.1787       1680     6.9958     2.7458  0.000e+00
     32.484    15.0042   3.982230    32.1774       1681     7.0000     2.7470  0.000e+00
     32.514    15.0047   3.982179    32.1765       1682     7.0042     2.7477  0.000e+00
     32.541    15.0048   3.982141    32.1761       1683     7.0083     2.7503  0.000e+00
     32.566    15.0048   3.982351    32.1780       1684     7.0125     2.7501  0.000e+00
     32.595    15.0048   3.982351    32.1780       1685     7.0167     2.7496  0.000e+00
     32.620    15.0053   3.982395    32.1780       1686     7.0208     2.7499  0.000e+00
     32.642    15.0055   3.982376    32.1776       1687     7.0250     2.7503  0.000e+00
     32.660    15.0056   3.982325    32.1770       1688     7.0292     2.7499  0.000e+00
     32.669    15.0058   3.982185    32.1756       1689     7.0333     2.7490  0.000e+00
     32.674    15.0055   3.982154    32.1756       1690     7.0375     2.7488  0.000e+00
     32.665    15.0051   3.982351    32.1777       1691     7.0417     2.7493  0.000e+00
     32.649    15.0053   3.982421    32.1781       1692     7.0458     2.7488  0.000e+00
     32.622    15.0056   3.982656    32.1801       1693     7.0500     2.7498  0.000e+00
     32.592    15.0063   3.982606    32.1790       1694     7.0542     2.7493  0.000e+00
     32.541    15.0068   3.982160    32.1746       1695     7.0583     2.7517  0.000e+00
     32.489    15.0063   3.981625    32.1702       1696     7.0625     2.7512  0.000e+00
     32.423    15.0044   3.981033    32.1665       1697     7.0667     2.7506  0.000e+00
     32.353    15.0020   3.980728    32.1657       1698     7.0708     2.7507  0.000e+00
     32.273    14.9995   3.979722    32.1588       1699     7.0750     2.7500  0.000e+00
     32.184    14.9964   3.978997    32.1548       1700     7.0792     2.7509  0.000e+00
     32.095    14.9918   3.978412    32.1534       1701     7.0833     2.7504  0.000e+00
     31.988    14.9874   3.978501    32.1578       1702     7.0875     2.7516  0.000e+00
     31.891    14.9846   3.978246    32.1579       1703     7.0917     2.7519  0.000e+00
     31.790    14.9830   3.977985    32.1569       1704     7.0958     2.7522  0.000e+00
     31.698    14.9807   3.974194    32.1247       1705     7.1000     2.7522  0.000e+00
     31.601    14.9726   3.973221    32.1226       1706     7.1042     2.7521  0.000e+00
     31.522    14.9613   3.972928    32.1293       1707     7.1083     2.7513  0.000e+00
     31.449    14.9531   3.971803    32.1259       1708     7.1125     2.7524  0.000e+00
     31.389    14.9463   3.970614    32.1208       1709     7.1167     2.7541  0.000e+00
     31.334    14.9384   3.969864    32.1206       1710     7.1208     2.7548  0.000e+00
     31.299    14.9316   3.969444    32.1224       1711     7.1250     2.7550  0.000e+00
     31.265    14.9266   3.969069    32.1231       1712     7.1292     2.7551  0.000e+00
     31.245    14.9231   3.968809    32.1236       1713     7.1333     2.7544  0.000e+00
     31.238    14.9204   3.968319    32.1215       1714     7.1375     2.7548  0.000e+00
     31.235    14.9178   3.968389    32.1242       1715     7.1417     2.7556  0.000e+00
     31.229    14.9163   3.968275    32.1245       1716     7.1458     2.7567  0.000e+00
     31.235    14.9153   3.968161    32.1243       1717     7.1500     2.7557  0.000e+00
     31.242    14.9144   3.967925    32.1229       1718     7.1542     2.7557  0.000e+00
     31.254    14.9134   3.967665    32.1214       1719     7.1583     2.7576  0.000e+00
     31.272    14.9124   3.967462    32.1203       1720     7.1625     2.7570  0.000e+00
     31.289    14.9111   3.967690    32.1234       1721     7.1667     2.7547  0.000e+00
     31.310    14.9107   3.967665    32.1236       1722     7.1708     2.7554  0.000e+00
     31.328    14.9104   3.967786    32.1249       1723     7.1750     2.7547  0.000e+00
     31.348    14.9104   3.968110    32.1278       1724     7.1792     2.7573  0.000e+00
     31.353    14.9111   3.967760    32.1240       1725     7.1833     2.7590  0.000e+00
     31.364    14.9112   3.967608    32.1226       1726     7.1875     2.7600  0.000e+00
     31.368    14.9107   3.967525    32.1223       1727     7.1917     2.7609  0.000e+00
     31.359    14.9099   3.967131    32.1193       1728     7.1958     2.7629  0.000e+00
     31.344    14.9086   3.965657    32.1071       1729     7.2000     2.7633  0.000e+00
     31.317    14.9057   3.964564    32.0997       1730     7.2042     2.7638  0.000e+00
     31.276    14.9009   3.962766    32.0874       1731     7.2083     2.7640  0.000e+00
     31.228    14.8945   3.960899    32.0759       1732     7.2125     2.7627  0.000e+00
     31.177    14.8863   3.959101    32.0664       1733     7.2167     2.7628  0.000e+00
     31.114    14.8769   3.958403    32.0678       1734     7.2208     2.7610  0.000e+00
     31.059    14.8687   3.957616    32.0674       1735     7.2250     2.7622  0.000e+00
     30.996    14.8619   3.957311    32.0703       1736     7.2292     2.7619  0.000e+00
     30.929    14.8571   3.957032    32.0718       1737     7.2333     2.7615  0.000e+00
     30.861    14.8537   3.956638    32.0710       1738     7.2375     2.7628  0.000e+00
     30.800    14.8509   3.956054    32.0681       1739     7.2417     2.7632  0.000e+00
     30.733    14.8481   3.955819    32.0683       1740     7.2458     2.7638  0.000e+00
     30.669    14.8456   3.955216    32.0649       1741     7.2500     2.7635  0.000e+00
     30.604    14.8429   3.955007    32.0653       1742     7.2542     2.7648  0.000e+00
     30.548    14.8402   3.954746    32.0651       1743     7.2583     2.7654  0.000e+00
     30.494    14.8382   3.954270    32.0625       1744     7.2625     2.7664  0.000e+00
     30.448    14.8354   3.953699    32.0597       1745     7.2667     2.7680  0.000e+00
     30.406    14.8326   3.953261    32.0580       1746     7.2708     2.7681  0.000e+00
     30.370    14.8295   3.952938    32.0577       1747     7.2750     2.7683  0.000e+00
     30.334    14.8266   3.952608    32.0571       1748     7.2792     2.7682  0.000e+00
     30.307    14.8242   3.952614    32.0591       1749     7.2833     2.7683  0.000e+00
     30.271    14.8226   3.952678    32.0611       1750     7.2875     2.7683  0.000e+00
     30.243    14.8220   3.952728    32.0620       1751     7.2917     2.7691  0.000e+00
     30.203    14.8216   3.952633    32.0615       1752     7.2958     2.7677  0.000e+00
     30.169    14.8215   3.952519    32.0606       1753     7.3000     2.7681  0.000e+00
     30.128    14.8211   3.952417    32.0600       1754     7.3042     2.7681  0.000e+00
     30.081    14.8205   3.952005    32.0568       1755     7.3083     2.7680  0.000e+00
     30.040    14.8193   3.950933    32.0481       1756     7.3125     2.7675  0.000e+00
     29.998    14.8164   3.949378    32.0364       1757     7.3167     2.7680  0.000e+00
     29.955    14.8113   3.948890    32.0362       1758     7.3208     2.7677  0.000e+00
     29.912    14.8060   3.948814    32.0399       1759     7.3250     2.7679  0.000e+00
     29.878    14.8028   3.948776    32.0423       1760     7.3292     2.7673  0.000e+00
     29.844    14.8008   3.948776    32.0439       1761     7.3333     2.7668  0.000e+00
     29.811    14.7999   3.948795    32.0448       1762     7.3375     2.7662  0.000e+00
     29.788    14.7996   3.948750    32.0446       1763     7.3417     2.7656  0.000e+00
     29.761    14.7992   3.948744    32.0449       1764     7.3458     2.7655  0.000e+00
     29.741    14.7992   3.948680    32.0444       1765     7.3500     2.7645  0.000e+00
     29.723    14.7988   3.948725    32.0451       1766     7.3542     2.7646  0.000e+00
     29.709    14.7988   3.948706    32.0450       1767     7.3583     2.7641  0.000e+00
     29.695    14.7988   3.948636    32.0443       1768     7.3625     2.7641  0.000e+00
     29.684    14.7986   3.948477    32.0430       1769     7.3667     2.7634  0.000e+00
     29.671    14.7980   3.948471    32.0435       1770     7.3708     2.7635  0.000e+00
     29.664    14.7975   3.948471    32.0439       1771     7.3750     2.7635  0.000e+00
     29.655    14.7973   3.948585    32.0451       1772     7.3792     2.7652  0.000e+00
     29.639    14.7975   3.948611    32.0452       1773     7.3833     2.7659  0.000e+00
     29.617    14.7978   3.948452    32.0435       1774     7.3875     2.7657  0.000e+00
     29.596    14.7977   3.948357    32.0427       1775     7.3917     2.7653  0.000e+00
     29.571    14.7971   3.948217    32.0420       1776     7.3958     2.7670  0.000e+00
     29.547    14.7965   3.948078    32.0412       1777     7.4000     2.7659  0.000e+00
     29.527    14.7955   3.947964    32.0410       1778     7.4042     2.7664  0.000e+00
     29.499    14.7949   3.947869    32.0407       1779     7.4083     2.7664  0.000e+00
     29.468    14.7939   3.947824    32.0411       1780     7.4125     2.7661  0.000e+00
     29.438    14.7933   3.947494    32.0386       1781     7.4167     2.7660  0.000e+00
     29.414    14.7923   3.947171    32.0366       1782     7.4208     2.7655  0.000e+00
     29.387    14.7908   3.946359    32.0304       1783     7.4250     2.7642  0.000e+00
     29.362    14.7886   3.945776    32.0270       1784     7.4292     2.7650  0.000e+00
     29.335    14.7861   3.945433    32.0260       1785     7.4333     2.7649  0.000e+00
     29.297    14.7834   3.945059    32.0247       1786     7.4375     2.7638  0.000e+00
     29.256    14.7812   3.944457    32.0211       1787     7.4417     2.7640  0.000e+00
     29.215    14.7795   3.944457    32.0225       1788     7.4458     2.7640  0.000e+00
     29.161    14.7787   3.944438    32.0231       1789     7.4500     2.7645  0.000e+00
     29.087    14.7782   3.944412    32.0233       1790     7.4542     2.7640  0.000e+00
     29.022    14.7779   3.944064    32.0204       1791     7.4583     2.7647  0.000e+00
     28.949    14.7774   3.943322    32.0141       1792     7.4625     2.7663  0.000e+00
     28.855    14.7756   3.942555    32.0087       1793     7.4667     2.7660  0.000e+00
     28.762    14.7726   3.942371    32.0096       1794     7.4708     2.7663  0.000e+00
     28.663    14.7697   3.941857    32.0073       1795     7.4750     2.7671  0.000e+00
     28.568    14.7672   3.941490    32.0061       1796     7.4792     2.7685  0.000e+00
     28.469    14.7653   3.941813    32.0106       1797     7.4833     2.7692  0.000e+00
     28.372    14.7645   3.941718    32.0105       1798     7.4875     2.7700  0.000e+00
     28.280    14.7638   3.941762    32.0115       1799     7.4917     2.7711  0.000e+00
     28.205    14.7637   3.941762    32.0116       1800     7.4958     2.7729  0.000e+00
     28.135    14.7635   3.941673    32.0110       1801     7.5000     2.7738  0.000e+00
     28.081    14.7634   3.941718    32.0115       1802     7.5042     2.7737  0.000e+00
     28.043    14.7634   3.941762    32.0119       1803     7.5083     2.7738  0.000e+00
     28.012    14.7637   3.941718    32.0112       1804     7.5125     2.7741  0.000e+00
     28.002    14.7636   3.941673    32.0109       1805     7.5167     2.7757  0.000e+00
     28.003    14.7635   3.941743    32.0117       1806     7.5208     2.7763  0.000e+00
     28.011    14.7636   3.941648    32.0107       1807     7.5250     2.7758  0.000e+00
