PC2305/sbe081.cnv
* Sea-Bird SBE 19plus V2 Data File:
* FileName = C:\cruise\data\sbe081.hex
* Software Version Seasave V 7.26.7.121
* Temperature SN = 7142
* Conductivity SN = 7142
* System UpLoad Time = Nov 04 2023 00:15:46
** Cruise: PC2205
** Program: ECOMON
# nquan = 8
# nvalues = 2011                                  
# units = specified
# name 0 = depSM: Depth [salt water, m], lat = 40.00
# name 1 = tv290C: Temperature [ITS-90, deg C]
# name 2 = c0S/m: Conductivity [S/m]
# name 3 = sal00: Salinity, Practical [PSU]
# name 4 = scan: Scan Count
# name 5 = timeM: Time, Elapsed [minutes]
# name 6 = sbeox0V: Oxygen raw, SBE 43 [V]
# name 7 = flag:  0.000e+00
# span 0 =      0.075,     55.747                 
# span 1 =    12.1049,    14.9759                 
# span 2 =   0.000031,   3.961558                 
# span 3 =     0.0063,    32.4586                 
# span 4 =         11,       2021                 
# span 5 =     0.0417,     8.4167                 
# span 6 =     1.8288,     2.8547                 
# span 7 = 0.0000e+00, 0.0000e+00                 
# interval = seconds: 0.25
# start_time = Nov 04 2023 00:15:46 [System UTC, header]
# bad_flag = -9.990e-29
*END*
[from data line 720]
     48.841    14.6275   3.955994    32.2452        731     3.0417     2.0131  0.000e+00
     48.794    14.6286   3.956089    32.2452        732     3.0458     2.0202  0.000e+00
     48.741    14.6296   3.956108    32.2445        733     3.0500     2.0279  0.000e+00
     48.690    14.6305   3.956159    32.2443        734     3.0542     2.0345  0.000e+00
     48.636    14.6314   3.956426    32.2459        735     3.0583     2.0402  0.000e+00
     48.581    14.6353   3.956457    32.2431        736     3.0625     2.0450  0.000e+00
     48.518    14.6391   3.956736    32.2424        737     3.0667     2.0484  0.000e+00
     48.466    14.6428   3.956901    32.2409        738     3.0708     2.0537  0.000e+00
     48.408    14.6470   3.957346    32.2415        739     3.0750     2.0570  0.000e+00
     48.347    14.6535   3.957644    32.2388        740     3.0792     2.0600  0.000e+00
     48.291    14.6636   3.958063    32.2342        741     3.0833     2.0621  0.000e+00
     48.237    14.6761   3.958482    32.2278        742     3.0875     2.0636  0.000e+00
     48.189    14.6906   3.958577    32.2166        743     3.0917     2.0646  0.000e+00
     48.144    14.7013   3.958742    32.2092        744     3.0958     2.0677  0.000e+00
     48.106    14.7078   3.959021    32.2064        745     3.1000     2.0708  0.000e+00
     48.076    14.7132   3.959370    32.2051        746     3.1042     2.0757  0.000e+00
     48.047    14.7194   3.959694    32.2029        747     3.1083     2.0804  0.000e+00
     48.029    14.7296   3.959675    32.1943        748     3.1125     2.0852  0.000e+00
     48.004    14.7408   3.959929    32.1874        749     3.1167     2.0911  0.000e+00
     47.980    14.7525   3.960373    32.1817        750     3.1208     2.0970  0.000e+00
     47.955    14.7660   3.960532    32.1720        751     3.1250     2.1027  0.000e+00
     47.923    14.7814   3.960417    32.1583        752     3.1292     2.1090  0.000e+00
     47.887    14.7946   3.960455    32.1477        753     3.1333     2.1149  0.000e+00
     47.844    14.8018   3.960531    32.1425        754     3.1375     2.1223  0.000e+00
     47.797    14.8052   3.960557    32.1400        755     3.1417     2.1301  0.000e+00
     47.741    14.8063   3.960512    32.1387        756     3.1458     2.1386  0.000e+00
     47.678    14.8061   3.960531    32.1390        757     3.1500     2.1486  0.000e+00
     47.621    14.8055   3.960525    32.1395        758     3.1542     2.1571  0.000e+00
     47.558    14.8063   3.960652    32.1400        759     3.1583     2.1639  0.000e+00
     47.495    14.8103   3.960696    32.1371        760     3.1625     2.1704  0.000e+00
     47.437    14.8165   3.960906    32.1339        761     3.1667     2.1762  0.000e+00
     47.385    14.8282   3.961071    32.1258        762     3.1708     2.1823  0.000e+00
     47.331    14.8448   3.961490    32.1159        763     3.1750     2.1863  0.000e+00
     47.286    14.8696   3.961254    32.0934        764     3.1792     2.1906  0.000e+00
     47.236    14.8918   3.961279    32.0754        765     3.1833     2.1966  0.000e+00
     47.193    14.9058   3.961044    32.0618        766     3.1875     2.2026  0.000e+00
     47.146    14.9151   3.961044    32.0541        767     3.1917     2.2118  0.000e+00
     47.107    14.9221   3.960904    32.0471        768     3.1958     2.2229  0.000e+00
     47.067    14.9279   3.960834    32.0418        769     3.2000     2.2357  0.000e+00
     47.028    14.9335   3.960498    32.0342        770     3.2042     2.2481  0.000e+00
     46.993    14.9386   3.960301    32.0282        771     3.2083     2.2615  0.000e+00
     46.963    14.9425   3.960345    32.0255        772     3.2125     2.2733  0.000e+00
     46.940    14.9448   3.960320    32.0234        773     3.2167     2.2852  0.000e+00
     46.918    14.9455   3.960389    32.0234        774     3.2208     2.2967  0.000e+00
     46.895    14.9459   3.960389    32.0231        775     3.2250     2.3073  0.000e+00
     46.873    14.9458   3.960351    32.0229        776     3.2292     2.3180  0.000e+00
     46.848    14.9459   3.960389    32.0231        777     3.2333     2.3270  0.000e+00
     46.819    14.9464   3.960440    32.0232        778     3.2375     2.3353  0.000e+00
     46.785    14.9464   3.959926    32.0186        779     3.2417     2.3409  0.000e+00
     46.738    14.9472   3.959341    32.0127        780     3.2458     2.3480  0.000e+00
     46.693    14.9482   3.958364    32.0030        781     3.2500     2.3529  0.000e+00
     46.636    14.9489   3.957690    31.9964        782     3.2542     2.3560  0.000e+00
     46.575    14.9492   3.956967    31.9897        783     3.2583     2.3598  0.000e+00
     46.508    14.9494   3.956757    31.9876        784     3.2625     2.3647  0.000e+00
     46.445    14.9498   3.956313    31.9834        785     3.2667     2.3707  0.000e+00
     46.381    14.9500   3.956268    31.9828        786     3.2708     2.3779  0.000e+00
     46.325    14.9505   3.956275    31.9825        787     3.2750     2.3843  0.000e+00
     46.269    14.9510   3.956224    31.9816        788     3.2792     2.3935  0.000e+00
     46.226    14.9512   3.956198    31.9812        789     3.2833     2.4014  0.000e+00
     46.190    14.9515   3.956173    31.9808        790     3.2875     2.4096  0.000e+00
     46.156    14.9518   3.956198    31.9807        791     3.2917     2.4161  0.000e+00
     46.122    14.9517   3.956198    31.9809        792     3.2958     2.4234  0.000e+00
     46.098    14.9516   3.956103    31.9801        793     3.3000     2.4292  0.000e+00
     46.062    14.9518   3.956014    31.9791        794     3.3042     2.4340  0.000e+00
     46.030    14.9518   3.956014    31.9792        795     3.3083     2.4391  0.000e+00
     45.992    14.9521   3.956014    31.9789        796     3.3125     2.4420  0.000e+00
     45.947    14.9520   3.955824    31.9773        797     3.3167     2.4441  0.000e+00
     45.895    14.9523   3.955824    31.9771        798     3.3208     2.4472  0.000e+00
     45.840    14.9523   3.955716    31.9761        799     3.3250     2.4494  0.000e+00
     45.778    14.9524   3.955240    31.9718        800     3.3292     2.4501  0.000e+00
     45.712    14.9529   3.955474    31.9736        801     3.3333     2.4522  0.000e+00
     45.640    14.9531   3.955055    31.9696        802     3.3375     2.4542  0.000e+00
     45.570    14.9534   3.954960    31.9685        803     3.3417     2.4560  0.000e+00
     45.498    14.9535   3.954884    31.9678        804     3.3458     2.4587  0.000e+00
     45.433    14.9539   3.954820    31.9670        805     3.3500     2.4601  0.000e+00
     45.370    14.9540   3.954890    31.9675        806     3.3542     2.4626  0.000e+00
     45.313    14.9541   3.954662    31.9654        807     3.3583     2.4649  0.000e+00
     45.259    14.9544   3.953964    31.9589        808     3.3625     2.4675  0.000e+00
     45.205    14.9552   3.953640    31.9553        809     3.3667     2.4703  0.000e+00
     45.164    14.9565   3.953449    31.9526        810     3.3708     2.4725  0.000e+00
     45.128    14.9572   3.953291    31.9506        811     3.3750     2.4743  0.000e+00
     45.090    14.9579   3.953500    31.9518        812     3.3792     2.4762  0.000e+00
     45.052    14.9582   3.953545    31.9521        813     3.3833     2.4792  0.000e+00
     45.022    14.9582   3.953360    31.9504        814     3.3875     2.4831  0.000e+00
     44.991    14.9585   3.952815    31.9452        815     3.3917     2.4861  0.000e+00
     44.952    14.9590   3.952732    31.9441        816     3.3958     2.4895  0.000e+00
     44.912    14.9595   3.952567    31.9423        817     3.4000     2.4920  0.000e+00
     44.856    14.9601   3.951076    31.9283        818     3.4042     2.4969  0.000e+00
     44.806    14.9614   3.950334    31.9206        819     3.4083     2.5003  0.000e+00
     44.738    14.9632   3.949915    31.9154        820     3.4125     2.5038  0.000e+00
     44.661    14.9646   3.949617    31.9116        821     3.4167     2.5074  0.000e+00
     44.578    14.9662   3.949217    31.9067        822     3.4208     2.5114  0.000e+00
     44.484    14.9677   3.948754    31.9013        823     3.4250     2.5178  0.000e+00
     44.398    14.9685   3.948056    31.8945        824     3.4292     2.5258  0.000e+00
     44.305    14.9701   3.947701    31.8900        825     3.4333     2.5361  0.000e+00
     44.215    14.9713   3.947383    31.8862        826     3.4375     2.5464  0.000e+00
     44.127    14.9723   3.946990    31.8819        827     3.4417     2.5576  0.000e+00
     44.048    14.9729   3.947498    31.8860        828     3.4458     2.5688  0.000e+00
     43.967    14.9731   3.947409    31.8850        829     3.4500     2.5803  0.000e+00
     43.907    14.9734   3.947263    31.8835        830     3.4542     2.5920  0.000e+00
     43.850    14.9733   3.947339    31.8843        831     3.4583     2.6013  0.000e+00
     43.800    14.9732   3.947548    31.8863        832     3.4625     2.6126  0.000e+00
     43.753    14.9732   3.947383    31.8848        833     3.4667     2.6198  0.000e+00
     43.710    14.9730   3.947523    31.8862        834     3.4708     2.6261  0.000e+00
     43.677    14.9733   3.946996    31.8813        835     3.4750     2.6327  0.000e+00
     43.634    14.9733   3.947409    31.8850        836     3.4792     2.6367  0.000e+00
     43.596    14.9733   3.947593    31.8866        837     3.4833     2.6406  0.000e+00
     43.555    14.9735   3.947149    31.8825        838     3.4875     2.6450  0.000e+00
     43.510    14.9731   3.946502    31.8770        839     3.4917     2.6480  0.000e+00
     43.465    14.9726   3.946020    31.8732        840     3.4958     2.6509  0.000e+00
     43.422    14.9717   3.945734    31.8713        841     3.5000     2.6516  0.000e+00
     43.379    14.9713   3.944548    31.8610        842     3.5042     2.6530  0.000e+00
     43.336    14.9706   3.944504    31.8612        843     3.5083     2.6548  0.000e+00
     43.300    14.9696   3.944599    31.8628        844     3.5125     2.6584  0.000e+00
     43.266    14.9693   3.943566    31.8538        845     3.5167     2.6627  0.000e+00
     43.233    14.9683   3.943597    31.8550        846     3.5208     2.6691  0.000e+00
     43.197    14.9673   3.943464    31.8546        847     3.5250     2.6767  0.000e+00
     43.165    14.9667   3.942951    31.8504        848     3.5292     2.6822  0.000e+00
     43.127    14.9663   3.942596    31.8476        849     3.5333     2.6897  0.000e+00
     43.088    14.9658   3.942767    31.8496        850     3.5375     2.6968  0.000e+00
     43.030    14.9653   3.942906    31.8512        851     3.5417     2.7047  0.000e+00
     42.967    14.9651   3.943185    31.8539        852     3.5458     2.7118  0.000e+00
     42.892    14.9653   3.943737    31.8587        853     3.5500     2.7196  0.000e+00
     42.813    14.9663   3.943445    31.8553        854     3.5542     2.7260  0.000e+00
     42.719    14.9663   3.942583    31.8476        855     3.5583     2.7328  0.000e+00
     42.622    14.9660   3.942443    31.8466        856     3.5625     2.7379  0.000e+00
     42.520    14.9653   3.942443    31.8473        857     3.5667     2.7420  0.000e+00
     42.419    14.9649   3.942443    31.8476        858     3.5708     2.7446  0.000e+00
     42.320    14.9649   3.942450    31.8477        859     3.5750     2.7464  0.000e+00
     42.236    14.9647   3.942323    31.8468        860     3.5792     2.7486  0.000e+00
     42.155    14.9645   3.942393    31.8476        861     3.5833     2.7523  0.000e+00
     42.081    14.9645   3.942392    31.8476        862     3.5875     2.7553  0.000e+00
     42.031    14.9643   3.942304    31.8470        863     3.5917     2.7577  0.000e+00
     41.988    14.9639   3.942234    31.8467        864     3.5958     2.7604  0.000e+00
     41.948    14.9631   3.942183    31.8469        865     3.6000     2.7619  0.000e+00
     41.916    14.9626   3.942304    31.8484        866     3.6042     2.7636  0.000e+00
     41.891    14.9626   3.942209    31.8476        867     3.6083     2.7657  0.000e+00
     41.867    14.9624   3.942329    31.8488        868     3.6125     2.7676  0.000e+00
     41.840    14.9627   3.942278    31.8481        869     3.6167     2.7682  0.000e+00
     41.817    14.9631   3.942373    31.8487        870     3.6208     2.7709  0.000e+00
     41.790    14.9634   3.942392    31.8486        871     3.6250     2.7694  0.000e+00
     41.756    14.9633   3.942392    31.8487        872     3.6292     2.7721  0.000e+00
     41.718    14.9637   3.942253    31.8471        873     3.6333     2.7724  0.000e+00
     41.680    14.9636   3.942418    31.8488        874     3.6375     2.7719  0.000e+00
     41.637    14.9638   3.942304    31.8476        875     3.6417     2.7732  0.000e+00
     41.591    14.9639   3.942304    31.8475        876     3.6458     2.7727  0.000e+00
     41.547    14.9637   3.942304    31.8477        877     3.6500     2.7717  0.000e+00
     41.493    14.9635   3.942323    31.8480        878     3.6542     2.7714  0.000e+00
     41.447    14.9635   3.942304    31.8479        879     3.6583     2.7711  0.000e+00
     41.393    14.9635   3.942253    31.8474        880     3.6625     2.7724  0.000e+00
     41.332    14.9636   3.942303    31.8479        881     3.6667     2.7735  0.000e+00
     41.274    14.9638   3.942399    31.8486        882     3.6708     2.7737  0.000e+00
     41.213    14.9639   3.942322    31.8478        883     3.6750     2.7740  0.000e+00
     41.152    14.9645   3.942417    31.8482        884     3.6792     2.7746  0.000e+00
     41.089    14.9646   3.942278    31.8468        885     3.6833     2.7762  0.000e+00
     41.019    14.9645   3.942278    31.8470        886     3.6875     2.7761  0.000e+00
     40.949    14.9642   3.942329    31.8477        887     3.6917     2.7767  0.000e+00
     40.877    14.9640   3.942322    31.8478        888     3.6958     2.7763  0.000e+00
     40.805    14.9640   3.942417    31.8487        889     3.7000     2.7770  0.000e+00
     40.739    14.9643   3.942417    31.8485        890     3.7042     2.7773  0.000e+00
     40.672    14.9647   3.942329    31.8474        891     3.7083     2.7792  0.000e+00
     40.615    14.9647   3.942557    31.8495        892     3.7125     2.7814  0.000e+00
     40.559    14.9651   3.942626    31.8498        893     3.7167     2.7816  0.000e+00
     40.510    14.9656   3.942696    31.8500        894     3.7208     2.7808  0.000e+00
     40.465    14.9663   3.942671    31.8492        895     3.7250     2.7803  0.000e+00
     40.424    14.9666   3.942620    31.8485        896     3.7292     2.7805  0.000e+00
     40.388    14.9667   3.942696    31.8492        897     3.7333     2.7801  0.000e+00
     40.359    14.9667   3.942740    31.8496        898     3.7375     2.7809  0.000e+00
     40.325    14.9669   3.942601    31.8482        899     3.7417     2.7814  0.000e+00
     40.289    14.9667   3.942645    31.8488        900     3.7458     2.7818  0.000e+00
     40.250    14.9667   3.943685    31.8581        901     3.7500     2.7814  0.000e+00
     40.214    14.9676   3.943527    31.8560        902     3.7542     2.7814  0.000e+00
     40.174    14.9682   3.944084    31.8606        903     3.7583     2.7809  0.000e+00
     40.135    14.9693   3.944224    31.8610        904     3.7625     2.7796  0.000e+00
     40.086    14.9700   3.944706    31.8647        905     3.7667     2.7782  0.000e+00
     40.036    14.9711   3.943945    31.8570        906     3.7708     2.7761  0.000e+00
     39.982    14.9708   3.943507    31.8533        907     3.7750     2.7735  0.000e+00
     39.935    14.9693   3.943184    31.8517        908     3.7792     2.7684  0.000e+00
