PC2305/sbe074.cnv
* Sea-Bird SBE 19plus V2 Data File:
* FileName = C:\cruise\data\sbe074.hex
* Software Version Seasave V 7.26.7.121
* Temperature SN = 7142
* Conductivity SN = 7142
* System UpLoad Time = Nov 03 2023 06:51:09
** Cruise: PC2205
** Program: ECOMON
# nquan = 8
# nvalues = 1609                                  
# units = specified
# name 0 = depSM: Depth [salt water, m], lat = 40.00
# name 1 = tv290C: Temperature [ITS-90, deg C]
# name 2 = c0S/m: Conductivity [S/m]
# name 3 = sal00: Salinity, Practical [PSU]
# name 4 = scan: Scan Count
# name 5 = timeM: Time, Elapsed [minutes]
# name 6 = sbeox0V: Oxygen raw, SBE 43 [V]
# name 7 = flag:  0.000e+00
# span 0 =      0.095,     36.666                 
# span 1 =    11.0688,    15.7081                 
# span 2 =   0.000031,   4.017263                 
# span 3 =     0.0057,    32.3366                 
# span 4 =         11,       1619                 
# span 5 =     0.0417,     6.7417                 
# span 6 =     2.0033,     2.7929                 
# span 7 = 0.0000e+00, 0.0000e+00                 
# interval = seconds: 0.25
# start_time = Nov 03 2023 06:51:09 [System UTC, header]
# bad_flag = -9.990e-29
*END*
[from data line 1259]
     10.380    15.6916   4.014455    31.9129       1270     5.2875     2.6245  0.000e+00
     10.380    15.6916   4.014455    31.9130       1271     5.2917     2.6178  0.000e+00
     10.371    15.6916   4.014455    31.9129       1272     5.2958     2.6139  0.000e+00
     10.368    15.6917   4.014455    31.9129       1273     5.3000     2.6134  0.000e+00
     10.368    15.6917   4.014455    31.9129       1274     5.3042     2.6143  0.000e+00
     10.369    15.6917   4.014404    31.9124       1275     5.3083     2.6168  0.000e+00
     10.360    15.6916   4.014455    31.9130       1276     5.3125     2.6210  0.000e+00
     10.333    15.6916   4.014455    31.9130       1277     5.3167     2.6259  0.000e+00
     10.306    15.6913   4.014359    31.9123       1278     5.3208     2.6303  0.000e+00
     10.265    15.6911   4.014430    31.9132       1279     5.3250     2.6354  0.000e+00
     10.218    15.6915   4.014500    31.9135       1280     5.3292     2.6374  0.000e+00
     10.159    15.6915   4.014500    31.9135       1281     5.3333     2.6410  0.000e+00
     10.093    15.6917   4.014385    31.9123       1282     5.3375     2.6460  0.000e+00
     10.028    15.6916   4.014359    31.9122       1283     5.3417     2.6506  0.000e+00
      9.947    15.6912   4.014334    31.9123       1284     5.3458     2.6529  0.000e+00
      9.870    15.6910   4.014334    31.9125       1285     5.3500     2.6558  0.000e+00
      9.791    15.6910   4.014334    31.9126       1286     5.3542     2.6580  0.000e+00
      9.721    15.6911   4.014334    31.9125       1287     5.3583     2.6618  0.000e+00
      9.663    15.6908   4.014314    31.9126       1288     5.3625     2.6632  0.000e+00
      9.631    15.6909   4.014334    31.9127       1289     5.3667     2.6632  0.000e+00
      9.606    15.6910   4.014334    31.9126       1290     5.3708     2.6633  0.000e+00
      9.586    15.6908   4.014334    31.9128       1291     5.3750     2.6625  0.000e+00
      9.575    15.6912   4.014359    31.9127       1292     5.3792     2.6589  0.000e+00
      9.562    15.6913   4.014404    31.9130       1293     5.3833     2.6530  0.000e+00
      9.552    15.6913   4.014404    31.9130       1294     5.3875     2.6463  0.000e+00
      9.543    15.6915   4.014404    31.9129       1295     5.3917     2.6396  0.000e+00
      9.532    15.6917   4.014429    31.9129       1296     5.3958     2.6348  0.000e+00
      9.516    15.6919   4.014480    31.9133       1297     5.4000     2.6313  0.000e+00
      9.489    15.6919   4.014480    31.9132       1298     5.4042     2.6291  0.000e+00
      9.455    15.6923   4.014455    31.9127       1299     5.4083     2.6278  0.000e+00
      9.413    15.6921   4.014429    31.9127       1300     5.4125     2.6268  0.000e+00
      9.372    15.6921   4.014455    31.9129       1301     5.4167     2.6291  0.000e+00
      9.334    15.6921   4.014455    31.9129       1302     5.4208     2.6309  0.000e+00
      9.287    15.6920   4.014404    31.9125       1303     5.4250     2.6324  0.000e+00
      9.259    15.6921   4.014455    31.9129       1304     5.4292     2.6334  0.000e+00
      9.226    15.6922   4.014455    31.9129       1305     5.4333     2.6355  0.000e+00
      9.181    15.6922   4.014404    31.9125       1306     5.4375     2.6375  0.000e+00
      9.133    15.6921   4.014404    31.9125       1307     5.4417     2.6406  0.000e+00
      9.084    15.6921   4.014404    31.9126       1308     5.4458     2.6435  0.000e+00
      9.034    15.6921   4.014404    31.9126       1309     5.4500     2.6447  0.000e+00
      9.003    15.6920   4.014384    31.9125       1310     5.4542     2.6466  0.000e+00
      8.967    15.6919   4.014359    31.9123       1311     5.4583     2.6490  0.000e+00
      8.937    15.6918   4.014333    31.9122       1312     5.4625     2.6519  0.000e+00
      8.896    15.6916   4.014359    31.9127       1313     5.4667     2.6537  0.000e+00
      8.849    15.6917   4.014359    31.9126       1314     5.4708     2.6538  0.000e+00
      8.797    15.6919   4.014404    31.9129       1315     5.4750     2.6538  0.000e+00
      8.752    15.6920   4.014384    31.9126       1316     5.4792     2.6539  0.000e+00
      8.734    15.6922   4.014429    31.9128       1317     5.4833     2.6523  0.000e+00
      8.718    15.6927   4.014403    31.9122       1318     5.4875     2.6477  0.000e+00
      8.703    15.6927   4.014384    31.9121       1319     5.4917     2.6446  0.000e+00
      8.684    15.6924   4.014384    31.9123       1320     5.4958     2.6393  0.000e+00
      8.662    15.6923   4.014352    31.9121       1321     5.5000     2.6355  0.000e+00
      8.642    15.6922   4.014359    31.9123       1322     5.5042     2.6323  0.000e+00
      8.628    15.6921   4.014384    31.9126       1323     5.5083     2.6280  0.000e+00
      8.612    15.6922   4.014359    31.9123       1324     5.5125     2.6254  0.000e+00
      8.590    15.6918   4.014333    31.9124       1325     5.5167     2.6252  0.000e+00
      8.565    15.6920   4.014429    31.9130       1326     5.5208     2.6248  0.000e+00
      8.525    15.6922   4.014333    31.9121       1327     5.5250     2.6265  0.000e+00
      8.482    15.6919   4.014288    31.9119       1328     5.5292     2.6278  0.000e+00
      8.434    15.6914   4.014263    31.9121       1329     5.5333     2.6315  0.000e+00
      8.391    15.6912   4.014218    31.9119       1330     5.5375     2.6348  0.000e+00
      8.346    15.6908   4.014071    31.9109       1331     5.5417     2.6368  0.000e+00
      8.312    15.6902   4.014001    31.9108       1332     5.5458     2.6381  0.000e+00
      8.276    15.6897   4.014001    31.9113       1333     5.5500     2.6406  0.000e+00
      8.256    15.6894   4.013982    31.9113       1334     5.5542     2.6416  0.000e+00
      8.220    15.6891   4.013982    31.9116       1335     5.5583     2.6410  0.000e+00
      8.182    15.6892   4.014027    31.9119       1336     5.5625     2.6416  0.000e+00
      8.134    15.6891   4.014001    31.9118       1337     5.5667     2.6403  0.000e+00
      8.083    15.6893   4.014001    31.9117       1338     5.5708     2.6401  0.000e+00
      8.033    15.6893   4.014026    31.9119       1339     5.5750     2.6407  0.000e+00
      7.979    15.6893   4.014097    31.9125       1340     5.5792     2.6421  0.000e+00
      7.916    15.6901   4.014288    31.9136       1341     5.5833     2.6455  0.000e+00
      7.859    15.6907   4.014122    31.9117       1342     5.5875     2.6478  0.000e+00
      7.801    15.6902   4.013886    31.9100       1343     5.5917     2.6483  0.000e+00
      7.754    15.6896   4.013835    31.9100       1344     5.5958     2.6488  0.000e+00
      7.713    15.6890   4.013860    31.9107       1345     5.6000     2.6487  0.000e+00
      7.691    15.6886   4.013816    31.9107       1346     5.6042     2.6481  0.000e+00
      7.684    15.6882   4.013765    31.9105       1347     5.6083     2.6467  0.000e+00
      7.681    15.6881   4.013745    31.9105       1348     5.6125     2.6423  0.000e+00
      7.690    15.6878   4.013432    31.9080       1349     5.6167     2.6377  0.000e+00
      7.697    15.6876   4.013745    31.9109       1350     5.6208     2.6306  0.000e+00
      7.709    15.6875   4.013720    31.9107       1351     5.6250     2.6218  0.000e+00
      7.727    15.6876   4.013745    31.9109       1352     5.6292     2.6129  0.000e+00
      7.738    15.6877   4.013765    31.9110       1353     5.6333     2.6030  0.000e+00
      7.744    15.6876   4.013790    31.9113       1354     5.6375     2.5937  0.000e+00
      7.736    15.6878   4.013886    31.9120       1355     5.6417     2.5857  0.000e+00
      7.724    15.6878   4.013860    31.9117       1356     5.6458     2.5772  0.000e+00
      7.704    15.6879   4.013816    31.9112       1357     5.6500     2.5725  0.000e+00
      7.684    15.6880   4.013816    31.9112       1358     5.6542     2.5730  0.000e+00
      7.656    15.6881   4.013886    31.9118       1359     5.6583     2.5772  0.000e+00
      7.616    15.6884   4.014001    31.9125       1360     5.6625     2.5840  0.000e+00
      7.555    15.6889   4.014097    31.9130       1361     5.6667     2.5917  0.000e+00
      7.487    15.6893   4.014122    31.9129       1362     5.6708     2.6030  0.000e+00
      7.417    15.6901   4.014218    31.9132       1363     5.6750     2.6147  0.000e+00
      7.348    15.6904   4.014218    31.9129       1364     5.6792     2.6217  0.000e+00
      7.280    15.6908   4.014148    31.9120       1365     5.6833     2.6267  0.000e+00
      7.217    15.6908   4.014147    31.9120       1366     5.6875     2.6297  0.000e+00
      7.156    15.6908   4.014052    31.9112       1367     5.6917     2.6318  0.000e+00
      7.093    15.6904   4.013764    31.9090       1368     5.6958     2.6354  0.000e+00
      7.032    15.6890   4.013732    31.9099       1369     5.7000     2.6374  0.000e+00
      6.980    15.6881   4.013668    31.9101       1370     5.7042     2.6390  0.000e+00
      6.930    15.6873   4.013579    31.9099       1371     5.7083     2.6397  0.000e+00
      6.890    15.6860   4.013432    31.9097       1372     5.7125     2.6393  0.000e+00
      6.861    15.6847   4.013388    31.9104       1373     5.7167     2.6403  0.000e+00
      6.836    15.6837   4.013317    31.9105       1374     5.7208     2.6412  0.000e+00
      6.816    15.6830   4.013317    31.9112       1375     5.7250     2.6435  0.000e+00
      6.798    15.6825   4.013336    31.9117       1376     5.7292     2.6432  0.000e+00
      6.786    15.6819   4.013266    31.9116       1377     5.7333     2.6422  0.000e+00
      6.777    15.6812   4.013170    31.9113       1378     5.7375     2.6400  0.000e+00
      6.771    15.6807   4.013100    31.9111       1379     5.7417     2.6388  0.000e+00
      6.771    15.6798   4.013055    31.9114       1380     5.7458     2.6354  0.000e+00
      6.780    15.6790   4.013011    31.9117       1381     5.7500     2.6329  0.000e+00
      6.791    15.6786   4.012960    31.9115       1382     5.7542     2.6311  0.000e+00
      6.800    15.6783   4.013011    31.9122       1383     5.7583     2.6268  0.000e+00
      6.807    15.6784   4.013081    31.9128       1384     5.7625     2.6245  0.000e+00
      6.816    15.6786   4.013100    31.9128       1385     5.7667     2.6215  0.000e+00
      6.823    15.6789   4.013170    31.9131       1386     5.7708     2.6202  0.000e+00
      6.831    15.6795   4.013196    31.9129       1387     5.7750     2.6181  0.000e+00
      6.831    15.6799   4.013222    31.9128       1388     5.7792     2.6128  0.000e+00
      6.818    15.6800   4.013196    31.9125       1389     5.7833     2.6078  0.000e+00
      6.802    15.6801   4.013170    31.9122       1390     5.7875     2.6051  0.000e+00
      6.769    15.6802   4.013138    31.9118       1391     5.7917     2.6046  0.000e+00
      6.717    15.6800   4.013011    31.9109       1392     5.7958     2.6069  0.000e+00
      6.653    15.6796   4.013100    31.9120       1393     5.8000     2.6107  0.000e+00
      6.586    15.6798   4.013221    31.9130       1394     5.8042     2.6166  0.000e+00
      6.507    15.6805   4.013317    31.9133       1395     5.8083     2.6227  0.000e+00
      6.428    15.6809   4.013247    31.9123       1396     5.8125     2.6284  0.000e+00
      6.347    15.6811   4.013221    31.9120       1397     5.8167     2.6337  0.000e+00
      6.273    15.6815   4.013221    31.9117       1398     5.8208     2.6387  0.000e+00
      6.198    15.6815   4.013266    31.9121       1399     5.8250     2.6440  0.000e+00
      6.135    15.6818   4.013291    31.9121       1400     5.8292     2.6477  0.000e+00
      6.081    15.6821   4.013291    31.9119       1401     5.8333     2.6512  0.000e+00
      6.031    15.6823   4.013266    31.9115       1402     5.8375     2.6519  0.000e+00
      5.979    15.6823   4.013266    31.9115       1403     5.8417     2.6522  0.000e+00
      5.930    15.6821   4.013196    31.9111       1404     5.8458     2.6511  0.000e+00
      5.876    15.6818   4.013151    31.9110       1405     5.8500     2.6494  0.000e+00
      5.828    15.6813   4.013081    31.9108       1406     5.8542     2.6473  0.000e+00
      5.786    15.6808   4.013100    31.9113       1407     5.8583     2.6444  0.000e+00
      5.754    15.6807   4.013151    31.9119       1408     5.8625     2.6409  0.000e+00
      5.731    15.6807   4.013125    31.9117       1409     5.8667     2.6387  0.000e+00
      5.704    15.6805   4.013100    31.9116       1410     5.8708     2.6371  0.000e+00
      5.680    15.6804   4.013030    31.9111       1411     5.8750     2.6364  0.000e+00
      5.664    15.6799   4.012915    31.9105       1412     5.8792     2.6357  0.000e+00
      5.652    15.6789   4.012844    31.9107       1413     5.8833     2.6348  0.000e+00
      5.643    15.6785   4.012889    31.9114       1414     5.8875     2.6346  0.000e+00
      5.641    15.6784   4.012959    31.9121       1415     5.8917     2.6323  0.000e+00
      5.639    15.6786   4.012934    31.9117       1416     5.8958     2.6310  0.000e+00
      5.648    15.6785   4.012959    31.9120       1417     5.9000     2.6278  0.000e+00
      5.657    15.6786   4.012959    31.9119       1418     5.9042     2.6210  0.000e+00
      5.666    15.6787   4.012959    31.9119       1419     5.9083     2.6130  0.000e+00
      5.670    15.6788   4.012959    31.9117       1420     5.9125     2.6045  0.000e+00
      5.677    15.6789   4.013010    31.9121       1421     5.9167     2.5963  0.000e+00
      5.677    15.6793   4.013030    31.9120       1422     5.9208     2.5891  0.000e+00
      5.670    15.6795   4.013100    31.9125       1423     5.9250     2.5817  0.000e+00
      5.655    15.6799   4.013081    31.9120       1424     5.9292     2.5784  0.000e+00
      5.634    15.6797   4.012959    31.9110       1425     5.9333     2.5791  0.000e+00
      5.590    15.6795   4.012819    31.9100       1426     5.9375     2.5832  0.000e+00
      5.537    15.6785   4.012697    31.9097       1427     5.9417     2.5906  0.000e+00
      5.477    15.6773   4.012697    31.9107       1428     5.9458     2.5988  0.000e+00
      5.429    15.6767   4.012627    31.9106       1429     5.9500     2.6078  0.000e+00
      5.384    15.6762   4.012627    31.9111       1430     5.9542     2.6165  0.000e+00
      5.348    15.6756   4.012531    31.9107       1431     5.9583     2.6249  0.000e+00
      5.307    15.6747   4.012461    31.9108       1432     5.9625     2.6318  0.000e+00
      5.272    15.6741   4.012557    31.9121       1433     5.9667     2.6371  0.000e+00
      5.235    15.6743   4.012627    31.9127       1434     5.9708     2.6409  0.000e+00
      5.188    15.6746   4.012582    31.9120       1435     5.9750     2.6426  0.000e+00
      5.138    15.6753   4.012966    31.9149       1436     5.9792     2.6434  0.000e+00
      5.087    15.6780   4.013432    31.9168       1437     5.9833     2.6442  0.000e+00
      5.037    15.6811   4.013598    31.9158       1438     5.9875     2.6429  0.000e+00
      4.996    15.6838   4.013668    31.9142       1439     5.9917     2.6442  0.000e+00
      4.958    15.6860   4.013744    31.9132       1440     5.9958     2.6451  0.000e+00
      4.900    15.6877   4.013815    31.9125       1441     6.0000     2.6464  0.000e+00
      4.846    15.6889   4.013904    31.9123       1442     6.0042     2.6493  0.000e+00
      4.789    15.6904   4.014000    31.9120       1443     6.0083     2.6513  0.000e+00
      4.721    15.6915   4.014000    31.9111       1444     6.0125     2.6527  0.000e+00
      4.667    15.6922   4.014000    31.9106       1445     6.0167     2.6536  0.000e+00
      4.618    15.6923   4.014000    31.9104       1446     6.0208     2.6536  0.000e+00
      4.591    15.6927   4.013929    31.9096       1447     6.0250     2.6544  0.000e+00
      4.572    15.6927   4.013955    31.9097       1448     6.0292     2.6527  0.000e+00
