PC2305/sbe033.cnv
* Sea-Bird SBE 19plus V2 Data File:
* FileName = C:\cruise\data\sbe033.hex
* Software Version Seasave V 7.26.7.121
* Temperature SN = 7142
* Conductivity SN = 7142
* System UpLoad Time = Oct 30 2023 05:39:10
** Cruise: PC2205
** Program: ECOMON
# nquan = 8
# nvalues = 1457                                  
# units = specified
# name 0 = depSM: Depth [salt water, m], lat = 40.00
# name 1 = tv290C: Temperature [ITS-90, deg C]
# name 2 = c0S/m: Conductivity [S/m]
# name 3 = sal00: Salinity, Practical [PSU]
# name 4 = scan: Scan Count
# name 5 = timeM: Time, Elapsed [minutes]
# name 6 = sbeox0V: Oxygen raw, SBE 43 [V]
# name 7 = flag:  0.000e+00
# span 0 =     -0.082,     45.145                 
# span 1 =    16.7007,    18.2612                 
# span 2 =   0.000031,   4.344790                 
# span 3 =     0.0092,    32.9940                 
# span 4 =         11,       1467                 
# span 5 =     0.0417,     6.1083                 
# span 6 =     2.4182,     3.0585                 
# span 7 = 0.0000e+00, 0.0000e+00                 
# interval = seconds: 0.25
# start_time = Oct 30 2023 05:39:10 [System UTC, header]
# bad_flag = -9.990e-29
*END*
     -0.066    18.1856   0.000037     0.0092         11     0.0417     3.0224  0.000e+00
     -0.064    18.1868   0.000037     0.0092         12     0.0458     3.0240  0.000e+00
     -0.064    18.1873   0.000037     0.0092         13     0.0500     3.0239  0.000e+00
     -0.066    18.1873   0.000037     0.0092         14     0.0542     3.0230  0.000e+00
     -0.064    18.1874   0.000031     0.0092         15     0.0583     3.0238  0.000e+00
     -0.066    18.1894   0.000037     0.0092         16     0.0625     3.0227  0.000e+00
     -0.060    18.1928   0.000037     0.0092         17     0.0667     3.0233  0.000e+00
     -0.062    18.1945   0.000043     0.0092         18     0.0708     3.0239  0.000e+00
     -0.062    18.1943   0.000040     0.0092         19     0.0750     3.0244  0.000e+00
     -0.062    18.1942   0.000037     0.0092         20     0.0792     3.0233  0.000e+00
     -0.066    18.1950   0.000037     0.0092         21     0.0833     3.0239  0.000e+00
     -0.062    18.1961   0.000040     0.0092         22     0.0875     3.0230  0.000e+00
     -0.058    18.1970   0.000037     0.0092         23     0.0917     3.0236  0.000e+00
     -0.060    18.1983   0.000037     0.0092         24     0.0958     3.0237  0.000e+00
     -0.073    18.2000   0.000037     0.0092         25     0.1000     3.0237  0.000e+00
     -0.060    18.2009   0.000037     0.0092         26     0.1042     3.0242  0.000e+00
     -0.058    18.2008   0.000037     0.0092         27     0.1083     3.0231  0.000e+00
     -0.060    18.2002   0.000037     0.0092         28     0.1125     3.0239  0.000e+00
     -0.066    18.2001   0.000037     0.0092         29     0.1167     3.0227  0.000e+00
     -0.064    18.2022   0.000043     0.0092         30     0.1208     3.0237  0.000e+00
     -0.066    18.2049   0.000037     0.0092         31     0.1250     3.0237  0.000e+00
     -0.064    18.2078   0.000040     0.0092         32     0.1292     3.0235  0.000e+00
     -0.060    18.2099   0.000037     0.0092         33     0.1333     3.0237  0.000e+00
     -0.060    18.2122   0.000037     0.0092         34     0.1375     3.0239  0.000e+00
     -0.062    18.2147   0.000031     0.0092         35     0.1417     3.0240  0.000e+00
     -0.064    18.2174   0.000031     0.0092         36     0.1458     3.0240  0.000e+00
     -0.058    18.2199   0.000037     0.0092         37     0.1500     3.0240  0.000e+00
     -0.058    18.2221   0.000031     0.0092         38     0.1542     3.0243  0.000e+00
     -0.058    18.2242   0.000040     0.0092         39     0.1583     3.0240  0.000e+00
     -0.057    18.2263   0.000037     0.0092         40     0.1625     3.0239  0.000e+00
     -0.060    18.2281   0.000031     0.0092         41     0.1667     3.0243  0.000e+00
     -0.058    18.2299   0.000031     0.0092         42     0.1708     3.0243  0.000e+00
     -0.057    18.2311   0.000037     0.0092         43     0.1750     3.0242  0.000e+00
     -0.055    18.2321   0.000037     0.0092         44     0.1792     3.0246  0.000e+00
     -0.051    18.2333   0.000037     0.0092         45     0.1833     3.0247  0.000e+00
     -0.057    18.2345   0.000037     0.0092         46     0.1875     3.0246  0.000e+00
     -0.058    18.2356   0.000031     0.0092         47     0.1917     3.0239  0.000e+00
     -0.059    18.2367   0.000031     0.0092         48     0.1958     3.0248  0.000e+00
     -0.058    18.2382   0.000031     0.0092         49     0.2000     3.0249  0.000e+00
     -0.055    18.2394   0.000037     0.0092         50     0.2042     3.0250  0.000e+00
     -0.057    18.2408   0.000037     0.0092         51     0.2083     3.0242  0.000e+00
     -0.060    18.2419   0.000037     0.0092         52     0.2125     3.0247  0.000e+00
     -0.055    18.2437   0.000037     0.0092         53     0.2167     3.0246  0.000e+00
     -0.057    18.2455   0.000037     0.0092         54     0.2208     3.0250  0.000e+00
     -0.059    18.2473   0.000037     0.0092         55     0.2250     3.0247  0.000e+00
     -0.057    18.2494   0.000037     0.0092         56     0.2292     3.0242  0.000e+00
     -0.053    18.2508   0.000031     0.0092         57     0.2333     3.0255  0.000e+00
     -0.055    18.2522   0.000031     0.0092         58     0.2375     3.0256  0.000e+00
     -0.060    18.2556   0.000031     0.0092         59     0.2417     3.0243  0.000e+00
     -0.051    18.2589   0.000037     0.0092         60     0.2458     3.0585  0.000e+00
     -0.055    18.2601   0.000031     0.0092         61     0.2500     3.0216  0.000e+00
     -0.055    18.2598   0.000040     0.0092         62     0.2542     3.0206  0.000e+00
     -0.055    18.2601   0.000037     0.0092         63     0.2583     3.0172  0.000e+00
      0.003    18.2612   2.397047    16.9531         64     0.2625     3.0085  0.000e+00
      0.078    18.2584   2.353257    16.6155         65     0.2667     2.9943  0.000e+00
      0.067    18.2020   4.032515    30.1378         66     0.2708     2.9754  0.000e+00
      0.049    18.1082   4.279544    32.2778         67     0.2750     2.9532  0.000e+00
     -0.032    18.0230   3.817462    28.4793         68     0.2792     2.9310  0.000e+00
     -0.059    17.9715   1.741952    12.0518         69     0.2833     2.9105  0.000e+00
     -0.059    17.9515   0.549956     3.4839         70     0.2875     2.8923  0.000e+00
     -0.059    17.9472   0.370518     2.2885         71     0.2917     2.8743  0.000e+00
     -0.053    17.9477   0.302059     1.8430         72     0.2958     2.8622  0.000e+00
     -0.057    17.9497   0.261013     1.5793         73     0.3000     2.8550  0.000e+00
     -0.055    17.9527   0.236504     1.4231         74     0.3042     2.8534  0.000e+00
     -0.060    17.9562   0.221348     1.3270         75     0.3083     2.8451  0.000e+00
     -0.066    17.9602   0.207768     1.2413         76     0.3125     2.8338  0.000e+00
     -0.066    17.9663   1.007941     6.6681         77     0.3167     2.8153  0.000e+00
     -0.059    17.9740   1.001655     6.6221         78     0.3208     2.8009  0.000e+00
     -0.055    17.9790   0.234452     1.4092         79     0.3250     2.7940  0.000e+00
     -0.055    17.9818   0.215707     1.2906         80     0.3292     2.7923  0.000e+00
     -0.064    17.9839   0.185133     1.0989         81     0.3333     2.7982  0.000e+00
     -0.062    17.9861   0.167746     0.9907         82     0.3375     2.8158  0.000e+00
     -0.057    17.9885   0.155726     0.9163         83     0.3417     2.8330  0.000e+00
     -0.055    17.9912   0.152665     0.8974         84     0.3458     2.8416  0.000e+00
     -0.059    17.9945   0.143249     0.8394         85     0.3500     2.8412  0.000e+00
     -0.059    17.9982   0.138873     0.8125         86     0.3542     2.8320  0.000e+00
     -0.062    18.0006   0.138366     0.8094         87     0.3583     2.8187  0.000e+00
     -0.068    18.0039   0.134128     0.7834         88     0.3625     2.8061  0.000e+00
     -0.073    18.0091   0.130152     0.7590         89     0.3667     2.7932  0.000e+00
     -0.068    18.0123   0.122573     0.7128         90     0.3708     2.7834  0.000e+00
     -0.060    18.0145   0.108599     0.6282         91     0.3750     2.7736  0.000e+00
     -0.062    18.0162   0.102723     0.5928         92     0.3792     2.7651  0.000e+00
     -0.066    18.0181   0.103101     0.5951         93     0.3833     2.7615  0.000e+00
     -0.069    18.0230   0.100661     0.5803         94     0.3875     2.7683  0.000e+00
     -0.068    18.0272   0.093190     0.5355         95     0.3917     2.7771  0.000e+00
     -0.064    18.0294   0.091201     0.5236         96     0.3958     2.7836  0.000e+00
     -0.068    18.0311   0.089350     0.5125         97     0.4000     2.7906  0.000e+00
     -0.071    18.0349   0.089895     0.5158         98     0.4042     2.7969  0.000e+00
     -0.064    18.0386   0.087063     0.4988         99     0.4083     2.7991  0.000e+00
     -0.064    18.0407   0.081135     0.4636        100     0.4125     2.7961  0.000e+00
     -0.060    18.0421   0.076118     0.4339        101     0.4167     2.7893  0.000e+00
     -0.062    18.0439   0.074967     0.4271        102     0.4208     2.7897  0.000e+00
     -0.068    18.0477   0.072655     0.4134        103     0.4250     2.7962  0.000e+00
     -0.066    18.0508   0.069691     0.3960        104     0.4292     2.8029  0.000e+00
     -0.066    18.0525   0.068134     0.3868        105     0.4333     2.8031  0.000e+00
     -0.071    18.0542   0.066941     0.3798        106     0.4375     2.8017  0.000e+00
     -0.068    18.0577   0.066082     0.3747        107     0.4417     2.8030  0.000e+00
     -0.068    18.0602   0.064882     0.3677        108     0.4458     2.8029  0.000e+00
     -0.068    18.0619   0.062966     0.3565        109     0.4500     2.8000  0.000e+00
     -0.062    18.0629   0.060277     0.3408        110     0.4542     2.7916  0.000e+00
     -0.064    18.0638   0.056981     0.3216        111     0.4583     2.7769  0.000e+00
     -0.069    18.0647   0.053169     0.2995        112     0.4625     2.7613  0.000e+00
     -0.069    18.0656   0.050522     0.2841        113     0.4667     2.7439  0.000e+00
     -0.069    18.0675   0.048286     0.2712        114     0.4708     2.7259  0.000e+00
     -0.066    18.0695   0.045831     0.2571        115     0.4750     2.7103  0.000e+00
     -0.069    18.0705   0.042619     0.2387        116     0.4792     2.6987  0.000e+00
     -0.069    18.0713   0.039449     0.2206        117     0.4833     2.6921  0.000e+00
     -0.068    18.0725   0.034267     0.1911        118     0.4875     2.6858  0.000e+00
     -0.071    18.0740   0.028921     0.1610        119     0.4917     2.6759  0.000e+00
     -0.082    18.0758   0.028986     0.1614        120     0.4958     2.6655  0.000e+00
     -0.075    18.0791   0.030158     0.1680        121     0.5000     2.6500  0.000e+00
     -0.075    18.0828   0.031564     0.1758        122     0.5042     2.6397  0.000e+00
     -0.069    18.0848   0.032385     0.1805        123     0.5083     2.6362  0.000e+00
     -0.066    18.0856   0.326614     1.9954        124     0.5125     2.6379  0.000e+00
     -0.055    18.0874   3.501889    25.8393        125     0.5167     2.6375  0.000e+00
      0.035    18.0901   4.344261    32.8382        126     0.5208     2.6394  0.000e+00
      0.182    18.0828   4.344288    32.8442        127     0.5250     2.6452  0.000e+00
      0.326    18.0737   4.344063    32.8495        128     0.5292     2.6507  0.000e+00
      0.490    18.0721   4.082195    30.6485        129     0.5333     2.6535  0.000e+00
      0.658    18.0755   2.643158    18.9554        130     0.5375     2.6522  0.000e+00
      0.808    18.0805   3.184325    23.2653        131     0.5417     2.6460  0.000e+00
      0.946    18.0893   2.584220    18.4858        132     0.5458     2.6406  0.000e+00
      1.108    18.0957   2.429344    17.2723        133     0.5500     2.6331  0.000e+00
      1.269    18.0991   2.715644    19.5156        134     0.5542     2.6226  0.000e+00
      1.406    18.0997   2.913846    21.0869        135     0.5583     2.6082  0.000e+00
      1.537    18.0975   4.004150    29.9777        136     0.5625     2.5921  0.000e+00
      1.674    18.0880   2.555238    18.2590        137     0.5667     2.5743  0.000e+00
      1.828    18.0761   3.088276    22.4945        138     0.5708     2.5579  0.000e+00
      1.985    18.0708   4.344790    32.8574        139     0.5750     2.5470  0.000e+00
      2.161    18.0816   4.343919    32.8413        140     0.5792     2.5374  0.000e+00
      2.331    18.0900   3.562035    26.3290        141     0.5833     2.5364  0.000e+00
      2.497    18.0913   2.386586    16.9413        142     0.5875     2.5476  0.000e+00
      2.664    18.0904   1.686028    11.5979        143     0.5917     2.5640  0.000e+00
      2.820    18.0907   3.236810    23.6826        144     0.5958     2.5797  0.000e+00
      2.993    18.0968   4.330613    32.7165        145     0.6000     2.5911  0.000e+00
      3.174    18.1014   4.330488    32.7117        146     0.6042     2.6016  0.000e+00
      3.363    18.0970   4.342540    32.8169        147     0.6083     2.6074  0.000e+00
      3.548    18.0921   4.342547    32.8208        148     0.6125     2.6092  0.000e+00
      3.728    18.0864   4.342494    32.8249        149     0.6167     2.6069  0.000e+00
      3.898    18.0820   4.342244    32.8262        150     0.6208     2.6032  0.000e+00
      4.055    18.0796   4.029863    30.2045        151     0.6250     2.5989  0.000e+00
      4.197    18.0781   3.789724    28.2102        152     0.6292     2.5919  0.000e+00
      4.331    18.0781   3.281797    24.0534        153     0.6333     2.5857  0.000e+00
      4.454    18.0787   3.178896    23.2215        154     0.6375     2.5763  0.000e+00
      4.583    18.0796   3.739194    27.7917        155     0.6417     2.5680  0.000e+00
      4.705    18.0806   3.725572    27.6786        156     0.6458     2.5583  0.000e+00
      4.831    18.0848   4.342304    32.8242        157     0.6500     2.5463  0.000e+00
      4.959    18.0913   4.342370    32.8195        158     0.6542     2.5357  0.000e+00
      5.102    18.0921   4.342370    32.8187        159     0.6583     2.5229  0.000e+00
      5.246    18.0880   4.342277    32.8212        160     0.6625     2.5106  0.000e+00
      5.399    18.0828   4.342172    32.8245        161     0.6667     2.4960  0.000e+00
      5.555    18.0779   4.342119    32.8279        162     0.6708     2.4788  0.000e+00
      5.715    18.0737   4.342020    32.8303        163     0.6750     2.4630  0.000e+00
      5.889    18.0708   4.341941    32.8320        164     0.6792     2.4456  0.000e+00
      6.060    18.0685   4.341823    32.8327        165     0.6833     2.4327  0.000e+00
      6.227    18.0666   4.341671    32.8330        166     0.6875     2.4235  0.000e+00
      6.400    18.0646   4.341599    32.8339        167     0.6917     2.4182  0.000e+00
      6.572    18.0626   4.341553    32.8350        168     0.6958     2.4187  0.000e+00
      6.732    18.0605   4.341474    32.8360        169     0.7000     2.4239  0.000e+00
      6.896    18.0592   4.341500    32.8372        170     0.7042     2.4299  0.000e+00
      7.045    18.0578   4.341395    32.8373        171     0.7083     2.4369  0.000e+00
      7.203    18.0563   4.341071    32.8358        172     0.7125     2.4417  0.000e+00
      7.349    18.0547   4.340847    32.8352        173     0.7167     2.4453  0.000e+00
      7.500    18.0532   4.340478    32.8331        174     0.7208     2.4490  0.000e+00
      7.650    18.0518   4.340168    32.8316        175     0.7250     2.4513  0.000e+00
      7.805    18.0496   4.339825    32.8304        176     0.7292     2.4532  0.000e+00
      7.960    18.0470   4.339502    32.8297        177     0.7333     2.4566  0.000e+00
      8.118    18.0422   4.339304    32.8319        178     0.7375     2.4617  0.000e+00
      8.278    18.0372   4.339206    32.8349        179     0.7417     2.4694  0.000e+00
      8.441    18.0345   4.339206    32.8371        180     0.7458     2.4785  0.000e+00
      8.610    18.0325   4.338955    32.8365        181     0.7500     2.4884  0.000e+00
      8.788    18.0324   4.338738    32.8346        182     0.7542     2.4965  0.000e+00
      8.955    18.0334   4.338210    32.8294        183     0.7583     2.5110  0.000e+00
      9.128    18.0327   4.337762    32.8261        184     0.7625     2.5209  0.000e+00
      9.295    18.0291   4.337610    32.8276        185     0.7667     2.5306  0.000e+00
      9.462    18.0246   4.337406    32.8295        186     0.7708     2.5377  0.000e+00
      9.629    18.0211   4.337340    32.8316        187     0.7750     2.5444  0.000e+00
      9.798    18.0180   4.337261    32.8334        188     0.7792     2.5503  0.000e+00
      9.960    18.0154   4.337176    32.8347        189     0.7833     2.5544  0.000e+00
