PC2305/sbe093.cnv
* Sea-Bird SBE 19plus V2 Data File:
* FileName = C:\cruise\data\sbe093.hex
* Software Version Seasave V 7.26.7.121
* Temperature SN = 7142
* Conductivity SN = 7142
* System UpLoad Time = Nov 05 2023 05:09:54
** Cruise: PC2205
** Program: ECOMON
# nquan = 8
# nvalues = 1808                                  
# units = specified
# name 0 = depSM: Depth [salt water, m], lat = 40.00
# name 1 = tv290C: Temperature [ITS-90, deg C]
# name 2 = c0S/m: Conductivity [S/m]
# name 3 = sal00: Salinity, Practical [PSU]
# name 4 = scan: Scan Count
# name 5 = timeM: Time, Elapsed [minutes]
# name 6 = sbeox0V: Oxygen raw, SBE 43 [V]
# name 7 = flag:  0.000e+00
# span 0 =     -0.007,     70.864                 
# span 1 =    12.3273,    12.9311                 
# span 2 =   0.000065,   3.785988                 
# span 3 =     0.0066,    32.1731                 
# span 4 =         11,       1818                 
# span 5 =     0.0417,     7.5708                 
# span 6 =     2.3397,     2.7392                 
# span 7 = 0.0000e+00, 0.0000e+00                 
# interval = seconds: 0.25
# start_time = Nov 05 2023 05:09:54 [System UTC, header]
# bad_flag = -9.990e-29
*END*
      0.001    12.7476   0.000076     0.0066         11     0.0417     2.5325  0.000e+00
      0.002    12.7476   0.000065     0.0066         12     0.0458     2.5329  0.000e+00
     -0.003    12.7475   0.000076     0.0066         13     0.0500     2.5325  0.000e+00
      0.001    12.7475   0.000071     0.0066         14     0.0542     2.5328  0.000e+00
      0.001    12.7473   0.000071     0.0066         15     0.0583     2.5336  0.000e+00
     -0.001    12.7472   0.000071     0.0066         16     0.0625     2.5329  0.000e+00
      0.001    12.7472   0.000076     0.0066         17     0.0667     2.5338  0.000e+00
      0.002    12.7471   0.000076     0.0066         18     0.0708     2.5322  0.000e+00
      0.002    12.7471   0.000065     0.0066         19     0.0750     2.5330  0.000e+00
      0.004    12.7470   0.000071     0.0066         20     0.0792     2.5321  0.000e+00
      0.002    12.7471   0.000071     0.0066         21     0.0833     2.5333  0.000e+00
      0.002    12.7468   0.000065     0.0066         22     0.0875     2.5330  0.000e+00
      0.004    12.7468   0.000071     0.0066         23     0.0917     2.5330  0.000e+00
      0.008    12.7468   0.000065     0.0066         24     0.0958     2.5336  0.000e+00
      0.006    12.7466   0.000071     0.0066         25     0.1000     2.5327  0.000e+00
      0.008    12.7466   0.000071     0.0066         26     0.1042     2.5335  0.000e+00
      0.006    12.7466   0.000071     0.0066         27     0.1083     2.5338  0.000e+00
      0.004    12.7463   0.000071     0.0066         28     0.1125     2.5334  0.000e+00
      0.008    12.7463   0.000071     0.0066         29     0.1167     2.5327  0.000e+00
      0.006    12.7460   0.000071     0.0066         30     0.1208     2.5331  0.000e+00
      0.008    12.7457   0.000076     0.0066         31     0.1250     2.5338  0.000e+00
      0.008    12.7458   0.000071     0.0066         32     0.1292     2.5333  0.000e+00
      0.010    12.7457   0.000076     0.0066         33     0.1333     2.5341  0.000e+00
      0.008    12.7456   0.000076     0.0066         34     0.1375     2.5338  0.000e+00
      0.008    12.7456   0.000076     0.0066         35     0.1417     2.5340  0.000e+00
      0.006    12.7454   0.000065     0.0066         36     0.1458     2.5337  0.000e+00
      0.004    12.7451   0.000071     0.0066         37     0.1500     2.5333  0.000e+00
      0.008    12.7452   0.000071     0.0066         38     0.1542     2.5335  0.000e+00
      0.004    12.7450   0.000071     0.0066         39     0.1583     2.5341  0.000e+00
      0.006    12.7446   0.000071     0.0066         40     0.1625     2.5329  0.000e+00
      0.002    12.7446   0.000071     0.0066         41     0.1667     2.5335  0.000e+00
      0.001    12.7444   0.000071     0.0066         42     0.1708     2.5335  0.000e+00
     -0.001    12.7443   0.000071     0.0066         43     0.1750     2.5337  0.000e+00
      0.004    12.7443   0.000071     0.0066         44     0.1792     2.5338  0.000e+00
      0.006    12.7441   0.000071     0.0066         45     0.1833     2.5346  0.000e+00
      0.006    12.7440   0.000065     0.0066         46     0.1875     2.5341  0.000e+00
      0.004    12.7438   0.000071     0.0066         47     0.1917     2.5336  0.000e+00
      0.006    12.7434   0.000065     0.0066         48     0.1958     2.5344  0.000e+00
      0.008    12.7433   0.000071     0.0066         49     0.2000     2.5338  0.000e+00
      0.008    12.7433   0.000071     0.0066         50     0.2042     2.5344  0.000e+00
      0.006    12.7432   0.000071     0.0066         51     0.2083     2.5339  0.000e+00
      0.010    12.7430   0.000071     0.0066         52     0.2125     2.5343  0.000e+00
      0.011    12.7429   0.000071     0.0066         53     0.2167     2.5335  0.000e+00
      0.013    12.7428   0.000076     0.0066         54     0.2208     2.5344  0.000e+00
      0.008    12.7426   0.000071     0.0066         55     0.2250     2.5339  0.000e+00
      0.008    12.7426   0.000076     0.0066         56     0.2292     2.5338  0.000e+00
      0.011    12.7425   0.000071     0.0066         57     0.2333     2.5339  0.000e+00
      0.010    12.7422   0.000071     0.0066         58     0.2375     2.5341  0.000e+00
      0.008    12.7427   0.000076     0.0066         59     0.2417     2.5346  0.000e+00
      0.010    12.7433   0.000071     0.0066         60     0.2458     2.5354  0.000e+00
      0.010    12.7440   0.358603     2.5189         61     0.2500     2.5441  0.000e+00
      0.006    12.7448   0.870406     6.4962         62     0.2542     2.5607  0.000e+00
      0.011    12.7451   1.894080    15.0675         63     0.2583     2.5811  0.000e+00
      0.008    12.7451   1.320503    10.1843         64     0.2625     2.5983  0.000e+00
      0.006    12.7446   0.588694     4.2714         65     0.2667     2.6107  0.000e+00
      0.026    12.7477   3.514687    29.7105         66     0.2708     2.6143  0.000e+00
      0.161    12.7644   2.354875    19.1036         67     0.2750     2.6110  0.000e+00
      0.259    12.7873   3.308002    27.7516         68     0.2792     2.6055  0.000e+00
      0.349    12.8053   3.298346    27.6487         69     0.2833     2.6032  0.000e+00
      0.382    12.8177   3.690844    31.3106         70     0.2875     2.6012  0.000e+00
      0.351    12.8251   3.692103    31.3165         71     0.2917     2.6009  0.000e+00
      0.254    12.8297   3.772024    32.0675         72     0.2958     2.5970  0.000e+00
      0.092    12.8363   3.769397    32.0371         73     0.3000     2.5912  0.000e+00
      0.011    12.8438   3.343562    28.0401         74     0.3042     2.5911  0.000e+00
      0.013    12.8494   0.655703     4.7804         75     0.3083     2.5949  0.000e+00
      0.015    12.8508   0.404951     2.8582         76     0.3125     2.6069  0.000e+00
      0.017    12.8494   0.311681     2.1648         77     0.3167     2.6220  0.000e+00
      0.010    12.8479   0.267358     1.8404         78     0.3208     2.6409  0.000e+00
      0.013    12.8465   0.245111     1.6790         79     0.3250     2.6584  0.000e+00
      0.011    12.8455   0.226878     1.5475         80     0.3292     2.6697  0.000e+00
      0.013    12.8445   0.207926     1.4115         81     0.3333     2.6751  0.000e+00
      0.015    12.8432   0.195117     1.3201         82     0.3375     2.6725  0.000e+00
      0.011    12.8424   0.185749     1.2535         83     0.3417     2.6627  0.000e+00
      0.010    12.8412   0.175311     1.1796         84     0.3458     2.6526  0.000e+00
      0.011    12.8403   0.161117     1.0794         85     0.3500     2.6376  0.000e+00
      0.010    12.8393   0.149267     0.9963         86     0.3542     2.6218  0.000e+00
      0.011    12.8382   0.147748     0.9857         87     0.3583     2.6038  0.000e+00
      0.011    12.8370   0.146754     0.9787         88     0.3625     2.5851  0.000e+00
      0.008    12.8358   0.141133     0.9395         89     0.3667     2.5673  0.000e+00
      0.010    12.8341   2.927728    24.2206         90     0.3708     2.5527  0.000e+00
      0.063    12.8330   3.762546    31.9752         91     0.3750     2.5418  0.000e+00
      0.150    12.8347   3.762073    31.9692         92     0.3792     2.5405  0.000e+00
      0.175    12.8363   3.768824    32.0317         93     0.3833     2.5467  0.000e+00
      0.117    12.8371   3.776266    32.1015         94     0.3875     2.5536  0.000e+00
      0.019    12.8408   3.713734    31.5076         95     0.3917     2.5605  0.000e+00
      0.008    12.8455   0.877953     6.5394         96     0.3958     2.5640  0.000e+00
      0.008    12.8464   0.493061     3.5253         97     0.4000     2.5710  0.000e+00
      0.008    12.8445   0.373488     2.6232         98     0.4042     2.5817  0.000e+00
      0.006    12.8426   0.302427     2.0971         99     0.4083     2.5950  0.000e+00
      0.006    12.8415   0.262725     1.8070        100     0.4125     2.6100  0.000e+00
      0.002    12.8409   0.234581     1.6032        101     0.4167     2.6212  0.000e+00
      0.004    12.8404   0.216554     1.4735        102     0.4208     2.6275  0.000e+00
     -0.001    12.8399   0.201928     1.3688        103     0.4250     2.6280  0.000e+00
      0.004    12.8391   0.187720     1.2676        104     0.4292     2.6242  0.000e+00
     -0.001    12.8386   0.174866     1.1765        105     0.4333     2.6156  0.000e+00
      0.002    12.8380   0.165433     1.1099        106     0.4375     2.6060  0.000e+00
     -0.001    12.8373   0.156908     1.0499        107     0.4417     2.5904  0.000e+00
     -0.001    12.8369   0.148234     0.9891        108     0.4458     2.5753  0.000e+00
      0.004    12.8361   0.143553     0.9564        109     0.4500     2.5595  0.000e+00
      0.008    12.8354   0.141067     0.9390        110     0.4542     2.5437  0.000e+00
      0.001    12.8346   0.132532     0.8796        111     0.4583     2.5289  0.000e+00
      0.006    12.8340   0.129042     0.8554        112     0.4625     2.5140  0.000e+00
      0.008    12.8332   0.123820     0.8192        113     0.4667     2.4979  0.000e+00
      0.001    12.8327   0.119949     0.7924        114     0.4708     2.4831  0.000e+00
      0.002    12.8320   0.118316     0.7811        115     0.4750     2.4678  0.000e+00
      0.001    12.8312   0.115318     0.7604        116     0.4792     2.4539  0.000e+00
     -0.001    12.8305   0.109104     0.7177        117     0.4833     2.4410  0.000e+00
     -0.005    12.8299   0.100480     0.6585        118     0.4875     2.4295  0.000e+00
     -0.003    12.8288   0.093033     0.6077        119     0.4917     2.4202  0.000e+00
     -0.003    12.8279   0.092489     0.6040        120     0.4958     2.4133  0.000e+00
     -0.001    12.8274   0.089213     0.5818        121     0.5000     2.4112  0.000e+00
      0.006    12.8266   0.087645     0.5711        122     0.5042     2.4153  0.000e+00
      0.001    12.8260   0.084482     0.5497        123     0.5083     2.4192  0.000e+00
     -0.003    12.8251   0.084227     0.5480        124     0.5125     2.4274  0.000e+00
      0.002    12.8243   0.083964     0.5462        125     0.5167     2.4343  0.000e+00
      0.001    12.8236   0.080169     0.5205        126     0.5208     2.4439  0.000e+00
     -0.001    12.8229   0.078257     0.5076        127     0.5250     2.4546  0.000e+00
     -0.001    12.8220   0.076186     0.4937        128     0.5292     2.4618  0.000e+00
     -0.003    12.8213   0.072956     0.4720        129     0.5333     2.4689  0.000e+00
     -0.003    12.8206   0.069815     0.4509        130     0.5375     2.4742  0.000e+00
     -0.005    12.8203   0.068327     0.4409        131     0.5417     2.4779  0.000e+00
     -0.005    12.8195   0.067346     0.4343        132     0.5458     2.4794  0.000e+00
     -0.003    12.8188   0.067108     0.4328        133     0.5500     2.4773  0.000e+00
     -0.007    12.8184   0.066881     0.4312        134     0.5542     2.4714  0.000e+00
     -0.005    12.8177   1.416300    10.9658        135     0.5583     2.4636  0.000e+00
      0.047    12.8169   3.717695    31.5649        136     0.5625     2.4565  0.000e+00
      0.153    12.8191   3.777393    32.1274        137     0.5667     2.4531  0.000e+00
      0.267    12.8249   3.777231    32.1209        138     0.5708     2.4568  0.000e+00
      0.382    12.8283   3.777026    32.1160        139     0.5750     2.4648  0.000e+00
      0.497    12.8303   3.776907    32.1131        140     0.5792     2.4746  0.000e+00
      0.590    12.8317   3.777013    32.1129        141     0.5833     2.4830  0.000e+00
      0.665    12.8342   3.777512    32.1155        142     0.5875     2.4872  0.000e+00
      0.714    12.8387   3.777973    32.1160        143     0.5917     2.4877  0.000e+00
      0.732    12.8431   3.777979    32.1123        144     0.5958     2.4840  0.000e+00
      0.727    12.8462   3.777325    32.1034        145     0.6000     2.4778  0.000e+00
      0.710    12.8488   3.777169    32.0998        146     0.6042     2.4704  0.000e+00
      0.710    12.8496   3.777119    32.0986        147     0.6083     2.4617  0.000e+00
      0.737    12.8480   3.777069    32.0995        148     0.6125     2.4549  0.000e+00
      0.795    12.8462   3.777057    32.1009        149     0.6167     2.4479  0.000e+00
      0.888    12.8442   3.777119    32.1031        150     0.6208     2.4436  0.000e+00
      1.018    12.8427   3.205535    26.7628        151     0.6250     2.4388  0.000e+00
      1.178    12.8410   2.689314    22.0547        152     0.6292     2.4333  0.000e+00
      1.348    12.8394   3.775593    32.0926        153     0.6333     2.4251  0.000e+00
      1.528    12.8366   3.777419    32.1122        154     0.6375     2.4164  0.000e+00
      1.708    12.8355   3.770082    32.0436        155     0.6417     2.4072  0.000e+00
      1.884    12.8358   3.215582    26.8601        156     0.6458     2.3957  0.000e+00
      2.047    12.8363   3.225769    26.9538        157     0.6500     2.3873  0.000e+00
      2.211    12.8362   3.777624    32.1142        158     0.6542     2.3821  0.000e+00
      2.382    12.8348   3.777625    32.1153        159     0.6583     2.3803  0.000e+00
      2.531    12.8351   3.777301    32.1119        160     0.6625     2.3825  0.000e+00
      2.660    12.8353   3.777207    32.1108        161     0.6667     2.3855  0.000e+00
      2.753    12.8353   3.777363    32.1123        162     0.6708     2.3876  0.000e+00
      2.818    12.8376   3.777812    32.1145        163     0.6750     2.3900  0.000e+00
      2.870    12.8409   3.777650    32.1102        164     0.6792     2.3920  0.000e+00
      2.948    12.8434   3.777456    32.1062        165     0.6833     2.3976  0.000e+00
      3.027    12.8452   3.777463    32.1047        166     0.6875     2.4008  0.000e+00
      3.129    12.8439   3.777463    32.1057        167     0.6917     2.4038  0.000e+00
      3.251    12.8417   3.506091    29.5551        168     0.6958     2.4052  0.000e+00
      3.397    12.8401   2.686574    22.0299        169     0.7000     2.4054  0.000e+00
      3.559    12.8389   3.736292    31.7207        170     0.7042     2.4083  0.000e+00
      3.736    12.8373   3.777812    32.1144        171     0.7083     2.4109  0.000e+00
      3.927    12.8371   3.777937    32.1157        172     0.7125     2.4137  0.000e+00
      4.125    12.8379   3.778018    32.1157        173     0.7167     2.4157  0.000e+00
      4.328    12.8391   3.778086    32.1152        174     0.7208     2.4182  0.000e+00
      4.518    12.8401   3.778136    32.1148        175     0.7250     2.4261  0.000e+00
      4.698    12.8410   3.778180    32.1144        176     0.7292     2.4324  0.000e+00
      4.872    12.8419   3.778180    32.1135        177     0.7333     2.4385  0.000e+00
      5.023    12.8428   3.778136    32.1123        178     0.7375     2.4449  0.000e+00
      5.170    12.8434   3.777974    32.1102        179     0.7417     2.4504  0.000e+00
      5.296    12.8436   3.777694    32.1074        180     0.7458     2.4511  0.000e+00
      5.409    12.8434   3.777675    32.1073        181     0.7500     2.4511  0.000e+00
      5.508    12.8428   3.777650    32.1075        182     0.7542     2.4466  0.000e+00
      5.594    12.8399   3.777651    32.1099        183     0.7583     2.4404  0.000e+00
      5.675    12.8366   3.777676    32.1130        184     0.7625     2.4331  0.000e+00
      5.762    12.8346   3.778049    32.1182        185     0.7667     2.4244  0.000e+00
      5.871    12.8335   3.778180    32.1203        186     0.7708     2.4142  0.000e+00
      6.006    12.8356   3.778205    32.1187        187     0.7750     2.4063  0.000e+00
      6.155    12.8381   3.778423    32.1186        188     0.7792     2.3980  0.000e+00
      6.324    12.8398   3.778573    32.1185        189     0.7833     2.3933  0.000e+00
