PC2305/sbe069.cnv
* Sea-Bird SBE 19plus V2 Data File:
* FileName = C:\cruise\data\sbe069.hex
* Software Version Seasave V 7.26.7.121
* Temperature SN = 7142
* Conductivity SN = 7142
* System UpLoad Time = Nov 03 2023 02:39:34
** Cruise: PC2205
** Program: ECOMON
# nquan = 8
# nvalues = 1362                                  
# units = specified
# name 0 = depSM: Depth [salt water, m], lat = 40.00
# name 1 = tv290C: Temperature [ITS-90, deg C]
# name 2 = c0S/m: Conductivity [S/m]
# name 3 = sal00: Salinity, Practical [PSU]
# name 4 = scan: Scan Count
# name 5 = timeM: Time, Elapsed [minutes]
# name 6 = sbeox0V: Oxygen raw, SBE 43 [V]
# name 7 = flag:  0.000e+00
# span 0 =      0.087,     46.279                 
# span 1 =     7.8334,    15.9219                 
# span 2 =   0.000045,   4.078326                 
# span 3 =     0.0038,    32.7108                 
# span 4 =         11,       1372                 
# span 5 =     0.0417,     5.7125                 
# span 6 =     1.9443,     3.1689                 
# span 7 = 0.0000e+00, 0.0000e+00                 
# interval = seconds: 0.25
# start_time = Nov 03 2023 02:39:34 [System UTC, header]
# bad_flag = -9.990e-29
*END*
[from data line 540]
     42.570    15.3027   4.061897    32.6425        551     2.2917     1.9594  0.000e+00
     42.508    15.3458   4.062693    32.6139        552     2.2958     1.9635  0.000e+00
     42.452    15.3779   4.063218    32.5920        553     2.3000     1.9690  0.000e+00
     42.398    15.4005   4.063340    32.5743        554     2.3042     1.9778  0.000e+00
     42.344    15.4137   4.065458    32.5824        555     2.3083     1.9917  0.000e+00
     42.295    15.4324   4.066633    32.5773        556     2.3125     2.0091  0.000e+00
     42.249    15.4546   4.067576    32.5674        557     2.3167     2.0274  0.000e+00
     42.206    15.4752   4.068635    32.5599        558     2.3208     2.0463  0.000e+00
     42.162    15.4948   4.069887    32.5549        559     2.3250     2.0663  0.000e+00
     42.121    15.5138   4.070202    32.5419        560     2.3292     2.0832  0.000e+00
     42.076    15.5293   4.070394    32.5309        561     2.3333     2.0994  0.000e+00
     42.038    15.5411   4.070632    32.5233        562     2.3375     2.1185  0.000e+00
     41.995    15.5513   4.070535    32.5140        563     2.3417     2.1354  0.000e+00
     41.958    15.5592   4.070818    32.5101        564     2.3458     2.1524  0.000e+00
     41.911    15.5664   4.071646    32.5115        565     2.3500     2.1682  0.000e+00
     41.864    15.5752   4.073188    32.5180        566     2.3542     2.1843  0.000e+00
     41.823    15.5867   4.073451    32.5109        567     2.3583     2.1984  0.000e+00
     41.774    15.5961   4.072899    32.4982        568     2.3625     2.2122  0.000e+00
     41.722    15.6026   4.072584    32.4900        569     2.3667     2.2252  0.000e+00
     41.672    15.6105   4.072776    32.4853        570     2.3708     2.2362  0.000e+00
     41.620    15.6203   4.073573    32.4843        571     2.3750     2.2480  0.000e+00
     41.567    15.6309   4.073932    32.4788        572     2.3792     2.2579  0.000e+00
     41.512    15.6414   4.074125    32.4719        573     2.3833     2.2673  0.000e+00
     41.458    15.6509   4.074253    32.4652        574     2.3875     2.2762  0.000e+00
     41.406    15.6622   4.074317    32.4565        575     2.3917     2.2878  0.000e+00
     41.352    15.6739   4.074414    32.4478        576     2.3958     2.2977  0.000e+00
     41.301    15.6848   4.074201    32.4370        577     2.4000     2.3091  0.000e+00
     41.257    15.6955   4.074683    32.4325        578     2.4042     2.3201  0.000e+00
     41.213    15.7078   4.075840    32.4327        579     2.4083     2.3323  0.000e+00
     41.168    15.7283   4.076566    32.4223        580     2.4125     2.3462  0.000e+00
     41.125    15.7571   4.077529    32.4073        581     2.4167     2.3597  0.000e+00
     41.088    15.7913   4.078326    32.3863        582     2.4208     2.3732  0.000e+00
     41.050    15.8391   4.077142    32.3368        583     2.4250     2.3887  0.000e+00
     41.014    15.8805   4.075664    32.2899        584     2.4292     2.4093  0.000e+00
     40.974    15.9055   4.074198    32.2566        585     2.4333     2.4299  0.000e+00
     40.937    15.9171   4.073132    32.2377        586     2.4375     2.4552  0.000e+00
     40.897    15.9215   4.071641    32.2210        587     2.4417     2.4854  0.000e+00
     40.861    15.9219   4.070241    32.2084        588     2.4458     2.5162  0.000e+00
     40.823    15.9189   4.069618    32.2053        589     2.4500     2.5448  0.000e+00
     40.791    15.9155   4.069207    32.2044        590     2.4542     2.5722  0.000e+00
     40.748    15.9128   4.069014    32.2050        591     2.4583     2.5994  0.000e+00
     40.710    15.9106   4.068385    32.2012        592     2.4625     2.6220  0.000e+00
     40.678    15.9093   4.067184    32.1917        593     2.4667     2.6415  0.000e+00
     40.640    15.9067   4.066170    32.1848        594     2.4708     2.6575  0.000e+00
     40.602    15.9031   4.063955    32.1683        595     2.4750     2.6724  0.000e+00
     40.563    15.8971   4.063018    32.1649        596     2.4792     2.6854  0.000e+00
     40.516    15.8904   4.062133    32.1625        597     2.4833     2.6949  0.000e+00
     40.473    15.8848   4.061818    32.1643        598     2.4875     2.7044  0.000e+00
     40.428    15.8805   4.060112    32.1527        599     2.4917     2.7104  0.000e+00
     40.383    15.8750   4.057853    32.1372        600     2.4958     2.7155  0.000e+00
     40.333    15.8671   4.057539    32.1409        601     2.5000     2.7209  0.000e+00
     40.277    15.8604   4.057398    32.1451        602     2.5042     2.7233  0.000e+00
     40.225    15.8563   4.056462    32.1402        603     2.5083     2.7251  0.000e+00
     40.169    15.8529   4.056006    32.1390        604     2.5125     2.7272  0.000e+00
     40.117    15.8489   4.055025    32.1335        605     2.5167     2.7295  0.000e+00
     40.061    15.8448   4.054301    32.1304        606     2.5208     2.7305  0.000e+00
     40.007    15.8403   4.054544    32.1363        607     2.5250     2.7338  0.000e+00
     39.953    15.8375   4.054589    32.1390        608     2.5292     2.7342  0.000e+00
     39.899    15.8366   4.054685    32.1406        609     2.5333     2.7380  0.000e+00
     39.842    15.8365   4.054852    32.1422        610     2.5375     2.7402  0.000e+00
     39.788    15.8368   4.054442    32.1384        611     2.5417     2.7409  0.000e+00
     39.738    15.8364   4.054281    32.1372        612     2.5458     2.7421  0.000e+00
     39.684    15.8352   4.054185    32.1374        613     2.5500     2.7438  0.000e+00
     39.633    15.8343   4.053967    32.1362        614     2.5542     2.7466  0.000e+00
     39.587    15.8335   4.054012    32.1373        615     2.5583     2.7476  0.000e+00
     39.540    15.8329   4.053538    32.1336        616     2.5625     2.7488  0.000e+00
     39.493    15.8317   4.052961    32.1295        617     2.5667     2.7516  0.000e+00
     39.445    15.8295   4.053294    32.1343        618     2.5708     2.7518  0.000e+00
     39.402    15.8285   4.053653    32.1382        619     2.5750     2.7521  0.000e+00
     39.358    15.8291   4.053679    32.1380        620     2.5792     2.7536  0.000e+00
     39.310    15.8300   4.052813    32.1296        621     2.5833     2.7518  0.000e+00
     39.269    15.8287   4.052095    32.1244        622     2.5875     2.7550  0.000e+00
     39.227    15.8249   4.052550    32.1314        623     2.5917     2.7545  0.000e+00
     39.184    15.8235   4.052961    32.1362        624     2.5958     2.7542  0.000e+00
     39.146    15.8241   4.053775    32.1430        625     2.6000     2.7550  0.000e+00
     39.101    15.8268   4.054089    32.1435        626     2.6042     2.7564  0.000e+00
     39.056    15.8295   4.054089    32.1414        627     2.6083     2.7589  0.000e+00
     39.017    15.8311   4.053871    32.1382        628     2.6125     2.7611  0.000e+00
     38.974    15.8314   4.053153    32.1316        629     2.6167     2.7615  0.000e+00
     38.929    15.8299   4.052697    32.1288        630     2.6208     2.7620  0.000e+00
     38.880    15.8274   4.053916    32.1416        631     2.6250     2.7613  0.000e+00
     38.830    15.8281   4.052813    32.1313        632     2.6292     2.7597  0.000e+00
     38.771    15.8280   4.052217    32.1262        633     2.6333     2.7597  0.000e+00
     38.711    15.8249   4.052742    32.1333        634     2.6375     2.7615  0.000e+00
     38.652    15.8237   4.051999    32.1278        635     2.6417     2.7612  0.000e+00
     38.587    15.8223   4.052717    32.1353        636     2.6458     2.7610  0.000e+00
     38.523    15.8214   4.049198    32.1050        637     2.6500     2.7617  0.000e+00
     38.460    15.8158   4.046948    32.0896        638     2.6542     2.7612  0.000e+00
     38.391    15.8046   4.047070    32.0998        639     2.6583     2.7616  0.000e+00
     38.330    15.7968   4.046660    32.1025        640     2.6625     2.7630  0.000e+00
     38.267    15.7921   4.045872    32.0994        641     2.6667     2.7628  0.000e+00
     38.206    15.7879   4.046327    32.1069        642     2.6708     2.7646  0.000e+00
     38.152    15.7855   4.045321    32.0999        643     2.6750     2.7657  0.000e+00
     38.095    15.7826   4.044911    32.0986        644     2.6792     2.7677  0.000e+00
     38.043    15.7796   4.045084    32.1026        645     2.6833     2.7698  0.000e+00
     37.989    15.7779   4.045392    32.1068        646     2.6875     2.7712  0.000e+00
     37.942    15.7775   4.045680    32.1097        647     2.6917     2.7724  0.000e+00
     37.890    15.7788   4.045943    32.1109        648     2.6958     2.7737  0.000e+00
     37.845    15.7808   4.047307    32.1214        649     2.7000     2.7744  0.000e+00
     37.793    15.7842   4.046109    32.1081        650     2.7042     2.7758  0.000e+00
     37.748    15.7853   4.045199    32.0991        651     2.7083     2.7758  0.000e+00
     37.698    15.7827   4.045462    32.1036        652     2.7125     2.7762  0.000e+00
     37.654    15.7806   4.045347    32.1043        653     2.7167     2.7773  0.000e+00
     37.602    15.7796   4.045295    32.1047        654     2.7208     2.7773  0.000e+00
     37.554    15.7794   4.045007    32.1023        655     2.7250     2.7781  0.000e+00
     37.496    15.7783   4.045103    32.1041        656     2.7292     2.7799  0.000e+00
     37.446    15.7774   4.044911    32.1031        657     2.7333     2.7791  0.000e+00
     37.390    15.7769   4.044937    32.1037        658     2.7375     2.7789  0.000e+00
     37.336    15.7765   4.045270    32.1070        659     2.7417     2.7799  0.000e+00
     37.279    15.7770   4.045295    32.1069        660     2.7458     2.7789  0.000e+00
     37.218    15.7780   4.045584    32.1086        661     2.7500     2.7779  0.000e+00
     37.160    15.7787   4.046135    32.1130        662     2.7542     2.7774  0.000e+00
     37.101    15.7806   4.046782    32.1172        663     2.7583     2.7777  0.000e+00
     37.033    15.7829   4.047185    32.1189        664     2.7625     2.7783  0.000e+00
     36.971    15.7855   4.046897    32.1143        665     2.7667     2.7783  0.000e+00
     36.912    15.7867   4.046397    32.1089        666     2.7708     2.7799  0.000e+00
     36.853    15.7858   4.046301    32.1088        667     2.7750     2.7809  0.000e+00
     36.795    15.7848   4.047377    32.1192        668     2.7792     2.7818  0.000e+00
     36.736    15.7866   4.047307    32.1171        669     2.7833     2.7827  0.000e+00
     36.682    15.7882   4.047044    32.1135        670     2.7875     2.7838  0.000e+00
     36.623    15.7890   4.045654    32.1006        671     2.7917     2.7841  0.000e+00
     36.572    15.7860   4.043956    32.0880        672     2.7958     2.7844  0.000e+00
     36.517    15.7799   4.042573    32.0807        673     2.8000     2.7841  0.000e+00
     36.470    15.7719   4.042284    32.0847        674     2.8042     2.7848  0.000e+00
     36.421    15.7661   4.042406    32.0905        675     2.8083     2.7838  0.000e+00
     36.375    15.7629   4.042547    32.0943        676     2.8125     2.7850  0.000e+00
     36.333    15.7620   4.042118    32.0913        677     2.8167     2.7844  0.000e+00
     36.288    15.7607   4.041785    32.0894        678     2.8208     2.7855  0.000e+00
     36.249    15.7592   4.041996    32.0925        679     2.8250     2.7873  0.000e+00
     36.202    15.7586   4.042739    32.0996        680     2.8292     2.7881  0.000e+00
     36.154    15.7599   4.042714    32.0983        681     2.8333     2.7894  0.000e+00
     36.105    15.7611   4.042688    32.0972        682     2.8375     2.7899  0.000e+00
     36.055    15.7615   4.042669    32.0967        683     2.8417     2.7911  0.000e+00
     36.004    15.7620   4.043431    32.1031        684     2.8458     2.7902  0.000e+00
     35.952    15.7634   4.042355    32.0924        685     2.8500     2.7913  0.000e+00
     35.900    15.7628   4.042284    32.0923        686     2.8542     2.7918  0.000e+00
     35.852    15.7613   4.041516    32.0867        687     2.8583     2.7930  0.000e+00
     35.796    15.7594   4.041567    32.0888        688     2.8625     2.7905  0.000e+00
     35.740    15.7576   4.041612    32.0906        689     2.8667     2.7893  0.000e+00
     35.688    15.7571   4.042022    32.0947        690     2.8708     2.7864  0.000e+00
     35.632    15.7575   4.041938    32.0937        691     2.8750     2.7868  0.000e+00
     35.575    15.7579   4.042451    32.0978        692     2.8792     2.7870  0.000e+00
     35.519    15.7590   4.042739    32.0995        693     2.8833     2.7866  0.000e+00
     35.454    15.7603   4.043117    32.1018        694     2.8875     2.7885  0.000e+00
     35.395    15.7616   4.043290    32.1024        695     2.8917     2.7896  0.000e+00
     35.330    15.7633   4.043335    32.1014        696     2.8958     2.7914  0.000e+00
     35.269    15.7643   4.042668    32.0947        697     2.9000     2.7915  0.000e+00
     35.203    15.7639   4.042617    32.0946        698     2.9042     2.7919  0.000e+00
     35.136    15.7631   4.042809    32.0970        699     2.9083     2.7934  0.000e+00
     35.066    15.7629   4.042835    32.0974        700     2.9125     2.7934  0.000e+00
     34.991    15.7632   4.042572    32.0948        701     2.9167     2.7944  0.000e+00
     34.917    15.7628   4.042162    32.0916        702     2.9208     2.7950  0.000e+00
     34.841    15.7616   4.041925    32.0905        703     2.9250     2.7940  0.000e+00
     34.768    15.7605   4.041951    32.0917        704     2.9292     2.7945  0.000e+00
     34.692    15.7597   4.041829    32.0912        705     2.9333     2.7928  0.000e+00
     34.624    15.7592   4.042329    32.0961        706     2.9375     2.7937  0.000e+00
     34.561    15.7598   4.042739    32.0992        707     2.9417     2.7940  0.000e+00
     34.498    15.7611   4.041707    32.0891        708     2.9458     2.7925  0.000e+00
     34.441    15.7607   4.041496    32.0876        709     2.9500     2.7926  0.000e+00
     34.396    15.7586   4.041784    32.0918        710     2.9542     2.7917  0.000e+00
     34.358    15.7582   4.041874    32.0930        711     2.9583     2.7912  0.000e+00
     34.326    15.7583   4.041637    32.0908        712     2.9625     2.7928  0.000e+00
     34.291    15.7578   4.041784    32.0925        713     2.9667     2.7924  0.000e+00
     34.261    15.7575   4.041784    32.0927        714     2.9708     2.7923  0.000e+00
     34.234    15.7579   4.042047    32.0948        715     2.9750     2.7940  0.000e+00
     34.212    15.7583   4.041855    32.0927        716     2.9792     2.7945  0.000e+00
     34.194    15.7586   4.041899    32.0929        717     2.9833     2.7947  0.000e+00
     34.166    15.7590   4.042136    32.0947        718     2.9875     2.7940  0.000e+00
     34.131    15.7595   4.042380    32.0965        719     2.9917     2.7943  0.000e+00
     34.099    15.7603   4.042213    32.0944        720     2.9958     2.7935  0.000e+00
     34.061    15.7608   4.042309    32.0948        721     3.0000     2.7944  0.000e+00
     34.025    15.7610   4.042591    32.0971        722     3.0042     2.7935  0.000e+00
     33.973    15.7618   4.042162    32.0927        723     3.0083     2.7915  0.000e+00
     33.919    15.7617   4.042047    32.0918        724     3.0125     2.7926  0.000e+00
     33.862    15.7612   4.041995    32.0918        725     3.0167     2.7927  0.000e+00
     33.804    15.7607   4.041874    32.0911        726     3.0208     2.7923  0.000e+00
     33.736    15.7600   4.041899    32.0920        727     3.0250     2.7920  0.000e+00
     33.671    15.7598   4.041995    32.0930        728     3.0292     2.7921  0.000e+00
     33.607    15.7597   4.042117    32.0942        729     3.0333     2.7927  0.000e+00
