PC2305/sbe015.cnv
* Sea-Bird SBE 19plus V2 Data File:
* FileName = C:\cruise\data\sbe015.hex
* Software Version Seasave V 7.26.7.121
* Temperature SN = 7142
* Conductivity SN = 7142
* System UpLoad Time = Oct 28 2023 17:25:09
** Cruise: PC2205
** Program: ECOMON
# nquan = 8
# nvalues = 4357                                  
# units = specified
# name 0 = depSM: Depth [salt water, m], lat = 40.00
# name 1 = tv290C: Temperature [ITS-90, deg C]
# name 2 = c0S/m: Conductivity [S/m]
# name 3 = sal00: Salinity, Practical [PSU]
# name 4 = scan: Scan Count
# name 5 = timeM: Time, Elapsed [minutes]
# name 6 = sbeox0V: Oxygen raw, SBE 43 [V]
# name 7 = flag:  0.000e+00
# span 0 =     -0.048,    202.176                 
# span 1 =    10.5027,    19.3832                 
# span 2 =  -0.059048,   4.227697                 
# span 3 =     0.0000,    35.5919                 
# span 4 =         11,       4367                 
# span 5 =     0.0417,    18.1917                 
# span 6 =     1.8038,     3.0500                 
# span 7 = 0.0000e+00, 0.0000e+00                 
# interval = seconds: 0.25
# start_time = Oct 28 2023 17:25:09 [System UTC, header]
# bad_flag = -9.990e-29
*END*
[from data line 3416]
     66.411    10.6668   3.758946    33.8305       3427    14.2750     2.2793  0.000e+00
     66.281    10.6668   3.758990    33.8309       3428    14.2792     2.2817  0.000e+00
     66.154    10.6677   3.758903    33.8293       3429    14.2833     2.2842  0.000e+00
     66.035    10.6685   3.758486    33.8244       3430    14.2875     2.2861  0.000e+00
     65.918    10.6684   3.758697    33.8267       3431    14.2917     2.2879  0.000e+00
     65.823    10.6686   3.758486    33.8245       3432    14.2958     2.2901  0.000e+00
     65.739    10.6683   3.758287    33.8228       3433    14.3000     2.2918  0.000e+00
     65.665    10.6668   3.758417    33.8255       3434    14.3042     2.2912  0.000e+00
     65.597    10.6659   3.758100    33.8232       3435    14.3083     2.2919  0.000e+00
     65.545    10.6649   3.757740    33.8205       3436    14.3125     2.2942  0.000e+00
     65.510    10.6635   3.757684    33.8212       3437    14.3167     2.2955  0.000e+00
     65.478    10.6627   3.757684    33.8220       3438    14.3208     2.2965  0.000e+00
     65.446    10.6623   3.757765    33.8232       3439    14.3250     2.2980  0.000e+00
     65.419    10.6621   3.757684    33.8226       3440    14.3292     2.2992  0.000e+00
     65.385    10.6620   3.758075    33.8266       3441    14.3333     2.3011  0.000e+00
     65.349    10.6633   3.758225    33.8269       3442    14.3375     2.3026  0.000e+00
     65.309    10.6657   3.758535    33.8279       3443    14.3417     2.3009  0.000e+00
     65.260    10.6684   3.759201    33.8321       3444    14.3458     2.3015  0.000e+00
     65.203    10.6731   3.759953    33.8352       3445    14.3500     2.3022  0.000e+00
     65.136    10.6800   3.760028    33.8296       3446    14.3542     2.3019  0.000e+00
     65.066    10.6854   3.760139    33.8257       3447    14.3583     2.3035  0.000e+00
     64.994    10.6885   3.760127    33.8228       3448    14.3625     2.3035  0.000e+00
     64.928    10.6900   3.760071    33.8209       3449    14.3667     2.3047  0.000e+00
     64.858    10.6909   3.759953    33.8189       3450    14.3708     2.3067  0.000e+00
     64.795    10.6909   3.759710    33.8165       3451    14.3750     2.3063  0.000e+00
     64.728    10.6899   3.759567    33.8160       3452    14.3792     2.3068  0.000e+00
     64.682    10.6887   3.759654    33.8181       3453    14.3833     2.3087  0.000e+00
     64.628    10.6883   3.759604    33.8179       3454    14.3875     2.3081  0.000e+00
     64.576    10.6884   3.759430    33.8161       3455    14.3917     2.3080  0.000e+00
     64.534    10.6876   3.759362    33.8162       3456    14.3958     2.3093  0.000e+00
     64.497    10.6870   3.759293    33.8160       3457    14.4000     2.3084  0.000e+00
     64.461    10.6862   3.759499    33.8189       3458    14.4042     2.3109  0.000e+00
     64.421    10.6863   3.759729    33.8211       3459    14.4083     2.3109  0.000e+00
     64.391    10.6877   3.759604    33.8186       3460    14.4125     2.3103  0.000e+00
     64.364    10.6885   3.759909    33.8210       3461    14.4167     2.3110  0.000e+00
     64.333    10.6894   3.760040    33.8214       3462    14.4208     2.3102  0.000e+00
     64.302    10.6905   3.760139    33.8214       3463    14.4250     2.3105  0.000e+00
     64.267    10.6919   3.760046    33.8192       3464    14.4292     2.3105  0.000e+00
     64.222    10.6931   3.760935    33.8270       3465    14.4333     2.3113  0.000e+00
     64.160    10.6982   3.766571    33.8787       3466    14.4375     2.3106  0.000e+00
     64.089    10.7244   3.770897    33.8978       3467    14.4417     2.3109  0.000e+00
     64.002    10.7670   3.772571    33.8751       3468    14.4458     2.3124  0.000e+00
     63.894    10.8028   3.774420    33.8605       3469    14.4500     2.3138  0.000e+00
     63.767    10.8321   3.775965    33.8489       3470    14.4542     2.3134  0.000e+00
     63.616    10.8563   3.778207    33.8490       3471    14.4583     2.3142  0.000e+00
     63.463    10.8796   3.779428    33.8397       3472    14.4625     2.3157  0.000e+00
     63.303    10.9017   3.781447    33.8395       3473    14.4667     2.3178  0.000e+00
     63.152    10.9252   3.781920    33.8226       3474    14.4708     2.3209  0.000e+00
     63.005    10.9447   3.782057    33.8060       3475    14.4750     2.3236  0.000e+00
     62.873    10.9564   3.782107    33.7958       3476    14.4792     2.3264  0.000e+00
     62.753    10.9627   3.782543    33.7944       3477    14.4833     2.3293  0.000e+00
     62.649    10.9691   3.782879    33.7919       3478    14.4875     2.3328  0.000e+00
     62.568    10.9768   3.782935    33.7854       3479    14.4917     2.3354  0.000e+00
     62.501    10.9833   3.782960    33.7797       3480    14.4958     2.3389  0.000e+00
     62.453    10.9877   3.782898    33.7750       3481    14.5000     2.3407  0.000e+00
     62.422    10.9892   3.782985    33.7746       3482    14.5042     2.3427  0.000e+00
     62.399    10.9883   3.782835    33.7739       3483    14.5083     2.3446  0.000e+00
     62.368    10.9881   3.782748    33.7733       3484    14.5125     2.3451  0.000e+00
     62.343    10.9888   3.782892    33.7741       3485    14.5167     2.3513  0.000e+00
     62.307    10.9898   3.782941    33.7737       3486    14.5208     2.3497  0.000e+00
     62.262    10.9909   3.782910    33.7724       3487    14.5250     2.3515  0.000e+00
     62.207    10.9911   3.782879    33.7718       3488    14.5292     2.3534  0.000e+00
     62.144    10.9906   3.782866    33.7722       3489    14.5333     2.3539  0.000e+00
     62.068    10.9907   3.782679    33.7703       3490    14.5375     2.3559  0.000e+00
     61.993    10.9911   3.782854    33.7717       3491    14.5417     2.3546  0.000e+00
     61.906    10.9921   3.783028    33.7726       3492    14.5458     2.3547  0.000e+00
     61.827    10.9927   3.783184    33.7736       3493    14.5500     2.3557  0.000e+00
     61.745    10.9932   3.783284    33.7742       3494    14.5542     2.3557  0.000e+00
     61.671    10.9932   3.783166    33.7730       3495    14.5583     2.3573  0.000e+00
     61.608    10.9928   3.783540    33.7771       3496    14.5625     2.3583  0.000e+00
     61.552    10.9929   3.782891    33.7706       3497    14.5667     2.3580  0.000e+00
     61.506    10.9933   3.782679    33.7682       3498    14.5708     2.3581  0.000e+00
     61.470    10.9931   3.782729    33.7689       3499    14.5750     2.3589  0.000e+00
     61.443    10.9929   3.782704    33.7688       3500    14.5792     2.3583  0.000e+00
     61.425    10.9930   3.782654    33.7682       3501    14.5833     2.3583  0.000e+00
     61.409    10.9936   3.782679    33.7680       3502    14.5875     2.3582  0.000e+00
     61.396    10.9938   3.782679    33.7677       3503    14.5917     2.3583  0.000e+00
     61.382    10.9946   3.782704    33.7672       3504    14.5958     2.3594  0.000e+00
     61.355    10.9944   3.782841    33.7688       3505    14.6000     2.3599  0.000e+00
     61.326    10.9933   3.783010    33.7715       3506    14.6042     2.3601  0.000e+00
     61.279    10.9928   3.783190    33.7738       3507    14.6083     2.3608  0.000e+00
     61.227    10.9933   3.782698    33.7685       3508    14.6125     2.3612  0.000e+00
     61.159    10.9930   3.782336    33.7652       3509    14.6167     2.3596  0.000e+00
     61.071    10.9916   3.782355    33.7667       3510    14.6208     2.3616  0.000e+00
     60.972    10.9906   3.782635    33.7704       3511    14.6250     2.3613  0.000e+00
     60.860    10.9917   3.782311    33.7662       3512    14.6292     2.3611  0.000e+00
     60.735    10.9924   3.783165    33.7741       3513    14.6333     2.3612  0.000e+00
     60.609    10.9967   3.786058    33.7990       3514    14.6375     2.3618  0.000e+00
     60.479    11.0135   3.787143    33.7944       3515    14.6417     2.3610  0.000e+00
     60.352    11.0351   3.787598    33.7791       3516    14.6458     2.3615  0.000e+00
     60.228    11.0505   3.788165    33.7706       3517    14.6500     2.3605  0.000e+00
     60.109    11.0631   3.789587    33.7732       3518    14.6542     2.3608  0.000e+00
     59.998    11.0770   3.794723    33.8114       3519    14.6583     2.3622  0.000e+00
     59.902    11.1110   3.796045    33.7934       3520    14.6625     2.3634  0.000e+00
     59.818    11.1477   3.796320    33.7624       3521    14.6667     2.3674  0.000e+00
     59.750    11.1709   3.796507    33.7431       3522    14.6708     2.3686  0.000e+00
     59.694    11.1843   3.796581    33.7315       3523    14.6750     2.3711  0.000e+00
     59.644    11.1913   3.797087    33.7301       3524    14.6792     2.3727  0.000e+00
     59.602    11.1976   3.797181    33.7253       3525    14.6833     2.3757  0.000e+00
     59.570    11.2023   3.797018    33.7194       3526    14.6875     2.3786  0.000e+00
     59.534    11.2040   3.797274    33.7204       3527    14.6917     2.3825  0.000e+00
     59.496    11.2055   3.797312    33.7194       3528    14.6958     2.3851  0.000e+00
     59.460    11.2070   3.797155    33.7165       3529    14.7000     2.3873  0.000e+00
     59.422    11.2067   3.797006    33.7153       3530    14.7042     2.3876  0.000e+00
     59.376    11.2054   3.797130    33.7178       3531    14.7083     2.3902  0.000e+00
     59.322    11.2048   3.797249    33.7195       3532    14.7125     2.3923  0.000e+00
     59.261    11.2057   3.797343    33.7196       3533    14.7167     2.3923  0.000e+00
     59.196    11.2067   3.797599    33.7213       3534    14.7208     2.3937  0.000e+00
     59.119    11.2087   3.797536    33.7188       3535    14.7250     2.3936  0.000e+00
     59.043    11.2104   3.797598    33.7179       3536    14.7292     2.3951  0.000e+00
     58.964    11.2117   3.797867    33.7195       3537    14.7333     2.3950  0.000e+00
     58.880    11.2139   3.797948    33.7183       3538    14.7375     2.3957  0.000e+00
     58.792    11.2166   3.798067    33.7170       3539    14.7417     2.3966  0.000e+00
     58.727    11.2183   3.799709    33.7318       3540    14.7458     2.3974  0.000e+00
     58.657    11.2258   3.802107    33.7486       3541    14.7500     2.3989  0.000e+00
     58.589    11.2460   3.801782    33.7270       3542    14.7542     2.3990  0.000e+00
     58.526    11.2615   3.801270    33.7077       3543    14.7583     2.4002  0.000e+00
     58.470    11.2693   3.800907    33.6970       3544    14.7625     2.4012  0.000e+00
     58.414    11.2723   3.800851    33.6938       3545    14.7667     2.4026  0.000e+00
     58.366    11.2736   3.800707    33.6912       3546    14.7708     2.4042  0.000e+00
     58.312    11.2748   3.800501    33.6881       3547    14.7750     2.4066  0.000e+00
     58.258    11.2762   3.800482    33.6866       3548    14.7792     2.4099  0.000e+00
     58.209    11.2776   3.800501    33.6856       3549    14.7833     2.4108  0.000e+00
     58.159    11.2784   3.800482    33.6847       3550    14.7875     2.4121  0.000e+00
     58.109    11.2790   3.800432    33.6836       3551    14.7917     2.4131  0.000e+00
     58.044    11.2795   3.800339    33.6823       3552    14.7958     2.4146  0.000e+00
     57.986    11.2804   3.799995    33.6781       3553    14.8000     2.4157  0.000e+00
     57.927    11.2804   3.800201    33.6801       3554    14.8042     2.4162  0.000e+00
     57.852    11.2812   3.800551    33.6829       3555    14.8083     2.4170  0.000e+00
     57.774    11.2839   3.800801    33.6829       3556    14.8125     2.4182  0.000e+00
     57.690    11.2874   3.800794    33.6797       3557    14.8167     2.4181  0.000e+00
     57.602    11.2916   3.799964    33.6678       3558    14.8208     2.4173  0.000e+00
     57.508    11.2952   3.799083    33.6557       3559    14.8250     2.4191  0.000e+00
     57.408    11.2969   3.798683    33.6503       3560    14.8292     2.4182  0.000e+00
     57.312    11.2982   3.797272    33.6353       3561    14.8333     2.4194  0.000e+00
     57.214    11.2972   3.796492    33.6285       3562    14.8375     2.4206  0.000e+00
     57.120    11.2944   3.795786    33.6242       3563    14.8417     2.4212  0.000e+00
     57.028    11.2924   3.795693    33.6250       3564    14.8458     2.4234  0.000e+00
     56.937    11.2929   3.795668    33.6244       3565    14.8500     2.4246  0.000e+00
     56.852    11.2950   3.795605    33.6219       3566    14.8542     2.4255  0.000e+00
     56.768    11.2972   3.795555    33.6195       3567    14.8583     2.4258  0.000e+00
     56.690    11.2991   3.795530    33.6175       3568    14.8625     2.4253  0.000e+00
     56.613    11.3005   3.794388    33.6050       3569    14.8667     2.4268  0.000e+00
     56.523    11.3006   3.794163    33.6027       3570    14.8708     2.4266  0.000e+00
     56.435    11.3006   3.793701    33.5982       3571    14.8750     2.4265  0.000e+00
     56.351    11.3007   3.793489    33.5961       3572    14.8792     2.4276  0.000e+00
     56.259    11.3010   3.793545    33.5964       3573    14.8833     2.4281  0.000e+00
     56.173    11.3010   3.792534    33.5864       3574    14.8875     2.4289  0.000e+00
     56.072    11.3002   3.791542    33.5774       3575    14.8917     2.4287  0.000e+00
     55.984    11.2979   3.791068    33.5749       3576    14.8958     2.4291  0.000e+00
     55.891    11.2958   3.789614    33.5625       3577    14.9000     2.4300  0.000e+00
     55.810    11.2931   3.789190    33.5608       3578    14.9042     2.4302  0.000e+00
     55.732    11.2908   3.788622    33.5573       3579    14.9083     2.4308  0.000e+00
     55.657    11.2890   3.788529    33.5580       3580    14.9125     2.4304  0.000e+00
     55.596    11.2879   3.788853    33.5623       3581    14.9167     2.4321  0.000e+00
     55.537    11.2877   3.788803    33.5620       3582    14.9208     2.4328  0.000e+00
     55.490    11.2875   3.788660    33.5608       3583    14.9250     2.4334  0.000e+00
     55.443    11.2873   3.788759    33.5620       3584    14.9292     2.4351  0.000e+00
     55.409    11.2872   3.788716    33.5617       3585    14.9333     2.4359  0.000e+00
     55.377    11.2873   3.788766    33.5621       3586    14.9375     2.4363  0.000e+00
     55.353    11.2875   3.788460    33.5589       3587    14.9417     2.4360  0.000e+00
     55.337    11.2872   3.788061    33.5552       3588    14.9458     2.4352  0.000e+00
     55.324    11.2865   3.787998    33.5553       3589    14.9500     2.4350  0.000e+00
     55.321    11.2860   3.787949    33.5553       3590    14.9542     2.4354  0.000e+00
     55.323    11.2856   3.788042    33.5565       3591    14.9583     2.4351  0.000e+00
     55.310    11.2856   3.787649    33.5526       3592    14.9625     2.4355  0.000e+00
     55.299    11.2850   3.787593    33.5526       3593    14.9667     2.4354  0.000e+00
     55.281    11.2842   3.787905    33.5564       3594    14.9708     2.4350  0.000e+00
     55.247    11.2842   3.787443    33.5519       3595    14.9750     2.4353  0.000e+00
     55.195    11.2838   3.787437    33.5523       3596    14.9792     2.4360  0.000e+00
     55.136    11.2833   3.787811    33.5564       3597    14.9833     2.4360  0.000e+00
     55.062    11.2833   3.787156    33.5500       3598    14.9875     2.4348  0.000e+00
     54.974    11.2828   3.786907    33.5480       3599    14.9917     2.4347  0.000e+00
     54.868    11.2816   3.786776    33.5479       3600    14.9958     2.4350  0.000e+00
     54.751    11.2804   3.786308    33.5444       3601    15.0000     2.4330  0.000e+00
     54.625    11.2791   3.785772    33.5404       3602    15.0042     2.4341  0.000e+00
     54.487    11.2769   3.785741    33.5421       3603    15.0083     2.4344  0.000e+00
     54.343    11.2752   3.785591    33.5422       3604    15.0125     2.4351  0.000e+00
     54.190    11.2741   3.785366    33.5411       3605    15.0167     2.4345  0.000e+00
