PC2305/sbe048.cnv
* Sea-Bird SBE 19plus V2 Data File:
* FileName = C:\cruise\data\sbe048.hex
* Software Version Seasave V 7.26.7.121
* Temperature SN = 7142
* Conductivity SN = 7142
* System UpLoad Time = Oct 31 2023 15:28:49
** Cruise: PC2205
** Program: ECOMON
# nquan = 8
# nvalues = 989                                   
# units = specified
# name 0 = depSM: Depth [salt water, m], lat = 40.00
# name 1 = tv290C: Temperature [ITS-90, deg C]
# name 2 = c0S/m: Conductivity [S/m]
# name 3 = sal00: Salinity, Practical [PSU]
# name 4 = scan: Scan Count
# name 5 = timeM: Time, Elapsed [minutes]
# name 6 = sbeox0V: Oxygen raw, SBE 43 [V]
# name 7 = flag:  0.000e+00
# span 0 =     -0.069,     32.085                 
# span 1 =    17.7361,    22.0131                 
# span 2 =   0.000051,   4.958439                 
# span 3 =     0.0090,    34.9520                 
# span 4 =         11,        999                 
# span 5 =     0.0417,     4.1583                 
# span 6 =     2.2246,     3.0575                 
# span 7 = 0.0000e+00, 0.0000e+00                 
# interval = seconds: 0.25
# start_time = Oct 31 2023 15:28:49 [System UTC, header]
# bad_flag = -9.990e-29
*END*
[from data line 540]
     12.036    20.1846   4.440734    31.9965        551     2.2917     2.8479  0.000e+00
     12.026    20.1850   4.440707    31.9960        552     2.2958     2.8470  0.000e+00
     12.013    20.1852   4.440700    31.9958        553     2.3000     2.8477  0.000e+00
     12.001    20.1851   4.440707    31.9960        554     2.3042     2.8460  0.000e+00
     11.974    20.1851   4.440707    31.9960        555     2.3083     2.8444  0.000e+00
     11.927    20.1849   4.440660    31.9957        556     2.3125     2.8434  0.000e+00
     11.866    20.1849   4.440580    31.9951        557     2.3167     2.8416  0.000e+00
     11.799    20.1850   4.440401    31.9936        558     2.3208     2.8420  0.000e+00
     11.724    20.1849   4.440374    31.9935        559     2.3250     2.8410  0.000e+00
     11.620    20.1846   4.440454    31.9944        560     2.3292     2.8433  0.000e+00
     11.537    20.1846   4.440401    31.9940        561     2.3333     2.8441  0.000e+00
     11.451    20.1846   4.440527    31.9951        562     2.3375     2.8451  0.000e+00
     11.345    20.1847   4.440966    31.9985        563     2.3417     2.8498  0.000e+00
     11.219    20.1847   4.440913    31.9982        564     2.3458     2.8521  0.000e+00
     11.082    20.1850   4.440940    31.9982        565     2.3500     2.8536  0.000e+00
     10.937    20.1850   4.441040    31.9991        566     2.3542     2.8532  0.000e+00
     10.764    20.1853   4.441039    31.9989        567     2.3583     2.8528  0.000e+00
     10.602    20.1854   4.440966    31.9983        568     2.3625     2.8537  0.000e+00
     10.437    20.1853   4.441146    31.9999        569     2.3667     2.8519  0.000e+00
     10.302    20.1854   4.441299    32.0011        570     2.3708     2.8573  0.000e+00
     10.203    20.1856   4.440993    31.9985        571     2.3750     2.8528  0.000e+00
     10.144    20.1854   4.440993    31.9987        572     2.3792     2.8534  0.000e+00
     10.124    20.1851   4.441092    31.9997        573     2.3833     2.8537  0.000e+00
     10.126    20.1853   4.441066    31.9993        574     2.3875     2.8483  0.000e+00
     10.159    20.1851   4.436272    31.9609        575     2.3917     2.8450  0.000e+00
     10.207    20.1848   4.441099    31.9999        576     2.3958     2.8439  0.000e+00
     10.265    20.1848   4.440886    31.9982        577     2.4000     2.8441  0.000e+00
     10.329    20.1845   4.440886    31.9984        578     2.4042     2.8440  0.000e+00
     10.389    20.1844   4.441039    31.9997        579     2.4083     2.8435  0.000e+00
     10.446    20.1844   4.441146    32.0006        580     2.4125     2.8429  0.000e+00
     10.500    20.1845   4.441066    31.9998        581     2.4167     2.8418  0.000e+00
     10.539    20.1846   4.441066    31.9997        582     2.4208     2.8409  0.000e+00
     10.559    20.1846   4.440660    31.9964        583     2.4250     2.8422  0.000e+00
     10.566    20.1840   4.440580    31.9962        584     2.4292     2.8428  0.000e+00
     10.557    20.1832   4.440507    31.9963        585     2.4333     2.8441  0.000e+00
     10.523    20.1827   4.440553    31.9970        586     2.4375     2.8457  0.000e+00
     10.482    20.1825   4.440633    31.9978        587     2.4417     2.8457  0.000e+00
     10.421    20.1825   4.440760    31.9989        588     2.4458     2.8471  0.000e+00
     10.351    20.1829   4.440886    31.9996        589     2.4500     2.8483  0.000e+00
     10.272    20.1833   4.440733    31.9981        590     2.4542     2.8472  0.000e+00
     10.200    20.1834   4.440580    31.9968        591     2.4583     2.8462  0.000e+00
     10.135    20.1832   4.440373    31.9954        592     2.4625     2.8457  0.000e+00
     10.067    20.1825   4.440300    31.9953        593     2.4667     2.8463  0.000e+00
     10.000    20.1821   4.440506    31.9973        594     2.4708     2.8460  0.000e+00
      9.943    20.1819   4.441219    32.0032        595     2.4750     2.8460  0.000e+00
      9.891    20.1828   4.441172    32.0021        596     2.4792     2.8476  0.000e+00
      9.837    20.1839   4.441246    32.0019        597     2.4833     2.8499  0.000e+00
      9.781    20.1844   4.441019    31.9998        598     2.4875     2.8513  0.000e+00
      9.749    20.1844   4.440859    31.9985        599     2.4917     2.8523  0.000e+00
      9.681    20.1839   4.441146    32.0012        600     2.4958     2.8480  0.000e+00
      9.627    20.1840   4.441199    32.0015        601     2.5000     2.8457  0.000e+00
      9.573    20.1845   4.441245    32.0016        602     2.5042     2.8449  0.000e+00
      9.535    20.1850   4.441199    32.0008        603     2.5083     2.8441  0.000e+00
      9.497    20.1856   4.441299    32.0012        604     2.5125     2.8441  0.000e+00
      9.470    20.1857   4.441299    32.0011        605     2.5167     2.8433  0.000e+00
      9.447    20.1856   4.441092    31.9996        606     2.5208     2.8444  0.000e+00
      9.456    20.1855   4.440992    31.9988        607     2.5250     2.8439  0.000e+00
      9.476    20.1850   4.440839    31.9979        608     2.5292     2.8445  0.000e+00
      9.515    20.1847   4.440813    31.9979        609     2.5333     2.8450  0.000e+00
      9.574    20.1843   4.440706    31.9974        610     2.5375     2.8454  0.000e+00
      9.639    20.1841   4.440813    31.9984        611     2.5417     2.8452  0.000e+00
      9.698    20.1837   4.440453    31.9957        612     2.5458     2.8436  0.000e+00
      9.760    20.1832   4.440400    31.9957        613     2.5500     2.8422  0.000e+00
      9.828    20.1826   4.440706    31.9986        614     2.5542     2.8393  0.000e+00
      9.880    20.1827   4.440839    31.9995        615     2.5583     2.8381  0.000e+00
      9.921    20.1832   4.440939    32.0000        616     2.5625     2.8360  0.000e+00
      9.945    20.1835   4.440580    31.9968        617     2.5667     2.8370  0.000e+00
      9.959    20.1836   4.440606    31.9969        618     2.5708     2.8392  0.000e+00
      9.957    20.1835   4.440686    31.9977        619     2.5750     2.8416  0.000e+00
      9.927    20.1835   4.441039    32.0005        620     2.5792     2.8438  0.000e+00
      9.869    20.1839   4.441219    32.0017        621     2.5833     2.8453  0.000e+00
      9.770    20.1846   4.441179    32.0009        622     2.5875     2.8456  0.000e+00
      9.679    20.1848   4.441452    32.0029        623     2.5917     2.8455  0.000e+00
      9.610    20.1852   4.441632    32.0041        624     2.5958     2.8466  0.000e+00
      9.513    20.1856   4.441552    32.0032        625     2.6000     2.8463  0.000e+00
      9.416    20.1858   4.441398    32.0018        626     2.6042     2.8456  0.000e+00
      9.357    20.1858   4.441352    32.0015        627     2.6083     2.8466  0.000e+00
      9.308    20.1858   4.441425    32.0021        628     2.6125     2.8451  0.000e+00
      9.283    20.1857   4.441065    31.9993        629     2.6167     2.8460  0.000e+00
      9.285    20.1853   4.441039    31.9994        630     2.6208     2.8459  0.000e+00
      9.307    20.1846   4.440786    31.9979        631     2.6250     2.8434  0.000e+00
      9.359    20.1842   4.440786    31.9982        632     2.6292     2.8442  0.000e+00
      9.438    20.1840   4.440839    31.9987        633     2.6333     2.8432  0.000e+00
      9.519    20.1840   4.440886    31.9991        634     2.6375     2.8417  0.000e+00
      9.610    20.1841   4.440886    31.9990        635     2.6417     2.8400  0.000e+00
      9.697    20.1842   4.440966    31.9995        636     2.6458     2.8392  0.000e+00
      9.790    20.1842   4.441092    32.0005        637     2.6500     2.8370  0.000e+00
      9.882    20.1841   4.441172    32.0012        638     2.6542     2.8359  0.000e+00
      9.970    20.1842   4.441172    32.0011        639     2.6583     2.8362  0.000e+00
     10.033    20.1841   4.441146    32.0009        640     2.6625     2.8376  0.000e+00
     10.087    20.1841   4.441066    32.0002        641     2.6667     2.8376  0.000e+00
     10.119    20.1839   4.440553    31.9962        642     2.6708     2.8349  0.000e+00
     10.142    20.1834   4.440633    31.9972        643     2.6750     2.8336  0.000e+00
     10.153    20.1832   4.440966    32.0001        644     2.6792     2.8343  0.000e+00
     10.157    20.1831   4.440859    31.9993        645     2.6833     2.8332  0.000e+00
     10.149    20.1831   4.440859    31.9993        646     2.6875     2.8321  0.000e+00
     10.128    20.1831   4.440813    31.9990        647     2.6917     2.8328  0.000e+00
     10.078    20.1832   4.441172    32.0018        648     2.6958     2.8360  0.000e+00
     10.033    20.1831   4.441326    32.0031        649     2.7000     2.8373  0.000e+00
      9.990    20.1837   4.440913    31.9993        650     2.7042     2.8389  0.000e+00
      9.934    20.1837   4.440400    31.9952        651     2.7083     2.8410  0.000e+00
      9.857    20.1833   4.440193    31.9939        652     2.7125     2.8423  0.000e+00
      9.767    20.1826   4.440220    31.9947        653     2.7167     2.8437  0.000e+00
      9.697    20.1819   4.440220    31.9952        654     2.7208     2.8439  0.000e+00
      9.639    20.1819   4.440686    31.9990        655     2.7250     2.8430  0.000e+00
      9.576    20.1820   4.440733    31.9993        656     2.7292     2.8425  0.000e+00
      9.529    20.1824   4.440686    31.9986        657     2.7333     2.8430  0.000e+00
      9.497    20.1826   4.440706    31.9987        658     2.7375     2.8422  0.000e+00
      9.488    20.1828   4.440786    31.9992        659     2.7417     2.8424  0.000e+00
      9.495    20.1829   4.440939    32.0003        660     2.7458     2.8426  0.000e+00
      9.517    20.1832   4.440859    31.9995        661     2.7500     2.8431  0.000e+00
      9.556    20.1832   4.440786    31.9989        662     2.7542     2.8434  0.000e+00
      9.619    20.1832   4.440839    31.9993        663     2.7583     2.8418  0.000e+00
      9.680    20.1830   4.440886    31.9998        664     2.7625     2.8423  0.000e+00
      9.745    20.1831   4.440913    31.9999        665     2.7667     2.8405  0.000e+00
      9.819    20.1834   4.441066    32.0009        666     2.7708     2.8396  0.000e+00
      9.900    20.1836   4.441172    32.0015        667     2.7750     2.8400  0.000e+00
      9.979    20.1839   4.440993    31.9998        668     2.7792     2.8390  0.000e+00
     10.045    20.1843   4.440859    31.9985        669     2.7833     2.8409  0.000e+00
     10.110    20.1841   4.440913    31.9990        670     2.7875     2.8407  0.000e+00
     10.171    20.1840   4.440839    31.9985        671     2.7917     2.8406  0.000e+00
     10.202    20.1838   4.440859    31.9988        672     2.7958     2.8380  0.000e+00
     10.229    20.1839   4.440966    31.9995        673     2.8000     2.8357  0.000e+00
     10.248    20.1843   4.440939    31.9990        674     2.8042     2.8354  0.000e+00
     10.263    20.1843   4.440786    31.9978        675     2.8083     2.8364  0.000e+00
     10.266    20.1842   4.440606    31.9964        676     2.8125     2.8374  0.000e+00
     10.261    20.1840   4.440300    31.9941        677     2.8167     2.8390  0.000e+00
     10.246    20.1834   4.440527    31.9963        678     2.8208     2.8389  0.000e+00
     10.216    20.1832   4.440786    31.9986        679     2.8250     2.8392  0.000e+00
     10.178    20.1834   4.440706    31.9978        680     2.8292     2.8407  0.000e+00
     10.119    20.1837   4.440606    31.9968        681     2.8333     2.8412  0.000e+00
     10.042    20.1838   4.440733    31.9978        682     2.8375     2.8420  0.000e+00
      9.945    20.1836   4.440813    31.9986        683     2.8417     2.8428  0.000e+00
      9.855    20.1840   4.440706    31.9975        684     2.8458     2.8435  0.000e+00
      9.768    20.1841   4.440120    31.9927        685     2.8500     2.8438  0.000e+00
      9.688    20.1834   4.439581    31.9890        686     2.8542     2.8444  0.000e+00
      9.637    20.1823   4.439581    31.9898        687     2.8583     2.8440  0.000e+00
      9.596    20.1811   4.439581    31.9907        688     2.8625     2.8439  0.000e+00
      9.596    20.1804   4.439661    31.9919        689     2.8667     2.8446  0.000e+00
      9.628    20.1800   4.439707    31.9925        690     2.8708     2.8441  0.000e+00
      9.682    20.1800   4.439707    31.9926        691     2.8750     2.8438  0.000e+00
      9.749    20.1800   4.439634    31.9919        692     2.8792     2.8435  0.000e+00
      9.826    20.1799   4.439581    31.9916        693     2.8833     2.8411  0.000e+00
      9.916    20.1798   4.439554    31.9914        694     2.8875     2.8401  0.000e+00
     10.013    20.1800   4.439554    31.9912        695     2.8917     2.8399  0.000e+00
     10.106    20.1798   4.438609    31.9837        696     2.8958     2.8414  0.000e+00
     10.194    20.1798   4.439634    31.9920        697     2.9000     2.8412  0.000e+00
     10.281    20.1797   4.439661    31.9922        698     2.9042     2.8398  0.000e+00
     10.349    20.1796   4.439681    31.9924        699     2.9083     2.8389  0.000e+00
     10.403    20.1796   4.439708    31.9926        700     2.9125     2.8396  0.000e+00
     10.455    20.1795   4.439661    31.9923        701     2.9167     2.8396  0.000e+00
     10.500    20.1795   4.439661    31.9923        702     2.9208     2.8415  0.000e+00
     10.543    20.1794   4.439248    31.9890        703     2.9250     2.8434  0.000e+00
     10.565    20.1794   4.439681    31.9925        704     2.9292     2.8437  0.000e+00
     10.564    20.1794   4.439708    31.9927        705     2.9333     2.8443  0.000e+00
     10.548    20.1792   4.439708    31.9929        706     2.9375     2.8448  0.000e+00
     10.530    20.1792   4.439681    31.9926        707     2.9417     2.8465  0.000e+00
     10.507    20.1791   4.439661    31.9926        708     2.9458     2.8482  0.000e+00
     10.478    20.1791   4.439634    31.9924        709     2.9500     2.8505  0.000e+00
     10.437    20.1790   4.439608    31.9922        710     2.9542     2.8489  0.000e+00
     10.394    20.1789   4.439634    31.9925        711     2.9583     2.8487  0.000e+00
     10.361    20.1788   4.439628    31.9925        712     2.9625     2.8483  0.000e+00
     10.345    20.1788   4.439634    31.9927        713     2.9667     2.8467  0.000e+00
     10.347    20.1789   4.439661    31.9928        714     2.9708     2.8452  0.000e+00
     10.372    20.1789   4.439634    31.9925        715     2.9750     2.8441  0.000e+00
     10.405    20.1788   4.439608    31.9924        716     2.9792     2.8429  0.000e+00
     10.437    20.1787   4.439581    31.9923        717     2.9833     2.8435  0.000e+00
     10.480    20.1789   4.439608    31.9923        718     2.9875     2.8409  0.000e+00
     10.521    20.1790   4.439661    31.9926        719     2.9917     2.8421  0.000e+00
     10.572    20.1788   4.439634    31.9925        720     2.9958     2.8424  0.000e+00
     10.624    20.1789   4.439681    31.9928        721     3.0000     2.8416  0.000e+00
     10.681    20.1791   4.439734    31.9931        722     3.0042     2.8415  0.000e+00
     10.728    20.1794   4.439734    31.9929        723     3.0083     2.8414  0.000e+00
     10.755    20.1795   4.439814    31.9934        724     3.0125     2.8413  0.000e+00
     10.780    20.1795   4.439788    31.9932        725     3.0167     2.8412  0.000e+00
     10.798    20.1796   4.439681    31.9923        726     3.0208     2.8411  0.000e+00
     10.805    20.1796   4.439708    31.9925        727     3.0250     2.8418  0.000e+00
     10.818    20.1794   4.439761    31.9931        728     3.0292     2.8438  0.000e+00
     10.832    20.1795   4.439761    31.9930        729     3.0333     2.8449  0.000e+00
