PC2305/sbe042.cnv
* Sea-Bird SBE 19plus V2 Data File:
* FileName = C:\cruise\data\sbe042.hex
* Software Version Seasave V 7.26.7.121
* Temperature SN = 7142
* Conductivity SN = 7142
* System UpLoad Time = Oct 30 2023 22:26:45
** Cruise: PC2205
** Program: ECOMON
# nquan = 8
# nvalues = 1179                                  
# units = specified
# name 0 = depSM: Depth [salt water, m], lat = 40.00
# name 1 = tv290C: Temperature [ITS-90, deg C]
# name 2 = c0S/m: Conductivity [S/m]
# name 3 = sal00: Salinity, Practical [PSU]
# name 4 = scan: Scan Count
# name 5 = timeM: Time, Elapsed [minutes]
# name 6 = sbeox0V: Oxygen raw, SBE 43 [V]
# name 7 = flag:  0.000e+00
# span 0 =     -0.111,     46.227                 
# span 1 =    18.1174,    21.5805                 
# span 2 =   0.000057,   4.824925                 
# span 3 =     0.0106,    34.6625                 
# span 4 =         11,       1189                 
# span 5 =     0.0417,     4.9500                 
# span 6 =     2.2776,     3.0304                 
# span 7 = 0.0000e+00, 0.0000e+00                 
# interval = seconds: 0.25
# start_time = Oct 30 2023 22:26:45 [System UTC, header]
# bad_flag = -9.990e-29
*END*
[from data line 180]
      9.906    19.9260   4.618414    33.6390        191     0.7917     2.3831  0.000e+00
     10.119    19.9268   4.620249    33.6532        192     0.7958     2.3984  0.000e+00
     10.332    19.9299   4.623513    33.6773        193     0.8000     2.4092  0.000e+00
     10.556    19.9347   4.626988    33.7018        194     0.8042     2.4148  0.000e+00
     10.775    19.9407   4.627855    33.7039        195     0.8083     2.4168  0.000e+00
     10.989    19.9455   4.628478    33.7051        196     0.8125     2.4160  0.000e+00
     11.198    19.9483   4.628065    33.6994        197     0.8167     2.4117  0.000e+00
     11.399    19.9313   4.626358    33.6990        198     0.8208     2.4048  0.000e+00
     11.591    19.8723   4.622647    33.7160        199     0.8250     2.3978  0.000e+00
     11.769    19.8167   4.617184    33.7160        200     0.8292     2.3909  0.000e+00
     11.934    19.7648   4.614559    33.7361        201     0.8333     2.3828  0.000e+00
     12.087    19.7251   4.615514    33.7759        202     0.8375     2.3745  0.000e+00
     12.231    19.6970   4.620978    33.8433        203     0.8417     2.3647  0.000e+00
     12.362    19.6837   4.622637    33.8677        204     0.8458     2.3497  0.000e+00
     12.492    19.6615   4.620633    33.8691        205     0.8500     2.3382  0.000e+00
     12.625    19.6957   4.618798    33.8263        206     0.8542     2.3251  0.000e+00
     12.768    19.7720   4.619230    33.7683        207     0.8583     2.3150  0.000e+00
     12.926    19.8345   4.617584    33.7045        208     0.8625     2.3088  0.000e+00
     13.095    19.8815   4.616751    33.6599        209     0.8667     2.3020  0.000e+00
     13.271    19.9070   4.613732    33.6148        210     0.8708     2.2964  0.000e+00
     13.448    19.9177   4.611587    33.5887        211     0.8750     2.2981  0.000e+00
     13.640    19.9059   4.611161    33.5945        212     0.8792     2.3123  0.000e+00
     13.839    19.8899   4.611263    33.6081        213     0.8833     2.3333  0.000e+00
     14.053    19.8798   4.611054    33.6144        214     0.8875     2.3570  0.000e+00
     14.267    19.8744   4.610905    33.6175        215     0.8917     2.3809  0.000e+00
     14.485    19.8712   4.610973    33.6205        216     0.8958     2.4058  0.000e+00
     14.704    19.8700   4.610946    33.6211        217     0.9000     2.4328  0.000e+00
     14.919    19.8700   4.611135    33.6226        218     0.9042     2.4621  0.000e+00
     15.131    19.8704   4.611535    33.6255        219     0.9083     2.4897  0.000e+00
     15.340    19.8713   4.612042    33.6288        220     0.9125     2.5146  0.000e+00
     15.538    19.8720   4.612448    33.6316        221     0.9167     2.5360  0.000e+00
     15.726    19.8729   4.612990    33.6352        222     0.9208     2.5518  0.000e+00
     15.913    19.8734   4.612611    33.6316        223     0.9250     2.5642  0.000e+00
     16.095    19.8747   4.611596    33.6222        224     0.9292     2.5709  0.000e+00
     16.269    19.8760   4.611210    33.6180        225     0.9333     2.5770  0.000e+00
     16.440    19.8765   4.610947    33.6154        226     0.9375     2.5821  0.000e+00
     16.607    19.8766   4.610622    33.6126        227     0.9417     2.5833  0.000e+00
     16.769    19.8742   4.610135    33.6104        228     0.9458     2.5773  0.000e+00
     16.927    19.8707   4.609249    33.6060        229     0.9500     2.5670  0.000e+00
     17.072    19.8661   4.608431    33.6029        230     0.9542     2.5492  0.000e+00
     17.216    19.8589   4.607559    33.6015        231     0.9583     2.5301  0.000e+00
     17.358    19.8502   4.606970    33.6036        232     0.9625     2.5109  0.000e+00
     17.495    19.8424   4.606504    33.6060        233     0.9667     2.4979  0.000e+00
     17.631    19.8361   4.605388    33.6019        234     0.9708     2.4905  0.000e+00
     17.766    19.8305   4.604557    33.5995        235     0.9750     2.4907  0.000e+00
     17.899    19.8218   4.603780    33.6001        236     0.9792     2.4983  0.000e+00
     18.048    19.8147   4.602570    33.5958        237     0.9833     2.5116  0.000e+00
     18.199    19.8086   4.601739    33.5939        238     0.9875     2.5311  0.000e+00
     18.359    19.8004   4.600644    33.5914        239     0.9917     2.5535  0.000e+00
     18.530    19.7911   4.599975    33.5933        240     0.9958     2.5770  0.000e+00
     18.709    19.7812   4.599252    33.5953        241     1.0000     2.6024  0.000e+00
     18.902    19.7733   4.598441    33.5949        242     1.0042     2.6288  0.000e+00
     19.101    19.7662   4.596975    33.5886        243     1.0083     2.6491  0.000e+00
     19.306    19.7597   4.595746    33.5836        244     1.0125     2.6665  0.000e+00
     19.525    19.7516   4.594902    33.5831        245     1.0167     2.6800  0.000e+00
     19.748    19.7412   4.593977    33.5838        246     1.0208     2.6923  0.000e+00
     19.966    19.7315   4.593578    33.5883        247     1.0250     2.7007  0.000e+00
     20.185    19.7239   4.592856    33.5883        248     1.0292     2.7043  0.000e+00
     20.393    19.7189   4.592647    33.5906        249     1.0333     2.7048  0.000e+00
     20.598    19.7142   4.592937    33.5967        250     1.0375     2.7025  0.000e+00
     20.780    19.7080   4.593282    33.6044        251     1.0417     2.6974  0.000e+00
     20.954    19.7032   4.593518    33.6101        252     1.0458     2.6913  0.000e+00
     21.107    19.7025   4.592722    33.6041        253     1.0500     2.6854  0.000e+00
     21.263    19.7018   4.589622    33.5791        254     1.0542     2.6789  0.000e+00
     21.403    19.6964   4.587347    33.5648        255     1.0583     2.6778  0.000e+00
     21.549    19.6867   4.584742    33.5512        256     1.0625     2.6770  0.000e+00
     21.700    19.6724   4.579911    33.5230        257     1.0667     2.6733  0.000e+00
     21.851    19.6468   4.574348    33.4978        258     1.0708     2.6573  0.000e+00
     22.016    19.6126   4.570041    33.4898        259     1.0750     2.6384  0.000e+00
     22.183    19.5783   4.569725    33.5146        260     1.0792     2.6241  0.000e+00
     22.358    19.5435   4.566377    33.5149        261     1.0833     2.6218  0.000e+00
     22.537    19.5121   4.562693    33.5098        262     1.0875     2.6340  0.000e+00
     22.726    19.4825   4.557488    33.4907        263     1.0917     2.6558  0.000e+00
     22.916    19.4549   4.551782    33.4658        264     1.0958     2.6798  0.000e+00
     23.111    19.4246   4.546051    33.4428        265     1.1000     2.7034  0.000e+00
     23.314    19.3835   4.541702    33.4399        266     1.1042     2.7213  0.000e+00
     23.510    19.3358   4.539303    33.4583        267     1.1083     2.7386  0.000e+00
     23.707    19.2902   4.538202    33.4858        268     1.1125     2.7506  0.000e+00
     23.900    19.2572   4.537275    33.5046        269     1.1167     2.7548  0.000e+00
     24.077    19.2314   4.535932    33.5141        270     1.1208     2.7583  0.000e+00
     24.257    19.2154   4.534824    33.5178        271     1.1250     2.7567  0.000e+00
     24.419    19.1981   4.532883    33.5156        272     1.1292     2.7520  0.000e+00
     24.573    19.1799   4.531694    33.5204        273     1.1333     2.7412  0.000e+00
     24.724    19.1544   4.530943    33.5347        274     1.1375     2.7233  0.000e+00
     24.875    19.1344   4.528909    33.5339        275     1.1417     2.7019  0.000e+00
     25.021    19.1195   4.526653    33.5272        276     1.1458     2.6795  0.000e+00
     25.163    19.1074   4.523264    33.5088        277     1.1500     2.6627  0.000e+00
     25.312    19.0850   4.521144    33.5092        278     1.1542     2.6410  0.000e+00
     25.472    19.0551   4.518991    33.5155        279     1.1583     2.6254  0.000e+00
     25.630    19.0272   4.516295    33.5156        280     1.1625     2.6131  0.000e+00
     25.797    19.0017   4.514123    33.5181        281     1.1667     2.6065  0.000e+00
     25.964    18.9780   4.513252    33.5300        282     1.1708     2.6047  0.000e+00
     26.137    18.9549   4.510987    33.5297        283     1.1750     2.6102  0.000e+00
     26.320    18.9402   4.509968    33.5331        284     1.1792     2.6227  0.000e+00
     26.505    18.9247   4.509995    33.5458        285     1.1833     2.6361  0.000e+00
     26.689    18.9068   4.530491    33.7310        286     1.1875     2.6480  0.000e+00
     26.877    18.9190   4.579743    34.1319        287     1.1917     2.6551  0.000e+00
     27.068    19.0048   4.589304    34.1408        288     1.1958     2.6676  0.000e+00
     27.257    19.1018   4.595597    34.1133        289     1.2000     2.6929  0.000e+00
     27.442    19.1793   4.606045    34.1364        290     1.2042     2.7189  0.000e+00
     27.627    19.2467   4.615224    34.1571        291     1.2083     2.7420  0.000e+00
     27.807    19.3121   4.625006    34.1845        292     1.2125     2.7570  0.000e+00
     27.990    19.3761   4.635889    34.2219        293     1.2167     2.7689  0.000e+00
     28.179    19.4428   4.643892    34.2333        294     1.2208     2.7760  0.000e+00
     28.357    19.5048   4.639244    34.1441        295     1.2250     2.7795  0.000e+00
     28.536    19.5368   4.643809    34.1555        296     1.2292     2.7806  0.000e+00
     28.718    19.5568   4.646429    34.1607        297     1.2333     2.7793  0.000e+00
     28.897    19.5754   4.647996    34.1583        298     1.2375     2.7760  0.000e+00
     29.081    19.5906   4.650847    34.1693        299     1.2417     2.7725  0.000e+00
     29.262    19.6045   4.651336    34.1619        300     1.2458     2.7677  0.000e+00
     29.444    19.6144   4.652259    34.1614        301     1.2500     2.7643  0.000e+00
     29.625    19.6213   4.653292    34.1641        302     1.2542     2.7595  0.000e+00
     29.800    19.6270   4.653509    34.1612        303     1.2583     2.7551  0.000e+00
     29.981    19.6304   4.653509    34.1584        304     1.2625     2.7519  0.000e+00
     30.159    19.6305   4.653407    34.1574        305     1.2667     2.7477  0.000e+00
     30.332    19.6292   4.653210    34.1568        306     1.2708     2.7429  0.000e+00
     30.501    19.6269   4.652857    34.1557        307     1.2750     2.7384  0.000e+00
     30.669    19.6241   4.652701    34.1566        308     1.2792     2.7346  0.000e+00
     30.842    19.6219   4.652695    34.1584        309     1.2833     2.7311  0.000e+00
     31.020    19.6200   4.652939    34.1618        310     1.2875     2.7259  0.000e+00
     31.192    19.6187   4.652695    34.1608        311     1.2917     2.7221  0.000e+00
     31.369    19.6173   4.653408    34.1678        312     1.2958     2.7170  0.000e+00
     31.543    19.6166   4.654332    34.1758        313     1.3000     2.7132  0.000e+00
     31.721    19.6180   4.654318    34.1746        314     1.3042     2.7091  0.000e+00
     31.902    19.6191   4.656179    34.1889        315     1.3083     2.7050  0.000e+00
     32.079    19.6230   4.657484    34.1964        316     1.3125     2.7021  0.000e+00
     32.256    19.6297   4.658618    34.2002        317     1.3167     2.6989  0.000e+00
     32.433    19.6367   4.660229    34.2077        318     1.3208     2.6957  0.000e+00
     32.612    19.6440   4.663110    34.2253        319     1.3250     2.6923  0.000e+00
     32.794    19.6553   4.667073    34.2486        320     1.3292     2.6911  0.000e+00
     32.974    19.6733   4.670555    34.2625        321     1.3333     2.6903  0.000e+00
     33.148    19.6925   4.672854    34.2656        322     1.3375     2.6891  0.000e+00
     33.324    19.7108   4.677808    34.2912        323     1.3417     2.6880  0.000e+00
     33.504    19.7330   4.681279    34.3015        324     1.3458     2.6838  0.000e+00
     33.691    19.7578   4.686441    34.3235        325     1.3500     2.6805  0.000e+00
     33.872    19.7841   4.689969    34.3309        326     1.3542     2.6784  0.000e+00
     34.050    19.8109   4.692463    34.3293        327     1.3583     2.6758  0.000e+00
     34.237    19.8333   4.695571    34.3365        328     1.3625     2.6744  0.000e+00
     34.420    19.8542   4.699232    34.3493        329     1.3667     2.6712  0.000e+00
     34.613    19.8753   4.704511    34.3752        330     1.3708     2.6686  0.000e+00
     34.796    19.9020   4.707575    34.3784        331     1.3750     2.6626  0.000e+00
     34.977    19.9276   4.711724    34.3913        332     1.3792     2.6588  0.000e+00
     35.152    19.9515   4.714250    34.3924        333     1.3833     2.6580  0.000e+00
     35.328    19.9741   4.718894    34.4118        334     1.3875     2.6554  0.000e+00
     35.508    19.9990   4.725700    34.4470        335     1.3917     2.6538  0.000e+00
     35.678    20.0315   4.731347    34.4664        336     1.3958     2.6498  0.000e+00
     35.853    20.0674   4.732571    34.4470        337     1.4000     2.6446  0.000e+00
     36.020    20.0939   4.733043    34.4291        338     1.4042     2.6389  0.000e+00
     36.194    20.1107   4.735492    34.4353        339     1.4083     2.6338  0.000e+00
     36.374    20.1245   4.738235    34.4463        340     1.4125     2.6311  0.000e+00
     36.546    20.1399   4.740952    34.4558        341     1.4167     2.6266  0.000e+00
     36.726    20.1570   4.741993    34.4502        342     1.4208     2.6228  0.000e+00
     36.913    20.1708   4.743047    34.4475        343     1.4250     2.6211  0.000e+00
     37.098    20.1813   4.744395    34.4498        344     1.4292     2.6192  0.000e+00
     37.282    20.1905   4.745539    34.4515        345     1.4333     2.6197  0.000e+00
     37.472    20.1994   4.753752    34.5111        346     1.4375     2.6181  0.000e+00
     37.664    20.2219   4.758721    34.5330        347     1.4417     2.6163  0.000e+00
     37.853    20.2529   4.767513    34.5792        348     1.4458     2.6162  0.000e+00
     37.939    20.2917   4.776704    34.6221        349     1.4500     2.6153  0.000e+00
     37.954    20.3409   4.779017    34.6006        350     1.4542     2.6156  0.000e+00
     37.947    20.3810   4.779367    34.5706        351     1.4583     2.6148  0.000e+00
     37.894    20.4068   4.783701    34.5848        352     1.4625     2.6117  0.000e+00
     37.882    20.4289   4.789694    34.6152        353     1.4667     2.6091  0.000e+00
     37.916    20.4565   4.792396    34.6146        354     1.4708     2.6060  0.000e+00
     38.033    20.4842   4.795800    34.6194        355     1.4750     2.6027  0.000e+00
     38.160    20.5090   4.797663    34.6142        356     1.4792     2.5982  0.000e+00
     38.304    20.5292   4.797897    34.5996        357     1.4833     2.5950  0.000e+00
     38.457    20.5408   4.799101    34.5998        358     1.4875     2.5918  0.000e+00
     38.615    20.5486   4.799128    34.5936        359     1.4917     2.5886  0.000e+00
     38.777    20.5541   4.798771    34.5861        360     1.4958     2.5860  0.000e+00
     38.949    20.5564   4.799789    34.5925        361     1.5000     2.5828  0.000e+00
     39.120    20.5591   4.801262    34.6021        362     1.5042     2.5787  0.000e+00
     39.287    20.5646   4.801207    34.5971        363     1.5083     2.5763  0.000e+00
     39.453    20.5688   4.801399    34.5952        364     1.5125     2.5744  0.000e+00
     39.616    20.5708   4.801234    34.5921        365     1.5167     2.5741  0.000e+00
     39.780    20.5720   4.801537    34.5935        366     1.5208     2.5740  0.000e+00
     39.938    20.5731   4.801805    34.5948        367     1.5250     2.5734  0.000e+00
     40.082    20.5742   4.802129    34.5965        368     1.5292     2.5728  0.000e+00
     40.215    20.5759   4.802253    34.5960        369     1.5333     2.5718  0.000e+00
