PC2305/sbe070.cnv
* Sea-Bird SBE 19plus V2 Data File:
* FileName = C:\cruise\data\sbe070.hex
* Software Version Seasave V 7.26.7.121
* Temperature SN = 7142
* Conductivity SN = 7142
* System UpLoad Time = Nov 03 2023 02:50:08
** Cruise: PC2205
** Program: ECOMON
# nquan = 8
# nvalues = 1588                                  
# units = specified
# name 0 = depSM: Depth [salt water, m], lat = 40.00
# name 1 = tv290C: Temperature [ITS-90, deg C]
# name 2 = c0S/m: Conductivity [S/m]
# name 3 = sal00: Salinity, Practical [PSU]
# name 4 = scan: Scan Count
# name 5 = timeM: Time, Elapsed [minutes]
# name 6 = sbeox0V: Oxygen raw, SBE 43 [V]
# name 7 = flag:  0.000e+00
# span 0 =      0.103,     45.913                 
# span 1 =    10.6237,    15.9304                 
# span 2 =  -0.078440,   4.076636                 
# span 3 =     0.0000,    33.0220                 
# span 4 =         11,       1598                 
# span 5 =     0.0417,     6.6542                 
# span 6 =     1.9373,     3.0601                 
# span 7 = 0.0000e+00, 0.0000e+00                 
# interval = seconds: 0.25
# start_time = Nov 03 2023 02:50:08 [System UTC, header]
# bad_flag = -9.990e-29
*END*
[from data line 720]
     31.057    15.7575   4.041636    32.0926        731     3.0417     2.7867  0.000e+00
     31.032    15.7575   4.041424    32.0908        732     3.0458     2.7874  0.000e+00
     31.002    15.7562   4.041085    32.0889        733     3.0500     2.7867  0.000e+00
     30.976    15.7552   4.040803    32.0872        734     3.0542     2.7865  0.000e+00
     30.951    15.7532   4.040778    32.0886        735     3.0583     2.7891  0.000e+00
     30.924    15.7520   4.041021    32.0917        736     3.0625     2.7865  0.000e+00
     30.892    15.7518   4.041111    32.0927        737     3.0667     2.7854  0.000e+00
     30.858    15.7521   4.041162    32.0929        738     3.0708     2.7878  0.000e+00
     30.825    15.7525   4.041162    32.0926        739     3.0750     2.7848  0.000e+00
     30.788    15.7526   4.041181    32.0927        740     3.0792     2.7851  0.000e+00
     30.752    15.7530   4.041162    32.0923        741     3.0833     2.7857  0.000e+00
     30.710    15.7528   4.041085    32.0917        742     3.0875     2.7883  0.000e+00
     30.669    15.7530   4.041251    32.0930        743     3.0917     2.7869  0.000e+00
     30.621    15.7531   4.041162    32.0922        744     3.0958     2.7869  0.000e+00
     30.576    15.7531   4.041251    32.0930        745     3.1000     2.7867  0.000e+00
     30.522    15.7530   4.041277    32.0933        746     3.1042     2.7868  0.000e+00
     30.468    15.7533   4.040944    32.0902        747     3.1083     2.7870  0.000e+00
     30.414    15.7526   4.041162    32.0927        748     3.1125     2.7883  0.000e+00
     30.351    15.7523   4.041040    32.0918        749     3.1167     2.7866  0.000e+00
     30.293    15.7523   4.040944    32.0910        750     3.1208     2.7849  0.000e+00
     30.236    15.7522   4.040944    32.0912        751     3.1250     2.7863  0.000e+00
     30.180    15.7518   4.040873    32.0909        752     3.1292     2.7863  0.000e+00
     30.121    15.7517   4.040848    32.0907        753     3.1333     2.7874  0.000e+00
     30.071    15.7513   4.040848    32.0911        754     3.1375     2.7878  0.000e+00
     30.015    15.7511   4.040848    32.0913        755     3.1417     2.7860  0.000e+00
     29.963    15.7511   4.040848    32.0913        756     3.1458     2.7865  0.000e+00
     29.907    15.7510   4.040848    32.0914        757     3.1500     2.7866  0.000e+00
     29.860    15.7511   4.040848    32.0913        758     3.1542     2.7847  0.000e+00
     29.815    15.7511   4.040873    32.0916        759     3.1583     2.7841  0.000e+00
     29.761    15.7512   4.040848    32.0913        760     3.1625     2.7845  0.000e+00
     29.720    15.7511   4.040873    32.0916        761     3.1667     2.7851  0.000e+00
     29.675    15.7514   4.040848    32.0912        762     3.1708     2.7865  0.000e+00
     29.628    15.7514   4.040822    32.0910        763     3.1750     2.7874  0.000e+00
     29.587    15.7513   4.040752    32.0904        764     3.1792     2.7889  0.000e+00
     29.539    15.7514   4.040803    32.0908        765     3.1833     2.7888  0.000e+00
     29.492    15.7514   4.040751    32.0904        766     3.1875     2.7888  0.000e+00
     29.445    15.7512   4.040707    32.0901        767     3.1917     2.7887  0.000e+00
     29.391    15.7511   4.040777    32.0909        768     3.1958     2.7881  0.000e+00
     29.344    15.7511   4.040944    32.0923        769     3.2000     2.7899  0.000e+00
     29.294    15.7513   4.040803    32.0910        770     3.2042     2.7900  0.000e+00
     29.246    15.7514   4.040847    32.0913        771     3.2083     2.7905  0.000e+00
     29.204    15.7515   4.040751    32.0904        772     3.2125     2.7882  0.000e+00
     29.156    15.7514   4.040707    32.0901        773     3.2167     2.7885  0.000e+00
     29.111    15.7511   4.040777    32.0909        774     3.2208     2.7886  0.000e+00
     29.068    15.7509   4.040803    32.0914        775     3.2250     2.7883  0.000e+00
     29.034    15.7511   4.040726    32.0906        776     3.2292     2.7880  0.000e+00
     28.992    15.7506   4.040559    32.0895        777     3.2333     2.7882  0.000e+00
     28.954    15.7496   4.040514    32.0899        778     3.2375     2.7896  0.000e+00
     28.924    15.7485   4.040514    32.0908        779     3.2417     2.7897  0.000e+00
     28.891    15.7480   4.040847    32.0942        780     3.2458     2.7881  0.000e+00
     28.850    15.7481   4.040873    32.0943        781     3.2500     2.7868  0.000e+00
     28.821    15.7490   4.040975    32.0945        782     3.2542     2.7841  0.000e+00
     28.791    15.7495   4.040802    32.0926        783     3.2583     2.7840  0.000e+00
     28.749    15.7497   4.040630    32.0909        784     3.2625     2.7839  0.000e+00
     28.710    15.7493   4.040751    32.0923        785     3.2667     2.7845  0.000e+00
     28.670    15.7489   4.040943    32.0944        786     3.2708     2.7849  0.000e+00
     28.622    15.7492   4.040559    32.0907        787     3.2750     2.7822  0.000e+00
     28.579    15.7489   4.040943    32.0944        788     3.2792     2.7809  0.000e+00
     28.527    15.7491   4.040540    32.0907        789     3.2833     2.7799  0.000e+00
     28.467    15.7489   4.040610    32.0915        790     3.2875     2.7814  0.000e+00
     28.413    15.7484   4.040610    32.0919        791     3.2917     2.7830  0.000e+00
     28.354    15.7484   4.040585    32.0918        792     3.2958     2.7844  0.000e+00
     28.295    15.7485   4.040488    32.0908        793     3.3000     2.7857  0.000e+00
     28.237    15.7484   4.040802    32.0937        794     3.3042     2.7847  0.000e+00
     28.174    15.7488   4.041206    32.0969        795     3.3083     2.7864  0.000e+00
     28.117    15.7499   4.041372    32.0975        796     3.3125     2.7867  0.000e+00
     28.065    15.7511   4.041398    32.0969        797     3.3167     2.7850  0.000e+00
     28.016    15.7522   4.041302    32.0951        798     3.3208     2.7874  0.000e+00
     27.959    15.7526   4.041231    32.0942        799     3.3250     2.7868  0.000e+00
     27.908    15.7526   4.041302    32.0948        800     3.3292     2.7891  0.000e+00
     27.863    15.7525   4.041250    32.0945        801     3.3333     2.7896  0.000e+00
     27.815    15.7526   4.040988    32.0921        802     3.3375     2.7899  0.000e+00
     27.781    15.7520   4.040969    32.0924        803     3.3417     2.7920  0.000e+00
     27.750    15.7513   4.041039    32.0936        804     3.3458     2.7918  0.000e+00
     27.714    15.7511   4.041013    32.0936        805     3.3500     2.7912  0.000e+00
     27.675    15.7509   4.041065    32.0942        806     3.3542     2.7893  0.000e+00
     27.642    15.7510   4.041109    32.0946        807     3.3583     2.7879  0.000e+00
     27.606    15.7513   4.041205    32.0952        808     3.3625     2.7867  0.000e+00
     27.569    15.7516   4.041084    32.0938        809     3.3667     2.7878  0.000e+00
     27.529    15.7515   4.041084    32.0939        810     3.3708     2.7865  0.000e+00
     27.499    15.7514   4.041161    32.0947        811     3.3750     2.7867  0.000e+00
     27.455    15.7517   4.041109    32.0940        812     3.3792     2.7885  0.000e+00
     27.418    15.7515   4.041064    32.0938        813     3.3833     2.7870  0.000e+00
     27.382    15.7514   4.041084    32.0940        814     3.3875     2.7874  0.000e+00
     27.340    15.7513   4.040917    32.0927        815     3.3917     2.7876  0.000e+00
     27.301    15.7511   4.040847    32.0922        816     3.3958     2.7878  0.000e+00
     27.263    15.7507   4.041135    32.0952        817     3.4000     2.7862  0.000e+00
     27.229    15.7511   4.041084    32.0944        818     3.4042     2.7873  0.000e+00
     27.188    15.7517   4.041064    32.0937        819     3.4083     2.7868  0.000e+00
     27.152    15.7519   4.041013    32.0931        820     3.4125     2.7868  0.000e+00
     27.114    15.7516   4.041084    32.0940        821     3.4167     2.7885  0.000e+00
     27.076    15.7521   4.041064    32.0935        822     3.4208     2.7889  0.000e+00
     27.035    15.7520   4.041135    32.0942        823     3.4250     2.7889  0.000e+00
     26.995    15.7520   4.041301    32.0957        824     3.4292     2.7889  0.000e+00
     26.956    15.7524   4.040847    32.0913        825     3.4333     2.7888  0.000e+00
     26.909    15.7515   4.040296    32.0872        826     3.4375     2.7880  0.000e+00
     26.864    15.7498   4.040245    32.0882        827     3.4417     2.7886  0.000e+00
     26.814    15.7476   4.040225    32.0898        828     3.4458     2.7879  0.000e+00
     26.758    15.7466   4.040181    32.0902        829     3.4500     2.7886  0.000e+00
     26.702    15.7458   4.039918    32.0886        830     3.4542     2.7892  0.000e+00
     26.652    15.7452   4.039867    32.0886        831     3.4583     2.7906  0.000e+00
     26.594    15.7442   4.039918    32.0899        832     3.4625     2.7904  0.000e+00
     26.537    15.7441   4.039867    32.0895        833     3.4667     2.7902  0.000e+00
     26.476    15.7439   4.039841    32.0895        834     3.4708     2.7899  0.000e+00
     26.411    15.7435   4.039867    32.0901        835     3.4750     2.7901  0.000e+00
     26.355    15.7436   4.039822    32.0896        836     3.4792     2.7899  0.000e+00
     26.298    15.7434   4.039867    32.0902        837     3.4833     2.7884  0.000e+00
     26.242    15.7435   4.039867    32.0901        838     3.4875     2.7886  0.000e+00
     26.185    15.7435   4.039892    32.0904        839     3.4917     2.7902  0.000e+00
     26.134    15.7437   4.039867    32.0900        840     3.4958     2.7918  0.000e+00
     26.082    15.7437   4.039892    32.0903        841     3.5000     2.7928  0.000e+00
     26.028    15.7436   4.039892    32.0903        842     3.5042     2.7934  0.000e+00
     25.980    15.7439   4.039892    32.0902        843     3.5083     2.7944  0.000e+00
     25.938    15.7438   4.039918    32.0905        844     3.5125     2.7930  0.000e+00
     25.899    15.7438   4.039918    32.0905        845     3.5167     2.7918  0.000e+00
     25.863    15.7440   4.039963    32.0907        846     3.5208     2.7925  0.000e+00
     25.829    15.7443   4.039988    32.0908        847     3.5250     2.7920  0.000e+00
     25.802    15.7443   4.039937    32.0903        848     3.5292     2.7919  0.000e+00
     25.775    15.7444   4.039963    32.0904        849     3.5333     2.7904  0.000e+00
     25.744    15.7445   4.039962    32.0904        850     3.5375     2.7886  0.000e+00
     25.724    15.7444   4.039918    32.0900        851     3.5417     2.7884  0.000e+00
     25.699    15.7446   4.039962    32.0903        852     3.5458     2.7896  0.000e+00
     25.678    15.7446   4.039988    32.0906        853     3.5500     2.7902  0.000e+00
     25.654    15.7447   4.039988    32.0904        854     3.5542     2.7900  0.000e+00
     25.635    15.7446   4.039962    32.0903        855     3.5583     2.7910  0.000e+00
     25.599    15.7450   4.039988    32.0903        856     3.5625     2.7919  0.000e+00
     25.565    15.7448   4.039962    32.0902        857     3.5667     2.7925  0.000e+00
     25.534    15.7450   4.039962    32.0901        858     3.5708     2.7920  0.000e+00
     25.487    15.7447   4.039937    32.0900        859     3.5750     2.7912  0.000e+00
     25.437    15.7445   4.039918    32.0901        860     3.5792     2.7928  0.000e+00
     25.378    15.7446   4.039988    32.0907        861     3.5833     2.7919  0.000e+00
     25.311    15.7446   4.040033    32.0911        862     3.5875     2.7939  0.000e+00
     25.254    15.7449   4.040007    32.0906        863     3.5917     2.7935  0.000e+00
     25.189    15.7450   4.040007    32.0905        864     3.5958     2.7941  0.000e+00
     25.121    15.7451   4.040007    32.0905        865     3.6000     2.7949  0.000e+00
     25.052    15.7453   4.039988    32.0902        866     3.6042     2.7943  0.000e+00
     24.991    15.7453   4.039962    32.0900        867     3.6083     2.7953  0.000e+00
     24.937    15.7450   4.039988    32.0904        868     3.6125     2.7936  0.000e+00
     24.882    15.7450   4.040033    32.0909        869     3.6167     2.7947  0.000e+00
     24.828    15.7451   4.039937    32.0900        870     3.6208     2.7937  0.000e+00
     24.779    15.7447   4.039866    32.0897        871     3.6250     2.7939  0.000e+00
     24.741    15.7446   4.039866    32.0898        872     3.6292     2.7938  0.000e+00
     24.702    15.7443   4.039892    32.0903        873     3.6333     2.7932  0.000e+00
     24.664    15.7443   4.039821    32.0897        874     3.6375     2.7939  0.000e+00
     24.637    15.7441   4.039821    32.0899        875     3.6417     2.7948  0.000e+00
     24.608    15.7439   4.039744    32.0893        876     3.6458     2.7944  0.000e+00
     24.585    15.7435   4.039770    32.0899        877     3.6500     2.7951  0.000e+00
     24.562    15.7432   4.039879    32.0911        878     3.6542     2.7945  0.000e+00
     24.531    15.7437   4.039821    32.0902        879     3.6583     2.7936  0.000e+00
     24.502    15.7439   4.039917    32.0909        880     3.6625     2.7929  0.000e+00
     24.479    15.7443   4.039936    32.0908        881     3.6667     2.7925  0.000e+00
     24.447    15.7444   4.040007    32.0913        882     3.6708     2.7935  0.000e+00
     24.411    15.7446   4.039962    32.0907        883     3.6750     2.7925  0.000e+00
     24.369    15.7449   4.039962    32.0906        884     3.6792     2.7932  0.000e+00
     24.326    15.7450   4.039962    32.0905        885     3.6833     2.7925  0.000e+00
     24.283    15.7448   4.040007    32.0911        886     3.6875     2.7940  0.000e+00
     24.233    15.7450   4.040007    32.0909        887     3.6917     2.7944  0.000e+00
     24.177    15.7452   4.039866    32.0895        888     3.6958     2.7951  0.000e+00
     24.125    15.7449   4.039866    32.0898        889     3.7000     2.7950  0.000e+00
     24.073    15.7449   4.039936    32.0904        890     3.7042     2.7963  0.000e+00
     24.021    15.7446   4.039917    32.0905        891     3.7083     2.7956  0.000e+00
     23.967    15.7449   4.039936    32.0905        892     3.7125     2.7957  0.000e+00
     23.904    15.7449   4.039917    32.0903        893     3.7167     2.7986  0.000e+00
     23.845    15.7448   4.039917    32.0904        894     3.7208     2.7976  0.000e+00
     23.794    15.7450   4.039917    32.0902        895     3.7250     2.7970  0.000e+00
     23.744    15.7447   4.039866    32.0901        896     3.7292     2.7966  0.000e+00
     23.699    15.7447   4.039891    32.0903        897     3.7333     2.7960  0.000e+00
     23.654    15.7445   4.039891    32.0905        898     3.7375     2.7951  0.000e+00
     23.611    15.7446   4.039866    32.0902        899     3.7417     2.7953  0.000e+00
     23.573    15.7446   4.039795    32.0896        900     3.7458     2.7950  0.000e+00
     23.532    15.7443   4.039795    32.0899        901     3.7500     2.7961  0.000e+00
     23.492    15.7443   4.039770    32.0896        902     3.7542     2.7963  0.000e+00
     23.455    15.7443   4.039725    32.0893        903     3.7583     2.7954  0.000e+00
     23.411    15.7440   4.039770    32.0899        904     3.7625     2.7950  0.000e+00
     23.372    15.7439   4.039744    32.0898        905     3.7667     2.7954  0.000e+00
     23.332    15.7440   4.039725    32.0895        906     3.7708     2.7959  0.000e+00
     23.289    15.7439   4.039725    32.0896        907     3.7750     2.7954  0.000e+00
     23.248    15.7439   4.039699    32.0895        908     3.7792     2.7951  0.000e+00
