PC2305/sbe084.cnv
* Sea-Bird SBE 19plus V2 Data File:
* FileName = C:\cruise\data\sbe084.hex
* Software Version Seasave V 7.26.7.121
* Temperature SN = 7142
* Conductivity SN = 7142
* System UpLoad Time = Nov 04 2023 05:07:31
** Cruise: PC2205
** Program: ECOMON
# nquan = 8
# nvalues = 1575                                  
# units = specified
# name 0 = depSM: Depth [salt water, m], lat = 40.00
# name 1 = tv290C: Temperature [ITS-90, deg C]
# name 2 = c0S/m: Conductivity [S/m]
# name 3 = sal00: Salinity, Practical [PSU]
# name 4 = scan: Scan Count
# name 5 = timeM: Time, Elapsed [minutes]
# name 6 = sbeox0V: Oxygen raw, SBE 43 [V]
# name 7 = flag:  0.000e+00
# span 0 =      0.070,     55.410                 
# span 1 =    13.2137,    13.8400                 
# span 2 =   0.000037,   3.873585                 
# span 3 =     0.0068,    32.1777                 
# span 4 =         11,       1585                 
# span 5 =     0.0417,     6.6000                 
# span 6 =     2.1443,     2.7501                 
# span 7 = 0.0000e+00, 0.0000e+00                 
# interval = seconds: 0.25
# start_time = Nov 04 2023 05:07:31 [System UTC, header]
# bad_flag = -9.990e-29
*END*
[from data line 540]
     53.889    13.8210   3.873359    32.1582        551     2.2917     2.7050  0.000e+00
     53.776    13.8217   3.873321    32.1573        552     2.2958     2.7067  0.000e+00
     53.656    13.8221   3.873063    32.1547        553     2.3000     2.7081  0.000e+00
     53.533    13.8213   3.873296    32.1575        554     2.3042     2.7095  0.000e+00
     53.415    13.8213   3.873132    32.1560        555     2.3083     2.7106  0.000e+00
     53.298    13.8210   3.872774    32.1530        556     2.3125     2.7109  0.000e+00
     53.176    13.8197   3.872748    32.1539        557     2.3167     2.7117  0.000e+00
     53.048    13.8180   3.872729    32.1552        558     2.3208     2.7135  0.000e+00
     52.922    13.8169   3.872773    32.1566        559     2.3250     2.7121  0.000e+00
     52.795    13.8163   3.872755    32.1570        560     2.3292     2.7129  0.000e+00
     52.667    13.8159   3.872748    32.1573        561     2.3333     2.7123  0.000e+00
     52.541    13.8158   3.872817    32.1580        562     2.3375     2.7125  0.000e+00
     52.426    13.8161   3.873107    32.1606        563     2.3417     2.7126  0.000e+00
     52.324    13.8176   3.873044    32.1587        564     2.3458     2.7131  0.000e+00
     52.227    13.8191   3.872949    32.1566        565     2.3500     2.7125  0.000e+00
     52.146    13.8196   3.872874    32.1555        566     2.3542     2.7125  0.000e+00
     52.070    13.8197   3.872905    32.1558        567     2.3583     2.7128  0.000e+00
     52.009    13.8193   3.872918    32.1563        568     2.3625     2.7124  0.000e+00
     51.955    13.8184   3.872930    32.1571        569     2.3667     2.7124  0.000e+00
     51.909    13.8179   3.872886    32.1572        570     2.3708     2.7134  0.000e+00
     51.856    13.8175   3.872943    32.1580        571     2.3750     2.7145  0.000e+00
     51.797    13.8176   3.872974    32.1583        572     2.3792     2.7134  0.000e+00
     51.731    13.8178   3.872918    32.1576        573     2.3833     2.7117  0.000e+00
     51.659    13.8181   3.872949    32.1577        574     2.3875     2.7109  0.000e+00
     51.587    13.8186   3.873062    32.1584        575     2.3917     2.7105  0.000e+00
     51.495    13.8198   3.873415    32.1606        576     2.3958     2.7109  0.000e+00
     51.396    13.8215   3.873408    32.1592        577     2.4000     2.7109  0.000e+00
     51.292    13.8229   3.873585    32.1597        578     2.4042     2.7103  0.000e+00
     51.181    13.8239   3.873515    32.1583        579     2.4083     2.7096  0.000e+00
     51.071    13.8250   3.873452    32.1568        580     2.4125     2.7093  0.000e+00
     50.960    13.8251   3.873515    32.1573        581     2.4167     2.7083  0.000e+00
     50.859    13.8253   3.873314    32.1554        582     2.4208     2.7088  0.000e+00
     50.755    13.8253   3.873131    32.1538        583     2.4250     2.7092  0.000e+00
     50.667    13.8247   3.872848    32.1517        584     2.4292     2.7116  0.000e+00
     50.568    13.8234   3.872703    32.1514        585     2.4333     2.7126  0.000e+00
     50.485    13.8221   3.872703    32.1526        586     2.4375     2.7154  0.000e+00
     50.383    13.8210   3.872363    32.1503        587     2.4417     2.7154  0.000e+00
     50.284    13.8201   3.872156    32.1492        588     2.4458     2.7170  0.000e+00
     50.180    13.8186   3.872181    32.1508        589     2.4500     2.7161  0.000e+00
     50.077    13.8177   3.871998    32.1499        590     2.4542     2.7162  0.000e+00
     49.955    13.8167   3.872023    32.1510        591     2.4583     2.7161  0.000e+00
     49.843    13.8166   3.871684    32.1480        592     2.4625     2.7153  0.000e+00
     49.730    13.8152   3.871451    32.1471        593     2.4667     2.7145  0.000e+00
     49.621    13.8137   3.870872    32.1430        594     2.4708     2.7141  0.000e+00
     49.518    13.8112   3.870362    32.1404        595     2.4750     2.7129  0.000e+00
     49.425    13.8078   3.870249    32.1422        596     2.4792     2.7131  0.000e+00
     49.340    13.8046   3.870350    32.1458        597     2.4833     2.7122  0.000e+00
     49.266    13.8035   3.870545    32.1487        598     2.4875     2.7112  0.000e+00
     49.202    13.8038   3.869261    32.1365        599     2.4917     2.7080  0.000e+00
     49.144    13.8009   3.869230    32.1387        600     2.4958     2.7038  0.000e+00
     49.087    13.7981   3.869639    32.1449        601     2.5000     2.7032  0.000e+00
     49.024    13.7974   3.870066    32.1494        602     2.5042     2.7007  0.000e+00
     48.957    13.7986   3.870136    32.1490        603     2.5083     2.6977  0.000e+00
     48.894    13.7999   3.870117    32.1478        604     2.5125     2.6952  0.000e+00
     48.824    13.8006   3.872181    32.1663        605     2.5167     2.6930  0.000e+00
     48.760    13.8058   3.871224    32.1532        606     2.5208     2.6910  0.000e+00
     48.686    13.8091   3.871941    32.1571        607     2.5250     2.6890  0.000e+00
     48.616    13.8116   3.872520    32.1604        608     2.5292     2.6869  0.000e+00
     48.542    13.8144   3.872722    32.1600        609     2.5333     2.6855  0.000e+00
     48.461    13.8168   3.872344    32.1544        610     2.5375     2.6863  0.000e+00
     48.388    13.8178   3.872451    32.1546        611     2.5417     2.6894  0.000e+00
     48.308    13.8180   3.873130    32.1608        612     2.5458     2.6910  0.000e+00
     48.237    13.8194   3.873130    32.1596        613     2.5500     2.6932  0.000e+00
     48.152    13.8210   3.873313    32.1600        614     2.5542     2.6969  0.000e+00
     48.073    13.8216   3.873250    32.1590        615     2.5583     2.6996  0.000e+00
     47.999    13.8222   3.873495    32.1607        616     2.5625     2.7026  0.000e+00
     47.917    13.8233   3.873357    32.1586        617     2.5667     2.7045  0.000e+00
     47.841    13.8242   3.873275    32.1571        618     2.5708     2.7063  0.000e+00
     47.755    13.8244   3.873199    32.1563        619     2.5750     2.7098  0.000e+00
     47.670    13.8246   3.873489    32.1588        620     2.5792     2.7118  0.000e+00
     47.586    13.8247   3.872929    32.1536        621     2.5833     2.7128  0.000e+00
     47.514    13.8238   3.872041    32.1462        622     2.5875     2.7137  0.000e+00
     47.426    13.8206   3.872085    32.1493        623     2.5917     2.7140  0.000e+00
     47.347    13.8178   3.871406    32.1453        624     2.5958     2.7146  0.000e+00
     47.264    13.8142   3.870733    32.1422        625     2.6000     2.7153  0.000e+00
     47.178    13.8110   3.870821    32.1457        626     2.6042     2.7160  0.000e+00
     47.095    13.8089   3.870248    32.1422        627     2.6083     2.7148  0.000e+00
     47.002    13.8067   3.870135    32.1430        628     2.6125     2.7159  0.000e+00
     46.912    13.8049   3.870185    32.1450        629     2.6167     2.7138  0.000e+00
     46.818    13.8039   3.870160    32.1457        630     2.6208     2.7122  0.000e+00
     46.720    13.8038   3.870254    32.1467        631     2.6250     2.7105  0.000e+00
     46.624    13.8038   3.870204    32.1463        632     2.6292     2.7087  0.000e+00
     46.540    13.8039   3.870065    32.1449        633     2.6333     2.7063  0.000e+00
     46.452    13.8036   3.870047    32.1450        634     2.6375     2.7038  0.000e+00
     46.376    13.8033   3.870229    32.1470        635     2.6417     2.6999  0.000e+00
     46.303    13.8032   3.870160    32.1465        636     2.6458     2.6966  0.000e+00
     46.240    13.8034   3.870204    32.1468        637     2.6500     2.6959  0.000e+00
     46.180    13.8034   3.870040    32.1453        638     2.6542     2.6932  0.000e+00
     46.114    13.8032   3.870229    32.1472        639     2.6583     2.6913  0.000e+00
     46.056    13.8034   3.870072    32.1456        640     2.6625     2.6903  0.000e+00
     45.993    13.8035   3.870040    32.1453        641     2.6667     2.6897  0.000e+00
     45.934    13.8032   3.870116    32.1463        642     2.6708     2.6894  0.000e+00
     45.880    13.8034   3.870657    32.1511        643     2.6750     2.6908  0.000e+00
     45.812    13.8047   3.870317    32.1469        644     2.6792     2.6895  0.000e+00
     45.747    13.8055   3.870411    32.1471        645     2.6833     2.6898  0.000e+00
     45.679    13.8052   3.870518    32.1483        646     2.6875     2.6894  0.000e+00
     45.609    13.8057   3.870568    32.1485        647     2.6917     2.6889  0.000e+00
     45.544    13.8060   3.870524    32.1478        648     2.6958     2.6884  0.000e+00
     45.470    13.8061   3.870443    32.1470        649     2.7000     2.6877  0.000e+00
     45.395    13.8060   3.870411    32.1468        650     2.7042     2.6877  0.000e+00
     45.330    13.8058   3.870304    32.1461        651     2.7083     2.6877  0.000e+00
     45.264    13.8052   3.870342    32.1469        652     2.7125     2.6872  0.000e+00
     45.201    13.8052   3.870543    32.1488        653     2.7167     2.6879  0.000e+00
     45.134    13.8056   3.870493    32.1480        654     2.7208     2.6885  0.000e+00
     45.071    13.8059   3.870839    32.1510        655     2.7250     2.6881  0.000e+00
     45.007    13.8067   3.870751    32.1495        656     2.7292     2.6874  0.000e+00
     44.935    13.8076   3.870543    32.1469        657     2.7333     2.6884  0.000e+00
     44.868    13.8072   3.870298    32.1449        658     2.7375     2.6887  0.000e+00
     44.795    13.8064   3.870467    32.1473        659     2.7417     2.6900  0.000e+00
     44.719    13.8061   3.870316    32.1462        660     2.7458     2.6903  0.000e+00
     44.636    13.8058   3.870543    32.1485        661     2.7500     2.6897  0.000e+00
     44.559    13.8059   3.870279    32.1460        662     2.7542     2.6905  0.000e+00
     44.464    13.8058   3.870386    32.1472        663     2.7583     2.6911  0.000e+00
     44.372    13.8055   3.869234    32.1368        664     2.7625     2.6913  0.000e+00
     44.273    13.8033   3.868983    32.1363        665     2.7667     2.6915  0.000e+00
     44.169    13.7993   3.869775    32.1470        666     2.7708     2.6912  0.000e+00
     44.070    13.7984   3.870253    32.1522        667     2.7750     2.6908  0.000e+00
     43.975    13.8006   3.869863    32.1468        668     2.7792     2.6913  0.000e+00
     43.873    13.8015   3.869681    32.1444        669     2.7833     2.6887  0.000e+00
     43.783    13.8012   3.869498    32.1430        670     2.7875     2.6898  0.000e+00
     43.695    13.8002   3.869158    32.1408        671     2.7917     2.6894  0.000e+00
     43.619    13.7989   3.868165    32.1327        672     2.7958     2.6909  0.000e+00
     43.537    13.7955   3.867957    32.1337        673     2.8000     2.6894  0.000e+00
     43.475    13.7918   3.868020    32.1373        674     2.8042     2.6916  0.000e+00
     43.420    13.7897   3.868026    32.1392        675     2.8083     2.6907  0.000e+00
     43.368    13.7889   3.868070    32.1403        676     2.8125     2.6896  0.000e+00
     43.323    13.7889   3.867976    32.1395        677     2.8167     2.6861  0.000e+00
     43.287    13.7892   3.867913    32.1386        678     2.8208     2.6843  0.000e+00
     43.249    13.7889   3.867856    32.1384        679     2.8250     2.6820  0.000e+00
     43.213    13.7881   3.867869    32.1391        680     2.8292     2.6820  0.000e+00
     43.181    13.7875   3.867869    32.1397        681     2.8333     2.6812  0.000e+00
     43.152    13.7872   3.867787    32.1392        682     2.8375     2.6781  0.000e+00
     43.110    13.7869   3.867668    32.1383        683     2.8417     2.6766  0.000e+00
     43.073    13.7865   3.867737    32.1393        684     2.8458     2.6750  0.000e+00
     43.039    13.7863   3.868095    32.1429        685     2.8500     2.6732  0.000e+00
     42.999    13.7871   3.868095    32.1422        686     2.8542     2.6723  0.000e+00
     42.952    13.7883   3.867498    32.1357        687     2.8583     2.6716  0.000e+00
     42.895    13.7872   3.867554    32.1371        688     2.8625     2.6708  0.000e+00
     42.841    13.7859   3.867781    32.1403        689     2.8667     2.6706  0.000e+00
     42.776    13.7860   3.867856    32.1410        690     2.8708     2.6699  0.000e+00
     42.699    13.7866   3.868026    32.1420        691     2.8750     2.6691  0.000e+00
     42.616    13.7877   3.867976    32.1407        692     2.8792     2.6691  0.000e+00
     42.526    13.7883   3.867938    32.1399        693     2.8833     2.6702  0.000e+00
     42.426    13.7881   3.867894    32.1397        694     2.8875     2.6701  0.000e+00
     42.325    13.7888   3.867762    32.1379        695     2.8917     2.6688  0.000e+00
     42.228    13.7891   3.867824    32.1383        696     2.8958     2.6690  0.000e+00
     42.129    13.7894   3.867831    32.1382        697     2.9000     2.6683  0.000e+00
     42.034    13.7897   3.868120    32.1406        698     2.9042     2.6704  0.000e+00
     41.949    13.7913   3.868869    32.1462        699     2.9083     2.6694  0.000e+00
     41.860    13.7938   3.867711    32.1334        700     2.9125     2.6703  0.000e+00
     41.793    13.7935   3.868705    32.1430        701     2.9167     2.6698  0.000e+00
     41.719    13.7941   3.868422    32.1398        702     2.9208     2.6705  0.000e+00
     41.662    13.7956   3.869252    32.1463        703     2.9250     2.6709  0.000e+00
     41.604    13.7978   3.868982    32.1419        704     2.9292     2.6706  0.000e+00
     41.549    13.7996   3.868711    32.1380        705     2.9333     2.6720  0.000e+00
     41.504    13.7995   3.868818    32.1391        706     2.9375     2.6733  0.000e+00
     41.462    13.7992   3.868994    32.1409        707     2.9417     2.6740  0.000e+00
     41.417    13.7995   3.869453    32.1450        708     2.9458     2.6752  0.000e+00
     41.374    13.8011   3.869183    32.1412        709     2.9500     2.6756  0.000e+00
     41.326    13.8016   3.869353    32.1423        710     2.9542     2.6768  0.000e+00
     41.283    13.8021   3.869548    32.1437        711     2.9583     2.6775  0.000e+00
     41.234    13.8033   3.869397    32.1413        712     2.9625     2.6761  0.000e+00
     41.195    13.8037   3.869906    32.1457        713     2.9667     2.6783  0.000e+00
     41.148    13.8049   3.870114    32.1467        714     2.9708     2.6791  0.000e+00
     41.097    13.8064   3.870158    32.1458        715     2.9750     2.6806  0.000e+00
     41.049    13.8082   3.869591    32.1391        716     2.9792     2.6834  0.000e+00
     40.988    13.8076   3.869340    32.1373        717     2.9833     2.6832  0.000e+00
     40.938    13.8061   3.867924    32.1255        718     2.9875     2.6844  0.000e+00
     40.880    13.8008   3.867440    32.1255        719     2.9917     2.6866  0.000e+00
     40.821    13.7943   3.867264    32.1293        720     2.9958     2.6878  0.000e+00
     40.754    13.7897   3.867258    32.1331        721     3.0000     2.6889  0.000e+00
     40.684    13.7871   3.867189    32.1347        722     3.0042     2.6904  0.000e+00
     40.614    13.7853   3.867094    32.1353        723     3.0083     2.6905  0.000e+00
     40.546    13.7840   3.867101    32.1365        724     3.0125     2.6880  0.000e+00
     40.481    13.7834   3.867094    32.1370        725     3.0167     2.6852  0.000e+00
     40.420    13.7829   3.867119    32.1377        726     3.0208     2.6820  0.000e+00
     40.361    13.7828   3.867101    32.1376        727     3.0250     2.6797  0.000e+00
     40.303    13.7831   3.867119    32.1376        728     3.0292     2.6776  0.000e+00
     40.244    13.7834   3.866987    32.1361        729     3.0333     2.6753  0.000e+00
