PC2305/sbe085.cnv
* Sea-Bird SBE 19plus V2 Data File:
* FileName = C:\cruise\data\sbe085.hex
* Software Version Seasave V 7.26.7.121
* Temperature SN = 7142
* Conductivity SN = 7142
* System UpLoad Time = Nov 04 2023 11:03:36
** Cruise: PC2205
** Program: ECOMON
# nquan = 8
# nvalues = 2187                                  
# units = specified
# name 0 = depSM: Depth [salt water, m], lat = 40.00
# name 1 = tv290C: Temperature [ITS-90, deg C]
# name 2 = c0S/m: Conductivity [S/m]
# name 3 = sal00: Salinity, Practical [PSU]
# name 4 = scan: Scan Count
# name 5 = timeM: Time, Elapsed [minutes]
# name 6 = sbeox0V: Oxygen raw, SBE 43 [V]
# name 7 = flag:  0.000e+00
# span 0 =      0.056,     81.215                 
# span 1 =    10.1798,    14.2330                 
# span 2 =   0.000040,   3.822859                 
# span 3 =     0.0073,    32.9968                 
# span 4 =         11,       2197                 
# span 5 =     0.0417,     9.1500                 
# span 6 =     2.0814,     2.8675                 
# span 7 = 0.0000e+00, 0.0000e+00                 
# interval = seconds: 0.25
# start_time = Nov 04 2023 11:03:36 [System UTC, header]
# bad_flag = -9.990e-29
*END*
[from data line 1978]
      7.121    13.1034   3.793305    32.0338       1989     8.2833     2.8603  0.000e+00
      7.089    13.1026   3.793286    32.0343       1990     8.2875     2.8606  0.000e+00
      7.044    13.1017   3.793218    32.0344       1991     8.2917     2.8605  0.000e+00
      6.990    13.1011   3.793105    32.0339       1992     8.2958     2.8617  0.000e+00
      6.945    13.1002   3.793168    32.0352       1993     8.3000     2.8596  0.000e+00
      6.893    13.0999   3.793380    32.0376       1994     8.3042     2.8594  0.000e+00
      6.839    13.1005   3.793417    32.0374       1995     8.3083     2.8574  0.000e+00
      6.787    13.1013   3.793330    32.0360       1996     8.3125     2.8581  0.000e+00
      6.744    13.1018   3.793417    32.0364       1997     8.3167     2.8586  0.000e+00
      6.702    13.1022   3.793236    32.0343       1998     8.3208     2.8594  0.000e+00
      6.670    13.1018   3.793193    32.0342       1999     8.3250     2.8578  0.000e+00
      6.645    13.1012   3.793218    32.0350       2000     8.3292     2.8590  0.000e+00
      6.629    13.1007   3.793305    32.0362       2001     8.3333     2.8603  0.000e+00
      6.609    13.1007   3.793486    32.0379       2002     8.3375     2.8611  0.000e+00
      6.593    13.1018   3.793492    32.0371       2003     8.3417     2.8616  0.000e+00
      6.568    13.1028   3.793461    32.0360       2004     8.3458     2.8596  0.000e+00
      6.526    13.1034   3.793492    32.0358       2005     8.3500     2.8621  0.000e+00
      6.476    13.1036   3.793517    32.0359       2006     8.3542     2.8620  0.000e+00
      6.413    13.1037   3.793486    32.0355       2007     8.3583     2.8626  0.000e+00
      6.347    13.1037   3.793473    32.0354       2008     8.3625     2.8619  0.000e+00
      6.253    13.1039   3.793461    32.0352       2009     8.3667     2.8622  0.000e+00
      6.151    13.1036   3.793473    32.0356       2010     8.3708     2.8644  0.000e+00
      6.030    13.1038   3.793436    32.0351       2011     8.3750     2.8649  0.000e+00
      5.910    13.1036   3.793448    32.0354       2012     8.3792     2.8661  0.000e+00
      5.784    13.1036   3.793423    32.0353       2013     8.3833     2.8648  0.000e+00
      5.675    13.1034   3.793373    32.0350       2014     8.3875     2.8658  0.000e+00
      5.588    13.1034   3.793398    32.0353       2015     8.3917     2.8649  0.000e+00
      5.529    13.1032   3.793348    32.0350       2016     8.3958     2.8661  0.000e+00
      5.500    13.1031   3.793330    32.0349       2017     8.4000     2.8660  0.000e+00
      5.506    13.1028   3.793330    32.0352       2018     8.4042     2.8672  0.000e+00
      5.529    13.1027   3.793380    32.0357       2019     8.4083     2.8663  0.000e+00
      5.576    13.1028   3.793398    32.0358       2020     8.4125     2.8658  0.000e+00
      5.632    13.1030   3.793392    32.0355       2021     8.4167     2.8651  0.000e+00
      5.696    13.1029   3.793380    32.0355       2022     8.4208     2.8653  0.000e+00
      5.752    13.1029   3.793348    32.0352       2023     8.4250     2.8648  0.000e+00
      5.818    13.1028   3.793355    32.0352       2024     8.4292     2.8630  0.000e+00
      5.867    13.1027   3.793373    32.0355       2025     8.4333     2.8623  0.000e+00
      5.905    13.1024   3.793355    32.0356       2026     8.4375     2.8625  0.000e+00
      5.926    13.1025   3.793380    32.0357       2027     8.4417     2.8594  0.000e+00
      5.919    13.1026   3.793373    32.0356       2028     8.4458     2.8593  0.000e+00
      5.867    13.1026   3.793286    32.0348       2029     8.4500     2.8606  0.000e+00
      5.808    13.1023   3.793217    32.0344       2030     8.4542     2.8616  0.000e+00
      5.723    13.1017   3.793142    32.0343       2031     8.4583     2.8628  0.000e+00
      5.621    13.1010   3.793261    32.0360       2032     8.4625     2.8629  0.000e+00
      5.504    13.1009   3.793380    32.0373       2033     8.4667     2.8640  0.000e+00
      5.385    13.1016   3.793379    32.0367       2034     8.4708     2.8662  0.000e+00
      5.267    13.1023   3.793373    32.0361       2035     8.4750     2.8656  0.000e+00
      5.168    13.1026   3.793354    32.0357       2036     8.4792     2.8663  0.000e+00
      5.103    13.1028   3.793329    32.0354       2037     8.4833     2.8667  0.000e+00
      5.062    13.1028   3.793304    32.0351       2038     8.4875     2.8666  0.000e+00
      5.028    13.1025   3.793304    32.0354       2039     8.4917     2.8669  0.000e+00
      5.006    13.1023   3.793261    32.0351       2040     8.4958     2.8663  0.000e+00
      4.994    13.1022   3.793304    32.0357       2041     8.5000     2.8653  0.000e+00
      4.994    13.1020   3.793348    32.0362       2042     8.5042     2.8651  0.000e+00
      4.999    13.1023   3.793379    32.0363       2043     8.5083     2.8656  0.000e+00
      4.994    13.1026   3.793373    32.0359       2044     8.5125     2.8667  0.000e+00
      4.988    13.1030   3.793261    32.0346       2045     8.5167     2.8667  0.000e+00
      4.949    13.1025   3.793261    32.0350       2046     8.5208     2.8674  0.000e+00
      4.909    13.1021   3.793286    32.0356       2047     8.5250     2.8661  0.000e+00
      4.844    13.1020   3.793236    32.0352       2048     8.5292     2.8669  0.000e+00
      4.780    13.1019   3.793173    32.0347       2049     8.5333     2.8649  0.000e+00
      4.717    13.1014   3.793123    32.0347       2050     8.5375     2.8643  0.000e+00
      4.670    13.1006   3.793086    32.0351       2051     8.5417     2.8641  0.000e+00
      4.634    13.1003   3.793098    32.0354       2052     8.5458     2.8633  0.000e+00
      4.609    13.0999   3.793073    32.0355       2053     8.5500     2.8633  0.000e+00
      4.596    13.1000   3.793148    32.0362       2054     8.5542     2.8643  0.000e+00
      4.595    13.0999   3.793192    32.0367       2055     8.5583     2.8636  0.000e+00
      4.598    13.1004   3.793217    32.0365       2056     8.5625     2.8628  0.000e+00
      4.598    13.1007   3.793304    32.0370       2057     8.5667     2.8623  0.000e+00
      4.597    13.1014   3.793348    32.0369       2058     8.5708     2.8609  0.000e+00
      4.597    13.1023   3.793304    32.0357       2059     8.5750     2.8592  0.000e+00
      4.589    13.1025   3.793304    32.0356       2060     8.5792     2.8589  0.000e+00
      4.579    13.1026   3.793329    32.0357       2061     8.5833     2.8582  0.000e+00
      4.562    13.1028   3.793329    32.0356       2062     8.5875     2.8584  0.000e+00
      4.519    13.1026   3.793373    32.0361       2063     8.5917     2.8600  0.000e+00
      4.465    13.1029   3.793379    32.0360       2064     8.5958     2.8613  0.000e+00
      4.390    13.1032   3.793373    32.0357       2065     8.6000     2.8622  0.000e+00
      4.305    13.1034   3.793398    32.0358       2066     8.6042     2.8639  0.000e+00
      4.225    13.1035   3.793423    32.0360       2067     8.6083     2.8641  0.000e+00
      4.153    13.1037   3.793416    32.0358       2068     8.6125     2.8651  0.000e+00
      4.086    13.1040   3.793423    32.0356       2069     8.6167     2.8645  0.000e+00
      4.029    13.1041   3.793391    32.0353       2070     8.6208     2.8648  0.000e+00
      3.991    13.1041   3.793423    32.0356       2071     8.6250     2.8632  0.000e+00
      3.960    13.1040   3.793379    32.0352       2072     8.6292     2.8621  0.000e+00
      3.921    13.1041   3.793416    32.0355       2073     8.6333     2.8614  0.000e+00
      3.892    13.1042   3.793448    32.0357       2074     8.6375     2.8609  0.000e+00
      3.856    13.1043   3.793485    32.0360       2075     8.6417     2.8612  0.000e+00
      3.822    13.1048   3.793491    32.0357       2076     8.6458     2.8601  0.000e+00
      3.791    13.1052   3.793485    32.0353       2077     8.6500     2.8621  0.000e+00
      3.754    13.1052   3.793423    32.0347       2078     8.6542     2.8606  0.000e+00
      3.730    13.1048   3.793423    32.0351       2079     8.6583     2.8594  0.000e+00
      3.700    13.1049   3.793329    32.0341       2080     8.6625     2.8607  0.000e+00
      3.676    13.1042   3.793329    32.0347       2081     8.6667     2.8607  0.000e+00
      3.673    13.1038   3.793348    32.0352       2082     8.6708     2.8623  0.000e+00
      3.667    13.1038   3.793329    32.0351       2083     8.6750     2.8626  0.000e+00
      3.658    13.1034   3.793329    32.0354       2084     8.6792     2.8625  0.000e+00
      3.650    13.1033   3.793285    32.0351       2085     8.6833     2.8623  0.000e+00
      3.633    13.1030   3.793192    32.0345       2086     8.6875     2.8633  0.000e+00
      3.617    13.1026   3.793104    32.0340       2087     8.6917     2.8638  0.000e+00
      3.590    13.1017   3.793054    32.0343       2088     8.6958     2.8634  0.000e+00
      3.552    13.1008   3.792992    32.0345       2089     8.7000     2.8635  0.000e+00
      3.490    13.1001   3.793098    32.0361       2090     8.7042     2.8632  0.000e+00
      3.407    13.1002   3.793217    32.0372       2091     8.7083     2.8629  0.000e+00
      3.303    13.1007   3.793142    32.0361       2092     8.7125     2.8625  0.000e+00
      3.198    13.1010   3.792979    32.0344       2093     8.7167     2.8603  0.000e+00
      3.101    13.1007   3.793216    32.0368       2094     8.7208     2.8603  0.000e+00
      3.008    13.1010   3.793191    32.0364       2095     8.7250     2.8605  0.000e+00
      2.927    13.1012   3.793241    32.0367       2096     8.7292     2.8596  0.000e+00
      2.871    13.1021   3.793354    32.0371       2097     8.7333     2.8604  0.000e+00
      2.839    13.1028   3.793347    32.0364       2098     8.7375     2.8622  0.000e+00
      2.837    13.1034   3.793354    32.0359       2099     8.7417     2.8620  0.000e+00
      2.859    13.1038   3.793354    32.0356       2100     8.7458     2.8622  0.000e+00
      2.898    13.1042   3.793372    32.0355       2101     8.7500     2.8612  0.000e+00
      2.925    13.1042   3.793354    32.0352       2102     8.7542     2.8631  0.000e+00
      2.956    13.1042   3.793329    32.0350       2103     8.7583     2.8619  0.000e+00
      2.988    13.1042   3.793354    32.0352       2104     8.7625     2.8620  0.000e+00
      3.012    13.1040   3.793397    32.0358       2105     8.7667     2.8598  0.000e+00
      3.008    13.1043   3.793329    32.0349       2106     8.7708     2.8599  0.000e+00
      2.972    13.1043   3.793329    32.0349       2107     8.7750     2.8591  0.000e+00
      2.853    13.1042   3.793372    32.0355       2108     8.7792     2.8584  0.000e+00
      2.674    13.1039   3.793378    32.0358       2109     8.7833     2.8602  0.000e+00
      2.491    13.1042   3.793347    32.0354       2110     8.7875     2.8615  0.000e+00
      2.322    13.1044   3.793285    32.0347       2111     8.7917     2.8622  0.000e+00
      2.187    13.1042   3.793260    32.0346       2112     8.7958     2.8633  0.000e+00
      2.108    13.1038   3.793285    32.0353       2113     8.8000     2.8638  0.000e+00
      2.102    13.1036   3.793328    32.0359       2114     8.8042     2.8629  0.000e+00
      2.149    13.1041   3.793285    32.0350       2115     8.8083     2.8645  0.000e+00
      2.232    13.1039   3.793353    32.0357       2116     8.8125     2.8638  0.000e+00
      2.323    13.1043   3.793372    32.0356       2117     8.8167     2.8629  0.000e+00
      2.410    13.1043   3.793285    32.0347       2118     8.8208     2.8619  0.000e+00
      2.489    13.1043   3.793285    32.0347       2119     8.8250     2.8629  0.000e+00
      2.573    13.1038   3.793260    32.0349       2120     8.8292     2.8625  0.000e+00
      2.634    13.1036   3.793235    32.0348       2121     8.8333     2.8628  0.000e+00
      2.665    13.1033   3.793216    32.0348       2122     8.8375     2.8612  0.000e+00
      2.649    13.1029   3.793285    32.0358       2123     8.8417     2.8619  0.000e+00
      2.543    13.1031   3.793329    32.0361       2124     8.8458     2.8629  0.000e+00
      2.336    13.1034   3.793378    32.0364       2125     8.8500     2.8632  0.000e+00
      2.110    13.1040   3.793491    32.0370       2126     8.8542     2.8636  0.000e+00
      1.908    13.1050   3.793547    32.0368       2127     8.8583     2.8641  0.000e+00
      1.781    13.1060   3.793559    32.0361       2128     8.8625     2.8655  0.000e+00
      1.720    13.1068   3.793590    32.0358       2129     8.8667     2.8675  0.000e+00
      1.718    13.1073   3.793559    32.0350       2130     8.8708     2.8666  0.000e+00
      1.754    13.1076   3.793547    32.0347       2131     8.8750     2.8651  0.000e+00
      1.808    13.1076   3.793490    32.0341       2132     8.8792     2.8653  0.000e+00
      1.874    13.1076   3.793447    32.0337       2133     8.8833     2.8643  0.000e+00
      1.937    13.1068   3.793434    32.0342       2134     8.8875     2.8635  0.000e+00
      2.013    13.1065   3.793447    32.0346       2135     8.8917     2.8635  0.000e+00
      2.041    13.1063   3.793459    32.0348       2136     8.8958     2.8629  0.000e+00
      2.025    13.1062   3.793516    32.0355       2137     8.9000     2.8609  0.000e+00
      1.960    13.1065   3.793559    32.0356       2138     8.9042     2.8607  0.000e+00
      1.838    13.1070   3.793503    32.0347       2139     8.9083     2.8622  0.000e+00
      1.700    13.1073   3.793559    32.0350       2140     8.9125     2.8630  0.000e+00
      1.596    13.1073   3.793547    32.0349       2141     8.9167     2.8652  0.000e+00
      1.517    13.1076   3.793490    32.0343       2142     8.9208     2.8661  0.000e+00
      1.459    13.1073   3.793546    32.0350       2143     8.9250     2.8667  0.000e+00
      1.423    13.1075   3.793472    32.0342       2144     8.9292     2.8664  0.000e+00
      1.402    13.1070   3.793328    32.0332       2145     8.9333     2.8669  0.000e+00
      1.389    13.1063   3.793571    32.0361       2146     8.9375     2.8658  0.000e+00
      1.394    13.1068   3.793653    32.0365       2147     8.9417     2.8641  0.000e+00
      1.376    13.1077   3.793590    32.0351       2148     8.9458     2.8637  0.000e+00
      1.351    13.1081   3.793472    32.0337       2149     8.9500     2.8635  0.000e+00
      1.315    13.1078   3.793484    32.0341       2150     8.9542     2.8632  0.000e+00
      1.278    13.1072   3.793490    32.0347       2151     8.9583     2.8629  0.000e+00
      1.270    13.1069   3.793472    32.0347       2152     8.9625     2.8622  0.000e+00
      1.278    13.1069   3.793434    32.0344       2153     8.9667     2.8616  0.000e+00
      1.287    13.1067   3.793378    32.0340       2154     8.9708     2.8623  0.000e+00
      1.296    13.1061   3.793347    32.0342       2155     8.9750     2.8606  0.000e+00
      1.308    13.1058   3.793353    32.0345       2156     8.9792     2.8595  0.000e+00
      1.315    13.1055   3.793284    32.0342       2157     8.9833     2.8596  0.000e+00
      1.274    13.1049   3.793259    32.0344       2158     8.9875     2.8600  0.000e+00
      1.193    13.1043   3.793303    32.0354       2159     8.9917     2.8600  0.000e+00
      1.091    13.1042   3.793241    32.0349       2160     8.9958     2.8610  0.000e+00
      0.965    13.1040   3.793353    32.0362       2161     9.0000     2.8612  0.000e+00
      0.825    13.1044   3.793434    32.0367       2162     9.0042     2.8603  0.000e+00
      0.762    13.1050   3.793540    32.0372       2163     9.0083     2.8589  0.000e+00
      0.771    13.1062   3.793590    32.0367       2164     9.0125     2.8600  0.000e+00
      0.787    13.1073   3.793559    32.0354       2165     9.0167     2.8606  0.000e+00
      0.774    13.1077   3.793584    32.0353       2166     9.0208     2.8615  0.000e+00
      0.751    13.1081   3.793615    32.0353       2167     9.0250     2.8599  0.000e+00
