PC2305/sbe030.cnv
* Sea-Bird SBE 19plus V2 Data File:
* FileName = C:\cruise\data\sbe030.hex
* Software Version Seasave V 7.26.7.121
* Temperature SN = 7142
* Conductivity SN = 7142
* System UpLoad Time = Oct 29 2023 23:25:33
** Cruise: PC2205
** Program: ECOMON
# nquan = 8
# nvalues = 2331                                  
# units = specified
# name 0 = depSM: Depth [salt water, m], lat = 40.00
# name 1 = tv290C: Temperature [ITS-90, deg C]
# name 2 = c0S/m: Conductivity [S/m]
# name 3 = sal00: Salinity, Practical [PSU]
# name 4 = scan: Scan Count
# name 5 = timeM: Time, Elapsed [minutes]
# name 6 = sbeox0V: Oxygen raw, SBE 43 [V]
# name 7 = flag:  0.000e+00
# span 0 =     -0.028,     53.476                 
# span 1 =    10.7933,    17.7744                 
# span 2 =   0.000037,   4.442549                 
# span 3 =     0.0086,    34.5541                 
# span 4 =         11,       2341                 
# span 5 =     0.0417,     9.7500                 
# span 6 =     2.1223,     3.0395                 
# span 7 = 0.0000e+00, 0.0000e+00                 
# interval = seconds: 0.25
# start_time = Oct 29 2023 23:25:33 [System UTC, header]
# bad_flag = -9.990e-29
*END*
[from data line 1978]
      8.392    15.8811   4.076981    32.3133       1989     8.2833     2.9491  0.000e+00
      8.372    15.8820   4.077270    32.3151       1990     8.2875     2.9496  0.000e+00
      8.356    15.8839   4.077515    32.3157       1991     8.2917     2.9493  0.000e+00
      8.343    15.8863   4.077997    32.3180       1992     8.2958     2.9497  0.000e+00
      8.325    15.8894   4.078382    32.3189       1993     8.3000     2.9492  0.000e+00
      8.311    15.8930   4.078768    32.3194       1994     8.3042     2.9488  0.000e+00
      8.291    15.8969   4.079276    32.3206       1995     8.3083     2.9487  0.000e+00
      8.264    15.9007   4.079391    32.3186       1996     8.3125     2.9486  0.000e+00
      8.243    15.9040   4.079520    32.3170       1997     8.3167     2.9469  0.000e+00
      8.219    15.9066   4.079687    32.3164       1998     8.3208     2.9473  0.000e+00
      8.202    15.9085   4.079520    32.3134       1999     8.3250     2.9475  0.000e+00
      8.185    15.9093   4.079179    32.3098       2000     8.3292     2.9479  0.000e+00
      8.169    15.9095   4.078845    32.3066       2001     8.3333     2.9483  0.000e+00
      8.153    15.9084   4.078652    32.3058       2002     8.3375     2.9485  0.000e+00
      8.149    15.9072   4.078748    32.3076       2003     8.3417     2.9487  0.000e+00
      8.140    15.9062   4.078601    32.3071       2004     8.3458     2.9483  0.000e+00
      8.139    15.9058   4.078626    32.3077       2005     8.3500     2.9478  0.000e+00
      8.135    15.9056   4.078671    32.3083       2006     8.3542     2.9479  0.000e+00
      8.131    15.9055   4.078671    32.3083       2007     8.3583     2.9478  0.000e+00
      8.133    15.9058   4.078652    32.3080       2008     8.3625     2.9486  0.000e+00
      8.135    15.9062   4.078652    32.3076       2009     8.3667     2.9492  0.000e+00
      8.130    15.9060   4.078748    32.3086       2010     8.3708     2.9504  0.000e+00
      8.123    15.9062   4.078793    32.3089       2011     8.3750     2.9498  0.000e+00
      8.119    15.9066   4.078793    32.3086       2012     8.3792     2.9498  0.000e+00
      8.108    15.9068   4.078819    32.3086       2013     8.3833     2.9495  0.000e+00
      8.099    15.9070   4.078652    32.3070       2014     8.3875     2.9481  0.000e+00
      8.085    15.9070   4.078601    32.3066       2015     8.3917     2.9469  0.000e+00
      8.072    15.9068   4.078697    32.3075       2016     8.3958     2.9475  0.000e+00
      8.052    15.9068   4.078748    32.3080       2017     8.4000     2.9481  0.000e+00
      8.033    15.9072   4.079063    32.3105       2018     8.4042     2.9486  0.000e+00
      8.009    15.9089   4.079083    32.3093       2019     8.4083     2.9491  0.000e+00
      7.973    15.9100   4.079179    32.3092       2020     8.4125     2.9504  0.000e+00
      7.943    15.9116   4.079012    32.3065       2021     8.4167     2.9511  0.000e+00
      7.912    15.9118   4.078555    32.3023       2022     8.4208     2.9522  0.000e+00
      7.878    15.9110   4.078671    32.3040       2023     8.4250     2.9523  0.000e+00
      7.848    15.9102   4.078793    32.3057       2024     8.4292     2.9520  0.000e+00
      7.806    15.9103   4.078600    32.3039       2025     8.4333     2.9514  0.000e+00
      7.774    15.9100   4.078530    32.3036       2026     8.4375     2.9510  0.000e+00
      7.740    15.9097   4.078478    32.3033       2027     8.4417     2.9492  0.000e+00
      7.709    15.9095   4.078363    32.3025       2028     8.4458     2.9492  0.000e+00
      7.682    15.9090   4.078363    32.3029       2029     8.4500     2.9497  0.000e+00
      7.655    15.9088   4.077874    32.2988       2030     8.4542     2.9510  0.000e+00
      7.632    15.9080   4.077874    32.2995       2031     8.4583     2.9527  0.000e+00
      7.614    15.9070   4.077771    32.2993       2032     8.4625     2.9536  0.000e+00
      7.592    15.9064   4.077803    32.3002       2033     8.4667     2.9534  0.000e+00
      7.576    15.9058   4.077855    32.3011       2034     8.4708     2.9529  0.000e+00
      7.565    15.9059   4.077829    32.3008       2035     8.4750     2.9514  0.000e+00
      7.549    15.9059   4.077900    32.3014       2036     8.4792     2.9510  0.000e+00
      7.537    15.9063   4.078433    32.3058       2037     8.4833     2.9509  0.000e+00
      7.526    15.9075   4.077874    32.2999       2038     8.4875     2.9490  0.000e+00
      7.515    15.9076   4.077900    32.3001       2039     8.4917     2.9491  0.000e+00
      7.506    15.9071   4.078048    32.3018       2040     8.4958     2.9484  0.000e+00
      7.499    15.9075   4.078208    32.3029       2041     8.5000     2.9499  0.000e+00
      7.492    15.9082   4.077829    32.2990       2042     8.5042     2.9504  0.000e+00
      7.486    15.9078   4.078478    32.3051       2043     8.5083     2.9507  0.000e+00
      7.486    15.9086   4.078118    32.3012       2044     8.5125     2.9514  0.000e+00
      7.481    15.9091   4.077855    32.2984       2045     8.5167     2.9527  0.000e+00
      7.476    15.9081   4.077874    32.2995       2046     8.5208     2.9520  0.000e+00
      7.474    15.9071   4.077874    32.3002       2047     8.5250     2.9504  0.000e+00
      7.467    15.9069   4.078163    32.3030       2048     8.5292     2.9507  0.000e+00
      7.463    15.9074   4.078118    32.3021       2049     8.5333     2.9502  0.000e+00
      7.456    15.9080   4.078073    32.3013       2050     8.5375     2.9489  0.000e+00
      7.458    15.9082   4.078144    32.3017       2051     8.5417     2.9482  0.000e+00
      7.458    15.9085   4.078819    32.3075       2052     8.5458     2.9500  0.000e+00
      7.459    15.9108   4.078915    32.3065       2053     8.5500     2.9510  0.000e+00
      7.467    15.9136   4.079301    32.3076       2054     8.5542     2.9532  0.000e+00
      7.463    15.9160   4.079082    32.3037       2055     8.5583     2.9550  0.000e+00
      7.461    15.9167   4.079082    32.3031       2056     8.5625     2.9549  0.000e+00
      7.459    15.9170   4.078574    32.2984       2057     8.5667     2.9548  0.000e+00
      7.451    15.9158   4.078433    32.2981       2058     8.5708     2.9553  0.000e+00
      7.440    15.9136   4.078902    32.3041       2059     8.5750     2.9556  0.000e+00
      7.420    15.9136   4.078748    32.3027       2060     8.5792     2.9574  0.000e+00
      7.397    15.9144   4.078504    32.2999       2061     8.5833     2.9579  0.000e+00
      7.368    15.9134   4.078459    32.3003       2062     8.5875     2.9588  0.000e+00
      7.334    15.9124   4.078793    32.3041       2063     8.5917     2.9563  0.000e+00
      7.298    15.9130   4.078844    32.3041       2064     8.5958     2.9549  0.000e+00
      7.262    15.9144   4.078407    32.2991       2065     8.6000     2.9531  0.000e+00
      7.226    15.9139   4.078600    32.3012       2066     8.6042     2.9518  0.000e+00
      7.186    15.9135   4.081963    32.3313       2067     8.6083     2.9503  0.000e+00
      7.152    15.9253   4.088671    32.3809       2068     8.6125     2.9509  0.000e+00
      7.120    15.9655   4.092423    32.3812       2069     8.6167     2.9523  0.000e+00
      7.080    16.0105   4.082997    32.2614       2070     8.6208     2.9553  0.000e+00
      7.043    16.0109   4.080463    32.2388       2071     8.6250     2.9559  0.000e+00
      6.996    15.9798   4.080631    32.2656       2072     8.6292     2.9566  0.000e+00
      6.958    15.9568   4.080219    32.2807       2073     8.6333     2.9541  0.000e+00
      6.920    15.9433   4.080245    32.2919       2074     8.6375     2.9522  0.000e+00
      6.879    15.9364   4.079641    32.2922       2075     8.6417     2.9520  0.000e+00
      6.845    15.9309   4.079808    32.2982       2076     8.6458     2.9517  0.000e+00
      6.818    15.9283   4.080535    32.3067       2077     8.6500     2.9523  0.000e+00
      6.793    15.9311   4.084985    32.3438       2078     8.6542     2.9523  0.000e+00
      6.768    15.9498   4.089051    32.3644       2079     8.6583     2.9526  0.000e+00
      6.757    15.9832   4.084090    32.2934       2080     8.6625     2.9539  0.000e+00
      6.746    15.9888   4.081164    32.2630       2081     8.6667     2.9546  0.000e+00
      6.737    15.9697   4.080386    32.2717       2082     8.6708     2.9546  0.000e+00
      6.730    15.9514   4.080168    32.2847       2083     8.6750     2.9543  0.000e+00
      6.730    15.9401   4.079975    32.2922       2084     8.6792     2.9549  0.000e+00
      6.725    15.9336   4.079827    32.2962       2085     8.6833     2.9555  0.000e+00
      6.723    15.9298   4.079326    32.2949       2086     8.6875     2.9558  0.000e+00
      6.721    15.9260   4.079590    32.3003       2087     8.6917     2.9536  0.000e+00
      6.716    15.9244   4.079763    32.3031       2088     8.6958     2.9528  0.000e+00
      6.703    15.9247   4.079808    32.3033       2089     8.7000     2.9525  0.000e+00
      6.694    15.9253   4.079930    32.3038       2090     8.7042     2.9526  0.000e+00
      6.681    15.9261   4.079930    32.3032       2091     8.7083     2.9514  0.000e+00
      6.669    15.9266   4.080053    32.3039       2092     8.7125     2.9514  0.000e+00
      6.660    15.9273   4.080290    32.3054       2093     8.7167     2.9506  0.000e+00
      6.647    15.9284   4.080001    32.3020       2094     8.7208     2.9510  0.000e+00
      6.633    15.9281   4.079930    32.3016       2095     8.7250     2.9517  0.000e+00
      6.619    15.9272   4.080053    32.3034       2096     8.7292     2.9510  0.000e+00
      6.604    15.9270   4.079905    32.3023       2097     8.7333     2.9509  0.000e+00
      6.588    15.9268   4.079860    32.3020       2098     8.7375     2.9512  0.000e+00
      6.572    15.9260   4.080053    32.3044       2099     8.7417     2.9506  0.000e+00
      6.547    15.9267   4.080194    32.3051       2100     8.7458     2.9522  0.000e+00
      6.518    15.9279   4.080368    32.3057       2101     8.7500     2.9514  0.000e+00
      6.495    15.9292   4.080612    32.3068       2102     8.7542     2.9530  0.000e+00
      6.466    15.9311   4.080824    32.3071       2103     8.7583     2.9525  0.000e+00
      6.444    15.9330   4.080438    32.3022       2104     8.7625     2.9535  0.000e+00
      6.423    15.9327   4.079782    32.2967       2105     8.7667     2.9522  0.000e+00
      6.399    15.9299   4.080869    32.3085       2106     8.7708     2.9520  0.000e+00
      6.372    15.9307   4.079975    32.3000       2107     8.7750     2.9521  0.000e+00
      6.351    15.9305   4.080387    32.3038       2108     8.7792     2.9516  0.000e+00
      6.327    15.9300   4.080483    32.3050       2109     8.7833     2.9506  0.000e+00
      6.302    15.9311   4.081235    32.3108       2110     8.7875     2.9504  0.000e+00
      6.281    15.9350   4.081402    32.3092       2111     8.7917     2.9491  0.000e+00
      6.257    15.9387   4.081910    32.3106       2112     8.7958     2.9506  0.000e+00
      6.234    15.9428   4.081788    32.3061       2113     8.8000     2.9514  0.000e+00
      6.212    15.9452   4.081595    32.3025       2114     8.8042     2.9516  0.000e+00
      6.187    15.9448   4.081692    32.3037       2115     8.8083     2.9520  0.000e+00
      6.166    15.9451   4.081550    32.3023       2116     8.8125     2.9526  0.000e+00
      6.135    15.9444   4.081499    32.3024       2117     8.8167     2.9527  0.000e+00
      6.103    15.9436   4.082348    32.3106       2118     8.8208     2.9551  0.000e+00
      6.065    15.9467   4.082856    32.3125       2119     8.8250     2.9540  0.000e+00
      6.020    15.9510   4.082540    32.3062       2120     8.8292     2.9542  0.000e+00
      5.979    15.9525   4.081814    32.2986       2121     8.8333     2.9530  0.000e+00
      5.925    15.9498   4.082373    32.3058       2122     8.8375     2.9520  0.000e+00
      5.878    15.9497   4.082688    32.3086       2123     8.8417     2.9517  0.000e+00
      5.831    15.9507   4.082515    32.3063       2124     8.8458     2.9522  0.000e+00
      5.788    15.9514   4.082637    32.3068       2125     8.8500     2.9520  0.000e+00
      5.751    15.9530   4.082881    32.3077       2126     8.8542     2.9530  0.000e+00
      5.715    15.9548   4.082720    32.3048       2127     8.8583     2.9520  0.000e+00
      5.675    15.9553   4.083074    32.3075       2128     8.8625     2.9530  0.000e+00
      5.639    15.9571   4.083074    32.3061       2129     8.8667     2.9530  0.000e+00
      5.596    15.9585   4.082997    32.3043       2130     8.8708     2.9546  0.000e+00
      5.564    15.9593   4.083074    32.3043       2131     8.8750     2.9553  0.000e+00
      5.522    15.9598   4.083093    32.3041       2132     8.8792     2.9557  0.000e+00
      5.481    15.9606   4.083144    32.3039       2133     8.8833     2.9548  0.000e+00
      5.445    15.9608   4.083196    32.3043       2134     8.8875     2.9556  0.000e+00
      5.411    15.9616   4.083202    32.3037       2135     8.8917     2.9556  0.000e+00
      5.380    15.9621   4.083241    32.3036       2136     8.8958     2.9580  0.000e+00
      5.354    15.9626   4.083363    32.3043       2137     8.9000     2.9575  0.000e+00
      5.337    15.9633   4.083485    32.3048       2138     8.9042     2.9574  0.000e+00
      5.325    15.9643   4.083530    32.3043       2139     8.9083     2.9581  0.000e+00
      5.321    15.9652   4.083601    32.3043       2140     8.9125     2.9576  0.000e+00
      5.323    15.9661   4.083652    32.3040       2141     8.9167     2.9562  0.000e+00
      5.330    15.9670   4.083704    32.3037       2142     8.9208     2.9566  0.000e+00
      5.336    15.9678   4.083704    32.3031       2143     8.9250     2.9571  0.000e+00
      5.334    15.9683   4.083807    32.3035       2144     8.9292     2.9564  0.000e+00
      5.327    15.9690   4.084109    32.3057       2145     8.9333     2.9545  0.000e+00
      5.314    15.9702   4.084739    32.3102       2146     8.9375     2.9528  0.000e+00
      5.303    15.9737   4.085756    32.3164       2147     8.9417     2.9526  0.000e+00
      5.282    15.9844   4.094752    32.3870       2148     8.9458     2.9520  0.000e+00
      5.262    16.0310   4.099852    32.3939       2149     8.9500     2.9526  0.000e+00
      5.237    16.0901   4.098634    32.3351       2150     8.9542     2.9543  0.000e+00
      5.208    16.1209   4.095163    32.2795       2151     8.9583     2.9566  0.000e+00
      5.183    16.1182   4.090798    32.2433       2152     8.9625     2.9561  0.000e+00
      5.154    16.0889   4.087716    32.2400       2153     8.9667     2.9552  0.000e+00
      5.133    16.0564   4.086752    32.2579       2154     8.9708     2.9555  0.000e+00
      5.111    16.0315   4.086147    32.2728       2155     8.9750     2.9550  0.000e+00
      5.091    16.0151   4.085851    32.2835       2156     8.9792     2.9538  0.000e+00
      5.068    16.0050   4.085614    32.2897       2157     8.9833     2.9531  0.000e+00
      5.032    15.9985   4.085498    32.2940       2158     8.9875     2.9528  0.000e+00
      4.996    15.9941   4.085440    32.2970       2159     8.9917     2.9521  0.000e+00
      4.949    15.9915   4.085588    32.3005       2160     8.9958     2.9535  0.000e+00
      4.894    15.9907   4.085588    32.3012       2161     9.0000     2.9543  0.000e+00
      4.827    15.9906   4.085710    32.3023       2162     9.0042     2.9556  0.000e+00
      4.755    15.9911   4.085755    32.3024       2163     9.0083     2.9567  0.000e+00
      4.672    15.9922   4.086849    32.3112       2164     9.0125     2.9578  0.000e+00
      4.590    15.9985   4.088110    32.3172       2165     9.0167     2.9576  0.000e+00
      4.513    16.0150   4.100838    32.4160       2166     9.0208     2.9565  0.000e+00
      4.444    16.0766   4.099510    32.3540       2167     9.0250     2.9593  0.000e+00
