PC2305/sbe061.cnv
* Sea-Bird SBE 19plus V2 Data File:
* FileName = C:\cruise\data\sbe061.hex
* Software Version Seasave V 7.26.7.121
* Temperature SN = 7142
* Conductivity SN = 7142
* System UpLoad Time = Nov 02 2023 09:43:33
** Cruise: PC2205
** Program: ECOMON
# nquan = 8
# nvalues = 1383                                  
# units = specified
# name 0 = depSM: Depth [salt water, m], lat = 40.00
# name 1 = tv290C: Temperature [ITS-90, deg C]
# name 2 = c0S/m: Conductivity [S/m]
# name 3 = sal00: Salinity, Practical [PSU]
# name 4 = scan: Scan Count
# name 5 = timeM: Time, Elapsed [minutes]
# name 6 = sbeox0V: Oxygen raw, SBE 43 [V]
# name 7 = flag:  0.000e+00
# span 0 =      0.030,     23.540                 
# span 1 =     6.0380,    16.6040                 
# span 2 =   0.000037,   4.101140                 
# span 3 =     0.0027,    33.1663                 
# span 4 =         11,       1393                 
# span 5 =     0.0417,     5.8000                 
# span 6 =     2.1459,     2.9773                 
# span 7 = 0.0000e+00, 0.0000e+00                 
# interval = seconds: 0.25
# start_time = Nov 02 2023 09:43:33 [System UTC, header]
# bad_flag = -9.990e-29
*END*
[from data line 720]
     14.214    16.6012   4.100190    31.9335        731     3.0417     2.7805  0.000e+00
     14.212    16.6010   4.100228    31.9340        732     3.0458     2.7789  0.000e+00
     14.216    16.6013   4.100261    31.9340        733     3.0500     2.7778  0.000e+00
     14.234    16.6014   4.100261    31.9340        734     3.0542     2.7770  0.000e+00
     14.254    16.6017   4.100286    31.9340        735     3.0583     2.7763  0.000e+00
     14.270    16.6018   4.100312    31.9341        736     3.0625     2.7757  0.000e+00
     14.284    16.6018   4.100286    31.9338        737     3.0667     2.7768  0.000e+00
     14.291    16.6019   4.100132    31.9324        738     3.0708     2.7765  0.000e+00
     14.293    16.6016   4.100042    31.9319        739     3.0750     2.7776  0.000e+00
     14.272    16.6011   4.099971    31.9317        740     3.0792     2.7771  0.000e+00
     14.248    16.6006   4.099752    31.9302        741     3.0833     2.7777  0.000e+00
     14.202    16.5996   4.099971    31.9329        742     3.0875     2.7789  0.000e+00
     14.155    16.5995   4.100016    31.9334        743     3.0917     2.7792  0.000e+00
     14.081    16.5999   4.099829    31.9315        744     3.0958     2.7792  0.000e+00
     13.997    16.5998   4.099681    31.9303        745     3.1000     2.7789  0.000e+00
     13.903    16.5993   4.099681    31.9307        746     3.1042     2.7777  0.000e+00
     13.815    16.5985   4.099558    31.9303        747     3.1083     2.7781  0.000e+00
     13.740    16.5979   4.099700    31.9321        748     3.1125     2.7778  0.000e+00
     13.677    16.5981   4.099900    31.9337        749     3.1167     2.7793  0.000e+00
     13.626    16.5985   4.100086    31.9350        750     3.1208     2.7786  0.000e+00
     13.587    16.5994   4.100190    31.9352        751     3.1250     2.7781  0.000e+00
     13.544    16.6003   4.100164    31.9343        752     3.1292     2.7767  0.000e+00
     13.504    16.6009   4.100138    31.9335        753     3.1333     2.7776  0.000e+00
     13.461    16.6012   4.100260    31.9344        754     3.1375     2.7769  0.000e+00
     13.416    16.6015   4.100357    31.9350        755     3.1417     2.7768  0.000e+00
     13.373    16.6020   4.100299    31.9341        756     3.1458     2.7776  0.000e+00
     13.324    16.6022   4.100164    31.9328        757     3.1500     2.7776  0.000e+00
     13.280    16.6023   4.100260    31.9336        758     3.1542     2.7780  0.000e+00
     13.224    16.6023   4.099751    31.9292        759     3.1583     2.7797  0.000e+00
     13.157    16.6010   4.099726    31.9300        760     3.1625     2.7798  0.000e+00
     13.091    16.6000   4.099532    31.9292        761     3.1667     2.7802  0.000e+00
     13.028    16.5987   4.099725    31.9319        762     3.1708     2.7800  0.000e+00
     12.970    16.5983   4.099783    31.9327        763     3.1750     2.7802  0.000e+00
     12.916    16.5987   4.099777    31.9324        764     3.1792     2.7802  0.000e+00
     12.873    16.5987   4.100189    31.9360        765     3.1833     2.7800  0.000e+00
     12.843    16.5996   4.099700    31.9310        766     3.1875     2.7791  0.000e+00
     12.827    16.6011   4.100286    31.9349        767     3.1917     2.7777  0.000e+00
     12.819    16.6020   4.100337    31.9347        768     3.1958     2.7771  0.000e+00
     12.819    16.6024   4.100273    31.9338        769     3.2000     2.7771  0.000e+00
     12.828    16.6026   4.100337    31.9342        770     3.2042     2.7761  0.000e+00
     12.852    16.6026   4.100408    31.9348        771     3.2083     2.7740  0.000e+00
     12.877    16.6030   4.100453    31.9349        772     3.2125     2.7730  0.000e+00
     12.900    16.6035   4.100505    31.9349        773     3.2167     2.7746  0.000e+00
     12.923    16.6039   4.100382    31.9335        774     3.2208     2.7740  0.000e+00
     12.945    16.6036   4.100363    31.9336        775     3.2250     2.7749  0.000e+00
     12.952    16.6036   4.100434    31.9342        776     3.2292     2.7755  0.000e+00
     12.952    16.6036   4.100453    31.9343        777     3.2333     2.7741  0.000e+00
     12.950    16.6036   4.100531    31.9350        778     3.2375     2.7747  0.000e+00
     12.934    16.6040   4.100286    31.9326        779     3.2417     2.7746  0.000e+00
     12.909    16.6035   4.100260    31.9328        780     3.2458     2.7744  0.000e+00
     12.875    16.6026   4.100228    31.9332        781     3.2500     2.7746  0.000e+00
     12.828    16.6019   4.100189    31.9335        782     3.2542     2.7763  0.000e+00
     12.767    16.6017   4.100118    31.9331        783     3.2583     2.7774  0.000e+00
     12.690    16.6012   4.100015    31.9326        784     3.2625     2.7794  0.000e+00
     12.598    16.6006   4.099725    31.9305        785     3.2667     2.7792  0.000e+00
     12.503    16.5993   4.099919    31.9333        786     3.2708     2.7785  0.000e+00
     12.399    16.5985   4.100415    31.9383        787     3.2750     2.7784  0.000e+00
     12.289    16.6004   4.100356    31.9363        788     3.2792     2.7773  0.000e+00
     12.181    16.6021   4.099480    31.9274        789     3.2833     2.7775  0.000e+00
     12.084    16.6002   4.098849    31.9234        790     3.2875     2.7782  0.000e+00
     12.000    16.5960   4.098901    31.9273        791     3.2917     2.7778  0.000e+00
     11.917    16.5932   4.098946    31.9299        792     3.2958     2.7787  0.000e+00
     11.859    16.5920   4.098971    31.9311        793     3.3000     2.7787  0.000e+00
     11.809    16.5912   4.098849    31.9308        794     3.3042     2.7798  0.000e+00
     11.786    16.5907   4.098830    31.9310        795     3.3083     2.7804  0.000e+00
     11.775    16.5901   4.098901    31.9321        796     3.3125     2.7800  0.000e+00
     11.782    16.5900   4.098875    31.9320        797     3.3167     2.7780  0.000e+00
     11.807    16.5900   4.098875    31.9319        798     3.3208     2.7774  0.000e+00
     11.847    16.5900   4.098901    31.9322        799     3.3250     2.7768  0.000e+00
     11.895    16.5902   4.098946    31.9323        800     3.3292     2.7760  0.000e+00
     11.947    16.5903   4.098926    31.9321        801     3.3333     2.7757  0.000e+00
     11.999    16.5906   4.098972    31.9322        802     3.3375     2.7767  0.000e+00
     12.046    16.5905   4.098946    31.9320        803     3.3417     2.7754  0.000e+00
     12.093    16.5910   4.098997    31.9321        804     3.3458     2.7752  0.000e+00
     12.122    16.5916   4.099023    31.9318        805     3.3500     2.7738  0.000e+00
     12.131    16.5921   4.099017    31.9314        806     3.3542     2.7744  0.000e+00
     12.114    16.5921   4.098946    31.9307        807     3.3583     2.7750  0.000e+00
     12.062    16.5920   4.098901    31.9305        808     3.3625     2.7763  0.000e+00
     12.003    16.5916   4.098804    31.9300        809     3.3667     2.7773  0.000e+00
     11.927    16.5908   4.098778    31.9304        810     3.3708     2.7789  0.000e+00
     11.838    16.5904   4.098611    31.9293        811     3.3750     2.7795  0.000e+00
     11.744    16.5900   4.098508    31.9287        812     3.3792     2.7806  0.000e+00
     11.644    16.5895   4.098559    31.9296        813     3.3833     2.7820  0.000e+00
     11.550    16.5897   4.098533    31.9293        814     3.3875     2.7819  0.000e+00
     11.458    16.5900   4.098514    31.9289        815     3.3917     2.7826  0.000e+00
     11.367    16.5901   4.098585    31.9295        816     3.3958     2.7812  0.000e+00
     11.298    16.5904   4.098611    31.9294        817     3.4000     2.7815  0.000e+00
     11.241    16.5904   4.098598    31.9294        818     3.4042     2.7811  0.000e+00
     11.198    16.5905   4.098559    31.9290        819     3.4083     2.7828  0.000e+00
     11.173    16.5906   4.097419    31.9190        820     3.4125     2.7827  0.000e+00
     11.162    16.5907   4.098559    31.9289        821     3.4167     2.7833  0.000e+00
     11.153    16.5908   4.098559    31.9287        822     3.4208     2.7830  0.000e+00
     11.162    16.5908   4.098488    31.9281        823     3.4250     2.7825  0.000e+00
     11.176    16.5905   4.098533    31.9288        824     3.4292     2.7830  0.000e+00
     11.199    16.5904   4.098456    31.9282        825     3.4333     2.7834  0.000e+00
     11.228    16.5904   4.098611    31.9295        826     3.4375     2.7831  0.000e+00
     11.264    16.5905   4.098585    31.9292        827     3.4417     2.7825  0.000e+00
     11.291    16.5909   4.098611    31.9291        828     3.4458     2.7818  0.000e+00
     11.320    16.5910   4.098681    31.9296        829     3.4500     2.7825  0.000e+00
     11.347    16.5916   4.098727    31.9295        830     3.4542     2.7812  0.000e+00
     11.357    16.5921   4.098714    31.9290        831     3.4583     2.7797  0.000e+00
     11.347    16.5926   4.098707    31.9285        832     3.4625     2.7787  0.000e+00
     11.327    16.5925   4.098656    31.9282        833     3.4667     2.7773  0.000e+00
     11.291    16.5923   4.098681    31.9286        834     3.4708     2.7784  0.000e+00
     11.244    16.5922   4.098559    31.9276        835     3.4750     2.7796  0.000e+00
     11.176    16.5918   4.098533    31.9277        836     3.4792     2.7793  0.000e+00
     11.106    16.5914   4.098527    31.9280        837     3.4833     2.7815  0.000e+00
     11.036    16.5911   4.098533    31.9284        838     3.4875     2.7815  0.000e+00
     10.955    16.5908   4.098585    31.9290        839     3.4917     2.7815  0.000e+00
     10.869    16.5911   4.098752    31.9303        840     3.4958     2.7821  0.000e+00
     10.791    16.5914   4.098681    31.9295        841     3.5000     2.7828  0.000e+00
     10.714    16.5918   4.098752    31.9298        842     3.5042     2.7834  0.000e+00
     10.649    16.5921   4.098707    31.9292        843     3.5083     2.7832  0.000e+00
     10.602    16.5922   4.098668    31.9288        844     3.5125     2.7829  0.000e+00
     10.559    16.5921   4.098655    31.9288        845     3.5167     2.7837  0.000e+00
     10.529    16.5920   4.098752    31.9297        846     3.5208     2.7833  0.000e+00
     10.505    16.5921   4.098900    31.9309        847     3.5250     2.7836  0.000e+00
     10.493    16.5927   4.098707    31.9288        848     3.5292     2.7846  0.000e+00
     10.486    16.5930   4.098803    31.9294        849     3.5333     2.7842  0.000e+00
     10.493    16.5930   4.098926    31.9305        850     3.5375     2.7834  0.000e+00
     10.507    16.5935   4.098849    31.9293        851     3.5417     2.7831  0.000e+00
     10.525    16.5935   4.098849    31.9293        852     3.5458     2.7823  0.000e+00
     10.541    16.5937   4.098778    31.9286        853     3.5500     2.7812  0.000e+00
     10.568    16.5935   4.098778    31.9288        854     3.5542     2.7802  0.000e+00
     10.584    16.5933   4.098803    31.9291        855     3.5583     2.7805  0.000e+00
     10.597    16.5932   4.098810    31.9292        856     3.5625     2.7787  0.000e+00
     10.610    16.5930   4.098462    31.9263        857     3.5667     2.7792  0.000e+00
     10.608    16.5920   4.098436    31.9270        858     3.5708     2.7780  0.000e+00
     10.604    16.5903   4.098514    31.9290        859     3.5750     2.7776  0.000e+00
     10.588    16.5897   4.098462    31.9290        860     3.5792     2.7763  0.000e+00
     10.559    16.5895   4.098900    31.9329        861     3.5833     2.7763  0.000e+00
     10.507    16.5908   4.098971    31.9325        862     3.5875     2.7784  0.000e+00
     10.459    16.5925   4.098849    31.9302        863     3.5917     2.7790  0.000e+00
     10.406    16.5932   4.098900    31.9301        864     3.5958     2.7787  0.000e+00
     10.342    16.5933   4.098900    31.9300        865     3.6000     2.7797  0.000e+00
     10.273    16.5936   4.098803    31.9290        866     3.6042     2.7797  0.000e+00
     10.219    16.5932   4.098778    31.9291        867     3.6083     2.7795  0.000e+00
     10.169    16.5928   4.098655    31.9284        868     3.6125     2.7779  0.000e+00
     10.122    16.5922   4.098597    31.9283        869     3.6167     2.7793  0.000e+00
     10.072    16.5913   4.098610    31.9292        870     3.6208     2.7802  0.000e+00
     10.042    16.5909   4.098584    31.9293        871     3.6250     2.7807  0.000e+00
     10.006    16.5903   4.098707    31.9309        872     3.6292     2.7812  0.000e+00
      9.988    16.5910   4.098533    31.9288        873     3.6333     2.7811  0.000e+00
      9.966    16.5907   4.098095    31.9253        874     3.6375     2.7812  0.000e+00
      9.959    16.5886   4.098108    31.9271        875     3.6417     2.7807  0.000e+00
      9.957    16.5867   4.098314    31.9303        876     3.6458     2.7796  0.000e+00
      9.964    16.5864   4.097979    31.9277        877     3.6500     2.7780  0.000e+00
      9.982    16.5855   4.098095    31.9294        878     3.6542     2.7786  0.000e+00
     10.007    16.5844   4.098533    31.9340        879     3.6583     2.7799  0.000e+00
     10.040    16.5864   4.098655    31.9335        880     3.6625     2.7799  0.000e+00
     10.076    16.5882   4.098713    31.9326        881     3.6667     2.7794  0.000e+00
     10.117    16.5897   4.098752    31.9317        882     3.6708     2.7785  0.000e+00
     10.156    16.5907   4.098900    31.9322        883     3.6750     2.7787  0.000e+00
     10.192    16.5919   4.098900    31.9312        884     3.6792     2.7780  0.000e+00
     10.221    16.5926   4.098726    31.9292        885     3.6833     2.7776  0.000e+00
     10.239    16.5924   4.098829    31.9302        886     3.6875     2.7776  0.000e+00
     10.246    16.5921   4.098217    31.9250        887     3.6917     2.7779  0.000e+00
     10.232    16.5900   4.097857    31.9236        888     3.6958     2.7791  0.000e+00
     10.192    16.5865   4.097760    31.9256        889     3.7000     2.7801  0.000e+00
     10.138    16.5837   4.097708    31.9274        890     3.7042     2.7812  0.000e+00
     10.066    16.5820   4.097779    31.9294        891     3.7083     2.7820  0.000e+00
      9.989    16.5815   4.097876    31.9307        892     3.7125     2.7834  0.000e+00
      9.903    16.5817   4.097876    31.9305        893     3.7167     2.7831  0.000e+00
      9.811    16.5821   4.097805    31.9296        894     3.7208     2.7841  0.000e+00
      9.720    16.5821   4.097760    31.9293        895     3.7250     2.7844  0.000e+00
      9.612    16.5817   4.097683    31.9289        896     3.7292     2.7827  0.000e+00
      9.529    16.5812   4.097734    31.9299        897     3.7333     2.7812  0.000e+00
      9.454    16.5808   4.097734    31.9302        898     3.7375     2.7787  0.000e+00
      9.394    16.5809   4.097760    31.9303        899     3.7417     2.7781  0.000e+00
      9.342    16.5812   4.097715    31.9297        900     3.7458     2.7782  0.000e+00
      9.304    16.5809   4.097708    31.9299        901     3.7500     2.7779  0.000e+00
      9.279    16.5808   4.097760    31.9304        902     3.7542     2.7773  0.000e+00
      9.258    16.5811   4.097876    31.9313        903     3.7583     2.7792  0.000e+00
      9.241    16.5818   4.097856    31.9305        904     3.7625     2.7796  0.000e+00
      9.238    16.5821   4.097856    31.9303        905     3.7667     2.7796  0.000e+00
      9.249    16.5825   4.097856    31.9300        906     3.7708     2.7793  0.000e+00
      9.270    16.5823   4.097554    31.9275        907     3.7750     2.7802  0.000e+00
      9.306    16.5812   4.097760    31.9301        908     3.7792     2.7798  0.000e+00
