PC2305/sbe002.cnv
* Sea-Bird SBE 19plus V2 Data File:
* FileName = C:\cruise\data\sbe002.hex
* Software Version Seasave V 7.26.7.121
* Temperature SN = 7142
* Conductivity SN = 7142
* System UpLoad Time = Oct 27 2023 15:41:03
** Cruise: PC2205
** Program: ECOMON
# nquan = 8
# nvalues = 1429                                  
# units = specified
# name 0 = depSM: Depth [salt water, m], lat = 40.00
# name 1 = tv290C: Temperature [ITS-90, deg C]
# name 2 = c0S/m: Conductivity [S/m]
# name 3 = sal00: Salinity, Practical [PSU]
# name 4 = scan: Scan Count
# name 5 = timeM: Time, Elapsed [minutes]
# name 6 = sbeox0V: Oxygen raw, SBE 43 [V]
# name 7 = flag:  0.000e+00
# span 0 =     -0.048,     27.437                 
# span 1 =    15.3943,    17.2089                 
# span 2 =   0.000003,   4.040090                 
# span 3 =     0.0087,    31.8226                 
# span 4 =         11,       1439                 
# span 5 =     0.0417,     5.9917                 
# span 6 =     2.4383,     3.0147                 
# span 7 = 0.0000e+00, 0.0000e+00                 
# interval = seconds: 0.25
# start_time = Oct 27 2023 15:41:03 [System UTC, header]
# bad_flag = -9.990e-29
*END*
[from data line 180]
      4.758    15.9650   4.011608    31.6703        191     0.7917     2.7365  0.000e+00
      4.821    15.9643   4.011180    31.6670        192     0.7958     2.7489  0.000e+00
      4.880    15.9650   4.011206    31.6667        193     0.8000     2.7568  0.000e+00
      4.934    15.9669   4.011110    31.6643        194     0.8042     2.7617  0.000e+00
      5.003    15.9680   4.011014    31.6625        195     0.8083     2.7659  0.000e+00
      5.058    15.9681   4.011155    31.6637        196     0.8125     2.7697  0.000e+00
      5.123    15.9695   4.011225    31.6631        197     0.8167     2.7730  0.000e+00
      5.190    15.9707   4.011557    31.6651        198     0.8208     2.7766  0.000e+00
      5.258    15.9710   4.011889    31.6677        199     0.8250     2.7783  0.000e+00
      5.335    15.9706   4.012413    31.6726        200     0.8292     2.7813  0.000e+00
      5.418    15.9717   4.014162    31.6871        201     0.8333     2.7832  0.000e+00
      5.502    15.9732   4.018269    31.7220        202     0.8375     2.7867  0.000e+00
      5.587    15.9738   4.020142    31.7380        203     0.8417     2.7843  0.000e+00
      5.675    15.9738   4.020544    31.7415        204     0.8458     2.7826  0.000e+00
      5.766    15.9842   4.021138    31.7384        205     0.8500     2.7771  0.000e+00
      5.853    16.0056   4.021515    31.7245        206     0.8542     2.7693  0.000e+00
      5.941    16.0266   4.021732    31.7096        207     0.8583     2.7597  0.000e+00
      6.027    16.0459   4.021636    31.6934        208     0.8625     2.7494  0.000e+00
      6.110    16.0630   4.021540    31.6788        209     0.8667     2.7419  0.000e+00
      6.198    16.0764   4.021636    31.6690        210     0.8708     2.7333  0.000e+00
      6.286    16.0842   4.021732    31.6636        211     0.8750     2.7263  0.000e+00
      6.388    16.0880   4.021444    31.6580        212     0.8792     2.7174  0.000e+00
      6.485    16.0898   4.020831    31.6511        213     0.8833     2.7075  0.000e+00
      6.571    16.0901   4.020390    31.6470        214     0.8875     2.6969  0.000e+00
      6.676    16.0919   4.020236    31.6441        215     0.8917     2.6852  0.000e+00
      6.774    16.0928   4.020211    31.6432        216     0.8958     2.6764  0.000e+00
      6.868    16.0928   4.020403    31.6448        217     0.9000     2.6679  0.000e+00
      6.963    16.0921   4.021182    31.6522        218     0.9042     2.6593  0.000e+00
      7.066    16.0902   4.022965    31.6693        219     0.9083     2.6493  0.000e+00
      7.150    16.0898   4.024250    31.6808        220     0.9125     2.6402  0.000e+00
      7.235    16.0944   4.024461    31.6790        221     0.9167     2.6313  0.000e+00
      7.321    16.1150   4.024225    31.6605        222     0.9208     2.6245  0.000e+00
      7.398    16.1366   4.024608    31.6466        223     0.9250     2.6177  0.000e+00
      7.481    16.1472   4.025369    31.6449        224     0.9292     2.6123  0.000e+00
      7.560    16.1489   4.026104    31.6499        225     0.9333     2.6096  0.000e+00
      7.639    16.1481   4.026794    31.6565        226     0.9375     2.6070  0.000e+00
      7.712    16.1478   4.027293    31.6611        227     0.9417     2.6036  0.000e+00
      7.786    16.1483   4.027626    31.6636        228     0.9458     2.6000  0.000e+00
      7.865    16.1496   4.027792    31.6640        229     0.9500     2.5963  0.000e+00
      7.935    16.1509   4.027485    31.6602        230     0.9542     2.5926  0.000e+00
      8.016    16.1513   4.026839    31.6543        231     0.9583     2.5872  0.000e+00
      8.088    16.1456   4.026462    31.6555        232     0.9625     2.5830  0.000e+00
      8.158    16.1302   4.026315    31.6664        233     0.9667     2.5780  0.000e+00
      8.234    16.1170   4.026060    31.6746        234     0.9708     2.5727  0.000e+00
      8.316    16.1055   4.025817    31.6817        235     0.9750     2.5674  0.000e+00
      8.392    16.0968   4.025632    31.6870        236     0.9792     2.5622  0.000e+00
      8.469    16.0889   4.025248    31.6899        237     0.9833     2.5575  0.000e+00
      8.552    16.0827   4.024200    31.6856        238     0.9875     2.5522  0.000e+00
      8.631    16.0736   4.022276    31.6759        239     0.9917     2.5466  0.000e+00
      8.717    16.0602   4.020282    31.6691        240     0.9958     2.5431  0.000e+00
      8.784    16.0458   4.018481    31.6647        241     1.0000     2.5402  0.000e+00
      8.855    16.0302   4.017791    31.6711        242     1.0042     2.5390  0.000e+00
      8.938    16.0195   4.018411    31.6850        243     1.0083     2.5399  0.000e+00
      9.017    16.0149   4.022277    31.7227        244     1.0125     2.5429  0.000e+00
      9.111    16.0100   4.024297    31.7443        245     1.0167     2.5441  0.000e+00
      9.197    16.0019   4.025250    31.7591        246     1.0208     2.5442  0.000e+00
      9.288    16.0140   4.026413    31.7596        247     1.0250     2.5445  0.000e+00
      9.377    16.0443   4.027174    31.7420        248     1.0292     2.5444  0.000e+00
      9.483    16.0826   4.027506    31.7143        249     1.0333     2.5458  0.000e+00
      9.587    16.1182   4.028151    31.6916        250     1.0375     2.5470  0.000e+00
      9.693    16.1413   4.029462    31.6846        251     1.0417     2.5496  0.000e+00
      9.802    16.1529   4.030556    31.6849        252     1.0458     2.5511  0.000e+00
      9.919    16.1606   4.030748    31.6804        253     1.0500     2.5527  0.000e+00
     10.034    16.1731   4.030485    31.6681        254     1.0542     2.5521  0.000e+00
     10.144    16.1855   4.030319    31.6568        255     1.0583     2.5533  0.000e+00
     10.248    16.1929   4.030530    31.6527        256     1.0625     2.5528  0.000e+00
     10.352    16.1964   4.031054    31.6544        257     1.0667     2.5555  0.000e+00
     10.458    16.1980   4.030767    31.6506        258     1.0708     2.5575  0.000e+00
     10.557    16.1976   4.030767    31.6509        259     1.0750     2.5604  0.000e+00
     10.649    16.1985   4.032149    31.6622        260     1.0792     2.5651  0.000e+00
     10.749    16.2024   4.034465    31.6794        261     1.0833     2.5713  0.000e+00
     10.846    16.2172   4.035917    31.6803        262     1.0875     2.5797  0.000e+00
     10.935    16.2457   4.036704    31.6645        263     1.0917     2.5893  0.000e+00
     11.023    16.2714   4.037440    31.6504        264     1.0958     2.5979  0.000e+00
     11.118    16.2881   4.037965    31.6417        265     1.1000     2.6023  0.000e+00
     11.206    16.3025   4.038567    31.6355        266     1.1042     2.6049  0.000e+00
     11.292    16.3143   4.038759    31.6278        267     1.1083     2.6083  0.000e+00
     11.382    16.3236   4.038944    31.6221        268     1.1125     2.6112  0.000e+00
     11.475    16.3320   4.038925    31.6151        269     1.1167     2.6158  0.000e+00
     11.564    16.3387   4.039110    31.6114        270     1.1208     2.6267  0.000e+00
     11.657    16.3424   4.039328    31.6103        271     1.1250     2.6401  0.000e+00
     11.745    16.3435   4.039565    31.6116        272     1.1292     2.6555  0.000e+00
     11.835    16.3466   4.039731    31.6105        273     1.1333     2.6697  0.000e+00
     11.927    16.3486   4.040020    31.6114        274     1.1375     2.6846  0.000e+00
     12.013    16.3490   4.040090    31.6116        275     1.1417     2.6958  0.000e+00
     12.095    16.3522   4.040071    31.6089        276     1.1458     2.7041  0.000e+00
     12.178    16.3555   4.040090    31.6064        277     1.1500     2.7114  0.000e+00
     12.261    16.3550   4.039661    31.6031        278     1.1542     2.7170  0.000e+00
     12.340    16.3541   4.037728    31.5869        279     1.1583     2.7184  0.000e+00
     12.415    16.3520   4.035865    31.5723        280     1.1625     2.7164  0.000e+00
     12.493    16.3424   4.035795    31.5792        281     1.1667     2.7115  0.000e+00
     12.568    16.3110   4.035251    31.5994        282     1.1708     2.7022  0.000e+00
     12.636    16.2591   4.033268    31.6232        283     1.1750     2.6938  0.000e+00
     12.705    16.2011   4.029744    31.6384        284     1.1792     2.6844  0.000e+00
     12.787    16.1586   4.026745    31.6459        285     1.1833     2.6780  0.000e+00
     12.872    16.1229   4.026036    31.6681        286     1.1875     2.6712  0.000e+00
     12.951    16.0825   4.029106    31.7272        287     1.1917     2.6680  0.000e+00
     13.046    16.0448   4.032318    31.7855        288     1.1958     2.6556  0.000e+00
     13.141    16.0233   4.034206    31.8193        289     1.2000     2.6483  0.000e+00
     13.233    16.0406   4.036158    31.8226        290     1.2042     2.6442  0.000e+00
     13.337    16.0860   4.037162    31.7950        291     1.2083     2.6394  0.000e+00
     13.440    16.1460   4.037539    31.7503        292     1.2125     2.6355  0.000e+00
     13.540    16.2060   4.037397    31.7012        293     1.2167     2.6348  0.000e+00
     13.646    16.2471   4.037013    31.6651        294     1.2208     2.6373  0.000e+00
     13.752    16.2697   4.037467    31.6510        295     1.2250     2.6409  0.000e+00
     13.855    16.2806   4.038280    31.6494        296     1.2292     2.6446  0.000e+00
     13.957    16.2863   4.038850    31.6498        297     1.2333     2.6458  0.000e+00
     14.063    16.2925   4.039093    31.6470        298     1.2375     2.6458  0.000e+00
     14.158    16.3015   4.038971    31.6387        299     1.2417     2.6466  0.000e+00
     14.259    16.3114   4.039022    31.6314        300     1.2458     2.6485  0.000e+00
     14.356    16.3192   4.039329    31.6278        301     1.2500     2.6507  0.000e+00
     14.450    16.3242   4.039592    31.6261        302     1.2542     2.6572  0.000e+00
     14.545    16.3311   4.039189    31.6171        303     1.2583     2.6625  0.000e+00
     14.633    16.3382   4.020997    31.4528        304     1.2625     2.6709  0.000e+00
     14.716    16.2844   3.991020    31.2337        305     1.2667     2.6793  0.000e+00
     14.802    16.0894   3.989309    31.3720        306     1.2708     2.6906  0.000e+00
     14.883    15.9241   3.988814    31.4986        307     1.2750     2.7149  0.000e+00
     14.962    15.8285   3.988631    31.5730        308     1.2792     2.7540  0.000e+00
     15.037    15.7785   3.988536    31.6121        309     1.2833     2.7930  0.000e+00
     15.120    15.7531   3.988415    31.6313        310     1.2875     2.8271  0.000e+00
     15.197    15.7403   3.988346    31.6409        311     1.2917     2.8532  0.000e+00
     15.274    15.7330   3.988276    31.6461        312     1.2958     2.8734  0.000e+00
     15.357    15.7293   3.988244    31.6487        313     1.3000     2.8863  0.000e+00
     15.438    15.7276   3.988231    31.6500        314     1.3042     2.8963  0.000e+00
     15.517    15.7264   3.988231    31.6509        315     1.3083     2.9024  0.000e+00
     15.598    15.7257   3.988206    31.6512        316     1.3125     2.9076  0.000e+00
     15.679    15.7254   3.988161    31.6510        317     1.3167     2.9095  0.000e+00
     15.761    15.7246   3.988231    31.6523        318     1.3208     2.9118  0.000e+00
     15.848    15.7224   3.988231    31.6540        319     1.3250     2.9123  0.000e+00
     15.930    15.7197   3.988257    31.6563        320     1.3292     2.9135  0.000e+00
     16.017    15.7171   3.988161    31.6576        321     1.3333     2.9127  0.000e+00
     16.099    15.7137   3.988219    31.6608        322     1.3375     2.9123  0.000e+00
     16.186    15.7096   3.988162    31.6635        323     1.3417     2.9118  0.000e+00
     16.270    15.7054   3.988111    31.6664        324     1.3458     2.9089  0.000e+00
     16.347    15.7017   3.988066    31.6689        325     1.3500     2.9061  0.000e+00
     16.421    15.6989   3.987926    31.6699        326     1.3542     2.9029  0.000e+00
     16.509    15.6964   3.987786    31.6706        327     1.3583     2.8978  0.000e+00
     16.590    15.6933   3.987621    31.6716        328     1.3625     2.8948  0.000e+00
     16.673    15.6899   3.987481    31.6731        329     1.3667     2.8900  0.000e+00
     16.757    15.6864   3.987455    31.6756        330     1.3708     2.8849  0.000e+00
     16.845    15.6839   3.987411    31.6772        331     1.3750     2.8795  0.000e+00
     16.935    15.6821   3.987379    31.6783        332     1.3792     2.8751  0.000e+00
     17.021    15.6806   3.987360    31.6793        333     1.3833     2.8716  0.000e+00
     17.115    15.6795   3.987290    31.6796        334     1.3875     2.8671  0.000e+00
     17.208    15.6782   3.987220    31.6799        335     1.3917     2.8634  0.000e+00
     17.311    15.6770   3.987150    31.6803        336     1.3958     2.8603  0.000e+00
     17.408    15.6750   3.987080    31.6812        337     1.4000     2.8573  0.000e+00
     17.501    15.6727   3.987054    31.6828        338     1.4042     2.8582  0.000e+00
     17.602    15.6707   3.987035    31.6842        339     1.4083     2.8518  0.000e+00
     17.699    15.6693   3.987035    31.6853        340     1.4125     2.8477  0.000e+00
     17.794    15.6682   3.987010    31.6859        341     1.4167     2.8448  0.000e+00
     17.889    15.6671   3.986985    31.6865        342     1.4208     2.8420  0.000e+00
     17.981    15.6665   3.987010    31.6872        343     1.4250     2.8386  0.000e+00
     18.081    15.6660   3.987010    31.6876        344     1.4292     2.8355  0.000e+00
     18.175    15.6657   3.986966    31.6874        345     1.4333     2.8329  0.000e+00
     18.277    15.6651   3.986985    31.6880        346     1.4375     2.8309  0.000e+00
     18.378    15.6643   3.986985    31.6886        347     1.4417     2.8297  0.000e+00
     18.482    15.6641   3.986985    31.6887        348     1.4458     2.8281  0.000e+00
     18.586    15.6637   3.986985    31.6890        349     1.4500     2.8259  0.000e+00
     18.689    15.6632   3.986991    31.6895        350     1.4542     2.8258  0.000e+00
     18.793    15.6628   3.987010    31.6898        351     1.4583     2.8245  0.000e+00
     18.896    15.6627   3.987010    31.6899        352     1.4625     2.8237  0.000e+00
     18.998    15.6624   3.986966    31.6897        353     1.4667     2.8213  0.000e+00
     19.091    15.6624   3.986985    31.6898        354     1.4708     2.8202  0.000e+00
     19.185    15.6624   3.987036    31.6903        355     1.4750     2.8190  0.000e+00
     19.271    15.6620   3.987011    31.6904        356     1.4792     2.8168  0.000e+00
     19.356    15.6616   3.986985    31.6904        357     1.4833     2.8171  0.000e+00
     19.436    15.6613   3.986966    31.6905        358     1.4875     2.8153  0.000e+00
     19.526    15.6609   3.986941    31.6905        359     1.4917     2.8126  0.000e+00
     19.604    15.6600   3.986915    31.6910        360     1.4958     2.8111  0.000e+00
     19.686    15.6592   3.986890    31.6913        361     1.5000     2.8087  0.000e+00
     19.769    15.6585   3.986890    31.6919        362     1.5042     2.8076  0.000e+00
     19.850    15.6578   3.986820    31.6918        363     1.5083     2.8060  0.000e+00
     19.936    15.6568   3.986801    31.6924        364     1.5125     2.8046  0.000e+00
     20.017    15.6557   3.986731    31.6926        365     1.5167     2.8048  0.000e+00
     20.094    15.6548   3.986610    31.6923        366     1.5208     2.8036  0.000e+00
     20.173    15.6530   3.986514    31.6928        367     1.5250     2.8016  0.000e+00
     20.249    15.6507   3.986470    31.6943        368     1.5292     2.8018  0.000e+00
     20.322    15.6487   3.986400    31.6952        369     1.5333     2.8007  0.000e+00
