PC2305/sbe068.cnv
* Sea-Bird SBE 19plus V2 Data File:
* FileName = C:\cruise\data\sbe068.hex
* Software Version Seasave V 7.26.7.121
* Temperature SN = 7142
* Conductivity SN = 7142
* System UpLoad Time = Nov 02 2023 21:55:18
** Cruise: PC2205
** Program: ECOMON
# nquan = 8
# nvalues = 1491                                  
# units = specified
# name 0 = depSM: Depth [salt water, m], lat = 40.00
# name 1 = tv290C: Temperature [ITS-90, deg C]
# name 2 = c0S/m: Conductivity [S/m]
# name 3 = sal00: Salinity, Practical [PSU]
# name 4 = scan: Scan Count
# name 5 = timeM: Time, Elapsed [minutes]
# name 6 = sbeox0V: Oxygen raw, SBE 43 [V]
# name 7 = flag:  0.000e+00
# span 0 =      0.081,     50.811                 
# span 1 =     8.2777,    15.5052                 
# span 2 =  -0.107626,   4.045149                 
# span 3 =     0.0000,    32.6494                 
# span 4 =         11,       1501                 
# span 5 =     0.0417,     6.2500                 
# span 6 =     1.9924,     3.1561                 
# span 7 = 0.0000e+00, 0.0000e+00                 
# interval = seconds: 0.25
# start_time = Nov 02 2023 21:55:18 [System UTC, header]
# bad_flag = -9.990e-29
*END*
[from data line 360]
     38.237    15.3595   4.036560    32.3703        371     1.5417     2.5996  0.000e+00
     38.376    15.3584   4.036439    32.3700        372     1.5458     2.5970  0.000e+00
     38.530    15.3573   4.036656    32.3728        373     1.5500     2.5941  0.000e+00
     38.688    15.3572   4.036823    32.3743        374     1.5542     2.5917  0.000e+00
     38.854    15.3577   4.037060    32.3760        375     1.5583     2.5902  0.000e+00
     39.039    15.3588   4.037130    32.3756        376     1.5625     2.5912  0.000e+00
     39.227    15.3579   4.036938    32.3745        377     1.5667     2.5892  0.000e+00
     39.420    15.3555   4.036849    32.3757        378     1.5708     2.5895  0.000e+00
     39.612    15.3532   4.037131    32.3800        379     1.5750     2.5900  0.000e+00
     39.817    15.3503   4.037086    32.3819        380     1.5792     2.5888  0.000e+00
     40.031    15.3455   4.036894    32.3841        381     1.5833     2.5878  0.000e+00
     40.247    15.3388   4.036299    32.3843        382     1.5875     2.5858  0.000e+00
     40.466    15.3293   4.035749    32.3870        383     1.5917     2.5843  0.000e+00
     40.692    15.3177   4.035365    32.3931        384     1.5958     2.5793  0.000e+00
     40.930    15.3063   4.034725    32.3967        385     1.6000     2.5746  0.000e+00
     41.181    15.2940   4.033605    32.3967        386     1.6042     2.5678  0.000e+00
     41.454    15.2773   4.032915    32.4042        387     1.6083     2.5595  0.000e+00
     41.747    15.2612   4.032243    32.4114        388     1.6125     2.5497  0.000e+00
     42.047    15.2464   4.032007    32.4214        389     1.6167     2.5374  0.000e+00
     42.331    15.2346   4.031297    32.4246        390     1.6208     2.5272  0.000e+00
     42.603    15.2227   4.031009    32.4318        391     1.6250     2.5159  0.000e+00
     42.849    15.2119   4.030843    32.4391        392     1.6292     2.5027  0.000e+00
     43.072    15.2050   4.030268    32.4396        393     1.6333     2.4911  0.000e+00
     43.271    15.1966   4.029673    32.4411        394     1.6375     2.4813  0.000e+00
     43.455    15.1842   4.029462    32.4494        395     1.6417     2.4692  0.000e+00
     43.663    15.1728   4.029584    32.4599        396     1.6458     2.4593  0.000e+00
     43.859    15.1646   4.029507    32.4659        397     1.6500     2.4486  0.000e+00
     44.028    15.1591   4.029917    32.4741        398     1.6542     2.4364  0.000e+00
     44.145    15.1534   4.029341    32.4737        399     1.6583     2.4262  0.000e+00
     44.217    15.1432   4.026962    32.4607        400     1.6625     2.4161  0.000e+00
     44.267    15.1241   4.024322    32.4527        401     1.6667     2.4038  0.000e+00
     44.314    15.0967   4.022852    32.4622        402     1.6708     2.3943  0.000e+00
     44.366    15.0702   4.020712    32.4649        403     1.6750     2.3835  0.000e+00
     44.425    15.0462   4.019217    32.4714        404     1.6792     2.3719  0.000e+00
     44.492    15.0236   4.017843    32.4777        405     1.6833     2.3574  0.000e+00
     44.555    15.0042   4.015972    32.4769        406     1.6875     2.3429  0.000e+00
     44.625    14.9859   4.013954    32.4739        407     1.6917     2.3294  0.000e+00
     44.711    14.9669   4.013175    32.4826        408     1.6958     2.3142  0.000e+00
     44.797    14.9495   4.013769    32.5025        409     1.7000     2.3030  0.000e+00
     44.905    14.9384   4.014312    32.5166        410     1.7042     2.2933  0.000e+00
     45.024    14.9342   4.015354    32.5294        411     1.7083     2.2844  0.000e+00
     45.150    14.9359   4.017110    32.5438        412     1.7125     2.2764  0.000e+00
     45.290    14.9453   4.016803    32.5332        413     1.7167     2.2689  0.000e+00
     45.448    14.9504   4.015947    32.5211        414     1.7208     2.2642  0.000e+00
     45.615    14.9480   4.015494    32.5190        415     1.7250     2.2562  0.000e+00
     45.802    14.9428   4.015117    32.5198        416     1.7292     2.2494  0.000e+00
     45.991    14.9387   4.013885    32.5120        417     1.7333     2.2449  0.000e+00
     46.194    14.9274   4.010903    32.4944        418     1.7375     2.2396  0.000e+00
     46.409    14.9054   4.008012    32.4866        419     1.7417     2.2346  0.000e+00
     46.636    14.8665   4.005416    32.4954        420     1.7458     2.2295  0.000e+00
     46.868    14.8218   4.003547    32.5157        421     1.7500     2.2248  0.000e+00
     47.118    14.7821   4.001379    32.5291        422     1.7542     2.2186  0.000e+00
     47.380    14.7417   4.001124    32.5604        423     1.7583     2.2116  0.000e+00
     47.660    14.7119   4.000340    32.5781        424     1.7625     2.2006  0.000e+00
     47.950    14.6920   3.999984    32.5914        425     1.7667     2.1875  0.000e+00
     48.236    14.6773   3.999110    32.5957        426     1.7708     2.1734  0.000e+00
     48.514    14.6645   3.998900    32.6044        427     1.7750     2.1576  0.000e+00
     48.780    14.6542   3.998875    32.6127        428     1.7792     2.1421  0.000e+00
     49.034    14.6481   3.998639    32.6156        429     1.7833     2.1265  0.000e+00
     49.269    14.6437   3.998384    32.6169        430     1.7875     2.1113  0.000e+00
     49.494    14.6391   3.998289    32.6198        431     1.7917     2.0973  0.000e+00
     49.691    14.6354   3.998219    32.6222        432     1.7958     2.0839  0.000e+00
     49.868    14.6326   3.998193    32.6242        433     1.8000     2.0730  0.000e+00
     50.074    14.6313   3.998193    32.6252        434     1.8042     2.0623  0.000e+00
     50.279    14.6306   3.998028    32.6242        435     1.8083     2.0540  0.000e+00
     50.457    14.6295   3.997964    32.6245        436     1.8125     2.0456  0.000e+00
     50.601    14.6282   3.997862    32.6246        437     1.8167     2.0378  0.000e+00
     50.711    14.6270   3.997818    32.6252        438     1.8208     2.0322  0.000e+00
     50.811    14.6263   3.997722    32.6248        439     1.8250     2.0284  0.000e+00
     50.797    14.6260   3.997582    32.6238        440     1.8292     2.0237  0.000e+00
     50.757    14.6252   3.997486    32.6237        441     1.8333     2.0210  0.000e+00
     50.664    14.6247   3.997416    32.6235        442     1.8375     2.0187  0.000e+00
     50.567    14.6239   3.997320    32.6233        443     1.8417     2.0163  0.000e+00
     50.479    14.6233   3.997346    32.6241        444     1.8458     2.0138  0.000e+00
     50.414    14.6227   3.997486    32.6259        445     1.8500     2.0115  0.000e+00
     50.344    14.6228   3.997512    32.6261        446     1.8542     2.0120  0.000e+00
     50.272    14.6234   3.997441    32.6249        447     1.8583     2.0100  0.000e+00
     50.196    14.6235   3.997473    32.6252        448     1.8625     2.0087  0.000e+00
     50.117    14.6238   3.997556    32.6258        449     1.8667     2.0076  0.000e+00
     50.046    14.6241   3.997486    32.6249        450     1.8708     2.0068  0.000e+00
     49.983    14.6242   3.997441    32.6244        451     1.8750     2.0063  0.000e+00
     49.887    14.6240   3.997441    32.6246        452     1.8792     2.0055  0.000e+00
     49.744    14.6237   3.997537    32.6258        453     1.8833     2.0058  0.000e+00
     49.585    14.6241   3.997581    32.6259        454     1.8875     2.0057  0.000e+00
     49.487    14.6245   3.997537    32.6252        455     1.8917     2.0048  0.000e+00
     49.465    14.6247   3.997486    32.6245        456     1.8958     2.0030  0.000e+00
     49.506    14.6248   3.997486    32.6245        457     1.9000     2.0026  0.000e+00
     49.593    14.6246   3.997416    32.6240        458     1.9042     2.0004  0.000e+00
     49.693    14.6243   3.997390    32.6240        459     1.9083     2.0009  0.000e+00
     49.792    14.6238   3.997371    32.6241        460     1.9125     2.0000  0.000e+00
     49.889    14.6236   3.997416    32.6247        461     1.9167     1.9991  0.000e+00
     49.983    14.6234   3.997416    32.6248        462     1.9208     2.0020  0.000e+00
     50.064    14.6237   3.997537    32.6257        463     1.9250     1.9996  0.000e+00
     50.150    14.6241   3.997537    32.6253        464     1.9292     1.9997  0.000e+00
     50.225    14.6244   3.997441    32.6242        465     1.9333     2.0002  0.000e+00
     50.292    14.6243   3.997486    32.6246        466     1.9375     1.9969  0.000e+00
     50.348    14.6241   3.997486    32.6247        467     1.9417     1.9955  0.000e+00
     50.367    14.6243   3.997652    32.6261        468     1.9458     1.9939  0.000e+00
     50.362    14.6248   3.997792    32.6269        469     1.9500     1.9957  0.000e+00
     50.328    14.6258   3.997913    32.6272        470     1.9542     1.9966  0.000e+00
     50.276    14.6268   3.997939    32.6266        471     1.9583     2.0010  0.000e+00
     50.213    14.6276   3.997843    32.6251        472     1.9625     1.9978  0.000e+00
     50.155    14.6276   3.997843    32.6251        473     1.9667     2.0006  0.000e+00
     50.090    14.6276   3.997817    32.6249        474     1.9708     1.9996  0.000e+00
     50.015    14.6276   3.997817    32.6249        475     1.9750     2.0000  0.000e+00
     49.945    14.6278   3.997913    32.6257        476     1.9792     1.9987  0.000e+00
     49.871    14.6281   3.997703    32.6235        477     1.9833     2.0000  0.000e+00
     49.796    14.6278   3.997722    32.6240        478     1.9875     2.0010  0.000e+00
     49.718    14.6274   3.997747    32.6246        479     1.9917     1.9974  0.000e+00
     49.646    14.6273   3.997651    32.6239        480     1.9958     1.9974  0.000e+00
     49.573    14.6269   3.997651    32.6242        481     2.0000     1.9933  0.000e+00
     49.501    14.6267   3.997626    32.6241        482     2.0042     1.9969  0.000e+00
     49.424    14.6266   3.997556    32.6236        483     2.0083     1.9956  0.000e+00
     49.355    14.6266   3.997415    32.6224        484     2.0125     1.9970  0.000e+00
     49.292    14.6260   3.997473    32.6235        485     2.0167     1.9974  0.000e+00
     49.235    14.6258   3.997511    32.6240        486     2.0208     1.9969  0.000e+00
     49.179    14.6257   3.997537    32.6243        487     2.0250     1.9965  0.000e+00
     49.134    14.6259   3.997320    32.6222        488     2.0292     1.9969  0.000e+00
     49.089    14.6251   3.997345    32.6231        489     2.0333     1.9971  0.000e+00
     49.053    14.6247   3.997511    32.6250        490     2.0375     1.9978  0.000e+00
     48.998    14.6252   3.997581    32.6252        491     2.0417     1.9937  0.000e+00
     48.933    14.6262   3.997485    32.6235        492     2.0458     1.9949  0.000e+00
     48.865    14.6266   3.997536    32.6236        493     2.0500     1.9940  0.000e+00
     48.795    14.6268   3.997390    32.6222        494     2.0542     1.9951  0.000e+00
     48.726    14.6263   3.997275    32.6216        495     2.0583     1.9964  0.000e+00
     48.665    14.6254   3.997275    32.6224        496     2.0625     1.9939  0.000e+00
     48.604    14.6248   3.997543    32.6253        497     2.0667     1.9942  0.000e+00
     48.536    14.6256   3.997581    32.6251        498     2.0708     1.9953  0.000e+00
     48.469    14.6266   3.997555    32.6240        499     2.0750     1.9960  0.000e+00
     48.399    14.6273   3.997581    32.6237        500     2.0792     1.9968  0.000e+00
     48.325    14.6275   3.997555    32.6233        501     2.0833     1.9976  0.000e+00
     48.250    14.6275   3.997441    32.6223        502     2.0875     1.9936  0.000e+00
     48.165    14.6274   3.997485    32.6228        503     2.0917     1.9978  0.000e+00
     48.085    14.6272   3.997466    32.6228        504     2.0958     1.9981  0.000e+00
     47.995    14.6274   3.997415    32.6222        505     2.1000     1.9939  0.000e+00
     47.910    14.6270   3.997370    32.6222        506     2.1042     1.9934  0.000e+00
     47.822    14.6269   3.997319    32.6219        507     2.1083     1.9924  0.000e+00
     47.736    14.6267   3.997370    32.6225        508     2.1125     1.9936  0.000e+00
     47.660    14.6269   3.997421    32.6229        509     2.1167     1.9950  0.000e+00
     47.594    14.6273   3.997440    32.6227        510     2.1208     1.9965  0.000e+00
     47.533    14.6276   3.997485    32.6229        511     2.1250     1.9960  0.000e+00
     47.486    14.6279   3.997466    32.6224        512     2.1292     1.9968  0.000e+00
     47.459    14.6282   3.997510    32.6226        513     2.1333     1.9971  0.000e+00
     47.439    14.6285   3.997510    32.6224        514     2.1375     1.9970  0.000e+00
     47.421    14.6290   3.997555    32.6224        515     2.1417     1.9969  0.000e+00
     47.409    14.6295   3.997485    32.6213        516     2.1458     1.9971  0.000e+00
     47.394    14.6295   3.997485    32.6214        517     2.1500     1.9971  0.000e+00
     47.375    14.6294   3.997466    32.6213        518     2.1542     1.9973  0.000e+00
     47.358    14.6293   3.997485    32.6215        519     2.1583     1.9977  0.000e+00
     47.330    14.6293   3.997485    32.6215        520     2.1625     1.9935  0.000e+00
     47.294    14.6295   3.997542    32.6219        521     2.1667     1.9968  0.000e+00
     47.245    14.6298   3.997485    32.6212        522     2.1708     1.9976  0.000e+00
     47.180    14.6300   3.997440    32.6206        523     2.1750     1.9968  0.000e+00
     47.110    14.6299   3.997415    32.6205        524     2.1792     1.9973  0.000e+00
     47.029    14.6295   3.997440    32.6211        525     2.1833     1.9965  0.000e+00
     46.940    14.6295   3.997485    32.6215        526     2.1875     1.9969  0.000e+00
     46.855    14.6297   3.997465    32.6212        527     2.1917     1.9996  0.000e+00
     46.771    14.6301   3.997510    32.6213        528     2.1958     2.0000  0.000e+00
     46.684    14.6303   3.997535    32.6214        529     2.2000     2.0001  0.000e+00
     46.602    14.6308   3.997555    32.6212        530     2.2042     1.9984  0.000e+00
     46.523    14.6312   3.997535    32.6207        531     2.2083     2.0007  0.000e+00
     46.443    14.6311   3.997535    32.6208        532     2.2125     1.9966  0.000e+00
     46.368    14.6311   3.997542    32.6209        533     2.2167     1.9969  0.000e+00
     46.289    14.6314   3.997535    32.6206        534     2.2208     1.9965  0.000e+00
     46.206    14.6315   3.997535    32.6206        535     2.2250     1.9994  0.000e+00
     46.125    14.6317   3.997465    32.6198        536     2.2292     1.9985  0.000e+00
     46.043    14.6314   3.997510    32.6205        537     2.2333     1.9976  0.000e+00
     45.965    14.6316   3.997841    32.6234        538     2.2375     1.9996  0.000e+00
     45.885    14.6338   3.998026    32.6232        539     2.2417     2.0006  0.000e+00
     45.802    14.6380   3.998262    32.6219        540     2.2458     2.0010  0.000e+00
     45.719    14.6438   3.998428    32.6186        541     2.2500     2.0022  0.000e+00
     45.642    14.6499   3.998523    32.6144        542     2.2542     2.0026  0.000e+00
     45.565    14.6547   3.998638    32.6114        543     2.2583     2.0032  0.000e+00
     45.495    14.6592   3.998663    32.6079        544     2.2625     2.0039  0.000e+00
     45.430    14.6619   3.998803    32.6069        545     2.2667     2.0056  0.000e+00
     45.372    14.6644   3.998854    32.6053        546     2.2708     2.0088  0.000e+00
     45.327    14.6665   3.998803    32.6031        547     2.2750     2.0110  0.000e+00
     45.286    14.6675   3.998829    32.6025        548     2.2792     2.0136  0.000e+00
     45.261    14.6679   3.998829    32.6022        549     2.2833     2.0148  0.000e+00
