PC2305/sbe041.cnv
* Sea-Bird SBE 19plus V2 Data File:
* FileName = C:\cruise\data\sbe041.hex
* Software Version Seasave V 7.26.7.121
* Temperature SN = 7142
* Conductivity SN = 7142
* System UpLoad Time = Oct 30 2023 19:26:10
** Cruise: PC2205
** Program: ECOMON
# nquan = 8
# nvalues = 1288                                  
# units = specified
# name 0 = depSM: Depth [salt water, m], lat = 40.00
# name 1 = tv290C: Temperature [ITS-90, deg C]
# name 2 = c0S/m: Conductivity [S/m]
# name 3 = sal00: Salinity, Practical [PSU]
# name 4 = scan: Scan Count
# name 5 = timeM: Time, Elapsed [minutes]
# name 6 = sbeox0V: Oxygen raw, SBE 43 [V]
# name 7 = flag:  0.000e+00
# span 0 =     -0.153,     34.642                 
# span 1 =    18.5443,    20.6139                 
# span 2 =   0.000003,   4.589448                 
# span 3 =     0.0102,    33.6718                 
# span 4 =         11,       1298                 
# span 5 =     0.0417,     5.4042                 
# span 6 =     2.4186,     3.0156                 
# span 7 = 0.0000e+00, 0.0000e+00                 
# interval = seconds: 0.25
# start_time = Oct 30 2023 19:26:10 [System UTC, header]
# bad_flag = -9.990e-29
*END*
[from data line 720]
     16.237    18.7140   4.430793    33.0589        731     3.0417     2.6367  0.000e+00
     16.233    18.7127   4.430793    33.0600        732     3.0458     2.6405  0.000e+00
     16.223    18.7122   4.430693    33.0595        733     3.0500     2.6413  0.000e+00
     16.206    18.7120   4.430640    33.0593        734     3.0542     2.6414  0.000e+00
     16.187    18.7114   4.430720    33.0604        735     3.0583     2.6405  0.000e+00
     16.158    18.7112   4.430820    33.0614        736     3.0625     2.6393  0.000e+00
     16.127    18.7114   4.430620    33.0596        737     3.0667     2.6382  0.000e+00
     16.090    18.7113   4.430573    33.0593        738     3.0708     2.6385  0.000e+00
     16.048    18.7110   4.430487    33.0588        739     3.0750     2.6395  0.000e+00
     16.002    18.7106   4.430567    33.0599        740     3.0792     2.6413  0.000e+00
     15.957    18.7103   4.429975    33.0551        741     3.0833     2.6409  0.000e+00
     15.913    18.7094   4.429443    33.0514        742     3.0875     2.6413  0.000e+00
     15.872    18.7072   4.428957    33.0491        743     3.0917     2.6411  0.000e+00
     15.838    18.7046   4.429030    33.0519        744     3.0958     2.6408  0.000e+00
     15.815    18.7027   4.428904    33.0523        745     3.1000     2.6396  0.000e+00
     15.798    18.7017   4.428471    33.0495        746     3.1042     2.6374  0.000e+00
     15.777    18.7002   4.427474    33.0425        747     3.1083     2.6376  0.000e+00
     15.762    18.6965   4.427294    33.0439        748     3.1125     2.6364  0.000e+00
     15.752    18.6935   4.427268    33.0461        749     3.1167     2.6359  0.000e+00
     15.745    18.6918   4.427294    33.0477        750     3.1208     2.6354  0.000e+00
     15.734    18.6910   4.427088    33.0466        751     3.1250     2.6350  0.000e+00
     15.721    18.6904   4.426836    33.0450        752     3.1292     2.6353  0.000e+00
     15.701    18.6889   4.425585    33.0357        753     3.1333     2.6378  0.000e+00
     15.680    18.6863   4.423717    33.0222        754     3.1375     2.6384  0.000e+00
     15.651    18.6806   4.421703    33.0100        755     3.1417     2.6401  0.000e+00
     15.619    18.6734   4.422135    33.0193        756     3.1458     2.6410  0.000e+00
     15.576    18.6691   4.422009    33.0217        757     3.1500     2.6427  0.000e+00
     15.532    18.6673   4.421344    33.0176        758     3.1542     2.6435  0.000e+00
     15.493    18.6652   4.421477    33.0205        759     3.1583     2.6449  0.000e+00
     15.448    18.6649   4.421218    33.0185        760     3.1625     2.6461  0.000e+00
     15.417    18.6644   4.419384    33.0036        761     3.1667     2.6479  0.000e+00
     15.383    18.6597   4.418440    32.9995        762     3.1708     2.6478  0.000e+00
     15.365    18.6529   4.417636    32.9983        763     3.1750     2.6492  0.000e+00
     15.355    18.6466   4.417164    32.9993        764     3.1792     2.6503  0.000e+00
     15.347    18.6419   4.416606    32.9985        765     3.1833     2.6514  0.000e+00
     15.349    18.6376   4.416553    33.0014        766     3.1875     2.6499  0.000e+00
     15.349    18.6350   4.416374    33.0020        767     3.1917     2.6500  0.000e+00
     15.356    18.6334   4.416301    33.0027        768     3.1958     2.6510  0.000e+00
     15.353    18.6321   4.415052    32.9933        769     3.2000     2.6521  0.000e+00
     15.356    18.6288   4.414315    32.9898        770     3.2042     2.6534  0.000e+00
     15.355    18.6243   4.413983    32.9906        771     3.2083     2.6533  0.000e+00
     15.346    18.6209   4.412787    32.9834        772     3.2125     2.6530  0.000e+00
     15.338    18.6163   4.412336    32.9832        773     3.2167     2.6542  0.000e+00
     15.320    18.6117   4.411592    32.9807        774     3.2208     2.6536  0.000e+00
     15.293    18.6078   4.411034    32.9792        775     3.2250     2.6547  0.000e+00
     15.259    18.6035   4.410981    32.9822        776     3.2292     2.6553  0.000e+00
     15.225    18.6011   4.410729    32.9820        777     3.2333     2.6579  0.000e+00
     15.191    18.5990   4.410423    32.9811        778     3.2375     2.6582  0.000e+00
     15.162    18.5971   4.410497    32.9833        779     3.2417     2.6600  0.000e+00
     15.132    18.5959   4.410470    32.9841        780     3.2458     2.6627  0.000e+00
     15.099    18.5954   4.410450    32.9843        781     3.2500     2.6671  0.000e+00
     15.072    18.5950   4.410530    32.9853        782     3.2542     2.6666  0.000e+00
     15.049    18.5949   4.410523    32.9853        783     3.2583     2.6678  0.000e+00
     15.033    18.5950   4.410450    32.9846        784     3.2625     2.6658  0.000e+00
     15.024    18.5950   4.410450    32.9846        785     3.2667     2.6633  0.000e+00
     15.024    18.5946   4.410423    32.9848        786     3.2708     2.6632  0.000e+00
     15.031    18.5945   4.410370    32.9844        787     3.2750     2.6634  0.000e+00
     15.036    18.5942   4.410470    32.9854        788     3.2792     2.6659  0.000e+00
     15.042    18.5941   4.410370    32.9847        789     3.2833     2.6671  0.000e+00
     15.044    18.5939   4.410218    32.9836        790     3.2875     2.6652  0.000e+00
     15.036    18.5935   4.410317    32.9847        791     3.2917     2.6626  0.000e+00
     15.020    18.5934   4.410550    32.9867        792     3.2958     2.6672  0.000e+00
     15.002    18.5939   4.409992    32.9817        793     3.3000     2.6677  0.000e+00
     14.984    18.5934   4.409759    32.9801        794     3.3042     2.6684  0.000e+00
     14.963    18.5926   4.409886    32.9818        795     3.3083     2.6690  0.000e+00
     14.943    18.5924   4.409912    32.9823        796     3.3125     2.6701  0.000e+00
     14.912    18.5928   4.409886    32.9817        797     3.3167     2.6699  0.000e+00
     14.886    18.5934   4.409839    32.9808        798     3.3208     2.6702  0.000e+00
     14.860    18.5933   4.410078    32.9829        799     3.3250     2.6715  0.000e+00
     14.833    18.5946   4.410164    32.9826        800     3.3292     2.6723  0.000e+00
     14.803    18.5960   4.410038    32.9805        801     3.3333     2.6725  0.000e+00
     14.772    18.5966   4.409713    32.9773        802     3.3375     2.6735  0.000e+00
     14.745    18.5960   4.409122    32.9728        803     3.3417     2.6743  0.000e+00
     14.729    18.5942   4.408923    32.9726        804     3.3458     2.6754  0.000e+00
     14.709    18.5926   4.408671    32.9718        805     3.3500     2.6756  0.000e+00
     14.697    18.5909   4.408691    32.9733        806     3.3542     2.6768  0.000e+00
     14.677    18.5899   4.408438    32.9720        807     3.3583     2.6783  0.000e+00
     14.668    18.5890   4.408538    32.9736        808     3.3625     2.6794  0.000e+00
     14.659    18.5885   4.408491    32.9735        809     3.3667     2.6789  0.000e+00
     14.648    18.5884   4.408412    32.9730        810     3.3708     2.6789  0.000e+00
     14.641    18.5879   4.408339    32.9728        811     3.3750     2.6789  0.000e+00
     14.636    18.5874   4.408385    32.9736        812     3.3792     2.6795  0.000e+00
     14.627    18.5871   4.408385    32.9738        813     3.3833     2.6797  0.000e+00
     14.612    18.5872   4.408365    32.9736        814     3.3875     2.6789  0.000e+00
     14.605    18.5869   4.408339    32.9736        815     3.3917     2.6782  0.000e+00
     14.600    18.5865   4.408325    32.9738        816     3.3958     2.6782  0.000e+00
     14.591    18.5865   4.408286    32.9734        817     3.4000     2.6781  0.000e+00
     14.582    18.5865   4.408339    32.9739        818     3.4042     2.6797  0.000e+00
     14.573    18.5866   4.408385    32.9742        819     3.4083     2.6801  0.000e+00
     14.555    18.5869   4.408438    32.9745        820     3.4125     2.6800  0.000e+00
     14.544    18.5874   4.408465    32.9743        821     3.4167     2.6784  0.000e+00
     14.528    18.5879   4.408518    32.9743        822     3.4208     2.6772  0.000e+00
     14.510    18.5880   4.408538    32.9744        823     3.4250     2.6769  0.000e+00
     14.483    18.5885   4.408690    32.9753        824     3.4292     2.6770  0.000e+00
     14.461    18.5893   4.408856    32.9760        825     3.4333     2.6785  0.000e+00
     14.438    18.5906   4.409202    32.9780        826     3.4375     2.6798  0.000e+00
     14.422    18.5924   4.409560    32.9795        827     3.4417     2.6797  0.000e+00
     14.404    18.5949   4.409713    32.9788        828     3.4458     2.6802  0.000e+00
     14.388    18.5972   4.409885    32.9784        829     3.4500     2.6808  0.000e+00
     14.373    18.5990   4.409992    32.9778        830     3.4542     2.6812  0.000e+00
     14.357    18.6005   4.409992    32.9766        831     3.4583     2.6814  0.000e+00
     14.346    18.6014   4.409938    32.9754        832     3.4625     2.6824  0.000e+00
     14.327    18.6019   4.409786    32.9738        833     3.4667     2.6836  0.000e+00
     14.303    18.6014   4.409334    32.9705        834     3.4708     2.6844  0.000e+00
     14.285    18.6001   4.409201    32.9703        835     3.4750     2.6846  0.000e+00
     14.264    18.5989   4.409660    32.9752        836     3.4792     2.6849  0.000e+00
     14.235    18.5990   4.409533    32.9740        837     3.4833     2.6849  0.000e+00
     14.206    18.5988   4.409686    32.9755        838     3.4875     2.6859  0.000e+00
     14.185    18.5987   4.409686    32.9755        839     3.4917     2.6859  0.000e+00
     14.165    18.5989   4.409560    32.9744        840     3.4958     2.6852  0.000e+00
     14.149    18.5985   4.409507    32.9743        841     3.5000     2.6851  0.000e+00
     14.134    18.5982   4.409361    32.9733        842     3.5042     2.6846  0.000e+00
     14.125    18.5973   4.409075    32.9716        843     3.5083     2.6836  0.000e+00
     14.120    18.5957   4.408823    32.9708        844     3.5125     2.6831  0.000e+00
     14.109    18.5937   4.408591    32.9705        845     3.5167     2.6833  0.000e+00
     14.106    18.5918   4.408518    32.9714        846     3.5208     2.6828  0.000e+00
     14.084    18.5899   4.408617    32.9737        847     3.5250     2.6830  0.000e+00
     14.071    18.5896   4.408796    32.9755        848     3.5292     2.6836  0.000e+00
     14.046    18.5901   4.408976    32.9766        849     3.5333     2.6830  0.000e+00
     14.025    18.5911   4.409228    32.9779        850     3.5375     2.6824  0.000e+00
     14.001    18.5929   4.409520    32.9789        851     3.5417     2.6820  0.000e+00
     13.978    18.5951   4.409812    32.9796        852     3.5458     2.6815  0.000e+00
     13.956    18.5978   4.409912    32.9783        853     3.5500     2.6803  0.000e+00
     13.940    18.5995   4.409912    32.9769        854     3.5542     2.6795  0.000e+00
     13.926    18.6005   4.409686    32.9742        855     3.5583     2.6812  0.000e+00
     13.908    18.6007   4.409380    32.9716        856     3.5625     2.6802  0.000e+00
     13.894    18.5996   4.409274    32.9715        857     3.5667     2.6811  0.000e+00
     13.872    18.5987   4.409201    32.9716        858     3.5708     2.6814  0.000e+00
     13.847    18.5983   4.409361    32.9733        859     3.5750     2.6819  0.000e+00
     13.811    18.5992   4.409507    32.9738        860     3.5792     2.6827  0.000e+00
     13.773    18.6007   4.409991    32.9767        861     3.5833     2.6841  0.000e+00
     13.732    18.6037   4.411233    32.9847        862     3.5875     2.6840  0.000e+00
     13.685    18.6104   4.412913    32.9934        863     3.5917     2.6844  0.000e+00
     13.642    18.6213   4.413271    32.9877        864     3.5958     2.6840  0.000e+00
     13.602    18.6301   4.413318    32.9810        865     3.6000     2.6821  0.000e+00
     13.570    18.6353   4.413371    32.9774        866     3.6042     2.6815  0.000e+00
     13.550    18.6379   4.413165    32.9735        867     3.6083     2.6831  0.000e+00
     13.547    18.6383   4.413158    32.9731        868     3.6125     2.6831  0.000e+00
     13.552    18.6381   4.413118    32.9730        869     3.6167     2.6832  0.000e+00
     13.574    18.6381   4.413065    32.9725        870     3.6208     2.6833  0.000e+00
     13.604    18.6379   4.413145    32.9734        871     3.6250     2.6834  0.000e+00
     13.624    18.6378   4.413118    32.9732        872     3.6292     2.6847  0.000e+00
     13.646    18.6377   4.412992    32.9722        873     3.6333     2.6840  0.000e+00
     13.656    18.6374   4.412886    32.9716        874     3.6375     2.6833  0.000e+00
     13.656    18.6368   4.413039    32.9734        875     3.6417     2.6836  0.000e+00
     13.642    18.6368   4.413271    32.9753        876     3.6458     2.6838  0.000e+00
     13.626    18.6375   4.413577    32.9772        877     3.6500     2.6838  0.000e+00
     13.597    18.6391   4.413663    32.9767        878     3.6542     2.6843  0.000e+00
     13.566    18.6409   4.413829    32.9767        879     3.6583     2.6833  0.000e+00
     13.531    18.6422   4.413882    32.9761        880     3.6625     2.6821  0.000e+00
     13.477    18.6435   4.414108    32.9770        881     3.6667     2.6834  0.000e+00
     13.432    18.6445   4.414061    32.9758        882     3.6708     2.6855  0.000e+00
     13.376    18.6455   4.414061    32.9750        883     3.6750     2.6867  0.000e+00
     13.324    18.6457   4.413982    32.9742        884     3.6792     2.6875  0.000e+00
     13.268    18.6460   4.414081    32.9748        885     3.6833     2.6892  0.000e+00
     13.225    18.6460   4.414134    32.9753        886     3.6875     2.6895  0.000e+00
     13.198    18.6464   4.414114    32.9748        887     3.6917     2.6895  0.000e+00
     13.177    18.6466   4.414134    32.9748        888     3.6958     2.6871  0.000e+00
     13.169    18.6469   4.414161    32.9748        889     3.7000     2.6872  0.000e+00
     13.164    18.6471   4.414161    32.9746        890     3.7042     2.6864  0.000e+00
     13.155    18.6470   4.414234    32.9753        891     3.7083     2.6869  0.000e+00
     13.146    18.6472   4.414234    32.9752        892     3.7125     2.6891  0.000e+00
     13.130    18.6477   4.414234    32.9748        893     3.7167     2.6895  0.000e+00
     13.114    18.6477   4.414214    32.9746        894     3.7208     2.6915  0.000e+00
     13.085    18.6475   4.414214    32.9748        895     3.7250     2.6923  0.000e+00
     13.049    18.6476   4.414035    32.9733        896     3.7292     2.6941  0.000e+00
     13.009    18.6473   4.413370    32.9679        897     3.7333     2.6949  0.000e+00
     12.972    18.6459   4.413164    32.9673        898     3.7375     2.6967  0.000e+00
     12.932    18.6445   4.413091    32.9679        899     3.7417     2.6978  0.000e+00
     12.900    18.6437   4.413065    32.9683        900     3.7458     2.6997  0.000e+00
     12.882    18.6432   4.413012    32.9683        901     3.7500     2.6985  0.000e+00
     12.873    18.6429   4.412992    32.9683        902     3.7542     2.6957  0.000e+00
     12.875    18.6427   4.413012    32.9687        903     3.7583     2.6933  0.000e+00
     12.884    18.6427   4.413038    32.9689        904     3.7625     2.6918  0.000e+00
     12.889    18.6425   4.413012    32.9688        905     3.7667     2.6914  0.000e+00
     12.894    18.6426   4.412945    32.9682        906     3.7708     2.6924  0.000e+00
     12.891    18.6424   4.412939    32.9683        907     3.7750     2.6933  0.000e+00
     12.889    18.6423   4.412992    32.9688        908     3.7792     2.6935  0.000e+00
