PC2305/sbe066.cnv
* Sea-Bird SBE 19plus V2 Data File:
* FileName = C:\cruise\data\sbe066.hex
* Software Version Seasave V 7.26.7.121
* Temperature SN = 7142
* Conductivity SN = 7142
* System UpLoad Time = Nov 02 2023 17:39:59
** Cruise: PC2205
** Program: ECOMON
# nquan = 8
# nvalues = 1498                                  
# units = specified
# name 0 = depSM: Depth [salt water, m], lat = 40.00
# name 1 = tv290C: Temperature [ITS-90, deg C]
# name 2 = c0S/m: Conductivity [S/m]
# name 3 = sal00: Salinity, Practical [PSU]
# name 4 = scan: Scan Count
# name 5 = timeM: Time, Elapsed [minutes]
# name 6 = sbeox0V: Oxygen raw, SBE 43 [V]
# name 7 = flag:  0.000e+00
# span 0 =      0.096,     33.477                 
# span 1 =    11.4963,    16.0590                 
# span 2 =   0.000054,   4.075509                 
# span 3 =     0.0060,    33.0456                 
# span 4 =         11,       1508                 
# span 5 =     0.0417,     6.2792                 
# span 6 =     2.1204,     3.0698                 
# span 7 = 0.0000e+00, 0.0000e+00                 
# interval = seconds: 0.25
# start_time = Nov 02 2023 17:39:59 [System UTC, header]
# bad_flag = -9.990e-29
*END*
[from data line 540]
     28.398    16.0434   4.074937    32.1558        551     2.2917     2.7719  0.000e+00
     28.362    16.0433   4.074937    32.1559        552     2.2958     2.7722  0.000e+00
     28.332    16.0434   4.074892    32.1554        553     2.3000     2.7722  0.000e+00
     28.292    16.0434   4.074841    32.1550        554     2.3042     2.7726  0.000e+00
     28.256    16.0436   4.074841    32.1549        555     2.3083     2.7712  0.000e+00
     28.219    16.0436   4.074815    32.1547        556     2.3125     2.7716  0.000e+00
     28.179    16.0436   4.074841    32.1549        557     2.3167     2.7709  0.000e+00
     28.134    16.0437   4.074815    32.1546        558     2.3208     2.7695  0.000e+00
     28.087    16.0437   4.074815    32.1546        559     2.3250     2.7685  0.000e+00
     28.043    16.0436   4.074866    32.1552        560     2.3292     2.7678  0.000e+00
     27.994    16.0436   4.074892    32.1554        561     2.3333     2.7678  0.000e+00
     27.940    16.0435   4.074847    32.1551        562     2.3375     2.7689  0.000e+00
     27.884    16.0434   4.074866    32.1554        563     2.3417     2.7699  0.000e+00
     27.823    16.0436   4.074815    32.1548        564     2.3458     2.7702  0.000e+00
     27.766    16.0436   4.074815    32.1548        565     2.3500     2.7714  0.000e+00
     27.706    16.0436   4.074840    32.1551        566     2.3542     2.7715  0.000e+00
     27.651    16.0437   4.074815    32.1548        567     2.3583     2.7709  0.000e+00
     27.591    16.0436   4.074840    32.1551        568     2.3625     2.7709  0.000e+00
     27.539    16.0436   4.074795    32.1547        569     2.3667     2.7701  0.000e+00
     27.493    16.0438   4.074815    32.1548        570     2.3708     2.7708  0.000e+00
     27.442    16.0437   4.074770    32.1544        571     2.3750     2.7714  0.000e+00
     27.405    16.0438   4.074750    32.1542        572     2.3792     2.7709  0.000e+00
     27.367    16.0438   4.074744    32.1542        573     2.3833     2.7705  0.000e+00
     27.336    16.0438   4.074744    32.1542        574     2.3875     2.7705  0.000e+00
     27.304    16.0436   4.074718    32.1541        575     2.3917     2.7701  0.000e+00
     27.273    16.0437   4.074718    32.1540        576     2.3958     2.7706  0.000e+00
     27.245    16.0438   4.074699    32.1538        577     2.4000     2.7701  0.000e+00
     27.214    16.0436   4.074718    32.1541        578     2.4042     2.7696  0.000e+00
     27.183    16.0437   4.074795    32.1548        579     2.4083     2.7699  0.000e+00
     27.149    16.0436   4.074814    32.1551        580     2.4125     2.7704  0.000e+00
     27.113    16.0437   4.074866    32.1554        581     2.4167     2.7703  0.000e+00
     27.074    16.0436   4.074866    32.1555        582     2.4208     2.7719  0.000e+00
     27.031    16.0435   4.074840    32.1554        583     2.4250     2.7733  0.000e+00
     26.984    16.0436   4.074840    32.1554        584     2.4292     2.7745  0.000e+00
     26.932    16.0433   4.074866    32.1558        585     2.4333     2.7742  0.000e+00
     26.887    16.0433   4.074866    32.1558        586     2.4375     2.7745  0.000e+00
     26.842    16.0433   4.074795    32.1552        587     2.4417     2.7737  0.000e+00
     26.790    16.0434   4.074795    32.1552        588     2.4458     2.7737  0.000e+00
     26.743    16.0434   4.074814    32.1553        589     2.4500     2.7734  0.000e+00
     26.687    16.0436   4.074840    32.1554        590     2.4542     2.7732  0.000e+00
     26.635    16.0436   4.074814    32.1553        591     2.4583     2.7743  0.000e+00
     26.581    16.0436   4.074821    32.1553        592     2.4625     2.7736  0.000e+00
     26.522    16.0436   4.074840    32.1555        593     2.4667     2.7727  0.000e+00
     26.470    16.0436   4.074814    32.1553        594     2.4708     2.7716  0.000e+00
     26.413    16.0436   4.074795    32.1552        595     2.4750     2.7723  0.000e+00
     26.362    16.0436   4.074769    32.1550        596     2.4792     2.7729  0.000e+00
     26.305    16.0436   4.074769    32.1549        597     2.4833     2.7727  0.000e+00
     26.256    16.0437   4.074795    32.1551        598     2.4875     2.7716  0.000e+00
     26.202    16.0438   4.074814    32.1552        599     2.4917     2.7717  0.000e+00
     26.152    16.0438   4.074769    32.1548        600     2.4958     2.7714  0.000e+00
     26.096    16.0439   4.074750    32.1546        601     2.5000     2.7711  0.000e+00
     26.048    16.0439   4.074769    32.1548        602     2.5042     2.7712  0.000e+00
     26.005    16.0440   4.074743    32.1545        603     2.5083     2.7710  0.000e+00
     25.961    16.0441   4.074743    32.1544        604     2.5125     2.7714  0.000e+00
     25.920    16.0441   4.074743    32.1544        605     2.5167     2.7723  0.000e+00
     25.888    16.0441   4.074743    32.1545        606     2.5208     2.7734  0.000e+00
     25.852    16.0442   4.074795    32.1549        607     2.5250     2.7735  0.000e+00
     25.810    16.0442   4.074717    32.1542        608     2.5292     2.7743  0.000e+00
     25.771    16.0440   4.074621    32.1535        609     2.5333     2.7735  0.000e+00
     25.730    16.0441   4.074717    32.1543        610     2.5375     2.7745  0.000e+00
     25.694    16.0441   4.074705    32.1542        611     2.5417     2.7743  0.000e+00
     25.651    16.0442   4.074743    32.1545        612     2.5458     2.7726  0.000e+00
     25.604    16.0441   4.074717    32.1543        613     2.5500     2.7737  0.000e+00
     25.555    16.0441   4.074769    32.1548        614     2.5542     2.7731  0.000e+00
     25.507    16.0440   4.074794    32.1552        615     2.5583     2.7732  0.000e+00
     25.451    16.0440   4.074794    32.1551        616     2.5625     2.7742  0.000e+00
     25.404    16.0440   4.074769    32.1550        617     2.5667     2.7747  0.000e+00
     25.359    16.0441   4.074769    32.1549        618     2.5708     2.7746  0.000e+00
     25.309    16.0443   4.074743    32.1545        619     2.5750     2.7749  0.000e+00
     25.271    16.0442   4.074743    32.1546        620     2.5792     2.7730  0.000e+00
     25.230    16.0441   4.074704    32.1544        621     2.5833     2.7726  0.000e+00
     25.201    16.0443   4.074717    32.1544        622     2.5875     2.7711  0.000e+00
     25.176    16.0444   4.074743    32.1545        623     2.5917     2.7717  0.000e+00
     25.153    16.0443   4.074769    32.1548        624     2.5958     2.7722  0.000e+00
     25.129    16.0443   4.074794    32.1550        625     2.6000     2.7735  0.000e+00
     25.106    16.0443   4.074743    32.1546        626     2.6042     2.7727  0.000e+00
     25.086    16.0443   4.074743    32.1546        627     2.6083     2.7712  0.000e+00
     25.066    16.0443   4.074743    32.1546        628     2.6125     2.7706  0.000e+00
     25.036    16.0443   4.074743    32.1546        629     2.6167     2.7709  0.000e+00
     25.009    16.0442   4.074717    32.1545        630     2.6208     2.7713  0.000e+00
     24.975    16.0441   4.074775    32.1551        631     2.6250     2.7736  0.000e+00
     24.937    16.0443   4.074698    32.1543        632     2.6292     2.7746  0.000e+00
     24.905    16.0443   4.074672    32.1541        633     2.6333     2.7736  0.000e+00
     24.862    16.0442   4.074698    32.1544        634     2.6375     2.7756  0.000e+00
     24.815    16.0440   4.074595    32.1536        635     2.6417     2.7755  0.000e+00
     24.770    16.0440   4.074743    32.1549        636     2.6458     2.7763  0.000e+00
     24.714    16.0439   4.074743    32.1551        637     2.6500     2.7769  0.000e+00
     24.658    16.0440   4.074717    32.1547        638     2.6542     2.7764  0.000e+00
     24.592    16.0439   4.074717    32.1549        639     2.6583     2.7749  0.000e+00
     24.520    16.0440   4.074730    32.1549        640     2.6625     2.7764  0.000e+00
     24.452    16.0440   4.074743    32.1550        641     2.6667     2.7746  0.000e+00
     24.366    16.0443   4.074717    32.1547        642     2.6708     2.7722  0.000e+00
     24.288    16.0443   4.074717    32.1546        643     2.6750     2.7733  0.000e+00
     24.215    16.0443   4.074717    32.1547        644     2.6792     2.7727  0.000e+00
     24.137    16.0444   4.074717    32.1546        645     2.6833     2.7739  0.000e+00
     24.062    16.0443   4.074717    32.1547        646     2.6875     2.7749  0.000e+00
     23.992    16.0443   4.074717    32.1547        647     2.6917     2.7749  0.000e+00
     23.934    16.0443   4.074717    32.1548        648     2.6958     2.7756  0.000e+00
     23.871    16.0442   4.074717    32.1549        649     2.7000     2.7756  0.000e+00
     23.823    16.0442   4.074704    32.1548        650     2.7042     2.7739  0.000e+00
     23.781    16.0443   4.074697    32.1546        651     2.7083     2.7723  0.000e+00
     23.747    16.0441   4.074717    32.1550        652     2.7125     2.7728  0.000e+00
     23.726    16.0443   4.074742    32.1551        653     2.7167     2.7717  0.000e+00
     23.710    16.0440   4.074717    32.1551        654     2.7208     2.7728  0.000e+00
     23.704    16.0441   4.074742    32.1553        655     2.7250     2.7732  0.000e+00
     23.702    16.0441   4.074717    32.1550        656     2.7292     2.7735  0.000e+00
     23.713    16.0440   4.074717    32.1551        657     2.7333     2.7740  0.000e+00
     23.717    16.0442   4.074717    32.1550        658     2.7375     2.7746  0.000e+00
     23.731    16.0441   4.074717    32.1550        659     2.7417     2.7743  0.000e+00
     23.740    16.0441   4.074704    32.1549        660     2.7458     2.7739  0.000e+00
     23.751    16.0443   4.074717    32.1549        661     2.7500     2.7738  0.000e+00
     23.753    16.0443   4.074717    32.1548        662     2.7542     2.7732  0.000e+00
     23.753    16.0443   4.074697    32.1547        663     2.7583     2.7739  0.000e+00
     23.744    16.0443   4.074697    32.1547        664     2.7625     2.7742  0.000e+00
     23.729    16.0444   4.074697    32.1546        665     2.7667     2.7759  0.000e+00
     23.708    16.0443   4.074768    32.1553        666     2.7708     2.7761  0.000e+00
     23.675    16.0442   4.074768    32.1554        667     2.7750     2.7750  0.000e+00
     23.640    16.0441   4.074742    32.1553        668     2.7792     2.7746  0.000e+00
     23.600    16.0443   4.074742    32.1552        669     2.7833     2.7749  0.000e+00
     23.548    16.0441   4.074729    32.1552        670     2.7875     2.7742  0.000e+00
     23.494    16.0442   4.074717    32.1550        671     2.7917     2.7753  0.000e+00
     23.436    16.0443   4.074742    32.1552        672     2.7958     2.7753  0.000e+00
     23.374    16.0442   4.074717    32.1551        673     2.8000     2.7746  0.000e+00
     23.307    16.0443   4.074697    32.1549        674     2.8042     2.7749  0.000e+00
     23.233    16.0444   4.074697    32.1548        675     2.8083     2.7746  0.000e+00
     23.167    16.0447   4.074716    32.1548        676     2.8125     2.7753  0.000e+00
     23.097    16.0446   4.074697    32.1547        677     2.8167     2.7763  0.000e+00
     23.020    16.0446   4.074697    32.1547        678     2.8208     2.7773  0.000e+00
     22.942    16.0446   4.074697    32.1548        679     2.8250     2.7774  0.000e+00
     22.858    16.0445   4.074684    32.1547        680     2.8292     2.7782  0.000e+00
     22.779    16.0447   4.074671    32.1545        681     2.8333     2.7769  0.000e+00
     22.692    16.0447   4.074671    32.1546        682     2.8375     2.7776  0.000e+00
     22.613    16.0447   4.074697    32.1548        683     2.8417     2.7793  0.000e+00
     22.543    16.0446   4.074671    32.1547        684     2.8458     2.7804  0.000e+00
     22.470    16.0445   4.074645    32.1545        685     2.8500     2.7805  0.000e+00
     22.408    16.0445   4.074645    32.1546        686     2.8542     2.7820  0.000e+00
     22.360    16.0443   4.074645    32.1548        687     2.8583     2.7817  0.000e+00
     22.319    16.0442   4.074645    32.1549        688     2.8625     2.7807  0.000e+00
     22.290    16.0442   4.074639    32.1548        689     2.8667     2.7798  0.000e+00
     22.274    16.0443   4.074645    32.1547        690     2.8708     2.7801  0.000e+00
     22.265    16.0441   4.074645    32.1549        691     2.8750     2.7811  0.000e+00
     22.259    16.0442   4.074645    32.1549        692     2.8792     2.7811  0.000e+00
     22.267    16.0443   4.074645    32.1548        693     2.8833     2.7819  0.000e+00
     22.268    16.0443   4.074645    32.1547        694     2.8875     2.7821  0.000e+00
     22.277    16.0443   4.074620    32.1545        695     2.8917     2.7806  0.000e+00
     22.283    16.0442   4.074549    32.1540        696     2.8958     2.7801  0.000e+00
     22.284    16.0444   4.074671    32.1549        697     2.9000     2.7796  0.000e+00
     22.288    16.0446   4.074645    32.1545        698     2.9042     2.7804  0.000e+00
     22.283    16.0443   4.074639    32.1547        699     2.9083     2.7800  0.000e+00
     22.277    16.0446   4.074645    32.1545        700     2.9125     2.7799  0.000e+00
     22.272    16.0447   4.074645    32.1545        701     2.9167     2.7815  0.000e+00
     22.259    16.0447   4.074671    32.1546        702     2.9208     2.7807  0.000e+00
     22.245    16.0447   4.074645    32.1544        703     2.9250     2.7802  0.000e+00
     22.232    16.0448   4.074645    32.1544        704     2.9292     2.7793  0.000e+00
     22.214    16.0450   4.074620    32.1540        705     2.9333     2.7788  0.000e+00
     22.193    16.0449   4.074645    32.1543        706     2.9375     2.7786  0.000e+00
     22.171    16.0449   4.074620    32.1541        707     2.9417     2.7791  0.000e+00
     22.152    16.0451   4.074645    32.1542        708     2.9458     2.7772  0.000e+00
     22.117    16.0448   4.074639    32.1544        709     2.9500     2.7769  0.000e+00
     22.089    16.0449   4.074671    32.1546        710     2.9542     2.7755  0.000e+00
     22.049    16.0450   4.074620    32.1541        711     2.9583     2.7750  0.000e+00
     22.010    16.0450   4.074645    32.1543        712     2.9625     2.7750  0.000e+00
     21.966    16.0451   4.074645    32.1542        713     2.9667     2.7760  0.000e+00
     21.914    16.0451   4.074645    32.1542        714     2.9708     2.7762  0.000e+00
     21.850    16.0450   4.074645    32.1544        715     2.9750     2.7768  0.000e+00
     21.783    16.0448   4.074620    32.1543        716     2.9792     2.7789  0.000e+00
     21.715    16.0447   4.074619    32.1545        717     2.9833     2.7808  0.000e+00
     21.652    16.0446   4.074619    32.1545        718     2.9875     2.7815  0.000e+00
     21.573    16.0446   4.074587    32.1543        719     2.9917     2.7814  0.000e+00
     21.514    16.0446   4.074594    32.1544        720     2.9958     2.7816  0.000e+00
     21.452    16.0444   4.074594    32.1545        721     3.0000     2.7823  0.000e+00
     21.393    16.0445   4.074619    32.1547        722     3.0042     2.7807  0.000e+00
     21.345    16.0445   4.074594    32.1545        723     3.0083     2.7807  0.000e+00
     21.307    16.0447   4.074574    32.1542        724     3.0125     2.7798  0.000e+00
     21.269    16.0446   4.074594    32.1545        725     3.0167     2.7802  0.000e+00
     21.242    16.0448   4.074574    32.1541        726     3.0208     2.7799  0.000e+00
     21.212    16.0448   4.074549    32.1539        727     3.0250     2.7800  0.000e+00
     21.188    16.0450   4.074574    32.1540        728     3.0292     2.7788  0.000e+00
     21.161    16.0450   4.074568    32.1540        729     3.0333     2.7773  0.000e+00
