PC2305/sbe004.cnv
* Sea-Bird SBE 19plus V2 Data File:
* FileName = C:\cruise\data\sbe004.hex
* Software Version Seasave V 7.26.7.121
* Temperature SN = 7142
* Conductivity SN = 7142
* System UpLoad Time = Oct 27 2023 19:01:36
** Cruise: PC2205
** Program: ECOMON
# nquan = 8
# nvalues = 1126                                  
# units = specified
# name 0 = depSM: Depth [salt water, m], lat = 40.00
# name 1 = tv290C: Temperature [ITS-90, deg C]
# name 2 = c0S/m: Conductivity [S/m]
# name 3 = sal00: Salinity, Practical [PSU]
# name 4 = scan: Scan Count
# name 5 = timeM: Time, Elapsed [minutes]
# name 6 = sbeox0V: Oxygen raw, SBE 43 [V]
# name 7 = flag:  0.000e+00
# span 0 =     -0.037,     47.760                 
# span 1 =    15.0257,    16.7990                 
# span 2 =   0.000040,   4.025603                 
# span 3 =     0.0085,    32.0333                 
# span 4 =         11,       1136                 
# span 5 =     0.0417,     4.7292                 
# span 6 =     1.9182,     2.9985                 
# span 7 = 0.0000e+00, 0.0000e+00                 
# interval = seconds: 0.25
# start_time = Oct 27 2023 19:01:36 [System UTC, header]
# bad_flag = -9.990e-29
*END*
[from data line 720]
     19.180    15.6720   3.984164    31.6571        731     3.0417     2.8224  0.000e+00
     19.132    15.6728   3.984164    31.6565        732     3.0458     2.8224  0.000e+00
     19.078    15.6735   3.984241    31.6567        733     3.0500     2.8240  0.000e+00
     19.020    15.6738   3.984260    31.6566        734     3.0542     2.8251  0.000e+00
     18.954    15.6744   3.984260    31.6561        735     3.0583     2.8266  0.000e+00
     18.889    15.6747   3.984521    31.6582        736     3.0625     2.8272  0.000e+00
     18.821    15.6756   3.984686    31.6590        737     3.0667     2.8266  0.000e+00
     18.749    15.6768   3.984731    31.6585        738     3.0708     2.8276  0.000e+00
     18.672    15.6780   3.984546    31.6559        739     3.0750     2.8276  0.000e+00
     18.601    15.6784   3.984546    31.6556        740     3.0792     2.8285  0.000e+00
     18.531    15.6782   3.984546    31.6558        741     3.0833     2.8286  0.000e+00
     18.461    15.6781   3.984635    31.6567        742     3.0875     2.8309  0.000e+00
     18.398    15.6784   3.984673    31.6568        743     3.0917     2.8314  0.000e+00
     18.341    15.6788   3.984686    31.6566        744     3.0958     2.8321  0.000e+00
     18.283    15.6791   3.984705    31.6566        745     3.1000     2.8334  0.000e+00
     18.231    15.6793   3.984940    31.6585        746     3.1042     2.8340  0.000e+00
     18.179    15.6803   3.984775    31.6563        747     3.1083     2.8340  0.000e+00
     18.138    15.6805   3.984845    31.6567        748     3.1125     2.8345  0.000e+00
     18.095    15.6807   3.985061    31.6585        749     3.1167     2.8354  0.000e+00
     18.050    15.6815   3.985342    31.6604        750     3.1208     2.8363  0.000e+00
     18.010    15.6830   3.985297    31.6588        751     3.1250     2.8363  0.000e+00
     17.969    15.6838   3.985609    31.6609        752     3.1292     2.8366  0.000e+00
     17.928    15.6851   3.985813    31.6617        753     3.1333     2.8363  0.000e+00
     17.892    15.6869   3.985787    31.6600        754     3.1375     2.8385  0.000e+00
     17.852    15.6883   3.986163    31.6622        755     3.1417     2.8389  0.000e+00
     17.813    15.6899   3.986844    31.6670        756     3.1458     2.8382  0.000e+00
     17.775    15.6929   3.985953    31.6567        757     3.1500     2.8377  0.000e+00
     17.733    15.6934   3.986965    31.6653        758     3.1542     2.8395  0.000e+00
     17.694    15.6949   3.987806    31.6716        759     3.1583     2.8401  0.000e+00
     17.656    15.6997   3.988372    31.6728        760     3.1625     2.8408  0.000e+00
     17.620    15.7047   3.988022    31.6656        761     3.1667     2.8428  0.000e+00
     17.588    15.7077   3.988022    31.6633        762     3.1708     2.8444  0.000e+00
     17.559    15.7081   3.988347    31.6658        763     3.1750     2.8451  0.000e+00
     17.534    15.7095   3.988468    31.6658        764     3.1792     2.8474  0.000e+00
     17.503    15.7107   3.988328    31.6635        765     3.1833     2.8506  0.000e+00
     17.473    15.7114   3.988277    31.6626        766     3.1875     2.8534  0.000e+00
     17.441    15.7111   3.988512    31.6649        767     3.1917     2.8527  0.000e+00
     17.410    15.7118   3.988417    31.6635        768     3.1958     2.8591  0.000e+00
     17.376    15.7122   3.988372    31.6628        769     3.2000     2.8555  0.000e+00
     17.336    15.7121   3.988372    31.6629        770     3.2042     2.8576  0.000e+00
     17.297    15.7121   3.988366    31.6629        771     3.2083     2.8583  0.000e+00
     17.250    15.7119   3.988347    31.6629        772     3.2125     2.8596  0.000e+00
     17.198    15.7119   3.988487    31.6641        773     3.2167     2.8600  0.000e+00
     17.144    15.7122   3.988468    31.6637        774     3.2208     2.8608  0.000e+00
     17.092    15.7125   3.988608    31.6648        775     3.2250     2.8598  0.000e+00
     17.040    15.7130   3.988582    31.6642        776     3.2292     2.8593  0.000e+00
     16.988    15.7133   3.988582    31.6640        777     3.2333     2.8589  0.000e+00
     16.943    15.7137   3.988913    31.6665        778     3.2375     2.8591  0.000e+00
     16.896    15.7146   3.988888    31.6656        779     3.2417     2.8606  0.000e+00
     16.855    15.7157   3.988582    31.6621        780     3.2458     2.8607  0.000e+00
     16.815    15.7155   3.988856    31.6647        781     3.2500     2.8596  0.000e+00
     16.774    15.7155   3.988792    31.6641        782     3.2542     2.8589  0.000e+00
     16.736    15.7159   3.988869    31.6645        783     3.2583     2.8604  0.000e+00
     16.697    15.7160   3.989289    31.6682        784     3.2625     2.8604  0.000e+00
     16.657    15.7171   3.989289    31.6672        785     3.2667     2.8626  0.000e+00
     16.610    15.7188   3.989315    31.6662        786     3.2708     2.8638  0.000e+00
     16.564    15.7197   3.989219    31.6646        787     3.2750     2.8641  0.000e+00
     16.522    15.7199   3.989123    31.6636        788     3.2792     2.8644  0.000e+00
     16.468    15.7197   3.989480    31.6669        789     3.2833     2.8648  0.000e+00
     16.416    15.7204   3.989289    31.6647        790     3.2875     2.8639  0.000e+00
     16.364    15.7204   3.989206    31.6640        791     3.2917     2.8658  0.000e+00
     16.316    15.7204   3.989334    31.6652        792     3.2958     2.8660  0.000e+00
     16.265    15.7203   3.989595    31.6676        793     3.3000     2.8669  0.000e+00
     16.215    15.7214   3.989499    31.6658        794     3.3042     2.8679  0.000e+00
     16.174    15.7221   3.989263    31.6632        795     3.3083     2.8682  0.000e+00
     16.127    15.7216   3.989709    31.6676        796     3.3125     2.8704  0.000e+00
     16.084    15.7222   3.989403    31.6644        797     3.3167     2.8714  0.000e+00
     16.039    15.7224   3.989333    31.6636        798     3.3208     2.8717  0.000e+00
     16.001    15.7220   3.989384    31.6645        799     3.3250     2.8727  0.000e+00
     15.956    15.7216   3.989786    31.6683        800     3.3292     2.8721  0.000e+00
     15.920    15.7226   3.989620    31.6661        801     3.3333     2.8712  0.000e+00
     15.872    15.7234   3.989690    31.6661        802     3.3375     2.8734  0.000e+00
     15.834    15.7237   3.989690    31.6658        803     3.3417     2.8725  0.000e+00
     15.791    15.7241   3.989665    31.6653        804     3.3458     2.8732  0.000e+00
     15.748    15.7242   3.989620    31.6649        805     3.3500     2.8735  0.000e+00
     15.701    15.7240   3.989594    31.6648        806     3.3542     2.8743  0.000e+00
     15.654    15.7236   3.989735    31.6664        807     3.3583     2.8746  0.000e+00
     15.608    15.7239   3.989690    31.6658        808     3.3625     2.8762  0.000e+00
     15.566    15.7242   3.989785    31.6664        809     3.3667     2.8762  0.000e+00
     15.527    15.7246   3.989970    31.6677        810     3.3708     2.8766  0.000e+00
     15.487    15.7254   3.990136    31.6685        811     3.3750     2.8766  0.000e+00
     15.453    15.7268   3.990276    31.6687        812     3.3792     2.8762  0.000e+00
     15.419    15.7279   3.989970    31.6651        813     3.3833     2.8761  0.000e+00
     15.385    15.7280   3.990015    31.6655        814     3.3875     2.8767  0.000e+00
     15.356    15.7276   3.990015    31.6658        815     3.3917     2.8778  0.000e+00
     15.316    15.7277   3.990040    31.6660        816     3.3958     2.8779  0.000e+00
     15.289    15.7276   3.990136    31.6669        817     3.4000     2.8786  0.000e+00
     15.263    15.7277   3.990136    31.6668        818     3.4042     2.8787  0.000e+00
     15.234    15.7280   3.990136    31.6666        819     3.4083     2.8799  0.000e+00
     15.205    15.7282   3.990161    31.6666        820     3.4125     2.8810  0.000e+00
     15.176    15.7286   3.990161    31.6663        821     3.4167     2.8814  0.000e+00
     15.146    15.7287   3.990161    31.6663        822     3.4208     2.8814  0.000e+00
     15.115    15.7288   3.990161    31.6662        823     3.4250     2.8804  0.000e+00
     15.092    15.7287   3.990110    31.6658        824     3.4292     2.8813  0.000e+00
     15.058    15.7287   3.990110    31.6658        825     3.4333     2.8818  0.000e+00
     15.022    15.7285   3.990091    31.6658        826     3.4375     2.8826  0.000e+00
     14.982    15.7283   3.990136    31.6664        827     3.4417     2.8824  0.000e+00
     14.943    15.7284   3.990161    31.6666        828     3.4458     2.8830  0.000e+00
     14.891    15.7285   3.990065    31.6656        829     3.4500     2.8849  0.000e+00
     14.838    15.7284   3.990135    31.6664        830     3.4542     2.8856  0.000e+00
     14.781    15.7283   3.990212    31.6672        831     3.4583     2.8861  0.000e+00
     14.720    15.7288   3.990301    31.6675        832     3.4625     2.8878  0.000e+00
     14.661    15.7294   3.990205    31.6663        833     3.4667     2.8880  0.000e+00
     14.594    15.7295   3.990231    31.6664        834     3.4708     2.8872  0.000e+00
     14.528    15.7297   3.990250    31.6665        835     3.4750     2.8901  0.000e+00
     14.463    15.7299   3.990250    31.6664        836     3.4792     2.8893  0.000e+00
     14.396    15.7299   3.990231    31.6662        837     3.4833     2.8903  0.000e+00
     14.333    15.7299   3.990301    31.6668        838     3.4875     2.8901  0.000e+00
     14.281    15.7301   3.990250    31.6662        839     3.4917     2.8901  0.000e+00
     14.227    15.7306   3.990250    31.6659        840     3.4958     2.8914  0.000e+00
     14.179    15.7304   3.990237    31.6659        841     3.5000     2.8915  0.000e+00
     14.134    15.7302   3.990320    31.6668        842     3.5042     2.8918  0.000e+00
     14.091    15.7306   3.990396    31.6672        843     3.5083     2.8922  0.000e+00
     14.046    15.7311   3.990371    31.6666        844     3.5125     2.8904  0.000e+00
     14.008    15.7312   3.990486    31.6675        845     3.5167     2.8882  0.000e+00
     13.970    15.7318   3.990536    31.6675        846     3.5208     2.8865  0.000e+00
     13.935    15.7329   3.990677    31.6679        847     3.5250     2.8865  0.000e+00
     13.904    15.7339   3.990651    31.6669        848     3.5292     2.8869  0.000e+00
     13.870    15.7348   3.990721    31.6668        849     3.5333     2.8885  0.000e+00
     13.839    15.7352   3.990721    31.6664        850     3.5375     2.8904  0.000e+00
     13.803    15.7356   3.990753    31.6664        851     3.5417     2.8920  0.000e+00
     13.771    15.7357   3.990651    31.6655        852     3.5458     2.8936  0.000e+00
     13.735    15.7358   3.990676    31.6656        853     3.5500     2.8937  0.000e+00
     13.712    15.7356   3.990721    31.6662        854     3.5542     2.8963  0.000e+00
     13.678    15.7356   3.990702    31.6661        855     3.5583     2.8970  0.000e+00
     13.656    15.7355   3.990702    31.6661        856     3.5625     2.8994  0.000e+00
     13.625    15.7357   3.990651    31.6655        857     3.5667     2.9001  0.000e+00
     13.597    15.7356   3.990625    31.6654        858     3.5708     2.9010  0.000e+00
     13.573    15.7352   3.990606    31.6655        859     3.5750     2.9020  0.000e+00
     13.548    15.7352   3.990702    31.6664        860     3.5792     2.9026  0.000e+00
     13.516    15.7352   3.990778    31.6671        861     3.5833     2.9021  0.000e+00
     13.483    15.7357   3.990721    31.6662        862     3.5875     2.9012  0.000e+00
     13.453    15.7361   3.990912    31.6676        863     3.5917     2.9006  0.000e+00
     13.413    15.7368   3.991052    31.6683        864     3.5958     2.9006  0.000e+00
     13.372    15.7381   3.991097    31.6677        865     3.6000     2.9004  0.000e+00
     13.329    15.7392   3.991078    31.6666        866     3.6042     2.9007  0.000e+00
     13.282    15.7400   3.991078    31.6660        867     3.6083     2.9011  0.000e+00
     13.235    15.7400   3.991052    31.6658        868     3.6125     2.9010  0.000e+00
     13.187    15.7401   3.991052    31.6657        869     3.6167     2.9027  0.000e+00
     13.138    15.7403   3.991243    31.6673        870     3.6208     2.9039  0.000e+00
     13.092    15.7407   3.991148    31.6661        871     3.6250     2.9057  0.000e+00
     13.050    15.7412   3.991167    31.6659        872     3.6292     2.9046  0.000e+00
     13.011    15.7412   3.991192    31.6661        873     3.6333     2.9066  0.000e+00
     12.968    15.7416   3.991332    31.6670        874     3.6375     2.9068  0.000e+00
     12.928    15.7423   3.991288    31.6662        875     3.6417     2.9064  0.000e+00
     12.887    15.7427   3.991262    31.6656        876     3.6458     2.9074  0.000e+00
     12.838    15.7426   3.991549    31.6682        877     3.6500     2.9080  0.000e+00
     12.797    15.7437   3.991243    31.6647        878     3.6542     2.9087  0.000e+00
     12.743    15.7436   3.991096    31.6635        879     3.6583     2.9099  0.000e+00
     12.684    15.7426   3.991218    31.6654        880     3.6625     2.9129  0.000e+00
     12.626    15.7420   3.991262    31.6662        881     3.6667     2.9129  0.000e+00
     12.558    15.7421   3.991568    31.6689        882     3.6708     2.9142  0.000e+00
     12.493    15.7434   3.991874    31.6706        883     3.6750     2.9143  0.000e+00
     12.421    15.7459   3.991638    31.6665        884     3.6792     2.9149  0.000e+00
     12.355    15.7469   3.991593    31.6654        885     3.6833     2.9139  0.000e+00
     12.287    15.7468   3.991829    31.6676        886     3.6875     2.9129  0.000e+00
     12.226    15.7473   3.991803    31.6669        887     3.6917     2.9123  0.000e+00
     12.172    15.7480   3.991899    31.6672        888     3.6958     2.9149  0.000e+00
     12.125    15.7487   3.992014    31.6677        889     3.7000     2.9158  0.000e+00
     12.084    15.7494   3.991924    31.6664        890     3.7042     2.9159  0.000e+00
     12.048    15.7501   3.991803    31.6648        891     3.7083     2.9156  0.000e+00
     12.019    15.7495   3.991619    31.6636        892     3.7125     2.9158  0.000e+00
     11.997    15.7485   3.991733    31.6654        893     3.7167     2.9160  0.000e+00
     11.981    15.7480   3.991523    31.6640        894     3.7208     2.9166  0.000e+00
     11.967    15.7474   3.991472    31.6640        895     3.7250     2.9180  0.000e+00
     11.956    15.7466   3.991549    31.6653        896     3.7292     2.9180  0.000e+00
     11.954    15.7462   3.991663    31.6667        897     3.7333     2.9180  0.000e+00
     11.942    15.7465   3.992135    31.6706        898     3.7375     2.9182  0.000e+00
     11.929    15.7484   3.992160    31.6693        899     3.7417     2.9171  0.000e+00
     11.916    15.7504   3.992205    31.6681        900     3.7458     2.9176  0.000e+00
     11.902    15.7518   3.992179    31.6667        901     3.7500     2.9171  0.000e+00
     11.880    15.7524   3.992230    31.6668        902     3.7542     2.9184  0.000e+00
     11.857    15.7529   3.991963    31.6640        903     3.7583     2.9185  0.000e+00
     11.827    15.7523   3.991523    31.6606        904     3.7625     2.9205  0.000e+00
     11.789    15.7499   3.991548    31.6627        905     3.7667     2.9220  0.000e+00
     11.749    15.7481   3.991497    31.6638        906     3.7708     2.9225  0.000e+00
     11.701    15.7469   3.991689    31.6665        907     3.7750     2.9220  0.000e+00
     11.654    15.7469   3.991969    31.6690        908     3.7792     2.9229  0.000e+00
