PC2305/sbe012.cnv
* Sea-Bird SBE 19plus V2 Data File:
* FileName = C:\cruise\data\sbe012.hex
* Software Version Seasave V 7.26.7.121
* Temperature SN = 7142
* Conductivity SN = 7142
* System UpLoad Time = Oct 28 2023 09:07:44
** Cruise: PC2205
** Program: ECOMON
# nquan = 8
# nvalues = 3720                                  
# units = specified
# name 0 = depSM: Depth [salt water, m], lat = 40.00
# name 1 = tv290C: Temperature [ITS-90, deg C]
# name 2 = c0S/m: Conductivity [S/m]
# name 3 = sal00: Salinity, Practical [PSU]
# name 4 = scan: Scan Count
# name 5 = timeM: Time, Elapsed [minutes]
# name 6 = sbeox0V: Oxygen raw, SBE 43 [V]
# name 7 = flag:  0.000e+00
# span 0 =     -0.045,    134.005                 
# span 1 =     9.7900,    15.3965                 
# span 2 =   0.000020,   3.939470                 
# span 3 =     0.0079,    35.0723                 
# span 4 =         11,       3730                 
# span 5 =     0.0417,    15.5375                 
# span 6 =     2.0881,     3.0269                 
# span 7 = 0.0000e+00, 0.0000e+00                 
# interval = seconds: 0.25
# start_time = Oct 28 2023 09:07:44 [System UTC, header]
# bad_flag = -9.990e-29
*END*
[from data line 2158]
     66.336    10.6086   3.667575    32.9688       2169     9.0333     2.2332  0.000e+00
     66.311    10.6219   3.666189    32.9430       2170     9.0375     2.2327  0.000e+00
     66.291    10.6281   3.666706    32.9425       2171     9.0417     2.2337  0.000e+00
     66.275    10.6330   3.667353    32.9445       2172     9.0458     2.2334  0.000e+00
     66.259    10.6390   3.668017    32.9458       2173     9.0500     2.2354  0.000e+00
     66.247    10.6461   3.667371    32.9330       2174     9.0542     2.2359  0.000e+00
     66.229    10.6497   3.667112    32.9271       2175     9.0583     2.2352  0.000e+00
     66.203    10.6514   3.667506    32.9296       2176     9.0625     2.2343  0.000e+00
     66.185    10.6536   3.667506    32.9275       2177     9.0667     2.2362  0.000e+00
     66.167    10.6563   3.667106    32.9211       2178     9.0708     2.2349  0.000e+00
     66.144    10.6578   3.666860    32.9173       2179     9.0750     2.2359  0.000e+00
     66.124    10.6586   3.666860    32.9166       2180     9.0792     2.2356  0.000e+00
     66.097    10.6597   3.666971    32.9167       2181     9.0833     2.2348  0.000e+00
     66.069    10.6613   3.667124    32.9168       2182     9.0875     2.2356  0.000e+00
     66.047    10.6632   3.667112    32.9150       2183     9.0917     2.2342  0.000e+00
     66.020    10.6649   3.667303    32.9154       2184     9.0958     2.2343  0.000e+00
     65.995    10.6665   3.667685    32.9178       2185     9.1000     2.2349  0.000e+00
     65.970    10.6689   3.667795    32.9168       2186     9.1042     2.2349  0.000e+00
     65.946    10.6718   3.667752    32.9137       2187     9.1083     2.2360  0.000e+00
     65.921    10.6742   3.667703    32.9111       2188     9.1125     2.2355  0.000e+00
     65.900    10.6751   3.667592    32.9091       2189     9.1167     2.2359  0.000e+00
     65.878    10.6753   3.667327    32.9063       2190     9.1208     2.2362  0.000e+00
     65.857    10.6751   3.667235    32.9056       2191     9.1250     2.2350  0.000e+00
     65.837    10.6751   3.667180    32.9051       2192     9.1292     2.2366  0.000e+00
     65.815    10.6751   3.667081    32.9041       2193     9.1333     2.2362  0.000e+00
     65.783    10.6755   3.667038    32.9033       2194     9.1375     2.2358  0.000e+00
     65.756    10.6755   3.666946    32.9024       2195     9.1417     2.2361  0.000e+00
     65.727    10.6756   3.666927    32.9022       2196     9.1458     2.2359  0.000e+00
     65.693    10.6759   3.666859    32.9012       2197     9.1500     2.2359  0.000e+00
     65.659    10.6759   3.666724    32.8999       2198     9.1542     2.2358  0.000e+00
     65.610    10.6757   3.666681    32.8996       2199     9.1583     2.2357  0.000e+00
     65.560    10.6755   3.666256    32.8956       2200     9.1625     2.2359  0.000e+00
     65.502    10.6746   3.665862    32.8925       2201     9.1667     2.2372  0.000e+00
     65.443    10.6734   3.665567    32.8907       2202     9.1708     2.2362  0.000e+00
     65.378    10.6723   3.665388    32.8899       2203     9.1750     2.2359  0.000e+00
     65.305    10.6716   3.664945    32.8862       2204     9.1792     2.2360  0.000e+00
     65.235    10.6707   3.664613    32.8837       2205     9.1833     2.2353  0.000e+00
     65.165    10.6697   3.664545    32.8839       2206     9.1875     2.2351  0.000e+00
     65.082    10.6699   3.664742    32.8857       2207     9.1917     2.2345  0.000e+00
     65.008    10.6710   3.665123    32.8886       2208     9.1958     2.2329  0.000e+00
     64.931    10.6729   3.665948    32.8951       2209     9.2000     2.2329  0.000e+00
     64.848    10.6777   3.666773    32.8991       2210     9.2042     2.2325  0.000e+00
     64.782    10.6846   3.666902    32.8942       2211     9.2083     2.2319  0.000e+00
     64.706    10.6906   3.667013    32.8899       2212     9.2125     2.2307  0.000e+00
     64.640    10.6944   3.666902    32.8854       2213     9.2167     2.2306  0.000e+00
     64.577    10.6965   3.666459    32.8792       2214     9.2208     2.2301  0.000e+00
     64.521    10.6969   3.666126    32.8755       2215     9.2250     2.2307  0.000e+00
     64.483    10.6958   3.666526    32.8805       2216     9.2292     2.2301  0.000e+00
     64.451    10.6967   3.667819    32.8926       2217     9.2333     2.2298  0.000e+00
     64.431    10.7019   3.668398    32.8937       2218     9.2375     2.2301  0.000e+00
     64.424    10.7087   3.668558    32.8892       2219     9.2417     2.2298  0.000e+00
     64.422    10.7139   3.668866    32.8876       2220     9.2458     2.2301  0.000e+00
     64.420    10.7176   3.668687    32.8825       2221     9.2500     2.2301  0.000e+00
     64.435    10.7192   3.668595    32.8801       2222     9.2542     2.2303  0.000e+00
     64.446    10.7196   3.668348    32.8773       2223     9.2583     2.2309  0.000e+00
     64.467    10.7188   3.668330    32.8778       2224     9.2625     2.2303  0.000e+00
     64.491    10.7178   3.668373    32.8792       2225     9.2667     2.2317  0.000e+00
     64.509    10.7171   3.667930    32.8753       2226     9.2708     2.2324  0.000e+00
     64.528    10.7155   3.668219    32.8796       2227     9.2750     2.2336  0.000e+00
     64.544    10.7148   3.667899    32.8771       2228     9.2792     2.2324  0.000e+00
     64.555    10.7140   3.668016    32.8790       2229     9.2833     2.2325  0.000e+00
     64.561    10.7134   3.668348    32.8828       2230     9.2875     2.2322  0.000e+00
     64.562    10.7141   3.668398    32.8827       2231     9.2917     2.2326  0.000e+00
     64.559    10.7154   3.668108    32.8786       2232     9.2958     2.2327  0.000e+00
     64.544    10.7150   3.668016    32.8781       2233     9.3000     2.2318  0.000e+00
     64.530    10.7139   3.668330    32.8822       2234     9.3042     2.2324  0.000e+00
     64.509    10.7144   3.667880    32.8773       2235     9.3083     2.2319  0.000e+00
     64.483    10.7135   3.668391    32.8832       2236     9.3125     2.2330  0.000e+00
     64.447    10.7142   3.669512    32.8938       2237     9.3167     2.2329  0.000e+00
     64.403    10.7189   3.670645    32.9008       2238     9.3208     2.2325  0.000e+00
     64.352    10.7273   3.671828    32.9051       2239     9.3250     2.2330  0.000e+00
     64.296    10.7375   3.671470    32.8923       2240     9.3292     2.2328  0.000e+00
     64.230    10.7435   3.671716    32.8895       2241     9.3333     2.2340  0.000e+00
     64.158    10.7469   3.672098    32.8903       2242     9.3375     2.2351  0.000e+00
     64.090    10.7496   3.672899    32.8958       2243     9.3417     2.2355  0.000e+00
     64.007    10.7549   3.674094    32.9030       2244     9.3458     2.2353  0.000e+00
     63.928    10.7626   3.673928    32.8945       2245     9.3500     2.2356  0.000e+00
     63.840    10.7681   3.674821    32.8984       2246     9.3542     2.2364  0.000e+00
     63.748    10.7735   3.675603    32.9014       2247     9.3583     2.2376  0.000e+00
     63.651    10.7810   3.676318    32.9018       2248     9.3625     2.2364  0.000e+00
     63.556    10.7893   3.676626    32.8975       2249     9.3667     2.2377  0.000e+00
     63.464    10.7973   3.676496    32.8890       2250     9.3708     2.2376  0.000e+00
     63.380    10.8040   3.675892    32.8771       2251     9.3750     2.2375  0.000e+00
     63.285    10.8081   3.675073    32.8653       2252     9.3792     2.2383  0.000e+00
     63.214    10.8080   3.674173    32.8564       2253     9.3833     2.2378  0.000e+00
     63.148    10.8059   3.673877    32.8554       2254     9.3875     2.2394  0.000e+00
     63.085    10.8033   3.673212    32.8511       2255     9.3917     2.2391  0.000e+00
     63.035    10.8003   3.672276    32.8445       2256     9.3958     2.2397  0.000e+00
     62.990    10.7957   3.671962    32.8455       2257     9.4000     2.2394  0.000e+00
     62.956    10.7919   3.671851    32.8479       2258     9.4042     2.2384  0.000e+00
     62.921    10.7895   3.671857    32.8501       2259     9.4083     2.2387  0.000e+00
     62.895    10.7883   3.671759    32.8502       2260     9.4125     2.2402  0.000e+00
     62.873    10.7877   3.671851    32.8517       2261     9.4167     2.2391  0.000e+00
     62.860    10.7874   3.671648    32.8499       2262     9.4208     2.2383  0.000e+00
     62.853    10.7869   3.671469    32.8486       2263     9.4250     2.2379  0.000e+00
     62.846    10.7862   3.671518    32.8497       2264     9.4292     2.2380  0.000e+00
     62.851    10.7858   3.671290    32.8478       2265     9.4333     2.2365  0.000e+00
     62.851    10.7852   3.671340    32.8488       2266     9.4375     2.2359  0.000e+00
     62.866    10.7846   3.671358    32.8495       2267     9.4417     2.2353  0.000e+00
     62.877    10.7845   3.671346    32.8495       2268     9.4458     2.2369  0.000e+00
     62.889    10.7843   3.671291    32.8492       2269     9.4500     2.2365  0.000e+00
     62.904    10.7840   3.671358    32.8501       2270     9.4542     2.2361  0.000e+00
     62.918    10.7840   3.671315    32.8497       2271     9.4583     2.2373  0.000e+00
     62.934    10.7838   3.671358    32.8502       2272     9.4625     2.2372  0.000e+00
     62.943    10.7837   3.671315    32.8499       2273     9.4667     2.2368  0.000e+00
     62.943    10.7837   3.671340    32.8502       2274     9.4708     2.2361  0.000e+00
     62.941    10.7836   3.671562    32.8524       2275     9.4750     2.2361  0.000e+00
     62.934    10.7839   3.671130    32.8479       2276     9.4792     2.2359  0.000e+00
     62.916    10.7837   3.671001    32.8468       2277     9.4833     2.2354  0.000e+00
     62.884    10.7827   3.670890    32.8466       2278     9.4875     2.2359  0.000e+00
     62.842    10.7817   3.670379    32.8424       2279     9.4917     2.2340  0.000e+00
     62.799    10.7799   3.670219    32.8424       2280     9.4958     2.2340  0.000e+00
     62.740    10.7781   3.669529    32.8372       2281     9.5000     2.2342  0.000e+00
     62.675    10.7752   3.669443    32.8390       2282     9.5042     2.2350  0.000e+00
     62.602    10.7725   3.669154    32.8386       2283     9.5083     2.2361  0.000e+00
     62.530    10.7705   3.669067    32.8395       2284     9.5125     2.2357  0.000e+00
     62.443    10.7690   3.668975    32.8400       2285     9.5167     2.2362  0.000e+00
     62.345    10.7681   3.668993    32.8411       2286     9.5208     2.2363  0.000e+00
     62.244    10.7677   3.668840    32.8399       2287     9.5250     2.2368  0.000e+00
     62.147    10.7675   3.668636    32.8381       2288     9.5292     2.2367  0.000e+00
     62.035    10.7672   3.668285    32.8350       2289     9.5333     2.2365  0.000e+00
     61.926    10.7660   3.667971    32.8329       2290     9.5375     2.2349  0.000e+00
     61.823    10.7645   3.667904    32.8336       2291     9.5417     2.2346  0.000e+00
     61.726    10.7634   3.667836    32.8340       2292     9.5458     2.2355  0.000e+00
     61.631    10.7625   3.667589    32.8324       2293     9.5500     2.2345  0.000e+00
     61.563    10.7616   3.667436    32.8317       2294     9.5542     2.2346  0.000e+00
     61.485    10.7603   3.667349    32.8320       2295     9.5583     2.2340  0.000e+00
     61.428    10.7593   3.667103    32.8305       2296     9.5625     2.2337  0.000e+00
     61.385    10.7582   3.666814    32.8287       2297     9.5667     2.2322  0.000e+00
     61.354    10.7564   3.666524    32.8274       2298     9.5708     2.2317  0.000e+00
     61.336    10.7545   3.666524    32.8291       2299     9.5750     2.2304  0.000e+00
     61.325    10.7529   3.666321    32.8286       2300     9.5792     2.2302  0.000e+00
     61.327    10.7518   3.666217    32.8285       2301     9.5833     2.2296  0.000e+00
     61.329    10.7507   3.666278    32.8301       2302     9.5875     2.2290  0.000e+00
     61.342    10.7504   3.666235    32.8299       2303     9.5917     2.2296  0.000e+00
     61.365    10.7498   3.666475    32.8329       2304     9.5958     2.2297  0.000e+00
     61.387    10.7502   3.666414    32.8319       2305     9.6000     2.2288  0.000e+00
     61.414    10.7505   3.666475    32.8322       2306     9.6042     2.2293  0.000e+00
     61.435    10.7507   3.666568    32.8329       2307     9.6083     2.2308  0.000e+00
     61.453    10.7512   3.666525    32.8320       2308     9.6125     2.2296  0.000e+00
     61.464    10.7516   3.666500    32.8314       2309     9.6167     2.2302  0.000e+00
     61.471    10.7516   3.666408    32.8304       2310     9.6208     2.2301  0.000e+00
     61.466    10.7511   3.666414    32.8310       2311     9.6250     2.2294  0.000e+00
     61.448    10.7510   3.666900    32.8360       2312     9.6292     2.2304  0.000e+00
     61.419    10.7520   3.666364    32.8297       2313     9.6333     2.2308  0.000e+00
     61.378    10.7516   3.666254    32.8290       2314     9.6375     2.2306  0.000e+00
     61.329    10.7508   3.666254    32.8297       2315     9.6417     2.2312  0.000e+00
     61.268    10.7502   3.666432    32.8320       2316     9.6458     2.2305  0.000e+00
     61.194    10.7507   3.666592    32.8332       2317     9.6500     2.2314  0.000e+00
     61.121    10.7520   3.666678    32.8330       2318     9.6542     2.2309  0.000e+00
     61.050    10.7533   3.666623    32.8313       2319     9.6583     2.2314  0.000e+00
     60.964    10.7543   3.666432    32.8286       2320     9.6625     2.2311  0.000e+00
     60.883    10.7546   3.666056    32.8246       2321     9.6667     2.2311  0.000e+00
     60.802    10.7539   3.665946    32.8241       2322     9.6708     2.2316  0.000e+00
     60.732    10.7529   3.665921    32.8248       2323     9.6750     2.2317  0.000e+00
     60.666    10.7521   3.665318    32.8195       2324     9.6792     2.2317  0.000e+00
     60.596    10.7506   3.664875    32.8165       2325     9.6833     2.2318  0.000e+00
     60.533    10.7481   3.664764    32.8177       2326     9.6875     2.2318  0.000e+00
     60.484    10.7462   3.664542    32.8172       2327     9.6917     2.2317  0.000e+00
     60.430    10.7447   3.664413    32.8173       2328     9.6958     2.2310  0.000e+00
     60.382    10.7435   3.664272    32.8170       2329     9.7000     2.2311  0.000e+00
     60.337    10.7423   3.664185    32.8172       2330     9.7042     2.2318  0.000e+00
     60.303    10.7414   3.663853    32.8147       2331     9.7083     2.2319  0.000e+00
     60.256    10.7404   3.663453    32.8117       2332     9.7125     2.2326  0.000e+00
     60.220    10.7386   3.663453    32.8133       2333     9.7167     2.2329  0.000e+00
     60.181    10.7371   3.663342    32.8135       2334     9.7208     2.2319  0.000e+00
     60.146    10.7363   3.663231    32.8131       2335     9.7250     2.2321  0.000e+00
     60.109    10.7357   3.663096    32.8124       2336     9.7292     2.2312  0.000e+00
     60.075    10.7350   3.662985    32.8119       2337     9.7333     2.2307  0.000e+00
     60.037    10.7347   3.663028    32.8126       2338     9.7375     2.2311  0.000e+00
     60.010    10.7345   3.663028    32.8128       2339     9.7417     2.2318  0.000e+00
     59.979    10.7345   3.662942    32.8120       2340     9.7458     2.2316  0.000e+00
     59.942    10.7343   3.662696    32.8097       2341     9.7500     2.2315  0.000e+00
     59.911    10.7339   3.662715    32.8102       2342     9.7542     2.2319  0.000e+00
     59.882    10.7336   3.662696    32.8104       2343     9.7583     2.2303  0.000e+00
     59.844    10.7335   3.662604    32.8096       2344     9.7625     2.2312  0.000e+00
     59.816    10.7332   3.662518    32.8090       2345     9.7667     2.2309  0.000e+00
     59.776    10.7329   3.662425    32.8083       2346     9.7708     2.2305  0.000e+00
     59.744    10.7324   3.662407    32.8086       2347     9.7750     2.2299  0.000e+00
