PC2305/sbe026.cnv
* Sea-Bird SBE 19plus V2 Data File:
* FileName = C:\cruise\data\sbe026.hex
* Software Version Seasave V 7.26.7.121
* Temperature SN = 7142
* Conductivity SN = 7142
* System UpLoad Time = Oct 29 2023 18:44:18
** Cruise: PC2205
** Program: ECOMON
# nquan = 8
# nvalues = 3888                                  
# units = specified
# name 0 = depSM: Depth [salt water, m], lat = 40.00
# name 1 = tv290C: Temperature [ITS-90, deg C]
# name 2 = c0S/m: Conductivity [S/m]
# name 3 = sal00: Salinity, Practical [PSU]
# name 4 = scan: Scan Count
# name 5 = timeM: Time, Elapsed [minutes]
# name 6 = sbeox0V: Oxygen raw, SBE 43 [V]
# name 7 = flag:  0.000e+00
# span 0 =     -0.047,    201.329                 
# span 1 =    11.2685,    23.3628                 
# span 2 =   0.000014,   4.964062                 
# span 3 =     0.0111,    35.7364                 
# span 4 =         11,       3898                 
# span 5 =     0.0417,    16.2375                 
# span 6 =     1.6809,     3.0704                 
# span 7 = 0.0000e+00, 0.0000e+00                 
# interval = seconds: 0.25
# start_time = Oct 29 2023 18:44:18 [System UTC, header]
# bad_flag = -9.990e-29
*END*
[from data line 180]
      6.221    17.1921   4.201435    32.3389        191     0.7917     2.6955  0.000e+00
      6.381    17.1761   4.200980    32.3478        192     0.7958     2.6975  0.000e+00
      6.546    17.1459   4.201032    32.3724        193     0.8000     2.6974  0.000e+00
      6.708    17.1443   4.200746    32.3711        194     0.8042     2.6971  0.000e+00
      6.863    17.1326   4.201488    32.3868        195     0.8083     2.6940  0.000e+00
      7.024    17.1088   4.201462    32.4057        196     0.8125     2.6895  0.000e+00
      7.182    17.0957   4.201534    32.4168        197     0.8167     2.6845  0.000e+00
      7.332    17.0996   4.202816    32.4247        198     0.8208     2.6787  0.000e+00
      7.482    17.1158   4.204892    32.4294        199     0.8250     2.6716  0.000e+00
      7.624    17.1286   4.206350    32.4317        200     0.8292     2.6677  0.000e+00
      7.772    17.1362   4.210342    32.4599        201     0.8333     2.6672  0.000e+00
      7.916    17.1413   4.215098    32.4966        202     0.8375     2.6625  0.000e+00
      8.065    17.1476   4.220553    32.5385        203     0.8417     2.6666  0.000e+00
      8.216    17.1650   4.226376    32.5745        204     0.8458     2.6726  0.000e+00
      8.372    17.1926   4.232483    32.6047        205     0.8500     2.6803  0.000e+00
      8.521    17.2125   4.238967    32.6444        206     0.8542     2.6881  0.000e+00
      8.677    17.2437   4.246029    32.6798        207     0.8583     2.6928  0.000e+00
      8.834    17.2737   4.251808    32.7052        208     0.8625     2.6953  0.000e+00
      8.994    17.3066   4.258611    32.7369        209     0.8667     2.6946  0.000e+00
      9.155    17.3486   4.264252    32.7512        210     0.8708     2.6945  0.000e+00
      9.319    17.3808   4.269832    32.7730        211     0.8750     2.6901  0.000e+00
      9.477    17.4087   4.274903    32.7938        212     0.8792     2.6855  0.000e+00
      9.644    17.4426   4.281374    32.8217        213     0.8833     2.6823  0.000e+00
      9.808    17.4767   4.286818    32.8407        214     0.8875     2.6818  0.000e+00
      9.971    17.5094   4.291018    32.8501        215     0.8917     2.6821  0.000e+00
     10.135    17.5479   4.295449    32.8567        216     0.8958     2.6826  0.000e+00
     10.291    17.5817   4.299285    32.8621        217     0.9000     2.6812  0.000e+00
     10.448    17.6115   4.302931    32.8691        218     0.9042     2.6796  0.000e+00
     10.602    17.6367   4.306428    32.8785        219     0.9083     2.6775  0.000e+00
     10.757    17.6566   4.310195    32.8944        220     0.9125     2.6774  0.000e+00
     10.909    17.6812   4.312569    32.8948        221     0.9167     2.6770  0.000e+00
     11.060    17.7042   4.314155    32.8896        222     0.9208     2.6794  0.000e+00
     11.217    17.7241   4.316799    32.8960        223     0.9250     2.6795  0.000e+00
     11.373    17.7328   4.318879    32.9067        224     0.9292     2.6818  0.000e+00
     11.535    17.7407   4.320340    32.9126        225     0.9333     2.6822  0.000e+00
     11.702    17.7525   4.321828    32.9157        226     0.9375     2.6841  0.000e+00
     11.862    17.7647   4.323316    32.9185        227     0.9417     2.6847  0.000e+00
     12.029    17.7736   4.324416    32.9205        228     0.9458     2.6839  0.000e+00
     12.191    17.7721   4.325404    32.9301        229     0.9500     2.6791  0.000e+00
     12.354    17.7778   4.326174    32.9320        230     0.9542     2.6728  0.000e+00
     12.514    17.7852   4.326701    32.9304        231     0.9583     2.6693  0.000e+00
     12.674    17.7855   4.327492    32.9368        232     0.9625     2.6648  0.000e+00
     12.834    17.7861   4.328111    32.9416        233     0.9667     2.6654  0.000e+00
     12.987    17.7933   4.328618    32.9400        234     0.9708     2.6670  0.000e+00
     13.136    17.8013   4.329080    32.9374        235     0.9750     2.6682  0.000e+00
     13.274    17.8094   4.329429    32.9338        236     0.9792     2.6632  0.000e+00
     13.418    17.8170   4.329923    32.9318        237     0.9833     2.6637  0.000e+00
     13.549    17.8170   4.330285    32.9348        238     0.9875     2.6674  0.000e+00
     13.688    17.8119   4.330325    32.9393        239     0.9917     2.6669  0.000e+00
     13.828    17.8143   4.330648    32.9400        240     0.9958     2.6686  0.000e+00
     13.972    17.8127   4.330806    32.9426        241     1.0000     2.6706  0.000e+00
     14.114    17.8135   4.330793    32.9418        242     1.0042     2.6709  0.000e+00
     14.259    17.8076   4.331070    32.9488        243     1.0083     2.6715  0.000e+00
     14.401    17.8091   4.331248    32.9491        244     1.0125     2.6712  0.000e+00
     14.552    17.8127   4.331320    32.9467        245     1.0167     2.6686  0.000e+00
     14.701    17.8152   4.331320    32.9447        246     1.0208     2.6629  0.000e+00
     14.850    17.8100   4.331545    32.9507        247     1.0250     2.6630  0.000e+00
     14.992    17.8080   4.331769    32.9541        248     1.0292     2.6623  0.000e+00
     15.140    17.8055   4.331940    32.9576        249     1.0333     2.6629  0.000e+00
     15.285    17.8014   4.331466    32.9568        250     1.0375     2.6614  0.000e+00
     15.429    17.8017   4.331374    32.9558        251     1.0417     2.6627  0.000e+00
     15.580    17.8028   4.331519    32.9561        252     1.0458     2.6629  0.000e+00
     15.734    17.8012   4.331420    32.9565        253     1.0500     2.6656  0.000e+00
     15.889    17.8032   4.331268    32.9535        254     1.0542     2.6679  0.000e+00
     16.047    17.8044   4.331506    32.9545        255     1.0583     2.6690  0.000e+00
     16.211    17.8010   4.331993    32.9613        256     1.0625     2.6721  0.000e+00
     16.380    17.7986   4.332738    32.9695        257     1.0667     2.6778  0.000e+00
     16.549    17.7975   4.333509    32.9769        258     1.0708     2.6812  0.000e+00
     16.716    17.7945   4.334656    32.9891        259     1.0750     2.6847  0.000e+00
     16.883    17.7944   4.336001    33.0005        260     1.0792     2.6863  0.000e+00
     17.052    17.8008   4.337439    33.0075        261     1.0833     2.6854  0.000e+00
     17.217    17.8068   4.338889    33.0149        262     1.0875     2.6822  0.000e+00
     17.388    17.8077   4.340360    33.0266        263     1.0917     2.6780  0.000e+00
     17.557    17.8108   4.341983    33.0378        264     1.0958     2.6715  0.000e+00
     17.718    17.8195   4.344351    33.0509        265     1.1000     2.6670  0.000e+00
     17.886    17.8310   4.346351    33.0585        266     1.1042     2.6577  0.000e+00
     18.054    17.8403   4.348172    33.0664        267     1.1083     2.6551  0.000e+00
     18.222    17.8518   4.349770    33.0705        268     1.1125     2.6497  0.000e+00
     18.385    17.8636   4.351268    33.0736        269     1.1167     2.6464  0.000e+00
     18.540    17.8722   4.352747    33.0792        270     1.1208     2.6431  0.000e+00
     18.698    17.8813   4.354596    33.0875        271     1.1250     2.6419  0.000e+00
     18.852    17.8937   4.356499    33.0935        272     1.1292     2.6395  0.000e+00
     19.002    17.9032   4.357892    33.0976        273     1.1333     2.6408  0.000e+00
     19.149    17.9136   4.359656    33.1041        274     1.1375     2.6432  0.000e+00
     19.285    17.9256   4.361738    33.1120        275     1.1417     2.6451  0.000e+00
     19.426    17.9345   4.364177    33.1254        276     1.1458     2.6477  0.000e+00
     19.562    17.9454   4.367033    33.1407        277     1.1500     2.6507  0.000e+00
     19.699    17.9570   4.370406    33.1599        278     1.1542     2.6537  0.000e+00
     19.835    17.9711   4.373727    33.1765        279     1.1583     2.6558  0.000e+00
     19.974    17.9883   4.377201    33.1920        280     1.1625     2.6577  0.000e+00
     20.116    18.0080   4.380147    33.2009        281     1.1667     2.6561  0.000e+00
     20.258    18.0279   4.383173    33.2103        282     1.1708     2.6537  0.000e+00
     20.407    18.0468   4.386266    33.2211        283     1.1750     2.6505  0.000e+00
     20.552    18.0658   4.388856    33.2276        284     1.1792     2.6483  0.000e+00
     20.696    18.0838   4.392700    33.2454        285     1.1833     2.6448  0.000e+00
     20.844    18.1033   4.395815    33.2559        286     1.1875     2.6424  0.000e+00
     20.993    18.1227   4.400100    33.2763        287     1.1917     2.6403  0.000e+00
     21.144    18.1411   4.403569    33.2907        288     1.1958     2.6417  0.000e+00
     21.289    18.1637   4.408348    33.3127        289     1.2000     2.6410  0.000e+00
     21.446    18.1880   4.413062    33.3327        290     1.2042     2.6413  0.000e+00
     21.593    18.2148   4.419160    33.3623        291     1.2083     2.6385  0.000e+00
     21.748    18.2382   4.425927    33.4003        292     1.2125     2.6381  0.000e+00
     21.900    18.2665   4.431115    33.4210        293     1.2167     2.6380  0.000e+00
     22.058    18.2971   4.436285    33.4396        294     1.2208     2.6366  0.000e+00
     22.224    18.3317   4.443329    33.4707        295     1.2250     2.6381  0.000e+00
     22.389    18.3713   4.449138    33.4873        296     1.2292     2.6400  0.000e+00
     22.558    18.4119   4.453043    33.4870        297     1.2333     2.6417  0.000e+00
     22.731    18.4503   4.456337    33.4834        298     1.2375     2.6427  0.000e+00
     22.905    18.4894   4.460512    33.4866        299     1.2417     2.6431  0.000e+00
     23.081    18.5160   4.464822    33.5011        300     1.2458     2.6430  0.000e+00
     23.257    18.5386   4.469728    33.5239        301     1.2500     2.6432  0.000e+00
     23.435    18.5644   4.473247    33.5323        302     1.2542     2.6435  0.000e+00
     23.606    18.5926   4.476767    33.5388        303     1.2583     2.6421  0.000e+00
     23.777    18.6218   4.480576    33.5470        304     1.2625     2.6409  0.000e+00
     23.947    18.6494   4.484573    33.5579        305     1.2667     2.6402  0.000e+00
     24.114    18.6740   4.487897    33.5656        306     1.2708     2.6393  0.000e+00
     24.273    18.6955   4.490599    33.5707        307     1.2750     2.6385  0.000e+00
     24.427    18.7173   4.494553    33.5860        308     1.2792     2.6380  0.000e+00
     24.573    18.7417   4.499292    33.6057        309     1.2833     2.6353  0.000e+00
     24.713    18.7632   4.504616    33.6327        310     1.2875     2.6325  0.000e+00
     24.853    18.7881   4.510989    33.6656        311     1.2917     2.6303  0.000e+00
     24.988    18.8064   4.517398    33.7042        312     1.2958     2.6274  0.000e+00
     25.121    18.8314   4.523194    33.7321        313     1.3000     2.6239  0.000e+00
     25.252    18.8679   4.529967    33.7589        314     1.3042     2.6210  0.000e+00
     25.385    18.8997   4.536596    33.7882        315     1.3083     2.6160  0.000e+00
     25.523    18.9398   4.544802    33.8238        316     1.3125     2.6103  0.000e+00
     25.664    18.9840   4.552241    33.8496        317     1.3167     2.6111  0.000e+00
     25.809    19.0282   4.557853    33.8602        318     1.3208     2.6107  0.000e+00
     25.958    19.0712   4.563549    33.8724        319     1.3250     2.6110  0.000e+00
     26.109    19.1062   4.570152    33.8986        320     1.3292     2.6126  0.000e+00
     26.267    19.1455   4.574122    33.8995        321     1.3333     2.6167  0.000e+00
     26.424    19.1859   4.578700    33.9045        322     1.3375     2.6197  0.000e+00
     26.587    19.2240   4.584798    33.9239        323     1.3417     2.6217  0.000e+00
     26.749    19.2576   4.590887    33.9468        324     1.3458     2.6229  0.000e+00
     26.913    19.2978   4.595648    33.9535        325     1.3500     2.6235  0.000e+00
     27.081    19.3284   4.601486    33.9767        326     1.3542     2.6238  0.000e+00
     27.243    19.3646   4.608443    34.0047        327     1.3583     2.6213  0.000e+00
     27.416    19.3959   4.614856    34.0320        328     1.3625     2.6194  0.000e+00
     27.583    19.4406   4.620074    34.0387        329     1.3667     2.6161  0.000e+00
     27.755    19.4722   4.642202    34.1954        330     1.3708     2.6097  0.000e+00
     27.933    19.5519   4.790968    35.3592        331     1.3750     2.6082  0.000e+00
     28.106    19.9256   4.803001    35.1438        332     1.3792     2.6146  0.000e+00
     28.278    20.2995   4.803594    34.8379        333     1.3833     2.6494  0.000e+00
     28.447    20.5200   4.804891    34.6672        334     1.3875     2.6948  0.000e+00
     28.618    20.6346   4.806377    34.5855        335     1.3917     2.7337  0.000e+00
     28.785    20.6957   4.808242    34.5508        336     1.3958     2.7590  0.000e+00
     28.949    20.7323   4.809660    34.5324        337     1.4000     2.7769  0.000e+00
     29.103    20.7540   4.810830    34.5242        338     1.4042     2.7883  0.000e+00
     29.249    20.7682   4.815067    34.5467        339     1.4083     2.7985  0.000e+00
     29.393    20.7874   4.817347    34.5494        340     1.4125     2.8031  0.000e+00
     29.526    20.8054   4.818726    34.5458        341     1.4167     2.8065  0.000e+00
     29.657    20.8196   4.819580    34.5411        342     1.4208     2.8118  0.000e+00
     29.786    20.8308   4.822489    34.5554        343     1.4250     2.8143  0.000e+00
     29.914    20.8434   4.826116    34.5743        344     1.4292     2.8157  0.000e+00
     30.040    20.8604   4.827178    34.5689        345     1.4333     2.8134  0.000e+00
     30.165    20.8751   4.827675    34.5609        346     1.4375     2.8122  0.000e+00
     30.284    20.8845   4.828295    34.5583        347     1.4417     2.8143  0.000e+00
     30.415    20.8909   4.828895    34.5579        348     1.4458     2.8149  0.000e+00
     30.537    20.8959   4.829192    34.5562        349     1.4500     2.8165  0.000e+00
     30.670    20.8994   4.829192    34.5533        350     1.4542     2.8156  0.000e+00
     30.802    20.9016   4.829165    34.5512        351     1.4583     2.8136  0.000e+00
     30.945    20.9027   4.829585    34.5537        352     1.4625     2.8130  0.000e+00
     31.086    20.9038   4.829765    34.5542        353     1.4667     2.8117  0.000e+00
     31.235    20.9052   4.829654    34.5521        354     1.4708     2.8113  0.000e+00
     31.389    20.9054   4.829192    34.5482        355     1.4750     2.8104  0.000e+00
     31.555    20.9045   4.829441    34.5509        356     1.4792     2.8105  0.000e+00
     31.718    20.9034   4.829986    34.5560        357     1.4833     2.8094  0.000e+00
     31.885    20.9044   4.830724    34.5611        358     1.4875     2.8097  0.000e+00
     32.049    20.9069   4.830531    34.5574        359     1.4917     2.8125  0.000e+00
     32.220    20.9099   4.838454    34.6185        360     1.4958     2.8119  0.000e+00
     32.394    20.9265   4.842584    34.6381        361     1.5000     2.8092  0.000e+00
     32.565    20.9526   4.845208    34.6380        362     1.5042     2.8078  0.000e+00
     32.730    20.9747   4.847730    34.6402        363     1.5083     2.8071  0.000e+00
     32.904    20.9966   4.855907    34.6879        364     1.5125     2.8079  0.000e+00
     33.077    21.0250   4.855374    34.6605        365     1.5167     2.8083  0.000e+00
     33.253    21.0476   4.857967    34.6629        366     1.5208     2.8081  0.000e+00
     33.427    21.0633   4.860609    34.6712        367     1.5250     2.8056  0.000e+00
     33.604    21.0800   4.863937    34.6842        368     1.5292     2.8040  0.000e+00
     33.787    21.0977   4.868643    34.7074        369     1.5333     2.8024  0.000e+00
