PC2305/sbe031.cnv
* Sea-Bird SBE 19plus V2 Data File:
* FileName = C:\cruise\data\sbe031.hex
* Software Version Seasave V 7.26.7.121
* Temperature SN = 7142
* Conductivity SN = 7142
* System UpLoad Time = Oct 30 2023 01:16:07
** Cruise: PC2205
** Program: ECOMON
# nquan = 8
# nvalues = 2301                                  
# units = specified
# name 0 = depSM: Depth [salt water, m], lat = 40.00
# name 1 = tv290C: Temperature [ITS-90, deg C]
# name 2 = c0S/m: Conductivity [S/m]
# name 3 = sal00: Salinity, Practical [PSU]
# name 4 = scan: Scan Count
# name 5 = timeM: Time, Elapsed [minutes]
# name 6 = sbeox0V: Oxygen raw, SBE 43 [V]
# name 7 = flag:  0.000e+00
# span 0 =     -0.046,     90.996                 
# span 1 =    10.6174,    17.9621                 
# span 2 =   0.000012,   4.252867                 
# span 3 =     0.0091,    35.2317                 
# span 4 =         11,       2311                 
# span 5 =     0.0417,     9.6250                 
# span 6 =     2.0543,     3.0355                 
# span 7 = 0.0000e+00, 0.0000e+00                 
# interval = seconds: 0.25
# start_time = Oct 30 2023 01:16:07 [System UTC, header]
# bad_flag = -9.990e-29
*END*
[from data line 1439]
     42.881    12.0508   3.782360    32.8218       1450     6.0375     2.1788  0.000e+00
     42.829    12.0508   3.782173    32.8200       1451     6.0417     2.1796  0.000e+00
     42.775    12.0511   3.782086    32.8189       1452     6.0458     2.1803  0.000e+00
     42.720    12.0513   3.781955    32.8175       1453     6.0500     2.1794  0.000e+00
     42.669    12.0509   3.781712    32.8155       1454     6.0542     2.1794  0.000e+00
     42.623    12.0499   3.781300    32.8124       1455     6.0583     2.1789  0.000e+00
     42.572    12.0487   3.780870    32.8094       1456     6.0625     2.1794  0.000e+00
     42.533    12.0468   3.780602    32.8084       1457     6.0667     2.1798  0.000e+00
     42.493    12.0450   3.779045    32.7950       1458     6.0708     2.1799  0.000e+00
     42.455    12.0418   3.779175    32.7991       1459     6.0750     2.1802  0.000e+00
     42.419    12.0388   3.781319    32.8225       1460     6.0792     2.1788  0.000e+00
     42.385    12.0407   3.779001    32.7984       1461     6.0833     2.1794  0.000e+00
     42.355    12.0399   3.778826    32.7974       1462     6.0875     2.1774  0.000e+00
     42.331    12.0373   3.778247    32.7941       1463     6.0917     2.1768  0.000e+00
     42.297    12.0345   3.777306    32.7875       1464     6.0958     2.1764  0.000e+00
     42.265    12.0314   3.775755    32.7753       1465     6.1000     2.1773  0.000e+00
     42.231    12.0264   3.775867    32.7808       1466     6.1042     2.1757  0.000e+00
     42.195    12.0224   3.774833    32.7743       1467     6.1083     2.1760  0.000e+00
     42.161    12.0194   3.775157    32.7801       1468     6.1125     2.1752  0.000e+00
     42.132    12.0176   3.774902    32.7792       1469     6.1167     2.1765  0.000e+00
     42.098    12.0168   3.774908    32.7800       1470     6.1208     2.1749  0.000e+00
     42.074    12.0163   3.774640    32.7779       1471     6.1250     2.1738  0.000e+00
     42.049    12.0155   3.773177    32.7644       1472     6.1292     2.1734  0.000e+00
     42.024    12.0125   3.773289    32.7681       1473     6.1333     2.1708  0.000e+00
     42.004    12.0099   3.773364    32.7711       1474     6.1375     2.1705  0.000e+00
     41.990    12.0086   3.774142    32.7798       1475     6.1417     2.1692  0.000e+00
     41.972    12.0093   3.774765    32.7852       1476     6.1458     2.1683  0.000e+00
     41.968    12.0112   3.774155    32.7776       1477     6.1500     2.1686  0.000e+00
     41.956    12.0122   3.772647    32.7622       1478     6.1542     2.1681  0.000e+00
     41.945    12.0092   3.772043    32.7590       1479     6.1583     2.1682  0.000e+00
     41.929    12.0061   3.772000    32.7614       1480     6.1625     2.1670  0.000e+00
     41.916    12.0036   3.772392    32.7673       1481     6.1667     2.1667  0.000e+00
     41.895    12.0024   3.770506    32.7501       1482     6.1708     2.1661  0.000e+00
     41.866    11.9995   3.769927    32.7471       1483     6.1750     2.1670  0.000e+00
     41.839    11.9949   3.769080    32.7429       1484     6.1792     2.1647  0.000e+00
     41.801    11.9912   3.769491    32.7502       1485     6.1833     2.1649  0.000e+00
     41.764    11.9889   3.768501    32.7427       1486     6.1875     2.1645  0.000e+00
     41.720    11.9862   3.767792    32.7382       1487     6.1917     2.1630  0.000e+00
     41.681    11.9826   3.765521    32.7194       1488     6.1958     2.1631  0.000e+00
     41.638    11.9758   3.763511    32.7059       1489     6.2000     2.1602  0.000e+00
     41.600    11.9655   3.762230    32.7026       1490     6.2042     2.1602  0.000e+00
     41.557    11.9555   3.762435    32.7134       1491     6.2083     2.1590  0.000e+00
     41.523    11.9496   3.763561    32.7294       1492     6.2125     2.1562  0.000e+00
     41.481    11.9493   3.762249    32.7171       1493     6.2167     2.1554  0.000e+00
     41.445    11.9473   3.762454    32.7208       1494     6.2208     2.1526  0.000e+00
     41.411    11.9457   3.762273    32.7205       1495     6.2250     2.1512  0.000e+00
     41.384    11.9445   3.762273    32.7215       1496     6.2292     2.1491  0.000e+00
     41.354    11.9440   3.762298    32.7222       1497     6.2333     2.1480  0.000e+00
     41.330    11.9438   3.762298    32.7224       1498     6.2375     2.1467  0.000e+00
     41.311    11.9438   3.762317    32.7226       1499     6.2417     2.1448  0.000e+00
     41.293    11.9442   3.762454    32.7236       1500     6.2458     2.1435  0.000e+00
     41.278    11.9446   3.762454    32.7232       1501     6.2500     2.1420  0.000e+00
     41.260    11.9452   3.762317    32.7214       1502     6.2542     2.1409  0.000e+00
     41.248    11.9452   3.762504    32.7232       1503     6.2583     2.1398  0.000e+00
     41.239    11.9453   3.762410    32.7222       1504     6.2625     2.1387  0.000e+00
     41.232    11.9457   3.762516    32.7229       1505     6.2667     2.1376  0.000e+00
     41.230    11.9461   3.762479    32.7221       1506     6.2708     2.1371  0.000e+00
     41.219    11.9464   3.761882    32.7162       1507     6.2750     2.1367  0.000e+00
     41.210    11.9458   3.762186    32.7196       1508     6.2792     2.1364  0.000e+00
     41.196    11.9450   3.762087    32.7194       1509     6.2833     2.1360  0.000e+00
     41.178    11.9446   3.762099    32.7198       1510     6.2875     2.1345  0.000e+00
     41.154    11.9441   3.762087    32.7202       1511     6.2917     2.1347  0.000e+00
     41.122    11.9442   3.761446    32.7139       1512     6.2958     2.1345  0.000e+00
     41.090    11.9432   3.760893    32.7094       1513     6.3000     2.1329  0.000e+00
     41.050    11.9410   3.760551    32.7080       1514     6.3042     2.1319  0.000e+00
     41.003    11.9386   3.759475    32.6998       1515     6.3083     2.1326  0.000e+00
     40.953    11.9352   3.758486    32.6932       1516     6.3125     2.1317  0.000e+00
     40.901    11.9309   3.758076    32.6930       1517     6.3167     2.1319  0.000e+00
     40.852    11.9264   3.757181    32.6883       1518     6.3208     2.1301  0.000e+00
     40.800    11.9219   3.757324    32.6936       1519     6.3250     2.1300  0.000e+00
     40.752    11.9196   3.757454    32.6970       1520     6.3292     2.1282  0.000e+00
     40.705    11.9187   3.757044    32.6938       1521     6.3333     2.1277  0.000e+00
     40.667    11.9182   3.757038    32.6942       1522     6.3375     2.1258  0.000e+00
     40.637    11.9192   3.758580    32.7083       1523     6.3417     2.1244  0.000e+00
     40.610    11.9260   3.759406    32.7103       1524     6.3458     2.1237  0.000e+00
     40.594    11.9357   3.759929    32.7069       1525     6.3500     2.1217  0.000e+00
     40.579    11.9440   3.761191    32.7118       1526     6.3542     2.1200  0.000e+00
     40.572    11.9530   3.762684    32.7183       1527     6.3583     2.1187  0.000e+00
     40.567    11.9650   3.763480    32.7156       1528     6.3625     2.1168  0.000e+00
     40.561    11.9762   3.764917    32.7196       1529     6.3667     2.1161  0.000e+00
     40.563    11.9875   3.765097    32.7114       1530     6.3708     2.1145  0.000e+00
     40.554    11.9966   3.766068    32.7129       1531     6.3750     2.1118  0.000e+00
     40.540    12.0042   3.767007    32.7153       1532     6.3792     2.1107  0.000e+00
     40.531    12.0131   3.768177    32.7188       1533     6.3833     2.1104  0.000e+00
     40.513    12.0227   3.768942    32.7178       1534     6.3875     2.1081  0.000e+00
     40.489    12.0318   3.769764    32.7178       1535     6.3917     2.1084  0.000e+00
     40.457    12.0405   3.770835    32.7205       1536     6.3958     2.1064  0.000e+00
     40.421    12.0492   3.771308    32.7175       1537     6.4000     2.1072  0.000e+00
     40.383    12.0564   3.771376    32.7118       1538     6.4042     2.1061  0.000e+00
     40.349    12.0610   3.771756    32.7115       1539     6.4083     2.1059  0.000e+00
     40.315    12.0647   3.772690    32.7173       1540     6.4125     2.1045  0.000e+00
     40.285    12.0704   3.774514    32.7299       1541     6.4167     2.1028  0.000e+00
     40.258    12.0810   3.776508    32.7398       1542     6.4208     2.1016  0.000e+00
     40.236    12.0957   3.777853    32.7399       1543     6.4250     2.1036  0.000e+00
     40.214    12.1110   3.778862    32.7363       1544     6.4292     2.1054  0.000e+00
     40.195    12.1239   3.779959    32.7356       1545     6.4333     2.1057  0.000e+00
     40.179    12.1357   3.780812    32.7335       1546     6.4375     2.1060  0.000e+00
     40.161    12.1463   3.781573    32.7316       1547     6.4417     2.1053  0.000e+00
     40.150    12.1552   3.781940    32.7272       1548     6.4458     2.1070  0.000e+00
     40.134    12.1620   3.781859    32.7206       1549     6.4500     2.1083  0.000e+00
     40.119    12.1656   3.781897    32.7177       1550     6.4542     2.1094  0.000e+00
     40.105    12.1673   3.782246    32.7196       1551     6.4583     2.1097  0.000e+00
     40.087    12.1694   3.782701    32.7222       1552     6.4625     2.1106  0.000e+00
     40.067    12.1725   3.783118    32.7236       1553     6.4667     2.1115  0.000e+00
     40.040    12.1761   3.783760    32.7266       1554     6.4708     2.1124  0.000e+00
     40.017    12.1812   3.785550    32.7393       1555     6.4750     2.1131  0.000e+00
     39.986    12.1912   3.789972    32.7732       1556     6.4792     2.1139  0.000e+00
     39.947    12.2138   3.796031    32.8117       1557     6.4833     2.1154  0.000e+00
     39.916    12.2545   3.800901    32.8229       1558     6.4875     2.1164  0.000e+00
     39.878    12.3030   3.807773    32.8465       1559     6.4917     2.1174  0.000e+00
     39.842    12.3615   3.811911    32.8350       1560     6.4958     2.1197  0.000e+00
     39.803    12.4242   3.813380    32.7943       1561     6.5000     2.1213  0.000e+00
     39.758    12.4779   3.814668    32.7598       1562     6.5042     2.1233  0.000e+00
     39.718    12.5210   3.815180    32.7271       1563     6.5083     2.1248  0.000e+00
     39.679    12.5522   3.814779    32.6962       1564     6.5125     2.1265  0.000e+00
     39.641    12.5747   3.815448    32.6830       1565     6.5167     2.1274  0.000e+00
     39.609    12.5926   3.816368    32.6763       1566     6.5208     2.1287  0.000e+00
     39.575    12.6079   3.816880    32.6679       1567     6.5250     2.1290  0.000e+00
     39.544    12.6215   3.817387    32.6609       1568     6.5292     2.1286  0.000e+00
     39.512    12.6331   3.817656    32.6535       1569     6.5333     2.1261  0.000e+00
     39.481    12.6418   3.818413    32.6531       1570     6.5375     2.1255  0.000e+00
     39.449    12.6489   3.818819    32.6508       1571     6.5417     2.1235  0.000e+00
     39.422    12.6555   3.819126    32.6481       1572     6.5458     2.1219  0.000e+00
     39.399    12.6609   3.819689    32.6488       1573     6.5500     2.1207  0.000e+00
     39.372    12.6665   3.819952    32.6464       1574     6.5542     2.1193  0.000e+00
     39.352    12.6719   3.820227    32.6444       1575     6.5583     2.1177  0.000e+00
     39.329    12.6768   3.820891    32.6464       1576     6.5625     2.1172  0.000e+00
     39.311    12.6823   3.822330    32.6554       1577     6.5667     2.1152  0.000e+00
     39.293    12.6920   3.823952    32.6624       1578     6.5708     2.1152  0.000e+00
     39.280    12.7066   3.824834    32.6582       1579     6.5750     2.1139  0.000e+00
     39.264    12.7216   3.826500    32.6610       1580     6.5792     2.1134  0.000e+00
     39.251    12.7377   3.827527    32.6569       1581     6.5833     2.1131  0.000e+00
     39.233    12.7528   3.828003    32.6483       1582     6.5875     2.1142  0.000e+00
     39.210    12.7653   3.828610    32.6433       1583     6.5917     2.1152  0.000e+00
     39.194    12.7754   3.829725    32.6452       1584     6.5958     2.1155  0.000e+00
     39.176    12.7851   3.830157    32.6409       1585     6.6000     2.1166  0.000e+00
     39.156    12.7941   3.830527    32.6366       1586     6.6042     2.1175  0.000e+00
     39.134    12.8015   3.830997    32.6347       1587     6.6083     2.1187  0.000e+00
     39.120    12.8079   3.831717    32.6360       1588     6.6125     2.1191  0.000e+00
     39.100    12.8147   3.832174    32.6345       1589     6.6167     2.1207  0.000e+00
     39.082    12.8208   3.832544    32.6327       1590     6.6208     2.1217  0.000e+00
     39.077    12.8260   3.832500    32.6278       1591     6.6250     2.1216  0.000e+00
     39.059    12.8294   3.832475    32.6246       1592     6.6292     2.1216  0.000e+00
     39.050    12.8311   3.832525    32.6236       1593     6.6333     2.1225  0.000e+00
     39.041    12.8325   3.832688    32.6240       1594     6.6375     2.1230  0.000e+00
     39.030    12.8335   3.832901    32.6251       1595     6.6417     2.1245  0.000e+00
     39.019    12.8355   3.833277    32.6270       1596     6.6458     2.1255  0.000e+00
     39.000    12.8378   3.833484    32.6269       1597     6.6500     2.1245  0.000e+00
     38.982    12.8414   3.833910    32.6279       1598     6.6542     2.1252  0.000e+00
     38.960    12.8449   3.835032    32.6355       1599     6.6583     2.1244  0.000e+00
     38.926    12.8515   3.836894    32.6475       1600     6.6625     2.1247  0.000e+00
     38.895    12.8631   3.837903    32.6471       1601     6.6667     2.1265  0.000e+00
     38.856    12.8758   3.839126    32.6477       1602     6.6708     2.1271  0.000e+00
     38.816    12.8889   3.839834    32.6431       1603     6.6750     2.1277  0.000e+00
     38.775    12.9012   3.840612    32.6399       1604     6.6792     2.1295  0.000e+00
     38.734    12.9113   3.842757    32.6514       1605     6.6833     2.1297  0.000e+00
     38.682    12.9257   3.845957    32.6694       1606     6.6875     2.1305  0.000e+00
     38.629    12.9490   3.848944    32.6775       1607     6.6917     2.1319  0.000e+00
     38.585    12.9786   3.850545    32.6671       1608     6.6958     2.1338  0.000e+00
     38.536    13.0075   3.852918    32.6646       1609     6.7000     2.1357  0.000e+00
     38.493    13.0351   3.855122    32.6617       1610     6.7042     2.1368  0.000e+00
     38.450    13.0614   3.857484    32.6613       1611     6.7083     2.1372  0.000e+00
     38.412    13.0869   3.859325    32.6567       1612     6.7125     2.1397  0.000e+00
     38.381    13.1109   3.861041    32.6523       1613     6.7167     2.1428  0.000e+00
     38.349    13.1330   3.863002    32.6517       1614     6.7208     2.1439  0.000e+00
     38.320    13.1546   3.865950    32.6609       1615     6.7250     2.1456  0.000e+00
     38.299    13.1808   3.868812    32.6653       1616     6.7292     2.1482  0.000e+00
     38.279    13.2111   3.870435    32.6545       1617     6.7333     2.1513  0.000e+00
     38.266    13.2386   3.872272    32.6482       1618     6.7375     2.1535  0.000e+00
     38.257    13.2623   3.874084    32.6449       1619     6.7417     2.1571  0.000e+00
     38.254    13.2854   3.875267    32.6362       1620     6.7458     2.1608  0.000e+00
     38.252    13.3053   3.876394    32.6297       1621     6.7500     2.1627  0.000e+00
     38.252    13.3213   3.877111    32.6227       1622     6.7542     2.1673  0.000e+00
     38.259    13.3339   3.877609    32.6165       1623     6.7583     2.1700  0.000e+00
     38.268    13.3429   3.877678    32.6095       1624     6.7625     2.1724  0.000e+00
     38.274    13.3483   3.877634    32.6045       1625     6.7667     2.1770  0.000e+00
     38.283    13.3505   3.877634    32.6026       1626     6.7708     2.1801  0.000e+00
     38.288    13.3515   3.877772    32.6030       1627     6.7750     2.1822  0.000e+00
