PC2305/sbe043.cnv
* Sea-Bird SBE 19plus V2 Data File:
* FileName = C:\cruise\data\sbe043.hex
* Software Version Seasave V 7.26.7.121
* Temperature SN = 7142
* Conductivity SN = 7142
* System UpLoad Time = Oct 30 2023 22:36:40
** Cruise: PC2205
** Program: ECOMON
# nquan = 8
# nvalues = 2203                                  
# units = specified
# name 0 = depSM: Depth [salt water, m], lat = 40.00
# name 1 = tv290C: Temperature [ITS-90, deg C]
# name 2 = c0S/m: Conductivity [S/m]
# name 3 = sal00: Salinity, Practical [PSU]
# name 4 = scan: Scan Count
# name 5 = timeM: Time, Elapsed [minutes]
# name 6 = sbeox0V: Oxygen raw, SBE 43 [V]
# name 7 = flag:  0.000e+00
# span 0 =     -0.106,     36.142                 
# span 1 =    18.0802,    20.3206                 
# span 2 =   0.000026,   4.764102                 
# span 3 =     0.0098,    34.5235                 
# span 4 =         11,       2213                 
# span 5 =     0.0417,     9.2167                 
# span 6 =     2.5359,     3.0240                 
# span 7 = 0.0000e+00, 0.0000e+00                 
# interval = seconds: 0.25
# start_time = Oct 30 2023 22:36:40 [System UTC, header]
# bad_flag = -9.990e-29
*END*
[from data line 1978]
      9.039    19.4669   4.565314    33.5724       1989     8.2833     2.8905  0.000e+00
      9.038    19.4714   4.566028    33.5747       1990     8.2875     2.8916  0.000e+00
      9.034    19.4765   4.566399    33.5737       1991     8.2917     2.8947  0.000e+00
      9.034    19.4811   4.567086    33.5756       1992     8.2958     2.8946  0.000e+00
      9.030    19.4858   4.568737    33.5854       1993     8.3000     2.8953  0.000e+00
      9.021    19.4928   4.569855    33.5890       1994     8.3042     2.8949  0.000e+00
      9.011    19.5016   4.570118    33.5841       1995     8.3083     2.8954  0.000e+00
      8.996    19.5095   4.569302    33.5710       1996     8.3125     2.8959  0.000e+00
      8.980    19.5125   4.568447    33.5616       1997     8.3167     2.8951  0.000e+00
      8.949    19.5111   4.567651    33.5562       1998     8.3208     2.8963  0.000e+00
      8.914    19.5068   4.566957    33.5539       1999     8.3250     2.8967  0.000e+00
      8.861    19.5017   4.566654    33.5555       2000     8.3292     2.8966  0.000e+00
      8.817    19.4970   4.567328    33.5649       2001     8.3333     2.8973  0.000e+00
      8.766    19.4956   4.569053    33.5802       2002     8.3375     2.8984  0.000e+00
      8.719    19.5002   4.569457    33.5799       2003     8.3417     2.8992  0.000e+00
      8.667    19.5072   4.569505    33.5747       2004     8.3458     2.8993  0.000e+00
      8.624    19.5110   4.569882    33.5747       2005     8.3500     2.8975  0.000e+00
      8.588    19.5136   4.569983    33.5735       2006     8.3542     2.8972  0.000e+00
      8.551    19.5157   4.570387    33.5751       2007     8.3583     2.8960  0.000e+00
      8.525    19.5182   4.570596    33.5749       2008     8.3625     2.8969  0.000e+00
      8.493    19.5203   4.570414    33.5716       2009     8.3667     2.8949  0.000e+00
      8.462    19.5215   4.570333    33.5701       2010     8.3708     2.8938  0.000e+00
      8.425    19.5218   4.569747    33.5650       2011     8.3750     2.8922  0.000e+00
      8.374    19.5204   4.571621    33.5815       2012     8.3792     2.8935  0.000e+00
      8.317    19.5244   4.573548    33.5942       2013     8.3833     2.8960  0.000e+00
      8.258    19.5338   4.574694    33.5961       2014     8.3875     2.8960  0.000e+00
      8.198    19.5447   4.574108    33.5825       2015     8.3917     2.8944  0.000e+00
      8.139    19.5502   4.574526    33.5816       2016     8.3958     2.8920  0.000e+00
      8.094    19.5528   4.574289    33.5775       2017     8.4000     2.8908  0.000e+00
      8.080    19.5541   4.574161    33.5755       2018     8.4042     2.8910  0.000e+00
      8.076    19.5545   4.574080    33.5745       2019     8.4083     2.8909  0.000e+00
      8.082    19.5542   4.574067    33.5746       2020     8.4125     2.8905  0.000e+00
      8.100    19.5535   4.573892    33.5737       2021     8.4167     2.8928  0.000e+00
      8.117    19.5529   4.573548    33.5714       2022     8.4208     2.8948  0.000e+00
      8.143    19.5511   4.572988    33.5682       2023     8.4250     2.8957  0.000e+00
      8.164    19.5483   4.572712    33.5682       2024     8.4292     2.8952  0.000e+00
      8.175    19.5456   4.572166    33.5659       2025     8.4333     2.8954  0.000e+00
      8.177    19.5425   4.571526    33.5630       2026     8.4375     2.8967  0.000e+00
      8.161    19.5385   4.570495    33.5578       2027     8.4417     2.8953  0.000e+00
      8.126    19.5329   4.569430    33.5536       2028     8.4458     2.8960  0.000e+00
      8.085    19.5258   4.568790    33.5540       2029     8.4500     2.8954  0.000e+00
      8.022    19.5187   4.569828    33.5683       2030     8.4542     2.8966  0.000e+00
      7.940    19.5164   4.570475    33.5755       2031     8.4583     2.8965  0.000e+00
      7.852    19.5173   4.573919    33.6032       2032     8.4625     2.8970  0.000e+00
      7.765    19.5261   4.575598    33.6099       2033     8.4667     2.8974  0.000e+00
      7.679    19.5417   4.575968    33.6004       2034     8.4708     2.8987  0.000e+00
      7.589    19.5539   4.577708    33.6050       2035     8.4750     2.8979  0.000e+00
      7.512    19.5650   4.577114    33.5912       2036     8.4792     2.8989  0.000e+00
      7.442    19.5722   4.577269    33.5867       2037     8.4833     2.8989  0.000e+00
      7.383    19.5760   4.577168    33.5829       2038     8.4875     2.8991  0.000e+00
      7.339    19.5779   4.577249    33.5819       2039     8.4917     2.8990  0.000e+00
      7.300    19.5790   4.577377    33.5821       2040     8.4958     2.8989  0.000e+00
      7.273    19.5797   4.577458    33.5822       2041     8.5000     2.8994  0.000e+00
      7.250    19.5806   4.577647    33.5831       2042     8.5042     2.8993  0.000e+00
      7.224    19.5813   4.577660    33.5827       2043     8.5083     2.8973  0.000e+00
      7.201    19.5823   4.577647    33.5817       2044     8.5125     2.8957  0.000e+00
      7.174    19.5827   4.577674    33.5817       2045     8.5167     2.8933  0.000e+00
      7.144    19.5831   4.577917    33.5834       2046     8.5208     2.8921  0.000e+00
      7.113    19.5835   4.578018    33.5839       2047     8.5250     2.8941  0.000e+00
      7.079    19.5844   4.578787    33.5895       2048     8.5292     2.8963  0.000e+00
      7.032    19.5869   4.579751    33.5954       2049     8.5333     2.8964  0.000e+00
      6.989    19.5915   4.580493    33.5978       2050     8.5375     2.8986  0.000e+00
      6.942    19.5975   4.580972    33.5970       2051     8.5417     2.8982  0.000e+00
      6.901    19.6029   4.581134    33.5939       2052     8.5458     2.8970  0.000e+00
      6.870    19.6070   4.580682    33.5870       2053     8.5500     2.8980  0.000e+00
      6.843    19.6084   4.580695    33.5859       2054     8.5542     2.8970  0.000e+00
      6.816    19.6088   4.580493    33.5840       2055     8.5583     2.8966  0.000e+00
      6.795    19.6084   4.580655    33.5856       2056     8.5625     2.8959  0.000e+00
      6.779    19.6080   4.581410    33.5921       2057     8.5667     2.8957  0.000e+00
      6.766    19.6097   4.582415    33.5991       2058     8.5708     2.8946  0.000e+00
      6.754    19.6138   4.582921    33.5999       2059     8.5750     2.8945  0.000e+00
      6.741    19.6190   4.583292    33.5988       2060     8.5792     2.8930  0.000e+00
      6.730    19.6236   4.583454    33.5965       2061     8.5833     2.8931  0.000e+00
      6.719    19.6272   4.583184    33.5914       2062     8.5875     2.8934  0.000e+00
      6.703    19.6286   4.582975    33.5885       2063     8.5917     2.8925  0.000e+00
      6.691    19.6286   4.582651    33.5858       2064     8.5958     2.8935  0.000e+00
      6.676    19.6275   4.582611    33.5864       2065     8.6000     2.8910  0.000e+00
      6.658    19.6264   4.582894    33.5896       2066     8.6042     2.8904  0.000e+00
      6.633    19.6261   4.583211    33.5925       2067     8.6083     2.8920  0.000e+00
      6.606    19.6272   4.582995    33.5898       2068     8.6125     2.8925  0.000e+00
      6.570    19.6275   4.583103    33.5905       2069     8.6167     2.8958  0.000e+00
      6.529    19.6281   4.583690    33.5949       2070     8.6208     2.8953  0.000e+00
      6.468    19.6297   4.584014    33.5962       2071     8.6250     2.8965  0.000e+00
      6.401    19.6325   4.584480    33.5978       2072     8.6292     2.8963  0.000e+00
      6.328    19.6356   4.584655    33.5968       2073     8.6333     2.8966  0.000e+00
      6.250    19.6382   4.585343    33.6004       2074     8.6375     2.8955  0.000e+00
      6.168    19.6413   4.584783    33.5934       2075     8.6417     2.8952  0.000e+00
      6.085    19.6430   4.584196    33.5872       2076     8.6458     2.8963  0.000e+00
      5.999    19.6417   4.584385    33.5898       2077     8.6500     2.8951  0.000e+00
      5.920    19.6406   4.583744    33.5854       2078     8.6542     2.8964  0.000e+00
      5.846    19.6392   4.582894    33.5796       2079     8.6583     2.8971  0.000e+00
      5.776    19.6347   4.583292    33.5866       2080     8.6625     2.8973  0.000e+00
      5.715    19.6320   4.583562    33.5910       2081     8.6667     2.8980  0.000e+00
      5.656    19.6313   4.583022    33.5871       2082     8.6708     2.8986  0.000e+00
      5.618    19.6307   4.582975    33.5872       2083     8.6750     2.8997  0.000e+00
      5.587    19.6297   4.582624    33.5851       2084     8.6792     2.8984  0.000e+00
      5.568    19.6283   4.582786    33.5876       2085     8.6833     2.8963  0.000e+00
      5.555    19.6270   4.583582    33.5952       2086     8.6875     2.8950  0.000e+00
      5.542    19.6283   4.583987    33.5975       2087     8.6917     2.8941  0.000e+00
      5.528    19.6308   4.584095    33.5963       2088     8.6958     2.8912  0.000e+00
      5.519    19.6332   4.584122    33.5946       2089     8.7000     2.8886  0.000e+00
      5.505    19.6351   4.584277    33.5944       2090     8.7042     2.8894  0.000e+00
      5.487    19.6363   4.584277    33.5934       2091     8.7083     2.8895  0.000e+00
      5.463    19.6377   4.584041    33.5904       2092     8.7125     2.8902  0.000e+00
      5.435    19.6373   4.583069    33.5827       2093     8.7167     2.8917  0.000e+00
      5.406    19.6349   4.582226    33.5777       2094     8.7208     2.8935  0.000e+00
      5.377    19.6303   4.581639    33.5766       2095     8.7250     2.8937  0.000e+00
      5.348    19.6247   4.581666    33.5814       2096     8.7292     2.8938  0.000e+00
      5.311    19.6209   4.581996    33.5872       2097     8.7333     2.8969  0.000e+00
      5.273    19.6194   4.583103    33.5974       2098     8.7375     2.8969  0.000e+00
      5.219    19.6218   4.583771    33.6010       2099     8.7417     2.8969  0.000e+00
      5.156    19.6259   4.584985    33.6077       2100     8.7458     2.8961  0.000e+00
      5.086    19.6318   4.586092    33.6121       2101     8.7500     2.8954  0.000e+00
      5.011    19.6403   4.586470    33.6084       2102     8.7542     2.8934  0.000e+00
      4.937    19.6479   4.586038    33.5988       2103     8.7583     2.8961  0.000e+00
      4.874    19.6515   4.586166    33.5970       2104     8.7625     2.8976  0.000e+00
      4.815    19.6534   4.585883    33.5931       2105     8.7667     2.8984  0.000e+00
      4.768    19.6528   4.585910    33.5938       2106     8.7708     2.8980  0.000e+00
      4.730    19.6526   4.585781    33.5930       2107     8.7750     2.9000  0.000e+00
      4.712    19.6521   4.585829    33.5937       2108     8.7792     2.9019  0.000e+00
      4.698    19.6519   4.585856    33.5941       2109     8.7833     2.9032  0.000e+00
      4.698    19.6517   4.585883    33.5945       2110     8.7875     2.9043  0.000e+00
      4.701    19.6520   4.585957    33.5949       2111     8.7917     2.9033  0.000e+00
      4.700    19.6520   4.586011    33.5953       2112     8.7958     2.9034  0.000e+00
      4.700    19.6523   4.586092    33.5958       2113     8.8000     2.9014  0.000e+00
      4.691    19.6528   4.586166    33.5959       2114     8.8042     2.8966  0.000e+00
      4.671    19.6531   4.586200    33.5960       2115     8.8083     2.8944  0.000e+00
      4.630    19.6538   4.586065    33.5943       2116     8.8125     2.8933  0.000e+00
      4.572    19.6539   4.584863    33.5844       2117     8.8167     2.8939  0.000e+00
      4.488    19.6508   4.581004    33.5553       2118     8.8208     2.8930  0.000e+00
      4.383    19.6387   4.581348    33.5678       2119     8.8250     2.8928  0.000e+00
      4.288    19.6269   4.582387    33.5859       2120     8.8292     2.8935  0.000e+00
      4.209    19.6228   4.583352    33.5971       2121     8.8333     2.8938  0.000e+00
      4.146    19.6247   4.583372    33.5958       2122     8.8375     2.8943  0.000e+00
      4.094    19.6271   4.582677    33.5882       2123     8.8417     2.8964  0.000e+00
      4.053    19.6270   4.583102    33.5918       2124     8.8458     2.8977  0.000e+00
      4.011    19.6275   4.583149    33.5918       2125     8.8500     2.8988  0.000e+00
      3.981    19.6283   4.583102    33.5908       2126     8.8542     2.8983  0.000e+00
      3.952    19.6286   4.582839    33.5883       2127     8.8583     2.8975  0.000e+00
      3.914    19.6283   4.582691    33.5874       2128     8.8625     2.8973  0.000e+00
      3.868    19.6273   4.582677    33.5881       2129     8.8667     2.8974  0.000e+00
      3.832    19.6265   4.582731    33.5892       2130     8.8708     2.8990  0.000e+00
      3.794    19.6261   4.582866    33.5906       2131     8.8750     2.8996  0.000e+00
      3.758    19.6264   4.582920    33.5909       2132     8.8792     2.9009  0.000e+00
      3.715    19.6267   4.582441    33.5867       2133     8.8833     2.8993  0.000e+00
      3.672    19.6259   4.581908    33.5830       2134     8.8875     2.8987  0.000e+00
      3.618    19.6237   4.581321    33.5800       2135     8.8917     2.9002  0.000e+00
      3.555    19.6203   4.581004    33.5801       2136     8.8958     2.8992  0.000e+00
      3.478    19.6169   4.581132    33.5839       2137     8.9000     2.8982  0.000e+00
      3.400    19.6148   4.584249    33.6112       2138     8.9042     2.8986  0.000e+00
      3.316    19.6222   4.584708    33.6090       2139     8.9083     2.8986  0.000e+00
      3.249    19.6320   4.585079    33.6043       2140     8.9125     2.8987  0.000e+00
      3.181    19.6378   4.585268    33.6011       2141     8.9167     2.8997  0.000e+00
      3.134    19.6428   4.585214    33.5967       2142     8.9208     2.9006  0.000e+00
      3.117    19.6454   4.585909    33.6003       2143     8.9250     2.9025  0.000e+00
      3.109    19.6476   4.586226    33.6012       2144     8.9292     2.9033  0.000e+00
      3.109    19.6505   4.586199    33.5987       2145     8.9333     2.9040  0.000e+00
      3.115    19.6526   4.585092    33.5878       2146     8.9375     2.9062  0.000e+00
      3.113    19.6537   4.586010    33.5945       2147     8.9417     2.9054  0.000e+00
      3.097    19.6538   4.585929    33.5938       2148     8.9458     2.9034  0.000e+00
      3.072    19.6534   4.585882    33.5937       2149     8.9500     2.9023  0.000e+00
      3.025    19.6528   4.585706    33.5928       2150     8.9542     2.9028  0.000e+00
      2.980    19.6524   4.585666    33.5928       2151     8.9583     2.9031  0.000e+00
      2.919    19.6515   4.585639    33.5933       2152     8.9625     2.9024  0.000e+00
      2.861    19.6511   4.585497    33.5925       2153     8.9667     2.9027  0.000e+00
      2.807    19.6508   4.586280    33.5992       2154     8.9708     2.9029  0.000e+00
      2.757    19.6518   4.585801    33.5944       2155     8.9750     2.9020  0.000e+00
      2.710    19.6525   4.585504    33.5915       2156     8.9792     2.9016  0.000e+00
      2.674    19.6517   4.585342    33.5908       2157     8.9833     2.9016  0.000e+00
      2.642    19.6504   4.584863    33.5879       2158     8.9875     2.8994  0.000e+00
      2.621    19.6481   4.584410    33.5860       2159     8.9917     2.8987  0.000e+00
      2.606    19.6455   4.583655    33.5819       2160     8.9958     2.8968  0.000e+00
      2.601    19.6414   4.583155    33.5811       2161     9.0000     2.8965  0.000e+00
      2.576    19.6370   4.582919    33.5827       2162     9.0042     2.8951  0.000e+00
      2.541    19.6330   4.582838    33.5853       2163     9.0083     2.8943  0.000e+00
      2.502    19.6303   4.582811    33.5872       2164     9.0125     2.8945  0.000e+00
      2.432    19.6285   4.582386    33.5852       2165     9.0167     2.8951  0.000e+00
      2.337    19.6268   4.581401    33.5786       2166     9.0208     2.8964  0.000e+00
      2.213    19.6230   4.580949    33.5779       2167     9.0250     2.8976  0.000e+00
