PC2305/sbe037.cnv
* Sea-Bird SBE 19plus V2 Data File:
* FileName = C:\cruise\data\sbe037.hex
* Software Version Seasave V 7.26.7.121
* Temperature SN = 7142
* Conductivity SN = 7142
* System UpLoad Time = Oct 30 2023 10:58:49
** Cruise: PC2205
** Program: ECOMON
# nquan = 8
# nvalues = 1586                                  
# units = specified
# name 0 = depSM: Depth [salt water, m], lat = 40.00
# name 1 = tv290C: Temperature [ITS-90, deg C]
# name 2 = c0S/m: Conductivity [S/m]
# name 3 = sal00: Salinity, Practical [PSU]
# name 4 = scan: Scan Count
# name 5 = timeM: Time, Elapsed [minutes]
# name 6 = sbeox0V: Oxygen raw, SBE 43 [V]
# name 7 = flag:  0.000e+00
# span 0 =     -0.097,     71.349                 
# span 1 =    13.8331,    18.6279                 
# span 2 =   0.000040,   4.370137                 
# span 3 =     0.0094,    33.5301                 
# span 4 =         11,       1596                 
# span 5 =     0.0417,     6.6458                 
# span 6 =     1.8517,     3.0240                 
# span 7 = 0.0000e+00, 0.0000e+00                 
# interval = seconds: 0.25
# start_time = Oct 30 2023 10:58:49 [System UTC, header]
# bad_flag = -9.990e-29
*END*
[from data line 360]
     44.903    17.0291   4.290658    33.2267        371     1.5417     2.5536  0.000e+00
     45.039    16.9684   4.286840    33.2437        372     1.5458     2.5382  0.000e+00
     45.174    16.9175   4.283291    33.2550        373     1.5500     2.5205  0.000e+00
     45.314    16.8740   4.274316    33.2129        374     1.5542     2.5063  0.000e+00
     45.465    16.8202   4.269520    33.2157        375     1.5583     2.4905  0.000e+00
     45.627    16.7643   4.256880    33.1519        376     1.5625     2.4728  0.000e+00
     45.801    16.6971   4.255624    33.1965        377     1.5667     2.4551  0.000e+00
     45.972    16.6372   4.258969    33.2753        378     1.5708     2.4402  0.000e+00
     46.154    16.6129   4.251538    33.2305        379     1.5750     2.4249  0.000e+00
     46.342    16.5850   4.244759    33.1944        380     1.5792     2.4136  0.000e+00
     46.542    16.5399   4.241323    33.2018        381     1.5833     2.4027  0.000e+00
     46.743    16.4928   4.230740    33.1481        382     1.5875     2.3907  0.000e+00
     46.946    16.4399   4.237204    33.2487        383     1.5917     2.3818  0.000e+00
     47.149    16.4076   4.238327    33.2854        384     1.5958     2.3731  0.000e+00
     47.351    16.4062   4.229488    33.2089        385     1.6000     2.3660  0.000e+00
     47.545    16.3838   4.225894    33.1960        386     1.6042     2.3587  0.000e+00
     47.735    16.3409   4.219889    33.1788        387     1.6083     2.3504  0.000e+00
     47.915    16.2946   4.218788    33.2076        388     1.6125     2.3443  0.000e+00
     48.100    16.2588   4.212526    33.1823        389     1.6167     2.3383  0.000e+00
     48.273    16.2164   4.209336    33.1895        390     1.6208     2.3332  0.000e+00
     48.444    16.1743   4.205950    33.1948        391     1.6250     2.3252  0.000e+00
     48.611    16.1339   4.200536    33.1806        392     1.6292     2.3187  0.000e+00
     48.767    16.0886   4.193408    33.1556        393     1.6333     2.3122  0.000e+00
     48.922    16.0326   4.189515    33.1678        394     1.6375     2.3055  0.000e+00
     49.076    15.9769   4.184220    33.1675        395     1.6417     2.2979  0.000e+00
     49.225    15.9210   4.177778    33.1571        396     1.6458     2.2886  0.000e+00
     49.369    15.8584   4.171199    33.1511        397     1.6500     2.2799  0.000e+00
     49.513    15.7955   4.168190    33.1771        398     1.6542     2.2704  0.000e+00
     49.659    15.7401   4.163930    33.1856        399     1.6583     2.2604  0.000e+00
     49.804    15.6912   4.158461    33.1780        400     1.6625     2.2501  0.000e+00
     49.950    15.6378   4.156278    33.2034        401     1.6667     2.2407  0.000e+00
     50.101    15.5937   4.148482    33.1709        402     1.6708     2.2299  0.000e+00
     50.261    15.5438   4.144218    33.1747        403     1.6750     2.2216  0.000e+00
     50.414    15.4906   4.140453    33.1859        404     1.6792     2.2104  0.000e+00
     50.575    15.4436   4.140286    33.2239        405     1.6833     2.2014  0.000e+00
     50.737    15.4090   4.134331    33.1997        406     1.6875     2.1921  0.000e+00
     50.901    15.3754   4.132076    33.2078        407     1.6917     2.1842  0.000e+00
     51.061    15.3394   4.129007    33.2107        408     1.6958     2.1756  0.000e+00
     51.230    15.3077   4.128284    33.2309        409     1.7000     2.1678  0.000e+00
     51.397    15.2809   4.125946    33.2325        410     1.7042     2.1600  0.000e+00
     51.562    15.2576   4.123525    33.2304        411     1.7083     2.1523  0.000e+00
     51.729    15.2346   4.123422    33.2490        412     1.7125     2.1451  0.000e+00
     51.895    15.2167   4.123203    33.2621        413     1.7167     2.1379  0.000e+00
     52.063    15.2072   4.122131    33.2604        414     1.7208     2.1325  0.000e+00
     52.238    15.1984   4.121247    33.2598        415     1.7250     2.1260  0.000e+00
     52.414    15.1876   4.118923    33.2480        416     1.7292     2.1196  0.000e+00
     52.590    15.1717   4.116923    33.2434        417     1.7333     2.1139  0.000e+00
     52.772    15.1534   4.117356    33.2627        418     1.7375     2.1101  0.000e+00
     52.951    15.1410   4.115846    33.2596        419     1.7417     2.1047  0.000e+00
     53.133    15.1307   4.114478    33.2560        420     1.7458     2.0983  0.000e+00
     53.313    15.1179   4.113795    33.2606        421     1.7500     2.0963  0.000e+00
     53.491    15.1047   4.110648    33.2433        422     1.7542     2.0919  0.000e+00
     53.672    15.0847   4.107153    33.2287        423     1.7583     2.0886  0.000e+00
     53.854    15.0575   4.105922    33.2407        424     1.7625     2.0833  0.000e+00
     54.030    15.0288   4.102681    33.2357        425     1.7667     2.0805  0.000e+00
     54.208    14.9999   4.098307    33.2206        426     1.7708     2.0775  0.000e+00
     54.380    14.9636   4.098334    33.2517        427     1.7750     2.0735  0.000e+00
     54.553    14.9349   4.095346    33.2490        428     1.7792     2.0694  0.000e+00
     54.725    14.9072   4.089064    33.2155        429     1.7833     2.0668  0.000e+00
     54.902    14.8640   4.088614    33.2482        430     1.7875     2.0621  0.000e+00
     55.071    14.8248   4.086254    33.2602        431     1.7917     2.0568  0.000e+00
     55.236    14.7938   4.082524    33.2527        432     1.7958     2.0517  0.000e+00
     55.410    14.7590   4.081103    33.2694        433     1.8000     2.0480  0.000e+00
     55.576    14.7263   4.076315    33.2537        434     1.8042     2.0418  0.000e+00
     55.743    14.6923   4.069229    33.2182        435     1.8083     2.0382  0.000e+00
     55.910    14.6426   4.058524    33.1629        436     1.8125     2.0306  0.000e+00
     56.075    14.5738   4.053221    33.1732        437     1.8167     2.0248  0.000e+00
     56.241    14.5012   4.046825    33.1768        438     1.8208     2.0193  0.000e+00
     56.413    14.4362   4.044366    33.2099        439     1.8250     2.0123  0.000e+00
     56.582    14.3814   4.041638    33.2318        440     1.8292     2.0071  0.000e+00
     56.751    14.3355   4.035960    33.2191        441     1.8333     2.0002  0.000e+00
     56.927    14.2893   4.030624    33.2097        442     1.8375     1.9942  0.000e+00
     57.109    14.2403   4.024198    33.1926        443     1.8417     1.9872  0.000e+00
     57.289    14.1823   4.021751    33.2199        444     1.8458     1.9822  0.000e+00
     57.472    14.1338   4.018333    33.2301        445     1.8500     1.9777  0.000e+00
     57.655    14.0913   4.015676    33.2422        446     1.8542     1.9716  0.000e+00
     57.837    14.0511   4.014163    33.2628        447     1.8583     1.9655  0.000e+00
     58.020    14.0172   4.013876    33.2894        448     1.8625     1.9592  0.000e+00
     58.200    13.9949   4.012242    33.2934        449     1.8667     1.9544  0.000e+00
     58.372    13.9739   4.012363    33.3127        450     1.8708     1.9506  0.000e+00
     58.545    13.9596   4.011655    33.3185        451     1.8750     1.9439  0.000e+00
     58.716    13.9482   4.009995    33.3129        452     1.8792     1.9406  0.000e+00
     58.887    13.9323   4.010021    33.3269        453     1.8833     1.9358  0.000e+00
     59.057    13.9195   4.009619    33.3341        454     1.8875     1.9311  0.000e+00
     59.226    13.9099   4.009428    33.3407        455     1.8917     1.9273  0.000e+00
     59.395    13.9020   4.011037    33.3624        456     1.8958     1.9239  0.000e+00
     59.561    13.8994   4.012295    33.3763        457     1.9000     1.9194  0.000e+00
     59.730    13.9029   4.014760    33.3960        458     1.9042     1.9173  0.000e+00
     59.904    13.9117   4.016938    33.4085        459     1.9083     1.9149  0.000e+00
     60.073    13.9242   4.017461    33.4024        460     1.9125     1.9114  0.000e+00
     60.254    13.9356   4.019097    33.4076        461     1.9167     1.9086  0.000e+00
     60.436    13.9454   4.023155    33.4367        462     1.9208     1.9056  0.000e+00
     60.619    13.9598   4.025821    33.4488        463     1.9250     1.9049  0.000e+00
     60.812    13.9801   4.028864    33.4592        464     1.9292     1.9016  0.000e+00
     61.004    14.0002   4.033675    33.4862        465     1.9333     1.8988  0.000e+00
     61.193    14.0226   4.037566    33.5027        466     1.9375     1.8975  0.000e+00
     61.385    14.0459   4.039282    33.4983        467     1.9417     1.8975  0.000e+00
     61.577    14.0646   4.042624    33.5128        468     1.9458     1.8958  0.000e+00
     61.764    14.0821   4.043034    33.5014        469     1.9500     1.8937  0.000e+00
     61.948    14.0937   4.043489    33.4954        470     1.9542     1.8928  0.000e+00
     62.131    14.1002   4.044513    33.4991        471     1.9583     1.8904  0.000e+00
     62.307    14.1052   4.044968    33.4989        472     1.9625     1.8881  0.000e+00
     62.480    14.1088   4.045327    33.4990        473     1.9667     1.8875  0.000e+00
     62.650    14.1103   4.045327    33.4976        474     1.9708     1.8855  0.000e+00
     62.819    14.1104   4.045378    33.4979        475     1.9750     1.8841  0.000e+00
     62.988    14.1103   4.044898    33.4936        476     1.9792     1.8823  0.000e+00
     63.154    14.1086   4.044898    33.4949        477     1.9833     1.8805  0.000e+00
     63.317    14.1059   4.044206    33.4908        478     1.9875     1.8806  0.000e+00
     63.483    14.1017   4.043867    33.4913        479     1.9917     1.8789  0.000e+00
     63.655    14.0969   4.043726    33.4941        480     1.9958     1.8782  0.000e+00
     63.824    14.0932   4.044662    33.5059        481     2.0000     1.8764  0.000e+00
     63.999    14.0940   4.044111    33.5000        482     2.0042     1.8755  0.000e+00
     64.177    14.0946   4.043778    33.4963        483     2.0083     1.8758  0.000e+00
     64.354    14.0930   4.043509    33.4952        484     2.0125     1.8740  0.000e+00
     64.541    14.0904   4.042817    33.4909        485     2.0167     1.8736  0.000e+00
     64.730    14.0862   4.041959    33.4866        486     2.0208     1.8735  0.000e+00
     64.921    14.0804   4.041408    33.4865        487     2.0250     1.8733  0.000e+00
     65.117    14.0744   4.041434    33.4919        488     2.0292     1.8729  0.000e+00
     65.307    14.0697   4.040884    33.4908        489     2.0333     1.8736  0.000e+00
     65.491    14.0657   4.040743    33.4929        490     2.0375     1.8723  0.000e+00
     65.668    14.0624   4.040647    33.4948        491     2.0417     1.8705  0.000e+00
     65.836    14.0600   4.040288    33.4935        492     2.0458     1.8692  0.000e+00
     66.003    14.0579   4.039975    33.4924        493     2.0500     1.8686  0.000e+00
     66.170    14.0553   4.039238    33.4878        494     2.0542     1.8678  0.000e+00
     66.341    14.0512   4.038995    33.4890        495     2.0583     1.8676  0.000e+00
     66.512    14.0476   4.038451    33.4870        496     2.0625     1.8663  0.000e+00
     66.680    14.0441   4.038733    33.4926        497     2.0667     1.8665  0.000e+00
     66.862    14.0421   4.038759    33.4945        498     2.0708     1.8649  0.000e+00
     67.040    14.0415   4.038637    33.4938        499     2.0750     1.8633  0.000e+00
     67.225    14.0409   4.038234    33.4906        500     2.0792     1.8630  0.000e+00
     67.410    14.0393   4.037997    33.4897        501     2.0833     1.8620  0.000e+00
     67.595    14.0373   4.037684    33.4885        502     2.0875     1.8623  0.000e+00
     67.790    14.0347   4.037472    33.4886        503     2.0917     1.8607  0.000e+00
     67.984    14.0325   4.037351    33.4894        504     2.0958     1.8614  0.000e+00
     68.178    14.0309   4.037210    33.4894        505     2.1000     1.8616  0.000e+00
     68.368    14.0294   4.036730    33.4862        506     2.1042     1.8608  0.000e+00
     68.562    14.0270   4.036589    33.4868        507     2.1083     1.8606  0.000e+00
     68.757    14.0250   4.036538    33.4881        508     2.1125     1.8610  0.000e+00
     68.944    14.0234   4.036353    33.4877        509     2.1167     1.8602  0.000e+00
     69.134    14.0220   4.036302    33.4883        510     2.1208     1.8596  0.000e+00
     69.319    14.0212   4.036327    33.4892        511     2.1250     1.8598  0.000e+00
     69.499    14.0208   4.036135    33.4877        512     2.1292     1.8598  0.000e+00
     69.681    14.0201   4.035681    33.4840        513     2.1333     1.8595  0.000e+00
     69.848    14.0179   4.035489    33.4841        514     2.1375     1.8604  0.000e+00
     70.015    14.0155   4.035393    33.4853        515     2.1417     1.8589  0.000e+00
     70.175    14.0138   4.035278    33.4856        516     2.1458     1.8575  0.000e+00
     70.335    14.0124   4.035157    33.4856        517     2.1500     1.8578  0.000e+00
     70.493    14.0108   4.034875    33.4844        518     2.1542     1.8586  0.000e+00
     70.653    14.0090   4.034946    33.4865        519     2.1583     1.8575  0.000e+00
     70.818    14.0076   4.034895    33.4871        520     2.1625     1.8575  0.000e+00
     70.987    14.0070   4.035157    33.4900        521     2.1667     1.8556  0.000e+00
     71.182    14.0071   4.035157    33.4899        522     2.1708     1.8557  0.000e+00
     71.288    14.0080   4.034300    33.4811        523     2.1750     1.8555  0.000e+00
     71.349    14.0057   4.034159    33.4818        524     2.1792     1.8568  0.000e+00
     71.349    14.0021   4.034396    33.4871        525     2.1833     1.8568  0.000e+00
     71.307    14.0011   4.034108    33.4854        526     2.1875     1.8562  0.000e+00
     71.284    13.9998   4.033705    33.4827        527     2.1917     1.8564  0.000e+00
     71.304    13.9976   4.033775    33.4853        528     2.1958     1.8554  0.000e+00
     71.329    13.9958   4.033801    33.4870        529     2.2000     1.8571  0.000e+00
     71.345    13.9955   4.033801    33.4874        530     2.2042     1.8556  0.000e+00
     71.302    13.9954   4.033609    33.4857        531     2.2083     1.8559  0.000e+00
     71.207    13.9951   4.033397    33.4840        532     2.2125     1.8559  0.000e+00
     71.119    13.9940   4.033372    33.4848        533     2.2167     1.8562  0.000e+00
     71.016    13.9932   4.033250    33.4844        534     2.2208     1.8554  0.000e+00
     70.932    13.9922   4.033225    33.4851        535     2.2250     1.8560  0.000e+00
     70.845    13.9914   4.033250    33.4860        536     2.2292     1.8556  0.000e+00
     70.763    13.9913   4.033250    33.4861        537     2.2333     1.8552  0.000e+00
     70.682    13.9913   4.033109    33.4849        538     2.2375     1.8543  0.000e+00
     70.601    13.9906   4.032943    33.4839        539     2.2417     1.8545  0.000e+00
     70.529    13.9891   4.032962    33.4855        540     2.2458     1.8541  0.000e+00
     70.455    13.9879   4.032988    33.4868        541     2.2500     1.8533  0.000e+00
     70.385    13.9878   4.032917    33.4863        542     2.2542     1.8538  0.000e+00
     70.317    13.9876   4.032847    33.4858        543     2.2583     1.8550  0.000e+00
     70.240    13.9873   4.032821    33.4859        544     2.2625     1.8542  0.000e+00
     70.166    13.9865   4.032751    33.4859        545     2.2667     1.8550  0.000e+00
     70.081    13.9862   4.032706    33.4858        546     2.2708     1.8540  0.000e+00
     69.992    13.9860   4.032706    33.4860        547     2.2750     1.8551  0.000e+00
     69.902    13.9859   4.032751    33.4865        548     2.2792     1.8542  0.000e+00
     69.805    13.9858   4.032706    33.4862        549     2.2833     1.8551  0.000e+00
