PC2305/sbe008.cnv
* Sea-Bird SBE 19plus V2 Data File:
* FileName = C:\cruise\data\sbe008.hex
* Software Version Seasave V 7.26.7.121
* Temperature SN = 7142
* Conductivity SN = 7142
* System UpLoad Time = Oct 28 2023 00:31:02
** Cruise: PC2205
** Program: ECOMON
# nquan = 8
# nvalues = 1180                                  
# units = specified
# name 0 = depSM: Depth [salt water, m], lat = 40.00
# name 1 = tv290C: Temperature [ITS-90, deg C]
# name 2 = c0S/m: Conductivity [S/m]
# name 3 = sal00: Salinity, Practical [PSU]
# name 4 = scan: Scan Count
# name 5 = timeM: Time, Elapsed [minutes]
# name 6 = sbeox0V: Oxygen raw, SBE 43 [V]
# name 7 = flag:  0.000e+00
# span 0 =     -0.046,     36.827                 
# span 1 =    15.5138,    16.0133                 
# span 2 =   0.000003,   3.985892                 
# span 3 =     0.0082,    31.6526                 
# span 4 =         11,       1190                 
# span 5 =     0.0417,     4.9542                 
# span 6 =     2.0014,     2.9044                 
# span 7 = 0.0000e+00, 0.0000e+00                 
# interval = seconds: 0.25
# start_time = Oct 28 2023 00:31:02 [System UTC, header]
# bad_flag = -9.990e-29
*END*
[from data line 899]
     10.900    15.6670   3.963752    31.4835        910     3.7875     2.8580  0.000e+00
     10.858    15.6681   3.964985    31.4935        911     3.7917     2.8571  0.000e+00
     10.820    15.6714   3.967018    31.5089        912     3.7958     2.8566  0.000e+00
     10.774    15.6814   3.969637    31.5241        913     3.8000     2.8578  0.000e+00
     10.729    15.6989   3.969891    31.5124        914     3.8042     2.8582  0.000e+00
     10.675    15.7123   3.970851    31.5102        915     3.8083     2.8600  0.000e+00
     10.617    15.7230   3.971346    31.5061        916     3.8125     2.8617  0.000e+00
     10.553    15.7310   3.969592    31.4843        917     3.8167     2.8630  0.000e+00
     10.490    15.7314   3.969147    31.4800        918     3.8208     2.8657  0.000e+00
     10.427    15.7271   3.968937    31.4816        919     3.8250     2.8687  0.000e+00
     10.360    15.7229   3.969051    31.4860        920     3.8292     2.8724  0.000e+00
     10.299    15.7209   3.969229    31.4892        921     3.8333     2.8753  0.000e+00
     10.233    15.7207   3.970037    31.4965        922     3.8375     2.8781  0.000e+00
     10.165    15.7228   3.970526    31.4992        923     3.8417     2.8790  0.000e+00
     10.096    15.7273   3.970876    31.4988        924     3.8458     2.8797  0.000e+00
     10.026    15.7318   3.969661    31.4845        925     3.8500     2.8808  0.000e+00
      9.958    15.7308   3.967138    31.4629        926     3.8542     2.8832  0.000e+00
      9.891    15.7216   3.967043    31.4694        927     3.8583     2.8843  0.000e+00
      9.836    15.7114   3.967202    31.4790        928     3.8625     2.8837  0.000e+00
      9.780    15.7062   3.966528    31.4772        929     3.8667     2.8852  0.000e+00
      9.733    15.7018   3.967793    31.4919        930     3.8708     2.8838  0.000e+00
      9.685    15.7019   3.967672    31.4908        931     3.8750     2.8836  0.000e+00
      9.642    15.7041   3.967863    31.4907        932     3.8792     2.8823  0.000e+00
      9.604    15.7059   3.967157    31.4831        933     3.8833     2.8819  0.000e+00
      9.568    15.7050   3.966731    31.4801        934     3.8875     2.8810  0.000e+00
      9.537    15.7019   3.966458    31.4801        935     3.8917     2.8781  0.000e+00
      9.510    15.6984   3.966528    31.4835        936     3.8958     2.8788  0.000e+00
      9.491    15.6970   3.967837    31.4962        937     3.9000     2.8778  0.000e+00
      9.471    15.7002   3.969846    31.5115        938     3.9042     2.8775  0.000e+00
      9.444    15.7100   3.969846    31.5036        939     3.9083     2.8763  0.000e+00
      9.422    15.7186   3.969610    31.4947        940     3.9125     2.8762  0.000e+00
      9.394    15.7224   3.969674    31.4922        941     3.9167     2.8762  0.000e+00
      9.368    15.7243   3.970055    31.4941        942     3.9208     2.8772  0.000e+00
      9.336    15.7261   3.969636    31.4890        943     3.9250     2.8774  0.000e+00
      9.311    15.7266   3.969661    31.4888        944     3.9292     2.8809  0.000e+00
      9.279    15.7263   3.969750    31.4899        945     3.9333     2.8827  0.000e+00
      9.250    15.7261   3.970011    31.4923        946     3.9375     2.8841  0.000e+00
      9.219    15.7270   3.969731    31.4891        947     3.9417     2.8855  0.000e+00
      9.185    15.7276   3.969521    31.4869        948     3.9458     2.8853  0.000e+00
      9.162    15.7264   3.969591    31.4884        949     3.9500     2.8855  0.000e+00
      9.135    15.7258   3.969591    31.4889        950     3.9542     2.8859  0.000e+00
      9.113    15.7255   3.969426    31.4877        951     3.9583     2.8856  0.000e+00
      9.092    15.7248   3.968021    31.4758        952     3.9625     2.8856  0.000e+00
      9.074    15.7201   3.967557    31.4755        953     3.9667     2.8866  0.000e+00
      9.050    15.7140   3.967710    31.4817        954     3.9708     2.8863  0.000e+00
      9.027    15.7100   3.966737    31.4763        955     3.9750     2.8865  0.000e+00
      9.014    15.7062   3.969051    31.4998        956     3.9792     2.8874  0.000e+00
      8.989    15.7087   3.969235    31.4995        957     3.9833     2.8862  0.000e+00
      8.959    15.7147   3.969610    31.4980        958     3.9875     2.8852  0.000e+00
      8.923    15.7192   3.969311    31.4918        959     3.9917     2.8845  0.000e+00
      8.883    15.7215   3.968491    31.4827        960     3.9958     2.8833  0.000e+00
      8.842    15.7196   3.968739    31.4864        961     4.0000     2.8822  0.000e+00
      8.795    15.7179   3.969286    31.4927        962     4.0042     2.8822  0.000e+00
      8.738    15.7190   3.969680    31.4953        963     4.0083     2.8823  0.000e+00
      8.687    15.7219   3.969311    31.4897        964     4.0125     2.8823  0.000e+00
      8.641    15.7230   3.968981    31.4859        965     4.0167     2.8828  0.000e+00
      8.585    15.7216   3.968370    31.4817        966     4.0208     2.8832  0.000e+00
      8.531    15.7189   3.968142    31.4818        967     4.0250     2.8852  0.000e+00
      8.481    15.7156   3.968351    31.4863        968     4.0292     2.8850  0.000e+00
      8.429    15.7139   3.968281    31.4871        969     4.0333     2.8861  0.000e+00
      8.378    15.7133   3.967837    31.4836        970     4.0375     2.8878  0.000e+00
      8.323    15.7115   3.965568    31.4650        971     4.0417     2.8889  0.000e+00
      8.265    15.7040   3.965104    31.4670        972     4.0458     2.8891  0.000e+00
      8.202    15.6934   3.964284    31.4682        973     4.0500     2.8892  0.000e+00
      8.138    15.6849   3.964310    31.4752        974     4.0542     2.8886  0.000e+00
      8.076    15.6793   3.964424    31.4807        975     4.0583     2.8862  0.000e+00
      8.003    15.6770   3.966553    31.5013        976     4.0625     2.8839  0.000e+00
      7.925    15.6820   3.968161    31.5116        977     4.0667     2.8819  0.000e+00
      7.855    15.6943   3.966851    31.4902        978     4.0708     2.8797  0.000e+00
      7.776    15.6991   3.966038    31.4793        979     4.0750     2.8772  0.000e+00
      7.703    15.6973   3.966171    31.4819        980     4.0792     2.8762  0.000e+00
      7.643    15.6949   3.966712    31.4886        981     4.0833     2.8751  0.000e+00
      7.591    15.6947   3.969025    31.5093        982     4.0875     2.8754  0.000e+00
      7.550    15.7036   3.969095    31.5028        983     4.0917     2.8748  0.000e+00
      7.518    15.7114   3.968326    31.4898        984     4.0958     2.8744  0.000e+00
      7.494    15.7143   3.967531    31.4805        985     4.1000     2.8734  0.000e+00
      7.471    15.7118   3.968001    31.4866        986     4.1042     2.8752  0.000e+00
      7.456    15.7099   3.969622    31.5025        987     4.1083     2.8773  0.000e+00
      7.446    15.7147   3.968395    31.4878        988     4.1125     2.8787  0.000e+00
      7.438    15.7163   3.967881    31.4820        989     4.1167     2.8799  0.000e+00
      7.440    15.7137   3.968211    31.4870        990     4.1208     2.8804  0.000e+00
      7.440    15.7120   3.968211    31.4883        991     4.1250     2.8803  0.000e+00
      7.449    15.7121   3.968656    31.4922        992     4.1292     2.8804  0.000e+00
      7.455    15.7135   3.969730    31.5006        993     4.1333     2.8807  0.000e+00
      7.467    15.7182   3.969597    31.4956        994     4.1375     2.8799  0.000e+00
      7.480    15.7222   3.969425    31.4909        995     4.1417     2.8810  0.000e+00
      7.492    15.7233   3.969260    31.4886        996     4.1458     2.8819  0.000e+00
      7.509    15.7235   3.969985    31.4948        997     4.1500     2.8813  0.000e+00
      7.528    15.7250   3.970150    31.4951        998     4.1542     2.8809  0.000e+00
      7.536    15.7277   3.969940    31.4911        999     4.1583     2.8817  0.000e+00
      7.543    15.7287   3.969889    31.4898       1000     4.1625     2.8820  0.000e+00
      7.534    15.7285   3.969330    31.4850       1001     4.1667     2.8836  0.000e+00
      7.510    15.7267   3.968910    31.4828       1002     4.1708     2.8847  0.000e+00
      7.474    15.7232   3.969521    31.4909       1003     4.1750     2.8852  0.000e+00
      7.426    15.7231   3.969775    31.4933       1004     4.1792     2.8867  0.000e+00
      7.370    15.7246   3.969679    31.4913       1005     4.1833     2.8884  0.000e+00
      7.316    15.7258   3.969845    31.4919       1006     4.1875     2.8897  0.000e+00
      7.257    15.7265   3.969743    31.4904       1007     4.1917     2.8899  0.000e+00
      7.196    15.7269   3.968440    31.4786       1008     4.1958     2.8899  0.000e+00
      7.128    15.7232   3.969190    31.4882       1009     4.2000     2.8904  0.000e+00
      7.063    15.7209   3.968510    31.4841       1010     4.2042     2.8905  0.000e+00
      6.993    15.7190   3.965478    31.4587       1011     4.2083     2.8917  0.000e+00
      6.928    15.7085   3.965593    31.4682       1012     4.2125     2.8923  0.000e+00
      6.854    15.6979   3.965593    31.4767       1013     4.2167     2.8909  0.000e+00
      6.781    15.6923   3.965879    31.4837       1014     4.2208     2.8907  0.000e+00
      6.709    15.6899   3.966972    31.4953       1015     4.2250     2.8900  0.000e+00
      6.633    15.6922   3.967436    31.4976       1016     4.2292     2.8876  0.000e+00
      6.554    15.6976   3.967601    31.4947       1017     4.2333     2.8855  0.000e+00
      6.479    15.7021   3.967556    31.4908       1018     4.2375     2.8833  0.000e+00
      6.407    15.7046   3.967416    31.4876       1019     4.2417     2.8818  0.000e+00
      6.348    15.7053   3.967029    31.4836       1020     4.2458     2.8801  0.000e+00
      6.287    15.7036   3.966412    31.4795       1021     4.2500     2.8799  0.000e+00
      6.235    15.7006   3.966997    31.4872       1022     4.2542     2.8794  0.000e+00
      6.186    15.6998   3.967461    31.4919       1023     4.2583     2.8803  0.000e+00
      6.134    15.7015   3.967931    31.4947       1024     4.2625     2.8801  0.000e+00
      6.089    15.7044   3.966457    31.4794       1025     4.2667     2.8810  0.000e+00
      6.051    15.7027   3.966152    31.4781       1026     4.2708     2.8808  0.000e+00
      6.017    15.6987   3.966622    31.4854       1027     4.2750     2.8801  0.000e+00
      5.990    15.6973   3.966762    31.4877       1028     4.2792     2.8788  0.000e+00
      5.969    15.6977   3.967321    31.4924       1029     4.2833     2.8785  0.000e+00
      5.947    15.6995   3.967270    31.4905       1030     4.2875     2.8777  0.000e+00
      5.942    15.7017   3.967251    31.4886       1031     4.2917     2.8780  0.000e+00
      5.934    15.7026   3.967601    31.4910       1032     4.2958     2.8781  0.000e+00
      5.940    15.7036   3.965758    31.4739       1033     4.3000     2.8784  0.000e+00
      5.942    15.7003   3.965847    31.4773       1034     4.3042     2.8776  0.000e+00
      5.943    15.6953   3.966082    31.4834       1035     4.3083     2.8781  0.000e+00
      5.942    15.6932   3.966012    31.4844       1036     4.3125     2.8784  0.000e+00
      5.942    15.6925   3.966222    31.4868       1037     4.3167     2.8793  0.000e+00
      5.934    15.6923   3.966501    31.4894       1038     4.3208     2.8797  0.000e+00
      5.920    15.6938   3.966387    31.4873       1039     4.3250     2.8790  0.000e+00
      5.911    15.6949   3.966622    31.4884       1040     4.3292     2.8787  0.000e+00
      5.895    15.6953   3.967207    31.4934       1041     4.3333     2.8781  0.000e+00
      5.882    15.6982   3.967137    31.4904       1042     4.3375     2.8776  0.000e+00
      5.868    15.7002   3.967029    31.4879       1043     4.3417     2.8775  0.000e+00
      5.852    15.7007   3.966832    31.4857       1044     4.3458     2.8782  0.000e+00
      5.836    15.7007   3.966692    31.4845       1045     4.3500     2.8786  0.000e+00
      5.821    15.6994   3.966946    31.4878       1046     4.3542     2.8798  0.000e+00
      5.798    15.6992   3.967626    31.4940       1047     4.3583     2.8807  0.000e+00
      5.776    15.7014   3.969355    31.5075       1048     4.3625     2.8810  0.000e+00
      5.749    15.7093   3.969234    31.5001       1049     4.3667     2.8804  0.000e+00
      5.715    15.7160   3.968713    31.4902       1050     4.3708     2.8804  0.000e+00
      5.677    15.7179   3.968509    31.4869       1051     4.3750     2.8814  0.000e+00
      5.638    15.7174   3.968954    31.4913       1052     4.3792     2.8813  0.000e+00
      5.595    15.7178   3.968395    31.4860       1053     4.3833     2.8819  0.000e+00
      5.553    15.7171   3.968090    31.4839       1054     4.3875     2.8832  0.000e+00
      5.514    15.7150   3.967626    31.4815       1055     4.3917     2.8837  0.000e+00
      5.471    15.7119   3.967416    31.4821       1056     4.3958     2.8842  0.000e+00
      5.420    15.7088   3.967505    31.4853       1057     4.4000     2.8842  0.000e+00
      5.374    15.7071   3.967085    31.4830       1058     4.4042     2.8839  0.000e+00
      5.316    15.7051   3.966971    31.4836       1059     4.4083     2.8840  0.000e+00
      5.255    15.7030   3.966997    31.4856       1060     4.4125     2.8837  0.000e+00
      5.194    15.7017   3.966971    31.4864       1061     4.4167     2.8835  0.000e+00
      5.120    15.7012   3.966736    31.4848       1062     4.4208     2.8842  0.000e+00
      5.043    15.7004   3.966583    31.4841       1063     4.4250     2.8839  0.000e+00
      4.957    15.6988   3.967765    31.4958       1064     4.4292     2.8839  0.000e+00
      4.878    15.7012   3.968020    31.4962       1065     4.4333     2.8849  0.000e+00
      4.804    15.7063   3.967085    31.4839       1066     4.4375     2.8854  0.000e+00
      4.745    15.7053   3.967181    31.4856       1067     4.4417     2.8848  0.000e+00
      4.693    15.7042   3.967155    31.4862       1068     4.4458     2.8849  0.000e+00
      4.650    15.7034   3.967905    31.4935       1069     4.4500     2.8849  0.000e+00
      4.615    15.7052   3.968070    31.4935       1070     4.4542     2.8843  0.000e+00
      4.579    15.7078   3.967810    31.4892       1071     4.4583     2.8835  0.000e+00
      4.547    15.7092   3.968045    31.4902       1072     4.4625     2.8826  0.000e+00
      4.509    15.7106   3.969520    31.5021       1073     4.4667     2.8813  0.000e+00
      4.463    15.7148   3.970009    31.5030       1074     4.4708     2.8816  0.000e+00
      4.416    15.7210   3.969958    31.4977       1075     4.4750     2.8833  0.000e+00
      4.362    15.7251   3.969990    31.4947       1076     4.4792     2.8846  0.000e+00
      4.308    15.7270   3.970079    31.4940       1077     4.4833     2.8851  0.000e+00
      4.265    15.7281   3.969913    31.4917       1078     4.4875     2.8862  0.000e+00
      4.227    15.7285   3.970034    31.4925       1079     4.4917     2.8878  0.000e+00
      4.191    15.7291   3.969843    31.4903       1080     4.4958     2.8897  0.000e+00
      4.166    15.7287   3.969379    31.4866       1081     4.5000     2.8902  0.000e+00
      4.143    15.7277   3.969773    31.4909       1082     4.5042     2.8921  0.000e+00
      4.127    15.7269   3.970505    31.4980       1083     4.5083     2.8933  0.000e+00
      4.110    15.7294   3.969913    31.4907       1084     4.5125     2.8942  0.000e+00
      4.098    15.7304   3.969004    31.4819       1085     4.5167     2.8953  0.000e+00
      4.089    15.7269   3.969538    31.4894       1086     4.5208     2.8955  0.000e+00
      4.071    15.7247   3.968884    31.4854       1087     4.5250     2.8961  0.000e+00
      4.062    15.7226   3.968655    31.4851       1088     4.5292     2.8959  0.000e+00
