PC2305/sbe077.cnv
* Sea-Bird SBE 19plus V2 Data File:
* FileName = C:\cruise\data\sbe077.hex
* Software Version Seasave V 7.26.7.121
* Temperature SN = 7142
* Conductivity SN = 7142
* System UpLoad Time = Nov 03 2023 15:33:18
** Cruise: PC2205
** Program: ECOMON
# nquan = 8
# nvalues = 1468                                  
# units = specified
# name 0 = depSM: Depth [salt water, m], lat = 40.00
# name 1 = tv290C: Temperature [ITS-90, deg C]
# name 2 = c0S/m: Conductivity [S/m]
# name 3 = sal00: Salinity, Practical [PSU]
# name 4 = scan: Scan Count
# name 5 = timeM: Time, Elapsed [minutes]
# name 6 = sbeox0V: Oxygen raw, SBE 43 [V]
# name 7 = flag:  0.000e+00
# span 0 =      0.128,     54.248                 
# span 1 =    13.5241,    15.2840                 
# span 2 =   0.000031,   3.982867                 
# span 3 =     0.0073,    32.4798                 
# span 4 =         11,       1478                 
# span 5 =     0.0417,     6.1542                 
# span 6 =     1.3889,     2.6981                 
# span 7 = 0.0000e+00, 0.0000e+00                 
# interval = seconds: 0.25
# start_time = Nov 03 2023 15:33:18 [System UTC, header]
# bad_flag = -9.990e-29
*END*
[from data line 180]
     13.293    15.0342   3.933655    31.7232        191     0.7917     2.4684  0.000e+00
     13.440    15.0380   3.934460    31.7273        192     0.7958     2.4688  0.000e+00
     13.593    15.0416   3.935201    31.7310        193     0.8000     2.4694  0.000e+00
     13.753    15.0446   3.935860    31.7344        194     0.8042     2.4691  0.000e+00
     13.913    15.0479   3.936316    31.7358        195     0.8083     2.4704  0.000e+00
     14.091    15.0510   3.937216    31.7412        196     0.8125     2.4740  0.000e+00
     14.269    15.0544   3.938305    31.7482        197     0.8167     2.4778  0.000e+00
     14.450    15.0573   3.939744    31.7587        198     0.8208     2.4801  0.000e+00
     14.639    15.0610   3.941500    31.7714        199     0.8250     2.4822  0.000e+00
     14.829    15.0656   3.943053    31.7816        200     0.8292     2.4825  0.000e+00
     15.016    15.0700   3.944562    31.7915        201     0.8333     2.4831  0.000e+00
     15.198    15.0738   3.945931    31.8006        202     0.8375     2.4781  0.000e+00
     15.381    15.0800   3.948151    31.8154        203     0.8417     2.4738  0.000e+00
     15.557    15.0889   3.950575    31.8298        204     0.8458     2.4649  0.000e+00
     15.724    15.1017   3.953252    31.8434        205     0.8500     2.4595  0.000e+00
     15.884    15.1172   3.955854    31.8541        206     0.8542     2.4622  0.000e+00
     16.040    15.1318   3.957442    31.8564        207     0.8583     2.4730  0.000e+00
     16.190    15.1451   3.959188    31.8612        208     0.8625     2.4888  0.000e+00
     16.344    15.1578   3.960915    31.8663        209     0.8667     2.5048  0.000e+00
     16.495    15.1704   3.962477    31.8700        210     0.8708     2.5175  0.000e+00
     16.648    15.1832   3.963970    31.8729        211     0.8750     2.5259  0.000e+00
     16.808    15.1949   3.965088    31.8734        212     0.8792     2.5278  0.000e+00
     16.964    15.2043   3.966258    31.8761        213     0.8833     2.5259  0.000e+00
     17.131    15.2107   3.966912    31.8767        214     0.8875     2.5203  0.000e+00
     17.297    15.2159   3.967427    31.8770        215     0.8917     2.5139  0.000e+00
     17.469    15.2213   3.968336    31.8807        216     0.8958     2.5104  0.000e+00
     17.634    15.2265   3.969366    31.8857        217     0.9000     2.5077  0.000e+00
     17.800    15.2310   3.970465    31.8918        218     0.9042     2.5056  0.000e+00
     17.962    15.2349   3.971565    31.8983        219     0.9083     2.5034  0.000e+00
     18.118    15.2378   3.971934    31.8992        220     0.9125     2.4954  0.000e+00
     18.269    15.2408   3.972252    31.8996        221     0.9167     2.4922  0.000e+00
     18.413    15.2435   3.972710    31.9015        222     0.9208     2.4857  0.000e+00
     18.551    15.2458   3.973015    31.9023        223     0.9250     2.4811  0.000e+00
     18.689    15.2478   3.973034    31.9008        224     0.9292     2.4741  0.000e+00
     18.830    15.2493   3.972990    31.8991        225     0.9333     2.4711  0.000e+00
     18.982    15.2503   3.972850    31.8969        226     0.9375     2.4719  0.000e+00
     19.135    15.2514   3.972920    31.8966        227     0.9417     2.4765  0.000e+00
     19.293    15.2524   3.973480    31.9007        228     0.9458     2.4797  0.000e+00
     19.460    15.2535   3.974020    31.9047        229     0.9500     2.4821  0.000e+00
     19.626    15.2540   3.974351    31.9071        230     0.9542     2.4828  0.000e+00
     19.791    15.2537   3.974186    31.9059        231     0.9583     2.4814  0.000e+00
     19.971    15.2525   3.974370    31.9084        232     0.9625     2.4787  0.000e+00
     20.150    15.2514   3.974510    31.9105        233     0.9667     2.4717  0.000e+00
     20.327    15.2500   3.974561    31.9120        234     0.9708     2.4648  0.000e+00
     20.510    15.2485   3.974657    31.9140        235     0.9750     2.4582  0.000e+00
     20.695    15.2461   3.974536    31.9148        236     0.9792     2.4504  0.000e+00
     20.876    15.2450   3.974721    31.9173        237     0.9833     2.4450  0.000e+00
     21.063    15.2447   3.975051    31.9204        238     0.9875     2.4420  0.000e+00
     21.247    15.2445   3.974981    31.9199        239     0.9917     2.4408  0.000e+00
     21.428    15.2430   3.974702    31.9186        240     0.9958     2.4451  0.000e+00
     21.613    15.2398   3.974422    31.9185        241     1.0000     2.4552  0.000e+00
     21.791    15.2360   3.974161    31.9192        242     1.0042     2.4652  0.000e+00
     21.973    15.2308   3.973850    31.9207        243     1.0083     2.4761  0.000e+00
     22.151    15.2245   3.973507    31.9226        244     1.0125     2.4875  0.000e+00
     22.332    15.2181   3.973201    31.9251        245     1.0167     2.5015  0.000e+00
     22.497    15.2119   3.973062    31.9288        246     1.0208     2.5094  0.000e+00
     22.668    15.2064   3.973132    31.9338        247     1.0250     2.5158  0.000e+00
     22.835    15.2017   3.973227    31.9385        248     1.0292     2.5187  0.000e+00
     23.001    15.1981   3.973272    31.9417        249     1.0333     2.5199  0.000e+00
     23.159    15.1946   3.973361    31.9453        250     1.0375     2.5203  0.000e+00
     23.312    15.1917   3.973437    31.9483        251     1.0417     2.5202  0.000e+00
     23.462    15.1895   3.973673    31.9521        252     1.0458     2.5183  0.000e+00
     23.599    15.1870   3.973883    31.9560        253     1.0500     2.5134  0.000e+00
     23.728    15.1850   3.973978    31.9585        254     1.0542     2.5079  0.000e+00
     23.858    15.1831   3.973883    31.9591        255     1.0583     2.5028  0.000e+00
     23.987    15.1819   3.973743    31.9588        256     1.0625     2.5007  0.000e+00
     24.124    15.1810   3.973603    31.9582        257     1.0667     2.5023  0.000e+00
     24.262    15.1803   3.973673    31.9593        258     1.0708     2.5029  0.000e+00
     24.408    15.1800   3.973858    31.9612        259     1.0750     2.5007  0.000e+00
     24.561    15.1797   3.974023    31.9628        260     1.0792     2.4957  0.000e+00
     24.717    15.1792   3.974208    31.9649        261     1.0833     2.4930  0.000e+00
     24.884    15.1784   3.974608    31.9690        262     1.0875     2.4904  0.000e+00
     25.060    15.1777   3.975194    31.9748        263     1.0917     2.4859  0.000e+00
     25.240    15.1769   3.975690    31.9799        264     1.0958     2.4810  0.000e+00
     25.434    15.1761   3.976014    31.9833        265     1.1000     2.4779  0.000e+00
     25.628    15.1752   3.976320    31.9867        266     1.1042     2.4752  0.000e+00
     25.828    15.1748   3.976364    31.9873        267     1.1083     2.4705  0.000e+00
     26.029    15.1745   3.976365    31.9876        268     1.1125     2.4663  0.000e+00
     26.230    15.1741   3.976390    31.9880        269     1.1167     2.4595  0.000e+00
     26.424    15.1742   3.976626    31.9900        270     1.1208     2.4516  0.000e+00
     26.618    15.1745   3.977020    31.9932        271     1.1250     2.4464  0.000e+00
     26.802    15.1746   3.977555    31.9978        272     1.1292     2.4462  0.000e+00
     26.976    15.1745   3.977936    32.0013        273     1.1333     2.4506  0.000e+00
     27.150    15.1743   3.978172    32.0035        274     1.1375     2.4631  0.000e+00
     27.316    15.1742   3.978382    32.0054        275     1.1417     2.4753  0.000e+00
     27.479    15.1738   3.978617    32.0077        276     1.1458     2.4840  0.000e+00
     27.639    15.1733   3.978802    32.0098        277     1.1500     2.4881  0.000e+00
     27.795    15.1730   3.978853    32.0104        278     1.1542     2.4915  0.000e+00
     27.950    15.1726   3.978923    32.0113        279     1.1583     2.4960  0.000e+00
     28.112    15.1721   3.979006    32.0124        280     1.1625     2.5033  0.000e+00
     28.275    15.1717   3.979038    32.0129        281     1.1667     2.5097  0.000e+00
     28.433    15.1713   3.979133    32.0140        282     1.1708     2.5145  0.000e+00
     28.590    15.1711   3.979203    32.0148        283     1.1750     2.5172  0.000e+00
     28.757    15.1710   3.979203    32.0148        284     1.1792     2.5199  0.000e+00
     28.917    15.1706   3.979273    32.0157        285     1.1833     2.5192  0.000e+00
     29.079    15.1706   3.979318    32.0161        286     1.1875     2.5139  0.000e+00
     29.240    15.1704   3.979413    32.0170        287     1.1917     2.5098  0.000e+00
     29.402    15.1706   3.979471    32.0173        288     1.1958     2.5046  0.000e+00
     29.559    15.1706   3.979535    32.0178        289     1.2000     2.5007  0.000e+00
     29.713    15.1704   3.979624    32.0187        290     1.2042     2.4965  0.000e+00
     29.868    15.1706   3.979694    32.0192        291     1.2083     2.4912  0.000e+00
     30.028    15.1707   3.979719    32.0193        292     1.2125     2.4878  0.000e+00
     30.188    15.1707   3.979764    32.0195        293     1.2167     2.4856  0.000e+00
     30.349    15.1710   3.979815    32.0197        294     1.2208     2.4853  0.000e+00
     30.506    15.1713   3.979955    32.0207        295     1.2250     2.4871  0.000e+00
     30.669    15.1717   3.980038    32.0210        296     1.2292     2.4876  0.000e+00
     30.836    15.1718   3.980140    32.0218        297     1.2333     2.4884  0.000e+00
     31.007    15.1720   3.980191    32.0220        298     1.2375     2.4898  0.000e+00
     31.176    15.1720   3.980305    32.0229        299     1.2417     2.4926  0.000e+00
     31.349    15.1723   3.980356    32.0231        300     1.2458     2.4956  0.000e+00
     31.525    15.1725   3.980496    32.0241        301     1.2500     2.4968  0.000e+00
     31.706    15.1727   3.980611    32.0249        302     1.2542     2.4951  0.000e+00
     31.888    15.1729   3.980681    32.0253        303     1.2583     2.4909  0.000e+00
     32.071    15.1734   3.980853    32.0264        304     1.2625     2.4894  0.000e+00
     32.247    15.1738   3.980961    32.0270        305     1.2667     2.4876  0.000e+00
     32.421    15.1741   3.981031    32.0273        306     1.2708     2.4846  0.000e+00
     32.596    15.1742   3.981127    32.0280        307     1.2750     2.4846  0.000e+00
     32.766    15.1748   3.981222    32.0283        308     1.2792     2.4887  0.000e+00
     32.935    15.1750   3.981267    32.0285        309     1.2833     2.4920  0.000e+00
     33.099    15.1751   3.981318    32.0288        310     1.2875     2.5001  0.000e+00
     33.263    15.1752   3.981362    32.0290        311     1.2917     2.5010  0.000e+00
     33.421    15.1752   3.981369    32.0290        312     1.2958     2.5031  0.000e+00
     33.575    15.1752   3.981337    32.0287        313     1.3000     2.5047  0.000e+00
     33.741    15.1750   3.981337    32.0288        314     1.3042     2.5050  0.000e+00
     33.901    15.1748   3.981363    32.0291        315     1.3083     2.5028  0.000e+00
     34.062    15.1748   3.981363    32.0291        316     1.3125     2.4983  0.000e+00
     34.226    15.1747   3.981337    32.0289        317     1.3167     2.4957  0.000e+00
     34.389    15.1746   3.981337    32.0289        318     1.3208     2.4971  0.000e+00
     34.560    15.1742   3.981363    32.0294        319     1.3250     2.4945  0.000e+00
     34.725    15.1739   3.981369    32.0296        320     1.3292     2.4917  0.000e+00
     34.896    15.1737   3.981338    32.0295        321     1.3333     2.4898  0.000e+00
     35.060    15.1734   3.981363    32.0299        322     1.3375     2.4906  0.000e+00
     35.231    15.1730   3.981363    32.0301        323     1.3417     2.4891  0.000e+00
     35.396    15.1730   3.981363    32.0301        324     1.3458     2.4882  0.000e+00
     35.565    15.1727   3.981433    32.0309        325     1.3500     2.4856  0.000e+00
     35.727    15.1730   3.981478    32.0310        326     1.3542     2.4843  0.000e+00
     35.892    15.1731   3.981503    32.0311        327     1.3583     2.4823  0.000e+00
     36.054    15.1735   3.981624    32.0317        328     1.3625     2.4825  0.000e+00
     36.215    15.1739   3.981714    32.0322        329     1.3667     2.4831  0.000e+00
     36.374    15.1745   3.981739    32.0318        330     1.3708     2.4823  0.000e+00
     36.541    15.1749   3.981784    32.0318        331     1.3750     2.4797  0.000e+00
     36.704    15.1752   3.981854    32.0321        332     1.3792     2.4819  0.000e+00
     36.873    15.1758   3.981924    32.0323        333     1.3833     2.4869  0.000e+00
     37.040    15.1762   3.982045    32.0329        334     1.3875     2.4911  0.000e+00
     37.200    15.1766   3.982160    32.0336        335     1.3917     2.4944  0.000e+00
     37.362    15.1770   3.982255    32.0340        336     1.3958     2.4935  0.000e+00
     37.527    15.1772   3.982325    32.0344        337     1.4000     2.4904  0.000e+00
     37.693    15.1774   3.982421    32.0351        338     1.4042     2.4868  0.000e+00
     37.860    15.1776   3.982491    32.0355        339     1.4083     2.4811  0.000e+00
     38.020    15.1774   3.982586    32.0364        340     1.4125     2.4772  0.000e+00
     38.183    15.1771   3.982605    32.0368        341     1.4167     2.4737  0.000e+00
     38.343    15.1763   3.982631    32.0376        342     1.4208     2.4715  0.000e+00
     38.507    15.1758   3.982727    32.0388        343     1.4250     2.4698  0.000e+00
     38.669    15.1749   3.982771    32.0399        344     1.4292     2.4688  0.000e+00
     38.830    15.1740   3.982797    32.0408        345     1.4333     2.4666  0.000e+00
     38.998    15.1731   3.982841    32.0419        346     1.4375     2.4652  0.000e+00
     39.158    15.1722   3.982841    32.0426        347     1.4417     2.4666  0.000e+00
     39.321    15.1713   3.982867    32.0434        348     1.4458     2.4686  0.000e+00
     39.485    15.1708   3.982867    32.0438        349     1.4500     2.4688  0.000e+00
     39.650    15.1696   3.982842    32.0445        350     1.4542     2.4711  0.000e+00
     39.821    15.1682   3.982823    32.0454        351     1.4583     2.4718  0.000e+00
     39.993    15.1666   3.982823    32.0466        352     1.4625     2.4716  0.000e+00
     40.164    15.1640   3.982727    32.0479        353     1.4667     2.4715  0.000e+00
     40.331    15.1614   3.982696    32.0496        354     1.4708     2.4684  0.000e+00
     40.504    15.1586   3.982677    32.0517        355     1.4750     2.4645  0.000e+00
     40.674    15.1553   3.982588    32.0535        356     1.4792     2.4614  0.000e+00
     40.840    15.1517   3.982537    32.0560        357     1.4833     2.4579  0.000e+00
     41.005    15.1473   3.982422    32.0585        358     1.4875     2.4564  0.000e+00
     41.169    15.1421   3.982257    32.0612        359     1.4917     2.4530  0.000e+00
     41.330    15.1372   3.982047    32.0633        360     1.4958     2.4533  0.000e+00
     41.494    15.1324   3.981977    32.0665        361     1.5000     2.4564  0.000e+00
     41.661    15.1279   3.982003    32.0704        362     1.5042     2.4595  0.000e+00
     41.828    15.1237   3.981914    32.0729        363     1.5083     2.4601  0.000e+00
     42.001    15.1190   3.981787    32.0756        364     1.5125     2.4617  0.000e+00
     42.172    15.1131   3.981577    32.0784        365     1.5167     2.4604  0.000e+00
     42.342    15.1070   3.981367    32.0815        366     1.5208     2.4604  0.000e+00
     42.524    15.1013   3.981227    32.0848        367     1.5250     2.4572  0.000e+00
     42.704    15.0956   3.981036    32.0877        368     1.5292     2.4538  0.000e+00
     42.883    15.0898   3.980852    32.0908        369     1.5333     2.4472  0.000e+00
