PC2305/sbe016.cnv
* Sea-Bird SBE 19plus V2 Data File:
* FileName = C:\cruise\data\sbe016.hex
* Software Version Seasave V 7.26.7.121
* Temperature SN = 7142
* Conductivity SN = 7142
* System UpLoad Time = Oct 28 2023 20:31:54
** Cruise: PC2205
** Program: ECOMON
# nquan = 8
# nvalues = 2725                                  
# units = specified
# name 0 = depSM: Depth [salt water, m], lat = 40.00
# name 1 = tv290C: Temperature [ITS-90, deg C]
# name 2 = c0S/m: Conductivity [S/m]
# name 3 = sal00: Salinity, Practical [PSU]
# name 4 = scan: Scan Count
# name 5 = timeM: Time, Elapsed [minutes]
# name 6 = sbeox0V: Oxygen raw, SBE 43 [V]
# name 7 = flag:  0.000e+00
# span 0 =     -0.060,    132.265                 
# span 1 =     9.5367,    16.9454                 
# span 2 =   0.000191,   4.058900                 
# span 3 =     0.0088,    35.3102                 
# span 4 =         11,       2735                 
# span 5 =     0.0417,    11.3917                 
# span 6 =     1.9763,     3.7188                 
# span 7 = 0.0000e+00, 0.0000e+00                 
# interval = seconds: 0.25
# start_time = Oct 28 2023 20:31:54 [System UTC, header]
# bad_flag = -9.990e-29
*END*
[from data line 2338]
     26.269    14.7346   3.934773    31.9730       2349     9.7833     2.7892  0.000e+00
     26.192    14.7323   3.934393    31.9714       2350     9.7875     2.7859  0.000e+00
     26.111    14.7301   3.933614    31.9662       2351     9.7917     2.7849  0.000e+00
     26.027    14.7271   3.933335    31.9661       2352     9.7958     2.7829  0.000e+00
     25.933    14.7245   3.933132    31.9665       2353     9.8000     2.7804  0.000e+00
     25.840    14.7221   3.932182    31.9599       2354     9.8042     2.7797  0.000e+00
     25.741    14.7191   3.931923    31.9601       2355     9.8083     2.7772  0.000e+00
     25.640    14.7161   3.931929    31.9627       2356     9.8125     2.7751  0.000e+00
     25.541    14.7143   3.931815    31.9631       2357     9.8167     2.7744  0.000e+00
     25.435    14.7132   3.931397    31.9603       2358     9.8208     2.7738  0.000e+00
     25.338    14.7116   3.931169    31.9595       2359     9.8250     2.7735  0.000e+00
     25.252    14.7098   3.930979    31.9594       2360     9.8292     2.7753  0.000e+00
     25.164    14.7087   3.930865    31.9593       2361     9.8333     2.7765  0.000e+00
     25.088    14.7078   3.930890    31.9602       2362     9.8375     2.7766  0.000e+00
     25.013    14.7075   3.930903    31.9606       2363     9.8417     2.7782  0.000e+00
     24.941    14.7075   3.930821    31.9599       2364     9.8458     2.7797  0.000e+00
     24.878    14.7077   3.930751    31.9592       2365     9.8500     2.7805  0.000e+00
     24.813    14.7074   3.930631    31.9583       2366     9.8542     2.7803  0.000e+00
     24.752    14.7072   3.930466    31.9570       2367     9.8583     2.7811  0.000e+00
     24.691    14.7064   3.930168    31.9550       2368     9.8625     2.7809  0.000e+00
     24.628    14.7054   3.929896    31.9534       2369     9.8667     2.7806  0.000e+00
     24.560    14.7039   3.929523    31.9513       2370     9.8708     2.7800  0.000e+00
     24.495    14.7024   3.929137    31.9490       2371     9.8750     2.7796  0.000e+00
     24.422    14.7002   3.928858    31.9483       2372     9.8792     2.7789  0.000e+00
     24.348    14.6984   3.928693    31.9483       2373     9.8833     2.7796  0.000e+00
     24.265    14.6971   3.928554    31.9482       2374     9.8875     2.7789  0.000e+00
     24.179    14.6966   3.928390    31.9472       2375     9.8917     2.7783  0.000e+00
     24.093    14.6960   3.928301    31.9468       2376     9.8958     2.7787  0.000e+00
     24.005    14.6957   3.928206    31.9462       2377     9.9000     2.7797  0.000e+00
     23.920    14.6952   3.927978    31.9447       2378     9.9042     2.7802  0.000e+00
     23.836    14.6945   3.927902    31.9446       2379     9.9083     2.7828  0.000e+00
     23.753    14.6941   3.927864    31.9446       2380     9.9125     2.7854  0.000e+00
     23.680    14.6935   3.927813    31.9446       2381     9.9167     2.7876  0.000e+00
     23.606    14.6933   3.927744    31.9442       2382     9.9208     2.7894  0.000e+00
     23.545    14.6928   3.927611    31.9434       2383     9.9250     2.7915  0.000e+00
     23.491    14.6921   3.927421    31.9423       2384     9.9292     2.7937  0.000e+00
     23.450    14.6913   3.927351    31.9424       2385     9.9333     2.7953  0.000e+00
     23.419    14.6904   3.927332    31.9429       2386     9.9375     2.7980  0.000e+00
     23.396    14.6899   3.927320    31.9432       2387     9.9417     2.7994  0.000e+00
     23.385    14.6896   3.927307    31.9434       2388     9.9458     2.8011  0.000e+00
     23.381    14.6894   3.927332    31.9438       2389     9.9500     2.8021  0.000e+00
     23.372    14.6893   3.927288    31.9435       2390     9.9542     2.8046  0.000e+00
     23.370    14.6892   3.927301    31.9437       2391     9.9583     2.8053  0.000e+00
     23.360    14.6893   3.927307    31.9436       2392     9.9625     2.8076  0.000e+00
     23.347    14.6893   3.927288    31.9435       2393     9.9667     2.8071  0.000e+00
     23.322    14.6893   3.927288    31.9435       2394     9.9708     2.8081  0.000e+00
     23.288    14.6893   3.927275    31.9434       2395     9.9750     2.8085  0.000e+00
     23.246    14.6891   3.927332    31.9441       2396     9.9792     2.8086  0.000e+00
     23.198    14.6893   3.927332    31.9440       2397     9.9833     2.8092  0.000e+00
     23.139    14.6893   3.927307    31.9437       2398     9.9875     2.8108  0.000e+00
     23.067    14.6894   3.927319    31.9438       2399     9.9917     2.8103  0.000e+00
     22.998    14.6894   3.927351    31.9441       2400     9.9958     2.8102  0.000e+00
     22.923    14.6896   3.927332    31.9438       2401    10.0000     2.8098  0.000e+00
     22.848    14.6898   3.927332    31.9437       2402    10.0042     2.8092  0.000e+00
     22.772    14.6897   3.927300    31.9435       2403    10.0083     2.8089  0.000e+00
     22.702    14.6897   3.927307    31.9435       2404    10.0125     2.8102  0.000e+00
     22.627    14.6897   3.927332    31.9438       2405    10.0167     2.8100  0.000e+00
     22.540    14.6897   3.927262    31.9432       2406    10.0208     2.8101  0.000e+00
     22.458    14.6898   3.927250    31.9431       2407    10.0250     2.8112  0.000e+00
     22.375    14.6896   3.927262    31.9434       2408    10.0292     2.8111  0.000e+00
     22.285    14.6895   3.927237    31.9433       2409    10.0333     2.8121  0.000e+00
     22.199    14.6894   3.927193    31.9430       2410    10.0375     2.8147  0.000e+00
     22.105    14.6893   3.927155    31.9427       2411    10.0417     2.8155  0.000e+00
     22.007    14.6896   3.927167    31.9427       2412    10.0458     2.8154  0.000e+00
     21.911    14.6904   3.927262    31.9429       2413    10.0500     2.8168  0.000e+00
     21.807    14.6919   3.927332    31.9424       2414    10.0542     2.8166  0.000e+00
     21.710    14.6930   3.927420    31.9423       2415    10.0583     2.8175  0.000e+00
     21.609    14.6943   3.927471    31.9417       2416    10.0625     2.8185  0.000e+00
     21.516    14.6953   3.927490    31.9411       2417    10.0667     2.8210  0.000e+00
     21.417    14.6960   3.927471    31.9403       2418    10.0708     2.8218  0.000e+00
     21.324    14.6964   3.927420    31.9396       2419    10.0750     2.8237  0.000e+00
     21.225    14.6963   3.926198    31.9287       2420    10.0792     2.8256  0.000e+00
     21.137    14.6937   3.923642    31.9077       2421    10.0833     2.8259  0.000e+00
     21.047    14.6875   3.922351    31.9011       2422    10.0875     2.8263  0.000e+00
     20.964    14.6799   3.922320    31.9070       2423    10.0917     2.8254  0.000e+00
     20.883    14.6749   3.922301    31.9110       2424    10.0958     2.8255  0.000e+00
     20.810    14.6724   3.922257    31.9127       2425    10.1000     2.8256  0.000e+00
     20.743    14.6709   3.922029    31.9119       2426    10.1042     2.8234  0.000e+00
     20.684    14.6702   3.921959    31.9119       2427    10.1083     2.8198  0.000e+00
     20.630    14.6694   3.921978    31.9127       2428    10.1125     2.8173  0.000e+00
     20.581    14.6693   3.922098    31.9139       2429    10.1167     2.8142  0.000e+00
     20.546    14.6696   3.922098    31.9137       2430    10.1208     2.8119  0.000e+00
     20.511    14.6698   3.922130    31.9138       2431    10.1250     2.8086  0.000e+00
     20.488    14.6700   3.922143    31.9138       2432    10.1292     2.8076  0.000e+00
     20.470    14.6703   3.922117    31.9133       2433    10.1333     2.8047  0.000e+00
     20.457    14.6702   3.922130    31.9135       2434    10.1375     2.8040  0.000e+00
     20.441    14.6703   3.922117    31.9134       2435    10.1417     2.8012  0.000e+00
     20.427    14.6702   3.922117    31.9134       2436    10.1458     2.8007  0.000e+00
     20.407    14.6703   3.922073    31.9130       2437    10.1500     2.7993  0.000e+00
     20.386    14.6703   3.922105    31.9132       2438    10.1542     2.7982  0.000e+00
     20.357    14.6702   3.922117    31.9134       2439    10.1583     2.7975  0.000e+00
     20.324    14.6705   3.922212    31.9141       2440    10.1625     2.7976  0.000e+00
     20.276    14.6711   3.922282    31.9142       2441    10.1667     2.7963  0.000e+00
     20.222    14.6715   3.922269    31.9137       2442    10.1708     2.7954  0.000e+00
     20.154    14.6719   3.922282    31.9136       2443    10.1750     2.7952  0.000e+00
     20.084    14.6722   3.922370    31.9142       2444    10.1792     2.7934  0.000e+00
     20.010    14.6727   3.922396    31.9140       2445    10.1833     2.7939  0.000e+00
     19.929    14.6741   3.922395    31.9129       2446    10.1875     2.7944  0.000e+00
     19.848    14.6751   3.922440    31.9125       2447    10.1917     2.7939  0.000e+00
     19.767    14.6757   3.922282    31.9106       2448    10.1958     2.7934  0.000e+00
     19.692    14.6761   3.921775    31.9058       2449    10.2000     2.7941  0.000e+00
     19.618    14.6754   3.920966    31.8990       2450    10.2042     2.7936  0.000e+00
     19.554    14.6732   3.920896    31.9002       2451    10.2083     2.7939  0.000e+00
     19.489    14.6714   3.920877    31.9015       2452    10.2125     2.7933  0.000e+00
     19.435    14.6705   3.920631    31.9001       2453    10.2167     2.7934  0.000e+00
     19.385    14.6692   3.919840    31.8940       2454    10.2208     2.7912  0.000e+00
     19.342    14.6670   3.919283    31.8907       2455    10.2250     2.7908  0.000e+00
     19.297    14.6642   3.919125    31.8916       2456    10.2292     2.7900  0.000e+00
     19.253    14.6620   3.919087    31.8931       2457    10.2333     2.7899  0.000e+00
     19.214    14.6605   3.918872    31.8924       2458    10.2375     2.7884  0.000e+00
     19.167    14.6592   3.918525    31.8903       2459    10.2417     2.7888  0.000e+00
     19.113    14.6580   3.917930    31.8859       2460    10.2458     2.7866  0.000e+00
     19.050    14.6567   3.917329    31.8816       2461    10.2500     2.7870  0.000e+00
     18.973    14.6550   3.916457    31.8751       2462    10.2542     2.7843  0.000e+00
     18.885    14.6521   3.914940    31.8638       2463    10.2583     2.7834  0.000e+00
     18.786    14.6474   3.914485    31.8635       2464    10.2625     2.7825  0.000e+00
     18.680    14.6424   3.913764    31.8611       2465    10.2667     2.7826  0.000e+00
     18.563    14.6381   3.912822    31.8562       2466    10.2708     2.7821  0.000e+00
     18.448    14.6333   3.912614    31.8583       2467    10.2750     2.7841  0.000e+00
     18.333    14.6299   3.910535    31.8422       2468    10.2792     2.7873  0.000e+00
     18.229    14.6243   3.909265    31.8353       2469    10.2833     2.7892  0.000e+00
     18.123    14.6163   3.908665    31.8365       2470    10.2875     2.7919  0.000e+00
     18.037    14.6091   3.908204    31.8383       2471    10.2917     2.7946  0.000e+00
     17.952    14.6036   3.908090    31.8418       2472    10.2958     2.7977  0.000e+00
     17.880    14.5997   3.908526    31.8489       2473    10.3000     2.8015  0.000e+00
     17.818    14.5990   3.909013    31.8539       2474    10.3042     2.8082  0.000e+00
     17.764    14.6011   3.909480    31.8565       2475    10.3083     2.8131  0.000e+00
     17.701    14.6041   3.909606    31.8552       2476    10.3125     2.8198  0.000e+00
     17.647    14.6069   3.909518    31.8521       2477    10.3167     2.8253  0.000e+00
     17.589    14.6084   3.909625    31.8519       2478    10.3208     2.8303  0.000e+00
     17.530    14.6092   3.909562    31.8507       2479    10.3250     2.8330  0.000e+00
     17.465    14.6097   3.909631    31.8509       2480    10.3292     2.8350  0.000e+00
     17.395    14.6100   3.910055    31.8545       2481    10.3333     2.8369  0.000e+00
     17.323    14.6118   3.910895    31.8607       2482    10.3375     2.8384  0.000e+00
     17.244    14.6156   3.911261    31.8609       2483    10.3417     2.8398  0.000e+00
     17.167    14.6202   3.911603    31.8603       2484    10.3458     2.8404  0.000e+00
     17.090    14.6243   3.911546    31.8565       2485    10.3500     2.8403  0.000e+00
     17.014    14.6270   3.911375    31.8527       2486    10.3542     2.8409  0.000e+00
     16.941    14.6278   3.911217    31.8507       2487    10.3583     2.8409  0.000e+00
     16.876    14.6278   3.910705    31.8461       2488    10.3625     2.8393  0.000e+00
     16.811    14.6262   3.910294    31.8437       2489    10.3667     2.8384  0.000e+00
     16.755    14.6239   3.910155    31.8443       2490    10.3708     2.8364  0.000e+00
     16.709    14.6218   3.909770    31.8426       2491    10.3750     2.8359  0.000e+00
     16.675    14.6197   3.909574    31.8425       2492    10.3792     2.8350  0.000e+00
     16.648    14.6177   3.909467    31.8432       2493    10.3833     2.8346  0.000e+00
     16.623    14.6159   3.909536    31.8453       2494    10.3875     2.8359  0.000e+00
     16.608    14.6152   3.909549    31.8460       2495    10.3917     2.8375  0.000e+00
     16.601    14.6150   3.909517    31.8459       2496    10.3958     2.8378  0.000e+00
     16.585    14.6148   3.909536    31.8462       2497    10.4000     2.8403  0.000e+00
     16.574    14.6148   3.909675    31.8474       2498    10.4042     2.8421  0.000e+00
     16.560    14.6151   3.909764    31.8481       2499    10.4083     2.8437  0.000e+00
     16.533    14.6157   3.909492    31.8451       2500    10.4125     2.8446  0.000e+00
     16.491    14.6156   3.910086    31.8506       2501    10.4167     2.8462  0.000e+00
     16.437    14.6165   3.910490    31.8535       2502    10.4208     2.8450  0.000e+00
     16.375    14.6190   3.909953    31.8467       2503    10.4250     2.8462  0.000e+00
     16.292    14.6196   3.909631    31.8432       2504    10.4292     2.8456  0.000e+00
     16.202    14.6187   3.909283    31.8409       2505    10.4333     2.8462  0.000e+00
     16.098    14.6167   3.909056    31.8404       2506    10.4375     2.8447  0.000e+00
     15.997    14.6151   3.909056    31.8418       2507    10.4417     2.8448  0.000e+00
     15.893    14.6141   3.909264    31.8446       2508    10.4458     2.8429  0.000e+00
     15.789    14.6143   3.909479    31.8464       2509    10.4500     2.8426  0.000e+00
     15.688    14.6162   3.909858    31.8483       2510    10.4542     2.8426  0.000e+00
     15.598    14.6190   3.910180    31.8490       2511    10.4583     2.8437  0.000e+00
     15.512    14.6224   3.910199    31.8464       2512    10.4625     2.8452  0.000e+00
     15.426    14.6248   3.909953    31.8422       2513    10.4667     2.8482  0.000e+00
     15.352    14.6258   3.909422    31.8366       2514    10.4708     2.8511  0.000e+00
     15.275    14.6257   3.909561    31.8380       2515    10.4750     2.8536  0.000e+00
     15.196    14.6261   3.910294    31.8443       2516    10.4792     2.8533  0.000e+00
     15.118    14.6292   3.910780    31.8463       2517    10.4833     2.8538  0.000e+00
     15.043    14.6346   3.911052    31.8443       2518    10.4875     2.8580  0.000e+00
     14.966    14.6409   3.911330    31.8417       2519    10.4917     2.8578  0.000e+00
     14.878    14.6474   3.912157    31.8439       2520    10.4958     2.8601  0.000e+00
     14.790    14.6575   3.913396    31.8469       2521    10.5000     2.8621  0.000e+00
     14.689    14.6738   3.914382    31.8425       2522    10.5042     2.8649  0.000e+00
     14.590    14.6913   3.914893    31.8329       2523    10.5083     2.8688  0.000e+00
     14.484    14.7056   3.915576    31.8274       2524    10.5125     2.8720  0.000e+00
     14.373    14.7169   3.916865    31.8299       2525    10.5167     2.8762  0.000e+00
     14.268    14.7316   3.918914    31.8364       2526    10.5208     2.8808  0.000e+00
