PC2305/sbe084.cnv
* Sea-Bird SBE 19plus V2 Data File:
* FileName = C:\cruise\data\sbe084.hex
* Software Version Seasave V 7.26.7.121
* Temperature SN = 7142
* Conductivity SN = 7142
* System UpLoad Time = Nov 04 2023 05:07:31
** Cruise: PC2205
** Program: ECOMON
# nquan = 8
# nvalues = 1575                                  
# units = specified
# name 0 = depSM: Depth [salt water, m], lat = 40.00
# name 1 = tv290C: Temperature [ITS-90, deg C]
# name 2 = c0S/m: Conductivity [S/m]
# name 3 = sal00: Salinity, Practical [PSU]
# name 4 = scan: Scan Count
# name 5 = timeM: Time, Elapsed [minutes]
# name 6 = sbeox0V: Oxygen raw, SBE 43 [V]
# name 7 = flag:  0.000e+00
# span 0 =      0.070,     55.410                 
# span 1 =    13.2137,    13.8400                 
# span 2 =   0.000037,   3.873585                 
# span 3 =     0.0068,    32.1777                 
# span 4 =         11,       1585                 
# span 5 =     0.0417,     6.6000                 
# span 6 =     2.1443,     2.7501                 
# span 7 = 0.0000e+00, 0.0000e+00                 
# interval = seconds: 0.25
# start_time = Nov 04 2023 05:07:31 [System UTC, header]
# bad_flag = -9.990e-29
*END*
[from data line 360]
     34.160    13.8021   3.866708    32.1202        371     1.5417     2.6673  0.000e+00
     34.313    13.8034   3.867004    32.1218        372     1.5458     2.6690  0.000e+00
     34.468    13.8046   3.867236    32.1229        373     1.5500     2.6697  0.000e+00
     34.615    13.8054   3.867325    32.1230        374     1.5542     2.6697  0.000e+00
     34.768    13.8061   3.867520    32.1241        375     1.5583     2.6702  0.000e+00
     34.915    13.8067   3.867570    32.1240        376     1.5625     2.6708  0.000e+00
     35.064    13.8070   3.867595    32.1240        377     1.5667     2.6714  0.000e+00
     35.195    13.8075   3.867803    32.1255        378     1.5708     2.6711  0.000e+00
     35.327    13.8078   3.868004    32.1270        379     1.5750     2.6711  0.000e+00
     35.447    13.8081   3.868042    32.1271        380     1.5792     2.6722  0.000e+00
     35.567    13.8089   3.868092    32.1268        381     1.5833     2.6723  0.000e+00
     35.686    13.8090   3.868136    32.1271        382     1.5875     2.6737  0.000e+00
     35.819    13.8090   3.868231    32.1279        383     1.5917     2.6757  0.000e+00
     35.938    13.8089   3.868250    32.1281        384     1.5958     2.6755  0.000e+00
     36.071    13.8089   3.868281    32.1283        385     1.6000     2.6770  0.000e+00
     36.195    13.8089   3.868388    32.1293        386     1.6042     2.6787  0.000e+00
     36.326    13.8091   3.868413    32.1293        387     1.6083     2.6791  0.000e+00
     36.448    13.8092   3.868401    32.1291        388     1.6125     2.6816  0.000e+00
     36.576    13.8092   3.868432    32.1293        389     1.6167     2.6816  0.000e+00
     36.703    13.8094   3.868445    32.1292        390     1.6208     2.6813  0.000e+00
     36.826    13.8096   3.868458    32.1291        391     1.6250     2.6804  0.000e+00
     36.950    13.8098   3.868432    32.1286        392     1.6292     2.6812  0.000e+00
     37.077    13.8098   3.868401    32.1283        393     1.6333     2.6812  0.000e+00
     37.212    13.8098   3.868414    32.1284        394     1.6375     2.6818  0.000e+00
     37.356    13.8098   3.868420    32.1283        395     1.6417     2.6825  0.000e+00
     37.505    13.8099   3.868433    32.1283        396     1.6458     2.6835  0.000e+00
     37.656    13.8098   3.868458    32.1286        397     1.6500     2.6830  0.000e+00
     37.812    13.8096   3.868496    32.1291        398     1.6542     2.6831  0.000e+00
     37.976    13.8095   3.868477    32.1289        399     1.6583     2.6835  0.000e+00
     38.143    13.8093   3.868477    32.1290        400     1.6625     2.6841  0.000e+00
     38.314    13.8092   3.868521    32.1295        401     1.6667     2.6841  0.000e+00
     38.490    13.8091   3.868477    32.1290        402     1.6708     2.6844  0.000e+00
     38.662    13.8090   3.868521    32.1294        403     1.6750     2.6843  0.000e+00
     38.826    13.8086   3.868546    32.1300        404     1.6792     2.6847  0.000e+00
     38.984    13.8084   3.868528    32.1299        405     1.6833     2.6854  0.000e+00
     39.122    13.8084   3.868565    32.1302        406     1.6875     2.6858  0.000e+00
     39.252    13.8082   3.868502    32.1297        407     1.6917     2.6873  0.000e+00
     39.374    13.8078   3.868540    32.1303        408     1.6958     2.6873  0.000e+00
     39.502    13.8077   3.868547    32.1305        409     1.7000     2.6850  0.000e+00
     39.629    13.8078   3.868503    32.1300        410     1.7042     2.6831  0.000e+00
     39.760    13.8072   3.868421    32.1296        411     1.7083     2.6818  0.000e+00
     39.886    13.8061   3.868415    32.1304        412     1.7125     2.6810  0.000e+00
     40.008    13.8050   3.868421    32.1313        413     1.7167     2.6812  0.000e+00
     40.136    13.8043   3.868434    32.1320        414     1.7208     2.6813  0.000e+00
     40.269    13.8041   3.868503    32.1328        415     1.7250     2.6812  0.000e+00
     40.400    13.8043   3.868616    32.1336        416     1.7292     2.6815  0.000e+00
     40.535    13.8048   3.868641    32.1334        417     1.7333     2.6801  0.000e+00
     40.675    13.8053   3.868522    32.1318        418     1.7375     2.6789  0.000e+00
     40.814    13.8052   3.868572    32.1323        419     1.7417     2.6769  0.000e+00
     40.952    13.8048   3.868572    32.1326        420     1.7458     2.6767  0.000e+00
     41.089    13.8045   3.868421    32.1314        421     1.7500     2.6761  0.000e+00
     41.218    13.8035   3.868434    32.1323        422     1.7542     2.6757  0.000e+00
     41.342    13.8028   3.868447    32.1329        423     1.7583     2.6764  0.000e+00
     41.468    13.8023   3.868503    32.1338        424     1.7625     2.6769  0.000e+00
     41.590    13.8019   3.868434    32.1335        425     1.7667     2.6792  0.000e+00
     41.718    13.8018   3.868403    32.1332        426     1.7708     2.6791  0.000e+00
     41.854    13.8012   3.868346    32.1331        427     1.7750     2.6797  0.000e+00
     41.996    13.8006   3.868277    32.1329        428     1.7792     2.6801  0.000e+00
     42.149    13.7998   3.868283    32.1336        429     1.7833     2.6811  0.000e+00
     42.307    13.7994   3.868070    32.1319        430     1.7875     2.6815  0.000e+00
     42.471    13.7979   3.868045    32.1329        431     1.7917     2.6820  0.000e+00
     42.643    13.7966   3.867982    32.1333        432     1.7958     2.6814  0.000e+00
     42.821    13.7956   3.867843    32.1328        433     1.8000     2.6793  0.000e+00
     42.992    13.7947   3.867831    32.1333        434     1.8042     2.6764  0.000e+00
     43.163    13.7939   3.867869    32.1343        435     1.8083     2.6748  0.000e+00
     43.321    13.7934   3.867787    32.1339        436     1.8125     2.6731  0.000e+00
     43.459    13.7930   3.867642    32.1328        437     1.8167     2.6724  0.000e+00
     43.587    13.7921   3.867617    32.1333        438     1.8208     2.6719  0.000e+00
     43.702    13.7912   3.867712    32.1349        439     1.8250     2.6717  0.000e+00
     43.813    13.7907   3.867687    32.1350        440     1.8292     2.6724  0.000e+00
     43.934    13.7908   3.867592    32.1341        441     1.8333     2.6728  0.000e+00
     44.054    13.7902   3.867599    32.1346        442     1.8375     2.6722  0.000e+00
     44.175    13.7899   3.867687    32.1356        443     1.8417     2.6706  0.000e+00
     44.297    13.7895   3.867806    32.1370        444     1.8458     2.6701  0.000e+00
     44.430    13.7894   3.867800    32.1370        445     1.8500     2.6679  0.000e+00
     44.570    13.7892   3.867882    32.1378        446     1.8542     2.6667  0.000e+00
     44.716    13.7892   3.867895    32.1379        447     1.8583     2.6660  0.000e+00
     44.865    13.7894   3.867895    32.1377        448     1.8625     2.6662  0.000e+00
     45.028    13.7894   3.867857    32.1373        449     1.8667     2.6642  0.000e+00
     45.203    13.7894   3.867826    32.1369        450     1.8708     2.6671  0.000e+00
     45.379    13.7892   3.867901    32.1377        451     1.8750     2.6622  0.000e+00
     45.557    13.7892   3.867958    32.1382        452     1.8792     2.6627  0.000e+00
     45.735    13.7894   3.867895    32.1373        453     1.8833     2.6627  0.000e+00
     45.905    13.7895   3.867996    32.1381        454     1.8875     2.6624  0.000e+00
     46.062    13.7896   3.868027    32.1382        455     1.8917     2.6684  0.000e+00
     46.202    13.7900   3.868071    32.1383        456     1.8958     2.6681  0.000e+00
     46.328    13.7900   3.868052    32.1380        457     1.9000     2.6628  0.000e+00
     46.450    13.7902   3.868008    32.1374        458     1.9042     2.6625  0.000e+00
     46.576    13.7903   3.868046    32.1377        459     1.9083     2.6628  0.000e+00
     46.709    13.7903   3.868053    32.1376        460     1.9125     2.6580  0.000e+00
     46.846    13.7903   3.868053    32.1376        461     1.9167     2.6609  0.000e+00
     46.984    13.7904   3.868021    32.1371        462     1.9208     2.6598  0.000e+00
     47.117    13.7903   3.868028    32.1373        463     1.9250     2.6599  0.000e+00
     47.257    13.7901   3.868097    32.1380        464     1.9292     2.6599  0.000e+00
     47.404    13.7902   3.868235    32.1391        465     1.9333     2.6597  0.000e+00
     47.546    13.7903   3.868393    32.1404        466     1.9375     2.6579  0.000e+00
     47.692    13.7911   3.868525    32.1410        467     1.9417     2.6630  0.000e+00
     47.838    13.7918   3.868802    32.1429        468     1.9458     2.6629  0.000e+00
     47.971    13.7925   3.868732    32.1416        469     1.9500     2.6598  0.000e+00
     48.104    13.7929   3.868688    32.1408        470     1.9542     2.6627  0.000e+00
     48.229    13.7929   3.868707    32.1410        471     1.9583     2.6625  0.000e+00
     48.346    13.7929   3.868638    32.1402        472     1.9625     2.6596  0.000e+00
     48.463    13.7929   3.868733    32.1411        473     1.9667     2.6649  0.000e+00
     48.576    13.7928   3.868808    32.1418        474     1.9708     2.6665  0.000e+00
     48.688    13.7929   3.868846    32.1420        475     1.9750     2.6670  0.000e+00
     48.797    13.7931   3.868915    32.1425        476     1.9792     2.6648  0.000e+00
     48.921    13.7933   3.868997    32.1430        477     1.9833     2.6680  0.000e+00
     49.047    13.7934   3.868915    32.1421        478     1.9875     2.6662  0.000e+00
     49.187    13.7933   3.868997    32.1429        479     1.9917     2.6669  0.000e+00
     49.335    13.7937   3.869437    32.1466        480     1.9958     2.6677  0.000e+00
     49.488    13.7943   3.869595    32.1475        481     2.0000     2.6675  0.000e+00
     49.648    13.7954   3.870042    32.1506        482     2.0042     2.6691  0.000e+00
     49.802    13.7969   3.870161    32.1504        483     2.0083     2.6686  0.000e+00
     49.971    13.7986   3.870300    32.1502        484     2.0125     2.6693  0.000e+00
     50.126    13.7998   3.870425    32.1503        485     2.0167     2.6688  0.000e+00
     50.289    13.8007   3.870432    32.1495        486     2.0208     2.6690  0.000e+00
     50.447    13.8014   3.870426    32.1488        487     2.0250     2.6706  0.000e+00
     50.600    13.8016   3.870570    32.1499        488     2.0292     2.6728  0.000e+00
     50.749    13.8021   3.870640    32.1501        489     2.0333     2.6741  0.000e+00
     50.902    13.8026   3.870753    32.1507        490     2.0375     2.6744  0.000e+00
     51.050    13.8032   3.870866    32.1511        491     2.0417     2.6749  0.000e+00
     51.195    13.8039   3.871017    32.1519        492     2.0458     2.6750  0.000e+00
     51.339    13.8049   3.871137    32.1522        493     2.0500     2.6757  0.000e+00
     51.484    13.8057   3.871137    32.1514        494     2.0542     2.6751  0.000e+00
     51.623    13.8064   3.871112    32.1506        495     2.0583     2.6751  0.000e+00
     51.756    13.8064   3.871162    32.1510        496     2.0625     2.6749  0.000e+00
     51.887    13.8066   3.871206    32.1512        497     2.0667     2.6746  0.000e+00
     52.018    13.8070   3.871477    32.1532        498     2.0708     2.6759  0.000e+00
     52.146    13.8076   3.871659    32.1544        499     2.0750     2.6778  0.000e+00
     52.272    13.8088   3.872018    32.1567        500     2.0792     2.6799  0.000e+00
     52.405    13.8105   3.872522    32.1598        501     2.0833     2.6812  0.000e+00
     52.538    13.8133   3.872887    32.1608        502     2.0875     2.6814  0.000e+00
     52.680    13.8164   3.873088    32.1601        503     2.0917     2.6833  0.000e+00
     52.831    13.8188   3.873227    32.1592        504     2.0958     2.6848  0.000e+00
     52.984    13.8203   3.873277    32.1584        505     2.1000     2.6864  0.000e+00
     53.143    13.8215   3.873384    32.1583        506     2.1042     2.6871  0.000e+00
     53.311    13.8221   3.873201    32.1560        507     2.1083     2.6873  0.000e+00
     53.471    13.8219   3.873227    32.1564        508     2.1125     2.6881  0.000e+00
     53.634    13.8213   3.873202    32.1566        509     2.1167     2.6909  0.000e+00
     53.789    13.8206   3.873114    32.1563        510     2.1208     2.6929  0.000e+00
     53.927    13.8201   3.872969    32.1554        511     2.1250     2.6955  0.000e+00
     54.055    13.8194   3.872950    32.1557        512     2.1292     2.6977  0.000e+00
     54.182    13.8185   3.872893    32.1559        513     2.1333     2.6980  0.000e+00
     54.296    13.8179   3.872862    32.1560        514     2.1375     2.6992  0.000e+00
     54.423    13.8175   3.872837    32.1561        515     2.1417     2.6993  0.000e+00
     54.553    13.8170   3.872875    32.1568        516     2.1458     2.6999  0.000e+00
     54.682    13.8166   3.872862    32.1570        517     2.1500     2.6989  0.000e+00
     54.815    13.8164   3.872825    32.1567        518     2.1542     2.6974  0.000e+00
     54.943    13.8164   3.872862    32.1570        519     2.1583     2.6966  0.000e+00
     55.076    13.8164   3.872862    32.1570        520     2.1625     2.6953  0.000e+00
     55.210    13.8164   3.872850    32.1569        521     2.1667     2.6961  0.000e+00
     55.354    13.8164   3.872862    32.1569        522     2.1708     2.6963  0.000e+00
     55.390    13.8161   3.872862    32.1571        523     2.1750     2.6953  0.000e+00
     55.410    13.8161   3.873108    32.1594        524     2.1792     2.6953  0.000e+00
     55.383    13.8167   3.873177    32.1596        525     2.1833     2.6943  0.000e+00
     55.299    13.8180   3.873253    32.1592        526     2.1875     2.6956  0.000e+00
     55.228    13.8190   3.873297    32.1588        527     2.1917     2.6972  0.000e+00
     55.189    13.8197   3.873246    32.1577        528     2.1958     2.6969  0.000e+00
     55.144    13.8200   3.873202    32.1571        529     2.2000     2.6977  0.000e+00
     55.092    13.8201   3.873158    32.1566        530     2.2042     2.6989  0.000e+00
     55.058    13.8195   3.873064    32.1563        531     2.2083     2.6997  0.000e+00
     55.034    13.8188   3.873064    32.1569        532     2.2125     2.7016  0.000e+00
     54.997    13.8184   3.873020    32.1568        533     2.2167     2.7013  0.000e+00
     54.952    13.8180   3.872969    32.1567        534     2.2208     2.7038  0.000e+00
     54.899    13.8175   3.873001    32.1574        535     2.2250     2.7045  0.000e+00
     54.855    13.8173   3.873045    32.1580        536     2.2292     2.7051  0.000e+00
     54.826    13.8175   3.873089    32.1583        537     2.2333     2.7042  0.000e+00
     54.801    13.8178   3.873177    32.1588        538     2.2375     2.7035  0.000e+00
     54.768    13.8179   3.873133    32.1583        539     2.2417     2.7035  0.000e+00
     54.738    13.8184   3.873089    32.1576        540     2.2458     2.7050  0.000e+00
     54.705    13.8186   3.873045    32.1570        541     2.2500     2.7046  0.000e+00
     54.666    13.8184   3.873089    32.1575        542     2.2542     2.7043  0.000e+00
     54.617    13.8184   3.873114    32.1579        543     2.2583     2.7042  0.000e+00
     54.556    13.8187   3.873089    32.1573        544     2.2625     2.7052  0.000e+00
     54.488    13.8190   3.873133    32.1576        545     2.2667     2.7049  0.000e+00
     54.414    13.8191   3.873114    32.1573        546     2.2708     2.7048  0.000e+00
     54.332    13.8194   3.873183    32.1577        547     2.2750     2.7048  0.000e+00
     54.231    13.8198   3.873202    32.1576        548     2.2792     2.7052  0.000e+00
     54.128    13.8204   3.873246    32.1576        549     2.2833     2.7056  0.000e+00
