PC2305/sbe099.cnv
* Sea-Bird SBE 19plus V2 Data File:
* FileName = C:\cruise\data\sbe099.hex
* Software Version Seasave V 7.26.7.121
* Temperature SN = 7142
* Conductivity SN = 7142
* System UpLoad Time = Nov 05 2023 14:48:30
** Cruise: PC2205
** Program: ECOMON
# nquan = 8
# nvalues = 1396                                  
# units = specified
# name 0 = depSM: Depth [salt water, m], lat = 40.00
# name 1 = tv290C: Temperature [ITS-90, deg C]
# name 2 = c0S/m: Conductivity [S/m]
# name 3 = sal00: Salinity, Practical [PSU]
# name 4 = scan: Scan Count
# name 5 = timeM: Time, Elapsed [minutes]
# name 6 = sbeox0V: Oxygen raw, SBE 43 [V]
# name 7 = flag:  0.000e+00
# span 0 =     -0.041,     41.995                 
# span 1 =    14.4704,    15.2833                 
# span 2 =   0.000087,   3.996155                 
# span 3 =     0.0075,    32.3511                 
# span 4 =         11,       1406                 
# span 5 =     0.0417,     5.8542                 
# span 6 =     2.1675,     2.8965                 
# span 7 = 0.0000e+00, 0.0000e+00                 
# interval = seconds: 0.25
# start_time = Nov 05 2023 14:48:30 [System UTC, header]
# bad_flag = -9.990e-29
*END*
     -0.039    14.5370   0.000096     0.0076         11     0.0417     2.1688  0.000e+00
     -0.036    14.5370   0.000096     0.0076         12     0.0458     2.1685  0.000e+00
     -0.032    14.5370   0.000093     0.0075         13     0.0500     2.1681  0.000e+00
     -0.036    14.5369   0.000090     0.0075         14     0.0542     2.1683  0.000e+00
     -0.036    14.5367   0.000096     0.0076         15     0.0583     2.1683  0.000e+00
     -0.038    14.5370   0.000104     0.0076         16     0.0625     2.1688  0.000e+00
     -0.038    14.5372   0.000102     0.0076         17     0.0667     2.1692  0.000e+00
     -0.038    14.5370   0.000093     0.0075         18     0.0708     2.1688  0.000e+00
     -0.039    14.5365   0.000102     0.0076         19     0.0750     2.1675  0.000e+00
     -0.036    14.5358   0.000096     0.0076         20     0.0792     2.1687  0.000e+00
     -0.036    14.5354   0.000099     0.0076         21     0.0833     2.1686  0.000e+00
     -0.036    14.5348   0.000096     0.0076         22     0.0875     2.1688  0.000e+00
     -0.034    14.5343   0.000093     0.0075         23     0.0917     2.1689  0.000e+00
     -0.036    14.5342   0.000096     0.0076         24     0.0958     2.1685  0.000e+00
     -0.036    14.5342   0.000096     0.0076         25     0.1000     2.1693  0.000e+00
     -0.034    14.5339   0.000093     0.0075         26     0.1042     2.1695  0.000e+00
     -0.032    14.5339   0.000090     0.0075         27     0.1083     2.1688  0.000e+00
     -0.036    14.5341   0.000099     0.0076         28     0.1125     2.1686  0.000e+00
     -0.036    14.5343   0.000096     0.0076         29     0.1167     2.1682  0.000e+00
     -0.032    14.5349   0.000096     0.0076         30     0.1208     2.1678  0.000e+00
     -0.036    14.5351   0.000099     0.0076         31     0.1250     2.1689  0.000e+00
     -0.032    14.5353   0.000090     0.0075         32     0.1292     2.1700  0.000e+00
     -0.034    14.5354   0.000093     0.0075         33     0.1333     2.1688  0.000e+00
     -0.034    14.5354   0.000102     0.0076         34     0.1375     2.1691  0.000e+00
     -0.036    14.5358   0.000096     0.0076         35     0.1417     2.1693  0.000e+00
     -0.038    14.5357   0.000093     0.0075         36     0.1458     2.1685  0.000e+00
     -0.040    14.5355   0.000090     0.0075         37     0.1500     2.1693  0.000e+00
     -0.036    14.5358   0.000102     0.0076         38     0.1542     2.1695  0.000e+00
     -0.038    14.5357   0.000093     0.0075         39     0.1583     2.1686  0.000e+00
     -0.036    14.5357   0.000096     0.0076         40     0.1625     2.1691  0.000e+00
     -0.040    14.5358   0.000087     0.0075         41     0.1667     2.1683  0.000e+00
     -0.038    14.5358   0.000102     0.0076         42     0.1708     2.1688  0.000e+00
     -0.034    14.5351   0.000096     0.0076         43     0.1750     2.1686  0.000e+00
     -0.036    14.5339   0.000093     0.0075         44     0.1792     2.1687  0.000e+00
     -0.034    14.5329   0.000096     0.0075         45     0.1833     2.1691  0.000e+00
     -0.034    14.5326   0.000099     0.0076         46     0.1875     2.1686  0.000e+00
     -0.034    14.5323   0.000096     0.0075         47     0.1917     2.1686  0.000e+00
     -0.036    14.5321   0.000096     0.0075         48     0.1958     2.1685  0.000e+00
     -0.036    14.5316   0.000093     0.0075         49     0.2000     2.1688  0.000e+00
     -0.036    14.5307   0.000090     0.0075         50     0.2042     2.1685  0.000e+00
     -0.038    14.5299   0.000099     0.0076         51     0.2083     2.1691  0.000e+00
     -0.034    14.5298   0.000096     0.0075         52     0.2125     2.1687  0.000e+00
     -0.032    14.5301   0.000090     0.0075         53     0.2167     2.1687  0.000e+00
     -0.036    14.5305   0.000099     0.0076         54     0.2208     2.1688  0.000e+00
     -0.038    14.5306   0.000096     0.0075         55     0.2250     2.1691  0.000e+00
     -0.040    14.5304   0.000093     0.0075         56     0.2292     2.1691  0.000e+00
     -0.040    14.5306   0.000090     0.0075         57     0.2333     2.1695  0.000e+00
     -0.038    14.5307   0.000090     0.0075         58     0.2375     2.1692  0.000e+00
     -0.038    14.5309   0.000093     0.0075         59     0.2417     2.1688  0.000e+00
     -0.038    14.5309   0.000096     0.0075         60     0.2458     2.1695  0.000e+00
     -0.036    14.5310   0.000096     0.0075         61     0.2500     2.1690  0.000e+00
     -0.036    14.5313   0.000093     0.0075         62     0.2542     2.1696  0.000e+00
     -0.034    14.5316   0.000096     0.0075         63     0.2583     2.1695  0.000e+00
     -0.034    14.5317   0.000099     0.0076         64     0.2625     2.1685  0.000e+00
     -0.032    14.5317   0.000096     0.0075         65     0.2667     2.1688  0.000e+00
     -0.036    14.5318   0.000096     0.0075         66     0.2708     2.1701  0.000e+00
     -0.036    14.5319   0.000093     0.0075         67     0.2750     2.1691  0.000e+00
     -0.040    14.5320   0.000090     0.0075         68     0.2792     2.1688  0.000e+00
     -0.036    14.5321   0.000093     0.0075         69     0.2833     2.1693  0.000e+00
     -0.036    14.5319   0.000096     0.0075         70     0.2875     2.1695  0.000e+00
     -0.036    14.5319   0.000096     0.0075         71     0.2917     2.1688  0.000e+00
     -0.036    14.5321   0.000093     0.0075         72     0.2958     2.1693  0.000e+00
     -0.040    14.5320   0.000096     0.0075         73     0.3000     2.1686  0.000e+00
     -0.034    14.5319   0.000099     0.0076         74     0.3042     2.1695  0.000e+00
     -0.036    14.5317   0.000096     0.0075         75     0.3083     2.1698  0.000e+00
     -0.032    14.5314   0.000096     0.0075         76     0.3125     2.1695  0.000e+00
     -0.036    14.5313   0.000099     0.0076         77     0.3167     2.1698  0.000e+00
     -0.040    14.5313   0.000096     0.0075         78     0.3208     2.1684  0.000e+00
     -0.036    14.5312   0.000093     0.0075         79     0.3250     2.1688  0.000e+00
     -0.034    14.5310   0.000090     0.0075         80     0.3292     2.1689  0.000e+00
     -0.041    14.5313   0.000096     0.0075         81     0.3333     2.1694  0.000e+00
     -0.036    14.5311   0.000093     0.0075         82     0.3375     2.1691  0.000e+00
     -0.036    14.5305   0.000096     0.0075         83     0.3417     2.1693  0.000e+00
     -0.036    14.5291   0.000093     0.0075         84     0.3458     2.1698  0.000e+00
     -0.036    14.5277   0.000096     0.0075         85     0.3500     2.1695  0.000e+00
     -0.031    14.5267   0.000096     0.0075         86     0.3542     2.1695  0.000e+00
     -0.034    14.5256   0.000093     0.0075         87     0.3583     2.1698  0.000e+00
     -0.036    14.5246   0.000096     0.0075         88     0.3625     2.1698  0.000e+00
     -0.034    14.5240   0.000102     0.0076         89     0.3667     2.1702  0.000e+00
     -0.036    14.5234   0.000099     0.0076         90     0.3708     2.1698  0.000e+00
     -0.034    14.5229   0.000096     0.0075         91     0.3750     2.1701  0.000e+00
     -0.036    14.5219   0.000093     0.0075         92     0.3792     2.1701  0.000e+00
     -0.038    14.5209   0.000102     0.0076         93     0.3833     2.1695  0.000e+00
     -0.036    14.5203   0.000096     0.0075         94     0.3875     2.1695  0.000e+00
     -0.038    14.5203   0.000099     0.0075         95     0.3917     2.1699  0.000e+00
     -0.034    14.5205   0.000096     0.0075         96     0.3958     2.1700  0.000e+00
     -0.034    14.5203   0.000093     0.0075         97     0.4000     2.1697  0.000e+00
     -0.032    14.5195   0.000096     0.0075         98     0.4042     2.1698  0.000e+00
     -0.031    14.5184   0.000102     0.0076         99     0.4083     2.1698  0.000e+00
     -0.034    14.5175   0.000093     0.0075        100     0.4125     2.1698  0.000e+00
     -0.032    14.5170   0.000102     0.0076        101     0.4167     2.1706  0.000e+00
     -0.036    14.5165   0.000099     0.0075        102     0.4208     2.1701  0.000e+00
     -0.034    14.5156   0.000096     0.0075        103     0.4250     2.1696  0.000e+00
     -0.036    14.5150   0.000102     0.0076        104     0.4292     2.1702  0.000e+00
     -0.032    14.5139   0.000099     0.0075        105     0.4333     2.1695  0.000e+00
     -0.034    14.5131   0.000102     0.0076        106     0.4375     2.1704  0.000e+00
     -0.034    14.5124   0.000093     0.0075        107     0.4417     2.1704  0.000e+00
     -0.032    14.5118   0.000096     0.0075        108     0.4458     2.1699  0.000e+00
     -0.031    14.5111   0.000096     0.0075        109     0.4500     2.1701  0.000e+00
     -0.032    14.5105   0.000099     0.0075        110     0.4542     2.1693  0.000e+00
     -0.034    14.5101   0.000090     0.0075        111     0.4583     2.1709  0.000e+00
     -0.032    14.5097   0.000096     0.0075        112     0.4625     2.1700  0.000e+00
     -0.034    14.5093   0.000093     0.0075        113     0.4667     2.1706  0.000e+00
     -0.034    14.5085   0.000096     0.0075        114     0.4708     2.1706  0.000e+00
     -0.034    14.5078   0.000099     0.0075        115     0.4750     2.1708  0.000e+00
     -0.031    14.5074   0.000096     0.0075        116     0.4792     2.1702  0.000e+00
     -0.034    14.5069   0.000090     0.0075        117     0.4833     2.1703  0.000e+00
     -0.036    14.5065   0.000093     0.0075        118     0.4875     2.1699  0.000e+00
     -0.032    14.5061   0.000102     0.0075        119     0.4917     2.1711  0.000e+00
     -0.034    14.5059   0.000099     0.0075        120     0.4958     2.1711  0.000e+00
     -0.032    14.5055   0.000096     0.0075        121     0.5000     2.1706  0.000e+00
     -0.032    14.5051   0.000096     0.0075        122     0.5042     2.1707  0.000e+00
     -0.032    14.5046   0.000093     0.0075        123     0.5083     2.1704  0.000e+00
     -0.032    14.5042   0.000102     0.0075        124     0.5125     2.1706  0.000e+00
     -0.034    14.5038   0.000093     0.0075        125     0.5167     2.1706  0.000e+00
     -0.034    14.5034   0.000096     0.0075        126     0.5208     2.1707  0.000e+00
     -0.032    14.5030   0.000096     0.0075        127     0.5250     2.1708  0.000e+00
     -0.029    14.5026   0.000099     0.0075        128     0.5292     2.1709  0.000e+00
     -0.031    14.5023   0.000096     0.0075        129     0.5333     2.1712  0.000e+00
     -0.034    14.5018   0.000093     0.0075        130     0.5375     2.1704  0.000e+00
     -0.031    14.5017   0.000102     0.0075        131     0.5417     2.1714  0.000e+00
     -0.032    14.5017   0.000096     0.0075        132     0.5458     2.1711  0.000e+00
     -0.034    14.5020   0.000104     0.0076        133     0.5500     2.1711  0.000e+00
     -0.029    14.5025   0.000096     0.0075        134     0.5542     2.1714  0.000e+00
     -0.027    14.5027   0.000096     0.0075        135     0.5583     2.1717  0.000e+00
     -0.031    14.5029   0.000099     0.0075        136     0.5625     2.1712  0.000e+00
     -0.031    14.5032   0.000096     0.0075        137     0.5667     2.1710  0.000e+00
     -0.027    14.5038   0.000099     0.0075        138     0.5708     2.1709  0.000e+00
     -0.031    14.5039   0.000096     0.0075        139     0.5750     2.1719  0.000e+00
     -0.027    14.5042   0.000096     0.0075        140     0.5792     2.1714  0.000e+00
     -0.029    14.5043   0.000099     0.0075        141     0.5833     2.1708  0.000e+00
     -0.034    14.5042   0.000096     0.0075        142     0.5875     2.1707  0.000e+00
     -0.034    14.5034   0.000099     0.0075        143     0.5917     2.1713  0.000e+00
     -0.031    14.5024   0.000096     0.0075        144     0.5958     2.1714  0.000e+00
     -0.031    14.5021   0.000102     0.0075        145     0.6000     2.1716  0.000e+00
     -0.031    14.5018   0.000099     0.0075        146     0.6042     2.1720  0.000e+00
     -0.032    14.5016   0.000102     0.0075        147     0.6083     2.1714  0.000e+00
     -0.031    14.5011   0.000093     0.0075        148     0.6125     2.1716  0.000e+00
     -0.031    14.5007   0.000102     0.0075        149     0.6167     2.1720  0.000e+00
     -0.031    14.5005   0.000096     0.0075        150     0.6208     2.1716  0.000e+00
     -0.034    14.5008   0.000099     0.0075        151     0.6250     2.1716  0.000e+00
     -0.032    14.5008   0.000096     0.0075        152     0.6292     2.1722  0.000e+00
     -0.032    14.5006   0.000093     0.0075        153     0.6333     2.1709  0.000e+00
     -0.031    14.5005   0.000102     0.0075        154     0.6375     2.1714  0.000e+00
     -0.031    14.5001   0.000102     0.0075        155     0.6417     2.1719  0.000e+00
     -0.029    14.5005   0.000099     0.0075        156     0.6458     2.1699  0.000e+00
     -0.029    14.5009   0.000102     0.0075        157     0.6500     2.1717  0.000e+00
     -0.027    14.5009   0.358401     2.4058        158     0.6542     2.1974  0.000e+00
     -0.029    14.5040   1.702579    12.8175        159     0.6583     2.2512  0.000e+00
     -0.032    14.5228   0.599004     4.1556        160     0.6625     2.3194  0.000e+00
     -0.032    14.5260   0.365473     2.4547        161     0.6667     2.3828  0.000e+00
     -0.034    14.5106   0.286263     1.8955        162     0.6708     2.4369  0.000e+00
     -0.032    14.4922   0.242922     1.5943        163     0.6750     2.4891  0.000e+00
     -0.029    14.4770   0.216122     1.4098        164     0.6792     2.5372  0.000e+00
     -0.032    14.4704   0.117522     0.7439        165     0.6833     2.5820  0.000e+00
     -0.034    14.4711   0.108684     0.6855        166     0.6875     2.6148  0.000e+00
     -0.034    14.4750   1.167803     8.5254        167     0.6917     2.6351  0.000e+00
     -0.029    14.4817   3.863159    31.5400        168     0.6958     2.6451  0.000e+00
      0.047    14.5649   3.958071    32.3349        169     0.7000     2.6531  0.000e+00
      0.207    14.7343   3.975368    32.3511        170     0.7042     2.6630  0.000e+00
      0.413    14.8653   3.976410    32.2518        171     0.7083     2.6684  0.000e+00
      0.588    14.9487   3.978235    32.1993        172     0.7125     2.6704  0.000e+00
      0.722    14.9992   3.977203    32.1484        173     0.7167     2.6700  0.000e+00
      0.816    15.0287   3.973361    32.0894        174     0.7208     2.6627  0.000e+00
      0.870    15.0439   3.973475    32.0780        175     0.7250     2.6574  0.000e+00
      0.904    15.0536   3.972261    32.0591        176     0.7292     2.6473  0.000e+00
      0.936    15.0618   3.969876    32.0309        177     0.7333     2.6336  0.000e+00
      0.967    15.0695   3.970703    32.0320        178     0.7375     2.6162  0.000e+00
      1.017    15.0736   3.973475    32.0536        179     0.7417     2.5978  0.000e+00
      1.073    15.0709   3.974276    32.0630        180     0.7458     2.5811  0.000e+00
      1.130    15.0694   3.976897    32.0878        181     0.7500     2.5669  0.000e+00
      1.220    15.0736   3.978093    32.0950        182     0.7542     2.5530  0.000e+00
      1.272    15.0854   3.978348    32.0876        183     0.7583     2.5380  0.000e+00
      1.312    15.0922   3.976191    32.0627        184     0.7625     2.5226  0.000e+00
      1.290    15.0891   3.969336    32.0036        185     0.7667     2.5119  0.000e+00
      1.227    15.0980   3.976992    32.0651        186     0.7708     2.5022  0.000e+00
      1.172    15.1038   3.978137    32.0707        187     0.7750     2.4910  0.000e+00
      1.114    15.1071   3.978023    32.0670        188     0.7792     2.4838  0.000e+00
      1.066    15.1155   3.977883    32.0589        189     0.7833     2.4755  0.000e+00
