PC2305/sbe063.cnv
* Sea-Bird SBE 19plus V2 Data File:
* FileName = C:\cruise\data\sbe063.hex
* Software Version Seasave V 7.26.7.121
* Temperature SN = 7142
* Conductivity SN = 7142
* System UpLoad Time = Nov 02 2023 11:04:00
** Cruise: PC2205
** Program: ECOMON
# nquan = 8
# nvalues = 2022                                  
# units = specified
# name 0 = depSM: Depth [salt water, m], lat = 40.00
# name 1 = tv290C: Temperature [ITS-90, deg C]
# name 2 = c0S/m: Conductivity [S/m]
# name 3 = sal00: Salinity, Practical [PSU]
# name 4 = scan: Scan Count
# name 5 = timeM: Time, Elapsed [minutes]
# name 6 = sbeox0V: Oxygen raw, SBE 43 [V]
# name 7 = flag:  0.000e+00
# span 0 =      0.066,     27.937                 
# span 1 =    10.0926,    16.5290                 
# span 2 =   0.000040,   4.088785                 
# span 3 =     0.0052,    32.7577                 
# span 4 =         11,       2032                 
# span 5 =     0.0417,     8.4625                 
# span 6 =     2.3581,     3.0447                 
# span 7 = 0.0000e+00, 0.0000e+00                 
# interval = seconds: 0.25
# start_time = Nov 02 2023 11:04:00 [System UTC, header]
# bad_flag = -9.990e-29
*END*
[from data line 1798]
      5.186    16.4965   4.083864    31.8783       1809     7.5333     2.7224  0.000e+00
      5.242    16.4964   4.083960    31.8793       1810     7.5375     2.7230  0.000e+00
      5.314    16.4965   4.083935    31.8789       1811     7.5417     2.7240  0.000e+00
      5.382    16.4969   4.083961    31.8788       1812     7.5458     2.7240  0.000e+00
      5.463    16.4969   4.084006    31.8792       1813     7.5500     2.7246  0.000e+00
      5.539    16.4971   4.084102    31.8798       1814     7.5542     2.7249  0.000e+00
      5.609    16.4976   4.084083    31.8792       1815     7.5583     2.7232  0.000e+00
      5.648    16.4981   4.084334    31.8810       1816     7.5625     2.7230  0.000e+00
      5.655    16.4989   4.084372    31.8807       1817     7.5667     2.7238  0.000e+00
      5.632    16.4997   4.084443    31.8807       1818     7.5708     2.7240  0.000e+00
      5.607    16.5003   4.084565    31.8813       1819     7.5750     2.7254  0.000e+00
      5.589    16.5012   4.084539    31.8804       1820     7.5792     2.7265  0.000e+00
      5.562    16.5020   4.084372    31.8783       1821     7.5833     2.7268  0.000e+00
      5.528    16.5016   4.084398    31.8788       1822     7.5875     2.7278  0.000e+00
      5.499    16.5014   4.084539    31.8802       1823     7.5917     2.7273  0.000e+00
      5.465    16.5019   4.084629    31.8806       1824     7.5958     2.7278  0.000e+00
      5.436    16.5024   4.084565    31.8797       1825     7.6000     2.7269  0.000e+00
      5.409    16.5030   4.084539    31.8789       1826     7.6042     2.7263  0.000e+00
      5.391    16.5029   4.084616    31.8797       1827     7.6083     2.7261  0.000e+00
      5.366    16.5031   4.084616    31.8796       1828     7.6125     2.7248  0.000e+00
      5.353    16.5033   4.084636    31.8795       1829     7.6167     2.7258  0.000e+00
      5.341    16.5035   4.084616    31.8792       1830     7.6208     2.7253  0.000e+00
      5.352    16.5035   4.084565    31.8788       1831     7.6250     2.7241  0.000e+00
      5.361    16.5033   4.084629    31.8795       1832     7.6292     2.7231  0.000e+00
      5.377    16.5035   4.084539    31.8786       1833     7.6333     2.7226  0.000e+00
      5.387    16.5033   4.084732    31.8804       1834     7.6375     2.7229  0.000e+00
      5.386    16.5035   4.084784    31.8807       1835     7.6417     2.7235  0.000e+00
      5.353    16.5041   4.084732    31.8798       1836     7.6458     2.7210  0.000e+00
      5.285    16.5044   4.084732    31.8796       1837     7.6500     2.7211  0.000e+00
      5.186    16.5045   4.084758    31.8797       1838     7.6542     2.7202  0.000e+00
      5.078    16.5045   4.084713    31.8794       1839     7.6583     2.7214  0.000e+00
      4.965    16.5046   4.084700    31.8792       1840     7.6625     2.7212  0.000e+00
      4.886    16.5046   4.084513    31.8776       1841     7.6667     2.7221  0.000e+00
      4.823    16.5040   4.084783    31.8805       1842     7.6708     2.7221  0.000e+00
      4.794    16.5042   4.084732    31.8799       1843     7.6750     2.7206  0.000e+00
      4.787    16.5046   4.084732    31.8796       1844     7.6792     2.7182  0.000e+00
      4.814    16.5049   4.084661    31.8787       1845     7.6833     2.7188  0.000e+00
      4.861    16.5050   4.084758    31.8795       1846     7.6875     2.7173  0.000e+00
      4.913    16.5050   4.084784    31.8797       1847     7.6917     2.7166  0.000e+00
      4.969    16.5052   4.084796    31.8796       1848     7.6958     2.7182  0.000e+00
      5.010    16.5055   4.084829    31.8796       1849     7.7000     2.7197  0.000e+00
      5.035    16.5059   4.084809    31.8791       1850     7.7042     2.7233  0.000e+00
      5.041    16.5060   4.084977    31.8805       1851     7.7083     2.7247  0.000e+00
      5.037    16.5068   4.085022    31.8803       1852     7.7125     2.7258  0.000e+00
      5.006    16.5072   4.084951    31.8793       1853     7.7167     2.7268  0.000e+00
      4.954    16.5076   4.085002    31.8794       1854     7.7208     2.7262  0.000e+00
      4.893    16.5078   4.084951    31.8789       1855     7.7250     2.7266  0.000e+00
      4.818    16.5078   4.084726    31.8769       1856     7.7292     2.7271  0.000e+00
      4.742    16.5072   4.084732    31.8775       1857     7.7333     2.7289  0.000e+00
      4.665    16.5066   4.084661    31.8774       1858     7.7375     2.7291  0.000e+00
      4.606    16.5058   4.084880    31.8800       1859     7.7417     2.7302  0.000e+00
      4.575    16.5056   4.084828    31.8797       1860     7.7458     2.7298  0.000e+00
      4.570    16.5060   4.084828    31.8794       1861     7.7500     2.7292  0.000e+00
      4.591    16.5064   4.084880    31.8795       1862     7.7542     2.7269  0.000e+00
      4.631    16.5068   4.084771    31.8782       1863     7.7583     2.7256  0.000e+00
      4.672    16.5064   4.084590    31.8769       1864     7.7625     2.7230  0.000e+00
      4.712    16.5057   4.083889    31.8714       1865     7.7667     2.7217  0.000e+00
      4.755    16.5033   4.084468    31.8783       1866     7.7708     2.7209  0.000e+00
      4.787    16.5021   4.084031    31.8754       1867     7.7750     2.7192  0.000e+00
      4.807    16.5013   4.083452    31.8710       1868     7.7792     2.7178  0.000e+00
      4.787    16.4986   4.083401    31.8727       1869     7.7833     2.7156  0.000e+00
      4.737    16.4965   4.082893    31.8700       1870     7.7875     2.7127  0.000e+00
      4.661    16.4939   4.082192    31.8661       1871     7.7917     2.7110  0.000e+00
      4.579    16.4901   4.082134    31.8686       1872     7.7958     2.7101  0.000e+00
      4.487    16.4863   4.082173    31.8720       1873     7.8000     2.7110  0.000e+00
      4.397    16.4834   4.082095    31.8737       1874     7.8042     2.7122  0.000e+00
      4.302    16.4815   4.082121    31.8755       1875     7.8083     2.7139  0.000e+00
      4.203    16.4802   4.081973    31.8753       1876     7.8125     2.7149  0.000e+00
      4.103    16.4790   4.081877    31.8754       1877     7.8167     2.7156  0.000e+00
      4.015    16.4780   4.081780    31.8754       1878     7.8208     2.7169  0.000e+00
      3.934    16.4770   4.081928    31.8775       1879     7.8250     2.7168  0.000e+00
      3.855    16.4764   4.081555    31.8747       1880     7.8292     2.7186  0.000e+00
      3.808    16.4757   4.081156    31.8718       1881     7.8333     2.7188  0.000e+00
      3.783    16.4738   4.081491    31.8763       1882     7.8375     2.7198  0.000e+00
      3.792    16.4728   4.081639    31.8784       1883     7.8417     2.7224  0.000e+00
      3.838    16.4726   4.081542    31.8777       1884     7.8458     2.7214  0.000e+00
      3.910    16.4729   4.081298    31.8753       1885     7.8500     2.7252  0.000e+00
      3.968    16.4723   4.081253    31.8753       1886     7.8542     2.7246  0.000e+00
      4.023    16.4716   4.081157    31.8750       1887     7.8583     2.7256  0.000e+00
      4.076    16.4711   4.081163    31.8755       1888     7.8625     2.7260  0.000e+00
      4.113    16.4708   4.081272    31.8767       1889     7.8667     2.7261  0.000e+00
      4.133    16.4706   4.081613    31.8798       1890     7.8708     2.7243  0.000e+00
      4.099    16.4716   4.081902    31.8815       1891     7.8750     2.7244  0.000e+00
      4.020    16.4737   4.081761    31.8787       1892     7.8792     2.7252  0.000e+00
      3.912    16.4751   4.081684    31.8769       1893     7.8833     2.7249  0.000e+00
      3.783    16.4759   4.081568    31.8753       1894     7.8875     2.7253  0.000e+00
      3.641    16.4762   4.081465    31.8742       1895     7.8917     2.7235  0.000e+00
      3.542    16.4758   4.081446    31.8744       1896     7.8958     2.7231  0.000e+00
      3.472    16.4755   4.081298    31.8734       1897     7.9000     2.7238  0.000e+00
      3.445    16.4750   4.081227    31.8731       1898     7.9042     2.7243  0.000e+00
      3.452    16.4745   4.081253    31.8738       1899     7.9083     2.7245  0.000e+00
      3.493    16.4739   4.081060    31.8725       1900     7.9125     2.7231  0.000e+00
      3.562    16.4731   4.080816    31.8710       1901     7.9167     2.7232  0.000e+00
      3.646    16.4725   4.080861    31.8719       1902     7.9208     2.7252  0.000e+00
      3.718    16.4717   4.079658    31.8620       1903     7.9250     2.7255  0.000e+00
      3.763    16.4680   4.078881    31.8582       1904     7.9292     2.7263  0.000e+00
      3.793    16.4620   4.078527    31.8599       1905     7.9333     2.7266  0.000e+00
      3.815    16.4555   4.078495    31.8648       1906     7.9375     2.7256  0.000e+00
      3.817    16.4508   4.078547    31.8689       1907     7.9417     2.7238  0.000e+00
      3.741    16.4485   4.079054    31.8753       1908     7.9458     2.7234  0.000e+00
      3.597    16.4484   4.079556    31.8798       1909     7.9500     2.7238  0.000e+00
      3.405    16.4501   4.079074    31.8743       1910     7.9542     2.7244  0.000e+00
      3.150    16.4513   4.078810    31.8711       1911     7.9583     2.7262  0.000e+00
      2.902    16.4511   4.078713    31.8705       1912     7.9625     2.7271  0.000e+00
      2.735    16.4504   4.078713    31.8711       1913     7.9667     2.7283  0.000e+00
      2.641    16.4497   4.078296    31.8681       1914     7.9708     2.7280  0.000e+00
      2.611    16.4484   4.078546    31.8713       1915     7.9750     2.7292  0.000e+00
      2.627    16.4484   4.078450    31.8705       1916     7.9792     2.7308  0.000e+00
      2.690    16.4486   4.078855    31.8738       1917     7.9833     2.7318  0.000e+00
      2.773    16.4506   4.079485    31.8777       1918     7.9875     2.7307  0.000e+00
      2.873    16.4539   4.079703    31.8769       1919     7.9917     2.7318  0.000e+00
      2.979    16.4575   4.079703    31.8740       1920     7.9958     2.7329  0.000e+00
      3.080    16.4599   4.079633    31.8714       1921     8.0000     2.7343  0.000e+00
      3.137    16.4609   4.079729    31.8714       1922     8.0042     2.7343  0.000e+00
      3.143    16.4616   4.080006    31.8733       1923     8.0083     2.7346  0.000e+00
      3.096    16.4629   4.080063    31.8728       1924     8.0125     2.7339  0.000e+00
      3.013    16.4642   4.079993    31.8712       1925     8.0167     2.7327  0.000e+00
      2.949    16.4652   4.079967    31.8701       1926     8.0208     2.7320  0.000e+00
      2.879    16.4656   4.080063    31.8707       1927     8.0250     2.7325  0.000e+00
      2.814    16.4656   4.080475    31.8743       1928     8.0292     2.7328  0.000e+00
      2.760    16.4673   4.080378    31.8721       1929     8.0333     2.7325  0.000e+00
      2.704    16.4689   4.080404    31.8711       1930     8.0375     2.7320  0.000e+00
      2.647    16.4698   4.080552    31.8717       1931     8.0417     2.7320  0.000e+00
      2.587    16.4706   4.080513    31.8708       1932     8.0458     2.7330  0.000e+00
      2.532    16.4714   4.080526    31.8702       1933     8.0500     2.7318  0.000e+00
      2.494    16.4719   4.080552    31.8701       1934     8.0542     2.7313  0.000e+00
      2.471    16.4723   4.080552    31.8698       1935     8.0583     2.7298  0.000e+00
      2.460    16.4723   4.080571    31.8700       1936     8.0625     2.7307  0.000e+00
      2.433    16.4725   4.080500    31.8692       1937     8.0667     2.7309  0.000e+00
      2.372    16.4725   4.080474    31.8690       1938     8.0708     2.7295  0.000e+00
      2.291    16.4724   4.080526    31.8696       1939     8.0750     2.7310  0.000e+00
      2.187    16.4726   4.080468    31.8689       1940     8.0792     2.7311  0.000e+00
      2.104    16.4723   4.080474    31.8692       1941     8.0833     2.7301  0.000e+00
      2.070    16.4722   4.080500    31.8695       1942     8.0875     2.7304  0.000e+00
      2.073    16.4722   4.080693    31.8712       1943     8.0917     2.7290  0.000e+00
      2.109    16.4728   4.080596    31.8699       1944     8.0958     2.7284  0.000e+00
      2.153    16.4733   4.080474    31.8684       1945     8.1000     2.7274  0.000e+00
      2.192    16.4731   4.079658    31.8615       1946     8.1042     2.7288  0.000e+00
      2.215    16.4703   4.079536    31.8626       1947     8.1083     2.7292  0.000e+00
      2.194    16.4675   4.078854    31.8589       1948     8.1125     2.7289  0.000e+00
      2.153    16.4631   4.077922    31.8543       1949     8.1167     2.7295  0.000e+00
      2.075    16.4560   4.078449    31.8646       1950     8.1208     2.7288  0.000e+00
      1.969    16.4518   4.078739    31.8705       1951     8.1250     2.7302  0.000e+00
      1.849    16.4509   4.079150    31.8749       1952     8.1292     2.7307  0.000e+00
      1.745    16.4522   4.078880    31.8715       1953     8.1333     2.7317  0.000e+00
      1.685    16.4535   4.078906    31.8707       1954     8.1375     2.7327  0.000e+00
      1.675    16.4536   4.078642    31.8684       1955     8.1417     2.7324  0.000e+00
      1.701    16.4530   4.078231    31.8652       1956     8.1458     2.7322  0.000e+00
      1.736    16.4509   4.078179    31.8664       1957     8.1500     2.7327  0.000e+00
      1.743    16.4488   4.078314    31.8693       1958     8.1542     2.7314  0.000e+00
      1.748    16.4478   4.078424    31.8710       1959     8.1583     2.7302  0.000e+00
      1.757    16.4474   4.078662    31.8734       1960     8.1625     2.7308  0.000e+00
      1.739    16.4484   4.078951    31.8752       1961     8.1667     2.7307  0.000e+00
      1.701    16.4503   4.079343    31.8771       1962     8.1708     2.7307  0.000e+00
      1.648    16.4532   4.078906    31.8710       1963     8.1750     2.7300  0.000e+00
      1.601    16.4546   4.079002    31.8707       1964     8.1792     2.7299  0.000e+00
      1.570    16.4549   4.079362    31.8736       1965     8.1833     2.7291  0.000e+00
      1.594    16.4561   4.079774    31.8762       1966     8.1875     2.7281  0.000e+00
      1.647    16.4585   4.079979    31.8761       1967     8.1917     2.7281  0.000e+00
      1.682    16.4618   4.079825    31.8721       1968     8.1958     2.7269  0.000e+00
      1.671    16.4631   4.079966    31.8723       1969     8.2000     2.7259  0.000e+00
      1.606    16.4640   4.080114    31.8729       1970     8.2042     2.7249  0.000e+00
      1.545    16.4651   4.080333    31.8740       1971     8.2083     2.7246  0.000e+00
      1.486    16.4669   4.080596    31.8749       1972     8.2125     2.7249  0.000e+00
      1.423    16.4691   4.080159    31.8693       1973     8.2167     2.7275  0.000e+00
      1.337    16.4696   4.079703    31.8649       1974     8.2208     2.7281  0.000e+00
      1.241    16.4681   4.079510    31.8645       1975     8.2250     2.7282  0.000e+00
      1.159    16.4658   4.079426    31.8656       1976     8.2292     2.7274  0.000e+00
      1.125    16.4638   4.079413    31.8671       1977     8.2333     2.7275  0.000e+00
      1.103    16.4626   4.079606    31.8698       1978     8.2375     2.7288  0.000e+00
      1.074    16.4625   4.079799    31.8716       1979     8.2417     2.7295  0.000e+00
      1.058    16.4631   4.080018    31.8730       1980     8.2458     2.7311  0.000e+00
      1.078    16.4642   4.080140    31.8732       1981     8.2500     2.7323  0.000e+00
      1.116    16.4660   4.080333    31.8734       1982     8.2542     2.7317  0.000e+00
      1.099    16.4675   4.080088    31.8701       1983     8.2583     2.7324  0.000e+00
      0.997    16.4683   4.080358    31.8718       1984     8.2625     2.7330  0.000e+00
      0.824    16.4691   4.080467    31.8722       1985     8.2667     2.7325  0.000e+00
      0.666    16.4700   4.080255    31.8697       1986     8.2708     2.7326  0.000e+00
      0.638    16.4704   4.079677    31.8643       1987     8.2750     2.7298  0.000e+00
