PC2305/sbe035.cnv
* Sea-Bird SBE 19plus V2 Data File:
* FileName = C:\cruise\data\sbe035.hex
* Software Version Seasave V 7.26.7.121
* Temperature SN = 7142
* Conductivity SN = 7142
* System UpLoad Time = Oct 30 2023 07:54:38
** Cruise: PC2205
** Program: ECOMON
# nquan = 8
# nvalues = 1400                                  
# units = specified
# name 0 = depSM: Depth [salt water, m], lat = 40.00
# name 1 = tv290C: Temperature [ITS-90, deg C]
# name 2 = c0S/m: Conductivity [S/m]
# name 3 = sal00: Salinity, Practical [PSU]
# name 4 = scan: Scan Count
# name 5 = timeM: Time, Elapsed [minutes]
# name 6 = sbeox0V: Oxygen raw, SBE 43 [V]
# name 7 = flag:  0.000e+00
# span 0 =     -0.087,     37.259                 
# span 1 =    17.8000,    18.3705                 
# span 2 =   0.000037,   4.371625                 
# span 3 =     0.0093,    33.2063                 
# span 4 =         11,       1410                 
# span 5 =     0.0417,     5.8708                 
# span 6 =     2.4568,     3.0731                 
# span 7 = 0.0000e+00, 0.0000e+00                 
# interval = seconds: 0.25
# start_time = Oct 30 2023 07:54:38 [System UTC, header]
# bad_flag = -9.990e-29
*END*
[from data line 360]
     34.198    17.9049   4.371167    33.2035        371     1.5417     2.6334  0.000e+00
     34.351    17.9050   4.371193    33.2036        372     1.5458     2.6333  0.000e+00
     34.502    17.9050   4.371167    33.2032        373     1.5500     2.6338  0.000e+00
     34.649    17.9050   4.371180    33.2033        374     1.5542     2.6349  0.000e+00
     34.798    17.9051   4.371213    33.2034        375     1.5583     2.6354  0.000e+00
     34.946    17.9051   4.371293    33.2041        376     1.5625     2.6372  0.000e+00
     35.100    17.9052   4.371366    33.2046        377     1.5667     2.6385  0.000e+00
     35.248    17.9055   4.371419    33.2047        378     1.5708     2.6386  0.000e+00
     35.391    17.9053   4.371439    33.2050        379     1.5750     2.6385  0.000e+00
     35.535    17.9053   4.371445    33.2050        380     1.5792     2.6384  0.000e+00
     35.675    17.9055   4.371445    33.2048        381     1.5833     2.6372  0.000e+00
     35.812    17.9055   4.371465    33.2049        382     1.5875     2.6367  0.000e+00
     35.948    17.9056   4.371492    33.2050        383     1.5917     2.6360  0.000e+00
     36.072    17.9056   4.371492    33.2049        384     1.5958     2.6366  0.000e+00
     36.193    17.9057   4.371492    33.2048        385     1.6000     2.6373  0.000e+00
     36.306    17.9056   4.371518    33.2051        386     1.6042     2.6373  0.000e+00
     36.425    17.9055   4.371545    33.2054        387     1.6083     2.6353  0.000e+00
     36.538    17.9056   4.371518    33.2050        388     1.6125     2.6355  0.000e+00
     36.649    17.9055   4.371519    33.2051        389     1.6167     2.6351  0.000e+00
     36.768    17.9056   4.371545    33.2052        390     1.6208     2.6362  0.000e+00
     36.888    17.9056   4.371572    33.2054        391     1.6250     2.6371  0.000e+00
     37.012    17.9055   4.371591    33.2056        392     1.6292     2.6386  0.000e+00
     37.142    17.9057   4.371592    33.2053        393     1.6333     2.6377  0.000e+00
     37.216    17.9056   4.371625    33.2056        394     1.6375     2.6368  0.000e+00
     37.259    17.9056   4.371618    33.2056        395     1.6417     2.6387  0.000e+00
     37.237    17.9056   4.371592    33.2053        396     1.6458     2.6388  0.000e+00
     37.181    17.9056   4.371592    33.2054        397     1.6500     2.6388  0.000e+00
     37.147    17.9056   4.371598    33.2054        398     1.6542     2.6402  0.000e+00
     37.135    17.9055   4.371572    33.2054        399     1.6583     2.6396  0.000e+00
     37.122    17.9053   4.371572    33.2055        400     1.6625     2.6397  0.000e+00
     37.102    17.9054   4.371572    33.2054        401     1.6667     2.6391  0.000e+00
     37.083    17.9052   4.371591    33.2058        402     1.6708     2.6399  0.000e+00
     37.061    17.9053   4.371598    33.2057        403     1.6750     2.6398  0.000e+00
     37.047    17.9054   4.371572    33.2055        404     1.6792     2.6388  0.000e+00
     37.021    17.9052   4.371591    33.2058        405     1.6833     2.6399  0.000e+00
     37.009    17.9052   4.371591    33.2058        406     1.6875     2.6412  0.000e+00
     36.984    17.9052   4.371618    33.2060        407     1.6917     2.6417  0.000e+00
     36.980    17.9054   4.371598    33.2057        408     1.6958     2.6409  0.000e+00
     36.973    17.9053   4.371591    33.2057        409     1.7000     2.6398  0.000e+00
     36.977    17.9053   4.371591    33.2057        410     1.7042     2.6398  0.000e+00
     36.968    17.9052   4.371572    33.2056        411     1.7083     2.6396  0.000e+00
     36.960    17.9053   4.371519    33.2051        412     1.7125     2.6380  0.000e+00
     36.924    17.9053   4.371492    33.2049        413     1.7167     2.6386  0.000e+00
     36.869    17.9053   4.371419    33.2043        414     1.7208     2.6380  0.000e+00
     36.813    17.9050   4.371340    33.2039        415     1.7250     2.6396  0.000e+00
     36.755    17.9050   4.371366    33.2042        416     1.7292     2.6396  0.000e+00
     36.698    17.9050   4.371366    33.2041        417     1.7333     2.6399  0.000e+00
     36.639    17.9050   4.371366    33.2042        418     1.7375     2.6394  0.000e+00
     36.574    17.9050   4.371366    33.2042        419     1.7417     2.6397  0.000e+00
     36.507    17.9048   4.371366    33.2044        420     1.7458     2.6393  0.000e+00
     36.445    17.9048   4.371366    33.2044        421     1.7500     2.6392  0.000e+00
     36.376    17.9049   4.371366    33.2044        422     1.7542     2.6394  0.000e+00
     36.310    17.9049   4.371492    33.2055        423     1.7583     2.6405  0.000e+00
     36.247    17.9048   4.371518    33.2058        424     1.7625     2.6414  0.000e+00
     36.186    17.9049   4.371545    33.2060        425     1.7667     2.6417  0.000e+00
     36.128    17.9050   4.371518    33.2056        426     1.7708     2.6416  0.000e+00
     36.076    17.9053   4.371545    33.2056        427     1.7750     2.6426  0.000e+00
     36.015    17.9050   4.371518    33.2057        428     1.7792     2.6440  0.000e+00
     35.961    17.9051   4.371518    33.2056        429     1.7833     2.6447  0.000e+00
     35.900    17.9051   4.371518    33.2056        430     1.7875     2.6444  0.000e+00
     35.835    17.9050   4.371465    33.2053        431     1.7917     2.6430  0.000e+00
     35.767    17.9050   4.371465    33.2054        432     1.7958     2.6445  0.000e+00
     35.690    17.9051   4.371465    33.2053        433     1.8000     2.6442  0.000e+00
     35.612    17.9048   4.371465    33.2056        434     1.8042     2.6459  0.000e+00
     35.528    17.9050   4.371545    33.2061        435     1.8083     2.6458  0.000e+00
     35.442    17.9048   4.371544    33.2063        436     1.8125     2.6454  0.000e+00
     35.355    17.9049   4.371492    33.2058        437     1.8167     2.6451  0.000e+00
     35.266    17.9050   4.371491    33.2057        438     1.8208     2.6445  0.000e+00
     35.190    17.9050   4.371445    33.2054        439     1.8250     2.6458  0.000e+00
     35.107    17.9050   4.371419    33.2052        440     1.8292     2.6471  0.000e+00
     35.039    17.9047   4.371419    33.2054        441     1.8333     2.6474  0.000e+00
     34.973    17.9048   4.371392    33.2052        442     1.8375     2.6469  0.000e+00
     34.911    17.9047   4.371339    33.2048        443     1.8417     2.6452  0.000e+00
     34.861    17.9046   4.371319    33.2047        444     1.8458     2.6469  0.000e+00
     34.807    17.9045   4.371319    33.2048        445     1.8500     2.6466  0.000e+00
     34.762    17.9047   4.371293    33.2045        446     1.8542     2.6473  0.000e+00
     34.721    17.9047   4.371266    33.2043        447     1.8583     2.6461  0.000e+00
     34.681    17.9046   4.371313    33.2047        448     1.8625     2.6438  0.000e+00
     34.642    17.9046   4.371293    33.2046        449     1.8667     2.6423  0.000e+00
     34.601    17.9046   4.371339    33.2050        450     1.8708     2.6411  0.000e+00
     34.554    17.9045   4.371339    33.2051        451     1.8750     2.6422  0.000e+00
     34.496    17.9046   4.371339    33.2050        452     1.8792     2.6399  0.000e+00
     34.444    17.9048   4.371365    33.2051        453     1.8833     2.6399  0.000e+00
     34.385    17.9046   4.371365    33.2053        454     1.8875     2.6390  0.000e+00
     34.326    17.9047   4.371319    33.2049        455     1.8917     2.6396  0.000e+00
     34.261    17.9046   4.371266    33.2045        456     1.8958     2.6396  0.000e+00
     34.198    17.9046   4.371260    33.2045        457     1.9000     2.6401  0.000e+00
     34.135    17.9047   4.371266    33.2045        458     1.9042     2.6395  0.000e+00
     34.076    17.9047   4.371266    33.2045        459     1.9083     2.6407  0.000e+00
     34.024    17.9044   4.371193    33.2042        460     1.9125     2.6393  0.000e+00
     33.975    17.9046   4.371167    33.2038        461     1.9167     2.6401  0.000e+00
     33.930    17.9043   4.371180    33.2042        462     1.9208     2.6406  0.000e+00
     33.883    17.9043   4.371140    33.2038        463     1.9250     2.6401  0.000e+00
     33.846    17.9044   4.371140    33.2038        464     1.9292     2.6402  0.000e+00
     33.799    17.9043   4.371140    33.2039        465     1.9333     2.6384  0.000e+00
     33.752    17.9043   4.371167    33.2041        466     1.9375     2.6403  0.000e+00
     33.700    17.9043   4.371180    33.2042        467     1.9417     2.6414  0.000e+00
     33.641    17.9044   4.371140    33.2039        468     1.9458     2.6445  0.000e+00
     33.580    17.9044   4.371193    33.2043        469     1.9500     2.6445  0.000e+00
     33.510    17.9044   4.371167    33.2041        470     1.9542     2.6458  0.000e+00
     33.438    17.9044   4.371167    33.2042        471     1.9583     2.6450  0.000e+00
     33.364    17.9043   4.371127    33.2039        472     1.9625     2.6447  0.000e+00
     33.294    17.9043   4.371041    33.2032        473     1.9667     2.6448  0.000e+00
     33.220    17.9041   4.371041    33.2034        474     1.9708     2.6442  0.000e+00
     33.148    17.9043   4.371041    33.2033        475     1.9750     2.6455  0.000e+00
     33.071    17.9042   4.371041    33.2034        476     1.9792     2.6447  0.000e+00
     32.999    17.9041   4.371021    33.2033        477     1.9833     2.6442  0.000e+00
     32.926    17.9039   4.370988    33.2032        478     1.9875     2.6416  0.000e+00
     32.855    17.9040   4.371014    33.2034        479     1.9917     2.6403  0.000e+00
     32.782    17.9041   4.371014    33.2033        480     1.9958     2.6393  0.000e+00
     32.715    17.9039   4.371067    33.2039        481     2.0000     2.6377  0.000e+00
     32.645    17.9040   4.371047    33.2037        482     2.0042     2.6386  0.000e+00
     32.582    17.9041   4.371041    33.2036        483     2.0083     2.6391  0.000e+00
     32.519    17.9040   4.371041    33.2037        484     2.0125     2.6391  0.000e+00
     32.451    17.9041   4.371014    33.2034        485     2.0167     2.6392  0.000e+00
     32.388    17.9039   4.371014    33.2036        486     2.0208     2.6388  0.000e+00
     32.325    17.9038   4.370994    33.2036        487     2.0250     2.6383  0.000e+00
     32.268    17.9039   4.370961    33.2033        488     2.0292     2.6405  0.000e+00
     32.219    17.9039   4.370941    33.2030        489     2.0333     2.6403  0.000e+00
     32.178    17.9039   4.370915    33.2029        490     2.0375     2.6404  0.000e+00
     32.142    17.9040   4.370941    33.2030        491     2.0417     2.6405  0.000e+00
     32.113    17.9037   4.370915    33.2031        492     2.0458     2.6409  0.000e+00
     32.083    17.9039   4.370888    33.2027        493     2.0500     2.6394  0.000e+00
     32.066    17.9038   4.370862    33.2025        494     2.0542     2.6394  0.000e+00
     32.056    17.9037   4.370862    33.2026        495     2.0583     2.6409  0.000e+00
     32.048    17.9039   4.370888    33.2027        496     2.0625     2.6401  0.000e+00
     32.038    17.9038   4.370862    33.2026        497     2.0667     2.6392  0.000e+00
     32.030    17.9039   4.370789    33.2019        498     2.0708     2.6403  0.000e+00
     32.022    17.9037   4.370835    33.2024        499     2.0750     2.6402  0.000e+00
     32.007    17.9039   4.370835    33.2023        500     2.0792     2.6399  0.000e+00
     31.989    17.9038   4.370862    33.2026        501     2.0833     2.6405  0.000e+00
     31.969    17.9036   4.370782    33.2020        502     2.0875     2.6411  0.000e+00
     31.946    17.9035   4.370789    33.2022        503     2.0917     2.6409  0.000e+00
     31.914    17.9036   4.370815    33.2023        504     2.0958     2.6415  0.000e+00
     31.878    17.9036   4.370888    33.2030        505     2.1000     2.6413  0.000e+00
     31.836    17.9036   4.370888    33.2030        506     2.1042     2.6408  0.000e+00
     31.786    17.9036   4.370915    33.2032        507     2.1083     2.6417  0.000e+00
     31.732    17.9037   4.370915    33.2032        508     2.1125     2.6411  0.000e+00
     31.664    17.9039   4.370914    33.2031        509     2.1167     2.6421  0.000e+00
     31.606    17.9038   4.370914    33.2032        510     2.1208     2.6401  0.000e+00
     31.540    17.9038   4.370941    33.2034        511     2.1250     2.6396  0.000e+00
     31.473    17.9036   4.370888    33.2031        512     2.1292     2.6396  0.000e+00
     31.409    17.9037   4.370861    33.2029        513     2.1333     2.6396  0.000e+00
     31.348    17.9036   4.370861    33.2029        514     2.1375     2.6384  0.000e+00
     31.281    17.9037   4.370861    33.2029        515     2.1417     2.6388  0.000e+00
     31.211    17.9035   4.370835    33.2028        516     2.1458     2.6401  0.000e+00
     31.150    17.9035   4.370861    33.2031        517     2.1500     2.6409  0.000e+00
     31.083    17.9036   4.370736    33.2020        518     2.1542     2.6414  0.000e+00
     31.026    17.9034   4.370815    33.2028        519     2.1583     2.6422  0.000e+00
     30.963    17.9035   4.370914    33.2036        520     2.1625     2.6417  0.000e+00
     30.905    17.9036   4.370967    33.2040        521     2.1667     2.6404  0.000e+00
     30.857    17.9037   4.371086    33.2050        522     2.1708     2.6408  0.000e+00
     30.803    17.9037   4.371066    33.2048        523     2.1750     2.6404  0.000e+00
     30.754    17.9037   4.371113    33.2052        524     2.1792     2.6414  0.000e+00
     30.722    17.9039   4.371066    33.2047        525     2.1833     2.6416  0.000e+00
     30.681    17.9040   4.371073    33.2046        526     2.1875     2.6412  0.000e+00
     30.652    17.9039   4.371139    33.2053        527     2.1917     2.6410  0.000e+00
     30.623    17.9039   4.371112    33.2051        528     2.1958     2.6414  0.000e+00
     30.604    17.9039   4.371165    33.2055        529     2.2000     2.6419  0.000e+00
     30.578    17.9039   4.371139    33.2053        530     2.2042     2.6409  0.000e+00
     30.560    17.9040   4.371099    33.2049        531     2.2083     2.6409  0.000e+00
     30.537    17.9039   4.371086    33.2049        532     2.2125     2.6412  0.000e+00
     30.515    17.9040   4.371139    33.2053        533     2.2167     2.6398  0.000e+00
     30.496    17.9040   4.371086    33.2048        534     2.2208     2.6406  0.000e+00
     30.476    17.9042   4.371013    33.2041        535     2.2250     2.6416  0.000e+00
     30.444    17.9039   4.371073    33.2049        536     2.2292     2.6416  0.000e+00
     30.413    17.9039   4.371040    33.2046        537     2.2333     2.6431  0.000e+00
     30.377    17.9038   4.371066    33.2049        538     2.2375     2.6413  0.000e+00
     30.345    17.9038   4.371013    33.2045        539     2.2417     2.6417  0.000e+00
     30.298    17.9039   4.370987    33.2042        540     2.2458     2.6409  0.000e+00
     30.244    17.9039   4.370914    33.2036        541     2.2500     2.6401  0.000e+00
     30.188    17.9039   4.370940    33.2038        542     2.2542     2.6388  0.000e+00
     30.124    17.9038   4.370861    33.2032        543     2.2583     2.6392  0.000e+00
     30.063    17.9034   4.370788    33.2029        544     2.2625     2.6403  0.000e+00
     30.000    17.9034   4.370762    33.2027        545     2.2667     2.6408  0.000e+00
     29.933    17.9033   4.370702    33.2024        546     2.2708     2.6407  0.000e+00
     29.879    17.9033   4.370662    33.2020        547     2.2750     2.6403  0.000e+00
     29.818    17.9032   4.370636    33.2019        548     2.2792     2.6416  0.000e+00
     29.764    17.9032   4.370636    33.2020        549     2.2833     2.6419  0.000e+00
