PC2305/sbe029.cnv
* Sea-Bird SBE 19plus V2 Data File:
* FileName = C:\cruise\data\sbe029.hex
* Software Version Seasave V 7.26.7.121
* Temperature SN = 7142
* Conductivity SN = 7142
* System UpLoad Time = Oct 29 2023 23:11:11
** Cruise: PC2205
** Program: ECOMON
# nquan = 8
# nvalues = 2004                                  
# units = specified
# name 0 = depSM: Depth [salt water, m], lat = 40.00
# name 1 = tv290C: Temperature [ITS-90, deg C]
# name 2 = c0S/m: Conductivity [S/m]
# name 3 = sal00: Salinity, Practical [PSU]
# name 4 = scan: Scan Count
# name 5 = timeM: Time, Elapsed [minutes]
# name 6 = sbeox0V: Oxygen raw, SBE 43 [V]
# name 7 = flag:  0.000e+00
# span 0 =     -0.047,    105.844                 
# span 1 =    10.7917,    18.3624                 
# span 2 =   0.000020,   4.434758                 
# span 3 =     0.0093,    35.2718                 
# span 4 =         11,       2014                 
# span 5 =     0.0417,     8.3875                 
# span 6 =     2.0106,     3.0410                 
# span 7 = 0.0000e+00, 0.0000e+00                 
# interval = seconds: 0.25
# start_time = Oct 29 2023 23:11:11 [System UTC, header]
# bad_flag = -9.990e-29
*END*
[from data line 720]
    105.800    13.2600   4.154979    35.2705        731     3.0417     2.0138  0.000e+00
    105.694    13.2599   4.155004    35.2709        732     3.0458     2.0130  0.000e+00
    105.565    13.2599   4.154985    35.2708        733     3.0500     2.0135  0.000e+00
    105.425    13.2601   4.154978    35.2706        734     3.0542     2.0127  0.000e+00
    105.326    13.2600   4.154978    35.2707        735     3.0583     2.0129  0.000e+00
    105.230    13.2601   4.154959    35.2705        736     3.0625     2.0130  0.000e+00
    105.137    13.2600   4.154952    35.2706        737     3.0667     2.0118  0.000e+00
    105.036    13.2602   4.154952    35.2705        738     3.0708     2.0127  0.000e+00
    104.952    13.2600   4.154952    35.2707        739     3.0750     2.0124  0.000e+00
    104.878    13.2599   4.154913    35.2705        740     3.0792     2.0130  0.000e+00
    104.810    13.2597   4.154881    35.2703        741     3.0833     2.0145  0.000e+00
    104.741    13.2597   4.154907    35.2706        742     3.0875     2.0157  0.000e+00
    104.666    13.2597   4.154868    35.2703        743     3.0917     2.0168  0.000e+00
    104.598    13.2594   4.154881    35.2707        744     3.0958     2.0170  0.000e+00
    104.526    13.2594   4.154881    35.2707        745     3.1000     2.0162  0.000e+00
    104.448    13.2594   4.154842    35.2704        746     3.1042     2.0161  0.000e+00
    104.360    13.2594   4.154855    35.2706        747     3.1083     2.0155  0.000e+00
    104.261    13.2593   4.154829    35.2705        748     3.1125     2.0161  0.000e+00
    104.161    13.2593   4.154855    35.2707        749     3.1167     2.0155  0.000e+00
    104.047    13.2592   4.154868    35.2710        750     3.1208     2.0136  0.000e+00
    103.940    13.2594   4.154881    35.2710        751     3.1250     2.0133  0.000e+00
    103.830    13.2594   4.154881    35.2710        752     3.1292     2.0132  0.000e+00
    103.735    13.2595   4.154868    35.2708        753     3.1333     2.0130  0.000e+00
    103.643    13.2596   4.154855    35.2707        754     3.1375     2.0129  0.000e+00
    103.562    13.2596   4.154829    35.2705        755     3.1417     2.0134  0.000e+00
    103.487    13.2597   4.154880    35.2709        756     3.1458     2.0138  0.000e+00
    103.409    13.2595   4.154842    35.2707        757     3.1500     2.0133  0.000e+00
    103.345    13.2596   4.154854    35.2708        758     3.1542     2.0137  0.000e+00
    103.287    13.2597   4.154854    35.2708        759     3.1583     2.0149  0.000e+00
    103.226    13.2595   4.154841    35.2708        760     3.1625     2.0145  0.000e+00
    103.161    13.2595   4.154828    35.2707        761     3.1667     2.0136  0.000e+00
    103.096    13.2595   4.154828    35.2708        762     3.1708     2.0142  0.000e+00
    103.017    13.2597   4.154809    35.2705        763     3.1750     2.0133  0.000e+00
    102.924    13.2594   4.154815    35.2708        764     3.1792     2.0132  0.000e+00
    102.838    13.2594   4.154809    35.2707        765     3.1833     2.0122  0.000e+00
    102.751    13.2595   4.154809    35.2707        766     3.1875     2.0132  0.000e+00
    102.660    13.2595   4.154815    35.2708        767     3.1917     2.0143  0.000e+00
    102.562    13.2594   4.154783    35.2707        768     3.1958     2.0141  0.000e+00
    102.462    13.2594   4.154757    35.2704        769     3.2000     2.0148  0.000e+00
    102.368    13.2593   4.154796    35.2710        770     3.2042     2.0146  0.000e+00
    102.271    13.2593   4.154783    35.2709        771     3.2083     2.0139  0.000e+00
    102.181    13.2594   4.154809    35.2710        772     3.2125     2.0139  0.000e+00
    102.084    13.2597   4.154783    35.2706        773     3.2167     2.0146  0.000e+00
    101.998    13.2594   4.154770    35.2707        774     3.2208     2.0141  0.000e+00
    101.917    13.2595   4.154809    35.2711        775     3.2250     2.0136  0.000e+00
    101.840    13.2597   4.154783    35.2707        776     3.2292     2.0133  0.000e+00
    101.761    13.2598   4.154796    35.2707        777     3.2333     2.0133  0.000e+00
    101.680    13.2599   4.154808    35.2708        778     3.2375     2.0128  0.000e+00
    101.606    13.2600   4.154808    35.2707        779     3.2417     2.0148  0.000e+00
    101.534    13.2601   4.154782    35.2704        780     3.2458     2.0145  0.000e+00
    101.469    13.2602   4.154795    35.2705        781     3.2500     2.0152  0.000e+00
    101.401    13.2601   4.154828    35.2709        782     3.2542     2.0154  0.000e+00
    101.338    13.2601   4.154808    35.2708        783     3.2583     2.0155  0.000e+00
    101.270    13.2602   4.154795    35.2705        784     3.2625     2.0157  0.000e+00
    101.202    13.2602   4.154782    35.2705        785     3.2667     2.0160  0.000e+00
    101.135    13.2604   4.154782    35.2703        786     3.2708     2.0155  0.000e+00
    101.067    13.2602   4.154782    35.2705        787     3.2750     2.0148  0.000e+00
    100.993    13.2603   4.154769    35.2704        788     3.2792     2.0147  0.000e+00
    100.912    13.2602   4.154756    35.2703        789     3.2833     2.0146  0.000e+00
    100.829    13.2602   4.154730    35.2701        790     3.2875     2.0161  0.000e+00
    100.732    13.2601   4.154743    35.2704        791     3.2917     2.0158  0.000e+00
    100.639    13.2601   4.154704    35.2701        792     3.2958     2.0142  0.000e+00
    100.538    13.2600   4.154704    35.2702        793     3.3000     2.0150  0.000e+00
    100.434    13.2600   4.154698    35.2702        794     3.3042     2.0147  0.000e+00
    100.319    13.2599   4.154678    35.2702        795     3.3083     2.0142  0.000e+00
    100.197    13.2598   4.154678    35.2703        796     3.3125     2.0133  0.000e+00
    100.062    13.2599   4.154704    35.2705        797     3.3167     2.0142  0.000e+00
     99.929    13.2597   4.154672    35.2705        798     3.3208     2.0146  0.000e+00
     99.788    13.2599   4.154678    35.2704        799     3.3250     2.0159  0.000e+00
     99.643    13.2599   4.154659    35.2703        800     3.3292     2.0152  0.000e+00
     99.497    13.2598   4.154652    35.2704        801     3.3333     2.0150  0.000e+00
     99.350    13.2597   4.154633    35.2704        802     3.3375     2.0164  0.000e+00
     99.204    13.2599   4.154633    35.2702        803     3.3417     2.0171  0.000e+00
     99.051    13.2598   4.154658    35.2706        804     3.3458     2.0179  0.000e+00
     98.900    13.2599   4.154626    35.2703        805     3.3500     2.0168  0.000e+00
     98.755    13.2597   4.154632    35.2706        806     3.3542     2.0174  0.000e+00
     98.615    13.2598   4.154606    35.2703        807     3.3583     2.0179  0.000e+00
     98.480    13.2598   4.154580    35.2701        808     3.3625     2.0184  0.000e+00
     98.348    13.2597   4.154580    35.2702        809     3.3667     2.0188  0.000e+00
     98.239    13.2596   4.154554    35.2702        810     3.3708     2.0175  0.000e+00
     98.129    13.2594   4.154535    35.2702        811     3.3750     2.0184  0.000e+00
     98.028    13.2594   4.154535    35.2703        812     3.3792     2.0174  0.000e+00
     97.939    13.2593   4.154509    35.2701        813     3.3833     2.0179  0.000e+00
     97.858    13.2592   4.154483    35.2700        814     3.3875     2.0178  0.000e+00
     97.788    13.2590   4.154483    35.2702        815     3.3917     2.0168  0.000e+00
     97.716    13.2590   4.154457    35.2700        816     3.3958     2.0180  0.000e+00
     97.651    13.2590   4.154483    35.2703        817     3.4000     2.0174  0.000e+00
     97.588    13.2591   4.154483    35.2702        818     3.4042     2.0178  0.000e+00
     97.527    13.2591   4.154483    35.2703        819     3.4083     2.0190  0.000e+00
     97.464    13.2591   4.154483    35.2703        820     3.4125     2.0187  0.000e+00
     97.408    13.2591   4.154483    35.2703        821     3.4167     2.0184  0.000e+00
     97.345    13.2591   4.154483    35.2703        822     3.4208     2.0178  0.000e+00
     97.281    13.2591   4.154483    35.2704        823     3.4250     2.0175  0.000e+00
     97.218    13.2591   4.154483    35.2703        824     3.4292     2.0175  0.000e+00
     97.153    13.2591   4.154483    35.2704        825     3.4333     2.0175  0.000e+00
     97.090    13.2589   4.154457    35.2703        826     3.4375     2.0173  0.000e+00
     97.027    13.2590   4.154457    35.2703        827     3.4417     2.0171  0.000e+00
     96.962    13.2591   4.154457    35.2703        828     3.4458     2.0168  0.000e+00
     96.898    13.2590   4.154437    35.2702        829     3.4500     2.0159  0.000e+00
     96.835    13.2589   4.154457    35.2705        830     3.4542     2.0155  0.000e+00
     96.768    13.2591   4.154457    35.2703        831     3.4583     2.0161  0.000e+00
     96.698    13.2591   4.154463    35.2704        832     3.4625     2.0167  0.000e+00
     96.619    13.2591   4.154431    35.2702        833     3.4667     2.0152  0.000e+00
     96.547    13.2590   4.154457    35.2705        834     3.4708     2.0153  0.000e+00
     96.461    13.2591   4.154457    35.2704        835     3.4750     2.0156  0.000e+00
     96.371    13.2591   4.154463    35.2706        836     3.4792     2.0143  0.000e+00
     96.272    13.2591   4.154457    35.2705        837     3.4833     2.0154  0.000e+00
     96.166    13.2591   4.154431    35.2704        838     3.4875     2.0151  0.000e+00
     96.054    13.2590   4.154411    35.2703        839     3.4917     2.0153  0.000e+00
     95.938    13.2591   4.154411    35.2702        840     3.4958     2.0162  0.000e+00
     95.810    13.2591   4.154385    35.2701        841     3.5000     2.0160  0.000e+00
     95.684    13.2589   4.154359    35.2700        842     3.5042     2.0174  0.000e+00
     95.555    13.2586   4.154340    35.2702        843     3.5083     2.0171  0.000e+00
     95.413    13.2586   4.154333    35.2702        844     3.5125     2.0182  0.000e+00
     95.272    13.2587   4.154333    35.2702        845     3.5167     2.0181  0.000e+00
     95.136    13.2588   4.154339    35.2702        846     3.5208     2.0178  0.000e+00
     94.996    13.2586   4.154333    35.2704        847     3.5250     2.0181  0.000e+00
     94.855    13.2586   4.154333    35.2705        848     3.5292     2.0175  0.000e+00
     94.717    13.2586   4.154294    35.2701        849     3.5333     2.0178  0.000e+00
     94.577    13.2586   4.154307    35.2703        850     3.5375     2.0185  0.000e+00
     94.449    13.2584   4.154262    35.2701        851     3.5417     2.0190  0.000e+00
     94.325    13.2585   4.154281    35.2703        852     3.5458     2.0179  0.000e+00
     94.205    13.2584   4.154248    35.2701        853     3.5500     2.0176  0.000e+00
     94.090    13.2583   4.154261    35.2704        854     3.5542     2.0169  0.000e+00
     93.982    13.2583   4.154261    35.2704        855     3.5583     2.0153  0.000e+00
     93.890    13.2584   4.154222    35.2700        856     3.5625     2.0169  0.000e+00
     93.802    13.2583   4.154235    35.2702        857     3.5667     2.0166  0.000e+00
     93.728    13.2582   4.154209    35.2701        858     3.5708     2.0161  0.000e+00
     93.653    13.2583   4.154209    35.2701        859     3.5750     2.0162  0.000e+00
     93.590    13.2583   4.154222    35.2702        860     3.5792     2.0158  0.000e+00
     93.532    13.2582   4.154209    35.2702        861     3.5833     2.0159  0.000e+00
     93.476    13.2582   4.154209    35.2702        862     3.5875     2.0159  0.000e+00
     93.424    13.2581   4.154203    35.2703        863     3.5917     2.0158  0.000e+00
     93.367    13.2581   4.154183    35.2701        864     3.5958     2.0155  0.000e+00
     93.320    13.2581   4.154235    35.2706        865     3.6000     2.0162  0.000e+00
     93.261    13.2581   4.154261    35.2709        866     3.6042     2.0165  0.000e+00
     93.200    13.2584   4.154267    35.2707        867     3.6083     2.0168  0.000e+00
     93.142    13.2586   4.154306    35.2709        868     3.6125     2.0159  0.000e+00
     93.076    13.2587   4.154280    35.2706        869     3.6167     2.0182  0.000e+00
     93.002    13.2590   4.154248    35.2701        870     3.6208     2.0187  0.000e+00
     92.925    13.2588   4.154261    35.2704        871     3.6250     2.0175  0.000e+00
     92.833    13.2588   4.154261    35.2705        872     3.6292     2.0187  0.000e+00
     92.734    13.2587   4.154209    35.2701        873     3.6333     2.0189  0.000e+00
     92.628    13.2587   4.154177    35.2698        874     3.6375     2.0197  0.000e+00
     92.517    13.2585   4.154183    35.2701        875     3.6417     2.0198  0.000e+00
     92.401    13.2584   4.154157    35.2700        876     3.6458     2.0195  0.000e+00
     92.279    13.2583   4.154131    35.2699        877     3.6500     2.0199  0.000e+00
     92.153    13.2581   4.154112    35.2699        878     3.6542     2.0198  0.000e+00
     92.015    13.2580   4.154137    35.2704        879     3.6583     2.0194  0.000e+00
     91.882    13.2581   4.154150    35.2705        880     3.6625     2.0201  0.000e+00
     91.745    13.2581   4.154137    35.2704        881     3.6667     2.0189  0.000e+00
     91.601    13.2581   4.154137    35.2705        882     3.6708     2.0182  0.000e+00
     91.463    13.2580   4.154111    35.2704        883     3.6750     2.0178  0.000e+00
     91.325    13.2581   4.154105    35.2703        884     3.6792     2.0192  0.000e+00
     91.190    13.2581   4.154059    35.2699        885     3.6833     2.0195  0.000e+00
     91.069    13.2581   4.154059    35.2700        886     3.6875     2.0206  0.000e+00
     90.951    13.2578   4.154033    35.2700        887     3.6917     2.0197  0.000e+00
     90.846    13.2578   4.154033    35.2701        888     3.6958     2.0205  0.000e+00
     90.751    13.2579   4.154014    35.2698        889     3.7000     2.0202  0.000e+00
     90.668    13.2578   4.154014    35.2700        890     3.7042     2.0205  0.000e+00
     90.595    13.2578   4.154033    35.2702        891     3.7083     2.0192  0.000e+00
     90.528    13.2577   4.154033    35.2703        892     3.7125     2.0185  0.000e+00
     90.476    13.2577   4.154059    35.2706        893     3.7167     2.0193  0.000e+00
     90.428    13.2577   4.154033    35.2703        894     3.7208     2.0185  0.000e+00
     90.377    13.2578   4.154033    35.2702        895     3.7250     2.0198  0.000e+00
     90.334    13.2578   4.154059    35.2705        896     3.7292     2.0189  0.000e+00
     90.280    13.2578   4.154085    35.2708        897     3.7333     2.0195  0.000e+00
     90.226    13.2579   4.154059    35.2705        898     3.7375     2.0178  0.000e+00
     90.163    13.2579   4.154059    35.2705        899     3.7417     2.0181  0.000e+00
     90.097    13.2581   4.154033    35.2701        900     3.7458     2.0179  0.000e+00
     90.021    13.2580   4.154033    35.2702        901     3.7500     2.0184  0.000e+00
     89.930    13.2578   4.154033    35.2705        902     3.7542     2.0177  0.000e+00
     89.832    13.2580   4.154033    35.2703        903     3.7583     2.0192  0.000e+00
     89.728    13.2578   4.154013    35.2703        904     3.7625     2.0186  0.000e+00
     89.611    13.2579   4.154007    35.2702        905     3.7667     2.0184  0.000e+00
     89.489    13.2579   4.154013    35.2704        906     3.7708     2.0171  0.000e+00
     89.363    13.2578   4.154013    35.2705        907     3.7750     2.0169  0.000e+00
     89.243    13.2581   4.153987    35.2701        908     3.7792     2.0185  0.000e+00
