PC2305/sbe023.cnv
* Sea-Bird SBE 19plus V2 Data File:
* FileName = C:\cruise\data\sbe023.hex
* Software Version Seasave V 7.26.7.121
* Temperature SN = 7142
* Conductivity SN = 7142
* System UpLoad Time = Oct 29 2023 12:03:32
** Cruise: PC2205
** Program: ECOMON
# nquan = 8
# nvalues = 2884                                  
# units = specified
# name 0 = depSM: Depth [salt water, m], lat = 40.00
# name 1 = tv290C: Temperature [ITS-90, deg C]
# name 2 = c0S/m: Conductivity [S/m]
# name 3 = sal00: Salinity, Practical [PSU]
# name 4 = scan: Scan Count
# name 5 = timeM: Time, Elapsed [minutes]
# name 6 = sbeox0V: Oxygen raw, SBE 43 [V]
# name 7 = flag:  0.000e+00
# span 0 =     -0.018,    125.739                 
# span 1 =    10.5575,    15.8492                 
# span 2 =   0.000014,   4.135111                 
# span 3 =     0.0080,    35.3228                 
# span 4 =         11,       2894                 
# span 5 =     0.0417,    12.0542                 
# span 6 =     1.9549,     3.0199                 
# span 7 = 0.0000e+00, 0.0000e+00                 
# interval = seconds: 0.25
# start_time = Oct 29 2023 12:03:32 [System UTC, header]
# bad_flag = -9.990e-29
*END*
[from data line 2697]
     10.897    15.6288   4.029041    32.0931       2708    11.2792     2.8908  0.000e+00
     10.794    15.6441   4.029181    32.0819       2709    11.2833     2.8959  0.000e+00
     10.687    15.6571   4.029303    32.0725       2710    11.2875     2.8987  0.000e+00
     10.571    15.6668   4.029418    32.0657       2711    11.2917     2.9025  0.000e+00
     10.462    15.6737   4.029776    32.0632       2712    11.2958     2.9071  0.000e+00
     10.338    15.6819   4.030012    32.0587       2713    11.3000     2.9112  0.000e+00
     10.221    15.6901   4.030274    32.0544       2714    11.3042     2.9160  0.000e+00
     10.095    15.6979   4.030703    32.0519       2715    11.3083     2.9198  0.000e+00
      9.973    15.7057   4.030850    32.0470       2716    11.3125     2.9249  0.000e+00
      9.854    15.7122   4.031157    32.0445       2717    11.3167     2.9259  0.000e+00
      9.739    15.7179   4.031489    32.0428       2718    11.3208     2.9302  0.000e+00
      9.630    15.7235   4.031796    32.0410       2719    11.3250     2.9313  0.000e+00
      9.533    15.7287   4.032058    32.0392       2720    11.3292     2.9328  0.000e+00
      9.439    15.7338   4.032538    32.0393       2721    11.3333     2.9344  0.000e+00
      9.366    15.7392   4.032397    32.0338       2722    11.3375     2.9359  0.000e+00
      9.303    15.7429   4.032896    32.0352       2723    11.3417     2.9388  0.000e+00
      9.249    15.7463   4.034752    32.0489       2724    11.3458     2.9406  0.000e+00
      9.206    15.7567   4.035424    32.0465       2725    11.3500     2.9425  0.000e+00
      9.175    15.7692   4.035302    32.0352       2726    11.3542     2.9442  0.000e+00
      9.146    15.7768   4.035494    32.0307       2727    11.3583     2.9452  0.000e+00
      9.134    15.7817   4.036569    32.0363       2728    11.3625     2.9444  0.000e+00
      9.128    15.7879   4.037785    32.0420       2729    11.3667     2.9447  0.000e+00
      9.127    15.7991   4.037759    32.0328       2730    11.3708     2.9436  0.000e+00
      9.139    15.8071   4.037593    32.0248       2731    11.3750     2.9433  0.000e+00
      9.148    15.8104   4.037567    32.0219       2732    11.3792     2.9446  0.000e+00
      9.173    15.8118   4.037638    32.0214       2733    11.3833     2.9458  0.000e+00
      9.188    15.8125   4.037734    32.0217       2734    11.3875     2.9481  0.000e+00
      9.208    15.8132   4.037638    32.0202       2735    11.3917     2.9481  0.000e+00
      9.217    15.8134   4.037638    32.0200       2736    11.3958     2.9504  0.000e+00
      9.226    15.8130   4.037638    32.0204       2737    11.4000     2.9510  0.000e+00
      9.220    15.8127   4.037618    32.0205       2738    11.4042     2.9512  0.000e+00
      9.206    15.8124   4.037497    32.0196       2739    11.4083     2.9517  0.000e+00
      9.173    15.8118   4.037446    32.0197       2740    11.4125     2.9513  0.000e+00
      9.127    15.8111   4.037638    32.0220       2741    11.4167     2.9504  0.000e+00
      9.062    15.8111   4.037541    32.0211       2742    11.4208     2.9513  0.000e+00
      8.981    15.8113   4.037497    32.0206       2743    11.4250     2.9503  0.000e+00
      8.893    15.8110   4.037426    32.0203       2744    11.4292     2.9497  0.000e+00
      8.798    15.8105   4.037042    32.0173       2745    11.4333     2.9509  0.000e+00
      8.690    15.8082   4.037093    32.0197       2746    11.4375     2.9500  0.000e+00
      8.577    15.8065   4.037068    32.0208       2747    11.4417     2.9508  0.000e+00
      8.456    15.8055   4.036421    32.0160       2748    11.4458     2.9529  0.000e+00
      8.336    15.8026   4.036133    32.0159       2749    11.4500     2.9533  0.000e+00
      8.212    15.7982   4.036184    32.0199       2750    11.4542     2.9562  0.000e+00
      8.088    15.7955   4.035967    32.0202       2751    11.4583     2.9579  0.000e+00
      7.971    15.7939   4.036754    32.0285       2752    11.4625     2.9567  0.000e+00
      7.856    15.7954   4.036850    32.0282       2753    11.4667     2.9589  0.000e+00
      7.745    15.7989   4.037042    32.0271       2754    11.4708     2.9592  0.000e+00
      7.646    15.8013   4.036946    32.0243       2755    11.4750     2.9603  0.000e+00
      7.551    15.8031   4.036971    32.0232       2756    11.4792     2.9607  0.000e+00
      7.459    15.8035   4.036875    32.0220       2757    11.4833     2.9621  0.000e+00
      7.369    15.8035   4.036997    32.0231       2758    11.4875     2.9623  0.000e+00
      7.294    15.8035   4.036542    32.0192       2759    11.4917     2.9625  0.000e+00
      7.213    15.8020   4.036280    32.0180       2760    11.4958     2.9632  0.000e+00
      7.148    15.7993   4.036229    32.0198       2761    11.5000     2.9633  0.000e+00
      7.093    15.7972   4.036446    32.0234       2762    11.5042     2.9620  0.000e+00
      7.042    15.7966   4.036875    32.0278       2763    11.5083     2.9612  0.000e+00
      6.997    15.7989   4.036709    32.0244       2764    11.5125     2.9584  0.000e+00
      6.963    15.8004   4.036849    32.0245       2765    11.5167     2.9616  0.000e+00
      6.931    15.8011   4.036971    32.0250       2766    11.5208     2.9587  0.000e+00
      6.904    15.8027   4.037208    32.0258       2767    11.5250     2.9592  0.000e+00
      6.886    15.8044   4.037400    32.0261       2768    11.5292     2.9594  0.000e+00
      6.864    15.8065   4.036945    32.0204       2769    11.5333     2.9568  0.000e+00
      6.854    15.8061   4.036753    32.0191       2770    11.5375     2.9574  0.000e+00
      6.843    15.8043   4.036830    32.0212       2771    11.5417     2.9563  0.000e+00
      6.827    15.8031   4.036613    32.0203       2772    11.5458     2.9556  0.000e+00
      6.819    15.8016   4.036376    32.0193       2773    11.5500     2.9568  0.000e+00
      6.807    15.7995   4.036421    32.0215       2774    11.5542     2.9586  0.000e+00
      6.794    15.7982   4.036446    32.0228       2775    11.5583     2.9580  0.000e+00
      6.780    15.7976   4.036088    32.0201       2776    11.5625     2.9597  0.000e+00
      6.758    15.7959   4.036113    32.0217       2777    11.5667     2.9583  0.000e+00
      6.735    15.7946   4.035921    32.0211       2778    11.5708     2.9575  0.000e+00
      6.697    15.7931   4.035992    32.0229       2779    11.5750     2.9562  0.000e+00
      6.647    15.7920   4.035755    32.0217       2780    11.5792     2.9562  0.000e+00
      6.586    15.7908   4.035966    32.0246       2781    11.5833     2.9565  0.000e+00
      6.510    15.7905   4.036062    32.0257       2782    11.5875     2.9569  0.000e+00
      6.424    15.7910   4.036017    32.0249       2783    11.5917     2.9586  0.000e+00
      6.338    15.7917   4.036971    32.0329       2784    11.5958     2.9584  0.000e+00
      6.239    15.7961   4.037400    32.0331       2785    11.6000     2.9592  0.000e+00
      6.135    15.8019   4.037278    32.0274       2786    11.6042     2.9592  0.000e+00
      6.025    15.8054   4.036804    32.0204       2787    11.6083     2.9592  0.000e+00
      5.914    15.8048   4.037278    32.0251       2788    11.6125     2.9591  0.000e+00
      5.799    15.8053   4.037111    32.0233       2789    11.6167     2.9591  0.000e+00
      5.689    15.8060   4.037067    32.0223       2790    11.6208     2.9586  0.000e+00
      5.583    15.8059   4.037207    32.0237       2791    11.6250     2.9600  0.000e+00
      5.477    15.8064   4.037162    32.0229       2792    11.6292     2.9618  0.000e+00
      5.385    15.8070   4.037399    32.0246       2793    11.6333     2.9587  0.000e+00
      5.297    15.8077   4.037444    32.0244       2794    11.6375     2.9594  0.000e+00
      5.215    15.8092   4.037444    32.0232       2795    11.6417     2.9609  0.000e+00
      5.143    15.8100   4.037495    32.0231       2796    11.6458     2.9619  0.000e+00
      5.069    15.8107   4.037495    32.0226       2797    11.6500     2.9611  0.000e+00
      5.006    15.8109   4.037470    32.0222       2798    11.6542     2.9618  0.000e+00
      4.943    15.8111   4.037373    32.0212       2799    11.6583     2.9628  0.000e+00
      4.882    15.8106   4.037469    32.0225       2800    11.6625     2.9629  0.000e+00
      4.821    15.8109   4.037687    32.0242       2801    11.6667     2.9638  0.000e+00
      4.756    15.8122   4.037655    32.0229       2802    11.6708     2.9619  0.000e+00
      4.699    15.8132   4.037661    32.0221       2803    11.6750     2.9613  0.000e+00
      4.638    15.8134   4.037757    32.0229       2804    11.6792     2.9603  0.000e+00
      4.582    15.8141   4.037783    32.0225       2805    11.6833     2.9611  0.000e+00
      4.525    15.8148   4.037757    32.0218       2806    11.6875     2.9587  0.000e+00
      4.489    15.8151   4.037828    32.0221       2807    11.6917     2.9614  0.000e+00
      4.438    15.8156   4.037879    32.0222       2808    11.6958     2.9588  0.000e+00
      4.395    15.8161   4.037898    32.0220       2809    11.7000     2.9620  0.000e+00
      4.356    15.8166   4.037879    32.0214       2810    11.7042     2.9579  0.000e+00
      4.318    15.8167   4.037879    32.0214       2811    11.7083     2.9587  0.000e+00
      4.289    15.8169   4.037898    32.0214       2812    11.7125     2.9597  0.000e+00
      4.255    15.8170   4.037898    32.0213       2813    11.7167     2.9584  0.000e+00
      4.214    15.8169   4.037879    32.0212       2814    11.7208     2.9614  0.000e+00
      4.176    15.8167   4.037732    32.0201       2815    11.7250     2.9584  0.000e+00
      4.126    15.8161   4.037706    32.0204       2816    11.7292     2.9592  0.000e+00
      4.068    15.8155   4.037828    32.0220       2817    11.7333     2.9610  0.000e+00
      4.013    15.8154   4.037853    32.0223       2818    11.7375     2.9622  0.000e+00
      3.948    15.8160   4.037853    32.0219       2819    11.7417     2.9631  0.000e+00
      3.876    15.8165   4.037827    32.0213       2820    11.7458     2.9640  0.000e+00
      3.806    15.8164   4.037827    32.0214       2821    11.7500     2.9640  0.000e+00
      3.736    15.8165   4.037898    32.0219       2822    11.7542     2.9632  0.000e+00
      3.691    15.8166   4.037879    32.0217       2823    11.7583     2.9618  0.000e+00
      3.637    15.8169   4.037923    32.0219       2824    11.7625     2.9607  0.000e+00
      3.601    15.8170   4.037923    32.0218       2825    11.7667     2.9607  0.000e+00
      3.565    15.8174   4.037994    32.0221       2826    11.7708     2.9620  0.000e+00
      3.533    15.8177   4.038019    32.0221       2827    11.7750     2.9600  0.000e+00
      3.495    15.8180   4.037994    32.0216       2828    11.7792     2.9615  0.000e+00
      3.457    15.8183   4.037994    32.0214       2829    11.7833     2.9615  0.000e+00
      3.407    15.8183   4.037968    32.0212       2830    11.7875     2.9619  0.000e+00
      3.348    15.8183   4.037994    32.0215       2831    11.7917     2.9636  0.000e+00
      3.281    15.8184   4.037968    32.0212       2832    11.7958     2.9623  0.000e+00
      3.209    15.8181   4.037949    32.0212       2833    11.8000     2.9617  0.000e+00
      3.125    15.8180   4.037923    32.0212       2834    11.8042     2.9618  0.000e+00
      3.037    15.8179   4.037968    32.0217       2835    11.8083     2.9620  0.000e+00
      2.920    15.8180   4.037949    32.0215       2836    11.8125     2.9617  0.000e+00
      2.803    15.8180   4.037949    32.0215       2837    11.8167     2.9614  0.000e+00
      2.676    15.8180   4.037949    32.0215       2838    11.8208     2.9613  0.000e+00
      2.559    15.8180   4.037968    32.0218       2839    11.8250     2.9628  0.000e+00
      2.455    15.8180   4.037993    32.0220       2840    11.8292     2.9635  0.000e+00
      2.376    15.8184   4.038019    32.0220       2841    11.8333     2.9625  0.000e+00
      2.287    15.8186   4.037948    32.0212       2842    11.8375     2.9623  0.000e+00
      2.198    15.8184   4.037923    32.0211       2843    11.8417     2.9615  0.000e+00
      2.119    15.8183   4.037782    32.0200       2844    11.8458     2.9617  0.000e+00
      2.050    15.8175   4.037923    32.0220       2845    11.8500     2.9613  0.000e+00
      2.000    15.8172   4.037923    32.0222       2846    11.8542     2.9616  0.000e+00
      1.969    15.8179   4.037923    32.0217       2847    11.8583     2.9603  0.000e+00
      1.939    15.8179   4.037852    32.0211       2848    11.8625     2.9612  0.000e+00
      1.917    15.8178   4.037827    32.0209       2849    11.8667     2.9612  0.000e+00
      1.894    15.8176   4.037878    32.0216       2850    11.8708     2.9613  0.000e+00
      1.860    15.8176   4.037782    32.0207       2851    11.8750     2.9612  0.000e+00
      1.809    15.8172   4.037801    32.0212       2852    11.8792     2.9623  0.000e+00
      1.747    15.8169   4.037801    32.0214       2853    11.8833     2.9635  0.000e+00
      1.682    15.8167   4.037801    32.0217       2854    11.8875     2.9630  0.000e+00
      1.633    15.8166   4.037878    32.0224       2855    11.8917     2.9621  0.000e+00
      1.590    15.8172   4.037852    32.0217       2856    11.8958     2.9605  0.000e+00
      1.534    15.8175   4.037852    32.0215       2857    11.9000     2.9616  0.000e+00
      1.481    15.8173   4.037756    32.0208       2858    11.9042     2.9610  0.000e+00
      1.405    15.8172   4.037730    32.0208       2859    11.9083     2.9608  0.000e+00
      1.319    15.8165   4.037756    32.0215       2860    11.9125     2.9614  0.000e+00
      1.233    15.8165   4.037852    32.0224       2861    11.9167     2.9621  0.000e+00
      1.166    15.8169   4.037897    32.0226       2862    11.9208     2.9614  0.000e+00
      1.128    15.8176   4.037878    32.0218       2863    11.9250     2.9597  0.000e+00
      1.101    15.8180   4.037852    32.0212       2864    11.9292     2.9593  0.000e+00
      1.083    15.8180   4.037801    32.0208       2865    11.9333     2.9589  0.000e+00
      1.080    15.8177   4.037897    32.0219       2866    11.9375     2.9587  0.000e+00
      1.083    15.8178   4.037782    32.0208       2867    11.9417     2.9590  0.000e+00
      1.080    15.8178   4.037782    32.0208       2868    11.9458     2.9586  0.000e+00
      1.062    15.8171   4.037782    32.0214       2869    11.9500     2.9616  0.000e+00
      1.049    15.8170   4.037782    32.0215       2870    11.9542     2.9618  0.000e+00
      1.037    15.8167   4.037858    32.0224       2871    11.9583     2.9618  0.000e+00
      0.976    15.8172   4.037948    32.0228       2872    11.9625     2.9607  0.000e+00
      0.875    15.8177   4.037967    32.0226       2873    11.9667     2.9625  0.000e+00
      0.787    15.8185   4.037967    32.0220       2874    11.9708     2.9635  0.000e+00
      0.731    15.8189   4.037852    32.0207       2875    11.9750     2.9629  0.000e+00
      0.672    15.8188   4.037756    32.0200       2876    11.9792     2.9626  0.000e+00
      0.602    15.8182   4.037801    32.0208       2877    11.9833     2.9613  0.000e+00
      0.532    15.8179   4.037852    32.0216       2878    11.9875     2.9610  0.000e+00
      0.474    15.8178   4.037922    32.0223       2879    11.9917     2.9609  0.000e+00
      0.372    15.8180   4.037852    32.0215       2880    11.9958     2.9612  0.000e+00
      0.284    15.8182   4.037852    32.0214       2881    12.0000     2.9623  0.000e+00
      0.190    15.8183   4.037538    32.0186       2882    12.0042     2.9614  0.000e+00
      0.048    15.8171   4.027653    31.9322       2883    12.0083     2.9618  0.000e+00
      0.004    15.8137   1.054740     7.3835       2884    12.0125     2.9632  0.000e+00
      0.005    15.8044   0.516570     3.4350       2885    12.0167     2.9638  0.000e+00
      0.004    15.7841   0.324667     2.0975       2886    12.0208     2.9665  0.000e+00
