PC2305/sbe115.cnv
* Sea-Bird SBE 19plus V2 Data File:
* FileName = C:\cruise\data\sbe115.hex
* Software Version Seasave V 7.26.7.121
* Temperature SN = 7142
* Conductivity SN = 7142
* System UpLoad Time = Nov 07 2023 04:56:34
** Cruise: PC2205
** Program: ECOMON
# nquan = 8
# nvalues = 2232                                  
# units = specified
# name 0 = depSM: Depth [salt water, m], lat = 40.00
# name 1 = tv290C: Temperature [ITS-90, deg C]
# name 2 = c0S/m: Conductivity [S/m]
# name 3 = sal00: Salinity, Practical [PSU]
# name 4 = scan: Scan Count
# name 5 = timeM: Time, Elapsed [minutes]
# name 6 = sbeox0V: Oxygen raw, SBE 43 [V]
# name 7 = flag:  0.000e+00
# span 0 =      0.294,     88.308                 
# span 1 =     7.9509,    12.0017                 
# span 2 =   3.162232,   3.697698                 
# span 3 =    27.1107,    33.1676                 
# span 4 =         11,       2242                 
# span 5 =     0.0417,     9.3375                 
# span 6 =     2.0309,     2.8896                 
# span 7 = 0.0000e+00, 0.0000e+00                 
# interval = seconds: 0.25
# start_time = Nov 07 2023 04:56:34 [System UTC, header]
# bad_flag = -9.990e-29
*END*
[from data line 1439]
     37.348    10.3383   3.590160    32.4481       1450     6.0375     2.3549  0.000e+00
     37.325    10.3461   3.591552    32.4552       1451     6.0417     2.3549  0.000e+00
     37.303    10.3572   3.591918    32.4490       1452     6.0458     2.3563  0.000e+00
     37.289    10.3672   3.592504    32.4459       1453     6.0500     2.3580  0.000e+00
     37.272    10.3759   3.592461    32.4378       1454     6.0542     2.3595  0.000e+00
     37.260    10.3809   3.592742    32.4361       1455     6.0583     2.3598  0.000e+00
     37.254    10.3843   3.593719    32.4429       1456     6.0625     2.3617  0.000e+00
     37.240    10.3913   3.594049    32.4400       1457     6.0667     2.3624  0.000e+00
     37.229    10.3976   3.593224    32.4260       1458     6.0708     2.3625  0.000e+00
     37.222    10.3986   3.593523    32.4282       1459     6.0750     2.3628  0.000e+00
     37.210    10.3983   3.593523    32.4285       1460     6.0792     2.3636  0.000e+00
     37.204    10.3984   3.593939    32.4325       1461     6.0833     2.3653  0.000e+00
     37.190    10.4004   3.594397    32.4354       1462     6.0875     2.3654  0.000e+00
     37.172    10.4043   3.594787    32.4358       1463     6.0917     2.3671  0.000e+00
     37.150    10.4088   3.595288    32.4368       1464     6.0958     2.3671  0.000e+00
     37.125    10.4144   3.595221    32.4312       1465     6.1000     2.3688  0.000e+00
     37.098    10.4184   3.597420    32.4497       1466     6.1042     2.3696  0.000e+00
     37.066    10.4293   3.598397    32.4497       1467     6.1083     2.3712  0.000e+00
     37.033    10.4440   3.599356    32.4463       1468     6.1125     2.3723  0.000e+00
     36.988    10.4585   3.600511    32.4449       1469     6.1167     2.3730  0.000e+00
     36.945    10.4725   3.601648    32.4439       1470     6.1208     2.3735  0.000e+00
     36.899    10.4866   3.602454    32.4394       1471     6.1250     2.3748  0.000e+00
     36.852    10.4998   3.603695    32.4401       1472     6.1292     2.3752  0.000e+00
     36.814    10.5133   3.604569    32.4368       1473     6.1333     2.3763  0.000e+00
     36.773    10.5264   3.605553    32.4350       1474     6.1375     2.3783  0.000e+00
     36.737    10.5392   3.606574    32.4338       1475     6.1417     2.3789  0.000e+00
     36.706    10.5520   3.607339    32.4301       1476     6.1458     2.3819  0.000e+00
     36.678    10.5642   3.607974    32.4256       1477     6.1500     2.3828  0.000e+00
     36.660    10.5743   3.608390    32.4208       1478     6.1542     2.3844  0.000e+00
     36.647    10.5829   3.608561    32.4149       1479     6.1583     2.3864  0.000e+00
     36.634    10.5886   3.608867    32.4129       1480     6.1625     2.3885  0.000e+00
     36.625    10.5928   3.609155    32.4121       1481     6.1667     2.3899  0.000e+00
     36.622    10.5969   3.609895    32.4158       1482     6.1708     2.3912  0.000e+00
     36.620    10.6027   3.610684    32.4185       1483     6.1750     2.3925  0.000e+00
     36.611    10.6104   3.611057    32.4154       1484     6.1792     2.3930  0.000e+00
     36.606    10.6176   3.611797    32.4164       1485     6.1833     2.3932  0.000e+00
     36.593    10.6252   3.612501    32.4167       1486     6.1875     2.3947  0.000e+00
     36.588    10.6337   3.613308    32.4172       1487     6.1917     2.3941  0.000e+00
     36.575    10.6425   3.614710    32.4233       1488     6.1958     2.3958  0.000e+00
     36.559    10.6547   3.616044    32.4258       1489     6.2000     2.3973  0.000e+00
     36.537    10.6694   3.616528    32.4176       1490     6.2042     2.3978  0.000e+00
     36.519    10.6816   3.616858    32.4101       1491     6.2083     2.3987  0.000e+00
     36.492    10.6902   3.617293    32.4068       1492     6.2125     2.3994  0.000e+00
     36.462    10.6964   3.618236    32.4107       1493     6.2167     2.4015  0.000e+00
     36.435    10.7047   3.619374    32.4147       1494     6.2208     2.4019  0.000e+00
     36.397    10.7157   3.620519    32.4164       1495     6.2250     2.4023  0.000e+00
     36.363    10.7287   3.622449    32.4240       1496     6.2292     2.4041  0.000e+00
     36.322    10.7461   3.624489    32.4289       1497     6.2333     2.4048  0.000e+00
     36.279    10.7682   3.626603    32.4304       1498     6.2375     2.4060  0.000e+00
     36.243    10.7923   3.627988    32.4228       1499     6.2417     2.4083  0.000e+00
     36.201    10.8151   3.629373    32.4164       1500     6.2458     2.4099  0.000e+00
     36.167    10.8360   3.631261    32.4166       1501     6.2500     2.4128  0.000e+00
     36.131    10.8570   3.632450    32.4099       1502     6.2542     2.4153  0.000e+00
     36.093    10.8765   3.633088    32.3990       1503     6.2583     2.4167  0.000e+00
     36.068    10.8912   3.633664    32.3917       1504     6.2625     2.4203  0.000e+00
     36.049    10.9019   3.633995    32.3856       1505     6.2667     2.4215  0.000e+00
     36.029    10.9096   3.634192    32.3807       1506     6.2708     2.4241  0.000e+00
     36.023    10.9156   3.634676    32.3802       1507     6.2750     2.4272  0.000e+00
     36.007    10.9206   3.634762    32.3767       1508     6.2792     2.4315  0.000e+00
     35.996    10.9239   3.634897    32.3751       1509     6.2833     2.4338  0.000e+00
     35.993    10.9266   3.634915    32.3728       1510     6.2875     2.4370  0.000e+00
     35.980    10.9282   3.635296    32.3752       1511     6.2917     2.4389  0.000e+00
     35.977    10.9309   3.635645    32.3763       1512     6.2958     2.4407  0.000e+00
     35.964    10.9354   3.636197    32.3778       1513     6.3000     2.4418  0.000e+00
     35.957    10.9401   3.637234    32.3839       1514     6.3042     2.4445  0.000e+00
     35.942    10.9499   3.638204    32.3849       1515     6.3083     2.4456  0.000e+00
     35.916    10.9623   3.639173    32.3835       1516     6.3125     2.4464  0.000e+00
     35.881    10.9754   3.640634    32.3864       1517     6.3167     2.4479  0.000e+00
     35.853    10.9906   3.642199    32.3885       1518     6.3208     2.4499  0.000e+00
     35.820    11.0097   3.642905    32.3787       1519     6.3250     2.4512  0.000e+00
     35.783    11.0258   3.643635    32.3717       1520     6.3292     2.4534  0.000e+00
     35.739    11.0385   3.644102    32.3652       1521     6.3333     2.4553  0.000e+00
     35.705    11.0487   3.644495    32.3601       1522     6.3375     2.4567  0.000e+00
     35.669    11.0564   3.644740    32.3557       1523     6.3417     2.4603  0.000e+00
     35.637    11.0621   3.644986    32.3531       1524     6.3458     2.4628  0.000e+00
     35.603    11.0666   3.645317    32.3525       1525     6.3500     2.4657  0.000e+00
     35.583    11.0707   3.645802    32.3536       1526     6.3542     2.4686  0.000e+00
     35.570    11.0756   3.646994    32.3611       1527     6.3583     2.4708  0.000e+00
     35.560    11.0846   3.648388    32.3669       1528     6.3625     2.4729  0.000e+00
     35.556    11.0993   3.649519    32.3652       1529     6.3667     2.4740  0.000e+00
     35.549    11.1159   3.650803    32.3632       1530     6.3708     2.4757  0.000e+00
     35.549    11.1330   3.651866    32.3587       1531     6.3750     2.4775  0.000e+00
     35.553    11.1495   3.652843    32.3538       1532     6.3792     2.4794  0.000e+00
     35.560    11.1641   3.653445    32.3469       1533     6.3833     2.4811  0.000e+00
     35.567    11.1766   3.654219    32.3435       1534     6.3875     2.4834  0.000e+00
     35.571    11.1878   3.654773    32.3391       1535     6.3917     2.4853  0.000e+00
     35.574    11.1982   3.655172    32.3339       1536     6.3958     2.4872  0.000e+00
     35.576    11.2060   3.655701    32.3323       1537     6.4000     2.4898  0.000e+00
     35.563    11.2126   3.656727    32.3366       1538     6.4042     2.4913  0.000e+00
     35.563    11.2215   3.658123    32.3425       1539     6.4083     2.4935  0.000e+00
     35.552    11.2349   3.660522    32.3543       1540     6.4125     2.4943  0.000e+00
     35.538    11.2560   3.662989    32.3600       1541     6.4167     2.4921  0.000e+00
     35.522    11.2825   3.664281    32.3495       1542     6.4208     2.4968  0.000e+00
     35.493    11.3063   3.665616    32.3417       1543     6.4250     2.5001  0.000e+00
     35.455    11.3276   3.670449    32.3705       1544     6.4292     2.5027  0.000e+00
     35.414    11.3643   3.674890    32.3819       1545     6.4333     2.5055  0.000e+00
     35.367    11.4189   3.676695    32.3517       1546     6.4375     2.5089  0.000e+00
     35.317    11.4693   3.677280    32.3135       1547     6.4417     2.5134  0.000e+00
     35.272    11.5077   3.676922    32.2764       1548     6.4458     2.5184  0.000e+00
     35.220    11.5330   3.676342    32.2487       1549     6.4500     2.5227  0.000e+00
     35.173    11.5483   3.676052    32.2326       1550     6.4542     2.5272  0.000e+00
     35.123    11.5568   3.674419    32.2093       1551     6.4583     2.5327  0.000e+00
     35.091    11.5595   3.673304    32.1961       1552     6.4625     2.5391  0.000e+00
     35.057    11.5601   3.673433    32.1969       1553     6.4667     2.5454  0.000e+00
     35.031    11.5610   3.673329    32.1951       1554     6.4708     2.5523  0.000e+00
     35.013    11.5622   3.673347    32.1943       1555     6.4750     2.5599  0.000e+00
     34.995    11.5648   3.673101    32.1895       1556     6.4792     2.5665  0.000e+00
     34.977    11.5688   3.672522    32.1805       1557     6.4833     2.5734  0.000e+00
     34.968    11.5719   3.672146    32.1741       1558     6.4875     2.5804  0.000e+00
     34.968    11.5727   3.671832    32.1704       1559     6.4917     2.5864  0.000e+00
     34.963    11.5719   3.670089    32.1540       1560     6.4958     2.5920  0.000e+00
     34.968    11.5686   3.669707    32.1532       1561     6.5000     2.5984  0.000e+00
     34.970    11.5653   3.670292    32.1618       1562     6.5042     2.6023  0.000e+00
     34.979    11.5656   3.670317    32.1618       1563     6.5083     2.6089  0.000e+00
     34.976    11.5669   3.669756    32.1552       1564     6.5125     2.6135  0.000e+00
     34.961    11.5662   3.670113    32.1593       1565     6.5167     2.6189  0.000e+00
     34.961    11.5657   3.670760    32.1660       1566     6.5208     2.6225  0.000e+00
     34.952    11.5676   3.666105    32.1190       1567     6.5250     2.6268  0.000e+00
     34.922    11.5559   3.663324    32.1020       1568     6.5292     2.6303  0.000e+00
     34.898    11.5341   3.659251    32.0812       1569     6.5333     2.6323  0.000e+00
     34.871    11.5114   3.659916    32.1074       1570     6.5375     2.6351  0.000e+00
     34.832    11.4950   3.658919    32.1119       1571     6.5417     2.6390  0.000e+00
     34.792    11.4851   3.660144    32.1325       1572     6.5458     2.6396  0.000e+00
     34.762    11.4827   3.660789    32.1409       1573     6.5500     2.6419  0.000e+00
     34.728    11.4845   3.660629    32.1378       1574     6.5542     2.6447  0.000e+00
     34.686    11.4871   3.660187    32.1312       1575     6.5583     2.6461  0.000e+00
     34.656    11.4860   3.656146    32.0928       1576     6.5625     2.6481  0.000e+00
     34.620    11.4737   3.659098    32.1322       1577     6.5667     2.6496  0.000e+00
     34.593    11.4706   3.653459    32.0799       1578     6.5708     2.6513  0.000e+00
     34.573    11.4566   3.652882    32.0864       1579     6.5750     2.6541  0.000e+00
     34.550    11.4420   3.653238    32.1026       1580     6.5792     2.6554  0.000e+00
     34.535    11.4349   3.653331    32.1096       1581     6.5833     2.6569  0.000e+00
     34.516    11.4331   3.652329    32.1014       1582     6.5875     2.6579  0.000e+00
     34.499    11.4301   3.648961    32.0711       1583     6.5917     2.6587  0.000e+00
     34.489    11.4175   3.649471    32.0870       1584     6.5958     2.6584  0.000e+00
     34.469    11.4085   3.649386    32.0941       1585     6.6000     2.6623  0.000e+00
     34.453    11.4048   3.649386    32.0972       1586     6.6042     2.6624  0.000e+00
     34.424    11.4028   3.648034    32.0858       1587     6.6083     2.6632  0.000e+00
     34.397    11.3971   3.645731    32.0682       1588     6.6125     2.6661  0.000e+00
     34.356    11.3868   3.643962    32.0599       1589     6.6167     2.6688  0.000e+00
     34.314    11.3734   3.640628    32.0389       1590     6.6208     2.6695  0.000e+00
     34.266    11.3515   3.639812    32.0499       1591     6.6250     2.6698  0.000e+00
     34.208    11.3361   3.639653    32.0618       1592     6.6292     2.6709  0.000e+00
     34.149    11.3263   3.634738    32.0222       1593     6.6333     2.6695  0.000e+00
     34.086    11.3061   3.634603    32.0384       1594     6.6375     2.6701  0.000e+00
     34.012    11.2900   3.634536    32.0517       1595     6.6417     2.6707  0.000e+00
     33.950    11.2813   3.634450    32.0585       1596     6.6458     2.6721  0.000e+00
     33.892    11.2770   3.634475    32.0625       1597     6.6500     2.6737  0.000e+00
     33.834    11.2751   3.634628    32.0657       1598     6.6542     2.6750  0.000e+00
     33.779    11.2752   3.637469    32.0934       1599     6.6583     2.6770  0.000e+00
     33.725    11.2843   3.637849    32.0893       1600     6.6625     2.6777  0.000e+00
     33.684    11.2937   3.637849    32.0812       1601     6.6667     2.6796  0.000e+00
     33.644    11.2990   3.636965    32.0679       1602     6.6708     2.6815  0.000e+00
     33.617    11.2995   3.637493    32.0726       1603     6.6750     2.6829  0.000e+00
     33.590    11.3000   3.638420    32.0813       1604     6.6792     2.6838  0.000e+00
     33.572    11.3037   3.637800    32.0720       1605     6.6833     2.6857  0.000e+00
     33.552    11.3052   3.638156    32.0742       1606     6.6875     2.6869  0.000e+00
     33.536    11.3071   3.640230    32.0929       1607     6.6917     2.6883  0.000e+00
     33.524    11.3170   3.640960    32.0914       1608     6.6958     2.6883  0.000e+00
     33.506    11.3291   3.641089    32.0822       1609     6.7000     2.6902  0.000e+00
     33.491    11.3359   3.640739    32.0728       1610     6.7042     2.6909  0.000e+00
     33.477    11.3378   3.642041    32.0840       1611     6.7083     2.6919  0.000e+00
     33.459    11.3447   3.642083    32.0784       1612     6.7125     2.6932  0.000e+00
     33.441    11.3500   3.641684    32.0699       1613     6.7167     2.6949  0.000e+00
     33.414    11.3514   3.641776    32.0696       1614     6.7208     2.6960  0.000e+00
     33.401    11.3515   3.643256    32.0840       1615     6.7250     2.6981  0.000e+00
     33.378    11.3573   3.643741    32.0837       1616     6.7292     2.6996  0.000e+00
     33.344    11.3653   3.643833    32.0777       1617     6.7333     2.7026  0.000e+00
     33.310    11.3708   3.644207    32.0766       1618     6.7375     2.7029  0.000e+00
     33.277    11.3759   3.647106    32.1005       1619     6.7417     2.7040  0.000e+00
     33.234    11.3894   3.647770    32.0953       1620     6.7458     2.7041  0.000e+00
     33.168    11.4045   3.649305    32.0973       1621     6.7500     2.7039  0.000e+00
     33.126    11.4192   3.652285    32.1136       1622     6.7542     2.7057  0.000e+00
     33.065    11.4397   3.656656    32.1386       1623     6.7583     2.7067  0.000e+00
     33.001    11.4715   3.660118    32.1448       1624     6.7625     2.7079  0.000e+00
     32.927    11.5084   3.663213    32.1429       1625     6.7667     2.7099  0.000e+00
     32.857    11.5448   3.667995    32.1581       1626     6.7708     2.7134  0.000e+00
     32.790    11.5835   3.669355    32.1377       1627     6.7750     2.7163  0.000e+00
