PC2305/sbe145.cnv
* Sea-Bird SBE 19plus V2 Data File:
* FileName = C:\cruise\data\sbe145.hex
* Software Version Seasave V 7.26.7.121
* Temperature SN = 7142
* Conductivity SN = 7142
* System UpLoad Time = Nov 11 2023 05:50:19
** Cruise: PC2205
** Program: ECOMON
# nquan = 8
# nvalues = 4741                                  
# units = specified
# name 0 = depSM: Depth [salt water, m], lat = 40.00
# name 1 = tv290C: Temperature [ITS-90, deg C]
# name 2 = c0S/m: Conductivity [S/m]
# name 3 = sal00: Salinity, Practical [PSU]
# name 4 = scan: Scan Count
# name 5 = timeM: Time, Elapsed [minutes]
# name 6 = sbeox0V: Oxygen raw, SBE 43 [V]
# name 7 = flag:  0.000e+00
# span 0 =     -0.102,    200.632                 
# span 1 =     8.3160,    10.5900                 
# span 2 =   0.000172,   3.626772                 
# span 3 =     0.0046,    34.3962                 
# span 4 =         11,       4751                 
# span 5 =     0.0417,    19.7917                 
# span 6 =     1.7066,     2.7208                 
# span 7 = 0.0000e+00, 0.0000e+00                 
# interval = seconds: 0.25
# start_time = Nov 11 2023 05:50:19 [System UTC, header]
# bad_flag = -9.990e-29
*END*
[from data line 3596]
     66.142     9.0750   3.550243    33.1799       3607    15.0250     2.2066  0.000e+00
     66.079     9.0766   3.550687    33.1831       3608    15.0292     2.2074  0.000e+00
     66.005     9.0799   3.551574    33.1892       3609    15.0333     2.2072  0.000e+00
     65.932     9.0854   3.552212    33.1908       3610    15.0375     2.2082  0.000e+00
     65.847     9.0921   3.552814    33.1908       3611    15.0417     2.2092  0.000e+00
     65.756     9.1001   3.553263    33.1881       3612    15.0458     2.2108  0.000e+00
     65.664     9.1079   3.553543    33.1838       3613    15.0500     2.2110  0.000e+00
     65.563     9.1137   3.553300    33.1759       3614    15.0542     2.2123  0.000e+00
     65.473     9.1150   3.553178    33.1735       3615    15.0583     2.2150  0.000e+00
     65.382     9.1145   3.553330    33.1756       3616    15.0625     2.2170  0.000e+00
     65.295     9.1155   3.553482    33.1762       3617    15.0667     2.2182  0.000e+00
     65.223     9.1166   3.553397    33.1744       3618    15.0708     2.2159  0.000e+00
     65.152     9.1177   3.553506    33.1745       3619    15.0750     2.2177  0.000e+00
     65.094     9.1192   3.553780    33.1760       3620    15.0792     2.2221  0.000e+00
     65.040     9.1224   3.554077    33.1761       3621    15.0833     2.2211  0.000e+00
     64.988     9.1257   3.554077    33.1731       3622    15.0875     2.2201  0.000e+00
     64.943     9.1285   3.554661    33.1766       3623    15.0917     2.2195  0.000e+00
     64.894     9.1334   3.555391    33.1796       3624    15.0958     2.2195  0.000e+00
     64.842     9.1400   3.555755    33.1772       3625    15.1000     2.2172  0.000e+00
     64.787     9.1460   3.556035    33.1746       3626    15.1042     2.2191  0.000e+00
     64.731     9.1514   3.556552    33.1749       3627    15.1083     2.2158  0.000e+00
     64.668     9.1571   3.556825    33.1725       3628    15.1125     2.2176  0.000e+00
     64.594     9.1614   3.557062    33.1710       3629    15.1167     2.2196  0.000e+00
     64.517     9.1646   3.557239    33.1699       3630    15.1208     2.2182  0.000e+00
     64.443     9.1678   3.557366    33.1682       3631    15.1250     2.2147  0.000e+00
     64.357     9.1717   3.558352    33.1749       3632    15.1292     2.2198  0.000e+00
     64.280     9.1824   3.558850    33.1701       3633    15.1333     2.2197  0.000e+00
     64.204     9.1953   3.559105    33.1608       3634    15.1375     2.2192  0.000e+00
     64.134     9.2062   3.559105    33.1507       3635    15.1417     2.2245  0.000e+00
     64.075     9.2141   3.559148    33.1439       3636    15.1458     2.2195  0.000e+00
     64.016     9.2195   3.559190    33.1393       3637    15.1500     2.2146  0.000e+00
     63.965     9.2234   3.559208    33.1359       3638    15.1542     2.2202  0.000e+00
     63.922     9.2260   3.559215    33.1335       3639    15.1583     2.2192  0.000e+00
     63.883     9.2275   3.559215    33.1322       3640    15.1625     2.2169  0.000e+00
     63.850     9.2289   3.559190    33.1306       3641    15.1667     2.2169  0.000e+00
     63.820     9.2299   3.559190    33.1297       3642    15.1708     2.2147  0.000e+00
     63.782     9.2311   3.559190    33.1287       3643    15.1750     2.2153  0.000e+00
     63.750     9.2327   3.559160    33.1269       3644    15.1792     2.2137  0.000e+00
     63.712     9.2346   3.559172    33.1252       3645    15.1833     2.2147  0.000e+00
     63.667     9.2372   3.559214    33.1233       3646    15.1875     2.2153  0.000e+00
     63.615     9.2392   3.559275    33.1221       3647    15.1917     2.2156  0.000e+00
     63.561     9.2409   3.559232    33.1200       3648    15.1958     2.2143  0.000e+00
     63.498     9.2423   3.559257    33.1191       3649    15.2000     2.2146  0.000e+00
     63.435     9.2429   3.559232    33.1183       3650    15.2042     2.2171  0.000e+00
     63.368     9.2438   3.559208    33.1173       3651    15.2083     2.2150  0.000e+00
     63.298     9.2443   3.559147    33.1161       3652    15.2125     2.2168  0.000e+00
     63.225     9.2449   3.559147    33.1156       3653    15.2167     2.2176  0.000e+00
     63.149     9.2456   3.559147    33.1150       3654    15.2208     2.2194  0.000e+00
     63.061     9.2461   3.559129    33.1144       3655    15.2250     2.2234  0.000e+00
     62.978     9.2468   3.559038    33.1129       3656    15.2292     2.2233  0.000e+00
     62.894     9.2474   3.559050    33.1125       3657    15.2333     2.2238  0.000e+00
     62.808     9.2482   3.558995    33.1112       3658    15.2375     2.2255  0.000e+00
     62.723     9.2491   3.558977    33.1102       3659    15.2417     2.2260  0.000e+00
     62.648     9.2497   3.558891    33.1089       3660    15.2458     2.2270  0.000e+00
     62.576     9.2508   3.558849    33.1074       3661    15.2500     2.2276  0.000e+00
     62.511     9.2515   3.558758    33.1058       3662    15.2542     2.2295  0.000e+00
     62.457     9.2525   3.558697    33.1043       3663    15.2583     2.2294  0.000e+00
     62.396     9.2532   3.558666    33.1033       3664    15.2625     2.2319  0.000e+00
     62.353     9.2539   3.558697    33.1031       3665    15.2667     2.2324  0.000e+00
     62.301     9.2552   3.558697    33.1019       3666    15.2708     2.2327  0.000e+00
     62.247     9.2563   3.558715    33.1010       3667    15.2750     2.2324  0.000e+00
     62.198     9.2580   3.558739    33.0997       3668    15.2792     2.2322  0.000e+00
     62.141     9.2595   3.558739    33.0984       3669    15.2833     2.2301  0.000e+00
     62.083     9.2606   3.558776    33.0978       3670    15.2875     2.2293  0.000e+00
     62.022     9.2619   3.558782    33.0967       3671    15.2917     2.2285  0.000e+00
     61.957     9.2633   3.558715    33.0947       3672    15.2958     2.2292  0.000e+00
     61.884     9.2660   3.558781    33.0929       3673    15.3000     2.2286  0.000e+00
     61.823     9.2710   3.558867    33.0892       3674    15.3042     2.2304  0.000e+00
     61.762     9.2769   3.558909    33.0841       3675    15.3083     2.2305  0.000e+00
     61.700     9.2829   3.558933    33.0789       3676    15.3125     2.2326  0.000e+00
     61.652     9.2881   3.558951    33.0743       3677    15.3167     2.2337  0.000e+00
     61.607     9.2932   3.558805    33.0681       3678    15.3208     2.2358  0.000e+00
     61.569     9.2977   3.558653    33.0624       3679    15.3250     2.2351  0.000e+00
     61.524     9.3014   3.558586    33.0583       3680    15.3292     2.2347  0.000e+00
     61.486     9.3048   3.558501    33.0543       3681    15.3333     2.2332  0.000e+00
     61.442     9.3070   3.558458    33.0519       3682    15.3375     2.2315  0.000e+00
     61.407     9.3088   3.558392    33.0495       3683    15.3417     2.2310  0.000e+00
     61.366     9.3102   3.558288    33.0472       3684    15.3458     2.2302  0.000e+00
     61.325     9.3107   3.558051    33.0442       3685    15.3500     2.2300  0.000e+00
     61.280     9.3112   3.557856    33.0418       3686    15.3542     2.2296  0.000e+00
     61.231     9.3113   3.557728    33.0405       3687    15.3583     2.2302  0.000e+00
     61.184     9.3116   3.557491    33.0377       3688    15.3625     2.2303  0.000e+00
     61.129     9.3118   3.557376    33.0364       3689    15.3667     2.2327  0.000e+00
     61.073     9.3120   3.557321    33.0357       3690    15.3708     2.2337  0.000e+00
     61.003     9.3123   3.557278    33.0349       3691    15.3750     2.2343  0.000e+00
     60.933     9.3132   3.557297    33.0343       3692    15.3792     2.2346  0.000e+00
     60.868     9.3148   3.557169    33.0316       3693    15.3833     2.2359  0.000e+00
     60.794     9.3166   3.557059    33.0288       3694    15.3875     2.2369  0.000e+00
     60.730     9.3193   3.556925    33.0249       3695    15.3917     2.2399  0.000e+00
     60.660     9.3234   3.556846    33.0204       3696    15.3958     2.2408  0.000e+00
     60.597     9.3272   3.556779    33.0162       3697    15.4000     2.2437  0.000e+00
     60.543     9.3305   3.556761    33.0130       3698    15.4042     2.2458  0.000e+00
     60.496     9.3331   3.556609    33.0090       3699    15.4083     2.2469  0.000e+00
     60.456     9.3353   3.556524    33.0062       3700    15.4125     2.2469  0.000e+00
     60.417     9.3369   3.556408    33.0035       3701    15.4167     2.2481  0.000e+00
     60.388     9.3379   3.556372    33.0022       3702    15.4208     2.2463  0.000e+00
     60.361     9.3389   3.556372    33.0013       3703    15.4250     2.2465  0.000e+00
     60.331     9.3395   3.556372    33.0008       3704    15.4292     2.2457  0.000e+00
     60.305     9.3400   3.556329    32.9999       3705    15.4333     2.2424  0.000e+00
     60.273     9.3405   3.556311    32.9993       3706    15.4375     2.2411  0.000e+00
     60.241     9.3408   3.556268    32.9986       3707    15.4417     2.2379  0.000e+00
     60.207     9.3413   3.556293    32.9984       3708    15.4458     2.2372  0.000e+00
     60.162     9.3415   3.556226    32.9975       3709    15.4500     2.2357  0.000e+00
     60.111     9.3419   3.556244    32.9973       3710    15.4542     2.2367  0.000e+00
     60.059     9.3425   3.556201    32.9964       3711    15.4583     2.2398  0.000e+00
     59.993     9.3430   3.556159    32.9955       3712    15.4625     2.2419  0.000e+00
     59.923     9.3435   3.556159    32.9951       3713    15.4667     2.2443  0.000e+00
     59.851     9.3439   3.556183    32.9950       3714    15.4708     2.2472  0.000e+00
     59.773     9.3443   3.556116    32.9939       3715    15.4750     2.2504  0.000e+00
     59.700     9.3445   3.555988    32.9925       3716    15.4792     2.2516  0.000e+00
     59.635     9.3449   3.555836    32.9906       3717    15.4833     2.2525  0.000e+00
     59.572     9.3453   3.555769    32.9895       3718    15.4875     2.2538  0.000e+00
     59.516     9.3454   3.555769    32.9895       3719    15.4917     2.2552  0.000e+00
     59.464     9.3455   3.555708    32.9888       3720    15.4958     2.2566  0.000e+00
     59.423     9.3455   3.555623    32.9879       3721    15.5000     2.2585  0.000e+00
     59.391     9.3455   3.555623    32.9879       3722    15.5042     2.2588  0.000e+00
     59.353     9.3458   3.555599    32.9874       3723    15.5083     2.2585  0.000e+00
     59.326     9.3457   3.555471    32.9862       3724    15.5125     2.2573  0.000e+00
     59.304     9.3456   3.555319    32.9848       3725    15.5167     2.2553  0.000e+00
     59.288     9.3451   3.555192    32.9839       3726    15.5208     2.2540  0.000e+00
     59.268     9.3444   3.555082    32.9834       3727    15.5250     2.2538  0.000e+00
     59.259     9.3441   3.555040    32.9832       3728    15.5292     2.2537  0.000e+00
     59.249     9.3437   3.554997    32.9832       3729    15.5333     2.2514  0.000e+00
     59.234     9.3436   3.555082    32.9842       3730    15.5375     2.2486  0.000e+00
     59.218     9.3434   3.554979    32.9834       3731    15.5417     2.2444  0.000e+00
     59.206     9.3432   3.554894    32.9826       3732    15.5458     2.2414  0.000e+00
     59.188     9.3429   3.554851    32.9825       3733    15.5500     2.2385  0.000e+00
     59.166     9.3426   3.554912    32.9833       3734    15.5542     2.2351  0.000e+00
     59.137     9.3426   3.554894    32.9832       3735    15.5583     2.2324  0.000e+00
     59.101     9.3425   3.554997    32.9844       3736    15.5625     2.2307  0.000e+00
     59.064     9.3426   3.554699    32.9812       3737    15.5667     2.2305  0.000e+00
     59.024     9.3423   3.554377    32.9782       3738    15.5708     2.2319  0.000e+00
     58.977     9.3418   3.554249    32.9774       3739    15.5750     2.2353  0.000e+00
     58.923     9.3414   3.554097    32.9762       3740    15.5792     2.2386  0.000e+00
     58.877     9.3410   3.553927    32.9748       3741    15.5833     2.2431  0.000e+00
     58.821     9.3407   3.553927    32.9752       3742    15.5875     2.2469  0.000e+00
     58.776     9.3405   3.553927    32.9754       3743    15.5917     2.2489  0.000e+00
     58.729     9.3402   3.553860    32.9749       3744    15.5958     2.2522  0.000e+00
     58.679     9.3403   3.553817    32.9745       3745    15.6000     2.2540  0.000e+00
     58.634     9.3401   3.553775    32.9742       3746    15.6042     2.2569  0.000e+00
     58.594     9.3402   3.553732    32.9737       3747    15.6083     2.2581  0.000e+00
     58.560     9.3403   3.553690    32.9731       3748    15.6125     2.2595  0.000e+00
     58.526     9.3402   3.553732    32.9737       3749    15.6167     2.2605  0.000e+00
     58.492     9.3403   3.553744    32.9738       3750    15.6208     2.2612  0.000e+00
     58.469     9.3401   3.553665    32.9732       3751    15.6250     2.2612  0.000e+00
     58.452     9.3401   3.553623    32.9727       3752    15.6292     2.2624  0.000e+00
     58.431     9.3399   3.553562    32.9723       3753    15.6333     2.2619  0.000e+00
     58.416     9.3398   3.553495    32.9717       3754    15.6375     2.2611  0.000e+00
     58.413     9.3398   3.553453    32.9712       3755    15.6417     2.2585  0.000e+00
     58.404     9.3397   3.553501    32.9719       3756    15.6458     2.2547  0.000e+00
     58.398     9.3396   3.553538    32.9723       3757    15.6500     2.2508  0.000e+00
     58.391     9.3394   3.553562    32.9727       3758    15.6542     2.2450  0.000e+00
     58.377     9.3396   3.553580    32.9728       3759    15.6583     2.2362  0.000e+00
     58.357     9.3399   3.553647    32.9732       3760    15.6625     2.2292  0.000e+00
     58.330     9.3398   3.553708    32.9739       3761    15.6667     2.2224  0.000e+00
     58.292     9.3400   3.553702    32.9737       3762    15.6708     2.2144  0.000e+00
     58.246     9.3401   3.553775    32.9744       3763    15.6750     2.2098  0.000e+00
     58.195     9.3402   3.553732    32.9739       3764    15.6792     2.2069  0.000e+00
     58.138     9.3403   3.553623    32.9727       3765    15.6833     2.2078  0.000e+00
     58.080     9.3403   3.553477    32.9712       3766    15.6875     2.2144  0.000e+00
     58.024     9.3407   3.553386    32.9699       3767    15.6917     2.2198  0.000e+00
     57.967     9.3414   3.553343    32.9689       3768    15.6958     2.2269  0.000e+00
     57.915     9.3422   3.553325    32.9679       3769    15.7000     2.2329  0.000e+00
     57.866     9.3441   3.553325    32.9663       3770    15.7042     2.2376  0.000e+00
     57.818     9.3460   3.553300    32.9642       3771    15.7083     2.2408  0.000e+00
     57.778     9.3483   3.553300    32.9621       3772    15.7125     2.2449  0.000e+00
     57.733     9.3500   3.553385    32.9614       3773    15.7167     2.2471  0.000e+00
     57.699     9.3517   3.553476    32.9608       3774    15.7208     2.2485  0.000e+00
     57.667     9.3533   3.553519    32.9598       3775    15.7250     2.2482  0.000e+00
     57.624     9.3548   3.553580    32.9591       3776    15.7292     2.2512  0.000e+00
     57.590     9.3563   3.553732    32.9593       3777    15.7333     2.2517  0.000e+00
     57.554     9.3582   3.553817    32.9584       3778    15.7375     2.2514  0.000e+00
     57.527     9.3599   3.553902    32.9578       3779    15.7417     2.2525  0.000e+00
     57.491     9.3614   3.553926    32.9566       3780    15.7458     2.2535  0.000e+00
     57.462     9.3629   3.553987    32.9559       3781    15.7500     2.2553  0.000e+00
     57.437     9.3645   3.554011    32.9547       3782    15.7542     2.2556  0.000e+00
     57.413     9.3661   3.554096    32.9541       3783    15.7583     2.2566  0.000e+00
     57.394     9.3686   3.554266    32.9536       3784    15.7625     2.2568  0.000e+00
     57.365     9.3709   3.554376    32.9526       3785    15.7667     2.2566  0.000e+00
