PC2305/sbe107.cnv
* Sea-Bird SBE 19plus V2 Data File:
* FileName = C:\cruise\data\sbe107.hex
* Software Version Seasave V 7.26.7.121
* Temperature SN = 7142
* Conductivity SN = 7142
* System UpLoad Time = Nov 06 2023 06:59:33
** Cruise: PC2205
** Program: ECOMON
# nquan = 8
# nvalues = 2024                                  
# units = specified
# name 0 = depSM: Depth [salt water, m], lat = 40.00
# name 1 = tv290C: Temperature [ITS-90, deg C]
# name 2 = c0S/m: Conductivity [S/m]
# name 3 = sal00: Salinity, Practical [PSU]
# name 4 = scan: Scan Count
# name 5 = timeM: Time, Elapsed [minutes]
# name 6 = sbeox0V: Oxygen raw, SBE 43 [V]
# name 7 = flag:  0.000e+00
# span 0 =     -0.047,     61.590                 
# span 1 =    10.9115,    12.6481                 
# span 2 =   0.000399,   3.758267                 
# span 3 =     0.0071,    32.4552                 
# span 4 =         11,       2034                 
# span 5 =     0.0417,     8.4708                 
# span 6 =     1.9673,     2.8641                 
# span 7 = 0.0000e+00, 0.0000e+00                 
# interval = seconds: 0.25
# start_time = Nov 06 2023 06:59:33 [System UTC, header]
# bad_flag = -9.990e-29
*END*
[from data line 360]
     33.461    12.0261   3.709487    32.1439        371     1.5417     2.5655  0.000e+00
     33.569    12.0247   3.709321    32.1434        372     1.5458     2.5653  0.000e+00
     33.666    12.0233   3.709147    32.1429        373     1.5500     2.5643  0.000e+00
     33.772    12.0211   3.709055    32.1439        374     1.5542     2.5637  0.000e+00
     33.880    12.0193   3.708968    32.1446        375     1.5583     2.5621  0.000e+00
     33.992    12.0177   3.708888    32.1451        376     1.5625     2.5631  0.000e+00
     34.107    12.0163   3.708876    32.1461        377     1.5667     2.5618  0.000e+00
     34.241    12.0154   3.708808    32.1462        378     1.5708     2.5619  0.000e+00
     34.365    12.0145   3.708764    32.1465        379     1.5750     2.5625  0.000e+00
     34.498    12.0138   3.708696    32.1465        380     1.5792     2.5640  0.000e+00
     34.626    12.0128   3.708610    32.1464        381     1.5833     2.5643  0.000e+00
     34.761    12.0118   3.708468    32.1458        382     1.5875     2.5650  0.000e+00
     34.895    12.0105   3.708313    32.1454        383     1.5917     2.5634  0.000e+00
     35.027    12.0086   3.708152    32.1454        384     1.5958     2.5647  0.000e+00
     35.160    12.0065   3.708010    32.1458        385     1.6000     2.5637  0.000e+00
     35.294    12.0046   3.707880    32.1462        386     1.6042     2.5635  0.000e+00
     35.427    12.0026   3.707701    32.1461        387     1.6083     2.5620  0.000e+00
     35.560    12.0006   3.707565    32.1464        388     1.6125     2.5619  0.000e+00
     35.699    11.9986   3.707497    32.1475        389     1.6167     2.5592  0.000e+00
     35.823    11.9967   3.707380    32.1479        390     1.6208     2.5577  0.000e+00
     35.949    11.9951   3.707250    32.1480        391     1.6250     2.5573  0.000e+00
     36.073    11.9936   3.707182    32.1486        392     1.6292     2.5559  0.000e+00
     36.193    11.9922   3.707096    32.1489        393     1.6333     2.5573  0.000e+00
     36.317    11.9910   3.707028    32.1492        394     1.6375     2.5573  0.000e+00
     36.436    11.9897   3.706972    32.1497        395     1.6417     2.5589  0.000e+00
     36.554    11.9888   3.706917    32.1499        396     1.6458     2.5579  0.000e+00
     36.669    11.9876   3.706849    32.1503        397     1.6500     2.5582  0.000e+00
     36.775    11.9866   3.706781    32.1504        398     1.6542     2.5582  0.000e+00
     36.883    11.9854   3.706688    32.1506        399     1.6583     2.5582  0.000e+00
     36.984    11.9843   3.706651    32.1511        400     1.6625     2.5593  0.000e+00
     37.076    11.9831   3.706577    32.1514        401     1.6667     2.5594  0.000e+00
     37.174    11.9822   3.706552    32.1519        402     1.6708     2.5578  0.000e+00
     37.268    11.9813   3.706527    32.1524        403     1.6750     2.5585  0.000e+00
     37.360    11.9805   3.706503    32.1528        404     1.6792     2.5578  0.000e+00
     37.455    11.9801   3.706484    32.1529        405     1.6833     2.5576  0.000e+00
     37.550    11.9795   3.706484    32.1534        406     1.6875     2.5572  0.000e+00
     37.651    11.9793   3.706441    32.1531        407     1.6917     2.5566  0.000e+00
     37.755    11.9788   3.706416    32.1532        408     1.6958     2.5546  0.000e+00
     37.859    11.9784   3.706373    32.1531        409     1.7000     2.5547  0.000e+00
     37.969    11.9780   3.706330    32.1530        410     1.7042     2.5542  0.000e+00
     38.080    11.9774   3.706280    32.1530        411     1.7083     2.5543  0.000e+00
     38.197    11.9767   3.706237    32.1531        412     1.7125     2.5527  0.000e+00
     38.314    11.9760   3.706212    32.1534        413     1.7167     2.5539  0.000e+00
     38.434    11.9755   3.706175    32.1535        414     1.7208     2.5540  0.000e+00
     38.562    11.9747   3.706145    32.1538        415     1.7250     2.5553  0.000e+00
     38.686    11.9742   3.706145    32.1542        416     1.7292     2.5546  0.000e+00
     38.817    11.9735   3.706101    32.1543        417     1.7333     2.5540  0.000e+00
     38.957    11.9732   3.706058    32.1542        418     1.7375     2.5554  0.000e+00
     39.089    11.9725   3.705966    32.1538        419     1.7417     2.5561  0.000e+00
     39.222    11.9716   3.705898    32.1538        420     1.7458     2.5559  0.000e+00
     39.351    11.9703   3.705854    32.1545        421     1.7500     2.5560  0.000e+00
     39.468    11.9692   3.705830    32.1552        422     1.7542     2.5571  0.000e+00
     39.585    11.9683   3.705768    32.1553        423     1.7583     2.5567  0.000e+00
     39.703    11.9676   3.705719    32.1554        424     1.7625     2.5569  0.000e+00
     39.822    11.9669   3.705651    32.1552        425     1.7667     2.5556  0.000e+00
     39.937    11.9659   3.705607    32.1557        426     1.7708     2.5558  0.000e+00
     40.057    11.9651   3.705564    32.1559        427     1.7750     2.5546  0.000e+00
     40.179    11.9643   3.705490    32.1558        428     1.7792     2.5546  0.000e+00
     40.302    11.9633   3.705403    32.1558        429     1.7833     2.5531  0.000e+00
     40.428    11.9625   3.705311    32.1556        430     1.7875     2.5518  0.000e+00
     40.561    11.9613   3.705200    32.1554        431     1.7917     2.5513  0.000e+00
     40.695    11.9598   3.705020    32.1549        432     1.7958     2.5502  0.000e+00
     40.832    11.9581   3.704891    32.1551        433     1.8000     2.5502  0.000e+00
     40.968    11.9561   3.704662    32.1545        434     1.8042     2.5507  0.000e+00
     41.105    11.9537   3.704501    32.1550        435     1.8083     2.5507  0.000e+00
     41.238    11.9513   3.704279    32.1549        436     1.8125     2.5497  0.000e+00
     41.375    11.9487   3.704007    32.1544        437     1.8167     2.5502  0.000e+00
     41.500    11.9458   3.703791    32.1548        438     1.8208     2.5497  0.000e+00
     41.623    11.9429   3.703667    32.1561        439     1.8250     2.5505  0.000e+00
     41.745    11.9400   3.703581    32.1577        440     1.8292     2.5503  0.000e+00
     41.858    11.9380   3.703377    32.1574        441     1.8333     2.5490  0.000e+00
     41.971    11.9358   3.703105    32.1566        442     1.8375     2.5486  0.000e+00
     42.081    11.9332   3.702802    32.1559        443     1.8417     2.5482  0.000e+00
     42.178    11.9302   3.702499    32.1555        444     1.8458     2.5487  0.000e+00
     42.280    11.9268   3.702271    32.1562        445     1.8500     2.5492  0.000e+00
     42.378    11.9238   3.701937    32.1556        446     1.8542     2.5490  0.000e+00
     42.478    11.9203   3.701733    32.1565        447     1.8583     2.5484  0.000e+00
     42.573    11.9173   3.701641    32.1582        448     1.8625     2.5497  0.000e+00
     42.671    11.9148   3.701530    32.1593        449     1.8667     2.5498  0.000e+00
     42.764    11.9130   3.701437    32.1598        450     1.8708     2.5504  0.000e+00
     42.861    11.9116   3.701326    32.1599        451     1.8750     2.5494  0.000e+00
     42.955    11.9103   3.701171    32.1595        452     1.8792     2.5499  0.000e+00
     43.052    11.9088   3.701060    32.1597        453     1.8833     2.5495  0.000e+00
     43.147    11.9074   3.701011    32.1604        454     1.8875     2.5511  0.000e+00
     43.247    11.9062   3.700986    32.1612        455     1.8917     2.5513  0.000e+00
     43.348    11.9047   3.700968    32.1623        456     1.8958     2.5518  0.000e+00
     43.452    11.9038   3.700857    32.1619        457     1.9000     2.5492  0.000e+00
     43.562    11.9021   3.700758    32.1624        458     1.9042     2.5489  0.000e+00
     43.673    11.9005   3.700653    32.1626        459     1.9083     2.5473  0.000e+00
     43.790    11.8987   3.700603    32.1637        460     1.9125     2.5457  0.000e+00
     43.911    11.8976   3.700560    32.1642        461     1.9167     2.5450  0.000e+00
     44.027    11.8966   3.700517    32.1646        462     1.9208     2.5443  0.000e+00
     44.150    11.8955   3.700480    32.1651        463     1.9250     2.5450  0.000e+00
     44.272    11.8950   3.700474    32.1654        464     1.9292     2.5451  0.000e+00
     44.398    11.8945   3.700517    32.1663        465     1.9333     2.5460  0.000e+00
     44.524    11.8943   3.700492    32.1662        466     1.9375     2.5479  0.000e+00
     44.653    11.8943   3.700517    32.1663        467     1.9417     2.5495  0.000e+00
     44.784    11.8942   3.700480    32.1660        468     1.9458     2.5486  0.000e+00
     44.917    11.8941   3.700091    32.1622        469     1.9500     2.5496  0.000e+00
     45.047    11.8925   3.699146    32.1545        470     1.9542     2.5494  0.000e+00
     45.187    11.8867   3.698244    32.1507        471     1.9583     2.5469  0.000e+00
     45.320    11.8781   3.697367    32.1496        472     1.9625     2.5461  0.000e+00
     45.458    11.8681   3.696743    32.1521        473     1.9667     2.5447  0.000e+00
     45.595    11.8588   3.696490    32.1577        474     1.9708     2.5449  0.000e+00
     45.731    11.8517   3.696219    32.1611        475     1.9750     2.5454  0.000e+00
     45.863    11.8465   3.695997    32.1633        476     1.9792     2.5461  0.000e+00
     45.994    11.8423   3.695638    32.1635        477     1.9833     2.5462  0.000e+00
     46.123    11.8385   3.695342    32.1639        478     1.9875     2.5483  0.000e+00
     46.247    11.8344   3.694898    32.1630        479     1.9917     2.5502  0.000e+00
     46.369    11.8303   3.694601    32.1636        480     1.9958     2.5508  0.000e+00
     46.492    11.8262   3.694311    32.1644        481     2.0000     2.5519  0.000e+00
     46.625    11.8226   3.694151    32.1658        482     2.0042     2.5510  0.000e+00
     46.745    11.8192   3.693972    32.1670        483     2.0083     2.5514  0.000e+00
     46.874    11.8168   3.693700    32.1664        484     2.0125     2.5510  0.000e+00
     47.011    11.8144   3.693367    32.1652        485     2.0167     2.5509  0.000e+00
     47.142    11.8116   3.692805    32.1621        486     2.0208     2.5511  0.000e+00
     47.272    11.8080   3.692583    32.1630        487     2.0250     2.5518  0.000e+00
     47.406    11.8041   3.692534    32.1658        488     2.0292     2.5514  0.000e+00
     47.538    11.8008   3.692287    32.1663        489     2.0333     2.5516  0.000e+00
     47.672    11.7977   3.692262    32.1687        490     2.0375     2.5506  0.000e+00
     47.796    11.7948   3.692157    32.1701        491     2.0417     2.5511  0.000e+00
     47.915    11.7925   3.692355    32.1740        492     2.0458     2.5520  0.000e+00
     48.026    11.7907   3.692627    32.1781        493     2.0500     2.5534  0.000e+00
     48.143    11.7897   3.692849    32.1811        494     2.0542     2.5552  0.000e+00
     48.249    11.7887   3.692466    32.1782        495     2.0583     2.5546  0.000e+00
     48.341    11.7864   3.691923    32.1749        496     2.0625     2.5564  0.000e+00
     48.431    11.7812   3.691121    32.1716        497     2.0667     2.5566  0.000e+00
     48.505    11.7726   3.689214    32.1605        498     2.0708     2.5569  0.000e+00
     48.580    11.7560   3.687486    32.1581        499     2.0750     2.5573  0.000e+00
     48.641    11.7311   3.685605    32.1613        500     2.0792     2.5559  0.000e+00
     48.697    11.7008   3.684125    32.1731        501     2.0833     2.5551  0.000e+00
     48.745    11.6703   3.682208    32.1810        502     2.0875     2.5528  0.000e+00
     48.794    11.6388   3.680728    32.1938        503     2.0917     2.5516  0.000e+00
     48.844    11.6082   3.679878    32.2121        504     2.0958     2.5479  0.000e+00
     48.893    11.5831   3.679163    32.2269        505     2.1000     2.5454  0.000e+00
     48.952    11.5635   3.678152    32.2341        506     2.1042     2.5416  0.000e+00
     49.010    11.5460   3.676926    32.2374        507     2.1083     2.5381  0.000e+00
     49.085    11.5279   3.675965    32.2438        508     2.1125     2.5324  0.000e+00
     49.168    11.5090   3.674912    32.2499        509     2.1167     2.5273  0.000e+00
     49.261    11.4906   3.672306    32.2404        510     2.1208     2.5221  0.000e+00
     49.366    11.4639   3.669566    32.2369        511     2.1250     2.5168  0.000e+00
     49.488    11.4268   3.668716    32.2608        512     2.1292     2.5120  0.000e+00
     49.619    11.3946   3.667202    32.2741        513     2.1333     2.5075  0.000e+00
     49.757    11.3675   3.665824    32.2842        514     2.1375     2.5020  0.000e+00
     49.914    11.3415   3.664242    32.2914        515     2.1417     2.4996  0.000e+00
     50.090    11.3144   3.661258    32.2857        516     2.1458     2.4938  0.000e+00
     50.270    11.2802   3.660791    32.3110        517     2.1500     2.4909  0.000e+00
     50.460    11.2513   3.660041    32.3289        518     2.1542     2.4873  0.000e+00
     50.670    11.2309   3.658331    32.3299        519     2.1583     2.4830  0.000e+00
     50.884    11.2094   3.656352    32.3292        520     2.1625     2.4784  0.000e+00
     51.095    11.1823   3.654514    32.3348        521     2.1667     2.4737  0.000e+00
     51.307    11.1536   3.652098    32.3362        522     2.1708     2.4700  0.000e+00
     51.519    11.1205   3.651478    32.3591        523     2.1750     2.4638  0.000e+00
     51.718    11.0915   3.651011    32.3799        524     2.1792     2.4611  0.000e+00
     51.916    11.0723   3.650145    32.3882        525     2.1833     2.4561  0.000e+00
     52.105    11.0563   3.647891    32.3799        526     2.1875     2.4515  0.000e+00
     52.277    11.0336   3.647203    32.3931        527     2.1917     2.4467  0.000e+00
     52.427    11.0122   3.647136    32.4112        528     2.1958     2.4425  0.000e+00
     52.547    11.0005   3.647689    32.4270        529     2.2000     2.4368  0.000e+00
     52.635    10.9964   3.647492    32.4286        530     2.2042     2.4326  0.000e+00
     52.705    10.9955   3.648893    32.4432        531     2.2083     2.4272  0.000e+00
     52.797    11.0036   3.649569    32.4427        532     2.2125     2.4241  0.000e+00
     52.896    11.0137   3.648002    32.4183        533     2.2167     2.4206  0.000e+00
     52.991    11.0145   3.648377    32.4212        534     2.2208     2.4171  0.000e+00
     53.050    11.0116   3.647468    32.4147        535     2.2250     2.4170  0.000e+00
     53.077    11.0068   3.646166    32.4062        536     2.2292     2.4143  0.000e+00
     53.088    10.9950   3.645257    32.4075        537     2.2333     2.4126  0.000e+00
     53.099    10.9802   3.645189    32.4199        538     2.2375     2.4119  0.000e+00
     53.102    10.9695   3.645392    32.4314        539     2.2417     2.4113  0.000e+00
     53.101    10.9649   3.645564    32.4371        540     2.2458     2.4091  0.000e+00
     53.110    10.9649   3.645988    32.4413        541     2.2500     2.4090  0.000e+00
     53.109    10.9670   3.645699    32.4366        542     2.2542     2.4070  0.000e+00
     53.113    10.9685   3.645257    32.4310        543     2.2583     2.4073  0.000e+00
     53.133    10.9662   3.645233    32.4327        544     2.2625     2.4049  0.000e+00
     53.174    10.9636   3.645190    32.4346        545     2.2667     2.4036  0.000e+00
     53.232    10.9619   3.644926    32.4334        546     2.2708     2.4013  0.000e+00
     53.311    10.9595   3.644840    32.4346        547     2.2750     2.4001  0.000e+00
     53.413    10.9574   3.644815    32.4362        548     2.2792     2.3990  0.000e+00
     53.530    10.9556   3.644858    32.4382        549     2.2833     2.3987  0.000e+00
