PC2305/sbe106.cnv
* Sea-Bird SBE 19plus V2 Data File:
* FileName = C:\cruise\data\sbe106.hex
* Software Version Seasave V 7.26.7.121
* Temperature SN = 7142
* Conductivity SN = 7142
* System UpLoad Time = Nov 06 2023 06:48:39
** Cruise: PC2205
** Program: ECOMON
# nquan = 8
# nvalues = 1731                                  
# units = specified
# name 0 = depSM: Depth [salt water, m], lat = 40.00
# name 1 = tv290C: Temperature [ITS-90, deg C]
# name 2 = c0S/m: Conductivity [S/m]
# name 3 = sal00: Salinity, Practical [PSU]
# name 4 = scan: Scan Count
# name 5 = timeM: Time, Elapsed [minutes]
# name 6 = sbeox0V: Oxygen raw, SBE 43 [V]
# name 7 = flag:  0.000e+00
# span 0 =     -0.059,     61.383                 
# span 1 =    10.8415,    12.6709                 
# span 2 =   0.000189,   3.760137                 
# span 3 =     0.0062,    32.4716                 
# span 4 =         11,       1741                 
# span 5 =     0.0417,     7.2500                 
# span 6 =     2.3263,     3.0314                 
# span 7 = 0.0000e+00, 0.0000e+00                 
# interval = seconds: 0.25
# start_time = Nov 06 2023 06:48:39 [System UTC, header]
# bad_flag = -9.990e-29
*END*
[from data line 1618]
      6.923    12.6474   3.758235    32.0891       1629     6.7833     2.7189  0.000e+00
      6.849    12.6463   3.757937    32.0873       1630     6.7875     2.7183  0.000e+00
      6.774    12.6441   3.758534    32.0948       1631     6.7917     2.7181  0.000e+00
      6.698    12.6451   3.758652    32.0951       1632     6.7958     2.7188  0.000e+00
      6.605    12.6466   3.758832    32.0956       1633     6.8000     2.7199  0.000e+00
      6.501    12.6493   3.759242    32.0972       1634     6.8042     2.7205  0.000e+00
      6.395    12.6525   3.759565    32.0976       1635     6.8083     2.7190  0.000e+00
      6.299    12.6565   3.759534    32.0939       1636     6.8125     2.7199  0.000e+00
      6.195    12.6600   3.759360    32.0893       1637     6.8167     2.7201  0.000e+00
      6.091    12.6608   3.759018    32.0855       1638     6.8208     2.7212  0.000e+00
      5.992    12.6590   3.758353    32.0807       1639     6.8250     2.7209  0.000e+00
      5.886    12.6548   3.758875    32.0893       1640     6.8292     2.7209  0.000e+00
      5.780    12.6526   3.757824    32.0812       1641     6.8333     2.7204  0.000e+00
      5.674    12.6493   3.757961    32.0854       1642     6.8375     2.7214  0.000e+00
      5.563    12.6456   3.757843    32.0875       1643     6.8417     2.7219  0.000e+00
      5.460    12.6434   3.757986    32.0907       1644     6.8458     2.7205  0.000e+00
      5.360    12.6428   3.758067    32.0921       1645     6.8500     2.7209  0.000e+00
      5.279    12.6427   3.758303    32.0944       1646     6.8542     2.7207  0.000e+00
      5.201    12.6439   3.758576    32.0960       1647     6.8583     2.7206  0.000e+00
      5.144    12.6464   3.758023    32.0887       1648     6.8625     2.7202  0.000e+00
      5.085    12.6458   3.758191    32.0908       1649     6.8667     2.7201  0.000e+00
      5.045    12.6451   3.758222    32.0917       1650     6.8708     2.7196  0.000e+00
      5.006    12.6454   3.758533    32.0944       1651     6.8750     2.7196  0.000e+00
      4.977    12.6469   3.758738    32.0951       1652     6.8792     2.7196  0.000e+00
      4.944    12.6493   3.758508    32.0909       1653     6.8833     2.7199  0.000e+00
      4.916    12.6499   3.758788    32.0930       1654     6.8875     2.7221  0.000e+00
      4.885    12.6509   3.759173    32.0959       1655     6.8917     2.7217  0.000e+00
      4.860    12.6533   3.759229    32.0943       1656     6.8958     2.7227  0.000e+00
      4.842    12.6559   3.759086    32.0908       1657     6.9000     2.7231  0.000e+00
      4.833    12.6568   3.759360    32.0926       1658     6.9042     2.7212  0.000e+00
      4.837    12.6580   3.759161    32.0897       1659     6.9083     2.7202  0.000e+00
      4.840    12.6584   3.759086    32.0887       1660     6.9125     2.7188  0.000e+00
      4.844    12.6578   3.759820    32.0961       1661     6.9167     2.7176  0.000e+00
      4.838    12.6605   3.759975    32.0954       1662     6.9208     2.7167  0.000e+00
      4.838    12.6642   3.760050    32.0929       1663     6.9250     2.7168  0.000e+00
      4.817    12.6670   3.760118    32.0911       1664     6.9292     2.7173  0.000e+00
      4.784    12.6688   3.760106    32.0895       1665     6.9333     2.7168  0.000e+00
      4.731    12.6700   3.760000    32.0875       1666     6.9375     2.7181  0.000e+00
      4.664    12.6703   3.760000    32.0873       1667     6.9417     2.7190  0.000e+00
      4.587    12.6700   3.760037    32.0879       1668     6.9458     2.7201  0.000e+00
      4.506    12.6701   3.760137    32.0888       1669     6.9500     2.7215  0.000e+00
      4.411    12.6703   3.759981    32.0872       1670     6.9542     2.7216  0.000e+00
      4.321    12.6700   3.759882    32.0865       1671     6.9583     2.7212  0.000e+00
      4.231    12.6689   3.759931    32.0880       1672     6.9625     2.7229  0.000e+00
      4.141    12.6682   3.759906    32.0884       1673     6.9667     2.7231  0.000e+00
      4.046    12.6683   3.759906    32.0883       1674     6.9708     2.7246  0.000e+00
      3.947    12.6682   3.759838    32.0878       1675     6.9750     2.7242  0.000e+00
      3.837    12.6682   3.759931    32.0887       1676     6.9792     2.7252  0.000e+00
      3.708    12.6685   3.759993    32.0891       1677     6.9833     2.7260  0.000e+00
      3.579    12.6690   3.760024    32.0890       1678     6.9875     2.7254  0.000e+00
      3.451    12.6695   3.760068    32.0891       1679     6.9917     2.7250  0.000e+00
      3.350    12.6699   3.760105    32.0892       1680     6.9958     2.7254  0.000e+00
      3.268    12.6705   3.760093    32.0885       1681     7.0000     2.7259  0.000e+00
      3.205    12.6709   3.760024    32.0876       1682     7.0042     2.7270  0.000e+00
      3.151    12.6707   3.760018    32.0877       1683     7.0083     2.7281  0.000e+00
      3.099    12.6704   3.759794    32.0859       1684     7.0125     2.7276  0.000e+00
      3.034    12.6693   3.759608    32.0851       1685     7.0167     2.7279  0.000e+00
      2.961    12.6680   3.759533    32.0855       1686     7.0208     2.7283  0.000e+00
      2.885    12.6664   3.759539    32.0870       1687     7.0250     2.7273  0.000e+00
      2.797    12.6656   3.759496    32.0872       1688     7.0292     2.7278  0.000e+00
      2.725    12.6652   3.759533    32.0880       1689     7.0333     2.7280  0.000e+00
      2.668    12.6648   3.759589    32.0889       1690     7.0375     2.7270  0.000e+00
      2.634    12.6648   3.759620    32.0892       1691     7.0417     2.7267  0.000e+00
      2.603    12.6653   3.759564    32.0883       1692     7.0458     2.7267  0.000e+00
      2.590    12.6655   3.759632    32.0888       1693     7.0500     2.7251  0.000e+00
      2.589    12.6656   3.759576    32.0881       1694     7.0542     2.7254  0.000e+00
      2.583    12.6658   3.759682    32.0889       1695     7.0583     2.7225  0.000e+00
      2.558    12.6660   3.759769    32.0896       1696     7.0625     2.7231  0.000e+00
      2.526    12.6665   3.759707    32.0886       1697     7.0667     2.7215  0.000e+00
      2.484    12.6669   3.759682    32.0880       1698     7.0708     2.7204  0.000e+00
      2.438    12.6669   3.759632    32.0876       1699     7.0750     2.7204  0.000e+00
      2.380    12.6665   3.759620    32.0878       1700     7.0792     2.7213  0.000e+00
      2.323    12.6663   3.759632    32.0882       1701     7.0833     2.7238  0.000e+00
      2.271    12.6662   3.759520    32.0872       1702     7.0875     2.7247  0.000e+00
      2.224    12.6659   3.759272    32.0851       1703     7.0917     2.7252  0.000e+00
      2.188    12.6646   3.758967    32.0833       1704     7.0958     2.7252  0.000e+00
      2.148    12.6625   3.758967    32.0852       1705     7.1000     2.7246  0.000e+00
      2.102    12.6606   3.758917    32.0863       1706     7.1042     2.7247  0.000e+00
      2.035    12.6594   3.759427    32.0922       1707     7.1083     2.7246  0.000e+00
      1.958    12.6603   3.758830    32.0858       1708     7.1125     2.7244  0.000e+00
      1.857    12.6603   3.758768    32.0853       1709     7.1167     2.7247  0.000e+00
      1.724    12.6586   3.758805    32.0871       1710     7.1208     2.7252  0.000e+00
      1.566    12.6577   3.759060    32.0904       1711     7.1250     2.7254  0.000e+00
      1.422    12.6581   3.759010    32.0896       1712     7.1292     2.7267  0.000e+00
      1.341    12.6588   3.759222    32.0910       1713     7.1333     2.7284  0.000e+00
      1.309    12.6599   3.758991    32.0879       1714     7.1375     2.7272  0.000e+00
      1.309    12.6601   3.759029    32.0881       1715     7.1417     2.7272  0.000e+00
      1.320    12.6598   3.759265    32.0906       1716     7.1458     2.7261  0.000e+00
      1.340    12.6606   3.759333    32.0906       1717     7.1500     2.7263  0.000e+00
      1.359    12.6617   3.759333    32.0896       1718     7.1542     2.7266  0.000e+00
      1.374    12.6623   3.759383    32.0896       1719     7.1583     2.7257  0.000e+00
      1.376    12.6630   3.759402    32.0891       1720     7.1625     2.7271  0.000e+00
      1.338    12.6634   3.759377    32.0886       1721     7.1667     2.7260  0.000e+00
      1.252    12.6636   3.759470    32.0893       1722     7.1708     2.7270  0.000e+00
      1.165    12.6639   3.759452    32.0889       1723     7.1750     2.7275  0.000e+00
      1.083    12.6643   3.759315    32.0873       1724     7.1792     2.7292  0.000e+00
      1.023    12.6640   3.759607    32.0904       1725     7.1833     2.7293  0.000e+00
      0.955    12.6643   3.759588    32.0900       1726     7.1875     2.7298  0.000e+00
      0.871    12.6653   3.759514    32.0885       1727     7.1917     2.7306  0.000e+00
      0.765    12.6652   3.759402    32.0875       1728     7.1958     2.7302  0.000e+00
      0.650    12.6648   3.759315    32.0871       1729     7.2000     2.7299  0.000e+00
      0.553    12.6643   3.759184    32.0863       1730     7.2042     2.7301  0.000e+00
      0.499    12.6635   3.759196    32.0872       1731     7.2083     2.7295  0.000e+00
      0.473    12.6626   3.759060    32.0866       1732     7.2125     2.7302  0.000e+00
      0.439    12.6620   3.759203    32.0885       1733     7.2167     2.7295  0.000e+00
      0.393    12.6618   3.759171    32.0884       1734     7.2208     2.7284  0.000e+00
      0.274    12.6619   3.759246    32.0891       1735     7.2250     2.7276  0.000e+00
      0.132    12.6620   3.758599    32.0829       1736     7.2292     2.7263  0.000e+00
      0.134    12.6605   3.758121    32.0796       1737     7.2333     2.7258  0.000e+00
      0.100    12.6566   3.758326    32.0849       1738     7.2375     2.7264  0.000e+00
     -0.003    12.6541   3.757891    32.0829       1739     7.2417     2.7267  0.000e+00
     -0.039    12.6518   1.266219     9.7560       1740     7.2458     2.7263  0.000e+00
     -0.035    12.6419   2.150005    17.3493       1741     7.2500     2.7260  0.000e+00
