PC2305/sbe158.cnv
* Sea-Bird SBE 19plus V2 Data File:
* FileName = C:\cruise\data\sbe158.hex
* Software Version Seasave V 7.26.7.121
* Temperature SN = 7142
* Conductivity SN = 7142
* System UpLoad Time = Nov 12 2023 07:44:29
** Cruise: PC2205
** Program: ECOMON
# nquan = 8
# nvalues = 5264                                  
# units = specified
# name 0 = depSM: Depth [salt water, m], lat = 40.00
# name 1 = tv290C: Temperature [ITS-90, deg C]
# name 2 = c0S/m: Conductivity [S/m]
# name 3 = sal00: Salinity, Practical [PSU]
# name 4 = scan: Scan Count
# name 5 = timeM: Time, Elapsed [minutes]
# name 6 = sbeox0V: Oxygen raw, SBE 43 [V]
# name 7 = flag:  0.000e+00
# span 0 =      0.058,    201.411                 
# span 1 =     4.9574,    10.9737                 
# span 2 =   0.000239,   3.685401                 
# span 3 =     0.0030,    34.8464                 
# span 4 =         11,       5274                 
# span 5 =     0.0417,    21.9708                 
# span 6 =     1.5867,     2.7614                 
# span 7 = 0.0000e+00, 0.0000e+00                 
# interval = seconds: 0.25
# start_time = Nov 12 2023 07:44:29 [System UTC, header]
# bad_flag = -9.990e-29
*END*
[from data line 3956]
     78.151     8.7210   3.506689    33.0503       3967    16.5250     2.0122  0.000e+00
     78.101     8.7210   3.506786    33.0513       3968    16.5292     2.0108  0.000e+00
     78.025     8.7211   3.506858    33.0520       3969    16.5333     2.0111  0.000e+00
     77.941     8.7209   3.506919    33.0529       3970    16.5375     2.0156  0.000e+00
     77.844     8.7206   3.506961    33.0536       3971    16.5417     2.0226  0.000e+00
     77.752     8.7210   3.506961    33.0533       3972    16.5458     2.0291  0.000e+00
     77.653     8.7220   3.506985    33.0527       3973    16.5500     2.0361  0.000e+00
     77.560     8.7228   3.506943    33.0515       3974    16.5542     2.0419  0.000e+00
     77.482     8.7236   3.506810    33.0494       3975    16.5583     2.0471  0.000e+00
     77.411     8.7240   3.506647    33.0474       3976    16.5625     2.0519  0.000e+00
     77.344     8.7241   3.506501    33.0458       3977    16.5667     2.0573  0.000e+00
     77.287     8.7239   3.506453    33.0455       3978    16.5708     2.0591  0.000e+00
     77.231     8.7235   3.506392    33.0453       3979    16.5750     2.0629  0.000e+00
     77.180     8.7238   3.506477    33.0459       3980    16.5792     2.0657  0.000e+00
     77.135     8.7246   3.506374    33.0441       3981    16.5833     2.0681  0.000e+00
     77.096     8.7258   3.505921    33.0382       3982    16.5875     2.0679  0.000e+00
     77.062     8.7272   3.505697    33.0346       3983    16.5917     2.0684  0.000e+00
     77.033     8.7283   3.505104    33.0274       3984    16.5958     2.0704  0.000e+00
     77.013     8.7292   3.504814    33.0235       3985    16.6000     2.0703  0.000e+00
     76.992     8.7302   3.504724    33.0216       3986    16.6042     2.0705  0.000e+00
     76.976     8.7308   3.504790    33.0218       3987    16.6083     2.0703  0.000e+00
     76.968     8.7311   3.504639    33.0199       3988    16.6125     2.0711  0.000e+00
     76.958     8.7320   3.504590    33.0185       3989    16.6167     2.0702  0.000e+00
     76.945     8.7327   3.504578    33.0178       3990    16.6208     2.0689  0.000e+00
     76.932     8.7337   3.504512    33.0161       3991    16.6250     2.0683  0.000e+00
     76.907     8.7346   3.504590    33.0162       3992    16.6292     2.0671  0.000e+00
     76.869     8.7346   3.504663    33.0170       3993    16.6333     2.0665  0.000e+00
     76.825     8.7344   3.504554    33.0160       3994    16.6375     2.0651  0.000e+00
     76.758     8.7360   3.504300    33.0119       3995    16.6417     2.0653  0.000e+00
     76.679     8.7405   3.504282    33.0076       3996    16.6458     2.0675  0.000e+00
     76.589     8.7460   3.504282    33.0025       3997    16.6500     2.0676  0.000e+00
     76.492     8.7502   3.504300    32.9988       3998    16.6542     2.0686  0.000e+00
     76.384     8.7542   3.504391    32.9960       3999    16.6583     2.0706  0.000e+00
     76.274     8.7586   3.504384    32.9920       4000    16.6625     2.0729  0.000e+00
     76.152     8.7626   3.504342    32.9878       4001    16.6667     2.0739  0.000e+00
     76.044     8.7662   3.504257    32.9836       4002    16.6708     2.0743  0.000e+00
     75.940     8.7703   3.504281    32.9801       4003    16.6750     2.0761  0.000e+00
     75.857     8.7742   3.504257    32.9763       4004    16.6792     2.0786  0.000e+00
     75.773     8.7771   3.504257    32.9737       4005    16.6833     2.0800  0.000e+00
     75.704     8.7798   3.504281    32.9714       4006    16.6875     2.0803  0.000e+00
     75.651     8.7827   3.504281    32.9687       4007    16.6917     2.0815  0.000e+00
     75.609     8.7856   3.504323    32.9665       4008    16.6958     2.0825  0.000e+00
     75.588     8.7878   3.504323    32.9645       4009    16.7000     2.0822  0.000e+00
     75.584     8.7899   3.504341    32.9627       4010    16.7042     2.0818  0.000e+00
     75.593     8.7917   3.504323    32.9609       4011    16.7083     2.0813  0.000e+00
     75.598     8.7927   3.504281    32.9595       4012    16.7125     2.0789  0.000e+00
     75.611     8.7932   3.504190    32.9581       4013    16.7167     2.0753  0.000e+00
     75.627     8.7934   3.504172    32.9577       4014    16.7208     2.0723  0.000e+00
     75.642     8.7936   3.504239    32.9582       4015    16.7250     2.0677  0.000e+00
     75.654     8.7932   3.504281    32.9590       4016    16.7292     2.0642  0.000e+00
     75.654     8.7927   3.504257    32.9592       4017    16.7333     2.0583  0.000e+00
     75.654     8.7918   3.504257    32.9600       4018    16.7375     2.0544  0.000e+00
     75.636     8.7900   3.504299    32.9621       4019    16.7417     2.0474  0.000e+00
     75.609     8.7878   3.504384    32.9651       4020    16.7458     2.0454  0.000e+00
     75.573     8.7875   3.504468    32.9662       4021    16.7500     2.0443  0.000e+00
     75.528     8.7884   3.504535    32.9661       4022    16.7542     2.0447  0.000e+00
     75.473     8.7894   3.504656    32.9665       4023    16.7583     2.0468  0.000e+00
     75.406     8.7906   3.504662    32.9655       4024    16.7625     2.0517  0.000e+00
     75.334     8.7920   3.504873    32.9665       4025    16.7667     2.0555  0.000e+00
     75.253     8.7942   3.505055    32.9663       4026    16.7708     2.0587  0.000e+00
     75.165     8.7971   3.505163    32.9647       4027    16.7750     2.0606  0.000e+00
     75.065     8.8006   3.505272    32.9627       4028    16.7792     2.0648  0.000e+00
     74.966     8.8043   3.505333    32.9599       4029    16.7833     2.0663  0.000e+00
     74.872     8.8086   3.505145    32.9540       4030    16.7875     2.0670  0.000e+00
     74.786     8.8130   3.504722    32.9456       4031    16.7917     2.0705  0.000e+00
     74.703     8.8168   3.504510    32.9399       4032    16.7958     2.0727  0.000e+00
     74.631     8.8197   3.504256    32.9346       4033    16.8000     2.0736  0.000e+00
     74.572     8.8217   3.503960    32.9296       4034    16.8042     2.0736  0.000e+00
     74.522     8.8232   3.503543    32.9239       4035    16.8083     2.0754  0.000e+00
     74.496     8.8245   3.503216    32.9193       4036    16.8125     2.0757  0.000e+00
     74.480     8.8253   3.503053    32.9169       4037    16.8167     2.0771  0.000e+00
     74.466     8.8260   3.502884    32.9144       4038    16.8208     2.0774  0.000e+00
     74.486     8.8263   3.502696    32.9122       4039    16.8250     2.0764  0.000e+00
     74.525     8.8265   3.502461    32.9096       4040    16.8292     2.0744  0.000e+00
     74.577     8.8265   3.502171    32.9065       4041    16.8333     2.0724  0.000e+00
     74.638     8.8265   3.502020    32.9049       4042    16.8375     2.0674  0.000e+00
     74.696     8.8263   3.502104    32.9059       4043    16.8417     2.0628  0.000e+00
     74.761     8.8266   3.502147    32.9060       4044    16.8458     2.0575  0.000e+00
     74.816     8.8270   3.502255    32.9068       4045    16.8500     2.0506  0.000e+00
     74.860     8.8266   3.502443    32.9091       4046    16.8542     2.0420  0.000e+00
     74.888     8.8258   3.502969    32.9153       4047    16.8583     2.0354  0.000e+00
     74.899     8.8253   3.503712    32.9236       4048    16.8625     2.0279  0.000e+00
     74.878     8.8250   3.504069    32.9276       4049    16.8667     2.0189  0.000e+00
     74.829     8.8245   3.504280    32.9303       4050    16.8708     2.0111  0.000e+00
     74.748     8.8242   3.504087    32.9286       4051    16.8750     2.0053  0.000e+00
     74.642     8.8242   3.503833    32.9260       4052    16.8792     2.0052  0.000e+00
     74.513     8.8246   3.503482    32.9220       4053    16.8833     2.0099  0.000e+00
     74.380     8.8253   3.503138    32.9178       4054    16.8875     2.0172  0.000e+00
     74.236     8.8264   3.502636    32.9116       4055    16.8917     2.0251  0.000e+00
     74.101     8.8279   3.502316    32.9069       4056    16.8958     2.0342  0.000e+00
     73.979     8.8295   3.502152    32.9038       4057    16.9000     2.0435  0.000e+00
     73.878     8.8309   3.501892    32.8998       4058    16.9042     2.0524  0.000e+00
     73.797     8.8322   3.501705    32.8967       4059    16.9083     2.0587  0.000e+00
     73.745     8.8335   3.501572    32.8942       4060    16.9125     2.0641  0.000e+00
     73.720     8.8341   3.501451    32.8923       4061    16.9167     2.0690  0.000e+00
     73.722     8.8346   3.501324    32.8905       4062    16.9208     2.0727  0.000e+00
     73.761     8.8349   3.501113    32.8881       4063    16.9250     2.0745  0.000e+00
     73.806     8.8350   3.500925    32.8860       4064    16.9292     2.0744  0.000e+00
     73.869     8.8349   3.500756    32.8842       4065    16.9333     2.0719  0.000e+00
     73.939     8.8346   3.500732    32.8842       4066    16.9375     2.0677  0.000e+00
     74.015     8.8347   3.500841    32.8853       4067    16.9417     2.0604  0.000e+00
     74.088     8.8349   3.500847    32.8851       4068    16.9458     2.0532  0.000e+00
     74.153     8.8348   3.500841    32.8851       4069    16.9500     2.0448  0.000e+00
     74.214     8.8343   3.500883    32.8860       4070    16.9542     2.0351  0.000e+00
     74.257     8.8337   3.501052    32.8883       4071    16.9583     2.0254  0.000e+00
     74.286     8.8330   3.501355    32.8921       4072    16.9625     2.0156  0.000e+00
     74.288     8.8325   3.501620    32.8954       4073    16.9667     2.0047  0.000e+00
     74.277     8.8321   3.501790    32.8975       4074    16.9708     1.9936  0.000e+00
     74.237     8.8318   3.501862    32.8985       4075    16.9750     1.9843  0.000e+00
     74.182     8.8317   3.501832    32.8983       4076    16.9792     1.9797  0.000e+00
     74.110     8.8321   3.501765    32.8973       4077    16.9833     1.9794  0.000e+00
     74.018     8.8327   3.501771    32.8969       4078    16.9875     1.9846  0.000e+00
     73.914     8.8334   3.501747    32.8960       4079    16.9917     1.9934  0.000e+00
     73.810     8.8339   3.501663    32.8947       4080    16.9958     2.0036  0.000e+00
     73.695     8.8343   3.501560    32.8933       4081    17.0000     2.0146  0.000e+00
     73.576     8.8351   3.501445    32.8914       4082    17.0042     2.0245  0.000e+00
     73.465     8.8362   3.501366    32.8896       4083    17.0083     2.0355  0.000e+00
     73.362     8.8371   3.501324    32.8884       4084    17.0125     2.0441  0.000e+00
     73.272     8.8380   3.501245    32.8868       4085    17.0167     2.0532  0.000e+00
     73.200     8.8385   3.501179    32.8856       4086    17.0208     2.0599  0.000e+00
     73.141     8.8391   3.501070    32.8840       4087    17.0250     2.0650  0.000e+00
     73.121     8.8392   3.500979    32.8830       4088    17.0292     2.0686  0.000e+00
     73.118     8.8392   3.500883    32.8819       4089    17.0333     2.0725  0.000e+00
     73.130     8.8394   3.500756    32.8805       4090    17.0375     2.0726  0.000e+00
     73.175     8.8394   3.500611    32.8789       4091    17.0417     2.0726  0.000e+00
     73.238     8.8389   3.500448    32.8776       4092    17.0458     2.0718  0.000e+00
     73.317     8.8388   3.500357    32.8767       4093    17.0500     2.0679  0.000e+00
     73.387     8.8390   3.500544    32.8785       4094    17.0542     2.0639  0.000e+00
     73.472     8.8390   3.500599    32.8790       4095    17.0583     2.0579  0.000e+00
     73.542     8.8390   3.500689    32.8799       4096    17.0625     2.0493  0.000e+00
     73.588     8.8388   3.500714    32.8803       4097    17.0667     2.0414  0.000e+00
     73.624     8.8387   3.500798    32.8813       4098    17.0708     2.0328  0.000e+00
     73.644     8.8385   3.500943    32.8830       4099    17.0750     2.0236  0.000e+00
     73.630     8.8383   3.501028    32.8840       4100    17.0792     2.0122  0.000e+00
     73.579     8.8382   3.501113    32.8850       4101    17.0833     2.0032  0.000e+00
     73.502     8.8382   3.501179    32.8858       4102    17.0875     1.9958  0.000e+00
     73.412     8.8380   3.501155    32.8857       4103    17.0917     1.9931  0.000e+00
     73.297     8.8379   3.501112    32.8855       4104    17.0958     1.9978  0.000e+00
     73.171     8.8384   3.501088    32.8848       4105    17.1000     2.0037  0.000e+00
     73.047     8.8390   3.501112    32.8846       4106    17.1042     2.0119  0.000e+00
     72.916     8.8393   3.501112    32.8843       4107    17.1083     2.0218  0.000e+00
     72.801     8.8397   3.501112    32.8840       4108    17.1125     2.0303  0.000e+00
     72.706     8.8401   3.501070    32.8832       4109    17.1167     2.0396  0.000e+00
     72.630     8.8404   3.501070    32.8830       4110    17.1208     2.0477  0.000e+00
     72.580     8.8407   3.501070    32.8827       4111    17.1250     2.0538  0.000e+00
     72.566     8.8412   3.501021    32.8818       4112    17.1292     2.0597  0.000e+00
     72.582     8.8416   3.500901    32.8801       4113    17.1333     2.0635  0.000e+00
     72.628     8.8416   3.500774    32.8788       4114    17.1375     2.0650  0.000e+00
     72.691     8.8416   3.500665    32.8777       4115    17.1417     2.0640  0.000e+00
     72.760     8.8418   3.500544    32.8761       4116    17.1458     2.0596  0.000e+00
     72.832     8.8418   3.500731    32.8781       4117    17.1500     2.0535  0.000e+00
     72.902     8.8417   3.500846    32.8794       4118    17.1542     2.0457  0.000e+00
     72.966     8.8417   3.500883    32.8797       4119    17.1583     2.0370  0.000e+00
     73.011     8.8418   3.500901    32.8798       4120    17.1625     2.0255  0.000e+00
     73.047     8.8412   3.500925    32.8806       4121    17.1667     2.0153  0.000e+00
     73.058     8.8405   3.500979    32.8818       4122    17.1708     2.0052  0.000e+00
     73.042     8.8402   3.501094    32.8833       4123    17.1750     1.9938  0.000e+00
     73.006     8.8402   3.501155    32.8839       4124    17.1792     1.9838  0.000e+00
     72.950     8.8403   3.501288    32.8852       4125    17.1833     1.9755  0.000e+00
     72.875     8.8406   3.501306    32.8852       4126    17.1875     1.9731  0.000e+00
     72.788     8.8409   3.501239    32.8843       4127    17.1917     1.9749  0.000e+00
     72.695     8.8412   3.501263    32.8843       4128    17.1958     1.9823  0.000e+00
     72.593     8.8414   3.501239    32.8839       4129    17.2000     1.9909  0.000e+00
     72.488     8.8414   3.501239    32.8839       4130    17.2042     2.0013  0.000e+00
     72.377     8.8418   3.501221    32.8834       4131    17.2083     2.0126  0.000e+00
     72.265     8.8419   3.501239    32.8836       4132    17.2125     2.0233  0.000e+00
     72.168     8.8421   3.501348    32.8845       4133    17.2167     2.0313  0.000e+00
     72.084     8.8430   3.501493    32.8852       4134    17.2208     2.0407  0.000e+00
     72.008     8.8443   3.501529    32.8845       4135    17.2250     2.0475  0.000e+00
     71.954     8.8454   3.501595    32.8842       4136    17.2292     2.0535  0.000e+00
     71.922     8.8466   3.501722    32.8844       4137    17.2333     2.0574  0.000e+00
     71.918     8.8475   3.501638    32.8827       4138    17.2375     2.0606  0.000e+00
     71.933     8.8479   3.501535    32.8812       4139    17.2417     2.0626  0.000e+00
     71.967     8.8480   3.501366    32.8793       4140    17.2458     2.0629  0.000e+00
     72.021     8.8481   3.501178    32.8773       4141    17.2500     2.0609  0.000e+00
     72.082     8.8482   3.501154    32.8769       4142    17.2542     2.0572  0.000e+00
     72.159     8.8482   3.501136    32.8767       4143    17.2583     2.0536  0.000e+00
     72.235     8.8485   3.501305    32.8782       4144    17.2625     2.0462  0.000e+00
