PC2305/sbe142.cnv
* Sea-Bird SBE 19plus V2 Data File:
* FileName = C:\cruise\data\sbe142.hex
* Software Version Seasave V 7.26.7.121
* Temperature SN = 7142
* Conductivity SN = 7142
* System UpLoad Time = Nov 10 2023 12:29:39
** Cruise: PC2205
** Program: ECOMON
# nquan = 8
# nvalues = 2372                                  
# units = specified
# name 0 = depSM: Depth [salt water, m], lat = 40.00
# name 1 = tv290C: Temperature [ITS-90, deg C]
# name 2 = c0S/m: Conductivity [S/m]
# name 3 = sal00: Salinity, Practical [PSU]
# name 4 = scan: Scan Count
# name 5 = timeM: Time, Elapsed [minutes]
# name 6 = sbeox0V: Oxygen raw, SBE 43 [V]
# name 7 = flag:  0.000e+00
# span 0 =     -0.118,     99.592                 
# span 1 =     8.2049,     9.9689                 
# span 2 =   0.000180,   3.607545                 
# span 3 =     0.0046,    32.9771                 
# span 4 =         11,       2382                 
# span 5 =     0.0417,     9.9208                 
# span 6 =     1.7186,     2.9763                 
# span 7 = 0.0000e+00, 0.0000e+00                 
# interval = seconds: 0.25
# start_time = Nov 10 2023 12:29:39 [System UTC, header]
# bad_flag = -9.990e-29
*END*
[from data line 2158]
     12.180     9.7430   3.511561    32.1963       2169     9.0333     2.6008  0.000e+00
     12.119     9.7421   3.511434    32.1958       2170     9.0375     2.6015  0.000e+00
     12.062     9.7413   3.511282    32.1951       2171     9.0417     2.6005  0.000e+00
     12.000     9.7400   3.510883    32.1921       2172     9.0458     2.6005  0.000e+00
     11.941     9.7389   3.511155    32.1960       2173     9.0500     2.6001  0.000e+00
     11.878     9.7388   3.511391    32.1985       2174     9.0542     2.5988  0.000e+00
     11.814     9.7392   3.511409    32.1983       2175     9.0583     2.5998  0.000e+00
     11.751     9.7401   3.511549    32.1990       2176     9.0625     2.6000  0.000e+00
     11.682     9.7402   3.510822    32.1915       2177     9.0667     2.6009  0.000e+00
     11.623     9.7388   3.511095    32.1956       2178     9.0708     2.6018  0.000e+00
     11.557     9.7390   3.511149    32.1960       2179     9.0750     2.6053  0.000e+00
     11.492     9.7387   3.511198    32.1968       2180     9.0792     2.6075  0.000e+00
     11.425     9.7395   3.511579    32.2000       2181     9.0833     2.6089  0.000e+00
     11.363     9.7415   3.511875    32.2012       2182     9.0875     2.6097  0.000e+00
     11.298     9.7437   3.512256    32.2031       2183     9.0917     2.6107  0.000e+00
     11.237     9.7479   3.513781    32.2149       2184     9.0958     2.6104  0.000e+00
     11.168     9.7551   3.514289    32.2137       2185     9.1000     2.6101  0.000e+00
     11.107     9.7619   3.514483    32.2096       2186     9.1042     2.6099  0.000e+00
     11.041     9.7652   3.513412    32.1958       2187     9.1083     2.6076  0.000e+00
     10.982     9.7629   3.512807    32.1917       2188     9.1125     2.6075  0.000e+00
     10.924     9.7627   3.515010    32.2144       2189     9.1167     2.6056  0.000e+00
     10.861     9.7702   3.516553    32.2233       2190     9.1208     2.6043  0.000e+00
     10.807     9.7805   3.517237    32.2211       2191     9.1250     2.6038  0.000e+00
     10.755     9.7890   3.517788    32.2192       2192     9.1292     2.6022  0.000e+00
     10.698     9.7959   3.518084    32.2160       2193     9.1333     2.6019  0.000e+00
     10.642     9.8004   3.517975    32.2109       2194     9.1375     2.6009  0.000e+00
     10.597     9.8029   3.518145    32.2105       2195     9.1417     2.5998  0.000e+00
     10.538     9.8047   3.518000    32.2074       2196     9.1458     2.6002  0.000e+00
     10.480     9.8056   3.518042    32.2070       2197     9.1500     2.5995  0.000e+00
     10.430     9.8044   3.516171    32.1891       2198     9.1542     2.5972  0.000e+00
     10.374     9.7963   3.514440    32.1787       2199     9.1583     2.5960  0.000e+00
     10.324     9.7876   3.515626    32.1986       2200     9.1625     2.5940  0.000e+00
     10.263     9.7862   3.516789    32.2117       2201     9.1667     2.5913  0.000e+00
     10.207     9.7888   3.516771    32.2092       2202     9.1708     2.5886  0.000e+00
     10.144     9.7901   3.516389    32.2042       2203     9.1750     2.5865  0.000e+00
     10.079     9.7900   3.515965    32.2000       2204     9.1792     2.5847  0.000e+00
     10.013     9.7880   3.515160    32.1936       2205     9.1833     2.5833  0.000e+00
      9.941     9.7840   3.514567    32.1912       2206     9.1875     2.5829  0.000e+00
      9.875     9.7791   3.514458    32.1945       2207     9.1917     2.5834  0.000e+00
      9.803     9.7743   3.513569    32.1898       2208     9.1958     2.5827  0.000e+00
      9.729     9.7676   3.512413    32.1840       2209     9.2000     2.5836  0.000e+00
      9.661     9.7546   3.509212    32.1631       2210     9.2042     2.5840  0.000e+00
      9.596     9.7361   3.507265    32.1599       2211     9.2083     2.5859  0.000e+00
      9.535     9.7196   3.506443    32.1662       2212     9.2125     2.5870  0.000e+00
      9.476     9.7075   3.506419    32.1768       2213     9.2167     2.5879  0.000e+00
      9.425     9.6993   3.505790    32.1778       2214     9.2208     2.5888  0.000e+00
      9.375     9.6915   3.505028    32.1771       2215     9.2250     2.5878  0.000e+00
      9.328     9.6850   3.504557    32.1781       2216     9.2292     2.5863  0.000e+00
      9.283     9.6793   3.504309    32.1807       2217     9.2333     2.5834  0.000e+00
      9.235     9.6748   3.504164    32.1832       2218     9.2375     2.5792  0.000e+00
      9.185     9.6725   3.504267    32.1863       2219     9.2417     2.5750  0.000e+00
      9.141     9.6716   3.504533    32.1899       2220     9.2458     2.5711  0.000e+00
      9.086     9.6744   3.505536    32.1977       2221     9.2500     2.5649  0.000e+00
      9.037     9.6794   3.506105    32.1990       2222     9.2542     2.5607  0.000e+00
      8.974     9.6837   3.506219    32.1964       2223     9.2583     2.5560  0.000e+00
      8.913     9.6866   3.506044    32.1920       2224     9.2625     2.5524  0.000e+00
      8.845     9.6875   3.505451    32.1851       2225     9.2667     2.5485  0.000e+00
      8.773     9.6858   3.505052    32.1827       2226     9.2708     2.5476  0.000e+00
      8.706     9.6839   3.505330    32.1872       2227     9.2750     2.5470  0.000e+00
      8.633     9.6829   3.504986    32.1846       2228     9.2792     2.5462  0.000e+00
      8.570     9.6810   3.504714    32.1836       2229     9.2833     2.5478  0.000e+00
      8.512     9.6794   3.504714    32.1850       2230     9.2875     2.5484  0.000e+00
      8.453     9.6783   3.504629    32.1852       2231     9.2917     2.5520  0.000e+00
      8.390     9.6773   3.504647    32.1863       2232     9.2958     2.5533  0.000e+00
      8.336     9.6775   3.504956    32.1893       2233     9.3000     2.5561  0.000e+00
      8.279     9.6785   3.505342    32.1924       2234     9.3042     2.5577  0.000e+00
      8.216     9.6834   3.507797    32.2130       2235     9.3083     2.5602  0.000e+00
      8.162     9.6945   3.509273    32.2182       2236     9.3125     2.5617  0.000e+00
      8.097     9.7051   3.509279    32.2088       2237     9.3167     2.5614  0.000e+00
      8.034     9.7127   3.509001    32.1991       2238     9.3208     2.5631  0.000e+00
      7.975     9.7177   3.509569    32.2005       2239     9.3250     2.5627  0.000e+00
      7.916     9.7223   3.509860    32.1994       2240     9.3292     2.5633  0.000e+00
      7.853     9.7258   3.509890    32.1966       2241     9.3333     2.5635  0.000e+00
      7.799     9.7288   3.510162    32.1967       2242     9.3375     2.5635  0.000e+00
      7.743     9.7309   3.510289    32.1961       2243     9.3417     2.5640  0.000e+00
      7.695     9.7316   3.509811    32.1907       2244     9.3458     2.5663  0.000e+00
      7.630     9.7309   3.509738    32.1906       2245     9.3500     2.5677  0.000e+00
      7.573     9.7292   3.509315    32.1878       2246     9.3542     2.5690  0.000e+00
      7.510     9.7267   3.508873    32.1856       2247     9.3583     2.5699  0.000e+00
      7.443     9.7238   3.508637    32.1857       2248     9.3625     2.5702  0.000e+00
      7.382     9.7217   3.508873    32.1901       2249     9.3667     2.5704  0.000e+00
      7.321     9.7212   3.508934    32.1912       2250     9.3708     2.5693  0.000e+00
      7.263     9.7208   3.508861    32.1908       2251     9.3750     2.5673  0.000e+00
      7.210     9.7210   3.509085    32.1930       2252     9.3792     2.5670  0.000e+00
      7.156     9.7219   3.509272    32.1941       2253     9.3833     2.5666  0.000e+00
      7.107     9.7233   3.509569    32.1959       2254     9.3875     2.5673  0.000e+00
      7.051     9.7250   3.509678    32.1955       2255     9.3917     2.5680  0.000e+00
      6.994     9.7255   3.509103    32.1892       2256     9.3958     2.5670  0.000e+00
      6.933     9.7211   3.507603    32.1779       2257     9.4000     2.5663  0.000e+00
      6.872     9.7164   3.507881    32.1849       2258     9.4042     2.5629  0.000e+00
      6.807     9.7151   3.508305    32.1905       2259     9.4083     2.5586  0.000e+00
      6.742     9.7125   3.507137    32.1809       2260     9.4125     2.5544  0.000e+00
      6.681     9.7079   3.506442    32.1779       2261     9.4167     2.5489  0.000e+00
      6.624     9.7027   3.505976    32.1779       2262     9.4208     2.5450  0.000e+00
      6.564     9.6971   3.505511    32.1782       2263     9.4250     2.5427  0.000e+00
      6.510     9.6921   3.505197    32.1794       2264     9.4292     2.5406  0.000e+00
      6.464     9.6885   3.505130    32.1820       2265     9.4333     2.5396  0.000e+00
      6.417     9.6858   3.505154    32.1848       2266     9.4375     2.5385  0.000e+00
      6.374     9.6842   3.505197    32.1867       2267     9.4417     2.5351  0.000e+00
      6.327     9.6825   3.505088    32.1871       2268     9.4458     2.5311  0.000e+00
      6.279     9.6809   3.504846    32.1860       2269     9.4500     2.5238  0.000e+00
      6.219     9.6794   3.504586    32.1847       2270     9.4542     2.5151  0.000e+00
      6.156     9.6782   3.504519    32.1852       2271     9.4583     2.5079  0.000e+00
      6.097     9.6776   3.504465    32.1852       2272     9.4625     2.4962  0.000e+00
      6.032     9.6769   3.504374    32.1849       2273     9.4667     2.4920  0.000e+00
      5.966     9.6774   3.505027    32.1912       2274     9.4708     2.4881  0.000e+00
      5.903     9.6817   3.506043    32.1977       2275     9.4750     2.4904  0.000e+00
      5.844     9.6875   3.507476    32.2072       2276     9.4792     2.4972  0.000e+00
      5.792     9.6959   3.508958    32.2147       2277     9.4833     2.5051  0.000e+00
      5.738     9.7113   3.513864    32.2510       2278     9.4875     2.5136  0.000e+00
      5.686     9.7413   3.518041    32.2667       2279     9.4917     2.5200  0.000e+00
      5.635     9.7789   3.522244    32.2758       2280     9.4958     2.5249  0.000e+00
      5.585     9.8145   3.524685    32.2688       2281     9.5000     2.5276  0.000e+00
      5.535     9.8440   3.526684    32.2627       2282     9.5042     2.5280  0.000e+00
      5.468     9.8680   3.528054    32.2551       2283     9.5083     2.5286  0.000e+00
      5.402     9.8866   3.529042    32.2486       2284     9.5125     2.5279  0.000e+00
      5.324     9.9011   3.529872    32.2441       2285     9.5167     2.5270  0.000e+00
      5.238     9.9117   3.529514    32.2310       2286     9.5208     2.5274  0.000e+00
      5.159     9.9178   3.530042    32.2309       2287     9.5250     2.5305  0.000e+00
      5.085     9.9215   3.529641    32.2236       2288     9.5292     2.5348  0.000e+00
      5.019     9.9233   3.529744    32.2231       2289     9.5333     2.5389  0.000e+00
      4.960     9.9247   3.529896    32.2233       2290     9.5375     2.5440  0.000e+00
      4.908     9.9254   3.529854    32.2223       2291     9.5417     2.5457  0.000e+00
      4.857     9.9255   3.529708    32.2208       2292     9.5458     2.5488  0.000e+00
      4.809     9.9250   3.529532    32.2195       2293     9.5500     2.5481  0.000e+00
      4.764     9.9241   3.529429    32.2193       2294     9.5542     2.5476  0.000e+00
      4.712     9.9234   3.529362    32.2193       2295     9.5583     2.5458  0.000e+00
      4.656     9.9224   3.529508    32.2216       2296     9.5625     2.5425  0.000e+00
      4.602     9.9225   3.529957    32.2262       2297     9.5667     2.5377  0.000e+00
      4.543     9.9246   3.531042    32.2353       2298     9.5708     2.5323  0.000e+00
      4.474     9.9297   3.532236    32.2428       2299     9.5750     2.5283  0.000e+00
      4.404     9.9365   3.533049    32.2451       2300     9.5792     2.5244  0.000e+00
      4.341     9.9430   3.533237    32.2412       2301     9.5833     2.5217  0.000e+00
      4.280     9.9478   3.533346    32.2380       2302     9.5875     2.5210  0.000e+00
      4.228     9.9509   3.533091    32.2327       2303     9.5917     2.5212  0.000e+00
      4.180     9.9516   3.532727    32.2284       2304     9.5958     2.5228  0.000e+00
      4.138     9.9508   3.532454    32.2264       2305     9.6000     2.5238  0.000e+00
      4.104     9.9497   3.532194    32.2247       2306     9.6042     2.5235  0.000e+00
      4.067     9.9483   3.532091    32.2249       2307     9.6083     2.5226  0.000e+00
      4.014     9.9469   3.532006    32.2253       2308     9.6125     2.5190  0.000e+00
      3.953     9.9463   3.532151    32.2274       2309     9.6167     2.5145  0.000e+00
      3.889     9.9459   3.532503    32.2314       2310     9.6208     2.5073  0.000e+00
      3.806     9.9455   3.532473    32.2314       2311     9.6250     2.5013  0.000e+00
      3.727     9.9450   3.532388    32.2311       2312     9.6292     2.4967  0.000e+00
      3.653     9.9444   3.532618    32.2340       2313     9.6333     2.4920  0.000e+00
      3.583     9.9450   3.532879    32.2361       2314     9.6375     2.4926  0.000e+00
      3.524     9.9470   3.533218    32.2378       2315     9.6417     2.4965  0.000e+00
      3.472     9.9493   3.533388    32.2374       2316     9.6458     2.5030  0.000e+00
      3.423     9.9518   3.533491    32.2363       2317     9.6500     2.5097  0.000e+00
      3.382     9.9534   3.533449    32.2344       2318     9.6542     2.5158  0.000e+00
      3.344     9.9541   3.533309    32.2325       2319     9.6583     2.5205  0.000e+00
      3.308     9.9543   3.533067    32.2298       2320     9.6625     2.5225  0.000e+00
      3.265     9.9544   3.532897    32.2280       2321     9.6667     2.5216  0.000e+00
      3.206     9.9545   3.533176    32.2308       2322     9.6708     2.5167  0.000e+00
      3.141     9.9551   3.533394    32.2325       2323     9.6750     2.5104  0.000e+00
      3.073     9.9552   3.533667    32.2352       2324     9.6792     2.5030  0.000e+00
      2.992     9.9550   3.533625    32.2350       2325     9.6833     2.4965  0.000e+00
      2.907     9.9545   3.533473    32.2339       2326     9.6875     2.4887  0.000e+00
      2.834     9.9535   3.533346    32.2336       2327     9.6917     2.4804  0.000e+00
      2.783     9.9526   3.533261    32.2336       2328     9.6958     2.4768  0.000e+00
      2.731     9.9516   3.533133    32.2331       2329     9.7000     2.4759  0.000e+00
      2.685     9.9507   3.533024    32.2328       2330     9.7042     2.4785  0.000e+00
      2.633     9.9499   3.532921    32.2325       2331     9.7083     2.4839  0.000e+00
      2.579     9.9490   3.533018    32.2344       2332     9.7125     2.4895  0.000e+00
      2.500     9.9482   3.533066    32.2356       2333     9.7167     2.4937  0.000e+00
      2.413     9.9480   3.533109    32.2362       2334     9.7208     2.4968  0.000e+00
      2.313     9.9479   3.533303    32.2383       2335     9.7250     2.5014  0.000e+00
      2.210     9.9486   3.533491    32.2397       2336     9.7292     2.5070  0.000e+00
      2.095     9.9497   3.533552    32.2393       2337     9.7333     2.5158  0.000e+00
      1.980     9.9501   3.533448    32.2380       2338     9.7375     2.5257  0.000e+00
      1.896     9.9503   3.533321    32.2366       2339     9.7417     2.5354  0.000e+00
      1.853     9.9499   3.533260    32.2364       2340     9.7458     2.5438  0.000e+00
      1.829     9.9499   3.533236    32.2361       2341     9.7500     2.5499  0.000e+00
      1.806     9.9500   3.533109    32.2347       2342     9.7542     2.5531  0.000e+00
      1.772     9.9497   3.532939    32.2333       2343     9.7583     2.5518  0.000e+00
      1.721     9.9495   3.532793    32.2320       2344     9.7625     2.5481  0.000e+00
      1.662     9.9493   3.533109    32.2354       2345     9.7667     2.5398  0.000e+00
      1.601     9.9492   3.533103    32.2355       2346     9.7708     2.5293  0.000e+00
      1.540     9.9487   3.533133    32.2363       2347     9.7750     2.5183  0.000e+00
