PC2305/sbe146.cnv
* Sea-Bird SBE 19plus V2 Data File:
* FileName = C:\cruise\data\sbe146.hex
* Software Version Seasave V 7.26.7.121
* Temperature SN = 7142
* Conductivity SN = 7142
* System UpLoad Time = Nov 11 2023 06:12:54
** Cruise: PC2205
** Program: ECOMON
# nquan = 8
# nvalues = 2161                                  
# units = specified
# name 0 = depSM: Depth [salt water, m], lat = 40.00
# name 1 = tv290C: Temperature [ITS-90, deg C]
# name 2 = c0S/m: Conductivity [S/m]
# name 3 = sal00: Salinity, Practical [PSU]
# name 4 = scan: Scan Count
# name 5 = timeM: Time, Elapsed [minutes]
# name 6 = sbeox0V: Oxygen raw, SBE 43 [V]
# name 7 = flag:  0.000e+00
# span 0 =     -0.059,    212.944                 
# span 1 =     8.2880,    10.5373                 
# span 2 =   0.005168,   3.628553                 
# span 3 =     0.0358,    34.4073                 
# span 4 =         11,       2171                 
# span 5 =     0.0417,     9.0417                 
# span 6 =     1.7221,     2.6666                 
# span 7 = 0.0000e+00, 0.0000e+00                 
# interval = seconds: 0.25
# start_time = Nov 11 2023 06:12:54 [System UTC, header]
# bad_flag = -9.990e-29
*END*
[from data line 720]
    121.016     8.7961   3.589664    33.8289        731     3.0417     1.8929  0.000e+00
    121.219     8.7973   3.590158    33.8329        732     3.0458     1.8930  0.000e+00
    121.433     8.7998   3.590421    33.8332        733     3.0500     1.8940  0.000e+00
    121.641     8.8031   3.590641    33.8323        734     3.0542     1.8954  0.000e+00
    121.855     8.8054   3.590897    33.8327        735     3.0583     1.8966  0.000e+00
    122.066     8.8050   3.590946    33.8335        736     3.0625     1.8980  0.000e+00
    122.278     8.8031   3.590641    33.8319        737     3.0667     1.8983  0.000e+00
    122.501     8.7987   3.590684    33.8365        738     3.0708     1.9017  0.000e+00
    122.736     8.7972   3.591099    33.8422        739     3.0750     1.9019  0.000e+00
    122.984     8.7939   3.591380    33.8482        740     3.0792     1.9046  0.000e+00
    123.236     8.7868   3.591594    33.8571        741     3.0833     1.9065  0.000e+00
    123.484     8.7826   3.591490    33.8599        742     3.0875     1.9061  0.000e+00
    123.727     8.7804   3.591466    33.8616        743     3.0917     1.9057  0.000e+00
    123.975     8.7795   3.591203    33.8595        744     3.0958     1.9061  0.000e+00
    124.227     8.7790   3.591118    33.8590        745     3.1000     1.9040  0.000e+00
    124.459     8.7794   3.590965    33.8569        746     3.1042     1.9013  0.000e+00
    124.676     8.7816   3.590795    33.8530        747     3.1083     1.9011  0.000e+00
    124.876     8.7838   3.591033    33.8533        748     3.1125     1.8999  0.000e+00
    125.077     8.7851   3.591271    33.8544        749     3.1167     1.8987  0.000e+00
    125.268     8.7864   3.591442    33.8549        750     3.1208     1.8959  0.000e+00
    125.457     8.7870   3.591637    33.8562        751     3.1250     1.8941  0.000e+00
    125.637     8.7859   3.591778    33.8587        752     3.1292     1.8928  0.000e+00
    125.818     8.7845   3.591790    33.8601        753     3.1333     1.8915  0.000e+00
    126.009     8.7836   3.591595    33.8588        754     3.1375     1.8919  0.000e+00
    126.212     8.7848   3.592358    33.8655        755     3.1417     1.8902  0.000e+00
    126.428     8.7896   3.592486    33.8622        756     3.1458     1.8893  0.000e+00
    126.645     8.7935   3.592749    33.8611        757     3.1500     1.8884  0.000e+00
    126.868     8.7935   3.592901    33.8626        758     3.1542     1.8871  0.000e+00
    127.102     8.7923   3.593030    33.8651        759     3.1583     1.8863  0.000e+00
    127.354     8.7917   3.593921    33.8749        760     3.1625     1.8863  0.000e+00
    127.607     8.7889   3.594575    33.8843        761     3.1667     1.8842  0.000e+00
    127.861     8.7808   3.595271    33.8992        762     3.1708     1.8833  0.000e+00
    128.109     8.7725   3.595577    33.9102        763     3.1750     1.8818  0.000e+00
    128.355     8.7638   3.596035    33.9233        764     3.1792     1.8787  0.000e+00
    128.594     8.7590   3.596402    33.9315        765     3.1833     1.8775  0.000e+00
    128.832     8.7576   3.597037    33.9394        766     3.1875     1.8744  0.000e+00
    129.065     8.7583   3.597276    33.9412        767     3.1917     1.8747  0.000e+00
    129.281     8.7584   3.596775    33.9357        768     3.1958     1.8735  0.000e+00
    129.490     8.7583   3.595840    33.9259        769     3.2000     1.8751  0.000e+00
    129.698     8.7603   3.595688    33.9223        770     3.2042     1.8773  0.000e+00
    129.905     8.7619   3.596121    33.9253        771     3.2083     1.8804  0.000e+00
    130.119     8.7631   3.596751    33.9306        772     3.2125     1.8831  0.000e+00
    130.331     8.7653   3.597166    33.9328        773     3.2167     1.8857  0.000e+00
    130.540     8.7680   3.597997    33.9388        774     3.2208     1.8876  0.000e+00
    130.752     8.7701   3.598516    33.9421        775     3.2250     1.8901  0.000e+00
    130.968     8.7722   3.599017    33.9453        776     3.2292     1.8928  0.000e+00
    131.198     8.7742   3.599060    33.9437        777     3.2333     1.8935  0.000e+00
    131.419     8.7709   3.599170    33.9479        778     3.2375     1.8968  0.000e+00
    131.630     8.7660   3.598651    33.9471        779     3.2417     1.9006  0.000e+00
    131.831     8.7646   3.599018    33.9521        780     3.2458     1.9028  0.000e+00
    132.032     8.7667   3.599604    33.9562        781     3.2500     1.9048  0.000e+00
    132.236     8.7698   3.599452    33.9515        782     3.2542     1.9067  0.000e+00
    132.442     8.7733   3.599641    33.9501        783     3.2583     1.9080  0.000e+00
    132.642     8.7736   3.599934    33.9528        784     3.2625     1.9082  0.000e+00
    132.843     8.7716   3.600155    33.9569        785     3.2667     1.9102  0.000e+00
    133.052     8.7708   3.600436    33.9605        786     3.2708     1.9081  0.000e+00
    133.275     8.7691   3.600369    33.9614        787     3.2750     1.9091  0.000e+00
    133.509     8.7622   3.600503    33.9692        788     3.2792     1.9084  0.000e+00
    133.744     8.7552   3.600131    33.9720        789     3.2833     1.9085  0.000e+00
    133.976     8.7510   3.599850    33.9729        790     3.2875     1.9101  0.000e+00
    134.215     8.7484   3.600045    33.9773        791     3.2917     1.9098  0.000e+00
    134.454     8.7475   3.600589    33.9838        792     3.2958     1.9110  0.000e+00
    134.699     8.7455   3.600962    33.9895        793     3.3000     1.9118  0.000e+00
    134.936     8.7423   3.601005    33.9930        794     3.3042     1.9117  0.000e+00
    135.165     8.7393   3.601109    33.9968        795     3.3083     1.9129  0.000e+00
    135.386     8.7365   3.601372    34.0021        796     3.3125     1.9113  0.000e+00
    135.603     8.7356   3.601568    34.0049        797     3.3167     1.9115  0.000e+00
    135.823     8.7365   3.601617    34.0045        798     3.3208     1.9090  0.000e+00
    136.046     8.7383   3.601721    34.0037        799     3.3250     1.9080  0.000e+00
    136.267     8.7392   3.602094    34.0067        800     3.3292     1.9056  0.000e+00
    136.483     8.7402   3.602246    34.0072        801     3.3333     1.9009  0.000e+00
    136.702     8.7409   3.602228    34.0063        802     3.3375     1.9024  0.000e+00
    136.925     8.7399   3.601898    34.0037        803     3.3417     1.8974  0.000e+00
    137.168     8.7380   3.602222    34.0088        804     3.3458     1.8970  0.000e+00
    137.411     8.7358   3.602791    34.0168        805     3.3500     1.8958  0.000e+00
    137.650     8.7323   3.602834    34.0205        806     3.3542     1.8951  0.000e+00
    137.883     8.7263   3.603011    34.0280        807     3.3583     1.8935  0.000e+00
    138.115     8.7209   3.603488    34.0381        808     3.3625     1.8931  0.000e+00
    138.349     8.7184   3.603904    34.0447        809     3.3667     1.8930  0.000e+00
    138.585     8.7176   3.604038    34.0469        810     3.3708     1.8908  0.000e+00
    138.804     8.7177   3.604081    34.0471        811     3.3750     1.8922  0.000e+00
    139.016     8.7181   3.603183    34.0372        812     3.3792     1.8912  0.000e+00
    139.225     8.7200   3.602987    34.0331        813     3.3833     1.8940  0.000e+00
    139.433     8.7215   3.603360    34.0356        814     3.3875     1.8922  0.000e+00
    139.640     8.7233   3.604430    34.0449        815     3.3917     1.8924  0.000e+00
    139.847     8.7262   3.604296    34.0407        816     3.3958     1.8904  0.000e+00
    140.039     8.7285   3.604387    34.0394        817     3.4000     1.8892  0.000e+00
    140.228     8.7290   3.604516    34.0401        818     3.4042     1.8901  0.000e+00
    140.421     8.7286   3.604540    34.0406        819     3.4083     1.8892  0.000e+00
    140.617     8.7309   3.604803    34.0411        820     3.4125     1.8890  0.000e+00
    140.805     8.7329   3.605170    34.0430        821     3.4167     1.8884  0.000e+00
    140.996     8.7324   3.605390    34.0457        822     3.4208     1.8867  0.000e+00
    141.187     8.7296   3.605476    34.0492        823     3.4250     1.8875  0.000e+00
    141.385     8.7271   3.605562    34.0524        824     3.4292     1.8861  0.000e+00
    141.588     8.7257   3.605531    34.0533        825     3.4333     1.8840  0.000e+00
    141.811     8.7248   3.606045    34.0595        826     3.4375     1.8829  0.000e+00
    142.045     8.7214   3.606198    34.0642        827     3.4417     1.8810  0.000e+00
    142.273     8.7140   3.606223    34.0715        828     3.4458     1.8800  0.000e+00
    142.517     8.7087   3.605935    34.0735        829     3.4500     1.8757  0.000e+00
    142.775     8.7062   3.606198    34.0785        830     3.4542     1.8722  0.000e+00
    143.044     8.7039   3.606199    34.0806        831     3.4583     1.8680  0.000e+00
    143.321     8.7016   3.606700    34.0879        832     3.4625     1.8622  0.000e+00
    143.605     8.7011   3.607049    34.0920        833     3.4667     1.8591  0.000e+00
    143.880     8.6983   3.607226    34.0964        834     3.4708     1.8562  0.000e+00
    144.152     8.6945   3.607447    34.1023        835     3.4750     1.8559  0.000e+00
    144.425     8.6921   3.608254    34.1129        836     3.4792     1.8582  0.000e+00
    144.695     8.6892   3.608450    34.1176        837     3.4833     1.8647  0.000e+00
    144.954     8.6860   3.608468    34.1208        838     3.4875     1.8725  0.000e+00
    145.190     8.6819   3.608646    34.1266        839     3.4917     1.8817  0.000e+00
    145.403     8.6791   3.608518    34.1278        840     3.4958     1.8906  0.000e+00
    145.607     8.6788   3.607619    34.1185        841     3.5000     1.9020  0.000e+00
    145.794     8.6807   3.606940    34.1094        842     3.5042     1.9077  0.000e+00
    145.966     8.6827   3.606836    34.1063        843     3.5083     1.9146  0.000e+00
    146.125     8.6844   3.607466    34.1113        844     3.5125     1.9193  0.000e+00
    146.265     8.6843   3.608383    34.1209        845     3.5167     1.9235  0.000e+00
    146.396     8.6787   3.608622    34.1288        846     3.5208     1.9264  0.000e+00
    146.542     8.6718   3.608604    34.1352        847     3.5250     1.9271  0.000e+00
    146.686     8.6680   3.608273    34.1354        848     3.5292     1.9273  0.000e+00
    146.840     8.6654   3.608469    34.1398        849     3.5333     1.9280  0.000e+00
    146.995     8.6639   3.608775    34.1444        850     3.5375     1.9259  0.000e+00
    147.180     8.6701   3.609258    34.1434        851     3.5417     1.9220  0.000e+00
    147.378     8.6788   3.609258    34.1350        852     3.5458     1.9188  0.000e+00
    147.599     8.6855   3.609020    34.1259        853     3.5500     1.9159  0.000e+00
    147.844     8.6903   3.609069    34.1216        854     3.5542     1.9123  0.000e+00
    148.099     8.6906   3.609148    34.1221        855     3.5583     1.9056  0.000e+00
    148.372     8.6877   3.609479    34.1282        856     3.5625     1.9012  0.000e+00
    148.653     8.6829   3.609632    34.1343        857     3.5667     1.8979  0.000e+00
    148.955     8.6795   3.609455    34.1356        858     3.5708     1.8959  0.000e+00
    149.270     8.6781   3.609565    34.1379        859     3.5750     1.8933  0.000e+00
    149.581     8.6788   3.609479    34.1362        860     3.5792     1.8916  0.000e+00
    149.888     8.6785   3.609785    34.1396        861     3.5833     1.8926  0.000e+00
    150.183     8.6781   3.610006    34.1422        862     3.5875     1.8959  0.000e+00
    150.475     8.6762   3.610134    34.1452        863     3.5917     1.8995  0.000e+00
    150.753     8.6746   3.610312    34.1485        864     3.5958     1.9054  0.000e+00
    151.014     8.6740   3.610483    34.1507        865     3.6000     1.9104  0.000e+00
    151.241     8.6742   3.610312    34.1487        866     3.6042     1.9158  0.000e+00
    151.446     8.6746   3.610220    34.1472        867     3.6083     1.9202  0.000e+00
    151.634     8.6759   3.610355    34.1472        868     3.6125     1.9226  0.000e+00
    151.812     8.6769   3.610483    34.1476        869     3.6167     1.9260  0.000e+00
    151.983     8.6775   3.610618    34.1484        870     3.6208     1.9265  0.000e+00
    152.138     8.6753   3.610747    34.1518        871     3.6250     1.9279  0.000e+00
    152.291     8.6708   3.610924    34.1578        872     3.6292     1.9264  0.000e+00
    152.440     8.6688   3.610943    34.1599        873     3.6333     1.9259  0.000e+00
    152.604     8.6694   3.611077    34.1607        874     3.6375     1.9244  0.000e+00
    152.782     8.6729   3.611316    34.1597        875     3.6417     1.9254  0.000e+00
    152.963     8.6785   3.611230    34.1534        876     3.6458     1.9242  0.000e+00
    153.149     8.6788   3.611188    34.1525        877     3.6500     1.9218  0.000e+00
    153.352     8.6797   3.611077    34.1504        878     3.6542     1.9208  0.000e+00
    153.566     8.6793   3.611188    34.1519        879     3.6583     1.9195  0.000e+00
    153.794     8.6756   3.611273    34.1562        880     3.6625     1.9173  0.000e+00
    154.037     8.6704   3.611427    34.1627        881     3.6667     1.9149  0.000e+00
    154.273     8.6663   3.611708    34.1695        882     3.6708     1.9108  0.000e+00
    154.503     8.6630   3.611665    34.1721        883     3.6750     1.9071  0.000e+00
    154.731     8.6607   3.611800    34.1757        884     3.6792     1.9024  0.000e+00
    154.970     8.6603   3.611996    34.1780        885     3.6833     1.8958  0.000e+00
    155.209     8.6625   3.612167    34.1776        886     3.6875     1.8919  0.000e+00
    155.445     8.6636   3.612388    34.1787        887     3.6917     1.8886  0.000e+00
    155.661     8.6639   3.612412    34.1786        888     3.6958     1.8875  0.000e+00
    155.887     8.6629   3.612565    34.1811        889     3.7000     1.8853  0.000e+00
    156.118     8.6623   3.612804    34.1841        890     3.7042     1.8850  0.000e+00
    156.359     8.6612   3.612761    34.1845        891     3.7083     1.8852  0.000e+00
    156.601     8.6578   3.612768    34.1878        892     3.7125     1.8855  0.000e+00
    156.842     8.6551   3.612915    34.1919        893     3.7167     1.8856  0.000e+00
    157.078     8.6519   3.613111    34.1969        894     3.7208     1.8860  0.000e+00
    157.314     8.6487   3.613288    34.2017        895     3.7250     1.8855  0.000e+00
    157.562     8.6468   3.613374    34.2044        896     3.7292     1.8849  0.000e+00
    157.804     8.6443   3.613552    34.2086        897     3.7333     1.8814  0.000e+00
    158.038     8.6429   3.613680    34.2111        898     3.7375     1.8803  0.000e+00
    158.258     8.6421   3.613790    34.2129        899     3.7417     1.8775  0.000e+00
    158.479     8.6402   3.613986    34.2168        900     3.7458     1.8758  0.000e+00
    158.693     8.6378   3.614164    34.2208        901     3.7500     1.8740  0.000e+00
    158.907     8.6361   3.614317    34.2240        902     3.7542     1.8702  0.000e+00
    159.119     8.6351   3.614427    34.2261        903     3.7583     1.8683  0.000e+00
    159.315     8.6339   3.614556    34.2285        904     3.7625     1.8657  0.000e+00
    159.522     8.6321   3.614599    34.2306        905     3.7667     1.8631  0.000e+00
    159.729     8.6309   3.614581    34.2314        906     3.7708     1.8585  0.000e+00
    159.945     8.6292   3.614648    34.2337        907     3.7750     1.8543  0.000e+00
    160.168     8.6280   3.614844    34.2368        908     3.7792     1.8513  0.000e+00
