PC2305/sbe106.cnv
* Sea-Bird SBE 19plus V2 Data File:
* FileName = C:\cruise\data\sbe106.hex
* Software Version Seasave V 7.26.7.121
* Temperature SN = 7142
* Conductivity SN = 7142
* System UpLoad Time = Nov 06 2023 06:48:39
** Cruise: PC2205
** Program: ECOMON
# nquan = 8
# nvalues = 1731                                  
# units = specified
# name 0 = depSM: Depth [salt water, m], lat = 40.00
# name 1 = tv290C: Temperature [ITS-90, deg C]
# name 2 = c0S/m: Conductivity [S/m]
# name 3 = sal00: Salinity, Practical [PSU]
# name 4 = scan: Scan Count
# name 5 = timeM: Time, Elapsed [minutes]
# name 6 = sbeox0V: Oxygen raw, SBE 43 [V]
# name 7 = flag:  0.000e+00
# span 0 =     -0.059,     61.383                 
# span 1 =    10.8415,    12.6709                 
# span 2 =   0.000189,   3.760137                 
# span 3 =     0.0062,    32.4716                 
# span 4 =         11,       1741                 
# span 5 =     0.0417,     7.2500                 
# span 6 =     2.3263,     3.0314                 
# span 7 = 0.0000e+00, 0.0000e+00                 
# interval = seconds: 0.25
# start_time = Nov 06 2023 06:48:39 [System UTC, header]
# bad_flag = -9.990e-29
*END*
     -0.059    11.1653   0.000197     0.0062         11     0.0417     3.0139  0.000e+00
     -0.059    11.1659   0.000197     0.0062         12     0.0458     3.0140  0.000e+00
     -0.057    11.1667   0.000200     0.0062         13     0.0500     3.0137  0.000e+00
     -0.059    11.1671   0.000197     0.0062         14     0.0542     3.0146  0.000e+00
     -0.057    11.1675   0.000194     0.0062         15     0.0583     3.0127  0.000e+00
     -0.055    11.1682   0.000197     0.0062         16     0.0625     3.0151  0.000e+00
     -0.057    11.1690   0.000200     0.0062         17     0.0667     3.0139  0.000e+00
     -0.055    11.1696   0.000194     0.0062         18     0.0708     3.0144  0.000e+00
     -0.055    11.1699   0.000197     0.0062         19     0.0750     3.0123  0.000e+00
     -0.059    11.1705   0.000200     0.0062         20     0.0792     3.0149  0.000e+00
     -0.055    11.1709   0.000194     0.0062         21     0.0833     3.0146  0.000e+00
     -0.055    11.1707   0.000197     0.0062         22     0.0875     3.0146  0.000e+00
     -0.054    11.1705   0.000200     0.0062         23     0.0917     3.0143  0.000e+00
     -0.055    11.1712   0.000191     0.0062         24     0.0958     3.0153  0.000e+00
     -0.055    11.1718   0.000197     0.0062         25     0.1000     3.0139  0.000e+00
     -0.054    11.1716   0.000194     0.0062         26     0.1042     3.0154  0.000e+00
     -0.054    11.1710   0.000197     0.0062         27     0.1083     3.0151  0.000e+00
     -0.054    11.1709   0.000194     0.0062         28     0.1125     3.0153  0.000e+00
     -0.055    11.1714   0.000197     0.0062         29     0.1167     3.0153  0.000e+00
     -0.054    11.1719   0.000197     0.0062         30     0.1208     3.0130  0.000e+00
     -0.055    11.1722   0.000194     0.0062         31     0.1250     3.0144  0.000e+00
     -0.055    11.1722   0.000191     0.0062         32     0.1292     3.0145  0.000e+00
     -0.057    11.1722   0.000194     0.0062         33     0.1333     3.0159  0.000e+00
     -0.056    11.1719   0.000197     0.0062         34     0.1375     3.0142  0.000e+00
     -0.057    11.1718   0.000191     0.0062         35     0.1417     3.0159  0.000e+00
     -0.052    11.1724   0.000189     0.0062         36     0.1458     3.0150  0.000e+00
     -0.054    11.1728   0.000191     0.0062         37     0.1500     3.0143  0.000e+00
     -0.054    11.1726   0.000189     0.0062         38     0.1542     3.0150  0.000e+00
     -0.057    11.1724   0.000197     0.0062         39     0.1583     3.0142  0.000e+00
     -0.050    11.1722   0.000191     0.0062         40     0.1625     3.0156  0.000e+00
     -0.057    11.1716   0.000189     0.0062         41     0.1667     3.0146  0.000e+00
     -0.059    11.1712   0.000191     0.0062         42     0.1708     3.0156  0.000e+00
     -0.054    11.1710   0.000191     0.0062         43     0.1750     3.0149  0.000e+00
     -0.056    11.1709   0.000189     0.0062         44     0.1792     3.0140  0.000e+00
     -0.059    11.1709   0.000197     0.0062         45     0.1833     3.0155  0.000e+00
     -0.054    11.1710   0.000200     0.0062         46     0.1875     3.0147  0.000e+00
     -0.054    11.1710   0.000197     0.0062         47     0.1917     3.0143  0.000e+00
     -0.054    11.1711   0.000197     0.0062         48     0.1958     3.0154  0.000e+00
     -0.056    11.1716   0.000194     0.0062         49     0.2000     3.0140  0.000e+00
     -0.057    11.1722   0.000197     0.0062         50     0.2042     3.0163  0.000e+00
     -0.052    11.1724   0.000194     0.0062         51     0.2083     3.0144  0.000e+00
     -0.054    11.1720   0.000197     0.0062         52     0.2125     3.0153  0.000e+00
     -0.054    11.1722   0.000197     0.0062         53     0.2167     3.0147  0.000e+00
     -0.056    11.1720   0.000194     0.0062         54     0.2208     3.0161  0.000e+00
     -0.054    11.1720   0.000197     0.0062         55     0.2250     3.0157  0.000e+00
     -0.054    11.1725   0.000194     0.0062         56     0.2292     3.0160  0.000e+00
     -0.056    11.1729   0.000197     0.0062         57     0.2333     3.0156  0.000e+00
     -0.056    11.1729   0.000191     0.0062         58     0.2375     3.0151  0.000e+00
     -0.059    11.1732   0.000194     0.0062         59     0.2417     3.0146  0.000e+00
     -0.052    11.1737   0.000197     0.0062         60     0.2458     3.0143  0.000e+00
     -0.052    11.1738   0.000194     0.0062         61     0.2500     3.0149  0.000e+00
     -0.052    11.1739   0.000197     0.0062         62     0.2542     3.0157  0.000e+00
     -0.052    11.1746   0.000197     0.0062         63     0.2583     3.0157  0.000e+00
     -0.054    11.1746   0.000194     0.0062         64     0.2625     3.0149  0.000e+00
     -0.056    11.1745   0.000191     0.0062         65     0.2667     3.0154  0.000e+00
     -0.050    11.1750   0.000197     0.0062         66     0.2708     3.0157  0.000e+00
     -0.050    11.1749   0.000194     0.0062         67     0.2750     3.0147  0.000e+00
     -0.048    11.1738   0.000197     0.0062         68     0.2792     3.0157  0.000e+00
     -0.050    11.1725   0.000194     0.0062         69     0.2833     3.0153  0.000e+00
     -0.054    11.1711   0.000191     0.0062         70     0.2875     3.0159  0.000e+00
     -0.050    11.1698   0.000197     0.0062         71     0.2917     3.0151  0.000e+00
     -0.050    11.1704   0.000194     0.0062         72     0.2958     3.0156  0.000e+00
     -0.045    11.1718   0.000197     0.0062         73     0.3000     3.0243  0.000e+00
     -0.045    11.1740   0.000200     0.0062         74     0.3042     3.0314  0.000e+00
     -0.045    11.1769   0.000197     0.0062         75     0.3083     3.0278  0.000e+00
     -0.045    11.1775   0.000200     0.0062         76     0.3125     3.0133  0.000e+00
     -0.045    11.1760   0.000194     0.0062         77     0.3167     2.9886  0.000e+00
     -0.050    11.1761   0.000191     0.0062         78     0.3208     2.9561  0.000e+00
     -0.047    11.1774   0.000189     0.0062         79     0.3250     2.9247  0.000e+00
     -0.034    11.1794   2.442099    20.7404         80     0.3292     2.8917  0.000e+00
      0.119    11.2185   3.635451    32.1372         81     0.3333     2.8595  0.000e+00
      0.254    11.4730   3.680664    32.3580         82     0.3375     2.8334  0.000e+00
      0.386    11.7294   3.646710    31.8054         83     0.3417     2.8087  0.000e+00
      0.462    11.8831   3.698883    32.1784         84     0.3458     2.7864  0.000e+00
      0.431    11.9869   3.719495    32.2879         85     0.3500     2.7649  0.000e+00
      0.297    12.1114   3.728072    32.2630         86     0.3542     2.7449  0.000e+00
      0.103    12.2524   3.709201    31.9607         87     0.3583     2.7227  0.000e+00
      0.022    12.3646   3.642876    31.2324         88     0.3625     2.7028  0.000e+00
      0.050    12.4401   3.711345    31.8216         89     0.3667     2.6854  0.000e+00
      0.106    12.4700   3.718647    31.8659         90     0.3708     2.6712  0.000e+00
      0.205    12.4590   3.709872    31.7915         91     0.3750     2.6567  0.000e+00
      0.347    12.4060   3.715800    31.8929         92     0.3792     2.6422  0.000e+00
      0.467    12.3391   3.720760    31.9973         93     0.3833     2.6271  0.000e+00
      0.532    12.2855   3.720599    32.0415         94     0.3875     2.6104  0.000e+00
      0.545    12.2621   3.720847    32.0639         95     0.3917     2.5973  0.000e+00
      0.518    12.2597   3.720079    32.0587         96     0.3958     2.5888  0.000e+00
      0.487    12.2592   3.719900    32.0574         97     0.4000     2.5814  0.000e+00
      0.478    12.2569   3.718445    32.0454         98     0.4042     2.5742  0.000e+00
      0.525    12.2506   3.720284    32.0683         99     0.4083     2.5649  0.000e+00
      0.622    12.2423   3.720575    32.0783        100     0.4125     2.5550  0.000e+00
      0.728    12.2475   3.720420    32.0723        101     0.4167     2.5428  0.000e+00
      0.839    12.2537   3.721461    32.0769        102     0.4208     2.5335  0.000e+00
      0.952    12.2573   3.722210    32.0810        103     0.4250     2.5225  0.000e+00
      1.057    12.2633   3.722786    32.0812        104     0.4292     2.5113  0.000e+00
      1.141    12.2676   3.722439    32.0742        105     0.4333     2.4957  0.000e+00
      1.195    12.2712   3.719696    32.0448        106     0.4375     2.4852  0.000e+00
      1.238    12.2700   3.714422    31.9953        107     0.4417     2.4787  0.000e+00
      1.287    12.2651   3.713704    31.9926        108     0.4458     2.4759  0.000e+00
      1.351    12.2620   3.712974    31.9882        109     0.4500     2.4752  0.000e+00
      1.425    12.2625   3.714150    31.9990        110     0.4542     2.4711  0.000e+00
      1.520    12.2607   3.717634    32.0339        111     0.4583     2.4659  0.000e+00
      1.612    12.2475   3.718483    32.0533        112     0.4625     2.4607  0.000e+00
      1.707    12.2409   3.718446    32.0585        113     0.4667     2.4548  0.000e+00
      1.793    12.2404   3.718947    32.0637        114     0.4708     2.4483  0.000e+00
      1.901    12.2367   3.720780    32.0845        115     0.4750     2.4423  0.000e+00
      1.975    12.2332   3.721981    32.0989        116     0.4792     2.4350  0.000e+00
      2.049    12.2322   3.723685    32.1162        117     0.4833     2.4263  0.000e+00
      2.086    12.2382   3.723164    32.1060        118     0.4875     2.4170  0.000e+00
      2.079    12.2536   3.721758    32.0793        119     0.4917     2.4070  0.000e+00
      2.041    12.2649   3.716458    32.0189        120     0.4958     2.3973  0.000e+00
      1.982    12.2702   3.722960    32.0766        121     0.5000     2.3898  0.000e+00
      1.908    12.3035   3.740901    32.2201        122     0.5042     2.3833  0.000e+00
      1.828    12.3791   3.747474    32.2180        123     0.5083     2.3808  0.000e+00
      1.749    12.4588   3.749125    32.1655        124     0.5125     2.3823  0.000e+00
      1.684    12.5213   3.749740    32.1179        125     0.5167     2.3898  0.000e+00
      1.644    12.5615   3.749006    32.0767        126     0.5208     2.4054  0.000e+00
      1.637    12.5844   3.748167    32.0491        127     0.5250     2.4263  0.000e+00
      1.643    12.5986   3.743411    31.9918        128     0.5292     2.4459  0.000e+00
      1.653    12.6053   3.740078    31.9545        129     0.5333     2.4623  0.000e+00
      1.668    12.6080   3.741841    31.9690        130     0.5375     2.4724  0.000e+00
      1.682    12.5902   3.735178    31.9207        131     0.5417     2.4760  0.000e+00
      1.680    12.5672   3.730627    31.8969        132     0.5458     2.4761  0.000e+00
      1.666    12.5490   3.728241    31.8896        133     0.5500     2.4742  0.000e+00
      1.617    12.5348   3.735947    31.9751        134     0.5542     2.4712  0.000e+00
      1.565    12.5299   3.745877    32.0739        135     0.5583     2.4660  0.000e+00
      1.508    12.5425   3.750242    32.1047        136     0.5625     2.4617  0.000e+00
      1.454    12.5636   3.751093    32.0948        137     0.5667     2.4550  0.000e+00
      1.404    12.5839   3.751546    32.0818        138     0.5708     2.4506  0.000e+00
      1.373    12.5997   3.751751    32.0704        139     0.5750     2.4478  0.000e+00
      1.359    12.6095   3.752049    32.0648        140     0.5792     2.4511  0.000e+00
      1.339    12.6156   3.746056    32.0027        141     0.5833     2.4578  0.000e+00
      1.326    12.6174   3.737795    31.9226        142     0.5875     2.4681  0.000e+00
      1.316    12.6192   3.735518    31.8995        143     0.5917     2.4759  0.000e+00
      1.310    12.6205   3.744044    31.9794        144     0.5958     2.4836  0.000e+00
      1.305    12.6080   3.744274    31.9922        145     0.6000     2.4862  0.000e+00
      1.280    12.5913   3.743132    31.9956        146     0.6042     2.4842  0.000e+00
      1.244    12.5786   3.744721    32.0215        147     0.6083     2.4794  0.000e+00
      1.181    12.5735   3.749782    32.0740        148     0.6125     2.4739  0.000e+00
      1.107    12.5805   3.751776    32.0871        149     0.6167     2.4702  0.000e+00
      1.028    12.5927   3.751198    32.0712        150     0.6208     2.4695  0.000e+00
      0.981    12.6067   3.750993    32.0573        151     0.6250     2.4692  0.000e+00
      0.987    12.6165   3.747974    32.0203        152     0.6292     2.4745  0.000e+00
      1.030    12.6221   3.746030    31.9970        153     0.6333     2.4813  0.000e+00
      1.084    12.6221   3.745236    31.9894        154     0.6375     2.4895  0.000e+00
      1.121    12.6137   3.744640    31.9909        155     0.6417     2.4919  0.000e+00
      1.129    12.6028   3.743889    31.9931        156     0.6458     2.4900  0.000e+00
      1.147    12.5938   3.744392    32.0055        157     0.6500     2.4878  0.000e+00
      1.123    12.5877   3.747087    32.0363        158     0.6542     2.4848  0.000e+00
      1.111    12.5878   3.748596    32.0506        159     0.6583     2.4834  0.000e+00
      1.093    12.5946   3.751049    32.0681        160     0.6625     2.4829  0.000e+00
      1.102    12.6027   3.751478    32.0653        161     0.6667     2.4811  0.000e+00
      1.120    12.6106   3.751179    32.0557        162     0.6708     2.4788  0.000e+00
      1.154    12.6174   3.751223    32.0503        163     0.6750     2.4771  0.000e+00
      1.193    12.6221   3.748322    32.0187        164     0.6792     2.4712  0.000e+00
      1.224    12.6251   3.745211    31.9866        165     0.6833     2.4654  0.000e+00
      1.254    12.6251   3.744739    31.9821        166     0.6875     2.4571  0.000e+00
      1.272    12.6086   3.745143    32.0000        167     0.6917     2.4459  0.000e+00
      1.265    12.5871   3.745007    32.0170        168     0.6958     2.4340  0.000e+00
      1.236    12.5701   3.744504    32.0266        169     0.7000     2.4225  0.000e+00
      1.184    12.5575   3.745590    32.0478        170     0.7042     2.4116  0.000e+00
      1.139    12.5532   3.747956    32.0740        171     0.7083     2.4052  0.000e+00
      1.093    12.5625   3.751410    32.0989        172     0.7125     2.3983  0.000e+00
      1.057    12.5801   3.752534    32.0946        173     0.7167     2.3955  0.000e+00
      1.062    12.5953   3.752416    32.0806        174     0.7208     2.3938  0.000e+00
      1.087    12.6062   3.750651    32.0545        175     0.7250     2.3942  0.000e+00
      1.125    12.6136   3.747446    32.0177        176     0.7292     2.3955  0.000e+00
      1.152    12.6192   3.746378    32.0027        177     0.7333     2.3939  0.000e+00
      1.157    12.6226   3.745850    31.9949        178     0.7375     2.3917  0.000e+00
      1.141    12.6229   3.745633    31.9925        179     0.7417     2.3895  0.000e+00
      1.100    12.6188   3.749943    32.0370        180     0.7458     2.3861  0.000e+00
      1.059    12.6179   3.752298    32.0601        181     0.7500     2.3841  0.000e+00
      1.023    12.6198   3.754062    32.0754        182     0.7542     2.3838  0.000e+00
      0.994    12.6229   3.754615    32.0780        183     0.7583     2.3864  0.000e+00
      0.996    12.6269   3.754839    32.0767        184     0.7625     2.3906  0.000e+00
      0.985    12.6296   3.754541    32.0715        185     0.7667     2.3948  0.000e+00
      0.978    12.6311   3.754267    32.0677        186     0.7708     2.3992  0.000e+00
      0.999    12.6326   3.753901    32.0629        187     0.7750     2.4016  0.000e+00
      1.041    12.6353   3.753733    32.0590        188     0.7792     2.4044  0.000e+00
      1.068    12.6376   3.753739    32.0571        189     0.7833     2.4032  0.000e+00
