PC2305/sbe119.cnv
* Sea-Bird SBE 19plus V2 Data File:
* FileName = C:\cruise\data\sbe119.hex
* Software Version Seasave V 7.26.7.121
* Temperature SN = 7142
* Conductivity SN = 7142
* System UpLoad Time = Nov 07 2023 12:58:26
** Cruise: PC2205
** Program: ECOMON
# nquan = 8
# nvalues = 3738                                  
# units = specified
# name 0 = depSM: Depth [salt water, m], lat = 40.00
# name 1 = tv290C: Temperature [ITS-90, deg C]
# name 2 = c0S/m: Conductivity [S/m]
# name 3 = sal00: Salinity, Practical [PSU]
# name 4 = scan: Scan Count
# name 5 = timeM: Time, Elapsed [minutes]
# name 6 = sbeox0V: Oxygen raw, SBE 43 [V]
# name 7 = flag:  0.000e+00
# span 0 =     -0.099,    200.815                 
# span 1 =     7.9694,    11.7964                 
# span 2 =   0.000144,   3.705627                 
# span 3 =     0.0062,    34.9204                 
# span 4 =         11,       3748                 
# span 5 =     0.0417,    15.6125                 
# span 6 =     2.0308,     2.8601                 
# span 7 = 0.0000e+00, 0.0000e+00                 
# interval = seconds: 0.25
# start_time = Nov 07 2023 12:58:26 [System UTC, header]
# bad_flag = -9.990e-29
*END*
[from data line 1259]
    190.282     8.1059   3.629876    34.8944       1270     5.2875     2.0534  0.000e+00
    190.231     8.1060   3.629876    34.8943       1271     5.2917     2.0526  0.000e+00
    190.177     8.1058   3.629876    34.8945       1272     5.2958     2.0531  0.000e+00
    190.115     8.1060   3.629876    34.8943       1273     5.3000     2.0532  0.000e+00
    190.046     8.1059   3.629876    34.8945       1274     5.3042     2.0539  0.000e+00
    189.974     8.1061   3.629833    34.8939       1275     5.3083     2.0535  0.000e+00
    189.893     8.1057   3.629808    34.8940       1276     5.3125     2.0529  0.000e+00
    189.800     8.1057   3.629808    34.8940       1277     5.3167     2.0556  0.000e+00
    189.695     8.1058   3.629808    34.8940       1278     5.3208     2.0544  0.000e+00
    189.591     8.1058   3.629832    34.8943       1279     5.3250     2.0552  0.000e+00
    189.492     8.1058   3.629869    34.8947       1280     5.3292     2.0550  0.000e+00
    189.393     8.1059   3.629851    34.8945       1281     5.3333     2.0567  0.000e+00
    189.300     8.1059   3.629875    34.8948       1282     5.3375     2.0557  0.000e+00
    189.208     8.1060   3.629832    34.8943       1283     5.3417     2.0562  0.000e+00
    189.134     8.1058   3.629783    34.8940       1284     5.3458     2.0559  0.000e+00
    189.055     8.1059   3.629808    34.8942       1285     5.3500     2.0570  0.000e+00
    188.983     8.1057   3.629740    34.8937       1286     5.3542     2.0567  0.000e+00
    188.906     8.1057   3.629740    34.8937       1287     5.3583     2.0568  0.000e+00
    188.820     8.1056   3.629765    34.8941       1288     5.3625     2.0570  0.000e+00
    188.731     8.1057   3.629765    34.8941       1289     5.3667     2.0562  0.000e+00
    188.627     8.1057   3.629740    34.8939       1290     5.3708     2.0565  0.000e+00
    188.512     8.1056   3.629740    34.8941       1291     5.3750     2.0560  0.000e+00
    188.395     8.1057   3.629722    34.8938       1292     5.3792     2.0561  0.000e+00
    188.275     8.1055   3.629697    34.8938       1293     5.3833     2.0570  0.000e+00
    188.150     8.1055   3.629783    34.8948       1294     5.3875     2.0562  0.000e+00
    188.025     8.1056   3.629783    34.8947       1295     5.3917     2.0565  0.000e+00
    187.908     8.1056   3.629764    34.8946       1296     5.3958     2.0578  0.000e+00
    187.785     8.1056   3.629783    34.8949       1297     5.4000     2.0567  0.000e+00
    187.670     8.1056   3.629764    34.8947       1298     5.4042     2.0572  0.000e+00
    187.555     8.1055   3.629740    34.8946       1299     5.4083     2.0577  0.000e+00
    187.451     8.1057   3.629764    34.8947       1300     5.4125     2.0570  0.000e+00
    187.357     8.1056   3.629740    34.8946       1301     5.4167     2.0581  0.000e+00
    187.267     8.1056   3.629764    34.8949       1302     5.4208     2.0585  0.000e+00
    187.179     8.1056   3.629654    34.8937       1303     5.4250     2.0578  0.000e+00
    187.098     8.1056   3.629519    34.8924       1304     5.4292     2.0577  0.000e+00
    187.023     8.1054   3.629458    34.8920       1305     5.4333     2.0570  0.000e+00
    186.953     8.1051   3.629408    34.8918       1306     5.4375     2.0564  0.000e+00
    186.886     8.1048   3.629390    34.8919       1307     5.4417     2.0562  0.000e+00
    186.820     8.1049   3.629298    34.8908       1308     5.4458     2.0559  0.000e+00
    186.755     8.1046   3.629237    34.8905       1309     5.4500     2.0558  0.000e+00
    186.681     8.1046   3.629169    34.8898       1310     5.4542     2.0548  0.000e+00
    186.613     8.1043   3.629169    34.8901       1311     5.4583     2.0548  0.000e+00
    186.548     8.1043   3.629126    34.8898       1312     5.4625     2.0556  0.000e+00
    186.471     8.1041   3.629145    34.8901       1313     5.4667     2.0561  0.000e+00
    186.392     8.1041   3.629194    34.8907       1314     5.4708     2.0564  0.000e+00
    186.314     8.1041   3.629083    34.8896       1315     5.4750     2.0564  0.000e+00
    186.230     8.1041   3.629083    34.8896       1316     5.4792     2.0557  0.000e+00
    186.151     8.1040   3.629126    34.8902       1317     5.4833     2.0577  0.000e+00
    186.062     8.1039   3.628991    34.8889       1318     5.4875     2.0569  0.000e+00
    185.969     8.1040   3.628905    34.8879       1319     5.4917     2.0574  0.000e+00
    185.866     8.1038   3.628905    34.8882       1320     5.4958     2.0571  0.000e+00
    185.758     8.1037   3.628948    34.8888       1321     5.5000     2.0576  0.000e+00
    185.649     8.1036   3.628924    34.8886       1322     5.5042     2.0597  0.000e+00
    185.532     8.1037   3.628924    34.8886       1323     5.5083     2.0594  0.000e+00
    185.418     8.1035   3.628924    34.8889       1324     5.5125     2.0593  0.000e+00
    185.302     8.1036   3.628905    34.8887       1325     5.5167     2.0600  0.000e+00
    185.185     8.1035   3.628905    34.8888       1326     5.5208     2.0598  0.000e+00
    185.071     8.1036   3.628862    34.8883       1327     5.5250     2.0600  0.000e+00
    184.958     8.1035   3.628881    34.8886       1328     5.5292     2.0612  0.000e+00
    184.848     8.1035   3.628862    34.8885       1329     5.5333     2.0607  0.000e+00
    184.748     8.1035   3.628838    34.8883       1330     5.5375     2.0607  0.000e+00
    184.656     8.1034   3.628838    34.8884       1331     5.5417     2.0610  0.000e+00
    184.568     8.1034   3.628819    34.8883       1332     5.5458     2.0610  0.000e+00
    184.490     8.1035   3.628813    34.8882       1333     5.5500     2.0619  0.000e+00
    184.420     8.1033   3.628819    34.8885       1334     5.5542     2.0614  0.000e+00
    184.354     8.1034   3.628819    34.8884       1335     5.5583     2.0613  0.000e+00
    184.294     8.1033   3.628795    34.8882       1336     5.5625     2.0610  0.000e+00
    184.237     8.1033   3.628794    34.8882       1337     5.5667     2.0610  0.000e+00
    184.172     8.1034   3.628794    34.8882       1338     5.5708     2.0597  0.000e+00
    184.113     8.1034   3.628794    34.8882       1339     5.5750     2.0603  0.000e+00
    184.048     8.1033   3.628794    34.8883       1340     5.5792     2.0604  0.000e+00
    183.985     8.1035   3.628794    34.8882       1341     5.5833     2.0600  0.000e+00
    183.915     8.1033   3.628751    34.8879       1342     5.5875     2.0594  0.000e+00
    183.845     8.1033   3.628751    34.8880       1343     5.5917     2.0600  0.000e+00
    183.769     8.1035   3.628751    34.8879       1344     5.5958     2.0597  0.000e+00
    183.692     8.1033   3.628727    34.8879       1345     5.6000     2.0593  0.000e+00
    183.609     8.1033   3.628727    34.8879       1346     5.6042     2.0590  0.000e+00
    183.519     8.1032   3.628708    34.8878       1347     5.6083     2.0597  0.000e+00
    183.420     8.1033   3.628708    34.8878       1348     5.6125     2.0601  0.000e+00
    183.314     8.1032   3.628708    34.8879       1349     5.6167     2.0597  0.000e+00
    183.204     8.1033   3.628708    34.8879       1350     5.6208     2.0610  0.000e+00
    183.082     8.1031   3.628708    34.8881       1351     5.6250     2.0590  0.000e+00
    182.958     8.1032   3.628684    34.8878       1352     5.6292     2.0602  0.000e+00
    182.830     8.1031   3.628641    34.8875       1353     5.6333     2.0608  0.000e+00
    182.706     8.1032   3.628641    34.8875       1354     5.6375     2.0601  0.000e+00
    182.580     8.1031   3.628641    34.8877       1355     5.6417     2.0606  0.000e+00
    182.463     8.1031   3.628616    34.8874       1356     5.6458     2.0606  0.000e+00
    182.363     8.1030   3.628616    34.8876       1357     5.6500     2.0611  0.000e+00
    182.255     8.1031   3.628573    34.8871       1358     5.6542     2.0620  0.000e+00
    182.159     8.1030   3.628598    34.8875       1359     5.6583     2.0621  0.000e+00
    182.057     8.1031   3.628573    34.8872       1360     5.6625     2.0631  0.000e+00
    181.960     8.1030   3.628573    34.8874       1361     5.6667     2.0626  0.000e+00
    181.866     8.1031   3.628573    34.8873       1362     5.6708     2.0624  0.000e+00
    181.775     8.1030   3.628548    34.8871       1363     5.6750     2.0634  0.000e+00
    181.685     8.1031   3.628548    34.8871       1364     5.6792     2.0626  0.000e+00
    181.600     8.1030   3.628548    34.8872       1365     5.6833     2.0640  0.000e+00
    181.514     8.1030   3.628548    34.8873       1366     5.6875     2.0624  0.000e+00
    181.436     8.1031   3.628530    34.8870       1367     5.6917     2.0636  0.000e+00
    181.363     8.1028   3.628530    34.8873       1368     5.6958     2.0630  0.000e+00
    181.285     8.1031   3.628530    34.8871       1369     5.7000     2.0632  0.000e+00
    181.217     8.1029   3.628505    34.8871       1370     5.7042     2.0630  0.000e+00
    181.161     8.1030   3.628505    34.8870       1371     5.7083     2.0641  0.000e+00
    181.100     8.1030   3.628487    34.8869       1372     5.7125     2.0643  0.000e+00
    181.044     8.1029   3.628444    34.8865       1373     5.7167     2.0644  0.000e+00
    180.994     8.1029   3.628444    34.8865       1374     5.7208     2.0639  0.000e+00
    180.942     8.1029   3.628419    34.8863       1375     5.7250     2.0626  0.000e+00
    180.892     8.1028   3.628395    34.8862       1376     5.7292     2.0633  0.000e+00
    180.829     8.1030   3.628395    34.8860       1377     5.7333     2.0629  0.000e+00
    180.766     8.1028   3.628352    34.8858       1378     5.7375     2.0623  0.000e+00
    180.687     8.1028   3.628333    34.8855       1379     5.7417     2.0618  0.000e+00
    180.595     8.1027   3.628309    34.8854       1380     5.7458     2.0634  0.000e+00
    180.494     8.1028   3.628284    34.8852       1381     5.7500     2.0624  0.000e+00
    180.381     8.1025   3.628266    34.8853       1382     5.7542     2.0630  0.000e+00
    180.259     8.1025   3.628241    34.8851       1383     5.7583     2.0628  0.000e+00
    180.136     8.1023   3.628241    34.8853       1384     5.7625     2.0635  0.000e+00
    180.009     8.1026   3.628241    34.8851       1385     5.7667     2.0643  0.000e+00
    179.886     8.1024   3.628223    34.8852       1386     5.7708     2.0636  0.000e+00
    179.766     8.1025   3.628198    34.8849       1387     5.7750     2.0641  0.000e+00
    179.660     8.1025   3.628174    34.8847       1388     5.7792     2.0636  0.000e+00
    179.555     8.1025   3.628174    34.8847       1389     5.7833     2.0646  0.000e+00
    179.462     8.1023   3.628174    34.8849       1390     5.7875     2.0651  0.000e+00
    179.370     8.1021   3.628186    34.8853       1391     5.7917     2.0678  0.000e+00
    179.282     8.1023   3.628155    34.8849       1392     5.7958     2.0668  0.000e+00
    179.199     8.1023   3.628155    34.8849       1393     5.8000     2.0675  0.000e+00
    179.115     8.1023   3.628131    34.8846       1394     5.8042     2.0675  0.000e+00
    179.025     8.1023   3.628131    34.8847       1395     5.8083     2.0674  0.000e+00
    178.937     8.1023   3.628131    34.8847       1396     5.8125     2.0669  0.000e+00
    178.849     8.1022   3.628112    34.8847       1397     5.8167     2.0674  0.000e+00
    178.755     8.1023   3.628112    34.8846       1398     5.8208     2.0662  0.000e+00
    178.658     8.1022   3.628069    34.8844       1399     5.8250     2.0676  0.000e+00
    178.566     8.1023   3.628045    34.8840       1400     5.8292     2.0672  0.000e+00
    178.469     8.1021   3.628069    34.8845       1401     5.8333     2.0660  0.000e+00
    178.381     8.1022   3.628045    34.8842       1402     5.8375     2.0656  0.000e+00
    178.300     8.1021   3.628045    34.8843       1403     5.8417     2.0659  0.000e+00
    178.219     8.1022   3.628045    34.8843       1404     5.8458     2.0654  0.000e+00
    178.147     8.1021   3.628020    34.8842       1405     5.8500     2.0653  0.000e+00
    178.079     8.1020   3.628020    34.8842       1406     5.8542     2.0658  0.000e+00
    178.009     8.1021   3.628020    34.8842       1407     5.8583     2.0659  0.000e+00
    177.944     8.1020   3.627977    34.8839       1408     5.8625     2.0649  0.000e+00
    177.870     8.1021   3.628001    34.8841       1409     5.8667     2.0643  0.000e+00
    177.793     8.1020   3.628020    34.8844       1410     5.8708     2.0660  0.000e+00
    177.714     8.1020   3.628020    34.8844       1411     5.8750     2.0669  0.000e+00
    177.631     8.1020   3.627977    34.8840       1412     5.8792     2.0675  0.000e+00
    177.543     8.1020   3.627977    34.8840       1413     5.8833     2.0669  0.000e+00
    177.440     8.1020   3.627958    34.8840       1414     5.8875     2.0659  0.000e+00
    177.343     8.1020   3.627866    34.8830       1415     5.8917     2.0658  0.000e+00
    177.242     8.1017   3.627756    34.8822       1416     5.8958     2.0657  0.000e+00
    177.136     8.1017   3.627738    34.8821       1417     5.9000     2.0663  0.000e+00
    177.028     8.1014   3.627713    34.8821       1418     5.9042     2.0671  0.000e+00
    176.917     8.1014   3.627738    34.8824       1419     5.9083     2.0677  0.000e+00
    176.809     8.1012   3.627738    34.8826       1420     5.9125     2.0670  0.000e+00
    176.692     8.1013   3.627695    34.8822       1421     5.9167     2.0677  0.000e+00
    176.582     8.1013   3.627695    34.8822       1422     5.9208     2.0669  0.000e+00
    176.469     8.1013   3.627670    34.8820       1423     5.9250     2.0667  0.000e+00
    176.356     8.1012   3.627694    34.8824       1424     5.9292     2.0664  0.000e+00
    176.246     8.1015   3.627670    34.8819       1425     5.9333     2.0666  0.000e+00
    176.129     8.1012   3.627645    34.8820       1426     5.9375     2.0661  0.000e+00
    176.016     8.1012   3.627645    34.8821       1427     5.9417     2.0667  0.000e+00
    175.906     8.1011   3.627602    34.8818       1428     5.9458     2.0654  0.000e+00
    175.805     8.1012   3.627584    34.8815       1429     5.9500     2.0653  0.000e+00
    175.719     8.1010   3.627602    34.8820       1430     5.9542     2.0664  0.000e+00
    175.638     8.1011   3.627584    34.8818       1431     5.9583     2.0660  0.000e+00
    175.577     8.1008   3.627559    34.8818       1432     5.9625     2.0669  0.000e+00
    175.530     8.1009   3.627559    34.8817       1433     5.9667     2.0669  0.000e+00
    175.491     8.1007   3.627535    34.8816       1434     5.9708     2.0687  0.000e+00
    175.451     8.1009   3.627559    34.8818       1435     5.9750     2.0685  0.000e+00
    175.419     8.1008   3.627535    34.8816       1436     5.9792     2.0695  0.000e+00
    175.379     8.1009   3.627535    34.8815       1437     5.9833     2.0703  0.000e+00
    175.338     8.1009   3.627516    34.8813       1438     5.9875     2.0708  0.000e+00
    175.284     8.1009   3.627535    34.8815       1439     5.9917     2.0700  0.000e+00
    175.217     8.1009   3.627516    34.8814       1440     5.9958     2.0702  0.000e+00
    175.153     8.1009   3.627516    34.8814       1441     6.0000     2.0705  0.000e+00
    175.072     8.1009   3.627492    34.8812       1442     6.0042     2.0702  0.000e+00
    174.984     8.1007   3.627473    34.8812       1443     6.0083     2.0705  0.000e+00
    174.890     8.1007   3.627449    34.8810       1444     6.0125     2.0708  0.000e+00
    174.784     8.1006   3.627381    34.8805       1445     6.0167     2.0705  0.000e+00
    174.676     8.1005   3.627363    34.8804       1446     6.0208     2.0696  0.000e+00
    174.557     8.1004   3.627338    34.8803       1447     6.0250     2.0698  0.000e+00
    174.437     8.1004   3.627295    34.8799       1448     6.0292     2.0703  0.000e+00
