PC2305/sbe170.cnv
* Sea-Bird SBE 19plus V2 Data File:
* FileName = C:\cruise\data\sbe170.hex
* Software Version Seasave V 7.26.7.121
* Temperature SN = 7142
* Conductivity SN = 7142
* System UpLoad Time = Nov 13 2023 13:41:39
** Cruise: PC2205
** Program: ECOMON
# nquan = 8
# nvalues = 1303                                  
# units = specified
# name 0 = depSM: Depth [salt water, m], lat = 40.00
# name 1 = tv290C: Temperature [ITS-90, deg C]
# name 2 = c0S/m: Conductivity [S/m]
# name 3 = sal00: Salinity, Practical [PSU]
# name 4 = scan: Scan Count
# name 5 = timeM: Time, Elapsed [minutes]
# name 6 = sbeox0V: Oxygen raw, SBE 43 [V]
# name 7 = flag:  0.000e+00
# span 0 =      0.012,     40.656                 
# span 1 =     6.4954,    13.3796                 
# span 2 =   0.000301,   3.799937                 
# span 3 =     0.0042,    35.5850                 
# span 4 =         11,       1313                 
# span 5 =     0.0417,     5.4667                 
# span 6 =     1.9172,     2.7083                 
# span 7 = 0.0000e+00, 0.0000e+00                 
# interval = seconds: 0.25
# start_time = Nov 13 2023 13:41:39 [System UTC, header]
# bad_flag = -9.990e-29
*END*
[from data line 1259]
      1.187    13.2291   3.773583    31.7456       1270     5.2875     2.6826  0.000e+00
      1.146    13.2283   3.773352    31.7442       1271     5.2917     2.6819  0.000e+00
      1.092    13.2268   3.773091    31.7430       1272     5.2958     2.6825  0.000e+00
      1.015    13.2245   3.773010    31.7442       1273     5.3000     2.6845  0.000e+00
      0.896    13.2228   3.773047    31.7459       1274     5.3042     2.6871  0.000e+00
      0.802    13.2221   3.773240    31.7484       1275     5.3083     2.6929  0.000e+00
      0.731    13.2224   3.773402    31.7497       1276     5.3125     2.6968  0.000e+00
      0.696    13.2236   3.773309    31.7479       1277     5.3167     2.7009  0.000e+00
      0.648    13.2237   3.772941    31.7443       1278     5.3208     2.7014  0.000e+00
      0.605    13.2222   3.772823    31.7444       1279     5.3250     2.7010  0.000e+00
      0.619    13.2201   3.772543    31.7436       1280     5.3292     2.7023  0.000e+00
      0.684    13.2172   3.772362    31.7444       1281     5.3333     2.7001  0.000e+00
      0.716    13.2150   3.772630    31.7486       1282     5.3375     2.6977  0.000e+00
      0.734    13.2156   3.773078    31.7524       1283     5.3417     2.6938  0.000e+00
      0.774    13.2176   3.772848    31.7485       1284     5.3458     2.6867  0.000e+00
      0.723    13.2180   3.772587    31.7458       1285     5.3500     2.6825  0.000e+00
      0.635    13.2171   3.772941    31.7499       1286     5.3542     2.6803  0.000e+00
      0.610    13.2180   3.773103    31.7507       1287     5.3583     2.6806  0.000e+00
      0.599    13.2196   3.773309    31.7512       1288     5.3625     2.6806  0.000e+00
      0.553    13.2217   3.773471    31.7510       1289     5.3667     2.6813  0.000e+00
      0.513    13.2238   3.773508    31.7496       1290     5.3708     2.6829  0.000e+00
      0.432    13.2249   3.773471    31.7484       1291     5.3750     2.6848  0.000e+00
      0.348    13.2249   3.773352    31.7473       1292     5.3792     2.6875  0.000e+00
      0.339    13.2246   3.773576    31.7496       1293     5.3833     2.6906  0.000e+00
      0.341    13.2249   3.773608    31.7497       1294     5.3875     2.6916  0.000e+00
      0.332    13.2256   3.773701    31.7500       1295     5.3917     2.6916  0.000e+00
      0.330    13.2265   3.773726    31.7494       1296     5.3958     2.6926  0.000e+00
      0.263    13.2273   3.773701    31.7486       1297     5.4000     2.6911  0.000e+00
      0.195    13.2278   3.773813    31.7493       1298     5.4042     2.6890  0.000e+00
      0.168    13.2282   3.773539    31.7463       1299     5.4083     2.6893  0.000e+00
      0.071    13.2276   3.773470    31.7462       1300     5.4125     2.6911  0.000e+00
      0.040    13.2254   3.772188    31.7361       1301     5.4167     2.6929  0.000e+00
      0.058    13.2158   3.671689    30.8050       1302     5.4208     2.6937  0.000e+00
      0.021    13.2012   3.704651    31.1245       1303     5.4250     2.6924  0.000e+00
      0.013    13.1885   1.164327     8.7856       1304     5.4292     2.6908  0.000e+00
      0.015    13.1638   0.479474     3.3936       1305     5.4333     2.6909  0.000e+00
      0.017    13.1198   0.361800     2.5180       1306     5.4375     2.6908  0.000e+00
      0.015    13.0630   0.293265     2.0183       1307     5.4417     2.6941  0.000e+00
      0.017    13.0069   0.253231     1.7306       1308     5.4458     2.6999  0.000e+00
      0.013    12.9766   0.223925     1.5211       1309     5.4500     2.7047  0.000e+00
      0.019    12.9698   0.210135     1.4227       1310     5.4542     2.7083  0.000e+00
      0.015    12.9718   0.204523     1.3826       1311     5.4583     2.7074  0.000e+00
      0.017    12.9760   0.193061     1.3010       1312     5.4625     2.7021  0.000e+00
      0.012    12.9809   0.179697     1.2062       1313     5.4667     2.6932  0.000e+00
