PC2305/sbe101.cnv
* Sea-Bird SBE 19plus V2 Data File:
* FileName = C:\cruise\data\sbe101.hex
* Software Version Seasave V 7.26.7.121
* Temperature SN = 7142
* Conductivity SN = 7142
* System UpLoad Time = Nov 05 2023 20:17:59
** Cruise: PC2205
** Program: ECOMON
# nquan = 8
# nvalues = 1945                                  
# units = specified
# name 0 = depSM: Depth [salt water, m], lat = 40.00
# name 1 = tv290C: Temperature [ITS-90, deg C]
# name 2 = c0S/m: Conductivity [S/m]
# name 3 = sal00: Salinity, Practical [PSU]
# name 4 = scan: Scan Count
# name 5 = timeM: Time, Elapsed [minutes]
# name 6 = sbeox0V: Oxygen raw, SBE 43 [V]
# name 7 = flag:  0.000e+00
# span 0 =     -0.067,     36.839                 
# span 1 =    15.0201,    15.5479                 
# span 2 =   0.000116,   3.987083                 
# span 3 =     0.0080,    32.1544                 
# span 4 =         11,       1955                 
# span 5 =     0.0417,     8.1417                 
# span 6 =     2.4290,     3.0385                 
# span 7 = 0.0000e+00, 0.0000e+00                 
# interval = seconds: 0.25
# start_time = Nov 05 2023 20:17:59 [System UTC, header]
# bad_flag = -9.990e-29
*END*
[from data line 540]
     33.216    15.0307   3.976204    32.1011        551     2.2917     2.8707  0.000e+00
     33.138    15.0304   3.976286    32.1021        552     2.2958     2.8702  0.000e+00
     33.052    15.0308   3.976325    32.1022        553     2.3000     2.8692  0.000e+00
     32.969    15.0312   3.976350    32.1021        554     2.3042     2.8692  0.000e+00
     32.896    15.0316   3.976369    32.1020        555     2.3083     2.8699  0.000e+00
     32.833    15.0318   3.976350    32.1017        556     2.3125     2.8690  0.000e+00
     32.775    15.0320   3.976350    32.1015        557     2.3167     2.8698  0.000e+00
     32.727    15.0321   3.976350    32.1014        558     2.3208     2.8689  0.000e+00
     32.680    15.0323   3.976204    32.1000        559     2.3250     2.8687  0.000e+00
     32.632    15.0322   3.976331    32.1012        560     2.3292     2.8688  0.000e+00
     32.590    15.0323   3.976299    32.1009        561     2.3333     2.8682  0.000e+00
     32.551    15.0321   3.976159    32.0998        562     2.3375     2.8677  0.000e+00
     32.511    15.0314   3.976114    32.1000        563     2.3417     2.8681  0.000e+00
     32.477    15.0309   3.976114    32.1004        564     2.3458     2.8681  0.000e+00
     32.439    15.0304   3.976134    32.1010        565     2.3500     2.8691  0.000e+00
     32.403    15.0302   3.976133    32.1012        566     2.3542     2.8692  0.000e+00
     32.373    15.0302   3.976133    32.1012        567     2.3583     2.8692  0.000e+00
     32.337    15.0301   3.976140    32.1013        568     2.3625     2.8681  0.000e+00
     32.297    15.0303   3.976159    32.1014        569     2.3667     2.8679  0.000e+00
     32.254    15.0304   3.976133    32.1011        570     2.3708     2.8685  0.000e+00
     32.207    15.0301   3.976133    32.1013        571     2.3750     2.8698  0.000e+00
     32.159    15.0303   3.976089    32.1008        572     2.3792     2.8698  0.000e+00
     32.110    15.0302   3.976114    32.1011        573     2.3833     2.8698  0.000e+00
     32.058    15.0302   3.976114    32.1012        574     2.3875     2.8699  0.000e+00
     32.013    15.0301   3.976114    32.1012        575     2.3917     2.8703  0.000e+00
     31.977    15.0301   3.976114    32.1013        576     2.3958     2.8709  0.000e+00
     31.945    15.0303   3.976089    32.1009        577     2.4000     2.8711  0.000e+00
     31.923    15.0300   3.976159    32.1017        578     2.4042     2.8717  0.000e+00
     31.902    15.0303   3.976019    32.1002        579     2.4083     2.8710  0.000e+00
     31.889    15.0307   3.976114    32.1008        580     2.4125     2.8698  0.000e+00
     31.877    15.0305   3.976114    32.1010        581     2.4167     2.8695  0.000e+00
     31.868    15.0303   3.976114    32.1012        582     2.4208     2.8693  0.000e+00
     31.857    15.0303   3.976159    32.1016        583     2.4250     2.8697  0.000e+00
     31.844    15.0303   3.976133    32.1013        584     2.4292     2.8696  0.000e+00
     31.826    15.0303   3.976133    32.1013        585     2.4333     2.8704  0.000e+00
     31.807    15.0305   3.976159    32.1014        586     2.4375     2.8702  0.000e+00
     31.783    15.0307   3.976159    32.1013        587     2.4417     2.8698  0.000e+00
     31.760    15.0307   3.976133    32.1010        588     2.4458     2.8676  0.000e+00
     31.726    15.0306   3.976133    32.1011        589     2.4500     2.8663  0.000e+00
     31.690    15.0306   3.976140    32.1012        590     2.4542     2.8652  0.000e+00
     31.647    15.0303   3.976114    32.1012        591     2.4583     2.8638  0.000e+00
     31.602    15.0304   3.976089    32.1009        592     2.4625     2.8629  0.000e+00
     31.562    15.0306   3.976184    32.1017        593     2.4667     2.8633  0.000e+00
     31.523    15.0305   3.976159    32.1015        594     2.4708     2.8646  0.000e+00
     31.487    15.0307   3.976133    32.1012        595     2.4750     2.8648  0.000e+00
     31.462    15.0307   3.976133    32.1011        596     2.4792     2.8645  0.000e+00
     31.435    15.0308   3.976133    32.1011        597     2.4833     2.8645  0.000e+00
     31.413    15.0307   3.976114    32.1010        598     2.4875     2.8645  0.000e+00
     31.397    15.0308   3.976089    32.1007        599     2.4917     2.8648  0.000e+00
     31.381    15.0305   3.976089    32.1009        600     2.4958     2.8650  0.000e+00
     31.368    15.0303   3.976089    32.1011        601     2.5000     2.8656  0.000e+00
     31.361    15.0303   3.976089    32.1011        602     2.5042     2.8655  0.000e+00
     31.356    15.0303   3.976063    32.1009        603     2.5083     2.8657  0.000e+00
     31.348    15.0302   3.976133    32.1016        604     2.5125     2.8668  0.000e+00
     31.348    15.0303   3.976114    32.1013        605     2.5167     2.8671  0.000e+00
     31.345    15.0305   3.976114    32.1012        606     2.5208     2.8663  0.000e+00
     31.347    15.0304   3.976114    32.1012        607     2.5250     2.8655  0.000e+00
     31.334    15.0306   3.976114    32.1011        608     2.5292     2.8661  0.000e+00
     31.323    15.0305   3.976133    32.1014        609     2.5333     2.8667  0.000e+00
     31.307    15.0307   3.976133    32.1012        610     2.5375     2.8662  0.000e+00
     31.276    15.0307   3.976089    32.1008        611     2.5417     2.8662  0.000e+00
     31.244    15.0307   3.976133    32.1012        612     2.5458     2.8669  0.000e+00
     31.203    15.0308   3.976114    32.1010        613     2.5500     2.8658  0.000e+00
     31.167    15.0307   3.976133    32.1012        614     2.5542     2.8658  0.000e+00
     31.126    15.0307   3.976133    32.1012        615     2.5583     2.8662  0.000e+00
     31.088    15.0308   3.976203    32.1018        616     2.5625     2.8667  0.000e+00
     31.054    15.0310   3.976184    32.1015        617     2.5667     2.8675  0.000e+00
     31.021    15.0311   3.976088    32.1006        618     2.5708     2.8667  0.000e+00
     30.994    15.0313   3.976184    32.1012        619     2.5750     2.8673  0.000e+00
     30.969    15.0312   3.976158    32.1011        620     2.5792     2.8668  0.000e+00
     30.942    15.0311   3.976133    32.1010        621     2.5833     2.8662  0.000e+00
     30.915    15.0311   3.976114    32.1008        622     2.5875     2.8666  0.000e+00
     30.887    15.0310   3.976133    32.1011        623     2.5917     2.8658  0.000e+00
     30.858    15.0310   3.976133    32.1011        624     2.5958     2.8657  0.000e+00
     30.822    15.0310   3.976114    32.1010        625     2.6000     2.8668  0.000e+00
     30.779    15.0309   3.976114    32.1011        626     2.6042     2.8656  0.000e+00
     30.732    15.0309   3.976114    32.1011        627     2.6083     2.8665  0.000e+00
     30.685    15.0309   3.976088    32.1009        628     2.6125     2.8663  0.000e+00
     30.637    15.0307   3.976133    32.1014        629     2.6167     2.8646  0.000e+00
     30.586    15.0308   3.976133    32.1014        630     2.6208     2.8625  0.000e+00
     30.534    15.0309   3.976184    32.1018        631     2.6250     2.8624  0.000e+00
     30.486    15.0310   3.976203    32.1019        632     2.6292     2.8623  0.000e+00
     30.435    15.0313   3.976203    32.1016        633     2.6333     2.8624  0.000e+00
     30.391    15.0317   3.976228    32.1016        634     2.6375     2.8627  0.000e+00
     30.351    15.0318   3.976234    32.1016        635     2.6417     2.8623  0.000e+00
     30.317    15.0318   3.976203    32.1013        636     2.6458     2.8639  0.000e+00
     30.293    15.0319   3.976203    32.1012        637     2.6500     2.8640  0.000e+00
     30.277    15.0320   3.976228    32.1014        638     2.6542     2.8646  0.000e+00
     30.265    15.0321   3.976254    32.1015        639     2.6583     2.8664  0.000e+00
     30.258    15.0321   3.976254    32.1015        640     2.6625     2.8662  0.000e+00
     30.261    15.0321   3.976254    32.1015        641     2.6667     2.8659  0.000e+00
     30.259    15.0324   3.976254    32.1013        642     2.6708     2.8670  0.000e+00
     30.270    15.0324   3.976260    32.1013        643     2.6750     2.8669  0.000e+00
     30.274    15.0324   3.976228    32.1010        644     2.6792     2.8672  0.000e+00
     30.281    15.0324   3.976254    32.1013        645     2.6833     2.8670  0.000e+00
     30.285    15.0323   3.976203    32.1009        646     2.6875     2.8671  0.000e+00
     30.285    15.0322   3.976203    32.1010        647     2.6917     2.8672  0.000e+00
     30.284    15.0321   3.976228    32.1013        648     2.6958     2.8673  0.000e+00
     30.277    15.0320   3.976228    32.1013        649     2.7000     2.8666  0.000e+00
     30.265    15.0320   3.976234    32.1014        650     2.7042     2.8666  0.000e+00
     30.247    15.0321   3.976254    32.1015        651     2.7083     2.8666  0.000e+00
     30.223    15.0321   3.976203    32.1011        652     2.7125     2.8658  0.000e+00
     30.198    15.0322   3.976184    32.1008        653     2.7167     2.8662  0.000e+00
     30.166    15.0319   3.976203    32.1013        654     2.7208     2.8644  0.000e+00
     30.141    15.0320   3.976183    32.1010        655     2.7250     2.8643  0.000e+00
     30.110    15.0318   3.976203    32.1014        656     2.7292     2.8652  0.000e+00
     30.087    15.0317   3.976203    32.1014        657     2.7333     2.8655  0.000e+00
     30.062    15.0319   3.976183    32.1011        658     2.7375     2.8662  0.000e+00
     30.040    15.0319   3.976183    32.1012        659     2.7417     2.8653  0.000e+00
     30.018    15.0318   3.976203    32.1014        660     2.7458     2.8652  0.000e+00
     30.001    15.0317   3.976183    32.1013        661     2.7500     2.8643  0.000e+00
     29.979    15.0319   3.976203    32.1013        662     2.7542     2.8637  0.000e+00
     29.963    15.0318   3.976203    32.1014        663     2.7583     2.8630  0.000e+00
     29.948    15.0320   3.976203    32.1012        664     2.7625     2.8621  0.000e+00
     29.932    15.0320   3.976139    32.1007        665     2.7667     2.8636  0.000e+00
     29.912    15.0321   3.976202    32.1012        666     2.7708     2.8633  0.000e+00
     29.898    15.0320   3.976202    32.1013        667     2.7750     2.8632  0.000e+00
     29.884    15.0320   3.976202    32.1013        668     2.7792     2.8632  0.000e+00
     29.873    15.0320   3.976063    32.1001        669     2.7833     2.8629  0.000e+00
     29.855    15.0320   3.976132    32.1006        670     2.7875     2.8652  0.000e+00
     29.828    15.0317   3.976113    32.1007        671     2.7917     2.8656  0.000e+00
     29.805    15.0316   3.976113    32.1009        672     2.7958     2.8672  0.000e+00
     29.772    15.0315   3.976113    32.1009        673     2.8000     2.8678  0.000e+00
     29.731    15.0313   3.976088    32.1009        674     2.8042     2.8663  0.000e+00
     29.691    15.0312   3.976113    32.1012        675     2.8083     2.8659  0.000e+00
     29.643    15.0312   3.976132    32.1014        676     2.8125     2.8645  0.000e+00
     29.593    15.0312   3.976158    32.1017        677     2.8167     2.8635  0.000e+00
     29.539    15.0313   3.976132    32.1014        678     2.8208     2.8618  0.000e+00
     29.479    15.0313   3.976158    32.1016        679     2.8250     2.8624  0.000e+00
     29.425    15.0316   3.976139    32.1012        680     2.8292     2.8629  0.000e+00
     29.366    15.0315   3.976113    32.1011        681     2.8333     2.8637  0.000e+00
     29.314    15.0314   3.976043    32.1005        682     2.8375     2.8630  0.000e+00
     29.260    15.0312   3.976043    32.1008        683     2.8417     2.8650  0.000e+00
     29.213    15.0309   3.976018    32.1008        684     2.8458     2.8639  0.000e+00
     29.172    15.0308   3.975948    32.1003        685     2.8500     2.8632  0.000e+00
     29.142    15.0303   3.975922    32.1004        686     2.8542     2.8622  0.000e+00
     29.120    15.0300   3.975833    32.0999        687     2.8583     2.8627  0.000e+00
     29.100    15.0294   3.975814    32.1002        688     2.8625     2.8634  0.000e+00
     29.086    15.0291   3.975852    32.1008        689     2.8667     2.8637  0.000e+00
     29.079    15.0289   3.975903    32.1015        690     2.8708     2.8652  0.000e+00
     29.075    15.0290   3.975922    32.1016        691     2.8750     2.8656  0.000e+00
     29.073    15.0290   3.975922    32.1016        692     2.8792     2.8655  0.000e+00
     29.071    15.0293   3.975878    32.1009        693     2.8833     2.8643  0.000e+00
     29.068    15.0294   3.975903    32.1010        694     2.8875     2.8644  0.000e+00
     29.064    15.0293   3.975840    32.1005        695     2.8917     2.8643  0.000e+00
     29.062    15.0292   3.975833    32.1006        696     2.8958     2.8637  0.000e+00
     29.052    15.0290   3.975833    32.1008        697     2.9000     2.8656  0.000e+00
     29.039    15.0286   3.975808    32.1008        698     2.9042     2.8663  0.000e+00
     29.023    15.0285   3.975808    32.1009        699     2.9083     2.8653  0.000e+00
     29.007    15.0284   3.975782    32.1008        700     2.9125     2.8659  0.000e+00
     28.987    15.0282   3.975782    32.1010        701     2.9167     2.8666  0.000e+00
     28.967    15.0283   3.975782    32.1009        702     2.9208     2.8666  0.000e+00
     28.944    15.0281   3.975795    32.1012        703     2.9250     2.8663  0.000e+00
     28.917    15.0281   3.975782    32.1011        704     2.9292     2.8663  0.000e+00
     28.894    15.0283   3.975808    32.1012        705     2.9333     2.8653  0.000e+00
     28.867    15.0283   3.975782    32.1010        706     2.9375     2.8649  0.000e+00
     28.836    15.0283   3.975782    32.1009        707     2.9417     2.8654  0.000e+00
     28.796    15.0284   3.975782    32.1009        708     2.9458     2.8643  0.000e+00
     28.759    15.0283   3.975782    32.1010        709     2.9500     2.8643  0.000e+00
     28.714    15.0283   3.975795    32.1011        710     2.9542     2.8654  0.000e+00
     28.669    15.0283   3.975757    32.1008        711     2.9583     2.8668  0.000e+00
     28.622    15.0283   3.975757    32.1008        712     2.9625     2.8677  0.000e+00
     28.572    15.0285   3.975782    32.1009        713     2.9667     2.8704  0.000e+00
     28.520    15.0285   3.975757    32.1007        714     2.9708     2.8691  0.000e+00
     28.471    15.0286   3.975782    32.1009        715     2.9750     2.8698  0.000e+00
     28.421    15.0284   3.975782    32.1010        716     2.9792     2.8688  0.000e+00
     28.362    15.0285   3.975757    32.1007        717     2.9833     2.8690  0.000e+00
     28.308    15.0283   3.975839    32.1017        718     2.9875     2.8686  0.000e+00
     28.254    15.0285   3.975833    32.1015        719     2.9917     2.8696  0.000e+00
     28.198    15.0287   3.975852    32.1015        720     2.9958     2.8701  0.000e+00
     28.142    15.0288   3.975807    32.1010        721     3.0000     2.8717  0.000e+00
     28.094    15.0290   3.975782    32.1007        722     3.0042     2.8706  0.000e+00
     28.045    15.0288   3.975807    32.1011        723     3.0083     2.8705  0.000e+00
     27.999    15.0288   3.975833    32.1013        724     3.0125     2.8692  0.000e+00
     27.952    15.0287   3.975744    32.1006        725     3.0167     2.8679  0.000e+00
     27.910    15.0285   3.975737    32.1007        726     3.0208     2.8671  0.000e+00
     27.875    15.0282   3.975756    32.1012        727     3.0250     2.8674  0.000e+00
     27.840    15.0281   3.975756    32.1013        728     3.0292     2.8653  0.000e+00
     27.815    15.0283   3.975737    32.1010        729     3.0333     2.8647  0.000e+00
