PC2305/sbe163.cnv
* Sea-Bird SBE 19plus V2 Data File:
* FileName = C:\cruise\data\sbe163.hex
* Software Version Seasave V 7.26.7.121
* Temperature SN = 7142
* Conductivity SN = 7142
* System UpLoad Time = Nov 12 2023 20:27:22
** Cruise: PC2205
** Program: ECOMON
# nquan = 8
# nvalues = 1946                                  
# units = specified
# name 0 = depSM: Depth [salt water, m], lat = 40.00
# name 1 = tv290C: Temperature [ITS-90, deg C]
# name 2 = c0S/m: Conductivity [S/m]
# name 3 = sal00: Salinity, Practical [PSU]
# name 4 = scan: Scan Count
# name 5 = timeM: Time, Elapsed [minutes]
# name 6 = sbeox0V: Oxygen raw, SBE 43 [V]
# name 7 = flag:  0.000e+00
# span 0 =      0.077,     82.551                 
# span 1 =     5.5669,    11.4743                 
# span 2 =   0.000146,   3.662678                 
# span 3 =     0.0028,    34.3466                 
# span 4 =         11,       1956                 
# span 5 =     0.0417,     8.1458                 
# span 6 =     1.8416,     2.7470                 
# span 7 = 0.0000e+00, 0.0000e+00                 
# interval = seconds: 0.25
# start_time = Nov 12 2023 20:27:22 [System UTC, header]
# bad_flag = -9.990e-29
*END*
[from data line 1079]
     57.785     9.8009   3.566837    32.6870       1090     4.5375     2.0838  0.000e+00
     57.725     9.8017   3.566935    32.6873       1091     4.5417     2.0834  0.000e+00
     57.657     9.8027   3.567038    32.6875       1092     4.5458     2.0841  0.000e+00
     57.573     9.8035   3.567081    32.6872       1093     4.5500     2.0853  0.000e+00
     57.497     9.8044   3.567148    32.6871       1094     4.5542     2.0872  0.000e+00
     57.416     9.8052   3.567214    32.6871       1095     4.5583     2.0908  0.000e+00
     57.339     9.8062   3.567300    32.6871       1096     4.5625     2.0945  0.000e+00
     57.267     9.8073   3.567403    32.6872       1097     4.5667     2.0979  0.000e+00
     57.202     9.8082   3.567452    32.6869       1098     4.5708     2.1018  0.000e+00
     57.141     9.8093   3.567598    32.6874       1099     4.5750     2.1057  0.000e+00
     57.089     9.8110   3.567732    32.6873       1100     4.5792     2.1064  0.000e+00
     57.033     9.8126   3.567860    32.6871       1101     4.5833     2.1064  0.000e+00
     56.979     9.8145   3.568115    32.6880       1102     4.5875     2.1066  0.000e+00
     56.917     9.8166   3.568249    32.6875       1103     4.5917     2.1063  0.000e+00
     56.852     9.8184   3.568377    32.6872       1104     4.5958     2.1061  0.000e+00
     56.793     9.8203   3.568615    32.6880       1105     4.6000     2.1061  0.000e+00
     56.722     9.8224   3.568980    32.6898       1106     4.6042     2.1074  0.000e+00
     56.641     9.8260   3.569260    32.6894       1107     4.6083     2.1080  0.000e+00
     56.570     9.8296   3.569473    32.6883       1108     4.6125     2.1099  0.000e+00
     56.489     9.8334   3.569692    32.6872       1109     4.6167     2.1121  0.000e+00
     56.402     9.8370   3.569887    32.6859       1110     4.6208     2.1142  0.000e+00
     56.309     9.8401   3.569930    32.6835       1111     4.6250     2.1155  0.000e+00
     56.232     9.8430   3.570167    32.6834       1112     4.6292     2.1186  0.000e+00
     56.153     9.8461   3.570277    32.6818       1113     4.6333     2.1201  0.000e+00
     56.077     9.8488   3.570277    32.6794       1114     4.6375     2.1220  0.000e+00
     56.012     9.8501   3.570277    32.6782       1115     4.6417     2.1232  0.000e+00
     55.949     9.8511   3.570295    32.6775       1116     4.6458     2.1237  0.000e+00
     55.895     9.8521   3.570404    32.6777       1117     4.6500     2.1238  0.000e+00
     55.852     9.8534   3.570514    32.6777       1118     4.6542     2.1240  0.000e+00
     55.804     9.8547   3.570557    32.6770       1119     4.6583     2.1224  0.000e+00
     55.755     9.8553   3.570550    32.6764       1120     4.6625     2.1207  0.000e+00
     55.712     9.8554   3.570557    32.6763       1121     4.6667     2.1176  0.000e+00
     55.671     9.8562   3.570794    32.6781       1122     4.6708     2.1157  0.000e+00
     55.615     9.8575   3.571007    32.6791       1123     4.6750     2.1128  0.000e+00
     55.563     9.8590   3.571159    32.6793       1124     4.6792     2.1099  0.000e+00
     55.496     9.8610   3.571482    32.6808       1125     4.6833     2.1086  0.000e+00
     55.423     9.8636   3.571762    32.6813       1126     4.6875     2.1076  0.000e+00
     55.336     9.8666   3.572000    32.6810       1127     4.6917     2.1076  0.000e+00
     55.247     9.8696   3.572207    32.6804       1128     4.6958     2.1095  0.000e+00
     55.157     9.8727   3.572542    32.6811       1129     4.7000     2.1109  0.000e+00
     55.063     9.8766   3.572974    32.6820       1130     4.7042     2.1147  0.000e+00
     54.968     9.8824   3.573925    32.6865       1131     4.7083     2.1169  0.000e+00
     54.876     9.8919   3.574875    32.6876       1132     4.7125     2.1186  0.000e+00
     54.790     9.9046   3.575454    32.6820       1133     4.7167     2.1208  0.000e+00
     54.715     9.9165   3.575783    32.6746       1134     4.7208     2.1228  0.000e+00
     54.641     9.9268   3.576709    32.6747       1135     4.7250     2.1248  0.000e+00
     54.578     9.9401   3.577581    32.6715       1136     4.7292     2.1269  0.000e+00
     54.517     9.9513   3.577599    32.6616       1137     4.7333     2.1289  0.000e+00
     54.457     9.9581   3.577489    32.6544       1138     4.7375     2.1292  0.000e+00
     54.396     9.9601   3.577361    32.6513       1139     4.7417     2.1304  0.000e+00
     54.339     9.9634   3.578678    32.6617       1140     4.7458     2.1292  0.000e+00
     54.276     9.9740   3.580238    32.6680       1141     4.7500     2.1289  0.000e+00
     54.211     9.9888   3.580994    32.6623       1142     4.7542     2.1296  0.000e+00
     54.148    10.0032   3.581774    32.6572       1143     4.7583     2.1312  0.000e+00
     54.085    10.0167   3.582317    32.6505       1144     4.7625     2.1308  0.000e+00
     54.012    10.0295   3.583287    32.6488       1145     4.7667     2.1335  0.000e+00
     53.940    10.0430   3.584104    32.6450       1146     4.7708     2.1351  0.000e+00
     53.873    10.0546   3.584695    32.6405       1147     4.7750     2.1367  0.000e+00
     53.814    10.0650   3.585263    32.6369       1148     4.7792     2.1381  0.000e+00
     53.758    10.0744   3.585824    32.6342       1149     4.7833     2.1395  0.000e+00
     53.697    10.0833   3.586409    32.6321       1150     4.7875     2.1419  0.000e+00
     53.645    10.0924   3.586952    32.6294       1151     4.7917     2.1428  0.000e+00
     53.587    10.1011   3.587343    32.6255       1152     4.7958     2.1432  0.000e+00
     53.539    10.1082   3.587690    32.6227       1153     4.8000     2.1424  0.000e+00
     53.483    10.1145   3.588148    32.6216       1154     4.8042     2.1421  0.000e+00
     53.411    10.1207   3.588514    32.6198       1155     4.8083     2.1428  0.000e+00
     53.345    10.1257   3.588844    32.6186       1156     4.8125     2.1431  0.000e+00
     53.276    10.1297   3.588972    32.6163       1157     4.8167     2.1440  0.000e+00
     53.194    10.1327   3.589094    32.6149       1158     4.8208     2.1453  0.000e+00
     53.109    10.1351   3.589277    32.6146       1159     4.8250     2.1461  0.000e+00
     53.021    10.1371   3.589557    32.6157       1160     4.8292     2.1466  0.000e+00
     52.935    10.1402   3.590229    32.6197       1161     4.8333     2.1493  0.000e+00
     52.840    10.1473   3.591511    32.6264       1162     4.8375     2.1500  0.000e+00
     52.752    10.1589   3.592750    32.6285       1163     4.8417     2.1508  0.000e+00
     52.667    10.1729   3.593971    32.6282       1164     4.8458     2.1524  0.000e+00
     52.592    10.1887   3.594948    32.6238       1165     4.8500     2.1541  0.000e+00
     52.520    10.2028   3.595491    32.6166       1166     4.8542     2.1548  0.000e+00
     52.455    10.2131   3.595467    32.6072       1167     4.8583     2.1559  0.000e+00
     52.388    10.2197   3.595424    32.6008       1168     4.8625     2.1577  0.000e+00
     52.327    10.2237   3.595491    32.5980       1169     4.8667     2.1575  0.000e+00
     52.275    10.2273   3.595992    32.5998       1170     4.8708     2.1590  0.000e+00
     52.221    10.2327   3.596951    32.6046       1171     4.8750     2.1618  0.000e+00
     52.162    10.2409   3.598295    32.6108       1172     4.8792     2.1625  0.000e+00
     52.101    10.2510   3.599168    32.6105       1173     4.8833     2.1646  0.000e+00
     52.036    10.2600   3.599211    32.6029       1174     4.8875     2.1657  0.000e+00
     51.966    10.2671   3.599498    32.5995       1175     4.8917     2.1677  0.000e+00
     51.894    10.2741   3.600237    32.6007       1176     4.8958     2.1696  0.000e+00
     51.817    10.2821   3.600848    32.5997       1177     4.9000     2.1721  0.000e+00
     51.727    10.2903   3.601368    32.5976       1178     4.9042     2.1757  0.000e+00
     51.642    10.2977   3.601765    32.5950       1179     4.9083     2.1788  0.000e+00
     51.549    10.3038   3.601979    32.5917       1180     4.9125     2.1824  0.000e+00
     51.468    10.3086   3.602070    32.5884       1181     4.9167     2.1858  0.000e+00
     51.389    10.3120   3.602198    32.5866       1182     4.9208     2.1890  0.000e+00
     51.323    10.3149   3.602418    32.5863       1183     4.9250     2.1914  0.000e+00
     51.269    10.3183   3.602700    32.5861       1184     4.9292     2.1927  0.000e+00
     51.215    10.3215   3.603005    32.5863       1185     4.9333     2.1927  0.000e+00
     51.168    10.3253   3.603311    32.5860       1186     4.9375     2.1919  0.000e+00
     51.127    10.3296   3.603659    32.5856       1187     4.9417     2.1913  0.000e+00
     51.089    10.3336   3.603922    32.5847       1188     4.9458     2.1882  0.000e+00
     51.042    10.3374   3.604142    32.5835       1189     4.9500     2.1872  0.000e+00
     50.990    10.3412   3.604423    32.5830       1190     4.9542     2.1849  0.000e+00
     50.936    10.3444   3.604600    32.5819       1191     4.9583     2.1832  0.000e+00
     50.861    10.3476   3.604900    32.5821       1192     4.9625     2.1836  0.000e+00
     50.785    10.3513   3.605138    32.5812       1193     4.9667     2.1852  0.000e+00
     50.697    10.3551   3.605426    32.5807       1194     4.9708     2.1887  0.000e+00
     50.607    10.3590   3.605664    32.5797       1195     4.9750     2.1924  0.000e+00
     50.510    10.3629   3.605841    32.5780       1196     4.9792     2.1963  0.000e+00
     50.418    10.3664   3.606018    32.5767       1197     4.9833     2.2002  0.000e+00
     50.339    10.3699   3.606190    32.5753       1198     4.9875     2.2030  0.000e+00
     50.262    10.3731   3.606385    32.5744       1199     4.9917     2.2066  0.000e+00
     50.188    10.3765   3.606605    32.5736       1200     4.9958     2.2080  0.000e+00
     50.124    10.3803   3.606887    32.5730       1201     5.0000     2.2114  0.000e+00
     50.071    10.3842   3.607131    32.5721       1202     5.0042     2.2114  0.000e+00
     50.019    10.3879   3.607259    32.5701       1203     5.0083     2.2124  0.000e+00
     49.965    10.3911   3.607302    32.5677       1204     5.0125     2.2140  0.000e+00
     49.917    10.3934   3.607394    32.5665       1205     5.0167     2.2144  0.000e+00
     49.868    10.3950   3.607479    32.5660       1206     5.0208     2.2144  0.000e+00
     49.818    10.3964   3.607718    32.5671       1207     5.0250     2.2126  0.000e+00
     49.775    10.3978   3.607852    32.5672       1208     5.0292     2.2119  0.000e+00
     49.726    10.3994   3.607956    32.5669       1209     5.0333     2.2114  0.000e+00
     49.676    10.4014   3.608109    32.5666       1210     5.0375     2.2107  0.000e+00
     49.613    10.4033   3.608372    32.5676       1211     5.0417     2.2102  0.000e+00
     49.550    10.4050   3.608439    32.5668       1212     5.0458     2.2108  0.000e+00
     49.487    10.4067   3.608592    32.5668       1213     5.0500     2.2123  0.000e+00
     49.422    10.4088   3.608745    32.5665       1214     5.0542     2.2135  0.000e+00
     49.345    10.4111   3.608941    32.5664       1215     5.0583     2.2148  0.000e+00
     49.280    10.4134   3.609161    32.5666       1216     5.0625     2.2150  0.000e+00
     49.210    10.4167   3.609467    32.5668       1217     5.0667     2.2150  0.000e+00
     49.131    10.4213   3.609815    32.5661       1218     5.0708     2.2195  0.000e+00
     49.036    10.4264   3.610036    32.5639       1219     5.0750     2.2199  0.000e+00
     48.944    10.4309   3.610299    32.5625       1220     5.0792     2.2186  0.000e+00
     48.851    10.4349   3.610715    32.5631       1221     5.0833     2.2196  0.000e+00
     48.748    10.4423   3.611583    32.5653       1222     5.0875     2.2209  0.000e+00
     48.655    10.4547   3.612091    32.5593       1223     5.0917     2.2231  0.000e+00
     48.552    10.4670   3.612311    32.5506       1224     5.0958     2.2224  0.000e+00
     48.461    10.4767   3.612550    32.5443       1225     5.1000     2.2190  0.000e+00
     48.369    10.4843   3.612855    32.5406       1226     5.1042     2.2192  0.000e+00
     48.279    10.4907   3.612965    32.5360       1227     5.1083     2.2144  0.000e+00
     48.206    10.4953   3.612898    32.5313       1228     5.1125     2.2170  0.000e+00
     48.132    10.4981   3.612745    32.5273       1229     5.1167     2.2155  0.000e+00
     48.081    10.4998   3.612678    32.5251       1230     5.1208     2.2155  0.000e+00
     48.044    10.5007   3.612678    32.5243       1231     5.1250     2.2193  0.000e+00
     48.004    10.5012   3.612678    32.5239       1232     5.1292     2.2195  0.000e+00
     47.959    10.5017   3.612812    32.5248       1233     5.1333     2.2188  0.000e+00
     47.932    10.5033   3.613228    32.5276       1234     5.1375     2.2219  0.000e+00
     47.893    10.5070   3.613687    32.5289       1235     5.1417     2.2230  0.000e+00
     47.848    10.5124   3.614213    32.5294       1236     5.1458     2.2224  0.000e+00
     47.799    10.5188   3.614691    32.5284       1237     5.1500     2.2250  0.000e+00
     47.738    10.5256   3.615107    32.5266       1238     5.1542     2.2265  0.000e+00
     47.668    10.5332   3.615786    32.5266       1239     5.1583     2.2291  0.000e+00
     47.594    10.5412   3.616337    32.5250       1240     5.1625     2.2314  0.000e+00
     47.503    10.5491   3.616772    32.5223       1241     5.1667     2.2345  0.000e+00
     47.402    10.5563   3.617102    32.5193       1242     5.1708     2.2376  0.000e+00
     47.305    10.5634   3.617604    32.5180       1243     5.1750     2.2404  0.000e+00
     47.201    10.5715   3.618418    32.5190       1244     5.1792     2.2424  0.000e+00
     47.104    10.5824   3.619625    32.5214       1245     5.1833     2.2447  0.000e+00
     47.010    10.5966   3.620610    32.5186       1246     5.1875     2.2469  0.000e+00
     46.920    10.6104   3.621161    32.5118       1247     5.1917     2.2486  0.000e+00
     46.834    10.6219   3.621443    32.5044       1248     5.1958     2.2496  0.000e+00
     46.764    10.6307   3.621841    32.5006       1249     5.2000     2.2518  0.000e+00
     46.697    10.6376   3.622319    32.4993       1250     5.2042     2.2535  0.000e+00
     46.636    10.6449   3.623158    32.5012       1251     5.2083     2.2544  0.000e+00
     46.577    10.6528   3.623967    32.5022       1252     5.2125     2.2539  0.000e+00
     46.527    10.6609   3.624628    32.5016       1253     5.2167     2.2540  0.000e+00
     46.478    10.6683   3.625155    32.5003       1254     5.2208     2.2534  0.000e+00
     46.424    10.6742   3.625437    32.4979       1255     5.2250     2.2539  0.000e+00
     46.372    10.6791   3.625725    32.4964       1256     5.2292     2.2551  0.000e+00
     46.307    10.6828   3.625768    32.4936       1257     5.2333     2.2572  0.000e+00
     46.246    10.6858   3.625810    32.4913       1258     5.2375     2.2587  0.000e+00
     46.180    10.6881   3.625859    32.4898       1259     5.2417     2.2592  0.000e+00
     46.104    10.6891   3.625749    32.4879       1260     5.2458     2.2621  0.000e+00
     46.025    10.6897   3.625614    32.4861       1261     5.2500     2.2638  0.000e+00
     45.951    10.6895   3.625351    32.4836       1262     5.2542     2.2669  0.000e+00
     45.867    10.6883   3.624909    32.4804       1263     5.2583     2.2690  0.000e+00
     45.784    10.6859   3.624517    32.4786       1264     5.2625     2.2722  0.000e+00
     45.705    10.6834   3.624321    32.4789       1265     5.2667     2.2749  0.000e+00
     45.621    10.6814   3.624144    32.4789       1266     5.2708     2.2775  0.000e+00
     45.534    10.6792   3.623421    32.4737       1267     5.2750     2.2795  0.000e+00
     45.457    10.6765   3.622802    32.4700       1268     5.2792     2.2807  0.000e+00
