PC2305/sbe105.cnv
* Sea-Bird SBE 19plus V2 Data File:
* FileName = C:\cruise\data\sbe105.hex
* Software Version Seasave V 7.26.7.121
* Temperature SN = 7142
* Conductivity SN = 7142
* System UpLoad Time = Nov 06 2023 05:19:37
** Cruise: PC2205
** Program: ECOMON
# nquan = 8
# nvalues = 1898                                  
# units = specified
# name 0 = depSM: Depth [salt water, m], lat = 40.00
# name 1 = tv290C: Temperature [ITS-90, deg C]
# name 2 = c0S/m: Conductivity [S/m]
# name 3 = sal00: Salinity, Practical [PSU]
# name 4 = scan: Scan Count
# name 5 = timeM: Time, Elapsed [minutes]
# name 6 = sbeox0V: Oxygen raw, SBE 43 [V]
# name 7 = flag:  0.000e+00
# span 0 =     -0.051,     80.074                 
# span 1 =    10.2310,    12.2944                 
# span 2 =   0.000110,   3.769557                 
# span 3 =     0.0062,    33.1823                 
# span 4 =         11,       1908                 
# span 5 =     0.0417,     7.9458                 
# span 6 =     2.3131,     2.8827                 
# span 7 = 0.0000e+00, 0.0000e+00                 
# interval = seconds: 0.25
# start_time = Nov 06 2023 05:19:37 [System UTC, header]
# bad_flag = -9.990e-29
*END*
[from data line 720]
     71.954    10.3803   3.633812    32.8340        731     3.0417     2.3278  0.000e+00
     71.787    10.3831   3.634278    32.8362        732     3.0458     2.3272  0.000e+00
     71.618    10.3877   3.632579    32.8151        733     3.0500     2.3279  0.000e+00
     71.443    10.3881   3.631806    32.8070        734     3.0542     2.3283  0.000e+00
     71.267    10.3845   3.631346    32.8058        735     3.0583     2.3282  0.000e+00
     71.085    10.3804   3.630794    32.8040        736     3.0625     2.3281  0.000e+00
     70.911    10.3762   3.628109    32.7809        737     3.0667     2.3300  0.000e+00
     70.742    10.3663   3.627036    32.7791        738     3.0708     2.3302  0.000e+00
     70.584    10.3559   3.626662    32.7848        739     3.0750     2.3307  0.000e+00
     70.435    10.3474   3.624181    32.7675        740     3.0792     2.3319  0.000e+00
     70.304    10.3371   3.622092    32.7558        741     3.0833     2.3310  0.000e+00
     70.194    10.3230   3.621632    32.7640        742     3.0875     2.3321  0.000e+00
     70.086    10.3118   3.620554    32.7633        743     3.0917     2.3308  0.000e+00
     70.009    10.3028   3.619875    32.7647        744     3.0958     2.3302  0.000e+00
     69.946    10.2949   3.618515    32.7581        745     3.1000     2.3293  0.000e+00
     69.901    10.2877   3.617989    32.7593        746     3.1042     2.3287  0.000e+00
     69.870    10.2813   3.617903    32.7643        747     3.1083     2.3279  0.000e+00
     69.863    10.2772   3.617903    32.7680        748     3.1125     2.3272  0.000e+00
     69.858    10.2752   3.617768    32.7684        749     3.1167     2.3278  0.000e+00
     69.870    10.2739   3.617726    32.7692        750     3.1208     2.3267  0.000e+00
     69.887    10.2729   3.617726    32.7700        751     3.1250     2.3254  0.000e+00
     69.917    10.2724   3.617726    32.7705        752     3.1292     2.3247  0.000e+00
     69.953    10.2723   3.617817    32.7714        753     3.1333     2.3237  0.000e+00
     69.987    10.2725   3.617989    32.7730        754     3.1375     2.3232  0.000e+00
     70.030    10.2729   3.618362    32.7763        755     3.1417     2.3228  0.000e+00
     70.065    10.2740   3.618650    32.7783        756     3.1458     2.3222  0.000e+00
     70.090    10.2756   3.618889    32.7792        757     3.1500     2.3216  0.000e+00
     70.106    10.2771   3.619085    32.7798        758     3.1542     2.3215  0.000e+00
     70.113    10.2789   3.619220    32.7796        759     3.1583     2.3202  0.000e+00
     70.093    10.2801   3.619305    32.7794        760     3.1625     2.3208  0.000e+00
     70.059    10.2811   3.619067    32.7760        761     3.1667     2.3214  0.000e+00
     70.012    10.2812   3.618448    32.7698        762     3.1708     2.3208  0.000e+00
     69.951    10.2798   3.617903    32.7655        763     3.1750     2.3229  0.000e+00
     69.876    10.2772   3.617028    32.7591        764     3.1792     2.3222  0.000e+00
     69.800    10.2732   3.615644    32.7488        765     3.1833     2.3227  0.000e+00
     69.710    10.2677   3.614071    32.7380        766     3.1875     2.3234  0.000e+00
     69.621    10.2605   3.612737    32.7311        767     3.1917     2.3235  0.000e+00
     69.522    10.2534   3.612272    32.7328        768     3.1958     2.3222  0.000e+00
     69.426    10.2477   3.612119    32.7365        769     3.2000     2.3224  0.000e+00
     69.333    10.2444   3.612033    32.7386        770     3.2042     2.3223  0.000e+00
     69.234    10.2425   3.611880    32.7388        771     3.2083     2.3222  0.000e+00
     69.133    10.2415   3.611795    32.7390        772     3.2125     2.3222  0.000e+00
     69.018    10.2407   3.611642    32.7381        773     3.2167     2.3223  0.000e+00
     68.909    10.2400   3.611201    32.7344        774     3.2208     2.3232  0.000e+00
     68.790    10.2391   3.610987    32.7331        775     3.2250     2.3227  0.000e+00
     68.668    10.2377   3.610895    32.7335        776     3.2292     2.3214  0.000e+00
     68.546    10.2368   3.610656    32.7319        777     3.2333     2.3222  0.000e+00
     68.420    10.2357   3.610326    32.7297        778     3.2375     2.3226  0.000e+00
     68.301    10.2345   3.610198    32.7295        779     3.2417     2.3219  0.000e+00
     68.179    10.2332   3.610002    32.7287        780     3.2458     2.3214  0.000e+00
     68.071    10.2322   3.610002    32.7297        781     3.2500     2.3228  0.000e+00
     67.974    10.2316   3.610130    32.7316        782     3.2542     2.3230  0.000e+00
     67.888    10.2322   3.610534    32.7351        783     3.2583     2.3225  0.000e+00
     67.827    10.2346   3.610632    32.7340        784     3.2625     2.3206  0.000e+00
     67.774    10.2372   3.610656    32.7319        785     3.2667     2.3210  0.000e+00
     67.739    10.2390   3.610834    32.7321        786     3.2708     2.3217  0.000e+00
     67.710    10.2402   3.610852    32.7312        787     3.2750     2.3212  0.000e+00
     67.697    10.2412   3.610681    32.7286        788     3.2792     2.3203  0.000e+00
     67.690    10.2413   3.610632    32.7280        789     3.2833     2.3198  0.000e+00
     67.699    10.2411   3.610521    32.7270        790     3.2875     2.3200  0.000e+00
     67.708    10.2401   3.610393    32.7266        791     3.2917     2.3184  0.000e+00
     67.719    10.2392   3.610240    32.7260        792     3.2958     2.3196  0.000e+00
     67.730    10.2376   3.610112    32.7261        793     3.3000     2.3183  0.000e+00
     67.740    10.2359   3.610020    32.7267        794     3.3042     2.3173  0.000e+00
     67.757    10.2346   3.609934    32.7270        795     3.3083     2.3166  0.000e+00
     67.771    10.2331   3.609910    32.7281        796     3.3125     2.3161  0.000e+00
     67.794    10.2321   3.609959    32.7295        797     3.3167     2.3161  0.000e+00
     67.816    10.2316   3.609934    32.7297        798     3.3208     2.3146  0.000e+00
     67.841    10.2316   3.609910    32.7295        799     3.3250     2.3138  0.000e+00
     67.852    10.2311   3.609910    32.7299        800     3.3292     2.3162  0.000e+00
     67.864    10.2310   3.609910    32.7299        801     3.3333     2.3158  0.000e+00
     67.866    10.2310   3.609934    32.7302        802     3.3375     2.3161  0.000e+00
     67.852    10.2310   3.609934    32.7302        803     3.3417     2.3163  0.000e+00
     67.823    10.2313   3.610087    32.7315        804     3.3458     2.3166  0.000e+00
     67.774    10.2318   3.610044    32.7307        805     3.3500     2.3177  0.000e+00
     67.715    10.2329   3.610436    32.7336        806     3.3542     2.3194  0.000e+00
     67.638    10.2347   3.610350    32.7312        807     3.3583     2.3172  0.000e+00
     67.544    10.2364   3.610197    32.7281        808     3.3625     2.3187  0.000e+00
     67.449    10.2364   3.610112    32.7273        809     3.3667     2.3187  0.000e+00
     67.341    10.2358   3.610173    32.7285        810     3.3708     2.3176  0.000e+00
     67.226    10.2353   3.610283    32.7301        811     3.3750     2.3168  0.000e+00
     67.108    10.2358   3.610589    32.7327        812     3.3792     2.3163  0.000e+00
     66.993    10.2374   3.610876    32.7343        813     3.3833     2.3158  0.000e+00
     66.874    10.2396   3.610809    32.7317        814     3.3875     2.3158  0.000e+00
     66.761    10.2414   3.610962    32.7317        815     3.3917     2.3142  0.000e+00
     66.651    10.2424   3.611396    32.7352        816     3.3958     2.3145  0.000e+00
     66.540    10.2454   3.611378    32.7323        817     3.4000     2.3162  0.000e+00
     66.434    10.2474   3.611267    32.7295        818     3.4042     2.3165  0.000e+00
     66.336    10.2483   3.611359    32.7296        819     3.4083     2.3170  0.000e+00
     66.232    10.2489   3.611726    32.7329        820     3.4125     2.3179  0.000e+00
     66.141    10.2504   3.611812    32.7324        821     3.4167     2.3188  0.000e+00
     66.049    10.2523   3.611836    32.7309        822     3.4208     2.3193  0.000e+00
     65.961    10.2535   3.612142    32.7330        823     3.4250     2.3202  0.000e+00
     65.891    10.2552   3.612644    32.7365        824     3.4292     2.3190  0.000e+00
     65.839    10.2580   3.612687    32.7345        825     3.4333     2.3187  0.000e+00
     65.801    10.2604   3.612472    32.7302        826     3.4375     2.3181  0.000e+00
     65.777    10.2610   3.612601    32.7309        827     3.4417     2.3174  0.000e+00
     65.770    10.2618   3.612381    32.7280        828     3.4458     2.3161  0.000e+00
     65.776    10.2611   3.612472    32.7295        829     3.4500     2.3177  0.000e+00
     65.788    10.2610   3.612583    32.7307        830     3.4542     2.3169  0.000e+00
     65.801    10.2614   3.612864    32.7332        831     3.4583     2.3169  0.000e+00
     65.813    10.2626   3.612950    32.7330        832     3.4625     2.3168  0.000e+00
     65.824    10.2641   3.612950    32.7317        833     3.4667     2.3176  0.000e+00
     65.817    10.2648   3.612889    32.7304        834     3.4708     2.3174  0.000e+00
     65.806    10.2653   3.612754    32.7286        835     3.4750     2.3163  0.000e+00
     65.770    10.2648   3.612821    32.7297        836     3.4792     2.3167  0.000e+00
     65.725    10.2646   3.612950    32.7312        837     3.4833     2.3161  0.000e+00
     65.653    10.2648   3.612950    32.7311        838     3.4875     2.3165  0.000e+00
     65.578    10.2653   3.613127    32.7324        839     3.4917     2.3183  0.000e+00
     65.488    10.2662   3.613409    32.7345        840     3.4958     2.3169  0.000e+00
     65.384    10.2682   3.613586    32.7346        841     3.5000     2.3179  0.000e+00
     65.274    10.2704   3.613629    32.7330        842     3.5042     2.3184  0.000e+00
     65.150    10.2719   3.613696    32.7324        843     3.5083     2.3200  0.000e+00
     65.021    10.2732   3.613977    32.7341        844     3.5125     2.3202  0.000e+00
     64.897    10.2744   3.613977    32.7331        845     3.5167     2.3216  0.000e+00
     64.769    10.2760   3.614069    32.7326        846     3.5208     2.3220  0.000e+00
     64.638    10.2768   3.613849    32.7297        847     3.5250     2.3226  0.000e+00
     64.503    10.2774   3.613696    32.7278        848     3.5292     2.3232  0.000e+00
     64.366    10.2770   3.613653    32.7277        849     3.5333     2.3241  0.000e+00
     64.233    10.2766   3.613610    32.7277        850     3.5375     2.3235  0.000e+00
     64.104    10.2764   3.613916    32.7310        851     3.5417     2.3245  0.000e+00
     63.982    10.2769   3.613891    32.7304        852     3.5458     2.3233  0.000e+00
     63.872    10.2779   3.614002    32.7306        853     3.5500     2.3237  0.000e+00
     63.773    10.2788   3.613977    32.7296        854     3.5542     2.3240  0.000e+00
     63.685    10.2795   3.613977    32.7290        855     3.5583     2.3236  0.000e+00
     63.617    10.2800   3.613916    32.7280        856     3.5625     2.3241  0.000e+00
     63.561    10.2801   3.613977    32.7286        857     3.5667     2.3232  0.000e+00
     63.525    10.2801   3.614026    32.7291        858     3.5708     2.3230  0.000e+00
     63.513    10.2801   3.614001    32.7288        859     3.5750     2.3229  0.000e+00
     63.505    10.2804   3.614001    32.7285        860     3.5792     2.3232  0.000e+00
     63.507    10.2805   3.614026    32.7287        861     3.5833     2.3215  0.000e+00
     63.522    10.2809   3.614026    32.7283        862     3.5875     2.3216  0.000e+00
     63.532    10.2812   3.614026    32.7281        863     3.5917     2.3210  0.000e+00
     63.550    10.2816   3.614026    32.7277        864     3.5958     2.3210  0.000e+00
     63.561    10.2819   3.614026    32.7274        865     3.6000     2.3212  0.000e+00
     63.568    10.2818   3.614026    32.7275        866     3.6042     2.3207  0.000e+00
     63.568    10.2818   3.614026    32.7275        867     3.6083     2.3204  0.000e+00
     63.556    10.2818   3.614026    32.7275        868     3.6125     2.3192  0.000e+00
     63.527    10.2818   3.614001    32.7273        869     3.6167     2.3200  0.000e+00
     63.486    10.2817   3.614001    32.7274        870     3.6208     2.3204  0.000e+00
     63.428    10.2819   3.614001    32.7273        871     3.6250     2.3204  0.000e+00
     63.347    10.2821   3.614044    32.7275        872     3.6292     2.3199  0.000e+00
     63.252    10.2823   3.614044    32.7274        873     3.6333     2.3204  0.000e+00
     63.149    10.2828   3.614044    32.7269        874     3.6375     2.3213  0.000e+00
     63.029    10.2832   3.613977    32.7259        875     3.6417     2.3210  0.000e+00
     62.901    10.2834   3.613873    32.7248        876     3.6458     2.3210  0.000e+00
     62.767    10.2832   3.613560    32.7219        877     3.6500     2.3217  0.000e+00
     62.625    10.2827   3.613499    32.7218        878     3.6542     2.3220  0.000e+00
     62.474    10.2819   3.613169    32.7193        879     3.6583     2.3222  0.000e+00
     62.317    10.2812   3.613040    32.7187        880     3.6625     2.3229  0.000e+00
     62.166    10.2802   3.612973    32.7189        881     3.6667     2.3233  0.000e+00
     62.021    10.2796   3.612887    32.7187        882     3.6708     2.3233  0.000e+00
     61.877    10.2790   3.612777    32.7182        883     3.6750     2.3243  0.000e+00
     61.747    10.2785   3.612734    32.7183        884     3.6792     2.3235  0.000e+00
     61.629    10.2783   3.612709    32.7183        885     3.6833     2.3236  0.000e+00
     61.514    10.2782   3.612667    32.7180        886     3.6875     2.3233  0.000e+00
     61.418    10.2781   3.612599    32.7174        887     3.6917     2.3248  0.000e+00
     61.334    10.2779   3.612599    32.7176        888     3.6958     2.3251  0.000e+00
     61.268    10.2777   3.612446    32.7163        889     3.7000     2.3245  0.000e+00
     61.214    10.2773   3.612360    32.7158        890     3.7042     2.3232  0.000e+00
     61.179    10.2767   3.612379    32.7166        891     3.7083     2.3236  0.000e+00
     61.154    10.2766   3.612293    32.7158        892     3.7125     2.3234  0.000e+00
     61.138    10.2763   3.612165    32.7148        893     3.7167     2.3238  0.000e+00
     61.131    10.2760   3.612165    32.7151        894     3.7208     2.3234  0.000e+00
     61.127    10.2754   3.612097    32.7149        895     3.7250     2.3226  0.000e+00
     61.129    10.2752   3.612097    32.7151        896     3.7292     2.3223  0.000e+00
     61.127    10.2749   3.612073    32.7151        897     3.7333     2.3221  0.000e+00
     61.118    10.2748   3.612073    32.7152        898     3.7375     2.3225  0.000e+00
     61.111    10.2746   3.612073    32.7153        899     3.7417     2.3208  0.000e+00
     61.086    10.2746   3.612055    32.7152        900     3.7458     2.3195  0.000e+00
     61.063    10.2744   3.611963    32.7144        901     3.7500     2.3187  0.000e+00
     61.023    10.2741   3.611944    32.7146        902     3.7542     2.3177  0.000e+00
     60.987    10.2741   3.611920    32.7143        903     3.7583     2.3181  0.000e+00
     60.924    10.2736   3.611767    32.7133        904     3.7625     2.3173  0.000e+00
     60.859    10.2733   3.611681    32.7127        905     3.7667     2.3178  0.000e+00
     60.786    10.2727   3.611571    32.7122        906     3.7708     2.3176  0.000e+00
     60.692    10.2722   3.611351    32.7105        907     3.7750     2.3171  0.000e+00
     60.595    10.2713   3.611332    32.7112        908     3.7792     2.3184  0.000e+00
