PC2305/sbe148.cnv
* Sea-Bird SBE 19plus V2 Data File:
* FileName = C:\cruise\data\sbe148.hex
* Software Version Seasave V 7.26.7.121
* Temperature SN = 7142
* Conductivity SN = 7142
* System UpLoad Time = Nov 11 2023 10:51:18
** Cruise: PC2205
** Program: ECOMON
# nquan = 8
# nvalues = 2622                                  
# units = specified
# name 0 = depSM: Depth [salt water, m], lat = 40.00
# name 1 = tv290C: Temperature [ITS-90, deg C]
# name 2 = c0S/m: Conductivity [S/m]
# name 3 = sal00: Salinity, Practical [PSU]
# name 4 = scan: Scan Count
# name 5 = timeM: Time, Elapsed [minutes]
# name 6 = sbeox0V: Oxygen raw, SBE 43 [V]
# name 7 = flag:  0.000e+00
# span 0 =     -0.080,    123.561                 
# span 1 =     8.3277,    10.1112                 
# span 2 =   0.000152,   3.529711                 
# span 3 =     0.0045,    33.0798                 
# span 4 =         11,       2632                 
# span 5 =     0.0417,    10.9625                 
# span 6 =     1.8679,     2.7260                 
# span 7 = 0.0000e+00, 0.0000e+00                 
# interval = seconds: 0.25
# start_time = Nov 11 2023 10:51:18 [System UTC, header]
# bad_flag = -9.990e-29
*END*
[from data line 1439]
     62.400     9.3465   3.497206    32.3840       1450     6.0375     2.4127  0.000e+00
     62.354     9.3469   3.497296    32.3846       1451     6.0417     2.4142  0.000e+00
     62.298     9.3479   3.497417    32.3850       1452     6.0458     2.4152  0.000e+00
     62.239     9.3495   3.497478    32.3842       1453     6.0500     2.4185  0.000e+00
     62.181     9.3505   3.497514    32.3836       1454     6.0542     2.4206  0.000e+00
     62.111     9.3520   3.497774    32.3850       1455     6.0583     2.4255  0.000e+00
     62.046     9.3545   3.497858    32.3836       1456     6.0625     2.4277  0.000e+00
     61.985     9.3567   3.497888    32.3820       1457     6.0667     2.4301  0.000e+00
     61.924     9.3581   3.498045    32.3823       1458     6.0708     2.4327  0.000e+00
     61.868     9.3607   3.498088    32.3805       1459     6.0750     2.4337  0.000e+00
     61.813     9.3632   3.498112    32.3785       1460     6.0792     2.4348  0.000e+00
     61.757     9.3645   3.498245    32.3787       1461     6.0833     2.4347  0.000e+00
     61.707     9.3670   3.498492    32.3790       1462     6.0875     2.4354  0.000e+00
     61.669     9.3707   3.498492    32.3756       1463     6.0917     2.4355  0.000e+00
     61.626     9.3734   3.498577    32.3742       1464     6.0958     2.4348  0.000e+00
     61.588     9.3753   3.498661    32.3733       1465     6.1000     2.4343  0.000e+00
     61.552     9.3769   3.498746    32.3727       1466     6.1042     2.4348  0.000e+00
     61.520     9.3788   3.498909    32.3727       1467     6.1083     2.4361  0.000e+00
     61.484     9.3802   3.498788    32.3702       1468     6.1125     2.4363  0.000e+00
     61.446     9.3803   3.498595    32.3681       1469     6.1167     2.4376  0.000e+00
     61.405     9.3784   3.498667    32.3706       1470     6.1208     2.4380  0.000e+00
     61.365     9.3782   3.499060    32.3748       1471     6.1250     2.4394  0.000e+00
     61.322     9.3812   3.499229    32.3739       1472     6.1292     2.4397  0.000e+00
     61.270     9.3854   3.499229    32.3701       1473     6.1333     2.4406  0.000e+00
     61.216     9.3892   3.499174    32.3662       1474     6.1375     2.4421  0.000e+00
     61.165     9.3918   3.499102    32.3631       1475     6.1417     2.4415  0.000e+00
     61.097     9.3932   3.498848    32.3592       1476     6.1458     2.4414  0.000e+00
     61.038     9.3936   3.498353    32.3539       1477     6.1500     2.4417  0.000e+00
     60.968     9.3931   3.497755    32.3481       1478     6.1542     2.4414  0.000e+00
     60.899     9.3925   3.497604    32.3472       1479     6.1583     2.4401  0.000e+00
     60.829     9.3925   3.497579    32.3469       1480     6.1625     2.4410  0.000e+00
     60.763     9.3929   3.497585    32.3467       1481     6.1667     2.4416  0.000e+00
     60.691     9.3938   3.497392    32.3439       1482     6.1708     2.4419  0.000e+00
     60.619     9.3952   3.497247    32.3412       1483     6.1750     2.4424  0.000e+00
     60.551     9.3965   3.497247    32.3400       1484     6.1792     2.4448  0.000e+00
     60.486     9.3983   3.497265    32.3386       1485     6.1833     2.4454  0.000e+00
     60.421     9.4002   3.497247    32.3368       1486     6.1875     2.4465  0.000e+00
     60.360     9.4014   3.497265    32.3359       1487     6.1917     2.4473  0.000e+00
     60.303     9.4022   3.497265    32.3352       1488     6.1958     2.4458  0.000e+00
     60.252     9.4031   3.497247    32.3342       1489     6.2000     2.4441  0.000e+00
     60.200     9.4038   3.497247    32.3336       1490     6.2042     2.4429  0.000e+00
     60.162     9.4038   3.497247    32.3336       1491     6.2083     2.4416  0.000e+00
     60.123     9.4040   3.497247    32.3334       1492     6.2125     2.4413  0.000e+00
     60.076     9.4051   3.497295    32.3330       1493     6.2167     2.4410  0.000e+00
     60.031     9.4067   3.497307    32.3317       1494     6.2208     2.4413  0.000e+00
     59.979     9.4077   3.497349    32.3312       1495     6.2250     2.4401  0.000e+00
     59.931     9.4087   3.497313    32.3300       1496     6.2292     2.4404  0.000e+00
     59.870     9.4093   3.497331    32.3296       1497     6.2333     2.4414  0.000e+00
     59.807     9.4098   3.497307    32.3290       1498     6.2375     2.4403  0.000e+00
     59.731     9.4102   3.497295    32.3285       1499     6.2417     2.4414  0.000e+00
     59.652     9.4111   3.497265    32.3275       1500     6.2458     2.4411  0.000e+00
     59.578     9.4122   3.497289    32.3268       1501     6.2500     2.4417  0.000e+00
     59.510     9.4137   3.497307    32.3256       1502     6.2542     2.4429  0.000e+00
     59.442     9.4153   3.497246    32.3236       1503     6.2583     2.4423  0.000e+00
     59.382     9.4165   3.497264    32.3227       1504     6.2625     2.4439  0.000e+00
     59.330     9.4178   3.497228    32.3212       1505     6.2667     2.4460  0.000e+00
     59.289     9.4187   3.497228    32.3204       1506     6.2708     2.4487  0.000e+00
     59.253     9.4185   3.497186    32.3202       1507     6.2750     2.4507  0.000e+00
     59.219     9.4183   3.497204    32.3205       1508     6.2792     2.4535  0.000e+00
     59.190     9.4188   3.497228    32.3203       1509     6.2833     2.4534  0.000e+00
     59.160     9.4198   3.497228    32.3194       1510     6.2875     2.4532  0.000e+00
     59.125     9.4205   3.497246    32.3190       1511     6.2917     2.4538  0.000e+00
     59.091     9.4208   3.497246    32.3188       1512     6.2958     2.4542  0.000e+00
     59.052     9.4212   3.497264    32.3186       1513     6.3000     2.4553  0.000e+00
     58.998     9.4217   3.497307    32.3186       1514     6.3042     2.4564  0.000e+00
     58.944     9.4223   3.497294    32.3179       1515     6.3083     2.4575  0.000e+00
     58.886     9.4235   3.497373    32.3177       1516     6.3125     2.4571  0.000e+00
     58.818     9.4253   3.497349    32.3159       1517     6.3167     2.4562  0.000e+00
     58.744     9.4263   3.497306    32.3145       1518     6.3208     2.4563  0.000e+00
     58.662     9.4266   3.497312    32.3144       1519     6.3250     2.4564  0.000e+00
     58.579     9.4263   3.497306    32.3146       1520     6.3292     2.4565  0.000e+00
     58.493     9.4258   3.497331    32.3154       1521     6.3333     2.4581  0.000e+00
     58.396     9.4255   3.497361    32.3160       1522     6.3375     2.4594  0.000e+00
     58.304     9.4253   3.497330    32.3159       1523     6.3417     2.4593  0.000e+00
     58.216     9.4254   3.497330    32.3158       1524     6.3458     2.4608  0.000e+00
     58.124     9.4257   3.497379    32.3161       1525     6.3500     2.4609  0.000e+00
     58.047     9.4266   3.497499    32.3166       1526     6.3542     2.4599  0.000e+00
     57.971     9.4280   3.497391    32.3142       1527     6.3583     2.4613  0.000e+00
     57.903     9.4286   3.497379    32.3136       1528     6.3625     2.4606  0.000e+00
     57.838     9.4288   3.497391    32.3136       1529     6.3667     2.4598  0.000e+00
     57.781     9.4288   3.497415    32.3138       1530     6.3708     2.4589  0.000e+00
     57.725     9.4290   3.497360    32.3132       1531     6.3750     2.4590  0.000e+00
     57.675     9.4293   3.497560    32.3149       1532     6.3792     2.4597  0.000e+00
     57.617     9.4311   3.497838    32.3162       1533     6.3833     2.4610  0.000e+00
     57.565     9.4338   3.497922    32.3146       1534     6.3875     2.4622  0.000e+00
     57.513     9.4363   3.497886    32.3120       1535     6.3917     2.4619  0.000e+00
     57.459     9.4373   3.497729    32.3096       1536     6.3958     2.4626  0.000e+00
     57.412     9.4371   3.497686    32.3093       1537     6.4000     2.4635  0.000e+00
     57.371     9.4369   3.497801    32.3106       1538     6.4042     2.4655  0.000e+00
     57.322     9.4377   3.498085    32.3129       1539     6.4083     2.4668  0.000e+00
     57.278     9.4398   3.498194    32.3122       1540     6.4125     2.4675  0.000e+00
     57.231     9.4420   3.498176    32.3100       1541     6.4167     2.4674  0.000e+00
     57.173     9.4433   3.498170    32.3088       1542     6.4208     2.4681  0.000e+00
     57.114     9.4440   3.498085    32.3073       1543     6.4250     2.4681  0.000e+00
     57.042     9.4441   3.498133    32.3078       1544     6.4292     2.4682  0.000e+00
     56.965     9.4445   3.498212    32.3082       1545     6.4333     2.4690  0.000e+00
     56.879     9.4443   3.497940    32.3057       1546     6.4375     2.4698  0.000e+00
     56.785     9.4431   3.497922    32.3066       1547     6.4417     2.4703  0.000e+00
     56.690     9.4420   3.497952    32.3080       1548     6.4458     2.4710  0.000e+00
     56.600     9.4417   3.498043    32.3092       1549     6.4500     2.4699  0.000e+00
     56.523     9.4416   3.497813    32.3069       1550     6.4542     2.4708  0.000e+00
     56.435     9.4400   3.497601    32.3063       1551     6.4583     2.4712  0.000e+00
     56.357     9.4371   3.497414    32.3070       1552     6.4625     2.4706  0.000e+00
     56.282     9.4340   3.497390    32.3095       1553     6.4667     2.4703  0.000e+00
     56.206     9.4320   3.497336    32.3108       1554     6.4708     2.4701  0.000e+00
     56.133     9.4316   3.497287    32.3107       1555     6.4750     2.4702  0.000e+00
     56.061     9.4316   3.497372    32.3116       1556     6.4792     2.4703  0.000e+00
     55.991     9.4329   3.497777    32.3147       1557     6.4833     2.4695  0.000e+00
     55.917     9.4355   3.497964    32.3142       1558     6.4875     2.4699  0.000e+00
     55.845     9.4384   3.498042    32.3125       1559     6.4917     2.4686  0.000e+00
     55.771     9.4412   3.498018    32.3097       1560     6.4958     2.4682  0.000e+00
     55.687     9.4431   3.498084    32.3088       1561     6.5000     2.4684  0.000e+00
     55.608     9.4442   3.498254    32.3096       1562     6.5042     2.4680  0.000e+00
     55.512     9.4456   3.498362    32.3094       1563     6.5083     2.4687  0.000e+00
     55.419     9.4473   3.498199    32.3062       1564     6.5125     2.4696  0.000e+00
     55.304     9.4474   3.498066    32.3049       1565     6.5167     2.4708  0.000e+00
     55.192     9.4471   3.498024    32.3047       1566     6.5208     2.4726  0.000e+00
     55.085     9.4471   3.497975    32.3043       1567     6.5250     2.4735  0.000e+00
     54.979     9.4469   3.497963    32.3044       1568     6.5292     2.4723  0.000e+00
     54.885     9.4465   3.497963    32.3048       1569     6.5333     2.4739  0.000e+00
     54.811     9.4467   3.497951    32.3045       1570     6.5375     2.4750  0.000e+00
     54.750     9.4467   3.497939    32.3044       1571     6.5417     2.4757  0.000e+00
     54.709     9.4464   3.497879    32.3041       1572     6.5458     2.4752  0.000e+00
     54.691     9.4463   3.497824    32.3036       1573     6.5500     2.4758  0.000e+00
     54.675     9.4459   3.497770    32.3034       1574     6.5542     2.4755  0.000e+00
     54.664     9.4452   3.497752    32.3039       1575     6.5583     2.4758  0.000e+00
     54.659     9.4447   3.497770    32.3045       1576     6.5625     2.4729  0.000e+00
     54.641     9.4444   3.497824    32.3054       1577     6.5667     2.4697  0.000e+00
     54.623     9.4444   3.497855    32.3057       1578     6.5708     2.4670  0.000e+00
     54.610     9.4444   3.497879    32.3059       1579     6.5750     2.4646  0.000e+00
     54.589     9.4445   3.497867    32.3057       1580     6.5792     2.4626  0.000e+00
     54.553     9.4442   3.497770    32.3051       1581     6.5833     2.4592  0.000e+00
     54.504     9.4433   3.497752    32.3057       1582     6.5875     2.4597  0.000e+00
     54.441     9.4426   3.497734    32.3061       1583     6.5917     2.4601  0.000e+00
     54.362     9.4420   3.497836    32.3078       1584     6.5958     2.4600  0.000e+00
     54.272     9.4425   3.497643    32.3054       1585     6.6000     2.4605  0.000e+00
     54.170     9.4432   3.497492    32.3033       1586     6.6042     2.4615  0.000e+00
     54.067     9.4434   3.497389    32.3020       1587     6.6083     2.4634  0.000e+00
     53.963     9.4436   3.497413    32.3021       1588     6.6125     2.4669  0.000e+00
     53.862     9.4439   3.497425    32.3021       1589     6.6167     2.4682  0.000e+00
     53.753     9.4447   3.497516    32.3023       1590     6.6208     2.4719  0.000e+00
     53.647     9.4462   3.497667    32.3026       1591     6.6250     2.4736  0.000e+00
     53.550     9.4486   3.497667    32.3004       1592     6.6292     2.4749  0.000e+00
     53.451     9.4506   3.497643    32.2984       1593     6.6333     2.4765  0.000e+00
     53.366     9.4529   3.497624    32.2963       1594     6.6375     2.4771  0.000e+00
     53.278     9.4548   3.497600    32.2943       1595     6.6417     2.4795  0.000e+00
     53.194     9.4559   3.497467    32.2920       1596     6.6458     2.4806  0.000e+00
     53.118     9.4567   3.497389    32.2905       1597     6.6500     2.4810  0.000e+00
     53.046     9.4573   3.497346    32.2895       1598     6.6542     2.4819  0.000e+00
     52.980     9.4578   3.497334    32.2890       1599     6.6583     2.4823  0.000e+00
     52.921     9.4581   3.497346    32.2888       1600     6.6625     2.4824  0.000e+00
     52.877     9.4579   3.497389    32.2895       1601     6.6667     2.4835  0.000e+00
     52.834     9.4579   3.497292    32.2885       1602     6.6708     2.4826  0.000e+00
     52.804     9.4572   3.497226    32.2885       1603     6.6750     2.4842  0.000e+00
     52.773     9.4567   3.497183    32.2886       1604     6.6792     2.4843  0.000e+00
     52.757     9.4562   3.497201    32.2892       1605     6.6833     2.4847  0.000e+00
     52.743     9.4557   3.497286    32.2905       1606     6.6875     2.4851  0.000e+00
     52.725     9.4554   3.497244    32.2903       1607     6.6917     2.4826  0.000e+00
     52.703     9.4554   3.497226    32.2901       1608     6.6958     2.4806  0.000e+00
     52.683     9.4552   3.497226    32.2904       1609     6.7000     2.4788  0.000e+00
     52.647     9.4554   3.497286    32.2908       1610     6.7042     2.4769  0.000e+00
     52.604     9.4565   3.497304    32.2901       1611     6.7083     2.4749  0.000e+00
     52.545     9.4580   3.497401    32.2897       1612     6.7125     2.4729  0.000e+00
     52.480     9.4591   3.497370    32.2884       1613     6.7167     2.4727  0.000e+00
     52.396     9.4597   3.497370    32.2879       1614     6.7208     2.4733  0.000e+00
     52.299     9.4601   3.497491    32.2888       1615     6.7250     2.4737  0.000e+00
     52.189     9.4610   3.497624    32.2895       1616     6.7292     2.4738  0.000e+00
     52.078     9.4628   3.497811    32.2898       1617     6.7333     2.4742  0.000e+00
     51.963     9.4653   3.497998    32.2895       1618     6.7375     2.4746  0.000e+00
     51.860     9.4681   3.498065    32.2877       1619     6.7417     2.4758  0.000e+00
     51.749     9.4702   3.498004    32.2852       1620     6.7458     2.4767  0.000e+00
     51.655     9.4712   3.498004    32.2844       1621     6.7500     2.4775  0.000e+00
     51.574     9.4714   3.497998    32.2842       1622     6.7542     2.4782  0.000e+00
     51.501     9.4716   3.498125    32.2853       1623     6.7583     2.4789  0.000e+00
     51.436     9.4739   3.498530    32.2874       1624     6.7625     2.4783  0.000e+00
     51.375     9.4783   3.498663    32.2848       1625     6.7667     2.4785  0.000e+00
     51.325     9.4825   3.498783    32.2824       1626     6.7708     2.4775  0.000e+00
     51.280     9.4866   3.498886    32.2797       1627     6.7750     2.4778  0.000e+00
