PC2305/sbe116.cnv
* Sea-Bird SBE 19plus V2 Data File:
* FileName = C:\cruise\data\sbe116.hex
* Software Version Seasave V 7.26.7.121
* Temperature SN = 7142
* Conductivity SN = 7142
* System UpLoad Time = Nov 07 2023 05:10:07
** Cruise: PC2205
** Program: ECOMON
# nquan = 8
# nvalues = 2428                                  
# units = specified
# name 0 = depSM: Depth [salt water, m], lat = 40.00
# name 1 = tv290C: Temperature [ITS-90, deg C]
# name 2 = c0S/m: Conductivity [S/m]
# name 3 = sal00: Salinity, Practical [PSU]
# name 4 = scan: Scan Count
# name 5 = timeM: Time, Elapsed [minutes]
# name 6 = sbeox0V: Oxygen raw, SBE 43 [V]
# name 7 = flag:  0.000e+00
# span 0 =     -0.038,     50.523                 
# span 1 =    10.0526,    11.9658                 
# span 2 =   0.000287,   3.698413                 
# span 3 =     0.0063,    32.5293                 
# span 4 =         11,       2438                 
# span 5 =     0.0417,    10.1542                 
# span 6 =     2.3497,     2.9330                 
# span 7 = 0.0000e+00, 0.0000e+00                 
# interval = seconds: 0.25
# start_time = Nov 07 2023 05:10:07 [System UTC, header]
# bad_flag = -9.990e-29
*END*
[from data line 1618]
     37.962    11.5654   3.663398    32.0933       1629     6.7833     2.7196  0.000e+00
     37.868    11.5673   3.663521    32.0928       1630     6.7875     2.7191  0.000e+00
     37.782    11.5688   3.663768    32.0940       1631     6.7917     2.7186  0.000e+00
     37.705    11.5710   3.664032    32.0947       1632     6.7958     2.7186  0.000e+00
     37.622    11.5734   3.664611    32.0983       1633     6.8000     2.7192  0.000e+00
     37.548    11.5772   3.665460    32.1033       1634     6.8042     2.7195  0.000e+00
     37.473    11.5824   3.665706    32.1013       1635     6.8083     2.7206  0.000e+00
     37.412    11.5874   3.666038    32.1002       1636     6.8125     2.7209  0.000e+00
     37.347    11.5915   3.666217    32.0984       1637     6.8167     2.7199  0.000e+00
     37.291    11.5947   3.666346    32.0969       1638     6.8208     2.7214  0.000e+00
     37.236    11.5970   3.666617    32.0976       1639     6.8250     2.7241  0.000e+00
     37.171    11.5990   3.667214    32.1017       1640     6.8292     2.7247  0.000e+00
     37.117    11.6020   3.668242    32.1091       1641     6.8333     2.7248  0.000e+00
     37.050    11.6077   3.668888    32.1105       1642     6.8375     2.7255  0.000e+00
     36.989    11.6146   3.669910    32.1144       1643     6.8417     2.7265  0.000e+00
     36.926    11.6220   3.670692    32.1157       1644     6.8458     2.7263  0.000e+00
     36.858    11.6296   3.670828    32.1104       1645     6.8500     2.7266  0.000e+00
     36.795    11.6350   3.670920    32.1067       1646     6.8542     2.7279  0.000e+00
     36.725    11.6385   3.671142    32.1059       1647     6.8583     2.7289  0.000e+00
     36.653    11.6407   3.671117    32.1038       1648     6.8625     2.7291  0.000e+00
     36.580    11.6421   3.671696    32.1082       1649     6.8667     2.7286  0.000e+00
     36.508    11.6445   3.671874    32.1079       1650     6.8708     2.7285  0.000e+00
     36.425    11.6469   3.671985    32.1069       1651     6.8750     2.7286  0.000e+00
     36.344    11.6491   3.672367    32.1088       1652     6.8792     2.7284  0.000e+00
     36.256    11.6515   3.672903    32.1119       1653     6.8833     2.7269  0.000e+00
     36.168    11.6548   3.673199    32.1120       1654     6.8875     2.7271  0.000e+00
     36.074    11.6583   3.672921    32.1063       1655     6.8917     2.7275  0.000e+00
     35.979    11.6601   3.672903    32.1046       1656     6.8958     2.7273  0.000e+00
     35.875    11.6604   3.673482    32.1101       1657     6.9000     2.7278  0.000e+00
     35.776    11.6617   3.674350    32.1174       1658     6.9042     2.7282  0.000e+00
     35.674    11.6661   3.674665    32.1167       1659     6.9083     2.7278  0.000e+00
     35.578    11.6706   3.674732    32.1135       1660     6.9125     2.7271  0.000e+00
     35.483    11.6737   3.675065    32.1141       1661     6.9167     2.7278  0.000e+00
     35.395    11.6765   3.675693    32.1177       1662     6.9208     2.7275  0.000e+00
     35.307    11.6808   3.676630    32.1232       1663     6.9250     2.7275  0.000e+00
     35.224    11.6864   3.676654    32.1186       1664     6.9292     2.7266  0.000e+00
     35.145    11.6916   3.676698    32.1146       1665     6.9333     2.7284  0.000e+00
     35.072    11.6946   3.676852    32.1135       1666     6.9375     2.7295  0.000e+00
     35.003    11.6972   3.676808    32.1109       1667     6.9417     2.7289  0.000e+00
     34.924    11.6989   3.676408    32.1056       1668     6.9458     2.7292  0.000e+00
     34.863    11.6992   3.676500    32.1062       1669     6.9500     2.7290  0.000e+00
     34.788    11.6990   3.676519    32.1066       1670     6.9542     2.7300  0.000e+00
     34.723    11.6994   3.676630    32.1073       1671     6.9583     2.7292  0.000e+00
     34.658    11.7002   3.676654    32.1069       1672     6.9625     2.7289  0.000e+00
     34.581    11.7010   3.677190    32.1115       1673     6.9667     2.7292  0.000e+00
     34.514    11.7030   3.677905    32.1167       1674     6.9708     2.7286  0.000e+00
     34.441    11.7066   3.677702    32.1116       1675     6.9750     2.7288  0.000e+00
     34.369    11.7095   3.678041    32.1125       1676     6.9792     2.7302  0.000e+00
     34.295    11.7117   3.677677    32.1071       1677     6.9833     2.7316  0.000e+00
     34.220    11.7127   3.677369    32.1033       1678     6.9875     2.7317  0.000e+00
     34.146    11.7119   3.677122    32.1016       1679     6.9917     2.7331  0.000e+00
     34.069    11.7105   3.677208    32.1036       1680     6.9958     2.7345  0.000e+00
     33.991    11.7100   3.677165    32.1037       1681     7.0000     2.7327  0.000e+00
     33.911    11.7095   3.677165    32.1042       1682     7.0042     2.7341  0.000e+00
     33.830    11.7093   3.677369    32.1063       1683     7.0083     2.7339  0.000e+00
     33.756    11.7098   3.677720    32.1094       1684     7.0125     2.7343  0.000e+00
     33.673    11.7120   3.678059    32.1108       1685     7.0167     2.7353  0.000e+00
     33.592    11.7146   3.678638    32.1142       1686     7.0208     2.7359  0.000e+00
     33.512    11.7189   3.679402    32.1179       1687     7.0250     2.7366  0.000e+00
     33.427    11.7244   3.680315    32.1220       1688     7.0292     2.7364  0.000e+00
     33.341    11.7317   3.680586    32.1185       1689     7.0333     2.7364  0.000e+00
     33.262    11.7380   3.680808    32.1152       1690     7.0375     2.7367  0.000e+00
     33.177    11.7425   3.680875    32.1120       1691     7.0417     2.7364  0.000e+00
     33.095    11.7457   3.681393    32.1142       1692     7.0458     2.7365  0.000e+00
     33.008    11.7489   3.681658    32.1141       1693     7.0500     2.7374  0.000e+00
     32.926    11.7524   3.681794    32.1124       1694     7.0542     2.7383  0.000e+00
     32.843    11.7554   3.681880    32.1107       1695     7.0583     2.7384  0.000e+00
     32.766    11.7576   3.681948    32.1095       1696     7.0625     2.7379  0.000e+00
     32.687    11.7592   3.682133    32.1100       1697     7.0667     2.7386  0.000e+00
     32.611    11.7608   3.682534    32.1125       1698     7.0708     2.7384  0.000e+00
     32.532    11.7630   3.682891    32.1141       1699     7.0750     2.7399  0.000e+00
     32.458    11.7663   3.682934    32.1116       1700     7.0792     2.7390  0.000e+00
     32.379    11.7687   3.683113    32.1113       1701     7.0833     2.7394  0.000e+00
     32.306    11.7709   3.683539    32.1136       1702     7.0875     2.7389  0.000e+00
     32.230    11.7739   3.684032    32.1158       1703     7.0917     2.7392  0.000e+00
     32.160    11.7776   3.684741    32.1196       1704     7.0958     2.7399  0.000e+00
     32.090    11.7828   3.685130    32.1189       1705     7.1000     2.7409  0.000e+00
     32.025    11.7877   3.685463    32.1179       1706     7.1042     2.7419  0.000e+00
     31.959    11.7923   3.686024    32.1193       1707     7.1083     2.7414  0.000e+00
     31.890    11.7972   3.686339    32.1182       1708     7.1125     2.7428  0.000e+00
     31.828    11.8021   3.686653    32.1170       1709     7.1167     2.7444  0.000e+00
     31.752    11.8063   3.686986    32.1167       1710     7.1208     2.7433  0.000e+00
     31.686    11.8107   3.687282    32.1158       1711     7.1250     2.7441  0.000e+00
     31.612    11.8144   3.687529    32.1150       1712     7.1292     2.7451  0.000e+00
     31.538    11.8180   3.687751    32.1140       1713     7.1333     2.7455  0.000e+00
     31.463    11.8215   3.687973    32.1132       1714     7.1375     2.7455  0.000e+00
     31.387    11.8247   3.688245    32.1131       1715     7.1417     2.7453  0.000e+00
     31.304    11.8280   3.688510    32.1129       1716     7.1458     2.7459  0.000e+00
     31.222    11.8312   3.689003    32.1149       1717     7.1500     2.7459  0.000e+00
     31.137    11.8357   3.689497    32.1159       1718     7.1542     2.7454  0.000e+00
     31.053    11.8409   3.689744    32.1138       1719     7.1583     2.7451  0.000e+00
     30.968    11.8460   3.689793    32.1099       1720     7.1625     2.7466  0.000e+00
     30.875    11.8494   3.689879    32.1079       1721     7.1667     2.7475  0.000e+00
     30.780    11.8517   3.690262    32.1096       1722     7.1708     2.7482  0.000e+00
     30.681    11.8545   3.690645    32.1109       1723     7.1750     2.7484  0.000e+00
     30.578    11.8582   3.691138    32.1126       1724     7.1792     2.7487  0.000e+00
     30.474    11.8630   3.691990    32.1167       1725     7.1833     2.7511  0.000e+00
     30.363    11.8696   3.692842    32.1193       1726     7.1875     2.7515  0.000e+00
     30.253    11.8780   3.693292    32.1165       1727     7.1917     2.7520  0.000e+00
     30.143    11.8860   3.694231    32.1187       1728     7.1958     2.7515  0.000e+00
     30.028    11.8939   3.694416    32.1137       1729     7.2000     2.7537  0.000e+00
     29.931    11.9007   3.694706    32.1107       1730     7.2042     2.7550  0.000e+00
     29.825    11.9057   3.694842    32.1077       1731     7.2083     2.7531  0.000e+00
     29.736    11.9092   3.694909    32.1054       1732     7.2125     2.7544  0.000e+00
     29.653    11.9113   3.695132    32.1058       1733     7.2167     2.7574  0.000e+00
     29.570    11.9133   3.695607    32.1087       1734     7.2208     2.7569  0.000e+00
     29.500    11.9162   3.695947    32.1095       1735     7.2250     2.7569  0.000e+00
     29.434    11.9197   3.695514    32.1023       1736     7.2292     2.7570  0.000e+00
     29.376    11.9207   3.695947    32.1057       1737     7.2333     2.7582  0.000e+00
     29.326    11.9222   3.695965    32.1046       1738     7.2375     2.7575  0.000e+00
     29.284    11.9241   3.696138    32.1046       1739     7.2417     2.7577  0.000e+00
     29.241    11.9257   3.696261    32.1045       1740     7.2458     2.7575  0.000e+00
     29.207    11.9269   3.697114    32.1117       1741     7.2500     2.7573  0.000e+00
     29.171    11.9310   3.697138    32.1084       1742     7.2542     2.7572  0.000e+00
     29.139    11.9350   3.696978    32.1034       1743     7.2583     2.7573  0.000e+00
     29.112    11.9383   3.697126    32.1020       1744     7.2625     2.7569  0.000e+00
     29.078    11.9405   3.697200    32.1009       1745     7.2667     2.7573  0.000e+00
     29.044    11.9413   3.697002    32.0983       1746     7.2708     2.7545  0.000e+00
     28.997    11.9413   3.695650    32.0853       1747     7.2750     2.7536  0.000e+00
     28.954    11.9397   3.694594    32.0765       1748     7.2792     2.7524  0.000e+00
     28.894    11.9363   3.693853    32.0722       1749     7.2833     2.7526  0.000e+00
     28.830    11.9326   3.693174    32.0689       1750     7.2875     2.7548  0.000e+00
     28.763    11.9297   3.691698    32.0572       1751     7.2917     2.7551  0.000e+00
     28.675    11.9277   3.689655    32.0392       1752     7.2958     2.7547  0.000e+00
     28.589    11.9255   3.686916    32.0146       1753     7.3000     2.7547  0.000e+00
     28.488    11.9215   3.683135    31.9816       1754     7.3042     2.7544  0.000e+00
     28.380    11.9155   3.678615    31.9432       1755     7.3083     2.7560  0.000e+00
     28.276    11.9070   3.674899    31.9146       1756     7.3125     2.7579  0.000e+00
     28.161    11.8976   3.670551    31.8807       1757     7.3167     2.7585  0.000e+00
     28.053    11.8868   3.666942    31.8551       1758     7.3208     2.7596  0.000e+00
     27.942    11.8759   3.666432    31.8595       1759     7.3250     2.7621  0.000e+00
     27.836    11.8694   3.664807    31.8494       1760     7.3292     2.7649  0.000e+00
     27.732    11.8646   3.663404    31.8401       1761     7.3333     2.7695  0.000e+00
     27.627    11.8597   3.662561    31.8361       1762     7.3375     2.7723  0.000e+00
     27.530    11.8551   3.661601    31.8308       1763     7.3417     2.7745  0.000e+00
     27.440    11.8509   3.660290    31.8218       1764     7.3458     2.7779  0.000e+00
     27.342    11.8472   3.659017    31.8127       1765     7.3500     2.7809  0.000e+00
     27.252    11.8438   3.658334    31.8090       1766     7.3542     2.7842  0.000e+00
     27.169    11.8427   3.657867    31.8055       1767     7.3583     2.7866  0.000e+00
     27.088    11.8430   3.657670    31.8034       1768     7.3625     2.7906  0.000e+00
     27.007    11.8435   3.657516    31.8015       1769     7.3667     2.7934  0.000e+00
     26.941    11.8442   3.657449    31.8002       1770     7.3708     2.7966  0.000e+00
     26.864    11.8469   3.657381    31.7973       1771     7.3750     2.7988  0.000e+00
     26.795    11.8476   3.657295    31.7959       1772     7.3792     2.8011  0.000e+00
     26.727    11.8476   3.657246    31.7954       1773     7.3833     2.8031  0.000e+00
     26.655    11.8485   3.657178    31.7940       1774     7.3875     2.8056  0.000e+00
     26.583    11.8499   3.657067    31.7918       1775     7.3917     2.8083  0.000e+00
     26.520    11.8514   3.656981    31.7897       1776     7.3958     2.8116  0.000e+00
     26.447    11.8533   3.656827    31.7866       1777     7.4000     2.8133  0.000e+00
     26.380    11.8556   3.656846    31.7849       1778     7.4042     2.8154  0.000e+00
     26.310    11.8559   3.656895    31.7851       1779     7.4083     2.8172  0.000e+00
     26.244    11.8550   3.656760    31.7846       1780     7.4125     2.8182  0.000e+00
     26.182    11.8560   3.656735    31.7836       1781     7.4167     2.8199  0.000e+00
     26.123    11.8584   3.656759    31.7818       1782     7.4208     2.8211  0.000e+00
     26.064    11.8597   3.656778    31.7808       1783     7.4250     2.8230  0.000e+00
     26.008    11.8593   3.656716    31.7806       1784     7.4292     2.8232  0.000e+00
     25.952    11.8592   3.656649    31.7801       1785     7.4333     2.8241  0.000e+00
     25.893    11.8593   3.656606    31.7797       1786     7.4375     2.8246  0.000e+00
     25.841    11.8595   3.656624    31.7796       1787     7.4417     2.8258  0.000e+00
     25.776    11.8618   3.656649    31.7780       1788     7.4458     2.8269  0.000e+00
     25.710    11.8638   3.656606    31.7759       1789     7.4500     2.8275  0.000e+00
     25.649    11.8623   3.656606    31.7771       1790     7.4542     2.8288  0.000e+00
     25.586    11.8607   3.656606    31.7785       1791     7.4583     2.8294  0.000e+00
     25.510    11.8592   3.656606    31.7799       1792     7.4625     2.8296  0.000e+00
     25.435    11.8588   3.656581    31.7800       1793     7.4667     2.8291  0.000e+00
     25.354    11.8593   3.656667    31.7805       1794     7.4708     2.8301  0.000e+00
     25.266    11.8613   3.656605    31.7782       1795     7.4750     2.8300  0.000e+00
     25.172    11.8635   3.656759    31.7778       1796     7.4792     2.8304  0.000e+00
     25.083    11.8652   3.656937    31.7781       1797     7.4833     2.8307  0.000e+00
     24.984    11.8702   3.657066    31.7752       1798     7.4875     2.8306  0.000e+00
     24.890    11.8753   3.657005    31.7702       1799     7.4917     2.8333  0.000e+00
     24.795    11.8785   3.657023    31.7677       1800     7.4958     2.8327  0.000e+00
     24.703    11.8802   3.656869    31.7648       1801     7.5000     2.8329  0.000e+00
     24.610    11.8801   3.656845    31.7647       1802     7.5042     2.8332  0.000e+00
     24.522    11.8794   3.656869    31.7656       1803     7.5083     2.8323  0.000e+00
     24.437    11.8793   3.657091    31.7678       1804     7.5125     2.8320  0.000e+00
     24.351    11.8818   3.656955    31.7644       1805     7.5167     2.8323  0.000e+00
     24.268    11.8829   3.657177    31.7656       1806     7.5208     2.8330  0.000e+00
     24.191    11.8859   3.657269    31.7640       1807     7.5250     2.8351  0.000e+00
