PC2305/sbe109.cnv
* Sea-Bird SBE 19plus V2 Data File:
* FileName = C:\cruise\data\sbe109.hex
* Software Version Seasave V 7.26.7.121
* Temperature SN = 7142
* Conductivity SN = 7142
* System UpLoad Time = Nov 06 2023 14:19:00
** Cruise: PC2205
** Program: ECOMON
# nquan = 8
# nvalues = 1620                                  
# units = specified
# name 0 = depSM: Depth [salt water, m], lat = 40.00
# name 1 = tv290C: Temperature [ITS-90, deg C]
# name 2 = c0S/m: Conductivity [S/m]
# name 3 = sal00: Salinity, Practical [PSU]
# name 4 = scan: Scan Count
# name 5 = timeM: Time, Elapsed [minutes]
# name 6 = sbeox0V: Oxygen raw, SBE 43 [V]
# name 7 = flag:  0.000e+00
# span 0 =      0.020,     66.650                 
# span 1 =    12.5188,    17.1787                 
# span 2 =  -0.051719,   3.911077                 
# span 3 =     0.0000,    32.8954                 
# span 4 =         11,       1630                 
# span 5 =     0.0417,     6.7875                 
# span 6 =     1.7800,     2.7314                 
# span 7 = 0.0000e+00, 0.0000e+00                 
# interval = seconds: 0.25
# start_time = Nov 06 2023 14:19:00 [System UTC, header]
# bad_flag = -9.990e-29
*END*
[from data line 1259]
     19.177    12.5335   3.742363    32.0302       1270     5.2875     2.6512  0.000e+00
     19.150    12.5330   3.742363    32.0306       1271     5.2917     2.6506  0.000e+00
     19.125    12.5328   3.742375    32.0309       1272     5.2958     2.6503  0.000e+00
     19.114    12.5328   3.742431    32.0315       1273     5.3000     2.6499  0.000e+00
     19.091    12.5328   3.742413    32.0312       1274     5.3042     2.6498  0.000e+00
     19.071    12.5328   3.742363    32.0308       1275     5.3083     2.6496  0.000e+00
     19.048    12.5321   3.742288    32.0307       1276     5.3125     2.6492  0.000e+00
     19.021    12.5320   3.742208    32.0300       1277     5.3167     2.6490  0.000e+00
     18.996    12.5321   3.742158    32.0295       1278     5.3208     2.6496  0.000e+00
     18.964    12.5323   3.742177    32.0295       1279     5.3250     2.6502  0.000e+00
     18.917    12.5324   3.742208    32.0297       1280     5.3292     2.6507  0.000e+00
     18.870    12.5330   3.742158    32.0288       1281     5.3333     2.6506  0.000e+00
     18.807    12.5335   3.742201    32.0288       1282     5.3375     2.6504  0.000e+00
     18.748    12.5338   3.742158    32.0281       1283     5.3417     2.6517  0.000e+00
     18.676    12.5339   3.742158    32.0281       1284     5.3458     2.6541  0.000e+00
     18.599    12.5338   3.742115    32.0277       1285     5.3500     2.6534  0.000e+00
     18.514    12.5337   3.742201    32.0287       1286     5.3542     2.6538  0.000e+00
     18.433    12.5333   3.742208    32.0291       1287     5.3583     2.6543  0.000e+00
     18.347    12.5329   3.742208    32.0295       1288     5.3625     2.6554  0.000e+00
     18.266    12.5329   3.742176    32.0293       1289     5.3667     2.6567  0.000e+00
     18.184    12.5328   3.742158    32.0292       1290     5.3708     2.6571  0.000e+00
     18.097    12.5326   3.742139    32.0293       1291     5.3750     2.6577  0.000e+00
     18.002    12.5323   3.742176    32.0298       1292     5.3792     2.6577  0.000e+00
     17.910    12.5325   3.742207    32.0301       1293     5.3833     2.6583  0.000e+00
     17.826    12.5326   3.742183    32.0297       1294     5.3875     2.6579  0.000e+00
     17.745    12.5331   3.742207    32.0296       1295     5.3917     2.6579  0.000e+00
     17.670    12.5333   3.742201    32.0294       1296     5.3958     2.6578  0.000e+00
     17.592    12.5332   3.742182    32.0293       1297     5.4000     2.6610  0.000e+00
     17.529    12.5326   3.742226    32.0303       1298     5.4042     2.6625  0.000e+00
     17.461    12.5322   3.742263    32.0310       1299     5.4083     2.6594  0.000e+00
     17.404    12.5323   3.742275    32.0311       1300     5.4125     2.6625  0.000e+00
     17.346    12.5323   3.742275    32.0311       1301     5.4167     2.6628  0.000e+00
     17.296    12.5321   3.742306    32.0315       1302     5.4208     2.6583  0.000e+00
     17.255    12.5324   3.742226    32.0306       1303     5.4250     2.6583  0.000e+00
     17.211    12.5325   3.742226    32.0305       1304     5.4292     2.6583  0.000e+00
     17.172    12.5323   3.742251    32.0309       1305     5.4333     2.6567  0.000e+00
     17.134    12.5321   3.742306    32.0317       1306     5.4375     2.6571  0.000e+00
     17.107    12.5326   3.742294    32.0311       1307     5.4417     2.6568  0.000e+00
     17.080    12.5331   3.742319    32.0310       1308     5.4458     2.6563  0.000e+00
     17.046    12.5331   3.742288    32.0306       1309     5.4500     2.6560  0.000e+00
     17.014    12.5332   3.742294    32.0306       1310     5.4542     2.6561  0.000e+00
     16.978    12.5330   3.742275    32.0307       1311     5.4583     2.6560  0.000e+00
     16.933    12.5329   3.742288    32.0309       1312     5.4625     2.6548  0.000e+00
     16.890    12.5328   3.742275    32.0308       1313     5.4667     2.6547  0.000e+00
     16.832    12.5331   3.742250    32.0304       1314     5.4708     2.6544  0.000e+00
     16.766    12.5326   3.742250    32.0308       1315     5.4750     2.6548  0.000e+00
     16.696    12.5321   3.742244    32.0313       1316     5.4792     2.6557  0.000e+00
     16.622    12.5321   3.742319    32.0320       1317     5.4833     2.6555  0.000e+00
     16.561    12.5324   3.742182    32.0304       1318     5.4875     2.6558  0.000e+00
     16.507    12.5319   3.742157    32.0307       1319     5.4917     2.6557  0.000e+00
     16.466    12.5310   3.742182    32.0317       1320     5.4958     2.6557  0.000e+00
     16.428    12.5304   3.742182    32.0322       1321     5.5000     2.6561  0.000e+00
     16.394    12.5303   3.742157    32.0321       1322     5.5042     2.6545  0.000e+00
     16.361    12.5299   3.742157    32.0324       1323     5.5083     2.6537  0.000e+00
     16.338    12.5298   3.742157    32.0325       1324     5.5125     2.6539  0.000e+00
     16.297    12.5295   3.742157    32.0328       1325     5.5167     2.6523  0.000e+00
     16.255    12.5296   3.742176    32.0329       1326     5.5208     2.6530  0.000e+00
     16.207    12.5296   3.742139    32.0326       1327     5.5250     2.6527  0.000e+00
     16.139    12.5296   3.742139    32.0326       1328     5.5292     2.6533  0.000e+00
     16.067    12.5295   3.742132    32.0326       1329     5.5333     2.6535  0.000e+00
     15.971    12.5294   3.742138    32.0328       1330     5.5375     2.6536  0.000e+00
     15.874    12.5293   3.742138    32.0329       1331     5.5417     2.6541  0.000e+00
     15.774    12.5291   3.742114    32.0329       1332     5.5458     2.6554  0.000e+00
     15.666    12.5290   3.742132    32.0332       1333     5.5500     2.6560  0.000e+00
     15.555    12.5290   3.742138    32.0333       1334     5.5542     2.6560  0.000e+00
     15.449    12.5294   3.742089    32.0325       1335     5.5583     2.6576  0.000e+00
     15.362    12.5292   3.742070    32.0326       1336     5.5625     2.6565  0.000e+00
     15.287    12.5290   3.742089    32.0330       1337     5.5667     2.6567  0.000e+00
     15.228    12.5289   3.742070    32.0329       1338     5.5708     2.6564  0.000e+00
     15.177    12.5289   3.742089    32.0331       1339     5.5750     2.6559  0.000e+00
     15.139    12.5285   3.742070    32.0333       1340     5.5792     2.6547  0.000e+00
     15.113    12.5284   3.742070    32.0334       1341     5.5833     2.6529  0.000e+00
     15.086    12.5285   3.742070    32.0333       1342     5.5875     2.6520  0.000e+00
     15.075    12.5285   3.742045    32.0330       1343     5.5917     2.6506  0.000e+00
     15.059    12.5284   3.742070    32.0334       1344     5.5958     2.6500  0.000e+00
     15.039    12.5287   3.742045    32.0329       1345     5.6000     2.6512  0.000e+00
     15.017    12.5286   3.742045    32.0330       1346     5.6042     2.6511  0.000e+00
     14.999    12.5289   3.742070    32.0330       1347     5.6083     2.6512  0.000e+00
     14.972    12.5286   3.742070    32.0333       1348     5.6125     2.6521  0.000e+00
     14.938    12.5287   3.742045    32.0329       1349     5.6167     2.6521  0.000e+00
     14.890    12.5288   3.742070    32.0331       1350     5.6208     2.6524  0.000e+00
     14.830    12.5287   3.742070    32.0333       1351     5.6250     2.6525  0.000e+00
     14.762    12.5287   3.742045    32.0331       1352     5.6292     2.6523  0.000e+00
     14.692    12.5284   3.742045    32.0333       1353     5.6333     2.6543  0.000e+00
     14.622    12.5283   3.742070    32.0336       1354     5.6375     2.6541  0.000e+00
     14.552    12.5282   3.742045    32.0336       1355     5.6417     2.6533  0.000e+00
     14.471    12.5283   3.742045    32.0335       1356     5.6458     2.6535  0.000e+00
     14.401    12.5285   3.742020    32.0331       1357     5.6500     2.6520  0.000e+00
     14.345    12.5286   3.742020    32.0330       1358     5.6542     2.6509  0.000e+00
     14.293    12.5287   3.742001    32.0328       1359     5.6583     2.6496  0.000e+00
     14.255    12.5289   3.742045    32.0331       1360     5.6625     2.6479  0.000e+00
     14.216    12.5288   3.742020    32.0329       1361     5.6667     2.6482  0.000e+00
     14.191    12.5289   3.742045    32.0330       1362     5.6708     2.6484  0.000e+00
     14.162    12.5287   3.742026    32.0331       1363     5.6750     2.6491  0.000e+00
     14.139    12.5287   3.742045    32.0333       1364     5.6792     2.6488  0.000e+00
     14.115    12.5287   3.742088    32.0337       1365     5.6833     2.6489  0.000e+00
     14.092    12.5284   3.742045    32.0335       1366     5.6875     2.6487  0.000e+00
     14.061    12.5284   3.742070    32.0338       1367     5.6917     2.6483  0.000e+00
     14.022    12.5281   3.742069    32.0341       1368     5.6958     2.6479  0.000e+00
     13.973    12.5279   3.742069    32.0343       1369     5.7000     2.6490  0.000e+00
     13.914    12.5278   3.742045    32.0341       1370     5.7042     2.6480  0.000e+00
     13.849    12.5277   3.742045    32.0343       1371     5.7083     2.6482  0.000e+00
     13.781    12.5276   3.742020    32.0341       1372     5.7125     2.6480  0.000e+00
     13.714    12.5275   3.742026    32.0343       1373     5.7167     2.6493  0.000e+00
     13.659    12.5274   3.742020    32.0343       1374     5.7208     2.6502  0.000e+00
     13.599    12.5274   3.742020    32.0343       1375     5.7250     2.6496  0.000e+00
     13.546    12.5274   3.742026    32.0344       1376     5.7292     2.6510  0.000e+00
     13.486    12.5274   3.742020    32.0344       1377     5.7333     2.6504  0.000e+00
     13.434    12.5274   3.742020    32.0344       1378     5.7375     2.6522  0.000e+00
     13.375    12.5274   3.742026    32.0345       1379     5.7417     2.6524  0.000e+00
     13.323    12.5275   3.742001    32.0342       1380     5.7458     2.6528  0.000e+00
     13.267    12.5277   3.741976    32.0338       1381     5.7500     2.6524  0.000e+00
     13.204    12.5275   3.741951    32.0338       1382     5.7542     2.6525  0.000e+00
     13.152    12.5275   3.741957    32.0338       1383     5.7583     2.6525  0.000e+00
     13.104    12.5277   3.741951    32.0337       1384     5.7625     2.6522  0.000e+00
     13.048    12.5277   3.741908    32.0332       1385     5.7667     2.6525  0.000e+00
     13.001    12.5279   3.741939    32.0334       1386     5.7708     2.6527  0.000e+00
     12.945    12.5281   3.741908    32.0330       1387     5.7750     2.6525  0.000e+00
     12.902    12.5282   3.741908    32.0329       1388     5.7792     2.6522  0.000e+00
     12.856    12.5282   3.741870    32.0326       1389     5.7833     2.6522  0.000e+00
     12.811    12.5282   3.741933    32.0332       1390     5.7875     2.6529  0.000e+00
     12.757    12.5282   3.741883    32.0327       1391     5.7917     2.6546  0.000e+00
     12.710    12.5282   3.741883    32.0327       1392     5.7958     2.6554  0.000e+00
     12.654    12.5285   3.741914    32.0328       1393     5.8000     2.6550  0.000e+00
     12.597    12.5288   3.741908    32.0325       1394     5.8042     2.6556  0.000e+00
     12.550    12.5292   3.741908    32.0322       1395     5.8083     2.6561  0.000e+00
     12.500    12.5295   3.741889    32.0318       1396     5.8125     2.6564  0.000e+00
     12.457    12.5301   3.741908    32.0315       1397     5.8167     2.6558  0.000e+00
     12.424    12.5299   3.741908    32.0316       1398     5.8208     2.6567  0.000e+00
     12.394    12.5299   3.741908    32.0317       1399     5.8250     2.6554  0.000e+00
     12.376    12.5299   3.741914    32.0317       1400     5.8292     2.6546  0.000e+00
     12.360    12.5301   3.741908    32.0314       1401     5.8333     2.6561  0.000e+00
     12.352    12.5302   3.741907    32.0314       1402     5.8375     2.6545  0.000e+00
     12.358    12.5306   3.741914    32.0311       1403     5.8417     2.6538  0.000e+00
     12.363    12.5303   3.741932    32.0316       1404     5.8458     2.6528  0.000e+00
     12.372    12.5305   3.741932    32.0314       1405     5.8500     2.6523  0.000e+00
     12.390    12.5309   3.741939    32.0311       1406     5.8542     2.6517  0.000e+00
     12.415    12.5310   3.741932    32.0309       1407     5.8583     2.6532  0.000e+00
     12.444    12.5306   3.741932    32.0313       1408     5.8625     2.6524  0.000e+00
     12.458    12.5299   3.741951    32.0321       1409     5.8667     2.6524  0.000e+00
     12.466    12.5292   3.741914    32.0322       1410     5.8708     2.6527  0.000e+00
     12.464    12.5291   3.741908    32.0323       1411     5.8750     2.6527  0.000e+00
     12.455    12.5294   3.741951    32.0324       1412     5.8792     2.6537  0.000e+00
     12.430    12.5310   3.742001    32.0316       1413     5.8833     2.6541  0.000e+00
     12.392    12.5328   3.742001    32.0301       1414     5.8875     2.6537  0.000e+00
     12.334    12.5333   3.742001    32.0296       1415     5.8917     2.6533  0.000e+00
     12.257    12.5328   3.741982    32.0300       1416     5.8958     2.6537  0.000e+00
     12.173    12.5321   3.741951    32.0303       1417     5.9000     2.6546  0.000e+00
     12.081    12.5315   3.742000    32.0313       1418     5.9042     2.6548  0.000e+00
     11.981    12.5330   3.741839    32.0285       1419     5.9083     2.6553  0.000e+00
     11.882    12.5351   3.741653    32.0250       1420     5.9125     2.6538  0.000e+00
     11.799    12.5363   3.742019    32.0275       1421     5.9167     2.6532  0.000e+00
     11.738    12.5388   3.742087    32.0260       1422     5.9208     2.6547  0.000e+00
     11.682    12.5415   3.742068    32.0236       1423     5.9250     2.6548  0.000e+00
     11.639    12.5429   3.742155    32.0232       1424     5.9292     2.6562  0.000e+00
     11.607    12.5439   3.742224    32.0230       1425     5.9333     2.6567  0.000e+00
     11.582    12.5452   3.742286    32.0226       1426     5.9375     2.6567  0.000e+00
     11.560    12.5459   3.742317    32.0223       1427     5.9417     2.6580  0.000e+00
     11.542    12.5466   3.742478    32.0232       1428     5.9458     2.6617  0.000e+00
     11.519    12.5476   3.742546    32.0230       1429     5.9500     2.6586  0.000e+00
     11.497    12.5488   3.742652    32.0230       1430     5.9542     2.6632  0.000e+00
     11.467    12.5500   3.742708    32.0225       1431     5.9583     2.6626  0.000e+00
     11.432    12.5511   3.742633    32.0209       1432     5.9625     2.6629  0.000e+00
     11.393    12.5511   3.742217    32.0169       1433     5.9667     2.6623  0.000e+00
     11.332    12.5494   3.742223    32.0185       1434     5.9708     2.6647  0.000e+00
     11.281    12.5478   3.742087    32.0186       1435     5.9750     2.6672  0.000e+00
     11.226    12.5463   3.742329    32.0222       1436     5.9792     2.6680  0.000e+00
     11.166    12.5462   3.742546    32.0243       1437     5.9833     2.6682  0.000e+00
     11.104    12.5479   3.742360    32.0212       1438     5.9875     2.6696  0.000e+00
     11.041    12.5483   3.742316    32.0204       1439     5.9917     2.6702  0.000e+00
     10.972    12.5482   3.742285    32.0202       1440     5.9958     2.6707  0.000e+00
     10.918    12.5480   3.742546    32.0229       1441     6.0000     2.6719  0.000e+00
     10.863    12.5486   3.742453    32.0216       1442     6.0042     2.6708  0.000e+00
     10.823    12.5490   3.742478    32.0214       1443     6.0083     2.6699  0.000e+00
     10.789    12.5491   3.742478    32.0213       1444     6.0125     2.6701  0.000e+00
     10.773    12.5496   3.742453    32.0207       1445     6.0167     2.6702  0.000e+00
     10.760    12.5494   3.742329    32.0197       1446     6.0208     2.6704  0.000e+00
     10.748    12.5490   3.742409    32.0208       1447     6.0250     2.6710  0.000e+00
     10.735    12.5487   3.742360    32.0206       1448     6.0292     2.6716  0.000e+00
