PC2305/sbe143.cnv
* Sea-Bird SBE 19plus V2 Data File:
* FileName = C:\cruise\data\sbe143.hex
* Software Version Seasave V 7.26.7.121
* Temperature SN = 7142
* Conductivity SN = 7142
* System UpLoad Time = Nov 10 2023 19:46:33
** Cruise: PC2205
** Program: ECOMON
# nquan = 8
# nvalues = 4637                                  
# units = specified
# name 0 = depSM: Depth [salt water, m], lat = 40.00
# name 1 = tv290C: Temperature [ITS-90, deg C]
# name 2 = c0S/m: Conductivity [S/m]
# name 3 = sal00: Salinity, Practical [PSU]
# name 4 = scan: Scan Count
# name 5 = timeM: Time, Elapsed [minutes]
# name 6 = sbeox0V: Oxygen raw, SBE 43 [V]
# name 7 = flag:  0.000e+00
# span 0 =     -0.119,    114.242                 
# span 1 =     8.5670,    10.0503                 
# span 2 =   0.000135,   3.581483                 
# span 3 =     0.0046,    33.4890                 
# span 4 =         11,       4647                 
# span 5 =     0.0417,    19.3583                 
# span 6 =     1.7800,     2.8525                 
# span 7 = 0.0000e+00, 0.0000e+00                 
# interval = seconds: 0.25
# start_time = Nov 10 2023 19:46:33 [System UTC, header]
# bad_flag = -9.990e-29
*END*
[from data line 540]
     39.167     9.7471   3.530280    32.3714        551     2.2917     2.2671  0.000e+00
     39.227     9.7453   3.530443    32.3747        552     2.2958     2.2646  0.000e+00
     39.275     9.7437   3.530589    32.3776        553     2.3000     2.2639  0.000e+00
     39.329     9.7415   3.530589    32.3796        554     2.3042     2.2610  0.000e+00
     39.374     9.7398   3.530680    32.3819        555     2.3083     2.2572  0.000e+00
     39.421     9.7387   3.530868    32.3848        556     2.3125     2.2532  0.000e+00
     39.464     9.7378   3.530844    32.3854        557     2.3167     2.2495  0.000e+00
     39.514     9.7364   3.530741    32.3856        558     2.3208     2.2442  0.000e+00
     39.568     9.7339   3.530656    32.3869        559     2.3250     2.2379  0.000e+00
     39.626     9.7326   3.530771    32.3892        560     2.3292     2.2317  0.000e+00
     39.688     9.7313   3.530868    32.3914        561     2.3333     2.2245  0.000e+00
     39.755     9.7298   3.530886    32.3929        562     2.3375     2.2195  0.000e+00
     39.829     9.7285   3.530953    32.3947        563     2.3417     2.2112  0.000e+00
     39.904     9.7274   3.530996    32.3961        564     2.3458     2.2047  0.000e+00
     39.976     9.7260   3.531038    32.3978        565     2.3500     2.1995  0.000e+00
     40.050     9.7226   3.531232    32.4028        566     2.3542     2.1956  0.000e+00
     40.127     9.7180   3.531572    32.4103        567     2.3583     2.1914  0.000e+00
     40.190     9.7142   3.531760    32.4156        568     2.3625     2.1867  0.000e+00
     40.256     9.7122   3.531845    32.4183        569     2.3667     2.1850  0.000e+00
     40.321     9.7100   3.531827    32.4201        570     2.3708     2.1815  0.000e+00
     40.384     9.7072   3.531887    32.4232        571     2.3750     2.1797  0.000e+00
     40.442     9.7062   3.531954    32.4248        572     2.3792     2.1776  0.000e+00
     40.497     9.7057   3.532027    32.4259        573     2.3833     2.1756  0.000e+00
     40.558     9.7053   3.532039    32.4263        574     2.3875     2.1757  0.000e+00
     40.619     9.7049   3.532063    32.4269        575     2.3917     2.1743  0.000e+00
     40.679     9.7040   3.531997    32.4271        576     2.3958     2.1738  0.000e+00
     40.745     9.7031   3.532027    32.4281        577     2.4000     2.1733  0.000e+00
     40.808     9.7024   3.532063    32.4291        578     2.4042     2.1737  0.000e+00
     40.875     9.7010   3.532124    32.4309        579     2.4083     2.1730  0.000e+00
     40.938     9.6997   3.532124    32.4321        580     2.4125     2.1731  0.000e+00
     41.002     9.6981   3.532379    32.4361        581     2.4167     2.1732  0.000e+00
     41.074     9.6967   3.532585    32.4395        582     2.4208     2.1728  0.000e+00
     41.144     9.6936   3.532573    32.4421        583     2.4250     2.1764  0.000e+00
     41.211     9.6897   3.532658    32.4465        584     2.4292     2.1787  0.000e+00
     41.286     9.6858   3.532937    32.4528        585     2.4333     2.1821  0.000e+00
     41.360     9.6816   3.533034    32.4576        586     2.4375     2.1873  0.000e+00
     41.443     9.6788   3.533192    32.4617        587     2.4417     2.1932  0.000e+00
     41.520     9.6755   3.533253    32.4652        588     2.4458     2.1999  0.000e+00
     41.606     9.6741   3.533362    32.4676        589     2.4500     2.2035  0.000e+00
     41.683     9.6725   3.533423    32.4695        590     2.4542     2.2092  0.000e+00
     41.775     9.6699   3.533593    32.4736        591     2.4583     2.2124  0.000e+00
     41.865     9.6642   3.533684    32.4796        592     2.4625     2.2141  0.000e+00
     41.953     9.6600   3.533744    32.4840        593     2.4667     2.2243  0.000e+00
     42.038     9.6578   3.533787    32.4864        594     2.4708     2.2306  0.000e+00
     42.118     9.6574   3.533926    32.4882        595     2.4750     2.2396  0.000e+00
     42.199     9.6566   3.534042    32.4900        596     2.4792     2.2490  0.000e+00
     42.275     9.6547   3.534169    32.4930        597     2.4833     2.2613  0.000e+00
     42.348     9.6528   3.534278    32.4959        598     2.4875     2.2722  0.000e+00
     42.415     9.6511   3.534193    32.4964        599     2.4917     2.2865  0.000e+00
     42.487     9.6499   3.534175    32.4973        600     2.4958     2.2993  0.000e+00
     42.564     9.6494   3.534363    32.4996        601     2.5000     2.3154  0.000e+00
     42.640     9.6491   3.534448    32.5008        602     2.5042     2.3323  0.000e+00
     42.717     9.6479   3.534430    32.5017        603     2.5083     2.3540  0.000e+00
     42.798     9.6456   3.534515    32.5046        604     2.5125     2.3735  0.000e+00
     42.879     9.6438   3.534485    32.5058        605     2.5167     2.3954  0.000e+00
     42.969     9.6442   3.534491    32.5055        606     2.5208     2.4207  0.000e+00
     43.060     9.6456   3.534430    32.5036        607     2.5250     2.4441  0.000e+00
     43.146     9.6456   3.534618    32.5055        608     2.5292     2.4702  0.000e+00
     43.238     9.6433   3.534867    32.5101        609     2.5333     2.4941  0.000e+00
     43.326     9.6404   3.535067    32.5147        610     2.5375     2.5199  0.000e+00
     43.405     9.6367   3.535237    32.5197        611     2.5417     2.5431  0.000e+00
     43.488     9.6337   3.535304    32.5231        612     2.5458     2.5643  0.000e+00
     43.565     9.6310   3.535365    32.5261        613     2.5500     2.5853  0.000e+00
     43.642     9.6294   3.535450    32.5284        614     2.5542     2.6033  0.000e+00
     43.722     9.6277   3.535450    32.5299        615     2.5583     2.6204  0.000e+00
     43.802     9.6260   3.535492    32.5318        616     2.5625     2.6353  0.000e+00
     43.876     9.6251   3.535517    32.5328        617     2.5667     2.6478  0.000e+00
     43.955     9.6258   3.535517    32.5322        618     2.5708     2.6595  0.000e+00
     44.040     9.6271   3.535517    32.5309        619     2.5750     2.6700  0.000e+00
     44.126     9.6287   3.535517    32.5295        620     2.5792     2.6808  0.000e+00
     44.210     9.6282   3.535432    32.5291        621     2.5833     2.6910  0.000e+00
     44.299     9.6270   3.535408    32.5299        622     2.5875     2.6981  0.000e+00
     44.385     9.6279   3.535450    32.5295        623     2.5917     2.7038  0.000e+00
     44.475     9.6300   3.535535    32.5284        624     2.5958     2.7098  0.000e+00
     44.557     9.6332   3.535559    32.5256        625     2.6000     2.7120  0.000e+00
     44.644     9.6346   3.535687    32.5257        626     2.6042     2.7152  0.000e+00
     44.728     9.6323   3.535687    32.5277        627     2.6083     2.7174  0.000e+00
     44.807     9.6280   3.535651    32.5312        628     2.6125     2.7213  0.000e+00
     44.890     9.6240   3.535814    32.5365        629     2.6167     2.7248  0.000e+00
     44.971     9.6207   3.535899    32.5403        630     2.6208     2.7293  0.000e+00
     45.052     9.6190   3.536027    32.5431        631     2.6250     2.7336  0.000e+00
     45.134     9.6176   3.536100    32.5450        632     2.6292     2.7379  0.000e+00
     45.213     9.6168   3.536094    32.5457        633     2.6333     2.7429  0.000e+00
     45.287     9.6161   3.536009    32.5454        634     2.6375     2.7464  0.000e+00
     45.373     9.6153   3.536027    32.5463        635     2.6417     2.7500  0.000e+00
     45.442     9.6148   3.536221    32.5487        636     2.6458     2.7519  0.000e+00
     45.519     9.6149   3.536324    32.5496        637     2.6500     2.7543  0.000e+00
     45.589     9.6144   3.536282    32.5496        638     2.6542     2.7560  0.000e+00
     45.664     9.6124   3.536239    32.5509        639     2.6583     2.7525  0.000e+00
     45.744     9.6111   3.536264    32.5524        640     2.6625     2.7515  0.000e+00
     45.821     9.6097   3.536282    32.5538        641     2.6667     2.7488  0.000e+00
     45.905     9.6075   3.536300    32.5559        642     2.6708     2.7453  0.000e+00
     45.986     9.6060   3.536331    32.5575        643     2.6750     2.7406  0.000e+00
     46.072     9.6055   3.536264    32.5573        644     2.6792     2.7352  0.000e+00
     46.166     9.6043   3.536282    32.5586        645     2.6833     2.7322  0.000e+00
     46.259     9.6031   3.536197    32.5587        646     2.6875     2.7247  0.000e+00
     46.355     9.6029   3.536167    32.5585        647     2.6917     2.7171  0.000e+00
     46.446     9.6045   3.536331    32.5587        648     2.6958     2.7108  0.000e+00
     46.540     9.6058   3.536501    32.5593        649     2.7000     2.7032  0.000e+00
     46.631     9.6062   3.536646    32.5604        650     2.7042     2.6973  0.000e+00
     46.711     9.6059   3.536616    32.5603        651     2.7083     2.6901  0.000e+00
     46.788     9.6048   3.536562    32.5607        652     2.7125     2.6847  0.000e+00
     46.865     9.6027   3.536671    32.5636        653     2.7167     2.6791  0.000e+00
     46.941     9.6010   3.536883    32.5673        654     2.7208     2.6760  0.000e+00
     47.011     9.6012   3.537077    32.5691        655     2.7250     2.6744  0.000e+00
     47.084     9.6018   3.537181    32.5696        656     2.7292     2.6742  0.000e+00
     47.153     9.6010   3.537077    32.5692        657     2.7333     2.6752  0.000e+00
     47.216     9.5997   3.537035    32.5700        658     2.7375     2.6756  0.000e+00
     47.289     9.5986   3.537096    32.5715        659     2.7417     2.6771  0.000e+00
     47.347     9.5983   3.537138    32.5722        660     2.7458     2.6805  0.000e+00
     47.415     9.5983   3.537132    32.5722        661     2.7500     2.6814  0.000e+00
     47.480     9.5986   3.537078    32.5712        662     2.7542     2.6843  0.000e+00
     47.548     9.5996   3.537011    32.5697        663     2.7583     2.6856  0.000e+00
     47.624     9.6004   3.537096    32.5698        664     2.7625     2.6878  0.000e+00
     47.699     9.6025   3.537132    32.5682        665     2.7667     2.6887  0.000e+00
     47.778     9.6042   3.537096    32.5662        666     2.7708     2.6908  0.000e+00
     47.855     9.6021   3.537138    32.5685        667     2.7750     2.6926  0.000e+00
     47.947     9.5992   3.537205    32.5718        668     2.7792     2.6945  0.000e+00
     48.032     9.5962   3.537248    32.5749        669     2.7833     2.6974  0.000e+00
     48.121     9.5932   3.537248    32.5776        670     2.7875     2.7010  0.000e+00
     48.213     9.5908   3.537309    32.5804        671     2.7917     2.7022  0.000e+00
     48.301     9.5892   3.537375    32.5825        672     2.7958     2.7052  0.000e+00
     48.387     9.5880   3.537479    32.5845        673     2.8000     2.7059  0.000e+00
     48.470     9.5874   3.537545    32.5858        674     2.8042     2.7069  0.000e+00
     48.537     9.5871   3.537582    32.5864        675     2.8083     2.7090  0.000e+00
     48.608     9.5865   3.537612    32.5872        676     2.8125     2.7100  0.000e+00
     48.679     9.5857   3.537673    32.5885        677     2.8167     2.7128  0.000e+00
     48.747     9.5843   3.537715    32.5902        678     2.8208     2.7167  0.000e+00
     48.803     9.5836   3.537740    32.5911        679     2.8250     2.7194  0.000e+00
     48.865     9.5837   3.537782    32.5914        680     2.8292     2.7202  0.000e+00
     48.927     9.5853   3.537740    32.5894        681     2.8333     2.7231  0.000e+00
     48.993     9.5876   3.537697    32.5869        682     2.8375     2.7213  0.000e+00
     49.060     9.5886   3.537800    32.5870        683     2.8417     2.7233  0.000e+00
     49.128     9.5889   3.537916    32.5879        684     2.8458     2.7252  0.000e+00
     49.191     9.5875   3.537843    32.5884        685     2.8500     2.7250  0.000e+00
     49.261     9.5851   3.537782    32.5900        686     2.8542     2.7229  0.000e+00
     49.335     9.5838   3.537825    32.5915        687     2.8583     2.7227  0.000e+00
     49.412     9.5835   3.537801    32.5915        688     2.8625     2.7204  0.000e+00
     49.500     9.5836   3.537764    32.5910        689     2.8667     2.7177  0.000e+00
     49.592     9.5831   3.537867    32.5925        690     2.8708     2.7153  0.000e+00
     49.687     9.5821   3.538013    32.5948        691     2.8750     2.7123  0.000e+00
     49.782     9.5810   3.538165    32.5974        692     2.8792     2.7102  0.000e+00
     49.884     9.5787   3.538250    32.6002        693     2.8833     2.7105  0.000e+00
     49.983     9.5764   3.538365    32.6034        694     2.8875     2.7117  0.000e+00
     50.077     9.5753   3.538487    32.6056        695     2.8917     2.7142  0.000e+00
     50.161     9.5750   3.538572    32.6068        696     2.8958     2.7161  0.000e+00
     50.251     9.5750   3.538657    32.6076        697     2.9000     2.7178  0.000e+00
     50.325     9.5748   3.538699    32.6082        698     2.9042     2.7210  0.000e+00
     50.397     9.5743   3.538572    32.6073        699     2.9083     2.7261  0.000e+00
     50.460     9.5737   3.538505    32.6072        700     2.9125     2.7293  0.000e+00
     50.523     9.5726   3.538632    32.6095        701     2.9167     2.7332  0.000e+00
     50.587     9.5711   3.538869    32.6131        702     2.9208     2.7368  0.000e+00
     50.652     9.5704   3.538978    32.6149        703     2.9250     2.7434  0.000e+00
     50.724     9.5693   3.538906    32.6151        704     2.9292     2.7503  0.000e+00
     50.794     9.5680   3.538894    32.6162        705     2.9333     2.7585  0.000e+00
     50.868     9.5665   3.538954    32.6181        706     2.9375     2.7649  0.000e+00
     50.943     9.5662   3.538997    32.6188        707     2.9417     2.7715  0.000e+00
     51.015     9.5676   3.539106    32.6186        708     2.9458     2.7753  0.000e+00
     51.096     9.5698   3.539106    32.6166        709     2.9500     2.7780  0.000e+00
     51.162     9.5713   3.539149    32.6156        710     2.9542     2.7784  0.000e+00
     51.249     9.5727   3.539149    32.6143        711     2.9583     2.7767  0.000e+00
     51.328     9.5746   3.539082    32.6119        712     2.9625     2.7756  0.000e+00
     51.405     9.5755   3.539039    32.6106        713     2.9667     2.7757  0.000e+00
     51.482     9.5732   3.538997    32.6122        714     2.9708     2.7758  0.000e+00
     51.560     9.5699   3.538936    32.6145        715     2.9750     2.7762  0.000e+00
     51.639     9.5677   3.539040    32.6175        716     2.9792     2.7774  0.000e+00
     51.712     9.5671   3.539149    32.6192        717     2.9833     2.7776  0.000e+00
     51.788     9.5656   3.539264    32.6216        718     2.9875     2.7802  0.000e+00
     51.862     9.5627   3.539319    32.6249        719     2.9917     2.7832  0.000e+00
     51.934     9.5598   3.539386    32.6281        720     2.9958     2.7870  0.000e+00
     52.013     9.5578   3.539513    32.6312        721     3.0000     2.7922  0.000e+00
     52.084     9.5565   3.539531    32.6325        722     3.0042     2.7977  0.000e+00
     52.155     9.5556   3.539513    32.6332        723     3.0083     2.8023  0.000e+00
     52.226     9.5551   3.539404    32.6325        724     3.0125     2.8103  0.000e+00
     52.298     9.5552   3.539447    32.6328        725     3.0167     2.8172  0.000e+00
     52.376     9.5547   3.539556    32.6343        726     3.0208     2.8210  0.000e+00
     52.458     9.5538   3.539659    32.6362        727     3.0250     2.8251  0.000e+00
     52.539     9.5536   3.539689    32.6366        728     3.0292     2.8292  0.000e+00
     52.618     9.5534   3.539659    32.6364        729     3.0333     2.8326  0.000e+00
