PC2305/sbe169.cnv
* Sea-Bird SBE 19plus V2 Data File:
* FileName = C:\cruise\data\sbe169.hex
* Software Version Seasave V 7.26.7.121
* Temperature SN = 7142
* Conductivity SN = 7142
* System UpLoad Time = Nov 13 2023 12:41:59
** Cruise: PC2205
** Program: ECOMON
# nquan = 8
# nvalues = 1400                                  
# units = specified
# name 0 = depSM: Depth [salt water, m], lat = 40.00
# name 1 = tv290C: Temperature [ITS-90, deg C]
# name 2 = c0S/m: Conductivity [S/m]
# name 3 = sal00: Salinity, Practical [PSU]
# name 4 = scan: Scan Count
# name 5 = timeM: Time, Elapsed [minutes]
# name 6 = sbeox0V: Oxygen raw, SBE 43 [V]
# name 7 = flag:  0.000e+00
# span 0 =      0.010,     44.029                 
# span 1 =     6.3030,    13.2465                 
# span 2 =   0.000200,   3.797060                 
# span 3 =     0.0036,    32.8227                 
# span 4 =         11,       1410                 
# span 5 =     0.0417,     5.8708                 
# span 6 =     2.1509,     3.1112                 
# span 7 = 0.0000e+00, 0.0000e+00                 
# interval = seconds: 0.25
# start_time = Nov 13 2023 12:41:59 [System UTC, header]
# bad_flag = -9.990e-29
*END*
[from data line 360]
     37.413    13.2095   3.788361    31.8861        371     1.5417     2.2717  0.000e+00
     37.546    13.2103   3.788268    31.8845        372     1.5458     2.2728  0.000e+00
     37.672    13.2119   3.788380    31.8842        373     1.5500     2.2736  0.000e+00
     37.811    13.2127   3.788629    31.8857        374     1.5542     2.2739  0.000e+00
     37.951    13.2133   3.789241    31.8909        375     1.5583     2.2733  0.000e+00
     38.093    13.2140   3.789665    31.8943        376     1.5625     2.2717  0.000e+00
     38.237    13.2153   3.789821    31.8946        377     1.5667     2.2685  0.000e+00
     38.388    13.2163   3.789728    31.8928        378     1.5708     2.2664  0.000e+00
     38.540    13.2172   3.789734    31.8920        379     1.5750     2.2620  0.000e+00
     38.689    13.2174   3.789634    31.8909        380     1.5792     2.2583  0.000e+00
     38.851    13.2179   3.789553    31.8897        381     1.5833     2.2532  0.000e+00
     39.004    13.2180   3.789659    31.8905        382     1.5875     2.2459  0.000e+00
     39.160    13.2184   3.789821    31.8916        383     1.5917     2.2385  0.000e+00
     39.317    13.2190   3.790146    31.8941        384     1.5958     2.2314  0.000e+00
     39.468    13.2196   3.790233    31.8943        385     1.6000     2.2233  0.000e+00
     39.613    13.2201   3.789934    31.8911        386     1.6042     2.2181  0.000e+00
     39.762    13.2198   3.789173    31.8841        387     1.6083     2.2129  0.000e+00
     39.908    13.2184   3.788848    31.8822        388     1.6125     2.2086  0.000e+00
     40.050    13.2164   3.789310    31.8882        389     1.6167     2.2048  0.000e+00
     40.190    13.2151   3.789354    31.8896        390     1.6208     2.2009  0.000e+00
     40.329    13.2150   3.789136    31.8876        391     1.6250     2.1953  0.000e+00
     40.472    13.2150   3.788755    31.8840        392     1.6292     2.1906  0.000e+00
     40.612    13.2148   3.787901    31.8760        393     1.6333     2.1852  0.000e+00
     40.756    13.2141   3.788219    31.8796        394     1.6375     2.1804  0.000e+00
     40.900    13.2132   3.788431    31.8822        395     1.6417     2.1753  0.000e+00
     41.038    13.2132   3.788637    31.8841        396     1.6458     2.1695  0.000e+00
     41.179    13.2135   3.788986    31.8871        397     1.6500     2.1647  0.000e+00
     41.326    13.2140   3.789648    31.8928        398     1.6542     2.1602  0.000e+00
     41.473    13.2143   3.790558    31.9010        399     1.6583     2.1570  0.000e+00
     41.624    13.2154   3.790864    31.9029        400     1.6625     2.1552  0.000e+00
     41.770    13.2171   3.790864    31.9014        401     1.6667     2.1538  0.000e+00
     41.926    13.2178   3.790721    31.8994        402     1.6708     2.1541  0.000e+00
     42.068    13.2178   3.790596    31.8982        403     1.6750     2.1544  0.000e+00
     42.223    13.2174   3.790540    31.8980        404     1.6792     2.1540  0.000e+00
     42.374    13.2177   3.790621    31.8984        405     1.6833     2.1532  0.000e+00
     42.523    13.2185   3.790652    31.8980        406     1.6875     2.1511  0.000e+00
     42.670    13.2190   3.790665    31.8976        407     1.6917     2.1512  0.000e+00
     42.811    13.2189   3.790584    31.8969        408     1.6958     2.1509  0.000e+00
     42.953    13.2190   3.790702    31.8978        409     1.7000     2.1512  0.000e+00
     43.098    13.2193   3.791014    31.9004        410     1.7042     2.1544  0.000e+00
     43.235    13.2203   3.791557    31.9047        411     1.7083     2.1573  0.000e+00
     43.375    13.2217   3.792212    31.9096        412     1.7125     2.1621  0.000e+00
     43.517    13.2227   3.792743    31.9137        413     1.7167     2.1663  0.000e+00
     43.648    13.2240   3.793018    31.9151        414     1.7208     2.1721  0.000e+00
     43.781    13.2251   3.793161    31.9155        415     1.7250     2.1789  0.000e+00
     43.920    13.2258   3.793898    31.9217        416     1.7292     2.1865  0.000e+00
     43.984    13.2266   3.794715    31.9286        417     1.7333     2.1924  0.000e+00
     44.029    13.2285   3.795152    31.9311        418     1.7375     2.1996  0.000e+00
     44.017    13.2307   3.795421    31.9318        419     1.7417     2.2096  0.000e+00
     43.964    13.2330   3.795733    31.9328        420     1.7458     2.2266  0.000e+00
     43.909    13.2353   3.795708    31.9307        421     1.7500     2.2552  0.000e+00
     43.885    13.2369   3.795845    31.9307        422     1.7542     2.2937  0.000e+00
     43.866    13.2380   3.795963    31.9308        423     1.7583     2.3342  0.000e+00
     43.855    13.2389   3.795995    31.9304        424     1.7625     2.3732  0.000e+00
     43.828    13.2399   3.796151    31.9310        425     1.7667     2.4088  0.000e+00
     43.808    13.2407   3.796132    31.9301        426     1.7708     2.4403  0.000e+00
     43.792    13.2412   3.796288    31.9312        427     1.7750     2.4654  0.000e+00
     43.758    13.2417   3.796407    31.9319        428     1.7792     2.4873  0.000e+00
     43.697    13.2423   3.796463    31.9319        429     1.7833     2.5031  0.000e+00
     43.598    13.2425   3.796450    31.9317        430     1.7875     2.5180  0.000e+00
     43.476    13.2425   3.796419    31.9315        431     1.7917     2.5323  0.000e+00
     43.359    13.2422   3.796381    31.9314        432     1.7958     2.5474  0.000e+00
     43.256    13.2417   3.796350    31.9315        433     1.8000     2.5623  0.000e+00
     43.150    13.2416   3.796356    31.9318        434     1.8042     2.5732  0.000e+00
     43.048    13.2417   3.796375    31.9319        435     1.8083     2.5821  0.000e+00
     42.961    13.2417   3.796338    31.9316        436     1.8125     2.5902  0.000e+00
     42.864    13.2417   3.796381    31.9321        437     1.8167     2.5977  0.000e+00
     42.769    13.2415   3.796419    31.9326        438     1.8208     2.6033  0.000e+00
     42.683    13.2418   3.796431    31.9325        439     1.8250     2.6047  0.000e+00
     42.593    13.2422   3.796487    31.9327        440     1.8292     2.6064  0.000e+00
     42.503    13.2425   3.796500    31.9326        441     1.8333     2.6064  0.000e+00
     42.415    13.2426   3.796506    31.9326        442     1.8375     2.6074  0.000e+00
     42.331    13.2428   3.796500    31.9324        443     1.8417     2.6111  0.000e+00
     42.241    13.2428   3.796500    31.9325        444     1.8458     2.6133  0.000e+00
     42.156    13.2429   3.796506    31.9325        445     1.8500     2.6141  0.000e+00
     42.063    13.2428   3.796543    31.9329        446     1.8542     2.6137  0.000e+00
     41.973    13.2431   3.796531    31.9326        447     1.8583     2.6132  0.000e+00
     41.887    13.2431   3.796500    31.9323        448     1.8625     2.6127  0.000e+00
     41.798    13.2428   3.796462    31.9323        449     1.8667     2.6123  0.000e+00
     41.710    13.2428   3.796450    31.9322        450     1.8708     2.6129  0.000e+00
     41.622    13.2429   3.796449    31.9321        451     1.8750     2.6148  0.000e+00
     41.538    13.2427   3.796462    31.9325        452     1.8792     2.6167  0.000e+00
     41.446    13.2425   3.796474    31.9328        453     1.8833     2.6191  0.000e+00
     41.356    13.2425   3.796487    31.9330        454     1.8875     2.6201  0.000e+00
     41.266    13.2426   3.796474    31.9328        455     1.8917     2.6186  0.000e+00
     41.177    13.2425   3.796418    31.9324        456     1.8958     2.6156  0.000e+00
     41.080    13.2423   3.796449    31.9328        457     1.9000     2.6133  0.000e+00
     40.988    13.2421   3.796474    31.9333        458     1.9042     2.6117  0.000e+00
     40.891    13.2420   3.796505    31.9337        459     1.9083     2.6087  0.000e+00
     40.794    13.2419   3.796499    31.9338        460     1.9125     2.6066  0.000e+00
     40.711    13.2421   3.796549    31.9341        461     1.9167     2.6049  0.000e+00
     40.623    13.2424   3.796593    31.9343        462     1.9208     2.6034  0.000e+00
     40.533    13.2428   3.796618    31.9342        463     1.9250     2.6038  0.000e+00
     40.454    13.2431   3.796611    31.9340        464     1.9292     2.6062  0.000e+00
     40.366    13.2431   3.796518    31.9331        465     1.9333     2.6089  0.000e+00
     40.276    13.2428   3.796393    31.9322        466     1.9375     2.6111  0.000e+00
     40.192    13.2417   3.796312    31.9324        467     1.9417     2.6116  0.000e+00
     40.113    13.2406   3.796218    31.9325        468     1.9458     2.6123  0.000e+00
     40.026    13.2396   3.796218    31.9334        469     1.9500     2.6140  0.000e+00
     39.945    13.2392   3.796262    31.9342        470     1.9542     2.6157  0.000e+00
     39.875    13.2391   3.796355    31.9351        471     1.9583     2.6158  0.000e+00
     39.795    13.2396   3.796430    31.9354        472     1.9625     2.6156  0.000e+00
     39.724    13.2403   3.796436    31.9350        473     1.9667     2.6128  0.000e+00
     39.653    13.2408   3.796449    31.9347        474     1.9708     2.6107  0.000e+00
     39.579    13.2409   3.796436    31.9345        475     1.9750     2.6075  0.000e+00
     39.511    13.2411   3.796405    31.9341        476     1.9792     2.6049  0.000e+00
     39.440    13.2410   3.796393    31.9341        477     1.9833     2.6039  0.000e+00
     39.365    13.2408   3.796405    31.9344        478     1.9875     2.6039  0.000e+00
     39.293    13.2409   3.796461    31.9348        479     1.9917     2.6035  0.000e+00
     39.216    13.2410   3.796474    31.9349        480     1.9958     2.6036  0.000e+00
     39.138    13.2415   3.796517    31.9350        481     2.0000     2.6050  0.000e+00
     39.067    13.2420   3.796505    31.9344        482     2.0042     2.6060  0.000e+00
     38.993    13.2423   3.796498    31.9342        483     2.0083     2.6051  0.000e+00
     38.921    13.2424   3.796530    31.9344        484     2.0125     2.6043  0.000e+00
     38.849    13.2424   3.796542    31.9345        485     2.0167     2.6043  0.000e+00
     38.777    13.2422   3.796661    31.9359        486     2.0208     2.6048  0.000e+00
     38.702    13.2423   3.796848    31.9376        487     2.0250     2.6053  0.000e+00
     38.633    13.2432   3.796917    31.9375        488     2.0292     2.6048  0.000e+00
     38.569    13.2441   3.796948    31.9370        489     2.0333     2.6067  0.000e+00
     38.497    13.2448   3.796985    31.9368        490     2.0375     2.6072  0.000e+00
     38.427    13.2451   3.796973    31.9365        491     2.0417     2.6069  0.000e+00
     38.353    13.2452   3.797010    31.9367        492     2.0458     2.6051  0.000e+00
     38.283    13.2455   3.797060    31.9370        493     2.0500     2.6060  0.000e+00
     38.216    13.2459   3.796891    31.9351        494     2.0542     2.6043  0.000e+00
     38.148    13.2455   3.796729    31.9340        495     2.0583     2.6020  0.000e+00
     38.078    13.2443   3.796617    31.9339        496     2.0625     2.6008  0.000e+00
     38.011    13.2431   3.796429    31.9333        497     2.0667     2.6015  0.000e+00
     37.945    13.2416   3.796105    31.9315        498     2.0708     2.6014  0.000e+00
     37.869    13.2398   3.796105    31.9330        499     2.0750     2.6014  0.000e+00
     37.805    13.2386   3.796192    31.9348        500     2.0792     2.6011  0.000e+00
     37.738    13.2383   3.796192    31.9352        501     2.0833     2.6000  0.000e+00
     37.670    13.2381   3.796148    31.9349        502     2.0875     2.6019  0.000e+00
     37.596    13.2380   3.796130    31.9349        503     2.0917     2.6034  0.000e+00
     37.532    13.2376   3.796055    31.9345        504     2.0958     2.6066  0.000e+00
     37.463    13.2372   3.796105    31.9353        505     2.1000     2.6081  0.000e+00
     37.395    13.2373   3.796173    31.9359        506     2.1042     2.6096  0.000e+00
     37.325    13.2374   3.796242    31.9365        507     2.1083     2.6118  0.000e+00
     37.260    13.2379   3.796336    31.9370        508     2.1125     2.6136  0.000e+00
     37.194    13.2383   3.796379    31.9371        509     2.1167     2.6140  0.000e+00
     37.120    13.2391   3.796435    31.9370        510     2.1208     2.6150  0.000e+00
     37.048    13.2396   3.796335    31.9357        511     2.1250     2.6152  0.000e+00
     36.976    13.2399   3.796573    31.9377        512     2.1292     2.6142  0.000e+00
     36.902    13.2406   3.796498    31.9364        513     2.1333     2.6149  0.000e+00
     36.831    13.2410   3.796573    31.9368        514     2.1375     2.6163  0.000e+00
     36.753    13.2414   3.796610    31.9369        515     2.1417     2.6177  0.000e+00
     36.674    13.2417   3.796660    31.9370        516     2.1458     2.6178  0.000e+00
     36.602    13.2427   3.796747    31.9371        517     2.1500     2.6185  0.000e+00
     36.527    13.2432   3.796822    31.9374        518     2.1542     2.6195  0.000e+00
     36.455    13.2438   3.796772    31.9365        519     2.1583     2.6219  0.000e+00
     36.387    13.2439   3.796772    31.9364        520     2.1625     2.6260  0.000e+00
     36.318    13.2441   3.796747    31.9360        521     2.1667     2.6288  0.000e+00
     36.248    13.2441   3.796728    31.9358        522     2.1708     2.6301  0.000e+00
     36.185    13.2441   3.796685    31.9355        523     2.1750     2.6282  0.000e+00
     36.121    13.2440   3.796660    31.9354        524     2.1792     2.6266  0.000e+00
     36.058    13.2436   3.796728    31.9363        525     2.1833     2.6240  0.000e+00
     35.995    13.2436   3.796772    31.9368        526     2.1875     2.6227  0.000e+00
     35.928    13.2438   3.796772    31.9367        527     2.1917     2.6232  0.000e+00
     35.862    13.2439   3.796772    31.9366        528     2.1958     2.6233  0.000e+00
     35.788    13.2442   3.796772    31.9364        529     2.2000     2.6242  0.000e+00
     35.713    13.2443   3.796747    31.9361        530     2.2042     2.6233  0.000e+00
     35.650    13.2444   3.796753    31.9361        531     2.2083     2.6227  0.000e+00
     35.578    13.2445   3.796772    31.9362        532     2.2125     2.6211  0.000e+00
     35.511    13.2443   3.796791    31.9366        533     2.2167     2.6188  0.000e+00
     35.454    13.2445   3.796797    31.9365        534     2.2208     2.6162  0.000e+00
     35.384    13.2448   3.796747    31.9358        535     2.2250     2.6134  0.000e+00
     35.317    13.2445   3.796753    31.9361        536     2.2292     2.6128  0.000e+00
     35.252    13.2445   3.796772    31.9363        537     2.2333     2.6124  0.000e+00
     35.188    13.2444   3.796772    31.9365        538     2.2375     2.6129  0.000e+00
     35.125    13.2444   3.796728    31.9361        539     2.2417     2.6130  0.000e+00
     35.058    13.2443   3.796703    31.9360        540     2.2458     2.6147  0.000e+00
     34.999    13.2441   3.796634    31.9355        541     2.2500     2.6156  0.000e+00
     34.938    13.2437   3.796460    31.9342        542     2.2542     2.6169  0.000e+00
     34.871    13.2428   3.796403    31.9345        543     2.2583     2.6179  0.000e+00
     34.821    13.2420   3.796528    31.9364        544     2.2625     2.6192  0.000e+00
     34.758    13.2420   3.796609    31.9371        545     2.2667     2.6192  0.000e+00
     34.706    13.2424   3.796703    31.9377        546     2.2708     2.6188  0.000e+00
     34.643    13.2429   3.796747    31.9377        547     2.2750     2.6166  0.000e+00
     34.591    13.2437   3.796703    31.9366        548     2.2792     2.6166  0.000e+00
     34.535    13.2441   3.796684    31.9361        549     2.2833     2.6140  0.000e+00
