PC2305/sbe108.cnv
* Sea-Bird SBE 19plus V2 Data File:
* FileName = C:\cruise\data\sbe108.hex
* Software Version Seasave V 7.26.7.121
* Temperature SN = 7142
* Conductivity SN = 7142
* System UpLoad Time = Nov 06 2023 12:11:10
** Cruise: PC2205
** Program: ECOMON
# nquan = 8
# nvalues = 1628                                  
# units = specified
# name 0 = depSM: Depth [salt water, m], lat = 40.00
# name 1 = tv290C: Temperature [ITS-90, deg C]
# name 2 = c0S/m: Conductivity [S/m]
# name 3 = sal00: Salinity, Practical [PSU]
# name 4 = scan: Scan Count
# name 5 = timeM: Time, Elapsed [minutes]
# name 6 = sbeox0V: Oxygen raw, SBE 43 [V]
# name 7 = flag:  0.000e+00
# span 0 =      0.003,     57.736                 
# span 1 =    13.0158,    13.8177                 
# span 2 =   0.000127,   3.866771                 
# span 3 =     0.0069,    32.1247                 
# span 4 =         11,       1638                 
# span 5 =     0.0417,     6.8208                 
# span 6 =     2.4092,     3.0258                 
# span 7 = 0.0000e+00, 0.0000e+00                 
# interval = seconds: 0.25
# start_time = Nov 06 2023 12:11:10 [System UTC, header]
# bad_flag = -9.990e-29
*END*
[from data line 180]
      1.293    13.7355   3.846152    31.9985        191     0.7917     2.5232  0.000e+00
      1.396    13.7414   3.846429    31.9961        192     0.7958     2.5180  0.000e+00
      1.521    13.7453   3.846560    31.9940        193     0.8000     2.5148  0.000e+00
      1.667    13.7480   3.846623    31.9923        194     0.8042     2.5121  0.000e+00
      1.825    13.7498   3.846592    31.9905        195     0.8083     2.5090  0.000e+00
      1.983    13.7503   3.846378    31.9880        196     0.8125     2.5058  0.000e+00
      2.131    13.7498   3.846171    31.9864        197     0.8167     2.5034  0.000e+00
      2.265    13.7490   3.845839    31.9839        198     0.8208     2.5026  0.000e+00
      2.393    13.7475   3.845488    31.9819        199     0.8250     2.5019  0.000e+00
      2.512    13.7445   3.845142    31.9812        200     0.8292     2.5046  0.000e+00
      2.614    13.7408   3.844779    31.9808        201     0.8333     2.5097  0.000e+00
      2.706    13.7370   3.844465    31.9811        202     0.8375     2.5169  0.000e+00
      2.783    13.7336   3.844126    31.9807        203     0.8417     2.5248  0.000e+00
      2.848    13.7305   3.843787    31.9802        204     0.8458     2.5337  0.000e+00
      2.903    13.7269   3.843518    31.9806        205     0.8500     2.5390  0.000e+00
      2.948    13.7233   3.843198    31.9807        206     0.8542     2.5411  0.000e+00
      2.986    13.7201   3.842759    31.9793        207     0.8583     2.5412  0.000e+00
      3.047    13.7167   3.842332    31.9781        208     0.8625     2.5404  0.000e+00
      3.128    13.7126   3.842037    31.9787        209     0.8667     2.5396  0.000e+00
      3.211    13.7081   3.841692    31.9793        210     0.8708     2.5392  0.000e+00
      3.300    13.7042   3.841454    31.9803        211     0.8750     2.5411  0.000e+00
      3.405    13.7010   3.841197    31.9806        212     0.8792     2.5395  0.000e+00
      3.518    13.6986   3.841047    31.9811        213     0.8833     2.5374  0.000e+00
      3.624    13.6969   3.840821    31.9804        214     0.8875     2.5319  0.000e+00
      3.735    13.6952   3.840564    31.9794        215     0.8917     2.5277  0.000e+00
      3.856    13.6920   3.840395    31.9804        216     0.8958     2.5240  0.000e+00
      3.976    13.6890   3.840307    31.9821        217     0.9000     2.5220  0.000e+00
      4.107    13.6868   3.840263    31.9835        218     0.9042     2.5210  0.000e+00
      4.235    13.6856   3.840025    31.9822        219     0.9083     2.5196  0.000e+00
      4.380    13.6852   3.839881    31.9812        220     0.9125     2.5177  0.000e+00
      4.535    13.6832   3.839761    31.9816        221     0.9167     2.5164  0.000e+00
      4.691    13.6811   3.797261    31.5896        222     0.9208     2.5145  0.000e+00
      4.849    13.6809   3.839504    31.9811        223     0.9250     2.5151  0.000e+00
      5.015    13.6819   3.839498    31.9801        224     0.9292     2.5151  0.000e+00
      5.182    13.6804   3.839461    31.9809        225     0.9333     2.5142  0.000e+00
      5.344    13.6779   3.839323    31.9817        226     0.9375     2.5131  0.000e+00
      5.507    13.6766   3.839411    31.9836        227     0.9417     2.5082  0.000e+00
      5.654    13.6757   3.839367    31.9838        228     0.9458     2.5050  0.000e+00
      5.800    13.6749   3.839273    31.9836        229     0.9500     2.5021  0.000e+00
      5.935    13.6747   3.839210    31.9831        230     0.9542     2.5023  0.000e+00
      6.062    13.6749   3.839141    31.9823        231     0.9583     2.5022  0.000e+00
      6.186    13.6739   3.839154    31.9831        232     0.9625     2.5027  0.000e+00
      6.301    13.6728   3.839072    31.9833        233     0.9667     2.5055  0.000e+00
      6.415    13.6727   3.838991    31.9826        234     0.9708     2.5073  0.000e+00
      6.533    13.6723   3.838941    31.9824        235     0.9750     2.5088  0.000e+00
      6.655    13.6719   3.838897    31.9822        236     0.9792     2.5101  0.000e+00
      6.786    13.6708   3.838872    31.9829        237     0.9833     2.5111  0.000e+00
      6.916    13.6697   3.838847    31.9836        238     0.9875     2.5137  0.000e+00
      7.056    13.6689   3.838847    31.9841        239     0.9917     2.5171  0.000e+00
      7.203    13.6684   3.838778    31.9839        240     0.9958     2.5222  0.000e+00
      7.347    13.6678   3.838734    31.9839        241     1.0000     2.5269  0.000e+00
      7.496    13.6674   3.838684    31.9837        242     1.0042     2.5280  0.000e+00
      7.642    13.6672   3.838621    31.9832        243     1.0083     2.5287  0.000e+00
      7.778    13.6677   3.838621    31.9828        244     1.0125     2.5253  0.000e+00
      7.920    13.6671   3.838590    31.9830        245     1.0167     2.5213  0.000e+00
      8.057    13.6667   3.839029    31.9873        246     1.0208     2.5182  0.000e+00
      8.197    13.6665   3.837085    31.9694        247     1.0250     2.5153  0.000e+00
      8.332    13.6619   3.836697    31.9695        248     1.0292     2.5125  0.000e+00
      8.468    13.6554   3.836709    31.9750        249     1.0333     2.5154  0.000e+00
      8.614    13.6513   3.836760    31.9789        250     1.0375     2.5277  0.000e+00
      8.756    13.6492   3.836898    31.9818        251     1.0417     2.5457  0.000e+00
      8.902    13.6486   3.836967    31.9830        252     1.0458     2.5666  0.000e+00
      9.058    13.6489   3.837017    31.9831        253     1.0500     2.5864  0.000e+00
      9.203    13.6493   3.836942    31.9820        254     1.0542     2.6027  0.000e+00
      9.354    13.6496   3.837017    31.9824        255     1.0583     2.6175  0.000e+00
      9.507    13.6495   3.837030    31.9825        256     1.0625     2.6323  0.000e+00
      9.665    13.6499   3.837036    31.9822        257     1.0667     2.6429  0.000e+00
      9.820    13.6500   3.837055    31.9823        258     1.0708     2.6519  0.000e+00
      9.974    13.6500   3.837061    31.9822        259     1.0750     2.6581  0.000e+00
     10.129    13.6502   3.837055    31.9820        260     1.0792     2.6663  0.000e+00
     10.282    13.6503   3.837074    31.9820        261     1.0833     2.6729  0.000e+00
     10.420    13.6505   3.837112    31.9821        262     1.0875     2.6803  0.000e+00
     10.551    13.6506   3.837074    31.9816        263     1.0917     2.6850  0.000e+00
     10.684    13.6505   3.837087    31.9817        264     1.0958     2.6898  0.000e+00
     10.805    13.6505   3.837055    31.9815        265     1.1000     2.6930  0.000e+00
     10.918    13.6506   3.837087    31.9816        266     1.1042     2.6954  0.000e+00
     11.022    13.6505   3.837099    31.9817        267     1.1083     2.6975  0.000e+00
     11.119    13.6505   3.837062    31.9814        268     1.1125     2.7000  0.000e+00
     11.216    13.6505   3.837030    31.9811        269     1.1167     2.6994  0.000e+00
     11.315    13.6503   3.837018    31.9811        270     1.1208     2.7019  0.000e+00
     11.421    13.6499   3.837030    31.9815        271     1.1250     2.7041  0.000e+00
     11.540    13.6497   3.836993    31.9812        272     1.1292     2.7064  0.000e+00
     11.660    13.6495   3.836987    31.9813        273     1.1333     2.7080  0.000e+00
     11.791    13.6494   3.837037    31.9818        274     1.1375     2.7084  0.000e+00
     11.935    13.6493   3.837012    31.9816        275     1.1417     2.7096  0.000e+00
     12.089    13.6494   3.836987    31.9812        276     1.1458     2.7089  0.000e+00
     12.248    13.6491   3.836968    31.9812        277     1.1500     2.7073  0.000e+00
     12.408    13.6489   3.837012    31.9818        278     1.1542     2.7065  0.000e+00
     12.573    13.6488   3.837037    31.9820        279     1.1583     2.7080  0.000e+00
     12.745    13.6489   3.837056    31.9821        280     1.1625     2.7075  0.000e+00
     12.918    13.6493   3.837131    31.9823        281     1.1667     2.7075  0.000e+00
     13.101    13.6494   3.837169    31.9825        282     1.1708     2.7074  0.000e+00
     13.270    13.6498   3.837207    31.9824        283     1.1750     2.7084  0.000e+00
     13.443    13.6502   3.837188    31.9819        284     1.1792     2.7105  0.000e+00
     13.612    13.6505   3.837182    31.9815        285     1.1833     2.7122  0.000e+00
     13.779    13.6505   3.837169    31.9813        286     1.1875     2.7128  0.000e+00
     13.944    13.6504   3.837157    31.9812        287     1.1917     2.7130  0.000e+00
     14.109    13.6503   3.837100    31.9808        288     1.1958     2.7127  0.000e+00
     14.276    13.6500   3.837088    31.9808        289     1.2000     2.7121  0.000e+00
     14.433    13.6497   3.837032    31.9805        290     1.2042     2.7118  0.000e+00
     14.595    13.6492   3.837063    31.9811        291     1.2083     2.7141  0.000e+00
     14.753    13.6489   3.837076    31.9814        292     1.2125     2.7150  0.000e+00
     14.907    13.6487   3.837188    31.9826        293     1.2167     2.7148  0.000e+00
     15.065    13.6491   3.837226    31.9825        294     1.2208     2.7146  0.000e+00
     15.215    13.6495   3.837239    31.9822        295     1.2250     2.7138  0.000e+00
     15.357    13.6501   3.837207    31.9814        296     1.2292     2.7141  0.000e+00
     15.498    13.6502   3.837239    31.9816        297     1.2333     2.7147  0.000e+00
     15.631    13.6501   3.837226    31.9815        298     1.2375     2.7137  0.000e+00
     15.761    13.6500   3.837258    31.9818        299     1.2417     2.7137  0.000e+00
     15.883    13.6502   3.837251    31.9815        300     1.2458     2.7135  0.000e+00
     16.007    13.6503   3.837258    31.9815        301     1.2500     2.7122  0.000e+00
     16.120    13.6502   3.837346    31.9823        302     1.2542     2.7126  0.000e+00
     16.237    13.6507   3.837346    31.9818        303     1.2583     2.7147  0.000e+00
     16.343    13.6508   3.837371    31.9819        304     1.2625     2.7150  0.000e+00
     16.446    13.6511   3.837396    31.9818        305     1.2667     2.7166  0.000e+00
     16.539    13.6513   3.837396    31.9817        306     1.2708     2.7176  0.000e+00
     16.631    13.6515   3.837415    31.9816        307     1.2750     2.7204  0.000e+00
     16.730    13.6517   3.837440    31.9817        308     1.2792     2.7210  0.000e+00
     16.834    13.6518   3.837415    31.9813        309     1.2833     2.7225  0.000e+00
     16.936    13.6517   3.837459    31.9817        310     1.2875     2.7218  0.000e+00
     17.046    13.6519   3.837465    31.9816        311     1.2917     2.7202  0.000e+00
     17.168    13.6519   3.837440    31.9813        312     1.2958     2.7205  0.000e+00
     17.303    13.6518   3.837277    31.9799        313     1.3000     2.7211  0.000e+00
     17.447    13.6510   3.837327    31.9809        314     1.3042     2.7224  0.000e+00
     17.599    13.6505   3.837465    31.9825        315     1.3083     2.7230  0.000e+00
     17.757    13.6510   3.837553    31.9829        316     1.3125     2.7252  0.000e+00
     17.926    13.6517   3.837559    31.9823        317     1.3167     2.7252  0.000e+00
     18.097    13.6521   3.837572    31.9820        318     1.3208     2.7259  0.000e+00
     18.279    13.6524   3.837534    31.9814        319     1.3250     2.7266  0.000e+00
     18.457    13.6525   3.837616    31.9820        320     1.3292     2.7257  0.000e+00
     18.649    13.6527   3.837604    31.9816        321     1.3333     2.7246  0.000e+00
     18.836    13.6528   3.837641    31.9818        322     1.3375     2.7217  0.000e+00
     19.017    13.6529   3.837604    31.9813        323     1.3417     2.7206  0.000e+00
     19.202    13.6530   3.837641    31.9815        324     1.3458     2.7202  0.000e+00
     19.387    13.6529   3.837685    31.9819        325     1.3500     2.7221  0.000e+00
     19.560    13.6530   3.837679    31.9817        326     1.3542     2.7222  0.000e+00
     19.729    13.6533   3.837667    31.9813        327     1.3583     2.7217  0.000e+00
     19.887    13.6532   3.837654    31.9812        328     1.3625     2.7219  0.000e+00
     20.036    13.6531   3.837598    31.9806        329     1.3667     2.7234  0.000e+00
     20.193    13.6527   3.837560    31.9806        330     1.3708     2.7232  0.000e+00
     20.340    13.6522   3.837529    31.9807        331     1.3750     2.7243  0.000e+00
     20.482    13.6518   3.837535    31.9810        332     1.3792     2.7270  0.000e+00
     20.624    13.6517   3.837529    31.9809        333     1.3833     2.7283  0.000e+00
     20.766    13.6513   3.837510    31.9811        334     1.3875     2.7294  0.000e+00
     20.902    13.6511   3.837529    31.9813        335     1.3917     2.7294  0.000e+00
     21.039    13.6511   3.837536    31.9814        336     1.3958     2.7302  0.000e+00
     21.176    13.6511   3.837617    31.9820        337     1.4000     2.7302  0.000e+00
     21.300    13.6514   3.837699    31.9826        338     1.4042     2.7307  0.000e+00
     21.420    13.6518   3.837730    31.9824        339     1.4083     2.7326  0.000e+00
     21.540    13.6525   3.837755    31.9820        340     1.4125     2.7322  0.000e+00
     21.652    13.6529   3.837774    31.9818        341     1.4167     2.7315  0.000e+00
     21.754    13.6531   3.837774    31.9816        342     1.4208     2.7315  0.000e+00
     21.848    13.6534   3.837724    31.9809        343     1.4250     2.7301  0.000e+00
     21.943    13.6531   3.837711    31.9810        344     1.4292     2.7312  0.000e+00
     22.031    13.6529   3.837630    31.9803        345     1.4333     2.7310  0.000e+00
     22.123    13.6525   3.837643    31.9808        346     1.4375     2.7308  0.000e+00
     22.211    13.6520   3.837655    31.9812        347     1.4417     2.7303  0.000e+00
     22.301    13.6519   3.837668    31.9814        348     1.4458     2.7303  0.000e+00
     22.405    13.6517   3.837655    31.9815        349     1.4500     2.7295  0.000e+00
     22.520    13.6517   3.837668    31.9816        350     1.4542     2.7312  0.000e+00
     22.649    13.6518   3.837699    31.9817        351     1.4583     2.7334  0.000e+00
     22.789    13.6519   3.837731    31.9818        352     1.4625     2.7324  0.000e+00
     22.949    13.6522   3.837724    31.9815        353     1.4667     2.7334  0.000e+00
     23.118    13.6520   3.837731    31.9816        354     1.4708     2.7318  0.000e+00
     23.294    13.6522   3.837800    31.9820        355     1.4750     2.7318  0.000e+00
     23.479    13.6524   3.837819    31.9820        356     1.4792     2.7315  0.000e+00
     23.672    13.6526   3.837844    31.9819        357     1.4833     2.7308  0.000e+00
     23.871    13.6529   3.837913    31.9822        358     1.4875     2.7299  0.000e+00
     24.069    13.6531   3.837913    31.9820        359     1.4917     2.7290  0.000e+00
     24.267    13.6536   3.837963    31.9820        360     1.4958     2.7282  0.000e+00
     24.470    13.6537   3.837957    31.9817        361     1.5000     2.7295  0.000e+00
     24.660    13.6539   3.837913    31.9811        362     1.5042     2.7292  0.000e+00
     24.843    13.6538   3.837938    31.9814        363     1.5083     2.7287  0.000e+00
     25.014    13.6537   3.837938    31.9814        364     1.5125     2.7279  0.000e+00
     25.169    13.6539   3.837913    31.9809        365     1.5167     2.7282  0.000e+00
     25.307    13.6535   3.837888    31.9810        366     1.5208     2.7273  0.000e+00
     25.437    13.6534   3.837913    31.9813        367     1.5250     2.7294  0.000e+00
     25.555    13.6533   3.837888    31.9811        368     1.5292     2.7295  0.000e+00
     25.668    13.6533   3.837913    31.9812        369     1.5333     2.7312  0.000e+00
