PC2305/sbe152.cnv
* Sea-Bird SBE 19plus V2 Data File:
* FileName = C:\cruise\data\sbe152.hex
* Software Version Seasave V 7.26.7.121
* Temperature SN = 7142
* Conductivity SN = 7142
* System UpLoad Time = Nov 12 2023 00:36:27
** Cruise: PC2205
** Program: ECOMON
# nquan = 8
# nvalues = 3967                                  
# units = specified
# name 0 = depSM: Depth [salt water, m], lat = 40.00
# name 1 = tv290C: Temperature [ITS-90, deg C]
# name 2 = c0S/m: Conductivity [S/m]
# name 3 = sal00: Salinity, Practical [PSU]
# name 4 = scan: Scan Count
# name 5 = timeM: Time, Elapsed [minutes]
# name 6 = sbeox0V: Oxygen raw, SBE 43 [V]
# name 7 = flag:  0.000e+00
# span 0 =      0.043,    201.651                 
# span 1 =     5.3301,    11.0911                 
# span 2 =  -0.054609,   3.649397                 
# span 3 =     0.0000,    34.5941                 
# span 4 =         11,       3977                 
# span 5 =     0.0417,    16.5667                 
# span 6 =     1.6409,     2.7184                 
# span 7 = 0.0000e+00, 0.0000e+00                 
# interval = seconds: 0.25
# start_time = Nov 12 2023 00:36:27 [System UTC, header]
# bad_flag = -9.990e-29
*END*
[from data line 360]
     36.335    10.7738   3.565017    31.8139        371     1.5417     2.4390  0.000e+00
     36.537    10.7714   3.564828    31.8141        372     1.5458     2.4482  0.000e+00
     36.733    10.7696   3.564439    31.8117        373     1.5500     2.4551  0.000e+00
     36.921    10.7694   3.566545    31.8326        374     1.5542     2.4594  0.000e+00
     37.088    10.7724   3.573713    31.9011        375     1.5583     2.4611  0.000e+00
     37.257    10.7772   3.579918    31.9583        376     1.5625     2.4591  0.000e+00
     37.421    10.7825   3.583168    31.9859        377     1.5667     2.4569  0.000e+00
     37.565    10.7877   3.584620    31.9958        378     1.5708     2.4551  0.000e+00
     37.719    10.7916   3.586353    32.0095        379     1.5750     2.4527  0.000e+00
     37.870    10.7950   3.589282    32.0355        380     1.5792     2.4513  0.000e+00
     38.019    10.7978   3.590369    32.0437        381     1.5833     2.4495  0.000e+00
     38.168    10.8001   3.590839    32.0463        382     1.5875     2.4497  0.000e+00
     38.314    10.8026   3.592084    32.0564        383     1.5917     2.4520  0.000e+00
     38.456    10.8060   3.594435    32.0767        384     1.5958     2.4539  0.000e+00
     38.594    10.8097   3.596896    32.0978        385     1.6000     2.4566  0.000e+00
     38.729    10.8130   3.598570    32.1114        386     1.6042     2.4591  0.000e+00
     38.857    10.8161   3.599658    32.1195        387     1.6083     2.4608  0.000e+00
     38.981    10.8206   3.600947    32.1282        388     1.6125     2.4640  0.000e+00
     39.112    10.8255   3.602103    32.1353        389     1.6167     2.4649  0.000e+00
     39.245    10.8300   3.603038    32.1406        390     1.6208     2.4649  0.000e+00
     39.389    10.8341   3.603625    32.1427        391     1.6250     2.4639  0.000e+00
     39.542    10.8366   3.602665    32.1310        392     1.6292     2.4632  0.000e+00
     39.709    10.8371   3.595327    32.0578        393     1.6333     2.4650  0.000e+00
     39.874    10.8370   3.588373    31.9889        394     1.6375     2.4687  0.000e+00
     40.057    10.8382   3.583815    31.9426        395     1.6417     2.4736  0.000e+00
     40.248    10.8340   3.582211    31.9303        396     1.6458     2.4758  0.000e+00
     40.444    10.8179   3.584249    31.9645        397     1.6500     2.4780  0.000e+00
     40.645    10.8016   3.586439    32.0003        398     1.6542     2.4778  0.000e+00
     40.850    10.7915   3.586677    32.0114        399     1.6583     2.4741  0.000e+00
     41.060    10.7856   3.586202    32.0117        400     1.6625     2.4707  0.000e+00
     41.258    10.7820   3.585750    32.0103        401     1.6667     2.4648  0.000e+00
     41.445    10.7801   3.585836    32.0128        402     1.6708     2.4565  0.000e+00
     41.625    10.7788   3.585854    32.0140        403     1.6750     2.4472  0.000e+00
     41.783    10.7778   3.587221    32.0284        404     1.6792     2.4368  0.000e+00
     41.923    10.7760   3.589174    32.0493        405     1.6833     2.4295  0.000e+00
     42.040    10.7750   3.588783    32.0463        406     1.6875     2.4230  0.000e+00
     42.157    10.7789   3.590456    32.0594        407     1.6917     2.4210  0.000e+00
     42.265    10.7883   3.595395    32.1001        408     1.6958     2.4173  0.000e+00
     42.369    10.8014   3.599574    32.1301        409     1.7000     2.4137  0.000e+00
     42.471    10.8131   3.601627    32.1401        410     1.7042     2.4102  0.000e+00
     42.579    10.8203   3.600753    32.1251        411     1.7083     2.4044  0.000e+00
     42.694    10.8226   3.593868    32.0548        412     1.7125     2.3987  0.000e+00
     42.815    10.8242   3.590565    32.0205        413     1.7167     2.3915  0.000e+00
     42.948    10.8278   3.587288    31.9848        414     1.7208     2.3831  0.000e+00
     43.086    10.8245   3.585122    31.9662        415     1.7250     2.3782  0.000e+00
     43.235    10.8120   3.584427    31.9702        416     1.7292     2.3699  0.000e+00
     43.390    10.7980   3.584232    31.9804        417     1.7333     2.3631  0.000e+00
     43.564    10.7887   3.584342    31.9896        418     1.7375     2.3578  0.000e+00
     43.751    10.7822   3.584665    31.9983        419     1.7417     2.3534  0.000e+00
     43.934    10.7774   3.584751    32.0033        420     1.7458     2.3487  0.000e+00
     44.136    10.7728   3.584818    32.0079        421     1.7500     2.3419  0.000e+00
     44.339    10.7684   3.585117    32.0146        422     1.7542     2.3371  0.000e+00
     44.544    10.7654   3.585337    32.0194        423     1.7583     2.3328  0.000e+00
     44.756    10.7623   3.585599    32.0246        424     1.7625     2.3255  0.000e+00
     44.957    10.7584   3.585618    32.0281        425     1.7667     2.3186  0.000e+00
     45.151    10.7571   3.585599    32.0289        426     1.7708     2.3112  0.000e+00
     45.338    10.7580   3.585599    32.0281        427     1.7750     2.3029  0.000e+00
     45.507    10.7584   3.585618    32.0279        428     1.7792     2.2947  0.000e+00
     45.669    10.7574   3.586551    32.0379        429     1.7833     2.2879  0.000e+00
     45.812    10.7563   3.587961    32.0529        430     1.7875     2.2821  0.000e+00
     45.945    10.7559   3.588223    32.0558        431     1.7917     2.2746  0.000e+00
     46.070    10.7556   3.588053    32.0543        432     1.7958     2.2692  0.000e+00
     46.186    10.7551   3.590372    32.0776        433     1.8000     2.2648  0.000e+00
     46.305    10.7538   3.594084    32.1156        434     1.8042     2.2606  0.000e+00
     46.427    10.7517   3.596875    32.1451        435     1.8083     2.2564  0.000e+00
     46.558    10.7494   3.597395    32.1523        436     1.8125     2.2521  0.000e+00
     46.702    10.7473   3.594243    32.1227        437     1.8167     2.2479  0.000e+00
     46.846    10.7451   3.590262    32.0851        438     1.8208     2.2427  0.000e+00
     47.002    10.7443   3.588767    32.0709        439     1.8250     2.2390  0.000e+00
     47.162    10.7443   3.587028    32.0536        440     1.8292     2.2378  0.000e+00
     47.340    10.7432   3.586985    32.0540        441     1.8333     2.2376  0.000e+00
     47.522    10.7418   3.587181    32.0570        442     1.8375     2.2391  0.000e+00
     47.716    10.7434   3.587376    32.0575        443     1.8417     2.2429  0.000e+00
     47.910    10.7466   3.588853    32.0693        444     1.8458     2.2451  0.000e+00
     48.117    10.7490   3.589463    32.0732        445     1.8500     2.2491  0.000e+00
     48.313    10.7516   3.589225    32.0685        446     1.8542     2.2522  0.000e+00
     48.514    10.7537   3.589042    32.0648        447     1.8583     2.2555  0.000e+00
     48.706    10.7542   3.589006    32.0638        448     1.8625     2.2605  0.000e+00
     48.884    10.7541   3.589378    32.0675        449     1.8667     2.2649  0.000e+00
     49.046    10.7550   3.589811    32.0710        450     1.8708     2.2679  0.000e+00
     49.188    10.7543   3.590593    32.0793        451     1.8750     2.2693  0.000e+00
     49.314    10.7534   3.590654    32.0807        452     1.8792     2.2694  0.000e+00
     49.425    10.7511   3.590636    32.0824        453     1.8833     2.2707  0.000e+00
     49.529    10.7447   3.592461    32.1061        454     1.8875     2.2707  0.000e+00
     49.641    10.7363   3.593224    32.1211        455     1.8917     2.2692  0.000e+00
     49.759    10.7292   3.591198    32.1071        456     1.8958     2.2666  0.000e+00
     49.885    10.7241   3.591375    32.1133        457     1.9000     2.2655  0.000e+00
     50.027    10.7222   3.592333    32.1244        458     1.9042     2.2615  0.000e+00
     50.169    10.7252   3.593023    32.1286        459     1.9083     2.2576  0.000e+00
     50.327    10.7311   3.592187    32.1150        460     1.9125     2.2560  0.000e+00
     50.487    10.7359   3.593396    32.1227        461     1.9167     2.2573  0.000e+00
     50.664    10.7386   3.595356    32.1397        462     1.9208     2.2582  0.000e+00
     50.849    10.7402   3.597250    32.1571        463     1.9250     2.2600  0.000e+00
     51.041    10.7410   3.599688    32.1806        464     1.9292     2.2635  0.000e+00
     51.246    10.7400   3.601387    32.1982        465     1.9333     2.2646  0.000e+00
     51.445    10.7380   3.601912    32.2051        466     1.9375     2.2662  0.000e+00
     51.654    10.7344   3.602194    32.2110        467     1.9417     2.2689  0.000e+00
     51.868    10.7318   3.602542    32.2167        468     1.9458     2.2721  0.000e+00
     52.080    10.7302   3.601760    32.2102        469     1.9500     2.2774  0.000e+00
     52.285    10.7290   3.597507    32.1689        470     1.9542     2.2821  0.000e+00
     52.479    10.7281   3.597183    32.1664        471     1.9583     2.2862  0.000e+00
     52.660    10.7275   3.598619    32.1811        472     1.9625     2.2895  0.000e+00
     52.833    10.7204   3.601106    32.2120        473     1.9667     2.2880  0.000e+00
     52.998    10.7053   3.604199    32.2560        474     1.9708     2.2845  0.000e+00
     53.140    10.6840   3.607282    32.3054        475     1.9750     2.2795  0.000e+00
     53.268    10.6611   3.609508    32.3479        476     1.9792     2.2724  0.000e+00
     53.385    10.6407   3.610824    32.3790        477     1.9833     2.2655  0.000e+00
     53.496    10.6251   3.611497    32.3995        478     1.9875     2.2592  0.000e+00
     53.627    10.6134   3.611344    32.4083        479     1.9917     2.2530  0.000e+00
     53.766    10.6047   3.608139    32.3839        480     1.9958     2.2491  0.000e+00
     53.910    10.5995   3.605864    32.3658        481     2.0000     2.2503  0.000e+00
     54.062    10.5991   3.605357    32.3611        482     2.0042     2.2504  0.000e+00
     54.233    10.6142   3.606408    32.3581        483     2.0083     2.2553  0.000e+00
     54.411    10.6364   3.605509    32.3294        484     2.0125     2.2612  0.000e+00
     54.596    10.6569   3.605142    32.3075        485     2.0167     2.2674  0.000e+00
     54.797    10.6753   3.605796    32.2976        486     2.0208     2.2728  0.000e+00
     54.995    10.6876   3.607496    32.3036        487     2.0250     2.2778  0.000e+00
     55.214    10.6913   3.608505    32.3103        488     2.0292     2.2856  0.000e+00
     55.443    10.6885   3.608964    32.3173        489     2.0333     2.2872  0.000e+00
     55.671    10.6818   3.609356    32.3270        490     2.0375     2.2933  0.000e+00
     55.894    10.6720   3.609509    32.3371        491     2.0417     2.2982  0.000e+00
     56.119    10.6635   3.609424    32.3437        492     2.0458     2.3055  0.000e+00
     56.316    10.6599   3.608745    32.3400        493     2.0500     2.3120  0.000e+00
     56.509    10.6581   3.608616    32.3402        494     2.0542     2.3165  0.000e+00
     56.678    10.6569   3.609118    32.3462        495     2.0583     2.3225  0.000e+00
     56.834    10.6477   3.609687    32.3599        496     2.0625     2.3235  0.000e+00
     56.952    10.6196   3.610672    32.3946        497     2.0667     2.3225  0.000e+00
     57.050    10.5812   3.611285    32.4348        498     2.0708     2.3213  0.000e+00
     57.145    10.5469   3.611456    32.4670        499     2.0750     2.3199  0.000e+00
     57.231    10.5196   3.611897    32.4957        500     2.0792     2.3187  0.000e+00
     57.323    10.4996   3.612179    32.5163        501     2.0833     2.3192  0.000e+00
     57.440    10.4860   3.611304    32.5197        502     2.0875     2.3215  0.000e+00
     57.560    10.4772   3.610344    32.5178        503     2.0917     2.3230  0.000e+00
     57.688    10.4835   3.610674    32.5154        504     2.0958     2.3237  0.000e+00
     57.830    10.5134   3.610913    32.4911        505     2.1000     2.3243  0.000e+00
     57.984    10.5450   3.611132    32.4651        506     2.1042     2.3246  0.000e+00
     58.157    10.5681   3.611175    32.4449        507     2.1083     2.3246  0.000e+00
     58.346    10.5826   3.611040    32.4306        508     2.1125     2.3242  0.000e+00
     58.547    10.5885   3.611065    32.4255        509     2.1167     2.3223  0.000e+00
     58.771    10.5868   3.610692    32.4232        510     2.1208     2.3200  0.000e+00
     59.007    10.5800   3.610362    32.4259        511     2.1250     2.3218  0.000e+00
     59.250    10.5662   3.610276    32.4371        512     2.1292     2.3219  0.000e+00
     59.503    10.5527   3.610472    32.4510        513     2.1333     2.3263  0.000e+00
     59.758    10.5376   3.610644    32.4661        514     2.1375     2.3304  0.000e+00
     60.012    10.5264   3.610956    32.4790        515     2.1417     2.3354  0.000e+00
     60.263    10.5210   3.611305    32.4872        516     2.1458     2.3376  0.000e+00
     60.488    10.5190   3.611501    32.4909        517     2.1500     2.3373  0.000e+00
     60.713    10.5103   3.609843    32.4819        518     2.1542     2.3356  0.000e+00
     60.927    10.4598   3.604645    32.4748        519     2.1583     2.3295  0.000e+00
     61.114    10.3839   3.601633    32.5123        520     2.1625     2.3207  0.000e+00
     61.286    10.3052   3.599348    32.5597        521     2.1667     2.3143  0.000e+00
     61.421    10.2350   3.598108    32.6102        522     2.1708     2.3091  0.000e+00
     61.522    10.1769   3.597608    32.6574        523     2.1750     2.3091  0.000e+00
     61.604    10.1330   3.598171    32.7027        524     2.1792     2.3116  0.000e+00
     61.696    10.1036   3.599717    32.7449        525     2.1833     2.3158  0.000e+00
     61.798    10.0861   3.600872    32.7723        526     2.1875     2.3199  0.000e+00
     61.908    10.0771   3.601636    32.7882        527     2.1917     2.3258  0.000e+00
     62.028    10.0721   3.602425    32.8006        528     2.1958     2.3286  0.000e+00
     62.152    10.0664   3.603012    32.8116        529     2.2000     2.3306  0.000e+00
     62.285    10.0608   3.605347    32.8403        530     2.2042     2.3291  0.000e+00
     62.427    10.0563   3.606308    32.8541        531     2.2083     2.3249  0.000e+00
     62.569    10.0614   3.607249    32.8589        532     2.2125     2.3200  0.000e+00
     62.735    10.1168   3.605891    32.7949        533     2.2167     2.3142  0.000e+00
     62.913    10.1985   3.606196    32.7240        534     2.2208     2.3052  0.000e+00
     63.103    10.2517   3.607376    32.6878        535     2.2250     2.2952  0.000e+00
     63.296    10.2903   3.607901    32.6583        536     2.2292     2.2844  0.000e+00
     63.502    10.3246   3.607858    32.6269        537     2.2333     2.2748  0.000e+00
     63.707    10.3491   3.607870    32.6050        538     2.2375     2.2666  0.000e+00
     63.923    10.3632   3.607656    32.5901        539     2.2417     2.2622  0.000e+00
     64.137    10.3708   3.607265    32.5793        540     2.2458     2.2575  0.000e+00
     64.340    10.3733   3.608359    32.5880        541     2.2500     2.2575  0.000e+00
     64.536    10.3736   3.608574    32.5897        542     2.2542     2.2581  0.000e+00
     64.728    10.3740   3.608249    32.5860        543     2.2583     2.2594  0.000e+00
     64.917    10.3696   3.607681    32.5842        544     2.2625     2.2582  0.000e+00
     65.095    10.3178   3.604361    32.5972        545     2.2667     2.2560  0.000e+00
     65.264    10.2308   3.599369    32.6250        546     2.2708     2.2506  0.000e+00
     65.428    10.1482   3.596608    32.6715        547     2.2750     2.2414  0.000e+00
     65.586    10.0798   3.594954    32.7164        548     2.2792     2.2330  0.000e+00
     65.749    10.0233   3.594258    32.7605        549     2.2833     2.2230  0.000e+00
