PC2305/sbe122.cnv
* Sea-Bird SBE 19plus V2 Data File:
* FileName = C:\cruise\data\sbe122.hex
* Software Version Seasave V 7.26.7.121
* Temperature SN = 7142
* Conductivity SN = 7142
* System UpLoad Time = Nov 07 2023 18:09:43
** Cruise: PC2205
** Program: ECOMON
# nquan = 8
# nvalues = 2319                                  
# units = specified
# name 0 = depSM: Depth [salt water, m], lat = 40.00
# name 1 = tv290C: Temperature [ITS-90, deg C]
# name 2 = c0S/m: Conductivity [S/m]
# name 3 = sal00: Salinity, Practical [PSU]
# name 4 = scan: Scan Count
# name 5 = timeM: Time, Elapsed [minutes]
# name 6 = sbeox0V: Oxygen raw, SBE 43 [V]
# name 7 = flag:  0.000e+00
# span 0 =     -0.141,     71.783                 
# span 1 =    10.0740,    12.5881                 
# span 2 =   0.000166,   3.729062                 
# span 3 =     0.0068,    32.4832                 
# span 4 =         11,       2329                 
# span 5 =     0.0417,     9.7000                 
# span 6 =     2.1596,     2.8408                 
# span 7 = 0.0000e+00, 0.0000e+00                 
# interval = seconds: 0.25
# start_time = Nov 07 2023 18:09:43 [System UTC, header]
# bad_flag = -9.990e-29
*END*
[from data line 720]
     66.322    10.0782   3.568207    32.4470        731     3.0417     2.2909  0.000e+00
     66.203    10.0778   3.568182    32.4472        732     3.0458     2.2895  0.000e+00
     66.086    10.0775   3.568182    32.4475        733     3.0500     2.2885  0.000e+00
     65.952    10.0773   3.568195    32.4479        734     3.0542     2.2886  0.000e+00
     65.831    10.0773   3.568207    32.4481        735     3.0583     2.2884  0.000e+00
     65.704    10.0773   3.568207    32.4481        736     3.0625     2.2875  0.000e+00
     65.585    10.0774   3.568335    32.4493        737     3.0667     2.2874  0.000e+00
     65.463    10.0779   3.568420    32.4499        738     3.0708     2.2887  0.000e+00
     65.360    10.0788   3.568438    32.4493        739     3.0750     2.2895  0.000e+00
     65.256    10.0795   3.568310    32.4474        740     3.0792     2.2899  0.000e+00
     65.161    10.0794   3.568152    32.4459        741     3.0833     2.2898  0.000e+00
     65.078    10.0788   3.568097    32.4460        742     3.0875     2.2895  0.000e+00
     65.006    10.0778   3.568097    32.4469        743     3.0917     2.2897  0.000e+00
     64.931    10.0773   3.568115    32.4475        744     3.0958     2.2890  0.000e+00
     64.864    10.0772   3.568182    32.4484        745     3.1000     2.2891  0.000e+00
     64.792    10.0773   3.568225    32.4488        746     3.1042     2.2891  0.000e+00
     64.720    10.0776   3.568225    32.4484        747     3.1083     2.2901  0.000e+00
     64.648    10.0778   3.568249    32.4485        748     3.1125     2.2900  0.000e+00
     64.571    10.0782   3.568151    32.4473        749     3.1167     2.2903  0.000e+00
     64.490    10.0780   3.568139    32.4474        750     3.1208     2.2910  0.000e+00
     64.400    10.0775   3.568139    32.4478        751     3.1250     2.2919  0.000e+00
     64.300    10.0773   3.568139    32.4481        752     3.1292     2.2924  0.000e+00
     64.199    10.0773   3.568157    32.4483        753     3.1333     2.2927  0.000e+00
     64.093    10.0771   3.568182    32.4488        754     3.1375     2.2925  0.000e+00
     63.985    10.0773   3.568157    32.4484        755     3.1417     2.2916  0.000e+00
     63.870    10.0774   3.568194    32.4487        756     3.1458     2.2911  0.000e+00
     63.762    10.0775   3.568157    32.4483        757     3.1500     2.2910  0.000e+00
     63.663    10.0777   3.568139    32.4480        758     3.1542     2.2908  0.000e+00
     63.563    10.0775   3.568115    32.4480        759     3.1583     2.2913  0.000e+00
     63.459    10.0776   3.568115    32.4479        760     3.1625     2.2915  0.000e+00
     63.367    10.0776   3.568096    32.4478        761     3.1667     2.2927  0.000e+00
     63.273    10.0773   3.568096    32.4481        762     3.1708     2.2918  0.000e+00
     63.185    10.0774   3.568096    32.4480        763     3.1750     2.2918  0.000e+00
     63.104    10.0772   3.568084    32.4481        764     3.1792     2.2917  0.000e+00
     63.027    10.0771   3.568096    32.4484        765     3.1833     2.2921  0.000e+00
     62.953    10.0772   3.568072    32.4481        766     3.1875     2.2920  0.000e+00
     62.889    10.0771   3.568096    32.4485        767     3.1917     2.2912  0.000e+00
     62.829    10.0771   3.568096    32.4484        768     3.1958     2.2916  0.000e+00
     62.776    10.0771   3.568096    32.4485        769     3.2000     2.2923  0.000e+00
     62.729    10.0772   3.568114    32.4486        770     3.2042     2.2913  0.000e+00
     62.684    10.0774   3.568102    32.4483        771     3.2083     2.2923  0.000e+00
     62.637    10.0773   3.568139    32.4488        772     3.2125     2.2923  0.000e+00
     62.576    10.0774   3.568139    32.4487        773     3.2167     2.2913  0.000e+00
     62.517    10.0778   3.568206    32.4490        774     3.2208     2.2921  0.000e+00
     62.447    10.0780   3.568224    32.4491        775     3.2250     2.2917  0.000e+00
     62.366    10.0784   3.568206    32.4486        776     3.2292     2.2917  0.000e+00
     62.269    10.0786   3.568205    32.4484        777     3.2333     2.2925  0.000e+00
     62.157    10.0788   3.568138    32.4477        778     3.2375     2.2920  0.000e+00
     62.042    10.0786   3.568102    32.4475        779     3.2417     2.2920  0.000e+00
     61.911    10.0782   3.568096    32.4478        780     3.2458     2.2907  0.000e+00
     61.780    10.0780   3.568114    32.4483        781     3.2500     2.2916  0.000e+00
     61.647    10.0780   3.568157    32.4488        782     3.2542     2.2917  0.000e+00
     61.516    10.0781   3.568181    32.4490        783     3.2583     2.2917  0.000e+00
     61.390    10.0785   3.568156    32.4484        784     3.2625     2.2917  0.000e+00
     61.276    10.0786   3.568181    32.4486        785     3.2667     2.2908  0.000e+00
     61.179    10.0788   3.568175    32.4485        786     3.2708     2.2916  0.000e+00
     61.082    10.0790   3.568181    32.4483        787     3.2750     2.2920  0.000e+00
     61.003    10.0790   3.568181    32.4484        788     3.2792     2.2923  0.000e+00
     60.924    10.0792   3.568223    32.4487        789     3.2833     2.2934  0.000e+00
     60.858    10.0795   3.568181    32.4480        790     3.2875     2.2937  0.000e+00
     60.788    10.0795   3.568071    32.4470        791     3.2917     2.2930  0.000e+00
     60.721    10.0790   3.568028    32.4470        792     3.2958     2.2944  0.000e+00
     60.649    10.0786   3.568114    32.4483        793     3.3000     2.2936  0.000e+00
     60.572    10.0783   3.568126    32.4487        794     3.3042     2.2931  0.000e+00
     60.498    10.0786   3.568156    32.4487        795     3.3083     2.2939  0.000e+00
     60.408    10.0788   3.568095    32.4480        796     3.3125     2.2935  0.000e+00
     60.313    10.0788   3.568095    32.4481        797     3.3167     2.2929  0.000e+00
     60.216    10.0788   3.568138    32.4485        798     3.3208     2.2936  0.000e+00
     60.112    10.0786   3.568053    32.4479        799     3.3250     2.2929  0.000e+00
     60.004    10.0788   3.568028    32.4475        800     3.3292     2.2942  0.000e+00
     59.912    10.0786   3.568016    32.4476        801     3.3333     2.2947  0.000e+00
     59.815    10.0782   3.568010    32.4479        802     3.3375     2.2942  0.000e+00
     59.731    10.0779   3.568028    32.4484        803     3.3417     2.2941  0.000e+00
     59.659    10.0780   3.568113    32.4492        804     3.3458     2.2935  0.000e+00
     59.583    10.0783   3.568052    32.4484        805     3.3500     2.2946  0.000e+00
     59.522    10.0786   3.568180    32.4494        806     3.3542     2.2941  0.000e+00
     59.461    10.0791   3.568113    32.4483        807     3.3583     2.2939  0.000e+00
     59.400    10.0793   3.568180    32.4488        808     3.3625     2.2936  0.000e+00
     59.342    10.0797   3.568016    32.4468        809     3.3667     2.2933  0.000e+00
     59.285    10.0792   3.568028    32.4474        810     3.3708     2.2941  0.000e+00
     59.229    10.0788   3.568052    32.4481        811     3.3750     2.2943  0.000e+00
     59.173    10.0786   3.568070    32.4485        812     3.3792     2.2949  0.000e+00
     59.116    10.0786   3.568028    32.4480        813     3.3833     2.2957  0.000e+00
     59.055    10.0786   3.567985    32.4476        814     3.3875     2.2961  0.000e+00
     58.990    10.0783   3.567900    32.4471        815     3.3917     2.2954  0.000e+00
     58.925    10.0778   3.567900    32.4476        816     3.3958     2.2949  0.000e+00
     58.852    10.0773   3.567900    32.4481        817     3.4000     2.2934  0.000e+00
     58.776    10.0769   3.567833    32.4478        818     3.4042     2.2944  0.000e+00
     58.710    10.0767   3.567790    32.4476        819     3.4083     2.2944  0.000e+00
     58.632    10.0762   3.567790    32.4480        820     3.4125     2.2946  0.000e+00
     58.546    10.0758   3.567918    32.4497        821     3.4167     2.2947  0.000e+00
     58.469    10.0763   3.567942    32.4495        822     3.4208     2.2946  0.000e+00
     58.381    10.0769   3.568028    32.4499        823     3.4250     2.2947  0.000e+00
     58.298    10.0776   3.568174    32.4508        824     3.4292     2.2948  0.000e+00
     58.210    10.0786   3.567985    32.4480        825     3.4333     2.2949  0.000e+00
     58.124    10.0788   3.567918    32.4472        826     3.4375     2.2943  0.000e+00
     58.046    10.0786   3.567790    32.4461        827     3.4417     2.2954  0.000e+00
     57.967    10.0775   3.567686    32.4461        828     3.4458     2.2957  0.000e+00
     57.886    10.0762   3.567662    32.4470        829     3.4500     2.2947  0.000e+00
     57.807    10.0753   3.567619    32.4475        830     3.4542     2.2939  0.000e+00
     57.732    10.0747   3.567607    32.4479        831     3.4583     2.2944  0.000e+00
     57.646    10.0743   3.567619    32.4484        832     3.4625     2.2949  0.000e+00
     57.558    10.0741   3.567638    32.4488        833     3.4667     2.2939  0.000e+00
     57.471    10.0740   3.567686    32.4494        834     3.4708     2.2952  0.000e+00
     57.380    10.0744   3.567638    32.4486        835     3.4750     2.2943  0.000e+00
     57.277    10.0746   3.567662    32.4487        836     3.4792     2.2933  0.000e+00
     57.180    10.0745   3.567595    32.4482        837     3.4833     2.2946  0.000e+00
     57.072    10.0746   3.567595    32.4482        838     3.4875     2.2952  0.000e+00
     56.977    10.0742   3.567607    32.4486        839     3.4917     2.2952  0.000e+00
     56.880    10.0740   3.567637    32.4492        840     3.4958     2.2944  0.000e+00
     56.783    10.0743   3.567662    32.4492        841     3.5000     2.2946  0.000e+00
     56.697    10.0744   3.567686    32.4494        842     3.5042     2.2949  0.000e+00
     56.618    10.0749   3.567747    32.4496        843     3.5083     2.2944  0.000e+00
     56.553    10.0753   3.567747    32.4492        844     3.5125     2.2935  0.000e+00
     56.494    10.0757   3.567729    32.4487        845     3.5167     2.2939  0.000e+00
     56.440    10.0758   3.567607    32.4475        846     3.5208     2.2937  0.000e+00
     56.389    10.0754   3.567771    32.4495        847     3.5250     2.2939  0.000e+00
     56.352    10.0757   3.567942    32.4509        848     3.5292     2.2927  0.000e+00
     56.321    10.0770   3.568051    32.4509        849     3.5333     2.2923  0.000e+00
     56.285    10.0784   3.568094    32.4501        850     3.5375     2.2927  0.000e+00
     56.258    10.0797   3.568179    32.4498        851     3.5417     2.2926  0.000e+00
     56.231    10.0810   3.568051    32.4474        852     3.5458     2.2926  0.000e+00
     56.199    10.0811   3.568173    32.4486        853     3.5500     2.2933  0.000e+00
     56.166    10.0816   3.568136    32.4477        854     3.5542     2.2933  0.000e+00
     56.129    10.0822   3.568136    32.4472        855     3.5583     2.2924  0.000e+00
     56.078    10.0819   3.568222    32.4484        856     3.5625     2.2924  0.000e+00
     56.026    10.0825   3.568112    32.4467        857     3.5667     2.2931  0.000e+00
     55.958    10.0822   3.568179    32.4477        858     3.5708     2.2930  0.000e+00
     55.882    10.0821   3.568112    32.4472        859     3.5750     2.2933  0.000e+00
     55.787    10.0822   3.568154    32.4475        860     3.5792     2.2936  0.000e+00
     55.692    10.0822   3.568173    32.4478        861     3.5833     2.2940  0.000e+00
     55.598    10.0826   3.568203    32.4478        862     3.5875     2.2943  0.000e+00
     55.507    10.0828   3.568051    32.4461        863     3.5917     2.2934  0.000e+00
     55.404    10.0822   3.568008    32.4462        864     3.5958     2.2938  0.000e+00
     55.296    10.0818   3.568093    32.4475        865     3.6000     2.2936  0.000e+00
     55.199    10.0816   3.567966    32.4464        866     3.6042     2.2943  0.000e+00
     55.109    10.0811   3.567874    32.4460        867     3.6083     2.2937  0.000e+00
     55.012    10.0804   3.567965    32.4476        868     3.6125     2.2941  0.000e+00
     54.919    10.0800   3.568112    32.4495        869     3.6167     2.2937  0.000e+00
     54.838    10.0807   3.567941    32.4471        870     3.6208     2.2930  0.000e+00
     54.755    10.0810   3.567965    32.4472        871     3.6250     2.2934  0.000e+00
     54.682    10.0806   3.567813    32.4460        872     3.6292     2.2933  0.000e+00
     54.619    10.0799   3.567771    32.4462        873     3.6333     2.2937  0.000e+00
     54.558    10.0793   3.567898    32.4481        874     3.6375     2.2945  0.000e+00
     54.507    10.0791   3.568008    32.4494        875     3.6417     2.2952  0.000e+00
     54.470    10.0798   3.567965    32.4484        876     3.6458     2.2957  0.000e+00
     54.428    10.0800   3.567856    32.4471        877     3.6500     2.2954  0.000e+00
     54.405    10.0794   3.567874    32.4478        878     3.6542     2.2944  0.000e+00
     54.385    10.0790   3.567917    32.4486        879     3.6583     2.2940  0.000e+00
     54.373    10.0789   3.567898    32.4485        880     3.6625     2.2935  0.000e+00
     54.360    10.0791   3.567917    32.4486        881     3.6667     2.2941  0.000e+00
     54.342    10.0790   3.567813    32.4476        882     3.6708     2.2938  0.000e+00
     54.322    10.0785   3.567582    32.4457        883     3.6750     2.2937  0.000e+00
     54.290    10.0773   3.567490    32.4459        884     3.6792     2.2936  0.000e+00
     54.252    10.0758   3.567509    32.4474        885     3.6833     2.2926  0.000e+00
     54.198    10.0750   3.567576    32.4489        886     3.6875     2.2933  0.000e+00
     54.132    10.0751   3.567423    32.4473        887     3.6917     2.2929  0.000e+00
     54.058    10.0744   3.567448    32.4481        888     3.6958     2.2917  0.000e+00
     53.981    10.0740   3.567490    32.4490        889     3.7000     2.2907  0.000e+00
     53.893    10.0740   3.567551    32.4497        890     3.7042     2.2919  0.000e+00
     53.801    10.0741   3.567624    32.4503        891     3.7083     2.2914  0.000e+00
     53.704    10.0749   3.567728    32.4507        892     3.7125     2.2925  0.000e+00
     53.605    10.0757   3.567685    32.4496        893     3.7167     2.2917  0.000e+00
     53.513    10.0761   3.567746    32.4499        894     3.7208     2.2919  0.000e+00
     53.413    10.0765   3.567746    32.4496        895     3.7250     2.2930  0.000e+00
     53.319    10.0768   3.568050    32.4524        896     3.7292     2.2927  0.000e+00
     53.228    10.0787   3.568202    32.4523        897     3.7333     2.2944  0.000e+00
     53.136    10.0804   3.568123    32.4500        898     3.7375     2.2942  0.000e+00
     53.052    10.0815   3.568007    32.4479        899     3.7417     2.2959  0.000e+00
     52.969    10.0817   3.568007    32.4478        900     3.7458     2.2967  0.000e+00
     52.890    10.0815   3.567983    32.4477        901     3.7500     2.2965  0.000e+00
     52.816    10.0811   3.567983    32.4481        902     3.7542     2.2973  0.000e+00
     52.746    10.0808   3.567916    32.4477        903     3.7583     2.2973  0.000e+00
     52.681    10.0805   3.567983    32.4487        904     3.7625     2.2971  0.000e+00
     52.620    10.0806   3.568068    32.4495        905     3.7667     2.2980  0.000e+00
     52.568    10.0811   3.568147    32.4498        906     3.7708     2.2983  0.000e+00
     52.527    10.0819   3.568007    32.4478        907     3.7750     2.2991  0.000e+00
     52.493    10.0820   3.567873    32.4463        908     3.7792     2.2990  0.000e+00
