PC2305/sbe171.cnv
* Sea-Bird SBE 19plus V2 Data File:
* FileName = C:\cruise\data\sbe171.hex
* Software Version Seasave V 7.26.7.121
* Temperature SN = 7142
* Conductivity SN = 7142
* System UpLoad Time = Nov 13 2023 16:14:31
** Cruise: PC2205
** Program: ECOMON
# nquan = 8
# nvalues = 2210                                  
# units = specified
# name 0 = depSM: Depth [salt water, m], lat = 40.00
# name 1 = tv290C: Temperature [ITS-90, deg C]
# name 2 = c0S/m: Conductivity [S/m]
# name 3 = sal00: Salinity, Practical [PSU]
# name 4 = scan: Scan Count
# name 5 = timeM: Time, Elapsed [minutes]
# name 6 = sbeox0V: Oxygen raw, SBE 43 [V]
# name 7 = flag:  0.000e+00
# span 0 =      0.055,     42.102                 
# span 1 =     5.7526,    13.9302                 
# span 2 =  -0.018848,   3.846373                 
# span 3 =     0.0000,    32.5568                 
# span 4 =         11,       2220                 
# span 5 =     0.0417,     9.2458                 
# span 6 =     2.0207,     2.7146                 
# span 7 = 0.0000e+00, 0.0000e+00                 
# interval = seconds: 0.25
# start_time = Nov 13 2023 16:14:31 [System UTC, header]
# bad_flag = -9.990e-29
*END*
[from data line 1079]
     24.359    13.7143   3.794078    31.5252       1090     4.5375     2.6784  0.000e+00
     24.345    13.7143   3.794047    31.5248       1091     4.5417     2.6785  0.000e+00
     24.334    13.7144   3.794034    31.5246       1092     4.5458     2.6791  0.000e+00
     24.313    13.7143   3.794028    31.5247       1093     4.5500     2.6785  0.000e+00
     24.295    13.7143   3.793972    31.5242       1094     4.5542     2.6788  0.000e+00
     24.273    13.7139   3.793959    31.5244       1095     4.5583     2.6786  0.000e+00
     24.255    13.7138   3.793866    31.5236       1096     4.5625     2.6769  0.000e+00
     24.243    13.7133   3.793903    31.5244       1097     4.5667     2.6768  0.000e+00
     24.223    13.7131   3.794028    31.5257       1098     4.5708     2.6756  0.000e+00
     24.210    13.7134   3.793947    31.5247       1099     4.5750     2.6763  0.000e+00
     24.199    13.7136   3.793978    31.5248       1100     4.5792     2.6758  0.000e+00
     24.194    13.7137   3.794034    31.5253       1101     4.5833     2.6749  0.000e+00
     24.183    13.7140   3.794028    31.5250       1102     4.5875     2.6749  0.000e+00
     24.174    13.7143   3.793884    31.5234       1103     4.5917     2.6746  0.000e+00
     24.162    13.7143   3.793903    31.5236       1104     4.5958     2.6737  0.000e+00
     24.153    13.7138   3.793959    31.5245       1105     4.6000     2.6747  0.000e+00
     24.133    13.7138   3.793816    31.5232       1106     4.6042     2.6753  0.000e+00
     24.115    13.7135   3.793703    31.5224       1107     4.6083     2.6753  0.000e+00
     24.109    13.7127   3.793703    31.5231       1108     4.6125     2.6763  0.000e+00
     24.090    13.7123   3.793703    31.5234       1109     4.6167     2.6767  0.000e+00
     24.075    13.7119   3.793635    31.5231       1110     4.6208     2.6774  0.000e+00
     24.066    13.7116   3.793591    31.5230       1111     4.6250     2.6772  0.000e+00
     24.052    13.7113   3.793610    31.5234       1112     4.6292     2.6789  0.000e+00
     24.037    13.7110   3.793678    31.5243       1113     4.6333     2.6782  0.000e+00
     24.030    13.7112   3.793653    31.5239       1114     4.6375     2.6777  0.000e+00
     24.025    13.7115   3.793572    31.5229       1115     4.6417     2.6772  0.000e+00
     24.016    13.7114   3.793560    31.5229       1116     4.6458     2.6778  0.000e+00
     24.001    13.7110   3.793635    31.5239       1117     4.6500     2.6775  0.000e+00
     24.000    13.7112   3.793678    31.5241       1118     4.6542     2.6776  0.000e+00
     23.991    13.7117   3.793653    31.5235       1119     4.6583     2.6786  0.000e+00
     23.982    13.7117   3.793591    31.5229       1120     4.6625     2.6775  0.000e+00
     23.980    13.7116   3.793635    31.5234       1121     4.6667     2.6791  0.000e+00
     23.971    13.7114   3.793660    31.5238       1122     4.6708     2.6792  0.000e+00
     23.965    13.7117   3.793585    31.5229       1123     4.6750     2.6778  0.000e+00
     23.960    13.7115   3.793541    31.5227       1124     4.6792     2.6772  0.000e+00
     23.955    13.7111   3.793485    31.5224       1125     4.6833     2.6772  0.000e+00
     23.951    13.7105   3.793422    31.5224       1126     4.6875     2.6771  0.000e+00
     23.933    13.7102   3.793416    31.5225       1127     4.6917     2.6759  0.000e+00
     23.929    13.7098   3.793397    31.5227       1128     4.6958     2.6762  0.000e+00
     23.919    13.7097   3.793379    31.5226       1129     4.7000     2.6764  0.000e+00
     23.910    13.7096   3.793391    31.5228       1130     4.7042     2.6753  0.000e+00
     23.893    13.7095   3.793379    31.5228       1131     4.7083     2.6752  0.000e+00
     23.881    13.7095   3.793348    31.5225       1132     4.7125     2.6746  0.000e+00
     23.874    13.7095   3.793354    31.5226       1133     4.7167     2.6756  0.000e+00
     23.866    13.7096   3.793348    31.5224       1134     4.7208     2.6762  0.000e+00
     23.857    13.7095   3.793354    31.5226       1135     4.7250     2.6760  0.000e+00
     23.854    13.7094   3.793397    31.5231       1136     4.7292     2.6767  0.000e+00
     23.847    13.7097   3.793485    31.5236       1137     4.7333     2.6772  0.000e+00
     23.843    13.7101   3.793541    31.5238       1138     4.7375     2.6772  0.000e+00
     23.836    13.7106   3.793572    31.5237       1139     4.7417     2.6757  0.000e+00
     23.830    13.7114   3.793635    31.5236       1140     4.7458     2.6759  0.000e+00
     23.830    13.7118   3.793547    31.5225       1141     4.7500     2.6758  0.000e+00
     23.820    13.7119   3.793560    31.5225       1142     4.7542     2.6753  0.000e+00
     23.811    13.7120   3.793653    31.5233       1143     4.7583     2.6753  0.000e+00
     23.800    13.7122   3.793678    31.5234       1144     4.7625     2.6753  0.000e+00
     23.789    13.7126   3.793703    31.5233       1145     4.7667     2.6757  0.000e+00
     23.778    13.7129   3.793572    31.5218       1146     4.7708     2.6757  0.000e+00
     23.766    13.7126   3.793422    31.5207       1147     4.7750     2.6763  0.000e+00
     23.751    13.7114   3.793372    31.5212       1148     4.7792     2.6772  0.000e+00
     23.746    13.7104   3.793447    31.5227       1149     4.7833     2.6772  0.000e+00
     23.730    13.7101   3.793447    31.5230       1150     4.7875     2.6786  0.000e+00
     23.712    13.7100   3.793435    31.5230       1151     4.7917     2.6799  0.000e+00
     23.695    13.7101   3.793472    31.5233       1152     4.7958     2.6798  0.000e+00
     23.683    13.7101   3.793635    31.5247       1153     4.8000     2.6808  0.000e+00
     23.663    13.7109   3.793772    31.5253       1154     4.8042     2.6817  0.000e+00
     23.645    13.7122   3.793834    31.5249       1155     4.8083     2.6801  0.000e+00
     23.627    13.7133   3.793815    31.5238       1156     4.8125     2.6793  0.000e+00
     23.614    13.7138   3.793815    31.5234       1157     4.8167     2.6785  0.000e+00
     23.589    13.7143   3.793859    31.5234       1158     4.8208     2.6786  0.000e+00
     23.575    13.7145   3.793840    31.5231       1159     4.8250     2.6785  0.000e+00
     23.557    13.7146   3.793834    31.5229       1160     4.8292     2.6780  0.000e+00
     23.535    13.7148   3.793865    31.5231       1161     4.8333     2.6774  0.000e+00
     23.516    13.7149   3.793840    31.5228       1162     4.8375     2.6761  0.000e+00
     23.505    13.7149   3.793878    31.5232       1163     4.8417     2.6759  0.000e+00
     23.490    13.7149   3.793840    31.5228       1164     4.8458     2.6764  0.000e+00
     23.476    13.7149   3.793678    31.5213       1165     4.8500     2.6757  0.000e+00
     23.463    13.7140   3.793634    31.5216       1166     4.8542     2.6775  0.000e+00
     23.451    13.7134   3.793728    31.5230       1167     4.8583     2.6767  0.000e+00
     23.438    13.7132   3.793722    31.5231       1168     4.8625     2.6786  0.000e+00
     23.422    13.7133   3.793653    31.5224       1169     4.8667     2.6786  0.000e+00
     23.411    13.7132   3.793591    31.5219       1170     4.8708     2.6783  0.000e+00
     23.399    13.7129   3.793703    31.5232       1171     4.8750     2.6781  0.000e+00
     23.384    13.7134   3.793772    31.5234       1172     4.8792     2.6775  0.000e+00
     23.372    13.7136   3.793703    31.5226       1173     4.8833     2.6770  0.000e+00
     23.363    13.7137   3.793747    31.5230       1174     4.8875     2.6786  0.000e+00
     23.352    13.7139   3.793653    31.5219       1175     4.8917     2.6785  0.000e+00
     23.345    13.7137   3.793678    31.5223       1176     4.8958     2.6780  0.000e+00
     23.336    13.7136   3.793747    31.5230       1177     4.9000     2.6781  0.000e+00
     23.327    13.7135   3.793797    31.5236       1178     4.9042     2.6780  0.000e+00
     23.325    13.7142   3.793747    31.5226       1179     4.9083     2.6791  0.000e+00
     23.312    13.7140   3.793703    31.5223       1180     4.9125     2.6790  0.000e+00
     23.307    13.7136   3.793790    31.5235       1181     4.9167     2.6783  0.000e+00
     23.301    13.7139   3.793865    31.5239       1182     4.9208     2.6773  0.000e+00
     23.298    13.7143   3.793840    31.5234       1183     4.9250     2.6770  0.000e+00
     23.287    13.7148   3.794121    31.5255       1184     4.9292     2.6762  0.000e+00
     23.282    13.7159   3.794190    31.5253       1185     4.9333     2.6765  0.000e+00
     23.273    13.7170   3.794121    31.5237       1186     4.9375     2.6757  0.000e+00
     23.264    13.7176   3.794140    31.5234       1187     4.9417     2.6753  0.000e+00
     23.248    13.7179   3.794121    31.5230       1188     4.9458     2.6762  0.000e+00
     23.237    13.7179   3.794096    31.5228       1189     4.9500     2.6769  0.000e+00
     23.221    13.7179   3.794046    31.5223       1190     4.9542     2.6780  0.000e+00
     23.208    13.7175   3.794034    31.5225       1191     4.9583     2.6788  0.000e+00
     23.199    13.7172   3.794003    31.5225       1192     4.9625     2.6789  0.000e+00
     23.185    13.7169   3.793946    31.5222       1193     4.9667     2.6788  0.000e+00
     23.174    13.7166   3.793978    31.5228       1194     4.9708     2.6791  0.000e+00
     23.158    13.7163   3.794059    31.5237       1195     4.9750     2.6780  0.000e+00
     23.141    13.7164   3.794027    31.5234       1196     4.9792     2.6786  0.000e+00
     23.120    13.7166   3.794046    31.5235       1197     4.9833     2.6779  0.000e+00
     23.102    13.7169   3.794146    31.5241       1198     4.9875     2.6766  0.000e+00
     23.082    13.7171   3.794121    31.5237       1199     4.9917     2.6766  0.000e+00
     23.053    13.7176   3.794102    31.5232       1200     4.9958     2.6778  0.000e+00
     23.032    13.7172   3.794165    31.5240       1201     5.0000     2.6774  0.000e+00
     23.010    13.7173   3.794190    31.5242       1202     5.0042     2.6786  0.000e+00
     22.989    13.7178   3.794140    31.5233       1203     5.0083     2.6785  0.000e+00
     22.971    13.7180   3.794165    31.5235       1204     5.0125     2.6786  0.000e+00
     22.951    13.7182   3.794171    31.5233       1205     5.0167     2.6788  0.000e+00
     22.936    13.7181   3.794165    31.5233       1206     5.0208     2.6786  0.000e+00
     22.929    13.7182   3.794190    31.5235       1207     5.0250     2.6773  0.000e+00
     22.913    13.7183   3.794233    31.5238       1208     5.0292     2.6780  0.000e+00
     22.909    13.7185   3.794190    31.5233       1209     5.0333     2.6780  0.000e+00
     22.902    13.7186   3.794121    31.5226       1210     5.0375     2.6797  0.000e+00
     22.897    13.7183   3.794121    31.5228       1211     5.0417     2.6798  0.000e+00
     22.895    13.7181   3.794215    31.5238       1212     5.0458     2.6788  0.000e+00
     22.890    13.7183   3.794283    31.5243       1213     5.0500     2.6789  0.000e+00
     22.877    13.7188   3.794171    31.5229       1214     5.0542     2.6772  0.000e+00
     22.861    13.7187   3.794121    31.5225       1215     5.0583     2.6762  0.000e+00
     22.843    13.7184   3.794046    31.5220       1216     5.0625     2.6765  0.000e+00
     22.819    13.7178   3.794077    31.5228       1217     5.0667     2.6766  0.000e+00
     22.802    13.7176   3.794071    31.5230       1218     5.0708     2.6782  0.000e+00
     22.780    13.7174   3.794102    31.5234       1219     5.0750     2.6778  0.000e+00
     22.764    13.7176   3.794096    31.5232       1220     5.0792     2.6778  0.000e+00
     22.748    13.7174   3.794059    31.5230       1221     5.0833     2.6774  0.000e+00
     22.737    13.7174   3.794121    31.5236       1222     5.0875     2.6769  0.000e+00
     22.710    13.7177   3.794233    31.5244       1223     5.0917     2.6780  0.000e+00
     22.699    13.7183   3.794233    31.5240       1224     5.0958     2.6788  0.000e+00
     22.688    13.7187   3.794283    31.5241       1225     5.1000     2.6803  0.000e+00
     22.670    13.7190   3.794190    31.5230       1226     5.1042     2.6799  0.000e+00
     22.658    13.7189   3.794165    31.5228       1227     5.1083     2.6804  0.000e+00
     22.641    13.7188   3.794058    31.5219       1228     5.1125     2.6804  0.000e+00
     22.625    13.7182   3.793977    31.5217       1229     5.1167     2.6790  0.000e+00
     22.607    13.7174   3.793977    31.5223       1230     5.1208     2.6796  0.000e+00
     22.593    13.7170   3.793990    31.5228       1231     5.1250     2.6788  0.000e+00
     22.586    13.7169   3.793959    31.5226       1232     5.1292     2.6791  0.000e+00
     22.577    13.7166   3.793990    31.5231       1233     5.1333     2.6783  0.000e+00
     22.570    13.7165   3.794027    31.5236       1234     5.1375     2.6785  0.000e+00
     22.561    13.7167   3.794033    31.5234       1235     5.1417     2.6788  0.000e+00
     22.557    13.7171   3.794046    31.5233       1236     5.1458     2.6801  0.000e+00
     22.559    13.7169   3.794002    31.5230       1237     5.1500     2.6806  0.000e+00
     22.553    13.7169   3.794102    31.5240       1238     5.1542     2.6806  0.000e+00
     22.544    13.7170   3.794165    31.5244       1239     5.1583     2.6801  0.000e+00
     22.539    13.7175   3.794233    31.5246       1240     5.1625     2.6801  0.000e+00
     22.526    13.7177   3.794190    31.5241       1241     5.1667     2.6798  0.000e+00
     22.512    13.7180   3.794214    31.5241       1242     5.1708     2.6795  0.000e+00
     22.501    13.7180   3.794283    31.5247       1243     5.1750     2.6798  0.000e+00
     22.483    13.7182   3.794233    31.5241       1244     5.1792     2.6798  0.000e+00
     22.458    13.7185   3.794121    31.5228       1245     5.1833     2.6805  0.000e+00
     22.442    13.7183   3.794096    31.5227       1246     5.1875     2.6808  0.000e+00
     22.420    13.7180   3.794077    31.5228       1247     5.1917     2.6803  0.000e+00
     22.395    13.7179   3.794096    31.5231       1248     5.1958     2.6804  0.000e+00
     22.366    13.7180   3.794214    31.5242       1249     5.2000     2.6790  0.000e+00
     22.343    13.7184   3.794233    31.5240       1250     5.2042     2.6790  0.000e+00
     22.316    13.7187   3.794464    31.5259       1251     5.2083     2.6791  0.000e+00
     22.298    13.7197   3.794389    31.5243       1252     5.2125     2.6787  0.000e+00
     22.276    13.7203   3.794445    31.5244       1253     5.2167     2.6778  0.000e+00
     22.255    13.7206   3.794657    31.5261       1254     5.2208     2.6770  0.000e+00
     22.231    13.7214   3.794626    31.5252       1255     5.2250     2.6769  0.000e+00
     22.201    13.7221   3.794533    31.5238       1256     5.2292     2.6757  0.000e+00
     22.177    13.7220   3.794476    31.5234       1257     5.2333     2.6748  0.000e+00
     22.158    13.7217   3.794626    31.5249       1258     5.2375     2.6747  0.000e+00
     22.129    13.7218   3.794807    31.5266       1259     5.2417     2.6749  0.000e+00
     22.114    13.7226   3.794838    31.5262       1260     5.2458     2.6753  0.000e+00
     22.096    13.7237   3.794657    31.5237       1261     5.2500     2.6759  0.000e+00
     22.082    13.7236   3.794651    31.5237       1262     5.2542     2.6769  0.000e+00
     22.073    13.7233   3.794607    31.5235       1263     5.2583     2.6762  0.000e+00
     22.057    13.7226   3.794545    31.5235       1264     5.2625     2.6760  0.000e+00
     22.041    13.7222   3.794558    31.5240       1265     5.2667     2.6749  0.000e+00
     22.035    13.7218   3.794676    31.5254       1266     5.2708     2.6733  0.000e+00
     22.021    13.7222   3.794558    31.5240       1267     5.2750     2.6736  0.000e+00
     22.008    13.7221   3.794476    31.5233       1268     5.2792     2.6734  0.000e+00
