PC2305/sbe118.cnv
* Sea-Bird SBE 19plus V2 Data File:
* FileName = C:\cruise\data\sbe118.hex
* Software Version Seasave V 7.26.7.121
* Temperature SN = 7142
* Conductivity SN = 7142
* System UpLoad Time = Nov 07 2023 11:09:01
** Cruise: PC2205
** Program: ECOMON
# nquan = 8
# nvalues = 3604                                  
# units = specified
# name 0 = depSM: Depth [salt water, m], lat = 40.00
# name 1 = tv290C: Temperature [ITS-90, deg C]
# name 2 = c0S/m: Conductivity [S/m]
# name 3 = sal00: Salinity, Practical [PSU]
# name 4 = scan: Scan Count
# name 5 = timeM: Time, Elapsed [minutes]
# name 6 = sbeox0V: Oxygen raw, SBE 43 [V]
# name 7 = flag:  0.000e+00
# span 0 =     -0.087,    162.656                 
# span 1 =     5.4207,    12.2143                 
# span 2 =   0.000130,   3.619415                 
# span 3 =     0.0057,    33.8145                 
# span 4 =         11,       3614                 
# span 5 =     0.0417,    15.0542                 
# span 6 =     2.1929,     2.8817                 
# span 7 = 0.0000e+00, 0.0000e+00                 
# interval = seconds: 0.25
# start_time = Nov 07 2023 11:09:01 [System UTC, header]
# bad_flag = -9.990e-29
*END*
[from data line 2158]
     78.672     5.9982   3.257765    32.9475       2169     9.0333     2.3815  0.000e+00
     78.631     5.9855   3.257683    32.9590       2170     9.0375     2.3830  0.000e+00
     78.589     5.9777   3.257660    32.9663       2171     9.0417     2.3849  0.000e+00
     78.541     5.9744   3.258294    32.9767       2172     9.0458     2.3857  0.000e+00
     78.494     5.9746   3.259963    32.9952       2173     9.0500     2.3860  0.000e+00
     78.446     5.9818   3.260862    32.9984       2174     9.0542     2.3882  0.000e+00
     78.395     5.9916   3.261473    32.9956       2175     9.0583     2.3901  0.000e+00
     78.345     6.0004   3.261490    32.9873       2176     9.0625     2.3911  0.000e+00
     78.284     6.0062   3.261596    32.9828       2177     9.0667     2.3917  0.000e+00
     78.235     6.0097   3.261167    32.9747       2178     9.0708     2.3923  0.000e+00
     78.189     6.0099   3.261002    32.9727       2179     9.0750     2.3940  0.000e+00
     78.135     6.0091   3.261672    32.9810       2180     9.0792     2.3950  0.000e+00
     78.077     6.0103   3.261796    32.9812       2181     9.0833     2.3949  0.000e+00
     78.027     6.0128   3.261837    32.9793       2182     9.0875     2.3953  0.000e+00
     77.973     6.0145   3.261819    32.9774       2183     9.0917     2.3957  0.000e+00
     77.917     6.0153   3.261837    32.9769       2184     9.0958     2.3970  0.000e+00
     77.860     6.0160   3.261943    32.9774       2185     9.1000     2.3947  0.000e+00
     77.802     6.0168   3.261754    32.9746       2186     9.1042     2.3956  0.000e+00
     77.737     6.0166   3.261819    32.9755       2187     9.1083     2.3955  0.000e+00
     77.673     6.0165   3.261837    32.9758       2188     9.1125     2.3964  0.000e+00
     77.615     6.0165   3.262183    32.9797       2189     9.1167     2.3968  0.000e+00
     77.549     6.0179   3.262248    32.9791       2190     9.1208     2.3954  0.000e+00
     77.484     6.0194   3.262430    32.9798       2191     9.1250     2.3955  0.000e+00
     77.428     6.0210   3.262654    32.9807       2192     9.1292     2.3961  0.000e+00
     77.367     6.0231   3.263083    32.9835       2193     9.1333     2.3953  0.000e+00
     77.304     6.0257   3.262836    32.9783       2194     9.1375     2.3967  0.000e+00
     77.236     6.0272   3.263018    32.9789       2195     9.1417     2.3972  0.000e+00
     77.162     6.0281   3.263165    32.9797       2196     9.1458     2.3957  0.000e+00
     77.092     6.0291   3.262930    32.9761       2197     9.1500     2.3972  0.000e+00
     77.009     6.0294   3.262430    32.9703       2198     9.1542     2.3966  0.000e+00
     76.927     6.0279   3.262101    32.9681       2199     9.1583     2.3966  0.000e+00
     76.840     6.0259   3.262060    32.9696       2200     9.1625     2.3965  0.000e+00
     76.761     6.0243   3.261919    32.9696       2201     9.1667     2.3970  0.000e+00
     76.677     6.0230   3.261595    32.9673       2202     9.1708     2.3969  0.000e+00
     76.603     6.0213   3.261390    32.9667       2203     9.1750     2.3970  0.000e+00
     76.531     6.0192   3.261490    32.9699       2204     9.1792     2.3955  0.000e+00
     76.472     6.0181   3.260737    32.9625       2205     9.1833     2.3966  0.000e+00
     76.411     6.0159   3.259862    32.9549       2206     9.1875     2.3972  0.000e+00
     76.357     6.0107   3.258681    32.9468       2207     9.1917     2.3968  0.000e+00
     76.303     6.0040   3.258046    32.9462       2208     9.1958     2.3969  0.000e+00
     76.256     5.9971   3.257265    32.9441       2209     9.2000     2.3963  0.000e+00
     76.204     5.9903   3.257089    32.9489       2210     9.2042     2.3972  0.000e+00
     76.157     5.9852   3.257130    32.9542       2211     9.2083     2.3967  0.000e+00
     76.107     5.9823   3.257171    32.9576       2212     9.2125     2.3976  0.000e+00
     76.059     5.9813   3.257277    32.9598       2213     9.2167     2.3980  0.000e+00
     76.008     5.9810   3.257277    32.9601       2214     9.2208     2.3974  0.000e+00
     75.958     5.9814   3.257353    32.9606       2215     9.2250     2.3984  0.000e+00
     75.911     5.9818   3.257559    32.9626       2216     9.2292     2.3990  0.000e+00
     75.864     5.9827   3.257641    32.9626       2217     9.2333     2.3987  0.000e+00
     75.818     5.9839   3.257659    32.9616       2218     9.2375     2.3992  0.000e+00
     75.767     5.9846   3.257618    32.9605       2219     9.2417     2.3984  0.000e+00
     75.719     5.9850   3.257741    32.9616       2220     9.2458     2.3976  0.000e+00
     75.670     5.9854   3.257988    32.9639       2221     9.2500     2.3980  0.000e+00
     75.616     5.9866   3.257982    32.9628       2222     9.2542     2.3985  0.000e+00
     75.559     5.9877   3.257905    32.9608       2223     9.2583     2.3974  0.000e+00
     75.501     5.9879   3.257888    32.9605       2224     9.2625     2.3972  0.000e+00
     75.435     5.9877   3.258029    32.9623       2225     9.2667     2.3976  0.000e+00
     75.368     5.9883   3.257923    32.9606       2226     9.2708     2.3973  0.000e+00
     75.293     5.9890   3.258211    32.9631       2227     9.2750     2.3976  0.000e+00
     75.219     5.9902   3.258640    32.9668       2228     9.2792     2.3972  0.000e+00
     75.147     5.9931   3.258457    32.9620       2229     9.2833     2.3985  0.000e+00
     75.073     5.9947   3.258269    32.9584       2230     9.2875     2.3987  0.000e+00
     74.996     5.9948   3.257823    32.9533       2231     9.2917     2.3998  0.000e+00
     74.924     5.9930   3.258170    32.9590       2232     9.2958     2.3987  0.000e+00
     74.860     5.9924   3.257012    32.9466       2233     9.3000     2.3988  0.000e+00
     74.800     5.9905   3.258087    32.9605       2234     9.3042     2.3990  0.000e+00
     74.734     5.9893   3.256478    32.9437       2235     9.3083     2.3998  0.000e+00
     74.674     5.9863   3.254939    32.9294       2236     9.3125     2.3999  0.000e+00
     74.617     5.9779   3.255157    32.9400       2237     9.3167     2.3989  0.000e+00
     74.563     5.9720   3.256014    32.9554       2238     9.3208     2.4001  0.000e+00
     74.513     5.9716   3.255568    32.9508       2239     9.3250     2.3997  0.000e+00
     74.457     5.9713   3.254734    32.9417       2240     9.3292     2.3992  0.000e+00
     74.408     5.9682   3.254775    32.9453       2241     9.3333     2.4002  0.000e+00
     74.351     5.9651   3.256032    32.9625       2242     9.3375     2.3992  0.000e+00
     74.301     5.9673   3.252432    32.9199       2243     9.3417     2.3989  0.000e+00
     74.247     5.9595   3.247321    32.8702       2244     9.3458     2.3987  0.000e+00
     74.191     5.9352   3.246711    32.8870       2245     9.3500     2.3980  0.000e+00
     74.141     5.9132   3.245860    32.8988       2246     9.3542     2.3988  0.000e+00
     74.087     5.8973   3.244177    32.8954       2247     9.3583     2.3970  0.000e+00
     74.031     5.8835   3.243169    32.8975       2248     9.3625     2.3967  0.000e+00
     73.970     5.8710   3.242963    32.9074       2249     9.3667     2.3955  0.000e+00
     73.909     5.8627   3.242799    32.9137       2250     9.3708     2.3967  0.000e+00
     73.851     5.8578   3.242881    32.9195       2251     9.3750     2.3968  0.000e+00
     73.786     5.8556   3.242840    32.9211       2252     9.3792     2.3965  0.000e+00
     73.722     5.8541   3.242559    32.9194       2253     9.3833     2.3977  0.000e+00
     73.657     5.8528   3.240454    32.8971       2254     9.3875     2.3992  0.000e+00
     73.594     5.8452   3.237524    32.8716       2255     9.3917     2.4007  0.000e+00
     73.528     5.8292   3.237137    32.8828       2256     9.3958     2.3998  0.000e+00
     73.465     5.8161   3.235350    32.8754       2257     9.4000     2.4018  0.000e+00
     73.393     5.8036   3.233142    32.8628       2258     9.4042     2.4028  0.000e+00
     73.330     5.7882   3.232574    32.8714       2259     9.4083     2.4020  0.000e+00
     73.265     5.7759   3.232457    32.8821       2260     9.4125     2.4032  0.000e+00
     73.204     5.7682   3.231585    32.8798       2261     9.4167     2.4025  0.000e+00
     73.139     5.7621   3.230355    32.8720       2262     9.4208     2.4037  0.000e+00
     73.082     5.7540   3.230156    32.8776       2263     9.4250     2.4035  0.000e+00
     73.031     5.7479   3.230074    32.8826       2264     9.4292     2.4045  0.000e+00
     72.974     5.7443   3.229091    32.8751       2265     9.4333     2.4050  0.000e+00
     72.918     5.7394   3.225825    32.8431       2266     9.4375     2.4053  0.000e+00
     72.863     5.7248   3.221443    32.8078       2267     9.4417     2.4056  0.000e+00
     72.810     5.7001   3.219818    32.8135       2268     9.4458     2.4066  0.000e+00
     72.756     5.6760   3.218075    32.8173       2269     9.4500     2.4071  0.000e+00
     72.706     5.6561   3.216743    32.8217       2270     9.4542     2.4062  0.000e+00
     72.659     5.6385   3.215463    32.8244       2271     9.4583     2.4069  0.000e+00
     72.611     5.6240   3.214902    32.8323       2272     9.4625     2.4069  0.000e+00
     72.573     5.6126   3.215083    32.8454       2273     9.4667     2.4073  0.000e+00
     72.537     5.6065   3.215042    32.8510       2274     9.4708     2.4080  0.000e+00
     72.503     5.6038   3.214598    32.8486       2275     9.4750     2.4086  0.000e+00
     72.465     5.6011   3.214417    32.8491       2276     9.4792     2.4090  0.000e+00
     72.424     5.5985   3.214376    32.8513       2277     9.4833     2.4114  0.000e+00
     72.375     5.5971   3.214400    32.8529       2278     9.4875     2.4119  0.000e+00
     72.330     5.5962   3.214376    32.8535       2279     9.4917     2.4129  0.000e+00
     72.273     5.5960   3.214201    32.8517       2280     9.4958     2.4140  0.000e+00
     72.219     5.5950   3.213798    32.8482       2281     9.5000     2.4135  0.000e+00
     72.153     5.5932   3.213558    32.8473       2282     9.5042     2.4138  0.000e+00
     72.081     5.5910   3.213360    32.8472       2283     9.5083     2.4151  0.000e+00
     71.998     5.5888   3.213295    32.8487       2284     9.5125     2.4149  0.000e+00
     71.924     5.5874   3.213336    32.8506       2285     9.5167     2.4162  0.000e+00
     71.836     5.5865   3.213319    32.8513       2286     9.5208     2.4164  0.000e+00
     71.762     5.5862   3.213219    32.8505       2287     9.5250     2.4163  0.000e+00
     71.676     5.5858   3.212775    32.8459       2288     9.5292     2.4175  0.000e+00
     71.590     5.5842   3.212057    32.8394       2289     9.5333     2.4178  0.000e+00
     71.505     5.5807   3.211572    32.8373       2290     9.5375     2.4177  0.000e+00
     71.426     5.5766   3.211356    32.8390       2291     9.5417     2.4185  0.000e+00
     71.347     5.5727   3.210351    32.8314       2292     9.5458     2.4186  0.000e+00
     71.265     5.5677   3.209376    32.8252       2293     9.5500     2.4178  0.000e+00
     71.196     5.5608   3.208144    32.8181       2294     9.5542     2.4174  0.000e+00
     71.119     5.5522   3.207852    32.8232       2295     9.5583     2.4169  0.000e+00
     71.045     5.5452   3.207974    32.8314       2296     9.5625     2.4183  0.000e+00
     70.973     5.5415   3.207671    32.8316       2297     9.5667     2.4176  0.000e+00
     70.909     5.5393   3.207531    32.8323       2298     9.5708     2.4177  0.000e+00
     70.848     5.5371   3.207332    32.8322       2299     9.5750     2.4179  0.000e+00
     70.788     5.5353   3.206912    32.8292       2300     9.5792     2.4203  0.000e+00
     70.736     5.5330   3.206672    32.8288       2301     9.5833     2.4202  0.000e+00
     70.688     5.5306   3.206491    32.8291       2302     9.5875     2.4208  0.000e+00
     70.641     5.5286   3.205896    32.8243       2303     9.5917     2.4210  0.000e+00
     70.591     5.5256   3.205674    32.8248       2304     9.5958     2.4212  0.000e+00
     70.549     5.5229   3.205575    32.8263       2305     9.6000     2.4226  0.000e+00
     70.513     5.5208   3.205353    32.8258       2306     9.6042     2.4231  0.000e+00
     70.474     5.5189   3.205137    32.8252       2307     9.6083     2.4231  0.000e+00
     70.431     5.5174   3.204857    32.8236       2308     9.6125     2.4220  0.000e+00
     70.396     5.5154   3.204594    32.8226       2309     9.6167     2.4208  0.000e+00
     70.353     5.5135   3.204518    32.8236       2310     9.6208     2.4196  0.000e+00
     70.314     5.5119   3.204337    32.8231       2311     9.6250     2.4205  0.000e+00
     70.280     5.5103   3.204174    32.8228       2312     9.6292     2.4216  0.000e+00
     70.235     5.5090   3.203999    32.8221       2313     9.6333     2.4207  0.000e+00
     70.186     5.5074   3.203555    32.8187       2314     9.6375     2.4203  0.000e+00
     70.134     5.5052   3.203357    32.8186       2315     9.6417     2.4215  0.000e+00
     70.082     5.5031   3.203100    32.8178       2316     9.6458     2.4208  0.000e+00
     70.019     5.5009   3.202598    32.8142       2317     9.6500     2.4218  0.000e+00
     69.961     5.4979   3.202558    32.8167       2318     9.6542     2.4215  0.000e+00
     69.891     5.4957   3.201980    32.8124       2319     9.6583     2.4221  0.000e+00
     69.818     5.4929   3.201461    32.8092       2320     9.6625     2.4218  0.000e+00
     69.744     5.4892   3.200982    32.8074       2321     9.6667     2.4231  0.000e+00
     69.672     5.4852   3.200504    32.8059       2322     9.6708     2.4230  0.000e+00
     69.589     5.4815   3.200084    32.8048       2323     9.6750     2.4228  0.000e+00
     69.509     5.4780   3.199664    32.8036       2324     9.6792     2.4231  0.000e+00
     69.429     5.4745   3.199466    32.8047       2325     9.6833     2.4226  0.000e+00
     69.354     5.4719   3.199326    32.8057       2326     9.6875     2.4231  0.000e+00
     69.277     5.4699   3.199186    32.8061       2327     9.6917     2.4229  0.000e+00
     69.212     5.4683   3.199028    32.8060       2328     9.6958     2.4239  0.000e+00
     69.145     5.4672   3.198929    32.8059       2329     9.7000     2.4242  0.000e+00
     69.077     5.4662   3.198847    32.8060       2330     9.7042     2.4239  0.000e+00
     69.020     5.4656   3.198771    32.8058       2331     9.7083     2.4242  0.000e+00
     68.960     5.4650   3.198707    32.8056       2332     9.7125     2.4242  0.000e+00
     68.901     5.4645   3.198631    32.8054       2333     9.7167     2.4250  0.000e+00
     68.842     5.4641   3.198468    32.8039       2334     9.7208     2.4250  0.000e+00
     68.791     5.4635   3.198351    32.8032       2335     9.7250     2.4251  0.000e+00
     68.730     5.4626   3.198252    32.8029       2336     9.7292     2.4257  0.000e+00
     68.669     5.4620   3.198153    32.8024       2337     9.7333     2.4262  0.000e+00
     68.612     5.4613   3.198042    32.8019       2338     9.7375     2.4270  0.000e+00
     68.547     5.4607   3.197774    32.7995       2339     9.7417     2.4281  0.000e+00
     68.489     5.4599   3.197716    32.7996       2340     9.7458     2.4279  0.000e+00
     68.428     5.4591   3.197593    32.7990       2341     9.7500     2.4295  0.000e+00
     68.371     5.4587   3.197576    32.7993       2342     9.7542     2.4289  0.000e+00
     68.308     5.4582   3.197512    32.7991       2343     9.7583     2.4298  0.000e+00
     68.245     5.4582   3.197476    32.7987       2344     9.7625     2.4302  0.000e+00
     68.191     5.4580   3.197453    32.7986       2345     9.7667     2.4292  0.000e+00
     68.126     5.4579   3.197453    32.7987       2346     9.7708     2.4299  0.000e+00
     68.063     5.4582   3.197453    32.7985       2347     9.7750     2.4305  0.000e+00
