PC2305/sbe111.cnv
* Sea-Bird SBE 19plus V2 Data File:
* FileName = C:\cruise\data\sbe111.hex
* Software Version Seasave V 7.26.7.121
* Temperature SN = 7142
* Conductivity SN = 7142
* System UpLoad Time = Nov 06 2023 20:27:31
** Cruise: PC2205
** Program: ECOMON
# nquan = 8
# nvalues = 3905                                  
# units = specified
# name 0 = depSM: Depth [salt water, m], lat = 40.00
# name 1 = tv290C: Temperature [ITS-90, deg C]
# name 2 = c0S/m: Conductivity [S/m]
# name 3 = sal00: Salinity, Practical [PSU]
# name 4 = scan: Scan Count
# name 5 = timeM: Time, Elapsed [minutes]
# name 6 = sbeox0V: Oxygen raw, SBE 43 [V]
# name 7 = flag:  0.000e+00
# span 0 =     -0.002,    144.467                 
# span 1 =     5.5330,    13.3643                 
# span 2 =   0.000200,   3.777802                 
# span 3 =     0.0068,    34.6800                 
# span 4 =         11,       3915                 
# span 5 =     0.0417,    16.3083                 
# span 6 =     2.0746,     2.9636                 
# span 7 = 0.0000e+00, 0.0000e+00                 
# interval = seconds: 0.25
# start_time = Nov 06 2023 20:27:31 [System UTC, header]
# bad_flag = -9.990e-29
*END*
[from data line 2338]
     47.620     5.5670   3.195498    32.6805       2349     9.7833     2.5206  0.000e+00
     47.593     5.5670   3.194868    32.6734       2350     9.7875     2.5199  0.000e+00
     47.550     5.5651   3.194659    32.6729       2351     9.7917     2.5206  0.000e+00
     47.510     5.5628   3.194682    32.6755       2352     9.7958     2.5199  0.000e+00
     47.460     5.5613   3.194699    32.6771       2353     9.8000     2.5208  0.000e+00
     47.397     5.5610   3.195475    32.6862       2354     9.8042     2.5201  0.000e+00
     47.338     5.5629   3.195953    32.6898       2355     9.8083     2.5208  0.000e+00
     47.266     5.5679   3.197049    32.6974       2356     9.8125     2.5205  0.000e+00
     47.189     5.5747   3.197066    32.6910       2357     9.8167     2.5217  0.000e+00
     47.106     5.5810   3.197130    32.6857       2358     9.8208     2.5222  0.000e+00
     47.016     5.5850   3.197247    32.6831       2359     9.8250     2.5217  0.000e+00
     46.910     5.5880   3.197807    32.6866       2360     9.8292     2.5232  0.000e+00
     46.806     5.5925   3.198448    32.6895       2361     9.8333     2.5230  0.000e+00
     46.703     5.5987   3.199416    32.6946       2362     9.8375     2.5230  0.000e+00
     46.606     5.6074   3.202853    32.7250       2363     9.8417     2.5232  0.000e+00
     46.500     5.6261   3.215151    32.8460       2364     9.8458     2.5225  0.000e+00
     46.396     5.6775   3.220611    32.8577       2365     9.8500     2.5251  0.000e+00
     46.313     5.7471   3.223365    32.8210       2366     9.8542     2.5269  0.000e+00
     46.234     5.8042   3.222475    32.7555       2367     9.8583     2.5278  0.000e+00
     46.166     5.8363   3.218703    32.6821       2368     9.8625     2.5298  0.000e+00
     46.116     5.8424   3.219463    32.6847       2369     9.8667     2.5299  0.000e+00
     46.082     5.8377   3.220147    32.6970       2370     9.8708     2.5285  0.000e+00
     46.064     5.8407   3.224288    32.7407       2371     9.8750     2.5285  0.000e+00
     46.060     5.8512   3.225517    32.7443       2372     9.8792     2.5268  0.000e+00
     46.055     5.8662   3.218819    32.6544       2373     9.8833     2.5268  0.000e+00
     46.065     5.8602   3.222077    32.6969       2374     9.8875     2.5256  0.000e+00
     46.076     5.8545   3.222878    32.7114       2375     9.8917     2.5245  0.000e+00
     46.092     5.8592   3.228191    32.7666       2376     9.8958     2.5240  0.000e+00
     46.100     5.8803   3.228571    32.7504       2377     9.9000     2.5220  0.000e+00
     46.100     5.9060   3.231821    32.7620       2378     9.9042     2.5217  0.000e+00
     46.089     5.9281   3.226862    32.6850       2379     9.9083     2.5208  0.000e+00
     46.071     5.9297   3.231434    32.7347       2380     9.9125     2.5213  0.000e+00
     46.038     5.9377   3.238886    32.8106       2381     9.9167     2.5204  0.000e+00
     45.993     5.9731   3.233249    32.7132       2382     9.9208     2.5188  0.000e+00
     45.949     5.9861   3.231679    32.6831       2383     9.9250     2.5201  0.000e+00
     45.887     5.9767   3.234239    32.7209       2384     9.9292     2.5187  0.000e+00
     45.823     5.9786   3.236600    32.7455       2385     9.9333     2.5179  0.000e+00
     45.751     5.9880   3.238363    32.7562       2386     9.9375     2.5163  0.000e+00
     45.674     6.0046   3.240708    32.7665       2387     9.9417     2.5163  0.000e+00
     45.594     6.0250   3.243012    32.7726       2388     9.9458     2.5147  0.000e+00
     45.519     6.0472   3.244307    32.7656       2389     9.9500     2.5153  0.000e+00
     45.440     6.0676   3.245222    32.7562       2390     9.9542     2.5150  0.000e+00
     45.375     6.0853   3.246659    32.7552       2391     9.9583     2.5147  0.000e+00
     45.307     6.0997   3.250614    32.7856       2392     9.9625     2.5143  0.000e+00
     45.253     6.1197   3.250109    32.7606       2393     9.9667     2.5154  0.000e+00
     45.204     6.1405   3.254758    32.7925       2394     9.9708     2.5140  0.000e+00
     45.169     6.1638   3.259034    32.8177       2395     9.9750     2.5130  0.000e+00
     45.138     6.1973   3.261542    32.8134       2396     9.9792     2.5138  0.000e+00
     45.113     6.2300   3.261906    32.7859       2397     9.9833     2.5125  0.000e+00
     45.093     6.2520   3.261765    32.7631       2398     9.9875     2.5120  0.000e+00
     45.084     6.2627   3.251956    32.6436       2399     9.9917     2.5106  0.000e+00
     45.077     6.2369   3.250577    32.6531       2400     9.9958     2.5097  0.000e+00
     45.064     6.2016   3.251833    32.7010       2401    10.0000     2.5059  0.000e+00
     45.059     6.1833   3.253436    32.7365       2402    10.0042     2.5047  0.000e+00
     45.050     6.1818   3.253155    32.7348       2403    10.0083     2.5025  0.000e+00
     45.041     6.1839   3.253501    32.7366       2404    10.0125     2.4976  0.000e+00
     45.021     6.1865   3.257142    32.7747       2405    10.0167     2.5010  0.000e+00
     45.003     6.2009   3.257142    32.7608       2406    10.0208     2.4964  0.000e+00
     44.980     6.2134   3.259174    32.7714       2407    10.0250     2.5014  0.000e+00
     44.960     6.2263   3.259268    32.7601       2408    10.0292     2.4975  0.000e+00
     44.933     6.2391   3.259238    32.7475       2409    10.0333     2.5005  0.000e+00
     44.903     6.2447   3.263111    32.7852       2410    10.0375     2.4973  0.000e+00
     44.881     6.2592   3.263517    32.7758       2411    10.0417     2.4995  0.000e+00
     44.860     6.2771   3.264169    32.7658       2412    10.0458     2.5008  0.000e+00
     44.833     6.2873   3.265844    32.7746       2413    10.0500     2.5002  0.000e+00
     44.815     6.3014   3.266497    32.7683       2414    10.0542     2.4969  0.000e+00
     44.795     6.3136   3.268967    32.7840       2415    10.0583     2.5011  0.000e+00
     44.768     6.3278   3.270073    32.7826       2416    10.0625     2.5019  0.000e+00
     44.739     6.3448   3.271214    32.7790       2417    10.0667     2.4970  0.000e+00
     44.709     6.3596   3.270637    32.7583       2418    10.0708     2.4964  0.000e+00
     44.674     6.3669   3.268313    32.7256       2419    10.0750     2.4934  0.000e+00
     44.633     6.3630   3.264003    32.6815       2420    10.0792     2.4932  0.000e+00
     44.594     6.3425   3.264844    32.7105       2421    10.0833     2.4943  0.000e+00
     44.559     6.3248   3.264251    32.7209       2422    10.0875     2.4920  0.000e+00
     44.511     6.3123   3.264309    32.7336       2423    10.0917     2.4911  0.000e+00
     44.466     6.3089   3.264210    32.7358       2424    10.0958     2.4911  0.000e+00
     44.423     6.3090   3.264309    32.7369       2425    10.1000     2.4897  0.000e+00
     44.378     6.3069   3.268761    32.7884       2426    10.1042     2.4902  0.000e+00
     44.335     6.3210   3.270502    32.7942       2427    10.1083     2.4906  0.000e+00
     44.299     6.3440   3.270772    32.7751       2428    10.1125     2.4911  0.000e+00
     44.259     6.3602   3.270072    32.7517       2429    10.1167     2.4937  0.000e+00
     44.234     6.3651   3.270378    32.7504       2430    10.1208     2.4947  0.000e+00
     44.204     6.3680   3.270543    32.7495       2431    10.1250     2.4943  0.000e+00
     44.184     6.3698   3.271666    32.7602       2432    10.1292     2.4926  0.000e+00
     44.160     6.3749   3.272749    32.7673       2433    10.1333     2.4962  0.000e+00
     44.146     6.3844   3.275292    32.7864       2434    10.1375     2.4925  0.000e+00
     44.124     6.3991   3.273567    32.7531       2435    10.1417     2.4926  0.000e+00
     44.103     6.4089   3.274185    32.7506       2436    10.1458     2.4927  0.000e+00
     44.081     6.4106   3.272213    32.7272       2437    10.1500     2.4931  0.000e+00
     44.072     6.4056   3.274820    32.7608       2438    10.1542     2.4919  0.000e+00
     44.067     6.4080   3.275862    32.7700       2439    10.1583     2.4929  0.000e+00
     44.069     6.4187   3.276210    32.7637       2440    10.1625     2.4924  0.000e+00
     44.076     6.4285   3.276745    32.7601       2441    10.1667     2.4924  0.000e+00
     44.096     6.4338   3.275144    32.7373       2442    10.1708     2.4919  0.000e+00
     44.116     6.4338   3.277134    32.7594       2443    10.1750     2.4905  0.000e+00
     44.137     6.4363   3.278647    32.7737       2444    10.1792     2.4900  0.000e+00
     44.157     6.4477   3.279377    32.7709       2445    10.1833     2.4908  0.000e+00
     44.177     6.4588   3.280001    32.7671       2446    10.1875     2.4908  0.000e+00
     44.187     6.4695   3.280084    32.7578       2447    10.1917     2.4914  0.000e+00
     44.207     6.4761   3.279695    32.7471       2448    10.1958     2.4905  0.000e+00
     44.229     6.4783   3.279000    32.7372       2449    10.2000     2.4923  0.000e+00
     44.245     6.4766   3.276233    32.7082       2450    10.2042     2.4899  0.000e+00
     44.259     6.4626   3.273484    32.6913       2451    10.2083     2.4908  0.000e+00
     44.279     6.4408   3.274961    32.7285       2452    10.2125     2.4913  0.000e+00
     44.290     6.4280   3.269295    32.6780       2453    10.2167     2.4898  0.000e+00
     44.299     6.4035   3.269213    32.7005       2454    10.2208     2.4903  0.000e+00
     44.322     6.3833   3.274267    32.7760       2455    10.2250     2.4889  0.000e+00
     44.326     6.3902   3.274161    32.7682       2456    10.2292     2.4889  0.000e+00
     44.310     6.4019   3.273914    32.7542       2457    10.2333     2.4898  0.000e+00
     44.272     6.4083   3.277299    32.7856       2458    10.2375     2.4896  0.000e+00
     44.223     6.4224   3.278630    32.7868       2459    10.2417     2.4900  0.000e+00
     44.184     6.4421   3.278588    32.7675       2460    10.2458     2.4917  0.000e+00
     44.157     6.4560   3.279000    32.7587       2461    10.2500     2.4916  0.000e+00
     44.135     6.4640   3.280137    32.7636       2462    10.2542     2.4923  0.000e+00
     44.130     6.4732   3.279795    32.7510       2463    10.2583     2.4947  0.000e+00
     44.126     6.4781   3.280272    32.7516       2464    10.2625     2.4943  0.000e+00
     44.128     6.4811   3.280908    32.7558       2465    10.2667     2.4969  0.000e+00
     44.137     6.4858   3.282057    32.7639       2466    10.2708     2.4919  0.000e+00
     44.143     6.4938   3.282752    32.7639       2467    10.2750     2.4970  0.000e+00
     44.153     6.5037   3.283141    32.7587       2468    10.2792     2.4922  0.000e+00
     44.168     6.5110   3.283636    32.7572       2469    10.2833     2.4955  0.000e+00
     44.186     6.5171   3.282404    32.7377       2470    10.2875     2.4928  0.000e+00
     44.211     6.5157   3.280908    32.7225       2471    10.2917     2.4937  0.000e+00
     44.231     6.5094   3.280413    32.7231       2472    10.2958     2.4921  0.000e+00
     44.249     6.4991   3.278505    32.7118       2473    10.3000     2.4909  0.000e+00
     44.270     6.4870   3.277581    32.7132       2474    10.3042     2.4905  0.000e+00
     44.283     6.4724   3.277663    32.7281       2475    10.3083     2.4900  0.000e+00
     44.294     6.4638   3.279348    32.7550       2476    10.3125     2.4894  0.000e+00
     44.288     6.4656   3.278712    32.7463       2477    10.3167     2.4894  0.000e+00
     44.294     6.4669   3.278464    32.7422       2478    10.3208     2.4882  0.000e+00
     44.288     6.4679   3.275061    32.7036       2479    10.3250     2.4898  0.000e+00
     44.283     6.4543   3.274938    32.7152       2480    10.3292     2.4900  0.000e+00
     44.276     6.4395   3.274102    32.7202       2481    10.3333     2.4902  0.000e+00
     44.268     6.4294   3.279637    32.7912       2482    10.3375     2.4900  0.000e+00
     44.258     6.4436   3.280679    32.7891       2483    10.3417     2.4896  0.000e+00
     44.245     6.4656   3.279707    32.7573       2484    10.3458     2.4892  0.000e+00
     44.231     6.4774   3.279324    32.7417       2485    10.3500     2.4901  0.000e+00
     44.209     6.4784   3.281786    32.7680       2486    10.3542     2.4912  0.000e+00
     44.188     6.4896   3.281191    32.7507       2487    10.3583     2.4912  0.000e+00
     44.152     6.4963   3.283082    32.7652       2488    10.3625     2.4908  0.000e+00
     44.119     6.5074   3.283247    32.7564       2489    10.3667     2.4907  0.000e+00
     44.087     6.5187   3.282793    32.7406       2490    10.3708     2.4919  0.000e+00
     44.055     6.5229   3.283636    32.7459       2491    10.3750     2.4911  0.000e+00
     44.019     6.5268   3.284578    32.7526       2492    10.3792     2.4927  0.000e+00
     43.985     6.5363   3.286494    32.7647       2493    10.3833     2.4928  0.000e+00
     43.956     6.5517   3.286063    32.7451       2494    10.3875     2.4937  0.000e+00
     43.931     6.5621   3.289311    32.7711       2495    10.3917     2.4940  0.000e+00
     43.916     6.5795   3.289659    32.7582       2496    10.3958     2.4963  0.000e+00
     43.900     6.5989   3.291764    32.7629       2497    10.4000     2.4963  0.000e+00
     43.902     6.6208   3.291552    32.7396       2498    10.4042     2.4957  0.000e+00
     43.909     6.6350   3.292666    32.7383       2499    10.4083     2.4966  0.000e+00
     43.920     6.6489   3.292896    32.7275       2500    10.4125     2.4960  0.000e+00
     43.929     6.6580   3.292896    32.7188       2501    10.4167     2.4999  0.000e+00
     43.949     6.6613   3.290608    32.6904       2502    10.4208     2.5009  0.000e+00
     43.967     6.6527   3.289723    32.6889       2503    10.4250     2.5020  0.000e+00
     43.983     6.6384   3.288491    32.6890       2504    10.4292     2.5034  0.000e+00
     43.995     6.6225   3.288385    32.7030       2505    10.4333     2.5039  0.000e+00
     44.003     6.6107   3.289824    32.7301       2506    10.4375     2.5047  0.000e+00
     44.006     6.6123   3.287212    32.6998       2507    10.4417     2.5062  0.000e+00
     44.006     6.6034   3.282462    32.6559       2508    10.4458     2.5075  0.000e+00
     43.999     6.5688   3.282545    32.6899       2509    10.4500     2.5071  0.000e+00
     43.985     6.5441   3.283800    32.7274       2510    10.4542     2.5055  0.000e+00
     43.970     6.5379   3.288787    32.7885       2511    10.4583     2.5058  0.000e+00
     43.951     6.5626   3.292691    32.8079       2512    10.4625     2.5053  0.000e+00
     43.924     6.6047   3.293516    32.7767       2513    10.4667     2.5064  0.000e+00
     43.888     6.6393   3.294277    32.7519       2514    10.4708     2.5061  0.000e+00
     43.850     6.6621   3.295103    32.7392       2515    10.4750     2.5062  0.000e+00
     43.807     6.6784   3.292731    32.6975       2516    10.4792     2.5062  0.000e+00
     43.765     6.6861   3.293356    32.6971       2517    10.4833     2.5079  0.000e+00
     43.712     6.6884   3.289328    32.6506       2518    10.4875     2.5073  0.000e+00
     43.661     6.6823   3.284683    32.6053       2519    10.4917     2.5091  0.000e+00
     43.602     6.6613   3.282444    32.6007       2520    10.4958     2.5096  0.000e+00
     43.546     6.6382   3.282220    32.6203       2521    10.5000     2.5099  0.000e+00
     43.492     6.6222   3.281395    32.6264       2522    10.5042     2.5109  0.000e+00
     43.447     6.6123   3.278957    32.6090       2523    10.5083     2.5126  0.000e+00
     43.399     6.5979   3.277674    32.6087       2524    10.5125     2.5156  0.000e+00
     43.356     6.5848   3.280288    32.6500       2525    10.5167     2.5184  0.000e+00
     43.309     6.5818   3.274242    32.5861       2526    10.5208     2.5210  0.000e+00
