PC2305/sbe131.cnv
* Sea-Bird SBE 19plus V2 Data File:
* FileName = C:\cruise\data\sbe131.hex
* Software Version Seasave V 7.26.7.121
* Temperature SN = 7142
* Conductivity SN = 7142
* System UpLoad Time = Nov 09 2023 08:49:14
** Cruise: PC2205
** Program: ECOMON
# nquan = 8
# nvalues = 1513                                  
# units = specified
# name 0 = depSM: Depth [salt water, m], lat = 40.00
# name 1 = tv290C: Temperature [ITS-90, deg C]
# name 2 = c0S/m: Conductivity [S/m]
# name 3 = sal00: Salinity, Practical [PSU]
# name 4 = scan: Scan Count
# name 5 = timeM: Time, Elapsed [minutes]
# name 6 = sbeox0V: Oxygen raw, SBE 43 [V]
# name 7 = flag:  0.000e+00
# span 0 =     -0.041,     44.765                 
# span 1 =     4.2634,    11.9524                 
# span 2 =   0.000290,   3.649272                 
# span 3 =     0.0029,    32.6073                 
# span 4 =         11,       1523                 
# span 5 =     0.0417,     6.3417                 
# span 6 =     1.9530,     3.0068                 
# span 7 = 0.0000e+00, 0.0000e+00                 
# interval = seconds: 0.25
# start_time = Nov 09 2023 08:49:14 [System UTC, header]
# bad_flag = -9.990e-29
*END*
[from data line 360]
     34.652    11.6851   3.622878    31.5981        371     1.5417     2.1523  0.000e+00
     34.765    11.6900   3.625445    31.6188        372     1.5458     2.1533  0.000e+00
     34.884    11.6890   3.626107    31.6260        373     1.5500     2.1563  0.000e+00
     34.995    11.6829   3.626169    31.6317        374     1.5542     2.1592  0.000e+00
     35.114    11.6733   3.625292    31.6314        375     1.5583     2.1615  0.000e+00
     35.232    11.6663   3.623228    31.6172        376     1.5625     2.1649  0.000e+00
     35.353    11.6627   3.619099    31.5802        377     1.5667     2.1697  0.000e+00
     35.468    11.6593   3.613253    31.5263        378     1.5708     2.1751  0.000e+00
     35.588    11.6567   3.608029    31.4779        379     1.5750     2.1815  0.000e+00
     35.714    11.6589   3.602678    31.4241        380     1.5792     2.1888  0.000e+00
     35.838    11.6578   3.598101    31.3806        381     1.5833     2.1957  0.000e+00
     35.966    11.6481   3.595359    31.3622        382     1.5875     2.1997  0.000e+00
     36.097    11.6262   3.593899    31.3665        383     1.5917     2.2014  0.000e+00
     36.228    11.6016   3.593423    31.3826        384     1.5958     2.2042  0.000e+00
     36.361    11.5719   3.593338    31.4069        385     1.6000     2.2048  0.000e+00
     36.494    11.5323   3.593449    31.4415        386     1.6042     2.2035  0.000e+00
     36.623    11.4962   3.593840    31.4759        387     1.6083     2.2013  0.000e+00
     36.758    11.4714   3.595447    31.5126        388     1.6125     2.1987  0.000e+00
     36.893    11.4625   3.596687    31.5322        389     1.6167     2.1968  0.000e+00
     37.026    11.4658   3.598385    31.5459        390     1.6208     2.1921  0.000e+00
     37.154    11.4730   3.599650    31.5520        391     1.6250     2.1895  0.000e+00
     37.289    11.4776   3.600786    31.5591        392     1.6292     2.1873  0.000e+00
     37.414    11.4776   3.601777    31.5687        393     1.6333     2.1840  0.000e+00
     37.547    11.4772   3.602987    31.5808        394     1.6375     2.1837  0.000e+00
     37.671    11.4784   3.603445    31.5842        395     1.6417     2.1813  0.000e+00
     37.799    11.4803   3.601550    31.5640        396     1.6458     2.1803  0.000e+00
     37.921    11.4813   3.598104    31.5296        397     1.6500     2.1772  0.000e+00
     38.043    11.4803   3.595734    31.5073        398     1.6542     2.1752  0.000e+00
     38.167    11.4790   3.594360    31.4950        399     1.6583     2.1709  0.000e+00
     38.291    11.4710   3.594580    31.5039        400     1.6625     2.1655  0.000e+00
     38.421    11.4557   3.595191    31.5228        401     1.6667     2.1607  0.000e+00
     38.548    11.4368   3.595625    31.5431        402     1.6708     2.1529  0.000e+00
     38.676    11.4208   3.595906    31.5594        403     1.6750     2.1447  0.000e+00
     38.804    11.4089   3.596560    31.5759        404     1.6792     2.1369  0.000e+00
     38.937    11.3989   3.596890    31.5876        405     1.6833     2.1292  0.000e+00
     39.062    11.3902   3.597128    31.5973        406     1.6875     2.1222  0.000e+00
     39.194    11.3852   3.597629    31.6064        407     1.6917     2.1142  0.000e+00
     39.318    11.3838   3.598130    31.6125        408     1.6958     2.1061  0.000e+00
     39.443    11.3845   3.598827    31.6186        409     1.7000     2.0978  0.000e+00
     39.567    11.3886   3.599627    31.6228        410     1.7042     2.0934  0.000e+00
     39.684    11.3925   3.601137    31.6342        411     1.7083     2.0869  0.000e+00
     39.803    11.3955   3.601418    31.6344        412     1.7125     2.0818  0.000e+00
     39.920    11.3973   3.601247    31.6311        413     1.7167     2.0782  0.000e+00
     40.044    11.3982   3.601002    31.6279        414     1.7208     2.0770  0.000e+00
     40.166    11.3991   3.600092    31.6182        415     1.7250     2.0757  0.000e+00
     40.288    11.3991   3.598607    31.6037        416     1.7292     2.0750  0.000e+00
     40.410    11.3993   3.597605    31.5937        417     1.7333     2.0730  0.000e+00
     40.536    11.4002   3.597367    31.5905        418     1.7375     2.0708  0.000e+00
     40.664    11.4013   3.596994    31.5859        419     1.7417     2.0681  0.000e+00
     40.790    11.4024   3.596890    31.5839        420     1.7458     2.0637  0.000e+00
     40.923    11.4029   3.597520    31.5895        421     1.7500     2.0591  0.000e+00
     41.059    11.4030   3.598479    31.5987        422     1.7542     2.0545  0.000e+00
     41.194    11.4031   3.599108    31.6047        423     1.7583     2.0483  0.000e+00
     41.332    11.4032   3.599695    31.6103        424     1.7625     2.0418  0.000e+00
     41.469    11.4033   3.600330    31.6164        425     1.7667     2.0372  0.000e+00
     41.606    11.4017   3.601223    31.6264        426     1.7708     2.0308  0.000e+00
     41.746    11.3985   3.602005    31.6367        427     1.7750     2.0245  0.000e+00
     41.881    11.3949   3.603319    31.6526        428     1.7792     2.0187  0.000e+00
     42.017    11.3911   3.604505    31.6673        429     1.7833     2.0135  0.000e+00
     42.155    11.3878   3.605759    31.6824        430     1.7875     2.0074  0.000e+00
     42.289    11.3847   3.606964    31.6968        431     1.7917     2.0029  0.000e+00
     42.420    11.3812   3.607245    31.7024        432     1.7958     1.9996  0.000e+00
     42.549    11.3780   3.608120    31.7136        433     1.8000     1.9970  0.000e+00
     42.675    11.3750   3.608426    31.7192        434     1.8042     1.9941  0.000e+00
     42.801    11.3730   3.608860    31.7251        435     1.8083     1.9920  0.000e+00
     42.928    11.3714   3.608707    31.7249        436     1.8125     1.9893  0.000e+00
     43.049    11.3700   3.606872    31.7081        437     1.8167     1.9882  0.000e+00
     43.173    11.3693   3.604127    31.6819        438     1.8208     1.9843  0.000e+00
     43.293    11.3691   3.601309    31.6544        439     1.8250     1.9835  0.000e+00
     43.423    11.3700   3.599305    31.6341        440     1.8292     1.9800  0.000e+00
     43.545    11.3745   3.597716    31.6146        441     1.8333     1.9762  0.000e+00
     43.674    11.3819   3.596256    31.5940        442     1.8375     1.9716  0.000e+00
     43.807    11.3831   3.595627    31.5868        443     1.8417     1.9687  0.000e+00
     43.940    11.3780   3.595493    31.5898        444     1.8458     1.9654  0.000e+00
     44.077    11.3712   3.595475    31.5953        445     1.8500     1.9610  0.000e+00
     44.208    11.3679   3.595560    31.5990        446     1.8542     1.9577  0.000e+00
     44.343    11.3668   3.595646    31.6007        447     1.8583     1.9558  0.000e+00
     44.472    11.3673   3.595646    31.6002        448     1.8625     1.9544  0.000e+00
     44.620    11.3677   3.599238    31.6349        449     1.8667     1.9530  0.000e+00
     44.704    11.3692   3.611271    31.7511        450     1.8708     1.9534  0.000e+00
     44.765    11.3690   3.631699    31.9510        451     1.8750     1.9557  0.000e+00
     44.754    11.3622   3.640276    32.0408        452     1.8792     1.9612  0.000e+00
     44.690    11.3541   3.642953    32.0740        453     1.8833     1.9770  0.000e+00
     44.634    11.3481   3.643745    32.0870        454     1.8875     2.0033  0.000e+00
     44.587    11.3444   3.644120    32.0939        455     1.8917     2.0482  0.000e+00
     44.557    11.3426   3.644408    32.0983        456     1.8958     2.1054  0.000e+00
     44.519    11.3415   3.644611    32.1013        457     1.9000     2.1680  0.000e+00
     44.490    11.3409   3.644764    32.1033        458     1.9042     2.2252  0.000e+00
     44.472    11.3407   3.644918    32.1050        459     1.9083     2.2746  0.000e+00
     44.451    11.3404   3.645053    32.1066        460     1.9125     2.3142  0.000e+00
     44.424    11.3406   3.645139    32.1073        461     1.9167     2.3431  0.000e+00
     44.344    11.3407   3.645207    32.1079        462     1.9208     2.3628  0.000e+00
     44.233    11.3411   3.645250    32.1081        463     1.9250     2.3755  0.000e+00
     44.109    11.3423   3.645225    32.1068        464     1.9292     2.3830  0.000e+00
     43.987    11.3428   3.645225    32.1064        465     1.9333     2.3883  0.000e+00
     43.865    11.3430   3.645274    32.1068        466     1.9375     2.3902  0.000e+00
     43.739    11.3428   3.645274    32.1070        467     1.9417     2.3911  0.000e+00
     43.613    11.3417   3.645249    32.1077        468     1.9458     2.3901  0.000e+00
     43.492    11.3413   3.645255    32.1082        469     1.9500     2.3899  0.000e+00
     43.358    11.3415   3.645274    32.1083        470     1.9542     2.3897  0.000e+00
     43.225    11.3419   3.645274    32.1080        471     1.9583     2.3866  0.000e+00
     43.099    11.3425   3.645249    32.1073        472     1.9625     2.3853  0.000e+00
     42.964    11.3425   3.645249    32.1073        473     1.9667     2.3812  0.000e+00
     42.851    11.3432   3.645317    32.1074        474     1.9708     2.3776  0.000e+00
     42.729    11.3447   3.645317    32.1061        475     1.9750     2.3734  0.000e+00
     42.608    11.3456   3.645292    32.1052        476     1.9792     2.3681  0.000e+00
     42.488    11.3463   3.645224    32.1040        477     1.9833     2.3646  0.000e+00
     42.367    11.3456   3.645181    32.1043        478     1.9875     2.3615  0.000e+00
     42.251    11.3446   3.645249    32.1058        479     1.9917     2.3582  0.000e+00
     42.128    11.3448   3.645292    32.1061        480     1.9958     2.3573  0.000e+00
     42.003    11.3458   3.645273    32.1051        481     2.0000     2.3556  0.000e+00
     41.869    11.3467   3.645273    32.1044        482     2.0042     2.3541  0.000e+00
     41.745    11.3473   3.645249    32.1037        483     2.0083     2.3544  0.000e+00
     41.639    11.3469   3.645249    32.1041        484     2.0125     2.3543  0.000e+00
     41.528    11.3473   3.645291    32.1042        485     2.0167     2.3516  0.000e+00
     41.424    11.3485   3.645341    32.1036        486     2.0208     2.3509  0.000e+00
     41.323    11.3504   3.645316    32.1018        487     2.0250     2.3487  0.000e+00
     41.221    11.3514   3.645273    32.1006        488     2.0292     2.3470  0.000e+00
     41.118    11.3507   3.645273    32.1012        489     2.0333     2.3452  0.000e+00
     41.021    11.3502   3.645248    32.1014        490     2.0375     2.3431  0.000e+00
     40.929    11.3495   3.645248    32.1021        491     2.0417     2.3418  0.000e+00
     40.834    11.3488   3.645273    32.1030        492     2.0458     2.3411  0.000e+00
     40.744    11.3493   3.645291    32.1027        493     2.0500     2.3402  0.000e+00
     40.656    11.3502   3.645291    32.1021        494     2.0542     2.3407  0.000e+00
     40.575    11.3512   3.645273    32.1010        495     2.0583     2.3398  0.000e+00
     40.489    11.3517   3.645273    32.1006        496     2.0625     2.3496  0.000e+00
     40.414    11.3515   3.645273    32.1008        497     2.0667     2.3432  0.000e+00
     40.327    11.3519   3.645291    32.1006        498     2.0708     2.3413  0.000e+00
     40.243    11.3529   3.645316    32.1001        499     2.0750     2.3425  0.000e+00
     40.160    11.3542   3.645315    32.0990        500     2.0792     2.3438  0.000e+00
     40.078    11.3546   3.645315    32.0987        501     2.0833     2.3442  0.000e+00
     39.998    11.3549   3.645291    32.0982        502     2.0875     2.3443  0.000e+00
     39.916    11.3549   3.645254    32.0979        503     2.0917     2.3443  0.000e+00
     39.837    11.3541   3.645248    32.0985        504     2.0958     2.3456  0.000e+00
     39.758    11.3529   3.645223    32.0994        505     2.1000     2.3449  0.000e+00
     39.671    11.3523   3.645223    32.0999        506     2.1042     2.3443  0.000e+00
     39.592    11.3524   3.645223    32.0999        507     2.1083     2.3457  0.000e+00
     39.513    11.3521   3.645205    32.1000        508     2.1125     2.3456  0.000e+00
     39.429    11.3512   3.645180    32.1005        509     2.1167     2.3502  0.000e+00
     39.348    11.3505   3.645180    32.1012        510     2.1208     2.3498  0.000e+00
     39.265    11.3498   3.645162    32.1017        511     2.1250     2.3486  0.000e+00
     39.182    11.3501   3.645205    32.1019        512     2.1292     2.3467  0.000e+00
     39.087    11.3508   3.645223    32.1015        513     2.1333     2.3444  0.000e+00
     39.001    11.3520   3.645248    32.1007        514     2.1375     2.3490  0.000e+00
     38.907    11.3530   3.645205    32.0995        515     2.1417     2.3479  0.000e+00
     38.814    11.3528   3.645204    32.0997        516     2.1458     2.3451  0.000e+00
     38.726    11.3530   3.645180    32.0993        517     2.1500     2.3457  0.000e+00
     38.638    11.3525   3.645137    32.0994        518     2.1542     2.3448  0.000e+00
     38.555    11.3512   3.645161    32.1007        519     2.1583     2.3441  0.000e+00
     38.480    11.3512   3.645211    32.1012        520     2.1625     2.3429  0.000e+00
     38.401    11.3532   3.645204    32.0995        521     2.1667     2.3438  0.000e+00
     38.320    11.3543   3.645272    32.0992        522     2.1708     2.3454  0.000e+00
     38.237    11.3559   3.645315    32.0983        523     2.1750     2.3454  0.000e+00
     38.156    11.3586   3.645315    32.0960        524     2.1792     2.3463  0.000e+00
     38.066    11.3599   3.645180    32.0935        525     2.1833     2.3484  0.000e+00
     37.973    11.3593   3.645204    32.0944        526     2.1875     2.3467  0.000e+00
     37.883    11.3573   3.645180    32.0959        527     2.1917     2.3457  0.000e+00
     37.793    11.3556   3.645180    32.0974        528     2.1958     2.3446  0.000e+00
     37.698    11.3550   3.645222    32.0984        529     2.2000     2.3451  0.000e+00
     37.604    11.3554   3.645161    32.0975        530     2.2042     2.3459  0.000e+00
     37.525    11.3548   3.645161    32.0980        531     2.2083     2.3459  0.000e+00
     37.444    11.3535   3.645136    32.0990        532     2.2125     2.3456  0.000e+00
     37.367    11.3528   3.645204    32.1003        533     2.2167     2.3453  0.000e+00
     37.297    11.3535   3.645161    32.0993        534     2.2208     2.3447  0.000e+00
     37.238    11.3538   3.645093    32.0984        535     2.2250     2.3436  0.000e+00
     37.177    11.3530   3.645161    32.0998        536     2.2292     2.3446  0.000e+00
     37.115    11.3534   3.645210    32.0999        537     2.2333     2.3436  0.000e+00
     37.056    11.3559   3.645247    32.0981        538     2.2375     2.3441  0.000e+00
     36.999    11.3577   3.645222    32.0963        539     2.2417     2.3469  0.000e+00
     36.941    11.3597   3.645357    32.0959        540     2.2458     2.3492  0.000e+00
     36.882    11.3645   3.645756    32.0958        541     2.2500     2.3492  0.000e+00
     36.821    11.3767   3.645799    32.0856        542     2.2542     2.3502  0.000e+00
     36.756    11.3871   3.645775    32.0764        543     2.2583     2.3497  0.000e+00
     36.689    11.3933   3.645824    32.0714        544     2.2625     2.3492  0.000e+00
     36.628    11.3977   3.645799    32.0674        545     2.2667     2.3515  0.000e+00
     36.558    11.3998   3.645823    32.0659        546     2.2708     2.3498  0.000e+00
     36.495    11.4016   3.645952    32.0656        547     2.2750     2.3517  0.000e+00
     36.438    11.4061   3.645995    32.0621        548     2.2792     2.3534  0.000e+00
     36.377    11.4104   3.645977    32.0583        549     2.2833     2.3542  0.000e+00
