PC2305/sbe167.cnv
* Sea-Bird SBE 19plus V2 Data File:
* FileName = C:\cruise\data\sbe167.hex
* Software Version Seasave V 7.26.7.121
* Temperature SN = 7142
* Conductivity SN = 7142
* System UpLoad Time = Nov 13 2023 09:10:47
** Cruise: PC2205
** Program: ECOMON
# nquan = 8
# nvalues = 1331                                  
# units = specified
# name 0 = depSM: Depth [salt water, m], lat = 40.00
# name 1 = tv290C: Temperature [ITS-90, deg C]
# name 2 = c0S/m: Conductivity [S/m]
# name 3 = sal00: Salinity, Practical [PSU]
# name 4 = scan: Scan Count
# name 5 = timeM: Time, Elapsed [minutes]
# name 6 = sbeox0V: Oxygen raw, SBE 43 [V]
# name 7 = flag:  0.000e+00
# span 0 =      0.049,     35.486                 
# span 1 =     5.5471,    12.9459                 
# span 2 =   0.000826,   3.720438                 
# span 3 =     0.0070,    33.3187                 
# span 4 =         11,       1341                 
# span 5 =     0.0417,     5.5833                 
# span 6 =     2.1606,     2.8280                 
# span 7 = 0.0000e+00, 0.0000e+00                 
# interval = seconds: 0.25
# start_time = Nov 13 2023 09:10:47 [System UTC, header]
# bad_flag = -9.990e-29
*END*
[from data line 899]
     17.463    12.9389   3.719557    31.4739        910     3.7875     2.6982  0.000e+00
     17.407    12.9382   3.719576    31.4746        911     3.7917     2.6985  0.000e+00
     17.342    12.9379   3.719755    31.4766        912     3.7958     2.7005  0.000e+00
     17.283    12.9383   3.719508    31.4740        913     3.8000     2.7020  0.000e+00
     17.222    12.9378   3.719532    31.4747        914     3.8042     2.7038  0.000e+00
     17.168    12.9372   3.719508    31.4749        915     3.8083     2.7039  0.000e+00
     17.118    12.9365   3.719495    31.4754        916     3.8125     2.7059  0.000e+00
     17.076    12.9362   3.719508    31.4758        917     3.8167     2.7046  0.000e+00
     17.040    12.9360   3.719464    31.4755        918     3.8208     2.7048  0.000e+00
     17.019    12.9358   3.719421    31.4753        919     3.8250     2.7030  0.000e+00
     17.008    12.9352   3.719365    31.4753        920     3.8292     2.7018  0.000e+00
     16.997    12.9348   3.719396    31.4759        921     3.8333     2.6988  0.000e+00
     16.992    12.9348   3.719489    31.4768        922     3.8375     2.6955  0.000e+00
     16.985    12.9349   3.719489    31.4768        923     3.8417     2.6920  0.000e+00
     16.988    12.9352   3.719495    31.4765        924     3.8458     2.6905  0.000e+00
     16.983    12.9357   3.719489    31.4761        925     3.8500     2.6879  0.000e+00
     16.976    12.9358   3.719464    31.4757        926     3.8542     2.6860  0.000e+00
     16.959    12.9357   3.719353    31.4748        927     3.8583     2.6853  0.000e+00
     16.936    12.9351   3.719340    31.4752        928     3.8625     2.6855  0.000e+00
     16.898    12.9347   3.719303    31.4752        929     3.8667     2.6863  0.000e+00
     16.855    12.9342   3.719080    31.4735        930     3.8708     2.6884  0.000e+00
     16.799    12.9337   3.719260    31.4757        931     3.8750     2.6912  0.000e+00
     16.738    12.9333   3.719297    31.4764        932     3.8792     2.6937  0.000e+00
     16.679    12.9335   3.719421    31.4774        933     3.8833     2.6983  0.000e+00
     16.622    12.9342   3.719439    31.4770        934     3.8875     2.7018  0.000e+00
     16.571    12.9346   3.719285    31.4752        935     3.8917     2.7056  0.000e+00
     16.524    12.9342   3.719365    31.4764        936     3.8958     2.7068  0.000e+00
     16.478    12.9347   3.719576    31.4779        937     3.9000     2.7068  0.000e+00
     16.451    12.9360   3.719644    31.4775        938     3.9042     2.7081  0.000e+00
     16.422    12.9373   3.719644    31.4764        939     3.9083     2.7084  0.000e+00
     16.391    12.9381   3.719644    31.4757        940     3.9125     2.7083  0.000e+00
     16.366    12.9387   3.719693    31.4757        941     3.9167     2.7071  0.000e+00
     16.337    12.9392   3.719668    31.4751        942     3.9208     2.7062  0.000e+00
     16.300    12.9393   3.719625    31.4746        943     3.9250     2.7052  0.000e+00
     16.267    12.9393   3.719687    31.4752        944     3.9292     2.7058  0.000e+00
     16.231    12.9394   3.719693    31.4752        945     3.9333     2.7081  0.000e+00
     16.185    12.9393   3.719643    31.4748        946     3.9375     2.7095  0.000e+00
     16.149    12.9392   3.719693    31.4754        947     3.9417     2.7117  0.000e+00
     16.107    12.9394   3.719693    31.4752        948     3.9458     2.7143  0.000e+00
     16.077    12.9394   3.719687    31.4752        949     3.9500     2.7139  0.000e+00
     16.052    12.9394   3.719736    31.4757        950     3.9542     2.7128  0.000e+00
     16.034    12.9397   3.719804    31.4761        951     3.9583     2.7123  0.000e+00
     16.021    12.9402   3.719848    31.4761        952     3.9625     2.7118  0.000e+00
     16.016    12.9411   3.719885    31.4756        953     3.9667     2.7099  0.000e+00
     16.009    12.9419   3.719897    31.4751        954     3.9708     2.7075  0.000e+00
     16.009    12.9423   3.719872    31.4746        955     3.9750     2.7052  0.000e+00
     16.007    12.9426   3.719848    31.4741        956     3.9792     2.7031  0.000e+00
     15.992    12.9422   3.719798    31.4739        957     3.9833     2.7004  0.000e+00
     15.974    12.9422   3.719804    31.4741        958     3.9875     2.6984  0.000e+00
     15.955    12.9417   3.719761    31.4740        959     3.9917     2.6972  0.000e+00
     15.924    12.9412   3.719693    31.4738        960     3.9958     2.6956  0.000e+00
     15.888    12.9406   3.719711    31.4745        961     4.0000     2.6968  0.000e+00
     15.843    12.9404   3.719668    31.4743        962     4.0042     2.6989  0.000e+00
     15.793    12.9401   3.719643    31.4743        963     4.0083     2.6993  0.000e+00
     15.737    12.9395   3.719507    31.4736        964     4.0125     2.6988  0.000e+00
     15.680    12.9385   3.719538    31.4747        965     4.0167     2.6981  0.000e+00
     15.624    12.9379   3.719600    31.4758        966     4.0208     2.6959  0.000e+00
     15.579    12.9382   3.719643    31.4760        967     4.0250     2.6944  0.000e+00
     15.548    12.9386   3.719668    31.4759        968     4.0292     2.6929  0.000e+00
     15.520    12.9391   3.719643    31.4752        969     4.0333     2.6923  0.000e+00
     15.511    12.9393   3.719625    31.4749        970     4.0375     2.6942  0.000e+00
     15.502    12.9391   3.719600    31.4748        971     4.0417     2.6965  0.000e+00
     15.505    12.9389   3.719557    31.4746        972     4.0458     2.6960  0.000e+00
     15.511    12.9386   3.719538    31.4747        973     4.0500     2.6952  0.000e+00
     15.520    12.9383   3.719557    31.4752        974     4.0542     2.6926  0.000e+00
     15.534    12.9383   3.719532    31.4749        975     4.0583     2.6888  0.000e+00
     15.534    12.9382   3.719575    31.4754        976     4.0625     2.6824  0.000e+00
     15.528    12.9384   3.719600    31.4754        977     4.0667     2.6774  0.000e+00
     15.518    12.9387   3.719575    31.4750        978     4.0708     2.6744  0.000e+00
     15.484    12.9390   3.719575    31.4747        979     4.0750     2.6742  0.000e+00
     15.451    12.9391   3.719575    31.4747        980     4.0792     2.6772  0.000e+00
     15.406    12.9388   3.719513    31.4744        981     4.0833     2.6818  0.000e+00
     15.354    12.9386   3.719488    31.4743        982     4.0875     2.6868  0.000e+00
     15.297    12.9382   3.719513    31.4749        983     4.0917     2.6903  0.000e+00
     15.243    12.9382   3.719532    31.4751        984     4.0958     2.6944  0.000e+00
     15.180    12.9383   3.719556    31.4752        985     4.1000     2.6976  0.000e+00
     15.131    12.9385   3.719488    31.4745        986     4.1042     2.7021  0.000e+00
     15.083    12.9383   3.719470    31.4744        987     4.1083     2.7036  0.000e+00
     15.043    12.9383   3.719507    31.4749        988     4.1125     2.7039  0.000e+00
     15.011    12.9383   3.719507    31.4749        989     4.1167     2.7018  0.000e+00
     14.978    12.9383   3.719488    31.4747        990     4.1208     2.6998  0.000e+00
     14.961    12.9380   3.719451    31.4746        991     4.1250     2.6978  0.000e+00
     14.943    12.9378   3.719463    31.4749        992     4.1292     2.6972  0.000e+00
     14.925    12.9379   3.719488    31.4750        993     4.1333     2.6942  0.000e+00
     14.919    12.9379   3.719463    31.4748        994     4.1375     2.6917  0.000e+00
     14.916    12.9380   3.719463    31.4748        995     4.1417     2.6902  0.000e+00
     14.907    12.9378   3.719470    31.4749        996     4.1458     2.6883  0.000e+00
     14.898    12.9378   3.719463    31.4749        997     4.1500     2.6887  0.000e+00
     14.890    12.9378   3.719488    31.4751        998     4.1542     2.6884  0.000e+00
     14.887    12.9381   3.719507    31.4751        999     4.1583     2.6876  0.000e+00
     14.876    12.9381   3.719494    31.4750       1000     4.1625     2.6864  0.000e+00
     14.867    12.9380   3.719439    31.4745       1001     4.1667     2.6865  0.000e+00
     14.849    12.9380   3.719395    31.4741       1002     4.1708     2.6853  0.000e+00
     14.835    12.9379   3.719439    31.4746       1003     4.1750     2.6845  0.000e+00
     14.815    12.9377   3.719426    31.4747       1004     4.1792     2.6853  0.000e+00
     14.793    12.9376   3.719395    31.4745       1005     4.1833     2.6862  0.000e+00
     14.763    12.9374   3.719395    31.4747       1006     4.1875     2.6883  0.000e+00
     14.725    12.9373   3.719420    31.4750       1007     4.1917     2.6914  0.000e+00
     14.680    12.9371   3.719426    31.4752       1008     4.1958     2.6950  0.000e+00
     14.635    12.9373   3.719463    31.4754       1009     4.2000     2.6983  0.000e+00
     14.590    12.9375   3.719463    31.4752       1010     4.2042     2.7025  0.000e+00
     14.533    12.9378   3.719507    31.4755       1011     4.2083     2.7020  0.000e+00
     14.488    12.9383   3.719556    31.4756       1012     4.2125     2.7028  0.000e+00
     14.437    12.9389   3.719575    31.4752       1013     4.2167     2.7025  0.000e+00
     14.392    12.9396   3.719624    31.4751       1014     4.2208     2.7034  0.000e+00
     14.347    12.9403   3.719643    31.4747       1015     4.2250     2.7036  0.000e+00
     14.308    12.9405   3.719599    31.4742       1016     4.2292     2.7039  0.000e+00
     14.276    12.9407   3.719575    31.4738       1017     4.2333     2.7049  0.000e+00
     14.252    12.9406   3.719556    31.4737       1018     4.2375     2.7029  0.000e+00
     14.236    12.9405   3.719643    31.4746       1019     4.2417     2.7024  0.000e+00
     14.220    12.9408   3.719668    31.4746       1020     4.2458     2.7004  0.000e+00
     14.211    12.9414   3.719692    31.4744       1021     4.2500     2.6966  0.000e+00
     14.205    12.9415   3.719599    31.4734       1022     4.2542     2.6926  0.000e+00
     14.196    12.9414   3.719575    31.4733       1023     4.2583     2.6875  0.000e+00
     14.187    12.9411   3.719556    31.4733       1024     4.2625     2.6851  0.000e+00
     14.177    12.9412   3.719599    31.4736       1025     4.2667     2.6832  0.000e+00
     14.159    12.9411   3.719599    31.4737       1026     4.2708     2.6804  0.000e+00
     14.146    12.9413   3.719711    31.4746       1027     4.2750     2.6791  0.000e+00
     14.117    12.9421   3.719859    31.4754       1028     4.2792     2.6752  0.000e+00
     14.085    12.9430   3.719897    31.4750       1029     4.2833     2.6732  0.000e+00
     14.042    12.9435   3.719624    31.4720       1030     4.2875     2.6730  0.000e+00
     13.991    12.9422   3.719352    31.4705       1031     4.2917     2.6756  0.000e+00
     13.932    12.9396   3.719172    31.4711       1032     4.2958     2.6785  0.000e+00
     13.857    12.9367   3.719123    31.4730       1033     4.3000     2.6817  0.000e+00
     13.785    12.9352   3.719352    31.4765       1034     4.3042     2.6820  0.000e+00
     13.698    12.9355   3.719420    31.4769       1035     4.3083     2.6849  0.000e+00
     13.619    12.9361   3.719488    31.4771       1036     4.3125     2.6865  0.000e+00
     13.547    12.9371   3.719556    31.4769       1037     4.3167     2.6874  0.000e+00
     13.465    12.9381   3.719643    31.4770       1038     4.3208     2.6888  0.000e+00
     13.400    12.9398   3.719624    31.4754       1039     4.3250     2.6887  0.000e+00
     13.337    12.9407   3.719667    31.4750       1040     4.3292     2.6906  0.000e+00
     13.290    12.9416   3.719772    31.4753       1041     4.3333     2.6920  0.000e+00
     13.255    12.9424   3.719692    31.4739       1042     4.3375     2.6932  0.000e+00
     13.220    12.9419   3.719438    31.4719       1043     4.3417     2.6939  0.000e+00
     13.204    12.9404   3.719351    31.4724       1044     4.3458     2.6928  0.000e+00
     13.177    12.9386   3.719339    31.4738       1045     4.3500     2.6911  0.000e+00
     13.157    12.9378   3.719395    31.4749       1046     4.3542     2.6900  0.000e+00
     13.136    12.9375   3.719327    31.4746       1047     4.3583     2.6885  0.000e+00
     13.114    12.9371   3.719327    31.4749       1048     4.3625     2.6875  0.000e+00
     13.082    12.9365   3.719296    31.4751       1049     4.3667     2.6859  0.000e+00
     13.041    12.9362   3.719283    31.4753       1050     4.3708     2.6864  0.000e+00
     12.988    12.9360   3.719283    31.4755       1051     4.3750     2.6878  0.000e+00
     12.927    12.9358   3.719234    31.4752       1052     4.3792     2.6901  0.000e+00
     12.866    12.9355   3.719209    31.4753       1053     4.3833     2.6936  0.000e+00
     12.801    12.9352   3.719258    31.4760       1054     4.3875     2.6955  0.000e+00
     12.739    12.9353   3.719327    31.4765       1055     4.3917     2.6952  0.000e+00
     12.674    12.9357   3.719302    31.4760       1056     4.3958     2.6945  0.000e+00
     12.606    12.9360   3.719277    31.4756       1057     4.4000     2.6951  0.000e+00
     12.544    12.9360   3.719190    31.4747       1058     4.4042     2.6950  0.000e+00
     12.480    12.9355   3.719147    31.4748       1059     4.4083     2.6950  0.000e+00
     12.422    12.9351   3.719147    31.4752       1060     4.4125     2.6958  0.000e+00
     12.359    12.9349   3.719190    31.4758       1061     4.4167     2.6952  0.000e+00
     12.305    12.9350   3.719258    31.4764       1062     4.4208     2.6945  0.000e+00
     12.244    12.9353   3.719302    31.4765       1063     4.4250     2.6931  0.000e+00
     12.201    12.9360   3.719302    31.4760       1064     4.4292     2.6899  0.000e+00
     12.156    12.9364   3.719252    31.4752       1065     4.4333     2.6889  0.000e+00
     12.117    12.9364   3.719258    31.4752       1066     4.4375     2.6883  0.000e+00
     12.077    12.9362   3.719283    31.4756       1067     4.4417     2.6885  0.000e+00
     12.045    12.9362   3.719283    31.4756       1068     4.4458     2.6893  0.000e+00
     12.012    12.9364   3.719233    31.4751       1069     4.4500     2.6891  0.000e+00
     11.982    12.9362   3.719233    31.4752       1070     4.4542     2.6881  0.000e+00
     11.951    12.9360   3.719190    31.4750       1071     4.4583     2.6873  0.000e+00
     11.924    12.9358   3.719233    31.4756       1072     4.4625     2.6864  0.000e+00
     11.894    12.9360   3.719233    31.4754       1073     4.4667     2.6860  0.000e+00
     11.872    12.9363   3.719252    31.4753       1074     4.4708     2.6869  0.000e+00
     11.849    12.9365   3.719301    31.4757       1075     4.4750     2.6893  0.000e+00
     11.811    12.9368   3.719351    31.4759       1076     4.4792     2.6920  0.000e+00
     11.772    12.9372   3.719326    31.4754       1077     4.4833     2.6919  0.000e+00
     11.725    12.9376   3.719320    31.4750       1078     4.4875     2.6924  0.000e+00
     11.664    12.9379   3.719351    31.4750       1079     4.4917     2.6901  0.000e+00
     11.610    12.9382   3.719419    31.4755       1080     4.4958     2.6912  0.000e+00
     11.545    12.9386   3.719394    31.4750       1081     4.5000     2.6914  0.000e+00
     11.471    12.9389   3.719407    31.4748       1082     4.5042     2.6928  0.000e+00
     11.394    12.9391   3.719394    31.4746       1083     4.5083     2.6939  0.000e+00
     11.315    12.9394   3.719326    31.4737       1084     4.5125     2.6950  0.000e+00
     11.234    12.9392   3.719233    31.4730       1085     4.5167     2.6971  0.000e+00
     11.162    12.9386   3.719165    31.4729       1086     4.5208     2.6974  0.000e+00
     11.090    12.9382   3.719122    31.4729       1087     4.5250     2.6969  0.000e+00
     11.031    12.9380   3.719258    31.4743       1088     4.5292     2.6980  0.000e+00
