PC2305/sbe160.cnv
* Sea-Bird SBE 19plus V2 Data File:
* FileName = C:\cruise\data\sbe160.hex
* Software Version Seasave V 7.26.7.121
* Temperature SN = 7142
* Conductivity SN = 7142
* System UpLoad Time = Nov 12 2023 08:24:27
** Cruise: PC2205
** Program: ECOMON
# nquan = 8
# nvalues = 2702                                  
# units = specified
# name 0 = depSM: Depth [salt water, m], lat = 40.00
# name 1 = tv290C: Temperature [ITS-90, deg C]
# name 2 = c0S/m: Conductivity [S/m]
# name 3 = sal00: Salinity, Practical [PSU]
# name 4 = scan: Scan Count
# name 5 = timeM: Time, Elapsed [minutes]
# name 6 = sbeox0V: Oxygen raw, SBE 43 [V]
# name 7 = flag:  0.000e+00
# span 0 =      0.074,    285.770                 
# span 1 =     7.3767,    10.9201                 
# span 2 =   0.000781,   3.682624                 
# span 3 =     0.0075,    34.9851                 
# span 4 =         11,       2712                 
# span 5 =     0.0417,    11.2958                 
# span 6 =     1.6242,     2.7414                 
# span 7 = 0.0000e+00, 0.0000e+00                 
# interval = seconds: 0.25
# start_time = Nov 12 2023 08:24:27 [System UTC, header]
# bad_flag = -9.990e-29
*END*
[from data line 1978]
    151.473     8.5587   3.622361    34.3875       1989     8.2833     1.9367  0.000e+00
    151.270     8.5594   3.622490    34.3883       1990     8.2875     1.9378  0.000e+00
    151.104     8.5602   3.622539    34.3881       1991     8.2917     1.9375  0.000e+00
    150.968     8.5610   3.622557    34.3876       1992     8.2958     1.9360  0.000e+00
    150.836     8.5620   3.622625    34.3874       1993     8.3000     1.9324  0.000e+00
    150.707     8.5628   3.622625    34.3866       1994     8.3042     1.9289  0.000e+00
    150.585     8.5637   3.622514    34.3847       1995     8.3083     1.9251  0.000e+00
    150.455     8.5642   3.622012    34.3790       1996     8.3125     1.9192  0.000e+00
    150.295     8.5638   3.621307    34.3720       1997     8.3167     1.9156  0.000e+00
    150.103     8.5632   3.620866    34.3681       1998     8.3208     1.9108  0.000e+00
    149.876     8.5620   3.620738    34.3679       1999     8.3250     1.9058  0.000e+00
    149.626     8.5613   3.620891    34.3704       2000     8.3292     1.9058  0.000e+00
    149.353     8.5610   3.621001    34.3719       2001     8.3333     1.9075  0.000e+00
    149.054     8.5611   3.620780    34.3696       2002     8.3375     1.9088  0.000e+00
    148.734     8.5608   3.619965    34.3614       2003     8.3417     1.9122  0.000e+00
    148.391     8.5592   3.618410    34.3468       2004     8.3458     1.9150  0.000e+00
    148.053     8.5557   3.617051    34.3360       2005     8.3500     1.9160  0.000e+00
    147.720     8.5510   3.616089    34.3305       2006     8.3542     1.9182  0.000e+00
    147.405     8.5462   3.615214    34.3261       2007     8.3583     1.9196  0.000e+00
    147.098     8.5413   3.614840    34.3271       2008     8.3625     1.9209  0.000e+00
    146.815     8.5379   3.614749    34.3295       2009     8.3667     1.9227  0.000e+00
    146.557     8.5357   3.614730    34.3316       2010     8.3708     1.9250  0.000e+00
    146.334     8.5345   3.614663    34.3322       2011     8.3750     1.9247  0.000e+00
    146.129     8.5339   3.614577    34.3319       2012     8.3792     1.9261  0.000e+00
    145.938     8.5335   3.614510    34.3317       2013     8.3833     1.9253  0.000e+00
    145.760     8.5335   3.614424    34.3309       2014     8.3875     1.9256  0.000e+00
    145.596     8.5333   3.614314    34.3300       2015     8.3917     1.9228  0.000e+00
    145.436     8.5333   3.614246    34.3294       2016     8.3958     1.9211  0.000e+00
    145.273     8.5330   3.614093    34.3281       2017     8.4000     1.9188  0.000e+00
    145.095     8.5330   3.613873    34.3259       2018     8.4042     1.9147  0.000e+00
    144.913     8.5325   3.613634    34.3239       2019     8.4083     1.9137  0.000e+00
    144.712     8.5318   3.613414    34.3224       2020     8.4125     1.9147  0.000e+00
    144.498     8.5311   3.613285    34.3217       2021     8.4167     1.9148  0.000e+00
    144.275     8.5303   3.613199    34.3218       2022     8.4208     1.9171  0.000e+00
    144.037     8.5299   3.613150    34.3217       2023     8.4250     1.9198  0.000e+00
    143.780     8.5299   3.613150    34.3218       2024     8.4292     1.9206  0.000e+00
    143.521     8.5305   3.613089    34.3207       2025     8.4333     1.9213  0.000e+00
    143.264     8.5310   3.612979    34.3192       2026     8.4375     1.9223  0.000e+00
    143.003     8.5314   3.612868    34.3178       2027     8.4417     1.9228  0.000e+00
    142.728     8.5317   3.612801    34.3169       2028     8.4458     1.9250  0.000e+00
    142.466     8.5321   3.612844    34.3171       2029     8.4500     1.9253  0.000e+00
    142.208     8.5331   3.612844    34.3163       2030     8.4542     1.9256  0.000e+00
    141.969     8.5336   3.612691    34.3142       2031     8.4583     1.9263  0.000e+00
    141.732     8.5343   3.612519    34.3118       2032     8.4625     1.9253  0.000e+00
    141.498     8.5343   3.612342    34.3101       2033     8.4667     1.9281  0.000e+00
    141.266     8.5344   3.612146    34.3081       2034     8.4708     1.9278  0.000e+00
    141.040     8.5343   3.611980    34.3065       2035     8.4750     1.9261  0.000e+00
    140.820     8.5344   3.611840    34.3050       2036     8.4792     1.9262  0.000e+00
    140.590     8.5348   3.611687    34.3032       2037     8.4833     1.9251  0.000e+00
    140.360     8.5349   3.611136    34.2973       2038     8.4875     1.9258  0.000e+00
    140.108     8.5345   3.610548    34.2917       2039     8.4917     1.9251  0.000e+00
    139.856     8.5332   3.609851    34.2856       2040     8.4958     1.9266  0.000e+00
    139.587     8.5318   3.609239    34.2806       2041     8.5000     1.9268  0.000e+00
    139.322     8.5295   3.608450    34.2747       2042     8.5042     1.9294  0.000e+00
    139.045     8.5271   3.607532    34.2674       2043     8.5083     1.9300  0.000e+00
    138.750     8.5240   3.606419    34.2588       2044     8.5125     1.9335  0.000e+00
    138.475     8.5203   3.605435    34.2521       2045     8.5167     1.9357  0.000e+00
    138.197     8.5167   3.604909    34.2502       2046     8.5208     1.9370  0.000e+00
    137.932     8.5133   3.604585    34.2502       2047     8.5250     1.9389  0.000e+00
    137.672     8.5109   3.604255    34.2491       2048     8.5292     1.9400  0.000e+00
    137.425     8.5085   3.604083    34.2497       2049     8.5333     1.9407  0.000e+00
    137.195     8.5073   3.603992    34.2501       2050     8.5375     1.9414  0.000e+00
    136.986     8.5062   3.603839    34.2496       2051     8.5417     1.9405  0.000e+00
    136.789     8.5053   3.603643    34.2485       2052     8.5458     1.9410  0.000e+00
    136.594     8.5046   3.603386    34.2466       2053     8.5500     1.9380  0.000e+00
    136.411     8.5039   3.603184    34.2452       2054     8.5542     1.9372  0.000e+00
    136.229     8.5035   3.603099    34.2448       2055     8.5583     1.9351  0.000e+00
    136.053     8.5028   3.602989    34.2444       2056     8.5625     1.9316  0.000e+00
    135.875     8.5025   3.602860    34.2434       2057     8.5667     1.9297  0.000e+00
    135.679     8.5019   3.602750    34.2429       2058     8.5708     1.9285  0.000e+00
    135.464     8.5018   3.602512    34.2406       2059     8.5750     1.9263  0.000e+00
    135.239     8.5012   3.602230    34.2383       2060     8.5792     1.9270  0.000e+00
    135.005     8.5005   3.601900    34.2356       2061     8.5833     1.9263  0.000e+00
    134.751     8.4995   3.601595    34.2334       2062     8.5875     1.9286  0.000e+00
    134.485     8.4986   3.601374    34.2321       2063     8.5917     1.9308  0.000e+00
    134.201     8.4978   3.601203    34.2312       2064     8.5958     1.9316  0.000e+00
    133.915     8.4970   3.601069    34.2307       2065     8.6000     1.9335  0.000e+00
    133.640     8.4964   3.601050    34.2312       2066     8.6042     1.9332  0.000e+00
    133.365     8.4960   3.601026    34.2315       2067     8.6083     1.9328  0.000e+00
    133.099     8.4956   3.600983    34.2316       2068     8.6125     1.9351  0.000e+00
    132.856     8.4955   3.600916    34.2311       2069     8.6167     1.9348  0.000e+00
    132.639     8.4950   3.600897    34.2314       2070     8.6208     1.9354  0.000e+00
    132.446     8.4949   3.600830    34.2309       2071     8.6250     1.9356  0.000e+00
    132.279     8.4946   3.600787    34.2309       2072     8.6292     1.9343  0.000e+00
    132.115     8.4946   3.600744    34.2305       2073     8.6333     1.9334  0.000e+00
    131.952     8.4943   3.600701    34.2304       2074     8.6375     1.9323  0.000e+00
    131.799     8.4943   3.600659    34.2300       2075     8.6417     1.9310  0.000e+00
    131.644     8.4941   3.600610    34.2297       2076     8.6458     1.9296  0.000e+00
    131.463     8.4938   3.600481    34.2287       2077     8.6500     1.9270  0.000e+00
    131.254     8.4940   3.600438    34.2282       2078     8.6542     1.9244  0.000e+00
    131.002     8.4937   3.600396    34.2282       2079     8.6583     1.9249  0.000e+00
    130.733     8.4937   3.600310    34.2274       2080     8.6625     1.9254  0.000e+00
    130.436     8.4935   3.600175    34.2264       2081     8.6667     1.9276  0.000e+00
    130.114     8.4932   3.600132    34.2263       2082     8.6708     1.9297  0.000e+00
    129.763     8.4928   3.600065    34.2261       2083     8.6750     1.9309  0.000e+00
    129.400     8.4926   3.599937    34.2251       2084     8.6792     1.9338  0.000e+00
    129.041     8.4924   3.599240    34.2182       2085     8.6833     1.9359  0.000e+00
    128.703     8.4913   3.598213    34.2085       2086     8.6875     1.9382  0.000e+00
    128.370     8.4897   3.597364    34.2012       2087     8.6917     1.9405  0.000e+00
    128.070     8.4876   3.596845    34.1980       2088     8.6958     1.9417  0.000e+00
    127.796     8.4861   3.596539    34.1962       2089     8.7000     1.9420  0.000e+00
    127.573     8.4843   3.596276    34.1953       2090     8.7042     1.9431  0.000e+00
    127.386     8.4832   3.596014    34.1937       2091     8.7083     1.9415  0.000e+00
    127.230     8.4822   3.595690    34.1913       2092     8.7125     1.9400  0.000e+00
    127.088     8.4812   3.595427    34.1896       2093     8.7167     1.9381  0.000e+00
    126.966     8.4804   3.595165    34.1876       2094     8.7208     1.9334  0.000e+00
    126.854     8.4798   3.595061    34.1872       2095     8.7250     1.9294  0.000e+00
    126.752     8.4796   3.594816    34.1849       2096     8.7292     1.9253  0.000e+00
    126.629     8.4790   3.594664    34.1839       2097     8.7333     1.9196  0.000e+00
    126.477     8.4789   3.594450    34.1817       2098     8.7375     1.9153  0.000e+00
    126.299     8.4785   3.594145    34.1790       2099     8.7417     1.9104  0.000e+00
    126.083     8.4784   3.593839    34.1760       2100     8.7458     1.9047  0.000e+00
    125.846     8.4779   3.593277    34.1707       2101     8.7500     1.9047  0.000e+00
    125.569     8.4771   3.592838    34.1669       2102     8.7542     1.9055  0.000e+00
    125.256     8.4763   3.592557    34.1649       2103     8.7583     1.9086  0.000e+00
    124.911     8.4755   3.592361    34.1637       2104     8.7625     1.9147  0.000e+00
    124.547     8.4753   3.592208    34.1624       2105     8.7667     1.9183  0.000e+00
    124.189     8.4749   3.592037    34.1612       2106     8.7708     1.9221  0.000e+00
    123.835     8.4750   3.591665    34.1573       2107     8.7750     1.9294  0.000e+00
    123.488     8.4746   3.591121    34.1522       2108     8.7792     1.9325  0.000e+00
    123.148     8.4739   3.590645    34.1480       2109     8.7833     1.9364  0.000e+00
    122.848     8.4732   3.590413    34.1463       2110     8.7875     1.9395  0.000e+00
    122.596     8.4723   3.590297    34.1460       2111     8.7917     1.9409  0.000e+00
    122.377     8.4719   3.590162    34.1452       2112     8.7958     1.9446  0.000e+00
    122.188     8.4714   3.590077    34.1448       2113     8.8000     1.9448  0.000e+00
    122.035     8.4710   3.590016    34.1446       2114     8.8042     1.9441  0.000e+00
    121.906     8.4708   3.589906    34.1438       2115     8.8083     1.9424  0.000e+00
    121.809     8.4704   3.589558    34.1405       2116     8.8125     1.9393  0.000e+00
    121.724     8.4699   3.588887    34.1339       2117     8.8167     1.9361  0.000e+00
    121.634     8.4688   3.587861    34.1242       2118     8.8208     1.9317  0.000e+00
    121.532     8.4672   3.586690    34.1133       2119     8.8250     1.9266  0.000e+00
    121.413     8.4653   3.585890    34.1068       2120     8.8292     1.9196  0.000e+00
    121.273     8.4638   3.585372    34.1028       2121     8.8333     1.9154  0.000e+00
    121.104     8.4623   3.585061    34.1010       2122     8.8375     1.9077  0.000e+00
    120.899     8.4614   3.584566    34.0967       2123     8.8417     1.9038  0.000e+00
    120.651     8.4606   3.584133    34.0931       2124     8.8458     1.9030  0.000e+00
    120.376     8.4598   3.583462    34.0869       2125     8.8500     1.9052  0.000e+00
    120.088     8.4586   3.582010    34.0728       2126     8.8542     1.9068  0.000e+00
    119.777     8.4564   3.580278    34.0568       2127     8.8583     1.9129  0.000e+00
    119.455     8.4540   3.579498    34.0510       2128     8.8625     1.9174  0.000e+00
    119.119     8.4517   3.578547    34.0433       2129     8.8667     1.9238  0.000e+00
    118.788     8.4497   3.576773    34.0266       2130     8.8708     1.9279  0.000e+00
    118.463     8.4463   3.574049    34.0012       2131     8.8750     1.9346  0.000e+00
    118.145     8.4415   3.571539    33.9794       2132     8.8792     1.9377  0.000e+00
    117.826     8.4356   3.569663    33.9654       2133     8.8833     1.9430  0.000e+00
    117.524     8.4295   3.568566    33.9598       2134     8.8875     1.9474  0.000e+00
    117.217     8.4242   3.567726    33.9562       2135     8.8917     1.9496  0.000e+00
    116.940     8.4198   3.566752    33.9502       2136     8.8958     1.9530  0.000e+00
    116.676     8.4164   3.565784    33.9434       2137     8.9000     1.9561  0.000e+00
    116.431     8.4121   3.563392    33.9223       2138     8.9042     1.9574  0.000e+00
    116.196     8.4049   3.559552    33.8887       2139     8.9083     1.9590  0.000e+00
    115.987     8.3910   3.554018    33.8436       2140     8.9125     1.9594  0.000e+00
    115.796     8.3697   3.549065    33.8116       2141     8.9167     1.9593  0.000e+00
    115.615     8.3483   3.546435    33.8044       2142     8.9208     1.9594  0.000e+00
    115.453     8.3312   3.545044    33.8061       2143     8.9250     1.9603  0.000e+00
    115.293     8.3196   3.543993    33.8062       2144     8.9292     1.9601  0.000e+00
    115.146     8.3118   3.543271    33.8061       2145     8.9333     1.9604  0.000e+00
    114.996     8.3064   3.542688    33.8052       2146     8.9375     1.9603  0.000e+00
    114.852     8.3022   3.542068    33.8028       2147     8.9417     1.9596  0.000e+00
    114.687     8.2994   3.541492    33.7994       2148     8.9458     1.9594  0.000e+00
    114.524     8.2974   3.540830    33.7944       2149     8.9500     1.9588  0.000e+00
    114.338     8.2954   3.540356    33.7913       2150     8.9542     1.9572  0.000e+00
    114.142     8.2937   3.539719    33.7863       2151     8.9583     1.9564  0.000e+00
    113.927     8.2913   3.538566    33.7764       2152     8.9625     1.9566  0.000e+00
    113.680     8.2877   3.536897    33.7623       2153     8.9667     1.9582  0.000e+00
    113.421     8.2818   3.534428    33.7419       2154     8.9708     1.9603  0.000e+00
    113.146     8.2715   3.530122    33.7062       2155     8.9750     1.9624  0.000e+00
    112.860     8.2549   3.523951    33.6567       2156     8.9792     1.9637  0.000e+00
    112.557     8.2318   3.518646    33.6227       2157     8.9833     1.9645  0.000e+00
    112.251     8.2062   3.513900    33.5968       2158     8.9875     1.9660  0.000e+00
    111.929     8.1812   3.510469    33.5845       2159     8.9917     1.9675  0.000e+00
    111.616     8.1596   3.509283    33.5927       2160     8.9958     1.9690  0.000e+00
    111.320     8.1442   3.508189    33.5959       2161     9.0000     1.9687  0.000e+00
    111.032     8.1347   3.506870    33.5911       2162     9.0042     1.9703  0.000e+00
    110.746     8.1274   3.505123    33.5796       2163     9.0083     1.9713  0.000e+00
    110.482     8.1211   3.504107    33.5749       2164     9.0125     1.9719  0.000e+00
    110.246     8.1155   3.503303    33.5718       2165     9.0167     1.9708  0.000e+00
    110.027     8.1114   3.502886    33.5714       2166     9.0208     1.9717  0.000e+00
    109.827     8.1090   3.502378    33.5684       2167     9.0250     1.9704  0.000e+00
