PC2305/sbe136.cnv
* Sea-Bird SBE 19plus V2 Data File:
* FileName = C:\cruise\data\sbe136.hex
* Software Version Seasave V 7.26.7.121
* Temperature SN = 7142
* Conductivity SN = 7142
* System UpLoad Time = Nov 09 2023 20:41:20
** Cruise: PC2205
** Program: ECOMON
# nquan = 8
# nvalues = 5238                                  
# units = specified
# name 0 = depSM: Depth [salt water, m], lat = 40.00
# name 1 = tv290C: Temperature [ITS-90, deg C]
# name 2 = c0S/m: Conductivity [S/m]
# name 3 = sal00: Salinity, Practical [PSU]
# name 4 = scan: Scan Count
# name 5 = timeM: Time, Elapsed [minutes]
# name 6 = sbeox0V: Oxygen raw, SBE 43 [V]
# name 7 = flag:  0.000e+00
# span 0 =     -0.099,    201.226                 
# span 1 =     6.4719,    11.2730                 
# span 2 =   0.000379,   3.660908                 
# span 3 =     0.0047,    33.5310                 
# span 4 =         11,       5248                 
# span 5 =     0.0417,    21.8625                 
# span 6 =     1.6390,     2.7108                 
# span 7 = 0.0000e+00, 0.0000e+00                 
# interval = seconds: 0.25
# start_time = Nov 09 2023 20:41:20 [System UTC, header]
# bad_flag = -9.990e-29
*END*
[from data line 2517]
    159.087     8.0627   3.476919    33.3182       2528    10.5292     1.7708  0.000e+00
    159.044     8.0636   3.476937    33.3175       2529    10.5333     1.7720  0.000e+00
    159.006     8.0646   3.476955    33.3168       2530    10.5375     1.7725  0.000e+00
    158.974     8.0652   3.476937    33.3160       2531    10.5417     1.7738  0.000e+00
    158.947     8.0660   3.476955    33.3155       2532    10.5458     1.7732  0.000e+00
    158.920     8.0666   3.476980    33.3152       2533    10.5500     1.7727  0.000e+00
    158.895     8.0671   3.476998    33.3150       2534    10.5542     1.7717  0.000e+00
    158.870     8.0673   3.476998    33.3147       2535    10.5583     1.7696  0.000e+00
    158.852     8.0675   3.476998    33.3146       2536    10.5625     1.7695  0.000e+00
    158.830     8.0677   3.477022    33.3147       2537    10.5667     1.7679  0.000e+00
    158.816     8.0679   3.477040    33.3146       2538    10.5708     1.7678  0.000e+00
    158.799     8.0683   3.477022    33.3141       2539    10.5750     1.7681  0.000e+00
    158.783     8.0684   3.477040    33.3142       2540    10.5792     1.7689  0.000e+00
    158.773     8.0686   3.477082    33.3144       2541    10.5833     1.7685  0.000e+00
    158.755     8.0689   3.477070    33.3141       2542    10.5875     1.7693  0.000e+00
    158.737     8.0691   3.477082    33.3140       2543    10.5917     1.7696  0.000e+00
    158.713     8.0693   3.477088    33.3139       2544    10.5958     1.7700  0.000e+00
    158.681     8.0694   3.477082    33.3137       2545    10.6000     1.7714  0.000e+00
    158.648     8.0697   3.477106    33.3137       2546    10.6042     1.7704  0.000e+00
    158.607     8.0703   3.477112    33.3133       2547    10.6083     1.7694  0.000e+00
    158.559     8.0705   3.477124    33.3132       2548    10.6125     1.7704  0.000e+00
    158.508     8.0707   3.477124    33.3131       2549    10.6167     1.7675  0.000e+00
    158.447     8.0708   3.477130    33.3130       2550    10.6208     1.7673  0.000e+00
    158.386     8.0712   3.477148    33.3129       2551    10.6250     1.7652  0.000e+00
    158.327     8.0717   3.477166    33.3126       2552    10.6292     1.7660  0.000e+00
    158.265     8.0724   3.477196    33.3123       2553    10.6333     1.7665  0.000e+00
    158.206     8.0731   3.477208    33.3118       2554    10.6375     1.7668  0.000e+00
    158.147     8.0738   3.477287    33.3120       2555    10.6417     1.7676  0.000e+00
    158.086     8.0747   3.477335    33.3117       2556    10.6458     1.7691  0.000e+00
    158.024     8.0758   3.477377    33.3111       2557    10.6500     1.7693  0.000e+00
    157.965     8.0771   3.477419    33.3104       2558    10.6542     1.7696  0.000e+00
    157.904     8.0784   3.477437    33.3094       2559    10.6583     1.7706  0.000e+00
    157.843     8.0795   3.477437    33.3083       2560    10.6625     1.7714  0.000e+00
    157.791     8.0807   3.477437    33.3072       2561    10.6667     1.7736  0.000e+00
    157.740     8.0825   3.477521    33.3065       2562    10.6708     1.7738  0.000e+00
    157.692     8.0846   3.477606    33.3053       2563    10.6750     1.7738  0.000e+00
    157.645     8.0870   3.477726    33.3044       2564    10.6792     1.7758  0.000e+00
    157.602     8.0895   3.477817    33.3030       2565    10.6833     1.7758  0.000e+00
    157.560     8.0916   3.477919    33.3021       2566    10.6875     1.7770  0.000e+00
    157.526     8.0941   3.478009    33.3007       2567    10.6917     1.7764  0.000e+00
    157.485     8.0964   3.478106    33.2995       2568    10.6958     1.7771  0.000e+00
    157.449     8.0985   3.478118    33.2978       2569    10.7000     1.7757  0.000e+00
    157.408     8.1000   3.478130    33.2964       2570    10.7042     1.7754  0.000e+00
    157.366     8.1012   3.478148    33.2955       2571    10.7083     1.7732  0.000e+00
    157.330     8.1020   3.478166    33.2949       2572    10.7125     1.7735  0.000e+00
    157.291     8.1027   3.478190    33.2946       2573    10.7167     1.7732  0.000e+00
    157.249     8.1033   3.478214    33.2942       2574    10.7208     1.7719  0.000e+00
    157.210     8.1038   3.478232    33.2940       2575    10.7250     1.7702  0.000e+00
    157.175     8.1042   3.478256    33.2939       2576    10.7292     1.7721  0.000e+00
    157.136     8.1046   3.478256    33.2936       2577    10.7333     1.7708  0.000e+00
    157.091     8.1049   3.478274    33.2935       2578    10.7375     1.7705  0.000e+00
    157.044     8.1054   3.478298    33.2933       2579    10.7417     1.7705  0.000e+00
    157.001     8.1059   3.478298    33.2929       2580    10.7458     1.7693  0.000e+00
    156.947     8.1061   3.478298    33.2926       2581    10.7500     1.7701  0.000e+00
    156.886     8.1068   3.478341    33.2925       2582    10.7542     1.7710  0.000e+00
    156.832     8.1073   3.478316    33.2918       2583    10.7583     1.7711  0.000e+00
    156.767     8.1082   3.478340    33.2912       2584    10.7625     1.7719  0.000e+00
    156.708     8.1091   3.478383    33.2908       2585    10.7667     1.7735  0.000e+00
    156.640     8.1109   3.478425    33.2896       2586    10.7708     1.7759  0.000e+00
    156.577     8.1126   3.478485    33.2886       2587    10.7750     1.7761  0.000e+00
    156.523     8.1147   3.478587    33.2878       2588    10.7792     1.7783  0.000e+00
    156.458     8.1168   3.478690    33.2869       2589    10.7833     1.7806  0.000e+00
    156.402     8.1192   3.478816    33.2860       2590    10.7875     1.7818  0.000e+00
    156.346     8.1214   3.478925    33.2851       2591    10.7917     1.7837  0.000e+00
    156.289     8.1236   3.479021    33.2841       2592    10.7958     1.7855  0.000e+00
    156.231     8.1256   3.479051    33.2825       2593    10.8000     1.7851  0.000e+00
    156.177     8.1276   3.479130    33.2814       2594    10.8042     1.7858  0.000e+00
    156.122     8.1296   3.479256    33.2809       2595    10.8083     1.7872  0.000e+00
    156.064     8.1318   3.479341    33.2798       2596    10.8125     1.7874  0.000e+00
    156.019     8.1338   3.479437    33.2789       2597    10.8167     1.7871  0.000e+00
    155.965     8.1357   3.479491    33.2778       2598    10.8208     1.7865  0.000e+00
    155.918     8.1371   3.479467    33.2762       2599    10.8250     1.7867  0.000e+00
    155.877     8.1382   3.479527    33.2758       2600    10.8292     1.7848  0.000e+00
    155.841     8.1390   3.479509    33.2749       2601    10.8333     1.7832  0.000e+00
    155.805     8.1395   3.479527    33.2746       2602    10.8375     1.7832  0.000e+00
    155.778     8.1401   3.479503    33.2738       2603    10.8417     1.7816  0.000e+00
    155.758     8.1404   3.479509    33.2736       2604    10.8458     1.7807  0.000e+00
    155.742     8.1404   3.479509    33.2735       2605    10.8500     1.7796  0.000e+00
    155.730     8.1406   3.479503    33.2734       2606    10.8542     1.7790  0.000e+00
    155.713     8.1408   3.479491    33.2730       2607    10.8583     1.7794  0.000e+00
    155.692     8.1410   3.479479    33.2727       2608    10.8625     1.7812  0.000e+00
    155.672     8.1411   3.479491    33.2727       2609    10.8667     1.7826  0.000e+00
    155.649     8.1410   3.479509    33.2730       2610    10.8708     1.7828  0.000e+00
    155.615     8.1409   3.479503    33.2731       2611    10.8750     1.7857  0.000e+00
    155.577     8.1408   3.479509    33.2733       2612    10.8792     1.7860  0.000e+00
    155.530     8.1408   3.479527    33.2735       2613    10.8833     1.7864  0.000e+00
    155.472     8.1408   3.479503    33.2732       2614    10.8875     1.7868  0.000e+00
    155.404     8.1408   3.479449    33.2727       2615    10.8917     1.7851  0.000e+00
    155.339     8.1408   3.479407    33.2723       2616    10.8958     1.7852  0.000e+00
    155.271     8.1407   3.479352    33.2718       2617    10.9000     1.7852  0.000e+00
    155.201     8.1408   3.479382    33.2721       2618    10.9042     1.7852  0.000e+00
    155.131     8.1410   3.479340    33.2715       2619    10.9083     1.7855  0.000e+00
    155.061     8.1410   3.479394    33.2721       2620    10.9125     1.7880  0.000e+00
    154.990     8.1415   3.479406    33.2718       2621    10.9167     1.7887  0.000e+00
    154.922     8.1424   3.479479    33.2718       2622    10.9208     1.7899  0.000e+00
    154.856     8.1436   3.479527    33.2711       2623    10.9250     1.7926  0.000e+00
    154.778     8.1448   3.479569    33.2705       2624    10.9292     1.7942  0.000e+00
    154.703     8.1460   3.479611    33.2699       2625    10.9333     1.7956  0.000e+00
    154.633     8.1473   3.479678    33.2693       2626    10.9375     1.7971  0.000e+00
    154.562     8.1487   3.479738    33.2687       2627    10.9417     1.7994  0.000e+00
    154.505     8.1503   3.479834    33.2682       2628    10.9458     1.8007  0.000e+00
    154.447     8.1516   3.479846    33.2671       2629    10.9500     1.8022  0.000e+00
    154.388     8.1525   3.479846    33.2663       2630    10.9542     1.8017  0.000e+00
    154.341     8.1533   3.479876    33.2659       2631    10.9583     1.8031  0.000e+00
    154.302     8.1542   3.479925    33.2655       2632    10.9625     1.8035  0.000e+00
    154.260     8.1551   3.479925    33.2648       2633    10.9667     1.8011  0.000e+00
    154.228     8.1556   3.479967    33.2647       2634    10.9708     1.7999  0.000e+00
    154.196     8.1560   3.479949    33.2641       2635    10.9750     1.7982  0.000e+00
    154.152     8.1566   3.479967    33.2638       2636    10.9792     1.7958  0.000e+00
    154.116     8.1572   3.480033    33.2640       2637    10.9833     1.7955  0.000e+00
    154.079     8.1575   3.480033    33.2637       2638    10.9875     1.7936  0.000e+00
    154.037     8.1580   3.480051    33.2635       2639    10.9917     1.7907  0.000e+00
    154.000     8.1582   3.480117    33.2640       2640    10.9958     1.7896  0.000e+00
    153.951     8.1586   3.480135    33.2638       2641    11.0000     1.7880  0.000e+00
    153.904     8.1591   3.480184    33.2639       2642    11.0042     1.7869  0.000e+00
    153.854     8.1595   3.480202    33.2637       2643    11.0083     1.7849  0.000e+00
    153.805     8.1598   3.480202    33.2635       2644    11.0125     1.7849  0.000e+00
    153.751     8.1599   3.480226    33.2636       2645    11.0167     1.7857  0.000e+00
    153.696     8.1603   3.480244    33.2635       2646    11.0208     1.7861  0.000e+00
    153.634     8.1608   3.480244    33.2630       2647    11.0250     1.7868  0.000e+00
    153.577     8.1613   3.480250    33.2626       2648    11.0292     1.7899  0.000e+00
    153.527     8.1617   3.480304    33.2628       2649    11.0333     1.7924  0.000e+00
    153.469     8.1620   3.480262    33.2621       2650    11.0375     1.7940  0.000e+00
    153.422     8.1625   3.480292    33.2621       2651    11.0417     1.7958  0.000e+00
    153.374     8.1629   3.480322    33.2620       2652    11.0458     1.7966  0.000e+00
    153.331     8.1635   3.480340    33.2616       2653    11.0500     1.7975  0.000e+00
    153.291     8.1640   3.480364    33.2615       2654    11.0542     1.7985  0.000e+00
    153.255     8.1643   3.480431    33.2618       2655    11.0583     1.7982  0.000e+00
    153.221     8.1650   3.480473    33.2617       2656    11.0625     1.7978  0.000e+00
    153.187     8.1656   3.480491    33.2613       2657    11.0667     1.7963  0.000e+00
    153.153     8.1661   3.480515    33.2611       2658    11.0708     1.7965  0.000e+00
    153.118     8.1665   3.480539    33.2610       2659    11.0750     1.7948  0.000e+00
    153.082     8.1667   3.480557    33.2610       2660    11.0792     1.7929  0.000e+00
    153.048     8.1672   3.480575    33.2608       2661    11.0833     1.7908  0.000e+00
    153.010     8.1677   3.480666    33.2612       2662    11.0875     1.7899  0.000e+00
    152.965     8.1684   3.480678    33.2608       2663    11.0917     1.7878  0.000e+00
    152.926     8.1690   3.480786    33.2614       2664    11.0958     1.7864  0.000e+00
    152.877     8.1697   3.480822    33.2611       2665    11.1000     1.7852  0.000e+00
    152.823     8.1703   3.480913    33.2615       2666    11.1042     1.7847  0.000e+00
    152.759     8.1710   3.480931    33.2611       2667    11.1083     1.7844  0.000e+00
    152.689     8.1716   3.480955    33.2608       2668    11.1125     1.7849  0.000e+00
    152.618     8.1723   3.480973    33.2604       2669    11.1167     1.7874  0.000e+00
    152.541     8.1729   3.480997    33.2601       2670    11.1208     1.7881  0.000e+00
    152.465     8.1734   3.481015    33.2598       2671    11.1250     1.7910  0.000e+00
    152.388     8.1738   3.480997    33.2593       2672    11.1292     1.7948  0.000e+00
    152.313     8.1741   3.480997    33.2590       2673    11.1333     1.7965  0.000e+00
    152.239     8.1744   3.481039    33.2592       2674    11.1375     1.7982  0.000e+00
    152.162     8.1752   3.481160    33.2598       2675    11.1417     1.8009  0.000e+00
    152.090     8.1770   3.481220    33.2588       2676    11.1458     1.8028  0.000e+00
    152.023     8.1784   3.481268    33.2580       2677    11.1500     1.8030  0.000e+00
    151.958     8.1795   3.481310    33.2574       2678    11.1542     1.8049  0.000e+00
    151.888     8.1808   3.481371    33.2569       2679    11.1583     1.8046  0.000e+00
    151.833     8.1822   3.481437    33.2562       2680    11.1625     1.8056  0.000e+00
    151.782     8.1837   3.481539    33.2559       2681    11.1667     1.8052  0.000e+00
    151.735     8.1853   3.481612    33.2552       2682    11.1708     1.8041  0.000e+00
    151.690     8.1867   3.481642    33.2543       2683    11.1750     1.8043  0.000e+00
    151.658     8.1879   3.481726    33.2540       2684    11.1792     1.8037  0.000e+00
    151.620     8.1890   3.481768    33.2535       2685    11.1833     1.8028  0.000e+00
    151.574     8.1902   3.481853    33.2533       2686    11.1875     1.8011  0.000e+00
    151.538     8.1912   3.481919    33.2531       2687    11.1917     1.7996  0.000e+00
    151.494     8.1920   3.481997    33.2531       2688    11.1958     1.7975  0.000e+00
    151.455     8.1930   3.482040    33.2526       2689    11.2000     1.7961  0.000e+00
    151.406     8.1943   3.482118    33.2523       2690    11.2042     1.7945  0.000e+00
    151.360     8.1954   3.482148    33.2515       2691    11.2083     1.7933  0.000e+00
    151.315     8.1964   3.482166    33.2508       2692    11.2125     1.7929  0.000e+00
    151.264     8.1971   3.482142    33.2500       2693    11.2167     1.7928  0.000e+00
    151.212     8.1974   3.482106    33.2493       2694    11.2208     1.7932  0.000e+00
    151.156     8.1975   3.481979    33.2478       2695    11.2250     1.7927  0.000e+00
    151.101     8.1975   3.481877    33.2468       2696    11.2292     1.7932  0.000e+00
    151.043     8.1971   3.481810    33.2466       2697    11.2333     1.7943  0.000e+00
    150.982     8.1965   3.481726    33.2462       2698    11.2375     1.7958  0.000e+00
    150.914     8.1957   3.481569    33.2454       2699    11.2417     1.7966  0.000e+00
    150.843     8.1949   3.481436    33.2447       2700    11.2458     1.7969  0.000e+00
    150.777     8.1940   3.481328    33.2444       2701    11.2500     1.7993  0.000e+00
    150.712     8.1931   3.481171    33.2436       2702    11.2542     1.8004  0.000e+00
    150.647     8.1920   3.481038    33.2433       2703    11.2583     1.8011  0.000e+00
    150.586     8.1910   3.480888    33.2427       2704    11.2625     1.8033  0.000e+00
    150.527     8.1901   3.480821    33.2429       2705    11.2667     1.8043  0.000e+00
    150.471     8.1895   3.480785    33.2431       2706    11.2708     1.8060  0.000e+00
