PC2305/sbe166.cnv
* Sea-Bird SBE 19plus V2 Data File:
* FileName = C:\cruise\data\sbe166.hex
* Software Version Seasave V 7.26.7.121
* Temperature SN = 7142
* Conductivity SN = 7142
* System UpLoad Time = Nov 13 2023 07:40:12
** Cruise: PC2205
** Program: ECOMON
# nquan = 8
# nvalues = 1442                                  
# units = specified
# name 0 = depSM: Depth [salt water, m], lat = 40.00
# name 1 = tv290C: Temperature [ITS-90, deg C]
# name 2 = c0S/m: Conductivity [S/m]
# name 3 = sal00: Salinity, Practical [PSU]
# name 4 = scan: Scan Count
# name 5 = timeM: Time, Elapsed [minutes]
# name 6 = sbeox0V: Oxygen raw, SBE 43 [V]
# name 7 = flag:  0.000e+00
# span 0 =      0.030,     44.165                 
# span 1 =     6.3031,    12.6259                 
# span 2 =   0.000284,   3.717044                 
# span 3 =     0.0040,    32.2712                 
# span 4 =         11,       1452                 
# span 5 =     0.0417,     6.0458                 
# span 6 =     2.1762,     2.8801                 
# span 7 = 0.0000e+00, 0.0000e+00                 
# interval = seconds: 0.25
# start_time = Nov 13 2023 07:40:12 [System UTC, header]
# bad_flag = -9.990e-29
*END*
[from data line 360]
     33.815    12.4225   3.691917    31.6377        371     1.5417     2.2875  0.000e+00
     33.957    12.4378   3.693466    31.6395        372     1.5458     2.2826  0.000e+00
     34.093    12.4484   3.695275    31.6477        373     1.5500     2.2747  0.000e+00
     34.226    12.4591   3.696300    31.6484        374     1.5542     2.2657  0.000e+00
     34.357    12.4680   3.696566    31.6434        375     1.5583     2.2570  0.000e+00
     34.489    12.4735   3.695645    31.6300        376     1.5625     2.2475  0.000e+00
     34.618    12.4743   3.693626    31.6100        377     1.5667     2.2383  0.000e+00
     34.756    12.4762   3.691737    31.5905        378     1.5708     2.2314  0.000e+00
     34.897    12.4841   3.691521    31.5817        379     1.5750     2.2247  0.000e+00
     35.028    12.4921   3.691132    31.5712        380     1.5792     2.2233  0.000e+00
     35.170    12.4843   3.690774    31.5743        381     1.5833     2.2155  0.000e+00
     35.301    12.4691   3.690750    31.5868        382     1.5875     2.2106  0.000e+00
     35.439    12.4605   3.691133    31.5976        383     1.5917     2.2057  0.000e+00
     35.578    12.4615   3.693793    31.6220        384     1.5958     2.2027  0.000e+00
     35.711    12.4659   3.697851    31.6569        385     1.6000     2.1985  0.000e+00
     35.844    12.4820   3.701545    31.6784        386     1.6042     2.1965  0.000e+00
     35.977    12.5022   3.703726    31.6821        387     1.6083     2.1965  0.000e+00
     36.103    12.5204   3.705463    31.6833        388     1.6125     2.1986  0.000e+00
     36.236    12.5368   3.706860    31.6827        389     1.6167     2.1998  0.000e+00
     36.370    12.5505   3.707380    31.6761        390     1.6208     2.2008  0.000e+00
     36.512    12.5604   3.707225    31.6662        391     1.6250     2.2013  0.000e+00
     36.654    12.5659   3.706588    31.6554        392     1.6292     2.2030  0.000e+00
     36.816    12.5688   3.706118    31.6485        393     1.6333     2.2064  0.000e+00
     36.978    12.5703   3.705074    31.6372        394     1.6375     2.2132  0.000e+00
     37.136    12.5705   3.704968    31.6360        395     1.6417     2.2239  0.000e+00
     37.308    12.5708   3.704808    31.6342        396     1.6458     2.2360  0.000e+00
     37.476    12.5736   3.705216    31.6356        397     1.6500     2.2490  0.000e+00
     37.641    12.5779   3.707652    31.6551        398     1.6542     2.2613  0.000e+00
     37.797    12.5829   3.709012    31.6638        399     1.6583     2.2708  0.000e+00
     37.945    12.5877   3.709909    31.6681        400     1.6625     2.2800  0.000e+00
     38.090    12.5903   3.710200    31.6687        401     1.6667     2.2882  0.000e+00
     38.218    12.5913   3.710268    31.6684        402     1.6708     2.2943  0.000e+00
     38.340    12.5926   3.710286    31.6674        403     1.6750     2.2990  0.000e+00
     38.459    12.5948   3.710521    31.6678        404     1.6792     2.3001  0.000e+00
     38.572    12.5966   3.710608    31.6670        405     1.6833     2.2980  0.000e+00
     38.687    12.5979   3.710565    31.6655        406     1.6875     2.2973  0.000e+00
     38.800    12.5987   3.710565    31.6648        407     1.6917     2.2992  0.000e+00
     38.921    12.5996   3.710608    31.6644        408     1.6958     2.3037  0.000e+00
     39.037    12.6006   3.710454    31.6620        409     1.7000     2.3117  0.000e+00
     39.160    12.6013   3.710181    31.6589        410     1.7042     2.3225  0.000e+00
     39.285    12.6016   3.709730    31.6542        411     1.7083     2.3345  0.000e+00
     39.415    12.6011   3.707763    31.6359        412     1.7125     2.3446  0.000e+00
     39.555    12.5983   3.704740    31.6096        413     1.7167     2.3552  0.000e+00
     39.701    12.5959   3.702645    31.5916        414     1.7208     2.3626  0.000e+00
     39.848    12.5948   3.699222    31.5600        415     1.7250     2.3676  0.000e+00
     40.008    12.5861   3.697110    31.5472        416     1.7292     2.3683  0.000e+00
     40.166    12.5647   3.696752    31.5616        417     1.7333     2.3657  0.000e+00
     40.331    12.5291   3.697462    31.5982        418     1.7375     2.3603  0.000e+00
     40.506    12.4987   3.698482    31.6334        419     1.7417     2.3538  0.000e+00
     40.675    12.4789   3.699001    31.6549        420     1.7458     2.3453  0.000e+00
     40.844    12.4709   3.699273    31.6642        421     1.7500     2.3369  0.000e+00
     41.009    12.4683   3.699292    31.6664        422     1.7542     2.3299  0.000e+00
     41.167    12.4644   3.699397    31.6707        423     1.7583     2.3210  0.000e+00
     41.327    12.4605   3.700398    31.6835        424     1.7625     2.3124  0.000e+00
     41.471    12.4572   3.701004    31.6919        425     1.7667     2.3020  0.000e+00
     41.611    12.4554   3.701164    31.6949        426     1.7708     2.2941  0.000e+00
     41.742    12.4642   3.701232    31.6881        427     1.7750     2.2861  0.000e+00
     41.882    12.4791   3.702431    31.6869        428     1.7792     2.2804  0.000e+00
     42.010    12.4931   3.703933    31.6894        429     1.7833     2.2763  0.000e+00
     42.143    12.5068   3.704631    31.6844        430     1.7875     2.2721  0.000e+00
     42.283    12.5191   3.705039    31.6778        431     1.7917     2.2688  0.000e+00
     42.416    12.5302   3.705218    31.6702        432     1.7958     2.2668  0.000e+00
     42.562    12.5388   3.705379    31.6644        433     1.8000     2.2663  0.000e+00
     42.704    12.5460   3.705082    31.6555        434     1.8042     2.2687  0.000e+00
     42.853    12.5508   3.704408    31.6449        435     1.8083     2.2755  0.000e+00
     43.002    12.5519   3.703710    31.6373        436     1.8125     2.2830  0.000e+00
     43.155    12.5507   3.703796    31.6391        437     1.8167     2.2911  0.000e+00
     43.308    12.5502   3.704538    31.6465        438     1.8208     2.2985  0.000e+00
     43.457    12.5524   3.705175    31.6507        439     1.8250     2.3031  0.000e+00
     43.595    12.5577   3.706504    31.6587        440     1.8292     2.3062  0.000e+00
     43.734    12.5647   3.707901    31.6661        441     1.8333     2.3087  0.000e+00
     43.865    12.5726   3.709212    31.6718        442     1.8375     2.3086  0.000e+00
     43.989    12.5800   3.710072    31.6737        443     1.8417     2.3073  0.000e+00
     44.113    12.5854   3.712373    31.6910        444     1.8458     2.3072  0.000e+00
     44.158    12.5905   3.713889    31.7011        445     1.8500     2.3058  0.000e+00
     44.165    12.5959   3.714656    31.7038        446     1.8542     2.3037  0.000e+00
     44.118    12.6009   3.714947    31.7024        447     1.8583     2.3072  0.000e+00
     44.057    12.6060   3.715355    31.7020        448     1.8625     2.3173  0.000e+00
     44.027    12.6099   3.715089    31.6962        449     1.8667     2.3395  0.000e+00
     44.016    12.6128   3.715201    31.6948        450     1.8708     2.3705  0.000e+00
     44.014    12.6144   3.715188    31.6933        451     1.8750     2.4039  0.000e+00
     44.014    12.6155   3.715157    31.6921        452     1.8792     2.4347  0.000e+00
     44.003    12.6159   3.715089    31.6911        453     1.8833     2.4591  0.000e+00
     43.994    12.6159   3.715225    31.6924        454     1.8875     2.4751  0.000e+00
     43.989    12.6164   3.715572    31.6954        455     1.8917     2.4853  0.000e+00
     43.965    12.6167   3.716011    31.6993        456     1.8958     2.4881  0.000e+00
     43.903    12.6171   3.716488    31.7035        457     1.9000     2.4893  0.000e+00
     43.802    12.6181   3.716803    31.7057        458     1.9042     2.4910  0.000e+00
     43.638    12.6195   3.716940    31.7058        459     1.9083     2.5010  0.000e+00
     43.437    12.6205   3.716890    31.7046        460     1.9125     2.5151  0.000e+00
     43.293    12.6213   3.716717    31.7024        461     1.9167     2.5347  0.000e+00
     43.193    12.6215   3.716673    31.7018        462     1.9208     2.5525  0.000e+00
     43.106    12.6214   3.716624    31.7014        463     1.9250     2.5689  0.000e+00
     43.047    12.6211   3.716630    31.7018        464     1.9292     2.5821  0.000e+00
     42.973    12.6209   3.716716    31.7029        465     1.9333     2.5911  0.000e+00
     42.891    12.6208   3.716692    31.7027        466     1.9375     2.5964  0.000e+00
     42.808    12.6211   3.716735    31.7029        467     1.9417     2.5995  0.000e+00
     42.736    12.6215   3.716760    31.7028        468     1.9458     2.6051  0.000e+00
     42.670    12.6215   3.716784    31.7031        469     1.9500     2.6084  0.000e+00
     42.603    12.6214   3.716828    31.7036        470     1.9542     2.6123  0.000e+00
     42.531    12.6215   3.716871    31.7040        471     1.9583     2.6144  0.000e+00
     42.463    12.6217   3.716846    31.7036        472     1.9625     2.6164  0.000e+00
     42.382    12.6219   3.716828    31.7033        473     1.9667     2.6192  0.000e+00
     42.298    12.6217   3.716871    31.7039        474     1.9708     2.6206  0.000e+00
     42.211    12.6219   3.716871    31.7037        475     1.9750     2.6234  0.000e+00
     42.130    12.6222   3.716871    31.7035        476     1.9792     2.6260  0.000e+00
     42.044    12.6224   3.716871    31.7034        477     1.9833     2.6301  0.000e+00
     41.965    12.6225   3.716896    31.7036        478     1.9875     2.6311  0.000e+00
     41.881    12.6226   3.716896    31.7036        479     1.9917     2.6312  0.000e+00
     41.796    12.6224   3.716895    31.7037        480     1.9958     2.6312  0.000e+00
     41.724    12.6226   3.716871    31.7034        481     2.0000     2.6298  0.000e+00
     41.652    12.6226   3.716895    31.7036        482     2.0042     2.6299  0.000e+00
     41.577    12.6225   3.716895    31.7037        483     2.0083     2.6312  0.000e+00
     41.501    12.6223   3.716895    31.7039        484     2.0125     2.6305  0.000e+00
     41.424    12.6224   3.716871    31.7037        485     2.0167     2.6313  0.000e+00
     41.347    12.6224   3.716920    31.7041        486     2.0208     2.6310  0.000e+00
     41.266    12.6226   3.716939    31.7042        487     2.0250     2.6308  0.000e+00
     41.178    12.6224   3.716963    31.7047        488     2.0292     2.6298  0.000e+00
     41.091    12.6224   3.717019    31.7052        489     2.0333     2.6276  0.000e+00
     41.000    12.6224   3.717007    31.7051        490     2.0375     2.6250  0.000e+00
     40.901    12.6227   3.717007    31.7049        491     2.0417     2.6244  0.000e+00
     40.782    12.6228   3.717031    31.7051        492     2.0458     2.6234  0.000e+00
     40.644    12.6228   3.717044    31.7053        493     2.0500     2.6256  0.000e+00
     40.509    12.6229   3.717031    31.7051        494     2.0542     2.6285  0.000e+00
     40.374    12.6229   3.717031    31.7052        495     2.0583     2.6319  0.000e+00
     40.243    12.6228   3.717006    31.7051        496     2.0625     2.6352  0.000e+00
     40.114    12.6231   3.717006    31.7049        497     2.0667     2.6372  0.000e+00
     39.990    12.6231   3.716932    31.7042        498     2.0708     2.6394  0.000e+00
     39.880    12.6230   3.716920    31.7042        499     2.0750     2.6408  0.000e+00
     39.785    12.6227   3.716895    31.7043        500     2.0792     2.6410  0.000e+00
     39.706    12.6226   3.716851    31.7040        501     2.0833     2.6402  0.000e+00
     39.643    12.6226   3.716827    31.7037        502     2.0875     2.6396  0.000e+00
     39.587    12.6226   3.716827    31.7038        503     2.0917     2.6392  0.000e+00
     39.546    12.6224   3.716690    31.7027        504     2.0958     2.6377  0.000e+00
     39.504    12.6223   3.716783    31.7037        505     2.1000     2.6363  0.000e+00
     39.470    12.6222   3.716870    31.7046        506     2.1042     2.6349  0.000e+00
     39.432    12.6222   3.716895    31.7048        507     2.1083     2.6340  0.000e+00
     39.386    12.6224   3.716919    31.7049        508     2.1125     2.6325  0.000e+00
     39.330    12.6224   3.716919    31.7049        509     2.1167     2.6327  0.000e+00
     39.255    12.6223   3.716975    31.7056        510     2.1208     2.6339  0.000e+00
     39.165    12.6224   3.716987    31.7056        511     2.1250     2.6362  0.000e+00
     39.050    12.6227   3.717006    31.7056        512     2.1292     2.6375  0.000e+00
     38.931    12.6230   3.717006    31.7054        513     2.1333     2.6391  0.000e+00
     38.802    12.6229   3.717006    31.7055        514     2.1375     2.6401  0.000e+00
     38.669    12.6229   3.716975    31.7053        515     2.1417     2.6414  0.000e+00
     38.537    12.6227   3.717006    31.7058        516     2.1458     2.6437  0.000e+00
     38.404    12.6229   3.716962    31.7053        517     2.1500     2.6456  0.000e+00
     38.280    12.6231   3.716962    31.7052        518     2.1542     2.6466  0.000e+00
     38.173    12.6231   3.716913    31.7048        519     2.1583     2.6472  0.000e+00
     38.081    12.6230   3.716869    31.7045        520     2.1625     2.6455  0.000e+00
     38.007    12.6226   3.716851    31.7046        521     2.1667     2.6437  0.000e+00
     37.950    12.6225   3.716826    31.7045        522     2.1708     2.6415  0.000e+00
     37.912    12.6223   3.716845    31.7049        523     2.1750     2.6395  0.000e+00
     37.880    12.6223   3.716801    31.7045        524     2.1792     2.6382  0.000e+00
     37.845    12.6223   3.716851    31.7050        525     2.1833     2.6366  0.000e+00
     37.818    12.6221   3.716869    31.7053        526     2.1875     2.6347  0.000e+00
     37.775    12.6221   3.716931    31.7060        527     2.1917     2.6317  0.000e+00
     37.734    12.6221   3.716987    31.7064        528     2.1958     2.6285  0.000e+00
     37.675    12.6225   3.716987    31.7062        529     2.2000     2.6258  0.000e+00
     37.606    12.6226   3.717005    31.7062        530     2.2042     2.6264  0.000e+00
     37.520    12.6230   3.716999    31.7059        531     2.2083     2.6289  0.000e+00
     37.421    12.6229   3.717030    31.7063        532     2.2125     2.6326  0.000e+00
     37.310    12.6229   3.717030    31.7064        533     2.2167     2.6365  0.000e+00
     37.206    12.6231   3.716962    31.7056        534     2.2208     2.6389  0.000e+00
     37.096    12.6232   3.716987    31.7058        535     2.2250     2.6411  0.000e+00
     36.983    12.6231   3.716974    31.7058        536     2.2292     2.6405  0.000e+00
     36.880    12.6229   3.716937    31.7057        537     2.2333     2.6412  0.000e+00
     36.785    12.6227   3.716937    31.7059        538     2.2375     2.6404  0.000e+00
     36.701    12.6226   3.716937    31.7060        539     2.2417     2.6395  0.000e+00
     36.627    12.6229   3.716931    31.7057        540     2.2458     2.6389  0.000e+00
     36.553    12.6229   3.716894    31.7054        541     2.2500     2.6363  0.000e+00
     36.494    12.6229   3.716894    31.7054        542     2.2542     2.6366  0.000e+00
     36.447    12.6229   3.716894    31.7055        543     2.2583     2.6350  0.000e+00
     36.397    12.6226   3.716887    31.7057        544     2.2625     2.6332  0.000e+00
     36.348    12.6224   3.716869    31.7057        545     2.2667     2.6328  0.000e+00
     36.298    12.6226   3.716894    31.7057        546     2.2708     2.6312  0.000e+00
     36.249    12.6227   3.716869    31.7054        547     2.2750     2.6318  0.000e+00
     36.194    12.6226   3.716887    31.7057        548     2.2792     2.6325  0.000e+00
     36.133    12.6224   3.716893    31.7060        549     2.2833     2.6319  0.000e+00
