PC2305/sbe138.cnv
* Sea-Bird SBE 19plus V2 Data File:
* FileName = C:\cruise\data\sbe138.hex
* Software Version Seasave V 7.26.7.121
* Temperature SN = 7142
* Conductivity SN = 7142
* System UpLoad Time = Nov 10 2023 02:12:43
** Cruise: PC2205
** Program: ECOMON
# nquan = 8
# nvalues = 2086                                  
# units = specified
# name 0 = depSM: Depth [salt water, m], lat = 40.00
# name 1 = tv290C: Temperature [ITS-90, deg C]
# name 2 = c0S/m: Conductivity [S/m]
# name 3 = sal00: Salinity, Practical [PSU]
# name 4 = scan: Scan Count
# name 5 = timeM: Time, Elapsed [minutes]
# name 6 = sbeox0V: Oxygen raw, SBE 43 [V]
# name 7 = flag:  0.000e+00
# span 0 =     -0.106,     91.334                 
# span 1 =     8.7568,    10.5518                 
# span 2 =   0.238689,   3.607761                 
# span 3 =     1.7385,    33.4408                 
# span 4 =         11,       2096                 
# span 5 =     0.0417,     8.7292                 
# span 6 =     1.9893,     2.6894                 
# span 7 = 0.0000e+00, 0.0000e+00                 
# interval = seconds: 0.25
# start_time = Nov 10 2023 02:12:43 [System UTC, header]
# bad_flag = -9.990e-29
*END*
[from data line 360]
     74.436     9.7881   3.580113    32.8265        371     1.5417     2.1470  0.000e+00
     74.582     9.7560   3.579205    32.8465        372     1.5458     2.1501  0.000e+00
     74.729     9.7182   3.578998    32.8788        373     1.5500     2.1530  0.000e+00
     74.884     9.6850   3.579163    32.9108        374     1.5542     2.1547  0.000e+00
     75.042     9.6680   3.579231    32.9270        375     1.5583     2.1580  0.000e+00
     75.204     9.6649   3.579621    32.9337        376     1.5625     2.1593  0.000e+00
     75.364     9.6641   3.579444    32.9326        377     1.5667     2.1606  0.000e+00
     75.528     9.6623   3.579530    32.9350        378     1.5708     2.1612  0.000e+00
     75.693     9.6546   3.579792    32.9447        379     1.5750     2.1606  0.000e+00
     75.857     9.6456   3.580097    32.9560        380     1.5792     2.1615  0.000e+00
     76.018     9.6429   3.580140    32.9588        381     1.5833     2.1612  0.000e+00
     76.171     9.6474   3.579682    32.9499        382     1.5875     2.1605  0.000e+00
     76.319     9.6546   3.579774    32.9442        383     1.5917     2.1596  0.000e+00
     76.462     9.6609   3.580249    32.9432        384     1.5958     2.1593  0.000e+00
     76.604     9.6665   3.580878    32.9445        385     1.6000     2.1571  0.000e+00
     76.743     9.6622   3.581134    32.9510        386     1.6042     2.1575  0.000e+00
     76.874     9.6326   3.581482    32.9816        387     1.6083     2.1566  0.000e+00
     77.007     9.6001   3.581415    33.0108        388     1.6125     2.1565  0.000e+00
     77.140     9.5898   3.580683    33.0126        389     1.6167     2.1560  0.000e+00
     77.275     9.5950   3.580251    33.0033        390     1.6208     2.1549  0.000e+00
     77.410     9.6103   3.580531    32.9921        391     1.6250     2.1540  0.000e+00
     77.552     9.6352   3.580659    32.9705        392     1.6292     2.1531  0.000e+00
     77.692     9.6586   3.581024    32.9527        393     1.6333     2.1525  0.000e+00
     77.838     9.6573   3.581268    32.9564        394     1.6375     2.1522  0.000e+00
     77.985     9.6406   3.580939    32.9682        395     1.6417     2.1513  0.000e+00
     78.136     9.6329   3.580592    32.9717        396     1.6458     2.1513  0.000e+00
     78.291     9.6379   3.579580    32.9567        397     1.6500     2.1499  0.000e+00
     78.443     9.6404   3.579275    32.9512        398     1.6542     2.1477  0.000e+00
     78.598     9.6332   3.579360    32.9586        399     1.6583     2.1453  0.000e+00
     78.751     9.6273   3.579860    32.9690        400     1.6625     2.1423  0.000e+00
     78.905     9.6270   3.580659    32.9774        401     1.6667     2.1379  0.000e+00
     79.056     9.6314   3.580921    32.9760        402     1.6708     2.1354  0.000e+00
     79.206     9.6373   3.581141    32.9728        403     1.6750     2.1306  0.000e+00
     79.355     9.6421   3.581873    32.9758        404     1.6792     2.1280  0.000e+00
     79.506     9.6477   3.582348    32.9755        405     1.6833     2.1258  0.000e+00
     79.653     9.6444   3.582544    32.9804        406     1.6875     2.1231  0.000e+00
     79.801     9.6164   3.582739    33.0081        407     1.6917     2.1225  0.000e+00
     79.950     9.5859   3.582740    33.0361        408     1.6958     2.1219  0.000e+00
     80.097     9.5729   3.582154    33.0420        409     1.7000     2.1222  0.000e+00
     80.237     9.5769   3.581355    33.0300        410     1.7042     2.1219  0.000e+00
     80.390     9.5898   3.581160    33.0160        411     1.7083     2.1221  0.000e+00
     80.530     9.6102   3.581026    32.9959        412     1.7125     2.1222  0.000e+00
     80.683     9.6271   3.581026    32.9803        413     1.7167     2.1223  0.000e+00
     80.836     9.6270   3.581117    32.9813        414     1.7208     2.1233  0.000e+00
     80.980     9.6104   3.581398    32.9993        415     1.7250     2.1248  0.000e+00
     81.134     9.5982   3.581984    33.0165        416     1.7292     2.1258  0.000e+00
     81.282     9.5953   3.582374    33.0231        417     1.7333     2.1254  0.000e+00
     81.436     9.5999   3.582374    33.0187        418     1.7375     2.1251  0.000e+00
     81.584     9.6095   3.582459    33.0108        419     1.7417     2.1235  0.000e+00
     81.733     9.6178   3.582911    33.0077        420     1.7458     2.1222  0.000e+00
     81.879     9.6216   3.583368    33.0088        421     1.7500     2.1212  0.000e+00
     82.015     9.6242   3.583691    33.0096        422     1.7542     2.1187  0.000e+00
     82.168     9.6275   3.583850    33.0082        423     1.7583     2.1170  0.000e+00
     82.312     9.6309   3.583740    33.0039        424     1.7625     2.1134  0.000e+00
     82.457     9.6325   3.583649    33.0014        425     1.7667     2.1111  0.000e+00
     82.610     9.6334   3.583649    33.0005        426     1.7708     2.1065  0.000e+00
     82.759     9.6347   3.583783    33.0007        427     1.7750     2.1051  0.000e+00
     82.914     9.6356   3.583588    32.9977        428     1.7792     2.0993  0.000e+00
     83.061     9.6368   3.583521    32.9959        429     1.7833     2.0947  0.000e+00
     83.214     9.6380   3.583649    32.9960        430     1.7875     2.0912  0.000e+00
     83.365     9.6390   3.583716    32.9957        431     1.7917     2.0874  0.000e+00
     83.518     9.6400   3.583911    32.9968        432     1.7958     2.0848  0.000e+00
     83.674     9.6417   3.584107    32.9971        433     1.8000     2.0820  0.000e+00
     83.827     9.6430   3.584351    32.9983        434     1.8042     2.0791  0.000e+00
     83.976     9.6439   3.584497    32.9990        435     1.8083     2.0766  0.000e+00
     84.131     9.6448   3.584650    32.9996        436     1.8125     2.0737  0.000e+00
     84.284     9.6453   3.584759    33.0002        437     1.8167     2.0704  0.000e+00
     84.429     9.6454   3.584802    33.0005        438     1.8208     2.0664  0.000e+00
     84.571     9.6454   3.584845    33.0009        439     1.8250     2.0622  0.000e+00
     84.715     9.6432   3.584888    33.0032        440     1.8292     2.0579  0.000e+00
     84.856     9.6308   3.584711    33.0127        441     1.8333     2.0522  0.000e+00
     84.996     9.6022   3.584760    33.0395        442     1.8375     2.0470  0.000e+00
     85.134     9.5530   3.584779    33.0849        443     1.8417     2.0412  0.000e+00
     85.269     9.4839   3.584713    33.1480        444     1.8458     2.0359  0.000e+00
     85.409     9.4126   3.584519    33.2120        445     1.8500     2.0297  0.000e+00
     85.553     9.3739   3.584086    33.2433        446     1.8542     2.0221  0.000e+00
     85.700     9.3658   3.583915    33.2491        447     1.8583     2.0161  0.000e+00
     85.844     9.3565   3.583610    33.2545        448     1.8625     2.0105  0.000e+00
     85.992     9.3833   3.583592    33.2293        449     1.8667     2.0042  0.000e+00
     86.141     9.4509   3.583457    33.1652        450     1.8708     1.9999  0.000e+00
     86.292     9.5152   3.582700    33.0979        451     1.8750     1.9949  0.000e+00
     86.448     9.5613   3.581901    33.0472        452     1.8792     1.9958  0.000e+00
     86.605     9.5952   3.581418    33.0110        453     1.8833     1.9948  0.000e+00
     86.757     9.6144   3.581400    32.9931        454     1.8875     1.9941  0.000e+00
     86.910     9.6181   3.581577    32.9914        455     1.8917     1.9948  0.000e+00
     87.059     9.6166   3.581876    32.9958        456     1.8958     1.9928  0.000e+00
     87.207     9.6166   3.582138    32.9984        457     1.9000     1.9899  0.000e+00
     87.354     9.6200   3.581809    32.9918        458     1.9042     1.9901  0.000e+00
     87.502     9.6250   3.581943    32.9886        459     1.9083     1.9899  0.000e+00
     87.649     9.6295   3.582437    32.9894        460     1.9125     1.9893  0.000e+00
     87.793     9.6325   3.582632    32.9886        461     1.9167     1.9903  0.000e+00
     87.937     9.6295   3.582614    32.9911        462     1.9208     1.9906  0.000e+00
     88.084     9.6117   3.582480    33.0060        463     1.9250     1.9922  0.000e+00
     88.226     9.5949   3.581919    33.0157        464     1.9292     1.9935  0.000e+00
     88.375     9.5889   3.581755    33.0194        465     1.9333     1.9969  0.000e+00
     88.521     9.5902   3.581468    33.0152        466     1.9375     2.0000  0.000e+00
     88.668     9.5954   3.581096    33.0065        467     1.9417     2.0022  0.000e+00
     88.821     9.6009   3.581029    33.0007        468     1.9458     2.0070  0.000e+00
     88.972     9.6068   3.580943    32.9944        469     1.9500     2.0127  0.000e+00
     89.129     9.6082   3.580925    32.9928        470     1.9542     2.0184  0.000e+00
     89.285     9.6053   3.581029    32.9965        471     1.9583     2.0241  0.000e+00
     89.434     9.6006   3.581182    33.0023        472     1.9625     2.0290  0.000e+00
     89.587     9.5963   3.581316    33.0076        473     1.9667     2.0329  0.000e+00
     89.740     9.5936   3.581420    33.0110        474     1.9708     2.0359  0.000e+00
     89.894     9.5921   3.581395    33.0121        475     1.9750     2.0387  0.000e+00
     90.047     9.5915   3.581377    33.0124        476     1.9792     2.0408  0.000e+00
     90.189     9.5915   3.581182    33.0104        477     1.9833     2.0418  0.000e+00
     90.340     9.5913   3.580401    33.0024        478     1.9875     2.0438  0.000e+00
     90.491     9.5906   3.579584    32.9946        479     1.9917     2.0442  0.000e+00
     90.644     9.5889   3.579085    32.9910        480     1.9958     2.0454  0.000e+00
     90.799     9.5863   3.578585    32.9882        481     2.0000     2.0457  0.000e+00
     90.952     9.5825   3.578304    32.9887        482     2.0042     2.0469  0.000e+00
     91.115     9.5702   3.577914    32.9960        483     2.0083     2.0480  0.000e+00
     91.259     9.5565   3.579463    33.0244        484     2.0125     2.0482  0.000e+00
     91.313     9.5533   3.579823    33.0310        485     2.0167     2.0500  0.000e+00
     91.333     9.5098   3.565635    32.9254        486     2.0208     2.0500  0.000e+00
     91.334     9.3642   3.555871    32.9589        487     2.0250     2.0519  0.000e+00
     91.304     9.1920   3.554730    33.1062        488     2.0292     2.0561  0.000e+00
     91.277     9.0596   3.556452    33.2473        489     2.0333     2.0645  0.000e+00
     91.280     8.9785   3.558174    33.3411        490     2.0375     2.0784  0.000e+00
     91.286     8.9278   3.555834    33.3643        491     2.0417     2.0911  0.000e+00
     91.237     8.8859   3.550679    33.3499        492     2.0458     2.0984  0.000e+00
     91.153     8.8499   3.549093    33.3672        493     2.0500     2.1087  0.000e+00
     91.034     8.8198   3.548432    33.3887        494     2.0542     2.1123  0.000e+00
     90.896     8.7967   3.548499    33.4112        495     2.0583     2.1138  0.000e+00
     90.768     8.7807   3.548365    33.4249        496     2.0625     2.1147  0.000e+00
     90.633     8.7715   3.548225    33.4322        497     2.0667     2.1181  0.000e+00
     90.500     8.7661   3.548049    33.4355        498     2.0708     2.1212  0.000e+00
     90.365     8.7622   3.547916    33.4379        499     2.0750     2.1236  0.000e+00
     90.225     8.7600   3.547812    33.4389        500     2.0792     2.1238  0.000e+00
     90.083     8.7580   3.547703    33.4397        501     2.0833     2.1216  0.000e+00
     89.950     8.7568   3.547685    33.4407        502     2.0875     2.1197  0.000e+00
     89.808     8.7572   3.547727    33.4408        503     2.0917     2.1151  0.000e+00
     89.672     8.7585   3.547745    33.4399        504     2.0958     2.1111  0.000e+00
     89.546     8.7595   3.547642    33.4379        505     2.1000     2.1071  0.000e+00
     89.423     8.7613   3.547830    33.4382        506     2.1042     2.1021  0.000e+00
     89.317     8.7643   3.547897    33.4362        507     2.1083     2.0982  0.000e+00
     89.211     8.7670   3.548000    33.4347        508     2.1125     2.0936  0.000e+00
     89.118     8.7696   3.548134    33.4337        509     2.1167     2.0898  0.000e+00
     89.042     8.7713   3.548152    33.4323        510     2.1208     2.0839  0.000e+00
     88.970     8.7723   3.548152    33.4314        511     2.1250     2.0810  0.000e+00
     88.906     8.7727   3.548091    33.4305        512     2.1292     2.0761  0.000e+00
     88.845     8.7734   3.548024    33.4291        513     2.1333     2.0726  0.000e+00
     88.783     8.7739   3.547939    33.4278        514     2.1375     2.0682  0.000e+00
     88.719     8.7744   3.547830    33.4262        515     2.1417     2.0664  0.000e+00
     88.650     8.7747   3.547726    33.4249        516     2.1458     2.0624  0.000e+00
     88.584     8.7750   3.547641    33.4237        517     2.1500     2.0577  0.000e+00
     88.508     8.7752   3.547575    33.4228        518     2.1542     2.0529  0.000e+00
     88.436     8.7755   3.547550    33.4224        519     2.1583     2.0503  0.000e+00
     88.361     8.7755   3.547550    33.4224        520     2.1625     2.0481  0.000e+00
     88.294     8.7754   3.547508    33.4221        521     2.1667     2.0442  0.000e+00
     88.224     8.7752   3.547447    33.4217        522     2.1708     2.0416  0.000e+00
     88.158     8.7752   3.547380    33.4210        523     2.1750     2.0390  0.000e+00
     88.080     8.7755   3.547283    33.4197        524     2.1792     2.0371  0.000e+00
     88.009     8.7757   3.547192    33.4186        525     2.1833     2.0361  0.000e+00
     87.935     8.7755   3.547167    33.4186        526     2.1875     2.0340  0.000e+00
     87.856     8.7756   3.547100    33.4178        527     2.1917     2.0330  0.000e+00
     87.777     8.7762   3.547058    33.4169        528     2.1958     2.0319  0.000e+00
     87.698     8.7765   3.547009    33.4161        529     2.2000     2.0320  0.000e+00
     87.615     8.7774   3.546912    33.4142        530     2.2042     2.0316  0.000e+00
     87.532     8.7780   3.546845    33.4130        531     2.2083     2.0302  0.000e+00
     87.451     8.7788   3.546803    33.4118        532     2.2125     2.0316  0.000e+00
     87.367     8.7800   3.546742    33.4102        533     2.2167     2.0320  0.000e+00
     87.275     8.7809   3.546651    33.4084        534     2.2208     2.0333  0.000e+00
     87.191     8.7820   3.546608    33.4069        535     2.2250     2.0352  0.000e+00
     87.108     8.7835   3.546566    33.4051        536     2.2292     2.0365  0.000e+00
     87.018     8.7843   3.546523    33.4039        537     2.2333     2.0385  0.000e+00
     86.939     8.7850   3.546523    33.4034        538     2.2375     2.0394  0.000e+00
     86.858     8.7860   3.546462    33.4018        539     2.2417     2.0390  0.000e+00
     86.775     8.7865   3.546426    33.4010        540     2.2458     2.0385  0.000e+00
     86.698     8.7869   3.546420    33.4006        541     2.2500     2.0392  0.000e+00
     86.617     8.7879   3.546438    33.3998        542     2.2542     2.0371  0.000e+00
     86.549     8.7887   3.546438    33.3992        543     2.2583     2.0369  0.000e+00
     86.472     8.7894   3.546419    33.3983        544     2.2625     2.0374  0.000e+00
     86.403     8.7902   3.546383    33.3972        545     2.2667     2.0365  0.000e+00
     86.335     8.7907   3.546353    33.3965        546     2.2708     2.0355  0.000e+00
     86.263     8.7916   3.546334    33.3955        547     2.2750     2.0353  0.000e+00
     86.200     8.7934   3.546395    33.3945        548     2.2792     2.0361  0.000e+00
     86.135     8.7949   3.546352    33.3926        549     2.2833     2.0358  0.000e+00
