PC2305/sbe133.cnv
* Sea-Bird SBE 19plus V2 Data File:
* FileName = C:\cruise\data\sbe133.hex
* Software Version Seasave V 7.26.7.121
* Temperature SN = 7142
* Conductivity SN = 7142
* System UpLoad Time = Nov 09 2023 13:09:21
** Cruise: PC2205
** Program: ECOMON
# nquan = 8
# nvalues = 2344                                  
# units = specified
# name 0 = depSM: Depth [salt water, m], lat = 40.00
# name 1 = tv290C: Temperature [ITS-90, deg C]
# name 2 = c0S/m: Conductivity [S/m]
# name 3 = sal00: Salinity, Practical [PSU]
# name 4 = scan: Scan Count
# name 5 = timeM: Time, Elapsed [minutes]
# name 6 = sbeox0V: Oxygen raw, SBE 43 [V]
# name 7 = flag:  0.000e+00
# span 0 =     -0.067,    101.121                 
# span 1 =     2.5995,    11.8015                 
# span 2 =   0.000141,   3.670903                 
# span 3 =     0.0008,    34.2722                 
# span 4 =         11,       2354                 
# span 5 =     0.0417,     9.8042                 
# span 6 =     1.8642,     2.9091                 
# span 7 = 0.0000e+00, 0.0000e+00                 
# interval = seconds: 0.25
# start_time = Nov 09 2023 13:09:21 [System UTC, header]
# bad_flag = -9.990e-29
*END*
[from data line 1079]
     71.853     9.7659   3.539129    32.4302       1090     4.5375     2.0660  0.000e+00
     71.770     9.7643   3.540094    32.4415       1091     4.5417     2.0661  0.000e+00
     71.677     9.7702   3.541672    32.4523       1092     4.5458     2.0656  0.000e+00
     71.592     9.7829   3.542680    32.4512       1093     4.5500     2.0649  0.000e+00
     71.499     9.7976   3.543463    32.4460       1094     4.5542     2.0645  0.000e+00
     71.411     9.8108   3.544283    32.4425       1095     4.5583     2.0655  0.000e+00
     71.319     9.8227   3.544665    32.4357       1096     4.5625     2.0658  0.000e+00
     71.227     9.8315   3.545200    32.4333       1097     4.5667     2.0665  0.000e+00
     71.132     9.8391   3.546226    32.4369       1098     4.5708     2.0678  0.000e+00
     71.037     9.8478   3.547532    32.4423       1099     4.5750     2.0671  0.000e+00
     70.938     9.8592   3.548820    32.4452       1100     4.5792     2.0672  0.000e+00
     70.837     9.8719   3.549591    32.4417       1101     4.5833     2.0656  0.000e+00
     70.751     9.8827   3.549956    32.4357       1102     4.5875     2.0642  0.000e+00
     70.647     9.8907   3.550126    32.4303       1103     4.5917     2.0633  0.000e+00
     70.555     9.8957   3.550296    32.4276       1104     4.5958     2.0625  0.000e+00
     70.463     9.8992   3.550369    32.4252       1105     4.6000     2.0623  0.000e+00
     70.377     9.9011   3.550472    32.4246       1106     4.6042     2.0622  0.000e+00
     70.278     9.9028   3.550557    32.4240       1107     4.6083     2.0633  0.000e+00
     70.179     9.9038   3.550684    32.4244       1108     4.6125     2.0646  0.000e+00
     70.086     9.9048   3.550703    32.4237       1109     4.6167     2.0685  0.000e+00
     69.992     9.9053   3.550727    32.4236       1110     4.6208     2.0696  0.000e+00
     69.890     9.9058   3.550794    32.4239       1111     4.6250     2.0702  0.000e+00
     69.784     9.9059   3.550836    32.4242       1112     4.6292     2.0739  0.000e+00
     69.688     9.9064   3.550897    32.4244       1113     4.6333     2.0754  0.000e+00
     69.580     9.9077   3.553213    32.4469       1114     4.6375     2.0765  0.000e+00
     69.473     9.9172   3.555620    32.4628       1115     4.6417     2.0784  0.000e+00
     69.370     9.9336   3.558411    32.4764       1116     4.6458     2.0798  0.000e+00
     69.271     9.9556   3.561441    32.4874       1117     4.6500     2.0805  0.000e+00
     69.163     9.9806   3.563016    32.4809       1118     4.6542     2.0813  0.000e+00
     69.068    10.0023   3.562967    32.4609       1119     4.6583     2.0836  0.000e+00
     68.971    10.0159   3.562499    32.4441       1120     4.6625     2.0856  0.000e+00
     68.872    10.0218   3.561829    32.4320       1121     4.6667     2.0871  0.000e+00
     68.775    10.0219   3.560454    32.4181       1122     4.6708     2.0872  0.000e+00
     68.692    10.0163   3.559018    32.4086       1123     4.6750     2.0887  0.000e+00
     68.599    10.0075   3.557571    32.4019       1124     4.6792     2.0926  0.000e+00
     68.518     9.9962   3.556130    32.3974       1125     4.6833     2.0947  0.000e+00
     68.434     9.9844   3.555382    32.4005       1126     4.6875     2.0961  0.000e+00
     68.345     9.9741   3.554585    32.4017       1127     4.6917     2.0975  0.000e+00
     68.259     9.9658   3.554051    32.4038       1128     4.6958     2.0977  0.000e+00
     68.167     9.9592   3.553899    32.4081       1129     4.7000     2.0998  0.000e+00
     68.087     9.9558   3.553984    32.4121       1130     4.7042     2.0997  0.000e+00
     68.000     9.9550   3.554415    32.4172       1131     4.7083     2.1000  0.000e+00
     67.905     9.9577   3.555875    32.4297       1132     4.7125     2.0991  0.000e+00
     67.822     9.9671   3.559207    32.4550       1133     4.7167     2.0996  0.000e+00
     67.732     9.9867   3.562779    32.4736       1134     4.7208     2.0990  0.000e+00
     67.639    10.0146   3.565858    32.4798       1135     4.7250     2.0994  0.000e+00
     67.545    10.0440   3.564823    32.4430       1136     4.7292     2.0981  0.000e+00
     67.454    10.0600   3.563033    32.4105       1137     4.7333     2.0983  0.000e+00
     67.369    10.0632   3.562364    32.4010       1138     4.7375     2.0970  0.000e+00
     67.278    10.0610   3.561676    32.3960       1139     4.7417     2.0993  0.000e+00
     67.191    10.0567   3.561141    32.3945       1140     4.7458     2.0984  0.000e+00
     67.098    10.0522   3.561074    32.3980       1141     4.7500     2.0994  0.000e+00
     66.999    10.0490   3.561098    32.4011       1142     4.7542     2.1020  0.000e+00
     66.909    10.0473   3.561439    32.4061       1143     4.7583     2.1004  0.000e+00
     66.815    10.0476   3.561098    32.4024       1144     4.7625     2.1027  0.000e+00
     66.722    10.0469   3.560751    32.3996       1145     4.7667     2.1025  0.000e+00
     66.623    10.0461   3.561183    32.4047       1146     4.7708     2.1024  0.000e+00
     66.526    10.0473   3.561573    32.4076       1147     4.7750     2.1040  0.000e+00
     66.433    10.0505   3.562430    32.4134       1148     4.7792     2.1061  0.000e+00
     66.341    10.0568   3.565820    32.4421       1149     4.7833     2.1045  0.000e+00
     66.242    10.0749   3.570125    32.4695       1150     4.7875     2.1065  0.000e+00
     66.156    10.1040   3.573426    32.4767       1151     4.7917     2.1062  0.000e+00
     66.064    10.1376   3.578332    32.4961       1152     4.7958     2.1070  0.000e+00
     65.978    10.1789   3.582685    32.5031       1153     4.8000     2.1081  0.000e+00
     65.893    10.2221   3.586198    32.4998       1154     4.8042     2.1069  0.000e+00
     65.809    10.2631   3.589255    32.4940       1155     4.8083     2.1086  0.000e+00
     65.728    10.2999   3.590817    32.4768       1156     4.8125     2.1093  0.000e+00
     65.640    10.3282   3.591513    32.4585       1157     4.8167     2.1104  0.000e+00
     65.559    10.3472   3.592081    32.4473       1158     4.8208     2.1124  0.000e+00
     65.473    10.3594   3.593082    32.4465       1159     4.8250     2.1152  0.000e+00
     65.395    10.3696   3.594205    32.4487       1160     4.8292     2.1171  0.000e+00
     65.302    10.3804   3.595604    32.4531       1161     4.8333     2.1197  0.000e+00
     65.219    10.3922   3.596953    32.4562       1162     4.8375     2.1229  0.000e+00
     65.124    10.4046   3.598236    32.4580       1163     4.8417     2.1255  0.000e+00
     65.028    10.4164   3.598932    32.4546       1164     4.8458     2.1292  0.000e+00
     64.935    10.4271   3.599739    32.4531       1165     4.8500     2.1332  0.000e+00
     64.845    10.4374   3.601065    32.4572       1166     4.8542     2.1382  0.000e+00
     64.753    10.4486   3.602177    32.4584       1167     4.8583     2.1427  0.000e+00
     64.665    10.4591   3.602788    32.4552       1168     4.8625     2.1461  0.000e+00
     64.570    10.4688   3.603424    32.4530       1169     4.8667     2.1503  0.000e+00
     64.484    10.4769   3.603638    32.4479       1170     4.8708     2.1542  0.000e+00
     64.397    10.4832   3.603729    32.4433       1171     4.8750     2.1578  0.000e+00
     64.309    10.4873   3.604010    32.4425       1172     4.8792     2.1609  0.000e+00
     64.225    10.4910   3.603882    32.4380       1173     4.8833     2.1645  0.000e+00
     64.142    10.4924   3.603008    32.4280       1174     4.8875     2.1658  0.000e+00
     64.063    10.4910   3.602378    32.4230       1175     4.8917     2.1681  0.000e+00
     63.984    10.4881   3.601810    32.4199       1176     4.8958     2.1707  0.000e+00
     63.910    10.4853   3.601113    32.4155       1177     4.9000     2.1754  0.000e+00
     63.829    10.4820   3.600917    32.4165       1178     4.9042     2.1792  0.000e+00
     63.748    10.4795   3.600746    32.4171       1179     4.9083     2.1830  0.000e+00
     63.675    10.4774   3.600172    32.4132       1180     4.9125     2.1858  0.000e+00
     63.603    10.4749   3.599738    32.4111       1181     4.9167     2.1890  0.000e+00
     63.511    10.4710   3.598015    32.3973       1182     4.9208     2.1901  0.000e+00
     63.428    10.4648   3.594423    32.3670       1183     4.9250     2.1904  0.000e+00
     63.335    10.4525   3.590644    32.3401       1184     4.9292     2.1900  0.000e+00
     63.256    10.4370   3.590491    32.3523       1185     4.9333     2.1902  0.000e+00
     63.155    10.4285   3.592054    32.3757       1186     4.9375     2.1897  0.000e+00
     63.058    10.4311   3.593013    32.3830       1187     4.9417     2.1908  0.000e+00
     62.959    10.4380   3.593428    32.3810       1188     4.9458     2.1897  0.000e+00
     62.866    10.4453   3.594185    32.3822       1189     4.9500     2.1901  0.000e+00
     62.772    10.4529   3.595602    32.3897       1190     4.9542     2.1898  0.000e+00
     62.679    10.4632   3.597037    32.3948       1191     4.9583     2.1888  0.000e+00
     62.580    10.4759   3.598515    32.3984       1192     4.9625     2.1875  0.000e+00
     62.486    10.4895   3.598998    32.3912       1193     4.9667     2.1848  0.000e+00
     62.402    10.5004   3.599609    32.3877       1194     4.9708     2.1829  0.000e+00
     62.317    10.5092   3.600238    32.3861       1195     4.9750     2.1810  0.000e+00
     62.235    10.5172   3.601283    32.3895       1196     4.9792     2.1800  0.000e+00
     62.150    10.5263   3.602242    32.3911       1197     4.9833     2.1802  0.000e+00
     62.071    10.5358   3.603031    32.3905       1198     4.9875     2.1791  0.000e+00
     61.994    10.5450   3.603856    32.3907       1199     4.9917     2.1793  0.000e+00
     61.911    10.5539   3.604858    32.3928       1200     4.9958     2.1779  0.000e+00
     61.820    10.5635   3.606411    32.3998       1201     5.0000     2.1768  0.000e+00
     61.740    10.5751   3.608160    32.4070       1202     5.0042     2.1774  0.000e+00
     61.665    10.5898   3.609861    32.4109       1203     5.0083     2.1767  0.000e+00
     61.579    10.6056   3.611372    32.4120       1204     5.0125     2.1777  0.000e+00
     61.492    10.6206   3.612467    32.4097       1205     5.0167     2.1803  0.000e+00
     61.406    10.6336   3.612987    32.4034       1206     5.0208     2.1831  0.000e+00
     61.327    10.6439   3.613299    32.3974       1207     5.0250     2.1846  0.000e+00
     61.244    10.6520   3.613341    32.3906       1208     5.0292     2.1884  0.000e+00
     61.169    10.6584   3.613604    32.3877       1209     5.0333     2.1916  0.000e+00
     61.084    10.6634   3.613867    32.3859       1210     5.0375     2.1934  0.000e+00
     60.998    10.6672   3.614345    32.3873       1211     5.0417     2.1962  0.000e+00
     60.910    10.6716   3.615263    32.3926       1212     5.0458     2.1988  0.000e+00
     60.834    10.6775   3.616340    32.3981       1213     5.0500     2.2009  0.000e+00
     60.744    10.6854   3.617215    32.3999       1214     5.0542     2.2008  0.000e+00
     60.656    10.6941   3.618073    32.4007       1215     5.0583     2.2027  0.000e+00
     60.572    10.7034   3.619340    32.4051       1216     5.0625     2.2049  0.000e+00
     60.480    10.7133   3.619824    32.4013       1217     5.0667     2.2055  0.000e+00
     60.390    10.7222   3.620963    32.4047       1218     5.0708     2.2075  0.000e+00
     60.304    10.7314   3.622016    32.4071       1219     5.0750     2.2104  0.000e+00
     60.212    10.7405   3.622390    32.4028       1220     5.0792     2.2112  0.000e+00
     60.124    10.7474   3.622567    32.3984       1221     5.0833     2.2132  0.000e+00
     60.038    10.7520   3.622040    32.3891       1222     5.0875     2.2139  0.000e+00
     59.946    10.7526   3.620638    32.3748       1223     5.0917     2.2158  0.000e+00
     59.862    10.7478   3.618966    32.3624       1224     5.0958     2.2189  0.000e+00
     59.779    10.7390   3.617037    32.3510       1225     5.1000     2.2188  0.000e+00
     59.695    10.7266   3.614478    32.3366       1226     5.1042     2.2230  0.000e+00
     59.610    10.7105   3.612661    32.3328       1227     5.1083     2.2242  0.000e+00
     59.522    10.6940   3.611284    32.3338       1228     5.1125     2.2258  0.000e+00
     59.439    10.6789   3.610734    32.3417       1229     5.1167     2.2268  0.000e+00
     59.353    10.6675   3.607192    32.3165       1230     5.1208     2.2288  0.000e+00
     59.270    10.6483   3.602112    32.2829       1231     5.1250     2.2292  0.000e+00
     59.191    10.6212   3.600761    32.2934       1232     5.1292     2.2300  0.000e+00
     59.112    10.5995   3.600364    32.3087       1233     5.1333     2.2299  0.000e+00
     59.024    10.5855   3.600517    32.3227       1234     5.1375     2.2299  0.000e+00
     58.952    10.5777   3.598452    32.3090       1235     5.1417     2.2290  0.000e+00
     58.873    10.5681   3.597707    32.3101       1236     5.1458     2.2281  0.000e+00
     58.799    10.5579   3.594530    32.2875       1237     5.1500     2.2261  0.000e+00
     58.724    10.5427   3.591856    32.2742       1238     5.1542     2.2252  0.000e+00
     58.659    10.5252   3.591185    32.2830       1239     5.1583     2.2233  0.000e+00
     58.593    10.5132   3.591795    32.2998       1240     5.1625     2.2187  0.000e+00
     58.515    10.5084   3.591966    32.3058       1241     5.1667     2.2152  0.000e+00
     58.450    10.5083   3.592510    32.3113       1242     5.1708     2.2112  0.000e+00
     58.386    10.5112   3.593181    32.3155       1243     5.1750     2.2087  0.000e+00
     58.316    10.5166   3.593596    32.3149       1244     5.1792     2.2044  0.000e+00
     58.240    10.5220   3.593358    32.3078       1245     5.1833     2.2010  0.000e+00
     58.168    10.5263   3.593334    32.3037       1246     5.1875     2.1990  0.000e+00
     58.093    10.5306   3.593163    32.2983       1247     5.1917     2.1953  0.000e+00
     58.021    10.5329   3.593181    32.2964       1248     5.1958     2.1926  0.000e+00
     57.947    10.5349   3.593358    32.2965       1249     5.2000     2.1896  0.000e+00
     57.866    10.5370   3.594072    32.3017       1250     5.2042     2.1877  0.000e+00
     57.785    10.5415   3.594793    32.3050       1251     5.2083     2.1861  0.000e+00
     57.708    10.5484   3.595575    32.3067       1252     5.2125     2.1848  0.000e+00
     57.627    10.5581   3.595813    32.3005       1253     5.2167     2.1839  0.000e+00
     57.541    10.5659   3.595880    32.2944       1254     5.2208     2.1825  0.000e+00
     57.471    10.5716   3.594615    32.2767       1255     5.2250     2.1829  0.000e+00
     57.395    10.5735   3.591941    32.2484       1256     5.2292     2.1824  0.000e+00
     57.305    10.5694   3.590225    32.2349       1257     5.2333     2.1825  0.000e+00
     57.226    10.5627   3.589877    32.2374       1258     5.2375     2.1826  0.000e+00
     57.149    10.5582   3.589877    32.2414       1259     5.2417     2.1831  0.000e+00
     57.057    10.5559   3.589877    32.2435       1260     5.2458     2.1829  0.000e+00
     56.980    10.5553   3.589859    32.2439       1261     5.2500     2.1846  0.000e+00
     56.890    10.5550   3.589859    32.2442       1262     5.2542     2.1826  0.000e+00
     56.800    10.5552   3.589932    32.2448       1263     5.2583     2.1834  0.000e+00
     56.710    10.5556   3.589987    32.2450       1264     5.2625     2.1828  0.000e+00
     56.624    10.5565   3.590054    32.2450       1265     5.2667     2.1833  0.000e+00
     56.538    10.5574   3.590030    32.2439       1266     5.2708     2.1831  0.000e+00
     56.451    10.5577   3.590054    32.2440       1267     5.2750     2.1819  0.000e+00
     56.376    10.5581   3.590097    32.2441       1268     5.2792     2.1805  0.000e+00
