PC2305/sbe168.cnv
* Sea-Bird SBE 19plus V2 Data File:
* FileName = C:\cruise\data\sbe168.hex
* Software Version Seasave V 7.26.7.121
* Temperature SN = 7142
* Conductivity SN = 7142
* System UpLoad Time = Nov 13 2023 10:23:13
** Cruise: PC2205
** Program: ECOMON
# nquan = 8
# nvalues = 1461                                  
# units = specified
# name 0 = depSM: Depth [salt water, m], lat = 40.00
# name 1 = tv290C: Temperature [ITS-90, deg C]
# name 2 = c0S/m: Conductivity [S/m]
# name 3 = sal00: Salinity, Practical [PSU]
# name 4 = scan: Scan Count
# name 5 = timeM: Time, Elapsed [minutes]
# name 6 = sbeox0V: Oxygen raw, SBE 43 [V]
# name 7 = flag:  0.000e+00
# span 0 =      0.060,     25.926                 
# span 1 =     5.6001,    12.3608                 
# span 2 =   0.000981,   3.680161                 
# span 3 =     0.0081,    35.3137                 
# span 4 =         11,       1471                 
# span 5 =     0.0417,     6.1250                 
# span 6 =     2.2096,     3.0169                 
# span 7 = 0.0000e+00, 0.0000e+00                 
# interval = seconds: 0.25
# start_time = Nov 13 2023 10:23:13 [System UTC, header]
# bad_flag = -9.990e-29
*END*
[from data line 360]
     18.046    12.1510   3.655862    31.5282        371     1.5417     2.3109  0.000e+00
     18.125    12.1345   3.655800    31.5415        372     1.5458     2.3045  0.000e+00
     18.208    12.1233   3.655751    31.5504        373     1.5500     2.2968  0.000e+00
     18.290    12.1168   3.655665    31.5551        374     1.5542     2.2907  0.000e+00
     18.373    12.1132   3.655598    31.5574        375     1.5583     2.2827  0.000e+00
     18.465    12.1110   3.655555    31.5588        376     1.5625     2.2756  0.000e+00
     18.549    12.1088   3.655469    31.5598        377     1.5667     2.2688  0.000e+00
     18.634    12.1065   3.655389    31.5610        378     1.5708     2.2623  0.000e+00
     18.711    12.1041   3.655420    31.5633        379     1.5750     2.2554  0.000e+00
     18.788    12.1032   3.655641    31.5661        380     1.5792     2.2494  0.000e+00
     18.863    12.1032   3.656287    31.5722        381     1.5833     2.2436  0.000e+00
     18.923    12.1038   3.657197    31.5805        382     1.5875     2.2385  0.000e+00
     18.980    12.1085   3.657596    31.5803        383     1.5917     2.2341  0.000e+00
     19.029    12.1227   3.658217    31.5743        384     1.5958     2.2295  0.000e+00
     19.074    12.1440   3.658685    31.5607        385     1.6000     2.2280  0.000e+00
     19.117    12.1703   3.659195    31.5435        386     1.6042     2.2276  0.000e+00
     19.158    12.1881   3.659262    31.5291        387     1.6083     2.2266  0.000e+00
     19.203    12.1902   3.658660    31.5215        388     1.6125     2.2274  0.000e+00
     19.246    12.1965   3.657614    31.5062        389     1.6167     2.2266  0.000e+00
     19.300    12.2110   3.656685    31.4851        390     1.6208     2.2257  0.000e+00
     19.356    12.2239   3.656175    31.4693        391     1.6250     2.2264  0.000e+00
     19.415    12.2260   3.655289    31.4590        392     1.6292     2.2253  0.000e+00
     19.489    12.2065   3.654601    31.4688        393     1.6333     2.2241  0.000e+00
     19.564    12.1806   3.654509    31.4897        394     1.6375     2.2223  0.000e+00
     19.645    12.1550   3.654712    31.5132        395     1.6417     2.2190  0.000e+00
     19.726    12.1323   3.654909    31.5342        396     1.6458     2.2143  0.000e+00
     19.805    12.1161   3.654953    31.5482        397     1.6500     2.2106  0.000e+00
     19.886    12.1067   3.655002    31.5566        398     1.6542     2.2096  0.000e+00
     19.960    12.1009   3.655070    31.5621        399     1.6583     2.2106  0.000e+00
     20.030    12.0972   3.655310    31.5675        400     1.6625     2.2140  0.000e+00
     20.102    12.0962   3.656004    31.5750        401     1.6667     2.2191  0.000e+00
     20.173    12.0969   3.656865    31.5826        402     1.6708     2.2225  0.000e+00
     20.235    12.1012   3.657351    31.5836        403     1.6750     2.2264  0.000e+00
     20.288    12.1210   3.658482    31.5777        404     1.6792     2.2312  0.000e+00
     20.341    12.1545   3.661595    31.5792        405     1.6833     2.2373  0.000e+00
     20.396    12.1898   3.665243    31.5845        406     1.6875     2.2422  0.000e+00
     20.441    12.2222   3.667804    31.5816        407     1.6917     2.2480  0.000e+00
     20.484    12.2501   3.670076    31.5798        408     1.6958     2.2515  0.000e+00
     20.526    12.2724   3.671861    31.5780        409     1.7000     2.2551  0.000e+00
     20.572    12.2898   3.672656    31.5709        410     1.7042     2.2588  0.000e+00
     20.616    12.3023   3.672822    31.5620        411     1.7083     2.2653  0.000e+00
     20.661    12.3107   3.672822    31.5550        412     1.7125     2.2777  0.000e+00
     20.718    12.3175   3.672976    31.5506        413     1.7167     2.2926  0.000e+00
     20.770    12.3225   3.672908    31.5458        414     1.7208     2.3122  0.000e+00
     20.828    12.3264   3.672643    31.5399        415     1.7250     2.3335  0.000e+00
     20.896    12.3294   3.671614    31.5276        416     1.7292     2.3580  0.000e+00
     20.964    12.3315   3.669231    31.5030        417     1.7333     2.3810  0.000e+00
     21.034    12.3326   3.666935    31.4802        418     1.7375     2.4018  0.000e+00
     21.103    12.3330   3.665697    31.4679        419     1.7417     2.4199  0.000e+00
     21.176    12.3317   3.663082    31.4441        420     1.7458     2.4309  0.000e+00
     21.245    12.3232   3.660707    31.4285        421     1.7500     2.4373  0.000e+00
     21.316    12.3083   3.659329    31.4278        422     1.7542     2.4392  0.000e+00
     21.381    12.2850   3.658948    31.4437        423     1.7583     2.4393  0.000e+00
     21.451    12.2616   3.659305    31.4667        424     1.7625     2.4336  0.000e+00
     21.512    12.2389   3.660530    31.4974        425     1.7667     2.4273  0.000e+00
     21.570    12.2281   3.662043    31.5210        426     1.7708     2.4181  0.000e+00
     21.624    12.2275   3.663532    31.5358        427     1.7750     2.4128  0.000e+00
     21.672    12.2332   3.665379    31.5486        428     1.7792     2.4073  0.000e+00
     21.714    12.2465   3.666825    31.5512        429     1.7833     2.4021  0.000e+00
     21.757    12.2604   3.667828    31.5491        430     1.7875     2.3991  0.000e+00
     21.802    12.2707   3.668653    31.5483        431     1.7917     2.3962  0.000e+00
     21.847    12.2790   3.669429    31.5487        432     1.7958     2.3927  0.000e+00
     21.897    12.2892   3.669965    31.5452        433     1.8000     2.3875  0.000e+00
     21.949    12.3004   3.670057    31.5367        434     1.8042     2.3814  0.000e+00
     22.003    12.3088   3.669343    31.5227        435     1.8083     2.3754  0.000e+00
     22.060    12.3144   3.667495    31.5004        436     1.8125     2.3690  0.000e+00
     22.120    12.3180   3.665803    31.4812        437     1.8167     2.3665  0.000e+00
     22.183    12.3199   3.664885    31.4708        438     1.8208     2.3633  0.000e+00
     22.249    12.3201   3.664196    31.4640        439     1.8250     2.3611  0.000e+00
     22.317    12.3178   3.663532    31.4596        440     1.8292     2.3594  0.000e+00
     22.384    12.3090   3.663150    31.4633        441     1.8333     2.3573  0.000e+00
     22.456    12.3000   3.663329    31.4725        442     1.8375     2.3550  0.000e+00
     22.519    12.2942   3.665046    31.4938        443     1.8417     2.3491  0.000e+00
     22.585    12.2950   3.667717    31.5186        444     1.8458     2.3445  0.000e+00
     22.643    12.3004   3.670525    31.5408        445     1.8500     2.3397  0.000e+00
     22.698    12.3072   3.672589    31.5548        446     1.8542     2.3366  0.000e+00
     22.750    12.3151   3.673691    31.5587        447     1.8583     2.3338  0.000e+00
     22.801    12.3220   3.674363    31.5592        448     1.8625     2.3331  0.000e+00
     22.849    12.3275   3.674788    31.5586        449     1.8667     2.3315  0.000e+00
     22.894    12.3318   3.674831    31.5555        450     1.8708     2.3275  0.000e+00
     22.936    12.3353   3.674899    31.5531        451     1.8750     2.3273  0.000e+00
     22.975    12.3377   3.674985    31.5519        452     1.8792     2.3263  0.000e+00
     23.020    12.3398   3.675256    31.5528        453     1.8833     2.3300  0.000e+00
     23.069    12.3413   3.675595    31.5547        454     1.8875     2.3365  0.000e+00
     23.115    12.3425   3.675700    31.5546        455     1.8917     2.3487  0.000e+00
     23.173    12.3436   3.675656    31.5533        456     1.8958     2.3648  0.000e+00
     23.225    12.3446   3.675681    31.5526        457     1.9000     2.3789  0.000e+00
     23.281    12.3452   3.675810    31.5534        458     1.9042     2.3954  0.000e+00
     23.344    12.3454   3.676082    31.5558        459     1.9083     2.4092  0.000e+00
     23.403    12.3453   3.676236    31.5573        460     1.9125     2.4201  0.000e+00
     23.455    12.3455   3.676236    31.5571        461     1.9167     2.4343  0.000e+00
     23.514    12.3458   3.676236    31.5568        462     1.9208     2.4463  0.000e+00
     23.568    12.3457   3.676304    31.5575        463     1.9250     2.4532  0.000e+00
     23.622    12.3452   3.676593    31.5607        464     1.9292     2.4610  0.000e+00
     23.676    12.3455   3.676951    31.5639        465     1.9333     2.4666  0.000e+00
     23.717    12.3460   3.677086    31.5647        466     1.9375     2.4722  0.000e+00
     23.769    12.3464   3.677240    31.5658        467     1.9417     2.4750  0.000e+00
     23.812    12.3467   3.677388    31.5670        468     1.9458     2.4784  0.000e+00
     23.856    12.3474   3.677333    31.5658        469     1.9500     2.4804  0.000e+00
     23.897    12.3480   3.677579    31.5677        470     1.9542     2.4827  0.000e+00
     23.936    12.3482   3.677715    31.5688        471     1.9583     2.4828  0.000e+00
     23.978    12.3484   3.677758    31.5689        472     1.9625     2.4866  0.000e+00
     24.016    12.3490   3.677980    31.5706        473     1.9667     2.4918  0.000e+00
     24.057    12.3495   3.678134    31.5716        474     1.9708     2.4964  0.000e+00
     24.098    12.3497   3.678264    31.5727        475     1.9750     2.5033  0.000e+00
     24.141    12.3497   3.678251    31.5726        476     1.9792     2.5086  0.000e+00
     24.184    12.3494   3.678202    31.5723        477     1.9833     2.5136  0.000e+00
     24.229    12.3496   3.678294    31.5730        478     1.9875     2.5161  0.000e+00
     24.278    12.3494   3.678313    31.5733        479     1.9917     2.5195  0.000e+00
     24.328    12.3492   3.678313    31.5734        480     1.9958     2.5217  0.000e+00
     24.386    12.3489   3.678294    31.5735        481     2.0000     2.5253  0.000e+00
     24.443    12.3490   3.678381    31.5742        482     2.0042     2.5288  0.000e+00
     24.503    12.3489   3.678368    31.5742        483     2.0083     2.5329  0.000e+00
     24.571    12.3488   3.678381    31.5744        484     2.0125     2.5372  0.000e+00
     24.634    12.3490   3.678430    31.5746        485     2.0167     2.5402  0.000e+00
     24.707    12.3495   3.678498    31.5748        486     2.0208     2.5418  0.000e+00
     24.772    12.3497   3.678430    31.5740        487     2.0250     2.5421  0.000e+00
     24.842    12.3500   3.678381    31.5732        488     2.0292     2.5423  0.000e+00
     24.921    12.3501   3.678381    31.5731        489     2.0333     2.5432  0.000e+00
     24.993    12.3501   3.678455    31.5738        490     2.0375     2.5444  0.000e+00
     25.063    12.3504   3.678449    31.5734        491     2.0417     2.5472  0.000e+00
     25.130    12.3505   3.678473    31.5736        492     2.0458     2.5495  0.000e+00
     25.193    12.3504   3.678560    31.5744        493     2.0500     2.5523  0.000e+00
     25.254    12.3502   3.678628    31.5752        494     2.0542     2.5554  0.000e+00
     25.309    12.3502   3.678739    31.5763        495     2.0583     2.5580  0.000e+00
     25.365    12.3503   3.678720    31.5760        496     2.0625     2.5614  0.000e+00
     25.410    12.3500   3.678776    31.5768        497     2.0667     2.5626  0.000e+00
     25.457    12.3499   3.678806    31.5771        498     2.0708     2.5622  0.000e+00
     25.498    12.3501   3.678806    31.5769        499     2.0750     2.5619  0.000e+00
     25.543    12.3503   3.678874    31.5774        500     2.0792     2.5605  0.000e+00
     25.586    12.3504   3.678874    31.5773        501     2.0833     2.5583  0.000e+00
     25.627    12.3506   3.678917    31.5776        502     2.0875     2.5575  0.000e+00
     25.672    12.3508   3.678899    31.5772        503     2.0917     2.5573  0.000e+00
     25.719    12.3509   3.678924    31.5773        504     2.0958     2.5596  0.000e+00
     25.768    12.3511   3.678874    31.5767        505     2.1000     2.5619  0.000e+00
     25.820    12.3511   3.678763    31.5756        506     2.1042     2.5647  0.000e+00
     25.881    12.3511   3.678788    31.5758        507     2.1083     2.5677  0.000e+00
     25.910    12.3514   3.679096    31.5784        508     2.1125     2.5702  0.000e+00
     25.926    12.3516   3.679300    31.5802        509     2.1167     2.5703  0.000e+00
     25.901    12.3514   3.679435    31.5817        510     2.1208     2.5715  0.000e+00
     25.852    12.3513   3.679497    31.5824        511     2.1250     2.5726  0.000e+00
     25.793    12.3515   3.679503    31.5823        512     2.1292     2.5754  0.000e+00
     25.741    12.3519   3.679478    31.5817        513     2.1333     2.5839  0.000e+00
     25.694    12.3520   3.679522    31.5821        514     2.1375     2.5936  0.000e+00
     25.651    12.3521   3.679522    31.5821        515     2.1417     2.6016  0.000e+00
     25.599    12.3518   3.679522    31.5823        516     2.1458     2.6106  0.000e+00
     25.561    12.3518   3.679546    31.5825        517     2.1500     2.6179  0.000e+00
     25.512    12.3520   3.679540    31.5824        518     2.1542     2.6267  0.000e+00
     25.473    12.3521   3.679503    31.5819        519     2.1583     2.6328  0.000e+00
     25.435    12.3522   3.679589    31.5827        520     2.1625     2.6367  0.000e+00
     25.387    12.3525   3.679571    31.5822        521     2.1667     2.6409  0.000e+00
     25.343    12.3530   3.679614    31.5823        522     2.1708     2.6437  0.000e+00
     25.297    12.3529   3.679521    31.5815        523     2.1750     2.6489  0.000e+00
     25.248    12.3525   3.679478    31.5815        524     2.1792     2.6537  0.000e+00
     25.200    12.3522   3.679435    31.5813        525     2.1833     2.6599  0.000e+00
     25.148    12.3518   3.679275    31.5801        526     2.1875     2.6671  0.000e+00
     25.099    12.3509   3.679256    31.5807        527     2.1917     2.6712  0.000e+00
     25.061    12.3503   3.679343    31.5821        528     2.1958     2.6752  0.000e+00
     25.007    12.3502   3.679367    31.5824        529     2.2000     2.6782  0.000e+00
     24.943    12.3503   3.679392    31.5826        530     2.2042     2.6779  0.000e+00
     24.862    12.3504   3.679392    31.5826        531     2.2083     2.6795  0.000e+00
     24.777    12.3502   3.679392    31.5827        532     2.2125     2.6818  0.000e+00
     24.702    12.3501   3.679392    31.5829        533     2.2167     2.6861  0.000e+00
     24.626    12.3502   3.679410    31.5830        534     2.2208     2.6905  0.000e+00
     24.547    12.3503   3.679410    31.5829        535     2.2250     2.6937  0.000e+00
     24.463    12.3506   3.679453    31.5831        536     2.2292     2.6964  0.000e+00
     24.373    12.3507   3.679453    31.5831        537     2.2333     2.6988  0.000e+00
     24.278    12.3509   3.679435    31.5828        538     2.2375     2.7004  0.000e+00
     24.186    12.3510   3.679435    31.5827        539     2.2417     2.7024  0.000e+00
     24.094    12.3510   3.679435    31.5828        540     2.2458     2.7050  0.000e+00
     24.003    12.3507   3.679410    31.5828        541     2.2500     2.7072  0.000e+00
     23.909    12.3504   3.679391    31.5829        542     2.2542     2.7093  0.000e+00
     23.821    12.3504   3.679410    31.5832        543     2.2583     2.7106  0.000e+00
     23.733    12.3505   3.679410    31.5831        544     2.2625     2.7116  0.000e+00
     23.645    12.3508   3.679416    31.5829        545     2.2667     2.7119  0.000e+00
     23.553    12.3509   3.679478    31.5835        546     2.2708     2.7137  0.000e+00
     23.474    12.3509   3.679453    31.5832        547     2.2750     2.7151  0.000e+00
     23.390    12.3511   3.679478    31.5833        548     2.2792     2.7160  0.000e+00
     23.312    12.3514   3.679478    31.5831        549     2.2833     2.7176  0.000e+00
