PC2305/sbe159.cnv
* Sea-Bird SBE 19plus V2 Data File:
* FileName = C:\cruise\data\sbe159.hex
* Software Version Seasave V 7.26.7.121
* Temperature SN = 7142
* Conductivity SN = 7142
* System UpLoad Time = Nov 12 2023 08:10:59
** Cruise: PC2205
** Program: ECOMON
# nquan = 8
# nvalues = 2337                                  
# units = specified
# name 0 = depSM: Depth [salt water, m], lat = 40.00
# name 1 = tv290C: Temperature [ITS-90, deg C]
# name 2 = c0S/m: Conductivity [S/m]
# name 3 = sal00: Salinity, Practical [PSU]
# name 4 = scan: Scan Count
# name 5 = timeM: Time, Elapsed [minutes]
# name 6 = sbeox0V: Oxygen raw, SBE 43 [V]
# name 7 = flag:  0.000e+00
# span 0 =      0.053,     96.621                 
# span 1 =     6.7935,    10.9325                 
# span 2 =   0.000495,   3.623310                 
# span 3 =     0.0055,    33.5707                 
# span 4 =         11,       2347                 
# span 5 =     0.0417,     9.7750                 
# span 6 =     1.8248,     2.7458                 
# span 7 = 0.0000e+00, 0.0000e+00                 
# interval = seconds: 0.25
# start_time = Nov 12 2023 08:10:59 [System UTC, header]
# bad_flag = -9.990e-29
*END*
[from data line 540]
     59.713    10.4564   3.607959    32.5116        551     2.2917     2.2866  0.000e+00
     59.954    10.4587   3.607415    32.5040        552     2.2958     2.2842  0.000e+00
     60.202    10.4516   3.607959    32.5157        553     2.3000     2.2826  0.000e+00
     60.443    10.4471   3.609250    32.5325        554     2.3042     2.2851  0.000e+00
     60.676    10.4455   3.609122    32.5326        555     2.3083     2.2845  0.000e+00
     60.910    10.4424   3.609012    32.5341        556     2.3125     2.2798  0.000e+00
     61.138    10.4001   3.605716    32.5388        557     2.3167     2.2768  0.000e+00
     61.372    10.3074   3.599305    32.5573        558     2.3208     2.2676  0.000e+00
     61.598    10.1901   3.591538    32.5842        559     2.3250     2.2581  0.000e+00
     61.818    10.0686   3.584009    32.6175        560     2.3292     2.2465  0.000e+00
     62.023     9.9559   3.577126    32.6494        561     2.3333     2.2347  0.000e+00
     62.202     9.8597   3.571612    32.6803        562     2.3375     2.2234  0.000e+00
     62.348     9.7715   3.566955    32.7129        563     2.3417     2.2156  0.000e+00
     62.470     9.6875   3.565257    32.7719        564     2.3458     2.2139  0.000e+00
     62.547     9.6114   3.572913    32.9197        565     2.3500     2.2133  0.000e+00
     62.578     9.5499   3.584533    33.0954        566     2.3542     2.2151  0.000e+00
     62.574     9.5181   3.587304    33.1532        567     2.3583     2.2153  0.000e+00
     62.551     9.5350   3.588329    33.1482        568     2.3625     2.2156  0.000e+00
     62.544     9.5729   3.589305    33.1232        569     2.3667     2.2185  0.000e+00
     62.591     9.6155   3.590391    33.0951        570     2.3708     2.2185  0.000e+00
     62.691     9.6356   3.591111    33.0838        571     2.3750     2.2230  0.000e+00
     62.815     9.6521   3.591807    33.0757        572     2.3792     2.2220  0.000e+00
     62.945     9.7009   3.593540    33.0485        573     2.3833     2.2220  0.000e+00
     63.105     9.8052   3.596477    32.9828        574     2.3875     2.2186  0.000e+00
     63.295     9.9283   3.597783    32.8836        575     2.3917     2.2152  0.000e+00
     63.513    10.0314   3.597433    32.7863        576     2.3958     2.2120  0.000e+00
     63.768    10.0921   3.592449    32.6808        577     2.4000     2.2081  0.000e+00
     64.036    10.1212   3.584655    32.5757        578     2.4042     2.2067  0.000e+00
     64.334    10.1148   3.582295    32.5574        579     2.4083     2.2088  0.000e+00
     64.629    10.0794   3.581655    32.5827        580     2.4125     2.2118  0.000e+00
     64.913    10.0453   3.584486    32.6420        581     2.4167     2.2179  0.000e+00
     65.172    10.0235   3.587238    32.6894        582     2.4208     2.2185  0.000e+00
     65.414    10.0088   3.587134    32.7015        583     2.4250     2.2169  0.000e+00
     65.650     9.9633   3.581584    32.6863        584     2.4292     2.2160  0.000e+00
     65.878     9.8513   3.571486    32.6850        585     2.4333     2.2121  0.000e+00
     66.103     9.7195   3.562264    32.7106        586     2.4375     2.2059  0.000e+00
     66.313     9.6093   3.550407    32.6896        587     2.4417     2.1970  0.000e+00
     66.498     9.4968   3.540053    32.6858        588     2.4458     2.1886  0.000e+00
     66.646     9.3770   3.531051    32.7026        589     2.4500     2.1777  0.000e+00
     66.770     9.2628   3.528585    32.7817        590     2.4542     2.1706  0.000e+00
     66.867     9.1705   3.539887    32.9836        591     2.4583     2.1648  0.000e+00
     66.921     9.1065   3.559132    33.2426        592     2.4625     2.1614  0.000e+00
     66.930     9.0990   3.563592    33.2959        593     2.4667     2.1557  0.000e+00
     66.912     9.1828   3.564187    33.2239        594     2.4708     2.1491  0.000e+00
     66.897     9.2379   3.565130    33.1824        595     2.4750     2.1427  0.000e+00
     66.912     9.2621   3.566445    33.1735        596     2.4792     2.1352  0.000e+00
     66.993     9.3132   3.568514    33.1474        597     2.4833     2.1273  0.000e+00
     67.118     9.4085   3.570992    33.0846        598     2.4875     2.1216  0.000e+00
     67.260     9.5041   3.572051    33.0074        599     2.4917     2.1165  0.000e+00
     67.410     9.6043   3.568121    32.8750        600     2.4958     2.1115  0.000e+00
     67.584     9.6746   3.565351    32.7823        601     2.5000     2.1079  0.000e+00
     67.782     9.6970   3.560950    32.7169        602     2.5042     2.1031  0.000e+00
     67.997     9.6963   3.556115    32.6681        603     2.5083     2.0992  0.000e+00
     68.226     9.6672   3.552808    32.6607        604     2.5125     2.1011  0.000e+00
     68.468     9.6363   3.551823    32.6785        605     2.5167     2.1048  0.000e+00
     68.715     9.6163   3.557083    32.7505        606     2.5208     2.1076  0.000e+00
     68.955     9.6014   3.559838    32.7921        607     2.5250     2.1094  0.000e+00
     69.177     9.5957   3.559833    32.7972        608     2.5292     2.1106  0.000e+00
     69.387     9.5585   3.551162    32.7422        609     2.5333     2.1100  0.000e+00
     69.588     9.4451   3.537318    32.7036        610     2.5375     2.1076  0.000e+00
     69.791     9.3200   3.530689    32.7496        611     2.5417     2.1041  0.000e+00
     69.985     9.2089   3.528350    32.8273        612     2.5458     2.1004  0.000e+00
     70.169     9.1162   3.524951    32.8775        613     2.5500     2.0977  0.000e+00
     70.345     9.0396   3.519452    32.8911        614     2.5542     2.0952  0.000e+00
     70.501     8.9771   3.516207    32.9151        615     2.5583     2.0927  0.000e+00
     70.640     8.9277   3.518363    32.9833        616     2.5625     2.0918  0.000e+00
     70.739     8.8946   3.525717    33.0907        617     2.5667     2.0912  0.000e+00
     70.823     8.8795   3.527803    33.1265        618     2.5708     2.0906  0.000e+00
     70.902     8.8686   3.530015    33.1597        619     2.5750     2.0886  0.000e+00
     70.997     8.8586   3.534127    33.2119        620     2.5792     2.0876  0.000e+00
     71.102     8.8505   3.540954    33.2908        621     2.5833     2.0841  0.000e+00
     71.229     8.8416   3.545660    33.3483        622     2.5875     2.0795  0.000e+00
     71.370     8.8337   3.548084    33.3811        623     2.5917     2.0750  0.000e+00
     71.517     8.8534   3.550460    33.3873        624     2.5958     2.0682  0.000e+00
     71.666     8.9264   3.550052    33.3143        625     2.6000     2.0591  0.000e+00
     71.824     9.0466   3.549273    33.1937        626     2.6042     2.0498  0.000e+00
     71.981     9.1495   3.548761    33.0926        627     2.6083     2.0392  0.000e+00
     72.146     9.2225   3.548913    33.0265        628     2.6125     2.0283  0.000e+00
     72.304     9.2742   3.549447    32.9842        629     2.6167     2.0173  0.000e+00
     72.473     9.3107   3.550133    32.9575        630     2.6208     2.0059  0.000e+00
     72.646     9.3315   3.550844    32.9455        631     2.6250     1.9968  0.000e+00
     72.822     9.3480   3.551227    32.9343        632     2.6292     1.9866  0.000e+00
     73.003     9.3609   3.551743    32.9276        633     2.6333     1.9773  0.000e+00
     73.174     9.3722   3.552448    32.9244        634     2.6375     1.9692  0.000e+00
     73.350     9.3821   3.553092    32.9218        635     2.6417     1.9596  0.000e+00
     73.519     9.3901   3.553804    32.9217        636     2.6458     1.9509  0.000e+00
     73.687     9.3955   3.554606    32.9250        637     2.6500     1.9426  0.000e+00
     73.841     9.3979   3.555281    32.9296        638     2.6542     1.9345  0.000e+00
     73.990     9.3992   3.555993    32.9357        639     2.6583     1.9259  0.000e+00
     74.134     9.3993   3.556011    32.9357        640     2.6625     1.9179  0.000e+00
     74.274     9.3984   3.555366    32.9299        641     2.6667     1.9091  0.000e+00
     74.411     9.3975   3.555968    32.9368        642     2.6708     1.9012  0.000e+00
     74.551     9.3975   3.557902    32.9567        643     2.6750     1.8937  0.000e+00
     74.697     9.3986   3.557969    32.9562        644     2.6792     1.8873  0.000e+00
     74.844     9.4002   3.555713    32.9315        645     2.6833     1.8793  0.000e+00
     75.002     9.4145   3.553135    32.8918        646     2.6875     1.8744  0.000e+00
     75.161     9.4405   3.552278    32.8590        647     2.6917     1.8678  0.000e+00
     75.328     9.4536   3.549233    32.8156        648     2.6958     1.8620  0.000e+00
     75.504     9.4554   3.547222    32.7932        649     2.7000     1.8577  0.000e+00
     75.687     9.4337   3.547113    32.8119        650     2.7042     1.8536  0.000e+00
     75.863     9.4127   3.547046    32.8304        651     2.7083     1.8521  0.000e+00
     76.029     9.4038   3.548268    32.8510        652     2.7125     1.8505  0.000e+00
     76.176     9.4001   3.551592    32.8886        653     2.7167     1.8504  0.000e+00
     76.298     9.4026   3.550668    32.8768        654     2.7208     1.8518  0.000e+00
     76.410     9.4055   3.549963    32.8667        655     2.7250     1.8552  0.000e+00
     76.514     9.3651   3.545383    32.8567        656     2.7292     1.8567  0.000e+00
     76.617     9.2857   3.538329    32.8568        657     2.7333     1.8632  0.000e+00
     76.717     9.1690   3.532100    32.8998        658     2.7375     1.8689  0.000e+00
     76.814     9.0462   3.528645    32.9775        659     2.7417     1.8745  0.000e+00
     76.911     8.9523   3.529162    33.0700        660     2.7458     1.8793  0.000e+00
     77.023     8.8951   3.538649    33.2222        661     2.7500     1.8846  0.000e+00
     77.150     8.8663   3.542608    33.2905        662     2.7542     1.8905  0.000e+00
     77.307     8.8313   3.545298    33.3514        663     2.7583     1.8956  0.000e+00
     77.474     8.8709   3.546221    33.3238        664     2.7625     1.9018  0.000e+00
     77.659     8.9815   3.546196    33.2198        665     2.7667     1.9084  0.000e+00
     77.864     9.0880   3.545836    33.1167        666     2.7708     1.9140  0.000e+00
     78.080     9.1731   3.544997    33.0290        667     2.7750     1.9178  0.000e+00
     78.308     9.2315   3.544334    32.9680        668     2.7792     1.9209  0.000e+00
     78.542     9.2710   3.544328    32.9314        669     2.7833     1.9231  0.000e+00
     78.776     9.2979   3.543690    32.8999        670     2.7875     1.9256  0.000e+00
     78.991     9.3116   3.541061    32.8601        671     2.7917     1.9275  0.000e+00
     79.194     9.3123   3.540102    32.8495        672     2.7958     1.9293  0.000e+00
     79.385     9.2329   3.527904    32.7964        673     2.8000     1.9331  0.000e+00
     79.554     9.0789   3.514248    32.7966        674     2.8042     1.9377  0.000e+00
     79.707     8.9353   3.511593    32.9016        675     2.8083     1.9423  0.000e+00
     79.831     8.8304   3.511552    32.9984        676     2.8125     1.9466  0.000e+00
     79.912     8.7582   3.509756    33.0468        677     2.8167     1.9497  0.000e+00
     79.971     8.6926   3.505880    33.0675        678     2.8208     1.9542  0.000e+00
     80.028     8.6335   3.504175    33.1048        679     2.8250     1.9579  0.000e+00
     80.115     8.5925   3.503759    33.1388        680     2.8292     1.9619  0.000e+00
     80.221     8.5594   3.501825    33.1495        681     2.8333     1.9654  0.000e+00
     80.323     8.5232   3.497475    33.1376        682     2.8375     1.9696  0.000e+00
     80.410     8.4870   3.498653    33.1840        683     2.8417     1.9724  0.000e+00
     80.510     8.4627   3.512143    33.3492        684     2.8458     1.9729  0.000e+00
     80.627     8.4471   3.521073    33.4582        685     2.8500     1.9732  0.000e+00
     80.762     8.4454   3.531576    33.5707        686     2.8542     1.9717  0.000e+00
     80.908     8.5231   3.532855    33.5102        687     2.8583     1.9672  0.000e+00
     81.064     8.6643   3.530276    33.3494        688     2.8625     1.9631  0.000e+00
     81.238     8.8183   3.532002    33.2227        689     2.8667     1.9567  0.000e+00
     81.425     8.9173   3.534640    33.1576        690     2.8708     1.9499  0.000e+00
     81.618     8.9943   3.536435    33.1045        691     2.8750     1.9435  0.000e+00
     81.824     9.0594   3.537369    33.0535        692     2.8792     1.9372  0.000e+00
     82.036     9.1069   3.535360    32.9886        693     2.8833     1.9312  0.000e+00
     82.249     9.1311   3.529289    32.9032        694     2.8875     1.9248  0.000e+00
     82.454     9.1382   3.524973    32.8518        695     2.8917     1.9187  0.000e+00
     82.633     9.1192   3.523168    32.8506        696     2.8958     1.9141  0.000e+00
     82.795     9.0402   3.516295    32.8521        697     2.9000     1.9096  0.000e+00
     82.924     8.9314   3.508612    32.8726        698     2.9042     1.9076  0.000e+00
     83.023     8.8081   3.499539    32.8922        699     2.9083     1.9048  0.000e+00
     83.117     8.7064   3.492443    32.9124        700     2.9125     1.9028  0.000e+00
     83.216     8.6252   3.489909    32.9614        701     2.9167     1.9015  0.000e+00
     83.327     8.5595   3.490236    33.0261        702     2.9208     1.9015  0.000e+00
     83.435     8.5145   3.491099    33.0773        703     2.9250     1.9052  0.000e+00
     83.528     8.4851   3.492669    33.1214        704     2.9292     1.9092  0.000e+00
     83.627     8.4651   3.503780    33.2573        705     2.9333     1.9154  0.000e+00
     83.744     8.4559   3.514498    33.3789        706     2.9375     1.9214  0.000e+00
     83.877     8.4456   3.521244    33.4599        707     2.9417     1.9283  0.000e+00
     84.030     8.4715   3.525133    33.4763        708     2.9458     1.9337  0.000e+00
     84.186     8.5438   3.526787    33.4251        709     2.9500     1.9376  0.000e+00
     84.363     8.6470   3.527598    33.3361        710     2.9542     1.9404  0.000e+00
     84.542     8.7250   3.528167    33.2686        711     2.9583     1.9388  0.000e+00
     84.720     8.7721   3.528718    33.2301        712     2.9625     1.9373  0.000e+00
     84.909     8.8037   3.528954    33.2028        713     2.9667     1.9354  0.000e+00
     85.094     8.8319   3.529105    33.1780        714     2.9708     1.9322  0.000e+00
     85.260     8.8544   3.528402    33.1495        715     2.9750     1.9278  0.000e+00
     85.414     8.8579   3.524656    33.1071        716     2.9792     1.9218  0.000e+00
     85.540     8.8342   3.515620    33.0347        717     2.9833     1.9173  0.000e+00
     85.660     8.8006   3.507749    32.9837        718     2.9875     1.9103  0.000e+00
     85.770     8.7500   3.502864    32.9797        719     2.9917     1.9044  0.000e+00
     85.892     8.6716   3.501203    33.0353        720     2.9958     1.8987  0.000e+00
     86.022     8.6021   3.509481    33.1872        721     3.0000     1.8925  0.000e+00
     86.149     8.5613   3.518718    33.3227        722     3.0042     1.8879  0.000e+00
     86.288     8.5295   3.526133    33.4308        723     3.0083     1.8821  0.000e+00
     86.437     8.5812   3.527429    33.3955        724     3.0125     1.8770  0.000e+00
     86.602     8.7147   3.525131    33.2455        725     3.0167     1.8719  0.000e+00
     86.789     8.8423   3.524215    33.1164        726     3.0208     1.8663  0.000e+00
     86.985     8.9265   3.524498    33.0408        727     3.0250     1.8608  0.000e+00
     87.187     8.9792   3.524613    32.9930        728     3.0292     1.8570  0.000e+00
     87.388     9.0093   3.523128    32.9495        729     3.0333     1.8541  0.000e+00
