PC2305/sbe147.cnv
* Sea-Bird SBE 19plus V2 Data File:
* FileName = C:\cruise\data\sbe147.hex
* Software Version Seasave V 7.26.7.121
* Temperature SN = 7142
* Conductivity SN = 7142
* System UpLoad Time = Nov 11 2023 07:21:24
** Cruise: PC2205
** Program: ECOMON
# nquan = 8
# nvalues = 4081                                  
# units = specified
# name 0 = depSM: Depth [salt water, m], lat = 40.00
# name 1 = tv290C: Temperature [ITS-90, deg C]
# name 2 = c0S/m: Conductivity [S/m]
# name 3 = sal00: Salinity, Practical [PSU]
# name 4 = scan: Scan Count
# name 5 = timeM: Time, Elapsed [minutes]
# name 6 = sbeox0V: Oxygen raw, SBE 43 [V]
# name 7 = flag:  0.000e+00
# span 0 =     -0.095,    164.747                 
# span 1 =     7.7659,    10.6223                 
# span 2 =   0.000110,   3.612611                 
# span 3 =     0.0040,    34.2273                 
# span 4 =         11,       4091                 
# span 5 =     0.0417,    17.0417                 
# span 6 =     1.7634,     2.7114                 
# span 7 = 0.0000e+00, 0.0000e+00                 
# interval = seconds: 0.25
# start_time = Nov 11 2023 07:21:24 [System UTC, header]
# bad_flag = -9.990e-29
*END*
[from data line 720]
     89.453     8.6893   3.566222    33.6995        731     3.0417     1.9871  0.000e+00
     89.600     8.7425   3.566398    33.6506        732     3.0458     1.9846  0.000e+00
     89.759     8.7913   3.566415    33.6044        733     3.0500     1.9815  0.000e+00
     89.920     8.8216   3.566586    33.5775        734     3.0542     1.9773  0.000e+00
     90.089     8.8329   3.566677    33.5676        735     3.0583     1.9731  0.000e+00
     90.253     8.8287   3.566044    33.5649        736     3.0625     1.9700  0.000e+00
     90.415     8.8169   3.565557    33.5709        737     3.0667     1.9648  0.000e+00
     90.569     8.8009   3.565040    33.5805        738     3.0708     1.9615  0.000e+00
     90.713     8.7720   3.564608    33.6033        739     3.0750     1.9584  0.000e+00
     90.855     8.7356   3.564669    33.6384        740     3.0792     1.9560  0.000e+00
     90.986     8.7028   3.564889    33.6719        741     3.0833     1.9526  0.000e+00
     91.116     8.6776   3.565145    33.6985        742     3.0875     1.9487  0.000e+00
     91.236     8.6595   3.565620    33.7207        743     3.0917     1.9451  0.000e+00
     91.362     8.6467   3.566095    33.7378        744     3.0958     1.9407  0.000e+00
     91.488     8.6379   3.566485    33.7503        745     3.1000     1.9376  0.000e+00
     91.608     8.6315   3.566528    33.7568        746     3.1042     1.9331  0.000e+00
     91.722     8.6262   3.566570    33.7622        747     3.1083     1.9336  0.000e+00
     91.838     8.6218   3.566741    33.7682        748     3.1125     1.9352  0.000e+00
     91.952     8.6184   3.567106    33.7753        749     3.1167     1.9403  0.000e+00
     92.063     8.6160   3.567539    33.7820        750     3.1208     1.9446  0.000e+00
     92.185     8.6150   3.567837    33.7860        751     3.1250     1.9494  0.000e+00
     92.301     8.6154   3.568275    33.7903        752     3.1292     1.9530  0.000e+00
     92.423     8.6164   3.568769    33.7944        753     3.1333     1.9548  0.000e+00
     92.543     8.6171   3.569158    33.7978        754     3.1375     1.9561  0.000e+00
     92.671     8.6170   3.569396    33.8004        755     3.1417     1.9549  0.000e+00
     92.800     8.6166   3.569591    33.8027        756     3.1458     1.9520  0.000e+00
     92.935     8.6165   3.569871    33.8057        757     3.1500     1.9475  0.000e+00
     93.079     8.6167   3.570194    33.8089        758     3.1542     1.9440  0.000e+00
     93.219     8.6175   3.570346    33.8096        759     3.1583     1.9384  0.000e+00
     93.370     8.6190   3.571059    33.8156        760     3.1625     1.9319  0.000e+00
     93.514     8.6200   3.570730    33.8111        761     3.1667     1.9266  0.000e+00
     93.663     8.6192   3.569804    33.8020        762     3.1708     1.9216  0.000e+00
     93.812     8.6174   3.569311    33.7985        763     3.1750     1.9163  0.000e+00
     93.962     8.6154   3.568982    33.7969        764     3.1792     1.9100  0.000e+00
     94.111     8.6135   3.568751    33.7962        765     3.1833     1.9062  0.000e+00
     94.253     8.6120   3.568903    33.7992        766     3.1875     1.9011  0.000e+00
     94.399     8.6111   3.569092    33.8020        767     3.1917     1.8981  0.000e+00
     94.537     8.6106   3.569159    33.8030        768     3.1958     1.8969  0.000e+00
     94.666     8.6105   3.569397    33.8057        769     3.2000     1.8948  0.000e+00
     94.805     8.6104   3.569787    33.8098        770     3.2042     1.8930  0.000e+00
     94.934     8.6105   3.570170    33.8136        771     3.2083     1.8927  0.000e+00
     95.064     8.6108   3.570560    33.8174        772     3.2125     1.8929  0.000e+00
     95.191     8.6108   3.570865    33.8205        773     3.2167     1.8960  0.000e+00
     95.314     8.6109   3.571078    33.8227        774     3.2208     1.8988  0.000e+00
     95.448     8.6105   3.571316    33.8255        775     3.2250     1.9050  0.000e+00
     95.571     8.6104   3.571578    33.8283        776     3.2292     1.9097  0.000e+00
     95.691     8.6106   3.571876    33.8312        777     3.2333     1.9138  0.000e+00
     95.821     8.6110   3.572181    33.8339        778     3.2375     1.9185  0.000e+00
     95.952     8.6115   3.572437    33.8361        779     3.2417     1.9201  0.000e+00
     96.087     8.6117   3.572717    33.8388        780     3.2458     1.9224  0.000e+00
     96.212     8.6123   3.573003    33.8411        781     3.2500     1.9233  0.000e+00
     96.337     8.6130   3.573278    33.8434        782     3.2542     1.9230  0.000e+00
     96.471     8.6135   3.573582    33.8460        783     3.2583     1.9214  0.000e+00
     96.603     8.6142   3.573802    33.8476        784     3.2625     1.9191  0.000e+00
     96.736     8.6147   3.573887    33.8479        785     3.2667     1.9161  0.000e+00
     96.878     8.6152   3.573735    33.8458        786     3.2708     1.9112  0.000e+00
     97.007     8.6154   3.573479    33.8428        787     3.2750     1.9074  0.000e+00
     97.147     8.6150   3.573369    33.8420        788     3.2792     1.9017  0.000e+00
     97.280     8.6144   3.573412    33.8429        789     3.2833     1.8979  0.000e+00
     97.413     8.6139   3.573686    33.8463        790     3.2875     1.8921  0.000e+00
     97.534     8.6134   3.573973    33.8497        791     3.2917     1.8883  0.000e+00
     97.656     8.6131   3.574381    33.8542        792     3.2958     1.8837  0.000e+00
     97.782     8.6130   3.574838    33.8591        793     3.3000     1.8815  0.000e+00
     97.904     8.6135   3.575118    33.8615        794     3.3042     1.8778  0.000e+00
     98.030     8.6148   3.574363    33.8522        795     3.3083     1.8759  0.000e+00
     98.167     8.6172   3.573369    33.8394        796     3.3125     1.8742  0.000e+00
     98.307     8.6177   3.573412    33.8393        797     3.3167     1.8710  0.000e+00
     98.453     8.6179   3.573668    33.8417        798     3.3208     1.8693  0.000e+00
     98.602     8.6240   3.573644    33.8356        799     3.3250     1.8671  0.000e+00
     98.749     8.6317   3.573778    33.8295        800     3.3292     1.8654  0.000e+00
     98.904     8.6451   3.574015    33.8191        801     3.3333     1.8628  0.000e+00
     99.055     8.6529   3.574296    33.8146        802     3.3375     1.8615  0.000e+00
     99.208     8.6551   3.574686    33.8166        803     3.3417     1.8590  0.000e+00
     99.357     8.6548   3.575813    33.8286        804     3.3458     1.8572  0.000e+00
     99.506     8.6522   3.576349    33.8367        805     3.3500     1.8574  0.000e+00
     99.644     8.6466   3.576612    33.8447        806     3.3542     1.8602  0.000e+00
     99.774     8.6401   3.577227    33.8574        807     3.3583     1.8624  0.000e+00
     99.898     8.6346   3.577672    33.8673        808     3.3625     1.8661  0.000e+00
    100.017     8.6300   3.578105    33.8762        809     3.3667     1.8691  0.000e+00
    100.128     8.6265   3.578556    33.8842        810     3.3708     1.8733  0.000e+00
    100.240     8.6240   3.578928    33.8905        811     3.3750     1.8741  0.000e+00
    100.346     8.6223   3.579117    33.8940        812     3.3792     1.8765  0.000e+00
    100.450     8.6209   3.579252    33.8967        813     3.3833     1.8799  0.000e+00
    100.556     8.6198   3.579489    33.9003        814     3.3875     1.8851  0.000e+00
    100.666     8.6193   3.579209    33.8977        815     3.3917     1.8917  0.000e+00
    100.779     8.6197   3.578276    33.8875        816     3.3958     1.8975  0.000e+00
    100.898     8.6208   3.576478    33.8674        817     3.4000     1.9041  0.000e+00
    101.018     8.6213   3.574711    33.8483        818     3.4042     1.9095  0.000e+00
    101.142     8.6232   3.573456    33.8332        819     3.4083     1.9130  0.000e+00
    101.259     8.6301   3.572767    33.8193        820     3.4125     1.9159  0.000e+00
    101.387     8.6464   3.572615    33.8020        821     3.4167     1.9151  0.000e+00
    101.518     8.6668   3.572676    33.7831        822     3.4208     1.9126  0.000e+00
    101.647     8.6864   3.572852    33.7662        823     3.4250     1.9102  0.000e+00
    101.782     8.6982   3.573388    33.7605        824     3.4292     1.9069  0.000e+00
    101.922     8.7019   3.573620    33.7593        825     3.4333     1.9040  0.000e+00
    102.064     8.7012   3.573930    33.7632        826     3.4375     1.8983  0.000e+00
    102.214     8.6982   3.574515    33.7721        827     3.4417     1.8959  0.000e+00
    102.365     8.6939   3.575289    33.7843        828     3.4458     1.8920  0.000e+00
    102.517     8.6892   3.575942    33.7956        829     3.4500     1.8895  0.000e+00
    102.676     8.6845   3.577392    33.8153        830     3.4542     1.8860  0.000e+00
    102.832     8.6777   3.578795    33.8364        831     3.4583     1.8819  0.000e+00
    102.994     8.6683   3.579813    33.8560        832     3.4625     1.8777  0.000e+00
    103.147     8.6591   3.580033    33.8671        833     3.4667     1.8748  0.000e+00
    103.303     8.6508   3.580661    33.8816        834     3.4708     1.8714  0.000e+00
    103.449     8.6441   3.581350    33.8952        835     3.4750     1.8689  0.000e+00
    103.596     8.6384   3.581893    33.9063        836     3.4792     1.8672  0.000e+00
    103.738     8.6339   3.582259    33.9144        837     3.4833     1.8631  0.000e+00
    103.871     8.6306   3.582497    33.9201        838     3.4875     1.8617  0.000e+00
    104.002     8.6280   3.582802    33.9257        839     3.4917     1.8625  0.000e+00
    104.123     8.6258   3.583278    33.9328        840     3.4958     1.8636  0.000e+00
    104.231     8.6241   3.583845    33.9402        841     3.5000     1.8685  0.000e+00
    104.330     8.6230   3.584321    33.9463        842     3.5042     1.8756  0.000e+00
    104.427     8.6226   3.584687    33.9505        843     3.5083     1.8837  0.000e+00
    104.524     8.6221   3.585077    33.9550        844     3.5125     1.8920  0.000e+00
    104.619     8.6221   3.585029    33.9545        845     3.5167     1.9007  0.000e+00
    104.718     8.6226   3.583369    33.9365        846     3.5208     1.9091  0.000e+00
    104.829     8.6241   3.580418    33.9039        847     3.5250     1.9179  0.000e+00
    104.948     8.6246   3.579034    33.8888        848     3.5292     1.9247  0.000e+00
    105.070     8.6243   3.577046    33.8681        849     3.5333     1.9307  0.000e+00
    105.202     8.6302   3.575206    33.8430        850     3.5375     1.9355  0.000e+00
    105.345     8.6521   3.574560    33.8152        851     3.5417     1.9382  0.000e+00
    105.502     8.6846   3.574754    33.7861        852     3.5458     1.9382  0.000e+00
    105.658     8.7096   3.576912    33.7849        853     3.5500     1.9381  0.000e+00
    105.827     8.7198   3.579252    33.7996        854     3.5542     1.9373  0.000e+00
    105.996     8.7206   3.580332    33.8101        855     3.5583     1.9365  0.000e+00
    106.162     8.7199   3.582064    33.8289        856     3.5625     1.9349  0.000e+00
    106.332     8.7163   3.582741    33.8394        857     3.5667     1.9344  0.000e+00
    106.498     8.7029   3.583735    33.8626        858     3.5708     1.9331  0.000e+00
    106.656     8.6864   3.585016    33.8917        859     3.5750     1.9324  0.000e+00
    106.803     8.6718   3.585926    33.9152        860     3.5792     1.9306  0.000e+00
    106.947     8.6597   3.586621    33.9341        861     3.5833     1.9275  0.000e+00
    107.080     8.6508   3.587012    33.9467        862     3.5875     1.9243  0.000e+00
    107.211     8.6444   3.587311    33.9559        863     3.5917     1.9220  0.000e+00
    107.339     8.6397   3.587659    33.9640        864     3.5958     1.9207  0.000e+00
    107.460     8.6360   3.588080    33.9720        865     3.6000     1.9209  0.000e+00
    107.578     8.6331   3.588465    33.9788        866     3.6042     1.9237  0.000e+00
    107.697     8.6310   3.588813    33.9844        867     3.6083     1.9279  0.000e+00
    107.816     8.6297   3.589161    33.9892        868     3.6125     1.9334  0.000e+00
    107.931     8.6285   3.589313    33.9920        869     3.6167     1.9382  0.000e+00
    108.053     8.6277   3.589399    33.9935        870     3.6208     1.9424  0.000e+00
    108.182     8.6276   3.588270    33.9817        871     3.6250     1.9473  0.000e+00
    108.310     8.6281   3.585945    33.9566        872     3.6292     1.9518  0.000e+00
    108.443     8.6285   3.584194    33.9378        873     3.6333     1.9555  0.000e+00
    108.582     8.6280   3.583865    33.9347        874     3.6375     1.9580  0.000e+00
    108.724     8.6275   3.583609    33.9324        875     3.6417     1.9584  0.000e+00
    108.864     8.6279   3.584347    33.9397        876     3.6458     1.9585  0.000e+00
    109.008     8.6297   3.585689    33.9521        877     3.6500     1.9560  0.000e+00
    109.151     8.6309   3.588355    33.9789        878     3.6542     1.9531  0.000e+00
    109.306     8.6312   3.589875    33.9946        879     3.6583     1.9485  0.000e+00
    109.454     8.6307   3.589424    33.9903        880     3.6625     1.9431  0.000e+00
    109.606     8.6300   3.589918    33.9961        881     3.6667     1.9372  0.000e+00
    109.759     8.6291   3.590248    34.0003        882     3.6708     1.9314  0.000e+00
    109.914     8.6286   3.590529    34.0037        883     3.6750     1.9257  0.000e+00
    110.070     8.6282   3.590614    34.0049        884     3.6792     1.9200  0.000e+00
    110.221     8.6277   3.590681    34.0061        885     3.6833     1.9144  0.000e+00
    110.376     8.6272   3.590791    34.0076        886     3.6875     1.9081  0.000e+00
    110.527     8.6270   3.590920    34.0090        887     3.6917     1.9024  0.000e+00
    110.671     8.6267   3.591072    34.0109        888     3.6958     1.8977  0.000e+00
    110.807     8.6265   3.591249    34.0129        889     3.7000     1.8940  0.000e+00
    110.937     8.6264   3.591353    34.0140        890     3.7042     1.8929  0.000e+00
    111.063     8.6265   3.591353    34.0139        891     3.7083     1.8919  0.000e+00
    111.187     8.6266   3.591420    34.0144        892     3.7125     1.8947  0.000e+00
    111.313     8.6267   3.591591    34.0161        893     3.7167     1.8963  0.000e+00
    111.435     8.6267   3.591573    34.0158        894     3.7208     1.9018  0.000e+00
    111.563     8.6272   3.590896    34.0082        895     3.7250     1.9060  0.000e+00
    111.696     8.6282   3.589681    33.9944        896     3.7292     1.9107  0.000e+00
    111.832     8.6291   3.588814    33.9843        897     3.7333     1.9149  0.000e+00
    111.965     8.6292   3.588442    33.9801        898     3.7375     1.9174  0.000e+00
    112.105     8.6290   3.589119    33.9874        899     3.7417     1.9206  0.000e+00
    112.246     8.6291   3.591030    34.0074        900     3.7458     1.9208  0.000e+00
    112.388     8.6292   3.592398    34.0216        901     3.7500     1.9202  0.000e+00
    112.524     8.6291   3.592007    34.0176        902     3.7542     1.9182  0.000e+00
    112.656     8.6288   3.592270    34.0206        903     3.7583     1.9153  0.000e+00
    112.791     8.6285   3.592441    34.0225        904     3.7625     1.9120  0.000e+00
    112.927     8.6287   3.592593    34.0240        905     3.7667     1.9082  0.000e+00
    113.051     8.6289   3.592722    34.0250        906     3.7708     1.9054  0.000e+00
    113.179     8.6294   3.592789    34.0252        907     3.7750     1.8984  0.000e+00
    113.315     8.6301   3.592313    34.0194        908     3.7792     1.8947  0.000e+00
