PC2305/sbe104.cnv
* Sea-Bird SBE 19plus V2 Data File:
* FileName = C:\cruise\data\sbe104.hex
* Software Version Seasave V 7.26.7.121
* Temperature SN = 7142
* Conductivity SN = 7142
* System UpLoad Time = Nov 06 2023 02:40:00
** Cruise: PC2205
** Program: ECOMON
# nquan = 8
# nvalues = 2369                                  
# units = specified
# name 0 = depSM: Depth [salt water, m], lat = 40.00
# name 1 = tv290C: Temperature [ITS-90, deg C]
# name 2 = c0S/m: Conductivity [S/m]
# name 3 = sal00: Salinity, Practical [PSU]
# name 4 = scan: Scan Count
# name 5 = timeM: Time, Elapsed [minutes]
# name 6 = sbeox0V: Oxygen raw, SBE 43 [V]
# name 7 = flag:  0.000e+00
# span 0 =     -0.047,     87.441                 
# span 1 =    10.2353,    15.9672                 
# span 2 =   0.000110,   4.259298                 
# span 3 =     0.0066,    34.1894                 
# span 4 =         11,       2379                 
# span 5 =     0.0417,     9.9083                 
# span 6 =     2.1140,     2.8468                 
# span 7 = 0.0000e+00, 0.0000e+00                 
# interval = seconds: 0.25
# start_time = Nov 06 2023 02:40:00 [System UTC, header]
# bad_flag = -9.990e-29
*END*
[from data line 720]
     73.840    15.7032   4.212115    33.6370        731     3.0417     2.7717  0.000e+00
     73.987    15.6882   4.211972    33.6485        732     3.0458     2.7737  0.000e+00
     74.146    15.6681   4.199642    33.5554        733     3.0500     2.7761  0.000e+00
     74.304    15.6289   4.208605    33.6689        734     3.0542     2.7785  0.000e+00
     74.464    15.6168   4.219871    33.7799        735     3.0583     2.7769  0.000e+00
     74.629    15.6404   4.220516    33.7654        736     3.0625     2.7780  0.000e+00
     74.787    15.6690   4.224200    33.7738        737     3.0667     2.7800  0.000e+00
     74.947    15.6908   4.223867    33.7521        738     3.0708     2.7798  0.000e+00
     75.098    15.7017   4.222713    33.7323        739     3.0750     2.7800  0.000e+00
     75.242    15.7004   4.223000    33.7360        740     3.0792     2.7796  0.000e+00
     75.373    15.6953   4.223593    33.7456        741     3.0833     2.7778  0.000e+00
     75.494    15.6907   4.222830    33.7427        742     3.0875     2.7763  0.000e+00
     75.602    15.6832   4.222107    33.7426        743     3.0917     2.7734  0.000e+00
     75.700    15.6716   4.221279    33.7451        744     3.0958     2.7700  0.000e+00
     75.790    15.6594   4.220875    33.7518        745     3.1000     2.7666  0.000e+00
     75.884    15.6494   4.220549    33.7574        746     3.1042     2.7634  0.000e+00
     75.977    15.6427   4.219578    33.7545        747     3.1083     2.7585  0.000e+00
     76.071    15.6367   4.218385    33.7489        748     3.1125     2.7548  0.000e+00
     76.164    15.6286   4.212911    33.7068        749     3.1167     2.7511  0.000e+00
     76.263    15.6075   4.206620    33.6686        750     3.1208     2.7473  0.000e+00
     76.364    15.5695   4.203477    33.6729        751     3.1250     2.7440  0.000e+00
     76.470    15.5311   4.201187    33.6852        752     3.1292     2.7384  0.000e+00
     76.576    15.5007   4.196802    33.6719        753     3.1333     2.7360  0.000e+00
     76.682    15.4685   4.190964    33.6470        754     3.1375     2.7337  0.000e+00
     76.797    15.4277   4.182576    33.6066        755     3.1417     2.7311  0.000e+00
     76.905    15.3740   4.172754    33.5641        756     3.1458     2.7271  0.000e+00
     77.006    15.3061   4.162184    33.5271        757     3.1500     2.7227  0.000e+00
     77.108    15.2229   4.143003    33.4254        758     3.1542     2.7173  0.000e+00
     77.207    15.1143   4.126256    33.3668        759     3.1583     2.7126  0.000e+00
     77.302    14.9776   4.118129    33.4101        760     3.1625     2.7085  0.000e+00
     77.401    14.8595   4.112182    33.4572        761     3.1667     2.7011  0.000e+00
     77.498    14.7711   4.110294    33.5160        762     3.1708     2.6950  0.000e+00
     77.593    14.7135   4.109224    33.5559        763     3.1750     2.6908  0.000e+00
     77.687    14.6799   4.108638    33.5795        764     3.1792     2.6856  0.000e+00
     77.786    14.6599   4.106253    33.5750        765     3.1833     2.6821  0.000e+00
     77.885    14.6426   4.105544    33.5834        766     3.1875     2.6770  0.000e+00
     77.985    14.6289   4.106634    33.6052        767     3.1917     2.6717  0.000e+00
     78.091    14.6242   4.107008    33.6126        768     3.1958     2.6682  0.000e+00
     78.203    14.6254   4.108691    33.6269        769     3.2000     2.6637  0.000e+00
     78.318    14.6318   4.108613    33.6206        770     3.2042     2.6629  0.000e+00
     78.435    14.6378   4.108471    33.6140        771     3.2083     2.6592  0.000e+00
     78.561    14.6396   4.109593    33.6227        772     3.2125     2.6566  0.000e+00
     78.692    14.6430   4.106982    33.5959        773     3.2167     2.6541  0.000e+00
     78.819    14.6407   4.103598    33.5669        774     3.2208     2.6515  0.000e+00
     78.951    14.6254   4.098348    33.5321        775     3.2250     2.6494  0.000e+00
     79.085    14.5960   4.090822    33.4887        776     3.2292     2.6466  0.000e+00
     79.227    14.5519   4.086170    33.4841        777     3.2333     2.6442  0.000e+00
     79.360    14.5063   4.082132    33.4864        778     3.2375     2.6432  0.000e+00
     79.499    14.4644   4.076482    33.4708        779     3.2417     2.6428  0.000e+00
     79.634    14.4202   4.066905    33.4211        780     3.2458     2.6411  0.000e+00
     79.772    14.3614   4.051008    33.3259        781     3.2500     2.6399  0.000e+00
     79.911    14.2697   4.035131    33.2589        782     3.2542     2.6378  0.000e+00
     80.045    14.1493   4.019006    33.2139        783     3.2583     2.6350  0.000e+00
     80.182    14.0120   4.014479    33.2906        784     3.2625     2.6298  0.000e+00
     80.310    13.8984   4.004829    33.2995        785     3.2667     2.6245  0.000e+00
     80.435    13.7886   3.999727    33.3474        786     3.2708     2.6199  0.000e+00
     80.556    13.6850   3.993991    33.3841        787     3.2750     2.6151  0.000e+00
     80.675    13.5931   3.990705    33.4336        788     3.2792     2.6099  0.000e+00
     80.793    13.5183   3.988400    33.4775        789     3.2833     2.6034  0.000e+00
     80.899    13.4628   3.985509    33.4991        790     3.2875     2.5980  0.000e+00
     81.005    13.4202   3.981683    33.5005        791     3.2917     2.5913  0.000e+00
     81.106    13.3791   3.970323    33.4299        792     3.2958     2.5847  0.000e+00
     81.207    13.3142   3.960773    33.3970        793     3.3000     2.5794  0.000e+00
     81.304    13.2332   3.955409    33.4176        794     3.3042     2.5728  0.000e+00
     81.406    13.1595   3.950275    33.4339        795     3.3083     2.5666  0.000e+00
     81.505    13.0976   3.943173    33.4214        796     3.3125     2.5608  0.000e+00
     81.609    13.0345   3.936317    33.4120        797     3.3167     2.5564  0.000e+00
     81.708    12.9710   3.927674    33.3861        798     3.3208     2.5512  0.000e+00
     81.814    12.9015   3.918868    33.3638        799     3.3250     2.5462  0.000e+00
     81.915    12.8249   3.908345    33.3313        800     3.3292     2.5396  0.000e+00
     82.016    12.7410   3.893557    33.2645        801     3.3333     2.5321  0.000e+00
     82.113    12.6357   3.880134    33.2294        802     3.3375     2.5242  0.000e+00
     82.208    12.5163   3.866472    33.2041        803     3.3417     2.5182  0.000e+00
     82.300    12.3931   3.859935    33.2504        804     3.3458     2.5125  0.000e+00
     82.395    12.2895   3.854174    33.2868        805     3.3500     2.5061  0.000e+00
     82.483    12.2096   3.850414    33.3216        806     3.3542     2.5008  0.000e+00
     82.575    12.1484   3.848224    33.3550        807     3.3583     2.4938  0.000e+00
     82.668    12.1056   3.844785    33.3599        808     3.3625     2.4874  0.000e+00
     82.760    12.0716   3.841931    33.3626        809     3.3667     2.4802  0.000e+00
     82.859    12.0393   3.814470    33.1256        810     3.3708     2.4734  0.000e+00
     82.956    11.9337   3.778494    32.8707        811     3.3750     2.4671  0.000e+00
     83.062    11.7224   3.765688    32.9332        812     3.3792     2.4585  0.000e+00
     83.175    11.5187   3.765697    33.1145        813     3.3833     2.4489  0.000e+00
     83.287    11.3971   3.763054    33.1976        814     3.3875     2.4405  0.000e+00
     83.409    11.3275   3.761289    33.2427        815     3.3917     2.4335  0.000e+00
     83.526    11.2806   3.762390    33.2958        816     3.3958     2.4271  0.000e+00
     83.651    11.2584   3.760574    33.2980        817     3.4000     2.4208  0.000e+00
     83.772    11.2421   3.759449    33.3015        818     3.4042     2.4148  0.000e+00
     83.901    11.2278   3.760506    33.3248        819     3.4083     2.4071  0.000e+00
     84.025    11.2209   3.761147    33.3373        820     3.4125     2.4016  0.000e+00
     84.151    11.2192   3.769715    33.4234        821     3.4167     2.3964  0.000e+00
     84.277    11.2393   3.783520    33.5414        822     3.4208     2.3920  0.000e+00
     84.403    11.2952   3.789375    33.5483        823     3.4250     2.3872  0.000e+00
     84.531    11.3536   3.782683    33.4293        824     3.4292     2.3856  0.000e+00
     84.662    11.3462   3.768432    33.2957        825     3.4333     2.3828  0.000e+00
     84.786    11.2359   3.760656    33.3185        826     3.4375     2.3785  0.000e+00
     84.912    11.0985   3.756542    33.4024        827     3.4417     2.3741  0.000e+00
     85.036    10.9800   3.748279    33.4281        828     3.4458     2.3705  0.000e+00
     85.160    10.8655   3.745362    33.5035        829     3.4500     2.3663  0.000e+00
     85.286    10.7696   3.744966    33.5874        830     3.4542     2.3621  0.000e+00
     85.415    10.7096   3.742322    33.6161        831     3.4583     2.3581  0.000e+00
     85.534    10.6675   3.735343    33.5849        832     3.4625     2.3550  0.000e+00
     85.650    10.6007   3.730811    33.6008        833     3.4667     2.3492  0.000e+00
     85.764    10.5265   3.727955    33.6405        834     3.4708     2.3463  0.000e+00
     85.877    10.4621   3.727119    33.6916        835     3.4750     2.3404  0.000e+00
     85.987    10.4184   3.725955    33.7203        836     3.4792     2.3350  0.000e+00
     86.091    10.3888   3.725459    33.7427        837     3.4833     2.3309  0.000e+00
     86.197    10.3696   3.724530    33.7511        838     3.4875     2.3257  0.000e+00
     86.301    10.3525   3.723849    33.7601        839     3.4917     2.3213  0.000e+00
     86.406    10.3395   3.723726    33.7709        840     3.4958     2.3178  0.000e+00
     86.510    10.3296   3.722716    33.7698        841     3.5000     2.3143  0.000e+00
     86.610    10.3199   3.722468    33.7763        842     3.5042     2.3096  0.000e+00
     86.717    10.3111   3.722239    33.7821        843     3.5083     2.3051  0.000e+00
     86.828    10.3050   3.723249    33.7980        844     3.5125     2.3012  0.000e+00
     86.941    10.3057   3.722673    33.7914        845     3.5167     2.2984  0.000e+00
     87.056    10.3067   3.722240    33.7861        846     3.5208     2.2973  0.000e+00
     87.182    10.3038   3.722537    33.7917        847     3.5250     2.2922  0.000e+00
     87.315    10.3044   3.722494    33.7906        848     3.5292     2.2915  0.000e+00
     87.407    10.3042   3.720698    33.7727        849     3.5333     2.2883  0.000e+00
     87.441    10.2948   3.718370    33.7578        850     3.5375     2.2859  0.000e+00
     87.434    10.2729   3.718822    33.7828        851     3.5417     2.2844  0.000e+00
     87.400    10.2605   3.718977    33.7959        852     3.5458     2.2828  0.000e+00
     87.362    10.2575   3.718426    33.7932        853     3.5500     2.2798  0.000e+00
     87.339    10.2538   3.718141    33.7937        854     3.5542     2.2792  0.000e+00
     87.315    10.2483   3.717962    33.7970        855     3.5583     2.2780  0.000e+00
     87.303    10.2452   3.717640    33.7967        856     3.5625     2.2763  0.000e+00
     87.286    10.2403   3.718321    33.8081        857     3.5667     2.2767  0.000e+00
     87.267    10.2415   3.718686    33.8107        858     3.5708     2.2750  0.000e+00
     87.243    10.2469   3.718729    33.8061        859     3.5750     2.2756  0.000e+00
     87.224    10.2519   3.718841    33.8026        860     3.5792     2.2742  0.000e+00
     87.197    10.2555   3.718643    33.7973        861     3.5833     2.2739  0.000e+00
     87.166    10.2568   3.718593    33.7956        862     3.5875     2.2744  0.000e+00
     87.130    10.2564   3.718277    33.7928        863     3.5917     2.2725  0.000e+00
     87.101    10.2547   3.717801    33.7896        864     3.5958     2.2725  0.000e+00
     87.058    10.2494   3.717367    33.7901        865     3.6000     2.2713  0.000e+00
     87.008    10.2425   3.717213    33.7950        866     3.6042     2.2710  0.000e+00
     86.972    10.2371   3.717417    33.8021        867     3.6083     2.2711  0.000e+00
     86.918    10.2353   3.717869    33.8084        868     3.6125     2.2708  0.000e+00
     86.826    10.2386   3.717002    33.7966        869     3.6167     2.2696  0.000e+00
     86.717    10.2370   3.718030    33.8085        870     3.6208     2.2695  0.000e+00
     86.591    10.2396   3.718568    33.8116        871     3.6250     2.2698  0.000e+00
     86.519    10.2479   3.719138    33.8097        872     3.6292     2.2687  0.000e+00
     86.459    10.2565   3.719292    33.8032        873     3.6333     2.2700  0.000e+00
     86.402    10.2642   3.719045    33.7936        874     3.6375     2.2700  0.000e+00
     86.325    10.2683   3.718840    33.7878        875     3.6417     2.2699  0.000e+00
     86.237    10.2680   3.719565    33.7954        876     3.6458     2.2718  0.000e+00
     86.141    10.2717   3.720134    33.7978        877     3.6500     2.2713  0.000e+00
     86.053    10.2784   3.719335    33.7835        878     3.6542     2.2709  0.000e+00
     85.976    10.2788   3.719930    33.7891        879     3.6583     2.2706  0.000e+00
     85.890    10.2817   3.719954    33.7868        880     3.6625     2.2713  0.000e+00
     85.810    10.2849   3.720970    33.7941        881     3.6667     2.2713  0.000e+00
     85.735    10.2922   3.721453    33.7921        882     3.6708     2.2716  0.000e+00
     85.667    10.3026   3.722016    33.7882        883     3.6750     2.2713  0.000e+00
     85.593    10.3116   3.722239    33.7822        884     3.6792     2.2716  0.000e+00
     85.532    10.3200   3.721651    33.7684        885     3.6833     2.2722  0.000e+00
     85.451    10.3218   3.722034    33.7706        886     3.6875     2.2735  0.000e+00
     85.365    10.3232   3.723577    33.7850        887     3.6917     2.2733  0.000e+00
     85.269    10.3318   3.726166    33.8031        888     3.6958     2.2731  0.000e+00
     85.179    10.3574   3.726779    33.7856        889     3.7000     2.2752  0.000e+00
     85.090    10.3785   3.723923    33.7373        890     3.7042     2.2762  0.000e+00
     85.005    10.3785   3.726370    33.7620        891     3.7083     2.2764  0.000e+00
     84.924    10.3856   3.733368    33.8260        892     3.7125     2.2772  0.000e+00
     84.842    10.4335   3.731984    33.7676        893     3.7167     2.2789  0.000e+00
     84.755    10.4665   3.733367    33.7509        894     3.7208     2.2794  0.000e+00
     84.665    10.4899   3.736852    33.7644        895     3.7250     2.2822  0.000e+00
     84.583    10.5234   3.742343    33.7885        896     3.7292     2.2824  0.000e+00
     84.500    10.5800   3.740766    33.7203        897     3.7333     2.2847  0.000e+00
     84.412    10.6123   3.747594    33.7591        898     3.7375     2.2854  0.000e+00
     84.318    10.6677   3.773395    33.9665        899     3.7417     2.2871  0.000e+00
     84.218    10.8560   3.784210    33.9000        900     3.7458     2.2895  0.000e+00
     84.106    11.0821   3.782736    33.6772        901     3.7500     2.2942  0.000e+00
     83.997    11.2304   3.772131    33.4371        902     3.7542     2.3003  0.000e+00
     83.874    11.2827   3.759380    33.2642        903     3.7583     2.3032  0.000e+00
     83.749    11.2643   3.751959    33.2076        904     3.7625     2.3090  0.000e+00
     83.617    11.2161   3.745270    33.1851        905     3.7667     2.3125  0.000e+00
     83.474    11.1632   3.744756    33.2278        906     3.7708     2.3158  0.000e+00
     83.333    11.1242   3.743912    33.2547        907     3.7750     2.3203  0.000e+00
     83.173    11.1017   3.744781    33.2837        908     3.7792     2.3253  0.000e+00
