PC2305/sbe144.cnv
* Sea-Bird SBE 19plus V2 Data File:
* FileName = C:\cruise\data\sbe144.hex
* Software Version Seasave V 7.26.7.121
* Temperature SN = 7142
* Conductivity SN = 7142
* System UpLoad Time = Nov 11 2023 02:35:28
** Cruise: PC2205
** Program: ECOMON
# nquan = 8
# nvalues = 3824                                  
# units = specified
# name 0 = depSM: Depth [salt water, m], lat = 40.00
# name 1 = tv290C: Temperature [ITS-90, deg C]
# name 2 = c0S/m: Conductivity [S/m]
# name 3 = sal00: Salinity, Practical [PSU]
# name 4 = scan: Scan Count
# name 5 = timeM: Time, Elapsed [minutes]
# name 6 = sbeox0V: Oxygen raw, SBE 43 [V]
# name 7 = flag:  0.000e+00
# span 0 =     -0.093,    201.744                 
# span 1 =     8.2613,    11.1372                 
# span 2 =   0.000166,   3.645487                 
# span 3 =     0.0051,    34.2675                 
# span 4 =         11,       3834                 
# span 5 =     0.0417,    15.9708                 
# span 6 =     1.6285,     2.8957                 
# span 7 = 0.0000e+00, 0.0000e+00                 
# interval = seconds: 0.25
# start_time = Nov 11 2023 02:35:28 [System UTC, header]
# bad_flag = -9.990e-29
*END*
[from data line 2877]
     74.560     8.9605   3.536500    33.1398       2888    12.0292     1.9505  0.000e+00
     74.550     8.9654   3.536324    33.1334       2889    12.0333     1.9524  0.000e+00
     74.526     8.9700   3.537052    33.1368       2890    12.0375     1.9546  0.000e+00
     74.499     8.9766   3.538028    33.1408       2891    12.0417     1.9548  0.000e+00
     74.465     8.9850   3.539012    33.1432       2892    12.0458     1.9555  0.000e+00
     74.424     8.9926   3.539703    33.1434       2893    12.0500     1.9521  0.000e+00
     74.368     9.0002   3.540444    33.1440       2894    12.0542     1.9515  0.000e+00
     74.303     9.0088   3.541233    33.1442       2895    12.0583     1.9464  0.000e+00
     74.230     9.0195   3.543054    33.1533       2896    12.0625     1.9412  0.000e+00
     74.136     9.0356   3.546540    33.1745       2897    12.0667     1.9356  0.000e+00
     74.043     9.0598   3.549997    33.1880       2898    12.0708     1.9278  0.000e+00
     73.937     9.0877   3.552154    33.1844       2899    12.0750     1.9209  0.000e+00
     73.829     9.1156   3.553825    33.1758       2900    12.0792     1.9187  0.000e+00
     73.723     9.1394   3.554877    33.1647       2901    12.0833     1.9206  0.000e+00
     73.624     9.1587   3.555563    33.1538       2902    12.0875     1.9237  0.000e+00
     73.532     9.1740   3.556421    33.1485       2903    12.0917     1.9309  0.000e+00
     73.453     9.1879   3.556980    33.1415       2904    12.0958     1.9382  0.000e+00
     73.379     9.2015   3.557734    33.1366       2905    12.1000     1.9466  0.000e+00
     73.324     9.2143   3.558378    33.1315       2906    12.1042     1.9515  0.000e+00
     73.273     9.2257   3.558549    33.1227       2907    12.1083     1.9568  0.000e+00
     73.232     9.2340   3.558439    33.1139       2908    12.1125     1.9591  0.000e+00
     73.189     9.2413   3.558463    33.1074       2909    12.1167     1.9588  0.000e+00
     73.151     9.2473   3.558938    33.1068       2910    12.1208     1.9586  0.000e+00
     73.110     9.2527   3.559862    33.1113       2911    12.1250     1.9583  0.000e+00
     73.065     9.2582   3.560677    33.1146       2912    12.1292     1.9577  0.000e+00
     73.022     9.2632   3.561237    33.1158       2913    12.1333     1.9582  0.000e+00
     72.959     9.2687   3.561626    33.1148       2914    12.1375     1.9591  0.000e+00
     72.907     9.2742   3.562423    33.1180       2915    12.1417     1.9582  0.000e+00
     72.838     9.2802   3.563068    33.1191       2916    12.1458     1.9587  0.000e+00
     72.768     9.2869   3.563999    33.1225       2917    12.1500     1.9583  0.000e+00
     72.695     9.2944   3.565131    33.1273       2918    12.1542     1.9579  0.000e+00
     72.614     9.3045   3.566404    33.1311       2919    12.1583     1.9565  0.000e+00
     72.535     9.3162   3.567505    33.1317       2920    12.1625     1.9567  0.000e+00
     72.461     9.3293   3.568218    33.1269       2921    12.1667     1.9563  0.000e+00
     72.391     9.3423   3.568839    33.1213       2922    12.1708     1.9583  0.000e+00
     72.321     9.3542   3.569161    33.1137       2923    12.1750     1.9605  0.000e+00
     72.254     9.3649   3.569551    33.1078       2924    12.1792     1.9643  0.000e+00
     72.191     9.3739   3.569770    33.1018       2925    12.1833     1.9699  0.000e+00
     72.132     9.3812   3.569745    33.0948       2926    12.1875     1.9763  0.000e+00
     72.069     9.3881   3.569898    33.0900       2927    12.1917     1.9817  0.000e+00
     72.011     9.3934   3.569958    33.0858       2928    12.1958     1.9857  0.000e+00
     71.954     9.3977   3.570025    33.0825       2929    12.2000     1.9883  0.000e+00
     71.893     9.4013   3.570153    33.0806       2930    12.2042     1.9882  0.000e+00
     71.839     9.4047   3.570135    33.0772       2931    12.2083     1.9889  0.000e+00
     71.789     9.4078   3.570043    33.0734       2932    12.2125     1.9861  0.000e+00
     71.742     9.4105   3.570068    33.0712       2933    12.2167     1.9848  0.000e+00
     71.690     9.4130   3.570263    33.0710       2934    12.2208     1.9824  0.000e+00
     71.643     9.4151   3.570567    33.0722       2935    12.2250     1.9805  0.000e+00
     71.589     9.4167   3.570993    33.0751       2936    12.2292     1.9800  0.000e+00
     71.523     9.4179   3.571383    33.0780       2937    12.2333     1.9777  0.000e+00
     71.447     9.4190   3.571730    33.0807       2938    12.2375     1.9758  0.000e+00
     71.366     9.4206   3.572120    33.0832       2939    12.2417     1.9766  0.000e+00
     71.284     9.4228   3.572486    33.0850       2940    12.2458     1.9760  0.000e+00
     71.190     9.4257   3.572851    33.0861       2941    12.2500     1.9762  0.000e+00
     71.088     9.4290   3.573156    33.0863       2942    12.2542     1.9771  0.000e+00
     70.980     9.4324   3.573503    33.0867       2943    12.2583     1.9803  0.000e+00
     70.870     9.4366   3.573521    33.0830       2944    12.2625     1.9854  0.000e+00
     70.755     9.4404   3.573369    33.0780       2945    12.2667     1.9933  0.000e+00
     70.644     9.4440   3.573155    33.0725       2946    12.2708     2.0012  0.000e+00
     70.532     9.4483   3.572875    33.0657       2947    12.2750     2.0069  0.000e+00
     70.440     9.4527   3.572613    33.0590       2948    12.2792     2.0132  0.000e+00
     70.354     9.4564   3.572351    33.0530       2949    12.2833     2.0176  0.000e+00
     70.286     9.4589   3.572052    33.0476       2950    12.2875     2.0213  0.000e+00
     70.230     9.4614   3.571620    33.0409       2951    12.2917     2.0226  0.000e+00
     70.198     9.4630   3.570974    33.0328       2952    12.2958     2.0245  0.000e+00
     70.182     9.4645   3.570067    33.0221       2953    12.3000     2.0240  0.000e+00
     70.180     9.4647   3.568794    33.0089       2954    12.3042     2.0235  0.000e+00
     70.182     9.4642   3.567929    33.0004       2955    12.3083     2.0212  0.000e+00
     70.185     9.4641   3.568270    33.0040       2956    12.3125     2.0175  0.000e+00
     70.192     9.4641   3.568319    33.0045       2957    12.3167     2.0150  0.000e+00
     70.194     9.4646   3.569811    33.0194       2958    12.3208     2.0101  0.000e+00
     70.182     9.4659   3.570432    33.0246       2959    12.3250     2.0069  0.000e+00
     70.151     9.4665   3.570931    33.0291       2960    12.3292     2.0010  0.000e+00
     70.103     9.4657   3.571535    33.0361       2961    12.3333     1.9954  0.000e+00
     70.029     9.4653   3.572138    33.0427       2962    12.3375     1.9913  0.000e+00
     69.934     9.4663   3.572680    33.0474       2963    12.3417     1.9843  0.000e+00
     69.811     9.4687   3.573033    33.0489       2964    12.3458     1.9781  0.000e+00
     69.673     9.4722   3.573307    33.0486       2965    12.3500     1.9715  0.000e+00
     69.520     9.4762   3.573307    33.0449       2966    12.3542     1.9700  0.000e+00
     69.360     9.4801   3.573283    33.0411       2967    12.3583     1.9735  0.000e+00
     69.193     9.4834   3.573197    33.0373       2968    12.3625     1.9827  0.000e+00
     69.047     9.4856   3.572892    33.0322       2969    12.3667     1.9938  0.000e+00
     68.914     9.4869   3.572636    33.0284       2970    12.3708     2.0109  0.000e+00
     68.799     9.4881   3.572289    33.0239       2971    12.3750     2.0248  0.000e+00
     68.709     9.4885   3.571991    33.0204       2972    12.3792     2.0376  0.000e+00
     68.648     9.4884   3.571582    33.0164       2973    12.3833     2.0464  0.000e+00
     68.609     9.4879   3.570821    33.0090       2974    12.3875     2.0525  0.000e+00
     68.587     9.4870   3.568945    32.9905       2975    12.3917     2.0541  0.000e+00
     68.589     9.4867   3.568361    32.9848       2976    12.3958     2.0569  0.000e+00
     68.596     9.4858   3.568300    32.9850       2977    12.4000     2.0527  0.000e+00
     68.611     9.4783   3.567740    32.9862       2978    12.4042     2.0497  0.000e+00
     68.629     9.4736   3.567697    32.9901       2979    12.4083     2.0435  0.000e+00
     68.632     9.4717   3.568818    33.0033       2980    12.4125     2.0375  0.000e+00
     68.625     9.4712   3.569956    33.0155       2981    12.4167     2.0293  0.000e+00
     68.605     9.4733   3.570736    33.0216       2982    12.4208     2.0221  0.000e+00
     68.560     9.4753   3.571101    33.0235       2983    12.4250     2.0149  0.000e+00
     68.510     9.4770   3.571339    33.0244       2984    12.4292     2.0080  0.000e+00
     68.436     9.4794   3.571753    33.0265       2985    12.4333     2.0004  0.000e+00
     68.348     9.4815   3.572076    33.0279       2986    12.4375     1.9922  0.000e+00
     68.246     9.4830   3.572289    33.0287       2987    12.4417     1.9855  0.000e+00
     68.134     9.4848   3.572167    33.0259       2988    12.4458     1.9786  0.000e+00
     68.010     9.4864   3.571881    33.0216       2989    12.4500     1.9758  0.000e+00
     67.883     9.4886   3.571600    33.0167       2990    12.4542     1.9795  0.000e+00
     67.757     9.4908   3.571381    33.0125       2991    12.4583     1.9867  0.000e+00
     67.640     9.4926   3.571186    33.0089       2992    12.4625     2.0004  0.000e+00
     67.525     9.4944   3.571101    33.0064       2993    12.4667     2.0140  0.000e+00
     67.431     9.4954   3.570948    33.0039       2994    12.4708     2.0250  0.000e+00
     67.340     9.4963   3.570821    33.0019       2995    12.4750     2.0358  0.000e+00
     67.264     9.4970   3.570674    32.9997       2996    12.4792     2.0437  0.000e+00
     67.189     9.4975   3.570473    32.9972       2997    12.4833     2.0506  0.000e+00
     67.147     9.4980   3.570150    32.9935       2998    12.4875     2.0527  0.000e+00
     67.102     9.4985   3.569767    32.9891       2999    12.4917     2.0562  0.000e+00
     67.074     9.4990   3.569353    32.9844       3000    12.4958     2.0560  0.000e+00
     67.041     9.4996   3.568987    32.9801       3001    12.5000     2.0554  0.000e+00
     67.020     9.4998   3.568750    32.9775       3002    12.5042     2.0525  0.000e+00
     66.994     9.4999   3.568750    32.9774       3003    12.5083     2.0498  0.000e+00
     66.969     9.5003   3.568908    32.9787       3004    12.5125     2.0461  0.000e+00
     66.944     9.5010   3.568920    32.9782       3005    12.5167     2.0422  0.000e+00
     66.912     9.5016   3.568945    32.9779       3006    12.5208     2.0373  0.000e+00
     66.878     9.5020   3.568920    32.9773       3007    12.5250     2.0319  0.000e+00
     66.835     9.5022   3.568877    32.9767       3008    12.5292     2.0258  0.000e+00
     66.782     9.5020   3.568902    32.9771       3009    12.5333     2.0200  0.000e+00
     66.721     9.5023   3.569030    32.9782       3010    12.5375     2.0138  0.000e+00
     66.651     9.5023   3.569042    32.9784       3011    12.5417     2.0068  0.000e+00
     66.569     9.5023   3.569182    32.9799       3012    12.5458     2.0017  0.000e+00
     66.477     9.5027   3.569352    32.9812       3013    12.5500     1.9974  0.000e+00
     66.373     9.5033   3.569377    32.9810       3014    12.5542     1.9943  0.000e+00
     66.267     9.5045   3.569395    32.9802       3015    12.5583     1.9929  0.000e+00
     66.159     9.5055   3.569224    32.9775       3016    12.5625     1.9951  0.000e+00
     66.044     9.5065   3.569011    32.9745       3017    12.5667     2.0026  0.000e+00
     65.925     9.5075   3.568816    32.9716       3018    12.5708     2.0104  0.000e+00
     65.808     9.5083   3.568566    32.9684       3019    12.5750     2.0211  0.000e+00
     65.693     9.5096   3.568317    32.9646       3020    12.5792     2.0334  0.000e+00
     65.578     9.5104   3.568061    32.9613       3021    12.5833     2.0456  0.000e+00
     65.472     9.5118   3.567781    32.9572       3022    12.5875     2.0556  0.000e+00
     65.379     9.5137   3.567501    32.9526       3023    12.5917     2.0654  0.000e+00
     65.296     9.5161   3.567178    32.9472       3024    12.5958     2.0717  0.000e+00
     65.231     9.5197   3.566898    32.9410       3025    12.6000     2.0763  0.000e+00
     65.176     9.5234   3.566636    32.9349       3026    12.6042     2.0811  0.000e+00
     65.132     9.5271   3.566344    32.9285       3027    12.6083     2.0834  0.000e+00
     65.096     9.5302   3.566076    32.9229       3028    12.6125     2.0839  0.000e+00
     65.064     9.5327   3.565924    32.9191       3029    12.6167     2.0836  0.000e+00
     65.032     9.5353   3.565966    32.9172       3030    12.6208     2.0804  0.000e+00
     64.996     9.5373   3.565966    32.9154       3031    12.6250     2.0762  0.000e+00
     64.949     9.5398   3.565948    32.9129       3032    12.6292     2.0711  0.000e+00
     64.906     9.5424   3.565990    32.9110       3033    12.6333     2.0680  0.000e+00
     64.845     9.5444   3.566118    32.9104       3034    12.6375     2.0643  0.000e+00
     64.775     9.5473   3.566355    32.9103       3035    12.6417     2.0606  0.000e+00
     64.699     9.5507   3.566763    32.9114       3036    12.6458     2.0561  0.000e+00
     64.609     9.5554   3.567262    32.9123       3037    12.6500     2.0529  0.000e+00
     64.509     9.5605   3.567457    32.9096       3038    12.6542     2.0502  0.000e+00
     64.404     9.5658   3.567628    32.9065       3039    12.6583     2.0496  0.000e+00
     64.288     9.5722   3.568035    32.9049       3040    12.6625     2.0511  0.000e+00
     64.174     9.5805   3.568516    32.9023       3041    12.6667     2.0556  0.000e+00
     64.057     9.5897   3.568900    32.8979       3042    12.6708     2.0641  0.000e+00
     63.948     9.5989   3.569308    32.8936       3043    12.6750     2.0722  0.000e+00
     63.853     9.6090   3.569697    32.8884       3044    12.6792     2.0798  0.000e+00
     63.759     9.6185   3.570002    32.8829       3045    12.6833     2.0873  0.000e+00
     63.680     9.6258   3.570087    32.8771       3046    12.6875     2.0936  0.000e+00
     63.622     9.6320   3.570044    32.8710       3047    12.6917     2.0973  0.000e+00
     63.578     9.6364   3.570020    32.8668       3048    12.6958     2.0996  0.000e+00
     63.538     9.6397   3.569740    32.8609       3049    12.7000     2.0985  0.000e+00
     63.515     9.6421   3.569392    32.8551       3050    12.7042     2.0977  0.000e+00
     63.493     9.6440   3.569137    32.8508       3051    12.7083     2.0939  0.000e+00
     63.477     9.6461   3.569350    32.8510       3052    12.7125     2.0893  0.000e+00
     63.457     9.6482   3.569612    32.8519       3053    12.7167     2.0848  0.000e+00
     63.434     9.6504   3.569953    32.8534       3054    12.7208     2.0801  0.000e+00
     63.400     9.6529   3.570385    32.8554       3055    12.7250     2.0757  0.000e+00
     63.356     9.6557   3.570970    32.8590       3056    12.7292     2.0696  0.000e+00
     63.299     9.6590   3.571554    32.8619       3057    12.7333     2.0642  0.000e+00
     63.232     9.6635   3.572413    32.8667       3058    12.7375     2.0587  0.000e+00
     63.146     9.6703   3.573906    32.8757       3059    12.7417     2.0526  0.000e+00
     63.046     9.6818   3.575874    32.8853       3060    12.7458     2.0444  0.000e+00
     62.929     9.6964   3.577019    32.8837       3061    12.7500     2.0393  0.000e+00
     62.803     9.7099   3.577080    32.8721       3062    12.7542     2.0386  0.000e+00
     62.661     9.7181   3.576367    32.8574       3063    12.7583     2.0419  0.000e+00
     62.521     9.7216   3.576026    32.8508       3064    12.7625     2.0488  0.000e+00
     62.382     9.7231   3.575977    32.8490       3065    12.7667     2.0583  0.000e+00
     62.260     9.7245   3.576068    32.8487       3066    12.7708     2.0715  0.000e+00
