PC2305/sbe162.cnv
* Sea-Bird SBE 19plus V2 Data File:
* FileName = C:\cruise\data\sbe162.hex
* Software Version Seasave V 7.26.7.121
* Temperature SN = 7142
* Conductivity SN = 7142
* System UpLoad Time = Nov 12 2023 17:37:49
** Cruise: PC2205
** Program: ECOMON
# nquan = 8
# nvalues = 5232                                  
# units = specified
# name 0 = depSM: Depth [salt water, m], lat = 40.00
# name 1 = tv290C: Temperature [ITS-90, deg C]
# name 2 = c0S/m: Conductivity [S/m]
# name 3 = sal00: Salinity, Practical [PSU]
# name 4 = scan: Scan Count
# name 5 = timeM: Time, Elapsed [minutes]
# name 6 = sbeox0V: Oxygen raw, SBE 43 [V]
# name 7 = flag:  0.000e+00
# span 0 =      0.082,    201.717                 
# span 1 =     5.6193,    12.1611                 
# span 2 =   0.000155,   3.694384                 
# span 3 =     0.0029,    33.7095                 
# span 4 =         11,       5242                 
# span 5 =     0.0417,    21.8375                 
# span 6 =     1.5542,     2.7794                 
# span 7 = 0.0000e+00, 0.0000e+00                 
# interval = seconds: 0.25
# start_time = Nov 12 2023 17:37:49 [System UTC, header]
# bad_flag = -9.990e-29
*END*
[from data line 5034]
     11.100    12.1564   3.693751    31.8899       5045    21.0167     2.7012  0.000e+00
     11.019    12.1559   3.693751    31.8904       5046    21.0208     2.7032  0.000e+00
     10.938    12.1557   3.693745    31.8906       5047    21.0250     2.7060  0.000e+00
     10.874    12.1557   3.693801    31.8911       5048    21.0292     2.7067  0.000e+00
     10.814    12.1558   3.693751    31.8906       5049    21.0333     2.7068  0.000e+00
     10.759    12.1559   3.693776    31.8908       5050    21.0375     2.7061  0.000e+00
     10.708    12.1562   3.693819    31.8910       5051    21.0417     2.7062  0.000e+00
     10.665    12.1564   3.693819    31.8908       5052    21.0458     2.7049  0.000e+00
     10.629    12.1565   3.693831    31.8908       5053    21.0500     2.7027  0.000e+00
     10.590    12.1568   3.693819    31.8905       5054    21.0542     2.6996  0.000e+00
     10.554    12.1569   3.693819    31.8904       5055    21.0583     2.6957  0.000e+00
     10.507    12.1569   3.693844    31.8907       5056    21.0625     2.6911  0.000e+00
     10.462    12.1570   3.693844    31.8906       5057    21.0667     2.6886  0.000e+00
     10.419    12.1571   3.693856    31.8907       5058    21.0708     2.6899  0.000e+00
     10.363    12.1571   3.693844    31.8906       5059    21.0750     2.6900  0.000e+00
     10.308    12.1570   3.693819    31.8904       5060    21.0792     2.6912  0.000e+00
     10.246    12.1569   3.693732    31.8897       5061    21.0833     2.6929  0.000e+00
     10.180    12.1564   3.693689    31.8898       5062    21.0875     2.6943  0.000e+00
     10.117    12.1558   3.693665    31.8900       5063    21.0917     2.6966  0.000e+00
     10.054    12.1554   3.693683    31.8906       5064    21.0958     2.6977  0.000e+00
      9.991    12.1553   3.693665    31.8905       5065    21.1000     2.6996  0.000e+00
      9.925    12.1550   3.693664    31.8908       5066    21.1042     2.6999  0.000e+00
      9.853    12.1551   3.693689    31.8910       5067    21.1083     2.7006  0.000e+00
      9.790    12.1550   3.693689    31.8911       5068    21.1125     2.7009  0.000e+00
      9.723    12.1551   3.693701    31.8911       5069    21.1167     2.7021  0.000e+00
      9.652    12.1552   3.693689    31.8910       5070    21.1208     2.7029  0.000e+00
      9.572    12.1553   3.693689    31.8909       5071    21.1250     2.7028  0.000e+00
      9.497    12.1552   3.693708    31.8912       5072    21.1292     2.7020  0.000e+00
      9.421    12.1553   3.693708    31.8912       5073    21.1333     2.7015  0.000e+00
      9.346    12.1557   3.693732    31.8911       5074    21.1375     2.6996  0.000e+00
      9.281    12.1557   3.693745    31.8912       5075    21.1417     2.7006  0.000e+00
      9.213    12.1559   3.693732    31.8909       5076    21.1458     2.6990  0.000e+00
      9.152    12.1562   3.693732    31.8908       5077    21.1500     2.6975  0.000e+00
      9.094    12.1561   3.693707    31.8906       5078    21.1542     2.6965  0.000e+00
      9.044    12.1561   3.693707    31.8906       5079    21.1583     2.6945  0.000e+00
      8.990    12.1561   3.693726    31.8908       5080    21.1625     2.6937  0.000e+00
      8.938    12.1560   3.693732    31.8910       5081    21.1667     2.6936  0.000e+00
      8.884    12.1560   3.693732    31.8910       5082    21.1708     2.6931  0.000e+00
      8.823    12.1562   3.693732    31.8909       5083    21.1750     2.6951  0.000e+00
      8.747    12.1564   3.693750    31.8909       5084    21.1792     2.6970  0.000e+00
      8.683    12.1563   3.693732    31.8908       5085    21.1833     2.6986  0.000e+00
      8.615    12.1564   3.693726    31.8908       5086    21.1875     2.7000  0.000e+00
      8.543    12.1565   3.693732    31.8907       5087    21.1917     2.7007  0.000e+00
      8.478    12.1564   3.693732    31.8909       5088    21.1958     2.7014  0.000e+00
      8.401    12.1564   3.693732    31.8909       5089    21.2000     2.7026  0.000e+00
      8.323    12.1564   3.693707    31.8907       5090    21.2042     2.7031  0.000e+00
      8.250    12.1562   3.693707    31.8908       5091    21.2083     2.7044  0.000e+00
      8.180    12.1564   3.693701    31.8907       5092    21.2125     2.7050  0.000e+00
      8.120    12.1562   3.693689    31.8907       5093    21.2167     2.7085  0.000e+00
      8.057    12.1559   3.693689    31.8910       5094    21.2208     2.7098  0.000e+00
      7.996    12.1559   3.693664    31.8908       5095    21.2250     2.7089  0.000e+00
      7.941    12.1559   3.693664    31.8908       5096    21.2292     2.7087  0.000e+00
      7.887    12.1559   3.693682    31.8910       5097    21.2333     2.7089  0.000e+00
      7.829    12.1559   3.693664    31.8908       5098    21.2375     2.7064  0.000e+00
      7.770    12.1562   3.693664    31.8907       5099    21.2417     2.7034  0.000e+00
      7.711    12.1560   3.693664    31.8908       5100    21.2458     2.7032  0.000e+00
      7.637    12.1557   3.693639    31.8909       5101    21.2500     2.7018  0.000e+00
      7.560    12.1559   3.693664    31.8909       5102    21.2542     2.7011  0.000e+00
      7.481    12.1559   3.693639    31.8907       5103    21.2583     2.7019  0.000e+00
      7.394    12.1557   3.693639    31.8910       5104    21.2625     2.7025  0.000e+00
      7.312    12.1558   3.693639    31.8909       5105    21.2667     2.7045  0.000e+00
      7.229    12.1558   3.693639    31.8910       5106    21.2708     2.7048  0.000e+00
      7.152    12.1556   3.693639    31.8912       5107    21.2750     2.7059  0.000e+00
      7.083    12.1557   3.693657    31.8913       5108    21.2792     2.7071  0.000e+00
      7.022    12.1560   3.693663    31.8911       5109    21.2833     2.7064  0.000e+00
      6.972    12.1562   3.693663    31.8909       5110    21.2875     2.7050  0.000e+00
      6.936    12.1563   3.693688    31.8911       5111    21.2917     2.7035  0.000e+00
      6.909    12.1567   3.693688    31.8908       5112    21.2958     2.6995  0.000e+00
      6.884    12.1566   3.693688    31.8909       5113    21.3000     2.6958  0.000e+00
      6.855    12.1566   3.693700    31.8911       5114    21.3042     2.6892  0.000e+00
      6.825    12.1569   3.693688    31.8907       5115    21.3083     2.6826  0.000e+00
      6.783    12.1569   3.693688    31.8907       5116    21.3125     2.6766  0.000e+00
      6.738    12.1567   3.693688    31.8909       5117    21.3167     2.6709  0.000e+00
      6.681    12.1567   3.693688    31.8909       5118    21.3208     2.6688  0.000e+00
      6.614    12.1567   3.693725    31.8913       5119    21.3250     2.6687  0.000e+00
      6.526    12.1566   3.693731    31.8914       5120    21.3292     2.6704  0.000e+00
      6.427    12.1570   3.693688    31.8907       5121    21.3333     2.6743  0.000e+00
      6.321    12.1571   3.693688    31.8907       5122    21.3375     2.6807  0.000e+00
      6.212    12.1569   3.693731    31.8913       5123    21.3417     2.6867  0.000e+00
      6.102    12.1571   3.693750    31.8914       5124    21.3458     2.6913  0.000e+00
      6.014    12.1573   3.693725    31.8910       5125    21.3500     2.6970  0.000e+00
      5.933    12.1573   3.693731    31.8911       5126    21.3542     2.7019  0.000e+00
      5.876    12.1574   3.693706    31.8908       5127    21.3583     2.7045  0.000e+00
      5.825    12.1574   3.693706    31.8909       5128    21.3625     2.7060  0.000e+00
      5.791    12.1574   3.693688    31.8907       5129    21.3667     2.7054  0.000e+00
      5.759    12.1573   3.693688    31.8908       5130    21.3708     2.7027  0.000e+00
      5.732    12.1575   3.693681    31.8905       5131    21.3750     2.6986  0.000e+00
      5.707    12.1574   3.693663    31.8905       5132    21.3792     2.6931  0.000e+00
      5.674    12.1574   3.693688    31.8907       5133    21.3833     2.6853  0.000e+00
      5.642    12.1576   3.693688    31.8905       5134    21.3875     2.6737  0.000e+00
      5.603    12.1576   3.693731    31.8910       5135    21.3917     2.6624  0.000e+00
      5.549    12.1575   3.693725    31.8910       5136    21.3958     2.6457  0.000e+00
      5.486    12.1576   3.693706    31.8908       5137    21.4000     2.6341  0.000e+00
      5.403    12.1575   3.693706    31.8909       5138    21.4042     2.6291  0.000e+00
      5.322    12.1575   3.693638    31.8903       5139    21.4083     2.6323  0.000e+00
      5.232    12.1574   3.693638    31.8905       5140    21.4125     2.6418  0.000e+00
      5.135    12.1569   3.693527    31.8898       5141    21.4167     2.6518  0.000e+00
      5.044    12.1563   3.693595    31.8910       5142    21.4208     2.6617  0.000e+00
      4.943    12.1564   3.693687    31.8919       5143    21.4250     2.6716  0.000e+00
      4.855    12.1566   3.693619    31.8911       5144    21.4292     2.6819  0.000e+00
      4.772    12.1564   3.693527    31.8904       5145    21.4333     2.6900  0.000e+00
      4.697    12.1562   3.693502    31.8904       5146    21.4375     2.6970  0.000e+00
      4.623    12.1561   3.693484    31.8903       5147    21.4417     2.7018  0.000e+00
      4.562    12.1555   3.693502    31.8910       5148    21.4458     2.7048  0.000e+00
      4.530    12.1556   3.693502    31.8909       5149    21.4500     2.7049  0.000e+00
      4.512    12.1556   3.693484    31.8908       5150    21.4542     2.7027  0.000e+00
      4.521    12.1555   3.693440    31.8904       5151    21.4583     2.6984  0.000e+00
      4.526    12.1557   3.693391    31.8897       5152    21.4625     2.6903  0.000e+00
      4.533    12.1559   3.693403    31.8897       5153    21.4667     2.6789  0.000e+00
      4.522    12.1557   3.693416    31.8900       5154    21.4708     2.6640  0.000e+00
      4.499    12.1559   3.693502    31.8907       5155    21.4750     2.6494  0.000e+00
      4.458    12.1562   3.693619    31.8916       5156    21.4792     2.6316  0.000e+00
      4.413    12.1564   3.693687    31.8921       5157    21.4833     2.6146  0.000e+00
      4.336    12.1568   3.693706    31.8919       5158    21.4875     2.5983  0.000e+00
      4.213    12.1574   3.693699    31.8915       5159    21.4917     2.5880  0.000e+00
      4.064    12.1574   3.693687    31.8913       5160    21.4958     2.5871  0.000e+00
      3.901    12.1575   3.693638    31.8909       5161    21.5000     2.5933  0.000e+00
      3.737    12.1574   3.693594    31.8906       5162    21.5042     2.6065  0.000e+00
      3.586    12.1573   3.693638    31.8912       5163    21.5083     2.6213  0.000e+00
      3.464    12.1573   3.693594    31.8908       5164    21.5125     2.6356  0.000e+00
      3.406    12.1572   3.693551    31.8905       5165    21.5167     2.6508  0.000e+00
      3.396    12.1568   3.693502    31.8904       5166    21.5208     2.6582  0.000e+00
      3.417    12.1565   3.693483    31.8904       5167    21.5250     2.6656  0.000e+00
      3.439    12.1565   3.693483    31.8904       5168    21.5292     2.6701  0.000e+00
      3.482    12.1562   3.693483    31.8907       5169    21.5333     2.6678  0.000e+00
      3.511    12.1559   3.693508    31.8912       5170    21.5375     2.6609  0.000e+00
      3.536    12.1559   3.693502    31.8910       5171    21.5417     2.6486  0.000e+00
      3.548    12.1559   3.693502    31.8911       5172    21.5458     2.6362  0.000e+00
      3.539    12.1559   3.693415    31.8903       5173    21.5500     2.6212  0.000e+00
      3.514    12.1559   3.693440    31.8905       5174    21.5542     2.6039  0.000e+00
      3.448    12.1557   3.693421    31.8905       5175    21.5583     2.5875  0.000e+00
      3.340    12.1552   3.693483    31.8916       5176    21.5625     2.5712  0.000e+00
      3.189    12.1555   3.693526    31.8918       5177    21.5667     2.5618  0.000e+00
      3.040    12.1558   3.693551    31.8918       5178    21.5708     2.5614  0.000e+00
      2.903    12.1561   3.693569    31.8918       5179    21.5750     2.5721  0.000e+00
      2.808    12.1569   3.693569    31.8912       5180    21.5792     2.5885  0.000e+00
      2.747    12.1570   3.693526    31.8907       5181    21.5833     2.6058  0.000e+00
      2.706    12.1567   3.693458    31.8903       5182    21.5875     2.6223  0.000e+00
      2.677    12.1565   3.693390    31.8898       5183    21.5917     2.6361  0.000e+00
      2.643    12.1559   3.693347    31.8899       5184    21.5958     2.6475  0.000e+00
      2.609    12.1552   3.693304    31.8902       5185    21.6000     2.6564  0.000e+00
      2.580    12.1546   3.693279    31.8904       5186    21.6042     2.6586  0.000e+00
      2.562    12.1543   3.693273    31.8906       5187    21.6083     2.6604  0.000e+00
      2.535    12.1540   3.693254    31.8907       5188    21.6125     2.6556  0.000e+00
      2.490    12.1538   3.693236    31.8907       5189    21.6167     2.6485  0.000e+00
      2.423    12.1537   3.693254    31.8910       5190    21.6208     2.6403  0.000e+00
      2.359    12.1534   3.693254    31.8913       5191    21.6250     2.6364  0.000e+00
      2.287    12.1534   3.693273    31.8915       5192    21.6292     2.6379  0.000e+00
      2.213    12.1535   3.693254    31.8913       5193    21.6333     2.6424  0.000e+00
      2.134    12.1533   3.693236    31.8913       5194    21.6375     2.6503  0.000e+00
      2.039    12.1533   3.693143    31.8904       5195    21.6417     2.6590  0.000e+00
      1.942    12.1524   3.692563    31.8857       5196    21.6458     2.6683  0.000e+00
      1.868    12.1491   3.692334    31.8863       5197    21.6500     2.6775  0.000e+00
      1.809    12.1460   3.692266    31.8883       5198    21.6542     2.6843  0.000e+00
      1.784    12.1444   3.692427    31.8913       5199    21.6583     2.6894  0.000e+00
      1.766    12.1438   3.692446    31.8920       5200    21.6625     2.6923  0.000e+00
      1.767    12.1434   3.692470    31.8925       5201    21.6667     2.6932  0.000e+00
      1.762    12.1434   3.692384    31.8917       5202    21.6708     2.6904  0.000e+00
      1.735    12.1431   3.692390    31.8921       5203    21.6750     2.6839  0.000e+00
      1.694    12.1432   3.692470    31.8927       5204    21.6792     2.6754  0.000e+00
      1.647    12.1434   3.692248    31.8905       5205    21.6833     2.6628  0.000e+00
      1.588    12.1425   3.692155    31.8903       5206    21.6875     2.6559  0.000e+00
      1.496    12.1419   3.692334    31.8926       5207    21.6917     2.6516  0.000e+00
      1.397    12.1421   3.692402    31.8932       5208    21.6958     2.6543  0.000e+00
      1.315    12.1427   3.692433    31.8930       5209    21.7000     2.6590  0.000e+00
      1.246    12.1432   3.692445    31.8927       5210    21.7042     2.6684  0.000e+00
      1.187    12.1440   3.692717    31.8946       5211    21.7083     2.6747  0.000e+00
      1.120    12.1448   3.692470    31.8916       5212    21.7125     2.6808  0.000e+00
      1.067    12.1450   3.692384    31.8907       5213    21.7167     2.6864  0.000e+00
      1.013    12.1446   3.692402    31.8911       5214    21.7208     2.6916  0.000e+00
      0.968    12.1444   3.692501    31.8923       5215    21.7250     2.6960  0.000e+00
      0.935    12.1446   3.692470    31.8919       5216    21.7292     2.6998  0.000e+00
      0.926    12.1447   3.692402    31.8911       5217    21.7333     2.7011  0.000e+00
      0.932    12.1446   3.692495    31.8921       5218    21.7375     2.7008  0.000e+00
      0.903    12.1451   3.692562    31.8923       5219    21.7417     2.6986  0.000e+00
      0.890    12.1455   3.692390    31.8904       5220    21.7458     2.6939  0.000e+00
      0.885    12.1450   3.692359    31.8905       5221    21.7500     2.6905  0.000e+00
      0.829    12.1445   3.692538    31.8926       5222    21.7542     2.6870  0.000e+00
      0.756    12.1450   3.692741    31.8942       5223    21.7583     2.6866  0.000e+00
