PC2305/sbe149.cnv
* Sea-Bird SBE 19plus V2 Data File:
* FileName = C:\cruise\data\sbe149.hex
* Software Version Seasave V 7.26.7.121
* Temperature SN = 7142
* Conductivity SN = 7142
* System UpLoad Time = Nov 11 2023 12:45:24
** Cruise: PC2205
** Program: ECOMON
# nquan = 8
# nvalues = 2270                                  
# units = specified
# name 0 = depSM: Depth [salt water, m], lat = 40.00
# name 1 = tv290C: Temperature [ITS-90, deg C]
# name 2 = c0S/m: Conductivity [S/m]
# name 3 = sal00: Salinity, Practical [PSU]
# name 4 = scan: Scan Count
# name 5 = timeM: Time, Elapsed [minutes]
# name 6 = sbeox0V: Oxygen raw, SBE 43 [V]
# name 7 = flag:  0.000e+00
# span 0 =     -0.063,     59.962                 
# span 1 =     7.8276,    10.2970                 
# span 2 =   0.000458,   3.510538                 
# span 3 =     0.0058,    31.8704                 
# span 4 =         11,       2280                 
# span 5 =     0.0417,     9.4958                 
# span 6 =     2.2325,     2.7209                 
# span 7 = 0.0000e+00, 0.0000e+00                 
# interval = seconds: 0.25
# start_time = Nov 11 2023 12:45:24 [System UTC, header]
# bad_flag = -9.990e-29
*END*
[from data line 1618]
     36.763    10.1571   3.496391    31.6660       1629     6.7833     2.5650  0.000e+00
     36.732    10.1571   3.496348    31.6655       1630     6.7875     2.5641  0.000e+00
     36.704    10.1573   3.496240    31.6643       1631     6.7917     2.5640  0.000e+00
     36.659    10.1575   3.496264    31.6644       1632     6.7958     2.5632  0.000e+00
     36.605    10.1577   3.496155    31.6631       1633     6.8000     2.5618  0.000e+00
     36.533    10.1579   3.496028    31.6617       1634     6.8042     2.5616  0.000e+00
     36.447    10.1585   3.495992    31.6609       1635     6.8083     2.5614  0.000e+00
     36.351    10.1588   3.495859    31.6593       1636     6.8125     2.5620  0.000e+00
     36.244    10.1588   3.495841    31.6592       1637     6.8167     2.5634  0.000e+00
     36.134    10.1593   3.496016    31.6606       1638     6.8208     2.5653  0.000e+00
     36.015    10.1591   3.496070    31.6613       1639     6.8250     2.5682  0.000e+00
     35.911    10.1590   3.496094    31.6617       1640     6.8292     2.5696  0.000e+00
     35.814    10.1586   3.496191    31.6631       1641     6.8333     2.5713  0.000e+00
     35.719    10.1584   3.496263    31.6640       1642     6.8375     2.5729  0.000e+00
     35.634    10.1583   3.496263    31.6642       1643     6.8417     2.5742  0.000e+00
     35.559    10.1579   3.496058    31.6624       1644     6.8458     2.5736  0.000e+00
     35.505    10.1581   3.495883    31.6606       1645     6.8500     2.5733  0.000e+00
     35.444    10.1587   3.495859    31.6598       1646     6.8542     2.5720  0.000e+00
     35.390    10.1591   3.495925    31.6601       1647     6.8583     2.5717  0.000e+00
     35.341    10.1591   3.495696    31.6579       1648     6.8625     2.5709  0.000e+00
     35.280    10.1595   3.495696    31.6575       1649     6.8667     2.5691  0.000e+00
     35.239    10.1600   3.495659    31.6568       1650     6.8708     2.5678  0.000e+00
     35.185    10.1602   3.495774    31.6577       1651     6.8750     2.5658  0.000e+00
     35.120    10.1599   3.495798    31.6583       1652     6.8792     2.5621  0.000e+00
     35.048    10.1597   3.495798    31.6585       1653     6.8833     2.5604  0.000e+00
     34.982    10.1598   3.495683    31.6573       1654     6.8875     2.5594  0.000e+00
     34.905    10.1598   3.495611    31.6565       1655     6.8917     2.5584  0.000e+00
     34.829    10.1601   3.495526    31.6555       1656     6.8958     2.5582  0.000e+00
     34.752    10.1603   3.495617    31.6563       1657     6.9000     2.5577  0.000e+00
     34.689    10.1603   3.495611    31.6562       1658     6.9042     2.5571  0.000e+00
     34.639    10.1602   3.495671    31.6569       1659     6.9083     2.5562  0.000e+00
     34.590    10.1602   3.495418    31.6544       1660     6.9125     2.5560  0.000e+00
     34.543    10.1605   3.495273    31.6527       1661     6.9167     2.5554  0.000e+00
     34.502    10.1614   3.495122    31.6504       1662     6.9208     2.5553  0.000e+00
     34.470    10.1620   3.494952    31.6483       1663     6.9250     2.5564  0.000e+00
     34.417    10.1625   3.494958    31.6478       1664     6.9292     2.5565  0.000e+00
     34.383    10.1633   3.495001    31.6476       1665     6.9333     2.5575  0.000e+00
     34.338    10.1633   3.495152    31.6492       1666     6.9375     2.5566  0.000e+00
     34.281    10.1631   3.495188    31.6497       1667     6.9417     2.5563  0.000e+00
     34.229    10.1626   3.495291    31.6512       1668     6.9458     2.5559  0.000e+00
     34.162    10.1625   3.494952    31.6479       1669     6.9500     2.5565  0.000e+00
     34.081    10.1629   3.494493    31.6429       1670     6.9542     2.5567  0.000e+00
     34.011    10.1641   3.494324    31.6403       1671     6.9583     2.5574  0.000e+00
     33.932    10.1654   3.494179    31.6377       1672     6.9625     2.5597  0.000e+00
     33.860    10.1664   3.494095    31.6360       1673     6.9667     2.5613  0.000e+00
     33.796    10.1666   3.494892    31.6439       1674     6.9708     2.5618  0.000e+00
     33.729    10.1656   3.495188    31.6477       1675     6.9750     2.5633  0.000e+00
     33.668    10.1643   3.494934    31.6464       1676     6.9792     2.5630  0.000e+00
     33.625    10.1637   3.494976    31.6473       1677     6.9833     2.5640  0.000e+00
     33.587    10.1635   3.494807    31.6458       1678     6.9875     2.5633  0.000e+00
     33.564    10.1638   3.494819    31.6457       1679     6.9917     2.5639  0.000e+00
     33.540    10.1637   3.495061    31.6482       1680     6.9958     2.5629  0.000e+00
     33.524    10.1632   3.494958    31.6476       1681     7.0000     2.5610  0.000e+00
     33.506    10.1633   3.494886    31.6468       1682     7.0042     2.5601  0.000e+00
     33.481    10.1634   3.495230    31.6502       1683     7.0083     2.5588  0.000e+00
     33.441    10.1627   3.495272    31.6513       1684     7.0125     2.5582  0.000e+00
     33.397    10.1622   3.495218    31.6512       1685     7.0167     2.5568  0.000e+00
     33.328    10.1620   3.495230    31.6515       1686     7.0208     2.5565  0.000e+00
     33.260    10.1620   3.495206    31.6513       1687     7.0250     2.5575  0.000e+00
     33.170    10.1619   3.495200    31.6514       1688     7.0292     2.5580  0.000e+00
     33.073    10.1618   3.495163    31.6512       1689     7.0333     2.5583  0.000e+00
     32.960    10.1621   3.495121    31.6505       1690     7.0375     2.5597  0.000e+00
     32.850    10.1622   3.495067    31.6499       1691     7.0417     2.5615  0.000e+00
     32.746    10.1622   3.494934    31.6486       1692     7.0458     2.5636  0.000e+00
     32.645    10.1627   3.494849    31.6474       1693     7.0500     2.5663  0.000e+00
     32.557    10.1630   3.494831    31.6469       1694     7.0542     2.5692  0.000e+00
     32.484    10.1633   3.494819    31.6466       1695     7.0583     2.5733  0.000e+00
     32.415    10.1635   3.494704    31.6453       1696     7.0625     2.5743  0.000e+00
     32.377    10.1637   3.494722    31.6453       1697     7.0667     2.5744  0.000e+00
     32.356    10.1640   3.494752    31.6454       1698     7.0708     2.5753  0.000e+00
     32.343    10.1638   3.494764    31.6457       1699     7.0750     2.5741  0.000e+00
     32.347    10.1637   3.494789    31.6460       1700     7.0792     2.5739  0.000e+00
     32.365    10.1639   3.494819    31.6461       1701     7.0833     2.5713  0.000e+00
     32.395    10.1636   3.494831    31.6465       1702     7.0875     2.5673  0.000e+00
     32.421    10.1635   3.494831    31.6466       1703     7.0917     2.5640  0.000e+00
     32.453    10.1637   3.494843    31.6465       1704     7.0958     2.5610  0.000e+00
     32.469    10.1636   3.494873    31.6469       1705     7.1000     2.5584  0.000e+00
     32.466    10.1635   3.494873    31.6469       1706     7.1042     2.5555  0.000e+00
     32.446    10.1634   3.494885    31.6472       1707     7.1083     2.5558  0.000e+00
     32.404    10.1634   3.494891    31.6473       1708     7.1125     2.5554  0.000e+00
     32.347    10.1633   3.494831    31.6468       1709     7.1167     2.5557  0.000e+00
     32.275    10.1633   3.494843    31.6469       1710     7.1208     2.5568  0.000e+00
     32.205    10.1635   3.494807    31.6464       1711     7.1250     2.5594  0.000e+00
     32.131    10.1636   3.494764    31.6459       1712     7.1292     2.5630  0.000e+00
     32.056    10.1637   3.494625    31.6445       1713     7.1333     2.5649  0.000e+00
     31.973    10.1639   3.494553    31.6436       1714     7.1375     2.5668  0.000e+00
     31.907    10.1643   3.494595    31.6437       1715     7.1417     2.5674  0.000e+00
     31.835    10.1644   3.494535    31.6431       1716     7.1458     2.5694  0.000e+00
     31.793    10.1647   3.494468    31.6422       1717     7.1500     2.5692  0.000e+00
     31.757    10.1649   3.494493    31.6423       1718     7.1542     2.5683  0.000e+00
     31.738    10.1650   3.494511    31.6423       1719     7.1583     2.5668  0.000e+00
     31.730    10.1649   3.494535    31.6427       1720     7.1625     2.5642  0.000e+00
     31.721    10.1648   3.494577    31.6432       1721     7.1667     2.5623  0.000e+00
     31.725    10.1648   3.494553    31.6429       1722     7.1708     2.5614  0.000e+00
     31.721    10.1647   3.494444    31.6419       1723     7.1750     2.5597  0.000e+00
     31.718    10.1650   3.494408    31.6413       1724     7.1792     2.5588  0.000e+00
     31.711    10.1652   3.494408    31.6411       1725     7.1833     2.5579  0.000e+00
     31.694    10.1656   3.494402    31.6407       1726     7.1875     2.5549  0.000e+00
     31.662    10.1656   3.494366    31.6404       1727     7.1917     2.5537  0.000e+00
     31.633    10.1656   3.494468    31.6414       1728     7.1958     2.5524  0.000e+00
     31.594    10.1654   3.494819    31.6451       1729     7.2000     2.5519  0.000e+00
     31.547    10.1646   3.495000    31.6477       1730     7.2042     2.5526  0.000e+00
     31.493    10.1636   3.494915    31.6477       1731     7.2083     2.5546  0.000e+00
     31.437    10.1634   3.494885    31.6476       1732     7.2125     2.5564  0.000e+00
     31.385    10.1631   3.494933    31.6484       1733     7.2167     2.5579  0.000e+00
     31.333    10.1629   3.494788    31.6471       1734     7.2208     2.5586  0.000e+00
     31.285    10.1630   3.494800    31.6472       1735     7.2250     2.5591  0.000e+00
     31.238    10.1634   3.494764    31.6465       1736     7.2292     2.5591  0.000e+00
     31.209    10.1635   3.494764    31.6464       1737     7.2333     2.5589  0.000e+00
     31.184    10.1634   3.494831    31.6472       1738     7.2375     2.5591  0.000e+00
     31.171    10.1633   3.494818    31.6471       1739     7.2417     2.5572  0.000e+00
     31.164    10.1634   3.494873    31.6476       1740     7.2458     2.5559  0.000e+00
     31.164    10.1633   3.494806    31.6471       1741     7.2500     2.5539  0.000e+00
     31.179    10.1633   3.494734    31.6463       1742     7.2542     2.5533  0.000e+00
     31.189    10.1637   3.494553    31.6441       1743     7.2583     2.5536  0.000e+00
     31.206    10.1641   3.494384    31.6420       1744     7.2625     2.5527  0.000e+00
     31.222    10.1647   3.494426    31.6420       1745     7.2667     2.5518  0.000e+00
     31.227    10.1651   3.494347    31.6409       1746     7.2708     2.5509  0.000e+00
     31.209    10.1654   3.494196    31.6391       1747     7.2750     2.5504  0.000e+00
     31.177    10.1658   3.494227    31.6390       1748     7.2792     2.5501  0.000e+00
     31.135    10.1662   3.494178    31.6382       1749     7.2833     2.5478  0.000e+00
     31.076    10.1664   3.494178    31.6381       1750     7.2875     2.5467  0.000e+00
     31.008    10.1667   3.493961    31.6356       1751     7.2917     2.5465  0.000e+00
     30.936    10.1671   3.493943    31.6351       1752     7.2958     2.5472  0.000e+00
     30.855    10.1673   3.493900    31.6346       1753     7.3000     2.5481  0.000e+00
     30.776    10.1678   3.493828    31.6335       1754     7.3042     2.5498  0.000e+00
     30.706    10.1681   3.493774    31.6327       1755     7.3083     2.5510  0.000e+00
     30.627    10.1684   3.493568    31.6303       1756     7.3125     2.5520  0.000e+00
     30.555    10.1687   3.493786    31.6323       1757     7.3167     2.5545  0.000e+00
     30.501    10.1689   3.493816    31.6324       1758     7.3208     2.5578  0.000e+00
     30.456    10.1686   3.494178    31.6364       1759     7.3250     2.5594  0.000e+00
     30.413    10.1676   3.494408    31.6396       1760     7.3292     2.5613  0.000e+00
     30.379    10.1669   3.494293    31.6391       1761     7.3333     2.5637  0.000e+00
     30.354    10.1666   3.494220    31.6386       1762     7.3375     2.5638  0.000e+00
     30.328    10.1664   3.494281    31.6394       1763     7.3417     2.5661  0.000e+00
     30.303    10.1662   3.494293    31.6397       1764     7.3458     2.5667  0.000e+00
     30.280    10.1664   3.494178    31.6384       1765     7.3500     2.5659  0.000e+00
     30.264    10.1664   3.494069    31.6373       1766     7.3542     2.5636  0.000e+00
     30.242    10.1668   3.493961    31.6359       1767     7.3583     2.5610  0.000e+00
     30.235    10.1672   3.494305    31.6390       1768     7.3625     2.5567  0.000e+00
     30.226    10.1665   3.494595    31.6425       1769     7.3667     2.5538  0.000e+00
     30.219    10.1657   3.494468    31.6419       1770     7.3708     2.5518  0.000e+00
     30.213    10.1654   3.494450    31.6420       1771     7.3750     2.5500  0.000e+00
     30.203    10.1654   3.494220    31.6397       1772     7.3792     2.5498  0.000e+00
     30.186    10.1658   3.494045    31.6376       1773     7.3833     2.5483  0.000e+00
     30.158    10.1666   3.493773    31.6342       1774     7.3875     2.5490  0.000e+00
     30.131    10.1677   3.493568    31.6312       1775     7.3917     2.5490  0.000e+00
     30.086    10.1687   3.493496    31.6296       1776     7.3958     2.5510  0.000e+00
     30.035    10.1693   3.493483    31.6290       1777     7.4000     2.5526  0.000e+00
     29.978    10.1699   3.493441    31.6280       1778     7.4042     2.5541  0.000e+00
     29.926    10.1702   3.493405    31.6275       1779     7.4083     2.5553  0.000e+00
     29.865    10.1703   3.493671    31.6301       1780     7.4125     2.5565  0.000e+00
     29.804    10.1699   3.494051    31.6343       1781     7.4167     2.5560  0.000e+00
     29.746    10.1687   3.494401    31.6388       1782     7.4208     2.5570  0.000e+00
     29.683    10.1674   3.494323    31.6393       1783     7.4250     2.5575  0.000e+00
     29.627    10.1666   3.493966    31.6364       1784     7.4292     2.5580  0.000e+00
     29.568    10.1670   3.493797    31.6344       1785     7.4333     2.5586  0.000e+00
     29.514    10.1676   3.493761    31.6335       1786     7.4375     2.5594  0.000e+00
     29.460    10.1680   3.493731    31.6329       1787     7.4417     2.5607  0.000e+00
     29.403    10.1682   3.493815    31.6335       1788     7.4458     2.5600  0.000e+00
     29.338    10.1684   3.493912    31.6344       1789     7.4500     2.5592  0.000e+00
     29.282    10.1680   3.493984    31.6355       1790     7.4542     2.5591  0.000e+00
     29.221    10.1676   3.494153    31.6376       1791     7.4583     2.5569  0.000e+00
     29.158    10.1672   3.494093    31.6373       1792     7.4625     2.5562  0.000e+00
     29.090    10.1670   3.493984    31.6364       1793     7.4667     2.5566  0.000e+00
     29.022    10.1670   3.493797    31.6345       1794     7.4708     2.5558  0.000e+00
     28.937    10.1676   3.493719    31.6333       1795     7.4750     2.5577  0.000e+00
     28.865    10.1681   3.493610    31.6318       1796     7.4792     2.5591  0.000e+00
     28.783    10.1685   3.493543    31.6308       1797     7.4833     2.5604  0.000e+00
     28.698    10.1688   3.493453    31.6297       1798     7.4875     2.5607  0.000e+00
     28.625    10.1694   3.493356    31.6282       1799     7.4917     2.5625  0.000e+00
     28.553    10.1698   3.493398    31.6283       1800     7.4958     2.5636  0.000e+00
     28.481    10.1701   3.493429    31.6284       1801     7.5000     2.5636  0.000e+00
     28.418    10.1700   3.493398    31.6282       1802     7.5042     2.5659  0.000e+00
     28.355    10.1702   3.493441    31.6285       1803     7.5083     2.5662  0.000e+00
     28.303    10.1700   3.493495    31.6292       1804     7.5125     2.5665  0.000e+00
     28.245    10.1699   3.493670    31.6311       1805     7.5167     2.5677  0.000e+00
     28.199    10.1694   3.493924    31.6341       1806     7.5208     2.5678  0.000e+00
     28.165    10.1686   3.493978    31.6353       1807     7.5250     2.5672  0.000e+00
