PC2305/sbe151.cnv
* Sea-Bird SBE 19plus V2 Data File:
* FileName = C:\cruise\data\sbe151.hex
* Software Version Seasave V 7.26.7.121
* Temperature SN = 7142
* Conductivity SN = 7142
* System UpLoad Time = Nov 11 2023 22:47:58
** Cruise: PC2205
** Program: ECOMON
# nquan = 8
# nvalues = 4527                                  
# units = specified
# name 0 = depSM: Depth [salt water, m], lat = 40.00
# name 1 = tv290C: Temperature [ITS-90, deg C]
# name 2 = c0S/m: Conductivity [S/m]
# name 3 = sal00: Salinity, Practical [PSU]
# name 4 = scan: Scan Count
# name 5 = timeM: Time, Elapsed [minutes]
# name 6 = sbeox0V: Oxygen raw, SBE 43 [V]
# name 7 = flag:  0.000e+00
# span 0 =      0.027,    201.843                 
# span 1 =     5.0461,    10.9351                 
# span 2 =   0.000144,   3.648703                 
# span 3 =     0.0025,    34.5830                 
# span 4 =         11,       4537                 
# span 5 =     0.0417,    18.9000                 
# span 6 =     1.6927,     2.9174                 
# span 7 = 0.0000e+00, 0.0000e+00                 
# interval = seconds: 0.25
# start_time = Nov 11 2023 22:47:58 [System UTC, header]
# bad_flag = -9.990e-29
*END*
[from data line 720]
     97.755     7.3629   3.398115    33.1682        731     3.0417     2.1305  0.000e+00
     97.852     7.3641   3.398234    33.1683        732     3.0458     2.1323  0.000e+00
     97.948     7.3656   3.398288    33.1674        733     3.0500     2.1360  0.000e+00
     98.046     7.3668   3.397380    33.1563        734     3.0542     2.1408  0.000e+00
     98.149     7.3680   3.394526    33.1243        735     3.0583     2.1453  0.000e+00
     98.271     7.3685   3.390963    33.0851        736     3.0625     2.1488  0.000e+00
     98.404     7.3710   3.387771    33.0481        737     3.0667     2.1524  0.000e+00
     98.550     7.3784   3.387550    33.0386        738     3.0708     2.1534  0.000e+00
     98.712     7.3865   3.387974    33.0353        739     3.0750     2.1530  0.000e+00
     98.884     7.3940   3.388529    33.0342        740     3.0792     2.1519  0.000e+00
     99.073     7.3995   3.389382    33.0380        741     3.0833     2.1478  0.000e+00
     99.264     7.4032   3.389674    33.0376        742     3.0875     2.1443  0.000e+00
     99.458     7.4053   3.389746    33.0362        743     3.0917     2.1411  0.000e+00
     99.673     7.4070   3.390080    33.0382        744     3.0958     2.1355  0.000e+00
     99.887     7.4086   3.390939    33.0459        745     3.1000     2.1302  0.000e+00
    100.092     7.4099   3.392175    33.0579        746     3.1042     2.1226  0.000e+00
    100.279     7.4112   3.392837    33.0637        747     3.1083     2.1146  0.000e+00
    100.452     7.4125   3.392240    33.0559        748     3.1125     2.1071  0.000e+00
    100.598     7.4122   3.395512    33.0915        749     3.1167     2.0990  0.000e+00
    100.723     7.4111   3.400188    33.1431        750     3.1208     2.0916  0.000e+00
    100.835     7.4101   3.402171    33.1655        751     3.1250     2.0862  0.000e+00
    100.946     7.4096   3.403271    33.1778        752     3.1292     2.0816  0.000e+00
    101.051     7.4095   3.403558    33.1809        753     3.1333     2.0762  0.000e+00
    101.167     7.4098   3.402584    33.1700        754     3.1375     2.0715  0.000e+00
    101.283     7.4103   3.399501    33.1362        755     3.1417     2.0676  0.000e+00
    101.414     7.4103   3.397751    33.1172        756     3.1458     2.0633  0.000e+00
    101.558     7.4099   3.396617    33.1052        757     3.1500     2.0602  0.000e+00
    101.703     7.4110   3.395793    33.0951        758     3.1542     2.0578  0.000e+00
    101.852     7.4125   3.395464    33.0901        759     3.1583     2.0552  0.000e+00
    102.011     7.4127   3.395303    33.0881        760     3.1625     2.0541  0.000e+00
    102.169     7.4132   3.395423    33.0889        761     3.1667     2.0522  0.000e+00
    102.325     7.4142   3.395817    33.0921        762     3.1708     2.0509  0.000e+00
    102.496     7.4151   3.396832    33.1021        763     3.1750     2.0491  0.000e+00
    102.652     7.4156   3.397734    33.1114        764     3.1792     2.0467  0.000e+00
    102.809     7.4156   3.398952    33.1245        765     3.1833     2.0444  0.000e+00
    102.967     7.4156   3.400876    33.1451        766     3.1875     2.0417  0.000e+00
    103.118     7.4158   3.403068    33.1687        767     3.1917     2.0399  0.000e+00
    103.275     7.4129   3.404216    33.1837        768     3.1958     2.0364  0.000e+00
    103.424     7.4093   3.404599    33.1913        769     3.2000     2.0353  0.000e+00
    103.580     7.4056   3.404814    33.1971        770     3.2042     2.0323  0.000e+00
    103.733     7.4017   3.404987    33.2026        771     3.2083     2.0322  0.000e+00
    103.898     7.3977   3.404963    33.2061        772     3.2125     2.0284  0.000e+00
    104.051     7.3954   3.405418    33.2131        773     3.2167     2.0267  0.000e+00
    104.206     7.3926   3.405454    33.2161        774     3.2208     2.0222  0.000e+00
    104.359     7.3878   3.405783    33.2242        775     3.2250     2.0188  0.000e+00
    104.506     7.3827   3.406434    33.2361        776     3.2292     2.0157  0.000e+00
    104.646     7.3777   3.406787    33.2447        777     3.2333     2.0127  0.000e+00
    104.776     7.3704   3.406763    33.2514        778     3.2375     2.0109  0.000e+00
    104.898     7.3624   3.406273    33.2537        779     3.2417     2.0097  0.000e+00
    105.002     7.3541   3.405825    33.2567        780     3.2458     2.0095  0.000e+00
    105.096     7.3460   3.405502    33.2609        781     3.2500     2.0087  0.000e+00
    105.173     7.3394   3.405335    33.2654        782     3.2542     2.0116  0.000e+00
    105.252     7.3337   3.405329    33.2708        783     3.2583     2.0120  0.000e+00
    105.324     7.3288   3.405371    33.2759        784     3.2625     2.0126  0.000e+00
    105.396     7.3261   3.405126    33.2759        785     3.2667     2.0135  0.000e+00
    105.484     7.3250   3.403572    33.2600        786     3.2708     2.0164  0.000e+00
    105.583     7.3239   3.401373    33.2371        787     3.2750     2.0210  0.000e+00
    105.698     7.3229   3.398333    33.2051        788     3.2792     2.0270  0.000e+00
    105.836     7.3323   3.397610    33.1881        789     3.2833     2.0331  0.000e+00
    105.980     7.3537   3.397986    33.1716        790     3.2875     2.0407  0.000e+00
    106.146     7.3743   3.398625    33.1588        791     3.2917     2.0456  0.000e+00
    106.320     7.3885   3.399013    33.1493        792     3.2958     2.0505  0.000e+00
    106.502     7.3975   3.398607    33.1362        793     3.3000     2.0554  0.000e+00
    106.694     7.4007   3.398625    33.1333        794     3.3042     2.0578  0.000e+00
    106.895     7.4040   3.398995    33.1340        795     3.3083     2.0600  0.000e+00
    107.109     7.4095   3.399378    33.1329        796     3.3125     2.0607  0.000e+00
    107.320     7.4129   3.399718    33.1331        797     3.3167     2.0598  0.000e+00
    107.528     7.4145   3.400274    33.1375        798     3.3208     2.0560  0.000e+00
    107.733     7.4150   3.400919    33.1439        799     3.3250     2.0514  0.000e+00
    107.927     7.4151   3.401152    33.1463        800     3.3292     2.0471  0.000e+00
    108.102     7.4131   3.400794    33.1442        801     3.3333     2.0417  0.000e+00
    108.256     7.3946   3.402288    33.1780        802     3.3375     2.0348  0.000e+00
    108.384     7.3662   3.403842    33.2220        803     3.3417     2.0296  0.000e+00
    108.486     7.3393   3.405181    33.2623        804     3.3458     2.0251  0.000e+00
    108.558     7.3168   3.406090    33.2937        805     3.3500     2.0211  0.000e+00
    108.603     7.3011   3.407602    33.3252        806     3.3542     2.0179  0.000e+00
    108.619     7.2936   3.409259    33.3504        807     3.3583     2.0174  0.000e+00
    108.636     7.2934   3.411191    33.3716        808     3.3625     2.0206  0.000e+00
    108.657     7.2985   3.412997    33.3863        809     3.3667     2.0288  0.000e+00
    108.675     7.3067   3.414134    33.3907        810     3.3708     2.0380  0.000e+00
    108.715     7.3144   3.410419    33.3429        811     3.3750     2.0487  0.000e+00
    108.779     7.3203   3.406831    33.2983        812     3.3792     2.0585  0.000e+00
    108.875     7.3252   3.404518    33.2684        813     3.3833     2.0677  0.000e+00
    108.993     7.3338   3.405014    33.2655        814     3.3875     2.0782  0.000e+00
    109.141     7.3449   3.406042    33.2659        815     3.3917     2.0845  0.000e+00
    109.310     7.3494   3.406275    33.2640        816     3.3958     2.0937  0.000e+00
    109.491     7.3500   3.406681    33.2678        817     3.4000     2.0984  0.000e+00
    109.691     7.3490   3.406496    33.2666        818     3.4042     2.1029  0.000e+00
    109.903     7.3495   3.405827    33.2588        819     3.4083     2.1063  0.000e+00
    110.131     7.3521   3.405480    33.2525        820     3.4125     2.1058  0.000e+00
    110.361     7.3547   3.405056    33.2452        821     3.4167     2.1025  0.000e+00
    110.590     7.3575   3.404763    33.2393        822     3.4208     2.0994  0.000e+00
    110.815     7.3605   3.405289    33.2420        823     3.4250     2.0952  0.000e+00
    111.032     7.3634   3.407680    33.2650        824     3.4292     2.0904  0.000e+00
    111.219     7.3646   3.408464    33.2723        825     3.4333     2.0854  0.000e+00
    111.383     7.3646   3.409815    33.2868        826     3.4375     2.0782  0.000e+00
    111.505     7.3662   3.416462    33.3573        827     3.4417     2.0719  0.000e+00
    111.602     7.3700   3.420311    33.3954        828     3.4458     2.0658  0.000e+00
    111.667     7.3757   3.423084    33.4199        829     3.4500     2.0584  0.000e+00
    111.704     7.3821   3.424318    33.4270        830     3.4542     2.0536  0.000e+00
    111.739     7.3887   3.425264    33.4310        831     3.4583     2.0480  0.000e+00
    111.771     7.3940   3.426025    33.4341        832     3.4625     2.0482  0.000e+00
    111.801     7.3981   3.425636    33.4258        833     3.4667     2.0520  0.000e+00
    111.852     7.4011   3.420245    33.3646        834     3.4708     2.0568  0.000e+00
    111.926     7.4030   3.417425    33.3321        835     3.4750     2.0618  0.000e+00
    112.033     7.4036   3.416539    33.3219        836     3.4792     2.0674  0.000e+00
    112.163     7.4027   3.418018    33.3387        837     3.4833     2.0700  0.000e+00
    112.323     7.4012   3.417120    33.3304        838     3.4875     2.0735  0.000e+00
    112.501     7.3994   3.415660    33.3162        839     3.4917     2.0764  0.000e+00
    112.697     7.3975   3.414134    33.3014        840     3.4958     2.0773  0.000e+00
    112.909     7.3958   3.412836    33.2889        841     3.5000     2.0788  0.000e+00
    113.152     7.3942   3.412477    33.2864        842     3.5042     2.0797  0.000e+00
    113.405     7.3922   3.412836    33.2921        843     3.5083     2.0771  0.000e+00
    113.657     7.3911   3.414069    33.3064        844     3.5125     2.0756  0.000e+00
    113.885     7.3913   3.415906    33.3260        845     3.5167     2.0724  0.000e+00
    114.101     7.3914   3.416109    33.3280        846     3.5208     2.0709  0.000e+00
    114.326     7.3917   3.415930    33.3257        847     3.5250     2.0684  0.000e+00
    114.529     7.3927   3.416157    33.3270        848     3.5292     2.0674  0.000e+00
    114.693     7.3955   3.420665    33.3731        849     3.5333     2.0648  0.000e+00
    114.813     7.4004   3.426715    33.4339        850     3.5375     2.0632  0.000e+00
    114.880     7.4068   3.429544    33.4583        851     3.5417     2.0610  0.000e+00
    114.896     7.4127   3.430689    33.4651        852     3.5458     2.0592  0.000e+00
    114.883     7.4176   3.431294    33.4669        853     3.5500     2.0589  0.000e+00
    114.860     7.4211   3.431618    33.4670        854     3.5542     2.0631  0.000e+00
    114.838     7.4236   3.432014    33.4689        855     3.5583     2.0711  0.000e+00
    114.817     7.4250   3.432097    33.4685        856     3.5625     2.0831  0.000e+00
    114.808     7.4260   3.430263    33.4477        857     3.5667     2.0949  0.000e+00
    114.845     7.4264   3.428788    33.4313        858     3.5708     2.1053  0.000e+00
    114.933     7.4265   3.429028    33.4337        859     3.5750     2.1139  0.000e+00
    115.068     7.4257   3.428249    33.4260        860     3.5792     2.1204  0.000e+00
    115.241     7.4247   3.427218    33.4158        861     3.5833     2.1258  0.000e+00
    115.437     7.4226   3.426326    33.4080        862     3.5875     2.1304  0.000e+00
    115.662     7.4207   3.424768    33.3928        863     3.5917     2.1324  0.000e+00
    115.910     7.4188   3.423306    33.3787        864     3.5958     2.1325  0.000e+00
    116.212     7.4166   3.422534    33.3723        865     3.6000     2.1317  0.000e+00
    116.521     7.4158   3.422486    33.3725        866     3.6042     2.1295  0.000e+00
    116.848     7.4158   3.422576    33.3732        867     3.6083     2.1262  0.000e+00
    117.152     7.4161   3.423391    33.3817        868     3.6125     2.1242  0.000e+00
    117.424     7.4164   3.424175    33.3897        869     3.6167     2.1219  0.000e+00
    117.673     7.4165   3.423888    33.3864        870     3.6208     2.1183  0.000e+00
    117.902     7.4170   3.425637    33.4048        871     3.6250     2.1156  0.000e+00
    118.091     7.4182   3.429761    33.4481        872     3.6292     2.1127  0.000e+00
    118.234     7.4191   3.431415    33.4651        873     3.6333     2.1086  0.000e+00
    118.411     7.4194   3.431601    33.4668        874     3.6375     2.1053  0.000e+00
    118.542     7.4191   3.433598    33.4886        875     3.6417     2.0998  0.000e+00
    118.617     7.4181   3.434324    33.4974        876     3.6458     2.0996  0.000e+00
    118.632     7.4158   3.434455    33.5011        877     3.6500     2.0978  0.000e+00
    118.612     7.4124   3.434551    33.5054        878     3.6542     2.1020  0.000e+00
    118.608     7.4086   3.434564    33.5092        879     3.6583     2.1019  0.000e+00
    118.623     7.4049   3.434552    33.5126        880     3.6625     2.1030  0.000e+00
    118.619     7.4021   3.434606    33.5159        881     3.6667     2.1059  0.000e+00
    118.623     7.4002   3.434198    33.5133        882     3.6708     2.1093  0.000e+00
    118.659     7.3991   3.433046    33.5019        883     3.6750     2.1112  0.000e+00
    118.736     7.3985   3.432861    33.5004        884     3.6792     2.1127  0.000e+00
    118.853     7.4006   3.433136    33.5013        885     3.6833     2.1130  0.000e+00
    119.006     7.4041   3.433268    33.4993        886     3.6875     2.1118  0.000e+00
    119.175     7.4062   3.432939    33.4936        887     3.6917     2.1107  0.000e+00
    119.360     7.4078   3.432465    33.4869        888     3.6958     2.1080  0.000e+00
    119.574     7.4097   3.431817    33.4779        889     3.7000     2.1049  0.000e+00
    119.806     7.4116   3.431086    33.4681        890     3.7042     2.1027  0.000e+00
    120.070     7.4133   3.430241    33.4571        891     3.7083     2.0954  0.000e+00
    120.345     7.4152   3.429623    33.4485        892     3.7125     2.0911  0.000e+00
    120.640     7.4170   3.429480    33.4451        893     3.7167     2.0847  0.000e+00
    120.931     7.4184   3.429420    33.4429        894     3.7208     2.0791  0.000e+00
    121.203     7.4193   3.429851    33.4466        895     3.7250     2.0751  0.000e+00
    121.440     7.4196   3.430613    33.4544        896     3.7292     2.0707  0.000e+00
    121.645     7.4198   3.430553    33.4535        897     3.7333     2.0685  0.000e+00
    121.839     7.4188   3.430889    33.4580        898     3.7375     2.0645  0.000e+00
    122.048     7.4164   3.431213    33.4637        899     3.7417     2.0605  0.000e+00
    122.237     7.4137   3.432166    33.4765        900     3.7458     2.0575  0.000e+00
    122.388     7.4114   3.433893    33.4974        901     3.7500     2.0547  0.000e+00
    122.501     7.4103   3.435584    33.5168        902     3.7542     2.0522  0.000e+00
    122.564     7.4107   3.436610    33.5275        903     3.7583     2.0526  0.000e+00
    122.603     7.4130   3.437492    33.5348        904     3.7625     2.0515  0.000e+00
    122.643     7.4171   3.438056    33.5368        905     3.7667     2.0523  0.000e+00
    122.670     7.4212   3.438488    33.5376        906     3.7708     2.0533  0.000e+00
    122.693     7.4246   3.437894    33.5279        907     3.7750     2.0569  0.000e+00
    122.724     7.4270   3.435410    33.4987        908     3.7792     2.0626  0.000e+00
