PC2305/sbe125.cnv
* Sea-Bird SBE 19plus V2 Data File:
* FileName = C:\cruise\data\sbe125.hex
* Software Version Seasave V 7.26.7.121
* Temperature SN = 7142
* Conductivity SN = 7142
* System UpLoad Time = Nov 08 2023 01:19:20
** Cruise: PC2205
** Program: ECOMON
# nquan = 8
# nvalues = 3489                                  
# units = specified
# name 0 = depSM: Depth [salt water, m], lat = 40.00
# name 1 = tv290C: Temperature [ITS-90, deg C]
# name 2 = c0S/m: Conductivity [S/m]
# name 3 = sal00: Salinity, Practical [PSU]
# name 4 = scan: Scan Count
# name 5 = timeM: Time, Elapsed [minutes]
# name 6 = sbeox0V: Oxygen raw, SBE 43 [V]
# name 7 = flag:  0.000e+00
# span 0 =     -0.153,    326.710                 
# span 1 =     7.6516,    12.1779                 
# span 2 =   1.874114,   3.716980                 
# span 3 =    15.1482,    34.9970                 
# span 4 =         11,       3499                 
# span 5 =     0.0417,    14.5750                 
# span 6 =     1.8806,     2.8427                 
# span 7 = 0.0000e+00, 0.0000e+00                 
# interval = seconds: 0.25
# start_time = Nov 08 2023 01:19:20 [System UTC, header]
# bad_flag = -9.990e-29
*END*
[from data line 360]
     47.749     9.2846   3.524233    32.7254        371     1.5417     2.2280  0.000e+00
     47.969     9.2603   3.524172    32.7469        372     1.5458     2.2249  0.000e+00
     48.183     9.2459   3.519950    32.7164        373     1.5500     2.2222  0.000e+00
     48.404     9.2246   3.517214    32.7076        374     1.5542     2.2206  0.000e+00
     48.619     9.1900   3.514769    32.7139        375     1.5583     2.2178  0.000e+00
     48.842     9.1595   3.513080    32.7243        376     1.5625     2.2137  0.000e+00
     49.063     9.1316   3.512724    32.7462        377     1.5667     2.2092  0.000e+00
     49.279     9.1133   3.510268    32.7374        378     1.5708     2.2057  0.000e+00
     49.484     9.0913   3.508659    32.7409        379     1.5750     2.2030  0.000e+00
     49.687     9.0680   3.505533    32.7298        380     1.5792     2.2008  0.000e+00
     49.881     9.0423   3.505981    32.7580        381     1.5833     2.1973  0.000e+00
     50.079     9.0229   3.507928    32.7960        382     1.5875     2.1951  0.000e+00
     50.277     9.0220   3.504373    32.7598        383     1.5917     2.1912  0.000e+00
     50.471     9.0122   3.500390    32.7273        384     1.5958     2.1899  0.000e+00
     50.658     8.9829   3.497297    32.7221        385     1.6000     2.1864  0.000e+00
     50.854     8.9489   3.496367    32.7436        386     1.6042     2.1845  0.000e+00
     51.051     8.9201   3.495039    32.7563        387     1.6083     2.1822  0.000e+00
     51.251     8.8989   3.493608    32.7609        388     1.6125     2.1797  0.000e+00
     51.448     8.8801   3.491000    32.7509        389     1.6167     2.1773  0.000e+00
     51.637     8.8554   3.489823    32.7614        390     1.6208     2.1758  0.000e+00
     51.812     8.8351   3.487784    32.7588        391     1.6250     2.1731  0.000e+00
     51.986     8.8144   3.486089    32.7601        392     1.6292     2.1715  0.000e+00
     52.160     8.7937   3.484641    32.7641        393     1.6333     2.1696  0.000e+00
     52.335     8.7742   3.483749    32.7727        394     1.6375     2.1673  0.000e+00
     52.511     8.7595   3.485040    32.7997        395     1.6417     2.1651  0.000e+00
     52.690     8.7536   3.482712    32.7808        396     1.6458     2.1635  0.000e+00
     52.877     8.7427   3.479486    32.7570        397     1.6500     2.1603  0.000e+00
     53.068     8.7210   3.478377    32.7655        398     1.6542     2.1585  0.000e+00
     53.285     8.6990   3.476352    32.7645        399     1.6583     2.1567  0.000e+00
     53.517     8.6778   3.475617    32.7763        400     1.6625     2.1548  0.000e+00
     53.755     8.6611   3.475455    32.7900        401     1.6667     2.1532  0.000e+00
     53.990     8.6503   3.473612    32.7805        402     1.6708     2.1492  0.000e+00
     54.229     8.6381   3.472877    32.7841        403     1.6750     2.1490  0.000e+00
     54.466     8.6230   3.471064    32.7790        404     1.6792     2.1449  0.000e+00
     54.698     8.6076   3.468427    32.7655        405     1.6833     2.1444  0.000e+00
     54.923     8.5872   3.466314    32.7621        406     1.6875     2.1418  0.000e+00
     55.128     8.5634   3.465646    32.7771        407     1.6917     2.1394  0.000e+00
     55.315     8.5457   3.464996    32.7866        408     1.6958     2.1371  0.000e+00
     55.489     8.5316   3.463227    32.7810        409     1.7000     2.1361  0.000e+00
     55.660     8.5173   3.461934    32.7806        410     1.7042     2.1349  0.000e+00
     55.823     8.5018   3.461026    32.7853        411     1.7083     2.1317  0.000e+00
     55.994     8.4879   3.458590    32.7726        412     1.7125     2.1297  0.000e+00
     56.156     8.4712   3.459661    32.7993        413     1.7167     2.1284  0.000e+00
     56.328     8.4624   3.458614    32.7964        414     1.7208     2.1284  0.000e+00
     56.515     8.4556   3.456173    32.7769        415     1.7250     2.1266  0.000e+00
     56.713     8.4418   3.454604    32.7731        416     1.7292     2.1252  0.000e+00
     56.925     8.4240   3.452777    32.7703        417     1.7333     2.1239  0.000e+00
     57.168     8.4041   3.452123    32.7818        418     1.7375     2.1232  0.000e+00
     57.409     8.3882   3.451846    32.7936        419     1.7417     2.1227  0.000e+00
     57.669     8.3779   3.450356    32.7874        420     1.7458     2.1219  0.000e+00
     57.941     8.3675   3.450122    32.7944        421     1.7500     2.1203  0.000e+00
     58.223     8.3569   3.449005    32.7924        422     1.7542     2.1188  0.000e+00
     58.503     8.3465   3.448573    32.7974        423     1.7583     2.1170  0.000e+00
     58.782     8.3368   3.448303    32.8034        424     1.7625     2.1160  0.000e+00
     59.041     8.3300   3.447702    32.8033        425     1.7667     2.1144  0.000e+00
     59.287     8.3233   3.447456    32.8069        426     1.7708     2.1120  0.000e+00
     59.515     8.3168   3.447030    32.8083        427     1.7750     2.1120  0.000e+00
     59.731     8.3116   3.446441    32.8069        428     1.7792     2.1108  0.000e+00
     59.932     8.3047   3.446051    32.8091        429     1.7833     2.1097  0.000e+00
     60.119     8.2976   3.445571    32.8105        430     1.7875     2.1091  0.000e+00
     60.286     8.2900   3.445595    32.8178        431     1.7917     2.1068  0.000e+00
     60.454     8.2847   3.445799    32.8248        432     1.7958     2.1063  0.000e+00
     60.614     8.2826   3.446069    32.8295        433     1.8000     2.1040  0.000e+00
     60.777     8.2838   3.446250    32.8303        434     1.8042     2.1058  0.000e+00
     60.935     8.2854   3.446520    32.8316        435     1.8083     2.1013  0.000e+00
     61.097     8.2853   3.447463    32.8416        436     1.8125     2.1051  0.000e+00
     61.261     8.2835   3.447391    32.8424        437     1.8167     2.1020  0.000e+00
     61.431     8.2816   3.447379    32.8440        438     1.8208     2.1016  0.000e+00
     61.611     8.2797   3.447535    32.8473        439     1.8250     2.1018  0.000e+00
     61.803     8.2786   3.447908    32.8522        440     1.8292     2.1017  0.000e+00
     62.003     8.2784   3.447902    32.8523        441     1.8333     2.0978  0.000e+00
     62.211     8.2773   3.448058    32.8548        442     1.8375     2.0995  0.000e+00
     62.422     8.2753   3.448292    32.8591        443     1.8417     2.0989  0.000e+00
     62.645     8.2731   3.449091    32.8695        444     1.8458     2.0972  0.000e+00
     62.873     8.2729   3.449470    32.8735        445     1.8500     2.0978  0.000e+00
     63.112     8.2746   3.450335    32.8811        446     1.8542     2.0963  0.000e+00
     63.362     8.2757   3.453220    32.9104        447     1.8583     2.0946  0.000e+00
     63.608     8.2809   3.455149    32.9258        448     1.8625     2.0945  0.000e+00
     63.863     8.2897   3.457368    32.9409        449     1.8667     2.0935  0.000e+00
     64.108     8.3013   3.458817    32.9453        450     1.8708     2.0931  0.000e+00
     64.358     8.3131   3.460489    32.9518        451     1.8750     2.0939  0.000e+00
     64.597     8.3241   3.463690    32.9752        452     1.8792     2.0933  0.000e+00
     64.827     8.3365   3.465381    32.9814        453     1.8833     2.0935  0.000e+00
     65.034     8.3505   3.466170    32.9766        454     1.8875     2.0932  0.000e+00
     65.224     8.3602   3.468325    32.9901        455     1.8917     2.0927  0.000e+00
     65.395     8.3690   3.468614    32.9848        456     1.8958     2.0918  0.000e+00
     65.564     8.3771   3.469071    32.9821        457     1.9000     2.0923  0.000e+00
     65.733     8.3830   3.470077    32.9870        458     1.9042     2.0902  0.000e+00
     65.893     8.3887   3.471221    32.9937        459     1.9083     2.0901  0.000e+00
     66.058     8.3946   3.473474    33.0118        460     1.9125     2.0899  0.000e+00
     66.229     8.4024   3.474643    33.0168        461     1.9167     2.0898  0.000e+00
     66.414     8.4103   3.476963    33.0338        462     1.9208     2.0897  0.000e+00
     66.617     8.4195   3.478638    33.0428        463     1.9250     2.0899  0.000e+00
     66.849     8.4286   3.480001    33.0485        464     1.9292     2.0903  0.000e+00
     67.101     8.4351   3.480628    33.0489        465     1.9333     2.0888  0.000e+00
     67.363     8.4388   3.480989    33.0491        466     1.9375     2.0884  0.000e+00
     67.638     8.4412   3.480984    33.0467        467     1.9417     2.0866  0.000e+00
     67.927     8.4408   3.480941    33.0465        468     1.9458     2.0858  0.000e+00
     68.222     8.4363   3.480923    33.0504        469     1.9500     2.0852  0.000e+00
     68.513     8.4307   3.480146    33.0473        470     1.9542     2.0850  0.000e+00
     68.789     8.4228   3.479362    33.0463        471     1.9583     2.0828  0.000e+00
     69.031     8.4118   3.477277    33.0345        472     1.9625     2.0829  0.000e+00
     69.236     8.3970   3.476006    33.0349        473     1.9667     2.0814  0.000e+00
     69.421     8.3799   3.473849    33.0281        474     1.9708     2.0809  0.000e+00
     69.581     8.3599   3.472307    33.0305        475     1.9750     2.0798  0.000e+00
     69.721     8.3405   3.470615    33.0307        476     1.9792     2.0774  0.000e+00
     69.833     8.3208   3.469140    33.0335        477     1.9833     2.0773  0.000e+00
     69.928     8.3030   3.468989    33.0486        478     1.9875     2.0757  0.000e+00
     70.023     8.2892   3.465420    33.0238        479     1.9917     2.0739  0.000e+00
     70.137     8.2711   3.464258    33.0284        480     1.9958     2.0734  0.000e+00
     70.277     8.2522   3.467425    33.0797        481     2.0000     2.0724  0.000e+00
     70.444     8.2494   3.464830    33.0547        482     2.0042     2.0706  0.000e+00
     70.644     8.2470   3.462718    33.0345        483     2.0083     2.0702  0.000e+00
     70.870     8.2322   3.464072    33.0627        484     2.0125     2.0685  0.000e+00
     71.133     8.2261   3.463952    33.0671        485     2.0167     2.0678  0.000e+00
     71.424     8.2242   3.461136    33.0388        486     2.0208     2.0678  0.000e+00
     71.735     8.2148   3.457774    33.0119        487     2.0250     2.0658  0.000e+00
     72.060     8.1946   3.455899    33.0108        488     2.0292     2.0643  0.000e+00
     72.384     8.1712   3.452713    32.9989        489     2.0333     2.0635  0.000e+00
     72.696     8.1464   3.451337    33.0075        490     2.0375     2.0636  0.000e+00
     72.995     8.1242   3.451296    33.0278        491     2.0417     2.0623  0.000e+00
     73.272     8.1095   3.449361    33.0210        492     2.0458     2.0608  0.000e+00
     73.527     8.0966   3.448250    33.0211        493     2.0500     2.0609  0.000e+00
     73.744     8.0828   3.446821    33.0189        494     2.0542     2.0591  0.000e+00
     73.924     8.0687   3.444359    33.0058        495     2.0583     2.0589  0.000e+00
     74.072     8.0516   3.443254    33.0101        496     2.0625     2.0577  0.000e+00
     74.185     8.0351   3.442312    33.0156        497     2.0667     2.0574  0.000e+00
     74.280     8.0211   3.441412    33.0191        498     2.0708     2.0572  0.000e+00
     74.352     8.0095   3.441028    33.0260        499     2.0750     2.0574  0.000e+00
     74.409     8.0008   3.440014    33.0233        500     2.0792     2.0551  0.000e+00
     74.456     7.9931   3.439702    33.0273        501     2.0833     2.0540  0.000e+00
     74.516     7.9862   3.439312    33.0296        502     2.0875     2.0523  0.000e+00
     74.598     7.9806   3.439180    33.0334        503     2.0917     2.0520  0.000e+00
     74.704     7.9769   3.439150    33.0365        504     2.0958     2.0523  0.000e+00
     74.852     7.9750   3.440002    33.0474        505     2.1000     2.0514  0.000e+00
     75.033     7.9767   3.440554    33.0516        506     2.1042     2.0517  0.000e+00
     75.256     7.9812   3.440716    33.0489        507     2.1083     2.0524  0.000e+00
     75.531     7.9850   3.439978    33.0373        508     2.1125     2.0515  0.000e+00
     75.857     7.9848   3.438268    33.0191        509     2.1167     2.0514  0.000e+00
     76.218     7.9781   3.436630    33.0078        510     2.1208     2.0501  0.000e+00
     76.612     7.9664   3.434921    33.0004        511     2.1250     2.0488  0.000e+00
     77.020     7.9521   3.433698    33.0007        512     2.1292     2.0492  0.000e+00
     77.435     7.9372   3.430820    32.9839        513     2.1333     2.0464  0.000e+00
     77.843     7.9181   3.429784    32.9906        514     2.1375     2.0466  0.000e+00
     78.233     7.8990   3.429256    33.0029        515     2.1417     2.0471  0.000e+00
     78.598     7.8839   3.428472    33.0086        516     2.1458     2.0448  0.000e+00
     78.918     7.8711   3.427177    33.0066        517     2.1500     2.0449  0.000e+00
     79.191     7.8573   3.426159    33.0087        518     2.1542     2.0455  0.000e+00
     79.405     7.8414   3.424140    33.0020        519     2.1583     2.0461  0.000e+00
     79.569     7.8243   3.422775    33.0035        520     2.1625     2.0465  0.000e+00
     79.693     7.8053   3.421553    33.0083        521     2.1667     2.0467  0.000e+00
     79.759     7.7876   3.421374    33.0231        522     2.1708     2.0453  0.000e+00
     79.788     7.7748   3.420607    33.0270        523     2.1750     2.0454  0.000e+00
     79.793     7.7640   3.420985    33.0413        524     2.1792     2.0450  0.000e+00
     79.797     7.7569   3.421183    33.0501        525     2.1833     2.0446  0.000e+00
     79.810     7.7535   3.421458    33.0563        526     2.1875     2.0452  0.000e+00
     79.854     7.7522   3.421985    33.0631        527     2.1917     2.0445  0.000e+00
     79.930     7.7529   3.422021    33.0628        528     2.1958     2.0440  0.000e+00
     80.047     7.7537   3.421901    33.0607        529     2.2000     2.0440  0.000e+00
     80.218     7.7545   3.421847    33.0593        530     2.2042     2.0428  0.000e+00
     80.440     7.7551   3.422494    33.0656        531     2.2083     2.0415  0.000e+00
     80.717     7.7581   3.422902    33.0669        532     2.2125     2.0402  0.000e+00
     81.041     7.7625   3.423830    33.0726        533     2.2167     2.0391  0.000e+00
     81.388     7.7667   3.424974    33.0807        534     2.2208     2.0386  0.000e+00
     81.762     7.7713   3.425639    33.0833        535     2.2250     2.0376  0.000e+00
     82.141     7.7750   3.426377    33.0875        536     2.2292     2.0383  0.000e+00
     82.517     7.7781   3.426772    33.0886        537     2.2333     2.0381  0.000e+00
     82.874     7.7809   3.427024    33.0885        538     2.2375     2.0385  0.000e+00
     83.207     7.7832   3.427180    33.0879        539     2.2417     2.0380  0.000e+00
     83.495     7.7842   3.427330    33.0884        540     2.2458     2.0369  0.000e+00
     83.734     7.7848   3.427593    33.0905        541     2.2500     2.0375  0.000e+00
     83.932     7.7853   3.427845    33.0927        542     2.2542     2.0363  0.000e+00
     84.091     7.7865   3.427965    33.0927        543     2.2583     2.0359  0.000e+00
     84.223     7.7872   3.428277    33.0953        544     2.2625     2.0358  0.000e+00
     84.329     7.7889   3.428624    33.0974        545     2.2667     2.0340  0.000e+00
     84.410     7.7907   3.429553    33.1056        546     2.2708     2.0333  0.000e+00
     84.487     7.7949   3.429775    33.1039        547     2.2750     2.0339  0.000e+00
     84.561     7.7989   3.429895    33.1014        548     2.2792     2.0323  0.000e+00
     84.643     7.8019   3.429937    33.0990        549     2.2833     2.0305  0.000e+00
