PC2305/sbe148.cnv
* Sea-Bird SBE 19plus V2 Data File:
* FileName = C:\cruise\data\sbe148.hex
* Software Version Seasave V 7.26.7.121
* Temperature SN = 7142
* Conductivity SN = 7142
* System UpLoad Time = Nov 11 2023 10:51:18
** Cruise: PC2205
** Program: ECOMON
# nquan = 8
# nvalues = 2622                                  
# units = specified
# name 0 = depSM: Depth [salt water, m], lat = 40.00
# name 1 = tv290C: Temperature [ITS-90, deg C]
# name 2 = c0S/m: Conductivity [S/m]
# name 3 = sal00: Salinity, Practical [PSU]
# name 4 = scan: Scan Count
# name 5 = timeM: Time, Elapsed [minutes]
# name 6 = sbeox0V: Oxygen raw, SBE 43 [V]
# name 7 = flag:  0.000e+00
# span 0 =     -0.080,    123.561                 
# span 1 =     8.3277,    10.1112                 
# span 2 =   0.000152,   3.529711                 
# span 3 =     0.0045,    33.0798                 
# span 4 =         11,       2632                 
# span 5 =     0.0417,    10.9625                 
# span 6 =     1.8679,     2.7260                 
# span 7 = 0.0000e+00, 0.0000e+00                 
# interval = seconds: 0.25
# start_time = Nov 11 2023 10:51:18 [System UTC, header]
# bad_flag = -9.990e-29
*END*
[from data line 360]
     39.663     9.9993   3.465998    31.4964        371     1.5417     2.1331  0.000e+00
     39.821     9.9991   3.466371    31.5002        372     1.5458     2.1313  0.000e+00
     39.977     9.9991   3.466269    31.4991        373     1.5500     2.1286  0.000e+00
     40.117     9.9989   3.466113    31.4977        374     1.5542     2.1271  0.000e+00
     40.261     9.9989   3.466083    31.4973        375     1.5583     2.1253  0.000e+00
     40.385     9.9985   3.466083    31.4976        376     1.5625     2.1249  0.000e+00
     40.502     9.9978   3.466221    31.4995        377     1.5667     2.1248  0.000e+00
     40.613     9.9971   3.466336    31.5012        378     1.5708     2.1251  0.000e+00
     40.728     9.9968   3.465998    31.4980        379     1.5750     2.1268  0.000e+00
     40.836     9.9967   3.466185    31.5000        380     1.5792     2.1262  0.000e+00
     40.955     9.9966   3.466414    31.5023        381     1.5833     2.1279  0.000e+00
     41.082     9.9964   3.466853    31.5068        382     1.5875     2.1285  0.000e+00
     41.223     9.9955   3.466835    31.5074        383     1.5917     2.1293  0.000e+00
     41.366     9.9946   3.467064    31.5104        384     1.5958     2.1300  0.000e+00
     41.519     9.9945   3.466878    31.5086        385     1.6000     2.1302  0.000e+00
     41.677     9.9949   3.466854    31.5079        386     1.6042     2.1322  0.000e+00
     41.832     9.9955   3.466986    31.5087        387     1.6083     2.1318  0.000e+00
     41.992     9.9957   3.467106    31.5097        388     1.6125     2.1312  0.000e+00
     42.143     9.9955   3.466769    31.5063        389     1.6167     2.1308  0.000e+00
     42.287     9.9949   3.466637    31.5055        390     1.6208     2.1316  0.000e+00
     42.430     9.9921   3.466541    31.5069        391     1.6250     2.1345  0.000e+00
     42.572     9.9882   3.466613    31.5110        392     1.6292     2.1351  0.000e+00
     42.705     9.9865   3.466643    31.5127        393     1.6333     2.1390  0.000e+00
     42.826     9.9858   3.466625    31.5131        394     1.6375     2.1444  0.000e+00
     42.948     9.9852   3.466704    31.5143        395     1.6417     2.1477  0.000e+00
     43.054     9.9845   3.466668    31.5146        396     1.6458     2.1514  0.000e+00
     43.158     9.9835   3.466770    31.5164        397     1.6500     2.1540  0.000e+00
     43.266     9.9820   3.466878    31.5188        398     1.6542     2.1541  0.000e+00
     43.376     9.9799   3.467023    31.5220        399     1.6583     2.1528  0.000e+00
     43.491     9.9789   3.467950    31.5321        400     1.6625     2.1516  0.000e+00
     43.609     9.9812   3.468353    31.5342        401     1.6667     2.1497  0.000e+00
     43.739     9.9840   3.468546    31.5336        402     1.6708     2.1454  0.000e+00
     43.874     9.9857   3.468456    31.5312        403     1.6750     2.1427  0.000e+00
     44.026     9.9864   3.468438    31.5304        404     1.6792     2.1375  0.000e+00
     44.183     9.9866   3.468281    31.5285        405     1.6833     2.1332  0.000e+00
     44.350     9.9875   3.468107    31.5259        406     1.6875     2.1279  0.000e+00
     44.524     9.9888   3.468083    31.5244        407     1.6917     2.1226  0.000e+00
     44.697     9.9899   3.468107    31.5236        408     1.6958     2.1181  0.000e+00
     44.866     9.9902   3.467920    31.5214        409     1.7000     2.1110  0.000e+00
     45.031     9.9904   3.467800    31.5200        410     1.7042     2.1089  0.000e+00
     45.193     9.9892   3.467896    31.5219        411     1.7083     2.1048  0.000e+00
     45.342     9.9867   3.468775    31.5329        412     1.7125     2.1052  0.000e+00
     45.475     9.9827   3.471455    31.5634        413     1.7167     2.1081  0.000e+00
     45.595     9.9777   3.474142    31.5948        414     1.7208     2.1141  0.000e+00
     45.707     9.9727   3.474829    31.6061        415     1.7250     2.1221  0.000e+00
     45.811     9.9693   3.471654    31.5769        416     1.7292     2.1295  0.000e+00
     45.924     9.9671   3.470360    31.5658        417     1.7333     2.1358  0.000e+00
     46.045     9.9652   3.469071    31.5544        418     1.7375     2.1401  0.000e+00
     46.167     9.9672   3.468776    31.5496        419     1.7417     2.1438  0.000e+00
     46.304     9.9709   3.468752    31.5460        420     1.7458     2.1465  0.000e+00
     46.447     9.9747   3.468698    31.5421        421     1.7500     2.1487  0.000e+00
     46.598     9.9783   3.468752    31.5395        422     1.7542     2.1525  0.000e+00
     46.749     9.9810   3.468896    31.5385        423     1.7583     2.1568  0.000e+00
     46.906     9.9825   3.469794    31.5462        424     1.7625     2.1649  0.000e+00
     47.077     9.9831   3.471715    31.5649        425     1.7667     2.1754  0.000e+00
     47.242     9.9832   3.472883    31.5766        426     1.7708     2.1864  0.000e+00
     47.407     9.9831   3.473450    31.5824        427     1.7750     2.1942  0.000e+00
     47.576     9.9820   3.473305    31.5818        428     1.7792     2.2048  0.000e+00
     47.747     9.9784   3.474438    31.5963        429     1.7833     2.2118  0.000e+00
     47.912     9.9732   3.477421    31.6309        430     1.7875     2.2189  0.000e+00
     48.071     9.9679   3.480309    31.6646        431     1.7917     2.2264  0.000e+00
     48.239     9.9629   3.482636    31.6924        432     1.7958     2.2305  0.000e+00
     48.390     9.9587   3.484711    31.7170        433     1.8000     2.2329  0.000e+00
     48.549     9.9553   3.486074    31.7337        434     1.8042     2.2351  0.000e+00
     48.709     9.9522   3.487197    31.7477        435     1.8083     2.2389  0.000e+00
     48.863     9.9500   3.488132    31.7590        436     1.8125     2.2449  0.000e+00
     49.010     9.9481   3.489013    31.7695        437     1.8167     2.2540  0.000e+00
     49.156     9.9468   3.489798    31.7786        438     1.8208     2.2654  0.000e+00
     49.298     9.9457   3.490359    31.7851        439     1.8250     2.2773  0.000e+00
     49.436     9.9448   3.491011    31.7925        440     1.8292     2.2892  0.000e+00
     49.564     9.9440   3.491428    31.7974        441     1.8333     2.3012  0.000e+00
     49.692     9.9435   3.491265    31.7961        442     1.8375     2.3097  0.000e+00
     49.810     9.9433   3.488929    31.7726        443     1.8417     2.3185  0.000e+00
     49.933     9.9431   3.487040    31.7536        444     1.8458     2.3246  0.000e+00
     50.051     9.9432   3.484084    31.7236        445     1.8500     2.3295  0.000e+00
     50.184     9.9431   3.482679    31.7094        446     1.8542     2.3307  0.000e+00
     50.319     9.9429   3.479556    31.6780        447     1.8583     2.3315  0.000e+00
     50.470     9.9438   3.475916    31.6403        448     1.8625     2.3319  0.000e+00
     50.630     9.9464   3.473584    31.6144        449     1.8667     2.3288  0.000e+00
     50.790     9.9507   3.472849    31.6031        450     1.8708     2.3235  0.000e+00
     50.966     9.9569   3.472867    31.5978        451     1.8750     2.3166  0.000e+00
     51.140     9.9619   3.474903    31.6139        452     1.8792     2.3095  0.000e+00
     51.317     9.9644   3.477965    31.6426        453     1.8833     2.3021  0.000e+00
     51.496     9.9646   3.479912    31.6620        454     1.8875     2.2960  0.000e+00
     51.672     9.9638   3.481914    31.6829        455     1.8917     2.2888  0.000e+00
     51.850     9.9624   3.485110    31.7163        456     1.8958     2.2849  0.000e+00
     52.023     9.9596   3.486830    31.7361        457     1.9000     2.2815  0.000e+00
     52.190     9.9564   3.488652    31.7573        458     1.9042     2.2784  0.000e+00
     52.354     9.9529   3.490656    31.7805        459     1.9083     2.2773  0.000e+00
     52.515     9.9496   3.492038    31.7973        460     1.9125     2.2759  0.000e+00
     52.668     9.9467   3.492866    31.8081        461     1.9167     2.2745  0.000e+00
     52.819     9.9442   3.493663    31.8184        462     1.9208     2.2707  0.000e+00
     52.961     9.9421   3.494502    31.8286        463     1.9250     2.2679  0.000e+00
     53.109     9.9402   3.495052    31.8358        464     1.9292     2.2661  0.000e+00
     53.254     9.9388   3.495469    31.8412        465     1.9333     2.2666  0.000e+00
     53.402     9.9377   3.495722    31.8447        466     1.9375     2.2734  0.000e+00
     53.549     9.9364   3.495849    31.8470        467     1.9417     2.2824  0.000e+00
     53.705     9.9355   3.495952    31.8488        468     1.9458     2.2934  0.000e+00
     53.865     9.9349   3.495892    31.8486        469     1.9500     2.3050  0.000e+00
     54.034     9.9346   3.496133    31.8513        470     1.9542     2.3154  0.000e+00
     54.209     9.9344   3.496230    31.8524        471     1.9583     2.3247  0.000e+00
     54.376     9.9343   3.495765    31.8477        472     1.9625     2.3312  0.000e+00
     54.545     9.9339   3.495318    31.8434        473     1.9667     2.3365  0.000e+00
     54.708     9.9330   3.497070    31.8618        474     1.9708     2.3391  0.000e+00
     54.865     9.9317   3.498145    31.8739        475     1.9750     2.3390  0.000e+00
     55.012     9.9293   3.499009    31.8846        476     1.9792     2.3379  0.000e+00
     55.159     9.9276   3.499632    31.8924        477     1.9833     2.3363  0.000e+00
     55.292     9.9264   3.499976    31.8968        478     1.9875     2.3338  0.000e+00
     55.427     9.9257   3.500145    31.8992        479     1.9917     2.3295  0.000e+00
     55.566     9.9247   3.499191    31.8903        480     1.9958     2.3243  0.000e+00
     55.702     9.9241   3.496968    31.8683        481     2.0000     2.3195  0.000e+00
     55.842     9.9233   3.493054    31.8293        482     2.0042     2.3140  0.000e+00
     55.988     9.9227   3.489511    31.7939        483     2.0083     2.3102  0.000e+00
     56.137     9.9226   3.486180    31.7602        484     2.0125     2.3059  0.000e+00
     56.299     9.9243   3.483876    31.7354        485     2.0167     2.3013  0.000e+00
     56.470     9.9267   3.482066    31.7149        486     2.0208     2.2989  0.000e+00
     56.646     9.9313   3.481488    31.7049        487     2.0250     2.2941  0.000e+00
     56.840     9.9368   3.481946    31.7046        488     2.0292     2.2887  0.000e+00
     57.038     9.9424   3.482947    31.7098        489     2.0333     2.2828  0.000e+00
     57.244     9.9464   3.485722    31.7342        490     2.0375     2.2766  0.000e+00
     57.451     9.9476   3.488346    31.7596        491     2.0417     2.2701  0.000e+00
     57.660     9.9469   3.492312    31.8002        492     2.0458     2.2649  0.000e+00
     57.859     9.9450   3.496189    31.8411        493     2.0500     2.2596  0.000e+00
     58.050     9.9349   3.502890    31.9177        494     2.0542     2.2566  0.000e+00
     58.231     9.9094   3.507255    31.9843        495     2.0583     2.2551  0.000e+00
     58.398     9.8781   3.508931    32.0290        496     2.0625     2.2542  0.000e+00
     58.551     9.8486   3.509373    32.0596        497     2.0667     2.2544  0.000e+00
     58.686     9.8227   3.509779    32.0867        498     2.0708     2.2518  0.000e+00
     58.805     9.7978   3.509543    32.1064        499     2.0750     2.2490  0.000e+00
     58.916     9.7745   3.509568    32.1274        500     2.0792     2.2469  0.000e+00
     59.018     9.7568   3.507578    32.1230        501     2.0833     2.2448  0.000e+00
     59.126     9.7465   3.499544    32.0503        502     2.0875     2.2439  0.000e+00
     59.238     9.7400   3.495708    32.0170        503     2.0917     2.2465  0.000e+00
     59.364     9.7418   3.491753    31.9752        504     2.0958     2.2530  0.000e+00
     59.498     9.7624   3.490310    31.9421        505     2.1000     2.2615  0.000e+00
     59.644     9.7943   3.490214    31.9129        506     2.1042     2.2718  0.000e+00
     59.809     9.8270   3.490406    31.8858        507     2.1083     2.2788  0.000e+00
     59.980     9.8526   3.490774    31.8668        508     2.1125     2.2866  0.000e+00
     60.156     9.8714   3.491203    31.8545        509     2.1167     2.2925  0.000e+00
     60.347     9.8842   3.494777    31.8793        510     2.1208     2.2976  0.000e+00
     60.539     9.8911   3.498903    31.9149        511     2.1250     2.3011  0.000e+00
     60.728     9.8935   3.500341    31.9273        512     2.1292     2.3041  0.000e+00
     60.911     9.8909   3.498987    31.9158        513     2.1333     2.3054  0.000e+00
     61.086     9.8640   3.499664    31.9464        514     2.1375     2.3048  0.000e+00
     61.258     9.8238   3.501780    32.0034        515     2.1417     2.3049  0.000e+00
     61.429     9.7791   3.503080    32.0563        516     2.1458     2.3015  0.000e+00
     61.594     9.7380   3.503987    32.1020        517     2.1500     2.2983  0.000e+00
     61.763     9.7064   3.504598    32.1363        518     2.1542     2.2941  0.000e+00
     61.936     9.6811   3.505004    32.1630        519     2.1583     2.2883  0.000e+00
     62.099     9.6607   3.505361    32.1849        520     2.1625     2.2822  0.000e+00
     62.270     9.6459   3.505682    32.2013        521     2.1667     2.2780  0.000e+00
     62.441     9.6351   3.505700    32.2111        522     2.1708     2.2743  0.000e+00
     62.608     9.6262   3.505912    32.2212        523     2.1750     2.2754  0.000e+00
     62.779     9.6194   3.506293    32.2310        524     2.1792     2.2792  0.000e+00
     62.949     9.6130   3.506613    32.2400        525     2.1833     2.2860  0.000e+00
     63.129     9.6069   3.507031    32.2496        526     2.1875     2.2944  0.000e+00
     63.316     9.6027   3.507285    32.2560        527     2.1917     2.3019  0.000e+00
     63.509     9.5986   3.506928    32.2559        528     2.1958     2.3077  0.000e+00
     63.701     9.5942   3.506318    32.2535        529     2.2000     2.3143  0.000e+00
     63.890     9.5893   3.506650    32.2612        530     2.2042     2.3183  0.000e+00
     64.078     9.5853   3.506717    32.2654        531     2.2083     2.3234  0.000e+00
     64.271     9.5819   3.506505    32.2663        532     2.2125     2.3274  0.000e+00
     64.458     9.5792   3.506445    32.2680        533     2.2167     2.3299  0.000e+00
     64.639     9.5761   3.506106    32.2672        534     2.2208     2.3337  0.000e+00
     64.821     9.5718   3.505732    32.2672        535     2.2250     2.3350  0.000e+00
     64.991     9.5665   3.505405    32.2685        536     2.2292     2.3367  0.000e+00
     65.153     9.5612   3.504946    32.2685        537     2.2333     2.3379  0.000e+00
     65.302     9.5548   3.504819    32.2729        538     2.2375     2.3422  0.000e+00
     65.452     9.5470   3.504801    32.2796        539     2.2417     2.3451  0.000e+00
     65.588     9.5369   3.504904    32.2898        540     2.2458     2.3512  0.000e+00
     65.736     9.5261   3.505049    32.3009        541     2.2500     2.3580  0.000e+00
     65.887     9.5205   3.504269    32.2979        542     2.2542     2.3646  0.000e+00
     66.045     9.5185   3.503532    32.2920        543     2.2583     2.3725  0.000e+00
     66.217     9.5146   3.502770    32.2877        544     2.2625     2.3772  0.000e+00
     66.390     9.5111   3.502408    32.2871        545     2.2667     2.3824  0.000e+00
     66.579     9.5101   3.502771    32.2916        546     2.2708     2.3821  0.000e+00
     66.764     9.5196   3.504457    32.3002        547     2.2750     2.3812  0.000e+00
     66.956     9.5291   3.507329    32.3210        548     2.2792     2.3765  0.000e+00
     67.154     9.5293   3.507063    32.3180        549     2.2833     2.3705  0.000e+00
