PC2305/sbe157.cnv
* Sea-Bird SBE 19plus V2 Data File:
* FileName = C:\cruise\data\sbe157.hex
* Software Version Seasave V 7.26.7.121
* Temperature SN = 7142
* Conductivity SN = 7142
* System UpLoad Time = Nov 12 2023 05:15:43
** Cruise: PC2205
** Program: ECOMON
# nquan = 8
# nvalues = 2634                                  
# units = specified
# name 0 = depSM: Depth [salt water, m], lat = 40.00
# name 1 = tv290C: Temperature [ITS-90, deg C]
# name 2 = c0S/m: Conductivity [S/m]
# name 3 = sal00: Salinity, Practical [PSU]
# name 4 = scan: Scan Count
# name 5 = timeM: Time, Elapsed [minutes]
# name 6 = sbeox0V: Oxygen raw, SBE 43 [V]
# name 7 = flag:  0.000e+00
# span 0 =      0.052,    100.332                 
# span 1 =     5.1132,    10.9389                 
# span 2 =   0.000686,   3.629711                 
# span 3 =     0.0059,    33.5334                 
# span 4 =         11,       2644                 
# span 5 =     0.0417,    11.0125                 
# span 6 =     1.7679,     2.6976                 
# span 7 = 0.0000e+00, 0.0000e+00                 
# interval = seconds: 0.25
# start_time = Nov 12 2023 05:15:43 [System UTC, header]
# bad_flag = -9.990e-29
*END*
[from data line 1259]
     73.801     8.1659   3.450737    32.9822       1270     5.2875     1.9820  0.000e+00
     73.741     8.1658   3.450484    32.9796       1271     5.2917     1.9833  0.000e+00
     73.687     8.1650   3.450340    32.9789       1272     5.2958     1.9828  0.000e+00
     73.642     8.1640   3.450154    32.9779       1273     5.3000     1.9835  0.000e+00
     73.594     8.1629   3.449925    32.9766       1274     5.3042     1.9838  0.000e+00
     73.551     8.1614   3.449733    32.9759       1275     5.3083     1.9818  0.000e+00
     73.504     8.1597   3.449613    32.9763       1276     5.3125     1.9815  0.000e+00
     73.447     8.1583   3.449583    32.9773       1277     5.3167     1.9805  0.000e+00
     73.385     8.1573   3.449385    32.9762       1278     5.3208     1.9804  0.000e+00
     73.319     8.1563   3.449385    32.9771       1279     5.3250     1.9798  0.000e+00
     73.242     8.1556   3.449265    32.9765       1280     5.3292     1.9803  0.000e+00
     73.157     8.1544   3.448081    32.9652       1281     5.3333     1.9809  0.000e+00
     73.056     8.1500   3.447534    32.9635       1282     5.3375     1.9826  0.000e+00
     72.959     8.1448   3.446964    32.9624       1283     5.3417     1.9843  0.000e+00
     72.851     8.1393   3.446580    32.9635       1284     5.3458     1.9848  0.000e+00
     72.744     8.1341   3.445865    32.9609       1285     5.3500     1.9866  0.000e+00
     72.634     8.1289   3.445817    32.9653       1286     5.3542     1.9872  0.000e+00
     72.523     8.1251   3.444646    32.9565       1287     5.3583     1.9882  0.000e+00
     72.413     8.1184   3.442971    32.9450       1288     5.3625     1.9894  0.000e+00
     72.312     8.1085   3.442227    32.9464       1289     5.3667     1.9891  0.000e+00
     72.215     8.1001   3.442101    32.9531       1290     5.3708     1.9888  0.000e+00
     72.129     8.0951   3.442083    32.9577       1291     5.3750     1.9869  0.000e+00
     72.043     8.0925   3.442017    32.9594       1292     5.3792     1.9852  0.000e+00
     71.969     8.0914   3.442041    32.9607       1293     5.3833     1.9826  0.000e+00
     71.906     8.0913   3.441975    32.9601       1294     5.3875     1.9825  0.000e+00
     71.852     8.0917   3.441932    32.9593       1295     5.3917     1.9826  0.000e+00
     71.793     8.0918   3.441896    32.9589       1296     5.3958     1.9820  0.000e+00
     71.750     8.0921   3.441800    32.9576       1297     5.4000     1.9816  0.000e+00
     71.697     8.0923   3.441644    32.9558       1298     5.4042     1.9806  0.000e+00
     71.645     8.0922   3.441518    32.9546       1299     5.4083     1.9813  0.000e+00
     71.588     8.0925   3.441398    32.9530       1300     5.4125     1.9799  0.000e+00
     71.530     8.0930   3.441314    32.9517       1301     5.4167     1.9786  0.000e+00
     71.460     8.0940   3.441560    32.9534       1302     5.4208     1.9775  0.000e+00
     71.370     8.0970   3.441608    32.9512       1303     5.4250     1.9748  0.000e+00
     71.280     8.1003   3.441758    32.9497       1304     5.4292     1.9739  0.000e+00
     71.167     8.1035   3.441752    32.9466       1305     5.4333     1.9735  0.000e+00
     71.048     8.1059   3.441998    32.9471       1306     5.4375     1.9730  0.000e+00
     70.930     8.1091   3.442430    32.9487       1307     5.4417     1.9711  0.000e+00
     70.804     8.1151   3.443235    32.9517       1308     5.4458     1.9715  0.000e+00
     70.691     8.1237   3.443673    32.9483       1309     5.4500     1.9693  0.000e+00
     70.586     8.1344   3.444213    32.9440       1310     5.4542     1.9695  0.000e+00
     70.493     8.1471   3.444519    32.9354       1311     5.4583     1.9693  0.000e+00
     70.410     8.1586   3.444765    32.9272       1312     5.4625     1.9708  0.000e+00
     70.349     8.1685   3.444927    32.9197       1313     5.4667     1.9717  0.000e+00
     70.293     8.1765   3.445059    32.9136       1314     5.4708     1.9729  0.000e+00
     70.250     8.1830   3.445185    32.9089       1315     5.4750     1.9727  0.000e+00
     70.214     8.1883   3.445305    32.9052       1316     5.4792     1.9720  0.000e+00
     70.177     8.1928   3.445449    32.9025       1317     5.4833     1.9725  0.000e+00
     70.142     8.1970   3.445533    32.8995       1318     5.4875     1.9717  0.000e+00
     70.108     8.2001   3.445665    32.8980       1319     5.4917     1.9711  0.000e+00
     70.070     8.2029   3.445761    32.8964       1320     5.4958     1.9695  0.000e+00
     70.027     8.2053   3.445863    32.8953       1321     5.5000     1.9693  0.000e+00
     69.982     8.2075   3.445971    32.8944       1322     5.5042     1.9683  0.000e+00
     69.930     8.2098   3.446049    32.8931       1323     5.5083     1.9681  0.000e+00
     69.871     8.2122   3.446145    32.8919       1324     5.5125     1.9698  0.000e+00
     69.810     8.2145   3.446235    32.8907       1325     5.5167     1.9682  0.000e+00
     69.740     8.2166   3.446319    32.8897       1326     5.5208     1.9696  0.000e+00
     69.668     8.2187   3.446379    32.8884       1327     5.5250     1.9711  0.000e+00
     69.594     8.2207   3.446445    32.8873       1328     5.5292     1.9737  0.000e+00
     69.513     8.2221   3.446469    32.8862       1329     5.5333     1.9759  0.000e+00
     69.429     8.2233   3.446547    32.8859       1330     5.5375     1.9779  0.000e+00
     69.339     8.2248   3.446668    32.8859       1331     5.5417     1.9802  0.000e+00
     69.263     8.2269   3.446818    32.8856       1332     5.5458     1.9817  0.000e+00
     69.182     8.2292   3.446902    32.8843       1333     5.5500     1.9821  0.000e+00
     69.103     8.2315   3.446938    32.8826       1334     5.5542     1.9821  0.000e+00
     69.037     8.2334   3.447034    32.8819       1335     5.5583     1.9836  0.000e+00
     68.969     8.2356   3.447232    32.8820       1336     5.5625     1.9839  0.000e+00
     68.909     8.2387   3.447604    32.8830       1337     5.5667     1.9838  0.000e+00
     68.848     8.2435   3.447922    32.8819       1338     5.5708     1.9848  0.000e+00
     68.792     8.2492   3.448181    32.8793       1339     5.5750     1.9854  0.000e+00
     68.738     8.2541   3.448319    32.8762       1340     5.5792     1.9849  0.000e+00
     68.688     8.2580   3.448451    32.8740       1341     5.5833     1.9846  0.000e+00
     68.631     8.2613   3.448619    32.8728       1342     5.5875     1.9846  0.000e+00
     68.577     8.2641   3.448739    32.8714       1343     5.5917     1.9853  0.000e+00
     68.510     8.2666   3.448883    32.8706       1344     5.5958     1.9853  0.000e+00
     68.438     8.2688   3.449057    32.8705       1345     5.6000     1.9862  0.000e+00
     68.363     8.2715   3.449466    32.8723       1346     5.6042     1.9869  0.000e+00
     68.280     8.2749   3.449490    32.8694       1347     5.6083     1.9858  0.000e+00
     68.190     8.2780   3.449880    32.8706       1348     5.6125     1.9869  0.000e+00
     68.100     8.2822   3.450253    32.8707       1349     5.6167     1.9862  0.000e+00
     68.001     8.2875   3.450397    32.8674       1350     5.6208     1.9862  0.000e+00
     67.910     8.2917   3.450451    32.8641       1351     5.6250     1.9862  0.000e+00
     67.823     8.2945   3.450523    32.8622       1352     5.6292     1.9872  0.000e+00
     67.753     8.2971   3.450691    32.8616       1353     5.6333     1.9885  0.000e+00
     67.694     8.3001   3.451015    32.8622       1354     5.6375     1.9897  0.000e+00
     67.645     8.3035   3.451039    32.8594       1355     5.6417     1.9901  0.000e+00
     67.609     8.3061   3.451100    32.8576       1356     5.6458     1.9907  0.000e+00
     67.575     8.3084   3.451268    32.8572       1357     5.6500     1.9904  0.000e+00
     67.547     8.3106   3.451406    32.8566       1358     5.6542     1.9901  0.000e+00
     67.518     8.3127   3.451538    32.8561       1359     5.6583     1.9910  0.000e+00
     67.480     8.3143   3.451664    32.8560       1360     5.6625     1.9895  0.000e+00
     67.440     8.3158   3.451838    32.8564       1361     5.6667     1.9875  0.000e+00
     67.388     8.3173   3.451971    32.8564       1362     5.6708     1.9862  0.000e+00
     67.322     8.3192   3.452079    32.8558       1363     5.6750     1.9843  0.000e+00
     67.248     8.3208   3.452265    32.8563       1364     5.6792     1.9838  0.000e+00
     67.156     8.3230   3.452614    32.8580       1365     5.6833     1.9834  0.000e+00
     67.067     8.3267   3.453166    32.8604       1366     5.6875     1.9842  0.000e+00
     66.964     8.3329   3.453677    32.8601       1367     5.6917     1.9863  0.000e+00
     66.872     8.3406   3.454086    32.8572       1368     5.6958     1.9881  0.000e+00
     66.775     8.3487   3.454422    32.8533       1369     5.7000     1.9897  0.000e+00
     66.702     8.3560   3.454609    32.8485       1370     5.7042     1.9921  0.000e+00
     66.637     8.3627   3.455083    32.8473       1371     5.7083     1.9923  0.000e+00
     66.581     8.3704   3.455438    32.8439       1372     5.7125     1.9974  0.000e+00
     66.547     8.3772   3.455588    32.8391       1373     5.7167     1.9978  0.000e+00
     66.522     8.3826   3.455666    32.8349       1374     5.7208     1.9959  0.000e+00
     66.509     8.3864   3.455738    32.8322       1375     5.7250     1.9931  0.000e+00
     66.502     8.3888   3.455835    32.8309       1376     5.7292     1.9930  0.000e+00
     66.489     8.3908   3.456021    32.8311       1377     5.7333     1.9902  0.000e+00
     66.477     8.3926   3.456183    32.8310       1378     5.7375     1.9879  0.000e+00
     66.455     8.3941   3.456334    32.8312       1379     5.7417     1.9833  0.000e+00
     66.418     8.3953   3.456484    32.8318       1380     5.7458     1.9802  0.000e+00
     66.373     8.3963   3.456640    32.8325       1381     5.7500     1.9775  0.000e+00
     66.319     8.3979   3.456808    32.8328       1382     5.7542     1.9757  0.000e+00
     66.245     8.3993   3.456869    32.8322       1383     5.7583     1.9756  0.000e+00
     66.166     8.4011   3.457121    32.8332       1384     5.7625     1.9768  0.000e+00
     66.076     8.4035   3.457265    32.8325       1385     5.7667     1.9782  0.000e+00
     65.982     8.4059   3.457554    32.8334       1386     5.7708     1.9795  0.000e+00
     65.891     8.4091   3.457746    32.8325       1387     5.7750     1.9832  0.000e+00
     65.797     8.4123   3.457866    32.8308       1388     5.7792     1.9858  0.000e+00
     65.706     8.4153   3.458035    32.8298       1389     5.7833     1.9879  0.000e+00
     65.621     8.4182   3.458095    32.8278       1390     5.7875     1.9893  0.000e+00
     65.538     8.4207   3.458221    32.8269       1391     5.7917     1.9911  0.000e+00
     65.472     8.4227   3.458377    32.8266       1392     5.7958     1.9928  0.000e+00
     65.396     8.4253   3.458949    32.8303       1393     5.8000     1.9963  0.000e+00
     65.325     8.4307   3.459664    32.8328       1394     5.8042     1.9959  0.000e+00
     65.260     8.4379   3.459965    32.8293       1395     5.8083     1.9969  0.000e+00
     65.195     8.4446   3.460133    32.8249       1396     5.8125     1.9972  0.000e+00
     65.127     8.4497   3.460278    32.8217       1397     5.8167     1.9998  0.000e+00
     65.066     8.4541   3.460717    32.8223       1398     5.8208     1.9972  0.000e+00
     65.006     8.4589   3.460957    32.8203       1399     5.8250     1.9972  0.000e+00
     64.942     8.4633   3.461300    32.8199       1400     5.8292     1.9973  0.000e+00
     64.888     8.4684   3.461841    32.8208       1401     5.8333     2.0005  0.000e+00
     64.837     8.4751   3.462551    32.8221       1402     5.8375     2.0007  0.000e+00
     64.791     8.4833   3.462960    32.8188       1403     5.8417     1.9980  0.000e+00
     64.747     8.4906   3.463249    32.8150       1404     5.8458     2.0005  0.000e+00
     64.710     8.4965   3.463484    32.8121       1405     5.8500     2.0005  0.000e+00
     64.672     8.5013   3.463652    32.8094       1406     5.8542     2.0010  0.000e+00
     64.627     8.5051   3.463905    32.8086       1407     5.8583     2.0010  0.000e+00
     64.584     8.5085   3.464109    32.8076       1408     5.8625     2.0010  0.000e+00
     64.534     8.5110   3.464187    32.8060       1409     5.8667     2.0003  0.000e+00
     64.474     8.5131   3.464500    32.8074       1410     5.8708     2.0003  0.000e+00
     64.411     8.5158   3.464693    32.8070       1411     5.8750     1.9997  0.000e+00
     64.339     8.5187   3.465000    32.8076       1412     5.8792     1.9968  0.000e+00
     64.268     8.5221   3.465234    32.8069       1413     5.8833     2.0013  0.000e+00
     64.194     8.5256   3.465397    32.8054       1414     5.8875     1.9969  0.000e+00
     64.108     8.5284   3.465608    32.8051       1415     5.8917     1.9971  0.000e+00
     64.028     8.5314   3.466023    32.8067       1416     5.8958     1.9972  0.000e+00
     63.953     8.5358   3.466811    32.8109       1417     5.9000     1.9972  0.000e+00
     63.877     8.5417   3.466938    32.8067       1418     5.9042     1.9982  0.000e+00
     63.811     8.5467   3.467106    32.8039       1419     5.9083     1.9972  0.000e+00
     63.753     8.5507   3.467275    32.8020       1420     5.9125     2.0003  0.000e+00
     63.708     8.5539   3.467503    32.8014       1421     5.9167     2.0017  0.000e+00
     63.673     8.5576   3.468063    32.8039       1422     5.9208     2.0027  0.000e+00
     63.638     8.5623   3.468316    32.8022       1423     5.9250     2.0030  0.000e+00
     63.611     8.5657   3.468376    32.7997       1424     5.9292     2.0036  0.000e+00
     63.581     8.5681   3.468545    32.7993       1425     5.9333     2.0043  0.000e+00
     63.547     8.5704   3.468773    32.7996       1426     5.9375     2.0030  0.000e+00
     63.513     8.5721   3.468894    32.7992       1427     5.9417     2.0023  0.000e+00
     63.471     8.5736   3.468960    32.7986       1428     5.9458     2.0014  0.000e+00
     63.426     8.5743   3.469026    32.7986       1429     5.9500     1.9985  0.000e+00
     63.378     8.5750   3.469135    32.7991       1430     5.9542     2.0001  0.000e+00
     63.327     8.5758   3.469297    32.8002       1431     5.9583     2.0010  0.000e+00
     63.273     8.5768   3.469381    32.8001       1432     5.9625     2.0009  0.000e+00
     63.211     8.5778   3.469526    32.8008       1433     5.9667     2.0000  0.000e+00
     63.144     8.5788   3.469610    32.8007       1434     5.9708     2.0008  0.000e+00
     63.077     8.5802   3.469658    32.7999       1435     5.9750     2.0011  0.000e+00
     63.002     8.5813   3.469712    32.7996       1436     5.9792     2.0008  0.000e+00
     62.928     8.5822   3.469779    32.7995       1437     5.9833     2.0023  0.000e+00
     62.847     8.5827   3.469815    32.7994       1438     5.9875     2.0053  0.000e+00
     62.767     8.5830   3.469797    32.7990       1439     5.9917     2.0071  0.000e+00
     62.687     8.5832   3.469815    32.7990       1440     5.9958     2.0092  0.000e+00
     62.612     8.5836   3.469833    32.7988       1441     6.0000     2.0105  0.000e+00
     62.536     8.5838   3.469839    32.7987       1442     6.0042     2.0119  0.000e+00
     62.465     8.5847   3.469899    32.7986       1443     6.0083     2.0119  0.000e+00
     62.393     8.5860   3.470007    32.7986       1444     6.0125     2.0130  0.000e+00
     62.324     8.5877   3.470236    32.7994       1445     6.0167     2.0136  0.000e+00
     62.251     8.5905   3.470513    32.7997       1446     6.0208     2.0128  0.000e+00
     62.182     8.5935   3.470567    32.7975       1447     6.0250     2.0133  0.000e+00
     62.109     8.5961   3.470778    32.7973       1448     6.0292     2.0124  0.000e+00
