PC2305/sbe175.cnv
* Sea-Bird SBE 19plus V2 Data File:
* FileName = C:\cruise\data\sbe175.hex
* Software Version Seasave V 7.26.7.121
* Temperature SN = 7142
* Conductivity SN = 7142
* System UpLoad Time = Nov 14 2023 02:17:03
** Cruise: PC2205
** Program: ECOMON
# nquan = 8
# nvalues = 1735                                  
# units = specified
# name 0 = depSM: Depth [salt water, m], lat = 40.00
# name 1 = tv290C: Temperature [ITS-90, deg C]
# name 2 = c0S/m: Conductivity [S/m]
# name 3 = sal00: Salinity, Practical [PSU]
# name 4 = scan: Scan Count
# name 5 = timeM: Time, Elapsed [minutes]
# name 6 = sbeox0V: Oxygen raw, SBE 43 [V]
# name 7 = flag:  0.000e+00
# span 0 =     -0.021,     48.317                 
# span 1 =     7.7270,    14.2331                 
# span 2 =   0.000430,   3.894788                 
# span 3 =     0.0056,    32.7137                 
# span 4 =         11,       1745                 
# span 5 =     0.0417,     7.2667                 
# span 6 =     1.9733,     2.7130                 
# span 7 = 0.0000e+00, 0.0000e+00                 
# interval = seconds: 0.25
# start_time = Nov 14 2023 02:17:03 [System UTC, header]
# bad_flag = -9.990e-29
*END*
[from data line 720]
     36.256    14.1011   3.858796    31.7980        731     3.0417     2.6938  0.000e+00
     36.202    14.1013   3.858790    31.7979        732     3.0458     2.6915  0.000e+00
     36.148    14.1012   3.858815    31.7982        733     3.0500     2.6912  0.000e+00
     36.085    14.1011   3.858834    31.7984        734     3.0542     2.6919  0.000e+00
     36.028    14.1012   3.858702    31.7972        735     3.0583     2.6908  0.000e+00
     35.977    14.1011   3.858746    31.7977        736     3.0625     2.6894  0.000e+00
     35.916    14.1009   3.858746    31.7979        737     3.0667     2.6896  0.000e+00
     35.860    14.1008   3.858721    31.7978        738     3.0708     2.6885  0.000e+00
     35.798    14.1008   3.858677    31.7974        739     3.0750     2.6888  0.000e+00
     35.740    14.1004   3.858023    31.7918        740     3.0792     2.6883  0.000e+00
     35.677    14.0987   3.858438    31.7970        741     3.0833     2.6898  0.000e+00
     35.611    14.0975   3.857885    31.7929        742     3.0875     2.6903  0.000e+00
     35.550    14.0961   3.857891    31.7941        743     3.0917     2.6924  0.000e+00
     35.483    14.0946   3.857954    31.7960        744     3.0958     2.6929  0.000e+00
     35.420    14.0940   3.857753    31.7946        745     3.1000     2.6945  0.000e+00
     35.361    14.0932   3.857728    31.7951        746     3.1042     2.6959  0.000e+00
     35.296    14.0924   3.857640    31.7950        747     3.1083     2.6971  0.000e+00
     35.242    14.0917   3.857564    31.7949        748     3.1125     2.6953  0.000e+00
     35.179    14.0911   3.857615    31.7959        749     3.1167     2.6972  0.000e+00
     35.122    14.0907   3.857659    31.7966        750     3.1208     2.6961  0.000e+00
     35.061    14.0907   3.857571    31.7959        751     3.1250     2.6954  0.000e+00
     35.000    14.0906   3.857571    31.7960        752     3.1292     2.6962  0.000e+00
     34.944    14.0904   3.857608    31.7965        753     3.1333     2.6962  0.000e+00
     34.888    14.0902   3.857571    31.7963        754     3.1375     2.6956  0.000e+00
     34.829    14.0902   3.857684    31.7974        755     3.1417     2.6958  0.000e+00
     34.771    14.0905   3.857658    31.7969        756     3.1458     2.6952  0.000e+00
     34.719    14.0908   3.857702    31.7971        757     3.1500     2.6959  0.000e+00
     34.662    14.0912   3.857771    31.7975        758     3.1542     2.6953  0.000e+00
     34.601    14.0918   3.857683    31.7962        759     3.1583     2.6958  0.000e+00
     34.543    14.0919   3.857633    31.7956        760     3.1625     2.6946  0.000e+00
     34.480    14.0917   3.857702    31.7965        761     3.1667     2.6961  0.000e+00
     34.419    14.0914   3.857727    31.7970        762     3.1708     2.6947  0.000e+00
     34.358    14.0914   3.857683    31.7966        763     3.1750     2.6944  0.000e+00
     34.293    14.0916   3.857639    31.7960        764     3.1792     2.6948  0.000e+00
     34.230    14.0915   3.857514    31.7950        765     3.1833     2.6948  0.000e+00
     34.166    14.0909   3.857658    31.7969        766     3.1875     2.6943  0.000e+00
     34.106    14.0910   3.857752    31.7977        767     3.1917     2.6938  0.000e+00
     34.042    14.0915   3.857727    31.7970        768     3.1958     2.6936  0.000e+00
     33.977    14.0919   3.857727    31.7967        769     3.2000     2.6923  0.000e+00
     33.918    14.0922   3.857840    31.7976        770     3.2042     2.6936  0.000e+00
     33.855    14.0925   3.857796    31.7969        771     3.2083     2.6935  0.000e+00
     33.793    14.0928   3.857941    31.7980        772     3.2125     2.6936  0.000e+00
     33.736    14.0934   3.857972    31.7979        773     3.2167     2.6943  0.000e+00
     33.684    14.0940   3.858010    31.7977        774     3.2208     2.6949  0.000e+00
     33.630    14.0946   3.858022    31.7974        775     3.2250     2.6936  0.000e+00
     33.578    14.0950   3.858010    31.7969        776     3.2292     2.6963  0.000e+00
     33.531    14.0951   3.857997    31.7968        777     3.2333     2.6995  0.000e+00
     33.481    14.0949   3.857909    31.7961        778     3.2375     2.6982  0.000e+00
     33.436    14.0947   3.857821    31.7955        779     3.2417     2.6988  0.000e+00
     33.387    14.0941   3.857815    31.7959        780     3.2458     2.6981  0.000e+00
     33.337    14.0938   3.857796    31.7960        781     3.2500     2.6962  0.000e+00
     33.290    14.0936   3.857771    31.7960        782     3.2542     2.6940  0.000e+00
     33.244    14.0933   3.857771    31.7963        783     3.2583     2.6952  0.000e+00
     33.197    14.0932   3.857821    31.7968        784     3.2625     2.6943  0.000e+00
     33.146    14.0932   3.857953    31.7980        785     3.2667     2.6962  0.000e+00
     33.107    14.0939   3.858010    31.7980        786     3.2708     2.6964  0.000e+00
     33.051    14.0944   3.857884    31.7965        787     3.2750     2.6965  0.000e+00
     33.003    14.0944   3.857796    31.7957        788     3.2792     2.6981  0.000e+00
     32.954    14.0940   3.857771    31.7958        789     3.2833     2.6970  0.000e+00
     32.900    14.0934   3.857815    31.7967        790     3.2875     2.6967  0.000e+00
     32.850    14.0932   3.857777    31.7965        791     3.2917     2.6956  0.000e+00
     32.798    14.0933   3.857727    31.7960        792     3.2958     2.6948  0.000e+00
     32.744    14.0930   3.857658    31.7957        793     3.3000     2.6943  0.000e+00
     32.688    14.0927   3.857614    31.7955        794     3.3042     2.6956  0.000e+00
     32.627    14.0923   3.857727    31.7969        795     3.3083     2.6938  0.000e+00
     32.571    14.0923   3.857777    31.7974        796     3.3125     2.6954  0.000e+00
     32.505    14.0927   3.857727    31.7966        797     3.3167     2.6959  0.000e+00
     32.442    14.0930   3.857777    31.7969        798     3.3208     2.6976  0.000e+00
     32.379    14.0930   3.857796    31.7971        799     3.3250     2.6969  0.000e+00
     32.307    14.0932   3.857752    31.7965        800     3.3292     2.6962  0.000e+00
     32.244    14.0934   3.857771    31.7966        801     3.3333     2.6956  0.000e+00
     32.176    14.0933   3.857815    31.7971        802     3.3375     2.6956  0.000e+00
     32.115    14.0934   3.857846    31.7973        803     3.3417     2.6955  0.000e+00
     32.046    14.0937   3.857909    31.7976        804     3.3458     2.6966  0.000e+00
     31.983    14.0940   3.857890    31.7972        805     3.3500     2.6982  0.000e+00
     31.921    14.0943   3.857884    31.7969        806     3.3542     2.6986  0.000e+00
     31.865    14.0946   3.857796    31.7960        807     3.3583     2.6991  0.000e+00
     31.807    14.0946   3.857726    31.7954        808     3.3625     2.7010  0.000e+00
     31.757    14.0939   3.857701    31.7957        809     3.3667     2.7017  0.000e+00
     31.707    14.0935   3.857871    31.7976        810     3.3708     2.7017  0.000e+00
     31.667    14.0937   3.857909    31.7978        811     3.3750     2.7012  0.000e+00
     31.628    14.0943   3.857890    31.7971        812     3.3792     2.7000  0.000e+00
     31.583    14.0946   3.857909    31.7971        813     3.3833     2.7004  0.000e+00
     31.543    14.0947   3.857770    31.7957        814     3.3875     2.6999  0.000e+00
     31.504    14.0943   3.857821    31.7965        815     3.3917     2.6992  0.000e+00
     31.469    14.0940   3.857927    31.7978        816     3.3958     2.6989  0.000e+00
     31.435    14.0945   3.857965    31.7978        817     3.4000     2.6993  0.000e+00
     31.396    14.0949   3.857858    31.7965        818     3.4042     2.6982  0.000e+00
     31.360    14.0949   3.857795    31.7959        819     3.4083     2.6984  0.000e+00
     31.326    14.0946   3.857839    31.7965        820     3.4125     2.6962  0.000e+00
     31.290    14.0946   3.857952    31.7976        821     3.4167     2.6982  0.000e+00
     31.250    14.0949   3.857890    31.7968        822     3.4208     2.6978  0.000e+00
     31.209    14.0949   3.857858    31.7965        823     3.4250     2.6981  0.000e+00
     31.158    14.0949   3.857915    31.7971        824     3.4292     2.6982  0.000e+00
     31.105    14.0948   3.857908    31.7971        825     3.4333     2.6996  0.000e+00
     31.056    14.0949   3.857971    31.7976        826     3.4375     2.7009  0.000e+00
     31.000    14.0952   3.857940    31.7971        827     3.4417     2.7004  0.000e+00
     30.950    14.0953   3.857952    31.7972        828     3.4458     2.7026  0.000e+00
     30.889    14.0954   3.857889    31.7965        829     3.4500     2.7010  0.000e+00
     30.829    14.0954   3.857996    31.7975        830     3.4542     2.6995  0.000e+00
     30.768    14.0956   3.858034    31.7977        831     3.4583     2.6991  0.000e+00
     30.704    14.0959   3.858109    31.7982        832     3.4625     2.6974  0.000e+00
     30.650    14.0965   3.858109    31.7977        833     3.4667     2.6981  0.000e+00
     30.585    14.0969   3.858103    31.7974        834     3.4708     2.6982  0.000e+00
     30.529    14.0972   3.858109    31.7972        835     3.4750     2.6997  0.000e+00
     30.477    14.0972   3.858103    31.7971        836     3.4792     2.6990  0.000e+00
     30.425    14.0973   3.858065    31.7967        837     3.4833     2.6978  0.000e+00
     30.366    14.0970   3.858084    31.7972        838     3.4875     2.6983  0.000e+00
     30.312    14.0972   3.858197    31.7981        839     3.4917     2.7001  0.000e+00
     30.262    14.0975   3.858153    31.7974        840     3.4958     2.6989  0.000e+00
     30.209    14.0978   3.858178    31.7975        841     3.5000     2.6990  0.000e+00
     30.163    14.0981   3.858178    31.7972        842     3.5042     2.6992  0.000e+00
     30.116    14.0981   3.858128    31.7968        843     3.5083     2.6985  0.000e+00
     30.071    14.0981   3.858109    31.7966        844     3.5125     2.6956  0.000e+00
     30.031    14.0978   3.858084    31.7966        845     3.5167     2.6948  0.000e+00
     29.992    14.0975   3.858103    31.7970        846     3.5208     2.6941  0.000e+00
     29.954    14.0975   3.858153    31.7976        847     3.5250     2.6961  0.000e+00
     29.918    14.0975   3.858197    31.7979        848     3.5292     2.6964  0.000e+00
     29.879    14.0978   3.858134    31.7971        849     3.5333     2.6972  0.000e+00
     29.841    14.0978   3.858021    31.7961        850     3.5375     2.6989  0.000e+00
     29.803    14.0976   3.858008    31.7962        851     3.5417     2.6984  0.000e+00
     29.760    14.0973   3.857927    31.7957        852     3.5458     2.7009  0.000e+00
     29.715    14.0967   3.857964    31.7966        853     3.5500     2.7020  0.000e+00
     29.677    14.0964   3.857908    31.7963        854     3.5542     2.7006  0.000e+00
     29.631    14.0963   3.857939    31.7967        855     3.5583     2.7014  0.000e+00
     29.586    14.0961   3.857971    31.7972        856     3.5625     2.7018  0.000e+00
     29.546    14.0960   3.857971    31.7972        857     3.5667     2.7018  0.000e+00
     29.507    14.0963   3.858059    31.7979        858     3.5708     2.7011  0.000e+00
     29.460    14.0966   3.858084    31.7978        859     3.5750     2.7012  0.000e+00
     29.409    14.0974   3.857964    31.7961        860     3.5792     2.7002  0.000e+00
     29.366    14.0972   3.858109    31.7976        861     3.5833     2.6989  0.000e+00
     29.312    14.0973   3.858197    31.7984        862     3.5875     2.7011  0.000e+00
     29.260    14.0978   3.858222    31.7982        863     3.5917     2.7002  0.000e+00
     29.206    14.0984   3.858065    31.7963        864     3.5958     2.7002  0.000e+00
     29.154    14.0983   3.857964    31.7955        865     3.6000     2.7011  0.000e+00
     29.104    14.0977   3.857926    31.7956        866     3.6042     2.7005  0.000e+00
     29.052    14.0969   3.857870    31.7958        867     3.6083     2.7010  0.000e+00
     29.003    14.0964   3.857794    31.7955        868     3.6125     2.7004  0.000e+00
     28.955    14.0958   3.857769    31.7958        869     3.6167     2.6992  0.000e+00
     28.913    14.0953   3.857870    31.7972        870     3.6208     2.7007  0.000e+00
     28.867    14.0953   3.857813    31.7967        871     3.6250     2.7009  0.000e+00
     28.829    14.0954   3.857845    31.7969        872     3.6292     2.7012  0.000e+00
     28.780    14.0955   3.857882    31.7972        873     3.6333     2.7002  0.000e+00
     28.744    14.0955   3.857820    31.7967        874     3.6375     2.6995  0.000e+00
     28.705    14.0954   3.857970    31.7981        875     3.6417     2.6982  0.000e+00
     28.663    14.0957   3.858222    31.8001        876     3.6458     2.6969  0.000e+00
     28.628    14.0968   3.857989    31.7971        877     3.6500     2.6982  0.000e+00
     28.595    14.0971   3.857926    31.7963        878     3.6542     2.6977  0.000e+00
     28.557    14.0969   3.858008    31.7973        879     3.6583     2.6976  0.000e+00
     28.521    14.0969   3.857995    31.7972        880     3.6625     2.6982  0.000e+00
     28.489    14.0971   3.857970    31.7968        881     3.6667     2.7005  0.000e+00
     28.442    14.0970   3.858083    31.7979        882     3.6708     2.7022  0.000e+00
     28.403    14.0974   3.858064    31.7974        883     3.6750     2.7022  0.000e+00
     28.367    14.0975   3.858058    31.7973        884     3.6792     2.7016  0.000e+00
     28.324    14.0977   3.858134    31.7979        885     3.6833     2.7031  0.000e+00
     28.284    14.0979   3.858083    31.7972        886     3.6875     2.7035  0.000e+00
     28.239    14.0981   3.857995    31.7962        887     3.6917     2.7053  0.000e+00
     28.191    14.0978   3.857970    31.7963        888     3.6958     2.7046  0.000e+00
     28.146    14.0975   3.857914    31.7961        889     3.7000     2.7030  0.000e+00
     28.106    14.0972   3.858020    31.7973        890     3.7042     2.7040  0.000e+00
     28.063    14.0975   3.857869    31.7957        891     3.7083     2.7046  0.000e+00
     28.016    14.0969   3.857725    31.7949        892     3.7125     2.7051  0.000e+00
     27.970    14.0958   3.857681    31.7954        893     3.7167     2.7049  0.000e+00
     27.925    14.0947   3.857725    31.7967        894     3.7208     2.7061  0.000e+00
     27.878    14.0942   3.857882    31.7986        895     3.7250     2.7065  0.000e+00
     27.840    14.0946   3.857989    31.7992        896     3.7292     2.7043  0.000e+00
     27.794    14.0955   3.857813    31.7969        897     3.7333     2.7043  0.000e+00
     27.749    14.0960   3.857536    31.7940        898     3.7375     2.7020  0.000e+00
     27.700    14.0953   3.857499    31.7942        899     3.7417     2.7014  0.000e+00
     27.660    14.0943   3.857386    31.7940        900     3.7458     2.7004  0.000e+00
     27.619    14.0932   3.857442    31.7955        901     3.7500     2.7001  0.000e+00
     27.581    14.0925   3.857386    31.7956        902     3.7542     2.7011  0.000e+00
     27.547    14.0925   3.857348    31.7953        903     3.7583     2.7000  0.000e+00
     27.506    14.0924   3.857298    31.7949        904     3.7625     2.6999  0.000e+00
     27.465    14.0920   3.857272    31.7950        905     3.7667     2.6992  0.000e+00
     27.420    14.0918   3.857298    31.7954        906     3.7708     2.6999  0.000e+00
     27.382    14.0918   3.857411    31.7965        907     3.7750     2.6985  0.000e+00
     27.344    14.0919   3.857605    31.7982        908     3.7792     2.6994  0.000e+00
