PC2305/sbe135.cnv
* Sea-Bird SBE 19plus V2 Data File:
* FileName = C:\cruise\data\sbe135.hex
* Software Version Seasave V 7.26.7.121
* Temperature SN = 7142
* Conductivity SN = 7142
* System UpLoad Time = Nov 09 2023 18:40:19
** Cruise: PC2205
** Program: ECOMON
# nquan = 8
# nvalues = 4497                                  
# units = specified
# name 0 = depSM: Depth [salt water, m], lat = 40.00
# name 1 = tv290C: Temperature [ITS-90, deg C]
# name 2 = c0S/m: Conductivity [S/m]
# name 3 = sal00: Salinity, Practical [PSU]
# name 4 = scan: Scan Count
# name 5 = timeM: Time, Elapsed [minutes]
# name 6 = sbeox0V: Oxygen raw, SBE 43 [V]
# name 7 = flag:  0.000e+00
# span 0 =     -0.107,    159.843                 
# span 1 =     5.5634,    11.4624                 
# span 2 =   0.000256,   3.663672                 
# span 3 =     0.0034,    34.6162                 
# span 4 =         11,       4507                 
# span 5 =     0.0417,    18.7750                 
# span 6 =     1.6146,     2.8658                 
# span 7 = 0.0000e+00, 0.0000e+00                 
# interval = seconds: 0.25
# start_time = Nov 09 2023 18:40:19 [System UTC, header]
# bad_flag = -9.990e-29
*END*
[from data line 2697]
     73.329     9.0273   3.501993    32.7198       2708    11.2792     2.0265  0.000e+00
     73.302     9.0281   3.501999    32.7191       2709    11.2833     2.0244  0.000e+00
     73.268     9.0298   3.502168    32.7193       2710    11.2875     2.0225  0.000e+00
     73.235     9.0306   3.502259    32.7195       2711    11.2917     2.0218  0.000e+00
     73.203     9.0309   3.502313    32.7198       2712    11.2958     2.0205  0.000e+00
     73.165     9.0318   3.502464    32.7206       2713    11.3000     2.0199  0.000e+00
     73.118     9.0331   3.502633    32.7212       2714    11.3042     2.0197  0.000e+00
     73.077     9.0349   3.502833    32.7216       2715    11.3083     2.0211  0.000e+00
     73.029     9.0379   3.503516    32.7259       2716    11.3125     2.0227  0.000e+00
     72.980     9.0427   3.504108    32.7277       2717    11.3167     2.0250  0.000e+00
     72.932     9.0500   3.505541    32.7359       2718    11.3208     2.0270  0.000e+00
     72.876     9.0639   3.507911    32.7477       2719    11.3250     2.0298  0.000e+00
     72.822     9.0824   3.509538    32.7476       2720    11.3292     2.0316  0.000e+00
     72.777     9.1006   3.510530    32.7412       2721    11.3333     2.0333  0.000e+00
     72.721     9.1156   3.511129    32.7336       2722    11.3375     2.0352  0.000e+00
     72.667     9.1267   3.511122    32.7234       2723    11.3417     2.0371  0.000e+00
     72.610     9.1341   3.511080    32.7162       2724    11.3458     2.0389  0.000e+00
     72.552     9.1391   3.511177    32.7127       2725    11.3500     2.0412  0.000e+00
     72.495     9.1431   3.511419    32.7115       2726    11.3542     2.0432  0.000e+00
     72.434     9.1477   3.512157    32.7149       2727    11.3583     2.0449  0.000e+00
     72.381     9.1541   3.512859    32.7164       2728    11.3625     2.0484  0.000e+00
     72.335     9.1620   3.513639    32.7172       2729    11.3667     2.0516  0.000e+00
     72.297     9.1718   3.514698    32.7192       2730    11.3708     2.0544  0.000e+00
     72.261     9.1824   3.515673    32.7196       2731    11.3750     2.0551  0.000e+00
     72.230     9.1935   3.516544    32.7184       2732    11.3792     2.0557  0.000e+00
     72.209     9.2042   3.517537    32.7189       2733    11.3833     2.0552  0.000e+00
     72.187     9.2140   3.518173    32.7165       2734    11.3875     2.0521  0.000e+00
     72.171     9.2224   3.519044    32.7178       2735    11.3917     2.0511  0.000e+00
     72.159     9.2294   3.519807    32.7192       2736    11.3958     2.0475  0.000e+00
     72.144     9.2356   3.520383    32.7196       2737    11.4000     2.0435  0.000e+00
     72.135     9.2415   3.520909    32.7196       2738    11.4042     2.0405  0.000e+00
     72.114     9.2472   3.521461    32.7200       2739    11.4083     2.0373  0.000e+00
     72.096     9.2535   3.522418    32.7242       2740    11.4125     2.0353  0.000e+00
     72.069     9.2618   3.523975    32.7326       2741    11.4167     2.0341  0.000e+00
     72.040     9.2739   3.525714    32.7395       2742    11.4208     2.0328  0.000e+00
     72.009     9.2896   3.527180    32.7402       2743    11.4250     2.0323  0.000e+00
     71.970     9.3057   3.528095    32.7350       2744    11.4292     2.0339  0.000e+00
     71.927     9.3213   3.529022    32.7303       2745    11.4333     2.0353  0.000e+00
     71.885     9.3373   3.529901    32.7248       2746    11.4375     2.0379  0.000e+00
     71.839     9.3512   3.530714    32.7204       2747    11.4417     2.0404  0.000e+00
     71.799     9.3635   3.531374    32.7160       2748    11.4458     2.0427  0.000e+00
     71.758     9.3740   3.531859    32.7114       2749    11.4500     2.0432  0.000e+00
     71.714     9.3815   3.532096    32.7070       2750    11.4542     2.0444  0.000e+00
     71.679     9.3872   3.532799    32.7090       2751    11.4583     2.0455  0.000e+00
     71.639     9.3939   3.533612    32.7112       2752    11.4625     2.0480  0.000e+00
     71.603     9.4020   3.534334    32.7113       2753    11.4667     2.0506  0.000e+00
     71.556     9.4108   3.534928    32.7094       2754    11.4708     2.0517  0.000e+00
     71.517     9.4184   3.535377    32.7071       2755    11.4750     2.0533  0.000e+00
     71.481     9.4251   3.535826    32.7056       2756    11.4792     2.0562  0.000e+00
     71.434     9.4319   3.536341    32.7048       2757    11.4833     2.0595  0.000e+00
     71.389     9.4380   3.536651    32.7024       2758    11.4875     2.0632  0.000e+00
     71.341     9.4438   3.536978    32.7004       2759    11.4917     2.0682  0.000e+00
     71.308     9.4491   3.537215    32.6981       2760    11.4958     2.0718  0.000e+00
     71.272     9.4527   3.537427    32.6970       2761    11.5000     2.0753  0.000e+00
     71.231     9.4554   3.537555    32.6958       2762    11.5042     2.0779  0.000e+00
     71.202     9.4585   3.537991    32.6975       2763    11.5083     2.0799  0.000e+00
     71.177     9.4612   3.538149    32.6967       2764    11.5125     2.0824  0.000e+00
     71.150     9.4634   3.538283    32.6961       2765    11.5167     2.0834  0.000e+00
     71.125     9.4649   3.538471    32.6966       2766    11.5208     2.0839  0.000e+00
     71.105     9.4665   3.538623    32.6967       2767    11.5250     2.0879  0.000e+00
     71.080     9.4678   3.538732    32.6967       2768    11.5292     2.0879  0.000e+00
     71.057     9.4683   3.538859    32.6975       2769    11.5333     2.0876  0.000e+00
     71.033     9.4692   3.539005    32.6983       2770    11.5375     2.0870  0.000e+00
     71.004     9.4698   3.539175    32.6994       2771    11.5417     2.0847  0.000e+00
     70.974     9.4707   3.539351    32.7004       2772    11.5458     2.0847  0.000e+00
     70.933     9.4719   3.539314    32.6989       2773    11.5500     2.0850  0.000e+00
     70.891     9.4730   3.539496    32.6998       2774    11.5542     2.0847  0.000e+00
     70.846     9.4744   3.539454    32.6982       2775    11.5583     2.0840  0.000e+00
     70.799     9.4757   3.539496    32.6975       2776    11.5625     2.0853  0.000e+00
     70.753     9.4768   3.539539    32.6969       2777    11.5667     2.0851  0.000e+00
     70.706     9.4777   3.539721    32.6979       2778    11.5708     2.0876  0.000e+00
     70.656     9.4790   3.539775    32.6973       2779    11.5750     2.0892  0.000e+00
     70.616     9.4806   3.539927    32.6974       2780    11.5792     2.0920  0.000e+00
     70.569     9.4822   3.540030    32.6971       2781    11.5833     2.0938  0.000e+00
     70.532     9.4836   3.540212    32.6977       2782    11.5875     2.0973  0.000e+00
     70.488     9.4863   3.540674    32.7000       2783    11.5917     2.0986  0.000e+00
     70.453     9.4897   3.540929    32.6996       2784    11.5958     2.1014  0.000e+00
     70.417     9.4940   3.541420    32.7007       2785    11.6000     2.1024  0.000e+00
     70.388     9.4992   3.541888    32.7007       2786    11.6042     2.1021  0.000e+00
     70.354     9.5041   3.542234    32.6998       2787    11.6083     2.0983  0.000e+00
     70.334     9.5080   3.542464    32.6986       2788    11.6125     2.1000  0.000e+00
     70.307     9.5114   3.542640    32.6974       2789    11.6167     2.0981  0.000e+00
     70.280     9.5139   3.542768    32.6964       2790    11.6208     2.0977  0.000e+00
     70.253     9.5158   3.542913    32.6962       2791    11.6250     2.0961  0.000e+00
     70.233     9.5176   3.542974    32.6952       2792    11.6292     2.0967  0.000e+00
     70.217     9.5196   3.543193    32.6956       2793    11.6333     2.0957  0.000e+00
     70.201     9.5220   3.543387    32.6954       2794    11.6375     2.0958  0.000e+00
     70.179     9.5245   3.543557    32.6949       2795    11.6417     2.0937  0.000e+00
     70.168     9.5271   3.543897    32.6960       2796    11.6458     2.0924  0.000e+00
     70.149     9.5296   3.544134    32.6962       2797    11.6500     2.0911  0.000e+00
     70.140     9.5325   3.544389    32.6961       2798    11.6542     2.0892  0.000e+00
     70.127     9.5358   3.544583    32.6951       2799    11.6583     2.0857  0.000e+00
     70.115     9.5395   3.544820    32.6942       2800    11.6625     2.0829  0.000e+00
     70.102     9.5426   3.545075    32.6940       2801    11.6667     2.0796  0.000e+00
     70.084     9.5455   3.545269    32.6933       2802    11.6708     2.0776  0.000e+00
     70.071     9.5484   3.545622    32.6943       2803    11.6750     2.0734  0.000e+00
     70.048     9.5513   3.545931    32.6949       2804    11.6792     2.0711  0.000e+00
     70.026     9.5544   3.546211    32.6949       2805    11.6833     2.0685  0.000e+00
     70.003     9.5577   3.546490    32.6948       2806    11.6875     2.0650  0.000e+00
     69.974     9.5614   3.546660    32.6931       2807    11.6917     2.0642  0.000e+00
     69.942     9.5647   3.547018    32.6938       2808    11.6958     2.0637  0.000e+00
     69.904     9.5681   3.547431    32.6950       2809    11.7000     2.0634  0.000e+00
     69.863     9.5726   3.547881    32.6955       2810    11.7042     2.0635  0.000e+00
     69.825     9.5780   3.548179    32.6937       2811    11.7083     2.0640  0.000e+00
     69.780     9.5838   3.548482    32.6916       2812    11.7125     2.0638  0.000e+00
     69.735     9.5888   3.548585    32.6880       2813    11.7167     2.0658  0.000e+00
     69.692     9.5926   3.548774    32.6865       2814    11.7208     2.0690  0.000e+00
     69.651     9.5959   3.548889    32.6848       2815    11.7250     2.0715  0.000e+00
     69.607     9.5988   3.549187    32.6852       2816    11.7292     2.0752  0.000e+00
     69.566     9.6021   3.549485    32.6852       2817    11.7333     2.0791  0.000e+00
     69.527     9.6056   3.549703    32.6843       2818    11.7375     2.0817  0.000e+00
     69.487     9.6092   3.549989    32.6840       2819    11.7417     2.0850  0.000e+00
     69.460     9.6133   3.550214    32.6825       2820    11.7458     2.0867  0.000e+00
     69.435     9.6171   3.550621    32.6833       2821    11.7500     2.0899  0.000e+00
     69.406     9.6202   3.550900    32.6834       2822    11.7542     2.0904  0.000e+00
     69.379     9.6240   3.551265    32.6836       2823    11.7583     2.0907  0.000e+00
     69.356     9.6285   3.551654    32.6835       2824    11.7625     2.0895  0.000e+00
     69.336     9.6333   3.551988    32.6825       2825    11.7667     2.0878  0.000e+00
     69.320     9.6380   3.552274    32.6812       2826    11.7708     2.0878  0.000e+00
     69.307     9.6423   3.552511    32.6797       2827    11.7750     2.0869  0.000e+00
     69.288     9.6461   3.552766    32.6789       2828    11.7792     2.0868  0.000e+00
     69.277     9.6491   3.553088    32.6794       2829    11.7833     2.0861  0.000e+00
     69.259     9.6522   3.553301    32.6788       2830    11.7875     2.0872  0.000e+00
     69.246     9.6556   3.553653    32.6793       2831    11.7917     2.0853  0.000e+00
     69.230     9.6587   3.553884    32.6789       2832    11.7958     2.0814  0.000e+00
     69.210     9.6619   3.554097    32.6782       2833    11.8000     2.0795  0.000e+00
     69.198     9.6652   3.554334    32.6776       2834    11.8042     2.0765  0.000e+00
     69.178     9.6683   3.554589    32.6774       2835    11.8083     2.0731  0.000e+00
     69.156     9.6709   3.554784    32.6771       2836    11.8125     2.0690  0.000e+00
     69.135     9.6728   3.555039    32.6779       2837    11.8167     2.0667  0.000e+00
     69.104     9.6754   3.555258    32.6778       2838    11.8208     2.0650  0.000e+00
     69.074     9.6777   3.555386    32.6771       2839    11.8250     2.0641  0.000e+00
     69.038     9.6805   3.555538    32.6761       2840    11.8292     2.0637  0.000e+00
     69.000     9.6831   3.555684    32.6752       2841    11.8333     2.0641  0.000e+00
     68.960     9.6850   3.555811    32.6748       2842    11.8375     2.0669  0.000e+00
     68.926     9.6871   3.555799    32.6727       2843    11.8417     2.0687  0.000e+00
     68.881     9.6889   3.555987    32.6731       2844    11.8458     2.0724  0.000e+00
     68.842     9.6904   3.556006    32.6719       2845    11.8500     2.0762  0.000e+00
     68.808     9.6918   3.556073    32.6714       2846    11.8542     2.0778  0.000e+00
     68.768     9.6934   3.556200    32.6712       2847    11.8583     2.0822  0.000e+00
     68.736     9.6947   3.556243    32.6705       2848    11.8625     2.0856  0.000e+00
     68.705     9.6958   3.556291    32.6700       2849    11.8667     2.0876  0.000e+00
     68.675     9.6971   3.556522    32.6712       2850    11.8708     2.0879  0.000e+00
     68.644     9.6986   3.556589    32.6706       2851    11.8750     2.0895  0.000e+00
     68.615     9.6996   3.556589    32.6696       2852    11.8792     2.0895  0.000e+00
     68.597     9.7008   3.556802    32.6707       2853    11.8833     2.0882  0.000e+00
     68.576     9.7020   3.556930    32.6709       2854    11.8875     2.0854  0.000e+00
     68.547     9.7033   3.557216    32.6727       2855    11.8917     2.0852  0.000e+00
     68.524     9.7055   3.557465    32.6733       2856    11.8958     2.0828  0.000e+00
     68.491     9.7082   3.557702    32.6733       2857    11.9000     2.0795  0.000e+00
     68.468     9.7107   3.557939    32.6734       2858    11.9042     2.0774  0.000e+00
     68.437     9.7135   3.558091    32.6724       2859    11.9083     2.0757  0.000e+00
     68.410     9.7160   3.558243    32.6717       2860    11.9125     2.0741  0.000e+00
     68.378     9.7183   3.558414    32.6714       2861    11.9167     2.0730  0.000e+00
     68.340     9.7207   3.558608    32.6712       2862    11.9208     2.0715  0.000e+00
     68.302     9.7230   3.558711    32.6702       2863    11.9250     2.0715  0.000e+00
     68.270     9.7257   3.558845    32.6691       2864    11.9292     2.0735  0.000e+00
     68.241     9.7277   3.558930    32.6682       2865    11.9333     2.0744  0.000e+00
     68.216     9.7293   3.559082    32.6683       2866    11.9375     2.0754  0.000e+00
     68.191     9.7313   3.559271    32.6684       2867    11.9417     2.0770  0.000e+00
     68.169     9.7339   3.559508    32.6685       2868    11.9458     2.0773  0.000e+00
     68.151     9.7367   3.559812    32.6691       2869    11.9500     2.0770  0.000e+00
     68.133     9.7396   3.560001    32.6684       2870    11.9542     2.0758  0.000e+00
     68.108     9.7427   3.560329    32.6689       2871    11.9583     2.0753  0.000e+00
     68.090     9.7460   3.560500    32.6677       2872    11.9625     2.0761  0.000e+00
     68.072     9.7493   3.560779    32.6675       2873    11.9667     2.0739  0.000e+00
     68.053     9.7525   3.560986    32.6668       2874    11.9708     2.0747  0.000e+00
     68.038     9.7551   3.561254    32.6671       2875    11.9750     2.0731  0.000e+00
     68.015     9.7573   3.561357    32.6662       2876    11.9792     2.0715  0.000e+00
     67.991     9.7594   3.561552    32.6662       2877    11.9833     2.0699  0.000e+00
     67.961     9.7612   3.561680    32.6659       2878    11.9875     2.0697  0.000e+00
     67.932     9.7629   3.561808    32.6657       2879    11.9917     2.0689  0.000e+00
     67.903     9.7648   3.562002    32.6660       2880    11.9958     2.0687  0.000e+00
     67.871     9.7661   3.562051    32.6654       2881    12.0000     2.0690  0.000e+00
     67.842     9.7679   3.562087    32.6641       2882    12.0042     2.0701  0.000e+00
     67.804     9.7695   3.562179    32.6636       2883    12.0083     2.0718  0.000e+00
     67.770     9.7713   3.562282    32.6630       2884    12.0125     2.0757  0.000e+00
     67.745     9.7731   3.562349    32.6621       2885    12.0167     2.0778  0.000e+00
     67.713     9.7745   3.562477    32.6621       2886    12.0208     2.0798  0.000e+00
