PC2305/sbe174.cnv
* Sea-Bird SBE 19plus V2 Data File:
* FileName = C:\cruise\data\sbe174.hex
* Software Version Seasave V 7.26.7.121
* Temperature SN = 7142
* Conductivity SN = 7142
* System UpLoad Time = Nov 13 2023 23:31:39
** Cruise: PC2205
** Program: ECOMON
# nquan = 8
# nvalues = 1263                                  
# units = specified
# name 0 = depSM: Depth [salt water, m], lat = 40.00
# name 1 = tv290C: Temperature [ITS-90, deg C]
# name 2 = c0S/m: Conductivity [S/m]
# name 3 = sal00: Salinity, Practical [PSU]
# name 4 = scan: Scan Count
# name 5 = timeM: Time, Elapsed [minutes]
# name 6 = sbeox0V: Oxygen raw, SBE 43 [V]
# name 7 = flag:  0.000e+00
# span 0 =     -0.006,     28.184                 
# span 1 =     7.0718,    13.9520                 
# span 2 =   0.000301,   3.849241                 
# span 3 =     0.0045,    32.9671                 
# span 4 =         11,       1273                 
# span 5 =     0.0417,     5.3000                 
# span 6 =     2.0684,     3.0855                 
# span 7 = 0.0000e+00, 0.0000e+00                 
# interval = seconds: 0.25
# start_time = Nov 13 2023 23:31:39 [System UTC, header]
# bad_flag = -9.990e-29
*END*
[from data line 360]
     22.140    13.9405   3.846879    31.8266        371     1.5417     2.7916  0.000e+00
     22.251    13.9404   3.846905    31.8269        372     1.5458     2.7954  0.000e+00
     22.374    13.9399   3.846923    31.8274        373     1.5500     2.7951  0.000e+00
     22.489    13.9397   3.847024    31.8285        374     1.5542     2.7971  0.000e+00
     22.611    13.9398   3.847106    31.8291        375     1.5583     2.7974  0.000e+00
     22.724    13.9399   3.847168    31.8296        376     1.5625     2.7985  0.000e+00
     22.843    13.9400   3.847193    31.8297        377     1.5667     2.7997  0.000e+00
     22.954    13.9405   3.847332    31.8305        378     1.5708     2.8006  0.000e+00
     23.064    13.9408   3.847463    31.8314        379     1.5750     2.8018  0.000e+00
     23.177    13.9415   3.847551    31.8316        380     1.5792     2.8021  0.000e+00
     23.283    13.9415   3.847733    31.8332        381     1.5833     2.8031  0.000e+00
     23.389    13.9420   3.847872    31.8340        382     1.5875     2.8051  0.000e+00
     23.488    13.9428   3.847777    31.8325        383     1.5917     2.8066  0.000e+00
     23.585    13.9431   3.847821    31.8326        384     1.5958     2.8068  0.000e+00
     23.678    13.9434   3.847897    31.8331        385     1.6000     2.8097  0.000e+00
     23.775    13.9437   3.848003    31.8337        386     1.6042     2.8109  0.000e+00
     23.867    13.9444   3.848060    31.8336        387     1.6083     2.8137  0.000e+00
     23.969    13.9449   3.848091    31.8334        388     1.6125     2.8167  0.000e+00
     24.068    13.9455   3.848091    31.8329        389     1.6167     2.8184  0.000e+00
     24.174    13.9456   3.848179    31.8336        390     1.6208     2.8190  0.000e+00
     24.282    13.9460   3.848186    31.8333        391     1.6250     2.8189  0.000e+00
     24.386    13.9463   3.848248    31.8336        392     1.6292     2.8198  0.000e+00
     24.498    13.9462   3.848186    31.8331        393     1.6333     2.8197  0.000e+00
     24.609    13.9462   3.848230    31.8334        394     1.6375     2.8188  0.000e+00
     24.728    13.9462   3.848318    31.8342        395     1.6417     2.8188  0.000e+00
     24.839    13.9463   3.848343    31.8342        396     1.6458     2.8188  0.000e+00
     24.958    13.9464   3.848230    31.8331        397     1.6500     2.8181  0.000e+00
     25.077    13.9463   3.848255    31.8334        398     1.6542     2.8163  0.000e+00
     25.195    13.9463   3.848249    31.8333        399     1.6583     2.8163  0.000e+00
     25.316    13.9459   3.848255    31.8336        400     1.6625     2.8174  0.000e+00
     25.431    13.9460   3.848368    31.8346        401     1.6667     2.8181  0.000e+00
     25.535    13.9459   3.848299    31.8339        402     1.6708     2.8196  0.000e+00
     25.652    13.9462   3.848324    31.8339        403     1.6750     2.8202  0.000e+00
     25.758    13.9461   3.848387    31.8345        404     1.6792     2.8208  0.000e+00
     25.864    13.9462   3.848343    31.8340        405     1.6833     2.8220  0.000e+00
     25.973    13.9465   3.848387    31.8341        406     1.6875     2.8225  0.000e+00
     26.074    13.9465   3.848456    31.8347        407     1.6917     2.8229  0.000e+00
     26.184    13.9469   3.848488    31.8346        408     1.6958     2.8225  0.000e+00
     26.290    13.9472   3.848544    31.8349        409     1.7000     2.8232  0.000e+00
     26.396    13.9474   3.848532    31.8345        410     1.7042     2.8232  0.000e+00
     26.502    13.9475   3.848588    31.8349        411     1.7083     2.8232  0.000e+00
     26.620    13.9477   3.848651    31.8353        412     1.7125     2.8234  0.000e+00
     26.726    13.9478   3.848701    31.8356        413     1.7167     2.8234  0.000e+00
     26.838    13.9480   3.848683    31.8352        414     1.7208     2.8222  0.000e+00
     26.942    13.9483   3.848701    31.8351        415     1.7250     2.8198  0.000e+00
     27.048    13.9485   3.848683    31.8347        416     1.7292     2.8182  0.000e+00
     27.154    13.9484   3.848676    31.8347        417     1.7333     2.8172  0.000e+00
     27.256    13.9483   3.848658    31.8346        418     1.7375     2.8168  0.000e+00
     27.366    13.9481   3.848676    31.8349        419     1.7417     2.8174  0.000e+00
     27.478    13.9480   3.848727    31.8354        420     1.7458     2.8184  0.000e+00
     27.593    13.9480   3.848796    31.8360        421     1.7500     2.8184  0.000e+00
     27.706    13.9481   3.848702    31.8350        422     1.7542     2.8201  0.000e+00
     27.821    13.9481   3.848796    31.8358        423     1.7583     2.8210  0.000e+00
     27.929    13.9483   3.848796    31.8356        424     1.7625     2.8206  0.000e+00
     28.049    13.9483   3.848815    31.8357        425     1.7667     2.8191  0.000e+00
     28.126    13.9484   3.848840    31.8359        426     1.7708     2.8181  0.000e+00
     28.175    13.9484   3.848953    31.8369        427     1.7750     2.8178  0.000e+00
     28.184    13.9488   3.848934    31.8364        428     1.7792     2.8188  0.000e+00
     28.164    13.9490   3.849041    31.8372        429     1.7833     2.8198  0.000e+00
     28.130    13.9492   3.849104    31.8376        430     1.7875     2.8200  0.000e+00
     28.112    13.9498   3.849129    31.8374        431     1.7917     2.8200  0.000e+00
     28.099    13.9504   3.849129    31.8369        432     1.7958     2.8212  0.000e+00
     28.105    13.9505   3.849053    31.8361        433     1.8000     2.8212  0.000e+00
     28.090    13.9506   3.849041    31.8359        434     1.8042     2.8207  0.000e+00
     28.071    13.9506   3.849173    31.8371        435     1.8083     2.8201  0.000e+00
     28.056    13.9507   3.849154    31.8368        436     1.8125     2.8203  0.000e+00
     28.049    13.9508   3.849053    31.8358        437     1.8167     2.8199  0.000e+00
     28.047    13.9506   3.849085    31.8363        438     1.8208     2.8203  0.000e+00
     28.024    13.9504   3.849066    31.8363        439     1.8250     2.8205  0.000e+00
     27.983    13.9504   3.849122    31.8369        440     1.8292     2.8213  0.000e+00
     27.934    13.9504   3.849154    31.8371        441     1.8333     2.8206  0.000e+00
     27.869    13.9506   3.849198    31.8374        442     1.8375     2.8209  0.000e+00
     27.805    13.9509   3.849129    31.8366        443     1.8417     2.8219  0.000e+00
     27.751    13.9510   3.849103    31.8363        444     1.8458     2.8219  0.000e+00
     27.713    13.9510   3.849041    31.8357        445     1.8500     2.8229  0.000e+00
     27.679    13.9505   3.849053    31.8362        446     1.8542     2.8238  0.000e+00
     27.639    13.9504   3.848953    31.8354        447     1.8583     2.8237  0.000e+00
     27.610    13.9499   3.849022    31.8365        448     1.8625     2.8232  0.000e+00
     27.567    13.9496   3.849172    31.8382        449     1.8667     2.8237  0.000e+00
     27.521    13.9499   3.849241    31.8385        450     1.8708     2.8240  0.000e+00
     27.472    13.9507   3.849223    31.8377        451     1.8750     2.8258  0.000e+00
     27.431    13.9510   3.849223    31.8375        452     1.8792     2.8261  0.000e+00
     27.389    13.9513   3.849197    31.8371        453     1.8833     2.8270  0.000e+00
     27.339    13.9514   3.849128    31.8363        454     1.8875     2.8271  0.000e+00
     27.296    13.9513   3.849053    31.8358        455     1.8917     2.8264  0.000e+00
     27.253    13.9507   3.848884    31.8347        456     1.8958     2.8260  0.000e+00
     27.206    13.9498   3.848858    31.8352        457     1.9000     2.8243  0.000e+00
     27.163    13.9490   3.848840    31.8358        458     1.9042     2.8237  0.000e+00
     27.114    13.9486   3.848814    31.8359        459     1.9083     2.8240  0.000e+00
     27.062    13.9478   3.848821    31.8366        460     1.9125     2.8240  0.000e+00
     27.023    13.9478   3.848814    31.8365        461     1.9167     2.8242  0.000e+00
     26.978    13.9477   3.848796    31.8365        462     1.9208     2.8236  0.000e+00
     26.937    13.9475   3.848796    31.8367        463     1.9250     2.8248  0.000e+00
     26.895    13.9475   3.848796    31.8366        464     1.9292     2.8258  0.000e+00
     26.852    13.9474   3.848770    31.8365        465     1.9333     2.8262  0.000e+00
     26.813    13.9473   3.848814    31.8370        466     1.9375     2.8280  0.000e+00
     26.771    13.9472   3.848795    31.8369        467     1.9417     2.8287  0.000e+00
     26.735    13.9474   3.848814    31.8370        468     1.9458     2.8293  0.000e+00
     26.701    13.9475   3.848839    31.8372        469     1.9500     2.8293  0.000e+00
     26.665    13.9476   3.848839    31.8371        470     1.9542     2.8289  0.000e+00
     26.631    13.9475   3.848821    31.8370        471     1.9583     2.8286  0.000e+00
     26.586    13.9475   3.848795    31.8368        472     1.9625     2.8276  0.000e+00
     26.541    13.9472   3.848726    31.8364        473     1.9667     2.8277  0.000e+00
     26.496    13.9469   3.848676    31.8362        474     1.9708     2.8290  0.000e+00
     26.457    13.9468   3.848657    31.8361        475     1.9750     2.8305  0.000e+00
     26.414    13.9464   3.848651    31.8364        476     1.9792     2.8315  0.000e+00
     26.361    13.9462   3.848657    31.8367        477     1.9833     2.8321  0.000e+00
     26.313    13.9461   3.848651    31.8368        478     1.9875     2.8328  0.000e+00
     26.263    13.9461   3.848745    31.8376        479     1.9917     2.8342  0.000e+00
     26.210    13.9463   3.848795    31.8379        480     1.9958     2.8339  0.000e+00
     26.158    13.9466   3.848770    31.8375        481     2.0000     2.8332  0.000e+00
     26.108    13.9469   3.849021    31.8396        482     2.0042     2.8329  0.000e+00
     26.058    13.9478   3.849078    31.8394        483     2.0083     2.8324  0.000e+00
     26.007    13.9487   3.848996    31.8378        484     2.0125     2.8336  0.000e+00
     25.959    13.9493   3.848983    31.8372        485     2.0167     2.8332  0.000e+00
     25.917    13.9493   3.848971    31.8371        486     2.0208     2.8346  0.000e+00
     25.869    13.9493   3.848958    31.8371        487     2.0250     2.8345  0.000e+00
     25.828    13.9493   3.848952    31.8371        488     2.0292     2.8348  0.000e+00
     25.783    13.9493   3.848958    31.8371        489     2.0333     2.8346  0.000e+00
     25.749    13.9493   3.848971    31.8372        490     2.0375     2.8329  0.000e+00
     25.705    13.9494   3.848996    31.8374        491     2.0417     2.8316  0.000e+00
     25.664    13.9496   3.849008    31.8373        492     2.0458     2.8308  0.000e+00
     25.619    13.9497   3.848996    31.8372        493     2.0500     2.8296  0.000e+00
     25.578    13.9497   3.849027    31.8375        494     2.0542     2.8305  0.000e+00
     25.533    13.9497   3.849040    31.8376        495     2.0583     2.8313  0.000e+00
     25.497    13.9497   3.849103    31.8382        496     2.0625     2.8298  0.000e+00
     25.457    13.9498   3.849109    31.8382        497     2.0667     2.8301  0.000e+00
     25.418    13.9502   3.848971    31.8366        498     2.0708     2.8286  0.000e+00
     25.384    13.9499   3.848889    31.8361        499     2.0750     2.8304  0.000e+00
     25.353    13.9496   3.848858    31.8361        500     2.0792     2.8316  0.000e+00
     25.319    13.9493   3.848864    31.8364        501     2.0833     2.8320  0.000e+00
     25.287    13.9492   3.848908    31.8369        502     2.0875     2.8322  0.000e+00
     25.258    13.9491   3.848958    31.8375        503     2.0917     2.8308  0.000e+00
     25.220    13.9495   3.848908    31.8367        504     2.0958     2.8315  0.000e+00
     25.184    13.9496   3.848933    31.8369        505     2.1000     2.8316  0.000e+00
     25.154    13.9494   3.848971    31.8374        506     2.1042     2.8329  0.000e+00
     25.120    13.9495   3.848927    31.8369        507     2.1083     2.8337  0.000e+00
     25.087    13.9494   3.848864    31.8364        508     2.1125     2.8336  0.000e+00
     25.049    13.9490   3.848814    31.8363        509     2.1167     2.8326  0.000e+00
     25.021    13.9484   3.848958    31.8381        510     2.1208     2.8327  0.000e+00
     24.990    13.9484   3.848908    31.8377        511     2.1250     2.8323  0.000e+00
     24.958    13.9485   3.848820    31.8368        512     2.1292     2.8322  0.000e+00
     24.922    13.9482   3.848770    31.8366        513     2.1333     2.8307  0.000e+00
     24.895    13.9478   3.848795    31.8372        514     2.1375     2.8322  0.000e+00
     24.857    13.9478   3.848858    31.8378        515     2.1417     2.8327  0.000e+00
     24.828    13.9481   3.848858    31.8376        516     2.1458     2.8332  0.000e+00
     24.794    13.9481   3.848839    31.8374        517     2.1500     2.8342  0.000e+00
     24.762    13.9480   3.848858    31.8377        518     2.1542     2.8358  0.000e+00
     24.731    13.9478   3.848864    31.8379        519     2.1583     2.8344  0.000e+00
     24.697    13.9478   3.848908    31.8383        520     2.1625     2.8348  0.000e+00
     24.665    13.9482   3.848958    31.8384        521     2.1667     2.8356  0.000e+00
     24.623    13.9483   3.848814    31.8371        522     2.1708     2.8362  0.000e+00
     24.582    13.9481   3.848926    31.8382        523     2.1750     2.8366  0.000e+00
     24.544    13.9482   3.848820    31.8372        524     2.1792     2.8379  0.000e+00
     24.499    13.9481   3.848970    31.8387        525     2.1833     2.8384  0.000e+00
     24.460    13.9481   3.848744    31.8366        526     2.1875     2.8398  0.000e+00
     24.410    13.9481   3.848726    31.8365        527     2.1917     2.8409  0.000e+00
     24.368    13.9474   3.848675    31.8366        528     2.1958     2.8400  0.000e+00
     24.329    13.9469   3.848700    31.8372        529     2.2000     2.8409  0.000e+00
     24.295    13.9465   3.848700    31.8376        530     2.2042     2.8409  0.000e+00
     24.253    13.9465   3.848682    31.8375        531     2.2083     2.8396  0.000e+00
     24.217    13.9463   3.848682    31.8376        532     2.2125     2.8392  0.000e+00
     24.187    13.9461   3.848675    31.8377        533     2.2167     2.8393  0.000e+00
     24.156    13.9461   3.848682    31.8379        534     2.2208     2.8382  0.000e+00
     24.127    13.9462   3.848675    31.8377        535     2.2250     2.8382  0.000e+00
     24.104    13.9463   3.848656    31.8375        536     2.2292     2.8384  0.000e+00
     24.086    13.9463   3.848675    31.8376        537     2.2333     2.8396  0.000e+00
     24.066    13.9465   3.848681    31.8375        538     2.2375     2.8405  0.000e+00
     24.057    13.9463   3.848631    31.8372        539     2.2417     2.8401  0.000e+00
     24.036    13.9463   3.848587    31.8369        540     2.2458     2.8412  0.000e+00
     24.012    13.9460   3.848568    31.8370        541     2.2500     2.8407  0.000e+00
     23.985    13.9455   3.848581    31.8375        542     2.2542     2.8394  0.000e+00
     23.953    13.9454   3.848587    31.8376        543     2.2583     2.8377  0.000e+00
     23.919    13.9454   3.848606    31.8378        544     2.2625     2.8353  0.000e+00
     23.883    13.9451   3.848637    31.8384        545     2.2667     2.8365  0.000e+00
     23.842    13.9453   3.848650    31.8383        546     2.2708     2.8351  0.000e+00
     23.804    13.9455   3.848681    31.8385        547     2.2750     2.8349  0.000e+00
     23.764    13.9458   3.848700    31.8385        548     2.2792     2.8345  0.000e+00
     23.723    13.9461   3.848725    31.8384        549     2.2833     2.8329  0.000e+00
