PC2305/sbe113.cnv
* Sea-Bird SBE 19plus V2 Data File:
* FileName = C:\cruise\data\sbe113.hex
* Software Version Seasave V 7.26.7.121
* Temperature SN = 7142
* Conductivity SN = 7142
* System UpLoad Time = Nov 07 2023 02:32:24
** Cruise: PC2205
** Program: ECOMON
# nquan = 8
# nvalues = 2901                                  
# units = specified
# name 0 = depSM: Depth [salt water, m], lat = 40.00
# name 1 = tv290C: Temperature [ITS-90, deg C]
# name 2 = c0S/m: Conductivity [S/m]
# name 3 = sal00: Salinity, Practical [PSU]
# name 4 = scan: Scan Count
# name 5 = timeM: Time, Elapsed [minutes]
# name 6 = sbeox0V: Oxygen raw, SBE 43 [V]
# name 7 = flag:  0.000e+00
# span 0 =     -0.030,    141.160                 
# span 1 =     8.6036,    13.7620                 
# span 2 =   0.000116,   3.916425                 
# span 3 =     0.0053,    35.0570                 
# span 4 =         11,       2911                 
# span 5 =     0.0417,    12.1250                 
# span 6 =     2.1376,     3.0369                 
# span 7 = 0.0000e+00, 0.0000e+00                 
# interval = seconds: 0.25
# start_time = Nov 07 2023 02:32:24 [System UTC, header]
# bad_flag = -9.990e-29
*END*
[from data line 360]
     28.369    13.5241   3.847056    32.1735        371     1.5417     2.8481  0.000e+00
     28.563    13.5237   3.847157    32.1748        372     1.5458     2.8533  0.000e+00
     28.769    13.5240   3.847358    32.1762        373     1.5500     2.8533  0.000e+00
     28.974    13.5244   3.847433    32.1766        374     1.5542     2.8530  0.000e+00
     29.192    13.5246   3.847471    32.1766        375     1.5583     2.8556  0.000e+00
     29.404    13.5244   3.847622    32.1781        376     1.5625     2.8574  0.000e+00
     29.623    13.5243   3.847942    32.1811        377     1.5667     2.8580  0.000e+00
     29.839    13.5245   3.848614    32.1871        378     1.5708     2.8589  0.000e+00
     30.051    13.5251   3.849273    32.1927        379     1.5750     2.8568  0.000e+00
     30.265    13.5271   3.850026    32.1979        380     1.5792     2.8570  0.000e+00
     30.471    13.5296   3.850849    32.2034        381     1.5833     2.8584  0.000e+00
     30.673    13.5329   3.851169    32.2035        382     1.5875     2.8599  0.000e+00
     30.869    13.5353   3.851703    32.2063        383     1.5917     2.8610  0.000e+00
     31.055    13.5378   3.852927    32.2156        384     1.5958     2.8619  0.000e+00
     31.235    13.5418   3.854165    32.2237        385     1.6000     2.8630  0.000e+00
     31.404    13.5467   3.854799    32.2254        386     1.6042     2.8616  0.000e+00
     31.571    13.5517   3.854774    32.2208        387     1.6083     2.8618  0.000e+00
     31.728    13.5549   3.855698    32.2267        388     1.6125     2.8625  0.000e+00
     31.873    13.5582   3.857733    32.2428        389     1.6167     2.8633  0.000e+00
     32.015    13.5641   3.860599    32.2645        390     1.6208     2.8623  0.000e+00
     32.150    13.5745   3.861171    32.2610        391     1.6250     2.8627  0.000e+00
     32.292    13.5831   3.861780    32.2593        392     1.6292     2.8613  0.000e+00
     32.436    13.5882   3.861391    32.2513        393     1.6333     2.8598  0.000e+00
     32.580    13.5896   3.862120    32.2569        394     1.6375     2.8593  0.000e+00
     32.723    13.5906   3.862635    32.2607        395     1.6417     2.8584  0.000e+00
     32.874    13.5916   3.862843    32.2618        396     1.6458     2.8575  0.000e+00
     33.034    13.5923   3.863013    32.2627        397     1.6500     2.8561  0.000e+00
     33.198    13.5929   3.863409    32.2659        398     1.6542     2.8587  0.000e+00
     33.368    13.5933   3.863522    32.2665        399     1.6583     2.8593  0.000e+00
     33.539    13.5937   3.863629    32.2670        400     1.6625     2.8604  0.000e+00
     33.721    13.5933   3.863793    32.2689        401     1.6667     2.8604  0.000e+00
     33.904    13.5932   3.864201    32.2727        402     1.6708     2.8600  0.000e+00
     34.087    13.5929   3.864447    32.2751        403     1.6750     2.8589  0.000e+00
     34.281    13.5931   3.864673    32.2770        404     1.6792     2.8592  0.000e+00
     34.467    13.5936   3.865151    32.2810        405     1.6833     2.8591  0.000e+00
     34.652    13.5944   3.866214    32.2901        406     1.6875     2.8585  0.000e+00
     34.833    13.5959   3.867786    32.3034        407     1.6917     2.8583  0.000e+00
     35.011    13.5986   3.870359    32.3250        408     1.6958     2.8596  0.000e+00
     35.182    13.6043   3.872360    32.3387        409     1.7000     2.8590  0.000e+00
     35.349    13.6107   3.874437    32.3526        410     1.7042     2.8589  0.000e+00
     35.516    13.6175   3.878152    32.3812        411     1.7083     2.8593  0.000e+00
     35.680    13.6264   3.882939    32.4182        412     1.7125     2.8581  0.000e+00
     35.854    13.6393   3.886184    32.4373        413     1.7167     2.8602  0.000e+00
     36.023    13.6533   3.887482    32.4375        414     1.7208     2.8605  0.000e+00
     36.196    13.6640   3.888932    32.4419        415     1.7250     2.8604  0.000e+00
     36.372    13.6728   3.890495    32.4488        416     1.7292     2.8607  0.000e+00
     36.539    13.6804   3.893049    32.4661        417     1.7333     2.8604  0.000e+00
     36.722    13.6890   3.896058    32.4867        418     1.7375     2.8617  0.000e+00
     36.911    13.6994   3.897484    32.4910        419     1.7417     2.8609  0.000e+00
     37.101    13.7080   3.899017    32.4979        420     1.7458     2.8616  0.000e+00
     37.290    13.7151   3.901283    32.5128        421     1.7500     2.8600  0.000e+00
     37.479    13.7219   3.902337    32.5168        422     1.7542     2.8600  0.000e+00
     37.671    13.7272   3.903890    32.5266        423     1.7583     2.8570  0.000e+00
     37.860    13.7307   3.905930    32.5425        424     1.7625     2.8576  0.000e+00
     38.049    13.7325   3.906997    32.5508        425     1.7667     2.8584  0.000e+00
     38.230    13.7329   3.907471    32.5548        426     1.7708     2.8530  0.000e+00
     38.403    13.7329   3.909050    32.5694        427     1.7750     2.8544  0.000e+00
     38.575    13.7327   3.910150    32.5797        428     1.7792     2.8478  0.000e+00
     38.740    13.7318   3.910662    32.5852        429     1.7833     2.8462  0.000e+00
     38.904    13.7299   3.911211    32.5918        430     1.7875     2.8446  0.000e+00
     39.059    13.7276   3.912166    32.6025        431     1.7917     2.8437  0.000e+00
     39.210    13.7250   3.912336    32.6063        432     1.7958     2.8424  0.000e+00
     39.353    13.7220   3.912981    32.6148        433     1.8000     2.8405  0.000e+00
     39.501    13.7180   3.913000    32.6183        434     1.8042     2.8391  0.000e+00
     39.653    13.7121   3.912653    32.6200        435     1.8083     2.8368  0.000e+00
     39.804    13.7014   3.911579    32.6191        436     1.8125     2.8361  0.000e+00
     39.963    13.6808   3.910776    32.6291        437     1.8167     2.8327  0.000e+00
     40.121    13.6574   3.910461    32.6461        438     1.8208     2.8307  0.000e+00
     40.281    13.6387   3.910777    32.6650        439     1.8250     2.8275  0.000e+00
     40.457    13.6267   3.911118    32.6783        440     1.8292     2.8263  0.000e+00
     40.638    13.6192   3.911074    32.6842        441     1.8333     2.8248  0.000e+00
     40.831    13.6085   3.910898    32.6917        442     1.8375     2.8249  0.000e+00
     41.027    13.5948   3.911031    32.7045        443     1.8417     2.8243  0.000e+00
     41.221    13.5839   3.911006    32.7135        444     1.8458     2.8227  0.000e+00
     41.433    13.5773   3.910033    32.7100        445     1.8500     2.8217  0.000e+00
     41.647    13.5688   3.909742    32.7145        446     1.8542     2.8205  0.000e+00
     41.871    13.5566   3.909307    32.7208        447     1.8583     2.8201  0.000e+00
     42.094    13.5425   3.909174    32.7315        448     1.8625     2.8186  0.000e+00
     42.317    13.5281   3.907722    32.7303        449     1.8667     2.8187  0.000e+00
     42.538    13.5100   3.906534    32.7346        450     1.8708     2.8177  0.000e+00
     42.761    13.4888   3.905089    32.7392        451     1.8750     2.8172  0.000e+00
     42.975    13.4664   3.903542    32.7438        452     1.8792     2.8156  0.000e+00
     43.192    13.4420   3.893307    32.6689        453     1.8833     2.8155  0.000e+00
     43.394    13.3756   3.878473    32.5869        454     1.8875     2.8133  0.000e+00
     43.588    13.2463   3.877184    32.6856        455     1.8917     2.8115  0.000e+00
     43.769    13.1331   3.871004    32.7248        456     1.8958     2.8072  0.000e+00
     43.953    13.0415   3.861980    32.7187        457     1.9000     2.8027  0.000e+00
     44.129    12.9307   3.860863    32.8039        458     1.9042     2.7993  0.000e+00
     44.292    12.8473   3.856823    32.8379        459     1.9083     2.7963  0.000e+00
     44.463    12.7767   3.846337    32.7996        460     1.9125     2.7916  0.000e+00
     44.632    12.6767   3.838271    32.8098        461     1.9167     2.7872  0.000e+00
     44.808    12.5580   3.836429    32.8958        462     1.9208     2.7834  0.000e+00
     45.002    12.4640   3.819982    32.8205        463     1.9250     2.7796  0.000e+00
     45.189    12.3357   3.810631    32.8430        464     1.9292     2.7769  0.000e+00
     45.380    12.1800   3.802884    32.9051        465     1.9333     2.7704  0.000e+00
     45.574    12.0379   3.799532    32.9981        466     1.9375     2.7651  0.000e+00
     45.770    11.9304   3.795194    33.0512        467     1.9417     2.7608  0.000e+00
     45.966    11.8475   3.787177    33.0468        468     1.9458     2.7572  0.000e+00
     46.163    11.7586   3.776109    33.0181        469     1.9500     2.7547  0.000e+00
     46.347    11.6432   3.774273    33.1029        470     1.9542     2.7515  0.000e+00
     46.512    11.5511   3.769660    33.1400        471     1.9583     2.7476  0.000e+00
     46.674    11.4793   3.766393    33.1723        472     1.9625     2.7436  0.000e+00
     46.827    11.4181   3.761840    33.1825        473     1.9667     2.7394  0.000e+00
     46.978    11.3595   3.757121    33.1886        474     1.9708     2.7358  0.000e+00
     47.112    11.2980   3.752517    33.1986        475     1.9750     2.7321  0.000e+00
     47.251    11.2382   3.749616    33.2238        476     1.9792     2.7285  0.000e+00
     47.402    11.1846   3.748102    33.2571        477     1.9833     2.7273  0.000e+00
     47.558    11.1442   3.746730    33.2800        478     1.9875     2.7238  0.000e+00
     47.732    11.1126   3.739592    33.2379        479     1.9917     2.7247  0.000e+00
     47.907    11.0633   3.735715    33.2441        480     1.9958     2.7231  0.000e+00
     48.090    11.0095   3.734984    33.2854        481     2.0000     2.7221  0.000e+00
     48.290    10.9657   3.726325    33.2391        482     2.0042     2.7197  0.000e+00
     48.494    10.9063   3.724591    33.2756        483     2.0083     2.7177  0.000e+00
     48.714    10.8510   3.722380    33.3038        484     2.0125     2.7130  0.000e+00
     48.940    10.8093   3.719322    33.3111        485     2.0167     2.7096  0.000e+00
     49.177    10.7696   3.715720    33.3112        486     2.0208     2.7081  0.000e+00
     49.411    10.7292   3.711674    33.3075        487     2.0250     2.7057  0.000e+00
     49.647    10.6852   3.706189    33.2928        488     2.0292     2.7045  0.000e+00
     49.880    10.6334   3.702468    33.3026        489     2.0333     2.7029  0.000e+00
     50.105    10.5769   3.698916    33.3185        490     2.0375     2.6999  0.000e+00
     50.330    10.5228   3.695156    33.3302        491     2.0417     2.6973  0.000e+00
     50.549    10.4704   3.689668    33.3229        492     2.0458     2.6956  0.000e+00
     50.756    10.4108   3.683025    33.3106        493     2.0500     2.6927  0.000e+00
     50.959    10.3387   3.679536    33.3415        494     2.0542     2.6896  0.000e+00
     51.158    10.2692   3.669223    33.3011        495     2.0583     2.6854  0.000e+00
     51.345    10.1778   3.659255    33.2841        496     2.0625     2.6814  0.000e+00
     51.521    10.0617   3.649893    33.2960        497     2.0667     2.6764  0.000e+00
     51.694     9.9323   3.641843    33.3333        498     2.0708     2.6719  0.000e+00
     51.868     9.8103   3.634210    33.3682        499     2.0750     2.6674  0.000e+00
     52.044     9.6857   3.625849    33.3982        500     2.0792     2.6626  0.000e+00
     52.222     9.5711   3.622070    33.4661        501     2.0833     2.6591  0.000e+00
     52.400     9.4731   3.620472    33.5411        502     2.0875     2.6540  0.000e+00
     52.585     9.4089   3.615367    33.5485        503     2.0917     2.6514  0.000e+00
     52.776     9.3503   3.608410    33.5315        504     2.0958     2.6473  0.000e+00
     52.974     9.2764   3.605525    33.5709        505     2.1000     2.6457  0.000e+00
     53.175     9.2078   3.602713    33.6063        506     2.1042     2.6407  0.000e+00
     53.376     9.1524   3.599469    33.6247        507     2.1083     2.6369  0.000e+00
     53.574     9.1048   3.598620    33.6607        508     2.1125     2.6332  0.000e+00
     53.779     9.0692   3.596855    33.6760        509     2.1167     2.6285  0.000e+00
     53.982     9.0411   3.596330    33.6970        510     2.1208     2.6262  0.000e+00
     54.194     9.0216   3.595353    33.7052        511     2.1250     2.6224  0.000e+00
     54.399     9.0074   3.594590    33.7106        512     2.1292     2.6199  0.000e+00
     54.602     8.9953   3.593851    33.7143        513     2.1333     2.6162  0.000e+00
     54.812     8.9845   3.592832    33.7138        514     2.1375     2.6132  0.000e+00
     55.032     8.9745   3.592942    33.7243        515     2.1417     2.6103  0.000e+00
     55.253     8.9678   3.592722    33.7282        516     2.1458     2.6091  0.000e+00
     55.479     8.9631   3.592276    33.7279        517     2.1500     2.6061  0.000e+00
     55.720     8.9585   3.592154    33.7309        518     2.1542     2.6041  0.000e+00
     55.954     8.9554   3.592551    33.7379        519     2.1583     2.6020  0.000e+00
     56.195     8.9546   3.592332    33.7363        520     2.1625     2.6012  0.000e+00
     56.444     8.9537   3.592008    33.7336        521     2.1667     2.5997  0.000e+00
     56.689     8.9519   3.592051    33.7357        522     2.1708     2.5990  0.000e+00
     56.930     8.9502   3.591898    33.7356        523     2.1750     2.5973  0.000e+00
     57.162     8.9484   3.591746    33.7356        524     2.1792     2.5960  0.000e+00
     57.390     8.9468   3.591746    33.7370        525     2.1833     2.5939  0.000e+00
     57.609     8.9451   3.591832    33.7395        526     2.1875     2.5916  0.000e+00
     57.816     8.9444   3.592155    33.7434        527     2.1917     2.5903  0.000e+00
     58.008     8.9457   3.592357    33.7442        528     2.1958     2.5884  0.000e+00
     58.179     8.9477   3.592247    33.7411        529     2.2000     2.5869  0.000e+00
     58.346     8.9482   3.592247    33.7405        530     2.2042     2.5857  0.000e+00
     58.501     8.9481   3.592278    33.7408        531     2.2083     2.5847  0.000e+00
     58.644     8.9485   3.592375    33.7414        532     2.2125     2.5823  0.000e+00
     58.781     8.9485   3.592375    33.7413        533     2.2167     2.5824  0.000e+00
     58.919     8.9486   3.592308    33.7405        534     2.2208     2.5812  0.000e+00
     59.056     8.9485   3.592400    33.7414        535     2.2250     2.5800  0.000e+00
     59.207     8.9491   3.592247    33.7393        536     2.2292     2.5798  0.000e+00
     59.356     8.9487   3.592638    33.7436        537     2.2333     2.5798  0.000e+00
     59.527     8.9498   3.593334    33.7497        538     2.2375     2.5794  0.000e+00
     59.700     8.9535   3.593682    33.7498        539     2.2417     2.5793  0.000e+00
     59.888     8.9577   3.593505    33.7439        540     2.2458     2.5791  0.000e+00
     60.084     8.9600   3.593615    33.7428        541     2.2500     2.5791  0.000e+00
     60.294     8.9607   3.593768    33.7436        542     2.2542     2.5780  0.000e+00
     60.517     8.9609   3.593334    33.7387        543     2.2583     2.5797  0.000e+00
     60.746     8.9593   3.593225    33.7390        544     2.2625     2.5757  0.000e+00
     60.979     8.9571   3.593261    33.7414        545     2.2667     2.5747  0.000e+00
     61.208     8.9552   3.593292    33.7434        546     2.2708     2.5729  0.000e+00
     61.439     8.9543   3.593396    33.7453        547     2.2750     2.5721  0.000e+00
     61.673     8.9541   3.593097    33.7422        548     2.2792     2.5712  0.000e+00
     61.900     8.9527   3.592810    33.7404        549     2.2833     2.5707  0.000e+00
