PC2305/sbe114.cnv
* Sea-Bird SBE 19plus V2 Data File:
* FileName = C:\cruise\data\sbe114.hex
* Software Version Seasave V 7.26.7.121
* Temperature SN = 7142
* Conductivity SN = 7142
* System UpLoad Time = Nov 07 2023 02:48:25
** Cruise: PC2205
** Program: ECOMON
# nquan = 8
# nvalues = 2829                                  
# units = specified
# name 0 = depSM: Depth [salt water, m], lat = 40.00
# name 1 = tv290C: Temperature [ITS-90, deg C]
# name 2 = c0S/m: Conductivity [S/m]
# name 3 = sal00: Salinity, Practical [PSU]
# name 4 = scan: Scan Count
# name 5 = timeM: Time, Elapsed [minutes]
# name 6 = sbeox0V: Oxygen raw, SBE 43 [V]
# name 7 = flag:  0.000e+00
# span 0 =     -0.020,     57.016                 
# span 1 =     9.1992,    13.7643                 
# span 2 =   0.002352,   3.917951                 
# span 3 =     0.0178,    33.7355                 
# span 4 =         11,       2839                 
# span 5 =     0.0417,    11.8250                 
# span 6 =     2.2363,     2.9066                 
# span 7 = 0.0000e+00, 0.0000e+00                 
# interval = seconds: 0.25
# start_time = Nov 07 2023 02:48:25 [System UTC, header]
# bad_flag = -9.990e-29
*END*
[from data line 1259]
     26.267    13.6557   3.864085    32.2219       1270     5.2875     2.8741  0.000e+00
     26.163    13.6534   3.864650    32.2292       1271     5.2917     2.8742  0.000e+00
     26.068    13.6534   3.865191    32.2342       1272     5.2958     2.8743  0.000e+00
     25.972    13.6570   3.865216    32.2315       1273     5.3000     2.8737  0.000e+00
     25.899    13.6598   3.865097    32.2280       1274     5.3042     2.8723  0.000e+00
     25.832    13.6610   3.865147    32.2275       1275     5.3083     2.8727  0.000e+00
     25.780    13.6620   3.865216    32.2273       1276     5.3125     2.8719  0.000e+00
     25.730    13.6622   3.865191    32.2269       1277     5.3167     2.8711  0.000e+00
     25.701    13.6627   3.865304    32.2276       1278     5.3208     2.8709  0.000e+00
     25.683    13.6632   3.865266    32.2268       1279     5.3250     2.8706  0.000e+00
     25.669    13.6634   3.865147    32.2256       1280     5.3292     2.8698  0.000e+00
     25.660    13.6632   3.865097    32.2253       1281     5.3333     2.8691  0.000e+00
     25.654    13.6624   3.865078    32.2258       1282     5.3375     2.8691  0.000e+00
     25.651    13.6619   3.864990    32.2253       1283     5.3417     2.8683  0.000e+00
     25.645    13.6612   3.865002    32.2261       1284     5.3458     2.8691  0.000e+00
     25.633    13.6606   3.864719    32.2240       1285     5.3500     2.8693  0.000e+00
     25.613    13.6592   3.864625    32.2243       1286     5.3542     2.8693  0.000e+00
     25.593    13.6574   3.864625    32.2258       1287     5.3583     2.8694  0.000e+00
     25.563    13.6565   3.864965    32.2297       1288     5.3625     2.8699  0.000e+00
     25.521    13.6576   3.865147    32.2305       1289     5.3667     2.8701  0.000e+00
     25.466    13.6597   3.866417    32.2405       1290     5.3708     2.8714  0.000e+00
     25.399    13.6661   3.866688    32.2377       1291     5.3750     2.8724  0.000e+00
     25.333    13.6724   3.866417    32.2299       1292     5.3792     2.8732  0.000e+00
     25.250    13.6748   3.866235    32.2263       1293     5.3833     2.8737  0.000e+00
     25.171    13.6754   3.866329    32.2266       1294     5.3875     2.8741  0.000e+00
     25.103    13.6756   3.866121    32.2246       1295     5.3917     2.8745  0.000e+00
     25.032    13.6750   3.865882    32.2228       1296     5.3958     2.8749  0.000e+00
     24.964    13.6740   3.865511    32.2203       1297     5.4000     2.8737  0.000e+00
     24.912    13.6717   3.865304    32.2204       1298     5.4042     2.8731  0.000e+00
     24.860    13.6697   3.865455    32.2235       1299     5.4083     2.8739  0.000e+00
     24.829    13.6683   3.865555    32.2255       1300     5.4125     2.8729  0.000e+00
     24.793    13.6686   3.865216    32.2221       1301     5.4167     2.8735  0.000e+00
     24.768    13.6671   3.865304    32.2243       1302     5.4208     2.8732  0.000e+00
     24.745    13.6659   3.865033    32.2228       1303     5.4250     2.8733  0.000e+00
     24.714    13.6644   3.865052    32.2242       1304     5.4292     2.8724  0.000e+00
     24.684    13.6628   3.865033    32.2254       1305     5.4333     2.8734  0.000e+00
     24.651    13.6625   3.865096    32.2262       1306     5.4375     2.8740  0.000e+00
     24.617    13.6625   3.865668    32.2316       1307     5.4417     2.8738  0.000e+00
     24.574    13.6655   3.865530    32.2277       1308     5.4458     2.8741  0.000e+00
     24.515    13.6681   3.866096    32.2309       1309     5.4500     2.8742  0.000e+00
     24.447    13.6704   3.866392    32.2317       1310     5.4542     2.8741  0.000e+00
     24.382    13.6732   3.866310    32.2286       1311     5.4583     2.8726  0.000e+00
     24.299    13.6745   3.866096    32.2255       1312     5.4625     2.8733  0.000e+00
     24.216    13.6745   3.865712    32.2221       1313     5.4667     2.8734  0.000e+00
     24.119    13.6724   3.865687    32.2236       1314     5.4708     2.8738  0.000e+00
     24.019    13.6708   3.865643    32.2245       1315     5.4750     2.8757  0.000e+00
     23.913    13.6702   3.865737    32.2260       1316     5.4792     2.8744  0.000e+00
     23.809    13.6698   3.865850    32.2274       1317     5.4833     2.8742  0.000e+00
     23.703    13.6704   3.865530    32.2240       1318     5.4875     2.8750  0.000e+00
     23.598    13.6695   3.865498    32.2245       1319     5.4917     2.8747  0.000e+00
     23.501    13.6689   3.865982    32.2295       1320     5.4958     2.8761  0.000e+00
     23.410    13.6698   3.865951    32.2285       1321     5.5000     2.8762  0.000e+00
     23.331    13.6713   3.866529    32.2327       1322     5.5042     2.8774  0.000e+00
     23.269    13.6750   3.866504    32.2294       1323     5.5083     2.8770  0.000e+00
     23.221    13.6781   3.866567    32.2273       1324     5.5125     2.8772  0.000e+00
     23.185    13.6801   3.866529    32.2253       1325     5.5167     2.8781  0.000e+00
     23.169    13.6815   3.866542    32.2242       1326     5.5208     2.8783  0.000e+00
     23.154    13.6824   3.866643    32.2245       1327     5.5250     2.8781  0.000e+00
     23.149    13.6828   3.866617    32.2239       1328     5.5292     2.8772  0.000e+00
     23.154    13.6831   3.866592    32.2234       1329     5.5333     2.8763  0.000e+00
     23.160    13.6831   3.866661    32.2240       1330     5.5375     2.8755  0.000e+00
     23.163    13.6826   3.866661    32.2244       1331     5.5417     2.8743  0.000e+00
     23.169    13.6824   3.866775    32.2257       1332     5.5458     2.8742  0.000e+00
     23.163    13.6820   3.866756    32.2258       1333     5.5500     2.8746  0.000e+00
     23.149    13.6820   3.866731    32.2256       1334     5.5542     2.8747  0.000e+00
     23.129    13.6818   3.866460    32.2233       1335     5.5583     2.8740  0.000e+00
     23.095    13.6818   3.866309    32.2219       1336     5.5625     2.8745  0.000e+00
     23.057    13.6812   3.866278    32.2221       1337     5.5667     2.8751  0.000e+00
     23.003    13.6810   3.866278    32.2223       1338     5.5708     2.8754  0.000e+00
     22.939    13.6806   3.866309    32.2230       1339     5.5750     2.8750  0.000e+00
     22.865    13.6799   3.866252    32.2230       1340     5.5792     2.8751  0.000e+00
     22.790    13.6793   3.866190    32.2230       1341     5.5833     2.8751  0.000e+00
     22.714    13.6783   3.866164    32.2236       1342     5.5875     2.8747  0.000e+00
     22.633    13.6787   3.866164    32.2233       1343     5.5917     2.8737  0.000e+00
     22.556    13.6808   3.866045    32.2205       1344     5.5958     2.8738  0.000e+00
     22.477    13.6835   3.866007    32.2178       1345     5.6000     2.8751  0.000e+00
     22.401    13.6858   3.865963    32.2155       1346     5.6042     2.8750  0.000e+00
     22.324    13.6865   3.865925    32.2147       1347     5.6083     2.8750  0.000e+00
     22.252    13.6863   3.865913    32.2147       1348     5.6125     2.8745  0.000e+00
     22.179    13.6858   3.866001    32.2160       1349     5.6167     2.8745  0.000e+00
     22.103    13.6864   3.866189    32.2173       1350     5.6208     2.8749  0.000e+00
     22.022    13.6877   3.866208    32.2164       1351     5.6250     2.8743  0.000e+00
     21.947    13.6889   3.866164    32.2150       1352     5.6292     2.8744  0.000e+00
     21.877    13.6892   3.866095    32.2141       1353     5.6333     2.8751  0.000e+00
     21.805    13.6891   3.865975    32.2132       1354     5.6375     2.8764  0.000e+00
     21.735    13.6889   3.866139    32.2149       1355     5.6417     2.8761  0.000e+00
     21.663    13.6886   3.866120    32.2150       1356     5.6458     2.8761  0.000e+00
     21.594    13.6886   3.866044    32.2143       1357     5.6500     2.8760  0.000e+00
     21.532    13.6886   3.866095    32.2148       1358     5.6542     2.8764  0.000e+00
     21.476    13.6886   3.866208    32.2158       1359     5.6583     2.8770  0.000e+00
     21.425    13.6889   3.866025    32.2140       1360     5.6625     2.8783  0.000e+00
     21.382    13.6888   3.865912    32.2130       1361     5.6667     2.8781  0.000e+00
     21.354    13.6883   3.865975    32.2140       1362     5.6708     2.8774  0.000e+00
     21.327    13.6879   3.865868    32.2133       1363     5.6750     2.8772  0.000e+00
     21.318    13.6884   3.865975    32.2139       1364     5.6792     2.8743  0.000e+00
     21.312    13.6885   3.866007    32.2141       1365     5.6833     2.8732  0.000e+00
     21.312    13.6889   3.866025    32.2140       1366     5.6875     2.8738  0.000e+00
     21.301    13.6891   3.866000    32.2136       1367     5.6917     2.8742  0.000e+00
     21.301    13.6891   3.866025    32.2138       1368     5.6958     2.8746  0.000e+00
     21.285    13.6893   3.866069    32.2140       1369     5.7000     2.8742  0.000e+00
     21.262    13.6893   3.866189    32.2152       1370     5.7042     2.8744  0.000e+00
     21.221    13.6905   3.865893    32.2114       1371     5.7083     2.8745  0.000e+00
     21.167    13.6908   3.865830    32.2106       1372     5.7125     2.8747  0.000e+00
     21.091    13.6912   3.865962    32.2115       1373     5.7167     2.8744  0.000e+00
     21.003    13.6914   3.865855    32.2104       1374     5.7208     2.8754  0.000e+00
     20.901    13.6913   3.865686    32.2090       1375     5.7250     2.8750  0.000e+00
     20.780    13.6917   3.865799    32.2097       1376     5.7292     2.8752  0.000e+00
     20.656    13.6918   3.866044    32.2119       1377     5.7333     2.8736  0.000e+00
     20.520    13.6921   3.865893    32.2104       1378     5.7375     2.8742  0.000e+00
     20.390    13.6920   3.865428    32.2061       1379     5.7417     2.8741  0.000e+00
     20.259    13.6922   3.865189    32.2038       1380     5.7458     2.8754  0.000e+00
     20.139    13.6925   3.865302    32.2047       1381     5.7500     2.8761  0.000e+00
     20.034    13.6926   3.864786    32.1998       1382     5.7542     2.8776  0.000e+00
     19.952    13.6931   3.863220    32.1850       1383     5.7583     2.8772  0.000e+00
     19.893    13.6920   3.863837    32.1916       1384     5.7625     2.8786  0.000e+00
     19.855    13.6909   3.864214    32.1960       1385     5.7667     2.8791  0.000e+00
     19.833    13.6912   3.863264    32.1870       1386     5.7708     2.8796  0.000e+00
     19.833    13.6906   3.862390    32.1794       1387     5.7750     2.8803  0.000e+00
     19.844    13.6886   3.861278    32.1707       1388     5.7792     2.8799  0.000e+00
     19.862    13.6854   3.860756    32.1686       1389     5.7833     2.8793  0.000e+00
     19.876    13.6825   3.860800    32.1714       1390     5.7875     2.8773  0.000e+00
     19.884    13.6804   3.860712    32.1724       1391     5.7917     2.8763  0.000e+00
     19.885    13.6793   3.860279    32.1693       1392     5.7958     2.8752  0.000e+00
     19.880    13.6780   3.861454    32.1813       1393     5.8000     2.8758  0.000e+00
     19.867    13.6781   3.863101    32.1965       1394     5.8042     2.8761  0.000e+00
     19.840    13.6807   3.863742    32.2003       1395     5.8083     2.8770  0.000e+00
     19.804    13.6832   3.862202    32.1839       1396     5.8125     2.8777  0.000e+00
     19.759    13.6833   3.862743    32.1888       1397     5.8167     2.8756  0.000e+00
     19.706    13.6824   3.859763    32.1619       1398     5.8208     2.8745  0.000e+00
     19.634    13.6795   3.859336    32.1604       1399     5.8250     2.8725  0.000e+00
     19.553    13.6762   3.859782    32.1674       1400     5.8292     2.8725  0.000e+00
     19.463    13.6745   3.859078    32.1623       1401     5.8333     2.8716  0.000e+00
     19.364    13.6728   3.856961    32.1441       1402     5.8375     2.8701  0.000e+00
     19.267    13.6683   3.855578    32.1351       1403     5.8417     2.8694  0.000e+00
     19.165    13.6621   3.854793    32.1331       1404     5.8458     2.8698  0.000e+00
     19.068    13.6562   3.853644    32.1274       1405     5.8500     2.8703  0.000e+00
     18.969    13.6501   3.848727    32.0869       1406     5.8542     2.8713  0.000e+00
     18.868    13.6381   3.847328    32.0840       1407     5.8583     2.8716  0.000e+00
     18.775    13.6258   3.842264    32.0473       1408     5.8625     2.8711  0.000e+00
     18.685    13.6094   3.838043    32.0219       1409     5.8667     2.8719  0.000e+00
     18.616    13.5909   3.832345    31.9844       1410     5.8708     2.8730  0.000e+00
     18.546    13.5685   3.827935    31.9622       1411     5.8750     2.8743  0.000e+00
     18.487    13.5447   3.825048    31.9553       1412     5.8792     2.8759  0.000e+00
     18.439    13.5250   3.823333    31.9559       1413     5.8833     2.8744  0.000e+00
     18.397    13.5093   3.820510    31.9427       1414     5.8875     2.8750  0.000e+00
     18.361    13.4952   3.818620    31.9370       1415     5.8917     2.8751  0.000e+00
     18.325    13.4821   3.815298    31.9170       1416     5.8958     2.8745  0.000e+00
     18.288    13.4680   3.809638    31.8761       1417     5.9000     2.8748  0.000e+00
     18.255    13.4491   3.806857    31.8660       1418     5.9042     2.8753  0.000e+00
     18.218    13.4311   3.805283    31.8663       1419     5.9083     2.8751  0.000e+00
     18.178    13.4171   3.803927    31.8654       1420     5.9125     2.8764  0.000e+00
     18.140    13.4069   3.803371    31.8688       1421     5.9167     2.8783  0.000e+00
     18.099    13.3998   3.797881    31.8235       1422     5.9208     2.8786  0.000e+00
     18.052    13.3865   3.792962    31.7887       1423     5.9250     2.8809  0.000e+00
     18.004    13.3652   3.787691    31.7573       1424     5.9292     2.8824  0.000e+00
     17.950    13.3405   3.781918    31.7240       1425     5.9333     2.8819  0.000e+00
     17.896    13.3148   3.778204    31.7108       1426     5.9375     2.8827  0.000e+00
     17.835    13.2900   3.776266    31.7133       1427     5.9417     2.8828  0.000e+00
     17.777    13.2711   3.776080    31.7274       1428     5.9458     2.8822  0.000e+00
     17.713    13.2613   3.776971    31.7440       1429     5.9500     2.8812  0.000e+00
     17.650    13.2605   3.777095    31.7458       1430     5.9542     2.8811  0.000e+00
     17.594    13.2647   3.776902    31.7405       1431     5.9583     2.8822  0.000e+00
     17.533    13.2682   3.777189    31.7403       1432     5.9625     2.8835  0.000e+00
     17.477    13.2705   3.777120    31.7377       1433     5.9667     2.8853  0.000e+00
     17.414    13.2720   3.778179    31.7464       1434     5.9708     2.8857  0.000e+00
     17.349    13.2768   3.778248    31.7430       1435     5.9750     2.8871  0.000e+00
     17.283    13.2835   3.778310    31.7381       1436     5.9792     2.8880  0.000e+00
     17.206    13.2897   3.778802    31.7375       1437     5.9833     2.8892  0.000e+00
     17.121    13.2961   3.778341    31.7280       1438     5.9875     2.8894  0.000e+00
     17.037    13.2989   3.778160    31.7239       1439     5.9917     2.8899  0.000e+00
     16.945    13.2986   3.778777    31.7300       1440     5.9958     2.8906  0.000e+00
     16.852    13.3018   3.780117    31.7399       1441     6.0000     2.8923  0.000e+00
     16.755    13.3112   3.780384    31.7346       1442     6.0042     2.8919  0.000e+00
     16.659    13.3217   3.780970    31.7314       1443     6.0083     2.8915  0.000e+00
     16.579    13.3296   3.781200    31.7269       1444     6.0125     2.8922  0.000e+00
     16.492    13.3382   3.779655    31.7054       1445     6.0167     2.8919  0.000e+00
     16.424    13.3480   3.779125    31.6924       1446     6.0208     2.8923  0.000e+00
     16.357    13.3564   3.778795    31.6823       1447     6.0250     2.8916  0.000e+00
     16.295    13.3625   3.778689    31.6762       1448     6.0292     2.8915  0.000e+00
