PC2305/sbe127.cnv
* Sea-Bird SBE 19plus V2 Data File:
* FileName = C:\cruise\data\sbe127.hex
* Software Version Seasave V 7.26.7.121
* Temperature SN = 7142
* Conductivity SN = 7142
* System UpLoad Time = Nov 09 2023 02:09:00
** Cruise: PC2205
** Program: ECOMON
# nquan = 8
# nvalues = 1124                                  
# units = specified
# name 0 = depSM: Depth [salt water, m], lat = 40.00
# name 1 = tv290C: Temperature [ITS-90, deg C]
# name 2 = c0S/m: Conductivity [S/m]
# name 3 = sal00: Salinity, Practical [PSU]
# name 4 = scan: Scan Count
# name 5 = timeM: Time, Elapsed [minutes]
# name 6 = sbeox0V: Oxygen raw, SBE 43 [V]
# name 7 = flag:  0.000e+00
# span 0 =     -0.052,     29.708                 
# span 1 =     5.7174,    11.6844                 
# span 2 =   0.000121,   3.633760                 
# span 3 =     0.0028,    32.6839                 
# span 4 =         11,       1134                 
# span 5 =     0.0417,     4.7208                 
# span 6 =     2.1534,     3.0371                 
# span 7 = 0.0000e+00, 0.0000e+00                 
# interval = seconds: 0.25
# start_time = Nov 09 2023 02:09:00 [System UTC, header]
# bad_flag = -9.990e-29
*END*
     -0.046     5.7174   0.000138     0.0029         11     0.0417     2.9533  0.000e+00
     -0.046     5.7178   0.000130     0.0028         12     0.0458     2.9532  0.000e+00
     -0.050     5.7182   0.000132     0.0029         13     0.0500     2.9535  0.000e+00
     -0.046     5.7184   0.000135     0.0029         14     0.0542     2.9528  0.000e+00
     -0.046     5.7184   0.000135     0.0029         15     0.0583     2.9531  0.000e+00
     -0.043     5.7181   0.000132     0.0029         16     0.0625     2.9537  0.000e+00
     -0.043     5.7182   0.000130     0.0028         17     0.0667     2.9543  0.000e+00
     -0.041     5.7188   0.000132     0.0029         18     0.0708     2.9535  0.000e+00
     -0.043     5.7193   0.000135     0.0029         19     0.0750     2.9533  0.000e+00
     -0.039     5.7199   0.000135     0.0029         20     0.0792     2.9536  0.000e+00
     -0.044     5.7209   0.000138     0.0029         21     0.0833     2.9530  0.000e+00
     -0.044     5.7217   0.000135     0.0029         22     0.0875     2.9534  0.000e+00
     -0.046     5.7225   0.000138     0.0029         23     0.0917     2.9532  0.000e+00
     -0.048     5.7232   0.000130     0.0028         24     0.0958     2.9533  0.000e+00
     -0.044     5.7241   0.000135     0.0029         25     0.1000     2.9535  0.000e+00
     -0.044     5.7250   0.000132     0.0029         26     0.1042     2.9534  0.000e+00
     -0.044     5.7257   0.000135     0.0029         27     0.1083     2.9532  0.000e+00
     -0.043     5.7261   0.000138     0.0029         28     0.1125     2.9529  0.000e+00
     -0.044     5.7262   0.000135     0.0029         29     0.1167     2.9525  0.000e+00
     -0.046     5.7263   0.000135     0.0029         30     0.1208     2.9533  0.000e+00
     -0.050     5.7261   0.000138     0.0029         31     0.1250     2.9536  0.000e+00
     -0.048     5.7262   0.000135     0.0029         32     0.1292     2.9528  0.000e+00
     -0.052     5.7262   0.000130     0.0028         33     0.1333     2.9532  0.000e+00
     -0.044     5.7265   0.000132     0.0029         34     0.1375     2.9531  0.000e+00
     -0.044     5.7268   0.000135     0.0029         35     0.1417     2.9538  0.000e+00
     -0.044     5.7271   0.000132     0.0029         36     0.1458     2.9536  0.000e+00
     -0.044     5.7275   0.000130     0.0028         37     0.1500     2.9539  0.000e+00
     -0.043     5.7284   0.000135     0.0029         38     0.1542     2.9540  0.000e+00
     -0.041     5.7296   0.000132     0.0029         39     0.1583     2.9528  0.000e+00
     -0.035     5.7311   0.000135     0.0029         40     0.1625     2.9527  0.000e+00
     -0.041     5.7320   0.000127     0.0028         41     0.1667     2.9528  0.000e+00
     -0.043     5.7322   0.000141     0.0029         42     0.1708     2.9541  0.000e+00
     -0.044     5.7327   0.000135     0.0029         43     0.1750     2.9538  0.000e+00
     -0.043     5.7334   0.000121     0.0028         44     0.1792     2.9536  0.000e+00
      0.169     5.7350   0.000130     0.0029         45     0.1833     3.0097  0.000e+00
      0.385     5.7440   0.000155     0.0030         46     0.1875     3.0371  0.000e+00
      0.480     5.7721   0.794045     7.1510         47     0.1917     3.0219  0.000e+00
      0.464     5.8546   0.787294     7.0684         48     0.1958     3.0021  0.000e+00
      0.378     6.9035   0.817476     7.1370         49     0.2000     2.9793  0.000e+00
      0.189     8.3715   1.209908    10.4409         50     0.2042     2.9461  0.000e+00
      0.008     9.1718   1.393660    11.8962         51     0.2083     2.9068  0.000e+00
     -0.030     9.7779   2.362498    20.7829         52     0.2125     2.8762  0.000e+00
     -0.028    10.1792   0.572683     4.4430         53     0.2167     2.8594  0.000e+00
     -0.028    10.3162   0.436160     3.3102         54     0.2208     2.8270  0.000e+00
     -0.032    10.3296   0.368137     2.7629         55     0.2250     2.7976  0.000e+00
     -0.034    10.3029   0.331697     2.4752         56     0.2292     2.7705  0.000e+00
     -0.036    10.2633   0.303327     2.2538         57     0.2333     2.7502  0.000e+00
     -0.032    10.2100   0.255141     1.8794         58     0.2375     2.7332  0.000e+00
     -0.027    10.1629   0.234154     1.7186         59     0.2417     2.7182  0.000e+00
     -0.023    10.1185   0.233757     1.7176         60     0.2458     2.7044  0.000e+00
     -0.025    10.0758   0.216988     1.5897         61     0.2500     2.6901  0.000e+00
     -0.032    10.0342   0.198767     1.4509         62     0.2542     2.6761  0.000e+00
     -0.048     9.9841   0.075974     0.5305         63     0.2583     2.6629  0.000e+00
      0.141     9.9007   3.003114    26.9638         64     0.2625     2.6460  0.000e+00
      0.342     9.8477   3.565685    32.6583         65     0.2667     2.6291  0.000e+00
      0.392     9.8873   3.553469    32.4982         66     0.2708     2.6195  0.000e+00
      0.471     9.9621   3.537931    32.2734         67     0.2750     2.6123  0.000e+00
      0.390    10.0361   3.585007    32.6839         68     0.2792     2.6061  0.000e+00
      0.132    10.3446   3.598501    32.5426         69     0.2833     2.5986  0.000e+00
     -0.018    10.8119   2.108369    17.8367         70     0.2875     2.5871  0.000e+00
     -0.027    11.1421   0.757031     5.8359         71     0.2917     2.5832  0.000e+00
     -0.048    11.2580   0.480832     3.5800         72     0.2958     2.5900  0.000e+00
     -0.036    11.2683   0.363832     2.6601         73     0.3000     2.5953  0.000e+00
     -0.034    11.2470   0.300222     2.1708         74     0.3042     2.6012  0.000e+00
     -0.032    11.2134   0.258018     1.8509         75     0.3083     2.6016  0.000e+00
     -0.039    11.1647   0.230489     1.6450         76     0.3125     2.6012  0.000e+00
     -0.043    11.1139   0.207071     1.4712         77     0.3167     2.6007  0.000e+00
     -0.043    11.0696   0.199284     1.4146         78     0.3208     2.5975  0.000e+00
     -0.046    11.0302   0.187092     1.3250         79     0.3250     2.5931  0.000e+00
     -0.048    10.9833   0.173562     1.2259         80     0.3292     2.5879  0.000e+00
     -0.041    10.9342   0.162221     1.1434         81     0.3333     2.5803  0.000e+00
     -0.039    10.8928   0.141648     0.9927         82     0.3375     2.5714  0.000e+00
     -0.034    10.8473   0.208008     1.4889         83     0.3417     2.5615  0.000e+00
      0.015    10.7851   3.518493    31.3586         84     0.3458     2.5511  0.000e+00
      0.065    10.6643   3.538111    31.6573         85     0.3500     2.5431  0.000e+00
      0.015    10.4849   3.551705    31.9492         86     0.3542     2.5362  0.000e+00
     -0.034    10.5332   3.233169    28.7502         87     0.3583     2.5306  0.000e+00
     -0.034    10.8210   0.589331     4.5017         88     0.3625     2.5251  0.000e+00
     -0.032    10.9604   0.392997     2.9113         89     0.3667     2.5233  0.000e+00
     -0.027    10.9760   0.314129     2.2941         90     0.3708     2.5253  0.000e+00
     -0.027    10.9579   0.262360     1.8968         91     0.3750     2.5317  0.000e+00
     -0.027    10.9358   0.227703     1.6341         92     0.3792     2.5407  0.000e+00
     -0.028    10.9129   0.209749     1.4994         93     0.3833     2.5495  0.000e+00
     -0.030    10.8868   0.495463     3.7335         94     0.3875     2.5526  0.000e+00
      0.094    10.8327   3.360751    29.7643         95     0.3917     2.5532  0.000e+00
      0.399    10.6639   3.507995    31.3584         96     0.3958     2.5483  0.000e+00
      0.690    10.4444   3.547720    31.9446         97     0.4000     2.5445  0.000e+00
      0.985    10.2950   3.547412    32.0729         98     0.4042     2.5441  0.000e+00
      1.221    10.2076   3.545026    32.1262         99     0.4083     2.5434  0.000e+00
      1.425    10.1568   3.540169    32.1222        100     0.4125     2.5396  0.000e+00
      1.591    10.1232   2.242081    19.4395        101     0.4167     2.5351  0.000e+00
      1.733    10.0959   3.448738    31.2548        102     0.4208     2.5292  0.000e+00
      1.918    10.0572   2.850403    25.3456        103     0.4250     2.5203  0.000e+00
      2.063    10.0256   1.548286    13.0214        104     0.4292     2.5120  0.000e+00
      2.133    10.0087   3.222581    29.0618        105     0.4333     2.5055  0.000e+00
      2.144     9.9902   3.457425    31.4338        106     0.4375     2.4994  0.000e+00
      2.141     9.9798   3.552271    32.4021        107     0.4417     2.4960  0.000e+00
      2.184     9.9824   3.555274    32.4302        108     0.4458     2.4929  0.000e+00
      2.284    10.0075   3.545241    32.3061        109     0.4500     2.4891  0.000e+00
      2.424    10.0429   3.558515    32.4086        110     0.4542     2.4839  0.000e+00
      2.593    10.0683   3.558655    32.3872        111     0.4583     2.4809  0.000e+00
      2.775    10.0980   3.558642    32.3605        112     0.4625     2.4762  0.000e+00
      2.951    10.1290   3.558471    32.3309        113     0.4667     2.4728  0.000e+00
      3.127    10.1562   3.559031    32.3122        114     0.4708     2.4700  0.000e+00
      3.310    10.1756   3.559742    32.3020        115     0.4750     2.4684  0.000e+00
      3.512    10.1921   3.558556    32.2753        116     0.4792     2.4643  0.000e+00
      3.711    10.2073   3.556245    32.2383        117     0.4833     2.4593  0.000e+00
      3.916    10.2069   3.551448    32.1903        118     0.4875     2.4516  0.000e+00
      4.092    10.1985   3.543442    32.1170        119     0.4917     2.4450  0.000e+00
      4.236    10.1989   3.542865    32.1109        120     0.4958     2.4370  0.000e+00
      4.403    10.2483   3.545925    32.0979        121     0.5000     2.4292  0.000e+00
      4.572    10.2956   3.551691    32.1138        122     0.5042     2.4176  0.000e+00
      4.732    10.2809   3.550038    32.1102        123     0.5083     2.4099  0.000e+00
      4.877    10.2625   3.543635    32.0620        124     0.5125     2.4012  0.000e+00
      5.010    10.2506   3.540916    32.0452        125     0.5167     2.3925  0.000e+00
      5.131    10.2357   3.547250    32.1220        126     0.5208     2.3844  0.000e+00
      5.246    10.3387   3.568652    32.2457        127     0.5250     2.3763  0.000e+00
      5.379    10.5846   3.579489    32.1367        128     0.5292     2.3683  0.000e+00
      5.531    10.8452   3.580839    31.9216        129     0.5333     2.3629  0.000e+00
      5.693    11.0330   3.579642    31.7467        130     0.5375     2.3594  0.000e+00
      5.884    11.1423   3.576050    31.6171        131     0.5417     2.3623  0.000e+00
      6.069    11.2243   3.552531    31.3163        132     0.5458     2.3671  0.000e+00
      6.261    11.2806   2.445205    20.7107        133     0.5500     2.3745  0.000e+00
      6.441    11.3190   2.307522    19.4164        134     0.5542     2.3815  0.000e+00
      6.601    11.3484   2.233602    18.7220        135     0.5583     2.3866  0.000e+00
      6.753    11.3732   2.700951    23.0428        136     0.5625     2.3889  0.000e+00
      6.895    11.3730   3.501992    30.6978        137     0.5667     2.3892  0.000e+00
      7.034    11.3307   2.333137    19.6462        138     0.5708     2.3848  0.000e+00
      7.165    11.2760   2.415268    20.4352        139     0.5750     2.3776  0.000e+00
      7.298    11.2063   3.511331    30.9279        140     0.5792     2.3683  0.000e+00
      7.433    11.0427   3.542534    31.3723        141     0.5833     2.3574  0.000e+00
      7.566    10.8885   3.540527    31.4845        142     0.5875     2.3449  0.000e+00
      7.708    10.8062   3.538986    31.5401        143     0.5917     2.3327  0.000e+00
      7.862    10.7502   3.537797    31.5765        144     0.5958     2.3184  0.000e+00
      8.026    10.6872   3.536433    31.6173        145     0.6000     2.3061  0.000e+00
      8.205    10.6267   3.533788    31.6434        146     0.6042     2.2934  0.000e+00
      8.392    10.5830   3.531218    31.6557        147     0.6083     2.2825  0.000e+00
      8.585    10.5556   3.528356    31.6509        148     0.6125     2.2703  0.000e+00
      8.782    10.5396   3.525823    31.6394        149     0.6167     2.2604  0.000e+00
      8.971    10.5344   3.527272    31.6583        150     0.6208     2.2486  0.000e+00
      9.151    10.5375   3.531358    31.6963        151     0.6250     2.2389  0.000e+00
      9.321    10.5606   3.535427    31.7167        152     0.6292     2.2297  0.000e+00
      9.478    10.6712   3.543201    31.6979        153     0.6333     2.2194  0.000e+00
      9.621    10.8168   3.556982    31.7083        154     0.6375     2.2122  0.000e+00
      9.758    10.9485   3.568305    31.7063        155     0.6417     2.2061  0.000e+00
      9.886    11.0686   3.572793    31.6468        156     0.6458     2.2024  0.000e+00
     10.017    11.1658   3.574888    31.5838        157     0.6500     2.1966  0.000e+00
     10.141    11.2451   3.574942    31.5164        158     0.6542     2.1926  0.000e+00
     10.265    11.3056   3.569964    31.4160        159     0.6583     2.1908  0.000e+00
     10.399    11.3393   3.554744    31.2387        160     0.6625     2.1929  0.000e+00
     10.543    11.3578   3.547585    31.1531        161     0.6667     2.1992  0.000e+00
     10.698    11.3836   3.542811    31.0849        162     0.6708     2.2105  0.000e+00
     10.861    11.3341   3.538046    31.0799        163     0.6750     2.2193  0.000e+00
     11.023    11.1971   3.535378    31.1694        164     0.6792     2.2325  0.000e+00
     11.197    11.0051   3.534847    31.3272        165     0.6833     2.2416  0.000e+00
     11.379    10.8036   3.535789    31.5091        166     0.6875     2.2478  0.000e+00
     11.569    10.6425   3.536580    31.6561        167     0.6917     2.2522  0.000e+00
     11.760    10.5369   3.536927    31.7512        168     0.6958     2.2544  0.000e+00
     11.957    10.4690   3.536528    31.8063        169     0.7000     2.2552  0.000e+00
     12.144    10.4206   3.535879    31.8421        170     0.7042     2.2545  0.000e+00
     12.331    10.3893   3.534793    31.8585        171     0.7083     2.2525  0.000e+00
     12.513    10.3698   3.531810    31.8457        172     0.7125     2.2479  0.000e+00
     12.678    10.3561   3.533508    31.8747        173     0.7167     2.2439  0.000e+00
     12.834    10.3413   3.536499    31.9175        174     0.7208     2.2389  0.000e+00
     12.967    10.3292   3.537931    31.9425        175     0.7250     2.2320  0.000e+00
     13.100    10.3610   3.537949    31.9147        176     0.7292     2.2271  0.000e+00
     13.221    10.4691   3.536971    31.8102        177     0.7333     2.2209  0.000e+00
     13.336    10.5725   3.533415    31.6846        178     0.7375     2.2169  0.000e+00
     13.451    10.6274   3.530146    31.6044        179     0.7417     2.2135  0.000e+00
     13.568    10.6478   3.532486    31.6099        180     0.7458     2.2090  0.000e+00
     13.693    10.6360   3.534342    31.6386        181     0.7500     2.2045  0.000e+00
     13.828    10.5504   3.533706    31.7065        182     0.7542     2.1972  0.000e+00
     13.974    10.4513   3.533980    31.7955        183     0.7583     2.1905  0.000e+00
     14.127    10.3685   3.536651    31.8946        184     0.7625     2.1836  0.000e+00
     14.294    10.3168   3.541307    31.9867        185     0.7667     2.1777  0.000e+00
     14.466    10.2981   3.543869    32.0288        186     0.7708     2.1713  0.000e+00
     14.655    10.3070   3.544361    32.0258        187     0.7750     2.1663  0.000e+00
     14.853    10.3238   3.545071    32.0181        188     0.7792     2.1588  0.000e+00
     15.059    10.3310   3.545733    32.0183        189     0.7833     2.1552  0.000e+00
