PC2305/sbe112.cnv
* Sea-Bird SBE 19plus V2 Data File:
* FileName = C:\cruise\data\sbe112.hex
* Software Version Seasave V 7.26.7.121
* Temperature SN = 7142
* Conductivity SN = 7142
* System UpLoad Time = Nov 06 2023 23:43:35
** Cruise: PC2205
** Program: ECOMON
# nquan = 8
# nvalues = 3851                                  
# units = specified
# name 0 = depSM: Depth [salt water, m], lat = 40.00
# name 1 = tv290C: Temperature [ITS-90, deg C]
# name 2 = c0S/m: Conductivity [S/m]
# name 3 = sal00: Salinity, Practical [PSU]
# name 4 = scan: Scan Count
# name 5 = timeM: Time, Elapsed [minutes]
# name 6 = sbeox0V: Oxygen raw, SBE 43 [V]
# name 7 = flag:  0.000e+00
# span 0 =     -0.024,     75.907                 
# span 1 =     8.3496,    13.2998                 
# span 2 =   0.000096,   3.892587                 
# span 3 =     0.0053,    35.0387                 
# span 4 =         11,       3861                 
# span 5 =     0.0417,    16.0833                 
# span 6 =     2.2375,     2.9280                 
# span 7 = 0.0000e+00, 0.0000e+00                 
# interval = seconds: 0.25
# start_time = Nov 06 2023 23:43:35 [System UTC, header]
# bad_flag = -9.990e-29
*END*
[from data line 1079]
     54.531     8.5467   3.517920    33.3428       1090     4.5375     2.3773  0.000e+00
     54.446     8.5341   3.510954    33.2814       1091     4.5417     2.3783  0.000e+00
     54.351     8.5098   3.503413    33.2248       1092     4.5458     2.3799  0.000e+00
     54.243     8.4771   3.502778    33.2490       1093     4.5500     2.3820  0.000e+00
     54.134     8.4551   3.502778    33.2698       1094     4.5542     2.3833  0.000e+00
     54.020     8.4454   3.502748    33.2788       1095     4.5583     2.3859  0.000e+00
     53.900     8.4415   3.499678    33.2501       1096     4.5625     2.3884  0.000e+00
     53.781     8.4363   3.491809    33.1719       1097     4.5667     2.3917  0.000e+00
     53.663     8.4172   3.487566    33.1452       1098     4.5708     2.3947  0.000e+00
     53.546     8.3914   3.486679    33.1602       1099     4.5750     2.3964  0.000e+00
     53.429     8.3710   3.486534    33.1780       1100     4.5792     2.3978  0.000e+00
     53.319     8.3589   3.486529    33.1894       1101     4.5833     2.3995  0.000e+00
     53.219     8.3528   3.486577    33.1956       1102     4.5875     2.4015  0.000e+00
     53.122     8.3500   3.486348    33.1959       1103     4.5917     2.4028  0.000e+00
     53.039     8.3496   3.485738    33.1899       1104     4.5958     2.4034  0.000e+00
     52.971     8.3502   3.485551    33.1873       1105     4.6000     2.4046  0.000e+00
     52.919     8.3505   3.485443    33.1859       1106     4.6042     2.4053  0.000e+00
     52.866     8.3508   3.485364    33.1849       1107     4.6083     2.4057  0.000e+00
     52.834     8.3508   3.485340    33.1846       1108     4.6125     2.4056  0.000e+00
     52.805     8.3510   3.485316    33.1842       1109     4.6167     2.4064  0.000e+00
     52.769     8.3510   3.485141    33.1824       1110     4.6208     2.4057  0.000e+00
     52.742     8.3508   3.484942    33.1804       1111     4.6250     2.4062  0.000e+00
     52.705     8.3510   3.484815    33.1789       1112     4.6292     2.4062  0.000e+00
     52.665     8.3511   3.484725    33.1779       1113     4.6333     2.4061  0.000e+00
     52.615     8.3513   3.484688    33.1773       1114     4.6375     2.4053  0.000e+00
     52.548     8.3521   3.484713    33.1769       1115     4.6417     2.4052  0.000e+00
     52.475     8.3536   3.484682    33.1752       1116     4.6458     2.4053  0.000e+00
     52.385     8.3558   3.484688    33.1733       1117     4.6500     2.4060  0.000e+00
     52.279     8.3574   3.484616    33.1710       1118     4.6542     2.4059  0.000e+00
     52.174     8.3586   3.484875    33.1726       1119     4.6583     2.4079  0.000e+00
     52.045     8.3597   3.485044    33.1734       1120     4.6625     2.4078  0.000e+00
     51.925     8.3622   3.485140    33.1722       1121     4.6667     2.4070  0.000e+00
     51.797     8.3658   3.485593    33.1736       1122     4.6708     2.4085  0.000e+00
     51.673     8.3705   3.485738    33.1708       1123     4.6750     2.4106  0.000e+00
     51.542     8.3756   3.485762    33.1663       1124     4.6792     2.4106  0.000e+00
     51.427     8.3816   3.486576    33.1693       1125     4.6833     2.4123  0.000e+00
     51.319     8.3897   3.488006    33.1768       1126     4.6875     2.4120  0.000e+00
     51.216     8.4026   3.488072    33.1655       1127     4.6917     2.4122  0.000e+00
     51.126     8.4160   3.488446    33.1568       1128     4.6958     2.4126  0.000e+00
     51.044     8.4318   3.489218    33.1501       1129     4.7000     2.4122  0.000e+00
     50.970     8.4472   3.489484    33.1385       1130     4.7042     2.4127  0.000e+00
     50.902     8.4629   3.491723    33.1473       1131     4.7083     2.4120  0.000e+00
     50.835     8.4833   3.493799    33.1501       1132     4.7125     2.4114  0.000e+00
     50.769     8.5055   3.494385    33.1355       1133     4.7167     2.4119  0.000e+00
     50.699     8.5233   3.495315    33.1286       1134     4.7208     2.4121  0.000e+00
     50.634     8.5370   3.495882    33.1217       1135     4.7250     2.4105  0.000e+00
     50.566     8.5470   3.496389    33.1177       1136     4.7292     2.4109  0.000e+00
     50.490     8.5548   3.497169    33.1186       1137     4.7333     2.4110  0.000e+00
     50.408     8.5627   3.498727    33.1277       1138     4.7375     2.4093  0.000e+00
     50.325     8.5748   3.503495    33.1665       1139     4.7417     2.4091  0.000e+00
     50.242     8.5998   3.506113    33.1705       1140     4.7458     2.4093  0.000e+00
     50.143     8.6301   3.508053    33.1626       1141     4.7500     2.4085  0.000e+00
     50.050     8.6558   3.510358    33.1627       1142     4.7542     2.4090  0.000e+00
     49.949     8.6803   3.512263    33.1597       1143     4.7583     2.4097  0.000e+00
     49.854     8.7039   3.515398    33.1705       1144     4.7625     2.4104  0.000e+00
     49.762     8.7302   3.516221    33.1547       1145     4.7667     2.4117  0.000e+00
     49.669     8.7520   3.516390    33.1361       1146     4.7708     2.4106  0.000e+00
     49.584     8.7659   3.516196    33.1210       1147     4.7750     2.4108  0.000e+00
     49.503     8.7732   3.516220    33.1145       1148     4.7792     2.4099  0.000e+00
     49.430     8.7776   3.516390    33.1122       1149     4.7833     2.4098  0.000e+00
     49.358     8.7805   3.516626    33.1119       1150     4.7875     2.4101  0.000e+00
     49.300     8.7833   3.516729    33.1105       1151     4.7917     2.4114  0.000e+00
     49.241     8.7860   3.516880    33.1096       1152     4.7958     2.4103  0.000e+00
     49.189     8.7884   3.516983    33.1084       1153     4.8000     2.4101  0.000e+00
     49.139     8.7907   3.517025    33.1067       1154     4.8042     2.4096  0.000e+00
     49.076     8.7920   3.516910    33.1043       1155     4.8083     2.4092  0.000e+00
     49.015     8.7933   3.516668    33.1006       1156     4.8125     2.4093  0.000e+00
     48.944     8.7936   3.516498    33.0986       1157     4.8167     2.4085  0.000e+00
     48.862     8.7935   3.516371    33.0974       1158     4.8208     2.4085  0.000e+00
     48.770     8.7938   3.515463    33.0877       1159     4.8250     2.4088  0.000e+00
     48.669     8.7925   3.512473    33.0577       1160     4.8292     2.4085  0.000e+00
     48.553     8.7879   3.508771    33.0233       1161     4.8333     2.4088  0.000e+00
     48.421     8.7774   3.506352    33.0078       1162     4.8375     2.4104  0.000e+00
     48.285     8.7643   3.505687    33.0132       1163     4.8417     2.4099  0.000e+00
     48.141     8.7542   3.505645    33.0222       1164     4.8458     2.4105  0.000e+00
     47.992     8.7494   3.505983    33.0303       1165     4.8500     2.4108  0.000e+00
     47.841     8.7487   3.505469    33.0256       1166     4.8542     2.4108  0.000e+00
     47.695     8.7509   3.504780    33.0164       1167     4.8583     2.4117  0.000e+00
     47.561     8.7554   3.504290    33.0072       1168     4.8625     2.4128  0.000e+00
     47.431     8.7610   3.504381    33.0030       1169     4.8667     2.4129  0.000e+00
     47.316     8.7654   3.504229    32.9973       1170     4.8708     2.4136  0.000e+00
     47.207     8.7682   3.504018    32.9926       1171     4.8750     2.4143  0.000e+00
     47.117     8.7715   3.503619    32.9853       1172     4.8792     2.4142  0.000e+00
     47.043     8.7756   3.502718    32.9721       1173     4.8833     2.4163  0.000e+00
     46.980     8.7825   3.502585    32.9644       1174     4.8875     2.4163  0.000e+00
     46.919     8.7883   3.502222    32.9552       1175     4.8917     2.4170  0.000e+00
     46.865     8.7926   3.501896    32.9478       1176     4.8958     2.4170  0.000e+00
     46.818     8.7969   3.501714    32.9419       1177     4.9000     2.4173  0.000e+00
     46.773     8.8002   3.501358    32.9351       1178     4.9042     2.4183  0.000e+00
     46.727     8.8028   3.501122    32.9303       1179     4.9083     2.4203  0.000e+00
     46.675     8.8048   3.501340    32.9307       1180     4.9125     2.4186  0.000e+00
     46.622     8.8059   3.501509    32.9315       1181     4.9167     2.4195  0.000e+00
     46.561     8.8059   3.501466    32.9311       1182     4.9208     2.4188  0.000e+00
     46.491     8.8059   3.500723    32.9233       1183     4.9250     2.4190  0.000e+00
     46.416     8.8071   3.500264    32.9175       1184     4.9292     2.4175  0.000e+00
     46.328     8.8093   3.499986    32.9126       1185     4.9333     2.4174  0.000e+00
     46.230     8.8117   3.499750    32.9079       1186     4.9375     2.4199  0.000e+00
     46.130     8.8136   3.499206    32.9006       1187     4.9417     2.4202  0.000e+00
     46.018     8.8157   3.498469    32.8910       1188     4.9458     2.4196  0.000e+00
     45.912     8.8191   3.497847    32.8813       1189     4.9500     2.4208  0.000e+00
     45.790     8.8248   3.497689    32.8744       1190     4.9542     2.4223  0.000e+00
     45.672     8.8304   3.497714    32.8695       1191     4.9583     2.4236  0.000e+00
     45.553     8.8352   3.497713    32.8651       1192     4.9625     2.4243  0.000e+00
     45.429     8.8390   3.497605    32.8605       1193     4.9667     2.4243  0.000e+00
     45.316     8.8421   3.497647    32.8582       1194     4.9708     2.4263  0.000e+00
     45.204     8.8451   3.497731    32.8563       1195     4.9750     2.4280  0.000e+00
     45.093     8.8475   3.497979    32.8568       1196     4.9792     2.4293  0.000e+00
     44.983     8.8498   3.498154    32.8565       1197     4.9833     2.4291  0.000e+00
     44.879     8.8527   3.498172    32.8541       1198     4.9875     2.4316  0.000e+00
     44.769     8.8545   3.498220    32.8529       1199     4.9917     2.4314  0.000e+00
     44.676     8.8560   3.498510    32.8546       1200     4.9958     2.4330  0.000e+00
     44.575     8.8576   3.498764    32.8559       1201     5.0000     2.4337  0.000e+00
     44.476     8.8598   3.499000    32.8563       1202     5.0042     2.4333  0.000e+00
     44.372     8.8629   3.498975    32.8532       1203     5.0083     2.4337  0.000e+00
     44.266     8.8648   3.498975    32.8515       1204     5.0125     2.4343  0.000e+00
     44.156     8.8660   3.498867    32.8493       1205     5.0167     2.4346  0.000e+00
     44.045     8.8666   3.498746    32.8476       1206     5.0208     2.4356  0.000e+00
     43.930     8.8671   3.498951    32.8493       1207     5.0250     2.4372  0.000e+00
     43.813     8.8688   3.499199    32.8503       1208     5.0292     2.4386  0.000e+00
     43.693     8.8716   3.499440    32.8503       1209     5.0333     2.4392  0.000e+00
     43.565     8.8752   3.499670    32.8495       1210     5.0375     2.4404  0.000e+00
     43.448     8.8788   3.499754    32.8471       1211     5.0417     2.4414  0.000e+00
     43.323     8.8817   3.499857    32.8455       1212     5.0458     2.4422  0.000e+00
     43.191     8.8838   3.499941    32.8445       1213     5.0500     2.4429  0.000e+00
     43.074     8.8854   3.499966    32.8433       1214     5.0542     2.4432  0.000e+00
     42.954     8.8877   3.499549    32.8369       1215     5.0583     2.4430  0.000e+00
     42.843     8.8888   3.499228    32.8326       1216     5.0625     2.4432  0.000e+00
     42.737     8.8893   3.499228    32.8321       1217     5.0667     2.4432  0.000e+00
     42.636     8.8902   3.499264    32.8317       1218     5.0708     2.4435  0.000e+00
     42.542     8.8912   3.499270    32.8309       1219     5.0750     2.4440  0.000e+00
     42.453     8.8926   3.499270    32.8297       1220     5.0792     2.4459  0.000e+00
     42.372     8.8932   3.499373    32.8302       1221     5.0833     2.4453  0.000e+00
     42.300     8.8942   3.499615    32.8319       1222     5.0875     2.4446  0.000e+00
     42.226     8.8961   3.499772    32.8318       1223     5.0917     2.4458  0.000e+00
     42.154     8.8985   3.499923    32.8312       1224     5.0958     2.4442  0.000e+00
     42.084     8.9012   3.499947    32.8290       1225     5.1000     2.4449  0.000e+00
     42.010     8.9048   3.499856    32.8247       1226     5.1042     2.4443  0.000e+00
     41.940     8.9095   3.499923    32.8211       1227     5.1083     2.4444  0.000e+00
     41.858     8.9139   3.500188    32.8199       1228     5.1125     2.4444  0.000e+00
     41.770     8.9180   3.500805    32.8225       1229     5.1167     2.4461  0.000e+00
     41.673     8.9244   3.501167    32.8204       1230     5.1208     2.4469  0.000e+00
     41.561     8.9317   3.501741    32.8197       1231     5.1250     2.4472  0.000e+00
     41.455     8.9404   3.502472    32.8194       1232     5.1292     2.4479  0.000e+00
     41.336     8.9519   3.502702    32.8111       1233     5.1333     2.4492  0.000e+00
     41.203     8.9635   3.502768    32.8012       1234     5.1375     2.4501  0.000e+00
     41.070     8.9732   3.502690    32.7914       1235     5.1417     2.4512  0.000e+00
     40.928     8.9800   3.502581    32.7841       1236     5.1458     2.4517  0.000e+00
     40.786     8.9857   3.502260    32.7756       1237     5.1500     2.4521  0.000e+00
     40.645     8.9908   3.502272    32.7711       1238     5.1542     2.4531  0.000e+00
     40.499     8.9951   3.502326    32.7678       1239     5.1583     2.4553  0.000e+00
     40.355     8.9986   3.502623    32.7677       1240     5.1625     2.4555  0.000e+00
     40.220     9.0031   3.504418    32.7822       1241     5.1667     2.4567  0.000e+00
     40.091     9.0150   3.508445    32.8132       1242     5.1708     2.4571  0.000e+00
     39.969     9.0390   3.512807    32.8364       1243     5.1750     2.4578  0.000e+00
     39.847     9.0742   3.515917    32.8363       1244     5.1792     2.4579  0.000e+00
     39.742     9.1124   3.521221    32.8561       1245     5.1833     2.4587  0.000e+00
     39.640     9.1585   3.527364    32.8773       1246     5.1875     2.4600  0.000e+00
     39.554     9.2198   3.531086    32.8593       1247     5.1917     2.4620  0.000e+00
     39.467     9.2861   3.529127    32.7782       1248     5.1958     2.4640  0.000e+00
     39.392     9.3289   3.526465    32.7116       1249     5.2000     2.4682  0.000e+00
     39.322     9.3431   3.524787    32.6813       1250     5.2042     2.4698  0.000e+00
     39.246     9.3412   3.524338    32.6785       1251     5.2083     2.4732  0.000e+00
     39.180     9.3367   3.524193    32.6811       1252     5.2125     2.4758  0.000e+00
     39.117     9.3330   3.524296    32.6856       1253     5.2167     2.4782  0.000e+00
     39.059     9.3317   3.524211    32.6860       1254     5.2208     2.4806  0.000e+00
     38.989     9.3305   3.524150    32.6864       1255     5.2250     2.4839  0.000e+00
     38.926     9.3310   3.524762    32.6924       1256     5.2292     2.4850  0.000e+00
     38.863     9.3353   3.528381    32.7257       1257     5.2333     2.4862  0.000e+00
     38.797     9.3559   3.534268    32.7676       1258     5.2375     2.4881  0.000e+00
     38.730     9.3997   3.538139    32.7673       1259     5.2417     2.4888  0.000e+00
     38.660     9.4506   3.541367    32.7540       1260     5.2458     2.4906  0.000e+00
     38.581     9.4978   3.544378    32.7418       1261     5.2500     2.4920  0.000e+00
     38.499     9.5400   3.546777    32.7279       1262     5.2542     2.4918  0.000e+00
     38.409     9.5775   3.550021    32.7270       1263     5.2583     2.4992  0.000e+00
     38.314     9.6143   3.553059    32.7246       1264     5.2625     2.5005  0.000e+00
     38.211     9.6516   3.557844    32.7397       1265     5.2667     2.5028  0.000e+00
     38.105     9.6968   3.561153    32.7324       1266     5.2708     2.5054  0.000e+00
     37.994     9.7447   3.569102    32.7699       1267     5.2750     2.5088  0.000e+00
     37.873     9.8081   3.598386    33.0109       1268     5.2792     2.5131  0.000e+00
