PC2305/sbe161.cnv
* Sea-Bird SBE 19plus V2 Data File:
* FileName = C:\cruise\data\sbe161.hex
* Software Version Seasave V 7.26.7.121
* Temperature SN = 7142
* Conductivity SN = 7142
* System UpLoad Time = Nov 12 2023 15:43:31
** Cruise: PC2205
** Program: ECOMON
# nquan = 8
# nvalues = 4405                                  
# units = specified
# name 0 = depSM: Depth [salt water, m], lat = 40.00
# name 1 = tv290C: Temperature [ITS-90, deg C]
# name 2 = c0S/m: Conductivity [S/m]
# name 3 = sal00: Salinity, Practical [PSU]
# name 4 = scan: Scan Count
# name 5 = timeM: Time, Elapsed [minutes]
# name 6 = sbeox0V: Oxygen raw, SBE 43 [V]
# name 7 = flag:  0.000e+00
# span 0 =      0.063,    158.095                 
# span 1 =     5.9783,    12.2513                 
# span 2 =  -0.033631,   3.701286                 
# span 3 =     0.0000,    33.8705                 
# span 4 =         11,       4415                 
# span 5 =     0.0417,    18.3917                 
# span 6 =     1.6604,     3.0123                 
# span 7 = 0.0000e+00, 0.0000e+00                 
# interval = seconds: 0.25
# start_time = Nov 12 2023 15:43:31 [System UTC, header]
# bad_flag = -9.990e-29
*END*
[from data line 1978]
    104.593     7.2192   3.369017    32.9865       1989     8.2833     1.8403  0.000e+00
    104.568     7.2193   3.369017    32.9864       1990     8.2875     1.8406  0.000e+00
    104.541     7.2194   3.369005    32.9862       1991     8.2917     1.8409  0.000e+00
    104.505     7.2196   3.368999    32.9860       1992     8.2958     1.8403  0.000e+00
    104.465     7.2196   3.368999    32.9860       1993     8.3000     1.8396  0.000e+00
    104.433     7.2198   3.368987    32.9857       1994     8.3042     1.8400  0.000e+00
    104.391     7.2199   3.368975    32.9855       1995     8.3083     1.8393  0.000e+00
    104.352     7.2199   3.368999    32.9858       1996     8.3125     1.8397  0.000e+00
    104.309     7.2199   3.368963    32.9854       1997     8.3167     1.8400  0.000e+00
    104.262     7.2201   3.368975    32.9854       1998     8.3208     1.8392  0.000e+00
    104.217     7.2201   3.368963    32.9853       1999     8.3250     1.8392  0.000e+00
    104.177     7.2202   3.368975    32.9853       2000     8.3292     1.8389  0.000e+00
    104.138     7.2203   3.368951    32.9850       2001     8.3333     1.8389  0.000e+00
    104.104     7.2207   3.368945    32.9846       2002     8.3375     1.8376  0.000e+00
    104.073     7.2208   3.368933    32.9843       2003     8.3417     1.8377  0.000e+00
    104.048     7.2210   3.368933    32.9841       2004     8.3458     1.8376  0.000e+00
    104.021     7.2211   3.368922    32.9839       2005     8.3500     1.8365  0.000e+00
    103.998     7.2211   3.368910    32.9838       2006     8.3542     1.8361  0.000e+00
    103.967     7.2212   3.368933    32.9840       2007     8.3583     1.8372  0.000e+00
    103.935     7.2213   3.368922    32.9838       2008     8.3625     1.8368  0.000e+00
    103.908     7.2214   3.368910    32.9836       2009     8.3667     1.8368  0.000e+00
    103.868     7.2215   3.368904    32.9834       2010     8.3708     1.8368  0.000e+00
    103.820     7.2216   3.368910    32.9834       2011     8.3750     1.8369  0.000e+00
    103.768     7.2217   3.368910    32.9833       2012     8.3792     1.8378  0.000e+00
    103.715     7.2218   3.368886    32.9830       2013     8.3833     1.8377  0.000e+00
    103.654     7.2220   3.368850    32.9825       2014     8.3875     1.8382  0.000e+00
    103.602     7.2220   3.368850    32.9825       2015     8.3917     1.8400  0.000e+00
    103.545     7.2221   3.368820    32.9821       2016     8.3958     1.8400  0.000e+00
    103.487     7.2220   3.368808    32.9821       2017     8.4000     1.8422  0.000e+00
    103.433     7.2221   3.368784    32.9818       2018     8.4042     1.8429  0.000e+00
    103.383     7.2223   3.368743    32.9812       2019     8.4083     1.8417  0.000e+00
    103.345     7.2225   3.368701    32.9806       2020     8.4125     1.8429  0.000e+00
    103.311     7.2224   3.368594    32.9795       2021     8.4167     1.8424  0.000e+00
    103.284     7.2223   3.368540    32.9790       2022     8.4208     1.8417  0.000e+00
    103.259     7.2221   3.368528    32.9791       2023     8.4250     1.8413  0.000e+00
    103.246     7.2220   3.368540    32.9793       2024     8.4292     1.8392  0.000e+00
    103.239     7.2220   3.368552    32.9794       2025     8.4333     1.8374  0.000e+00
    103.228     7.2219   3.368552    32.9795       2026     8.4375     1.8351  0.000e+00
    103.225     7.2219   3.368600    32.9800       2027     8.4417     1.8321  0.000e+00
    103.216     7.2219   3.368659    32.9807       2028     8.4458     1.8314  0.000e+00
    103.210     7.2220   3.368677    32.9808       2029     8.4500     1.8312  0.000e+00
    103.196     7.2221   3.368725    32.9812       2030     8.4542     1.8302  0.000e+00
    103.174     7.2223   3.368719    32.9810       2031     8.4583     1.8306  0.000e+00
    103.144     7.2225   3.368719    32.9808       2032     8.4625     1.8317  0.000e+00
    103.104     7.2226   3.368743    32.9810       2033     8.4667     1.8329  0.000e+00
    103.054     7.2225   3.368743    32.9811       2034     8.4708     1.8349  0.000e+00
    103.003     7.2225   3.368725    32.9810       2035     8.4750     1.8352  0.000e+00
    102.942     7.2223   3.368701    32.9809       2036     8.4792     1.8361  0.000e+00
    102.874     7.2224   3.368635    32.9801       2037     8.4833     1.8374  0.000e+00
    102.809     7.2223   3.368600    32.9799       2038     8.4875     1.8389  0.000e+00
    102.743     7.2222   3.368552    32.9795       2039     8.4917     1.8394  0.000e+00
    102.683     7.2221   3.368487    32.9789       2040     8.4958     1.8405  0.000e+00
    102.637     7.2219   3.368439    32.9786       2041     8.5000     1.8417  0.000e+00
    102.604     7.2219   3.368403    32.9782       2042     8.5042     1.8432  0.000e+00
    102.577     7.2217   3.368403    32.9784       2043     8.5083     1.8417  0.000e+00
    102.565     7.2217   3.368379    32.9782       2044     8.5125     1.8431  0.000e+00
    102.561     7.2215   3.368362    32.9782       2045     8.5167     1.8429  0.000e+00
    102.556     7.2214   3.368362    32.9782       2046     8.5208     1.8396  0.000e+00
    102.549     7.2213   3.368338    32.9781       2047     8.5250     1.8385  0.000e+00
    102.547     7.2213   3.368362    32.9784       2048     8.5292     1.8359  0.000e+00
    102.541     7.2213   3.368338    32.9781       2049     8.5333     1.8337  0.000e+00
    102.527     7.2211   3.368362    32.9786       2050     8.5375     1.8307  0.000e+00
    102.502     7.2211   3.368362    32.9786       2051     8.5417     1.8297  0.000e+00
    102.473     7.2210   3.368320    32.9782       2052     8.5458     1.8290  0.000e+00
    102.432     7.2209   3.368278    32.9779       2053     8.5500     1.8292  0.000e+00
    102.378     7.2206   3.368278    32.9782       2054     8.5542     1.8287  0.000e+00
    102.317     7.2204   3.368260    32.9783       2055     8.5583     1.8306  0.000e+00
    102.252     7.2203   3.368189    32.9776       2056     8.5625     1.8319  0.000e+00
    102.187     7.2202   3.368213    32.9780       2057     8.5667     1.8326  0.000e+00
    102.117     7.2202   3.368260    32.9785       2058     8.5708     1.8345  0.000e+00
    102.052     7.2205   3.368278    32.9784       2059     8.5750     1.8368  0.000e+00
    102.004     7.2210   3.368278    32.9780       2060     8.5792     1.8362  0.000e+00
    101.961     7.2211   3.368278    32.9779       2061     8.5833     1.8378  0.000e+00
    101.926     7.2214   3.368213    32.9769       2062     8.5875     1.8378  0.000e+00
    101.905     7.2215   3.368159    32.9763       2063     8.5917     1.8375  0.000e+00
    101.896     7.2213   3.368064    32.9754       2064     8.5958     1.8373  0.000e+00
    101.883     7.2211   3.367980    32.9747       2065     8.6000     1.8353  0.000e+00
    101.880     7.2209   3.368016    32.9753       2066     8.6042     1.8345  0.000e+00
    101.869     7.2209   3.367576    32.9705       2067     8.6083     1.8332  0.000e+00
    101.860     7.2209   3.367112    32.9655       2068     8.6125     1.8294  0.000e+00
    101.833     7.2211   3.368219    32.9773       2069     8.6167     1.8261  0.000e+00
    101.806     7.2215   3.368213    32.9769       2070     8.6208     1.8268  0.000e+00
    101.774     7.2216   3.368195    32.9766       2071     8.6250     1.8255  0.000e+00
    101.727     7.2216   3.368171    32.9764       2072     8.6292     1.8275  0.000e+00
    101.673     7.2216   3.368064    32.9753       2073     8.6333     1.8272  0.000e+00
    101.623     7.2212   3.367933    32.9742       2074     8.6375     1.8300  0.000e+00
    101.567     7.2208   3.367855    32.9738       2075     8.6417     1.8315  0.000e+00
    101.513     7.2205   3.367766    32.9732       2076     8.6458     1.8332  0.000e+00
    101.463     7.2202   3.367754    32.9733       2077     8.6500     1.8349  0.000e+00
    101.421     7.2203   3.367766    32.9734       2078     8.6542     1.8345  0.000e+00
    101.389     7.2206   3.367766    32.9731       2079     8.6583     1.8355  0.000e+00
    101.362     7.2208   3.367754    32.9728       2080     8.6625     1.8346  0.000e+00
    101.337     7.2210   3.367707    32.9721       2081     8.6667     1.8338  0.000e+00
    101.315     7.2209   3.367707    32.9722       2082     8.6708     1.8334  0.000e+00
    101.299     7.2210   3.367653    32.9715       2083     8.6750     1.8325  0.000e+00
    101.277     7.2207   3.367665    32.9720       2084     8.6792     1.8306  0.000e+00
    101.250     7.2207   3.367653    32.9718       2085     8.6833     1.8306  0.000e+00
    101.225     7.2208   3.367665    32.9719       2086     8.6875     1.8299  0.000e+00
    101.186     7.2207   3.367665    32.9720       2087     8.6917     1.8313  0.000e+00
    101.146     7.2209   3.367653    32.9717       2088     8.6958     1.8307  0.000e+00
    101.101     7.2209   3.367641    32.9716       2089     8.7000     1.8326  0.000e+00
    101.056     7.2209   3.367558    32.9707       2090     8.7042     1.8342  0.000e+00
    101.010     7.2205   3.367433    32.9697       2091     8.7083     1.8352  0.000e+00
    100.970     7.2202   3.367367    32.9694       2092     8.7125     1.8378  0.000e+00
    100.930     7.2199   3.367343    32.9694       2093     8.7167     1.8382  0.000e+00
    100.902     7.2195   3.367290    32.9692       2094     8.7208     1.8384  0.000e+00
    100.878     7.2191   3.367284    32.9696       2095     8.7250     1.8385  0.000e+00
    100.846     7.2190   3.367260    32.9694       2096     8.7292     1.8385  0.000e+00
    100.817     7.2191   3.367248    32.9692       2097     8.7333     1.8391  0.000e+00
    100.792     7.2190   3.367242    32.9692       2098     8.7375     1.8391  0.000e+00
    100.756     7.2189   3.367230    32.9693       2099     8.7417     1.8394  0.000e+00
    100.727     7.2190   3.367242    32.9692       2100     8.7458     1.8387  0.000e+00
    100.693     7.2189   3.367218    32.9692       2101     8.7500     1.8389  0.000e+00
    100.654     7.2187   3.367212    32.9692       2102     8.7542     1.8394  0.000e+00
    100.614     7.2187   3.367195    32.9691       2103     8.7583     1.8389  0.000e+00
    100.576     7.2188   3.367177    32.9688       2104     8.7625     1.8381  0.000e+00
    100.537     7.2189   3.367147    32.9685       2105     8.7667     1.8386  0.000e+00
    100.485     7.2189   3.367004    32.9669       2106     8.7708     1.8369  0.000e+00
    100.450     7.2188   3.366903    32.9659       2107     8.7750     1.8378  0.000e+00
    100.402     7.2186   3.366808    32.9651       2108     8.7792     1.8392  0.000e+00
    100.359     7.2182   3.366730    32.9646       2109     8.7833     1.8397  0.000e+00
    100.319     7.2179   3.366730    32.9650       2110     8.7875     1.8391  0.000e+00
    100.276     7.2176   3.366790    32.9658       2111     8.7917     1.8390  0.000e+00
    100.231     7.2176   3.366712    32.9651       2112     8.7958     1.8380  0.000e+00
    100.193     7.2174   3.366647    32.9646       2113     8.8000     1.8376  0.000e+00
    100.157     7.2172   3.366605    32.9643       2114     8.8042     1.8388  0.000e+00
    100.123     7.2171   3.366581    32.9642       2115     8.8083     1.8396  0.000e+00
    100.100     7.2169   3.366564    32.9642       2116     8.8125     1.8397  0.000e+00
    100.080     7.2169   3.366540    32.9640       2117     8.8167     1.8401  0.000e+00
    100.062     7.2168   3.366540    32.9640       2118     8.8208     1.8404  0.000e+00
    100.040     7.2166   3.366528    32.9641       2119     8.8250     1.8398  0.000e+00
    100.017     7.2166   3.366498    32.9638       2120     8.8292     1.8413  0.000e+00
     99.988     7.2163   3.366415    32.9632       2121     8.8333     1.8413  0.000e+00
     99.958     7.2163   3.366427    32.9633       2122     8.8375     1.8417  0.000e+00
     99.915     7.2163   3.366456    32.9637       2123     8.8417     1.8412  0.000e+00
     99.871     7.2164   3.366415    32.9632       2124     8.8458     1.8420  0.000e+00
     99.816     7.2164   3.366361    32.9626       2125     8.8500     1.8433  0.000e+00
     99.756     7.2164   3.366331    32.9623       2126     8.8542     1.8421  0.000e+00
     99.704     7.2163   3.366201    32.9610       2127     8.8583     1.8430  0.000e+00
     99.645     7.2160   3.366141    32.9606       2128     8.8625     1.8416  0.000e+00
     99.595     7.2160   3.366141    32.9607       2129     8.8667     1.8421  0.000e+00
     99.542     7.2165   3.366224    32.9611       2130     8.8708     1.8448  0.000e+00
     99.496     7.2175   3.366415    32.9623       2131     8.8750     1.8430  0.000e+00
     99.456     7.2192   3.366563    32.9623       2132     8.8792     1.8431  0.000e+00
     99.422     7.2209   3.366647    32.9616       2133     8.8833     1.8421  0.000e+00
     99.399     7.2224   3.366688    32.9606       2134     8.8875     1.8444  0.000e+00
     99.377     7.2236   3.366688    32.9595       2135     8.8917     1.8423  0.000e+00
     99.357     7.2245   3.366688    32.9586       2136     8.8958     1.8413  0.000e+00
     99.336     7.2250   3.366730    32.9586       2137     8.9000     1.8415  0.000e+00
     99.320     7.2252   3.366772    32.9589       2138     8.9042     1.8407  0.000e+00
     99.305     7.2257   3.366766    32.9584       2139     8.9083     1.8408  0.000e+00
     99.280     7.2262   3.366837    32.9587       2140     8.9125     1.8383  0.000e+00
     99.253     7.2265   3.366813    32.9582       2141     8.9167     1.8398  0.000e+00
     99.219     7.2270   3.366825    32.9578       2142     8.9208     1.8399  0.000e+00
     99.174     7.2272   3.366861    32.9581       2143     8.9250     1.8397  0.000e+00
     99.129     7.2273   3.366825    32.9575       2144     8.9292     1.8412  0.000e+00
     99.084     7.2274   3.366837    32.9576       2145     8.9333     1.8410  0.000e+00
     99.030     7.2273   3.366813    32.9575       2146     8.9375     1.8415  0.000e+00
     98.978     7.2273   3.366825    32.9577       2147     8.9417     1.8406  0.000e+00
     98.926     7.2274   3.366813    32.9575       2148     8.9458     1.8414  0.000e+00
     98.870     7.2276   3.366837    32.9576       2149     8.9500     1.8413  0.000e+00
     98.816     7.2279   3.366825    32.9572       2150     8.9542     1.8423  0.000e+00
     98.769     7.2282   3.366813    32.9567       2151     8.9583     1.8414  0.000e+00
     98.712     7.2288   3.366813    32.9562       2152     8.9625     1.8420  0.000e+00
     98.658     7.2293   3.366789    32.9555       2153     8.9667     1.8443  0.000e+00
     98.595     7.2300   3.366730    32.9542       2154     8.9708     1.8450  0.000e+00
     98.539     7.2307   3.366605    32.9522       2155     8.9750     1.8448  0.000e+00
     98.476     7.2308   3.366343    32.9493       2156     8.9792     1.8459  0.000e+00
     98.412     7.2307   3.366200    32.9479       2157     8.9833     1.8472  0.000e+00
     98.358     7.2304   3.366081    32.9469       2158     8.9875     1.8473  0.000e+00
     98.318     7.2299   3.365968    32.9462       2159     8.9917     1.8485  0.000e+00
     98.271     7.2294   3.365908    32.9460       2160     8.9958     1.8487  0.000e+00
     98.243     7.2288   3.365879    32.9463       2161     9.0000     1.8484  0.000e+00
     98.223     7.2284   3.365885    32.9467       2162     9.0042     1.8482  0.000e+00
     98.203     7.2283   3.365926    32.9473       2163     9.0083     1.8480  0.000e+00
     98.189     7.2284   3.365902    32.9469       2164     9.0125     1.8469  0.000e+00
     98.181     7.2282   3.365926    32.9474       2165     9.0167     1.8458  0.000e+00
     98.174     7.2283   3.365926    32.9473       2166     9.0208     1.8443  0.000e+00
     98.162     7.2283   3.365777    32.9457       2167     9.0250     1.8427  0.000e+00
