PC2305/sbe128.cnv
* Sea-Bird SBE 19plus V2 Data File:
* FileName = C:\cruise\data\sbe128.hex
* Software Version Seasave V 7.26.7.121
* Temperature SN = 7142
* Conductivity SN = 7142
* System UpLoad Time = Nov 09 2023 04:04:22
** Cruise: PC2205
** Program: ECOMON
# nquan = 8
# nvalues = 1659                                  
# units = specified
# name 0 = depSM: Depth [salt water, m], lat = 40.00
# name 1 = tv290C: Temperature [ITS-90, deg C]
# name 2 = c0S/m: Conductivity [S/m]
# name 3 = sal00: Salinity, Practical [PSU]
# name 4 = scan: Scan Count
# name 5 = timeM: Time, Elapsed [minutes]
# name 6 = sbeox0V: Oxygen raw, SBE 43 [V]
# name 7 = flag:  0.000e+00
# span 0 =     -0.068,     68.483                 
# span 1 =     4.6569,    11.9940                 
# span 2 =   0.000267,   3.673615                 
# span 3 =     0.0030,    32.1665                 
# span 4 =         11,       1669                 
# span 5 =     0.0417,     6.9500                 
# span 6 =     2.0978,     3.0707                 
# span 7 = 0.0000e+00, 0.0000e+00                 
# interval = seconds: 0.25
# start_time = Nov 09 2023 04:04:22 [System UTC, header]
# bad_flag = -9.990e-29
*END*
[from data line 1618]
      1.248    11.9698   3.643127    31.5657       1629     6.7833     2.7119  0.000e+00
      1.260    11.9706   3.643237    31.5661       1630     6.7875     2.7109  0.000e+00
      1.278    11.9713   3.643268    31.5658       1631     6.7917     2.7111  0.000e+00
      1.266    11.9719   3.643194    31.5646       1632     6.7958     2.7100  0.000e+00
      1.205    11.9720   3.643151    31.5641       1633     6.8000     2.7095  0.000e+00
      1.122    11.9719   3.643151    31.5642       1634     6.8042     2.7096  0.000e+00
      1.045    11.9718   3.642906    31.5620       1635     6.8083     2.7097  0.000e+00
      0.976    11.9705   3.642396    31.5582       1636     6.8125     2.7106  0.000e+00
      0.901    11.9672   3.641844    31.5557       1637     6.8167     2.7104  0.000e+00
      0.799    11.9625   3.641537    31.5567       1638     6.8208     2.7107  0.000e+00
      0.702    11.9575   3.640518    31.5512       1639     6.8250     2.7098  0.000e+00
      0.624    11.9508   3.640671    31.5584       1640     6.8292     2.7101  0.000e+00
      0.622    11.9458   3.641113    31.5669       1641     6.8333     2.7088  0.000e+00
      0.613    11.9453   3.641359    31.5697       1642     6.8375     2.7080  0.000e+00
      0.612    11.9468   3.641248    31.5673       1643     6.8417     2.7102  0.000e+00
      0.633    11.9478   3.641715    31.5710       1644     6.8458     2.7104  0.000e+00
      0.682    11.9503   3.642132    31.5728       1645     6.8500     2.7119  0.000e+00
      0.709    11.9540   3.642200    31.5704       1646     6.8542     2.7119  0.000e+00
      0.723    11.9567   3.642310    31.5692       1647     6.8583     2.7113  0.000e+00
      0.669    11.9588   3.642439    31.5687       1648     6.8625     2.7103  0.000e+00
      0.547    11.9606   3.642310    31.5659       1649     6.8667     2.7099  0.000e+00
      0.319    11.9609   3.641248    31.5555       1650     6.8708     2.7085  0.000e+00
      0.177    11.9568   3.641162    31.5582       1651     6.8750     2.7096  0.000e+00
      0.241    11.9528   3.640739    31.5575       1652     6.8792     2.7092  0.000e+00
      0.376    11.9487   3.641359    31.5669       1653     6.8833     2.7078  0.000e+00
      0.484    11.9479   3.642267    31.5763       1654     6.8875     2.7088  0.000e+00
      0.514    11.9529   3.641844    31.5679       1655     6.8917     2.7085  0.000e+00
      0.446    11.9550   3.641715    31.5650       1656     6.8958     2.7084  0.000e+00
      0.279    11.9549   3.641223    31.5604       1657     6.9000     2.7080  0.000e+00
      0.058    11.9530   3.546694    30.6532       1658     6.9042     2.7095  0.000e+00
     -0.055    11.9465   0.902149     6.8957       1659     6.9083     2.7085  0.000e+00
     -0.068    11.9010   0.459144     3.3500       1660     6.9125     2.7087  0.000e+00
     -0.064    11.7802   0.313340     2.2393       1661     6.9167     2.7087  0.000e+00
     -0.062    11.6113   0.293554     2.0992       1662     6.9208     2.7068  0.000e+00
     -0.068    11.5171   0.251786     1.7890       1663     6.9250     2.7038  0.000e+00
     -0.068    11.4974   0.230454     1.6302       1664     6.9292     2.6986  0.000e+00
     -0.066    11.4982   0.219913     1.5516       1665     6.9333     2.6893  0.000e+00
     -0.062    11.5049   0.203413     1.4288       1666     6.9375     2.6806  0.000e+00
     -0.057    11.5159   0.238510     1.6896       1667     6.9417     2.6707  0.000e+00
     -0.045    11.5389   0.463879     3.4197       1668     6.9458     2.6577  0.000e+00
     -0.009    11.5690   0.430613     3.1566       1669     6.9500     2.6533  0.000e+00
