PC2305/sbe129.cnv
* Sea-Bird SBE 19plus V2 Data File:
* FileName = C:\cruise\data\sbe129.hex
* Software Version Seasave V 7.26.7.121
* Temperature SN = 7142
* Conductivity SN = 7142
* System UpLoad Time = Nov 09 2023 05:27:56
** Cruise: PC2205
** Program: ECOMON
# nquan = 8
# nvalues = 1911                                  
# units = specified
# name 0 = depSM: Depth [salt water, m], lat = 40.00
# name 1 = tv290C: Temperature [ITS-90, deg C]
# name 2 = c0S/m: Conductivity [S/m]
# name 3 = sal00: Salinity, Practical [PSU]
# name 4 = scan: Scan Count
# name 5 = timeM: Time, Elapsed [minutes]
# name 6 = sbeox0V: Oxygen raw, SBE 43 [V]
# name 7 = flag:  0.000e+00
# span 0 =     -0.037,     79.024                 
# span 1 =     4.1126,    12.0876                 
# span 2 =   0.000191,   3.672386                 
# span 3 =     0.0022,    32.4372                 
# span 4 =         11,       1921                 
# span 5 =     0.0417,     8.0000                 
# span 6 =     2.1140,     3.1244                 
# span 7 = 0.0000e+00, 0.0000e+00                 
# interval = seconds: 0.25
# start_time = Nov 09 2023 05:27:56 [System UTC, header]
# bad_flag = -9.990e-29
*END*
[from data line 360]
     32.794    12.0651   3.640110    31.4435        371     1.5417     2.7720  0.000e+00
     32.941    12.0643   3.640264    31.4455        372     1.5458     2.7723  0.000e+00
     33.076    12.0633   3.640460    31.4482        373     1.5500     2.7746  0.000e+00
     33.198    12.0619   3.640792    31.4526        374     1.5542     2.7761  0.000e+00
     33.328    12.0609   3.641062    31.4559        375     1.5583     2.7777  0.000e+00
     33.446    12.0601   3.641105    31.4570        376     1.5625     2.7801  0.000e+00
     33.576    12.0594   3.641369    31.4600        377     1.5667     2.7827  0.000e+00
     33.711    12.0592   3.641547    31.4619        378     1.5708     2.7814  0.000e+00
     33.851    12.0590   3.641523    31.4618        379     1.5750     2.7801  0.000e+00
     34.004    12.0584   3.641302    31.4601        380     1.5792     2.7790  0.000e+00
     34.153    12.0580   3.641216    31.4595        381     1.5833     2.7783  0.000e+00
     34.322    12.0582   3.641191    31.4591        382     1.5875     2.7762  0.000e+00
     34.483    12.0591   3.641191    31.4582        383     1.5917     2.7757  0.000e+00
     34.658    12.0596   3.641302    31.4588        384     1.5958     2.7750  0.000e+00
     34.832    12.0601   3.641326    31.4586        385     1.6000     2.7739  0.000e+00
     35.019    12.0601   3.641566    31.4608        386     1.6042     2.7733  0.000e+00
     35.202    12.0602   3.641836    31.4632        387     1.6083     2.7731  0.000e+00
     35.389    12.0599   3.643113    31.4756        388     1.6125     2.7745  0.000e+00
     35.565    12.0601   3.644022    31.4842        389     1.6167     2.7748  0.000e+00
     35.729    12.0599   3.645170    31.4953        390     1.6208     2.7730  0.000e+00
     35.885    12.0601   3.646079    31.5037        391     1.6250     2.7712  0.000e+00
     36.031    12.0606   3.648002    31.5218        392     1.6292     2.7700  0.000e+00
     36.175    12.0611   3.649268    31.5335        393     1.6333     2.7685  0.000e+00
     36.306    12.0609   3.650970    31.5499        394     1.6375     2.7674  0.000e+00
     36.433    12.0595   3.655230    31.5919        395     1.6417     2.7658  0.000e+00
     36.559    12.0565   3.661534    31.6550        396     1.6458     2.7640  0.000e+00
     36.687    12.0510   3.665829    31.7010        397     1.6500     2.7610  0.000e+00
     36.820    12.0429   3.668994    31.7382        398     1.6542     2.7544  0.000e+00
     36.962    12.0335   3.669905    31.7549        399     1.6583     2.7472  0.000e+00
     37.102    12.0253   3.669450    31.7574        400     1.6625     2.7404  0.000e+00
     37.247    12.0185   3.668748    31.7564        401     1.6667     2.7274  0.000e+00
     37.395    12.0131   3.668262    31.7562        402     1.6708     2.7107  0.000e+00
     37.555    12.0105   3.665362    31.7305        403     1.6750     2.6889  0.000e+00
     37.718    12.0125   3.660667    31.6836        404     1.6792     2.6628  0.000e+00
     37.882    12.0195   3.660938    31.6802        405     1.6833     2.6341  0.000e+00
     38.044    12.0249   3.661824    31.6840        406     1.6875     2.6039  0.000e+00
     38.198    12.0259   3.663448    31.6987        407     1.6917     2.5763  0.000e+00
     38.364    12.0228   3.666101    31.7268        408     1.6958     2.5519  0.000e+00
     38.525    12.0140   3.668281    31.7553        409     1.7000     2.5319  0.000e+00
     38.678    11.9981   3.668373    31.7696        410     1.7042     2.5184  0.000e+00
     38.831    11.9761   3.667838    31.7831        411     1.7083     2.5089  0.000e+00
     38.978    11.9482   3.667727    31.8058        412     1.7125     2.5037  0.000e+00
     39.120    11.9115   3.667882    31.8385        413     1.7167     2.5008  0.000e+00
     39.259    11.8718   3.667975    31.8733        414     1.7208     2.4898  0.000e+00
     39.401    11.8358   3.668665    31.9108        415     1.7250     2.4772  0.000e+00
     39.541    11.8069   3.669780    31.9463        416     1.7292     2.4593  0.000e+00
     39.674    11.7869   3.671541    31.9805        417     1.7333     2.4397  0.000e+00
     39.805    11.7732   3.672028    31.9970        418     1.7375     2.4176  0.000e+00
     39.938    11.7603   3.671431    32.0022        419     1.7417     2.3961  0.000e+00
     40.066    11.7474   3.670470    32.0040        420     1.7458     2.3755  0.000e+00
     40.200    11.7318   3.669602    32.0089        421     1.7500     2.3523  0.000e+00
     40.337    11.7156   3.668796    32.0149        422     1.7542     2.3342  0.000e+00
     40.475    11.7024   3.668285    32.0213        423     1.7583     2.3183  0.000e+00
     40.614    11.6915   3.667910    32.0271        424     1.7625     2.3048  0.000e+00
     40.757    11.6825   3.667214    32.0280        425     1.7667     2.2953  0.000e+00
     40.905    11.6721   3.667091    32.0357        426     1.7708     2.2885  0.000e+00
     41.047    11.6665   3.667239    32.0420        427     1.7750     2.2848  0.000e+00
     41.191    11.6681   3.667017    32.0383        428     1.7792     2.2809  0.000e+00
     41.325    11.6709   3.666193    32.0279        429     1.7833     2.2807  0.000e+00
     41.458    11.6649   3.665589    32.0271        430     1.7875     2.2797  0.000e+00
     41.586    11.6526   3.664679    32.0288        431     1.7917     2.2787  0.000e+00
     41.703    11.6376   3.663079    32.0261        432     1.7958     2.2777  0.000e+00
     41.827    11.6162   3.661541    32.0296        433     1.8000     2.2773  0.000e+00
     41.945    11.5900   3.660545    32.0425        434     1.8042     2.2754  0.000e+00
     42.079    11.5680   3.659432    32.0507        435     1.8083     2.2732  0.000e+00
     42.204    11.5494   3.658497    32.0576        436     1.8125     2.2717  0.000e+00
     42.343    11.5336   3.658036    32.0667        437     1.8167     2.2713  0.000e+00
     42.494    11.5213   3.657858    32.0756        438     1.8208     2.2699  0.000e+00
     42.643    11.5142   3.657698    32.0801        439     1.8250     2.2692  0.000e+00
     42.805    11.5113   3.659568    32.1008        440     1.8292     2.2701  0.000e+00
     42.975    11.5220   3.660657    32.1021        441     1.8333     2.2697  0.000e+00
     43.148    11.5400   3.661499    32.0946        442     1.8375     2.2688  0.000e+00
     43.320    11.5586   3.661610    32.0795        443     1.8417     2.2703  0.000e+00
     43.489    11.5707   3.660164    32.0549        444     1.8458     2.2710  0.000e+00
     43.662    11.5670   3.655595    32.0135        445     1.8500     2.2710  0.000e+00
     43.827    11.5405   3.655786    32.0382        446     1.8542     2.2709  0.000e+00
     43.987    11.5176   3.652595    32.0268        447     1.8583     2.2703  0.000e+00
     44.144    11.4890   3.651090    32.0369        448     1.8625     2.2675  0.000e+00
     44.289    11.4582   3.649653    32.0494        449     1.8667     2.2653  0.000e+00
     44.433    11.4314   3.648369    32.0600        450     1.8708     2.2633  0.000e+00
     44.579    11.4081   3.647485    32.0716        451     1.8750     2.2621  0.000e+00
     44.726    11.3886   3.646330    32.0771        452     1.8792     2.2605  0.000e+00
     44.868    11.3713   3.645649    32.0854        453     1.8833     2.2574  0.000e+00
     45.010    11.3571   3.645139    32.0927        454     1.8875     2.2556  0.000e+00
     45.152    11.3460   3.644654    32.0975        455     1.8917     2.2548  0.000e+00
     45.297    11.3378   3.644832    32.1063        456     1.8958     2.2536  0.000e+00
     45.443    11.3337   3.644654    32.1082        457     1.9000     2.2523  0.000e+00
     45.590    11.3310   3.644740    32.1113        458     1.9042     2.2503  0.000e+00
     45.736    11.3292   3.644765    32.1130        459     1.9083     2.2501  0.000e+00
     45.880    11.3281   3.644943    32.1157        460     1.9125     2.2489  0.000e+00
     46.027    11.3286   3.645029    32.1160        461     1.9167     2.2493  0.000e+00
     46.178    11.3300   3.645195    32.1164        462     1.9208     2.2468  0.000e+00
     46.327    11.3315   3.644876    32.1118        463     1.9250     2.2442  0.000e+00
     46.478    11.3297   3.644477    32.1094        464     1.9292     2.2422  0.000e+00
     46.620    11.3257   3.643900    32.1072        465     1.9333     2.2411  0.000e+00
     46.764    11.3201   3.643593    32.1090        466     1.9375     2.2405  0.000e+00
     46.906    11.3143   3.643507    32.1131        467     1.9417     2.2396  0.000e+00
     47.050    11.3098   3.643703    32.1189        468     1.9458     2.2385  0.000e+00
     47.190    11.3070   3.643839    32.1226        469     1.9500     2.2397  0.000e+00
     47.332    11.3058   3.643882    32.1241        470     1.9542     2.2395  0.000e+00
     47.468    11.3051   3.643925    32.1250        471     1.9583     2.2401  0.000e+00
     47.607    11.3048   3.643968    32.1256        472     1.9625     2.2379  0.000e+00
     47.752    11.3048   3.644170    32.1276        473     1.9667     2.2355  0.000e+00
     47.893    11.3057   3.644213    32.1271        474     1.9708     2.2346  0.000e+00
     48.036    11.3062   3.644232    32.1268        475     1.9750     2.2335  0.000e+00
     48.182    11.3067   3.644281    32.1269        476     1.9792     2.2324  0.000e+00
     48.328    11.3069   3.644257    32.1263        477     1.9833     2.2330  0.000e+00
     48.480    11.3075   3.644257    32.1258        478     1.9875     2.2325  0.000e+00
     48.631    11.3079   3.644257    32.1254        479     1.9917     2.2327  0.000e+00
     48.799    11.3090   3.644244    32.1242        480     1.9958     2.2337  0.000e+00
     48.953    11.3099   3.644232    32.1233        481     2.0000     2.2336  0.000e+00
     49.113    11.3104   3.644189    32.1223        482     2.0042     2.2351  0.000e+00
     49.277    11.3101   3.644146    32.1220        483     2.0083     2.2343  0.000e+00
     49.440    11.3096   3.644122    32.1222        484     2.0125     2.2355  0.000e+00
     49.600    11.3084   3.644036    32.1223        485     2.0167     2.2344  0.000e+00
     49.764    11.3076   3.643858    32.1212        486     2.0208     2.2337  0.000e+00
     49.915    11.3052   3.643373    32.1185        487     2.0250     2.2339  0.000e+00
     50.073    11.3008   3.643398    32.1225        488     2.0292     2.2330  0.000e+00
     50.226    11.2967   3.642974    32.1219        489     2.0333     2.2324  0.000e+00
     50.382    11.2925   3.642907    32.1248        490     2.0375     2.2310  0.000e+00
     50.533    11.2890   3.642974    32.1285        491     2.0417     2.2296  0.000e+00
     50.688    11.2875   3.642796    32.1280        492     2.0458     2.2288  0.000e+00
     50.835    11.2856   3.642182    32.1235        493     2.0500     2.2282  0.000e+00
     50.982    11.2808   3.641783    32.1237        494     2.0542     2.2282  0.000e+00
     51.124    11.2743   3.641470    32.1262        495     2.0583     2.2274  0.000e+00
     51.266    11.2677   3.641139    32.1286        496     2.0625     2.2269  0.000e+00
     51.405    11.2612   3.640697    32.1300        497     2.0667     2.2263  0.000e+00
     51.541    11.2547   3.640157    32.1303        498     2.0708     2.2272  0.000e+00
     51.680    11.2468   3.639881    32.1344        499     2.0750     2.2277  0.000e+00
     51.816    11.2393   3.639574    32.1378        500     2.0792     2.2274  0.000e+00
     51.949    11.2333   3.639550    32.1427        501     2.0833     2.2295  0.000e+00
     52.084    11.2288   3.639200    32.1432        502     2.0875     2.2309  0.000e+00
     52.224    11.2245   3.639157    32.1464        503     2.0917     2.2309  0.000e+00
     52.368    11.2204   3.638955    32.1479        504     2.0958     2.2312  0.000e+00
     52.506    11.2175   3.639176    32.1527        505     2.1000     2.2317  0.000e+00
     52.652    11.2166   3.639065    32.1522        506     2.1042     2.2324  0.000e+00
     52.796    11.2175   3.639066    32.1514        507     2.1083     2.2323  0.000e+00
     52.943    11.2168   3.638937    32.1507        508     2.1125     2.2311  0.000e+00
     53.094    11.2155   3.638894    32.1514        509     2.1167     2.2293  0.000e+00
     53.249    11.2142   3.639176    32.1552        510     2.1208     2.2308  0.000e+00
     53.398    11.2155   3.639287    32.1551        511     2.1250     2.2296  0.000e+00
     53.543    11.2174   3.638912    32.1497        512     2.1292     2.2298  0.000e+00
     53.693    11.2166   3.638649    32.1477        513     2.1333     2.2292  0.000e+00
     53.836    11.2146   3.638317    32.1462        514     2.1375     2.2279  0.000e+00
     53.977    11.2116   3.637698    32.1426        515     2.1417     2.2269  0.000e+00
     54.117    11.2061   3.636906    32.1396        516     2.1458     2.2257  0.000e+00
     54.248    11.1976   3.633998    32.1184        517     2.1500     2.2258  0.000e+00
     54.381    11.1805   3.632300    32.1165        518     2.1542     2.2249  0.000e+00
     54.514    11.1576   3.629859    32.1124        519     2.1583     2.2258  0.000e+00
     54.651    11.1340   3.628254    32.1172        520     2.1625     2.2244  0.000e+00
     54.794    11.1121   3.629002    32.1436        521     2.1667     2.2247  0.000e+00
     54.936    11.1009   3.629462    32.1579        522     2.1708     2.2234  0.000e+00
     55.087    11.0979   3.629701    32.1628        523     2.1750     2.2214  0.000e+00
     55.244    11.0994   3.630449    32.1688        524     2.1792     2.2213  0.000e+00
     55.402    11.1035   3.630737    32.1680        525     2.1833     2.2189  0.000e+00
     55.553    11.1088   3.631338    32.1692        526     2.1875     2.2192  0.000e+00
     55.706    11.1138   3.631577    32.1671        527     2.1917     2.2166  0.000e+00
     55.866    11.1193   3.631222    32.1588        528     2.1958     2.2143  0.000e+00
     56.020    11.1206   3.629352    32.1391        529     2.2000     2.2124  0.000e+00
     56.171    11.1132   3.624798    32.1007        530     2.2042     2.2098  0.000e+00
     56.324    11.0898   3.623328    32.1066        531     2.2083     2.2074  0.000e+00
     56.473    11.0652   3.622936    32.1241        532     2.2125     2.2073  0.000e+00
     56.624    11.0480   3.619886    32.1090        533     2.2167     2.2058  0.000e+00
     56.773    11.0275   3.619953    32.1275        534     2.2208     2.2039  0.000e+00
     56.922    11.0116   3.618374    32.1257        535     2.2250     2.2037  0.000e+00
     57.070    10.9980   3.617541    32.1294        536     2.2292     2.2015  0.000e+00
     57.210    10.9858   3.615674    32.1215        537     2.2333     2.1982  0.000e+00
     57.348    10.9706   3.613661    32.1149        538     2.2375     2.1952  0.000e+00
     57.485    10.9517   3.612853    32.1234        539     2.2417     2.1915  0.000e+00
     57.623    10.9340   3.612590    32.1362        540     2.2458     2.1880  0.000e+00
     57.758    10.9225   3.611978    32.1402        541     2.2500     2.1830  0.000e+00
     57.888    10.9139   3.611783    32.1458        542     2.2542     2.1777  0.000e+00
     58.017    10.9062   3.611171    32.1464        543     2.2583     2.1731  0.000e+00
     58.150    10.8976   3.610712    32.1494        544     2.2625     2.1683  0.000e+00
     58.287    10.8890   3.610535    32.1551        545     2.2667     2.1637  0.000e+00
     58.423    10.8826   3.610468    32.1599        546     2.2708     2.1590  0.000e+00
     58.563    10.8781   3.610560    32.1648        547     2.2750     2.1550  0.000e+00
     58.716    10.8762   3.610976    32.1705        548     2.2792     2.1513  0.000e+00
     58.873    10.8779   3.611955    32.1786        549     2.2833     2.1489  0.000e+00
