PC2305/sbe164.cnv
* Sea-Bird SBE 19plus V2 Data File:
* FileName = C:\cruise\data\sbe164.hex
* Software Version Seasave V 7.26.7.121
* Temperature SN = 7142
* Conductivity SN = 7142
* System UpLoad Time = Nov 12 2023 22:31:11
** Cruise: PC2205
** Program: ECOMON
# nquan = 8
# nvalues = 1050                                  
# units = specified
# name 0 = depSM: Depth [salt water, m], lat = 40.00
# name 1 = tv290C: Temperature [ITS-90, deg C]
# name 2 = c0S/m: Conductivity [S/m]
# name 3 = sal00: Salinity, Practical [PSU]
# name 4 = scan: Scan Count
# name 5 = timeM: Time, Elapsed [minutes]
# name 6 = sbeox0V: Oxygen raw, SBE 43 [V]
# name 7 = flag:  0.000e+00
# span 0 =      0.080,     21.529                 
# span 1 =     5.6459,    11.3517                 
# span 2 =   0.000492,   3.619008                 
# span 3 =     0.0049,    35.8598                 
# span 4 =         11,       1060                 
# span 5 =     0.0417,     4.4125                 
# span 6 =     2.1380,     2.7245                 
# span 7 = 0.0000e+00, 0.0000e+00                 
# interval = seconds: 0.25
# start_time = Nov 12 2023 22:31:11 [System UTC, header]
# bad_flag = -9.990e-29
*END*
      0.082     5.7574   0.000509     0.0051         11     0.0417     2.6589  0.000e+00
      0.080     5.7584   0.000511     0.0051         12     0.0458     2.6613  0.000e+00
      0.084     5.7565   0.000509     0.0051         13     0.0500     2.6606  0.000e+00
      0.084     5.7559   0.000511     0.0051         14     0.0542     2.6593  0.000e+00
      0.088     5.7566   0.000511     0.0051         15     0.0583     2.6615  0.000e+00
      0.080     5.7573   0.000509     0.0051         16     0.0625     2.6586  0.000e+00
      0.088     5.7581   0.000506     0.0050         17     0.0667     2.6614  0.000e+00
      0.088     5.7590   0.000503     0.0050         18     0.0708     2.6608  0.000e+00
      0.089     5.7597   0.000506     0.0050         19     0.0750     2.6590  0.000e+00
      0.088     5.7608   0.000506     0.0050         20     0.0792     2.6623  0.000e+00
      0.084     5.7621   0.000497     0.0050         21     0.0833     2.6587  0.000e+00
      0.086     5.7627   0.000506     0.0050         22     0.0875     2.6573  0.000e+00
      0.086     5.7631   0.000509     0.0051         23     0.0917     2.6577  0.000e+00
      0.088     5.7635   0.000506     0.0050         24     0.0958     2.6584  0.000e+00
      0.091     5.7639   0.000511     0.0051         25     0.1000     2.6632  0.000e+00
      0.089     5.7649   0.000509     0.0051         26     0.1042     2.6579  0.000e+00
      0.093     5.7645   0.000511     0.0051         27     0.1083     2.6627  0.000e+00
      0.089     5.7637   0.000509     0.0051         28     0.1125     2.6577  0.000e+00
      0.088     5.7633   0.000506     0.0050         29     0.1167     2.6604  0.000e+00
      0.089     5.7633   0.000500     0.0050         30     0.1208     2.6579  0.000e+00
      0.089     5.7628   0.000503     0.0050         31     0.1250     2.6616  0.000e+00
      0.089     5.7622   0.000506     0.0050         32     0.1292     2.6585  0.000e+00
      0.088     5.7617   0.000506     0.0050         33     0.1333     2.6574  0.000e+00
      0.088     5.7613   0.000503     0.0050         34     0.1375     2.6635  0.000e+00
      0.091     5.7603   0.000506     0.0050         35     0.1417     2.6585  0.000e+00
      0.089     5.7599   0.000503     0.0050         36     0.1458     2.6578  0.000e+00
      0.089     5.7603   0.000506     0.0050         37     0.1500     2.6623  0.000e+00
      0.093     5.7604   0.000511     0.0051         38     0.1542     2.6627  0.000e+00
      0.097     5.7597   0.000514     0.0051         39     0.1583     2.6573  0.000e+00
      0.091     5.7584   0.000511     0.0051         40     0.1625     2.6602  0.000e+00
      0.091     5.7565   0.000509     0.0051         41     0.1667     2.6594  0.000e+00
      0.091     5.7550   0.000506     0.0050         42     0.1708     2.6629  0.000e+00
      0.093     5.7540   0.000511     0.0051         43     0.1750     2.6574  0.000e+00
      0.095     5.7528   0.000503     0.0050         44     0.1792     2.6572  0.000e+00
      0.098     5.7519   0.000511     0.0051         45     0.1833     2.6623  0.000e+00
      0.102     5.7512   0.000509     0.0051         46     0.1875     2.6625  0.000e+00
      0.095     5.7503   0.000514     0.0051         47     0.1917     2.6624  0.000e+00
      0.093     5.7493   0.000514     0.0051         48     0.1958     2.6636  0.000e+00
      0.088     5.7475   0.000514     0.0051         49     0.2000     2.6609  0.000e+00
      0.091     5.7443   0.000514     0.0051         50     0.2042     2.6626  0.000e+00
      0.087     5.7405   0.000514     0.0051         51     0.2083     2.6641  0.000e+00
      0.093     5.7375   0.000520     0.0051         52     0.2125     2.6629  0.000e+00
      0.091     5.7351   0.000514     0.0051         53     0.2167     2.6630  0.000e+00
      0.089     5.7332   0.000520     0.0051         54     0.2208     2.6630  0.000e+00
      0.093     5.7311   0.000514     0.0051         55     0.2250     2.6637  0.000e+00
      0.091     5.7307   0.000514     0.0051         56     0.2292     2.6617  0.000e+00
      0.088     5.7314   0.000509     0.0050         57     0.2333     2.6632  0.000e+00
      0.089     5.7326   0.000511     0.0051         58     0.2375     2.6631  0.000e+00
      0.091     5.7328   0.000520     0.0051         59     0.2417     2.6577  0.000e+00
      0.093     5.7319   0.000514     0.0051         60     0.2458     2.6633  0.000e+00
      0.093     5.7305   0.000511     0.0051         61     0.2500     2.6622  0.000e+00
      0.093     5.7288   0.000514     0.0051         62     0.2542     2.6630  0.000e+00
      0.097     5.7271   0.000514     0.0051         63     0.2583     2.6636  0.000e+00
      0.095     5.7256   0.000514     0.0051         64     0.2625     2.6626  0.000e+00
      0.093     5.7242   0.000514     0.0051         65     0.2667     2.6623  0.000e+00
      0.093     5.7227   0.000511     0.0051         66     0.2708     2.6622  0.000e+00
      0.095     5.7203   0.000514     0.0051         67     0.2750     2.6622  0.000e+00
      0.093     5.7176   0.000514     0.0051         68     0.2792     2.6630  0.000e+00
      0.095     5.7150   0.000511     0.0051         69     0.2833     2.6629  0.000e+00
      0.095     5.7124   0.000514     0.0051         70     0.2875     2.6629  0.000e+00
      0.091     5.7102   0.000514     0.0051         71     0.2917     2.6627  0.000e+00
      0.093     5.7076   0.000514     0.0051         72     0.2958     2.6627  0.000e+00
      0.091     5.7051   0.000511     0.0051         73     0.3000     2.6636  0.000e+00
      0.089     5.7016   0.000511     0.0051         74     0.3042     2.6627  0.000e+00
      0.087     5.6980   0.000503     0.0050         75     0.3083     2.6627  0.000e+00
      0.091     5.6941   0.000511     0.0050         76     0.3125     2.6630  0.000e+00
      0.093     5.6909   0.000509     0.0050         77     0.3167     2.6680  0.000e+00
      0.087     5.6893   0.000511     0.0050         78     0.3208     2.6641  0.000e+00
      0.089     5.6881   0.000511     0.0050         79     0.3250     2.6630  0.000e+00
      0.089     5.6869   0.000509     0.0050         80     0.3292     2.6670  0.000e+00
      0.093     5.6855   0.000506     0.0050         81     0.3333     2.6633  0.000e+00
      0.091     5.6847   0.000509     0.0050         82     0.3375     2.6662  0.000e+00
      0.089     5.6830   0.000506     0.0050         83     0.3417     2.6666  0.000e+00
      0.082     5.6811   0.000506     0.0050         84     0.3458     2.6630  0.000e+00
      0.089     5.6797   0.000503     0.0050         85     0.3500     2.6636  0.000e+00
      0.095     5.6792   0.000506     0.0050         86     0.3542     2.6637  0.000e+00
      0.093     5.6787   0.000506     0.0050         87     0.3583     2.6630  0.000e+00
      0.084     5.6784   0.000503     0.0050         88     0.3625     2.6677  0.000e+00
      0.095     5.6741   0.000511     0.0050         89     0.3667     2.6632  0.000e+00
      0.095     5.6679   0.000503     0.0050         90     0.3708     2.6673  0.000e+00
      0.098     5.6585   0.000506     0.0050         91     0.3750     2.6629  0.000e+00
      0.089     5.6551   0.000511     0.0050         92     0.3792     2.6632  0.000e+00
      0.087     5.6562   0.000509     0.0050         93     0.3833     2.6630  0.000e+00
      0.095     5.6582   0.000506     0.0050         94     0.3875     2.6628  0.000e+00
      0.107     5.6598   0.000514     0.0050         95     0.3917     2.6646  0.000e+00
      0.102     5.6550   0.000506     0.0050         96     0.3958     2.6617  0.000e+00
      0.098     5.6469   0.000506     0.0050         97     0.4000     2.6622  0.000e+00
      0.095     5.6459   0.000503     0.0050         98     0.4042     2.6634  0.000e+00
      0.089     5.6486   0.000506     0.0050         99     0.4083     2.6653  0.000e+00
      0.089     5.6519   0.000503     0.0050        100     0.4125     2.6654  0.000e+00
      0.087     5.6548   0.000500     0.0050        101     0.4167     2.6633  0.000e+00
      0.095     5.6582   0.000511     0.0050        102     0.4208     2.7215  0.000e+00
      0.098     5.6621   0.000509     0.0050        103     0.4250     2.7245  0.000e+00
      0.100     5.6652   0.000511     0.0050        104     0.4292     2.7154  0.000e+00
      0.091     5.6668   0.000511     0.0050        105     0.4333     2.6968  0.000e+00
      0.095     5.6651   0.000509     0.0050        106     0.4375     2.6767  0.000e+00
      0.095     5.6633   0.000506     0.0050        107     0.4417     2.6661  0.000e+00
      0.096     5.6636   0.000503     0.0050        108     0.4458     2.6557  0.000e+00
      0.095     5.6645   0.000506     0.0050        109     0.4500     2.6474  0.000e+00
      0.093     5.6651   0.000506     0.0050        110     0.4542     2.6404  0.000e+00
      0.095     5.6660   0.000497     0.0049        111     0.4583     2.6352  0.000e+00
      0.093     5.6666   0.000500     0.0050        112     0.4625     2.6281  0.000e+00
      0.095     5.6673   0.000503     0.0050        113     0.4667     2.6207  0.000e+00
      0.095     5.6679   0.000500     0.0050        114     0.4708     2.6133  0.000e+00
      0.093     5.6686   0.000500     0.0050        115     0.4750     2.6043  0.000e+00
      0.089     5.6692   0.000503     0.0050        116     0.4792     2.5949  0.000e+00
      0.096     5.6698   0.000506     0.0050        117     0.4833     2.5846  0.000e+00
      0.093     5.6702   0.000509     0.0050        118     0.4875     2.5741  0.000e+00
      0.091     5.6709   0.000500     0.0050        119     0.4917     2.5635  0.000e+00
      0.095     5.6713   0.000506     0.0050        120     0.4958     2.5535  0.000e+00
      0.096     5.6720   0.000497     0.0049        121     0.5000     2.5432  0.000e+00
      0.093     5.6724   0.000500     0.0050        122     0.5042     2.5346  0.000e+00
      0.091     5.6728   0.000503     0.0050        123     0.5083     2.5240  0.000e+00
      0.091     5.6733   0.000495     0.0049        124     0.5125     2.5145  0.000e+00
      0.095     5.6739   0.000495     0.0049        125     0.5167     2.5068  0.000e+00
      0.095     5.6743   0.000492     0.0049        126     0.5208     2.4987  0.000e+00
      0.091     5.6747   0.000495     0.0049        127     0.5250     2.4901  0.000e+00
      0.093     5.6752   0.000495     0.0049        128     0.5292     2.4822  0.000e+00
      0.093     5.6756   0.000497     0.0050        129     0.5333     2.4755  0.000e+00
      0.091     5.6761   0.000500     0.0050        130     0.5375     2.4686  0.000e+00
      0.087     5.6766   0.000497     0.0050        131     0.5417     2.4625  0.000e+00
      0.086     5.6774   0.000495     0.0049        132     0.5458     2.4562  0.000e+00
      0.093     5.6794   0.000495     0.0049        133     0.5500     2.4519  0.000e+00
      0.098     5.6823   0.000497     0.0050        134     0.5542     2.4765  0.000e+00
      0.096     5.6879   0.148795     1.2102        135     0.5583     2.4783  0.000e+00
      0.096     5.6983   3.314498    33.9243        136     0.5625     2.4697  0.000e+00
      0.096     5.8566   3.499037    35.8598        137     0.5667     2.4697  0.000e+00
      0.185     6.9430   3.542816    35.2168        138     0.5708     2.4799  0.000e+00
      0.334     8.2121   3.419792    32.6450        139     0.5750     2.4967  0.000e+00
      0.411     9.1149   3.534719    33.0117        140     0.5792     2.5088  0.000e+00
      0.436     9.6808   3.528297    32.4280        141     0.5833     2.5195  0.000e+00
      0.409    10.0308   3.524432    32.0756        142     0.5875     2.5290  0.000e+00
      0.328    10.2355   3.518542    31.8356        143     0.5917     2.5331  0.000e+00
      0.273    10.3134   3.528635    31.8686        144     0.5958     2.5331  0.000e+00
      0.274    10.3603   3.530399    31.8451        145     0.6000     2.5305  0.000e+00
      0.317    10.4678   3.537846    31.8256        146     0.6042     2.5278  0.000e+00
      0.436    10.5640   3.543460    31.7975        147     0.6083     2.5229  0.000e+00
      0.648    10.6366   3.546903    31.7685        148     0.6125     2.5160  0.000e+00
      0.898    10.6622   3.548142    31.7584        149     0.6167     2.5099  0.000e+00
      1.113    10.6242   3.551832    31.8281        150     0.6208     2.5034  0.000e+00
      1.286    10.6493   3.553223    31.8200        151     0.6250     2.5021  0.000e+00
      1.444    10.6631   3.554275    31.8183        152     0.6292     2.5068  0.000e+00
      1.604    10.6935   3.554554    31.7946        153     0.6333     2.5094  0.000e+00
      1.755    10.7547   3.552067    31.7167        154     0.6375     2.5151  0.000e+00
      1.868    10.8004   3.525012    31.4092        155     0.6417     2.5176  0.000e+00
      1.920    10.7974   3.522291    31.3848        156     0.6458     2.5233  0.000e+00
      1.913    10.7657   3.531795    31.5061        157     0.6500     2.5277  0.000e+00
      1.874    10.7596   3.529419    31.4879        158     0.6542     2.5270  0.000e+00
      1.825    10.7907   3.517901    31.3471        159     0.6583     2.5241  0.000e+00
      1.814    10.8193   3.528969    31.4322        160     0.6625     2.5191  0.000e+00
      1.843    10.7494   3.530498    31.5074        161     0.6667     2.5145  0.000e+00
      1.920    10.6277   3.543970    31.7465        162     0.6708     2.5086  0.000e+00
      2.035    10.5526   3.555632    31.9281        163     0.6750     2.5029  0.000e+00
      2.165    10.5739   3.556489    31.9180        164     0.6792     2.4974  0.000e+00
      2.303    10.6458   3.552494    31.8154        165     0.6833     2.4903  0.000e+00
      2.438    10.7045   3.550804    31.7474        166     0.6875     2.4892  0.000e+00
      2.565    10.7358   3.552384    31.7359        167     0.6917     2.4867  0.000e+00
      2.698    10.7225   3.556640    31.7896        168     0.6958     2.4842  0.000e+00
      2.828    10.6853   3.558720    31.8426        169     0.7000     2.4864  0.000e+00
      2.952    10.6795   3.562188    31.8821        170     0.7042     2.4894  0.000e+00
      3.063    10.7199   3.564403    31.8688        171     0.7083     2.4944  0.000e+00
      3.167    10.7732   3.565827    31.8365        172     0.7125     2.4960  0.000e+00
      3.261    10.8185   3.565790    31.7968        173     0.7167     2.4964  0.000e+00
      3.342    10.8538   3.566277    31.7709        174     0.7208     2.5006  0.000e+00
      3.415    10.8823   3.565844    31.7418        175     0.7250     2.5017  0.000e+00
      3.478    10.9040   3.566641    31.7309        176     0.7292     2.5003  0.000e+00
      3.538    10.9133   3.567956    31.7358        177     0.7333     2.4963  0.000e+00
      3.617    10.9229   3.569272    31.7405        178     0.7375     2.4927  0.000e+00
      3.706    10.9340   3.570739    31.7453        179     0.7417     2.4894  0.000e+00
      3.816    10.9384   3.572615    31.7600        180     0.7458     2.4848  0.000e+00
      3.924    10.9392   3.573968    31.7726        181     0.7500     2.4791  0.000e+00
      4.041    10.9535   3.573225    31.7529        182     0.7542     2.4727  0.000e+00
      4.165    10.9705   3.572749    31.7334        183     0.7583     2.4659  0.000e+00
      4.291    10.9803   3.572250    31.7200        184     0.7625     2.4605  0.000e+00
      4.411    10.9861   3.571129    31.7038        185     0.7667     2.4596  0.000e+00
      4.524    10.9842   3.569917    31.6935        186     0.7708     2.4590  0.000e+00
      4.623    10.9851   3.567463    31.6685        187     0.7750     2.4594  0.000e+00
      4.698    10.9925   3.564035    31.6282        188     0.7792     2.4600  0.000e+00
      4.758    10.9886   3.560725    31.5990        189     0.7833     2.4606  0.000e+00
