PC2305/sbe172.cnv
* Sea-Bird SBE 19plus V2 Data File:
* FileName = C:\cruise\data\sbe172.hex
* Software Version Seasave V 7.26.7.121
* Temperature SN = 7142
* Conductivity SN = 7142
* System UpLoad Time = Nov 13 2023 18:18:38
** Cruise: PC2205
** Program: ECOMON
# nquan = 8
# nvalues = 1920                                  
# units = specified
# name 0 = depSM: Depth [salt water, m], lat = 40.00
# name 1 = tv290C: Temperature [ITS-90, deg C]
# name 2 = c0S/m: Conductivity [S/m]
# name 3 = sal00: Salinity, Practical [PSU]
# name 4 = scan: Scan Count
# name 5 = timeM: Time, Elapsed [minutes]
# name 6 = sbeox0V: Oxygen raw, SBE 43 [V]
# name 7 = flag:  0.000e+00
# span 0 =      0.013,     39.484                 
# span 1 =     6.8445,    14.0652                 
# span 2 =   0.000110,   3.841694                 
# span 3 =     0.0034,    32.6786                 
# span 4 =         11,       1930                 
# span 5 =     0.0417,     8.0375                 
# span 6 =     2.1120,     3.1002                 
# span 7 = 0.0000e+00, 0.0000e+00                 
# interval = seconds: 0.25
# start_time = Nov 13 2023 18:18:38 [System UTC, header]
# bad_flag = -9.990e-29
*END*
[from data line 540]
     32.326    13.8805   3.825706    31.6772        551     2.2917     2.7019  0.000e+00
     32.385    13.8810   3.825725    31.6769        552     2.2958     2.7018  0.000e+00
     32.448    13.8814   3.825706    31.6764        553     2.3000     2.7016  0.000e+00
     32.515    13.8815   3.825681    31.6761        554     2.3042     2.7008  0.000e+00
     32.576    13.8815   3.825594    31.6752        555     2.3083     2.7009  0.000e+00
     32.640    13.8811   3.825631    31.6759        556     2.3125     2.7005  0.000e+00
     32.700    13.8810   3.825757    31.6771        557     2.3167     2.7002  0.000e+00
     32.766    13.8812   3.825744    31.6768        558     2.3208     2.7001  0.000e+00
     32.825    13.8815   3.825706    31.6761        559     2.3250     2.7000  0.000e+00
     32.885    13.8816   3.825681    31.6758        560     2.3292     2.6983  0.000e+00
     32.940    13.8814   3.825663    31.6758        561     2.3333     2.6984  0.000e+00
     33.000    13.8812   3.825681    31.6761        562     2.3375     2.6981  0.000e+00
     33.048    13.8813   3.825757    31.6767        563     2.3417     2.6970  0.000e+00
     33.106    13.8815   3.825700    31.6760        564     2.3458     2.6976  0.000e+00
     33.156    13.8817   3.825663    31.6755        565     2.3500     2.6989  0.000e+00
     33.208    13.8813   3.825700    31.6761        566     2.3542     2.6995  0.000e+00
     33.264    13.8815   3.825707    31.6760        567     2.3583     2.6987  0.000e+00
     33.314    13.8815   3.825657    31.6755        568     2.3625     2.6984  0.000e+00
     33.363    13.8812   3.825707    31.6762        569     2.3667     2.6976  0.000e+00
     33.415    13.8811   3.825700    31.6762        570     2.3708     2.6983  0.000e+00
     33.454    13.8811   3.825801    31.6771        571     2.3750     2.6990  0.000e+00
     33.503    13.8813   3.825788    31.6768        572     2.3792     2.6996  0.000e+00
     33.551    13.8815   3.825851    31.6772        573     2.3833     2.7005  0.000e+00
     33.596    13.8818   3.825901    31.6774        574     2.3875     2.7012  0.000e+00
     33.643    13.8825   3.825895    31.6767        575     2.3917     2.7015  0.000e+00
     33.688    13.8827   3.825901    31.6767        576     2.3958     2.7014  0.000e+00
     33.733    13.8829   3.825895    31.6764        577     2.4000     2.7002  0.000e+00
     33.780    13.8829   3.825926    31.6767        578     2.4042     2.6995  0.000e+00
     33.830    13.8830   3.825945    31.6768        579     2.4083     2.6982  0.000e+00
     33.875    13.8831   3.825882    31.6760        580     2.4125     2.6976  0.000e+00
     33.922    13.8830   3.825801    31.6754        581     2.4167     2.6971  0.000e+00
     33.976    13.8825   3.825813    31.6759        582     2.4208     2.6961  0.000e+00
     34.026    13.8820   3.825826    31.6764        583     2.4250     2.6970  0.000e+00
     34.087    13.8818   3.825788    31.6761        584     2.4292     2.6976  0.000e+00
     34.145    13.8817   3.825826    31.6766        585     2.4333     2.6987  0.000e+00
     34.198    13.8816   3.825838    31.6767        586     2.4375     2.6987  0.000e+00
     34.260    13.8818   3.825870    31.6769        587     2.4417     2.6990  0.000e+00
     34.321    13.8819   3.825882    31.6769        588     2.4458     2.6980  0.000e+00
     34.382    13.8821   3.825895    31.6768        589     2.4500     2.6987  0.000e+00
     34.443    13.8824   3.825901    31.6766        590     2.4542     2.6977  0.000e+00
     34.513    13.8824   3.825870    31.6762        591     2.4583     2.6979  0.000e+00
     34.567    13.8823   3.825814    31.6758        592     2.4625     2.6982  0.000e+00
     34.630    13.8821   3.825801    31.6758        593     2.4667     2.6980  0.000e+00
     34.687    13.8818   3.825814    31.6762        594     2.4708     2.6981  0.000e+00
     34.747    13.8816   3.825801    31.6762        595     2.4750     2.6979  0.000e+00
     34.802    13.8815   3.825814    31.6763        596     2.4792     2.6982  0.000e+00
     34.851    13.8815   3.825826    31.6765        597     2.4833     2.6987  0.000e+00
     34.903    13.8814   3.825858    31.6768        598     2.4875     2.6990  0.000e+00
     34.950    13.8814   3.825858    31.6768        599     2.4917     2.6984  0.000e+00
     34.995    13.8815   3.825870    31.6768        600     2.4958     2.6992  0.000e+00
     35.034    13.8818   3.825883    31.6767        601     2.5000     2.7008  0.000e+00
     35.077    13.8818   3.825920    31.6770        602     2.5042     2.7013  0.000e+00
     35.117    13.8820   3.825901    31.6767        603     2.5083     2.7011  0.000e+00
     35.147    13.8822   3.825920    31.6766        604     2.5125     2.7005  0.000e+00
     35.183    13.8823   3.825901    31.6764        605     2.5167     2.6993  0.000e+00
     35.212    13.8824   3.825920    31.6764        606     2.5208     2.6983  0.000e+00
     35.248    13.8824   3.825927    31.6765        607     2.5250     2.6979  0.000e+00
     35.286    13.8825   3.825945    31.6766        608     2.5292     2.6964  0.000e+00
     35.325    13.8825   3.825927    31.6764        609     2.5333     2.6957  0.000e+00
     35.370    13.8823   3.825895    31.6763        610     2.5375     2.6964  0.000e+00
     35.415    13.8824   3.825927    31.6764        611     2.5417     2.6973  0.000e+00
     35.464    13.8824   3.825945    31.6766        612     2.5458     2.6992  0.000e+00
     35.518    13.8823   3.825927    31.6765        613     2.5500     2.7001  0.000e+00
     35.564    13.8822   3.825920    31.6765        614     2.5542     2.6995  0.000e+00
     35.615    13.8822   3.825902    31.6763        615     2.5583     2.6989  0.000e+00
     35.669    13.8819   3.825870    31.6762        616     2.5625     2.6995  0.000e+00
     35.724    13.8818   3.825858    31.6762        617     2.5667     2.6975  0.000e+00
     35.775    13.8818   3.825946    31.6769        618     2.5708     2.6949  0.000e+00
     35.830    13.8816   3.825858    31.6763        619     2.5750     2.6947  0.000e+00
     35.888    13.8815   3.825827    31.6761        620     2.5792     2.6947  0.000e+00
     35.936    13.8815   3.825883    31.6766        621     2.5833     2.6946  0.000e+00
     35.992    13.8815   3.825777    31.6756        622     2.5875     2.6944  0.000e+00
     36.046    13.8812   3.825839    31.6763        623     2.5917     2.6956  0.000e+00
     36.094    13.8811   3.825802    31.6761        624     2.5958     2.6957  0.000e+00
     36.143    13.8810   3.825770    31.6759        625     2.6000     2.6958  0.000e+00
     36.191    13.8808   3.825758    31.6759        626     2.6042     2.6957  0.000e+00
     36.242    13.8804   3.825770    31.6763        627     2.6083     2.6955  0.000e+00
     36.288    13.8804   3.825733    31.6759        628     2.6125     2.6969  0.000e+00
     36.341    13.8801   3.825745    31.6763        629     2.6167     2.6982  0.000e+00
     36.395    13.8801   3.825827    31.6771        630     2.6208     2.7005  0.000e+00
     36.441    13.8804   3.825814    31.6767        631     2.6250     2.7010  0.000e+00
     36.492    13.8803   3.825802    31.6766        632     2.6292     2.6999  0.000e+00
     36.545    13.8804   3.825858    31.6771        633     2.6333     2.7005  0.000e+00
     36.596    13.8804   3.825896    31.6773        634     2.6375     2.7004  0.000e+00
     36.651    13.8809   3.825858    31.6766        635     2.6417     2.7004  0.000e+00
     36.705    13.8807   3.825871    31.6768        636     2.6458     2.7003  0.000e+00
     36.761    13.8810   3.825927    31.6771        637     2.6500     2.7000  0.000e+00
     36.813    13.8812   3.825946    31.6771        638     2.6542     2.6992  0.000e+00
     36.873    13.8814   3.825927    31.6767        639     2.6583     2.6993  0.000e+00
     36.925    13.8812   3.825921    31.6768        640     2.6625     2.6984  0.000e+00
     36.979    13.8812   3.825902    31.6766        641     2.6667     2.6972  0.000e+00
     37.029    13.8811   3.825896    31.6766        642     2.6708     2.6976  0.000e+00
     37.081    13.8812   3.825946    31.6770        643     2.6750     2.6962  0.000e+00
     37.130    13.8814   3.826015    31.6774        644     2.6792     2.6963  0.000e+00
     37.176    13.8818   3.825971    31.6767        645     2.6833     2.6959  0.000e+00
     37.228    13.8818   3.825921    31.6762        646     2.6875     2.6985  0.000e+00
     37.270    13.8816   3.826015    31.6772        647     2.6917     2.6986  0.000e+00
     37.318    13.8818   3.826084    31.6777        648     2.6958     2.6993  0.000e+00
     37.370    13.8823   3.826040    31.6768        649     2.7000     2.7002  0.000e+00
     37.417    13.8826   3.826059    31.6767        650     2.7042     2.6999  0.000e+00
     37.462    13.8825   3.826084    31.6770        651     2.7083     2.6999  0.000e+00
     37.507    13.8827   3.826109    31.6771        652     2.7125     2.7003  0.000e+00
     37.552    13.8828   3.826059    31.6765        653     2.7167     2.6985  0.000e+00
     37.602    13.8827   3.826134    31.6773        654     2.7208     2.6977  0.000e+00
     37.649    13.8827   3.826128    31.6772        655     2.7250     2.6986  0.000e+00
     37.694    13.8828   3.826084    31.6767        656     2.7292     2.6977  0.000e+00
     37.741    13.8828   3.826103    31.6768        657     2.7333     2.6969  0.000e+00
     37.793    13.8827   3.826153    31.6773        658     2.7375     2.6957  0.000e+00
     37.836    13.8830   3.826153    31.6771        659     2.7417     2.6959  0.000e+00
     37.884    13.8831   3.826153    31.6770        660     2.7458     2.6966  0.000e+00
     37.927    13.8831   3.826128    31.6767        661     2.7500     2.6972  0.000e+00
     37.981    13.8831   3.826134    31.6768        662     2.7542     2.6970  0.000e+00
     38.028    13.8831   3.826128    31.6767        663     2.7583     2.6963  0.000e+00
     38.077    13.8831   3.826153    31.6769        664     2.7625     2.6950  0.000e+00
     38.123    13.8830   3.826153    31.6770        665     2.7667     2.6935  0.000e+00
     38.174    13.8831   3.826153    31.6769        666     2.7708     2.6934  0.000e+00
     38.222    13.8832   3.826197    31.6772        667     2.7750     2.6947  0.000e+00
     38.276    13.8832   3.826203    31.6772        668     2.7792     2.6964  0.000e+00
     38.326    13.8836   3.826197    31.6769        669     2.7833     2.6966  0.000e+00
     38.379    13.8835   3.826203    31.6770        670     2.7875     2.6970  0.000e+00
     38.433    13.8835   3.826216    31.6771        671     2.7917     2.6974  0.000e+00
     38.490    13.8836   3.826228    31.6771        672     2.7958     2.6986  0.000e+00
     38.549    13.8838   3.826241    31.6770        673     2.8000     2.6974  0.000e+00
     38.609    13.8838   3.826228    31.6769        674     2.8042     2.6986  0.000e+00
     38.663    13.8837   3.826128    31.6760        675     2.8083     2.6990  0.000e+00
     38.724    13.8832   3.826134    31.6764        676     2.8125     2.7005  0.000e+00
     38.781    13.8828   3.826128    31.6767        677     2.8167     2.7005  0.000e+00
     38.840    13.8828   3.826109    31.6765        678     2.8208     2.7003  0.000e+00
     38.898    13.8825   3.826197    31.6775        679     2.8250     2.7002  0.000e+00
     38.957    13.8827   3.826322    31.6784        680     2.8292     2.7018  0.000e+00
     39.017    13.8832   3.826398    31.6788        681     2.8333     2.6999  0.000e+00
     39.070    13.8842   3.826410    31.6780        682     2.8375     2.6999  0.000e+00
     39.133    13.8847   3.826467    31.6781        683     2.8417     2.7000  0.000e+00
     39.185    13.8852   3.826391    31.6770        684     2.8458     2.6988  0.000e+00
     39.245    13.8853   3.826398    31.6769        685     2.8500     2.6977  0.000e+00
     39.293    13.8853   3.826460    31.6774        686     2.8542     2.6973  0.000e+00
     39.344    13.8853   3.826416    31.6771        687     2.8583     2.6969  0.000e+00
     39.390    13.8854   3.826435    31.6771        688     2.8625     2.6977  0.000e+00
     39.441    13.8855   3.826442    31.6771        689     2.8667     2.6975  0.000e+00
     39.469    13.8855   3.826435    31.6770        690     2.8708     2.6986  0.000e+00
     39.484    13.8856   3.826467    31.6772        691     2.8750     2.6992  0.000e+00
     39.480    13.8856   3.826435    31.6770        692     2.8792     2.6986  0.000e+00
     39.453    13.8856   3.826442    31.6770        693     2.8833     2.6980  0.000e+00
     39.421    13.8856   3.826504    31.6776        694     2.8875     2.6964  0.000e+00
     39.387    13.8859   3.826442    31.6767        695     2.8917     2.6967  0.000e+00
     39.360    13.8859   3.826366    31.6761        696     2.8958     2.6958  0.000e+00
     39.336    13.8856   3.826285    31.6756        697     2.9000     2.6953  0.000e+00
     39.313    13.8848   3.826247    31.6759        698     2.9042     2.6954  0.000e+00
     39.297    13.8844   3.826310    31.6769        699     2.9083     2.6958  0.000e+00
     39.279    13.8843   3.826341    31.6772        700     2.9125     2.6963  0.000e+00
     39.261    13.8845   3.826416    31.6777        701     2.9167     2.6963  0.000e+00
     39.248    13.8847   3.826366    31.6771        702     2.9208     2.6974  0.000e+00
     39.234    13.8850   3.826329    31.6766        703     2.9250     2.6979  0.000e+00
     39.229    13.8847   3.826341    31.6769        704     2.9292     2.6979  0.000e+00
     39.218    13.8847   3.826310    31.6766        705     2.9333     2.6974  0.000e+00
     39.207    13.8846   3.826247    31.6761        706     2.9375     2.6958  0.000e+00
     39.200    13.8841   3.826216    31.6763        707     2.9417     2.6963  0.000e+00
     39.196    13.8836   3.826341    31.6779        708     2.9458     2.6971  0.000e+00
     39.176    13.8839   3.826398    31.6781        709     2.9500     2.6966  0.000e+00
     39.140    13.8843   3.826297    31.6769        710     2.9542     2.6970  0.000e+00
     39.088    13.8845   3.826197    31.6758        711     2.9583     2.6968  0.000e+00
     39.011    13.8840   3.826366    31.6778        712     2.9625     2.6964  0.000e+00
     38.930    13.8840   3.826354    31.6777        713     2.9667     2.6977  0.000e+00
     38.862    13.8844   3.826435    31.6781        714     2.9708     2.6982  0.000e+00
     38.801    13.8850   3.826354    31.6770        715     2.9750     2.6995  0.000e+00
     38.740    13.8850   3.826391    31.6773        716     2.9792     2.6998  0.000e+00
     38.666    13.8851   3.826441    31.6777        717     2.9833     2.7009  0.000e+00
     38.610    13.8855   3.826466    31.6776        718     2.9875     2.7012  0.000e+00
     38.549    13.8859   3.826460    31.6772        719     2.9917     2.7013  0.000e+00
     38.493    13.8861   3.826485    31.6774        720     2.9958     2.7021  0.000e+00
     38.439    13.8862   3.826460    31.6770        721     3.0000     2.7025  0.000e+00
     38.393    13.8863   3.826466    31.6771        722     3.0042     2.7018  0.000e+00
     38.350    13.8865   3.826485    31.6771        723     3.0083     2.7025  0.000e+00
     38.310    13.8863   3.826466    31.6771        724     3.0125     2.7041  0.000e+00
     38.274    13.8865   3.826435    31.6767        725     3.0167     2.7041  0.000e+00
     38.236    13.8864   3.826416    31.6766        726     3.0208     2.7039  0.000e+00
     38.206    13.8862   3.826410    31.6767        727     3.0250     2.7035  0.000e+00
     38.175    13.8860   3.826372    31.6765        728     3.0292     2.7044  0.000e+00
     38.141    13.8861   3.826391    31.6766        729     3.0333     2.7039  0.000e+00
