PC2305/sbe139.cnv
* Sea-Bird SBE 19plus V2 Data File:
* FileName = C:\cruise\data\sbe139.hex
* Software Version Seasave V 7.26.7.121
* Temperature SN = 7142
* Conductivity SN = 7142
* System UpLoad Time = Nov 10 2023 02:24:37
** Cruise: PC2205
** Program: ECOMON
# nquan = 8
# nvalues = 3029                                  
# units = specified
# name 0 = depSM: Depth [salt water, m], lat = 40.00
# name 1 = tv290C: Temperature [ITS-90, deg C]
# name 2 = c0S/m: Conductivity [S/m]
# name 3 = sal00: Salinity, Practical [PSU]
# name 4 = scan: Scan Count
# name 5 = timeM: Time, Elapsed [minutes]
# name 6 = sbeox0V: Oxygen raw, SBE 43 [V]
# name 7 = flag:  0.000e+00
# span 0 =     -0.086,    150.121                 
# span 1 =     8.4843,    10.5853                 
# span 2 =  -0.108190,   3.601112                 
# span 3 =     0.0000,    33.9828                 
# span 4 =         11,       3039                 
# span 5 =     0.0417,    12.6583                 
# span 6 =     1.5936,     2.6773                 
# span 7 = 0.0000e+00, 0.0000e+00                 
# interval = seconds: 0.25
# start_time = Nov 10 2023 02:24:37 [System UTC, header]
# bad_flag = -9.990e-29
*END*
[from data line 1439]
    137.136     8.5699   3.577143    33.9062       1450     6.0375     1.7327  0.000e+00
    137.041     8.5702   3.577119    33.9057       1451     6.0417     1.7340  0.000e+00
    136.958     8.5704   3.577101    33.9053       1452     6.0458     1.7333  0.000e+00
    136.876     8.5709   3.577076    33.9047       1453     6.0500     1.7357  0.000e+00
    136.786     8.5709   3.577058    33.9045       1454     6.0542     1.7375  0.000e+00
    136.705     8.5712   3.577034    33.9039       1455     6.0583     1.7366  0.000e+00
    136.617     8.5714   3.577058    33.9041       1456     6.0625     1.7396  0.000e+00
    136.527     8.5714   3.577015    33.9037       1457     6.0667     1.7362  0.000e+00
    136.437     8.5714   3.577034    33.9039       1458     6.0708     1.7376  0.000e+00
    136.340     8.5716   3.577015    33.9036       1459     6.0750     1.7369  0.000e+00
    136.246     8.5716   3.577033    33.9038       1460     6.0792     1.7385  0.000e+00
    136.147     8.5716   3.577015    33.9037       1461     6.0833     1.7384  0.000e+00
    136.048     8.5717   3.577015    33.9036       1462     6.0875     1.7400  0.000e+00
    135.939     8.5716   3.576991    33.9035       1463     6.0917     1.7411  0.000e+00
    135.829     8.5719   3.576972    33.9031       1464     6.0958     1.7428  0.000e+00
    135.721     8.5719   3.576948    33.9028       1465     6.1000     1.7444  0.000e+00
    135.608     8.5722   3.576924    33.9023       1466     6.1042     1.7473  0.000e+00
    135.491     8.5726   3.576905    33.9019       1467     6.1083     1.7470  0.000e+00
    135.385     8.5732   3.576881    33.9011       1468     6.1125     1.7487  0.000e+00
    135.275     8.5738   3.576862    33.9004       1469     6.1167     1.7495  0.000e+00
    135.169     8.5744   3.576838    33.8996       1470     6.1208     1.7499  0.000e+00
    135.068     8.5749   3.576838    33.8991       1471     6.1250     1.7511  0.000e+00
    134.979     8.5752   3.576838    33.8989       1472     6.1292     1.7504  0.000e+00
    134.885     8.5757   3.576795    33.8980       1473     6.1333     1.7485  0.000e+00
    134.806     8.5759   3.576753    33.8974       1474     6.1375     1.7466  0.000e+00
    134.723     8.5766   3.576673    33.8959       1475     6.1417     1.7451  0.000e+00
    134.646     8.5769   3.576600    33.8949       1476     6.1458     1.7426  0.000e+00
    134.576     8.5776   3.576557    33.8938       1477     6.1500     1.7424  0.000e+00
    134.500     8.5779   3.576539    33.8934       1478     6.1542     1.7420  0.000e+00
    134.421     8.5785   3.576448    33.8919       1479     6.1583     1.7427  0.000e+00
    134.340     8.5791   3.576210    33.8889       1480     6.1625     1.7420  0.000e+00
    134.257     8.5798   3.575972    33.8857       1481     6.1667     1.7428  0.000e+00
    134.175     8.5808   3.575759    33.8825       1482     6.1708     1.7426  0.000e+00
    134.094     8.5814   3.575582    33.8801       1483     6.1750     1.7418  0.000e+00
    134.004     8.5822   3.575436    33.8778       1484     6.1792     1.7417  0.000e+00
    133.923     8.5824   3.575241    33.8756       1485     6.1833     1.7417  0.000e+00
    133.842     8.5827   3.575088    33.8738       1486     6.1875     1.7419  0.000e+00
    133.763     8.5828   3.574936    33.8721       1487     6.1917     1.7437  0.000e+00
    133.673     8.5829   3.574826    33.8709       1488     6.1958     1.7450  0.000e+00
    133.598     8.5827   3.574680    33.8696       1489     6.2000     1.7455  0.000e+00
    133.509     8.5828   3.574613    33.8688       1490     6.2042     1.7482  0.000e+00
    133.420     8.5828   3.574588    33.8686       1491     6.2083     1.7491  0.000e+00
    133.331     8.5830   3.574582    33.8684       1492     6.2125     1.7482  0.000e+00
    133.234     8.5831   3.574570    33.8682       1493     6.2167     1.7482  0.000e+00
    133.146     8.5830   3.574527    33.8680       1494     6.2208     1.7502  0.000e+00
    133.049     8.5831   3.574527    33.8679       1495     6.2250     1.7505  0.000e+00
    132.950     8.5828   3.574418    33.8670       1496     6.2292     1.7521  0.000e+00
    132.851     8.5829   3.574308    33.8658       1497     6.2333     1.7534  0.000e+00
    132.751     8.5827   3.574204    33.8650       1498     6.2375     1.7548  0.000e+00
    132.652     8.5826   3.574156    33.8646       1499     6.2417     1.7578  0.000e+00
    132.553     8.5825   3.574247    33.8658       1500     6.2458     1.7615  0.000e+00
    132.456     8.5822   3.574131    33.8648       1501     6.2500     1.7631  0.000e+00
    132.355     8.5821   3.573985    33.8634       1502     6.2542     1.7653  0.000e+00
    132.256     8.5818   3.573985    33.8637       1503     6.2583     1.7672  0.000e+00
    132.152     8.5815   3.573814    33.8623       1504     6.2625     1.7686  0.000e+00
    132.055     8.5803   3.573577    33.8610       1505     6.2667     1.7691  0.000e+00
    131.950     8.5794   3.573467    33.8608       1506     6.2708     1.7705  0.000e+00
    131.852     8.5784   3.573254    33.8595       1507     6.2750     1.7711  0.000e+00
    131.754     8.5775   3.573144    33.8593       1508     6.2792     1.7708  0.000e+00
    131.665     8.5768   3.573156    33.8601       1509     6.2833     1.7709  0.000e+00
    131.566     8.5765   3.572992    33.8587       1510     6.2875     1.7704  0.000e+00
    131.476     8.5758   3.572669    33.8560       1511     6.2917     1.7699  0.000e+00
    131.384     8.5753   3.572321    33.8529       1512     6.2958     1.7695  0.000e+00
    131.296     8.5747   3.572126    33.8514       1513     6.3000     1.7709  0.000e+00
    131.210     8.5741   3.572065    33.8514       1514     6.3042     1.7704  0.000e+00
    131.116     8.5738   3.572023    33.8513       1515     6.3083     1.7718  0.000e+00
    131.030     8.5734   3.571998    33.8515       1516     6.3125     1.7724  0.000e+00
    130.949     8.5733   3.571998    33.8516       1517     6.3167     1.7739  0.000e+00
    130.864     8.5729   3.571828    33.8502       1518     6.3208     1.7755  0.000e+00
    130.775     8.5727   3.571590    33.8479       1519     6.3250     1.7770  0.000e+00
    130.679     8.5724   3.571438    33.8467       1520     6.3292     1.7754  0.000e+00
    130.580     8.5722   3.571353    33.8460       1521     6.3333     1.7744  0.000e+00
    130.474     8.5719   3.571243    33.8452       1522     6.3375     1.7740  0.000e+00
    130.368     8.5717   3.571158    33.8446       1523     6.3417     1.7760  0.000e+00
    130.264     8.5715   3.570938    33.8425       1524     6.3458     1.7756  0.000e+00
    130.156     8.5712   3.570524    33.8384       1525     6.3500     1.7776  0.000e+00
    130.050     8.5711   3.570165    33.8348       1526     6.3542     1.7782  0.000e+00
    129.949     8.5709   3.569970    33.8330       1527     6.3583     1.7775  0.000e+00
    129.850     8.5706   3.569860    33.8321       1528     6.3625     1.7789  0.000e+00
    129.753     8.5704   3.569903    33.8328       1529     6.3667     1.7785  0.000e+00
    129.665     8.5702   3.569732    33.8312       1530     6.3708     1.7790  0.000e+00
    129.584     8.5701   3.569537    33.8293       1531     6.3750     1.7800  0.000e+00
    129.503     8.5701   3.569428    33.8282       1532     6.3792     1.7797  0.000e+00
    129.419     8.5702   3.569275    33.8266       1533     6.3833     1.7798  0.000e+00
    129.340     8.5699   3.569257    33.8267       1534     6.3875     1.7792  0.000e+00
    129.259     8.5699   3.569324    33.8274       1535     6.3917     1.7783  0.000e+00
    129.178     8.5697   3.569427    33.8287       1536     6.3958     1.7790  0.000e+00
    129.093     8.5700   3.569452    33.8288       1537     6.4000     1.7777  0.000e+00
    129.000     8.5699   3.569470    33.8291       1538     6.4042     1.7773  0.000e+00
    128.915     8.5701   3.569409    33.8284       1539     6.4083     1.7778  0.000e+00
    128.825     8.5698   3.569257    33.8270       1540     6.4125     1.7776  0.000e+00
    128.732     8.5699   3.569129    33.8256       1541     6.4167     1.7779  0.000e+00
    128.637     8.5698   3.568977    33.8242       1542     6.4208     1.7799  0.000e+00
    128.538     8.5697   3.569044    33.8250       1543     6.4250     1.7791  0.000e+00
    128.439     8.5698   3.569147    33.8261       1544     6.4292     1.7812  0.000e+00
    128.342     8.5697   3.569171    33.8265       1545     6.4333     1.7831  0.000e+00
    128.237     8.5698   3.569147    33.8262       1546     6.4375     1.7851  0.000e+00
    128.146     8.5697   3.569043    33.8252       1547     6.4417     1.7864  0.000e+00
    128.049     8.5699   3.568958    33.8242       1548     6.4458     1.7877  0.000e+00
    127.952     8.5696   3.568976    33.8247       1549     6.4500     1.7894  0.000e+00
    127.856     8.5696   3.568934    33.8243       1550     6.4542     1.7892  0.000e+00
    127.766     8.5697   3.568891    33.8238       1551     6.4583     1.7901  0.000e+00
    127.671     8.5697   3.568806    33.8229       1552     6.4625     1.7888  0.000e+00
    127.572     8.5697   3.568739    33.8222       1553     6.4667     1.7900  0.000e+00
    127.482     8.5697   3.568672    33.8216       1554     6.4708     1.7879  0.000e+00
    127.391     8.5697   3.568672    33.8216       1555     6.4750     1.7886  0.000e+00
    127.297     8.5695   3.568690    33.8220       1556     6.4792     1.7890  0.000e+00
    127.207     8.5697   3.568714    33.8222       1557     6.4833     1.7898  0.000e+00
    127.112     8.5696   3.568739    33.8226       1558     6.4875     1.7903  0.000e+00
    127.024     8.5697   3.568714    33.8222       1559     6.4917     1.7926  0.000e+00
    126.934     8.5694   3.568714    33.8226       1560     6.4958     1.7925  0.000e+00
    126.837     8.5697   3.568671    33.8219       1561     6.5000     1.7946  0.000e+00
    126.745     8.5695   3.568477    33.8200       1562     6.5042     1.7952  0.000e+00
    126.652     8.5694   3.568324    33.8187       1563     6.5083     1.7964  0.000e+00
    126.554     8.5691   3.568196    33.8176       1564     6.5125     1.7980  0.000e+00
    126.459     8.5688   3.568111    33.8170       1565     6.5167     1.7983  0.000e+00
    126.351     8.5687   3.568111    33.8171       1566     6.5208     1.7990  0.000e+00
    126.243     8.5684   3.568111    33.8175       1567     6.5250     1.7996  0.000e+00
    126.130     8.5684   3.568093    33.8174       1568     6.5292     1.8012  0.000e+00
    126.028     8.5683   3.568111    33.8177       1569     6.5333     1.8023  0.000e+00
    125.923     8.5684   3.568154    33.8182       1570     6.5375     1.8032  0.000e+00
    125.814     8.5684   3.568324    33.8199       1571     6.5417     1.8046  0.000e+00
    125.717     8.5687   3.568391    33.8205       1572     6.5458     1.8045  0.000e+00
    125.618     8.5689   3.568543    33.8219       1573     6.5500     1.8055  0.000e+00
    125.524     8.5691   3.568671    33.8231       1574     6.5542     1.8048  0.000e+00
    125.443     8.5692   3.568306    33.8191       1575     6.5583     1.8027  0.000e+00
    125.361     8.5688   3.567855    33.8149       1576     6.5625     1.8022  0.000e+00
    125.278     8.5684   3.567660    33.8132       1577     6.5667     1.7999  0.000e+00
    125.199     8.5679   3.567599    33.8131       1578     6.5708     1.7981  0.000e+00
    125.121     8.5677   3.567508    33.8123       1579     6.5750     1.7971  0.000e+00
    125.039     8.5674   3.567447    33.8121       1580     6.5792     1.7965  0.000e+00
    124.947     8.5674   3.567447    33.8121       1581     6.5833     1.7958  0.000e+00
    124.852     8.5671   3.567447    33.8124       1582     6.5875     1.7968  0.000e+00
    124.755     8.5670   3.567447    33.8125       1583     6.5917     1.7971  0.000e+00
    124.652     8.5669   3.567508    33.8133       1584     6.5958     1.7958  0.000e+00
    124.553     8.5670   3.567660    33.8149       1585     6.6000     1.7955  0.000e+00
    124.453     8.5670   3.567757    33.8159       1586     6.6042     1.7959  0.000e+00
    124.354     8.5672   3.567617    33.8143       1587     6.6083     1.7968  0.000e+00
    124.262     8.5672   3.567489    33.8130       1588     6.6125     1.7959  0.000e+00
    124.161     8.5670   3.567355    33.8118       1589     6.6167     1.7965  0.000e+00
    124.066     8.5669   3.567313    33.8115       1590     6.6208     1.7987  0.000e+00
    123.969     8.5668   3.567252    33.8111       1591     6.6250     1.7996  0.000e+00
    123.865     8.5668   3.567209    33.8107       1592     6.6292     1.8003  0.000e+00
    123.759     8.5666   3.567173    33.8105       1593     6.6333     1.8018  0.000e+00
    123.651     8.5666   3.567160    33.8104       1594     6.6375     1.8026  0.000e+00
    123.546     8.5667   3.567160    33.8104       1595     6.6417     1.8024  0.000e+00
    123.433     8.5665   3.567160    33.8107       1596     6.6458     1.8029  0.000e+00
    123.327     8.5665   3.567209    33.8112       1597     6.6500     1.8045  0.000e+00
    123.217     8.5664   3.567209    33.8114       1598     6.6542     1.8033  0.000e+00
    123.111     8.5664   3.567227    33.8116       1599     6.6583     1.8045  0.000e+00
    123.009     8.5664   3.567258    33.8119       1600     6.6625     1.8039  0.000e+00
    122.912     8.5666   3.567251    33.8117       1601     6.6667     1.8023  0.000e+00
    122.816     8.5665   3.567251    33.8118       1602     6.6708     1.8034  0.000e+00
    122.725     8.5667   3.567209    33.8113       1603     6.6750     1.8027  0.000e+00
    122.640     8.5664   3.567160    33.8111       1604     6.6792     1.8022  0.000e+00
    122.554     8.5662   3.567184    33.8116       1605     6.6833     1.8033  0.000e+00
    122.471     8.5662   3.567160    33.8113       1606     6.6875     1.8024  0.000e+00
    122.387     8.5661   3.567184    33.8118       1607     6.6917     1.8032  0.000e+00
    122.299     8.5663   3.567172    33.8115       1608     6.6958     1.8026  0.000e+00
    122.212     8.5661   3.567056    33.8105       1609     6.7000     1.8006  0.000e+00
    122.126     8.5660   3.566971    33.8097       1610     6.7042     1.7991  0.000e+00
    122.036     8.5657   3.566776    33.8080       1611     6.7083     1.7988  0.000e+00
    121.946     8.5653   3.566411    33.8045       1612     6.7125     1.7967  0.000e+00
    121.860     8.5645   3.566259    33.8037       1613     6.7167     1.7971  0.000e+00
    121.768     8.5640   3.566173    33.8034       1614     6.7208     1.7950  0.000e+00
    121.685     8.5635   3.566058    33.8027       1615     6.7250     1.7972  0.000e+00
    121.594     8.5633   3.566106    33.8035       1616     6.7292     1.7974  0.000e+00
    121.504     8.5632   3.566149    33.8040       1617     6.7333     1.7971  0.000e+00
    121.421     8.5632   3.566106    33.8036       1618     6.7375     1.7968  0.000e+00
    121.335     8.5631   3.566039    33.8031       1619     6.7417     1.7964  0.000e+00
    121.245     8.5629   3.565954    33.8024       1620     6.7458     1.7965  0.000e+00
    121.155     8.5629   3.565893    33.8018       1621     6.7500     1.7966  0.000e+00
    121.065     8.5627   3.565924    33.8023       1622     6.7542     1.7965  0.000e+00
    120.981     8.5627   3.565893    33.8020       1623     6.7583     1.7961  0.000e+00
    120.887     8.5626   3.565893    33.8022       1624     6.7625     1.7974  0.000e+00
    120.795     8.5626   3.565893    33.8023       1625     6.7667     1.7979  0.000e+00
    120.704     8.5625   3.565826    33.8017       1626     6.7708     1.7982  0.000e+00
    120.608     8.5626   3.565869    33.8021       1627     6.7750     1.7984  0.000e+00
