PC2305/sbe137.cnv
* Sea-Bird SBE 19plus V2 Data File:
* FileName = C:\cruise\data\sbe137.hex
* Software Version Seasave V 7.26.7.121
* Temperature SN = 7142
* Conductivity SN = 7142
* System UpLoad Time = Nov 10 2023 01:49:46
** Cruise: PC2205
** Program: ECOMON
# nquan = 8
# nvalues = 4219                                  
# units = specified
# name 0 = depSM: Depth [salt water, m], lat = 40.00
# name 1 = tv290C: Temperature [ITS-90, deg C]
# name 2 = c0S/m: Conductivity [S/m]
# name 3 = sal00: Salinity, Practical [PSU]
# name 4 = scan: Scan Count
# name 5 = timeM: Time, Elapsed [minutes]
# name 6 = sbeox0V: Oxygen raw, SBE 43 [V]
# name 7 = flag:  0.000e+00
# span 0 =     -0.110,    159.585                 
# span 1 =     7.1713,    10.4904                 
# span 2 =   0.000399,   3.603922                 
# span 3 =     0.0051,    34.7346                 
# span 4 =         11,       4229                 
# span 5 =     0.0417,    17.6167                 
# span 6 =     1.6490,     2.6917                 
# span 7 = 0.0000e+00, 0.0000e+00                 
# interval = seconds: 0.25
# start_time = Nov 10 2023 01:49:46 [System UTC, header]
# bad_flag = -9.990e-29
*END*
[from data line 1259]
    156.280     8.5136   3.578406    33.9646       1270     5.2875     1.6714  0.000e+00
    156.436     8.5135   3.578382    33.9644       1271     5.2917     1.6674  0.000e+00
    156.584     8.5135   3.578321    33.9636       1272     5.2958     1.6661  0.000e+00
    156.722     8.5136   3.578273    33.9630       1273     5.3000     1.6668  0.000e+00
    156.859     8.5136   3.578273    33.9629       1274     5.3042     1.6650  0.000e+00
    156.987     8.5137   3.578291    33.9629       1275     5.3083     1.6645  0.000e+00
    157.113     8.5137   3.578321    33.9632       1276     5.3125     1.6648  0.000e+00
    157.238     8.5136   3.578364    33.9637       1277     5.3167     1.6667  0.000e+00
    157.364     8.5133   3.578407    33.9644       1278     5.3208     1.6672  0.000e+00
    157.496     8.5132   3.578468    33.9650       1279     5.3250     1.6719  0.000e+00
    157.625     8.5130   3.578517    33.9657       1280     5.3292     1.6738  0.000e+00
    157.758     8.5128   3.578535    33.9660       1281     5.3333     1.6750  0.000e+00
    157.891     8.5128   3.578535    33.9660       1282     5.3375     1.6774  0.000e+00
    158.028     8.5128   3.578602    33.9666       1283     5.3417     1.6775  0.000e+00
    158.170     8.5129   3.578681    33.9673       1284     5.3458     1.6775  0.000e+00
    158.317     8.5127   3.578755    33.9681       1285     5.3500     1.6780  0.000e+00
    158.474     8.5127   3.578773    33.9683       1286     5.3542     1.6775  0.000e+00
    158.630     8.5125   3.578688    33.9675       1287     5.3583     1.6742  0.000e+00
    158.760     8.5125   3.578517    33.9657       1288     5.3625     1.6728  0.000e+00
    158.875     8.5124   3.578450    33.9650       1289     5.3667     1.6696  0.000e+00
    159.013     8.5132   3.578517    33.9649       1290     5.3708     1.6677  0.000e+00
    159.161     8.5137   3.578560    33.9647       1291     5.3750     1.6662  0.000e+00
    159.324     8.5139   3.578645    33.9654       1292     5.3792     1.6606  0.000e+00
    159.506     8.5137   3.578816    33.9673       1293     5.3833     1.6584  0.000e+00
    159.573     8.5137   3.578408    33.9630       1294     5.3875     1.6550  0.000e+00
    159.585     8.5136   3.578426    33.9632       1295     5.3917     1.6523  0.000e+00
    159.535     8.5138   3.578578    33.9647       1296     5.3958     1.6501  0.000e+00
    159.454     8.5140   3.578603    33.9647       1297     5.4000     1.6490  0.000e+00
    159.398     8.5142   3.578664    33.9652       1298     5.4042     1.6502  0.000e+00
    159.333     8.5145   3.578731    33.9657       1299     5.4083     1.6549  0.000e+00
    159.278     8.5147   3.578798    33.9663       1300     5.4125     1.6597  0.000e+00
    159.224     8.5150   3.578859    33.9666       1301     5.4167     1.6644  0.000e+00
    159.191     8.5152   3.578926    33.9671       1302     5.4208     1.6690  0.000e+00
    159.148     8.5154   3.578974    33.9675       1303     5.4250     1.6705  0.000e+00
    159.103     8.5154   3.578950    33.9672       1304     5.4292     1.6720  0.000e+00
    159.019     8.5154   3.578773    33.9654       1305     5.4333     1.6743  0.000e+00
    158.905     8.5154   3.578688    33.9646       1306     5.4375     1.6749  0.000e+00
    158.729     8.5159   3.578688    33.9642       1307     5.4417     1.6755  0.000e+00
    158.558     8.5159   3.578797    33.9654       1308     5.4458     1.6768  0.000e+00
    158.465     8.5160   3.578992    33.9674       1309     5.4500     1.6768  0.000e+00
    158.422     8.5160   3.579206    33.9697       1310     5.4542     1.6797  0.000e+00
    158.400     8.5160   3.579163    33.9692       1311     5.4583     1.6833  0.000e+00
    158.391     8.5161   3.578974    33.9672       1312     5.4625     1.6863  0.000e+00
    158.359     8.5159   3.578816    33.9658       1313     5.4667     1.6898  0.000e+00
    158.298     8.5160   3.578773    33.9651       1314     5.4708     1.6894  0.000e+00
    158.215     8.5161   3.578755    33.9649       1315     5.4750     1.6895  0.000e+00
    158.148     8.5157   3.578688    33.9646       1316     5.4792     1.6881  0.000e+00
    158.085     8.5154   3.578578    33.9639       1317     5.4833     1.6852  0.000e+00
    158.024     8.5149   3.578468    33.9631       1318     5.4875     1.6818  0.000e+00
    157.963     8.5142   3.578425    33.9634       1319     5.4917     1.6785  0.000e+00
    157.916     8.5139   3.578407    33.9636       1320     5.4958     1.6746  0.000e+00
    157.857     8.5133   3.578364    33.9637       1321     5.5000     1.6730  0.000e+00
    157.792     8.5132   3.578340    33.9635       1322     5.5042     1.6724  0.000e+00
    157.733     8.5132   3.578364    33.9639       1323     5.5083     1.6705  0.000e+00
    157.665     8.5130   3.578364    33.9640       1324     5.5125     1.6723  0.000e+00
    157.605     8.5129   3.578364    33.9642       1325     5.5167     1.6705  0.000e+00
    157.544     8.5130   3.578364    33.9641       1326     5.5208     1.6711  0.000e+00
    157.485     8.5130   3.578383    33.9644       1327     5.5250     1.6683  0.000e+00
    157.416     8.5132   3.578425    33.9646       1328     5.5292     1.6662  0.000e+00
    157.352     8.5136   3.578517    33.9652       1329     5.5333     1.6665  0.000e+00
    157.285     8.5137   3.578517    33.9651       1330     5.5375     1.6664  0.000e+00
    157.215     8.5142   3.578541    33.9650       1331     5.5417     1.6644  0.000e+00
    157.147     8.5144   3.578516    33.9646       1332     5.5458     1.6649  0.000e+00
    157.087     8.5144   3.578468    33.9641       1333     5.5500     1.6644  0.000e+00
    157.019     8.5143   3.578425    33.9638       1334     5.5542     1.6633  0.000e+00
    156.960     8.5139   3.578340    33.9633       1335     5.5583     1.6633  0.000e+00
    156.893     8.5136   3.578321    33.9634       1336     5.5625     1.6613  0.000e+00
    156.826     8.5134   3.578321    33.9637       1337     5.5667     1.6623  0.000e+00
    156.764     8.5132   3.578340    33.9640       1338     5.5708     1.6604  0.000e+00
    156.704     8.5132   3.578364    33.9643       1339     5.5750     1.6617  0.000e+00
    156.648     8.5134   3.578340    33.9639       1340     5.5792     1.6624  0.000e+00
    156.596     8.5135   3.578340    33.9638       1341     5.5833     1.6608  0.000e+00
    156.539     8.5135   3.578364    33.9641       1342     5.5875     1.6637  0.000e+00
    156.485     8.5134   3.578339    33.9640       1343     5.5917     1.6607  0.000e+00
    156.438     8.5131   3.578339    33.9643       1344     5.5958     1.6609  0.000e+00
    156.390     8.5130   3.578321    33.9642       1345     5.6000     1.6605  0.000e+00
    156.337     8.5128   3.578272    33.9639       1346     5.6042     1.6623  0.000e+00
    156.287     8.5125   3.578230    33.9638       1347     5.6083     1.6620  0.000e+00
    156.237     8.5124   3.578187    33.9635       1348     5.6125     1.6610  0.000e+00
    156.177     8.5121   3.578181    33.9637       1349     5.6167     1.6613  0.000e+00
    156.118     8.5119   3.578126    33.9633       1350     5.6208     1.6608  0.000e+00
    156.062     8.5116   3.578035    33.9627       1351     5.6250     1.6611  0.000e+00
    156.005     8.5110   3.577974    33.9626       1352     5.6292     1.6609  0.000e+00
    155.945     8.5106   3.577907    33.9623       1353     5.6333     1.6610  0.000e+00
    155.884     8.5102   3.577888    33.9625       1354     5.6375     1.6607  0.000e+00
    155.818     8.5100   3.577846    33.9623       1355     5.6417     1.6605  0.000e+00
    155.749     8.5098   3.577797    33.9621       1356     5.6458     1.6600  0.000e+00
    155.677     8.5097   3.577778    33.9620       1357     5.6500     1.6625  0.000e+00
    155.596     8.5096   3.577778    33.9621       1358     5.6542     1.6617  0.000e+00
    155.515     8.5097   3.577772    33.9620       1359     5.6583     1.6635  0.000e+00
    155.438     8.5094   3.577754    33.9621       1360     5.6625     1.6645  0.000e+00
    155.355     8.5092   3.577711    33.9619       1361     5.6667     1.6669  0.000e+00
    155.276     8.5091   3.577711    33.9620       1362     5.6708     1.6704  0.000e+00
    155.188     8.5089   3.577669    33.9618       1363     5.6750     1.6704  0.000e+00
    155.102     8.5088   3.577650    33.9617       1364     5.6792     1.6722  0.000e+00
    155.015     8.5087   3.577650    33.9619       1365     5.6833     1.6751  0.000e+00
    154.927     8.5085   3.577650    33.9621       1366     5.6875     1.6773  0.000e+00
    154.837     8.5085   3.577650    33.9622       1367     5.6917     1.6799  0.000e+00
    154.757     8.5083   3.577632    33.9622       1368     5.6958     1.6811  0.000e+00
    154.672     8.5083   3.577601    33.9620       1369     5.7000     1.6835  0.000e+00
    154.586     8.5082   3.577601    33.9621       1370     5.7042     1.6852  0.000e+00
    154.499     8.5080   3.577601    33.9623       1371     5.7083     1.6853  0.000e+00
    154.411     8.5078   3.577601    33.9625       1372     5.7125     1.6866  0.000e+00
    154.328     8.5077   3.577583    33.9625       1373     5.7167     1.6876  0.000e+00
    154.249     8.5073   3.577583    33.9629       1374     5.7208     1.6885  0.000e+00
    154.168     8.5074   3.577558    33.9626       1375     5.7250     1.6901  0.000e+00
    154.088     8.5075   3.577558    33.9626       1376     5.7292     1.6910  0.000e+00
    154.007     8.5075   3.577540    33.9623       1377     5.7333     1.6915  0.000e+00
    153.927     8.5074   3.577540    33.9625       1378     5.7375     1.6936  0.000e+00
    153.839     8.5073   3.577516    33.9624       1379     5.7417     1.6942  0.000e+00
    153.746     8.5072   3.577497    33.9624       1380     5.7458     1.6945  0.000e+00
    153.649     8.5072   3.577497    33.9624       1381     5.7500     1.6965  0.000e+00
    153.552     8.5072   3.577497    33.9624       1382     5.7542     1.6960  0.000e+00
    153.458     8.5073   3.577473    33.9621       1383     5.7583     1.6982  0.000e+00
    153.370     8.5073   3.577473    33.9621       1384     5.7625     1.6989  0.000e+00
    153.285     8.5075   3.577473    33.9620       1385     5.7667     1.6995  0.000e+00
    153.201     8.5073   3.577430    33.9617       1386     5.7708     1.7009  0.000e+00
    153.113     8.5069   3.577345    33.9613       1387     5.7750     1.7021  0.000e+00
    153.027     8.5063   3.577259    33.9610       1388     5.7792     1.7018  0.000e+00
    152.935     8.5053   3.577192    33.9613       1389     5.7833     1.7012  0.000e+00
    152.847     8.5046   3.577107    33.9611       1390     5.7875     1.7007  0.000e+00
    152.750     8.5039   3.577022    33.9609       1391     5.7917     1.6998  0.000e+00
    152.656     8.5035   3.577040    33.9616       1392     5.7958     1.6990  0.000e+00
    152.554     8.5033   3.577083    33.9622       1393     5.8000     1.7012  0.000e+00
    152.462     8.5035   3.577125    33.9625       1394     5.8042     1.7010  0.000e+00
    152.361     8.5037   3.577113    33.9623       1395     5.8083     1.7012  0.000e+00
    152.257     8.5040   3.577125    33.9622       1396     5.8125     1.7018  0.000e+00
    152.152     8.5041   3.577149    33.9624       1397     5.8167     1.7036  0.000e+00
    152.048     8.5042   3.577149    33.9623       1398     5.8208     1.7038  0.000e+00
    151.942     8.5043   3.577149    33.9623       1399     5.8250     1.7060  0.000e+00
    151.832     8.5044   3.577149    33.9622       1400     5.8292     1.7069  0.000e+00
    151.728     8.5048   3.577107    33.9615       1401     5.8333     1.7083  0.000e+00
    151.629     8.5050   3.577082    33.9610       1402     5.8375     1.7098  0.000e+00
    151.532     8.5052   3.577021    33.9603       1403     5.8417     1.7113  0.000e+00
    151.437     8.5055   3.577039    33.9602       1404     5.8458     1.7112  0.000e+00
    151.347     8.5057   3.577039    33.9601       1405     5.8500     1.7124  0.000e+00
    151.262     8.5061   3.577082    33.9602       1406     5.8542     1.7148  0.000e+00
    151.181     8.5066   3.577125    33.9602       1407     5.8583     1.7135  0.000e+00
    151.100     8.5072   3.577106    33.9594       1408     5.8625     1.7127  0.000e+00
    151.030     8.5073   3.577039    33.9586       1409     5.8667     1.7120  0.000e+00
    150.955     8.5075   3.577021    33.9584       1410     5.8708     1.7102  0.000e+00
    150.879     8.5080   3.577082    33.9586       1411     5.8750     1.7081  0.000e+00
    150.798     8.5087   3.577064    33.9577       1412     5.8792     1.7081  0.000e+00
    150.716     8.5090   3.577064    33.9574       1413     5.8833     1.7060  0.000e+00
    150.627     8.5095   3.577082    33.9572       1414     5.8875     1.7047  0.000e+00
    150.538     8.5098   3.577124    33.9574       1415     5.8917     1.7047  0.000e+00
    150.451     8.5103   3.577149    33.9572       1416     5.8958     1.7045  0.000e+00
    150.360     8.5111   3.577149    33.9565       1417     5.9000     1.7037  0.000e+00
    150.270     8.5116   3.577149    33.9561       1418     5.9042     1.7035  0.000e+00
    150.176     8.5119   3.577149    33.9559       1419     5.9083     1.7059  0.000e+00
    150.072     8.5122   3.577149    33.9555       1420     5.9125     1.7048  0.000e+00
    149.975     8.5126   3.577173    33.9555       1421     5.9167     1.7049  0.000e+00
    149.876     8.5129   3.577179    33.9554       1422     5.9208     1.7055  0.000e+00
    149.773     8.5130   3.577173    33.9552       1423     5.9250     1.7062  0.000e+00
    149.664     8.5132   3.577173    33.9550       1424     5.9292     1.7064  0.000e+00
    149.557     8.5137   3.577191    33.9548       1425     5.9333     1.7081  0.000e+00
    149.453     8.5149   3.577173    33.9535       1426     5.9375     1.7079  0.000e+00
    149.351     8.5169   3.577173    33.9516       1427     5.9417     1.7096  0.000e+00
    149.250     8.5189   3.577173    33.9497       1428     5.9458     1.7119  0.000e+00
    149.149     8.5225   3.577081    33.9454       1429     5.9500     1.7117  0.000e+00
    149.056     8.5275   3.577038    33.9402       1430     5.9542     1.7141  0.000e+00
    148.957     8.5320   3.577020    33.9357       1431     5.9583     1.7157  0.000e+00
    148.861     8.5360   3.576977    33.9314       1432     5.9625     1.7164  0.000e+00
    148.782     8.5393   3.576977    33.9283       1433     5.9667     1.7166  0.000e+00
    148.691     8.5420   3.576977    33.9257       1434     5.9708     1.7183  0.000e+00
    148.603     8.5439   3.576953    33.9237       1435     5.9750     1.7187  0.000e+00
    148.522     8.5455   3.576910    33.9217       1436     5.9792     1.7193  0.000e+00
    148.443     8.5465   3.576928    33.9210       1437     5.9833     1.7183  0.000e+00
    148.362     8.5474   3.576910    33.9200       1438     5.9875     1.7186  0.000e+00
    148.279     8.5481   3.576910    33.9195       1439     5.9917     1.7188  0.000e+00
    148.194     8.5487   3.576904    33.9188       1440     5.9958     1.7183  0.000e+00
    148.122     8.5493   3.576885    33.9181       1441     6.0000     1.7187  0.000e+00
    148.041     8.5501   3.576885    33.9173       1442     6.0042     1.7180  0.000e+00
    147.970     8.5509   3.576885    33.9166       1443     6.0083     1.7184  0.000e+00
    147.892     8.5515   3.576885    33.9161       1444     6.0125     1.7182  0.000e+00
    147.829     8.5519   3.576867    33.9155       1445     6.0167     1.7186  0.000e+00
    147.757     8.5518   3.576867    33.9156       1446     6.0208     1.7167  0.000e+00
    147.691     8.5518   3.576867    33.9157       1447     6.0250     1.7164  0.000e+00
    147.619     8.5521   3.576885    33.9157       1448     6.0292     1.7150  0.000e+00
