PC2305/sbe134.cnv
* Sea-Bird SBE 19plus V2 Data File:
* FileName = C:\cruise\data\sbe134.hex
* Software Version Seasave V 7.26.7.121
* Temperature SN = 7142
* Conductivity SN = 7142
* System UpLoad Time = Nov 09 2023 17:18:13
** Cruise: PC2205
** Program: ECOMON
# nquan = 8
# nvalues = 4960                                  
# units = specified
# name 0 = depSM: Depth [salt water, m], lat = 40.00
# name 1 = tv290C: Temperature [ITS-90, deg C]
# name 2 = c0S/m: Conductivity [S/m]
# name 3 = sal00: Salinity, Practical [PSU]
# name 4 = scan: Scan Count
# name 5 = timeM: Time, Elapsed [minutes]
# name 6 = sbeox0V: Oxygen raw, SBE 43 [V]
# name 7 = flag:  0.000e+00
# span 0 =     -0.111,    181.329                 
# span 1 =     5.1893,    11.5828                 
# span 2 =   0.000245,   3.668879                 
# span 3 =     0.0031,    33.9624                 
# span 4 =         11,       4970                 
# span 5 =     0.0417,    20.7042                 
# span 6 =     1.6050,     3.0539                 
# span 7 = 0.0000e+00, 0.0000e+00                 
# interval = seconds: 0.25
# start_time = Nov 09 2023 17:18:13 [System UTC, header]
# bad_flag = -9.990e-29
*END*
[from data line 2338]
    107.863     7.5218   3.408245    33.1211       2349     9.7833     1.8775  0.000e+00
    107.808     7.5205   3.407887    33.1185       2350     9.7875     1.8765  0.000e+00
    107.752     7.5192   3.407647    33.1172       2351     9.7917     1.8755  0.000e+00
    107.698     7.5177   3.407355    33.1155       2352     9.7958     1.8746  0.000e+00
    107.644     7.5162   3.407175    33.1150       2353     9.8000     1.8740  0.000e+00
    107.587     7.5149   3.407026    33.1146       2354     9.8042     1.8721  0.000e+00
    107.524     7.5137   3.406924    33.1147       2355     9.8083     1.8730  0.000e+00
    107.462     7.5129   3.406828    33.1145       2356     9.8125     1.8709  0.000e+00
    107.403     7.5120   3.406595    33.1129       2357     9.8167     1.8727  0.000e+00
    107.340     7.5113   3.406446    33.1120       2358     9.8208     1.8728  0.000e+00
    107.276     7.5104   3.406350    33.1118       2359     9.8250     1.8734  0.000e+00
    107.204     7.5099   3.406314    33.1119       2360     9.8292     1.8740  0.000e+00
    107.144     7.5098   3.406290    33.1118       2361     9.8333     1.8748  0.000e+00
    107.085     7.5095   3.406272    33.1119       2362     9.8375     1.8743  0.000e+00
    107.022     7.5096   3.406248    33.1116       2363     9.8417     1.8733  0.000e+00
    106.959     7.5097   3.406165    33.1106       2364     9.8458     1.8746  0.000e+00
    106.903     7.5099   3.406081    33.1096       2365     9.8500     1.8752  0.000e+00
    106.842     7.5100   3.405943    33.1080       2366     9.8542     1.8740  0.000e+00
    106.790     7.5103   3.405842    33.1067       2367     9.8583     1.8756  0.000e+00
    106.736     7.5104   3.405782    33.1059       2368     9.8625     1.8753  0.000e+00
    106.684     7.5106   3.405692    33.1048       2369     9.8667     1.8749  0.000e+00
    106.630     7.5110   3.405597    33.1034       2370     9.8708     1.8747  0.000e+00
    106.567     7.5115   3.405525    33.1022       2371     9.8750     1.8752  0.000e+00
    106.501     7.5117   3.405495    33.1017       2372     9.8792     1.8756  0.000e+00
    106.445     7.5120   3.405477    33.1013       2373     9.8833     1.8751  0.000e+00
    106.380     7.5121   3.405453    33.1009       2374     9.8875     1.8750  0.000e+00
    106.321     7.5124   3.405369    33.0998       2375     9.8917     1.8753  0.000e+00
    106.251     7.5123   3.405351    33.0997       2376     9.8958     1.8757  0.000e+00
    106.184     7.5125   3.405328    33.0993       2377     9.9000     1.8742  0.000e+00
    106.116     7.5128   3.405268    33.0984       2378     9.9042     1.8739  0.000e+00
    106.055     7.5130   3.405208    33.0976       2379     9.9083     1.8737  0.000e+00
    105.990     7.5133   3.405178    33.0970       2380     9.9125     1.8731  0.000e+00
    105.927     7.5135   3.405166    33.0967       2381     9.9167     1.8738  0.000e+00
    105.868     7.5137   3.405136    33.0963       2382     9.9208     1.8718  0.000e+00
    105.814     7.5138   3.405088    33.0956       2383     9.9250     1.8724  0.000e+00
    105.760     7.5140   3.405070    33.0953       2384     9.9292     1.8723  0.000e+00
    105.708     7.5142   3.405046    33.0949       2385     9.9333     1.8734  0.000e+00
    105.665     7.5146   3.405052    33.0946       2386     9.9375     1.8733  0.000e+00
    105.611     7.5151   3.405028    33.0938       2387     9.9417     1.8728  0.000e+00
    105.562     7.5153   3.405022    33.0936       2388     9.9458     1.8737  0.000e+00
    105.524     7.5158   3.404987    33.0927       2389     9.9500     1.8744  0.000e+00
    105.488     7.5161   3.404963    33.0922       2390     9.9542     1.8742  0.000e+00
    105.445     7.5164   3.404945    33.0917       2391     9.9583     1.8738  0.000e+00
    105.411     7.5168   3.404921    33.0912       2392     9.9625     1.8740  0.000e+00
    105.371     7.5172   3.404903    33.0906       2393     9.9667     1.8737  0.000e+00
    105.336     7.5175   3.404885    33.0902       2394     9.9708     1.8738  0.000e+00
    105.298     7.5177   3.404879    33.0899       2395     9.9750     1.8743  0.000e+00
    105.253     7.5177   3.404903    33.0902       2396     9.9792     1.8737  0.000e+00
    105.202     7.5177   3.404879    33.0899       2397     9.9833     1.8732  0.000e+00
    105.158     7.5180   3.404903    33.0900       2398     9.9875     1.8710  0.000e+00
    105.091     7.5180   3.404885    33.0898       2399     9.9917     1.8721  0.000e+00
    105.033     7.5183   3.404855    33.0892       2400     9.9958     1.8729  0.000e+00
    104.970     7.5188   3.404885    33.0891       2401    10.0000     1.8715  0.000e+00
    104.893     7.5189   3.404879    33.0890       2402    10.0042     1.8715  0.000e+00
    104.827     7.5192   3.404885    33.0888       2403    10.0083     1.8714  0.000e+00
    104.749     7.5195   3.404879    33.0884       2404    10.0125     1.8727  0.000e+00
    104.672     7.5200   3.404885    33.0880       2405    10.0167     1.8728  0.000e+00
    104.593     7.5204   3.404855    33.0874       2406    10.0208     1.8741  0.000e+00
    104.508     7.5207   3.404885    33.0875       2407    10.0250     1.8756  0.000e+00
    104.433     7.5210   3.404902    33.0874       2408    10.0292     1.8772  0.000e+00
    104.354     7.5213   3.404879    33.0869       2409    10.0333     1.8795  0.000e+00
    104.282     7.5216   3.404884    33.0867       2410    10.0375     1.8808  0.000e+00
    104.208     7.5219   3.404837    33.0860       2411    10.0417     1.8813  0.000e+00
    104.136     7.5221   3.404819    33.0856       2412    10.0458     1.8823  0.000e+00
    104.070     7.5224   3.404837    33.0856       2413    10.0500     1.8818  0.000e+00
    104.010     7.5226   3.404819    33.0852       2414    10.0542     1.8834  0.000e+00
    103.947     7.5228   3.404813    33.0850       2415    10.0583     1.8826  0.000e+00
    103.892     7.5230   3.404777    33.0844       2416    10.0625     1.8839  0.000e+00
    103.840     7.5233   3.404771    33.0841       2417    10.0667     1.8828  0.000e+00
    103.782     7.5235   3.404777    33.0840       2418    10.0708     1.8821  0.000e+00
    103.728     7.5237   3.404795    33.0840       2419    10.0750     1.8823  0.000e+00
    103.674     7.5239   3.404771    33.0836       2420    10.0792     1.8815  0.000e+00
    103.618     7.5239   3.404777    33.0837       2421    10.0833     1.8815  0.000e+00
    103.568     7.5239   3.404747    33.0834       2422    10.0875     1.8808  0.000e+00
    103.516     7.5240   3.404759    33.0835       2423    10.0917     1.8807  0.000e+00
    103.469     7.5242   3.404747    33.0832       2424    10.0958     1.8802  0.000e+00
    103.419     7.5242   3.404741    33.0832       2425    10.1000     1.8794  0.000e+00
    103.367     7.5243   3.404705    33.0827       2426    10.1042     1.8789  0.000e+00
    103.318     7.5247   3.404717    33.0824       2427    10.1083     1.8795  0.000e+00
    103.264     7.5254   3.404705    33.0816       2428    10.1125     1.8782  0.000e+00
    103.212     7.5263   3.404741    33.0812       2429    10.1167     1.8782  0.000e+00
    103.151     7.5271   3.404794    33.0811       2430    10.1208     1.8785  0.000e+00
    103.093     7.5279   3.404729    33.0796       2431    10.1250     1.8769  0.000e+00
    103.036     7.5285   3.404639    33.0781       2432    10.1292     1.8766  0.000e+00
    102.975     7.5286   3.404555    33.0771       2433    10.1333     1.8764  0.000e+00
    102.921     7.5285   3.404472    33.0763       2434    10.1375     1.8775  0.000e+00
    102.867     7.5286   3.404579    33.0774       2435    10.1417     1.8779  0.000e+00
    102.809     7.5295   3.404675    33.0776       2436    10.1458     1.8788  0.000e+00
    102.754     7.5309   3.404728    33.0769       2437    10.1500     1.8792  0.000e+00
    102.701     7.5320   3.404740    33.0760       2438    10.1542     1.8790  0.000e+00
    102.653     7.5328   3.404728    33.0751       2439    10.1583     1.8804  0.000e+00
    102.597     7.5336   3.404615    33.0732       2440    10.1625     1.8816  0.000e+00
    102.541     7.5342   3.404513    33.0716       2441    10.1667     1.8823  0.000e+00
    102.496     7.5345   3.404406    33.0701       2442    10.1708     1.8816  0.000e+00
    102.437     7.5348   3.404286    33.0685       2443    10.1750     1.8817  0.000e+00
    102.381     7.5347   3.404214    33.0679       2444    10.1792     1.8821  0.000e+00
    102.326     7.5347   3.403981    33.0654       2445    10.1833     1.8811  0.000e+00
    102.268     7.5344   3.403784    33.0637       2446    10.1875     1.8810  0.000e+00
    102.212     7.5337   3.403593    33.0623       2447    10.1917     1.8819  0.000e+00
    102.157     7.5331   3.403485    33.0617       2448    10.1958     1.8816  0.000e+00
    102.101     7.5327   3.403431    33.0616       2449    10.2000     1.8832  0.000e+00
    102.042     7.5324   3.403378    33.0613       2450    10.2042     1.8824  0.000e+00
    101.984     7.5325   3.403336    33.0608       2451    10.2083     1.8834  0.000e+00
    101.918     7.5327   3.403288    33.0601       2452    10.2125     1.8857  0.000e+00
    101.851     7.5330   3.403252    33.0595       2453    10.2167     1.8837  0.000e+00
    101.790     7.5333   3.403210    33.0588       2454    10.2208     1.8847  0.000e+00
    101.729     7.5335   3.403120    33.0576       2455    10.2250     1.8864  0.000e+00
    101.664     7.5340   3.403109    33.0570       2456    10.2292     1.8857  0.000e+00
    101.603     7.5345   3.403079    33.0562       2457    10.2333     1.8847  0.000e+00
    101.535     7.5351   3.403085    33.0558       2458    10.2375     1.8859  0.000e+00
    101.473     7.5357   3.403144    33.0559       2459    10.2417     1.8853  0.000e+00
    101.407     7.5365   3.403228    33.0561       2460    10.2458     1.8856  0.000e+00
    101.348     7.5377   3.403270    33.0554       2461    10.2500     1.8842  0.000e+00
    101.285     7.5389   3.403270    33.0543       2462    10.2542     1.8837  0.000e+00
    101.218     7.5401   3.403228    33.0527       2463    10.2583     1.8853  0.000e+00
    101.161     7.5415   3.403228    33.0514       2464    10.2625     1.8844  0.000e+00
    101.100     7.5426   3.403246    33.0506       2465    10.2667     1.8858  0.000e+00
    101.044     7.5437   3.403270    33.0499       2466    10.2708     1.8847  0.000e+00
    100.981     7.5443   3.403287    33.0495       2467    10.2750     1.8844  0.000e+00
    100.923     7.5449   3.403293    33.0490       2468    10.2792     1.8851  0.000e+00
    100.873     7.5455   3.403329    33.0489       2469    10.2833     1.8847  0.000e+00
    100.819     7.5458   3.403353    33.0488       2470    10.2875     1.8853  0.000e+00
    100.769     7.5462   3.403377    33.0487       2471    10.2917     1.8866  0.000e+00
    100.715     7.5466   3.403431    33.0489       2472    10.2958     1.8867  0.000e+00
    100.668     7.5471   3.403461    33.0489       2473    10.3000     1.8882  0.000e+00
    100.618     7.5477   3.403532    33.0491       2474    10.3042     1.8891  0.000e+00
    100.562     7.5485   3.403634    33.0494       2475    10.3083     1.8897  0.000e+00
    100.510     7.5495   3.403718    33.0494       2476    10.3125     1.8884  0.000e+00
    100.456     7.5507   3.403849    33.0497       2477    10.3167     1.8889  0.000e+00
    100.400     7.5523   3.403980    33.0496       2478    10.3208     1.8905  0.000e+00
    100.348     7.5539   3.404106    33.0495       2479    10.3250     1.8897  0.000e+00
    100.289     7.5556   3.404207    33.0490       2480    10.3292     1.8910  0.000e+00
    100.226     7.5573   3.404321    33.0486       2481    10.3333     1.8911  0.000e+00
    100.164     7.5588   3.404321    33.0472       2482    10.3375     1.8916  0.000e+00
    100.111     7.5599   3.404428    33.0473       2483    10.3417     1.8908  0.000e+00
    100.051     7.5614   3.405050    33.0527       2484    10.3458     1.8915  0.000e+00
     99.983     7.5658   3.406837    33.0677       2485    10.3500     1.8907  0.000e+00
     99.915     7.5767   3.409037    33.0812       2486    10.3542     1.8913  0.000e+00
     99.852     7.5932   3.410700    33.0834       2487    10.3583     1.8924  0.000e+00
     99.789     7.6103   3.412363    33.0850       2488    10.3625     1.8923  0.000e+00
     99.726     7.6280   3.413912    33.0849       2489    10.3667     1.8929  0.000e+00
     99.665     7.6455   3.415096    33.0810       2490    10.3708     1.8933  0.000e+00
     99.604     7.6605   3.415796    33.0744       2491    10.3750     1.8927  0.000e+00
     99.548     7.6714   3.416365    33.0701       2492    10.3792     1.8941  0.000e+00
     99.492     7.6802   3.416921    33.0678       2493    10.3833     1.8940  0.000e+00
     99.438     7.6881   3.417544    33.0670       2494    10.3875     1.8948  0.000e+00
     99.384     7.6954   3.417987    33.0649       2495    10.3917     1.8947  0.000e+00
     99.332     7.7011   3.418280    33.0626       2496    10.3958     1.8947  0.000e+00
     99.284     7.7059   3.418663    33.0622       2497    10.4000     1.8949  0.000e+00
     99.233     7.7102   3.418944    33.0612       2498    10.4042     1.8950  0.000e+00
     99.187     7.7137   3.419261    33.0612       2499    10.4083     1.8952  0.000e+00
     99.136     7.7172   3.419698    33.0627       2500    10.4125     1.8961  0.000e+00
     99.088     7.7208   3.420165    33.0643       2501    10.4167     1.8960  0.000e+00
     99.032     7.7254   3.420561    33.0642       2502    10.4208     1.8965  0.000e+00
     98.980     7.7300   3.420902    33.0635       2503    10.4250     1.8970  0.000e+00
     98.924     7.7338   3.421183    33.0629       2504    10.4292     1.8974  0.000e+00
     98.872     7.7371   3.421417    33.0624       2505    10.4333     1.8983  0.000e+00
     98.809     7.7400   3.421680    33.0625       2506    10.4375     1.8975  0.000e+00
     98.748     7.7426   3.421967    33.0631       2507    10.4417     1.8978  0.000e+00
     98.679     7.7456   3.422261    33.0635       2508    10.4458     1.8992  0.000e+00
     98.609     7.7484   3.422381    33.0621       2509    10.4500     1.8986  0.000e+00
     98.543     7.7508   3.422458    33.0607       2510    10.4542     1.9025  0.000e+00
     98.480     7.7525   3.422482    33.0593       2511    10.4583     1.9031  0.000e+00
     98.408     7.7536   3.422518    33.0588       2512    10.4625     1.9054  0.000e+00
     98.336     7.7547   3.422566    33.0582       2513    10.4667     1.9040  0.000e+00
     98.266     7.7557   3.422668    33.0585       2514    10.4708     1.9044  0.000e+00
     98.190     7.7569   3.422758    33.0583       2515    10.4750     1.9028  0.000e+00
     98.113     7.7582   3.422853    33.0581       2516    10.4792     1.9054  0.000e+00
     98.036     7.7595   3.422949    33.0579       2517    10.4833     1.9050  0.000e+00
     97.959     7.7610   3.423075    33.0579       2518    10.4875     1.9057  0.000e+00
     97.883     7.7626   3.423321    33.0590       2519    10.4917     1.9057  0.000e+00
     97.804     7.7652   3.423632    33.0600       2520    10.4958     1.9079  0.000e+00
     97.732     7.7686   3.424135    33.0622       2521    10.5000     1.9086  0.000e+00
     97.660     7.7730   3.424554    33.0626       2522    10.5042     1.9089  0.000e+00
     97.588     7.7777   3.424842    33.0612       2523    10.5083     1.9086  0.000e+00
     97.525     7.7823   3.425213    33.0609       2524    10.5125     1.9096  0.000e+00
     97.462     7.7869   3.425399    33.0585       2525    10.5167     1.9118  0.000e+00
     97.403     7.7906   3.425477    33.0559       2526    10.5208     1.9114  0.000e+00
