PC2305/sbe143.cnv
* Sea-Bird SBE 19plus V2 Data File:
* FileName = C:\cruise\data\sbe143.hex
* Software Version Seasave V 7.26.7.121
* Temperature SN = 7142
* Conductivity SN = 7142
* System UpLoad Time = Nov 10 2023 19:46:33
** Cruise: PC2205
** Program: ECOMON
# nquan = 8
# nvalues = 4637                                  
# units = specified
# name 0 = depSM: Depth [salt water, m], lat = 40.00
# name 1 = tv290C: Temperature [ITS-90, deg C]
# name 2 = c0S/m: Conductivity [S/m]
# name 3 = sal00: Salinity, Practical [PSU]
# name 4 = scan: Scan Count
# name 5 = timeM: Time, Elapsed [minutes]
# name 6 = sbeox0V: Oxygen raw, SBE 43 [V]
# name 7 = flag:  0.000e+00
# span 0 =     -0.119,    114.242                 
# span 1 =     8.5670,    10.0503                 
# span 2 =   0.000135,   3.581483                 
# span 3 =     0.0046,    33.4890                 
# span 4 =         11,       4647                 
# span 5 =     0.0417,    19.3583                 
# span 6 =     1.7800,     2.8525                 
# span 7 = 0.0000e+00, 0.0000e+00                 
# interval = seconds: 0.25
# start_time = Nov 10 2023 19:46:33 [System UTC, header]
# bad_flag = -9.990e-29
*END*
[from data line 3416]
     47.538     9.5461   3.537897    32.6273       3427    14.2750     2.1866  0.000e+00
     47.466     9.5450   3.537928    32.6286       3428    14.2792     2.1868  0.000e+00
     47.394     9.5439   3.537928    32.6297       3429    14.2833     2.1902  0.000e+00
     47.326     9.5437   3.537843    32.6290       3430    14.2875     2.1989  0.000e+00
     47.254     9.5439   3.537782    32.6282       3431    14.2917     2.2100  0.000e+00
     47.197     9.5444   3.537831    32.6283       3432    14.2958     2.2217  0.000e+00
     47.137     9.5444   3.537843    32.6285       3433    14.3000     2.2290  0.000e+00
     47.078     9.5442   3.537824    32.6285       3434    14.3042     2.2367  0.000e+00
     47.022     9.5443   3.537800    32.6282       3435    14.3083     2.2436  0.000e+00
     46.963     9.5442   3.537764    32.6279       3436    14.3125     2.2496  0.000e+00
     46.907     9.5447   3.537739    32.6272       3437    14.3167     2.2553  0.000e+00
     46.848     9.5450   3.537715    32.6268       3438    14.3208     2.2591  0.000e+00
     46.789     9.5455   3.537697    32.6262       3439    14.3250     2.2640  0.000e+00
     46.729     9.5458   3.537715    32.6261       3440    14.3292     2.2697  0.000e+00
     46.674     9.5459   3.537673    32.6256       3441    14.3333     2.2752  0.000e+00
     46.609     9.5465   3.537569    32.6240       3442    14.3375     2.2817  0.000e+00
     46.546     9.5474   3.537436    32.6218       3443    14.3417     2.2886  0.000e+00
     46.489     9.5488   3.537436    32.6206       3444    14.3458     2.2940  0.000e+00
     46.427     9.5494   3.537521    32.6210       3445    14.3500     2.2994  0.000e+00
     46.377     9.5494   3.537490    32.6207       3446    14.3542     2.3059  0.000e+00
     46.323     9.5496   3.537460    32.6202       3447    14.3583     2.3115  0.000e+00
     46.278     9.5497   3.537436    32.6198       3448    14.3625     2.3149  0.000e+00
     46.230     9.5502   3.537436    32.6194       3449    14.3667     2.3186  0.000e+00
     46.183     9.5503   3.537418    32.6192       3450    14.3708     2.3196  0.000e+00
     46.138     9.5504   3.537424    32.6192       3451    14.3750     2.3182  0.000e+00
     46.091     9.5506   3.537351    32.6182       3452    14.3792     2.3152  0.000e+00
     46.043     9.5510   3.537308    32.6175       3453    14.3833     2.3100  0.000e+00
     45.987     9.5519   3.537290    32.6165       3454    14.3875     2.3045  0.000e+00
     45.928     9.5521   3.537266    32.6161       3455    14.3917     2.2976  0.000e+00
     45.867     9.5528   3.537266    32.6154       3456    14.3958     2.2910  0.000e+00
     45.800     9.5526   3.537502    32.6181       3457    14.4000     2.2875  0.000e+00
     45.732     9.5503   3.537739    32.6226       3458    14.4042     2.2849  0.000e+00
     45.662     9.5473   3.537909    32.6272       3459    14.4083     2.2855  0.000e+00
     45.592     9.5444   3.537964    32.6304       3460    14.4125     2.2884  0.000e+00
     45.523     9.5424   3.537970    32.6323       3461    14.4167     2.2933  0.000e+00
     45.451     9.5411   3.537885    32.6326       3462    14.4208     2.2988  0.000e+00
     45.383     9.5409   3.537842    32.6324       3463    14.4250     2.3055  0.000e+00
     45.315     9.5413   3.537885    32.6326       3464    14.4292     2.3099  0.000e+00
     45.254     9.5413   3.537872    32.6324       3465    14.4333     2.3146  0.000e+00
     45.200     9.5418   3.537781    32.6311       3466    14.4375     2.3171  0.000e+00
     45.137     9.5425   3.537715    32.6298       3467    14.4417     2.3185  0.000e+00
     45.081     9.5436   3.537611    32.6277       3468    14.4458     2.3198  0.000e+00
     45.027     9.5455   3.537460    32.6245       3469    14.4500     2.3197  0.000e+00
     44.977     9.5475   3.537332    32.6213       3470    14.4542     2.3189  0.000e+00
     44.926     9.5492   3.537290    32.6195       3471    14.4583     2.3182  0.000e+00
     44.874     9.5503   3.537308    32.6187       3472    14.4625     2.3194  0.000e+00
     44.817     9.5510   3.537308    32.6180       3473    14.4667     2.3178  0.000e+00
     44.759     9.5513   3.537332    32.6180       3474    14.4708     2.3177  0.000e+00
     44.700     9.5514   3.537332    32.6179       3475    14.4750     2.3156  0.000e+00
     44.633     9.5513   3.537375    32.6185       3476    14.4792     2.3136  0.000e+00
     44.563     9.5504   3.537502    32.6207       3477    14.4833     2.3127  0.000e+00
     44.483     9.5494   3.537459    32.6212       3478    14.4875     2.3113  0.000e+00
     44.400     9.5492   3.537399    32.6208       3479    14.4917     2.3117  0.000e+00
     44.314     9.5490   3.537435    32.6214       3480    14.4958     2.3125  0.000e+00
     44.220     9.5494   3.537247    32.6191       3481    14.5000     2.3159  0.000e+00
     44.130     9.5506   3.537162    32.6172       3482    14.5042     2.3197  0.000e+00
     44.037     9.5520   3.537119    32.6155       3483    14.5083     2.3228  0.000e+00
     43.936     9.5532   3.537022    32.6135       3484    14.5125     2.3264  0.000e+00
     43.836     9.5546   3.536992    32.6120       3485    14.5167     2.3300  0.000e+00
     43.742     9.5553   3.536968    32.6111       3486    14.5208     2.3342  0.000e+00
     43.649     9.5563   3.536883    32.6094       3487    14.5250     2.3356  0.000e+00
     43.562     9.5572   3.536858    32.6084       3488    14.5292     2.3357  0.000e+00
     43.485     9.5575   3.536864    32.6082       3489    14.5333     2.3368  0.000e+00
     43.413     9.5578   3.536925    32.6086       3490    14.5375     2.3381  0.000e+00
     43.350     9.5569   3.537052    32.6107       3491    14.5417     2.3401  0.000e+00
     43.295     9.5565   3.536992    32.6105       3492    14.5458     2.3428  0.000e+00
     43.246     9.5563   3.536955    32.6103       3493    14.5500     2.3426  0.000e+00
     43.203     9.5561   3.536925    32.6102       3494    14.5542     2.3410  0.000e+00
     43.162     9.5558   3.537034    32.6116       3495    14.5583     2.3375  0.000e+00
     43.122     9.5551   3.537052    32.6124       3496    14.5625     2.3344  0.000e+00
     43.082     9.5552   3.536967    32.6115       3497    14.5667     2.3312  0.000e+00
     43.034     9.5552   3.536973    32.6115       3498    14.5708     2.3273  0.000e+00
     42.980     9.5558   3.536858    32.6099       3499    14.5750     2.3244  0.000e+00
     42.910     9.5565   3.536816    32.6088       3500    14.5792     2.3229  0.000e+00
     42.834     9.5574   3.536797    32.6079       3501    14.5833     2.3220  0.000e+00
     42.754     9.5581   3.536755    32.6068       3502    14.5875     2.3233  0.000e+00
     42.658     9.5589   3.536706    32.6057       3503    14.5917     2.3258  0.000e+00
     42.554     9.5596   3.536627    32.6042       3504    14.5958     2.3282  0.000e+00
     42.448     9.5603   3.536585    32.6032       3505    14.6000     2.3310  0.000e+00
     42.344     9.5614   3.536433    32.6007       3506    14.6042     2.3337  0.000e+00
     42.240     9.5628   3.536415    32.5993       3507    14.6083     2.3364  0.000e+00
     42.135     9.5637   3.536415    32.5985       3508    14.6125     2.3390  0.000e+00
     42.042     9.5644   3.536415    32.5980       3509    14.6167     2.3423  0.000e+00
     41.952     9.5644   3.536415    32.5980       3510    14.6208     2.3436  0.000e+00
     41.873     9.5645   3.536433    32.5981       3511    14.6250     2.3454  0.000e+00
     41.797     9.5645   3.536390    32.5977       3512    14.6292     2.3461  0.000e+00
     41.731     9.5644   3.536390    32.5978       3513    14.6333     2.3454  0.000e+00
     41.673     9.5645   3.536372    32.5975       3514    14.6375     2.3464  0.000e+00
     41.619     9.5645   3.536390    32.5977       3515    14.6417     2.3494  0.000e+00
     41.569     9.5645   3.536372    32.5976       3516    14.6458     2.3452  0.000e+00
     41.521     9.5651   3.536257    32.5959       3517    14.6500     2.3500  0.000e+00
     41.472     9.5658   3.536154    32.5943       3518    14.6542     2.3500  0.000e+00
     41.415     9.5673   3.536050    32.5919       3519    14.6583     2.3502  0.000e+00
     41.357     9.5684   3.536093    32.5913       3520    14.6625     2.3498  0.000e+00
     41.291     9.5691   3.536069    32.5905       3521    14.6667     2.3499  0.000e+00
     41.211     9.5702   3.535899    32.5878       3522    14.6708     2.3496  0.000e+00
     41.127     9.5711   3.535899    32.5869       3523    14.6750     2.3503  0.000e+00
     41.035     9.5718   3.535965    32.5871       3524    14.6792     2.3496  0.000e+00
     40.933     9.5721   3.535856    32.5857       3525    14.6833     2.3503  0.000e+00
     40.827     9.5726   3.535808    32.5848       3526    14.6875     2.3523  0.000e+00
     40.721     9.5732   3.535710    32.5833       3527    14.6917     2.3560  0.000e+00
     40.618     9.5751   3.535261    32.5770       3528    14.6958     2.3570  0.000e+00
     40.516     9.5796   3.534855    32.5688       3529    14.7000     2.3590  0.000e+00
     40.412     9.5865   3.534812    32.5622       3530    14.7042     2.3609  0.000e+00
     40.316     9.5930   3.534533    32.5535       3531    14.7083     2.3617  0.000e+00
     40.219     9.5993   3.534387    32.5463       3532    14.7125     2.3639  0.000e+00
     40.133     9.6071   3.534278    32.5382       3533    14.7167     2.3633  0.000e+00
     40.052     9.6150   3.534151    32.5298       3534    14.7208     2.3632  0.000e+00
     39.975     9.6220   3.534151    32.5234       3535    14.7250     2.3634  0.000e+00
     39.894     9.6270   3.534193    32.5194       3536    14.7292     2.3637  0.000e+00
     39.818     9.6286   3.534169    32.5177       3537    14.7333     2.3652  0.000e+00
     39.743     9.6321   3.534108    32.5139       3538    14.7375     2.3672  0.000e+00
     39.669     9.6384   3.533980    32.5070       3539    14.7417     2.3692  0.000e+00
     39.601     9.6470   3.533907    32.4985       3540    14.7458     2.3713  0.000e+00
     39.527     9.6562   3.533768    32.4888       3541    14.7500     2.3722  0.000e+00
     39.454     9.6654   3.533598    32.4788       3542    14.7542     2.3719  0.000e+00
     39.380     9.6749   3.533531    32.4695       3543    14.7583     2.3721  0.000e+00
     39.303     9.6829   3.533167    32.4587       3544    14.7625     2.3737  0.000e+00
     39.224     9.6898   3.532894    32.4496       3545    14.7667     2.3755  0.000e+00
     39.137     9.6951   3.533039    32.4464       3546    14.7708     2.3787  0.000e+00
     39.047     9.6980   3.532809    32.4415       3547    14.7750     2.3822  0.000e+00
     38.949     9.7007   3.532548    32.4365       3548    14.7792     2.3850  0.000e+00
     38.859     9.7030   3.532427    32.4332       3549    14.7833     2.3896  0.000e+00
     38.763     9.7046   3.532548    32.4330       3550    14.7875     2.3955  0.000e+00
     38.668     9.7053   3.532275    32.4296       3551    14.7917     2.4022  0.000e+00
     38.582     9.7072   3.531590    32.4209       3552    14.7958     2.4078  0.000e+00
     38.490     9.7099   3.531632    32.4189       3553    14.8000     2.4151  0.000e+00
     38.404     9.7124   3.530437    32.4046       3554    14.8042     2.4200  0.000e+00
     38.314     9.7193   3.528443    32.3781       3555    14.8083     2.4244  0.000e+00
     38.233     9.7307   3.526969    32.3529       3556    14.8125     2.4284  0.000e+00
     38.151     9.7445   3.525715    32.3277       3557    14.8167     2.4330  0.000e+00
     38.071     9.7586   3.523757    32.2952       3558    14.8208     2.4375  0.000e+00
     37.996     9.7736   3.521849    32.2623       3559    14.8250     2.4422  0.000e+00
     37.920     9.7882   3.520195    32.2324       3560    14.8292     2.4475  0.000e+00
     37.841     9.7998   3.519050    32.2105       3561    14.8333     2.4518  0.000e+00
     37.762     9.8075   3.518408    32.1970       3562    14.8375     2.4560  0.000e+00
     37.685     9.8117   3.518069    32.1899       3563    14.8417     2.4625  0.000e+00
     37.599     9.8141   3.517857    32.1857       3564    14.8458     2.4686  0.000e+00
     37.509     9.8151   3.517815    32.1844       3565    14.8500     2.4759  0.000e+00
     37.412     9.8158   3.517603    32.1816       3566    14.8542     2.4826  0.000e+00
     37.302     9.8163   3.517306    32.1782       3567    14.8583     2.4905  0.000e+00
     37.194     9.8156   3.517094    32.1767       3568    14.8625     2.4977  0.000e+00
     37.087     9.8152   3.516925    32.1754       3569    14.8667     2.5040  0.000e+00
     36.979     9.8147   3.516713    32.1737       3570    14.8708     2.5098  0.000e+00
     36.864     9.8139   3.516440    32.1717       3571    14.8750     2.5171  0.000e+00
     36.759     9.8132   3.516077    32.1688       3572    14.8792     2.5243  0.000e+00
     36.659     9.8122   3.515823    32.1670       3573    14.8833     2.5297  0.000e+00
     36.555     9.8113   3.515338    32.1630       3574    14.8875     2.5368  0.000e+00
     36.463     9.8099   3.514618    32.1570       3575    14.8917     2.5421  0.000e+00
     36.375     9.8085   3.513771    32.1497       3576    14.8958     2.5469  0.000e+00
     36.287     9.8064   3.512887    32.1426       3577    14.9000     2.5505  0.000e+00
     36.199     9.8038   3.512161    32.1375       3578    14.9042     2.5562  0.000e+00
     36.114     9.8015   3.511314    32.1311       3579    14.9083     2.5604  0.000e+00
     36.019     9.7991   3.510636    32.1264       3580    14.9125     2.5649  0.000e+00
     35.915     9.7974   3.510267    32.1242       3581    14.9167     2.5678  0.000e+00
     35.803     9.7957   3.509729    32.1202       3582    14.9208     2.5707  0.000e+00
     35.690     9.7947   3.509306    32.1169       3583    14.9250     2.5752  0.000e+00
     35.561     9.7933   3.508646    32.1114       3584    14.9292     2.5775  0.000e+00
     35.420     9.7923   3.508392    32.1098       3585    14.9333     2.5801  0.000e+00
     35.277     9.7915   3.508271    32.1094       3586    14.9375     2.5824  0.000e+00
     35.138     9.7907   3.507975    32.1072       3587    14.9417     2.5877  0.000e+00
     35.002     9.7906   3.507448    32.1019       3588    14.9458     2.5901  0.000e+00
     34.874     9.7910   3.506408    32.0911       3589    14.9500     2.5940  0.000e+00
     34.750     9.7915   3.505689    32.0834       3590    14.9542     2.5988  0.000e+00
     34.648     9.7924   3.505120    32.0769       3591    14.9583     2.6020  0.000e+00
     34.551     9.7926   3.504848    32.0739       3592    14.9625     2.6058  0.000e+00
     34.466     9.7932   3.504528    32.0702       3593    14.9667     2.6070  0.000e+00
     34.389     9.7933   3.504401    32.0688       3594    14.9708     2.6081  0.000e+00
     34.313     9.7935   3.504322    32.0679       3595    14.9750     2.6095  0.000e+00
     34.249     9.7935   3.504213    32.0668       3596    14.9792     2.6083  0.000e+00
     34.177     9.7935   3.504086    32.0656       3597    14.9833     2.6068  0.000e+00
     34.098     9.7935   3.504123    32.0660       3598    14.9875     2.6047  0.000e+00
     34.026     9.7933   3.504147    32.0664       3599    14.9917     2.6047  0.000e+00
     33.941     9.7933   3.503391    32.0587       3600    14.9958     2.6033  0.000e+00
     33.853     9.7921   3.502702    32.0529       3601    15.0000     2.6013  0.000e+00
     33.771     9.7905   3.501427    32.0413       3602    15.0042     2.6020  0.000e+00
     33.675     9.7881   3.500859    32.0378       3603    15.0083     2.6018  0.000e+00
     33.575     9.7857   3.500309    32.0344       3604    15.0125     2.6032  0.000e+00
     33.474     9.7847   3.499318    32.0252       3605    15.0167     2.6068  0.000e+00
