PC2305/sbe173.cnv
* Sea-Bird SBE 19plus V2 Data File:
* FileName = C:\cruise\data\sbe173.hex
* Software Version Seasave V 7.26.7.121
* Temperature SN = 7142
* Conductivity SN = 7142
* System UpLoad Time = Nov 13 2023 20:59:09
** Cruise: PC2205
** Program: ECOMON
# nquan = 8
# nvalues = 1914                                  
# units = specified
# name 0 = depSM: Depth [salt water, m], lat = 40.00
# name 1 = tv290C: Temperature [ITS-90, deg C]
# name 2 = c0S/m: Conductivity [S/m]
# name 3 = sal00: Salinity, Practical [PSU]
# name 4 = scan: Scan Count
# name 5 = timeM: Time, Elapsed [minutes]
# name 6 = sbeox0V: Oxygen raw, SBE 43 [V]
# name 7 = flag:  0.000e+00
# span 0 =      0.004,     48.749                 
# span 1 =     7.0296,    14.5116                 
# span 2 =   0.000090,   3.946345                 
# span 3 =     0.0035,    32.5778                 
# span 4 =         11,       1924                 
# span 5 =     0.0417,     8.0125                 
# span 6 =     1.9128,     3.0829                 
# span 7 = 0.0000e+00, 0.0000e+00                 
# interval = seconds: 0.25
# start_time = Nov 13 2023 20:59:09 [System UTC, header]
# bad_flag = -9.990e-29
*END*
[from data line 360]
     25.297    14.3010   3.881433    31.8448        371     1.5417     2.4307  0.000e+00
     25.446    14.3099   3.881616    31.8391        372     1.5458     2.4668  0.000e+00
     25.591    14.3141   3.881824    31.8375        373     1.5500     2.4970  0.000e+00
     25.728    14.3168   3.881975    31.8366        374     1.5542     2.5240  0.000e+00
     25.874    14.3183   3.881981    31.8354        375     1.5583     2.5456  0.000e+00
     26.019    14.3188   3.882164    31.8366        376     1.5625     2.5617  0.000e+00
     26.159    14.3197   3.882284    31.8369        377     1.5667     2.5746  0.000e+00
     26.307    14.3205   3.882322    31.8365        378     1.5708     2.5865  0.000e+00
     26.436    14.3208   3.882479    31.8377        379     1.5750     2.5958  0.000e+00
     26.574    14.3208   3.882593    31.8386        380     1.5792     2.6032  0.000e+00
     26.709    14.3212   3.882687    31.8391        381     1.5833     2.6082  0.000e+00
     26.844    14.3215   3.882801    31.8398        382     1.5875     2.6144  0.000e+00
     26.972    14.3222   3.882857    31.8397        383     1.5917     2.6187  0.000e+00
     27.106    14.3226   3.882939    31.8401        384     1.5958     2.6224  0.000e+00
     27.243    14.3229   3.883009    31.8404        385     1.6000     2.6255  0.000e+00
     27.383    14.3230   3.883002    31.8402        386     1.6042     2.6297  0.000e+00
     27.520    14.3230   3.883053    31.8406        387     1.6083     2.6306  0.000e+00
     27.662    14.3229   3.883097    31.8410        388     1.6125     2.6333  0.000e+00
     27.802    14.3229   3.883122    31.8413        389     1.6167     2.6348  0.000e+00
     27.938    14.3229   3.883122    31.8412        390     1.6208     2.6361  0.000e+00
     28.088    14.3228   3.883236    31.8423        391     1.6250     2.6384  0.000e+00
     28.226    14.3231   3.883280    31.8424        392     1.6292     2.6392  0.000e+00
     28.368    14.3231   3.883305    31.8425        393     1.6333     2.6405  0.000e+00
     28.510    14.3232   3.883337    31.8427        394     1.6375     2.6400  0.000e+00
     28.654    14.3232   3.883394    31.8432        395     1.6417     2.6396  0.000e+00
     28.790    14.3232   3.883438    31.8435        396     1.6458     2.6382  0.000e+00
     28.934    14.3235   3.883431    31.8431        397     1.6500     2.6382  0.000e+00
     29.071    14.3238   3.883419    31.8427        398     1.6542     2.6395  0.000e+00
     29.211    14.3236   3.883419    31.8428        399     1.6583     2.6409  0.000e+00
     29.344    14.3233   3.883406    31.8429        400     1.6625     2.6429  0.000e+00
     29.479    14.3231   3.883419    31.8432        401     1.6667     2.6429  0.000e+00
     29.608    14.3229   3.883406    31.8432        402     1.6708     2.6430  0.000e+00
     29.743    14.3224   3.883369    31.8432        403     1.6750     2.6436  0.000e+00
     29.872    14.3221   3.883350    31.8432        404     1.6792     2.6451  0.000e+00
     30.007    14.3216   3.883381    31.8438        405     1.6833     2.6451  0.000e+00
     30.140    14.3217   3.883394    31.8438        406     1.6875     2.6452  0.000e+00
     30.273    14.3219   3.883419    31.8438        407     1.6917     2.6471  0.000e+00
     30.408    14.3215   3.883407    31.8440        408     1.6958     2.6464  0.000e+00
     30.548    14.3214   3.883369    31.8437        409     1.7000     2.6456  0.000e+00
     30.686    14.3209   3.883350    31.8439        410     1.7042     2.6446  0.000e+00
     30.825    14.3206   3.883338    31.8439        411     1.7083     2.6432  0.000e+00
     30.961    14.3205   3.883325    31.8439        412     1.7125     2.6445  0.000e+00
     31.107    14.3199   3.883281    31.8439        413     1.7167     2.6445  0.000e+00
     31.247    14.3194   3.883313    31.8445        414     1.7208     2.6442  0.000e+00
     31.394    14.3192   3.883420    31.8456        415     1.7250     2.6446  0.000e+00
     31.540    14.3192   3.883382    31.8452        416     1.7292     2.6455  0.000e+00
     31.684    14.3192   3.883420    31.8455        417     1.7333     2.6451  0.000e+00
     31.822    14.3192   3.883483    31.8461        418     1.7375     2.6458  0.000e+00
     31.968    14.3194   3.883502    31.8460        419     1.7417     2.6456  0.000e+00
     32.108    14.3193   3.883439    31.8454        420     1.7458     2.6451  0.000e+00
     32.250    14.3192   3.883420    31.8453        421     1.7500     2.6435  0.000e+00
     32.385    14.3189   3.883502    31.8463        422     1.7542     2.6435  0.000e+00
     32.518    14.3187   3.883553    31.8468        423     1.7583     2.6432  0.000e+00
     32.654    14.3188   3.883578    31.8469        424     1.7625     2.6432  0.000e+00
     32.784    14.3190   3.883622    31.8471        425     1.7667     2.6432  0.000e+00
     32.918    14.3194   3.883603    31.8466        426     1.7708     2.6435  0.000e+00
     33.051    14.3195   3.883603    31.8464        427     1.7750     2.6445  0.000e+00
     33.179    14.3196   3.883622    31.8464        428     1.7792     2.6443  0.000e+00
     33.316    14.3195   3.883622    31.8465        429     1.7833     2.6435  0.000e+00
     33.445    14.3196   3.883717    31.8472        430     1.7875     2.6436  0.000e+00
     33.576    14.3197   3.883780    31.8477        431     1.7917     2.6433  0.000e+00
     33.711    14.3199   3.883761    31.8473        432     1.7958     2.6438  0.000e+00
     33.846    14.3204   3.883717    31.8464        433     1.8000     2.6438  0.000e+00
     33.982    14.3201   3.883484    31.8445        434     1.8042     2.6448  0.000e+00
     34.121    14.3191   3.883257    31.8432        435     1.8083     2.6446  0.000e+00
     34.268    14.3177   3.882526    31.8376        436     1.8125     2.6442  0.000e+00
     34.414    14.3143   3.882419    31.8394        437     1.8167     2.6431  0.000e+00
     34.554    14.3110   3.882394    31.8418        438     1.8208     2.6425  0.000e+00
     34.699    14.3090   3.882451    31.8439        439     1.8250     2.6408  0.000e+00
     34.849    14.3081   3.882123    31.8416        440     1.8292     2.6395  0.000e+00
     35.007    14.3070   3.882123    31.8425        441     1.8333     2.6380  0.000e+00
     35.151    14.3059   3.882382    31.8457        442     1.8375     2.6368  0.000e+00
     35.302    14.3060   3.882508    31.8467        443     1.8417     2.6342  0.000e+00
     35.442    14.3067   3.882766    31.8484        444     1.8458     2.6334  0.000e+00
     35.586    14.3079   3.882621    31.8461        445     1.8500     2.6319  0.000e+00
     35.727    14.3085   3.882987    31.8488        446     1.8542     2.6323  0.000e+00
     35.869    14.3094   3.882691    31.8453        447     1.8583     2.6324  0.000e+00
     36.008    14.3098   3.882552    31.8437        448     1.8625     2.6320  0.000e+00
     36.141    14.3091   3.882848    31.8469        449     1.8667     2.6330  0.000e+00
     36.274    14.3095   3.883100    31.8488        450     1.8708     2.6336  0.000e+00
     36.409    14.3107   3.883214    31.8488        451     1.8750     2.6331  0.000e+00
     36.536    14.3119   3.883422    31.8497        452     1.8792     2.6343  0.000e+00
     36.666    14.3131   3.883075    31.8454        453     1.8833     2.6354  0.000e+00
     36.795    14.3130   3.882760    31.8426        454     1.8875     2.6373  0.000e+00
     36.923    14.3113   3.882578    31.8423        455     1.8917     2.6385  0.000e+00
     37.048    14.3097   3.882118    31.8394        456     1.8958     2.6386  0.000e+00
     37.178    14.3070   3.881916    31.8398        457     1.9000     2.6390  0.000e+00
     37.305    14.3048   3.882005    31.8423        458     1.9042     2.6387  0.000e+00
     37.437    14.3036   3.881715    31.8405        459     1.9083     2.6389  0.000e+00
     37.573    14.3024   3.881551    31.8401        460     1.9125     2.6377  0.000e+00
     37.708    14.3007   3.881621    31.8420        461     1.9167     2.6371  0.000e+00
     37.846    14.2996   3.881255    31.8395        462     1.9208     2.6367  0.000e+00
     37.979    14.2981   3.880644    31.8351        463     1.9250     2.6349  0.000e+00
     38.123    14.2951   3.880355    31.8349        464     1.9292     2.6356  0.000e+00
     38.269    14.2920   3.880619    31.8398        465     1.9333     2.6356  0.000e+00
     38.418    14.2909   3.880916    31.8434        466     1.9375     2.6358  0.000e+00
     38.560    14.2914   3.880808    31.8419        467     1.9417     2.6352  0.000e+00
     38.705    14.2919   3.880714    31.8406        468     1.9458     2.6350  0.000e+00
     38.855    14.2914   3.880500    31.8390        469     1.9500     2.6360  0.000e+00
     38.998    14.2903   3.880280    31.8378        470     1.9542     2.6377  0.000e+00
     39.144    14.2889   3.880254    31.8387        471     1.9583     2.6389  0.000e+00
     39.286    14.2877   3.880311    31.8401        472     1.9625     2.6394  0.000e+00
     39.433    14.2874   3.880576    31.8428        473     1.9667     2.6394  0.000e+00
     39.581    14.2880   3.880009    31.8370        474     1.9708     2.6393  0.000e+00
     39.728    14.2872   3.880645    31.8434        475     1.9750     2.6397  0.000e+00
     39.867    14.2877   3.880897    31.8453        476     1.9792     2.6410  0.000e+00
     40.005    14.2897   3.880576    31.8406        477     1.9833     2.6416  0.000e+00
     40.145    14.2898   3.880242    31.8375        478     1.9875     2.6422  0.000e+00
     40.285    14.2883   3.880255    31.8387        479     1.9917     2.6409  0.000e+00
     40.422    14.2871   3.879713    31.8347        480     1.9958     2.6413  0.000e+00
     40.553    14.2849   3.879436    31.8340        481     2.0000     2.6403  0.000e+00
     40.679    14.2821   3.879210    31.8342        482     2.0042     2.6384  0.000e+00
     40.812    14.2801   3.879002    31.8339        483     2.0083     2.6374  0.000e+00
     40.939    14.2783   3.879052    31.8358        484     2.0125     2.6382  0.000e+00
     41.067    14.2770   3.878939    31.8357        485     2.0167     2.6388  0.000e+00
     41.204    14.2761   3.878738    31.8346        486     2.0208     2.6402  0.000e+00
     41.333    14.2749   3.878870    31.8367        487     2.0250     2.6413  0.000e+00
     41.466    14.2742   3.878530    31.8341        488     2.0292     2.6436  0.000e+00
     41.595    14.2731   3.878480    31.8345        489     2.0333     2.6436  0.000e+00
     41.727    14.2720   3.878392    31.8346        490     2.0375     2.6450  0.000e+00
     41.861    14.2707   3.878379    31.8355        491     2.0417     2.6452  0.000e+00
     42.000    14.2701   3.878077    31.8331        492     2.0458     2.6445  0.000e+00
     42.138    14.2690   3.877668    31.8303        493     2.0500     2.6419  0.000e+00
     42.278    14.2667   3.877693    31.8323        494     2.0542     2.6397  0.000e+00
     42.420    14.2651   3.877485    31.8317        495     2.0583     2.6377  0.000e+00
     42.564    14.2638   3.877756    31.8352        496     2.0625     2.6366  0.000e+00
     42.704    14.2634   3.877976    31.8375        497     2.0667     2.6373  0.000e+00
     42.848    14.2642   3.877983    31.8369        498     2.0708     2.6358  0.000e+00
     42.992    14.2648   3.877932    31.8358        499     2.0750     2.6369  0.000e+00
     43.137    14.2652   3.878052    31.8366        500     2.0792     2.6387  0.000e+00
     43.272    14.2655   3.878147    31.8371        501     2.0833     2.6392  0.000e+00
     43.409    14.2662   3.878166    31.8366        502     2.0875     2.6406  0.000e+00
     43.549    14.2666   3.878329    31.8378        503     2.0917     2.6406  0.000e+00
     43.680    14.2675   3.879098    31.8440        504     2.0958     2.6405  0.000e+00
     43.811    14.2701   3.879646    31.8468        505     2.1000     2.6410  0.000e+00
     43.948    14.2737   3.879916    31.8463        506     2.1042     2.6405  0.000e+00
     44.076    14.2767   3.880030    31.8447        507     2.1083     2.6429  0.000e+00
     44.198    14.2788   3.880124    31.8439        508     2.1125     2.6426  0.000e+00
     44.327    14.2803   3.880194    31.8432        509     2.1167     2.6415  0.000e+00
     44.450    14.2812   3.880408    31.8444        510     2.1208     2.6405  0.000e+00
     44.583    14.2826   3.880420    31.8433        511     2.1250     2.6384  0.000e+00
     44.710    14.2838   3.880830    31.8460        512     2.1292     2.6386  0.000e+00
     44.843    14.2850   3.880905    31.8457        513     2.1333     2.6372  0.000e+00
     44.980    14.2865   3.880899    31.8443        514     2.1375     2.6383  0.000e+00
     45.116    14.2873   3.880943    31.8440        515     2.1417     2.6387  0.000e+00
     45.253    14.2877   3.881504    31.8488        516     2.1458     2.6374  0.000e+00
     45.393    14.2894   3.882695    31.8582        517     2.1500     2.6369  0.000e+00
     45.530    14.2938   3.883262    31.8596        518     2.1542     2.6350  0.000e+00
     45.668    14.2986   3.883791    31.8605        519     2.1583     2.6327  0.000e+00
     45.810    14.3035   3.884881    31.8664        520     2.1625     2.6309  0.000e+00
     45.947    14.3091   3.887805    31.8884        521     2.1667     2.6298  0.000e+00
     46.081    14.3183   3.889009    31.8917        522     2.1708     2.6287  0.000e+00
     46.220    14.3273   3.889759    31.8912        523     2.1750     2.6293  0.000e+00
     46.355    14.3345   3.890264    31.8898        524     2.1792     2.6283  0.000e+00
     46.482    14.3393   3.891014    31.8926        525     2.1833     2.6268  0.000e+00
     46.613    14.3433   3.891581    31.8945        526     2.1875     2.6261  0.000e+00
     46.741    14.3471   3.891865    31.8939        527     2.1917     2.6224  0.000e+00
     46.867    14.3497   3.892679    31.8991        528     2.1958     2.6187  0.000e+00
     46.991    14.3524   3.895605    31.9236        529     2.2000     2.6160  0.000e+00
     47.118    14.3586   3.900319    31.9614        530     2.2042     2.6120  0.000e+00
     47.244    14.3715   3.914259    32.0780        531     2.2083     2.6067  0.000e+00
     47.375    14.3947   3.932055    32.2212        532     2.2125     2.6021  0.000e+00
     47.505    14.4270   3.939042    32.2580        533     2.2167     2.5970  0.000e+00
     47.642    14.4586   3.941659    32.2555        534     2.2208     2.5895  0.000e+00
     47.773    14.4809   3.942940    32.2486        535     2.2250     2.5746  0.000e+00
     47.902    14.4933   3.942984    32.2386        536     2.2292     2.5473  0.000e+00
     48.039    14.4976   3.943586    32.2405        537     2.2333     2.5036  0.000e+00
     48.170    14.4983   3.944094    32.2445        538     2.2375     2.4487  0.000e+00
     48.310    14.4972   3.944449    32.2486        539     2.2417     2.3882  0.000e+00
     48.440    14.4949   3.944956    32.2550        540     2.2458     2.3280  0.000e+00
     48.578    14.4925   3.945463    32.2616        541     2.2500     2.2707  0.000e+00
     48.686    14.4893   3.941152    32.2250        542     2.2542     2.2201  0.000e+00
     48.741    14.4835   3.944233    32.2579        543     2.2583     2.1746  0.000e+00
     48.749    14.4782   3.945153    32.2706        544     2.2625     2.1347  0.000e+00
     48.706    14.4763   3.945559    32.2760        545     2.2667     2.0986  0.000e+00
     48.628    14.4756   3.945768    32.2785        546     2.2708     2.0689  0.000e+00
     48.569    14.4767   3.945907    32.2788        547     2.2750     2.0454  0.000e+00
     48.531    14.4788   3.945926    32.2772        548     2.2792     2.0251  0.000e+00
     48.492    14.4808   3.946002    32.2763        549     2.2833     2.0070  0.000e+00
