PC2305/sbe107.cnv
* Sea-Bird SBE 19plus V2 Data File:
* FileName = C:\cruise\data\sbe107.hex
* Software Version Seasave V 7.26.7.121
* Temperature SN = 7142
* Conductivity SN = 7142
* System UpLoad Time = Nov 06 2023 06:59:33
** Cruise: PC2205
** Program: ECOMON
# nquan = 8
# nvalues = 2024                                  
# units = specified
# name 0 = depSM: Depth [salt water, m], lat = 40.00
# name 1 = tv290C: Temperature [ITS-90, deg C]
# name 2 = c0S/m: Conductivity [S/m]
# name 3 = sal00: Salinity, Practical [PSU]
# name 4 = scan: Scan Count
# name 5 = timeM: Time, Elapsed [minutes]
# name 6 = sbeox0V: Oxygen raw, SBE 43 [V]
# name 7 = flag:  0.000e+00
# span 0 =     -0.047,     61.590                 
# span 1 =    10.9115,    12.6481                 
# span 2 =   0.000399,   3.758267                 
# span 3 =     0.0071,    32.4552                 
# span 4 =         11,       2034                 
# span 5 =     0.0417,     8.4708                 
# span 6 =     1.9673,     2.8641                 
# span 7 = 0.0000e+00, 0.0000e+00                 
# interval = seconds: 0.25
# start_time = Nov 06 2023 06:59:33 [System UTC, header]
# bad_flag = -9.990e-29
*END*
[from data line 180]
     11.006    12.2147   3.720331    32.0953        191     0.7917     2.0931  0.000e+00
     11.120    12.2201   3.720852    32.0956        192     0.7958     2.0912  0.000e+00
     11.236    12.2276   3.721427    32.0947        193     0.8000     2.0877  0.000e+00
     11.353    12.2356   3.722010    32.0933        194     0.8042     2.0840  0.000e+00
     11.472    12.2439   3.722443    32.0903        195     0.8083     2.0802  0.000e+00
     11.601    12.2525   3.722691    32.0853        196     0.8125     2.0752  0.000e+00
     11.732    12.2614   3.723006    32.0807        197     0.8167     2.0712  0.000e+00
     11.874    12.2685   3.723050    32.0749        198     0.8208     2.0668  0.000e+00
     12.022    12.2734   3.723031    32.0705        199     0.8250     2.0622  0.000e+00
     12.173    12.2750   3.723006    32.0688        200     0.8292     2.0573  0.000e+00
     12.329    12.2757   3.722920    32.0674        201     0.8333     2.0517  0.000e+00
     12.491    12.2769   3.723322    32.0701        202     0.8375     2.0485  0.000e+00
     12.656    12.2775   3.723799    32.0741        203     0.8417     2.0434  0.000e+00
     12.816    12.2769   3.723936    32.0759        204     0.8458     2.0394  0.000e+00
     12.979    12.2755   3.723676    32.0745        205     0.8500     2.0372  0.000e+00
     13.134    12.2745   3.723440    32.0730        206     0.8542     2.0357  0.000e+00
     13.289    12.2740   3.723143    32.0705        207     0.8583     2.0343  0.000e+00
     13.441    12.2724   3.722895    32.0694        208     0.8625     2.0317  0.000e+00
     13.598    12.2702   3.723459    32.0767        209     0.8667     2.0297  0.000e+00
     13.752    12.2676   3.724073    32.0848        210     0.8708     2.0275  0.000e+00
     13.909    12.2673   3.724234    32.0865        211     0.8750     2.0251  0.000e+00
     14.067    12.2690   3.724320    32.0858        212     0.8792     2.0239  0.000e+00
     14.223    12.2727   3.724370    32.0830        213     0.8833     2.0232  0.000e+00
     14.385    12.2761   3.724184    32.0783        214     0.8875     2.0213  0.000e+00
     14.534    12.2771   3.723918    32.0747        215     0.8917     2.0222  0.000e+00
     14.678    12.2772   3.723329    32.0690        216     0.8958     2.0226  0.000e+00
     14.825    12.2759   3.722394    32.0611        217     0.9000     2.0195  0.000e+00
     14.958    12.2733   3.722078    32.0603        218     0.9042     2.0168  0.000e+00
     15.093    12.2701   3.721918    32.0614        219     0.9083     2.0134  0.000e+00
     15.222    12.2683   3.721534    32.0592        220     0.9125     2.0097  0.000e+00
     15.344    12.2661   3.720853    32.0545        221     0.9167     2.0051  0.000e+00
     15.463    12.2633   3.720357    32.0521        222     0.9208     2.0010  0.000e+00
     15.574    12.2605   3.720110    32.0521        223     0.9250     2.0000  0.000e+00
     15.684    12.2578   3.720289    32.0560        224     0.9292     1.9946  0.000e+00
     15.795    12.2561   3.721515    32.0693        225     0.9333     1.9898  0.000e+00
     15.912    12.2555   3.722667    32.0807        226     0.9375     1.9872  0.000e+00
     16.031    12.2542   3.723987    32.0944        227     0.9417     1.9842  0.000e+00
     16.140    12.2537   3.725120    32.1057        228     0.9458     1.9811  0.000e+00
     16.257    12.2563   3.725517    32.1072        229     0.9500     1.9789  0.000e+00
     16.372    12.2660   3.725870    32.1022        230     0.9542     1.9788  0.000e+00
     16.496    12.2783   3.726118    32.0940        231     0.9583     1.9785  0.000e+00
     16.618    12.2868   3.726428    32.0897        232     0.9625     1.9805  0.000e+00
     16.741    12.2923   3.726731    32.0878        233     0.9667     1.9811  0.000e+00
     16.865    12.2966   3.726979    32.0865        234     0.9708     1.9801  0.000e+00
     16.992    12.3008   3.727208    32.0850        235     0.9750     1.9795  0.000e+00
     17.123    12.3056   3.727295    32.0816        236     0.9792     1.9818  0.000e+00
     17.256    12.3104   3.727295    32.0775        237     0.9833     1.9798  0.000e+00
     17.384    12.3126   3.727320    32.0758        238     0.9875     1.9798  0.000e+00
     17.515    12.3131   3.727363    32.0757        239     0.9917     1.9780  0.000e+00
     17.643    12.3120   3.727425    32.0772        240     0.9958     1.9781  0.000e+00
     17.770    12.3106   3.727295    32.0771        241     1.0000     1.9759  0.000e+00
     17.891    12.3090   3.726979    32.0754        242     1.0042     1.9737  0.000e+00
     18.015    12.3073   3.726527    32.0725        243     1.0083     1.9717  0.000e+00
     18.137    12.3055   3.725777    32.0668        244     1.0125     1.9696  0.000e+00
     18.254    12.3032   3.726118    32.0720        245     1.0167     1.9688  0.000e+00
     18.376    12.3016   3.726750    32.0794        246     1.0208     1.9682  0.000e+00
     18.495    12.2988   3.727550    32.0894        247     1.0250     1.9688  0.000e+00
     18.626    12.2967   3.728269    32.0980        248     1.0292     1.9673  0.000e+00
     18.752    12.2974   3.728709    32.1016        249     1.0333     1.9689  0.000e+00
     18.883    12.3033   3.728981    32.0991        250     1.0375     1.9702  0.000e+00
     19.018    12.3102   3.729118    32.0944        251     1.0417     1.9749  0.000e+00
     19.160    12.3172   3.729341    32.0905        252     1.0458     1.9775  0.000e+00
     19.300    12.3236   3.729204    32.0836        253     1.0500     1.9788  0.000e+00
     19.451    12.3280   3.726186    32.0509        254     1.0542     1.9795  0.000e+00
     19.598    12.3206   3.724954    32.0454        255     1.0583     1.9809  0.000e+00
     19.751    12.2872   3.724756    32.0720        256     1.0625     1.9841  0.000e+00
     19.905    12.2547   3.724688    32.0992        257     1.0667     2.0024  0.000e+00
     20.063    12.2342   3.724509    32.1149        258     1.0708     2.0426  0.000e+00
     20.229    12.2221   3.724305    32.1233        259     1.0750     2.1019  0.000e+00
     20.383    12.2146   3.724416    32.1308        260     1.0792     2.1647  0.000e+00
     20.540    12.2106   3.724305    32.1331        261     1.0833     2.2264  0.000e+00
     20.701    12.2083   3.723871    32.1308        262     1.0875     2.2815  0.000e+00
     20.860    12.2053   3.723463    32.1294        263     1.0917     2.3274  0.000e+00
     21.012    12.2014   3.722738    32.1257        264     1.0958     2.3688  0.000e+00
     21.163    12.1962   3.722311    32.1260        265     1.1000     2.4024  0.000e+00
     21.314    12.1902   3.721784    32.1261        266     1.1042     2.4325  0.000e+00
     21.460    12.1844   3.721302    32.1263        267     1.1083     2.4565  0.000e+00
     21.604    12.1784   3.720881    32.1274        268     1.1125     2.4758  0.000e+00
     21.744    12.1732   3.720745    32.1305        269     1.1167     2.4925  0.000e+00
     21.882    12.1688   3.720540    32.1322        270     1.1208     2.5063  0.000e+00
     22.010    12.1654   3.720194    32.1318        271     1.1250     2.5170  0.000e+00
     22.134    12.1623   3.719977    32.1323        272     1.1292     2.5268  0.000e+00
     22.243    12.1592   3.719705    32.1323        273     1.1333     2.5353  0.000e+00
     22.349    12.1558   3.719408    32.1323        274     1.1375     2.5420  0.000e+00
     22.443    12.1527   3.719203    32.1330        275     1.1417     2.5482  0.000e+00
     22.529    12.1499   3.718708    32.1306        276     1.1458     2.5545  0.000e+00
     22.605    12.1463   3.718343    32.1302        277     1.1500     2.5603  0.000e+00
     22.666    12.1421   3.718027    32.1307        278     1.1542     2.5662  0.000e+00
     22.716    12.1380   3.717842    32.1325        279     1.1583     2.5717  0.000e+00
     22.759    12.1347   3.717687    32.1338        280     1.1625     2.5752  0.000e+00
     22.808    12.1317   3.717594    32.1355        281     1.1667     2.5792  0.000e+00
     22.847    12.1296   3.717526    32.1366        282     1.1708     2.5827  0.000e+00
     22.899    12.1279   3.717439    32.1372        283     1.1750     2.5836  0.000e+00
     22.960    12.1267   3.717347    32.1373        284     1.1792     2.5845  0.000e+00
     23.031    12.1256   3.717328    32.1380        285     1.1833     2.5840  0.000e+00
     23.110    12.1248   3.717347    32.1388        286     1.1875     2.5822  0.000e+00
     23.207    12.1244   3.717328    32.1390        287     1.1917     2.5830  0.000e+00
     23.313    12.1239   3.717303    32.1391        288     1.1958     2.5814  0.000e+00
     23.435    12.1237   3.717279    32.1390        289     1.2000     2.5809  0.000e+00
     23.570    12.1232   3.717260    32.1392        290     1.2042     2.5817  0.000e+00
     23.712    12.1230   3.717167    32.1384        291     1.2083     2.5804  0.000e+00
     23.866    12.1223   3.717044    32.1378        292     1.2125     2.5799  0.000e+00
     24.032    12.1215   3.716895    32.1370        293     1.2167     2.5790  0.000e+00
     24.209    12.1202   3.716734    32.1365        294     1.2208     2.5772  0.000e+00
     24.395    12.1187   3.716716    32.1375        295     1.2250     2.5773  0.000e+00
     24.583    12.1174   3.716673    32.1381        296     1.2292     2.5795  0.000e+00
     24.779    12.1166   3.716580    32.1378        297     1.2333     2.5782  0.000e+00
     24.971    12.1158   3.716351    32.1363        298     1.2375     2.5789  0.000e+00
     25.167    12.1139   3.716172    32.1361        299     1.2417     2.5795  0.000e+00
     25.352    12.1119   3.715967    32.1358        300     1.2458     2.5804  0.000e+00
     25.534    12.1094   3.715769    32.1359        301     1.2500     2.5830  0.000e+00
     25.710    12.1070   3.715584    32.1362        302     1.2542     2.5836  0.000e+00
     25.879    12.1044   3.715336    32.1359        303     1.2583     2.5849  0.000e+00
     26.043    12.1020   3.715176    32.1364        304     1.2625     2.5851  0.000e+00
     26.185    12.0991   3.714903    32.1362        305     1.2667     2.5840  0.000e+00
     26.323    12.0964   3.714903    32.1384        306     1.2708     2.5847  0.000e+00
     26.449    12.0943   3.714953    32.1407        307     1.2750     2.5847  0.000e+00
     26.557    12.0932   3.714767    32.1398        308     1.2792     2.5855  0.000e+00
     26.663    12.0923   3.714817    32.1410        309     1.2833     2.5865  0.000e+00
     26.763    12.0915   3.714768    32.1412        310     1.2875     2.5865  0.000e+00
     26.860    12.0910   3.714613    32.1401        311     1.2917     2.5849  0.000e+00
     26.948    12.0900   3.714409    32.1390        312     1.2958     2.5836  0.000e+00
     27.018    12.0888   3.714192    32.1379        313     1.3000     2.5832  0.000e+00
     27.083    12.0866   3.713914    32.1371        314     1.3042     2.5829  0.000e+00
     27.150    12.0842   3.713796    32.1380        315     1.3083     2.5827  0.000e+00
     27.220    12.0815   3.713728    32.1396        316     1.3125     2.5809  0.000e+00
     27.284    12.0798   3.713660    32.1404        317     1.3167     2.5805  0.000e+00
     27.360    12.0781   3.713611    32.1413        318     1.3208     2.5808  0.000e+00
     27.432    12.0771   3.713506    32.1412        319     1.3250     2.5804  0.000e+00
     27.505    12.0759   3.713394    32.1411        320     1.3292     2.5812  0.000e+00
     27.585    12.0746   3.713370    32.1420        321     1.3333     2.5811  0.000e+00
     27.669    12.0736   3.713351    32.1426        322     1.3375     2.5810  0.000e+00
     27.761    12.0727   3.713302    32.1428        323     1.3417     2.5799  0.000e+00
     27.852    12.0722   3.713258    32.1428        324     1.3458     2.5795  0.000e+00
     27.953    12.0715   3.713258    32.1434        325     1.3500     2.5769  0.000e+00
     28.052    12.0711   3.713258    32.1437        326     1.3542     2.5772  0.000e+00
     28.156    12.0706   3.713116    32.1427        327     1.3583     2.5773  0.000e+00
     28.262    12.0698   3.712986    32.1421        328     1.3625     2.5757  0.000e+00
     28.372    12.0686   3.712894    32.1422        329     1.3667     2.5747  0.000e+00
     28.492    12.0674   3.712782    32.1421        330     1.3708     2.5764  0.000e+00
     28.614    12.0662   3.712702    32.1423        331     1.3750     2.5773  0.000e+00
     28.733    12.0650   3.712646    32.1427        332     1.3792     2.5759  0.000e+00
     28.866    12.0639   3.712578    32.1430        333     1.3833     2.5773  0.000e+00
     29.011    12.0626   3.712485    32.1432        334     1.3875     2.5753  0.000e+00
     29.164    12.0617   3.712362    32.1427        335     1.3917     2.5744  0.000e+00
     29.319    12.0604   3.712281    32.1430        336     1.3958     2.5756  0.000e+00
     29.481    12.0591   3.712220    32.1434        337     1.4000     2.5772  0.000e+00
     29.644    12.0578   3.712127    32.1436        338     1.4042     2.5763  0.000e+00
     29.806    12.0567   3.712059    32.1438        339     1.4083     2.5743  0.000e+00
     29.959    12.0555   3.711948    32.1437        340     1.4125     2.5749  0.000e+00
     30.104    12.0544   3.711898    32.1441        341     1.4167     2.5733  0.000e+00
     30.243    12.0534   3.711855    32.1445        342     1.4208     2.5729  0.000e+00
     30.367    12.0522   3.711700    32.1440        343     1.4250     2.5721  0.000e+00
     30.491    12.0510   3.711521    32.1432        344     1.4292     2.5711  0.000e+00
     30.615    12.0492   3.711428    32.1438        345     1.4333     2.5707  0.000e+00
     30.731    12.0478   3.711360    32.1443        346     1.4375     2.5704  0.000e+00
     30.861    12.0464   3.711292    32.1449        347     1.4417     2.5692  0.000e+00
     30.983    12.0454   3.711175    32.1445        348     1.4458     2.5686  0.000e+00
     31.109    12.0443   3.711107    32.1448        349     1.4500     2.5665  0.000e+00
     31.233    12.0431   3.711088    32.1456        350     1.4542     2.5653  0.000e+00
     31.355    12.0424   3.711088    32.1462        351     1.4583     2.5641  0.000e+00
     31.479    12.0419   3.711045    32.1461        352     1.4625     2.5636  0.000e+00
     31.590    12.0416   3.711002    32.1459        353     1.4667     2.5629  0.000e+00
     31.709    12.0410   3.710909    32.1455        354     1.4708     2.5630  0.000e+00
     31.817    12.0405   3.710792    32.1447        355     1.4750     2.5627  0.000e+00
     31.919    12.0397   3.710637    32.1439        356     1.4792     2.5611  0.000e+00
     32.015    12.0386   3.710501    32.1435        357     1.4833     2.5605  0.000e+00
     32.108    12.0371   3.710396    32.1437        358     1.4875     2.5615  0.000e+00
     32.201    12.0359   3.710340    32.1442        359     1.4917     2.5595  0.000e+00
     32.297    12.0349   3.710272    32.1444        360     1.4958     2.5614  0.000e+00
     32.397    12.0340   3.710186    32.1442        361     1.5000     2.5621  0.000e+00
     32.503    12.0333   3.710118    32.1442        362     1.5042     2.5632  0.000e+00
     32.606    12.0324   3.710050    32.1443        363     1.5083     2.5622  0.000e+00
     32.715    12.0316   3.710007    32.1445        364     1.5125     2.5624  0.000e+00
     32.825    12.0306   3.709957    32.1448        365     1.5167     2.5624  0.000e+00
     32.937    12.0301   3.709871    32.1443        366     1.5208     2.5624  0.000e+00
     33.048    12.0292   3.709815    32.1445        367     1.5250     2.5639  0.000e+00
     33.154    12.0286   3.709735    32.1442        368     1.5292     2.5644  0.000e+00
     33.262    12.0280   3.709685    32.1442        369     1.5333     2.5655  0.000e+00
