PC2305/sbe154.cnv
* Sea-Bird SBE 19plus V2 Data File:
* FileName = C:\cruise\data\sbe154.hex
* Software Version Seasave V 7.26.7.121
* Temperature SN = 7142
* Conductivity SN = 7142
* System UpLoad Time = Nov 12 2023 01:24:39
** Cruise: PC2205
** Program: ECOMON
# nquan = 8
# nvalues = 2278                                  
# units = specified
# name 0 = depSM: Depth [salt water, m], lat = 40.00
# name 1 = tv290C: Temperature [ITS-90, deg C]
# name 2 = c0S/m: Conductivity [S/m]
# name 3 = sal00: Salinity, Practical [PSU]
# name 4 = scan: Scan Count
# name 5 = timeM: Time, Elapsed [minutes]
# name 6 = sbeox0V: Oxygen raw, SBE 43 [V]
# name 7 = flag:  0.000e+00
# span 0 =      0.043,    100.438                 
# span 1 =     6.6859,    11.0998                 
# span 2 =   0.003125,   3.625942                 
# span 3 =     0.0228,    33.7715                 
# span 4 =         11,       2288                 
# span 5 =     0.0417,     9.5292                 
# span 6 =     1.9023,     2.6956                 
# span 7 = 0.0000e+00, 0.0000e+00                 
# interval = seconds: 0.25
# start_time = Nov 12 2023 01:24:39 [System UTC, header]
# bad_flag = -9.990e-29
*END*
[from data line 1618]
     37.593    10.8203   3.597177    32.0917       1629     6.7833     2.6683  0.000e+00
     37.493    10.8199   3.597024    32.0905       1630     6.7875     2.6739  0.000e+00
     37.387    10.8197   3.596957    32.0902       1631     6.7917     2.6760  0.000e+00
     37.297    10.8195   3.596896    32.0898       1632     6.7958     2.6811  0.000e+00
     37.211    10.8191   3.596829    32.0894       1633     6.8000     2.6806  0.000e+00
     37.130    10.8194   3.596804    32.0890       1634     6.8042     2.6811  0.000e+00
     37.060    10.8193   3.596804    32.0891       1635     6.8083     2.6806  0.000e+00
     36.993    10.8193   3.596786    32.0889       1636     6.8125     2.6791  0.000e+00
     36.932    10.8196   3.596743    32.0883       1637     6.8167     2.6772  0.000e+00
     36.871    10.8195   3.596743    32.0884       1638     6.8208     2.6757  0.000e+00
     36.819    10.8197   3.596719    32.0880       1639     6.8250     2.6717  0.000e+00
     36.765    10.8197   3.596694    32.0878       1640     6.8292     2.6695  0.000e+00
     36.709    10.8196   3.596694    32.0879       1641     6.8333     2.6675  0.000e+00
     36.655    10.8197   3.596676    32.0876       1642     6.8375     2.6668  0.000e+00
     36.605    10.8195   3.596651    32.0876       1643     6.8417     2.6663  0.000e+00
     36.553    10.8197   3.596633    32.0872       1644     6.8458     2.6673  0.000e+00
     36.495    10.8198   3.596590    32.0868       1645     6.8500     2.6680  0.000e+00
     36.434    10.8197   3.596615    32.0871       1646     6.8542     2.6647  0.000e+00
     36.379    10.8200   3.596608    32.0868       1647     6.8583     2.6657  0.000e+00
     36.314    10.8199   3.596608    32.0870       1648     6.8625     2.6658  0.000e+00
     36.253    10.8198   3.596566    32.0866       1649     6.8667     2.6651  0.000e+00
     36.183    10.8203   3.596541    32.0860       1650     6.8708     2.6659  0.000e+00
     36.114    10.8204   3.596541    32.0859       1651     6.8750     2.6679  0.000e+00
     36.055    10.8216   3.596566    32.0851       1652     6.8792     2.6706  0.000e+00
     35.996    10.8226   3.596541    32.0840       1653     6.8833     2.6712  0.000e+00
     35.944    10.8230   3.596541    32.0837       1654     6.8875     2.6726  0.000e+00
     35.888    10.8241   3.596608    32.0834       1655     6.8917     2.6739  0.000e+00
     35.832    10.8265   3.596608    32.0814       1656     6.8958     2.6750  0.000e+00
     35.773    10.8290   3.596675    32.0799       1657     6.9000     2.6753  0.000e+00
     35.712    10.8314   3.596804    32.0791       1658     6.9042     2.6762  0.000e+00
     35.642    10.8333   3.596608    32.0755       1659     6.9083     2.6759  0.000e+00
     35.559    10.8345   3.596651    32.0749       1660     6.9125     2.6766  0.000e+00
     35.469    10.8349   3.596632    32.0744       1661     6.9167     2.6814  0.000e+00
     35.367    10.8351   3.596541    32.0734       1662     6.9208     2.6830  0.000e+00
     35.270    10.8347   3.596565    32.0740       1663     6.9250     2.6873  0.000e+00
     35.167    10.8345   3.596522    32.0738       1664     6.9292     2.6895  0.000e+00
     35.065    10.8344   3.596498    32.0737       1665     6.9333     2.6914  0.000e+00
     34.970    10.8341   3.596522    32.0743       1666     6.9375     2.6931  0.000e+00
     34.881    10.8343   3.596522    32.0741       1667     6.9417     2.6951  0.000e+00
     34.802    10.8349   3.596522    32.0736       1668     6.9458     2.6956  0.000e+00
     34.727    10.8359   3.596785    32.0754       1669     6.9500     2.6949  0.000e+00
     34.668    10.8375   3.596870    32.0748       1670     6.9542     2.6949  0.000e+00
     34.621    10.8384   3.596632    32.0717       1671     6.9583     2.6933  0.000e+00
     34.580    10.8385   3.596479    32.0701       1672     6.9625     2.6898  0.000e+00
     34.542    10.8379   3.596345    32.0693       1673     6.9667     2.6858  0.000e+00
     34.515    10.8366   3.596284    32.0699       1674     6.9708     2.6832  0.000e+00
     34.493    10.8358   3.596259    32.0703       1675     6.9750     2.6766  0.000e+00
     34.473    10.8349   3.596259    32.0712       1676     6.9792     2.6732  0.000e+00
     34.446    10.8341   3.596284    32.0721       1677     6.9833     2.6685  0.000e+00
     34.420    10.8335   3.596272    32.0725       1678     6.9875     2.6639  0.000e+00
     34.389    10.8327   3.596302    32.0735       1679     6.9917     2.6576  0.000e+00
     34.357    10.8325   3.596327    32.0740       1680     6.9958     2.6519  0.000e+00
     34.319    10.8317   3.596345    32.0748       1681     7.0000     2.6482  0.000e+00
     34.256    10.8315   3.596412    32.0757       1682     7.0042     2.6451  0.000e+00
     34.184    10.8310   3.596369    32.0758       1683     7.0083     2.6461  0.000e+00
     34.096    10.8307   3.596632    32.0787       1684     7.0125     2.6494  0.000e+00
     33.994    10.8314   3.597133    32.0831       1685     7.0167     2.6540  0.000e+00
     33.879    10.8334   3.597481    32.0848       1686     7.0208     2.6624  0.000e+00
     33.755    10.8365   3.597652    32.0839       1687     7.0250     2.6659  0.000e+00
     33.625    10.8404   3.597805    32.0820       1688     7.0292     2.6752  0.000e+00
     33.501    10.8440   3.597915    32.0800       1689     7.0333     2.6785  0.000e+00
     33.384    10.8471   3.597694    32.0751       1690     7.0375     2.6833  0.000e+00
     33.266    10.8481   3.597743    32.0748       1691     7.0417     2.6861  0.000e+00
     33.161    10.8492   3.597762    32.0740       1692     7.0458     2.6894  0.000e+00
     33.081    10.8509   3.597829    32.0733       1693     7.0500     2.6904  0.000e+00
     33.018    10.8519   3.597847    32.0726       1694     7.0542     2.6908  0.000e+00
     32.966    10.8533   3.597829    32.0713       1695     7.0583     2.6903  0.000e+00
     32.922    10.8539   3.597676    32.0692       1696     7.0625     2.6862  0.000e+00
     32.885    10.8544   3.597676    32.0688       1697     7.0667     2.6843  0.000e+00
     32.852    10.8549   3.597633    32.0679       1698     7.0708     2.6772  0.000e+00
     32.816    10.8549   3.597590    32.0675       1699     7.0750     2.6740  0.000e+00
     32.773    10.8549   3.597633    32.0679       1700     7.0792     2.6714  0.000e+00
     32.735    10.8552   3.597633    32.0677       1701     7.0833     2.6682  0.000e+00
     32.687    10.8556   3.597719    32.0683       1702     7.0875     2.6658  0.000e+00
     32.640    10.8559   3.597743    32.0682       1703     7.0917     2.6684  0.000e+00
     32.590    10.8558   3.597676    32.0677       1704     7.0958     2.6666  0.000e+00
     32.536    10.8560   3.597743    32.0682       1705     7.1000     2.6681  0.000e+00
     32.484    10.8561   3.597609    32.0668       1706     7.1042     2.6696  0.000e+00
     32.425    10.8563   3.597389    32.0645       1707     7.1083     2.6721  0.000e+00
     32.363    10.8569   3.597346    32.0635       1708     7.1125     2.6727  0.000e+00
     32.295    10.8570   3.597303    32.0630       1709     7.1167     2.6744  0.000e+00
     32.230    10.8572   3.597193    32.0618       1710     7.1208     2.6754  0.000e+00
     32.155    10.8575   3.597272    32.0624       1711     7.1250     2.6770  0.000e+00
     32.080    10.8574   3.597388    32.0636       1712     7.1292     2.6791  0.000e+00
     31.988    10.8574   3.597175    32.0615       1713     7.1333     2.6797  0.000e+00
     31.900    10.8575   3.597242    32.0622       1714     7.1375     2.6820  0.000e+00
     31.808    10.8586   3.597346    32.0623       1715     7.1417     2.6837  0.000e+00
     31.724    10.8601   3.597370    32.0613       1716     7.1458     2.6851  0.000e+00
     31.628    10.8613   3.597346    32.0600       1717     7.1500     2.6858  0.000e+00
     31.535    10.8622   3.596826    32.0541       1718     7.1542     2.6861  0.000e+00
     31.445    10.8611   3.596368    32.0506       1719     7.1583     2.6871  0.000e+00
     31.355    10.8589   3.595910    32.0480       1720     7.1625     2.6879  0.000e+00
     31.271    10.8565   3.595739    32.0484       1721     7.1667     2.6898  0.000e+00
     31.190    10.8550   3.595696    32.0493       1722     7.1708     2.6905  0.000e+00
     31.120    10.8549   3.595519    32.0477       1723     7.1750     2.6912  0.000e+00
     31.055    10.8553   3.595476    32.0470       1724     7.1792     2.6902  0.000e+00
     31.001    10.8562   3.595323    32.0447       1725     7.1833     2.6890  0.000e+00
     30.953    10.8574   3.595128    32.0417       1726     7.1875     2.6880  0.000e+00
     30.913    10.8588   3.595104    32.0403       1727     7.1917     2.6866  0.000e+00
     30.872    10.8601   3.595085    32.0390       1728     7.1958     2.6837  0.000e+00
     30.843    10.8608   3.594890    32.0364       1729     7.2000     2.6812  0.000e+00
     30.816    10.8609   3.594560    32.0331       1730     7.2042     2.6784  0.000e+00
     30.791    10.8615   3.594474    32.0318       1731     7.2083     2.6745  0.000e+00
     30.762    10.8632   3.594627    32.0318       1732     7.2125     2.6695  0.000e+00
     30.735    10.8667   3.594798    32.0305       1733     7.2167     2.6630  0.000e+00
     30.703    10.8710   3.594975    32.0284       1734     7.2208     2.6576  0.000e+00
     30.665    10.8756   3.595103    32.0257       1735     7.2250     2.6547  0.000e+00
     30.620    10.8798   3.595103    32.0220       1736     7.2292     2.6503  0.000e+00
     30.557    10.8833   3.594999    32.0180       1737     7.2333     2.6508  0.000e+00
     30.485    10.8859   3.594627    32.0121       1738     7.2375     2.6522  0.000e+00
     30.399    10.8872   3.593998    32.0047       1739     7.2417     2.6564  0.000e+00
     30.302    10.8879   3.593411    31.9984       1740     7.2458     2.6590  0.000e+00
     30.187    10.8890   3.593149    31.9949       1741     7.2500     2.6679  0.000e+00
     30.067    10.8901   3.592862    31.9911       1742     7.2542     2.6718  0.000e+00
     29.952    10.8918   3.591433    31.9756       1743     7.2583     2.6766  0.000e+00
     29.833    10.8926   3.588827    31.9491       1744     7.2625     2.6792  0.000e+00
     29.725    10.8919   3.583988    31.9019       1745     7.2667     2.6816  0.000e+00
     29.624    10.8888   3.578201    31.8474       1746     7.2708     2.6842  0.000e+00
     29.538    10.8849   3.574398    31.8132       1747     7.2750     2.6862  0.000e+00
     29.466    10.8812   3.570207    31.7750       1748     7.2792     2.6870  0.000e+00
     29.414    10.8785   3.568721    31.7627       1749     7.2833     2.6866  0.000e+00
     29.378    10.8762   3.569348    31.7708       1750     7.2875     2.6862  0.000e+00
     29.358    10.8746   3.569214    31.7709       1751     7.2917     2.6829  0.000e+00
     29.353    10.8732   3.568569    31.7658       1752     7.2958     2.6760  0.000e+00
     29.353    10.8726   3.568033    31.7610       1753     7.3000     2.6683  0.000e+00
     29.355    10.8724   3.567533    31.7562       1754     7.3042     2.6589  0.000e+00
     29.366    10.8721   3.567083    31.7520       1755     7.3083     2.6491  0.000e+00
     29.371    10.8723   3.566888    31.7500       1756     7.3125     2.6378  0.000e+00
     29.373    10.8723   3.566243    31.7436       1757     7.3167     2.6257  0.000e+00
     29.362    10.8724   3.565810    31.7392       1758     7.3208     2.6128  0.000e+00
     29.335    10.8723   3.567089    31.7520       1759     7.3250     2.6024  0.000e+00
     29.301    10.8722   3.566955    31.7507       1760     7.3292     2.5938  0.000e+00
     29.251    10.8727   3.566285    31.7437       1761     7.3333     2.5873  0.000e+00
     29.188    10.8732   3.564410    31.7247       1762     7.3375     2.5896  0.000e+00
     29.105    10.8740   3.561593    31.6962       1763     7.3417     2.5948  0.000e+00
     29.017    10.8750   3.563765    31.7169       1764     7.3458     2.6057  0.000e+00
     28.925    10.8756   3.564410    31.7227       1765     7.3500     2.6167  0.000e+00
     28.841    10.8768   3.560485    31.6830       1766     7.3542     2.6283  0.000e+00
     28.755    10.8790   3.558277    31.6592       1767     7.3583     2.6376  0.000e+00
     28.674    10.8819   3.557207    31.6462       1768     7.3625     2.6464  0.000e+00
     28.604    10.8850   3.556452    31.6361       1769     7.3667     2.6511  0.000e+00
     28.544    10.8883   3.555273    31.6216       1770     7.3708     2.6537  0.000e+00
     28.490    10.8938   3.553212    31.5966       1771     7.3750     2.6534  0.000e+00
     28.449    10.8995   3.552026    31.5799       1772     7.3792     2.6527  0.000e+00
     28.419    10.9046   3.551601    31.5714       1773     7.3833     2.6507  0.000e+00
     28.392    10.9078   3.551625    31.5689       1774     7.3875     2.6473  0.000e+00
     28.370    10.9104   3.551515    31.5656       1775     7.3917     2.6399  0.000e+00
     28.356    10.9121   3.551406    31.5630       1776     7.3958     2.6335  0.000e+00
     28.341    10.9126   3.551667    31.5652       1777     7.4000     2.6276  0.000e+00
     28.322    10.9130   3.551692    31.5651       1778     7.4042     2.6218  0.000e+00
     28.313    10.9128   3.551989    31.5682       1779     7.4083     2.6143  0.000e+00
     28.298    10.9121   3.552202    31.5709       1780     7.4125     2.6080  0.000e+00
     28.291    10.9111   3.552458    31.5743       1781     7.4167     2.6013  0.000e+00
     28.275    10.9098   3.552220    31.5731       1782     7.4208     2.5982  0.000e+00
     28.248    10.9109   3.551175    31.5618       1783     7.4250     2.5951  0.000e+00
     28.212    10.9137   3.550634    31.5540       1784     7.4292     2.5924  0.000e+00
     28.176    10.9169   3.549929    31.5444       1785     7.4333     2.5927  0.000e+00
     28.126    10.9201   3.550124    31.5436       1786     7.4375     2.5941  0.000e+00
     28.068    10.9208   3.550081    31.5425       1787     7.4417     2.5963  0.000e+00
     28.003    10.9230   3.549285    31.5329       1788     7.4458     2.6029  0.000e+00
     27.935    10.9253   3.548969    31.5278       1789     7.4500     2.6103  0.000e+00
     27.861    10.9273   3.548945    31.5258       1790     7.4542     2.6170  0.000e+00
     27.791    10.9297   3.548665    31.5211       1791     7.4583     2.6254  0.000e+00
     27.728    10.9325   3.548149    31.5136       1792     7.4625     2.6294  0.000e+00
     27.665    10.9364   3.547808    31.5069       1793     7.4667     2.6324  0.000e+00
     27.610    10.9407   3.547596    31.5012       1794     7.4708     2.6358  0.000e+00
     27.561    10.9448   3.547462    31.4963       1795     7.4750     2.6353  0.000e+00
     27.522    10.9485   3.547334    31.4919       1796     7.4792     2.6318  0.000e+00
     27.493    10.9511   3.547231    31.4887       1797     7.4833     2.6288  0.000e+00
     27.471    10.9539   3.547146    31.4854       1798     7.4875     2.6270  0.000e+00
     27.457    10.9560   3.547121    31.4834       1799     7.4917     2.6254  0.000e+00
     27.450    10.9571   3.547055    31.4818       1800     7.4958     2.6211  0.000e+00
     27.444    10.9591   3.546994    31.4795       1801     7.5000     2.6170  0.000e+00
     27.434    10.9610   3.546927    31.4772       1802     7.5042     2.6108  0.000e+00
     27.423    10.9640   3.546842    31.4738       1803     7.5083     2.6028  0.000e+00
     27.410    10.9666   3.546866    31.4718       1804     7.5125     2.5944  0.000e+00
     27.391    10.9695   3.546854    31.4692       1805     7.5167     2.5845  0.000e+00
     27.364    10.9730   3.546866    31.4664       1806     7.5208     2.5775  0.000e+00
     27.340    10.9772   3.546781    31.4619       1807     7.5250     2.5700  0.000e+00
