PC2305/sbe155.cnv
* Sea-Bird SBE 19plus V2 Data File:
* FileName = C:\cruise\data\sbe155.hex
* Software Version Seasave V 7.26.7.121
* Temperature SN = 7142
* Conductivity SN = 7142
* System UpLoad Time = Nov 12 2023 02:57:58
** Cruise: PC2205
** Program: ECOMON
# nquan = 8
# nvalues = 3452                                  
# units = specified
# name 0 = depSM: Depth [salt water, m], lat = 40.00
# name 1 = tv290C: Temperature [ITS-90, deg C]
# name 2 = c0S/m: Conductivity [S/m]
# name 3 = sal00: Salinity, Practical [PSU]
# name 4 = scan: Scan Count
# name 5 = timeM: Time, Elapsed [minutes]
# name 6 = sbeox0V: Oxygen raw, SBE 43 [V]
# name 7 = flag:  0.000e+00
# span 0 =      0.054,    201.626                 
# span 1 =     4.9279,    10.6872                 
# span 2 =   0.000346,   3.641401                 
# span 3 =     0.0036,    34.5267                 
# span 4 =         11,       3462                 
# span 5 =     0.0417,    14.4208                 
# span 6 =     1.6970,     2.7108                 
# span 7 = 0.0000e+00, 0.0000e+00                 
# interval = seconds: 0.25
# start_time = Nov 12 2023 02:57:58 [System UTC, header]
# bad_flag = -9.990e-29
*END*
[from data line 2338]
     66.593     8.5971   3.506009    33.1644       2349     9.7833     2.0387  0.000e+00
     66.496     8.6124   3.508501    33.1763       2350     9.7875     2.0397  0.000e+00
     66.392     8.6371   3.510745    33.1768       2351     9.7917     2.0407  0.000e+00
     66.295     8.6673   3.512584    33.1677       2352     9.7958     2.0411  0.000e+00
     66.200     8.6974   3.514223    33.1568       2353     9.8000     2.0421  0.000e+00
     66.101     8.7259   3.514641    33.1345       2354     9.8042     2.0432  0.000e+00
     65.991     8.7467   3.514937    33.1182       2355     9.8083     2.0446  0.000e+00
     65.883     8.7599   3.515136    33.1080       2356     9.8125     2.0441  0.000e+00
     65.791     8.7682   3.515463    33.1037       2357     9.8167     2.0449  0.000e+00
     65.678     8.7743   3.516038    33.1041       2358     9.8208     2.0479  0.000e+00
     65.569     8.7813   3.517158    33.1093       2359     9.8250     2.0486  0.000e+00
     65.452     8.7913   3.518048    33.1093       2360     9.8292     2.0498  0.000e+00
     65.338     8.8032   3.518811    33.1063       2361     9.8333     2.0526  0.000e+00
     65.218     8.8157   3.519622    33.1032       2362     9.8375     2.0538  0.000e+00
     65.094     8.8278   3.520597    33.1020       2363     9.8417     2.0562  0.000e+00
     64.965     8.8404   3.521214    33.0968       2364     9.8458     2.0593  0.000e+00
     64.830     8.8524   3.522250    33.0965       2365     9.8500     2.0606  0.000e+00
     64.691     8.8650   3.522953    33.0922       2366     9.8542     2.0635  0.000e+00
     64.555     8.8771   3.523740    33.0892       2367     9.8583     2.0651  0.000e+00
     64.418     8.8888   3.524558    33.0868       2368     9.8625     2.0666  0.000e+00
     64.301     8.9004   3.525012    33.0808       2369     9.8667     2.0684  0.000e+00
     64.175     8.9106   3.525394    33.0754       2370     9.8708     2.0709  0.000e+00
     64.057     8.9195   3.525842    33.0718       2371     9.8750     2.0729  0.000e+00
     63.949     8.9277   3.526254    33.0686       2372     9.8792     2.0752  0.000e+00
     63.845     8.9350   3.526630    33.0657       2373     9.8833     2.0768  0.000e+00
     63.739     8.9411   3.526842    33.0623       2374     9.8875     2.0791  0.000e+00
     63.642     8.9455   3.527030    33.0602       2375     9.8917     2.0815  0.000e+00
     63.539     8.9491   3.527308    33.0598       2376     9.8958     2.0827  0.000e+00
     63.426     8.9530   3.528017    33.0636       2377     9.9000     2.0841  0.000e+00
     63.318     8.9593   3.528393    33.0617       2378     9.9042     2.0866  0.000e+00
     63.212     8.9656   3.528605    33.0581       2379     9.9083     2.0863  0.000e+00
     63.102     8.9708   3.528902    33.0564       2380     9.9125     2.0871  0.000e+00
     62.996     8.9753   3.529223    33.0556       2381     9.9167     2.0874  0.000e+00
     62.887     8.9796   3.529478    33.0543       2382     9.9208     2.0882  0.000e+00
     62.782     8.9842   3.529672    33.0521       2383     9.9250     2.0888  0.000e+00
     62.682     8.9881   3.529926    33.0512       2384     9.9292     2.0908  0.000e+00
     62.585     8.9922   3.530254    33.0509       2385     9.9333     2.0910  0.000e+00
     62.486     8.9968   3.530648    33.0507       2386     9.9375     2.0926  0.000e+00
     62.387     9.0027   3.531545    33.0546       2387     9.9417     2.0942  0.000e+00
     62.297     9.0114   3.532079    33.0521       2388     9.9458     2.0962  0.000e+00
     62.207     9.0205   3.532376    33.0468       2389     9.9500     2.0963  0.000e+00
     62.097     9.0282   3.532642    33.0424       2390     9.9542     2.0971  0.000e+00
     62.000     9.0342   3.532970    33.0403       2391     9.9583     2.0974  0.000e+00
     61.898     9.0389   3.533437    33.0409       2392     9.9625     2.0984  0.000e+00
     61.795     9.0451   3.533910    33.0400       2393     9.9667     2.0994  0.000e+00
     61.680     9.0521   3.534207    33.0367       2394     9.9708     2.1012  0.000e+00
     61.571     9.0581   3.534698    33.0363       2395     9.9750     2.1032  0.000e+00
     61.450     9.0650   3.535632    33.0396       2396     9.9792     2.1031  0.000e+00
     61.342     9.0749   3.536809    33.0427       2397     9.9833     2.1013  0.000e+00
     61.231     9.0889   3.537598    33.0379       2398     9.9875     2.1020  0.000e+00
     61.125     9.1031   3.537701    33.0259       2399     9.9917     2.1042  0.000e+00
     61.026     9.1134   3.537834    33.0178       2400     9.9958     2.1065  0.000e+00
     60.927     9.1202   3.537962    33.0129       2401    10.0000     2.1078  0.000e+00
     60.830     9.1250   3.538429    33.0133       2402    10.0042     2.1100  0.000e+00
     60.749     9.1310   3.539072    33.0144       2403    10.0083     2.1114  0.000e+00
     60.663     9.1389   3.539430    33.0109       2404    10.0125     2.1127  0.000e+00
     60.580     9.1465   3.539794    33.0077       2405    10.0167     2.1127  0.000e+00
     60.498     9.1532   3.540201    33.0057       2406    10.0208     2.1144  0.000e+00
     60.401     9.1594   3.540692    33.0051       2407    10.0250     2.1162  0.000e+00
     60.307     9.1665   3.541548    33.0074       2408    10.0292     2.1172  0.000e+00
     60.208     9.1764   3.542191    33.0050       2409    10.0333     2.1180  0.000e+00
     60.100     9.1864   3.542489    32.9988       2410    10.0375     2.1207  0.000e+00
     59.993     9.1943   3.542701    32.9938       2411    10.0417     2.1219  0.000e+00
     59.879     9.2002   3.543047    32.9920       2412    10.0458     2.1245  0.000e+00
     59.766     9.2046   3.543278    32.9904       2413    10.0500     2.1255  0.000e+00
     59.647     9.2090   3.543691    32.9906       2414    10.0542     2.1263  0.000e+00
     59.516     9.2137   3.543921    32.9887       2415    10.0583     2.1278  0.000e+00
     59.392     9.2185   3.544176    32.9870       2416    10.0625     2.1287  0.000e+00
     59.268     9.2239   3.544285    32.9831       2417    10.0667     2.1312  0.000e+00
     59.142     9.2280   3.544389    32.9805       2418    10.0708     2.1344  0.000e+00
     59.031     9.2319   3.544747    32.9806       2419    10.0750     2.1365  0.000e+00
     58.916     9.2368   3.545227    32.9811       2420    10.0792     2.1400  0.000e+00
     58.815     9.2447   3.545888    32.9807       2421    10.0833     2.1423  0.000e+00
     58.727     9.2555   3.546508    32.9772       2422    10.0875     2.1436  0.000e+00
     58.639     9.2672   3.547000    32.9715       2423    10.0917     2.1455  0.000e+00
     58.556     9.2794   3.547868    32.9692       2424    10.0958     2.1474  0.000e+00
     58.483     9.2948   3.548907    32.9658       2425    10.1000     2.1474  0.000e+00
     58.404     9.3120   3.549703    32.9582       2426    10.1042     2.1477  0.000e+00
     58.330     9.3295   3.550559    32.9510       2427    10.1083     2.1479  0.000e+00
     58.256     9.3464   3.551288    32.9429       2428    10.1125     2.1475  0.000e+00
     58.168     9.3618   3.551993    32.9361       2429    10.1167     2.1476  0.000e+00
     58.091     9.3758   3.552437    32.9278       2430    10.1208     2.1467  0.000e+00
     58.005     9.3869   3.552917    32.9225       2431    10.1250     2.1476  0.000e+00
     57.904     9.3969   3.553281    32.9171       2432    10.1292     2.1476  0.000e+00
     57.814     9.4051   3.553774    32.9147       2433    10.1333     2.1502  0.000e+00
     57.706     9.4122   3.554120    32.9118       2434    10.1375     2.1523  0.000e+00
     57.580     9.4187   3.554436    32.9091       2435    10.1417     2.1554  0.000e+00
     57.462     9.4244   3.554716    32.9068       2436    10.1458     2.1566  0.000e+00
     57.334     9.4299   3.555020    32.9050       2437    10.1500     2.1594  0.000e+00
     57.214     9.4348   3.555299    32.9034       2438    10.1542     2.1625  0.000e+00
     57.092     9.4403   3.555555    32.9010       2439    10.1583     2.1651  0.000e+00
     56.960     9.4457   3.556090    32.9016       2440    10.1625     2.1682  0.000e+00
     56.847     9.4524   3.556564    32.9004       2441    10.1667     2.1713  0.000e+00
     56.741     9.4614   3.557372    32.9005       2442    10.1708     2.1748  0.000e+00
     56.644     9.4734   3.557768    32.8936       2443    10.1750     2.1773  0.000e+00
     56.552     9.4846   3.558065    32.8864       2444    10.1792     2.1791  0.000e+00
     56.471     9.4946   3.558582    32.8825       2445    10.1833     2.1819  0.000e+00
     56.408     9.5056   3.559270    32.8795       2446    10.1875     2.1833  0.000e+00
     56.336     9.5187   3.560151    32.8767       2447    10.1917     2.1848  0.000e+00
     56.272     9.5344   3.560827    32.8692       2448    10.1958     2.1866  0.000e+00
     56.212     9.5490   3.561295    32.8607       2449    10.2000     2.1866  0.000e+00
     56.160     9.5615   3.561855    32.8550       2450    10.2042     2.1877  0.000e+00
     56.090     9.5726   3.562347    32.8499       2451    10.2083     2.1894  0.000e+00
     56.020     9.5820   3.563077    32.8488       2452    10.2125     2.1900  0.000e+00
     55.945     9.5924   3.564154    32.8504       2453    10.2167     2.1905  0.000e+00
     55.864     9.6065   3.565341    32.8497       2454    10.2208     2.1916  0.000e+00
     55.758     9.6232   3.566431    32.8456       2455    10.2250     2.1948  0.000e+00
     55.655     9.6412   3.567733    32.8425       2456    10.2292     2.1956  0.000e+00
     55.545     9.6620   3.568786    32.8344       2457    10.2333     2.1993  0.000e+00
     55.436     9.6836   3.569371    32.8206       2458    10.2375     2.2018  0.000e+00
     55.314     9.7020   3.569949    32.8098       2459    10.2417     2.2042  0.000e+00
     55.191     9.7160   3.570211    32.7998       2460    10.2458     2.2064  0.000e+00
     55.067     9.7260   3.570533    32.7940       2461    10.2500     2.2093  0.000e+00
     54.934     9.7337   3.571179    32.7936       2462    10.2542     2.2126  0.000e+00
     54.803     9.7434   3.571575    32.7889       2463    10.2583     2.2154  0.000e+00
     54.676     9.7533   3.571788    32.7821       2464    10.2625     2.2231  0.000e+00
     54.537     9.7616   3.572111    32.7779       2465    10.2667     2.2271  0.000e+00
     54.413     9.7700   3.572366    32.7730       2466    10.2708     2.2306  0.000e+00
     54.296     9.7773   3.572628    32.7690       2467    10.2750     2.2364  0.000e+00
     54.169     9.7836   3.572799    32.7651       2468    10.2792     2.2419  0.000e+00
     54.043     9.7888   3.572841    32.7608       2469    10.2833     2.2454  0.000e+00
     53.932     9.7922   3.572841    32.7577       2470    10.2875     2.2496  0.000e+00
     53.836     9.7945   3.572884    32.7562       2471    10.2917     2.2549  0.000e+00
     53.721     9.7961   3.572975    32.7557       2472    10.2958     2.2567  0.000e+00
     53.626     9.7974   3.572926    32.7541       2473    10.3000     2.2595  0.000e+00
     53.545     9.7983   3.572993    32.7540       2474    10.3042     2.2624  0.000e+00
     53.450     9.7991   3.573121    32.7546       2475    10.3083     2.2648  0.000e+00
     53.367     9.8003   3.573145    32.7538       2476    10.3125     2.2665  0.000e+00
     53.281     9.8017   3.573231    32.7534       2477    10.3167     2.2700  0.000e+00
     53.200     9.8032   3.573316    32.7529       2478    10.3208     2.2727  0.000e+00
     53.123     9.8045   3.573432    32.7530       2479    10.3250     2.2751  0.000e+00
     53.033     9.8064   3.573687    32.7539       2480    10.3292     2.2771  0.000e+00
     52.952     9.8085   3.573791    32.7531       2481    10.3333     2.2793  0.000e+00
     52.853     9.8101   3.574071    32.7545       2482    10.3375     2.2800  0.000e+00
     52.747     9.8121   3.574266    32.7547       2483    10.3417     2.2811  0.000e+00
     52.639     9.8148   3.574461    32.7543       2484    10.3458     2.2835  0.000e+00
     52.524     9.8182   3.574699    32.7537       2485    10.3500     2.2833  0.000e+00
     52.402     9.8218   3.575003    32.7536       2486    10.3542     2.2854  0.000e+00
     52.285     9.8258   3.575198    32.7520       2487    10.3583     2.2860  0.000e+00
     52.159     9.8299   3.575088    32.7472       2488    10.3625     2.2890  0.000e+00
     52.055     9.8319   3.575155    32.7461       2489    10.3667     2.2904  0.000e+00
     51.942     9.8337   3.575411    32.7471       2490    10.3708     2.2930  0.000e+00
     51.841     9.8366   3.575521    32.7456       2491    10.3750     2.2952  0.000e+00
     51.749     9.8405   3.575649    32.7434       2492    10.3792     2.2964  0.000e+00
     51.661     9.8440   3.575691    32.7407       2493    10.3833     2.2983  0.000e+00
     51.589     9.8471   3.575953    32.7407       2494    10.3875     2.3002  0.000e+00
     51.505     9.8514   3.576039    32.7376       2495    10.3917     2.2999  0.000e+00
     51.433     9.8552   3.576288    32.7368       2496    10.3958     2.3015  0.000e+00
     51.361     9.8596   3.576556    32.7355       2497    10.4000     2.3029  0.000e+00
     51.289     9.8647   3.577184    32.7373       2498    10.4042     2.3014  0.000e+00
     51.210     9.8717   3.577531    32.7345       2499    10.4083     2.3015  0.000e+00
     51.127     9.8787   3.578007    32.7331       2500    10.4125     2.3011  0.000e+00
     51.034     9.8871   3.579714    32.7428       2501    10.4167     2.3022  0.000e+00
     50.935     9.9056   3.583159    32.7610       2502    10.4208     2.3021  0.000e+00
     50.825     9.9444   3.586300    32.7578       2503    10.4250     2.3024  0.000e+00
     50.701     9.9976   3.588600    32.7330       2504    10.4292     2.3051  0.000e+00
     50.597    10.0543   3.590577    32.7018       2505    10.4333     2.3070  0.000e+00
     50.461    10.1085   3.592444    32.6718       2506    10.4375     2.3098  0.000e+00
     50.333    10.1593   3.593451    32.6362       2507    10.4417     2.3135  0.000e+00
     50.209    10.2001   3.593988    32.6049       2508    10.4458     2.3167  0.000e+00
     50.083    10.2303   3.594336    32.5814       2509    10.4500     2.3239  0.000e+00
     49.970    10.2510   3.594684    32.5663       2510    10.4542     2.3303  0.000e+00
     49.867    10.2670   3.595380    32.5590       2511    10.4583     2.3377  0.000e+00
     49.756    10.2834   3.596314    32.5538       2512    10.4625     2.3454  0.000e+00
     49.664    10.3036   3.597102    32.5436       2513    10.4667     2.3503  0.000e+00
     49.580    10.3262   3.597553    32.5280       2514    10.4708     2.3596  0.000e+00
     49.499    10.3468   3.597883    32.5129       2515    10.4750     2.3675  0.000e+00
     49.422    10.3643   3.598494    32.5034       2516    10.4792     2.3749  0.000e+00
     49.342    10.3814   3.599166    32.4949       2517    10.4833     2.3852  0.000e+00
     49.271    10.3982   3.599648    32.4847       2518    10.4875     2.3940  0.000e+00
     49.206    10.4154   3.600485    32.4779       2519    10.4917     2.4021  0.000e+00
     49.132    10.4334   3.600931    32.4662       2520    10.4958     2.4116  0.000e+00
     49.062    10.4508   3.601322    32.4547       2521    10.5000     2.4205  0.000e+00
     48.987    10.4661   3.602000    32.4479       2522    10.5042     2.4287  0.000e+00
     48.904    10.4802   3.602587    32.4412       2523    10.5083     2.4396  0.000e+00
     48.818    10.4932   3.602892    32.4328       2524    10.5125     2.4491  0.000e+00
     48.703    10.5032   3.603088    32.4258       2525    10.5167     2.4574  0.000e+00
     48.598    10.5104   3.603503    32.4236       2526    10.5208     2.4658  0.000e+00
