PC2305/sbe132.cnv
* Sea-Bird SBE 19plus V2 Data File:
* FileName = C:\cruise\data\sbe132.hex
* Software Version Seasave V 7.26.7.121
* Temperature SN = 7142
* Conductivity SN = 7142
* System UpLoad Time = Nov 09 2023 10:33:34
** Cruise: PC2205
** Program: ECOMON
# nquan = 8
# nvalues = 2361                                  
# units = specified
# name 0 = depSM: Depth [salt water, m], lat = 40.00
# name 1 = tv290C: Temperature [ITS-90, deg C]
# name 2 = c0S/m: Conductivity [S/m]
# name 3 = sal00: Salinity, Practical [PSU]
# name 4 = scan: Scan Count
# name 5 = timeM: Time, Elapsed [minutes]
# name 6 = sbeox0V: Oxygen raw, SBE 43 [V]
# name 7 = flag:  0.000e+00
# span 0 =     -0.059,     93.297                 
# span 1 =     5.1736,    11.3560                 
# span 2 =   0.000233,   3.655372                 
# span 3 =     0.0031,    33.3670                 
# span 4 =         11,       2371                 
# span 5 =     0.0417,     9.8750                 
# span 6 =     1.9246,     3.0689                 
# span 7 = 0.0000e+00, 0.0000e+00                 
# interval = seconds: 0.25
# start_time = Nov 09 2023 10:33:34 [System UTC, header]
# bad_flag = -9.990e-29
*END*
[from data line 2158]
     11.078    11.1531   3.592528    31.7675       2169     9.0333     2.7599  0.000e+00
     11.010    11.1533   3.592571    31.7679       2170     9.0375     2.7603  0.000e+00
     10.946    11.1533   3.592553    31.7677       2171     9.0417     2.7600  0.000e+00
     10.877    11.1534   3.592553    31.7676       2172     9.0458     2.7605  0.000e+00
     10.805    11.1535   3.592571    31.7678       2173     9.0500     2.7618  0.000e+00
     10.739    11.1538   3.592638    31.7682       2174     9.0542     2.7638  0.000e+00
     10.678    11.1541   3.592638    31.7680       2175     9.0583     2.7634  0.000e+00
     10.620    11.1542   3.592638    31.7679       2176     9.0625     2.7627  0.000e+00
     10.557    11.1543   3.592559    31.7671       2177     9.0667     2.7622  0.000e+00
     10.494    11.1541   3.592528    31.7670       2178     9.0708     2.7611  0.000e+00
     10.439    11.1537   3.592400    31.7660       2179     9.0750     2.7614  0.000e+00
     10.378    11.1531   3.592315    31.7657       2180     9.0792     2.7598  0.000e+00
     10.307    11.1527   3.592376    31.7667       2181     9.0833     2.7593  0.000e+00
     10.255    11.1526   3.592443    31.7675       2182     9.0875     2.7583  0.000e+00
     10.191    11.1528   3.592333    31.7662       2183     9.0917     2.7576  0.000e+00
     10.131    11.1524   3.592333    31.7666       2184     9.0958     2.7582  0.000e+00
     10.070    11.1522   3.592333    31.7668       2185     9.1000     2.7585  0.000e+00
     10.006    11.1521   3.592333    31.7669       2186     9.1042     2.7587  0.000e+00
      9.950    11.1519   3.592266    31.7665       2187     9.1083     2.7599  0.000e+00
      9.889    11.1520   3.592247    31.7663       2188     9.1125     2.7615  0.000e+00
      9.831    11.1520   3.592266    31.7664       2189     9.1167     2.7598  0.000e+00
      9.774    11.1520   3.592266    31.7664       2190     9.1208     2.7579  0.000e+00
      9.714    11.1519   3.592217    31.7661       2191     9.1250     2.7562  0.000e+00
      9.657    11.1519   3.592223    31.7662       2192     9.1292     2.7550  0.000e+00
      9.608    11.1518   3.592290    31.7670       2193     9.1333     2.7544  0.000e+00
      9.549    11.1520   3.592375    31.7676       2194     9.1375     2.7518  0.000e+00
      9.501    11.1523   3.592357    31.7672       2195     9.1417     2.7513  0.000e+00
      9.447    11.1528   3.592357    31.7668       2196     9.1458     2.7490  0.000e+00
      9.395    11.1530   3.592333    31.7664       2197     9.1500     2.7486  0.000e+00
      9.335    11.1529   3.592333    31.7665       2198     9.1542     2.7476  0.000e+00
      9.280    11.1527   3.592290    31.7663       2199     9.1583     2.7451  0.000e+00
      9.220    11.1523   3.591875    31.7626       2200     9.1625     2.7420  0.000e+00
      9.159    11.1511   3.591661    31.7616       2201     9.1667     2.7409  0.000e+00
      9.102    11.1498   3.592052    31.7666       2202     9.1708     2.7406  0.000e+00
      9.046    11.1499   3.592161    31.7675       2203     9.1750     2.7420  0.000e+00
      8.988    11.1505   3.592027    31.7657       2204     9.1792     2.7425  0.000e+00
      8.933    11.1508   3.592125    31.7665       2205     9.1833     2.7452  0.000e+00
      8.879    11.1508   3.592161    31.7668       2206     9.1875     2.7466  0.000e+00
      8.821    11.1509   3.592180    31.7669       2207     9.1917     2.7510  0.000e+00
      8.764    11.1513   3.592113    31.7659       2208     9.1958     2.7540  0.000e+00
      8.708    11.1513   3.592137    31.7662       2209     9.2000     2.7566  0.000e+00
      8.650    11.1516   3.592180    31.7664       2210     9.2042     2.7592  0.000e+00
      8.598    11.1518   3.592094    31.7654       2211     9.2083     2.7598  0.000e+00
      8.537    11.1516   3.592027    31.7650       2212     9.2125     2.7612  0.000e+00
      8.482    11.1512   3.591874    31.7638       2213     9.2167     2.7629  0.000e+00
      8.424    11.1505   3.591856    31.7643       2214     9.2208     2.7637  0.000e+00
      8.365    11.1501   3.591789    31.7640       2215     9.2250     2.7651  0.000e+00
      8.302    11.1496   3.591770    31.7642       2216     9.2292     2.7648  0.000e+00
      8.235    11.1494   3.591899    31.7657       2217     9.2333     2.7646  0.000e+00
      8.169    11.1496   3.592057    31.7671       2218     9.2375     2.7629  0.000e+00
      8.104    11.1504   3.592070    31.7666       2219     9.2417     2.7618  0.000e+00
      8.034    11.1507   3.592137    31.7670       2220     9.2458     2.7601  0.000e+00
      7.968    11.1511   3.592094    31.7663       2221     9.2500     2.7577  0.000e+00
      7.903    11.1512   3.592069    31.7660       2222     9.2542     2.7577  0.000e+00
      7.836    11.1513   3.592051    31.7658       2223     9.2583     2.7575  0.000e+00
      7.772    11.1511   3.592051    31.7659       2224     9.2625     2.7573  0.000e+00
      7.712    11.1511   3.592051    31.7660       2225     9.2667     2.7570  0.000e+00
      7.653    11.1511   3.591941    31.7649       2226     9.2708     2.7593  0.000e+00
      7.597    11.1508   3.591966    31.7655       2227     9.2750     2.7596  0.000e+00
      7.529    11.1506   3.591984    31.7658       2228     9.2792     2.7608  0.000e+00
      7.470    11.1508   3.591874    31.7646       2229     9.2833     2.7590  0.000e+00
      7.407    11.1507   3.591856    31.7646       2230     9.2875     2.7590  0.000e+00
      7.351    11.1505   3.591813    31.7644       2231     9.2917     2.7575  0.000e+00
      7.285    11.1502   3.591666    31.7632       2232     9.2958     2.7542  0.000e+00
      7.223    11.1495   3.591660    31.7637       2233     9.3000     2.7573  0.000e+00
      7.164    11.1491   3.591770    31.7652       2234     9.3042     2.7550  0.000e+00
      7.107    11.1492   3.591831    31.7657       2235     9.3083     2.7573  0.000e+00
      7.058    11.1494   3.591813    31.7654       2236     9.3125     2.7579  0.000e+00
      7.011    11.1497   3.591813    31.7651       2237     9.3167     2.7596  0.000e+00
      6.966    11.1499   3.591813    31.7650       2238     9.3208     2.7602  0.000e+00
      6.921    11.1497   3.591770    31.7648       2239     9.3250     2.7603  0.000e+00
      6.873    11.1495   3.591678    31.7641       2240     9.3292     2.7602  0.000e+00
      6.826    11.1493   3.591636    31.7638       2241     9.3333     2.7602  0.000e+00
      6.781    11.1490   3.591831    31.7660       2242     9.3375     2.7609  0.000e+00
      6.733    11.1494   3.591898    31.7663       2243     9.3417     2.7611  0.000e+00
      6.682    11.1500   3.591874    31.7656       2244     9.3458     2.7601  0.000e+00
      6.625    11.1501   3.591898    31.7658       2245     9.3500     2.7611  0.000e+00
      6.557    11.1501   3.591733    31.7642       2246     9.3542     2.7634  0.000e+00
      6.478    11.1498   3.591770    31.7649       2247     9.3583     2.7634  0.000e+00
      6.400    11.1496   3.591831    31.7656       2248     9.3625     2.7633  0.000e+00
      6.314    11.1499   3.591813    31.7653       2249     9.3667     2.7619  0.000e+00
      6.235    11.1501   3.591831    31.7653       2250     9.3708     2.7616  0.000e+00
      6.161    11.1502   3.591831    31.7653       2251     9.3750     2.7624  0.000e+00
      6.098    11.1501   3.591812    31.7652       2252     9.3792     2.7632  0.000e+00
      6.035    11.1501   3.591831    31.7654       2253     9.3833     2.7637  0.000e+00
      5.976    11.1501   3.591831    31.7654       2254     9.3875     2.7647  0.000e+00
      5.929    11.1501   3.591812    31.7652       2255     9.3917     2.7640  0.000e+00
      5.890    11.1502   3.591831    31.7654       2256     9.3958     2.7653  0.000e+00
      5.841    11.1504   3.591855    31.7655       2257     9.4000     2.7662  0.000e+00
      5.793    11.1505   3.591831    31.7652       2258     9.4042     2.7672  0.000e+00
      5.741    11.1503   3.591733    31.7644       2259     9.4083     2.7659  0.000e+00
      5.689    11.1499   3.591617    31.7636       2260     9.4125     2.7662  0.000e+00
      5.635    11.1496   3.591635    31.7641       2261     9.4167     2.7637  0.000e+00
      5.584    11.1494   3.591660    31.7645       2262     9.4208     2.7632  0.000e+00
      5.521    11.1492   3.591550    31.7636       2263     9.4250     2.7626  0.000e+00
      5.455    11.1489   3.591660    31.7650       2264     9.4292     2.7615  0.000e+00
      5.396    11.1488   3.591678    31.7653       2265     9.4333     2.7615  0.000e+00
      5.333    11.1490   3.591525    31.7637       2266     9.4375     2.7624  0.000e+00
      5.273    11.1487   3.591507    31.7637       2267     9.4417     2.7645  0.000e+00
      5.216    11.1485   3.591464    31.7635       2268     9.4458     2.7655  0.000e+00
      5.155    11.1483   3.591464    31.7637       2269     9.4500     2.7677  0.000e+00
      5.101    11.1480   3.591440    31.7637       2270     9.4542     2.7679  0.000e+00
      5.051    11.1478   3.591440    31.7639       2271     9.4583     2.7673  0.000e+00
      4.988    11.1477   3.591415    31.7638       2272     9.4625     2.7666  0.000e+00
      4.926    11.1476   3.591421    31.7640       2273     9.4667     2.7663  0.000e+00
      4.867    11.1476   3.591440    31.7642       2274     9.4708     2.7656  0.000e+00
      4.804    11.1478   3.591440    31.7640       2275     9.4750     2.7668  0.000e+00
      4.731    11.1476   3.591397    31.7638       2276     9.4792     2.7652  0.000e+00
      4.664    11.1475   3.591372    31.7637       2277     9.4833     2.7646  0.000e+00
      4.590    11.1473   3.591372    31.7639       2278     9.4875     2.7637  0.000e+00
      4.520    11.1473   3.591372    31.7640       2279     9.4917     2.7621  0.000e+00
      4.454    11.1473   3.591372    31.7639       2280     9.4958     2.7621  0.000e+00
      4.402    11.1473   3.591372    31.7640       2281     9.5000     2.7624  0.000e+00
      4.364    11.1473   3.591354    31.7638       2282     9.5042     2.7631  0.000e+00
      4.324    11.1473   3.591330    31.7636       2283     9.5083     2.7622  0.000e+00
      4.294    11.1471   3.591354    31.7641       2284     9.5125     2.7626  0.000e+00
      4.265    11.1469   3.591269    31.7633       2285     9.5167     2.7608  0.000e+00
      4.231    11.1465   3.591232    31.7634       2286     9.5208     2.7590  0.000e+00
      4.190    11.1462   3.591311    31.7644       2287     9.5250     2.7590  0.000e+00
      4.136    11.1462   3.591311    31.7645       2288     9.5292     2.7586  0.000e+00
      4.075    11.1464   3.591311    31.7643       2289     9.5333     2.7583  0.000e+00
      4.003    11.1464   3.591311    31.7643       2290     9.5375     2.7582  0.000e+00
      3.927    11.1466   3.591287    31.7640       2291     9.5417     2.7599  0.000e+00
      3.841    11.1467   3.591287    31.7639       2292     9.5458     2.7606  0.000e+00
      3.758    11.1467   3.591287    31.7639       2293     9.5500     2.7618  0.000e+00
      3.670    11.1469   3.591311    31.7641       2294     9.5542     2.7624  0.000e+00
      3.595    11.1469   3.591329    31.7642       2295     9.5583     2.7645  0.000e+00
      3.527    11.1471   3.591354    31.7644       2296     9.5625     2.7648  0.000e+00
      3.473    11.1473   3.591354    31.7642       2297     9.5667     2.7666  0.000e+00
      3.429    11.1475   3.591354    31.7640       2298     9.5708     2.7679  0.000e+00
      3.392    11.1476   3.591348    31.7639       2299     9.5750     2.7675  0.000e+00
      3.367    11.1475   3.591287    31.7634       2300     9.5792     2.7669  0.000e+00
      3.338    11.1473   3.591329    31.7640       2301     9.5833     2.7647  0.000e+00
      3.329    11.1470   3.591311    31.7641       2302     9.5875     2.7626  0.000e+00
      3.322    11.1469   3.591201    31.7631       2303     9.5917     2.7611  0.000e+00
      3.293    11.1464   3.591030    31.7619       2304     9.5958     2.7589  0.000e+00
      3.266    11.1455   3.590981    31.7622       2305     9.6000     2.7556  0.000e+00
      3.234    11.1447   3.590920    31.7623       2306     9.6042     2.7540  0.000e+00
      3.192    11.1435   3.590548    31.7597       2307     9.6083     2.7566  0.000e+00
      3.113    11.1416   3.590462    31.7605       2308     9.6125     2.7567  0.000e+00
      2.989    11.1398   3.590438    31.7619       2309     9.6167     2.7605  0.000e+00
      2.869    11.1388   3.590615    31.7645       2310     9.6208     2.7625  0.000e+00
      2.736    11.1388   3.590377    31.7622       2311     9.6250     2.7663  0.000e+00
      2.608    11.1380   3.589705    31.7564       2312     9.6292     2.7689  0.000e+00
      2.511    11.1346   3.589614    31.7585       2313     9.6333     2.7727  0.000e+00
      2.445    11.1316   3.589595    31.7609       2314     9.6375     2.7753  0.000e+00
      2.409    11.1293   3.589290    31.7599       2315     9.6417     2.7760  0.000e+00
      2.398    11.1269   3.589309    31.7621       2316     9.6458     2.7754  0.000e+00
      2.414    11.1261   3.589504    31.7648       2317     9.6500     2.7727  0.000e+00
      2.430    11.1263   3.589638    31.7659       2318     9.6542     2.7698  0.000e+00
      2.446    11.1268   3.589528    31.7644       2319     9.6583     2.7653  0.000e+00
      2.464    11.1264   3.589071    31.7602       2320     9.6625     2.7600  0.000e+00
      2.470    11.1245   3.589156    31.7627       2321     9.6667     2.7527  0.000e+00
      2.468    11.1237   3.589376    31.7655       2322     9.6708     2.7501  0.000e+00
      2.439    11.1250   3.589657    31.7672       2323     9.6750     2.7499  0.000e+00
      2.324    11.1271   3.590590    31.7746       2324     9.6792     2.7503  0.000e+00
      2.173    11.1319   3.590731    31.7719       2325     9.6833     2.7549  0.000e+00
      2.012    11.1362   3.589833    31.7595       2326     9.6875     2.7596  0.000e+00
      1.877    11.1394   3.590810    31.7663       2327     9.6917     2.7656  0.000e+00
      1.774    11.1401   3.589919    31.7570       2328     9.6958     2.7701  0.000e+00
      1.720    11.1371   3.589986    31.7602       2329     9.7000     2.7735  0.000e+00
      1.690    11.1359   3.590529    31.7667       2330     9.7042     2.7743  0.000e+00
      1.670    11.1370   3.590505    31.7655       2331     9.7083     2.7747  0.000e+00
      1.659    11.1376   3.590138    31.7614       2332     9.7125     2.7746  0.000e+00
      1.640    11.1357   3.589461    31.7564       2333     9.7167     2.7724  0.000e+00
      1.600    11.1314   3.589247    31.7580       2334     9.7208     2.7701  0.000e+00
      1.578    11.1285   3.589638    31.7643       2335     9.7250     2.7696  0.000e+00
      1.544    11.1284   3.589852    31.7665       2336     9.7292     2.7679  0.000e+00
      1.490    11.1299   3.590047    31.7672       2337     9.7333     2.7663  0.000e+00
      1.417    11.1318   3.590199    31.7671       2338     9.7375     2.7665  0.000e+00
      1.348    11.1337   3.590157    31.7651       2339     9.7417     2.7676  0.000e+00
      1.316    11.1346   3.590138    31.7641       2340     9.7458     2.7686  0.000e+00
      1.293    11.1350   3.590309    31.7655       2341     9.7500     2.7676  0.000e+00
      1.267    11.1360   3.590486    31.7663       2342     9.7542     2.7656  0.000e+00
      1.237    11.1377   3.590529    31.7653       2343     9.7583     2.7647  0.000e+00
      1.197    11.1387   3.590547    31.7646       2344     9.7625     2.7627  0.000e+00
      1.131    11.1393   3.590419    31.7629       2345     9.7667     2.7631  0.000e+00
      1.046    11.1387   3.590266    31.7619       2346     9.7708     2.7628  0.000e+00
      0.964    11.1380   3.590657    31.7664       2347     9.7750     2.7656  0.000e+00
