PC2305/sbe156.cnv
* Sea-Bird SBE 19plus V2 Data File:
* FileName = C:\cruise\data\sbe156.hex
* Software Version Seasave V 7.26.7.121
* Temperature SN = 7142
* Conductivity SN = 7142
* System UpLoad Time = Nov 12 2023 03:16:15
** Cruise: PC2205
** Program: ECOMON
# nquan = 8
# nvalues = 3807                                  
# units = specified
# name 0 = depSM: Depth [salt water, m], lat = 40.00
# name 1 = tv290C: Temperature [ITS-90, deg C]
# name 2 = c0S/m: Conductivity [S/m]
# name 3 = sal00: Salinity, Practical [PSU]
# name 4 = scan: Scan Count
# name 5 = timeM: Time, Elapsed [minutes]
# name 6 = sbeox0V: Oxygen raw, SBE 43 [V]
# name 7 = flag:  0.000e+00
# span 0 =      0.039,    246.283                 
# span 1 =     6.5274,    10.6908                 
# span 2 =   0.003912,   3.654366                 
# span 3 =     0.0284,    34.6125                 
# span 4 =         11,       3817                 
# span 5 =     0.0417,    15.9000                 
# span 6 =     1.6496,     2.6902                 
# span 7 = 0.0000e+00, 0.0000e+00                 
# interval = seconds: 0.25
# start_time = Nov 12 2023 03:16:15 [System UTC, header]
# bad_flag = -9.990e-29
*END*
[from data line 720]
    106.745     8.4386   3.548417    33.7430        731     3.0417     1.8053  0.000e+00
    106.905     8.4308   3.546643    33.7317        732     3.0458     1.8053  0.000e+00
    107.088     8.4498   3.546364    33.7104        733     3.0500     1.8045  0.000e+00
    107.292     8.4793   3.545762    33.6758        734     3.0542     1.8042  0.000e+00
    107.522     8.5001   3.543284    33.6296        735     3.0583     1.8049  0.000e+00
    107.791     8.5115   3.542956    33.6152        736     3.0625     1.8055  0.000e+00
    108.095     8.4983   3.543242    33.6306        737     3.0667     1.8079  0.000e+00
    108.412     8.4776   3.544438    33.6629        738     3.0708     1.8104  0.000e+00
    108.744     8.4621   3.545508    33.6889        739     3.0750     1.8128  0.000e+00
    109.082     8.4549   3.546237    33.7033        740     3.0792     1.8176  0.000e+00
    109.417     8.4554   3.547446    33.7154        741     3.0833     1.8230  0.000e+00
    109.742     8.4582   3.548570    33.7245        742     3.0875     1.8291  0.000e+00
    110.055     8.4604   3.549815    33.7354        743     3.0917     1.8360  0.000e+00
    110.335     8.4618   3.550952    33.7459        744     3.0958     1.8433  0.000e+00
    110.574     8.4626   3.551420    33.7500        745     3.1000     1.8481  0.000e+00
    110.779     8.4658   3.550928    33.7416        746     3.1042     1.8520  0.000e+00
    110.956     8.4698   3.550150    33.7295        747     3.1083     1.8543  0.000e+00
    111.103     8.4684   3.552326    33.7538        748     3.1125     1.8543  0.000e+00
    111.222     8.4579   3.556424    33.8070        749     3.1167     1.8546  0.000e+00
    111.306     8.4447   3.558698    33.8437        750     3.1208     1.8520  0.000e+00
    111.382     8.4340   3.560505    33.8731        751     3.1250     1.8502  0.000e+00
    111.463     8.4268   3.561625    33.8918        752     3.1292     1.8472  0.000e+00
    111.556     8.4227   3.560591    33.8848        753     3.1333     1.8478  0.000e+00
    111.664     8.4220   3.557841    33.8563        754     3.1375     1.8472  0.000e+00
    111.797     8.4227   3.555822    33.8342        755     3.1417     1.8477  0.000e+00
    111.961     8.4334   3.555974    33.8255        756     3.1458     1.8491  0.000e+00
    112.167     8.4528   3.555694    33.8038        757     3.1500     1.8500  0.000e+00
    112.414     8.4666   3.553888    33.7713        758     3.1542     1.8513  0.000e+00
    112.705     8.4749   3.554405    33.7687        759     3.1583     1.8524  0.000e+00
    113.032     8.4799   3.556254    33.7833        760     3.1625     1.8526  0.000e+00
    113.383     8.4791   3.557774    33.8000        761     3.1667     1.8520  0.000e+00
    113.755     8.4765   3.560591    33.8321        762     3.1708     1.8530  0.000e+00
    114.147     8.4754   3.562252    33.8505        763     3.1750     1.8540  0.000e+00
    114.557     8.4734   3.563305    33.8634        764     3.1792     1.8553  0.000e+00
    114.940     8.4698   3.564273    33.8768        765     3.1833     1.8571  0.000e+00
    115.294     8.4676   3.565606    33.8929        766     3.1875     1.8602  0.000e+00
    115.616     8.4639   3.566105    33.9015        767     3.1917     1.8624  0.000e+00
    115.902     8.4606   3.565850    33.9019        768     3.1958     1.8645  0.000e+00
    116.141     8.4597   3.565351    33.8974        769     3.2000     1.8663  0.000e+00
    116.333     8.4623   3.566081    33.9025        770     3.2042     1.8663  0.000e+00
    116.482     8.4602   3.569339    33.9389        771     3.2083     1.8664  0.000e+00
    116.583     8.4480   3.571453    33.9730        772     3.2125     1.8659  0.000e+00
    116.653     8.4345   3.572275    33.9947        773     3.2167     1.8643  0.000e+00
    116.704     8.4228   3.572830    34.0118        774     3.2208     1.8642  0.000e+00
    116.763     8.4145   3.573250    34.0242        775     3.2250     1.8679  0.000e+00
    116.817     8.4089   3.573677    34.0341        776     3.2292     1.8711  0.000e+00
    116.887     8.4063   3.573074    34.0302        777     3.2333     1.8746  0.000e+00
    116.991     8.4052   3.571758    34.0173        778     3.2375     1.8771  0.000e+00
    117.132     8.4101   3.571886    34.0139        779     3.2417     1.8782  0.000e+00
    117.319     8.4260   3.571630    33.9957        780     3.2458     1.8777  0.000e+00
    117.547     8.4391   3.570265    33.9686        781     3.2500     1.8759  0.000e+00
    117.817     8.4478   3.569571    33.9527        782     3.2542     1.8738  0.000e+00
    118.115     8.4559   3.570162    33.9510        783     3.2583     1.8711  0.000e+00
    118.448     8.4613   3.570875    33.9532        784     3.2625     1.8670  0.000e+00
    118.802     8.4634   3.571392    33.9564        785     3.2667     1.8629  0.000e+00
    119.169     8.4648   3.571929    33.9607        786     3.2708     1.8596  0.000e+00
    119.535     8.4638   3.572276    33.9651        787     3.2750     1.8586  0.000e+00
    119.881     8.4603   3.572556    33.9712        788     3.2792     1.8572  0.000e+00
    120.204     8.4573   3.572727    33.9758        789     3.2833     1.8572  0.000e+00
    120.510     8.4558   3.573062    33.9807        790     3.2875     1.8559  0.000e+00
    120.785     8.4555   3.573897    33.9896        791     3.2917     1.8576  0.000e+00
    121.022     8.4559   3.574372    33.9941        792     3.2958     1.8568  0.000e+00
    121.220     8.4574   3.574202    33.9908        793     3.3000     1.8540  0.000e+00
    121.393     8.4574   3.573916    33.9877        794     3.3042     1.8513  0.000e+00
    121.540     8.4504   3.573940    33.9946        795     3.3083     1.8474  0.000e+00
    121.691     8.4390   3.574135    34.0077        796     3.3125     1.8433  0.000e+00
    121.831     8.4287   3.574501    34.0214        797     3.3167     1.8358  0.000e+00
    121.983     8.4210   3.575196    34.0361        798     3.3208     1.8304  0.000e+00
    122.143     8.4169   3.575153    34.0395        799     3.3250     1.8230  0.000e+00
    122.322     8.4156   3.574891    34.0379        800     3.3292     1.8159  0.000e+00
    122.524     8.4267   3.574739    34.0255        801     3.3333     1.8106  0.000e+00
    122.754     8.4380   3.574696    34.0140        802     3.3375     1.8071  0.000e+00
    122.988     8.4485   3.574440    34.0011        803     3.3417     1.8027  0.000e+00
    123.229     8.4569   3.574306    33.9914        804     3.3458     1.8000  0.000e+00
    123.478     8.4603   3.574245    33.9874        805     3.3500     1.7980  0.000e+00
    123.730     8.4597   3.574221    33.9876        806     3.3542     1.7946  0.000e+00
    123.982     8.4582   3.574355    33.9904        807     3.3583     1.7926  0.000e+00
    124.216     8.4553   3.574696    33.9966        808     3.3625     1.7891  0.000e+00
    124.437     8.4521   3.575001    34.0029        809     3.3667     1.7855  0.000e+00
    124.654     8.4496   3.575349    34.0089        810     3.3708     1.7844  0.000e+00
    124.859     8.4484   3.575690    34.0135        811     3.3750     1.7817  0.000e+00
    125.066     8.4495   3.575824    34.0138        812     3.3792     1.7794  0.000e+00
    125.266     8.4516   3.575824    34.0116        813     3.3833     1.7771  0.000e+00
    125.460     8.4541   3.575672    34.0075        814     3.3875     1.7745  0.000e+00
    125.654     8.4557   3.575605    34.0052        815     3.3917     1.7726  0.000e+00
    125.855     8.4553   3.575538    34.0048        816     3.3958     1.7699  0.000e+00
    126.062     8.4550   3.575520    34.0048        817     3.4000     1.7678  0.000e+00
    126.282     8.4548   3.575587    34.0056        818     3.4042     1.7639  0.000e+00
    126.503     8.4508   3.575563    34.0091        819     3.4083     1.7626  0.000e+00
    126.733     8.4448   3.575587    34.0151        820     3.4125     1.7597  0.000e+00
    126.977     8.4413   3.575606    34.0184        821     3.4167     1.7565  0.000e+00
    127.242     8.4386   3.575563    34.0205        822     3.4208     1.7536  0.000e+00
    127.515     8.4368   3.575606    34.0225        823     3.4250     1.7504  0.000e+00
    127.794     8.4355   3.575923    34.0271        824     3.4292     1.7494  0.000e+00
    128.074     8.4323   3.576258    34.0335        825     3.4333     1.7473  0.000e+00
    128.357     8.4293   3.576472    34.0385        826     3.4375     1.7487  0.000e+00
    128.633     8.4272   3.576734    34.0432        827     3.4417     1.7504  0.000e+00
    128.910     8.4255   3.576795    34.0454        828     3.4458     1.7542  0.000e+00
    129.166     8.4240   3.577118    34.0502        829     3.4500     1.7572  0.000e+00
    129.398     8.4239   3.577533    34.0545        830     3.4542     1.7618  0.000e+00
    129.612     8.4250   3.578136    34.0597        831     3.4583     1.7661  0.000e+00
    129.808     8.4273   3.578313    34.0593        832     3.4625     1.7684  0.000e+00
    129.984     8.4292   3.578532    34.0597        833     3.4667     1.7697  0.000e+00
    130.147     8.4317   3.578697    34.0590        834     3.4708     1.7688  0.000e+00
    130.300     8.4336   3.578831    34.0585        835     3.4750     1.7687  0.000e+00
    130.437     8.4345   3.579087    34.0602        836     3.4792     1.7659  0.000e+00
    130.575     8.4353   3.579478    34.0635        837     3.4833     1.7631  0.000e+00
    130.730     8.4364   3.579197    34.0594        838     3.4875     1.7588  0.000e+00
    130.903     8.4380   3.579069    34.0564        839     3.4917     1.7553  0.000e+00
    131.095     8.4448   3.578874    34.0478        840     3.4958     1.7517  0.000e+00
    131.311     8.4451   3.578764    34.0462        841     3.5000     1.7463  0.000e+00
    131.552     8.4446   3.578649    34.0454        842     3.5042     1.7433  0.000e+00
    131.821     8.4417   3.578807    34.0497        843     3.5083     1.7399  0.000e+00
    132.120     8.4350   3.579222    34.0604        844     3.5125     1.7365  0.000e+00
    132.426     8.4288   3.579673    34.0710        845     3.5167     1.7318  0.000e+00
    132.729     8.4253   3.580216    34.0800        846     3.5208     1.7311  0.000e+00
    133.024     8.4240   3.580972    34.0892        847     3.5250     1.7329  0.000e+00
    133.308     8.4245   3.581643    34.0957        848     3.5292     1.7390  0.000e+00
    133.580     8.4257   3.582143    34.0997        849     3.5333     1.7447  0.000e+00
    133.826     8.4275   3.581863    34.0948        850     3.5375     1.7507  0.000e+00
    134.058     8.4296   3.581668    34.0905        851     3.5417     1.7587  0.000e+00
    134.256     8.4313   3.581607    34.0882        852     3.5458     1.7660  0.000e+00
    134.436     8.4326   3.581644    34.0872        853     3.5500     1.7714  0.000e+00
    134.605     8.4328   3.582491    34.0960        854     3.5542     1.7734  0.000e+00
    134.770     8.4321   3.583382    34.1059        855     3.5583     1.7769  0.000e+00
    134.943     8.4318   3.583382    34.1062        856     3.5625     1.7762  0.000e+00
    135.119     8.4320   3.583382    34.1060        857     3.5667     1.7750  0.000e+00
    135.303     8.4320   3.584010    34.1125        858     3.5708     1.7727  0.000e+00
    135.502     8.4363   3.584139    34.1096        859     3.5750     1.7688  0.000e+00
    135.725     8.4406   3.584071    34.1046        860     3.5792     1.7645  0.000e+00
    135.968     8.4431   3.584547    34.1071        861     3.5833     1.7601  0.000e+00
    136.227     8.4454   3.584920    34.1087        862     3.5875     1.7545  0.000e+00
    136.486     8.4453   3.585450    34.1143        863     3.5917     1.7496  0.000e+00
    136.746     8.4447   3.586500    34.1259        864     3.5958     1.7452  0.000e+00
    137.022     8.4435   3.587067    34.1330        865     3.6000     1.7423  0.000e+00
    137.291     8.4426   3.587519    34.1385        866     3.6042     1.7401  0.000e+00
    137.550     8.4419   3.587696    34.1409        867     3.6083     1.7401  0.000e+00
    137.800     8.4416   3.587806    34.1422        868     3.6125     1.7417  0.000e+00
    138.030     8.4415   3.587916    34.1434        869     3.6167     1.7437  0.000e+00
    138.251     8.4421   3.588154    34.1452        870     3.6208     1.7443  0.000e+00
    138.460     8.4428   3.588411    34.1471        871     3.6250     1.7464  0.000e+00
    138.669     8.4437   3.588545    34.1476        872     3.6292     1.7481  0.000e+00
    138.857     8.4446   3.588502    34.1462        873     3.6333     1.7481  0.000e+00
    139.039     8.4461   3.588258    34.1421        874     3.6375     1.7488  0.000e+00
    139.219     8.4478   3.588185    34.1395        875     3.6417     1.7493  0.000e+00
    139.404     8.4494   3.588368    34.1398        876     3.6458     1.7478  0.000e+00
    139.588     8.4504   3.588783    34.1431        877     3.6500     1.7463  0.000e+00
    139.778     8.4511   3.589174    34.1466        878     3.6542     1.7430  0.000e+00
    139.976     8.4534   3.589735    34.1501        879     3.6583     1.7394  0.000e+00
    140.172     8.4569   3.590260    34.1523        880     3.6625     1.7360  0.000e+00
    140.384     8.4564   3.590999    34.1604        881     3.6667     1.7313  0.000e+00
    140.611     8.4547   3.591475    34.1670        882     3.6708     1.7281  0.000e+00
    140.844     8.4527   3.591628    34.1705        883     3.6750     1.7238  0.000e+00
    141.078     8.4503   3.591933    34.1759        884     3.6792     1.7213  0.000e+00
    141.317     8.4487   3.592257    34.1808        885     3.6833     1.7165  0.000e+00
    141.564     8.4478   3.592367    34.1827        886     3.6875     1.7136  0.000e+00
    141.817     8.4470   3.592691    34.1868        887     3.6917     1.7097  0.000e+00
    142.083     8.4466   3.593344    34.1940        888     3.6958     1.7077  0.000e+00
    142.342     8.4469   3.593870    34.1991        889     3.7000     1.7083  0.000e+00
    142.599     8.4472   3.594413    34.2045        890     3.7042     1.7103  0.000e+00
    142.851     8.4474   3.594609    34.2062        891     3.7083     1.7153  0.000e+00
    143.110     8.4478   3.595171    34.2117        892     3.7125     1.7202  0.000e+00
    143.365     8.4489   3.595433    34.2132        893     3.7167     1.7250  0.000e+00
    143.612     8.4504   3.595501    34.2124        894     3.7208     1.7311  0.000e+00
    143.849     8.4511   3.595653    34.2132        895     3.7250     1.7334  0.000e+00
    144.072     8.4516   3.595934    34.2156        896     3.7292     1.7397  0.000e+00
    144.295     8.4521   3.596460    34.2206        897     3.7333     1.7426  0.000e+00
    144.522     8.4529   3.596698    34.2222        898     3.7375     1.7437  0.000e+00
    144.739     8.4536   3.596979    34.2244        899     3.7417     1.7440  0.000e+00
    144.955     8.4538   3.597132    34.2258        900     3.7458     1.7446  0.000e+00
    145.167     8.4536   3.597089    34.2254        901     3.7500     1.7424  0.000e+00
    145.376     8.4530   3.597065    34.2256        902     3.7542     1.7423  0.000e+00
    145.594     8.4530   3.596906    34.2238        903     3.7583     1.7391  0.000e+00
    145.809     8.4534   3.597132    34.2257        904     3.7625     1.7362  0.000e+00
    146.022     8.4541   3.597505    34.2289        905     3.7667     1.7328  0.000e+00
    146.230     8.4542   3.597609    34.2298        906     3.7708     1.7296  0.000e+00
    146.439     8.4541   3.597743    34.2312        907     3.7750     1.7250  0.000e+00
    146.649     8.4539   3.597896    34.2329        908     3.7792     1.7210  0.000e+00
