PC2305/sbe120.cnv
* Sea-Bird SBE 19plus V2 Data File:
* FileName = C:\cruise\data\sbe120.hex
* Software Version Seasave V 7.26.7.121
* Temperature SN = 7142
* Conductivity SN = 7142
* System UpLoad Time = Nov 07 2023 13:20:08
** Cruise: PC2205
** Program: ECOMON
# nquan = 8
# nvalues = 4216                                  
# units = specified
# name 0 = depSM: Depth [salt water, m], lat = 40.00
# name 1 = tv290C: Temperature [ITS-90, deg C]
# name 2 = c0S/m: Conductivity [S/m]
# name 3 = sal00: Salinity, Practical [PSU]
# name 4 = scan: Scan Count
# name 5 = timeM: Time, Elapsed [minutes]
# name 6 = sbeox0V: Oxygen raw, SBE 43 [V]
# name 7 = flag:  0.000e+00
# span 0 =     -0.076,    247.415                 
# span 1 =     7.8334,    11.7928                 
# span 2 =   0.000155,   3.704796                 
# span 3 =     0.0060,    34.9137                 
# span 4 =         11,       4226                 
# span 5 =     0.0417,    17.6042                 
# span 6 =     2.0257,     3.0011                 
# span 7 = 0.0000e+00, 0.0000e+00                 
# interval = seconds: 0.25
# start_time = Nov 07 2023 13:20:08 [System UTC, header]
# bad_flag = -9.990e-29
*END*
[from data line 540]
     91.638     8.1747   3.550821    34.0300        551     2.2917     2.2005  0.000e+00
     91.830     8.1755   3.551137    34.0325        552     2.2958     2.2006  0.000e+00
     92.026     8.1776   3.551271    34.0318        553     2.3000     2.2010  0.000e+00
     92.227     8.1793   3.551545    34.0330        554     2.3042     2.2015  0.000e+00
     92.421     8.1812   3.551678    34.0324        555     2.3083     2.2020  0.000e+00
     92.621     8.1825   3.552256    34.0372        556     2.3125     2.2028  0.000e+00
     92.817     8.1852   3.554602    34.0595        557     2.3167     2.2033  0.000e+00
     93.020     8.1928   3.558117    34.0894        558     2.3208     2.2035  0.000e+00
     93.239     8.2073   3.559881    34.0941        559     2.3250     2.2051  0.000e+00
     93.450     8.2240   3.560204    34.0812        560     2.3292     2.2059  0.000e+00
     93.662     8.2361   3.560526    34.0728        561     2.3333     2.2059  0.000e+00
     93.872     8.2423   3.560051    34.0616        562     2.3375     2.2078  0.000e+00
     94.086     8.2439   3.561645    34.0769        563     2.3417     2.2091  0.000e+00
     94.300     8.2460   3.562145    34.0801        564     2.3458     2.2095  0.000e+00
     94.514     8.2490   3.560976    34.0646        565     2.3500     2.2113  0.000e+00
     94.721     8.2484   3.561086    34.0664        566     2.3542     2.2122  0.000e+00
     94.928     8.2477   3.562504    34.0820        567     2.3583     2.2134  0.000e+00
     95.125     8.2498   3.563173    34.0870        568     2.3625     2.2147  0.000e+00
     95.325     8.2550   3.569444    34.1486        569     2.3667     2.2149  0.000e+00
     95.532     8.2713   3.572483    34.1649        570     2.3708     2.2172  0.000e+00
     95.740     8.2938   3.573214    34.1507        571     2.3750     2.2181  0.000e+00
     95.951     8.3119   3.573068    34.1316        572     2.3792     2.2166  0.000e+00
     96.161     8.3224   3.580205    34.1971        573     2.3833     2.2188  0.000e+00
     96.373     8.3452   3.591809    34.2981        574     2.3875     2.2186  0.000e+00
     96.594     8.3927   3.592419    34.2582        575     2.3917     2.2193  0.000e+00
     96.813     8.4326   3.595961    34.2569        576     2.3958     2.2227  0.000e+00
     97.035     8.4635   3.595246    34.2192        577     2.4000     2.2223  0.000e+00
     97.249     8.4815   3.599400    34.2456        578     2.4042     2.2237  0.000e+00
     97.470     8.4993   3.606668    34.3051        579     2.4083     2.2239  0.000e+00
     97.682     8.5286   3.603654    34.2447        580     2.4125     2.2248  0.000e+00
     97.887     8.5484   3.606949    34.2602        581     2.4167     2.2280  0.000e+00
     98.095     8.5586   3.607383    34.2548        582     2.4208     2.2284  0.000e+00
     98.309     8.5705   3.610399    34.2750        583     2.4250     2.2306  0.000e+00
     98.520     8.5842   3.612895    34.2879        584     2.4292     2.2329  0.000e+00
     98.730     8.6001   3.614670    34.2912        585     2.4333     2.2347  0.000e+00
     98.937     8.6157   3.622869    34.3624        586     2.4375     2.2343  0.000e+00
     99.147     8.6453   3.626117    34.3679        587     2.4417     2.2350  0.000e+00
     99.363     8.6765   3.625393    34.3298        588     2.4458     2.2391  0.000e+00
     99.584     8.6959   3.626974    34.3276        589     2.4500     2.2397  0.000e+00
     99.796     8.7084   3.629634    34.3433        590     2.4542     2.2421  0.000e+00
    100.019     8.7218   3.632412    34.3595        591     2.4583     2.2438  0.000e+00
    100.246     8.7367   3.633645    34.3579        592     2.4625     2.2451  0.000e+00
    100.474     8.7506   3.633823    34.3461        593     2.4667     2.2461  0.000e+00
    100.699     8.7598   3.635098    34.3505        594     2.4708     2.2478  0.000e+00
    100.922     8.7667   3.635056    34.3434        595     2.4750     2.2478  0.000e+00
    101.134     8.7711   3.636645    34.3557        596     2.4792     2.2492  0.000e+00
    101.346     8.7770   3.637614    34.3600        597     2.4833     2.2495  0.000e+00
    101.554     8.7831   3.637191    34.3496        598     2.4875     2.2507  0.000e+00
    101.761     8.7867   3.638228    34.3569        599     2.4917     2.2502  0.000e+00
    101.966     8.7903   3.639535    34.3671        600     2.4958     2.2500  0.000e+00
    102.164     8.7952   3.640419    34.3714        601     2.5000     2.2494  0.000e+00
    102.362     8.8002   3.640038    34.3626        602     2.5042     2.2487  0.000e+00
    102.561     8.8028   3.640480    34.3646        603     2.5083     2.2492  0.000e+00
    102.759     8.8041   3.641076    34.3695        604     2.5125     2.2492  0.000e+00
    102.960     8.8056   3.641057    34.3677        605     2.5167     2.2474  0.000e+00
    103.165     8.8065   3.641389    34.3703        606     2.5208     2.2464  0.000e+00
    103.367     8.8075   3.641764    34.3731        607     2.5250     2.2456  0.000e+00
    103.566     8.8085   3.642009    34.3746        608     2.5292     2.2448  0.000e+00
    103.764     8.8096   3.642623    34.3799        609     2.5333     2.2429  0.000e+00
    103.958     8.8108   3.643133    34.3840        610     2.5375     2.2415  0.000e+00
    104.159     8.8123   3.643047    34.3816        611     2.5417     2.2412  0.000e+00
    104.363     8.8131   3.643643    34.3869        612     2.5458     2.2404  0.000e+00
    104.557     8.8143   3.644220    34.3918        613     2.5500     2.2398  0.000e+00
    104.742     8.8157   3.644109    34.3892        614     2.5542     2.2375  0.000e+00
    104.934     8.8165   3.644281    34.3901        615     2.5583     2.2360  0.000e+00
    105.130     8.8169   3.644349    34.3904        616     2.5625     2.2342  0.000e+00
    105.332     8.8172   3.644595    34.3925        617     2.5667     2.2333  0.000e+00
    105.537     8.8176   3.645166    34.3980        618     2.5708     2.2318  0.000e+00
    105.743     8.8184   3.645547    34.4011        619     2.5750     2.2312  0.000e+00
    105.959     8.8194   3.645657    34.4013        620     2.5792     2.2299  0.000e+00
    106.189     8.8205   3.646007    34.4038        621     2.5833     2.2289  0.000e+00
    106.419     8.8213   3.646806    34.4112        622     2.5875     2.2266  0.000e+00
    106.662     8.8234   3.648508    34.4270        623     2.5917     2.2265  0.000e+00
    106.903     8.8285   3.650413    34.4419        624     2.5958     2.2252  0.000e+00
    107.147     8.8368   3.651414    34.4443        625     2.6000     2.2233  0.000e+00
    107.394     8.8451   3.652195    34.4443        626     2.6042     2.2229  0.000e+00
    107.649     8.8529   3.654561    34.4614        627     2.6083     2.2227  0.000e+00
    107.903     8.8626   3.657599    34.4838        628     2.6125     2.2198  0.000e+00
    108.149     8.8762   3.659290    34.4882        629     2.6167     2.2188  0.000e+00
    108.397     8.8905   3.659487    34.4763        630     2.6208     2.2189  0.000e+00
    108.638     8.9007   3.662064    34.4933        631     2.6250     2.2196  0.000e+00
    108.872     8.9129   3.663203    34.4932        632     2.6292     2.2162  0.000e+00
    109.093     8.9246   3.665517    34.5060        633     2.6333     2.2144  0.000e+00
    109.305     8.9361   3.665406    34.4936        634     2.6375     2.2169  0.000e+00
    109.494     8.9454   3.664360    34.4735        635     2.6417     2.2148  0.000e+00
    109.681     8.9473   3.665874    34.4875        636     2.6458     2.2147  0.000e+00
    109.851     8.9505   3.666871    34.4947        637     2.6500     2.2134  0.000e+00
    110.004     8.9567   3.668632    34.5071        638     2.6542     2.2129  0.000e+00
    110.154     8.9651   3.671957    34.5337        639     2.6583     2.2123  0.000e+00
    110.303     8.9777   3.672357    34.5255        640     2.6625     2.2131  0.000e+00
    110.452     8.9905   3.672936    34.5191        641     2.6667     2.2125  0.000e+00
    110.605     8.9986   3.673269    34.5146        642     2.6708     2.2126  0.000e+00
    110.759     9.0037   3.675974    34.5379        643     2.6750     2.2140  0.000e+00
    110.927     9.0121   3.680190    34.5738        644     2.6792     2.2132  0.000e+00
    111.115     9.0297   3.678229    34.5361        645     2.6833     2.2140  0.000e+00
    111.310     9.0396   3.679906    34.5439        646     2.6875     2.2142  0.000e+00
    111.515     9.0463   3.683020    34.5699        647     2.6917     2.2159  0.000e+00
    111.727     9.0592   3.686893    34.5978        648     2.6958     2.2151  0.000e+00
    111.950     9.0769   3.688843    34.6008        649     2.7000     2.2154  0.000e+00
    112.182     9.0941   3.690478    34.6011        650     2.7042     2.2147  0.000e+00
    112.433     9.1075   3.693040    34.6146        651     2.7083     2.2148  0.000e+00
    112.687     9.1213   3.696208    34.6342        652     2.7125     2.2137  0.000e+00
    112.942     9.1391   3.696189    34.6166        653     2.7167     2.2156  0.000e+00
    113.199     9.1514   3.698907    34.6329        654     2.7208     2.2147  0.000e+00
    113.460     9.1636   3.699673    34.6289        655     2.7250     2.2143  0.000e+00
    113.721     9.1730   3.699827    34.6213        656     2.7292     2.2136  0.000e+00
    113.981     9.1792   3.700575    34.6229        657     2.7333     2.2137  0.000e+00
    114.244     9.1834   3.701384    34.6271        658     2.7375     2.2130  0.000e+00
    114.497     9.1880   3.702014    34.6291        659     2.7417     2.2124  0.000e+00
    114.742     9.1917   3.701996    34.6252        660     2.7458     2.2132  0.000e+00
    114.968     9.1940   3.702212    34.6251        661     2.7500     2.2126  0.000e+00
    115.188     9.1951   3.702558    34.6275        662     2.7542     2.2112  0.000e+00
    115.400     9.1967   3.702713    34.6276        663     2.7583     2.2107  0.000e+00
    115.596     9.1980   3.702874    34.6279        664     2.7625     2.2098  0.000e+00
    115.770     9.1988   3.703164    34.6300        665     2.7667     2.2096  0.000e+00
    115.939     9.1997   3.703331    34.6308        666     2.7708     2.2089  0.000e+00
    116.094     9.2008   3.703412    34.6305        667     2.7750     2.2088  0.000e+00
    116.252     9.2012   3.703523    34.6312        668     2.7792     2.2087  0.000e+00
    116.418     9.2018   3.703591    34.6313        669     2.7833     2.2083  0.000e+00
    116.583     9.2020   3.703572    34.6308        670     2.7875     2.2071  0.000e+00
    116.748     9.2022   3.703529    34.6300        671     2.7917     2.2057  0.000e+00
    116.926     9.2020   3.703709    34.6321        672     2.7958     2.2051  0.000e+00
    117.122     9.2021   3.703795    34.6327        673     2.8000     2.2047  0.000e+00
    117.331     9.2019   3.703888    34.6339        674     2.8042     2.2042  0.000e+00
    117.545     9.2017   3.703888    34.6339        675     2.8083     2.2034  0.000e+00
    117.766     9.2011   3.703894    34.6344        676     2.8125     2.2035  0.000e+00
    117.987     9.2006   3.703888    34.6348        677     2.8167     2.2029  0.000e+00
    118.217     9.1992   3.704043    34.6376        678     2.8208     2.2031  0.000e+00
    118.451     9.1964   3.704092    34.6407        679     2.8250     2.2024  0.000e+00
    118.678     9.1937   3.704154    34.6439        680     2.8292     2.2023  0.000e+00
    118.908     9.1930   3.704290    34.6459        681     2.8333     2.2031  0.000e+00
    119.125     9.1923   3.704427    34.6479        682     2.8375     2.2019  0.000e+00
    119.341     9.1916   3.704723    34.6516        683     2.8417     2.2023  0.000e+00
    119.559     9.1903   3.704767    34.6531        684     2.8458     2.2010  0.000e+00
    119.764     9.1893   3.704754    34.6540        685     2.8500     2.2018  0.000e+00
    119.972     9.1880   3.704724    34.6548        686     2.8542     2.2008  0.000e+00
    120.172     9.1878   3.704656    34.6541        687     2.8583     2.2004  0.000e+00
    120.362     9.1870   3.704180    34.6499        688     2.8625     2.2000  0.000e+00
    120.565     9.1846   3.703661    34.6467        689     2.8667     2.1994  0.000e+00
    120.763     9.1797   3.703401    34.6486        690     2.8708     2.1969  0.000e+00
    120.972     9.1749   3.702827    34.6473        691     2.8750     2.1970  0.000e+00
    121.177     9.1694   3.702536    34.6494        692     2.8792     2.1961  0.000e+00
    121.389     9.1645   3.702468    34.6534        693     2.8833     2.1947  0.000e+00
    121.608     9.1609   3.701795    34.6498        694     2.8875     2.1940  0.000e+00
    121.830     9.1566   3.701443    34.6502        695     2.8917     2.1935  0.000e+00
    122.056     9.1512   3.700936    34.6500        696     2.8958     2.1929  0.000e+00
    122.286     9.1461   3.700850    34.6540        697     2.9000     2.1929  0.000e+00
    122.522     9.1419   3.700689    34.6563        698     2.9042     2.1924  0.000e+00
    122.757     9.1389   3.700170    34.6537        699     2.9083     2.1925  0.000e+00
    122.991     9.1349   3.699769    34.6533        700     2.9125     2.1917  0.000e+00
    123.212     9.1306   3.698842    34.6477        701     2.9167     2.1907  0.000e+00
    123.446     9.1238   3.698824    34.6540        702     2.9208     2.1901  0.000e+00
    123.671     9.1186   3.698645    34.6570        703     2.9250     2.1894  0.000e+00
    123.894     9.1150   3.698305    34.6569        704     2.9292     2.1892  0.000e+00
    124.115     9.1111   3.698034    34.6578        705     2.9333     2.1883  0.000e+00
    124.323     9.1079   3.697515    34.6554        706     2.9375     2.1874  0.000e+00
    124.532     9.1040   3.695428    34.6373        707     2.9417     2.1873  0.000e+00
    124.746     9.0937   3.694372    34.6362        708     2.9458     2.1867  0.000e+00
    124.954     9.0802   3.692798    34.6328        709     2.9500     2.1871  0.000e+00
    125.168     9.0653   3.692440    34.6434        710     2.9542     2.1870  0.000e+00
    125.372     9.0530   3.692644    34.6574        711     2.9583     2.1853  0.000e+00
    125.573     9.0466   3.691990    34.6567        712     2.9625     2.1849  0.000e+00
    125.776     9.0412   3.690823    34.6497        713     2.9667     2.1822  0.000e+00
    125.981     9.0336   3.689996    34.6483        714     2.9708     2.1825  0.000e+00
    126.177     9.0236   3.689435    34.6522        715     2.9750     2.1814  0.000e+00
    126.375     9.0136   3.689139    34.6587        716     2.9792     2.1824  0.000e+00
    126.557     9.0047   3.688769    34.6634        717     2.9833     2.1809  0.000e+00
    126.740     8.9957   3.688695    34.6713        718     2.9875     2.1802  0.000e+00
    126.911     8.9899   3.688627    34.6761        719     2.9917     2.1786  0.000e+00
    127.087     8.9863   3.688492    34.6782        720     2.9958     2.1775  0.000e+00
    127.258     8.9836   3.688337    34.6791        721     3.0000     2.1763  0.000e+00
    127.436     8.9804   3.688313    34.6819        722     3.0042     2.1757  0.000e+00
    127.612     8.9777   3.688103    34.6822        723     3.0083     2.1744  0.000e+00
    127.797     8.9749   3.687974    34.6835        724     3.0125     2.1741  0.000e+00
    127.995     8.9720   3.687955    34.6861        725     3.0167     2.1736  0.000e+00
    128.200     8.9694   3.688091    34.6900        726     3.0208     2.1732  0.000e+00
    128.423     8.9671   3.688270    34.6939        727     3.0250     2.1721  0.000e+00
    128.646     8.9664   3.688400    34.6958        728     3.0292     2.1722  0.000e+00
    128.874     8.9664   3.688536    34.6972        729     3.0333     2.1713  0.000e+00
