PC2305/sbe150.cnv
* Sea-Bird SBE 19plus V2 Data File:
* FileName = C:\cruise\data\sbe150.hex
* Software Version Seasave V 7.26.7.121
* Temperature SN = 7142
* Conductivity SN = 7142
* System UpLoad Time = Nov 11 2023 16:26:37
** Cruise: PC2205
** Program: ECOMON
# nquan = 8
# nvalues = 3149                                  
# units = specified
# name 0 = depSM: Depth [salt water, m], lat = 40.00
# name 1 = tv290C: Temperature [ITS-90, deg C]
# name 2 = c0S/m: Conductivity [S/m]
# name 3 = sal00: Salinity, Practical [PSU]
# name 4 = scan: Scan Count
# name 5 = timeM: Time, Elapsed [minutes]
# name 6 = sbeox0V: Oxygen raw, SBE 43 [V]
# name 7 = flag:  0.000e+00
# span 0 =     -0.053,     95.105                 
# span 1 =     5.2702,    10.1388                 
# span 2 =   0.000135,   3.391242                 
# span 3 =     0.0036,    32.8615                 
# span 4 =         11,       3159                 
# span 5 =     0.0417,    13.1583                 
# span 6 =     2.1875,     2.7168                 
# span 7 = 0.0000e+00, 0.0000e+00                 
# interval = seconds: 0.25
# start_time = Nov 11 2023 16:26:37 [System UTC, header]
# bad_flag = -9.990e-29
*END*
[from data line 1798]
     54.628     9.6827   3.366159    30.7540       1809     7.5333     2.5823  0.000e+00
     54.569     9.6832   3.366099    30.7530       1810     7.5375     2.5853  0.000e+00
     54.517     9.6827   3.366058    30.7530       1811     7.5417     2.5867  0.000e+00
     54.455     9.6810   3.365968    30.7536       1812     7.5458     2.5891  0.000e+00
     54.394     9.6790   3.365998    30.7556       1813     7.5500     2.5900  0.000e+00
     54.337     9.6781   3.366159    30.7581       1814     7.5542     2.5910  0.000e+00
     54.279     9.6776   3.366201    30.7589       1815     7.5583     2.5932  0.000e+00
     54.215     9.6775   3.366444    30.7615       1816     7.5625     2.5946  0.000e+00
     54.148     9.6786   3.366712    30.7633       1817     7.5667     2.5952  0.000e+00
     54.076     9.6807   3.366962    30.7641       1818     7.5708     2.5969  0.000e+00
     54.001     9.6820   3.367087    30.7643       1819     7.5750     2.5990  0.000e+00
     53.920     9.6838   3.367325    30.7651       1820     7.5792     2.6000  0.000e+00
     53.830     9.6860   3.367301    30.7630       1821     7.5833     2.6016  0.000e+00
     53.740     9.6865   3.367009    30.7597       1822     7.5875     2.6033  0.000e+00
     53.648     9.6840   3.366879    30.7605       1823     7.5917     2.6054  0.000e+00
     53.559     9.6821   3.367307    30.7665       1824     7.5958     2.6078  0.000e+00
     53.467     9.6834   3.367622    30.7686       1825     7.6000     2.6084  0.000e+00
     53.372     9.6855   3.367533    30.7660       1826     7.6042     2.6093  0.000e+00
     53.276     9.6862   3.367551    30.7656       1827     7.6083     2.6098  0.000e+00
     53.190     9.6866   3.367706    30.7669       1828     7.6125     2.6090  0.000e+00
     53.104     9.6874   3.367557    30.7648       1829     7.6167     2.6061  0.000e+00
     53.030     9.6881   3.367771    30.7663       1830     7.6208     2.6050  0.000e+00
     52.958     9.6909   3.368086    30.7672       1831     7.6250     2.6010  0.000e+00
     52.888     9.6951   3.368021    30.7629       1832     7.6292     2.5982  0.000e+00
     52.832     9.6971   3.367729    30.7583       1833     7.6333     2.5977  0.000e+00
     52.768     9.6948   3.367342    30.7564       1834     7.6375     2.5971  0.000e+00
     52.705     9.6905   3.367229    30.7589       1835     7.6417     2.5965  0.000e+00
     52.642     9.6863   3.367259    30.7629       1836     7.6458     2.5953  0.000e+00
     52.575     9.6831   3.367408    30.7671       1837     7.6500     2.5958  0.000e+00
     52.496     9.6817   3.367628    30.7706       1838     7.6542     2.5931  0.000e+00
     52.412     9.6827   3.367872    30.7722       1839     7.6583     2.5944  0.000e+00
     52.320     9.6847   3.367979    30.7716       1840     7.6625     2.5973  0.000e+00
     52.236     9.6871   3.368033    30.7702       1841     7.6667     2.5983  0.000e+00
     52.148     9.6889   3.367914    30.7675       1842     7.6708     2.6000  0.000e+00
     52.069     9.6897   3.367854    30.7663       1843     7.6750     2.6010  0.000e+00
     51.998     9.6895   3.367890    30.7668       1844     7.6792     2.6038  0.000e+00
     51.934     9.6890   3.367854    30.7669       1845     7.6833     2.6045  0.000e+00
     51.867     9.6892   3.367913    30.7674       1846     7.6875     2.6033  0.000e+00
     51.815     9.6899   3.368032    30.7679       1847     7.6917     2.6029  0.000e+00
     51.756     9.6914   3.368294    30.7694       1848     7.6958     2.6019  0.000e+00
     51.702     9.6936   3.368419    30.7688       1849     7.7000     2.6010  0.000e+00
     51.655     9.6947   3.368253    30.7662       1850     7.7042     2.6003  0.000e+00
     51.594     9.6945   3.368508    30.7689       1851     7.7083     2.5987  0.000e+00
     51.522     9.6951   3.368657    30.7700       1852     7.7125     2.5982  0.000e+00
     51.452     9.6966   3.368657    30.7687       1853     7.7167     2.5983  0.000e+00
     51.371     9.6970   3.368615    30.7680       1854     7.7208     2.5986  0.000e+00
     51.290     9.6968   3.368615    30.7682       1855     7.7250     2.5994  0.000e+00
     51.197     9.6960   3.368508    30.7678       1856     7.7292     2.6006  0.000e+00
     51.098     9.6947   3.368526    30.7692       1857     7.7333     2.6003  0.000e+00
     51.008     9.6934   3.368639    30.7714       1858     7.7375     2.6026  0.000e+00
     50.913     9.6932   3.368633    30.7716       1859     7.7417     2.6042  0.000e+00
     50.830     9.6936   3.368675    30.7718       1860     7.7458     2.6053  0.000e+00
     50.746     9.6942   3.368597    30.7705       1861     7.7500     2.6068  0.000e+00
     50.681     9.6945   3.368591    30.7701       1862     7.7542     2.6072  0.000e+00
     50.620     9.6948   3.368681    30.7709       1863     7.7583     2.6059  0.000e+00
     50.557     9.6950   3.368657    30.7705       1864     7.7625     2.6039  0.000e+00
     50.498     9.6950   3.368675    30.7707       1865     7.7667     2.6028  0.000e+00
     50.438     9.6951   3.368919    30.7731       1866     7.7708     2.6019  0.000e+00
     50.366     9.6961   3.369056    30.7736       1867     7.7750     2.6006  0.000e+00
     50.287     9.6979   3.369270    30.7743       1868     7.7792     2.5996  0.000e+00
     50.199     9.7003   3.369526    30.7749       1869     7.7833     2.5989  0.000e+00
     50.099     9.7033   3.369734    30.7745       1870     7.7875     2.5995  0.000e+00
     50.000     9.7051   3.369668    30.7723       1871     7.7917     2.6003  0.000e+00
     49.899     9.7058   3.369645    30.7715       1872     7.7958     2.6003  0.000e+00
     49.786     9.7058   3.369651    30.7716       1873     7.8000     2.5999  0.000e+00
     49.671     9.7062   3.369847    30.7733       1874     7.8042     2.6008  0.000e+00
     49.552     9.7075   3.369883    30.7726       1875     7.8083     2.6038  0.000e+00
     49.439     9.7087   3.369924    30.7721       1876     7.8125     2.6055  0.000e+00
     49.337     9.7105   3.369888    30.7702       1877     7.8167     2.6066  0.000e+00
     49.236     9.7118   3.369924    30.7695       1878     7.8208     2.6077  0.000e+00
     49.155     9.7132   3.370073    30.7699       1879     7.8250     2.6075  0.000e+00
     49.080     9.7145   3.370049    30.7685       1880     7.8292     2.6085  0.000e+00
     49.013     9.7159   3.369966    30.7665       1881     7.8333     2.6079  0.000e+00
     48.964     9.7170   3.370007    30.7661       1882     7.8375     2.6081  0.000e+00
     48.923     9.7175   3.370025    30.7658       1883     7.8417     2.6080  0.000e+00
     48.887     9.7181   3.370114    30.7662       1884     7.8458     2.6069  0.000e+00
     48.855     9.7190   3.370126    30.7656       1885     7.8500     2.6026  0.000e+00
     48.826     9.7194   3.370412    30.7681       1886     7.8542     2.5980  0.000e+00
     48.788     9.7201   3.370710    30.7705       1887     7.8583     2.5952  0.000e+00
     48.751     9.7209   3.370632    30.7691       1888     7.8625     2.5921  0.000e+00
     48.698     9.7212   3.370793    30.7705       1889     7.8667     2.5901  0.000e+00
     48.641     9.7212   3.370858    30.7711       1890     7.8708     2.5898  0.000e+00
     48.567     9.7214   3.370954    30.7720       1891     7.8750     2.5902  0.000e+00
     48.483     9.7221   3.371025    30.7722       1892     7.8792     2.5916  0.000e+00
     48.380     9.7227   3.371114    30.7726       1893     7.8833     2.5922  0.000e+00
     48.258     9.7237   3.371448    30.7752       1894     7.8875     2.5949  0.000e+00
     48.118     9.7261   3.371489    30.7736       1895     7.8917     2.5966  0.000e+00
     47.981     9.7283   3.371543    30.7723       1896     7.8958     2.5995  0.000e+00
     47.827     9.7298   3.371727    30.7730       1897     7.9000     2.6031  0.000e+00
     47.667     9.7322   3.371936    30.7731       1898     7.9042     2.6042  0.000e+00
     47.514     9.7354   3.372084    30.7719       1899     7.9083     2.6060  0.000e+00
     47.361     9.7380   3.372066    30.7696       1900     7.9125     2.6082  0.000e+00
     47.235     9.7396   3.372084    30.7685       1901     7.9167     2.6100  0.000e+00
     47.113     9.7397   3.371983    30.7674       1902     7.9208     2.6108  0.000e+00
     46.996     9.7399   3.372042    30.7679       1903     7.9250     2.6118  0.000e+00
     46.896     9.7402   3.372025    30.7675       1904     7.9292     2.6124  0.000e+00
     46.820     9.7402   3.371894    30.7662       1905     7.9333     2.6126  0.000e+00
     46.752     9.7396   3.371870    30.7664       1906     7.9375     2.6129  0.000e+00
     46.698     9.7389   3.371804    30.7665       1907     7.9417     2.6143  0.000e+00
     46.648     9.7388   3.371935    30.7679       1908     7.9458     2.6136  0.000e+00
     46.605     9.7397   3.372066    30.7684       1909     7.9500     2.6117  0.000e+00
     46.556     9.7413   3.372245    30.7689       1910     7.9542     2.6100  0.000e+00
     46.511     9.7433   3.372465    30.7695       1911     7.9583     2.6089  0.000e+00
     46.452     9.7460   3.372751    30.7700       1912     7.9625     2.6092  0.000e+00
     46.389     9.7489   3.372739    30.7675       1913     7.9667     2.6099  0.000e+00
     46.312     9.7506   3.372763    30.7663       1914     7.9708     2.6120  0.000e+00
     46.227     9.7510   3.372590    30.7642       1915     7.9750     2.6135  0.000e+00
     46.137     9.7504   3.372739    30.7663       1916     7.9792     2.6151  0.000e+00
     46.033     9.7502   3.372739    30.7665       1917     7.9833     2.6153  0.000e+00
     45.929     9.7504   3.372649    30.7655       1918     7.9875     2.6161  0.000e+00
     45.819     9.7497   3.372572    30.7653       1919     7.9917     2.6182  0.000e+00
     45.709     9.7488   3.372608    30.7666       1920     7.9958     2.6189  0.000e+00
     45.589     9.7484   3.372679    30.7677       1921     8.0000     2.6229  0.000e+00
     45.469     9.7485   3.372739    30.7682       1922     8.0042     2.6242  0.000e+00
     45.352     9.7493   3.372852    30.7687       1923     8.0083     2.6267  0.000e+00
     45.221     9.7502   3.372738    30.7668       1924     8.0125     2.6287  0.000e+00
     45.102     9.7504   3.372464    30.7640       1925     8.0167     2.6308  0.000e+00
     44.991     9.7485   3.372345    30.7644       1926     8.0208     2.6319  0.000e+00
     44.879     9.7462   3.372339    30.7664       1927     8.0250     2.6327  0.000e+00
     44.773     9.7450   3.372530    30.7694       1928     8.0292     2.6326  0.000e+00
     44.681     9.7456   3.372631    30.7699       1929     8.0333     2.6345  0.000e+00
     44.584     9.7470   3.372828    30.7708       1930     8.0375     2.6354  0.000e+00
     44.493     9.7490   3.373012    30.7710       1931     8.0417     2.6357  0.000e+00
     44.415     9.7512   3.373036    30.7693       1932     8.0458     2.6340  0.000e+00
     44.345     9.7525   3.372976    30.7677       1933     8.0500     2.6325  0.000e+00
     44.282     9.7527   3.372911    30.7669       1934     8.0542     2.6311  0.000e+00
     44.216     9.7529   3.373018    30.7679       1935     8.0583     2.6288  0.000e+00
     44.153     9.7531   3.372869    30.7662       1936     8.0625     2.6270  0.000e+00
     44.081     9.7527   3.372851    30.7663       1937     8.0667     2.6261  0.000e+00
     44.007     9.7520   3.372929    30.7678       1938     8.0708     2.6245  0.000e+00
     43.925     9.7520   3.373012    30.7686       1939     8.0750     2.6234  0.000e+00
     43.830     9.7525   3.373143    30.7696       1940     8.0792     2.6223  0.000e+00
     43.718     9.7529   3.373268    30.7706       1941     8.0833     2.6229  0.000e+00
     43.598     9.7538   3.373536    30.7726       1942     8.0875     2.6234  0.000e+00
     43.452     9.7560   3.373988    30.7753       1943     8.0917     2.6257  0.000e+00
     43.310     9.7597   3.374054    30.7729       1944     8.0958     2.6284  0.000e+00
     43.159     9.7623   3.374018    30.7704       1945     8.1000     2.6302  0.000e+00
     43.010     9.7638   3.373988    30.7688       1946     8.1042     2.6343  0.000e+00
     42.870     9.7651   3.374060    30.7685       1947     8.1083     2.6387  0.000e+00
     42.740     9.7663   3.374137    30.7683       1948     8.1125     2.6407  0.000e+00
     42.632     9.7673   3.374476    30.7709       1949     8.1167     2.6426  0.000e+00
     42.541     9.7700   3.374869    30.7726       1950     8.1208     2.6412  0.000e+00
     42.464     9.7740   3.374899    30.7696       1951     8.1250     2.6426  0.000e+00
     42.399     9.7765   3.374798    30.7664       1952     8.1292     2.6424  0.000e+00
     42.347     9.7776   3.374685    30.7644       1953     8.1333     2.6424  0.000e+00
     42.295     9.7776   3.374774    30.7653       1954     8.1375     2.6422  0.000e+00
     42.241     9.7780   3.374947    30.7667       1955     8.1417     2.6393  0.000e+00
     42.187     9.7788   3.374923    30.7658       1956     8.1458     2.6380  0.000e+00
     42.129     9.7793   3.374732    30.7635       1957     8.1500     2.6351  0.000e+00
     42.065     9.7781   3.374083    30.7580       1958     8.1542     2.6327  0.000e+00
     41.991     9.7746   3.374119    30.7614       1959     8.1583     2.6316  0.000e+00
     41.899     9.7718   3.374178    30.7644       1960     8.1625     2.6323  0.000e+00
     41.802     9.7701   3.374285    30.7670       1961     8.1667     2.6345  0.000e+00
     41.687     9.7697   3.374434    30.7688       1962     8.1708     2.6364  0.000e+00
     41.563     9.7700   3.374667    30.7710       1963     8.1750     2.6391  0.000e+00
     41.425     9.7717   3.374565    30.7686       1964     8.1792     2.6419  0.000e+00
     41.276     9.7728   3.374202    30.7641       1965     8.1833     2.6443  0.000e+00
     41.132     9.7721   3.374083    30.7635       1966     8.1875     2.6468  0.000e+00
     40.977     9.7712   3.374625    30.7698       1967     8.1917     2.6484  0.000e+00
     40.841     9.7732   3.375494    30.7769       1968     8.1958     2.6491  0.000e+00
     40.718     9.7783   3.375452    30.7722       1969     8.2000     2.6516  0.000e+00
     40.607     9.7818   3.375196    30.7667       1970     8.2042     2.6518  0.000e+00
     40.512     9.7828   3.374910    30.7630       1971     8.2083     2.6517  0.000e+00
     40.433     9.7818   3.374755    30.7623       1972     8.2125     2.6517  0.000e+00
     40.359     9.7804   3.374839    30.7644       1973     8.2167     2.6505  0.000e+00
     40.298     9.7800   3.375071    30.7671       1974     8.2208     2.6478  0.000e+00
     40.237     9.7806   3.374624    30.7620       1975     8.2250     2.6454  0.000e+00
     40.183     9.7804   3.374225    30.7582       1976     8.2292     2.6440  0.000e+00
     40.132     9.7790   3.374404    30.7612       1977     8.2333     2.6429  0.000e+00
     40.080     9.7786   3.374541    30.7630       1978     8.2375     2.6419  0.000e+00
     40.026     9.7779   3.374142    30.7596       1979     8.2417     2.6416  0.000e+00
     39.965     9.7762   3.374326    30.7629       1980     8.2458     2.6404  0.000e+00
     39.902     9.7756   3.374583    30.7661       1981     8.2500     2.6384  0.000e+00
     39.829     9.7760   3.374583    30.7657       1982     8.2542     2.6368  0.000e+00
     39.744     9.7767   3.374708    30.7665       1983     8.2583     2.6355  0.000e+00
     39.644     9.7772   3.374475    30.7637       1984     8.2625     2.6355  0.000e+00
     39.550     9.7771   3.374445    30.7635       1985     8.2667     2.6360  0.000e+00
     39.450     9.7764   3.374034    30.7600       1986     8.2708     2.6368  0.000e+00
     39.351     9.7748   3.373838    30.7594       1987     8.2750     2.6358  0.000e+00
