PC2305/sbe130.cnv
* Sea-Bird SBE 19plus V2 Data File:
* FileName = C:\cruise\data\sbe130.hex
* Software Version Seasave V 7.26.7.121
* Temperature SN = 7142
* Conductivity SN = 7142
* System UpLoad Time = Nov 09 2023 07:31:59
** Cruise: PC2205
** Program: ECOMON
# nquan = 8
# nvalues = 1749                                  
# units = specified
# name 0 = depSM: Depth [salt water, m], lat = 40.00
# name 1 = tv290C: Temperature [ITS-90, deg C]
# name 2 = c0S/m: Conductivity [S/m]
# name 3 = sal00: Salinity, Practical [PSU]
# name 4 = scan: Scan Count
# name 5 = timeM: Time, Elapsed [minutes]
# name 6 = sbeox0V: Oxygen raw, SBE 43 [V]
# name 7 = flag:  0.000e+00
# span 0 =     -0.056,     71.507                 
# span 1 =     4.3146,    11.7010                 
# span 2 =   0.000245,   3.656414                 
# span 3 =     0.0026,    32.5078                 
# span 4 =         11,       1759                 
# span 5 =     0.0417,     7.3250                 
# span 6 =     2.1341,     2.7726                 
# span 7 = 0.0000e+00, 0.0000e+00                 
# interval = seconds: 0.25
# start_time = Nov 09 2023 07:31:59 [System UTC, header]
# bad_flag = -9.990e-29
*END*
[from data line 1079]
     27.129    11.6786   3.622324    31.6013       1090     4.5375     2.7391  0.000e+00
     27.066    11.6786   3.622257    31.6007       1091     4.5417     2.7417  0.000e+00
     26.999    11.6789   3.622195    31.5999       1092     4.5458     2.7422  0.000e+00
     26.931    11.6788   3.622195    31.6000       1093     4.5500     2.7426  0.000e+00
     26.859    11.6786   3.622238    31.6006       1094     4.5542     2.7403  0.000e+00
     26.773    11.6785   3.622238    31.6007       1095     4.5583     2.7367  0.000e+00
     26.699    11.6783   3.622171    31.6002       1096     4.5625     2.7320  0.000e+00
     26.622    11.6783   3.622103    31.5997       1097     4.5667     2.7272  0.000e+00
     26.543    11.6783   3.622128    31.5999       1098     4.5708     2.7232  0.000e+00
     26.480    11.6779   3.622103    31.6000       1099     4.5750     2.7200  0.000e+00
     26.406    11.6779   3.622103    31.6001       1100     4.5792     2.7114  0.000e+00
     26.350    11.6779   3.622103    31.6001       1101     4.5833     2.7003  0.000e+00
     26.286    11.6780   3.622128    31.6003       1102     4.5875     2.6883  0.000e+00
     26.234    11.6777   3.622195    31.6012       1103     4.5917     2.6763  0.000e+00
     26.180    11.6779   3.622256    31.6016       1104     4.5958     2.6702  0.000e+00
     26.124    11.6782   3.622238    31.6012       1105     4.6000     2.6680  0.000e+00
     26.072    11.6783   3.622213    31.6009       1106     4.6042     2.6736  0.000e+00
     26.016    11.6786   3.622256    31.6011       1107     4.6083     2.6815  0.000e+00
     25.959    11.6789   3.622213    31.6005       1108     4.6125     2.6888  0.000e+00
     25.899    11.6790   3.622171    31.6000       1109     4.6167     2.6976  0.000e+00
     25.835    11.6790   3.622128    31.5996       1110     4.6208     2.7057  0.000e+00
     25.772    11.6792   3.622085    31.5990       1111     4.6250     2.7111  0.000e+00
     25.702    11.6792   3.622060    31.5989       1112     4.6292     2.7151  0.000e+00
     25.644    11.6790   3.622017    31.5986       1113     4.6333     2.7161  0.000e+00
     25.588    11.6792   3.622017    31.5985       1114     4.6375     2.7147  0.000e+00
     25.522    11.6788   3.621974    31.5984       1115     4.6417     2.7088  0.000e+00
     25.452    11.6790   3.621950    31.5981       1116     4.6458     2.7012  0.000e+00
     25.396    11.6790   3.621907    31.5976       1117     4.6500     2.6925  0.000e+00
     25.342    11.6788   3.621950    31.5982       1118     4.6542     2.6840  0.000e+00
     25.294    11.6786   3.621931    31.5983       1119     4.6583     2.6766  0.000e+00
     25.247    11.6787   3.621950    31.5984       1120     4.6625     2.6692  0.000e+00
     25.204    11.6786   3.621993    31.5989       1121     4.6667     2.6633  0.000e+00
     25.166    11.6783   3.622017    31.5994       1122     4.6708     2.6544  0.000e+00
     25.125    11.6788   3.622036    31.5992       1123     4.6750     2.6491  0.000e+00
     25.080    11.6789   3.622060    31.5993       1124     4.6792     2.6464  0.000e+00
     25.037    11.6790   3.622035    31.5991       1125     4.6833     2.6505  0.000e+00
     24.990    11.6791   3.621974    31.5984       1126     4.6875     2.6579  0.000e+00
     24.945    11.6793   3.621950    31.5980       1127     4.6917     2.6691  0.000e+00
     24.880    11.6791   3.621907    31.5978       1128     4.6958     2.6782  0.000e+00
     24.815    11.6790   3.621839    31.5973       1129     4.7000     2.6874  0.000e+00
     24.753    11.6792   3.621821    31.5969       1130     4.7042     2.6938  0.000e+00
     24.682    11.6790   3.621729    31.5962       1131     4.7083     2.6989  0.000e+00
     24.612    11.6790   3.621643    31.5954       1132     4.7125     2.7035  0.000e+00
     24.544    11.6789   3.621576    31.5949       1133     4.7167     2.7072  0.000e+00
     24.483    11.6786   3.621466    31.5941       1134     4.7208     2.7069  0.000e+00
     24.422    11.6782   3.621466    31.5944       1135     4.7250     2.7048  0.000e+00
     24.373    11.6779   3.621423    31.5943       1136     4.7292     2.6992  0.000e+00
     24.323    11.6777   3.621447    31.5948       1137     4.7333     2.6899  0.000e+00
     24.278    11.6770   3.621423    31.5951       1138     4.7375     2.6807  0.000e+00
     24.235    11.6768   3.621404    31.5952       1139     4.7417     2.6775  0.000e+00
     24.192    11.6765   3.621337    31.5947       1140     4.7458     2.6766  0.000e+00
     24.154    11.6762   3.621380    31.5954       1141     4.7500     2.6821  0.000e+00
     24.122    11.6768   3.621447    31.5956       1142     4.7542     2.6889  0.000e+00
     24.066    11.6773   3.621557    31.5962       1143     4.7583     2.6980  0.000e+00
     24.014    11.6777   3.621533    31.5957       1144     4.7625     2.7063  0.000e+00
     23.949    11.6779   3.621404    31.5943       1145     4.7667     2.7159  0.000e+00
     23.899    11.6783   3.621355    31.5935       1146     4.7708     2.7224  0.000e+00
     23.830    11.6779   3.621337    31.5937       1147     4.7750     2.7279  0.000e+00
     23.759    11.6775   3.621404    31.5947       1148     4.7792     2.7325  0.000e+00
     23.701    11.6773   3.621355    31.5944       1149     4.7833     2.7381  0.000e+00
     23.635    11.6770   3.621355    31.5947       1150     4.7875     2.7430  0.000e+00
     23.572    11.6767   3.621380    31.5953       1151     4.7917     2.7485  0.000e+00
     23.518    11.6770   3.621294    31.5941       1152     4.7958     2.7539  0.000e+00
     23.460    11.6773   3.621269    31.5937       1153     4.8000     2.7569  0.000e+00
     23.399    11.6775   3.621294    31.5938       1154     4.8042     2.7610  0.000e+00
     23.358    11.6774   3.621404    31.5949       1155     4.8083     2.7641  0.000e+00
     23.313    11.6778   3.621508    31.5957       1156     4.8125     2.7652  0.000e+00
     23.273    11.6781   3.621422    31.5946       1157     4.8167     2.7655  0.000e+00
     23.221    11.6781   3.621337    31.5938       1158     4.8208     2.7665  0.000e+00
     23.183    11.6782   3.621245    31.5928       1159     4.8250     2.7669  0.000e+00
     23.140    11.6783   3.621422    31.5945       1160     4.8292     2.7661  0.000e+00
     23.092    11.6781   3.621404    31.5944       1161     4.8333     2.7661  0.000e+00
     23.043    11.6783   3.621618    31.5964       1162     4.8375     2.7667  0.000e+00
     23.000    11.6782   3.621618    31.5965       1163     4.8417     2.7666  0.000e+00
     22.973    11.6783   3.621710    31.5973       1164     4.8458     2.7659  0.000e+00
     22.926    11.6783   3.621753    31.5978       1165     4.8500     2.7675  0.000e+00
     22.890    11.6786   3.621753    31.5975       1166     4.8542     2.7672  0.000e+00
     22.853    11.6788   3.621600    31.5959       1167     4.8583     2.7686  0.000e+00
     22.815    11.6785   3.621600    31.5962       1168     4.8625     2.7700  0.000e+00
     22.775    11.6783   3.621753    31.5978       1169     4.8667     2.7710  0.000e+00
     22.741    11.6784   3.621618    31.5964       1170     4.8708     2.7704  0.000e+00
     22.684    11.6779   3.621404    31.5948       1171     4.8750     2.7690  0.000e+00
     22.653    11.6774   3.621422    31.5955       1172     4.8792     2.7675  0.000e+00
     22.619    11.6772   3.621404    31.5954       1173     4.8833     2.7659  0.000e+00
     22.567    11.6771   3.621404    31.5955       1174     4.8875     2.7645  0.000e+00
     22.515    11.6771   3.621404    31.5956       1175     4.8917     2.7624  0.000e+00
     22.466    11.6772   3.621355    31.5950       1176     4.8958     2.7632  0.000e+00
     22.423    11.6772   3.621404    31.5955       1177     4.9000     2.7635  0.000e+00
     22.364    11.6771   3.621293    31.5946       1178     4.9042     2.7626  0.000e+00
     22.311    11.6771   3.621269    31.5943       1179     4.9083     2.7636  0.000e+00
     22.270    11.6770   3.621293    31.5947       1180     4.9125     2.7641  0.000e+00
     22.214    11.6766   3.621269    31.5948       1181     4.9167     2.7649  0.000e+00
     22.175    11.6764   3.621226    31.5946       1182     4.9208     2.7659  0.000e+00
     22.137    11.6765   3.621159    31.5939       1183     4.9250     2.7671  0.000e+00
     22.101    11.6760   3.620920    31.5920       1184     4.9292     2.7675  0.000e+00
     22.067    11.6749   3.620742    31.5912       1185     4.9333     2.7691  0.000e+00
     22.033    11.6738   3.620852    31.5932       1186     4.9375     2.7687  0.000e+00
     21.986    11.6736   3.620828    31.5932       1187     4.9417     2.7687  0.000e+00
     21.956    11.6730   3.620718    31.5926       1188     4.9458     2.7681  0.000e+00
     21.905    11.6722   3.620675    31.5929       1189     4.9500     2.7666  0.000e+00
     21.869    11.6714   3.620589    31.5928       1190     4.9542     2.7667  0.000e+00
     21.817    11.6706   3.620589    31.5935       1191     4.9583     2.7655  0.000e+00
     21.767    11.6701   3.620699    31.5950       1192     4.9625     2.7639  0.000e+00
     21.706    11.6704   3.620675    31.5945       1193     4.9667     2.7625  0.000e+00
     21.643    11.6709   3.620785    31.5952       1194     4.9708     2.7604  0.000e+00
     21.591    11.6710   3.620717    31.5945       1195     4.9750     2.7602  0.000e+00
     21.529    11.6714   3.620717    31.5942       1196     4.9792     2.7594  0.000e+00
     21.463    11.6716   3.620742    31.5942       1197     4.9833     2.7605  0.000e+00
     21.407    11.6719   3.620877    31.5953       1198     4.9875     2.7626  0.000e+00
     21.353    11.6723   3.620962    31.5958       1199     4.9917     2.7623  0.000e+00
     21.307    11.6725   3.621226    31.5983       1200     4.9958     2.7636  0.000e+00
     21.278    11.6733   3.621140    31.5968       1201     5.0000     2.7627  0.000e+00
     21.235    11.6735   3.621140    31.5966       1202     5.0042     2.7626  0.000e+00
     21.186    11.6735   3.620895    31.5942       1203     5.0083     2.7612  0.000e+00
     21.159    11.6732   3.620785    31.5934       1204     5.0125     2.7609  0.000e+00
     21.134    11.6725   3.620809    31.5943       1205     5.0167     2.7604  0.000e+00
     21.087    11.6722   3.620809    31.5946       1206     5.0208     2.7601  0.000e+00
     21.060    11.6719   3.620827    31.5950       1207     5.0250     2.7617  0.000e+00
     21.019    11.6720   3.620717    31.5939       1208     5.0292     2.7616  0.000e+00
     20.979    11.6717   3.620564    31.5926       1209     5.0333     2.7617  0.000e+00
     20.942    11.6710   3.620589    31.5935       1210     5.0375     2.7623  0.000e+00
     20.895    11.6712   3.620564    31.5931       1211     5.0417     2.7611  0.000e+00
     20.848    11.6710   3.620546    31.5931       1212     5.0458     2.7599  0.000e+00
     20.796    11.6707   3.620546    31.5934       1213     5.0500     2.7626  0.000e+00
     20.762    11.6707   3.620564    31.5936       1214     5.0542     2.7633  0.000e+00
     20.722    11.6709   3.620613    31.5939       1215     5.0583     2.7643  0.000e+00
     20.681    11.6710   3.620589    31.5936       1216     5.0625     2.7675  0.000e+00
     20.643    11.6709   3.620564    31.5934       1217     5.0667     2.7685  0.000e+00
     20.631    11.6710   3.620521    31.5930       1218     5.0708     2.7704  0.000e+00
     20.602    11.6709   3.620521    31.5930       1219     5.0750     2.7710  0.000e+00
     20.593    11.6707   3.620521    31.5932       1220     5.0792     2.7726  0.000e+00
     20.568    11.6707   3.620564    31.5936       1221     5.0833     2.7712  0.000e+00
     20.553    11.6708   3.620564    31.5936       1222     5.0875     2.7705  0.000e+00
     20.539    11.6710   3.620521    31.5930       1223     5.0917     2.7678  0.000e+00
     20.521    11.6709   3.620521    31.5931       1224     5.0958     2.7671  0.000e+00
     20.487    11.6709   3.620588    31.5938       1225     5.1000     2.7664  0.000e+00
     20.444    11.6712   3.620631    31.5940       1226     5.1042     2.7655  0.000e+00
     20.417    11.6715   3.620613    31.5935       1227     5.1083     2.7653  0.000e+00
     20.356    11.6716   3.620613    31.5934       1228     5.1125     2.7655  0.000e+00
     20.303    11.6722   3.620588    31.5927       1229     5.1167     2.7653  0.000e+00
     20.244    11.6720   3.620545    31.5925       1230     5.1208     2.7652  0.000e+00
     20.196    11.6713   3.620503    31.5927       1231     5.1250     2.7653  0.000e+00
     20.145    11.6711   3.620503    31.5929       1232     5.1292     2.7652  0.000e+00
     20.113    11.6712   3.620564    31.5934       1233     5.1333     2.7646  0.000e+00
     20.075    11.6715   3.620392    31.5915       1234     5.1375     2.7651  0.000e+00
     20.046    11.6714   3.620545    31.5931       1235     5.1417     2.7640  0.000e+00
     20.012    11.6718   3.620613    31.5934       1236     5.1458     2.7644  0.000e+00
     19.985    11.6727   3.620631    31.5929       1237     5.1500     2.7636  0.000e+00
     19.971    11.6734   3.620698    31.5929       1238     5.1542     2.7623  0.000e+00
     19.942    11.6736   3.620674    31.5925       1239     5.1583     2.7617  0.000e+00
     19.915    11.6739   3.620766    31.5932       1240     5.1625     2.7615  0.000e+00
     19.868    11.6744   3.620239    31.5877       1241     5.1667     2.7615  0.000e+00
     19.838    11.6724   3.619688    31.5840       1242     5.1708     2.7610  0.000e+00
     19.813    11.6682   3.619645    31.5872       1243     5.1750     2.7604  0.000e+00
     19.766    11.6654   3.619510    31.5883       1244     5.1792     2.7610  0.000e+00
     19.726    11.6631   3.619143    31.5867       1245     5.1833     2.7594  0.000e+00
     19.685    11.6599   3.618702    31.5852       1246     5.1875     2.7594  0.000e+00
     19.645    11.6562   3.618831    31.5896       1247     5.1917     2.7594  0.000e+00
     19.604    11.6547   3.619492    31.5973       1248     5.1958     2.7601  0.000e+00
     19.572    11.6567   3.619578    31.5964       1249     5.2000     2.7630  0.000e+00
     19.529    11.6600   3.619951    31.5973       1250     5.2042     2.7652  0.000e+00
     19.505    11.6627   3.619908    31.5945       1251     5.2083     2.7652  0.000e+00
     19.469    11.6645   3.619908    31.5930       1252     5.2125     2.7659  0.000e+00
     19.448    11.6645   3.619296    31.5871       1253     5.2167     2.7681  0.000e+00
     19.421    11.6625   3.619296    31.5888       1254     5.2208     2.7692  0.000e+00
     19.387    11.6606   3.619075    31.5883       1255     5.2250     2.7682  0.000e+00
     19.369    11.6590   3.619033    31.5893       1256     5.2292     2.7688  0.000e+00
     19.333    11.6573   3.619033    31.5907       1257     5.2333     2.7684  0.000e+00
     19.311    11.6564   3.619094    31.5921       1258     5.2375     2.7660  0.000e+00
     19.307    11.6566   3.619229    31.5933       1259     5.2417     2.7663  0.000e+00
     19.272    11.6571   3.619339    31.5939       1260     5.2458     2.7669  0.000e+00
     19.263    11.6579   3.619253    31.5923       1261     5.2500     2.7659  0.000e+00
     19.239    11.6583   3.619229    31.5918       1262     5.2542     2.7661  0.000e+00
     19.234    11.6584   3.619253    31.5919       1263     5.2583     2.7658  0.000e+00
     19.234    11.6585   3.619271    31.5921       1264     5.2625     2.7662  0.000e+00
     19.216    11.6588   3.619357    31.5927       1265     5.2667     2.7653  0.000e+00
     19.183    11.6593   3.619449    31.5932       1266     5.2708     2.7650  0.000e+00
     19.165    11.6602   3.619510    31.5930       1267     5.2750     2.7655  0.000e+00
     19.137    11.6609   3.619467    31.5920       1268     5.2792     2.7660  0.000e+00
