PC2305/sbe100.cnv
* Sea-Bird SBE 19plus V2 Data File:
* FileName = C:\cruise\data\sbe100.hex
* Software Version Seasave V 7.26.7.121
* Temperature SN = 7142
* Conductivity SN = 7142
* System UpLoad Time = Nov 05 2023 18:24:40
** Cruise: PC2205
** Program: ECOMON
# nquan = 8
# nvalues = 1913                                  
# units = specified
# name 0 = depSM: Depth [salt water, m], lat = 40.00
# name 1 = tv290C: Temperature [ITS-90, deg C]
# name 2 = c0S/m: Conductivity [S/m]
# name 3 = sal00: Salinity, Practical [PSU]
# name 4 = scan: Scan Count
# name 5 = timeM: Time, Elapsed [minutes]
# name 6 = sbeox0V: Oxygen raw, SBE 43 [V]
# name 7 = flag:  0.000e+00
# span 0 =     -0.065,     34.394                 
# span 1 =    14.0324,    20.7720                 
# span 2 =   0.000054,   3.961312                 
# span 3 =     0.0100,    32.3649                 
# span 4 =         11,       1923                 
# span 5 =     0.0417,     8.0083                 
# span 6 =     2.4646,     2.9063                 
# span 7 = 0.0000e+00, 0.0000e+00                 
# interval = seconds: 0.25
# start_time = Nov 05 2023 18:24:40 [System UTC, header]
# bad_flag = -9.990e-29
*END*
[from data line 899]
     27.209    14.0535   3.867369    31.9197        910     3.7875     2.8781  0.000e+00
     27.125    14.0538   3.867337    31.9191        911     3.7917     2.8778  0.000e+00
     27.056    14.0542   3.867231    31.9179        912     3.7958     2.8785  0.000e+00
     26.997    14.0539   3.867092    31.9169        913     3.8000     2.8788  0.000e+00
     26.952    14.0532   3.866929    31.9160        914     3.8042     2.8789  0.000e+00
     26.909    14.0525   3.866897    31.9162        915     3.8083     2.8783  0.000e+00
     26.875    14.0518   3.866954    31.9174        916     3.8125     2.8787  0.000e+00
     26.844    14.0517   3.867155    31.9193        917     3.8167     2.8787  0.000e+00
     26.825    14.0521   3.867224    31.9196        918     3.8208     2.8796  0.000e+00
     26.812    14.0527   3.867249    31.9194        919     3.8250     2.8791  0.000e+00
     26.789    14.0532   3.867256    31.9190        920     3.8292     2.8787  0.000e+00
     26.753    14.0534   3.867293    31.9192        921     3.8333     2.8779  0.000e+00
     26.722    14.0536   3.867300    31.9191        922     3.8375     2.8792  0.000e+00
     26.683    14.0539   3.867293    31.9189        923     3.8417     2.8791  0.000e+00
     26.640    14.0539   3.867293    31.9189        924     3.8458     2.8798  0.000e+00
     26.589    14.0539   3.867300    31.9189        925     3.8500     2.8783  0.000e+00
     26.528    14.0541   3.867136    31.9173        926     3.8542     2.8785  0.000e+00
     26.458    14.0538   3.866991    31.9162        927     3.8583     2.8770  0.000e+00
     26.379    14.0531   3.866526    31.9125        928     3.8625     2.8755  0.000e+00
     26.311    14.0518   3.866343    31.9119        929     3.8667     2.8743  0.000e+00
     26.239    14.0504   3.866350    31.9132        930     3.8708     2.8723  0.000e+00
     26.165    14.0495   3.866299    31.9136        931     3.8750     2.8723  0.000e+00
     26.095    14.0490   3.866281    31.9138        932     3.8792     2.8723  0.000e+00
     26.038    14.0485   3.866318    31.9146        933     3.8833     2.8735  0.000e+00
     25.993    14.0485   3.866299    31.9144        934     3.8875     2.8749  0.000e+00
     25.966    14.0486   3.866280    31.9142        935     3.8917     2.8753  0.000e+00
     25.935    14.0485   3.866318    31.9146        936     3.8958     2.8764  0.000e+00
     25.912    14.0486   3.866324    31.9146        937     3.9000     2.8764  0.000e+00
     25.892    14.0489   3.866318    31.9143        938     3.9042     2.8774  0.000e+00
     25.872    14.0488   3.866343    31.9146        939     3.9083     2.8784  0.000e+00
     25.843    14.0487   3.866306    31.9144        940     3.9125     2.8786  0.000e+00
     25.811    14.0483   3.866318    31.9148        941     3.9167     2.8793  0.000e+00
     25.759    14.0480   3.866350    31.9154        942     3.9208     2.8816  0.000e+00
     25.701    14.0480   3.866343    31.9154        943     3.9250     2.8836  0.000e+00
     25.628    14.0476   3.866343    31.9157        944     3.9292     2.8853  0.000e+00
     25.540    14.0474   3.866324    31.9157        945     3.9333     2.8864  0.000e+00
     25.444    14.0474   3.866318    31.9158        946     3.9375     2.8858  0.000e+00
     25.344    14.0474   3.866324    31.9158        947     3.9417     2.8855  0.000e+00
     25.234    14.0477   3.866318    31.9155        948     3.9458     2.8839  0.000e+00
     25.126    14.0480   3.866318    31.9154        949     3.9500     2.8829  0.000e+00
     25.031    14.0480   3.866374    31.9159        950     3.9542     2.8824  0.000e+00
     24.918    14.0479   3.866387    31.9162        951     3.9583     2.8828  0.000e+00
     24.826    14.0476   3.866374    31.9163        952     3.9625     2.8828  0.000e+00
     24.740    14.0475   3.866387    31.9165        953     3.9667     2.8814  0.000e+00
     24.666    14.0474   3.866362    31.9165        954     3.9708     2.8812  0.000e+00
     24.602    14.0472   3.866399    31.9170        955     3.9750     2.8813  0.000e+00
     24.539    14.0471   3.866387    31.9169        956     3.9792     2.8810  0.000e+00
     24.487    14.0472   3.866399    31.9170        957     3.9833     2.8808  0.000e+00
     24.449    14.0471   3.866387    31.9170        958     3.9875     2.8805  0.000e+00
     24.411    14.0472   3.866412    31.9171        959     3.9917     2.8801  0.000e+00
     24.391    14.0472   3.866443    31.9174        960     3.9958     2.8795  0.000e+00
     24.368    14.0473   3.866412    31.9171        961     4.0000     2.8788  0.000e+00
     24.359    14.0474   3.866443    31.9173        962     4.0042     2.8797  0.000e+00
     24.346    14.0476   3.866431    31.9170        963     4.0083     2.8794  0.000e+00
     24.337    14.0479   3.866456    31.9170        964     4.0125     2.8788  0.000e+00
     24.328    14.0479   3.866399    31.9165        965     4.0167     2.8800  0.000e+00
     24.314    14.0480   3.866387    31.9163        966     4.0208     2.8808  0.000e+00
     24.303    14.0479   3.866399    31.9165        967     4.0250     2.8823  0.000e+00
     24.289    14.0477   3.866412    31.9168        968     4.0292     2.8822  0.000e+00
     24.276    14.0477   3.866412    31.9168        969     4.0333     2.8815  0.000e+00
     24.267    14.0475   3.866399    31.9168        970     4.0375     2.8812  0.000e+00
     24.249    14.0475   3.866362    31.9165        971     4.0417     2.8811  0.000e+00
     24.228    14.0474   3.866399    31.9169        972     4.0458     2.8821  0.000e+00
     24.206    14.0474   3.866431    31.9173        973     4.0500     2.8824  0.000e+00
     24.179    14.0474   3.866387    31.9169        974     4.0542     2.8821  0.000e+00
     24.145    14.0474   3.866399    31.9170        975     4.0583     2.8817  0.000e+00
     24.098    14.0473   3.866387    31.9170        976     4.0625     2.8820  0.000e+00
     24.050    14.0474   3.866399    31.9170        977     4.0667     2.8817  0.000e+00
     23.992    14.0473   3.866387    31.9170        978     4.0708     2.8815  0.000e+00
     23.933    14.0472   3.866431    31.9175        979     4.0750     2.8797  0.000e+00
     23.877    14.0473   3.866418    31.9173        980     4.0792     2.8788  0.000e+00
     23.811    14.0474   3.866431    31.9174        981     4.0833     2.8768  0.000e+00
     23.743    14.0476   3.866399    31.9170        982     4.0875     2.8769  0.000e+00
     23.680    14.0474   3.866361    31.9168        983     4.0917     2.8766  0.000e+00
     23.608    14.0474   3.866361    31.9169        984     4.0958     2.8761  0.000e+00
     23.550    14.0473   3.866399    31.9173        985     4.1000     2.8760  0.000e+00
     23.491    14.0472   3.866317    31.9166        986     4.1042     2.8751  0.000e+00
     23.444    14.0470   3.866324    31.9169        987     4.1083     2.8759  0.000e+00
     23.408    14.0467   3.866317    31.9171        988     4.1125     2.8759  0.000e+00
     23.372    14.0468   3.866298    31.9168        989     4.1167     2.8758  0.000e+00
     23.342    14.0466   3.866324    31.9172        990     4.1208     2.8751  0.000e+00
     23.322    14.0466   3.866412    31.9181        991     4.1250     2.8752  0.000e+00
     23.293    14.0468   3.866386    31.9177        992     4.1292     2.8765  0.000e+00
     23.275    14.0471   3.866399    31.9176        993     4.1333     2.8779  0.000e+00
     23.256    14.0474   3.866361    31.9170        994     4.1375     2.8774  0.000e+00
     23.238    14.0472   3.866305    31.9166        995     4.1417     2.8778  0.000e+00
     23.220    14.0471   3.866342    31.9170        996     4.1458     2.8785  0.000e+00
     23.203    14.0470   3.866361    31.9173        997     4.1500     2.8791  0.000e+00
     23.189    14.0473   3.866418    31.9176        998     4.1542     2.8777  0.000e+00
     23.166    14.0475   3.866430    31.9175        999     4.1583     2.8768  0.000e+00
     23.148    14.0480   3.866418    31.9170       1000     4.1625     2.8755  0.000e+00
     23.128    14.0483   3.866248    31.9153       1001     4.1667     2.8758  0.000e+00
     23.105    14.0480   3.866116    31.9143       1002     4.1708     2.8772  0.000e+00
     23.088    14.0471   3.866091    31.9148       1003     4.1750     2.8785  0.000e+00
     23.065    14.0466   3.866072    31.9150       1004     4.1792     2.8801  0.000e+00
     23.036    14.0462   3.866066    31.9153       1005     4.1833     2.8798  0.000e+00
     23.017    14.0461   3.866047    31.9153       1006     4.1875     2.8804  0.000e+00
     22.990    14.0457   3.866022    31.9153       1007     4.1917     2.8804  0.000e+00
     22.964    14.0452   3.866015    31.9157       1008     4.1958     2.8808  0.000e+00
     22.934    14.0448   3.866091    31.9167       1009     4.2000     2.8812  0.000e+00
     22.891    14.0452   3.866110    31.9166       1010     4.2042     2.8808  0.000e+00
     22.844    14.0456   3.865959    31.9149       1011     4.2083     2.8806  0.000e+00
     22.797    14.0453   3.865889    31.9145       1012     4.2125     2.8790  0.000e+00
     22.751    14.0444   3.865877    31.9152       1013     4.2167     2.8774  0.000e+00
     22.702    14.0439   3.865845    31.9153       1014     4.2208     2.8771  0.000e+00
     22.654    14.0436   3.865877    31.9159       1015     4.2250     2.8764  0.000e+00
     22.601    14.0436   3.865933    31.9165       1016     4.2292     2.8768  0.000e+00
     22.558    14.0436   3.865959    31.9167       1017     4.2333     2.8771  0.000e+00
     22.513    14.0440   3.865896    31.9158       1018     4.2375     2.8772  0.000e+00
     22.476    14.0440   3.865864    31.9155       1019     4.2417     2.8768  0.000e+00
     22.436    14.0437   3.865877    31.9159       1020     4.2458     2.8771  0.000e+00
     22.402    14.0435   3.865864    31.9160       1021     4.2500     2.8768  0.000e+00
     22.368    14.0436   3.865864    31.9159       1022     4.2542     2.8772  0.000e+00
     22.328    14.0436   3.865877    31.9160       1023     4.2583     2.8767  0.000e+00
     22.291    14.0435   3.865864    31.9160       1024     4.2625     2.8766  0.000e+00
     22.251    14.0436   3.865877    31.9161       1025     4.2667     2.8748  0.000e+00
     22.215    14.0437   3.865845    31.9157       1026     4.2708     2.8733  0.000e+00
     22.179    14.0435   3.865776    31.9153       1027     4.2750     2.8733  0.000e+00
     22.143    14.0431   3.865782    31.9156       1028     4.2792     2.8723  0.000e+00
     22.114    14.0429   3.865751    31.9155       1029     4.2833     2.8733  0.000e+00
     22.087    14.0426   3.865732    31.9156       1030     4.2875     2.8741  0.000e+00
     22.057    14.0426   3.865732    31.9156       1031     4.2917     2.8756  0.000e+00
     22.028    14.0424   3.865751    31.9160       1032     4.2958     2.8761  0.000e+00
     21.989    14.0424   3.865757    31.9160       1033     4.3000     2.8779  0.000e+00
     21.944    14.0424   3.865732    31.9158       1034     4.3042     2.8781  0.000e+00
     21.890    14.0424   3.865682    31.9154       1035     4.3083     2.8792  0.000e+00
     21.832    14.0425   3.865707    31.9156       1036     4.3125     2.8794  0.000e+00
     21.759    14.0425   3.865732    31.9158       1037     4.3167     2.8797  0.000e+00
     21.678    14.0426   3.865681    31.9153       1038     4.3208     2.8819  0.000e+00
     21.604    14.0423   3.865681    31.9156       1039     4.3250     2.8821  0.000e+00
     21.516    14.0423   3.865681    31.9156       1040     4.3292     2.8820  0.000e+00
     21.432    14.0424   3.865663    31.9154       1041     4.3333     2.8832  0.000e+00
     21.352    14.0424   3.865637    31.9152       1042     4.3375     2.8830  0.000e+00
     21.279    14.0422   3.865662    31.9156       1043     4.3417     2.8826  0.000e+00
     21.212    14.0421   3.865662    31.9157       1044     4.3458     2.8836  0.000e+00
     21.162    14.0419   3.865612    31.9154       1045     4.3500     2.8832  0.000e+00
     21.121    14.0421   3.865593    31.9152       1046     4.3542     2.8822  0.000e+00
     21.094    14.0416   3.865637    31.9160       1047     4.3583     2.8822  0.000e+00
     21.081    14.0418   3.865637    31.9158       1048     4.3625     2.8827  0.000e+00
     21.069    14.0419   3.865637    31.9157       1049     4.3667     2.8826  0.000e+00
     21.067    14.0421   3.865637    31.9156       1050     4.3708     2.8830  0.000e+00
     21.061    14.0420   3.865618    31.9155       1051     4.3750     2.8818  0.000e+00
     21.052    14.0421   3.865637    31.9156       1052     4.3792     2.8803  0.000e+00
     21.045    14.0420   3.865612    31.9154       1053     4.3833     2.8807  0.000e+00
     21.034    14.0419   3.865549    31.9149       1054     4.3875     2.8788  0.000e+00
     21.020    14.0417   3.865568    31.9153       1055     4.3917     2.8785  0.000e+00
     20.998    14.0412   3.865568    31.9157       1056     4.3958     2.8781  0.000e+00
     20.970    14.0410   3.865549    31.9157       1057     4.4000     2.8777  0.000e+00
     20.928    14.0409   3.865543    31.9158       1058     4.4042     2.8779  0.000e+00
     20.896    14.0409   3.865524    31.9155       1059     4.4083     2.8782  0.000e+00
     20.847    14.0409   3.865543    31.9157       1060     4.4125     2.8778  0.000e+00
     20.797    14.0410   3.865568    31.9159       1061     4.4167     2.8785  0.000e+00
     20.750    14.0410   3.865593    31.9162       1062     4.4208     2.8788  0.000e+00
     20.704    14.0412   3.865568    31.9158       1063     4.4250     2.8791  0.000e+00
     20.655    14.0413   3.865618    31.9162       1064     4.4292     2.8788  0.000e+00
     20.603    14.0414   3.865568    31.9157       1065     4.4333     2.8790  0.000e+00
     20.546    14.0415   3.865662    31.9165       1066     4.4375     2.8782  0.000e+00
     20.493    14.0418   3.865637    31.9160       1067     4.4417     2.8775  0.000e+00
     20.445    14.0422   3.865637    31.9157       1068     4.4458     2.8774  0.000e+00
     20.395    14.0423   3.865637    31.9157       1069     4.4500     2.8764  0.000e+00
     20.348    14.0423   3.865612    31.9154       1070     4.4542     2.8750  0.000e+00
     20.305    14.0422   3.865593    31.9154       1071     4.4583     2.8756  0.000e+00
     20.258    14.0421   3.865593    31.9155       1072     4.4625     2.8738  0.000e+00
     20.217    14.0420   3.865637    31.9160       1073     4.4667     2.8740  0.000e+00
     20.177    14.0420   3.865612    31.9158       1074     4.4708     2.8748  0.000e+00
     20.125    14.0421   3.865612    31.9157       1075     4.4750     2.8749  0.000e+00
     20.084    14.0420   3.865618    31.9159       1076     4.4792     2.8751  0.000e+00
     20.037    14.0421   3.865593    31.9156       1077     4.4833     2.8745  0.000e+00
     19.997    14.0420   3.865612    31.9158       1078     4.4875     2.8733  0.000e+00
     19.953    14.0421   3.865618    31.9158       1079     4.4917     2.8742  0.000e+00
     19.911    14.0422   3.865587    31.9154       1080     4.4958     2.8747  0.000e+00
     19.866    14.0422   3.865618    31.9158       1081     4.5000     2.8753  0.000e+00
     19.818    14.0422   3.865593    31.9155       1082     4.5042     2.8756  0.000e+00
     19.776    14.0421   3.865586    31.9156       1083     4.5083     2.8768  0.000e+00
     19.737    14.0421   3.865568    31.9154       1084     4.5125     2.8762  0.000e+00
     19.705    14.0420   3.865492    31.9148       1085     4.5167     2.8774  0.000e+00
     19.672    14.0415   3.865435    31.9148       1086     4.5208     2.8780  0.000e+00
     19.633    14.0412   3.865505    31.9156       1087     4.5250     2.8782  0.000e+00
     19.606    14.0412   3.865542    31.9160       1088     4.5292     2.8772  0.000e+00
