PC2305/sbe117.cnv
* Sea-Bird SBE 19plus V2 Data File:
* FileName = C:\cruise\data\sbe117.hex
* Software Version Seasave V 7.26.7.121
* Temperature SN = 7142
* Conductivity SN = 7142
* System UpLoad Time = Nov 07 2023 07:32:21
** Cruise: PC2205
** Program: ECOMON
# nquan = 8
# nvalues = 5363                                  
# units = specified
# name 0 = depSM: Depth [salt water, m], lat = 40.00
# name 1 = tv290C: Temperature [ITS-90, deg C]
# name 2 = c0S/m: Conductivity [S/m]
# name 3 = sal00: Salinity, Practical [PSU]
# name 4 = scan: Scan Count
# name 5 = timeM: Time, Elapsed [minutes]
# name 6 = sbeox0V: Oxygen raw, SBE 43 [V]
# name 7 = flag:  0.000e+00
# span 0 =     -0.078,    200.648                 
# span 1 =     4.5620,    12.5916                 
# span 2 =  -0.101628,   3.624026                 
# span 3 =     0.0000,    34.5319                 
# span 4 =         11,       5373                 
# span 5 =     0.0417,    22.3833                 
# span 6 =     2.1292,     3.0306                 
# span 7 = 0.0000e+00, 0.0000e+00                 
# interval = seconds: 0.25
# start_time = Nov 07 2023 07:32:21 [System UTC, header]
# bad_flag = -9.990e-29
*END*
[from data line 4854]
     29.692    11.5455   3.569511    31.2006       4865    20.2667     2.7936  0.000e+00
     29.681    11.5664   3.569748    31.1853       4866    20.2708     2.7959  0.000e+00
     29.685    11.5777   3.570887    31.1868       4867    20.2750     2.7967  0.000e+00
     29.685    11.5887   3.572379    31.1920       4868    20.2792     2.7965  0.000e+00
     29.701    11.6030   3.573135    31.1873       4869    20.2833     2.7969  0.000e+00
     29.710    11.6161   3.572988    31.1749       4870    20.2875     2.7990  0.000e+00
     29.705    11.6231   3.572897    31.1681       4871    20.2917     2.7994  0.000e+00
     29.710    11.6253   3.572964    31.1669       4872    20.2958     2.8008  0.000e+00
     29.699    11.6264   3.573226    31.1685       4873    20.3000     2.8004  0.000e+00
     29.683    11.6273   3.574694    31.1820       4874    20.3042     2.8017  0.000e+00
     29.662    11.6331   3.579393    31.2227       4875    20.3083     2.8026  0.000e+00
     29.617    11.6611   3.586364    31.2667       4876    20.3125     2.8036  0.000e+00
     29.549    11.7271   3.588725    31.2339       4877    20.3167     2.8064  0.000e+00
     29.464    11.8059   3.590879    31.1887       4878    20.3208     2.8091  0.000e+00
     29.372    11.8734   3.591812    31.1412       4879    20.3250     2.8113  0.000e+00
     29.261    11.9209   3.593399    31.1168       4880    20.3292     2.8124  0.000e+00
     29.157    11.9577   3.594198    31.0939       4881    20.3333     2.8142  0.000e+00
     29.053    11.9884   3.594723    31.0733       4882    20.3375     2.8147  0.000e+00
     28.941    12.0114   3.595419    31.0610       4883    20.3417     2.8149  0.000e+00
     28.837    12.0305   3.596030    31.0510       4884    20.3458     2.8163  0.000e+00
     28.736    12.0475   3.597050    31.0466       4885    20.3500     2.8168  0.000e+00
     28.641    12.0640   3.598314    31.0451       4886    20.3542     2.8176  0.000e+00
     28.556    12.0798   3.599444    31.0428       4887    20.3583     2.8175  0.000e+00
     28.477    12.0966   3.599835    31.0327       4888    20.3625     2.8198  0.000e+00
     28.413    12.1107   3.600232    31.0248       4889    20.3667     2.8198  0.000e+00
     28.359    12.1226   3.600776    31.0201       4890    20.3708     2.8198  0.000e+00
     28.316    12.1338   3.601350    31.0164       4891    20.3750     2.8220  0.000e+00
     28.283    12.1454   3.601888    31.0119       4892    20.3792     2.8226  0.000e+00
     28.258    12.1568   3.602083    31.0043       4893    20.3833     2.8228  0.000e+00
     28.251    12.1652   3.602279    30.9992       4894    20.3875     2.8226  0.000e+00
     28.251    12.1709   3.602389    30.9956       4895    20.3917     2.8224  0.000e+00
     28.251    12.1758   3.602431    30.9920       4896    20.3958     2.8204  0.000e+00
     28.256    12.1791   3.602236    30.9873       4897    20.4000     2.8189  0.000e+00
     28.255    12.1787   3.602236    30.9876       4898    20.4042     2.8185  0.000e+00
     28.251    12.1771   3.602211    30.9888       4899    20.4083     2.8182  0.000e+00
     28.244    12.1761   3.602713    30.9944       4900    20.4125     2.8199  0.000e+00
     28.228    12.1781   3.603000    30.9955       4901    20.4167     2.8218  0.000e+00
     28.202    12.1821   3.602474    30.9871       4902    20.4208     2.8235  0.000e+00
     28.168    12.1824   3.603043    30.9923       4903    20.4250     2.8245  0.000e+00
     28.125    12.1845   3.604418    31.0037       4904    20.4292     2.8255  0.000e+00
     28.071    12.1944   3.605573    31.0066       4905    20.4333     2.8251  0.000e+00
     28.016    12.2104   3.606686    31.0041       4906    20.4375     2.8247  0.000e+00
     27.947    12.2282   3.607536    30.9975       4907    20.4417     2.8262  0.000e+00
     27.883    12.2462   3.608802    30.9946       4908    20.4458     2.8261  0.000e+00
     27.805    12.2650   3.611561    31.0054       4909    20.4500     2.8273  0.000e+00
     27.723    12.2936   3.613066    30.9962       4910    20.4542     2.8291  0.000e+00
     27.640    12.3247   3.614663    30.9857       4911    20.4583     2.8292  0.000e+00
     27.545    12.3533   3.615433    30.9695       4912    20.4625     2.8321  0.000e+00
     27.448    12.3785   3.616113    30.9552       4913    20.4667     2.8324  0.000e+00
     27.347    12.3971   3.616657    30.9451       4914    20.4708     2.8334  0.000e+00
     27.239    12.4123   3.617514    30.9407       4915    20.4750     2.8335  0.000e+00
     27.142    12.4271   3.618016    30.9334       4916    20.4792     2.8339  0.000e+00
     27.051    12.4403   3.618083    30.9232       4917    20.4833     2.8347  0.000e+00
     26.968    12.4488   3.618567    30.9208       4918    20.4875     2.8342  0.000e+00
     26.891    12.4563   3.618934    30.9182       4919    20.4917     2.8357  0.000e+00
     26.817    12.4637   3.619246    30.9151       4920    20.4958     2.8363  0.000e+00
     26.754    12.4695   3.619154    30.9095       4921    20.5000     2.8384  0.000e+00
     26.702    12.4730   3.619767    30.9124       4922    20.5042     2.8378  0.000e+00
     26.648    12.4783   3.619834    30.9087       4923    20.5083     2.8392  0.000e+00
     26.607    12.4826   3.619926    30.9061       4924    20.5125     2.8419  0.000e+00
     26.562    12.4854   3.619748    30.9021       4925    20.5167     2.8409  0.000e+00
     26.524    12.4857   3.620079    30.9050       4926    20.5208     2.8420  0.000e+00
     26.483    12.4869   3.620122    30.9045       4927    20.5250     2.8415  0.000e+00
     26.441    12.4888   3.620232    30.9039       4928    20.5292     2.8421  0.000e+00
     26.402    12.4905   3.620954    30.9094       4929    20.5333     2.8424  0.000e+00
     26.357    12.4963   3.620973    30.9048       4930    20.5375     2.8434  0.000e+00
     26.307    12.5011   3.620844    30.8997       4931    20.5417     2.8440  0.000e+00
     26.256    12.5026   3.620801    30.8980       4932    20.5458     2.8443  0.000e+00
     26.204    12.5024   3.620869    30.8989       4933    20.5500     2.8449  0.000e+00
     26.148    12.5026   3.621107    30.9010       4934    20.5542     2.8450  0.000e+00
     26.086    12.5040   3.621481    30.9034       4935    20.5583     2.8439  0.000e+00
     26.026    12.5075   3.621524    30.9010       4936    20.5625     2.8427  0.000e+00
     25.958    12.5105   3.621303    30.8964       4937    20.5667     2.8419  0.000e+00
     25.893    12.5112   3.621481    30.8976       4938    20.5708     2.8418  0.000e+00
     25.830    12.5117   3.621395    30.8964       4939    20.5750     2.8410  0.000e+00
     25.771    12.5119   3.621763    30.8998       4940    20.5792     2.8415  0.000e+00
     25.714    12.5137   3.621897    30.8996       4941    20.5833     2.8422  0.000e+00
     25.656    12.5164   3.621922    30.8976       4942    20.5875     2.8426  0.000e+00
     25.591    12.5181   3.621873    30.8957       4943    20.5917     2.8444  0.000e+00
     25.528    12.5185   3.621830    30.8951       4944    20.5958     2.8445  0.000e+00
     25.460    12.5183   3.621854    30.8954       4945    20.6000     2.8452  0.000e+00
     25.392    12.5183   3.621897    30.8959       4946    20.6042     2.8451  0.000e+00
     25.322    12.5186   3.621897    30.8957       4947    20.6083     2.8461  0.000e+00
     25.241    12.5185   3.621922    30.8960       4948    20.6125     2.8463  0.000e+00
     25.162    12.5186   3.621873    30.8956       4949    20.6167     2.8468  0.000e+00
     25.077    12.5185   3.621762    30.8946       4950    20.6208     2.8475  0.000e+00
     24.986    12.5176   3.621701    30.8948       4951    20.6250     2.8484  0.000e+00
     24.887    12.5162   3.621830    30.8972       4952    20.6292     2.8477  0.000e+00
     24.786    12.5159   3.621897    30.8982       4953    20.6333     2.8503  0.000e+00
     24.687    12.5167   3.621983    30.8983       4954    20.6375     2.8515  0.000e+00
     24.592    12.5177   3.621872    30.8965       4955    20.6417     2.8497  0.000e+00
     24.492    12.5178   3.621854    30.8963       4956    20.6458     2.8504  0.000e+00
     24.394    12.5174   3.621921    30.8973       4957    20.6500     2.8494  0.000e+00
     24.297    12.5176   3.622117    30.8990       4958    20.6542     2.8511  0.000e+00
     24.211    12.5188   3.622203    30.8989       4959    20.6583     2.8492  0.000e+00
     24.123    12.5205   3.622050    30.8961       4960    20.6625     2.8485  0.000e+00
     24.044    12.5208   3.622093    30.8963       4961    20.6667     2.8492  0.000e+00
     23.967    12.5205   3.622007    30.8957       4962    20.6708     2.8483  0.000e+00
     23.902    12.5202   3.621921    30.8952       4963    20.6750     2.8461  0.000e+00
     23.832    12.5191   3.622093    30.8978       4964    20.6792     2.8469  0.000e+00
     23.774    12.5194   3.622135    30.8979       4965    20.6833     2.8464  0.000e+00
     23.719    12.5203   3.622227    30.8981       4966    20.6875     2.8458  0.000e+00
     23.661    12.5214   3.622227    30.8972       4967    20.6917     2.8464  0.000e+00
     23.616    12.5221   3.622313    30.8974       4968    20.6958     2.8454  0.000e+00
     23.568    12.5230   3.622448    30.8980       4969    20.7000     2.8451  0.000e+00
     23.521    12.5246   3.622448    30.8967       4970    20.7042     2.8453  0.000e+00
     23.476    12.5255   3.622552    30.8969       4971    20.7083     2.8455  0.000e+00
     23.435    12.5268   3.622711    30.8974       4972    20.7125     2.8458  0.000e+00
     23.390    12.5289   3.622772    30.8963       4973    20.7167     2.8464  0.000e+00
     23.352    12.5304   3.622864    30.8959       4974    20.7208     2.8459  0.000e+00
     23.305    12.5321   3.622686    30.8929       4975    20.7250     2.8473  0.000e+00
     23.255    12.5319   3.622601    30.8922       4976    20.7292     2.8480  0.000e+00
     23.201    12.5310   3.622601    30.8930       4977    20.7333     2.8485  0.000e+00
     23.140    12.5302   3.622644    30.8941       4978    20.7375     2.8487  0.000e+00
     23.066    12.5298   3.622619    30.8942       4979    20.7417     2.8476  0.000e+00
     22.986    12.5297   3.622840    30.8964       4980    20.7458     2.8479  0.000e+00
     22.897    12.5307   3.623146    30.8985       4981    20.7500     2.8480  0.000e+00
     22.800    12.5341   3.623127    30.8956       4982    20.7542     2.8463  0.000e+00
     22.694    12.5369   3.623146    30.8935       4983    20.7583     2.8471  0.000e+00
     22.578    12.5385   3.623146    30.8923       4984    20.7625     2.8471  0.000e+00
     22.463    12.5395   3.623237    30.8924       4985    20.7667     2.8482  0.000e+00
     22.340    12.5400   3.623280    30.8924       4986    20.7708     2.8474  0.000e+00
     22.222    12.5413   3.623390    30.8924       4987    20.7750     2.8493  0.000e+00
     22.101    12.5431   3.623366    30.8908       4988    20.7792     2.8507  0.000e+00
     21.992    12.5447   3.623390    30.8898       4989    20.7833     2.8542  0.000e+00
     21.888    12.5452   3.623366    30.8892       4990    20.7875     2.8534  0.000e+00
     21.790    12.5452   3.623366    30.8892       4991    20.7917     2.8543  0.000e+00
     21.704    12.5451   3.623366    30.8893       4992    20.7958     2.8545  0.000e+00
     21.620    12.5449   3.623433    30.8901       4993    20.8000     2.8549  0.000e+00
     21.546    12.5454   3.623500    30.8903       4994    20.8042     2.8599  0.000e+00
     21.480    12.5466   3.623500    30.8894       4995    20.8083     2.8526  0.000e+00
     21.417    12.5475   3.623500    30.8887       4996    20.8125     2.8533  0.000e+00
     21.356    12.5483   3.623586    30.8889       4997    20.8167     2.8562  0.000e+00
     21.302    12.5492   3.623654    30.8888       4998    20.8208     2.8532  0.000e+00
     21.244    12.5505   3.623629    30.8875       4999    20.8250     2.8552  0.000e+00
     21.188    12.5513   3.623672    30.8873       5000    20.8292     2.8588  0.000e+00
     21.129    12.5523   3.623672    30.8865       5001    20.8333     2.8582  0.000e+00
     21.072    12.5529   3.623672    30.8860       5002    20.8375     2.8582  0.000e+00
     21.000    12.5526   3.623696    30.8865       5003    20.8417     2.8587  0.000e+00
     20.930    12.5529   3.623696    30.8863       5004    20.8458     2.8593  0.000e+00
     20.851    12.5529   3.623672    30.8861       5005    20.8500     2.8587  0.000e+00
     20.766    12.5525   3.623696    30.8867       5006    20.8542     2.8577  0.000e+00
     20.678    12.5523   3.623672    30.8866       5007    20.8583     2.8590  0.000e+00
     20.585    12.5526   3.623739    30.8871       5008    20.8625     2.8595  0.000e+00
     20.495    12.5532   3.623739    30.8866       5009    20.8667     2.8572  0.000e+00
     20.396    12.5537   3.623672    30.8856       5010    20.8708     2.8583  0.000e+00
     20.299    12.5533   3.623739    30.8867       5011    20.8750     2.8590  0.000e+00
     20.197    12.5540   3.623696    30.8857       5012    20.8792     2.8583  0.000e+00
     20.105    12.5545   3.623867    30.8869       5013    20.8833     2.8562  0.000e+00
     20.013    12.5571   3.623916    30.8853       5014    20.8875     2.8549  0.000e+00
     19.923    12.5612   3.623916    30.8820       5015    20.8917     2.8565  0.000e+00
     19.841    12.5635   3.623916    30.8801       5016    20.8958     2.8578  0.000e+00
     19.753    12.5644   3.623935    30.8796       5017    20.9000     2.8572  0.000e+00
     19.670    12.5652   3.623959    30.8792       5018    20.9042     2.8595  0.000e+00
     19.591    12.5656   3.624002    30.8793       5019    20.9083     2.8559  0.000e+00
     19.515    12.5657   3.624026    30.8795       5020    20.9125     2.8537  0.000e+00
     19.435    12.5656   3.623977    30.8791       5021    20.9167     2.8509  0.000e+00
     19.357    12.5661   3.623916    30.8781       5022    20.9208     2.8535  0.000e+00
     19.275    12.5676   3.624002    30.8778       5023    20.9250     2.8533  0.000e+00
     19.199    12.5687   3.623867    30.8756       5024    20.9292     2.8533  0.000e+00
     19.124    12.5702   3.623824    30.8740       5025    20.9333     2.8532  0.000e+00
     19.045    12.5723   3.623806    30.8721       5026    20.9375     2.8584  0.000e+00
     18.964    12.5742   3.623824    30.8708       5027    20.9417     2.8574  0.000e+00
     18.886    12.5751   3.623824    30.8701       5028    20.9458     2.8580  0.000e+00
     18.797    12.5757   3.623824    30.8697       5029    20.9500     2.8593  0.000e+00
     18.709    12.5763   3.623763    30.8686       5030    20.9542     2.8599  0.000e+00
     18.615    12.5770   3.623603    30.8666       5031    20.9583     2.8606  0.000e+00
     18.520    12.5784   3.623560    30.8651       5032    20.9625     2.8616  0.000e+00
     18.419    12.5793   3.623474    30.8635       5033    20.9667     2.8624  0.000e+00
     18.326    12.5807   3.623474    30.8625       5034    20.9708     2.8627  0.000e+00
     18.220    12.5817   3.623474    30.8617       5035    20.9750     2.8629  0.000e+00
     18.124    12.5822   3.623431    30.8609       5036    20.9792     2.8641  0.000e+00
     18.027    12.5826   3.623627    30.8624       5037    20.9833     2.8644  0.000e+00
     17.927    12.5819   3.623585    30.8627       5038    20.9875     2.8650  0.000e+00
     17.826    12.5817   3.623585    30.8629       5039    20.9917     2.8648  0.000e+00
     17.727    12.5812   3.623584    30.8633       5040    20.9958     2.8652  0.000e+00
     17.627    12.5812   3.623388    30.8615       5041    21.0000     2.8657  0.000e+00
     17.526    12.5824   3.623321    30.8599       5042    21.0042     2.8663  0.000e+00
     17.427    12.5839   3.623339    30.8589       5043    21.0083     2.8670  0.000e+00
