PC2305/sbe133.cnv
* Sea-Bird SBE 19plus V2 Data File:
* FileName = C:\cruise\data\sbe133.hex
* Software Version Seasave V 7.26.7.121
* Temperature SN = 7142
* Conductivity SN = 7142
* System UpLoad Time = Nov 09 2023 13:09:21
** Cruise: PC2205
** Program: ECOMON
# nquan = 8
# nvalues = 2344                                  
# units = specified
# name 0 = depSM: Depth [salt water, m], lat = 40.00
# name 1 = tv290C: Temperature [ITS-90, deg C]
# name 2 = c0S/m: Conductivity [S/m]
# name 3 = sal00: Salinity, Practical [PSU]
# name 4 = scan: Scan Count
# name 5 = timeM: Time, Elapsed [minutes]
# name 6 = sbeox0V: Oxygen raw, SBE 43 [V]
# name 7 = flag:  0.000e+00
# span 0 =     -0.067,    101.121                 
# span 1 =     2.5995,    11.8015                 
# span 2 =   0.000141,   3.670903                 
# span 3 =     0.0008,    34.2722                 
# span 4 =         11,       2354                 
# span 5 =     0.0417,     9.8042                 
# span 6 =     1.8642,     2.9091                 
# span 7 = 0.0000e+00, 0.0000e+00                 
# interval = seconds: 0.25
# start_time = Nov 09 2023 13:09:21 [System UTC, header]
# bad_flag = -9.990e-29
*END*
[from data line 2158]
     11.436    11.4469   3.609943    31.6853       2169     9.0333     2.7291  0.000e+00
     11.367    11.4468   3.609900    31.6849       2170     9.0375     2.7312  0.000e+00
     11.297    11.4465   3.609858    31.6848       2171     9.0417     2.7344  0.000e+00
     11.224    11.4464   3.609790    31.6843       2172     9.0458     2.7356  0.000e+00
     11.155    11.4463   3.609790    31.6844       2173     9.0500     2.7385  0.000e+00
     11.083    11.4460   3.609723    31.6840       2174     9.0542     2.7409  0.000e+00
     11.015    11.4456   3.609662    31.6838       2175     9.0583     2.7414  0.000e+00
     10.941    11.4450   3.609637    31.6841       2176     9.0625     2.7419  0.000e+00
     10.871    11.4446   3.609619    31.6843       2177     9.0667     2.7398  0.000e+00
     10.798    11.4445   3.609619    31.6844       2178     9.0708     2.7386  0.000e+00
     10.728    11.4442   3.609594    31.6845       2179     9.0750     2.7362  0.000e+00
     10.657    11.4442   3.609527    31.6838       2180     9.0792     2.7342  0.000e+00
     10.591    11.4440   3.609509    31.6839       2181     9.0833     2.7343  0.000e+00
     10.523    11.4438   3.609509    31.6841       2182     9.0875     2.7350  0.000e+00
     10.456    11.4436   3.609466    31.6838       2183     9.0917     2.7355  0.000e+00
     10.390    11.4432   3.609466    31.6842       2184     9.0958     2.7356  0.000e+00
     10.323    11.4432   3.609441    31.6840       2185     9.1000     2.7373  0.000e+00
     10.264    11.4430   3.609441    31.6842       2186     9.1042     2.7373  0.000e+00
     10.201    11.4432   3.609466    31.6843       2187     9.1083     2.7379  0.000e+00
     10.143    11.4431   3.609447    31.6842       2188     9.1125     2.7392  0.000e+00
     10.079    11.4432   3.609509    31.6847       2189     9.1167     2.7418  0.000e+00
     10.025    11.4434   3.609527    31.6848       2190     9.1208     2.7433  0.000e+00
      9.960    11.4435   3.609551    31.6849       2191     9.1250     2.7458  0.000e+00
      9.895    11.4438   3.609619    31.6854       2192     9.1292     2.7481  0.000e+00
      9.827    11.4442   3.609704    31.6859       2193     9.1333     2.7479  0.000e+00
      9.759    11.4449   3.609704    31.6853       2194     9.1375     2.7473  0.000e+00
      9.689    11.4453   3.609704    31.6850       2195     9.1417     2.7475  0.000e+00
      9.611    11.4455   3.609680    31.6846       2196     9.1458     2.7464  0.000e+00
      9.541    11.4454   3.609680    31.6848       2197     9.1500     2.7454  0.000e+00
      9.471    11.4452   3.609465    31.6829       2198     9.1542     2.7457  0.000e+00
      9.394    11.4438   3.608829    31.6779       2199     9.1583     2.7463  0.000e+00
      9.327    11.4412   3.608634    31.6782       2200     9.1625     2.7457  0.000e+00
      9.263    11.4388   3.608499    31.6790       2201     9.1667     2.7472  0.000e+00
      9.187    11.4369   3.608413    31.6798       2202     9.1708     2.7457  0.000e+00
      9.117    11.4355   3.608328    31.6802       2203     9.1750     2.7443  0.000e+00
      9.043    11.4344   3.608413    31.6820       2204     9.1792     2.7418  0.000e+00
      8.968    11.4342   3.608438    31.6824       2205     9.1833     2.7398  0.000e+00
      8.900    11.4342   3.608542    31.6835       2206     9.1875     2.7383  0.000e+00
      8.829    11.4344   3.608389    31.6818       2207     9.1917     2.7379  0.000e+00
      8.754    11.4341   3.608218    31.6805       2208     9.1958     2.7385  0.000e+00
      8.682    11.4334   3.608236    31.6813       2209     9.2000     2.7388  0.000e+00
      8.610    11.4332   3.608303    31.6821       2210     9.2042     2.7401  0.000e+00
      8.533    11.4333   3.608456    31.6836       2211     9.2083     2.7410  0.000e+00
      8.470    11.4338   3.608480    31.6835       2212     9.2125     2.7422  0.000e+00
      8.398    11.4343   3.608480    31.6830       2213     9.2167     2.7424  0.000e+00
      8.341    11.4349   3.608590    31.6836       2214     9.2208     2.7420  0.000e+00
      8.278    11.4353   3.608609    31.6834       2215     9.2250     2.7407  0.000e+00
      8.215    11.4359   3.608652    31.6834       2216     9.2292     2.7404  0.000e+00
      8.154    11.4364   3.608633    31.6828       2217     9.2333     2.7399  0.000e+00
      8.085    11.4366   3.608566    31.6820       2218     9.2375     2.7399  0.000e+00
      8.026    11.4364   3.608548    31.6821       2219     9.2417     2.7388  0.000e+00
      7.961    11.4362   3.608590    31.6826       2220     9.2458     2.7378  0.000e+00
      7.888    11.4362   3.608609    31.6829       2221     9.2500     2.7366  0.000e+00
      7.818    11.4363   3.608609    31.6828       2222     9.2542     2.7342  0.000e+00
      7.744    11.4363   3.608590    31.6827       2223     9.2583     2.7347  0.000e+00
      7.663    11.4365   3.608590    31.6825       2224     9.2625     2.7362  0.000e+00
      7.591    11.4366   3.608566    31.6822       2225     9.2667     2.7372  0.000e+00
      7.516    11.4364   3.608480    31.6816       2226     9.2708     2.7370  0.000e+00
      7.440    11.4358   3.608193    31.6794       2227     9.2750     2.7379  0.000e+00
      7.368    11.4347   3.608260    31.6810       2228     9.2792     2.7379  0.000e+00
      7.300    11.4344   3.608303    31.6817       2229     9.2833     2.7388  0.000e+00
      7.232    11.4337   3.607777    31.6772       2230     9.2875     2.7392  0.000e+00
      7.160    11.4314   3.607385    31.6754       2231     9.2917     2.7398  0.000e+00
      7.086    11.4290   3.607165    31.6753       2232     9.2958     2.7410  0.000e+00
      7.020    11.4266   3.607104    31.6767       2233     9.3000     2.7419  0.000e+00
      6.958    11.4250   3.607104    31.6781       2234     9.3042     2.7434  0.000e+00
      6.892    11.4244   3.607079    31.6785       2235     9.3083     2.7446  0.000e+00
      6.831    11.4238   3.607122    31.6794       2236     9.3125     2.7455  0.000e+00
      6.770    11.4236   3.607122    31.6796       2237     9.3167     2.7464  0.000e+00
      6.710    11.4235   3.606969    31.6783       2238     9.3208     2.7478  0.000e+00
      6.655    11.4228   3.606841    31.6776       2239     9.3250     2.7486  0.000e+00
      6.595    11.4222   3.606774    31.6775       2240     9.3292     2.7485  0.000e+00
      6.540    11.4216   3.606731    31.6776       2241     9.3333     2.7450  0.000e+00
      6.480    11.4212   3.606755    31.6782       2242     9.3375     2.7441  0.000e+00
      6.419    11.4209   3.606645    31.6775       2243     9.3417     2.7429  0.000e+00
      6.355    11.4207   3.606841    31.6795       2244     9.3458     2.7425  0.000e+00
      6.297    11.4210   3.606969    31.6805       2245     9.3500     2.7429  0.000e+00
      6.229    11.4216   3.606755    31.6780       2246     9.3542     2.7435  0.000e+00
      6.157    11.4214   3.606645    31.6771       2247     9.3583     2.7424  0.000e+00
      6.085    11.4208   3.606694    31.6781       2248     9.3625     2.7414  0.000e+00
      6.013    11.4196   3.606009    31.6725       2249     9.3667     2.7423  0.000e+00
      5.941    11.4175   3.606400    31.6781       2250     9.3708     2.7450  0.000e+00
      5.868    11.4169   3.606052    31.6753       2251     9.3750     2.7466  0.000e+00
      5.797    11.4146   3.605202    31.6690       2252     9.3792     2.7471  0.000e+00
      5.731    11.4102   3.604853    31.6694       2253     9.3833     2.7482  0.000e+00
      5.664    11.4067   3.605177    31.6756       2254     9.3875     2.7470  0.000e+00
      5.596    11.4056   3.605006    31.6749       2255     9.3917     2.7443  0.000e+00
      5.535    11.4041   3.604676    31.6729       2256     9.3958     2.7424  0.000e+00
      5.463    11.4026   3.604523    31.6728       2257     9.4000     2.7406  0.000e+00
      5.395    11.4009   3.604590    31.6749       2258     9.4042     2.7399  0.000e+00
      5.327    11.4004   3.604829    31.6777       2259     9.4083     2.7401  0.000e+00
      5.262    11.4010   3.604743    31.6764       2260     9.4125     2.7399  0.000e+00
      5.176    11.4012   3.604615    31.6750       2261     9.4167     2.7385  0.000e+00
      5.100    11.4008   3.604786    31.6770       2262     9.4208     2.7390  0.000e+00
      5.021    11.4016   3.605134    31.6798       2263     9.4250     2.7379  0.000e+00
      4.944    11.4035   3.605507    31.6818       2264     9.4292     2.7371  0.000e+00
      4.875    11.4063   3.605966    31.6840       2265     9.4333     2.7363  0.000e+00
      4.805    11.4101   3.606449    31.6854       2266     9.4375     2.7379  0.000e+00
      4.735    11.4142   3.606492    31.6824       2267     9.4417     2.7387  0.000e+00
      4.669    11.4161   3.605574    31.6718       2268     9.4458     2.7389  0.000e+00
      4.611    11.4135   3.604896    31.6674       2269     9.4500     2.7383  0.000e+00
      4.555    11.4091   3.604615    31.6685       2270     9.4542     2.7372  0.000e+00
      4.500    11.4056   3.604633    31.6717       2271     9.4583     2.7372  0.000e+00
      4.435    11.4035   3.604633    31.6735       2272     9.4625     2.7355  0.000e+00
      4.385    11.4020   3.604401    31.6725       2273     9.4667     2.7344  0.000e+00
      4.318    11.4002   3.603850    31.6687       2274     9.4708     2.7343  0.000e+00
      4.261    11.3967   3.603453    31.6679       2275     9.4750     2.7345  0.000e+00
      4.194    11.3936   3.603453    31.6706       2276     9.4792     2.7344  0.000e+00
      4.126    11.3915   3.603392    31.6718       2277     9.4833     2.7355  0.000e+00
      4.049    11.3903   3.603545    31.6744       2278     9.4875     2.7358  0.000e+00
      3.971    11.3906   3.603740    31.6760       2279     9.4917     2.7360  0.000e+00
      3.899    11.3915   3.603545    31.6734       2280     9.4958     2.7362  0.000e+00
      3.831    11.3912   3.603257    31.6709       2281     9.5000     2.7376  0.000e+00
      3.770    11.3899   3.603129    31.6708       2282     9.5042     2.7368  0.000e+00
      3.707    11.3883   3.603062    31.6715       2283     9.5083     2.7383  0.000e+00
      3.650    11.3875   3.603214    31.6737       2284     9.5125     2.7386  0.000e+00
      3.603    11.3875   3.603282    31.6743       2285     9.5167     2.7388  0.000e+00
      3.549    11.3880   3.603392    31.6750       2286     9.5208     2.7376  0.000e+00
      3.495    11.3885   3.603214    31.6729       2287     9.5250     2.7388  0.000e+00
      3.445    11.3884   3.603214    31.6730       2288     9.5292     2.7382  0.000e+00
      3.385    11.3880   3.602909    31.6704       2289     9.5333     2.7367  0.000e+00
      3.322    11.3867   3.602799    31.6705       2290     9.5375     2.7369  0.000e+00
      3.251    11.3851   3.602695    31.6709       2291     9.5417     2.7389  0.000e+00
      3.173    11.3839   3.602799    31.6729       2292     9.5458     2.7411  0.000e+00
      3.083    11.3837   3.602951    31.6746       2293     9.5500     2.7404  0.000e+00
      2.999    11.3844   3.603104    31.6756       2294     9.5542     2.7408  0.000e+00
      2.929    11.3852   3.603116    31.6750       2295     9.5583     2.7402  0.000e+00
      2.862    11.3860   3.603043    31.6737       2296     9.5625     2.7404  0.000e+00
      2.794    11.3861   3.602909    31.6723       2297     9.5667     2.7409  0.000e+00
      2.728    11.3856   3.602823    31.6719       2298     9.5708     2.7397  0.000e+00
      2.667    11.3849   3.602737    31.6716       2299     9.5750     2.7387  0.000e+00
      2.602    11.3841   3.602695    31.6720       2300     9.5792     2.7357  0.000e+00
      2.519    11.3834   3.602670    31.6724       2301     9.5833     2.7353  0.000e+00
      2.442    11.3828   3.602603    31.6722       2302     9.5875     2.7349  0.000e+00
      2.365    11.3825   3.602798    31.6744       2303     9.5917     2.7347  0.000e+00
      2.276    11.3834   3.603061    31.6763       2304     9.5958     2.7354  0.000e+00
      2.190    11.3851   3.603128    31.6755       2305     9.6000     2.7364  0.000e+00
      2.115    11.3865   3.603061    31.6737       2306     9.6042     2.7388  0.000e+00
      2.028    11.3872   3.603128    31.6738       2307     9.6083     2.7401  0.000e+00
      1.966    11.3879   3.603171    31.6736       2308     9.6125     2.7408  0.000e+00
      1.895    11.3884   3.603196    31.6734       2309     9.6167     2.7417  0.000e+00
      1.849    11.3887   3.603196    31.6732       2310     9.6208     2.7424  0.000e+00
      1.795    11.3895   3.603452    31.6750       2311     9.6250     2.7411  0.000e+00
      1.739    11.3908   3.603697    31.6763       2312     9.6292     2.7408  0.000e+00
      1.691    11.3928   3.603825    31.6759       2313     9.6333     2.7396  0.000e+00
      1.622    11.3947   3.603935    31.6754       2314     9.6375     2.7397  0.000e+00
      1.540    11.3962   3.603868    31.6735       2315     9.6417     2.7396  0.000e+00
      1.455    11.3964   3.603697    31.6717       2316     9.6458     2.7403  0.000e+00
      1.374    11.3962   3.603825    31.6732       2317     9.6500     2.7413  0.000e+00
      1.311    11.3961   3.603807    31.6731       2318     9.6542     2.7418  0.000e+00
      1.248    11.3960   3.603825    31.6734       2319     9.6583     2.7417  0.000e+00
      1.195    11.3960   3.603892    31.6740       2320     9.6625     2.7415  0.000e+00
      1.141    11.3961   3.604063    31.6756       2321     9.6667     2.7406  0.000e+00
      1.081    11.3965   3.604002    31.6748       2322     9.6708     2.7400  0.000e+00
      1.029    11.3965   3.604063    31.6753       2323     9.6750     2.7383  0.000e+00
      0.986    11.3971   3.604240    31.6766       2324     9.6792     2.7379  0.000e+00
      0.936    11.3982   3.604240    31.6757       2325     9.6833     2.7368  0.000e+00
      0.884    11.3987   3.604088    31.6738       2326     9.6875     2.7352  0.000e+00
      0.833    11.3986   3.604088    31.6739       2327     9.6917     2.7342  0.000e+00
      0.790    11.3988   3.604155    31.6744       2328     9.6958     2.7336  0.000e+00
      0.716    11.3991   3.604308    31.6757       2329     9.7000     2.7331  0.000e+00
      0.601    11.3996   3.604393    31.6761       2330     9.7042     2.7328  0.000e+00
      0.524    11.4003   3.604460    31.6762       2331     9.7083     2.7337  0.000e+00
      0.539    11.4014   3.604723    31.6778       2332     9.7125     2.7362  0.000e+00
      0.547    11.4025   3.604656    31.6762       2333     9.7167     2.7394  0.000e+00
      0.521    11.4032   3.604852    31.6775       2334     9.7208     2.7396  0.000e+00
      0.495    11.4040   3.604699    31.6754       2335     9.7250     2.7388  0.000e+00
      0.461    11.4037   3.604699    31.6757       2336     9.7292     2.7379  0.000e+00
      0.389    11.4039   3.604937    31.6779       2337     9.7333     2.7379  0.000e+00
      0.298    11.4048   3.605114    31.6788       2338     9.7375     2.7385  0.000e+00
      0.175    11.4057   3.604723    31.6743       2339     9.7417     2.7385  0.000e+00
      0.109    11.4053   3.604876    31.6761       2340     9.7458     2.7399  0.000e+00
      0.116    11.4055   3.605004    31.6772       2341     9.7500     2.7422  0.000e+00
     -0.010    11.4045   3.603714    31.6655       2342     9.7542     2.7451  0.000e+00
     -0.060    11.3989   3.275736    28.4902       2343     9.7583     2.7476  0.000e+00
     -0.060    11.3830   0.770301     5.9073       2344     9.7625     2.7501  0.000e+00
     -0.062    11.3451   0.421770     3.1062       2345     9.7667     2.7536  0.000e+00
     -0.064    11.2916   0.331771     2.4104       2346     9.7708     2.7575  0.000e+00
     -0.064    11.2410   0.285401     2.0578       2347     9.7750     2.7604  0.000e+00
