PC2305/sbe153.cnv
* Sea-Bird SBE 19plus V2 Data File:
* FileName = C:\cruise\data\sbe153.hex
* Software Version Seasave V 7.26.7.121
* Temperature SN = 7142
* Conductivity SN = 7142
* System UpLoad Time = Nov 12 2023 00:57:40
** Cruise: PC2205
** Program: ECOMON
# nquan = 8
# nvalues = 5077                                  
# units = specified
# name 0 = depSM: Depth [salt water, m], lat = 40.00
# name 1 = tv290C: Temperature [ITS-90, deg C]
# name 2 = c0S/m: Conductivity [S/m]
# name 3 = sal00: Salinity, Practical [PSU]
# name 4 = scan: Scan Count
# name 5 = timeM: Time, Elapsed [minutes]
# name 6 = sbeox0V: Oxygen raw, SBE 43 [V]
# name 7 = flag:  0.000e+00
# span 0 =      0.029,    238.347                 
# span 1 =     6.3009,    11.0905                 
# span 2 =   0.000309,   3.665855                 
# span 3 =     0.0042,    34.7148                 
# span 4 =         11,       5087                 
# span 5 =     0.0417,    21.1917                 
# span 6 =     1.6883,     2.7008                 
# span 7 = 0.0000e+00, 0.0000e+00                 
# interval = seconds: 0.25
# start_time = Nov 12 2023 00:57:40 [System UTC, header]
# bad_flag = -9.990e-29
*END*
[from data line 3956]
     91.553     8.2472   3.515502    33.5845       3967    16.5250     1.9495  0.000e+00
     91.501     8.2467   3.515484    33.5847       3968    16.5292     1.9433  0.000e+00
     91.456     8.2462   3.515478    33.5852       3969    16.5333     1.9373  0.000e+00
     91.411     8.2457   3.515308    33.5838       3970    16.5375     1.9313  0.000e+00
     91.363     8.2455   3.515097    33.5819       3971    16.5417     1.9281  0.000e+00
     91.313     8.2450   3.514903    33.5803       3972    16.5458     1.9243  0.000e+00
     91.253     8.2448   3.514715    33.5785       3973    16.5500     1.9236  0.000e+00
     91.183     8.2442   3.514503    33.5769       3974    16.5542     1.9262  0.000e+00
     91.104     8.2438   3.514231    33.5744       3975    16.5583     1.9267  0.000e+00
     91.005     8.2432   3.513971    33.5723       3976    16.5625     1.9285  0.000e+00
     90.892     8.2424   3.513680    33.5700       3977    16.5667     1.9299  0.000e+00
     90.780     8.2418   3.513402    33.5677       3978    16.5708     1.9327  0.000e+00
     90.665     8.2409   3.513190    33.5663       3979    16.5750     1.9342  0.000e+00
     90.545     8.2400   3.512917    33.5643       3980    16.5792     1.9371  0.000e+00
     90.425     8.2394   3.512748    33.5632       3981    16.5833     1.9398  0.000e+00
     90.313     8.2387   3.512663    33.5630       3982    16.5875     1.9429  0.000e+00
     90.232     8.2383   3.512724    33.5641       3983    16.5917     1.9484  0.000e+00
     90.164     8.2380   3.513529    33.5729       3984    16.5958     1.9553  0.000e+00
     90.113     8.2380   3.514739    33.5858       3985    16.6000     1.9642  0.000e+00
     90.085     8.2379   3.514842    33.5870       3986    16.6042     1.9704  0.000e+00
     90.065     8.2383   3.515193    33.5904       3987    16.6083     1.9774  0.000e+00
     90.051     8.2393   3.515247    33.5900       3988    16.6125     1.9812  0.000e+00
     90.034     8.2403   3.514781    33.5841       3989    16.6167     1.9849  0.000e+00
     90.011     8.2415   3.514079    33.5755       3990    16.6208     1.9846  0.000e+00
     89.968     8.2418   3.513044    33.5643       3991    16.6250     1.9833  0.000e+00
     89.905     8.2437   3.512494    33.5566       3992    16.6292     1.9812  0.000e+00
     89.822     8.2490   3.512366    33.5503       3993    16.6333     1.9787  0.000e+00
     89.713     8.2592   3.513147    33.5488       3994    16.6375     1.9745  0.000e+00
     89.578     8.2795   3.515586    33.5554       3995    16.6417     1.9716  0.000e+00
     89.432     8.3117   3.517831    33.5485       3996    16.6458     1.9671  0.000e+00
     89.281     8.3460   3.518891    33.5272       3997    16.6500     1.9636  0.000e+00
     89.123     8.3749   3.519732    33.5087       3998    16.6542     1.9592  0.000e+00
     88.975     8.3988   3.520398    33.4930       3999    16.6583     1.9602  0.000e+00
     88.837     8.4177   3.520543    33.4767       4000    16.6625     1.9639  0.000e+00
     88.729     8.4306   3.520288    33.4618       4001    16.6667     1.9691  0.000e+00
     88.655     8.4388   3.518665    33.4369       4002    16.6708     1.9757  0.000e+00
     88.612     8.4436   3.517763    33.4228       4003    16.6750     1.9829  0.000e+00
     88.596     8.4426   3.517448    33.4205       4004    16.6792     1.9871  0.000e+00
     88.598     8.4286   3.517636    33.4357       4005    16.6833     1.9913  0.000e+00
     88.605     8.4127   3.517636    33.4508       4006    16.6875     1.9942  0.000e+00
     88.611     8.4027   3.517424    33.4581       4007    16.6917     1.9942  0.000e+00
     88.607     8.3968   3.517194    33.4612       4008    16.6958     1.9947  0.000e+00
     88.589     8.3932   3.517679    33.4698       4009    16.7000     1.9930  0.000e+00
     88.549     8.3909   3.517951    33.4749       4010    16.7042     1.9917  0.000e+00
     88.490     8.3959   3.519102    33.4823       4011    16.7083     1.9882  0.000e+00
     88.415     8.4084   3.520313    33.4833       4012    16.7125     1.9857  0.000e+00
     88.318     8.4234   3.521161    33.4780       4013    16.7167     1.9816  0.000e+00
     88.208     8.4372   3.521584    33.4694       4014    16.7208     1.9761  0.000e+00
     88.089     8.4476   3.521693    33.4608       4015    16.7250     1.9718  0.000e+00
     87.963     8.4550   3.521736    33.4543       4016    16.7292     1.9691  0.000e+00
     87.845     8.4602   3.521735    33.4494       4017    16.7333     1.9652  0.000e+00
     87.726     8.4640   3.521735    33.4458       4018    16.7375     1.9656  0.000e+00
     87.616     8.4669   3.521669    33.4424       4019    16.7417     1.9688  0.000e+00
     87.518     8.4691   3.521626    33.4400       4020    16.7458     1.9737  0.000e+00
     87.426     8.4711   3.521469    33.4365       4021    16.7500     1.9789  0.000e+00
     87.349     8.4724   3.521202    33.4324       4022    16.7542     1.9826  0.000e+00
     87.282     8.4736   3.521008    33.4293       4023    16.7583     1.9856  0.000e+00
     87.217     8.4746   3.520839    33.4265       4024    16.7625     1.9898  0.000e+00
     87.156     8.4757   3.520778    33.4249       4025    16.7667     1.9923  0.000e+00
     87.102     8.4770   3.520736    33.4232       4026    16.7708     1.9935  0.000e+00
     87.045     8.4785   3.520881    33.4234       4027    16.7750     1.9944  0.000e+00
     86.989     8.4806   3.521050    33.4232       4028    16.7792     1.9968  0.000e+00
     86.928     8.4843   3.521159    33.4209       4029    16.7833     1.9960  0.000e+00
     86.865     8.4889   3.521177    33.4168       4030    16.7875     1.9933  0.000e+00
     86.798     8.4947   3.521220    33.4117       4031    16.7917     1.9898  0.000e+00
     86.727     8.5001   3.521262    33.4071       4032    16.7958     1.9874  0.000e+00
     86.664     8.5048   3.521226    33.4023       4033    16.8000     1.9823  0.000e+00
     86.601     8.5092   3.521220    33.3981       4034    16.8042     1.9783  0.000e+00
     86.545     8.5130   3.521201    33.3943       4035    16.8083     1.9752  0.000e+00
     86.482     8.5172   3.521135    33.3896       4036    16.8125     1.9731  0.000e+00
     86.432     8.5206   3.521001    33.3851       4037    16.8167     1.9704  0.000e+00
     86.396     8.5232   3.520795    33.3804       4038    16.8208     1.9723  0.000e+00
     86.354     8.5249   3.520583    33.3767       4039    16.8250     1.9730  0.000e+00
     86.317     8.5259   3.520523    33.3750       4040    16.8292     1.9742  0.000e+00
     86.275     8.5276   3.520620    33.3745       4041    16.8333     1.9759  0.000e+00
     86.232     8.5290   3.520795    33.3751       4042    16.8375     1.9767  0.000e+00
     86.185     8.5304   3.521074    33.3766       4043    16.8417     1.9765  0.000e+00
     86.135     8.5326   3.521328    33.3773       4044    16.8458     1.9765  0.000e+00
     86.072     8.5349   3.521558    33.3776       4045    16.8500     1.9759  0.000e+00
     85.993     8.5374   3.521837    33.3782       4046    16.8542     1.9729  0.000e+00
     85.907     8.5393   3.522200    33.3803       4047    16.8583     1.9708  0.000e+00
     85.790     8.5423   3.522388    33.3795       4048    16.8625     1.9676  0.000e+00
     85.664     8.5450   3.522473    33.3778       4049    16.8667     1.9634  0.000e+00
     85.520     8.5476   3.522539    33.3762       4050    16.8708     1.9600  0.000e+00
     85.369     8.5499   3.522539    33.3740       4051    16.8750     1.9566  0.000e+00
     85.206     8.5515   3.522473    33.3719       4052    16.8792     1.9537  0.000e+00
     85.033     8.5529   3.522472    33.3707       4053    16.8833     1.9540  0.000e+00
     84.866     8.5542   3.522345    33.3682       4054    16.8875     1.9568  0.000e+00
     84.704     8.5559   3.522242    33.3656       4055    16.8917     1.9633  0.000e+00
     84.559     8.5595   3.522260    33.3624       4056    16.8958     1.9718  0.000e+00
     84.427     8.5683   3.522539    33.3571       4057    16.9000     1.9797  0.000e+00
     84.312     8.5851   3.522769    33.3437       4058    16.9042     1.9884  0.000e+00
     84.224     8.6059   3.522538    33.3217       4059    16.9083     1.9950  0.000e+00
     84.158     8.6251   3.521199    33.2896       4060    16.9125     2.0016  0.000e+00
     84.123     8.6366   3.520375    33.2701       4061    16.9167     2.0060  0.000e+00
     84.109     8.6435   3.520072    33.2605       4062    16.9208     2.0065  0.000e+00
     84.125     8.6297   3.520073    33.2735       4063    16.9250     2.0070  0.000e+00
     84.152     8.6039   3.520200    33.2990       4064    16.9292     2.0042  0.000e+00
     84.204     8.5823   3.520176    33.3192       4065    16.9333     2.0009  0.000e+00
     84.271     8.5664   3.519989    33.3322       4066    16.9375     1.9981  0.000e+00
     84.345     8.5563   3.519504    33.3365       4067    16.9417     1.9927  0.000e+00
     84.408     8.5504   3.520183    33.3492       4068    16.9458     1.9872  0.000e+00
     84.456     8.5472   3.520619    33.3569       4069    16.9500     1.9818  0.000e+00
     84.492     8.5643   3.523023    33.3660       4070    16.9542     1.9754  0.000e+00
     84.494     8.6048   3.526574    33.3651       4071    16.9583     1.9707  0.000e+00
     84.467     8.6480   3.528064    33.3400       4072    16.9625     1.9648  0.000e+00
     84.397     8.6867   3.528967    33.3131       4073    16.9667     1.9598  0.000e+00
     84.289     8.7152   3.529828    33.2954       4074    16.9708     1.9540  0.000e+00
     84.131     8.7373   3.530913    33.2860       4075    16.9750     1.9529  0.000e+00
     83.924     8.7569   3.531683    33.2757       4076    16.9792     1.9529  0.000e+00
     83.689     8.7747   3.532489    33.2676       4077    16.9833     1.9607  0.000e+00
     83.428     8.7896   3.533010    33.2592       4078    16.9875     1.9704  0.000e+00
     83.151     8.8026   3.533556    33.2528       4079    16.9917     1.9838  0.000e+00
     82.858     8.8132   3.533556    33.2430       4080    16.9958     1.9982  0.000e+00
     82.576     8.8206   3.533531    33.2360       4081    17.0000     2.0126  0.000e+00
     82.319     8.8265   3.533483    33.2300       4082    17.0042     2.0271  0.000e+00
     82.103     8.8321   3.533191    33.2218       4083    17.0083     2.0377  0.000e+00
     81.939     8.8382   3.532148    33.2054       4084    17.0125     2.0468  0.000e+00
     81.839     8.8435   3.530250    33.1806       4085    17.0167     2.0550  0.000e+00
     81.808     8.8449   3.531020    33.1873       4086    17.0208     2.0595  0.000e+00
     81.844     8.8349   3.530862    33.1950       4087    17.0250     2.0600  0.000e+00
     81.929     8.8220   3.530274    33.2009       4088    17.0292     2.0588  0.000e+00
     82.054     8.8095   3.529935    33.2090       4089    17.0333     2.0540  0.000e+00
     82.202     8.8016   3.529335    33.2101       4090    17.0375     2.0490  0.000e+00
     82.355     8.7968   3.528250    33.2031       4091    17.0417     2.0417  0.000e+00
     82.497     8.7936   3.528808    33.2119       4092    17.0458     2.0343  0.000e+00
     82.614     8.7917   3.529911    33.2252       4093    17.0500     2.0251  0.000e+00
     82.685     8.7979   3.532258    33.2439       4094    17.0542     2.0182  0.000e+00
     82.712     8.8130   3.533622    33.2440       4095    17.0583     2.0093  0.000e+00
     82.693     8.8294   3.533950    33.2321       4096    17.0625     2.0007  0.000e+00
     82.626     8.8415   3.534065    33.2219       4097    17.0667     1.9942  0.000e+00
     82.500     8.8487   3.534386    33.2186       4098    17.0708     1.9900  0.000e+00
     82.351     8.8533   3.534835    33.2190       4099    17.0750     1.9919  0.000e+00
     82.162     8.8581   3.535247    33.2190       4100    17.0792     1.9965  0.000e+00
     81.950     8.8651   3.535429    33.2144       4101    17.0833     2.0030  0.000e+00
     81.722     8.8726   3.535623    33.2096       4102    17.0875     2.0118  0.000e+00
     81.503     8.8804   3.535708    33.2032       4103    17.0917     2.0225  0.000e+00
     81.285     8.8885   3.535860    33.1973       4104    17.0958     2.0328  0.000e+00
     81.082     8.8953   3.535787    33.1903       4105    17.1000     2.0441  0.000e+00
     80.893     8.9007   3.535665    33.1841       4106    17.1042     2.0534  0.000e+00
     80.733     8.9044   3.535513    33.1791       4107    17.1083     2.0595  0.000e+00
     80.596     8.9071   3.535198    33.1734       4108    17.1125     2.0663  0.000e+00
     80.483     8.9088   3.534822    33.1679       4109    17.1167     2.0729  0.000e+00
     80.395     8.9098   3.534088    33.1593       4110    17.1208     2.0746  0.000e+00
     80.332     8.9104   3.532529    33.1426       4111    17.1250     2.0755  0.000e+00
     80.291     8.9101   3.531892    33.1362       4112    17.1292     2.0742  0.000e+00
     80.269     8.9106   3.532086    33.1378       4113    17.1333     2.0720  0.000e+00
     80.257     8.9077   3.532092    33.1405       4114    17.1375     2.0668  0.000e+00
     80.259     8.9019   3.532256    33.1476       4115    17.1417     2.0605  0.000e+00
     80.268     8.8954   3.532232    33.1535       4116    17.1458     2.0527  0.000e+00
     80.280     8.8898   3.531953    33.1558       4117    17.1500     2.0447  0.000e+00
     80.293     8.8858   3.531601    33.1559       4118    17.1542     2.0352  0.000e+00
     80.307     8.8833   3.530425    33.1459       4119    17.1583     2.0254  0.000e+00
     80.311     8.8806   3.530613    33.1504       4120    17.1625     2.0139  0.000e+00
     80.304     8.8785   3.531104    33.1575       4121    17.1667     2.0049  0.000e+00
     80.280     8.8802   3.532147    33.1668       4122    17.1708     1.9959  0.000e+00
     80.232     8.8867   3.533548    33.1754       4123    17.1750     1.9872  0.000e+00
     80.156     8.8947   3.534537    33.1783       4124    17.1792     1.9802  0.000e+00
     80.066     8.9030   3.535240    33.1778       4125    17.1833     1.9714  0.000e+00
     79.949     8.9111   3.535580    33.1739       4126    17.1875     1.9638  0.000e+00
     79.822     8.9168   3.535828    33.1712       4127    17.1917     1.9594  0.000e+00
     79.673     8.9218   3.535919    33.1676       4128    17.1958     1.9555  0.000e+00
     79.532     8.9258   3.536028    33.1651       4129    17.2000     1.9572  0.000e+00
     79.392     8.9288   3.536113    33.1632       4130    17.2042     1.9615  0.000e+00
     79.254     8.9315   3.536046    33.1600       4131    17.2083     1.9691  0.000e+00
     79.128     8.9339   3.535961    33.1570       4132    17.2125     1.9773  0.000e+00
     79.013     8.9357   3.535773    33.1534       4133    17.2167     1.9832  0.000e+00
     78.917     8.9366   3.535427    33.1490       4134    17.2208     1.9903  0.000e+00
     78.851     8.9370   3.534724    33.1413       4135    17.2250     1.9936  0.000e+00
     78.797     8.9370   3.533510    33.1287       4136    17.2292     1.9989  0.000e+00
     78.761     8.9364   3.532382    33.1175       4137    17.2333     1.9985  0.000e+00
     78.736     8.9362   3.532085    33.1146       4138    17.2375     2.0011  0.000e+00
     78.714     8.9361   3.531909    33.1129       4139    17.2417     1.9983  0.000e+00
     78.700     8.9353   3.531612    33.1105       4140    17.2458     1.9979  0.000e+00
     78.671     8.9316   3.531934    33.1173       4141    17.2500     1.9968  0.000e+00
     78.632     8.9296   3.533444    33.1349       4142    17.2542     1.9907  0.000e+00
     78.580     8.9300   3.534936    33.1501       4143    17.2583     1.9872  0.000e+00
     78.506     8.9317   3.535555    33.1551       4144    17.2625     1.9815  0.000e+00
