PC2305/sbe103.cnv
* Sea-Bird SBE 19plus V2 Data File:
* FileName = C:\cruise\data\sbe103.hex
* Software Version Seasave V 7.26.7.121
* Temperature SN = 7142
* Conductivity SN = 7142
* System UpLoad Time = Nov 05 2023 22:47:46
** Cruise: PC2205
** Program: ECOMON
# nquan = 8
# nvalues = 1748                                  
# units = specified
# name 0 = depSM: Depth [salt water, m], lat = 40.00
# name 1 = tv290C: Temperature [ITS-90, deg C]
# name 2 = c0S/m: Conductivity [S/m]
# name 3 = sal00: Salinity, Practical [PSU]
# name 4 = scan: Scan Count
# name 5 = timeM: Time, Elapsed [minutes]
# name 6 = sbeox0V: Oxygen raw, SBE 43 [V]
# name 7 = flag:  0.000e+00
# span 0 =     -0.053,     58.748                 
# span 1 =    12.7369,    13.4669                 
# span 2 =   0.000121,   3.828306                 
# span 3 =     0.0067,    32.0870                 
# span 4 =         11,       1758                 
# span 5 =     0.0417,     7.3208                 
# span 6 =     2.0655,     2.8350                 
# span 7 = 0.0000e+00, 0.0000e+00                 
# interval = seconds: 0.25
# start_time = Nov 05 2023 22:47:46 [System UTC, header]
# bad_flag = -9.990e-29
*END*
[from data line 360]
     31.957    13.2454   3.810740    32.0677        371     1.5417     2.7001  0.000e+00
     32.102    13.2452   3.810734    32.0678        372     1.5458     2.7013  0.000e+00
     32.242    13.2455   3.810715    32.0673        373     1.5500     2.7014  0.000e+00
     32.399    13.2451   3.810684    32.0673        374     1.5542     2.7008  0.000e+00
     32.548    13.2449   3.810716    32.0676        375     1.5583     2.7020  0.000e+00
     32.704    13.2449   3.810684    32.0673        376     1.5625     2.7006  0.000e+00
     32.853    13.2447   3.810672    32.0674        377     1.5667     2.7004  0.000e+00
     33.003    13.2445   3.810666    32.0674        378     1.5708     2.6992  0.000e+00
     33.157    13.2444   3.810666    32.0674        379     1.5750     2.6995  0.000e+00
     33.315    13.2438   3.810647    32.0677        380     1.5792     2.6986  0.000e+00
     33.475    13.2439   3.810641    32.0675        381     1.5833     2.6992  0.000e+00
     33.633    13.2437   3.810697    32.0681        382     1.5875     2.6985  0.000e+00
     33.790    13.2436   3.810685    32.0680        383     1.5917     2.6979  0.000e+00
     33.950    13.2436   3.810697    32.0681        384     1.5958     2.6976  0.000e+00
     34.115    13.2436   3.810666    32.0677        385     1.6000     2.6992  0.000e+00
     34.279    13.2435   3.810672    32.0678        386     1.6042     2.6991  0.000e+00
     34.435    13.2436   3.810710    32.0679        387     1.6083     2.6993  0.000e+00
     34.590    13.2435   3.810741    32.0683        388     1.6125     2.6979  0.000e+00
     34.741    13.2437   3.810760    32.0682        389     1.6167     2.6952  0.000e+00
     34.890    13.2439   3.810741    32.0679        390     1.6208     2.6947  0.000e+00
     35.041    13.2436   3.810760    32.0682        391     1.6250     2.6950  0.000e+00
     35.190    13.2437   3.810760    32.0680        392     1.6292     2.6949  0.000e+00
     35.341    13.2436   3.810760    32.0681        393     1.6333     2.6957  0.000e+00
     35.490    13.2436   3.810779    32.0682        394     1.6375     2.6950  0.000e+00
     35.630    13.2438   3.810785    32.0680        395     1.6417     2.6959  0.000e+00
     35.778    13.2436   3.810829    32.0685        396     1.6458     2.6959  0.000e+00
     35.927    13.2439   3.810829    32.0683        397     1.6500     2.6967  0.000e+00
     36.072    13.2439   3.810829    32.0682        398     1.6542     2.6969  0.000e+00
     36.220    13.2441   3.810829    32.0680        399     1.6583     2.6976  0.000e+00
     36.355    13.2443   3.810873    32.0682        400     1.6625     2.6970  0.000e+00
     36.491    13.2441   3.810898    32.0685        401     1.6667     2.6968  0.000e+00
     36.621    13.2442   3.810873    32.0681        402     1.6708     2.6974  0.000e+00
     36.752    13.2444   3.810898    32.0681        403     1.6750     2.6985  0.000e+00
     36.878    13.2443   3.810898    32.0682        404     1.6792     2.6988  0.000e+00
     37.005    13.2443   3.810917    32.0683        405     1.6833     2.6985  0.000e+00
     37.127    13.2445   3.810924    32.0681        406     1.6875     2.7000  0.000e+00
     37.253    13.2445   3.810942    32.0683        407     1.6917     2.7013  0.000e+00
     37.386    13.2444   3.810924    32.0681        408     1.6958     2.7015  0.000e+00
     37.525    13.2446   3.810942    32.0681        409     1.7000     2.7023  0.000e+00
     37.667    13.2444   3.810961    32.0683        410     1.7042     2.7017  0.000e+00
     37.810    13.2446   3.810993    32.0684        411     1.7083     2.7020  0.000e+00
     37.961    13.2446   3.810986    32.0683        412     1.7125     2.7005  0.000e+00
     38.116    13.2447   3.810993    32.0683        413     1.7167     2.7008  0.000e+00
     38.272    13.2449   3.811030    32.0684        414     1.7208     2.6999  0.000e+00
     38.434    13.2448   3.811018    32.0683        415     1.7250     2.6980  0.000e+00
     38.594    13.2449   3.811005    32.0680        416     1.7292     2.6964  0.000e+00
     38.754    13.2448   3.811018    32.0681        417     1.7333     2.6946  0.000e+00
     38.916    13.2448   3.811006    32.0679        418     1.7375     2.6934  0.000e+00
     39.074    13.2448   3.811062    32.0684        419     1.7417     2.6932  0.000e+00
     39.225    13.2449   3.811056    32.0682        420     1.7458     2.6928  0.000e+00
     39.376    13.2447   3.811037    32.0681        421     1.7500     2.6923  0.000e+00
     39.518    13.2449   3.811056    32.0681        422     1.7542     2.6920  0.000e+00
     39.667    13.2449   3.811087    32.0683        423     1.7583     2.6928  0.000e+00
     39.807    13.2447   3.811087    32.0684        424     1.7625     2.6920  0.000e+00
     39.956    13.2449   3.811100    32.0683        425     1.7667     2.6930  0.000e+00
     40.102    13.2449   3.811087    32.0682        426     1.7708     2.6936  0.000e+00
     40.251    13.2449   3.811100    32.0682        427     1.7750     2.6956  0.000e+00
     40.391    13.2449   3.811112    32.0683        428     1.7792     2.6967  0.000e+00
     40.537    13.2449   3.811100    32.0681        429     1.7833     2.6969  0.000e+00
     40.681    13.2450   3.811087    32.0678        430     1.7875     2.6975  0.000e+00
     40.830    13.2452   3.811075    32.0675        431     1.7917     2.6988  0.000e+00
     40.979    13.2448   3.811113    32.0681        432     1.7958     2.7001  0.000e+00
     41.123    13.2448   3.811119    32.0681        433     1.8000     2.7005  0.000e+00
     41.268    13.2449   3.811131    32.0681        434     1.8042     2.7001  0.000e+00
     41.407    13.2449   3.811119    32.0680        435     1.8083     2.7003  0.000e+00
     41.549    13.2449   3.811063    32.0673        436     1.8125     2.6985  0.000e+00
     41.691    13.2446   3.811032    32.0673        437     1.8167     2.6989  0.000e+00
     41.834    13.2441   3.810994    32.0672        438     1.8208     2.6990  0.000e+00
     41.976    13.2437   3.811007    32.0677        439     1.8250     2.6995  0.000e+00
     42.120    13.2433   3.811019    32.0680        440     1.8292     2.6990  0.000e+00
     42.264    13.2432   3.811019    32.0681        441     1.8333     2.6982  0.000e+00
     42.411    13.2431   3.811032    32.0683        442     1.8375     2.6985  0.000e+00
     42.559    13.2431   3.811038    32.0683        443     1.8417     2.6981  0.000e+00
     42.708    13.2432   3.811057    32.0683        444     1.8458     2.6985  0.000e+00
     42.863    13.2431   3.811038    32.0682        445     1.8500     2.6987  0.000e+00
     43.017    13.2428   3.810988    32.0678        446     1.8542     2.6998  0.000e+00
     43.173    13.2425   3.810995    32.0681        447     1.8583     2.6989  0.000e+00
     43.323    13.2424   3.811007    32.0682        448     1.8625     2.6973  0.000e+00
     43.477    13.2423   3.810995    32.0682        449     1.8667     2.6963  0.000e+00
     43.623    13.2420   3.810989    32.0682        450     1.8708     2.6964  0.000e+00
     43.770    13.2418   3.810995    32.0684        451     1.8750     2.6953  0.000e+00
     43.909    13.2418   3.810989    32.0683        452     1.8792     2.6950  0.000e+00
     44.047    13.2417   3.810995    32.0684        453     1.8833     2.6956  0.000e+00
     44.187    13.2417   3.810989    32.0683        454     1.8875     2.6953  0.000e+00
     44.324    13.2415   3.811020    32.0687        455     1.8917     2.6950  0.000e+00
     44.466    13.2413   3.811020    32.0688        456     1.8958     2.6954  0.000e+00
     44.601    13.2414   3.810989    32.0684        457     1.9000     2.6957  0.000e+00
     44.744    13.2414   3.810970    32.0682        458     1.9042     2.6960  0.000e+00
     44.881    13.2410   3.810945    32.0682        459     1.9083     2.6954  0.000e+00
     45.032    13.2408   3.810927    32.0682        460     1.9125     2.6946  0.000e+00
     45.183    13.2405   3.810902    32.0681        461     1.9167     2.6941  0.000e+00
     45.336    13.2403   3.810927    32.0685        462     1.9208     2.6934  0.000e+00
     45.488    13.2401   3.810945    32.0688        463     1.9250     2.6930  0.000e+00
     45.643    13.2400   3.810971    32.0690        464     1.9292     2.6931  0.000e+00
     45.808    13.2399   3.810989    32.0692        465     1.9333     2.6919  0.000e+00
     45.975    13.2401   3.810971    32.0687        466     1.9375     2.6933  0.000e+00
     46.134    13.2401   3.810921    32.0683        467     1.9417     2.6927  0.000e+00
     46.294    13.2399   3.810927    32.0685        468     1.9458     2.6917  0.000e+00
     46.454    13.2398   3.810902    32.0682        469     1.9500     2.6907  0.000e+00
     46.608    13.2393   3.810877    32.0683        470     1.9542     2.6902  0.000e+00
     46.754    13.2391   3.810927    32.0689        471     1.9583     2.6921  0.000e+00
     46.903    13.2392   3.810921    32.0687        472     1.9625     2.6929  0.000e+00
     47.041    13.2390   3.810927    32.0689        473     1.9667     2.6945  0.000e+00
     47.176    13.2390   3.810877    32.0684        474     1.9708     2.6946  0.000e+00
     47.309    13.2388   3.810859    32.0683        475     1.9750     2.6954  0.000e+00
     47.431    13.2384   3.810859    32.0686        476     1.9792     2.6948  0.000e+00
     47.555    13.2382   3.810809    32.0683        477     1.9833     2.6953  0.000e+00
     47.672    13.2377   3.810790    32.0684        478     1.9875     2.6943  0.000e+00
     47.793    13.2373   3.810552    32.0665        479     1.9917     2.6939  0.000e+00
     47.909    13.2365   3.810302    32.0648        480     1.9958     2.6940  0.000e+00
     48.033    13.2345   3.810321    32.0666        481     2.0000     2.6947  0.000e+00
     48.157    13.2328   3.810190    32.0668        482     2.0042     2.6953  0.000e+00
     48.294    13.2316   3.809946    32.0654        483     2.0083     2.6949  0.000e+00
     48.427    13.2294   3.809609    32.0640        484     2.0125     2.6935  0.000e+00
     48.567    13.2270   3.809409    32.0642        485     2.0167     2.6931  0.000e+00
     48.715    13.2240   3.809109    32.0638        486     2.0208     2.6905  0.000e+00
     48.866    13.2209   3.808878    32.0642        487     2.0250     2.6887  0.000e+00
     49.027    13.2179   3.808759    32.0656        488     2.0292     2.6868  0.000e+00
     49.195    13.2153   3.808609    32.0663        489     2.0333     2.6853  0.000e+00
     49.356    13.2129   3.808384    32.0661        490     2.0375     2.6858  0.000e+00
     49.516    13.2105   3.808184    32.0662        491     2.0417     2.6863  0.000e+00
     49.678    13.2083   3.808109    32.0673        492     2.0458     2.6873  0.000e+00
     49.834    13.2063   3.808078    32.0687        493     2.0500     2.6880  0.000e+00
     49.991    13.2051   3.808153    32.0703        494     2.0542     2.6889  0.000e+00
     50.140    13.2047   3.808141    32.0705        495     2.0583     2.6902  0.000e+00
     50.286    13.2044   3.808128    32.0706        496     2.0625     2.6899  0.000e+00
     50.429    13.2044   3.808078    32.0700        497     2.0667     2.6899  0.000e+00
     50.568    13.2039   3.807991    32.0696        498     2.0708     2.6896  0.000e+00
     50.717    13.2033   3.807941    32.0695        499     2.0750     2.6895  0.000e+00
     50.866    13.2028   3.807785    32.0685        500     2.0792     2.6889  0.000e+00
     51.019    13.2015   3.807641    32.0682        501     2.0833     2.6886  0.000e+00
     51.170    13.2001   3.807679    32.0695        502     2.0875     2.6886  0.000e+00
     51.321    13.1993   3.807735    32.0708        503     2.0917     2.6871  0.000e+00
     51.486    13.1988   3.807810    32.0718        504     2.0958     2.6864  0.000e+00
     51.652    13.1991   3.807760    32.0710        505     2.1000     2.6870  0.000e+00
     51.822    13.1993   3.807679    32.0700        506     2.1042     2.6879  0.000e+00
     51.988    13.1990   3.807548    32.0690        507     2.1083     2.6873  0.000e+00
     52.160    13.1980   3.807385    32.0682        508     2.1125     2.6875  0.000e+00
     52.329    13.1967   3.807410    32.0695        509     2.1167     2.6873  0.000e+00
     52.495    13.1956   3.807385    32.0701        510     2.1208     2.6875  0.000e+00
     52.658    13.1949   3.807298    32.0698        511     2.1250     2.6877  0.000e+00
     52.823    13.1942   3.807223    32.0696        512     2.1292     2.6880  0.000e+00
     52.987    13.1934   3.807211    32.0701        513     2.1333     2.6884  0.000e+00
     53.140    13.1926   3.806898    32.0678        514     2.1375     2.6876  0.000e+00
     53.300    13.1911   3.806923    32.0693        515     2.1417     2.6871  0.000e+00
     53.454    13.1898   3.806617    32.0675        516     2.1458     2.6854  0.000e+00
     53.607    13.1879   3.806098    32.0641        517     2.1500     2.6853  0.000e+00
     53.756    13.1843   3.805711    32.0634        518     2.1542     2.6847  0.000e+00
     53.900    13.1801   3.805630    32.0662        519     2.1583     2.6833  0.000e+00
     54.039    13.1764   3.805243    32.0656        520     2.1625     2.6819  0.000e+00
     54.181    13.1731   3.805230    32.0682        521     2.1667     2.6811  0.000e+00
     54.319    13.1704   3.805037    32.0686        522     2.1708     2.6808  0.000e+00
     54.461    13.1683   3.804712    32.0673        523     2.1750     2.6803  0.000e+00
     54.596    13.1655   3.804656    32.0691        524     2.1792     2.6803  0.000e+00
     54.729    13.1633   3.804781    32.0720        525     2.1833     2.6794  0.000e+00
     54.871    13.1623   3.804456    32.0698        526     2.1875     2.6783  0.000e+00
     55.004    13.1607   3.804381    32.0704        527     2.1917     2.6787  0.000e+00
     55.144    13.1592   3.804212    32.0700        528     2.1958     2.6782  0.000e+00
     55.284    13.1574   3.804106    32.0705        529     2.2000     2.6774  0.000e+00
     55.423    13.1559   3.804144    32.0720        530     2.2042     2.6773  0.000e+00
     55.561    13.1548   3.804150    32.0729        531     2.2083     2.6768  0.000e+00
     55.703    13.1543   3.804125    32.0731        532     2.2125     2.6773  0.000e+00
     55.845    13.1540   3.803944    32.0716        533     2.2167     2.6767  0.000e+00
     55.994    13.1529   3.803707    32.0702        534     2.2208     2.6770  0.000e+00
     56.141    13.1514   3.803632    32.0707        535     2.2250     2.6764  0.000e+00
     56.285    13.1498   3.803363    32.0695        536     2.2292     2.6773  0.000e+00
     56.436    13.1477   3.802876    32.0666        537     2.2333     2.6776  0.000e+00
     56.589    13.1442   3.802826    32.0691        538     2.2375     2.6780  0.000e+00
     56.742    13.1409   3.802370    32.0675        539     2.2417     2.6771  0.000e+00
     56.898    13.1374   3.802220    32.0690        540     2.2458     2.6781  0.000e+00
     57.053    13.1340   3.801939    32.0692        541     2.2500     2.6782  0.000e+00
     57.206    13.1308   3.801971    32.0721        542     2.2542     2.6768  0.000e+00
     57.353    13.1289   3.801846    32.0725        543     2.2583     2.6760  0.000e+00
     57.504    13.1274   3.801633    32.0717        544     2.2625     2.6740  0.000e+00
     57.653    13.1257   3.801571    32.0725        545     2.2667     2.6717  0.000e+00
     57.802    13.1239   3.801084    32.0693        546     2.2708     2.6717  0.000e+00
     57.948    13.1210   3.800847    32.0695        547     2.2750     2.6695  0.000e+00
     58.097    13.1177   3.800772    32.0716        548     2.2792     2.6696  0.000e+00
     58.250    13.1152   3.800360    32.0698        549     2.2833     2.6696  0.000e+00
