PC2305/sbe165.cnv
* Sea-Bird SBE 19plus V2 Data File:
* FileName = C:\cruise\data\sbe165.hex
* Software Version Seasave V 7.26.7.121
* Temperature SN = 7142
* Conductivity SN = 7142
* System UpLoad Time = Nov 13 2023 05:25:42
** Cruise: PC2205
** Program: ECOMON
# nquan = 8
# nvalues = 1611                                  
# units = specified
# name 0 = depSM: Depth [salt water, m], lat = 40.00
# name 1 = tv290C: Temperature [ITS-90, deg C]
# name 2 = c0S/m: Conductivity [S/m]
# name 3 = sal00: Salinity, Practical [PSU]
# name 4 = scan: Scan Count
# name 5 = timeM: Time, Elapsed [minutes]
# name 6 = sbeox0V: Oxygen raw, SBE 43 [V]
# name 7 = flag:  0.000e+00
# span 0 =      0.319,     63.441                 
# span 1 =    11.6674,    13.4136                 
# span 2 =   3.685444,   3.837504                 
# span 3 =    31.3305,    32.5000                 
# span 4 =         11,       1621                 
# span 5 =     0.0417,     6.7500                 
# span 6 =     2.3750,     2.6683                 
# span 7 = 0.0000e+00, 0.0000e+00                 
# interval = seconds: 0.25
# start_time = Nov 13 2023 05:25:42 [System UTC, header]
# bad_flag = -9.990e-29
*END*
[from data line 1079]
     27.879    13.3974   3.834695    32.1652       1090     4.5375     2.6497  0.000e+00
     27.841    13.3977   3.834689    32.1650       1091     4.5417     2.6480  0.000e+00
     27.794    13.3976   3.834695    32.1651       1092     4.5458     2.6465  0.000e+00
     27.747    13.3976   3.834733    32.1655       1093     4.5500     2.6463  0.000e+00
     27.692    13.3979   3.834720    32.1651       1094     4.5542     2.6473  0.000e+00
     27.640    13.3980   3.834733    32.1652       1095     4.5583     2.6468  0.000e+00
     27.591    13.3978   3.834695    32.1650       1096     4.5625     2.6463  0.000e+00
     27.544    13.3977   3.834638    32.1646       1097     4.5667     2.6461  0.000e+00
     27.494    13.3977   3.834638    32.1646       1098     4.5708     2.6476  0.000e+00
     27.451    13.3974   3.834626    32.1648       1099     4.5750     2.6490  0.000e+00
     27.402    13.3974   3.834620    32.1647       1100     4.5792     2.6491  0.000e+00
     27.370    13.3971   3.834626    32.1650       1101     4.5833     2.6502  0.000e+00
     27.327    13.3971   3.834707    32.1658       1102     4.5875     2.6499  0.000e+00
     27.282    13.3974   3.834695    32.1654       1103     4.5917     2.6498  0.000e+00
     27.248    13.3976   3.834638    32.1648       1104     4.5958     2.6503  0.000e+00
     27.213    13.3974   3.834601    32.1646       1105     4.6000     2.6499  0.000e+00
     27.172    13.3973   3.834594    32.1647       1106     4.6042     2.6497  0.000e+00
     27.131    13.3972   3.834582    32.1646       1107     4.6083     2.6481  0.000e+00
     27.082    13.3968   3.834594    32.1651       1108     4.6125     2.6450  0.000e+00
     27.045    13.3968   3.834626    32.1654       1109     4.6167     2.6454  0.000e+00
     26.989    13.3969   3.834619    32.1653       1110     4.6208     2.6465  0.000e+00
     26.940    13.3970   3.834601    32.1651       1111     4.6250     2.6493  0.000e+00
     26.888    13.3968   3.834594    32.1652       1112     4.6292     2.6510  0.000e+00
     26.834    13.3969   3.834582    32.1651       1113     4.6333     2.6478  0.000e+00
     26.786    13.3971   3.834663    32.1656       1114     4.6375     2.6468  0.000e+00
     26.734    13.3977   3.834720    32.1656       1115     4.6417     2.6461  0.000e+00
     26.683    13.3981   3.834732    32.1655       1116     4.6458     2.6473  0.000e+00
     26.638    13.3980   3.834550    32.1639       1117     4.6500     2.6473  0.000e+00
     26.592    13.3973   3.834488    32.1639       1118     4.6542     2.6481  0.000e+00
     26.554    13.3969   3.834575    32.1651       1119     4.6583     2.6461  0.000e+00
     26.525    13.3969   3.834651    32.1658       1120     4.6625     2.6448  0.000e+00
     26.491    13.3974   3.834707    32.1659       1121     4.6667     2.6431  0.000e+00
     26.475    13.3980   3.834626    32.1647       1122     4.6708     2.6426  0.000e+00
     26.451    13.3980   3.834638    32.1647       1123     4.6750     2.6410  0.000e+00
     26.435    13.3977   3.834600    32.1647       1124     4.6792     2.6385  0.000e+00
     26.419    13.3974   3.834575    32.1647       1125     4.6833     2.6365  0.000e+00
     26.390    13.3974   3.834557    32.1645       1126     4.6875     2.6333  0.000e+00
     26.365    13.3976   3.834619    32.1650       1127     4.6917     2.6264  0.000e+00
     26.329    13.3975   3.834651    32.1653       1128     4.6958     2.6234  0.000e+00
     26.293    13.3977   3.834663    32.1653       1129     4.7000     2.6177  0.000e+00
     26.245    13.3977   3.834745    32.1661       1130     4.7042     2.6151  0.000e+00
     26.207    13.3983   3.834776    32.1659       1131     4.7083     2.6152  0.000e+00
     26.153    13.3987   3.834788    32.1657       1132     4.7125     2.6149  0.000e+00
     26.097    13.3993   3.834820    32.1655       1133     4.7167     2.6154  0.000e+00
     26.049    13.3998   3.834838    32.1653       1134     4.7208     2.6185  0.000e+00
     25.989    13.4001   3.834820    32.1648       1135     4.7250     2.6218  0.000e+00
     25.935    13.4001   3.834788    32.1646       1136     4.7292     2.6243  0.000e+00
     25.891    13.3999   3.834776    32.1647       1137     4.7333     2.6282  0.000e+00
     25.849    13.3999   3.834751    32.1645       1138     4.7375     2.6288  0.000e+00
     25.811    13.3995   3.834719    32.1645       1139     4.7417     2.6316  0.000e+00
     25.779    13.3995   3.834732    32.1646       1140     4.7458     2.6344  0.000e+00
     25.747    13.3995   3.834719    32.1645       1141     4.7500     2.6346  0.000e+00
     25.716    13.3993   3.834776    32.1652       1142     4.7542     2.6365  0.000e+00
     25.678    13.3996   3.834838    32.1656       1143     4.7583     2.6371  0.000e+00
     25.637    13.3999   3.834863    32.1656       1144     4.7625     2.6385  0.000e+00
     25.592    13.4002   3.834882    32.1655       1145     4.7667     2.6403  0.000e+00
     25.547    13.4007   3.834845    32.1648       1146     4.7708     2.6404  0.000e+00
     25.491    13.4007   3.834838    32.1647       1147     4.7750     2.6418  0.000e+00
     25.430    13.4009   3.834845    32.1647       1148     4.7792     2.6432  0.000e+00
     25.369    13.4007   3.834813    32.1646       1149     4.7833     2.6455  0.000e+00
     25.301    13.4003   3.834732    32.1642       1150     4.7875     2.6471  0.000e+00
     25.242    13.3996   3.834600    32.1635       1151     4.7917     2.6484  0.000e+00
     25.182    13.3988   3.834550    32.1637       1152     4.7958     2.6517  0.000e+00
     25.128    13.3982   3.834556    32.1644       1153     4.8000     2.6536  0.000e+00
     25.084    13.3977   3.834594    32.1651       1154     4.8042     2.6546  0.000e+00
     25.048    13.3977   3.834531    32.1645       1155     4.8083     2.6556  0.000e+00
     25.024    13.3973   3.834531    32.1649       1156     4.8125     2.6530  0.000e+00
     25.001    13.3972   3.834531    32.1650       1157     4.8167     2.6516  0.000e+00
     24.994    13.3971   3.834506    32.1648       1158     4.8208     2.6494  0.000e+00
     24.979    13.3971   3.834506    32.1649       1159     4.8250     2.6476  0.000e+00
     24.968    13.3972   3.834506    32.1648       1160     4.8292     2.6469  0.000e+00
     24.947    13.3971   3.834531    32.1651       1161     4.8333     2.6436  0.000e+00
     24.923    13.3971   3.834556    32.1653       1162     4.8375     2.6361  0.000e+00
     24.888    13.3971   3.834575    32.1655       1163     4.8417     2.6259  0.000e+00
     24.841    13.3973   3.834581    32.1655       1164     4.8458     2.6146  0.000e+00
     24.776    13.3977   3.834550    32.1649       1165     4.8500     2.6065  0.000e+00
     24.715    13.3977   3.834581    32.1651       1166     4.8542     2.6065  0.000e+00
     24.636    13.3977   3.834550    32.1649       1167     4.8583     2.6099  0.000e+00
     24.557    13.3974   3.834487    32.1646       1168     4.8625     2.6149  0.000e+00
     24.474    13.3971   3.834437    32.1644       1169     4.8667     2.6213  0.000e+00
     24.408    13.3965   3.834393    32.1646       1170     4.8708     2.6235  0.000e+00
     24.350    13.3960   3.834305    32.1642       1171     4.8750     2.6251  0.000e+00
     24.302    13.3955   3.834274    32.1644       1172     4.8792     2.6275  0.000e+00
     24.276    13.3950   3.834261    32.1646       1173     4.8833     2.6294  0.000e+00
     24.257    13.3945   3.834249    32.1649       1174     4.8875     2.6322  0.000e+00
     24.255    13.3941   3.834261    32.1654       1175     4.8917     2.6361  0.000e+00
     24.253    13.3941   3.834224    32.1651       1176     4.8958     2.6387  0.000e+00
     24.250    13.3941   3.834236    32.1652       1177     4.9000     2.6383  0.000e+00
     24.244    13.3941   3.834236    32.1651       1178     4.9042     2.6331  0.000e+00
     24.235    13.3943   3.834249    32.1651       1179     4.9083     2.6220  0.000e+00
     24.228    13.3941   3.834236    32.1652       1180     4.9125     2.6099  0.000e+00
     24.196    13.3941   3.834274    32.1656       1181     4.9167     2.5940  0.000e+00
     24.154    13.3941   3.834261    32.1655       1182     4.9208     2.5793  0.000e+00
     24.100    13.3942   3.834274    32.1655       1183     4.9250     2.5640  0.000e+00
     24.045    13.3945   3.834305    32.1655       1184     4.9292     2.5511  0.000e+00
     23.982    13.3947   3.834274    32.1652       1185     4.9333     2.5437  0.000e+00
     23.915    13.3947   3.834305    32.1655       1186     4.9375     2.5445  0.000e+00
     23.850    13.3946   3.834299    32.1655       1187     4.9417     2.5516  0.000e+00
     23.793    13.3947   3.834305    32.1655       1188     4.9458     2.5643  0.000e+00
     23.732    13.3948   3.834317    32.1655       1189     4.9500     2.5734  0.000e+00
     23.676    13.3952   3.834324    32.1653       1190     4.9542     2.5835  0.000e+00
     23.626    13.3954   3.834317    32.1651       1191     4.9583     2.5907  0.000e+00
     23.577    13.3953   3.834305    32.1651       1192     4.9625     2.5990  0.000e+00
     23.527    13.3952   3.834299    32.1651       1193     4.9667     2.6071  0.000e+00
     23.477    13.3952   3.834280    32.1650       1194     4.9708     2.6146  0.000e+00
     23.433    13.3952   3.834299    32.1652       1195     4.9750     2.6223  0.000e+00
     23.387    13.3952   3.834305    32.1653       1196     4.9792     2.6287  0.000e+00
     23.345    13.3953   3.834298    32.1651       1197     4.9833     2.6315  0.000e+00
     23.300    13.3954   3.834324    32.1653       1198     4.9875     2.6355  0.000e+00
     23.259    13.3955   3.834349    32.1655       1199     4.9917     2.6393  0.000e+00
     23.205    13.3957   3.834342    32.1652       1200     4.9958     2.6409  0.000e+00
     23.157    13.3959   3.834349    32.1651       1201     5.0000     2.6428  0.000e+00
     23.108    13.3960   3.834342    32.1650       1202     5.0042     2.6429  0.000e+00
     23.065    13.3960   3.834367    32.1652       1203     5.0083     2.6435  0.000e+00
     23.022    13.3962   3.834436    32.1658       1204     5.0125     2.6436  0.000e+00
     22.975    13.3967   3.834480    32.1658       1205     5.0167     2.6437  0.000e+00
     22.936    13.3973   3.834530    32.1657       1206     5.0208     2.6447  0.000e+00
     22.896    13.3977   3.834549    32.1656       1207     5.0250     2.6447  0.000e+00
     22.855    13.3984   3.834599    32.1655       1208     5.0292     2.6449  0.000e+00
     22.824    13.3988   3.834593    32.1651       1209     5.0333     2.6453  0.000e+00
     22.786    13.3989   3.834505    32.1642       1210     5.0375     2.6450  0.000e+00
     22.747    13.3984   3.834348    32.1632       1211     5.0417     2.6452  0.000e+00
     22.704    13.3974   3.834342    32.1640       1212     5.0458     2.6448  0.000e+00
     22.660    13.3969   3.834348    32.1645       1213     5.0500     2.6454  0.000e+00
     22.610    13.3967   3.834342    32.1646       1214     5.0542     2.6462  0.000e+00
     22.558    13.3963   3.834192    32.1636       1215     5.0583     2.6470  0.000e+00
     22.508    13.3951   3.834035    32.1631       1216     5.0625     2.6491  0.000e+00
     22.450    13.3940   3.834035    32.1641       1217     5.0667     2.6501  0.000e+00
     22.385    13.3933   3.834010    32.1644       1218     5.0708     2.6499  0.000e+00
     22.328    13.3931   3.833991    32.1645       1219     5.0750     2.6507  0.000e+00
     22.265    13.3925   3.833922    32.1644       1220     5.0792     2.6507  0.000e+00
     22.206    13.3920   3.833941    32.1650       1221     5.0833     2.6507  0.000e+00
     22.141    13.3913   3.833834    32.1646       1222     5.0875     2.6529  0.000e+00
     22.091    13.3907   3.833759    32.1644       1223     5.0917     2.6556  0.000e+00
     22.040    13.3900   3.833678    32.1643       1224     5.0958     2.6558  0.000e+00
     22.003    13.3892   3.833640    32.1646       1225     5.1000     2.6573  0.000e+00
     21.968    13.3887   3.833627    32.1650       1226     5.1042     2.6565  0.000e+00
     21.943    13.3881   3.833640    32.1656       1227     5.1083     2.6574  0.000e+00
     21.925    13.3879   3.833652    32.1659       1228     5.1125     2.6561  0.000e+00
     21.909    13.3879   3.833640    32.1658       1229     5.1167     2.6519  0.000e+00
     21.897    13.3880   3.833627    32.1656       1230     5.1208     2.6453  0.000e+00
     21.891    13.3879   3.833640    32.1657       1231     5.1250     2.6354  0.000e+00
     21.870    13.3878   3.833627    32.1658       1232     5.1292     2.6223  0.000e+00
     21.848    13.3877   3.833640    32.1659       1233     5.1333     2.6062  0.000e+00
     21.816    13.3877   3.833627    32.1658       1234     5.1375     2.5901  0.000e+00
     21.776    13.3878   3.833709    32.1666       1235     5.1417     2.5738  0.000e+00
     21.726    13.3885   3.833853    32.1673       1236     5.1458     2.5615  0.000e+00
     21.654    13.3892   3.833853    32.1668       1237     5.1500     2.5563  0.000e+00
     21.580    13.3900   3.833897    32.1665       1238     5.1542     2.5577  0.000e+00
     21.496    13.3903   3.833828    32.1656       1239     5.1583     2.5658  0.000e+00
     21.408    13.3907   3.833834    32.1654       1240     5.1625     2.5772  0.000e+00
     21.327    13.3909   3.833853    32.1654       1241     5.1667     2.5887  0.000e+00
     21.246    13.3911   3.833853    32.1653       1242     5.1708     2.5986  0.000e+00
     21.172    13.3911   3.833853    32.1654       1243     5.1750     2.6078  0.000e+00
     21.104    13.3907   3.833803    32.1652       1244     5.1792     2.6137  0.000e+00
     21.050    13.3907   3.833809    32.1653       1245     5.1833     2.6212  0.000e+00
     21.003    13.3908   3.833803    32.1652       1246     5.1875     2.6287  0.000e+00
     20.974    13.3908   3.833784    32.1650       1247     5.1917     2.6330  0.000e+00
     20.953    13.3909   3.833802    32.1652       1248     5.1958     2.6351  0.000e+00
     20.937    13.3908   3.833809    32.1653       1249     5.2000     2.6359  0.000e+00
     20.917    13.3911   3.833871    32.1656       1250     5.2042     2.6362  0.000e+00
     20.894    13.3918   3.833940    32.1657       1251     5.2083     2.6324  0.000e+00
     20.865    13.3922   3.833940    32.1654       1252     5.2125     2.6263  0.000e+00
     20.834    13.3923   3.833896    32.1649       1253     5.2167     2.6154  0.000e+00
     20.793    13.3923   3.834016    32.1660       1254     5.2208     2.6034  0.000e+00
     20.750    13.3925   3.833921    32.1649       1255     5.2250     2.5914  0.000e+00
     20.705    13.3924   3.833853    32.1644       1256     5.2292     2.5817  0.000e+00
     20.655    13.3920   3.833721    32.1636       1257     5.2333     2.5766  0.000e+00
     20.601    13.3911   3.833664    32.1638       1258     5.2375     2.5794  0.000e+00
     20.538    13.3903   3.833583    32.1638       1259     5.2417     2.5826  0.000e+00
     20.478    13.3896   3.833570    32.1642       1260     5.2458     2.5901  0.000e+00
     20.408    13.3888   3.833495    32.1642       1261     5.2500     2.6001  0.000e+00
     20.333    13.3884   3.833476    32.1644       1262     5.2542     2.6092  0.000e+00
     20.257    13.3879   3.833451    32.1646       1263     5.2583     2.6179  0.000e+00
     20.171    13.3874   3.833520    32.1657       1264     5.2625     2.6225  0.000e+00
     20.088    13.3874   3.833570    32.1662       1265     5.2667     2.6265  0.000e+00
     20.000    13.3876   3.833495    32.1654       1266     5.2708     2.6313  0.000e+00
     19.927    13.3876   3.833426    32.1648       1267     5.2750     2.6351  0.000e+00
     19.858    13.3873   3.833426    32.1650       1268     5.2792     2.6378  0.000e+00
