PC2305/sbe140.cnv
* Sea-Bird SBE 19plus V2 Data File:
* FileName = C:\cruise\data\sbe140.hex
* Software Version Seasave V 7.26.7.121
* Temperature SN = 7142
* Conductivity SN = 7142
* System UpLoad Time = Nov 10 2023 08:05:18
** Cruise: PC2205
** Program: ECOMON
# nquan = 8
# nvalues = 3914                                  
# units = specified
# name 0 = depSM: Depth [salt water, m], lat = 40.00
# name 1 = tv290C: Temperature [ITS-90, deg C]
# name 2 = c0S/m: Conductivity [S/m]
# name 3 = sal00: Salinity, Practical [PSU]
# name 4 = scan: Scan Count
# name 5 = timeM: Time, Elapsed [minutes]
# name 6 = sbeox0V: Oxygen raw, SBE 43 [V]
# name 7 = flag:  0.000e+00
# span 0 =     -0.127,    186.184                 
# span 1 =     8.1762,    10.0426                 
# span 2 =   0.000458,   3.608568                 
# span 3 =     0.0061,    34.1527                 
# span 4 =         11,       3924                 
# span 5 =     0.0417,    16.3458                 
# span 6 =     1.5732,     2.6453                 
# span 7 = 0.0000e+00, 0.0000e+00                 
# interval = seconds: 0.25
# start_time = Nov 10 2023 08:05:18 [System UTC, header]
# bad_flag = -9.990e-29
*END*
[from data line 3596]
     19.632     9.8523   3.533801    32.3214       3607    15.0250     2.6023  0.000e+00
     19.551     9.8521   3.533862    32.3222       3608    15.0292     2.6037  0.000e+00
     19.481     9.8522   3.533898    32.3225       3609    15.0333     2.6063  0.000e+00
     19.402     9.8523   3.533904    32.3225       3610    15.0375     2.6075  0.000e+00
     19.321     9.8527   3.533929    32.3225       3611    15.0417     2.6101  0.000e+00
     19.235     9.8527   3.533862    32.3218       3612    15.0458     2.6100  0.000e+00
     19.159     9.8526   3.533862    32.3219       3613    15.0500     2.6118  0.000e+00
     19.082     9.8528   3.533916    32.3223       3614    15.0542     2.6130  0.000e+00
     19.006     9.8527   3.533904    32.3223       3615    15.0583     2.6139  0.000e+00
     18.920     9.8529   3.533904    32.3222       3616    15.0625     2.6141  0.000e+00
     18.839     9.8530   3.533886    32.3219       3617    15.0667     2.6141  0.000e+00
     18.760     9.8529   3.533898    32.3222       3618    15.0708     2.6141  0.000e+00
     18.678     9.8530   3.533843    32.3216       3619    15.0750     2.6151  0.000e+00
     18.597     9.8526   3.533801    32.3215       3620    15.0792     2.6143  0.000e+00
     18.529     9.8524   3.533819    32.3219       3621    15.0833     2.6166  0.000e+00
     18.449     9.8525   3.533801    32.3217       3622    15.0875     2.6153  0.000e+00
     18.374     9.8523   3.533740    32.3213       3623    15.0917     2.6171  0.000e+00
     18.302     9.8522   3.533758    32.3216       3624    15.0958     2.6161  0.000e+00
     18.225     9.8520   3.533758    32.3218       3625    15.1000     2.6148  0.000e+00
     18.155     9.8519   3.533776    32.3221       3626    15.1042     2.6134  0.000e+00
     18.085     9.8520   3.533783    32.3221       3627    15.1083     2.6117  0.000e+00
     18.013     9.8519   3.533801    32.3224       3628    15.1125     2.6115  0.000e+00
     17.932     9.8522   3.533776    32.3220       3629    15.1167     2.6113  0.000e+00
     17.864     9.8525   3.533819    32.3221       3630    15.1208     2.6121  0.000e+00
     17.786     9.8525   3.533819    32.3221       3631    15.1250     2.6116  0.000e+00
     17.707     9.8527   3.533873    32.3226       3632    15.1292     2.6127  0.000e+00
     17.626     9.8529   3.533970    32.3235       3633    15.1333     2.6128  0.000e+00
     17.553     9.8535   3.533928    32.3225       3634    15.1375     2.6105  0.000e+00
     17.479     9.8536   3.533904    32.3222       3635    15.1417     2.6101  0.000e+00
     17.407     9.8535   3.533843    32.3217       3636    15.1458     2.6097  0.000e+00
     17.335     9.8536   3.533807    32.3213       3637    15.1500     2.6100  0.000e+00
     17.256     9.8532   3.533776    32.3213       3638    15.1542     2.6093  0.000e+00
     17.184     9.8529   3.533776    32.3217       3639    15.1583     2.6072  0.000e+00
     17.105     9.8527   3.533776    32.3219       3640    15.1625     2.6081  0.000e+00
     17.030     9.8525   3.533782    32.3221       3641    15.1667     2.6054  0.000e+00
     16.952     9.8527   3.533800    32.3221       3642    15.1708     2.6043  0.000e+00
     16.877     9.8528   3.533818    32.3223       3643    15.1750     2.6036  0.000e+00
     16.792     9.8528   3.533800    32.3221       3644    15.1792     2.6034  0.000e+00
     16.710     9.8530   3.533818    32.3222       3645    15.1833     2.6026  0.000e+00
     16.631     9.8528   3.533806    32.3223       3646    15.1875     2.6034  0.000e+00
     16.550     9.8531   3.533800    32.3220       3647    15.1917     2.6040  0.000e+00
     16.473     9.8531   3.533800    32.3221       3648    15.1958     2.6035  0.000e+00
     16.393     9.8531   3.533818    32.3222       3649    15.2000     2.6053  0.000e+00
     16.318     9.8531   3.533873    32.3228       3650    15.2042     2.6072  0.000e+00
     16.244     9.8533   3.533903    32.3230       3651    15.2083     2.6088  0.000e+00
     16.169     9.8538   3.533861    32.3222       3652    15.2125     2.6103  0.000e+00
     16.099     9.8539   3.533903    32.3225       3653    15.2167     2.6120  0.000e+00
     16.030     9.8541   3.533946    32.3228       3654    15.2208     2.6127  0.000e+00
     15.964     9.8546   3.533848    32.3214       3655    15.2250     2.6124  0.000e+00
     15.896     9.8541   3.533842    32.3218       3656    15.2292     2.6138  0.000e+00
     15.833     9.8542   3.533946    32.3228       3657    15.2333     2.6138  0.000e+00
     15.766     9.8546   3.534012    32.3231       3658    15.2375     2.6136  0.000e+00
     15.702     9.8548   3.534006    32.3229       3659    15.2417     2.6136  0.000e+00
     15.626     9.8552   3.533927    32.3218       3660    15.2458     2.6126  0.000e+00
     15.551     9.8550   3.533818    32.3209       3661    15.2500     2.6104  0.000e+00
     15.486     9.8544   3.533733    32.3206       3662    15.2542     2.6104  0.000e+00
     15.418     9.8537   3.533691    32.3208       3663    15.2583     2.6073  0.000e+00
     15.344     9.8531   3.533672    32.3212       3664    15.2625     2.6066  0.000e+00
     15.274     9.8529   3.533691    32.3216       3665    15.2667     2.6045  0.000e+00
     15.198     9.8527   3.533691    32.3219       3666    15.2708     2.6046  0.000e+00
     15.125     9.8527   3.533648    32.3215       3667    15.2750     2.6030  0.000e+00
     15.055     9.8525   3.533624    32.3214       3668    15.2792     2.6035  0.000e+00
     14.981     9.8523   3.533606    32.3214       3669    15.2833     2.6027  0.000e+00
     14.913     9.8520   3.533587    32.3215       3670    15.2875     2.6038  0.000e+00
     14.844     9.8519   3.533563    32.3214       3671    15.2917     2.6044  0.000e+00
     14.776     9.8517   3.533587    32.3219       3672    15.2958     2.6055  0.000e+00
     14.706     9.8520   3.533672    32.3225       3673    15.3000     2.6033  0.000e+00
     14.638     9.8522   3.533672    32.3224       3674    15.3042     2.6056  0.000e+00
     14.566     9.8527   3.533690    32.3221       3675    15.3083     2.6055  0.000e+00
     14.496     9.8529   3.533672    32.3217       3676    15.3125     2.6075  0.000e+00
     14.420     9.8529   3.533672    32.3218       3677    15.3167     2.6077  0.000e+00
     14.345     9.8531   3.533690    32.3218       3678    15.3208     2.6086  0.000e+00
     14.273     9.8533   3.533714    32.3220       3679    15.3250     2.6098  0.000e+00
     14.196     9.8533   3.533690    32.3218       3680    15.3292     2.6111  0.000e+00
     14.133     9.8534   3.533672    32.3215       3681    15.3333     2.6111  0.000e+00
     14.063     9.8533   3.533690    32.3218       3682    15.3375     2.6128  0.000e+00
     14.001     9.8534   3.533672    32.3215       3683    15.3417     2.6133  0.000e+00
     13.942     9.8533   3.533648    32.3214       3684    15.3458     2.6123  0.000e+00
     13.881     9.8533   3.533648    32.3215       3685    15.3500     2.6105  0.000e+00
     13.827     9.8532   3.533672    32.3218       3686    15.3542     2.6106  0.000e+00
     13.771     9.8531   3.533672    32.3219       3687    15.3583     2.6104  0.000e+00
     13.719     9.8533   3.533672    32.3218       3688    15.3625     2.6117  0.000e+00
     13.658     9.8534   3.533690    32.3219       3689    15.3667     2.6131  0.000e+00
     13.601     9.8534   3.533690    32.3219       3690    15.3708     2.6120  0.000e+00
     13.536     9.8535   3.533648    32.3214       3691    15.3750     2.6118  0.000e+00
     13.466     9.8534   3.533690    32.3220       3692    15.3792     2.6111  0.000e+00
     13.408     9.8537   3.533732    32.3221       3693    15.3833     2.6120  0.000e+00
     13.338     9.8537   3.533732    32.3222       3694    15.3875     2.6124  0.000e+00
     13.274     9.8539   3.533732    32.3220       3695    15.3917     2.6121  0.000e+00
     13.202     9.8540   3.533738    32.3220       3696    15.3958     2.6130  0.000e+00
     13.141     9.8539   3.533629    32.3211       3697    15.4000     2.6133  0.000e+00
     13.074     9.8535   3.533647    32.3216       3698    15.4042     2.6149  0.000e+00
     13.009     9.8533   3.533629    32.3216       3699    15.4083     2.6134  0.000e+00
     12.945     9.8529   3.533581    32.3215       3700    15.4125     2.6132  0.000e+00
     12.873     9.8529   3.533520    32.3210       3701    15.4167     2.6126  0.000e+00
     12.810     9.8520   3.533477    32.3213       3702    15.4208     2.6102  0.000e+00
     12.742     9.8516   3.533562    32.3226       3703    15.4250     2.6094  0.000e+00
     12.673     9.8521   3.533690    32.3235       3704    15.4292     2.6090  0.000e+00
     12.600     9.8527   3.533714    32.3232       3705    15.4333     2.6072  0.000e+00
     12.533     9.8536   3.533690    32.3222       3706    15.4375     2.6079  0.000e+00
     12.465     9.8537   3.533605    32.3212       3707    15.4417     2.6086  0.000e+00
     12.397     9.8533   3.533453    32.3201       3708    15.4458     2.6091  0.000e+00
     12.334     9.8525   3.533447    32.3208       3709    15.4500     2.6100  0.000e+00
     12.264     9.8517   3.533477    32.3219       3710    15.4542     2.6107  0.000e+00
     12.197     9.8516   3.533392    32.3211       3711    15.4583     2.6111  0.000e+00
     12.127     9.8511   3.533477    32.3224       3712    15.4625     2.6123  0.000e+00
     12.061     9.8512   3.533495    32.3226       3713    15.4667     2.6110  0.000e+00
     12.001     9.8516   3.533623    32.3236       3714    15.4708     2.6106  0.000e+00
     11.940     9.8521   3.533732    32.3242       3715    15.4750     2.6082  0.000e+00
     11.883     9.8533   3.533732    32.3232       3716    15.4792     2.6076  0.000e+00
     11.823     9.8539   3.533732    32.3226       3717    15.4833     2.6057  0.000e+00
     11.760     9.8540   3.533647    32.3217       3718    15.4875     2.6052  0.000e+00
     11.703     9.8542   3.533671    32.3218       3719    15.4917     2.6035  0.000e+00
     11.644     9.8538   3.533604    32.3215       3720    15.4958     2.6035  0.000e+00
     11.588     9.8536   3.533604    32.3217       3721    15.5000     2.6030  0.000e+00
     11.534     9.8537   3.533756    32.3232       3722    15.5042     2.6040  0.000e+00
     11.477     9.8542   3.533805    32.3233       3723    15.5083     2.6051  0.000e+00
     11.419     9.8550   3.533756    32.3221       3724    15.5125     2.6072  0.000e+00
     11.363     9.8546   3.533604    32.3210       3725    15.5167     2.6049  0.000e+00
     11.304     9.8541   3.533477    32.3201       3726    15.5208     2.6056  0.000e+00
     11.241     9.8531   3.533392    32.3201       3727    15.5250     2.6085  0.000e+00
     11.185     9.8521   3.533489    32.3221       3728    15.5292     2.6078  0.000e+00
     11.121     9.8523   3.533756    32.3246       3729    15.5333     2.6082  0.000e+00
     11.056     9.8535   3.533841    32.3245       3730    15.5375     2.6088  0.000e+00
     10.995     9.8548   3.533859    32.3235       3731    15.5417     2.6091  0.000e+00
     10.927     9.8554   3.533671    32.3211       3732    15.5458     2.6084  0.000e+00
     10.867     9.8548   3.533519    32.3201       3733    15.5500     2.6073  0.000e+00
     10.808     9.8539   3.533519    32.3209       3734    15.5542     2.6072  0.000e+00
     10.747     9.8534   3.533604    32.3223       3735    15.5583     2.6062  0.000e+00
     10.679     9.8535   3.533586    32.3221       3736    15.5625     2.6071  0.000e+00
     10.618     9.8535   3.533580    32.3220       3737    15.5667     2.6073  0.000e+00
     10.553     9.8535   3.533562    32.3218       3738    15.5708     2.6085  0.000e+00
     10.494     9.8536   3.533543    32.3216       3739    15.5750     2.6094  0.000e+00
     10.425     9.8535   3.533604    32.3224       3740    15.5792     2.6107  0.000e+00
     10.352     9.8535   3.533489    32.3212       3741    15.5833     2.6117  0.000e+00
     10.287     9.8530   3.533349    32.3202       3742    15.5875     2.6127  0.000e+00
     10.226     9.8519   3.533325    32.3210       3743    15.5917     2.6149  0.000e+00
     10.167     9.8514   3.533434    32.3226       3744    15.5958     2.6177  0.000e+00
     10.107     9.8518   3.533543    32.3234       3745    15.6000     2.6191  0.000e+00
     10.050     9.8524   3.533555    32.3230       3746    15.6042     2.6193  0.000e+00
      9.998     9.8529   3.533604    32.3230       3747    15.6083     2.6207  0.000e+00
      9.945     9.8535   3.533646    32.3230       3748    15.6125     2.6205  0.000e+00
      9.895     9.8540   3.533646    32.3225       3749    15.6167     2.6207  0.000e+00
      9.845     9.8541   3.533646    32.3225       3750    15.6208     2.6198  0.000e+00
      9.786     9.8542   3.533586    32.3218       3751    15.6250     2.6188  0.000e+00
      9.737     9.8540   3.533495    32.3211       3752    15.6292     2.6179  0.000e+00
      9.685     9.8534   3.533452    32.3212       3753    15.6333     2.6188  0.000e+00
      9.629     9.8531   3.533410    32.3211       3754    15.6375     2.6171  0.000e+00
      9.575     9.8526   3.533379    32.3212       3755    15.6417     2.6183  0.000e+00
      9.511     9.8522   3.533367    32.3215       3756    15.6458     2.6188  0.000e+00
      9.449     9.8521   3.533452    32.3225       3757    15.6500     2.6177  0.000e+00
      9.381     9.8523   3.533543    32.3233       3758    15.6542     2.6174  0.000e+00
      9.322     9.8529   3.533513    32.3224       3759    15.6583     2.6184  0.000e+00
      9.254     9.8531   3.533494    32.3221       3760    15.6625     2.6171  0.000e+00
      9.189     9.8531   3.533519    32.3223       3761    15.6667     2.6184  0.000e+00
      9.119     9.8535   3.533494    32.3218       3762    15.6708     2.6181  0.000e+00
      9.049     9.8533   3.533367    32.3207       3763    15.6750     2.6167  0.000e+00
      8.986     9.8527   3.533288    32.3205       3764    15.6792     2.6156  0.000e+00
      8.923     9.8520   3.533306    32.3213       3765    15.6833     2.6149  0.000e+00
      8.864     9.8516   3.533324    32.3219       3766    15.6875     2.6143  0.000e+00
      8.806     9.8516   3.533324    32.3219       3767    15.6917     2.6123  0.000e+00
      8.743     9.8516   3.533397    32.3227       3768    15.6958     2.6114  0.000e+00
      8.687     9.8520   3.533391    32.3223       3769    15.7000     2.6064  0.000e+00
      8.634     9.8520   3.533324    32.3216       3770    15.7042     2.6043  0.000e+00
      8.571     9.8519   3.533349    32.3220       3771    15.7083     2.6025  0.000e+00
      8.511     9.8521   3.533349    32.3218       3772    15.7125     2.6008  0.000e+00
      8.448     9.8518   3.533330    32.3219       3773    15.7167     2.6015  0.000e+00
      8.386     9.8518   3.533349    32.3221       3774    15.7208     2.6036  0.000e+00
      8.326     9.8519   3.533367    32.3223       3775    15.7250     2.6049  0.000e+00
      8.262     9.8520   3.533349    32.3220       3776    15.7292     2.6047  0.000e+00
      8.200     9.8523   3.533330    32.3216       3777    15.7333     2.6062  0.000e+00
      8.136     9.8521   3.533264    32.3211       3778    15.7375     2.6066  0.000e+00
      8.075     9.8518   3.533221    32.3210       3779    15.7417     2.6062  0.000e+00
      8.010     9.8512   3.533179    32.3212       3780    15.7458     2.6074  0.000e+00
      7.943     9.8506   3.533179    32.3217       3781    15.7500     2.6091  0.000e+00
      7.882     9.8506   3.533173    32.3217       3782    15.7542     2.6083  0.000e+00
      7.809     9.8503   3.533179    32.3221       3783    15.7583     2.6094  0.000e+00
      7.751     9.8502   3.533179    32.3221       3784    15.7625     2.6109  0.000e+00
      7.685     9.8501   3.533179    32.3222       3785    15.7667     2.6107  0.000e+00
