PC2305/sbe141.cnv
* Sea-Bird SBE 19plus V2 Data File:
* FileName = C:\cruise\data\sbe141.hex
* Software Version Seasave V 7.26.7.121
* Temperature SN = 7142
* Conductivity SN = 7142
* System UpLoad Time = Nov 10 2023 08:24:57
** Cruise: PC2205
** Program: ECOMON
# nquan = 8
# nvalues = 2129                                  
# units = specified
# name 0 = depSM: Depth [salt water, m], lat = 40.00
# name 1 = tv290C: Temperature [ITS-90, deg C]
# name 2 = c0S/m: Conductivity [S/m]
# name 3 = sal00: Salinity, Practical [PSU]
# name 4 = scan: Scan Count
# name 5 = timeM: Time, Elapsed [minutes]
# name 6 = sbeox0V: Oxygen raw, SBE 43 [V]
# name 7 = flag:  0.000e+00
# span 0 =     -0.107,     91.532                 
# span 1 =     7.7970,    10.0084                 
# span 2 =   0.002579,   3.602197                 
# span 3 =     0.0191,    33.3547                 
# span 4 =         11,       2139                 
# span 5 =     0.0417,     8.9083                 
# span 6 =     1.9349,     2.6335                 
# span 7 = 0.0000e+00, 0.0000e+00                 
# interval = seconds: 0.25
# start_time = Nov 10 2023 08:24:57 [System UTC, header]
# bad_flag = -9.990e-29
*END*
[from data line 360]
     26.500     9.7146   3.520150    32.3030        371     1.5417     2.3399  0.000e+00
     26.644     9.7107   3.521143    32.3165        372     1.5458     2.3393  0.000e+00
     26.799     9.7107   3.520931    32.3143        373     1.5500     2.3390  0.000e+00
     26.948     9.7158   3.521058    32.3110        374     1.5542     2.3366  0.000e+00
     27.106     9.7166   3.521210    32.3117        375     1.5583     2.3318  0.000e+00
     27.259     9.7141   3.519387    32.2953        376     1.5625     2.3287  0.000e+00
     27.408     9.7127   3.518176    32.2842        377     1.5667     2.3242  0.000e+00
     27.561     9.7116   3.517982    32.2831        378     1.5708     2.3194  0.000e+00
     27.721     9.7107   3.518261    32.2867        379     1.5750     2.3157  0.000e+00
     27.875     9.7131   3.518739    32.2894        380     1.5792     2.3128  0.000e+00
     28.030     9.7181   3.519024    32.2877        381     1.5833     2.3106  0.000e+00
     28.181     9.7250   3.518642    32.2776        382     1.5875     2.3115  0.000e+00
     28.344     9.7317   3.519702    32.2822        383     1.5917     2.3134  0.000e+00
     28.490     9.7380   3.521277    32.2925        384     1.5958     2.3163  0.000e+00
     28.635     9.7326   3.521271    32.2973        385     1.6000     2.3214  0.000e+00
     28.774     9.7289   3.520913    32.2969        386     1.6042     2.3274  0.000e+00
     28.916     9.7260   3.520744    32.2977        387     1.6083     2.3344  0.000e+00
     29.061     9.7229   3.520702    32.3000        388     1.6125     2.3437  0.000e+00
     29.209     9.7201   3.520211    32.2974        389     1.6167     2.3494  0.000e+00
     29.354     9.7184   3.519321    32.2899        390     1.6208     2.3593  0.000e+00
     29.509     9.7173   3.519091    32.2884        391     1.6250     2.3665  0.000e+00
     29.670     9.7162   3.519030    32.2887        392     1.6292     2.3695  0.000e+00
     29.832     9.7153   3.519024    32.2894        393     1.6333     2.3719  0.000e+00
     29.998     9.7146   3.519769    32.2976        394     1.6375     2.3732  0.000e+00
     30.163     9.7133   3.521956    32.3209        395     1.6417     2.3708  0.000e+00
     30.328     9.7106   3.523489    32.3389        396     1.6458     2.3679  0.000e+00
     30.486     9.7142   3.524270    32.3435        397     1.6500     2.3647  0.000e+00
     30.630     9.7261   3.524694    32.3372        398     1.6542     2.3613  0.000e+00
     30.785     9.7393   3.524949    32.3278        399     1.6583     2.3569  0.000e+00
     30.930     9.7486   3.524803    32.3179        400     1.6625     2.3534  0.000e+00
     31.079     9.7550   3.524076    32.3047        401     1.6667     2.3498  0.000e+00
     31.234     9.7575   3.522525    32.2865        402     1.6708     2.3441  0.000e+00
     31.387     9.7578   3.521483    32.2756        403     1.6750     2.3408  0.000e+00
     31.545     9.7565   3.521259    32.2745        404     1.6792     2.3387  0.000e+00
     31.710     9.7554   3.521229    32.2751        405     1.6833     2.3371  0.000e+00
     31.867     9.7542   3.522313    32.2871        406     1.6875     2.3343  0.000e+00
     32.025     9.7510   3.524161    32.3088        407     1.6917     2.3326  0.000e+00
     32.186     9.7460   3.525404    32.3258        408     1.6958     2.3297  0.000e+00
     32.337     9.7459   3.525482    32.3266        409     1.7000     2.3268  0.000e+00
     32.488     9.7532   3.525755    32.3228        410     1.7042     2.3260  0.000e+00
     32.636     9.7595   3.526010    32.3197        411     1.7083     2.3248  0.000e+00
     32.790     9.7646   3.525985    32.3148        412     1.7125     2.3241  0.000e+00
     32.938     9.7698   3.525567    32.3057        413     1.7167     2.3234  0.000e+00
     33.085     9.7722   3.524567    32.2934        414     1.7208     2.3229  0.000e+00
     33.240     9.7716   3.523525    32.2832        415     1.7250     2.3234  0.000e+00
     33.391     9.7700   3.522865    32.2779        416     1.7292     2.3244  0.000e+00
     33.543     9.7679   3.522823    32.2793        417     1.7333     2.3250  0.000e+00
     33.696     9.7661   3.523719    32.2900        418     1.7375     2.3267  0.000e+00
     33.849     9.7630   3.524907    32.3047        419     1.7417     2.3271  0.000e+00
     33.998     9.7576   3.526143    32.3221        420     1.7458     2.3260  0.000e+00
     34.144     9.7566   3.526483    32.3264        421     1.7500     2.3260  0.000e+00
     34.295     9.7622   3.526459    32.3211        422     1.7542     2.3254  0.000e+00
     34.442     9.7679   3.526544    32.3168        423     1.7583     2.3237  0.000e+00
     34.597     9.7718   3.526768    32.3155        424     1.7625     2.3219  0.000e+00
     34.757     9.7728   3.526756    32.3143        425     1.7667     2.3183  0.000e+00
     34.922     9.7741   3.526586    32.3114        426     1.7708     2.3163  0.000e+00
     35.082     9.7750   3.526416    32.3088        427     1.7750     2.3135  0.000e+00
     35.245     9.7750   3.526289    32.3074        428     1.7792     2.3126  0.000e+00
     35.411     9.7747   3.526186    32.3066        429     1.7833     2.3124  0.000e+00
     35.564     9.7743   3.526120    32.3062        430     1.7875     2.3125  0.000e+00
     35.723     9.7732   3.526441    32.3104        431     1.7917     2.3133  0.000e+00
     35.876     9.7699   3.527399    32.3230        432     1.7958     2.3131  0.000e+00
     36.031     9.7689   3.527508    32.3249        433     1.8000     2.3132  0.000e+00
     36.176     9.7741   3.527526    32.3204        434     1.8042     2.3132  0.000e+00
     36.326     9.7791   3.527629    32.3169        435     1.8083     2.3131  0.000e+00
     36.480     9.7834   3.527629    32.3130        436     1.8125     2.3119  0.000e+00
     36.627     9.7869   3.527574    32.3092        437     1.8167     2.3105  0.000e+00
     36.778     9.7892   3.527459    32.3059        438     1.8208     2.3085  0.000e+00
     36.929     9.7907   3.527356    32.3034        439     1.8250     2.3065  0.000e+00
     37.089     9.7911   3.527247    32.3020        440     1.8292     2.3038  0.000e+00
     37.244     9.7908   3.527150    32.3011        441     1.8333     2.3022  0.000e+00
     37.404     9.7897   3.527223    32.3028        442     1.8375     2.3013  0.000e+00
     37.571     9.7874   3.527866    32.3113        443     1.8417     2.3003  0.000e+00
     37.726     9.7864   3.528054    32.3141        444     1.8458     2.2997  0.000e+00
     37.880     9.7882   3.528042    32.3123        445     1.8500     2.2989  0.000e+00
     38.033     9.7900   3.528139    32.3116        446     1.8542     2.2977  0.000e+00
     38.191     9.7909   3.528224    32.3115        447     1.8583     2.2957  0.000e+00
     38.340     9.7918   3.528096    32.3094        448     1.8625     2.2939  0.000e+00
     38.488     9.7930   3.527908    32.3064        449     1.8667     2.2910  0.000e+00
     38.640     9.7931   3.527818    32.3053        450     1.8708     2.2871  0.000e+00
     38.790     9.7920   3.527672    32.3047        451     1.8750     2.2842  0.000e+00
     38.951     9.7908   3.527587    32.3048        452     1.8792     2.2822  0.000e+00
     39.115     9.7894   3.527503    32.3051        453     1.8833     2.2788  0.000e+00
     39.278     9.7877   3.527818    32.3098        454     1.8875     2.2773  0.000e+00
     39.446     9.7842   3.528630    32.3212        455     1.8917     2.2760  0.000e+00
     39.618     9.7841   3.528715    32.3220        456     1.8958     2.2741  0.000e+00
     39.796     9.7888   3.528824    32.3189        457     1.9000     2.2714  0.000e+00
     39.965     9.7929   3.529073    32.3176        458     1.9042     2.2703  0.000e+00
     40.132     9.7959   3.529249    32.3167        459     1.9083     2.2683  0.000e+00
     40.294     9.7987   3.529224    32.3138        460     1.9125     2.2656  0.000e+00
     40.456     9.7987   3.529055    32.3120        461     1.9167     2.2631  0.000e+00
     40.610     9.7986   3.528570    32.3071        462     1.9208     2.2618  0.000e+00
     40.768     9.7987   3.528091    32.3021        463     1.9250     2.2607  0.000e+00
     40.927     9.7980   3.527909    32.3008        464     1.9292     2.2625  0.000e+00
     41.096     9.7973   3.528206    32.3044        465     1.9333     2.2621  0.000e+00
     41.257     9.7966   3.528631    32.3092        466     1.9375     2.2626  0.000e+00
     41.419     9.7949   3.528891    32.3133        467     1.9417     2.2641  0.000e+00
     41.574     9.7929   3.529164    32.3179        468     1.9458     2.2654  0.000e+00
     41.728     9.7939   3.529267    32.3179        469     1.9500     2.2652  0.000e+00
     41.876     9.7966   3.529292    32.3157        470     1.9542     2.2667  0.000e+00
     42.025     9.7989   3.529298    32.3136        471     1.9583     2.2668  0.000e+00
     42.174     9.8007   3.529334    32.3123        472     1.9625     2.2667  0.000e+00
     42.325     9.8017   3.529310    32.3111        473     1.9667     2.2650  0.000e+00
     42.479     9.8029   3.529310    32.3100        474     1.9708     2.2617  0.000e+00
     42.636     9.8035   3.529207    32.3083        475     1.9750     2.2580  0.000e+00
     42.785     9.8031   3.529007    32.3066        476     1.9792     2.2541  0.000e+00
     42.936     9.8020   3.529013    32.3075        477     1.9833     2.2491  0.000e+00
     43.089     9.8008   3.529080    32.3092        478     1.9875     2.2443  0.000e+00
     43.241     9.7997   3.529504    32.3145        479     1.9917     2.2390  0.000e+00
     43.401     9.7982   3.529898    32.3197        480     1.9958     2.2346  0.000e+00
     43.556     9.7999   3.529953    32.3188        481     2.0000     2.2296  0.000e+00
     43.720     9.8036   3.530014    32.3160        482     2.0042     2.2245  0.000e+00
     43.880     9.8070   3.530080    32.3135        483     2.0083     2.2190  0.000e+00
     44.047     9.8088   3.530165    32.3126        484     2.0125     2.2179  0.000e+00
     44.219     9.8098   3.530123    32.3113        485     2.0167     2.2132  0.000e+00
     44.388     9.8097   3.529826    32.3083        486     2.0208     2.2081  0.000e+00
     44.564     9.8092   3.529098    32.3012        487     2.0250     2.2064  0.000e+00
     44.737     9.8090   3.528504    32.2953        488     2.0292     2.2044  0.000e+00
     44.909     9.8083   3.528426    32.2950        489     2.0333     2.2055  0.000e+00
     45.082     9.8070   3.528353    32.2955        490     2.0375     2.2087  0.000e+00
     45.254     9.8057   3.528444    32.2974        491     2.0417     2.2111  0.000e+00
     45.422     9.8048   3.528699    32.3007        492     2.0458     2.2176  0.000e+00
     45.600     9.8041   3.529366    32.3081        493     2.0500     2.2188  0.000e+00
     45.768     9.8022   3.529784    32.3140        494     2.0542     2.2242  0.000e+00
     45.941     9.8004   3.530057    32.3183        495     2.0583     2.2265  0.000e+00
     46.112     9.8001   3.530227    32.3203        496     2.0625     2.2297  0.000e+00
     46.283     9.8017   3.530324    32.3196        497     2.0667     2.2338  0.000e+00
     46.457     9.8032   3.530403    32.3191        498     2.0708     2.2350  0.000e+00
     46.626     9.8049   3.530488    32.3183        499     2.0750     2.2371  0.000e+00
     46.791     9.8073   3.530633    32.3176        500     2.0792     2.2360  0.000e+00
     46.949     9.8084   3.530718    32.3174        501     2.0833     2.2339  0.000e+00
     47.115     9.8092   3.530815    32.3176        502     2.0875     2.2313  0.000e+00
     47.282     9.8107   3.530888    32.3169        503     2.0917     2.2286  0.000e+00
     47.442     9.8135   3.530955    32.3150        504     2.0958     2.2255  0.000e+00
     47.602     9.8156   3.530973    32.3133        505     2.1000     2.2200  0.000e+00
     47.762     9.8167   3.530955    32.3120        506     2.1042     2.2190  0.000e+00
     47.918     9.8176   3.531040    32.3119        507     2.1083     2.2142  0.000e+00
     48.082     9.8182   3.531082    32.3118        508     2.1125     2.2102  0.000e+00
     48.236     9.8184   3.531143    32.3122        509     2.1167     2.2042  0.000e+00
     48.394     9.8191   3.531197    32.3121        510     2.1208     2.1981  0.000e+00
     48.549     9.8196   3.531276    32.3123        511     2.1250     2.1920  0.000e+00
     48.713     9.8201   3.531361    32.3126        512     2.1292     2.1858  0.000e+00
     48.878     9.8208   3.531507    32.3135        513     2.1333     2.1801  0.000e+00
     49.049     9.8206   3.531762    32.3161        514     2.1375     2.1745  0.000e+00
     49.219     9.8208   3.532295    32.3213        515     2.1417     2.1689  0.000e+00
     49.394     9.8221   3.532744    32.3247        516     2.1458     2.1636  0.000e+00
     49.581     9.8255   3.533169    32.3258        517     2.1500     2.1569  0.000e+00
     49.757     9.8300   3.533575    32.3258        518     2.1542     2.1526  0.000e+00
     49.931     9.8338   3.534060    32.3273        519     2.1583     2.1459  0.000e+00
     50.113     9.8380   3.534788    32.3308        520     2.1625     2.1395  0.000e+00
     50.294     9.8409   3.536069    32.3412        521     2.1667     2.1328  0.000e+00
     50.472     9.8428   3.537434    32.3532        522     2.1708     2.1253  0.000e+00
     50.656     9.8469   3.539230    32.3677        523     2.1750     2.1196  0.000e+00
     50.844     9.8566   3.540851    32.3754        524     2.1792     2.1141  0.000e+00
     51.037     9.8673   3.542648    32.3840        525     2.1833     2.1097  0.000e+00
     51.234     9.8764   3.544251    32.3920        526     2.1875     2.1059  0.000e+00
     51.432     9.8821   3.544682    32.3912        527     2.1917     2.1006  0.000e+00
     51.622     9.8894   3.544852    32.3862        528     2.1958     2.0976  0.000e+00
     51.813     9.8975   3.544561    32.3759        529     2.2000     2.0920  0.000e+00
     51.987     9.9018   3.542775    32.3539        530     2.2042     2.0883  0.000e+00
     52.156     9.9013   3.541215    32.3385        531     2.2083     2.0860  0.000e+00
     52.314     9.8992   3.540638    32.3344        532     2.2125     2.0815  0.000e+00
     52.466     9.8966   3.541622    32.3466        533     2.2167     2.0798  0.000e+00
     52.622     9.8939   3.543614    32.3692        534     2.2208     2.0795  0.000e+00
     52.776     9.8898   3.543741    32.3741        535     2.2250     2.0788  0.000e+00
     52.942     9.8851   3.545666    32.3979        536     2.2292     2.0815  0.000e+00
     53.111     9.8825   3.547398    32.4177        537     2.2333     2.0827  0.000e+00
     53.285     9.8854   3.548169    32.4228        538     2.2375     2.0860  0.000e+00
     53.452     9.8911   3.548576    32.4218        539     2.2417     2.0893  0.000e+00
     53.625     9.8956   3.549573    32.4278        540     2.2458     2.0933  0.000e+00
     53.794     9.8985   3.551044    32.4400        541     2.2500     2.0985  0.000e+00
     53.966     9.9030   3.551578    32.4413        542     2.2542     2.1018  0.000e+00
     54.144     9.9087   3.551062    32.4309        543     2.2583     2.1070  0.000e+00
     54.319     9.9135   3.550484    32.4206        544     2.2625     2.1099  0.000e+00
     54.491     9.9153   3.549907    32.4131        545     2.2667     2.1120  0.000e+00
     54.667     9.9137   3.549111    32.4064        546     2.2708     2.1132  0.000e+00
     54.851     9.9111   3.548236    32.3997        547     2.2750     2.1143  0.000e+00
     55.030     9.9089   3.548516    32.4045        548     2.2792     2.1153  0.000e+00
     55.219     9.9068   3.549695    32.4183        549     2.2833     2.1166  0.000e+00
