PC2305/sbe110.cnv
* Sea-Bird SBE 19plus V2 Data File:
* FileName = C:\cruise\data\sbe110.hex
* Software Version Seasave V 7.26.7.121
* Temperature SN = 7142
* Conductivity SN = 7142
* System UpLoad Time = Nov 06 2023 16:55:31
** Cruise: PC2205
** Program: ECOMON
# nquan = 8
# nvalues = 2796                                  
# units = specified
# name 0 = depSM: Depth [salt water, m], lat = 40.00
# name 1 = tv290C: Temperature [ITS-90, deg C]
# name 2 = c0S/m: Conductivity [S/m]
# name 3 = sal00: Salinity, Practical [PSU]
# name 4 = scan: Scan Count
# name 5 = timeM: Time, Elapsed [minutes]
# name 6 = sbeox0V: Oxygen raw, SBE 43 [V]
# name 7 = flag:  0.000e+00
# span 0 =     -0.003,     86.664                 
# span 1 =    10.5751,    14.1121                 
# span 2 =   0.000245,   3.746747                 
# span 3 =     0.0077,    32.5074                 
# span 4 =         11,       2806                 
# span 5 =     0.0417,    11.6875                 
# span 6 =     2.1773,     2.9512                 
# span 7 = 0.0000e+00, 0.0000e+00                 
# interval = seconds: 0.25
# start_time = Nov 06 2023 16:55:31 [System UTC, header]
# bad_flag = -9.990e-29
*END*
[from data line 2697]
      4.222    11.8358   3.682813    32.0622       2708    11.2792     2.7816  0.000e+00
      4.201    11.8352   3.682831    32.0629       2709    11.2833     2.7816  0.000e+00
      4.165    11.8354   3.682924    32.0636       2710    11.2875     2.7813  0.000e+00
      4.127    11.8360   3.683374    32.0675       2711    11.2917     2.7793  0.000e+00
      4.068    11.8384   3.683417    32.0659       2712    11.2958     2.7800  0.000e+00
      4.005    11.8408   3.683602    32.0656       2713    11.3000     2.7790  0.000e+00
      3.911    11.8429   3.683707    32.0648       2714    11.3042     2.7786  0.000e+00
      3.818    11.8451   3.683707    32.0630       2715    11.3083     2.7784  0.000e+00
      3.728    11.8461   3.683417    32.0593       2716    11.3125     2.7773  0.000e+00
      3.636    11.8456   3.683238    32.0581       2717    11.3167     2.7791  0.000e+00
      3.565    11.8439   3.683256    32.0598       2718    11.3208     2.7798  0.000e+00
      3.498    11.8426   3.683343    32.0617       2719    11.3250     2.7809  0.000e+00
      3.448    11.8428   3.683392    32.0621       2720    11.3292     2.7814  0.000e+00
      3.403    11.8431   3.683571    32.0636       2721    11.3333     2.7800  0.000e+00
      3.367    11.8442   3.683799    32.0649       2722    11.3375     2.7816  0.000e+00
      3.329    11.8465   3.683953    32.0644       2723    11.3417     2.7809  0.000e+00
      3.293    11.8483   3.683885    32.0622       2724    11.3458     2.7815  0.000e+00
      3.254    11.8497   3.683910    32.0612       2725    11.3500     2.7806  0.000e+00
      3.211    11.8501   3.684175    32.0634       2726    11.3542     2.7786  0.000e+00
      3.162    11.8518   3.684557    32.0657       2727    11.3583     2.7790  0.000e+00
      3.115    11.8548   3.684711    32.0646       2728    11.3625     2.7797  0.000e+00
      3.060    11.8577   3.684625    32.0613       2729    11.3667     2.7802  0.000e+00
      2.991    11.8597   3.684224    32.0558       2730    11.3708     2.7809  0.000e+00
      2.923    11.8585   3.683324    32.0481       2731    11.3750     2.7823  0.000e+00
      2.844    11.8528   3.683811    32.0578       2732    11.3792     2.7839  0.000e+00
      2.751    11.8501   3.684779    32.0695       2733    11.3833     2.7845  0.000e+00
      2.653    11.8543   3.684693    32.0651       2734    11.3875     2.7853  0.000e+00
      2.582    11.8580   3.683706    32.0524       2735    11.3917     2.7874  0.000e+00
      2.521    11.8555   3.684582    32.0630       2736    11.3958     2.7869  0.000e+00
      2.495    11.8564   3.684354    32.0601       2737    11.4000     2.7860  0.000e+00
      2.499    11.8570   3.684366    32.0597       2738    11.4042     2.7856  0.000e+00
      2.517    11.8574   3.684354    32.0592       2739    11.4083     2.7858  0.000e+00
      2.540    11.8574   3.684335    32.0590       2740    11.4125     2.7883  0.000e+00
      2.571    11.8570   3.684286    32.0588       2741    11.4167     2.7893  0.000e+00
      2.598    11.8568   3.684107    32.0573       2742    11.4208     2.7864  0.000e+00
      2.607    11.8559   3.684045    32.0574       2743    11.4250     2.7854  0.000e+00
      2.596    11.8543   3.683953    32.0579       2744    11.4292     2.7844  0.000e+00
      2.576    11.8531   3.683879    32.0583       2745    11.4333     2.7876  0.000e+00
      2.535    11.8517   3.683953    32.0602       2746    11.4375     2.7864  0.000e+00
      2.461    11.8514   3.684286    32.0637       2747    11.4417     2.7860  0.000e+00
      2.377    11.8527   3.685519    32.0746       2748    11.4458     2.7848  0.000e+00
      2.283    11.8599   3.685969    32.0728       2749    11.4500     2.7854  0.000e+00
      2.203    11.8681   3.686753    32.0733       2750    11.4542     2.7851  0.000e+00
      2.134    11.8769   3.686487    32.0632       2751    11.4583     2.7872  0.000e+00
      2.091    11.8826   3.686598    32.0593       2752    11.4625     2.7864  0.000e+00
      2.071    11.8853   3.687450    32.0653       2753    11.4667     2.7870  0.000e+00
      2.059    11.8907   3.688659    32.0724       2754    11.4708     2.7867  0.000e+00
      2.041    11.9005   3.690881    32.0854       2755    11.4750     2.7868  0.000e+00
      2.016    11.9162   3.693597    32.0981       2756    11.4792     2.7885  0.000e+00
      1.978    11.9385   3.692565    32.0690       2757    11.4833     2.7900  0.000e+00
      1.915    11.9521   3.690966    32.0418       2758    11.4875     2.7917  0.000e+00
      1.838    11.9512   3.693460    32.0667       2759    11.4917     2.7935  0.000e+00
      1.737    11.9570   3.694584    32.0726       2760    11.4958     2.7960  0.000e+00
      1.628    11.9690   3.695257    32.0689       2761    11.5000     2.7982  0.000e+00
      1.513    11.9810   3.695281    32.0588       2762    11.5042     2.7996  0.000e+00
      1.407    11.9877   3.695633    32.0565       2763    11.5083     2.8025  0.000e+00
      1.292    11.9931   3.696133    32.0568       2764    11.5125     2.8052  0.000e+00
      1.175    11.9982   3.696065    32.0518       2765    11.5167     2.8061  0.000e+00
      1.072    12.0014   3.695818    32.0467       2766    11.5208     2.8061  0.000e+00
      1.013    12.0021   3.695868    32.0466       2767    11.5250     2.8079  0.000e+00
      1.020    12.0020   3.695738    32.0454       2768    11.5292     2.8076  0.000e+00
      1.062    12.0014   3.695707    32.0456       2769    11.5333     2.8079  0.000e+00
      1.117    12.0010   3.695639    32.0453       2770    11.5375     2.8092  0.000e+00
      1.173    12.0003   3.695503    32.0445       2771    11.5417     2.8076  0.000e+00
      1.225    11.9993   3.695485    32.0452       2772    11.5458     2.8070  0.000e+00
      1.290    11.9984   3.695374    32.0449       2773    11.5500     2.8067  0.000e+00
      1.338    11.9974   3.694583    32.0381       2774    11.5542     2.8063  0.000e+00
      1.342    11.9935   3.692743    32.0236       2775    11.5583     2.8060  0.000e+00
      1.279    11.9828   3.692694    32.0324       2776    11.5625     2.8057  0.000e+00
      1.148    11.9722   3.692830    32.0429       2777    11.5667     2.8077  0.000e+00
      1.002    11.9695   3.695238    32.0685       2778    11.5708     2.8083  0.000e+00
      0.832    11.9775   3.695892    32.0680       2779    11.5750     2.8114  0.000e+00
      0.641    11.9882   3.695596    32.0560       2780    11.5792     2.8105  0.000e+00
      0.530    11.9941   3.695682    32.0518       2781    11.5833     2.8122  0.000e+00
      0.512    11.9967   3.696022    32.0529       2782    11.5875     2.8114  0.000e+00
      0.540    11.9995   3.696201    32.0522       2783    11.5917     2.8122  0.000e+00
      0.602    12.0024   3.696084    32.0486       2784    11.5958     2.8131  0.000e+00
      0.727    12.0035   3.695979    32.0466       2785    11.6000     2.8145  0.000e+00
      0.875    12.0033   3.695911    32.0460       2786    11.6042     2.8140  0.000e+00
      1.000    12.0031   3.695954    32.0466       2787    11.6083     2.8141  0.000e+00
      1.074    12.0028   3.695979    32.0470       2788    11.6125     2.8128  0.000e+00
      1.124    12.0027   3.696022    32.0475       2789    11.6167     2.8111  0.000e+00
      1.162    12.0029   3.696145    32.0485       2790    11.6208     2.8114  0.000e+00
      1.146    12.0035   3.696337    32.0498       2791    11.6250     2.8105  0.000e+00
      1.094    12.0045   3.695102    32.0371       2792    11.6292     2.8098  0.000e+00
      0.972    12.0012   3.695621    32.0449       2793    11.6333     2.8119  0.000e+00
      0.760    11.9982   3.696269    32.0539       2794    11.6375     2.8126  0.000e+00
      0.398    12.0006   3.695608    32.0456       2795    11.6417     2.8132  0.000e+00
      0.089    12.0011   3.687627    31.9683       2796    11.6458     2.8151  0.000e+00
      0.027    12.0001   1.355120    10.6825       2797    11.6500     2.8170  0.000e+00
      0.023    11.9918   0.545008     4.0126       2798    11.6542     2.8163  0.000e+00
      0.027    11.9563   0.362249     2.5996       2799    11.6583     2.8162  0.000e+00
      0.023    11.9043   0.319134     2.2757       2800    11.6625     2.8164  0.000e+00
      0.093    11.8726   0.391652     2.8306       2801    11.6667     2.8153  0.000e+00
      0.244    11.8683   0.550462     4.0688       2802    11.6708     2.8043  0.000e+00
      0.361    11.8892   0.364588     2.6221       2803    11.6750     2.7885  0.000e+00
      0.467    11.9148   0.183686     1.2694       2804    11.6792     2.7691  0.000e+00
      0.594    11.9361   1.268230     9.9601       2805    11.6833     2.7545  0.000e+00
      0.681    11.9514   1.745776    14.0809       2806    11.6875     2.7472  0.000e+00
