PC2305/sbe145.cnv
* Sea-Bird SBE 19plus V2 Data File:
* FileName = C:\cruise\data\sbe145.hex
* Software Version Seasave V 7.26.7.121
* Temperature SN = 7142
* Conductivity SN = 7142
* System UpLoad Time = Nov 11 2023 05:50:19
** Cruise: PC2205
** Program: ECOMON
# nquan = 8
# nvalues = 4741                                  
# units = specified
# name 0 = depSM: Depth [salt water, m], lat = 40.00
# name 1 = tv290C: Temperature [ITS-90, deg C]
# name 2 = c0S/m: Conductivity [S/m]
# name 3 = sal00: Salinity, Practical [PSU]
# name 4 = scan: Scan Count
# name 5 = timeM: Time, Elapsed [minutes]
# name 6 = sbeox0V: Oxygen raw, SBE 43 [V]
# name 7 = flag:  0.000e+00
# span 0 =     -0.102,    200.632                 
# span 1 =     8.3160,    10.5900                 
# span 2 =   0.000172,   3.626772                 
# span 3 =     0.0046,    34.3962                 
# span 4 =         11,       4751                 
# span 5 =     0.0417,    19.7917                 
# span 6 =     1.7066,     2.7208                 
# span 7 = 0.0000e+00, 0.0000e+00                 
# interval = seconds: 0.25
# start_time = Nov 11 2023 05:50:19 [System UTC, header]
# bad_flag = -9.990e-29
*END*
[from data line 2158]
    145.926     8.5663   3.610024    34.2525       2169     9.0333     1.9388  0.000e+00
    145.847     8.5662   3.610048    34.2528       2170     9.0375     1.9398  0.000e+00
    145.773     8.5665   3.610091    34.2531       2171     9.0417     1.9398  0.000e+00
    145.703     8.5669   3.610109    34.2529       2172     9.0458     1.9406  0.000e+00
    145.633     8.5673   3.610109    34.2525       2173     9.0500     1.9419  0.000e+00
    145.561     8.5679   3.610091    34.2518       2174     9.0542     1.9427  0.000e+00
    145.489     8.5682   3.610109    34.2517       2175     9.0583     1.9428  0.000e+00
    145.423     8.5682   3.610109    34.2517       2176     9.0625     1.9422  0.000e+00
    145.343     8.5685   3.610134    34.2517       2177     9.0667     1.9430  0.000e+00
    145.264     8.5689   3.610189    34.2520       2178     9.0708     1.9425  0.000e+00
    145.192     8.5699   3.610287    34.2521       2179     9.0750     1.9441  0.000e+00
    145.115     8.5709   3.610287    34.2511       2180     9.0792     1.9450  0.000e+00
    145.031     8.5719   3.610311    34.2505       2181     9.0833     1.9437  0.000e+00
    144.948     8.5723   3.610262    34.2496       2182     9.0875     1.9451  0.000e+00
    144.869     8.5727   3.610311    34.2498       2183     9.0917     1.9457  0.000e+00
    144.782     8.5730   3.610311    34.2495       2184     9.0958     1.9458  0.000e+00
    144.707     8.5736   3.610311    34.2490       2185     9.1000     1.9465  0.000e+00
    144.631     8.5737   3.610262    34.2484       2186     9.1042     1.9488  0.000e+00
    144.558     8.5736   3.610311    34.2491       2187     9.1083     1.9477  0.000e+00
    144.480     8.5743   3.610439    34.2498       2188     9.1125     1.9479  0.000e+00
    144.405     8.5758   3.610507    34.2490       2189     9.1167     1.9500  0.000e+00
    144.327     8.5778   3.610549    34.2476       2190     9.1208     1.9503  0.000e+00
    144.246     8.5796   3.610568    34.2461       2191     9.1250     1.9500  0.000e+00
    144.167     8.5808   3.610592    34.2453       2192     9.1292     1.9502  0.000e+00
    144.083     8.5818   3.610592    34.2443       2193     9.1333     1.9492  0.000e+00
    144.002     8.5824   3.610616    34.2440       2194     9.1375     1.9504  0.000e+00
    143.919     8.5830   3.610659    34.2440       2195     9.1417     1.9503  0.000e+00
    143.844     8.5835   3.610678    34.2437       2196     9.1458     1.9506  0.000e+00
    143.761     8.5842   3.610702    34.2433       2197     9.1500     1.9509  0.000e+00
    143.694     8.5850   3.610745    34.2430       2198     9.1542     1.9512  0.000e+00
    143.628     8.5859   3.610788    34.2427       2199     9.1583     1.9509  0.000e+00
    143.563     8.5864   3.610788    34.2422       2200     9.1625     1.9516  0.000e+00
    143.506     8.5869   3.610830    34.2422       2201     9.1667     1.9497  0.000e+00
    143.443     8.5873   3.610830    34.2418       2202     9.1708     1.9516  0.000e+00
    143.387     8.5878   3.610855    34.2416       2203     9.1750     1.9507  0.000e+00
    143.328     8.5882   3.610898    34.2417       2204     9.1792     1.9510  0.000e+00
    143.270     8.5886   3.610922    34.2416       2205     9.1833     1.9509  0.000e+00
    143.198     8.5889   3.610922    34.2413       2206     9.1875     1.9501  0.000e+00
    143.132     8.5893   3.610898    34.2407       2207     9.1917     1.9513  0.000e+00
    143.063     8.5895   3.610897    34.2406       2208     9.1958     1.9519  0.000e+00
    142.979     8.5901   3.610879    34.2399       2209     9.2000     1.9525  0.000e+00
    142.903     8.5904   3.610855    34.2393       2210     9.2042     1.9529  0.000e+00
    142.824     8.5909   3.610812    34.2384       2211     9.2083     1.9526  0.000e+00
    142.732     8.5916   3.610769    34.2374       2212     9.2125     1.9542  0.000e+00
    142.652     8.5918   3.610616    34.2356       2213     9.2167     1.9531  0.000e+00
    142.563     8.5921   3.610549    34.2346       2214     9.2208     1.9524  0.000e+00
    142.483     8.5922   3.610487    34.2339       2215     9.2250     1.9528  0.000e+00
    142.398     8.5920   3.610438    34.2336       2216     9.2292     1.9529  0.000e+00
    142.317     8.5918   3.610310    34.2325       2217     9.2333     1.9538  0.000e+00
    142.233     8.5912   3.610090    34.2308       2218     9.2375     1.9546  0.000e+00
    142.153     8.5902   3.609741    34.2281       2219     9.2417     1.9566  0.000e+00
    142.069     8.5890   3.609478    34.2265       2220     9.2458     1.9577  0.000e+00
    141.993     8.5874   3.609325    34.2265       2221     9.2500     1.9588  0.000e+00
    141.911     8.5864   3.609239    34.2266       2222     9.2542     1.9597  0.000e+00
    141.830     8.5854   3.609172    34.2269       2223     9.2583     1.9613  0.000e+00
    141.754     8.5846   3.609129    34.2273       2224     9.2625     1.9610  0.000e+00
    141.679     8.5844   3.609105    34.2273       2225     9.2667     1.9616  0.000e+00
    141.603     8.5839   3.609037    34.2270       2226     9.2708     1.9627  0.000e+00
    141.529     8.5835   3.608994    34.2270       2227     9.2750     1.9633  0.000e+00
    141.463     8.5835   3.608976    34.2269       2228     9.2792     1.9632  0.000e+00
    141.396     8.5832   3.608952    34.2270       2229     9.2833     1.9643  0.000e+00
    141.330     8.5830   3.608909    34.2267       2230     9.2875     1.9633  0.000e+00
    141.269     8.5829   3.608909    34.2268       2231     9.2917     1.9633  0.000e+00
    141.202     8.5826   3.608841    34.2264       2232     9.2958     1.9623  0.000e+00
    141.134     8.5827   3.608823    34.2261       2233     9.3000     1.9609  0.000e+00
    141.065     8.5825   3.608823    34.2264       2234     9.3042     1.9602  0.000e+00
    140.995     8.5825   3.608799    34.2261       2235     9.3083     1.9599  0.000e+00
    140.920     8.5828   3.608799    34.2259       2236     9.3125     1.9592  0.000e+00
    140.846     8.5831   3.608823    34.2259       2237     9.3167     1.9586  0.000e+00
    140.765     8.5838   3.608884    34.2259       2238     9.3208     1.9579  0.000e+00
    140.684     8.5847   3.608927    34.2255       2239     9.3250     1.9569  0.000e+00
    140.607     8.5858   3.608976    34.2250       2240     9.3292     1.9572  0.000e+00
    140.526     8.5871   3.609019    34.2242       2241     9.3333     1.9571  0.000e+00
    140.436     8.5882   3.609061    34.2237       2242     9.3375     1.9566  0.000e+00
    140.357     8.5890   3.609147    34.2239       2243     9.3417     1.9579  0.000e+00
    140.263     8.5906   3.609257    34.2235       2244     9.3458     1.9583  0.000e+00
    140.177     8.5922   3.609324    34.2227       2245     9.3500     1.9601  0.000e+00
    140.087     8.5938   3.609367    34.2217       2246     9.3542     1.9612  0.000e+00
    139.994     8.5951   3.609361    34.2203       2247     9.3583     1.9616  0.000e+00
    139.913     8.5960   3.609453    34.2205       2248     9.3625     1.9626  0.000e+00
    139.830     8.5970   3.609495    34.2200       2249     9.3667     1.9649  0.000e+00
    139.749     8.5978   3.609563    34.2200       2250     9.3708     1.9645  0.000e+00
    139.683     8.5989   3.609605    34.2194       2251     9.3750     1.9652  0.000e+00
    139.618     8.5999   3.609605    34.2185       2252     9.3792     1.9655  0.000e+00
    139.555     8.6004   3.609648    34.2185       2253     9.3833     1.9666  0.000e+00
    139.505     8.6011   3.609715    34.2185       2254     9.3875     1.9668  0.000e+00
    139.456     8.6019   3.609715    34.2178       2255     9.3917     1.9663  0.000e+00
    139.400     8.6023   3.609740    34.2177       2256     9.3958     1.9660  0.000e+00
    139.337     8.6026   3.609740    34.2174       2257     9.4000     1.9657  0.000e+00
    139.285     8.6029   3.609758    34.2173       2258     9.4042     1.9633  0.000e+00
    139.226     8.6031   3.609758    34.2172       2259     9.4083     1.9625  0.000e+00
    139.152     8.6034   3.609801    34.2174       2260     9.4125     1.9611  0.000e+00
    139.082     8.6036   3.609868    34.2180       2261     9.4167     1.9610  0.000e+00
    139.005     8.6044   3.609893    34.2175       2262     9.4208     1.9606  0.000e+00
    138.927     8.6051   3.609935    34.2172       2263     9.4250     1.9608  0.000e+00
    138.848     8.6058   3.609954    34.2168       2264     9.4292     1.9611  0.000e+00
    138.764     8.6068   3.610003    34.2164       2265     9.4333     1.9627  0.000e+00
    138.679     8.6078   3.610064    34.2162       2266     9.4375     1.9636  0.000e+00
    138.597     8.6088   3.610088    34.2154       2267     9.4417     1.9660  0.000e+00
    138.512     8.6100   3.610106    34.2146       2268     9.4458     1.9681  0.000e+00
    138.435     8.6109   3.610106    34.2137       2269     9.4500     1.9684  0.000e+00
    138.356     8.6116   3.610088    34.2129       2270     9.4542     1.9697  0.000e+00
    138.285     8.6122   3.610045    34.2118       2271     9.4583     1.9684  0.000e+00
    138.221     8.6125   3.609978    34.2109       2272     9.4625     1.9689  0.000e+00
    138.151     8.6128   3.609911    34.2099       2273     9.4667     1.9688  0.000e+00
    138.086     8.6133   3.609868    34.2090       2274     9.4708     1.9681  0.000e+00
    138.023     8.6136   3.609825    34.2083       2275     9.4750     1.9695  0.000e+00
    137.956     8.6139   3.609758    34.2073       2276     9.4792     1.9704  0.000e+00
    137.892     8.6140   3.609715    34.2068       2277     9.4833     1.9717  0.000e+00
    137.829     8.6143   3.609696    34.2064       2278     9.4875     1.9726  0.000e+00
    137.757     8.6145   3.609629    34.2054       2279     9.4917     1.9742  0.000e+00
    137.690     8.6147   3.609604    34.2050       2280     9.4958     1.9757  0.000e+00
    137.618     8.6149   3.609562    34.2044       2281     9.5000     1.9757  0.000e+00
    137.546     8.6150   3.609525    34.2040       2282     9.5042     1.9753  0.000e+00
    137.471     8.6152   3.609451    34.2031       2283     9.5083     1.9762  0.000e+00
    137.397     8.6155   3.609409    34.2023       2284     9.5125     1.9759  0.000e+00
    137.322     8.6157   3.609390    34.2020       2285     9.5167     1.9756  0.000e+00
    137.244     8.6157   3.609390    34.2020       2286     9.5208     1.9759  0.000e+00
    137.165     8.6159   3.609323    34.2012       2287     9.5250     1.9771  0.000e+00
    137.093     8.6159   3.609280    34.2007       2288     9.5292     1.9785  0.000e+00
    137.014     8.6162   3.609237    34.2001       2289     9.5333     1.9793  0.000e+00
    136.942     8.6163   3.609170    34.1993       2290     9.5375     1.9798  0.000e+00
    136.863     8.6165   3.609060    34.1980       2291     9.5417     1.9794  0.000e+00
    136.780     8.6168   3.608992    34.1970       2292     9.5458     1.9796  0.000e+00
    136.703     8.6169   3.608864    34.1956       2293     9.5500     1.9781  0.000e+00
    136.613     8.6173   3.608711    34.1936       2294     9.5542     1.9788  0.000e+00
    136.538     8.6177   3.608576    34.1919       2295     9.5583     1.9778  0.000e+00
    136.453     8.6179   3.608466    34.1905       2296     9.5625     1.9788  0.000e+00
    136.378     8.6182   3.608362    34.1892       2297     9.5667     1.9797  0.000e+00
    136.309     8.6185   3.608209    34.1873       2298     9.5708     1.9804  0.000e+00
    136.248     8.6188   3.608099    34.1859       2299     9.5750     1.9812  0.000e+00
    136.191     8.6192   3.607989    34.1844       2300     9.5792     1.9819  0.000e+00
    136.139     8.6197   3.607836    34.1823       2301     9.5833     1.9811  0.000e+00
    136.092     8.6201   3.607726    34.1808       2302     9.5875     1.9803  0.000e+00
    136.052     8.6207   3.607659    34.1795       2303     9.5917     1.9787  0.000e+00
    136.015     8.6211   3.607616    34.1787       2304     9.5958     1.9763  0.000e+00
    135.979     8.6218   3.607573    34.1776       2305     9.6000     1.9743  0.000e+00
    135.935     8.6219   3.607530    34.1770       2306     9.6042     1.9728  0.000e+00
    135.898     8.6223   3.607487    34.1763       2307     9.6083     1.9709  0.000e+00
    135.842     8.6226   3.607463    34.1757       2308     9.6125     1.9691  0.000e+00
    135.788     8.6226   3.607445    34.1755       2309     9.6167     1.9685  0.000e+00
    135.720     8.6229   3.607396    34.1748       2310     9.6208     1.9678  0.000e+00
    135.646     8.6231   3.607377    34.1744       2311     9.6250     1.9696  0.000e+00
    135.565     8.6230   3.607365    34.1744       2312     9.6292     1.9709  0.000e+00
    135.482     8.6232   3.607334    34.1740       2313     9.6333     1.9733  0.000e+00
    135.392     8.6233   3.607292    34.1734       2314     9.6375     1.9761  0.000e+00
    135.301     8.6236   3.607224    34.1725       2315     9.6417     1.9786  0.000e+00
    135.204     8.6240   3.607114    34.1710       2316     9.6458     1.9796  0.000e+00
    135.112     8.6245   3.606961    34.1690       2317     9.6500     1.9821  0.000e+00
    135.016     8.6254   3.606894    34.1674       2318     9.6542     1.9833  0.000e+00
    134.923     8.6261   3.606875    34.1666       2319     9.6583     1.9849  0.000e+00
    134.842     8.6264   3.606875    34.1663       2320     9.6625     1.9854  0.000e+00
    134.768     8.6270   3.606875    34.1658       2321     9.6667     1.9846  0.000e+00
    134.691     8.6270   3.606833    34.1653       2322     9.6708     1.9843  0.000e+00
    134.624     8.6272   3.606851    34.1654       2323     9.6750     1.9850  0.000e+00
    134.563     8.6273   3.606851    34.1653       2324     9.6792     1.9840  0.000e+00
    134.502     8.6270   3.606851    34.1657       2325     9.6833     1.9832  0.000e+00
    134.445     8.6269   3.606851    34.1658       2326     9.6875     1.9835  0.000e+00
    134.384     8.6267   3.606851    34.1660       2327     9.6917     1.9847  0.000e+00
    134.324     8.6267   3.606832    34.1659       2328     9.6958     1.9847  0.000e+00
    134.263     8.6268   3.606851    34.1659       2329     9.7000     1.9845  0.000e+00
    134.198     8.6267   3.606851    34.1661       2330     9.7042     1.9860  0.000e+00
    134.139     8.6266   3.606851    34.1662       2331     9.7083     1.9871  0.000e+00
    134.076     8.6266   3.606832    34.1660       2332     9.7125     1.9861  0.000e+00
    134.015     8.6264   3.606851    34.1665       2333     9.7167     1.9867  0.000e+00
    133.952     8.6263   3.606875    34.1669       2334     9.7208     1.9879  0.000e+00
    133.894     8.6263   3.606851    34.1666       2335     9.7250     1.9870  0.000e+00
    133.832     8.6262   3.606851    34.1668       2336     9.7292     1.9881  0.000e+00
    133.772     8.6263   3.606851    34.1667       2337     9.7333     1.9885  0.000e+00
    133.709     8.6261   3.606875    34.1672       2338     9.7375     1.9882  0.000e+00
    133.650     8.6261   3.606875    34.1672       2339     9.7417     1.9892  0.000e+00
    133.589     8.6264   3.606863    34.1668       2340     9.7458     1.9909  0.000e+00
    133.526     8.6264   3.606875    34.1669       2341     9.7500     1.9908  0.000e+00
    133.457     8.6264   3.606850    34.1667       2342     9.7542     1.9915  0.000e+00
    133.393     8.6264   3.606875    34.1670       2343     9.7583     1.9913  0.000e+00
    133.323     8.6262   3.606850    34.1670       2344     9.7625     1.9918  0.000e+00
    133.260     8.6263   3.606875    34.1672       2345     9.7667     1.9922  0.000e+00
    133.184     8.6260   3.606875    34.1675       2346     9.7708     1.9930  0.000e+00
    133.110     8.6260   3.606850    34.1673       2347     9.7750     1.9934  0.000e+00
