PC2305/sbe123.cnv
* Sea-Bird SBE 19plus V2 Data File:
* FileName = C:\cruise\data\sbe123.hex
* Software Version Seasave V 7.26.7.121
* Temperature SN = 7142
* Conductivity SN = 7142
* System UpLoad Time = Nov 07 2023 21:31:17
** Cruise: PC2205
** Program: ECOMON
# nquan = 8
# nvalues = 5524                                  
# units = specified
# name 0 = depSM: Depth [salt water, m], lat = 40.00
# name 1 = tv290C: Temperature [ITS-90, deg C]
# name 2 = c0S/m: Conductivity [S/m]
# name 3 = sal00: Salinity, Practical [PSU]
# name 4 = scan: Scan Count
# name 5 = timeM: Time, Elapsed [minutes]
# name 6 = sbeox0V: Oxygen raw, SBE 43 [V]
# name 7 = flag:  0.000e+00
# span 0 =     -0.190,    200.511                 
# span 1 =     8.3128,    14.2699                 
# span 2 =   0.000160,   3.785107                 
# span 3 =     0.0076,    34.9521                 
# span 4 =         11,       5534                 
# span 5 =     0.0417,    23.0542                 
# span 6 =     1.9302,     2.8303                 
# span 7 = 0.0000e+00, 0.0000e+00                 
# interval = seconds: 0.25
# start_time = Nov 07 2023 21:31:17 [System UTC, header]
# bad_flag = -9.990e-29
*END*
[from data line 1259]
    147.690     8.6322   3.631369    34.4129       1270     5.2875     2.0183  0.000e+00
    147.882     8.6329   3.631964    34.4184       1271     5.2917     2.0172  0.000e+00
    148.075     8.6339   3.632166    34.4194       1272     5.2958     2.0180  0.000e+00
    148.260     8.6347   3.632185    34.4188       1273     5.3000     2.0188  0.000e+00
    148.436     8.6354   3.632295    34.4192       1274     5.3042     2.0180  0.000e+00
    148.607     8.6357   3.632295    34.4188       1275     5.3083     2.0180  0.000e+00
    148.767     8.6360   3.632473    34.4204       1276     5.3125     2.0175  0.000e+00
    148.920     8.6363   3.632651    34.4219       1277     5.3167     2.0169  0.000e+00
    149.067     8.6367   3.632890    34.4239       1278     5.3208     2.0170  0.000e+00
    149.208     8.6370   3.633264    34.4276       1279     5.3250     2.0164  0.000e+00
    149.343     8.6377   3.633731    34.4317       1280     5.3292     2.0161  0.000e+00
    149.474     8.6385   3.634718    34.4413       1281     5.3333     2.0158  0.000e+00
    149.587     8.6399   3.635093    34.4438       1282     5.3375     2.0142  0.000e+00
    149.706     8.6413   3.635712    34.4489       1283     5.3417     2.0142  0.000e+00
    149.821     8.6424   3.636663    34.4578       1284     5.3458     2.0141  0.000e+00
    149.943     8.6440   3.637301    34.4629       1285     5.3500     2.0126  0.000e+00
    150.075     8.6456   3.637786    34.4664       1286     5.3542     2.0127  0.000e+00
    150.209     8.6469   3.638050    34.4679       1287     5.3583     2.0118  0.000e+00
    150.362     8.6480   3.638032    34.4665       1288     5.3625     2.0118  0.000e+00
    150.528     8.6487   3.637259    34.4576       1289     5.3667     2.0104  0.000e+00
    150.709     8.6485   3.636835    34.4532       1290     5.3708     2.0081  0.000e+00
    150.898     8.6479   3.636817    34.4536       1291     5.3750     2.0071  0.000e+00
    151.105     8.6473   3.636995    34.4559       1292     5.3792     2.0058  0.000e+00
    151.326     8.6471   3.637234    34.4586       1293     5.3833     2.0052  0.000e+00
    151.556     8.6473   3.637676    34.4629       1294     5.3875     2.0040  0.000e+00
    151.788     8.6479   3.639045    34.4766       1295     5.3917     2.0030  0.000e+00
    152.022     8.6491   3.640058    34.4861       1296     5.3958     2.0025  0.000e+00
    152.249     8.6508   3.640745    34.4915       1297     5.4000     2.0008  0.000e+00
    152.459     8.6525   3.641936    34.5023       1298     5.4042     2.0009  0.000e+00
    152.657     8.6546   3.643704    34.5188       1299     5.4083     2.0023  0.000e+00
    152.828     8.6578   3.645252    34.5319       1300     5.4125     2.0008  0.000e+00
    152.975     8.6622   3.645958    34.5351       1301     5.4167     2.0000  0.000e+00
    153.114     8.6664   3.647377    34.5458       1302     5.4208     1.9990  0.000e+00
    153.240     8.6712   3.648372    34.5516       1303     5.4250     1.9981  0.000e+00
    153.358     8.6763   3.649257    34.5559       1304     5.4292     1.9966  0.000e+00
    153.472     8.6810   3.649699    34.5559       1305     5.4333     1.9966  0.000e+00
    153.583     8.6850   3.649921    34.5543       1306     5.4375     1.9967  0.000e+00
    153.691     8.6879   3.650670    34.5593       1307     5.4417     1.9931  0.000e+00
    153.806     8.6904   3.652293    34.5739       1308     5.4458     1.9921  0.000e+00
    153.914     8.6952   3.652895    34.5755       1309     5.4500     1.9906  0.000e+00
    154.042     8.7001   3.653135    34.5732       1310     5.4542     1.9895  0.000e+00
    154.168     8.7036   3.652360    34.5615       1311     5.4583     1.9879  0.000e+00
    154.306     8.7046   3.652846    34.5656       1312     5.4625     1.9865  0.000e+00
    154.450     8.7051   3.652471    34.5611       1313     5.4667     1.9850  0.000e+00
    154.606     8.7048   3.652317    34.5598       1314     5.4708     1.9832  0.000e+00
    154.774     8.7039   3.652428    34.5617       1315     5.4750     1.9816  0.000e+00
    154.946     8.7036   3.652760    34.5654       1316     5.4792     1.9799  0.000e+00
    155.131     8.7043   3.653227    34.5696       1317     5.4833     1.9787  0.000e+00
    155.322     8.7056   3.653381    34.5698       1318     5.4875     1.9766  0.000e+00
    155.531     8.7070   3.653467    34.5692       1319     5.4917     1.9772  0.000e+00
    155.743     8.7080   3.653928    34.5731       1320     5.4958     1.9752  0.000e+00
    155.950     8.7095   3.654088    34.5732       1321     5.5000     1.9740  0.000e+00
    156.160     8.7108   3.655023    34.5816       1322     5.5042     1.9737  0.000e+00
    156.369     8.7131   3.655533    34.5847       1323     5.5083     1.9742  0.000e+00
    156.570     8.7158   3.655730    34.5840       1324     5.5125     1.9731  0.000e+00
    156.777     8.7177   3.655841    34.5832       1325     5.5167     1.9731  0.000e+00
    156.968     8.7191   3.655976    34.5832       1326     5.5208     1.9723  0.000e+00
    157.156     8.7201   3.656333    34.5859       1327     5.5250     1.9726  0.000e+00
    157.329     8.7210   3.656419    34.5858       1328     5.5292     1.9716  0.000e+00
    157.498     8.7220   3.656751    34.5883       1329     5.5333     1.9712  0.000e+00
    157.649     8.7228   3.656579    34.5856       1330     5.5375     1.9707  0.000e+00
    157.782     8.7237   3.657175    34.5909       1331     5.5417     1.9691  0.000e+00
    157.906     8.7245   3.657470    34.5932       1332     5.5458     1.9691  0.000e+00
    158.016     8.7252   3.657643    34.5943       1333     5.5500     1.9686  0.000e+00
    158.113     8.7257   3.657643    34.5938       1334     5.5542     1.9675  0.000e+00
    158.214     8.7261   3.657864    34.5957       1335     5.5583     1.9674  0.000e+00
    158.309     8.7264   3.658086    34.5976       1336     5.5625     1.9675  0.000e+00
    158.410     8.7269   3.658239    34.5988       1337     5.5667     1.9678  0.000e+00
    158.512     8.7274   3.658461    34.6005       1338     5.5708     1.9665  0.000e+00
    158.618     8.7276   3.658510    34.6008       1339     5.5750     1.9665  0.000e+00
    158.734     8.7280   3.658596    34.6013       1340     5.5792     1.9658  0.000e+00
    158.850     8.7282   3.658732    34.6024       1341     5.5833     1.9655  0.000e+00
    158.978     8.7285   3.658732    34.6021       1342     5.5875     1.9665  0.000e+00
    159.122     8.7287   3.658547    34.5999       1343     5.5917     1.9665  0.000e+00
    159.277     8.7288   3.658307    34.5972       1344     5.5958     1.9650  0.000e+00
    159.449     8.7286   3.658350    34.5978       1345     5.6000     1.9650  0.000e+00
    159.631     8.7285   3.658443    34.5988       1346     5.6042     1.9642  0.000e+00
    159.827     8.7283   3.658400    34.5984       1347     5.6083     1.9625  0.000e+00
    160.028     8.7284   3.658486    34.5991       1348     5.6125     1.9626  0.000e+00
    160.241     8.7285   3.658640    34.6005       1349     5.6167     1.9644  0.000e+00
    160.460     8.7286   3.658775    34.6018       1350     5.6208     1.9638  0.000e+00
    160.688     8.7288   3.659132    34.6052       1351     5.6250     1.9654  0.000e+00
    160.919     8.7292   3.659421    34.6077       1352     5.6292     1.9655  0.000e+00
    161.145     8.7296   3.659643    34.6095       1353     5.6333     1.9637  0.000e+00
    161.374     8.7303   3.660080    34.6134       1354     5.6375     1.9650  0.000e+00
    161.593     8.7308   3.660129    34.6133       1355     5.6417     1.9646  0.000e+00
    161.809     8.7311   3.660400    34.6158       1356     5.6458     1.9645  0.000e+00
    162.010     8.7315   3.660596    34.6173       1357     5.6500     1.9650  0.000e+00
    162.197     8.7317   3.660707    34.6182       1358     5.6542     1.9663  0.000e+00
    162.354     8.7320   3.660800    34.6188       1359     5.6583     1.9659  0.000e+00
    162.469     8.7322   3.660867    34.6193       1360     5.6625     1.9660  0.000e+00
    162.552     8.7322   3.660978    34.6204       1361     5.6667     1.9650  0.000e+00
    162.606     8.7322   3.661064    34.6213       1362     5.6708     1.9657  0.000e+00
    162.647     8.7322   3.661200    34.6227       1363     5.6750     1.9662  0.000e+00
    162.692     8.7324   3.661224    34.6228       1364     5.6792     1.9650  0.000e+00
    162.740     8.7322   3.661286    34.6235       1365     5.6833     1.9660  0.000e+00
    162.800     8.7323   3.661310    34.6237       1366     5.6875     1.9652  0.000e+00
    162.879     8.7322   3.661446    34.6252       1367     5.6917     1.9653  0.000e+00
    162.983     8.7322   3.661532    34.6261       1368     5.6958     1.9644  0.000e+00
    163.131     8.7324   3.661557    34.6261       1369     5.7000     1.9631  0.000e+00
    163.293     8.7325   3.661507    34.6254       1370     5.7042     1.9643  0.000e+00
    163.481     8.7326   3.661446    34.6245       1371     5.7083     1.9633  0.000e+00
    163.694     8.7329   3.661668    34.6264       1372     5.7125     1.9639  0.000e+00
    163.929     8.7332   3.661975    34.6293       1373     5.7167     1.9641  0.000e+00
    164.194     8.7334   3.662326    34.6327       1374     5.7208     1.9637  0.000e+00
    164.463     8.7333   3.662954    34.6392       1375     5.7250     1.9639  0.000e+00
    164.739     8.7335   3.663489    34.6446       1376     5.7292     1.9647  0.000e+00
    164.992     8.7335   3.664068    34.6505       1377     5.7333     1.9623  0.000e+00
    165.219     8.7334   3.664025    34.6500       1378     5.7375     1.9640  0.000e+00
    165.431     8.7333   3.664246    34.6524       1379     5.7417     1.9643  0.000e+00
    165.638     8.7331   3.664511    34.6553       1380     5.7458     1.9627  0.000e+00
    165.819     8.7326   3.664579    34.6564       1381     5.7500     1.9629  0.000e+00
    165.947     8.7324   3.664801    34.6589       1382     5.7542     1.9646  0.000e+00
    166.021     8.7322   3.665071    34.6619       1383     5.7583     1.9639  0.000e+00
    166.060     8.7318   3.665262    34.6643       1384     5.7625     1.9627  0.000e+00
    166.098     8.7313   3.665293    34.6650       1385     5.7667     1.9630  0.000e+00
    166.141     8.7309   3.665293    34.6654       1386     5.7708     1.9630  0.000e+00
    166.195     8.7308   3.665447    34.6671       1387     5.7750     1.9620  0.000e+00
    166.255     8.7303   3.665558    34.6687       1388     5.7792     1.9606  0.000e+00
    166.319     8.7301   3.665625    34.6696       1389     5.7833     1.9609  0.000e+00
    166.429     8.7295   3.665669    34.6706       1390     5.7875     1.9601  0.000e+00
    166.575     8.7293   3.665761    34.6717       1391     5.7917     1.9601  0.000e+00
    166.751     8.7291   3.665693    34.6711       1392     5.7958     1.9593  0.000e+00
    166.956     8.7293   3.665558    34.6694       1393     5.8000     1.9593  0.000e+00
    167.184     8.7298   3.665558    34.6688       1394     5.8042     1.9591  0.000e+00
    167.445     8.7302   3.665650    34.6693       1395     5.8083     1.9596  0.000e+00
    167.742     8.7305   3.665761    34.6700       1396     5.8125     1.9599  0.000e+00
    168.008     8.7303   3.665897    34.6715       1397     5.8167     1.9606  0.000e+00
    168.319     8.7303   3.666008    34.6725       1398     5.8208     1.9598  0.000e+00
    168.593     8.7304   3.666094    34.6732       1399     5.8250     1.9609  0.000e+00
    168.868     8.7304   3.666340    34.6757       1400     5.8292     1.9608  0.000e+00
    169.114     8.7302   3.666605    34.6786       1401     5.8333     1.9609  0.000e+00
    169.344     8.7295   3.666728    34.6804       1402     5.8375     1.9623  0.000e+00
    169.558     8.7286   3.667073    34.6848       1403     5.8417     1.9624  0.000e+00
    169.729     8.7275   3.667233    34.6875       1404     5.8458     1.9617  0.000e+00
    169.918     8.7264   3.667277    34.6889       1405     5.8500     1.9625  0.000e+00
    170.091     8.7257   3.667387    34.6907       1406     5.8542     1.9621  0.000e+00
    170.249     8.7252   3.667431    34.6916       1407     5.8583     1.9630  0.000e+00
    170.355     8.7248   3.667541    34.6931       1408     5.8625     1.9633  0.000e+00
    170.433     8.7245   3.667652    34.6945       1409     5.8667     1.9637  0.000e+00
    170.515     8.7240   3.667720    34.6956       1410     5.8708     1.9640  0.000e+00
    170.616     8.7235   3.667751    34.6964       1411     5.8750     1.9655  0.000e+00
    170.728     8.7234   3.667831    34.6973       1412     5.8792     1.9646  0.000e+00
    170.837     8.7232   3.667899    34.6982       1413     5.8833     1.9638  0.000e+00
    170.960     8.7231   3.667942    34.6987       1414     5.8875     1.9640  0.000e+00
    171.087     8.7230   3.667991    34.6993       1415     5.8917     1.9640  0.000e+00
    171.231     8.7230   3.667942    34.6986       1416     5.8958     1.9629  0.000e+00
    171.395     8.7232   3.667942    34.6984       1417     5.9000     1.9640  0.000e+00
    171.573     8.7236   3.667924    34.6977       1418     5.9042     1.9627  0.000e+00
    171.749     8.7233   3.667899    34.6976       1419     5.9083     1.9640  0.000e+00
    171.931     8.7233   3.667991    34.6986       1420     5.9125     1.9627  0.000e+00
    172.112     8.7236   3.668059    34.6989       1421     5.9167     1.9634  0.000e+00
    172.298     8.7236   3.668170    34.7000       1422     5.9208     1.9634  0.000e+00
    172.481     8.7233   3.668170    34.7002       1423     5.9250     1.9631  0.000e+00
    172.655     8.7232   3.668324    34.7018       1424     5.9292     1.9640  0.000e+00
    172.823     8.7229   3.668460    34.7034       1425     5.9333     1.9633  0.000e+00
    172.979     8.7223   3.668700    34.7065       1426     5.9375     1.9632  0.000e+00
    173.138     8.7215   3.668817    34.7085       1427     5.9417     1.9628  0.000e+00
    173.290     8.7204   3.669002    34.7113       1428     5.9458     1.9628  0.000e+00
    173.447     8.7193   3.669168    34.7141       1429     5.9500     1.9640  0.000e+00
    173.609     8.7179   3.669285    34.7166       1430     5.9542     1.9636  0.000e+00
    173.774     8.7167   3.669525    34.7203       1431     5.9583     1.9642  0.000e+00
    173.945     8.7150   3.669525    34.7219       1432     5.9625     1.9642  0.000e+00
    174.125     8.7139   3.669643    34.7241       1433     5.9667     1.9626  0.000e+00
    174.310     8.7128   3.669753    34.7262       1434     5.9708     1.9634  0.000e+00
    174.510     8.7116   3.670043    34.7304       1435     5.9750     1.9644  0.000e+00
    174.713     8.7098   3.670172    34.7334       1436     5.9792     1.9630  0.000e+00
    174.931     8.7078   3.670579    34.7396       1437     5.9833     1.9627  0.000e+00
    175.150     8.7052   3.670579    34.7420       1438     5.9875     1.9632  0.000e+00
    175.380     8.7032   3.670690    34.7451       1439     5.9917     1.9627  0.000e+00
    175.611     8.7017   3.670930    34.7489       1440     5.9958     1.9618  0.000e+00
    175.835     8.6997   3.671066    34.7522       1441     6.0000     1.9632  0.000e+00
    176.058     8.6973   3.671226    34.7561       1442     6.0042     1.9616  0.000e+00
    176.267     8.6948   3.671405    34.7604       1443     6.0083     1.9618  0.000e+00
    176.459     8.6915   3.671454    34.7641       1444     6.0125     1.9626  0.000e+00
    176.630     8.6882   3.671491    34.7676       1445     6.0167     1.9614  0.000e+00
    176.776     8.6852   3.671516    34.7708       1446     6.0208     1.9616  0.000e+00
    176.907     8.6822   3.671516    34.7737       1447     6.0250     1.9618  0.000e+00
    177.006     8.6777   3.671448    34.7773       1448     6.0292     1.9618  0.000e+00
