PC2305/sbe121.cnv
* Sea-Bird SBE 19plus V2 Data File:
* FileName = C:\cruise\data\sbe121.hex
* Software Version Seasave V 7.26.7.121
* Temperature SN = 7142
* Conductivity SN = 7142
* System UpLoad Time = Nov 07 2023 15:29:48
** Cruise: PC2205
** Program: ECOMON
# nquan = 8
# nvalues = 4930                                  
# units = specified
# name 0 = depSM: Depth [salt water, m], lat = 40.00
# name 1 = tv290C: Temperature [ITS-90, deg C]
# name 2 = c0S/m: Conductivity [S/m]
# name 3 = sal00: Salinity, Practical [PSU]
# name 4 = scan: Scan Count
# name 5 = timeM: Time, Elapsed [minutes]
# name 6 = sbeox0V: Oxygen raw, SBE 43 [V]
# name 7 = flag:  0.000e+00
# span 0 =     -0.098,    197.399                 
# span 1 =     7.6392,    12.8027                 
# span 2 =   0.000155,   3.732265                 
# span 3 =     0.0069,    34.8168                 
# span 4 =         11,       4940                 
# span 5 =     0.0417,    20.5792                 
# span 6 =     2.0068,     2.8894                 
# span 7 = 0.0000e+00, 0.0000e+00                 
# interval = seconds: 0.25
# start_time = Nov 07 2023 15:29:48 [System UTC, header]
# bad_flag = -9.990e-29
*END*
[from data line 2697]
    171.967     8.6161   3.654654    34.6629       2708    11.2792     2.0385  0.000e+00
    171.924     8.6164   3.654587    34.6619       2709    11.2833     2.0385  0.000e+00
    171.883     8.6164   3.654587    34.6619       2710    11.2875     2.0379  0.000e+00
    171.838     8.6162   3.654587    34.6621       2711    11.2917     2.0385  0.000e+00
    171.798     8.6164   3.654654    34.6627       2712    11.2958     2.0383  0.000e+00
    171.757     8.6165   3.654673    34.6627       2713    11.3000     2.0379  0.000e+00
    171.721     8.6171   3.654697    34.6624       2714    11.3042     2.0385  0.000e+00
    171.685     8.6174   3.654654    34.6617       2715    11.3083     2.0385  0.000e+00
    171.656     8.6175   3.654630    34.6614       2716    11.3125     2.0373  0.000e+00
    171.622     8.6175   3.654697    34.6621       2717    11.3167     2.0380  0.000e+00
    171.595     8.6175   3.654654    34.6617       2718    11.3208     2.0371  0.000e+00
    171.566     8.6175   3.654593    34.6610       2719    11.3250     2.0363  0.000e+00
    171.534     8.6172   3.654587    34.6613       2720    11.3292     2.0370  0.000e+00
    171.503     8.6169   3.654654    34.6623       2721    11.3333     2.0361  0.000e+00
    171.467     8.6171   3.654630    34.6619       2722    11.3375     2.0367  0.000e+00
    171.417     8.6171   3.654697    34.6626       2723    11.3417     2.0359  0.000e+00
    171.367     8.6176   3.654673    34.6619       2724    11.3458     2.0360  0.000e+00
    171.309     8.6177   3.654654    34.6616       2725    11.3500     2.0357  0.000e+00
    171.235     8.6177   3.654697    34.6621       2726    11.3542     2.0355  0.000e+00
    171.163     8.6180   3.654630    34.6611       2727    11.3583     2.0358  0.000e+00
    171.081     8.6181   3.654543    34.6601       2728    11.3625     2.0361  0.000e+00
    170.993     8.6173   3.654543    34.6610       2729    11.3667     2.0358  0.000e+00
    170.908     8.6169   3.654519    34.6611       2730    11.3708     2.0361  0.000e+00
    170.820     8.6165   3.654549    34.6619       2731    11.3750     2.0366  0.000e+00
    170.746     8.6164   3.654562    34.6622       2732    11.3792     2.0361  0.000e+00
    170.676     8.6165   3.654543    34.6619       2733    11.3833     2.0359  0.000e+00
    170.617     8.6166   3.654519    34.6616       2734    11.3875     2.0364  0.000e+00
    170.568     8.6166   3.654519    34.6616       2735    11.3917     2.0366  0.000e+00
    170.529     8.6163   3.654451    34.6612       2736    11.3958     2.0366  0.000e+00
    170.498     8.6160   3.654365    34.6606       2737    11.4000     2.0366  0.000e+00
    170.489     8.6153   3.654340    34.6610       2738    11.4042     2.0371  0.000e+00
    170.480     8.6149   3.654408    34.6622       2739    11.4083     2.0369  0.000e+00
    170.480     8.6147   3.654426    34.6625       2740    11.4125     2.0373  0.000e+00
    170.480     8.6149   3.654408    34.6621       2741    11.4167     2.0379  0.000e+00
    170.482     8.6149   3.654383    34.6619       2742    11.4208     2.0375  0.000e+00
    170.475     8.6149   3.654383    34.6619       2743    11.4250     2.0372  0.000e+00
    170.482     8.6146   3.654451    34.6629       2744    11.4292     2.0385  0.000e+00
    170.476     8.6147   3.654519    34.6636       2745    11.4333     2.0380  0.000e+00
    170.466     8.6152   3.654562    34.6635       2746    11.4375     2.0392  0.000e+00
    170.444     8.6157   3.654494    34.6623       2747    11.4417     2.0390  0.000e+00
    170.415     8.6159   3.654451    34.6616       2748    11.4458     2.0382  0.000e+00
    170.383     8.6155   3.654629    34.6639       2749    11.4500     2.0383  0.000e+00
    170.340     8.6162   3.654740    34.6645       2750    11.4542     2.0389  0.000e+00
    170.284     8.6173   3.654764    34.6637       2751    11.4583     2.0389  0.000e+00
    170.225     8.6183   3.654807    34.6632       2752    11.4625     2.0389  0.000e+00
    170.162     8.6189   3.654850    34.6631       2753    11.4667     2.0389  0.000e+00
    170.095     8.6196   3.654807    34.6620       2754    11.4708     2.0386  0.000e+00
    170.032     8.6199   3.654887    34.6626       2755    11.4750     2.0385  0.000e+00
    169.968     8.6205   3.654893    34.6620       2756    11.4792     2.0391  0.000e+00
    169.901     8.6209   3.654893    34.6616       2757    11.4833     2.0389  0.000e+00
    169.843     8.6211   3.654918    34.6617       2758    11.4875     2.0398  0.000e+00
    169.779     8.6214   3.654893    34.6613       2759    11.4917     2.0392  0.000e+00
    169.716     8.6213   3.654850    34.6609       2760    11.4958     2.0392  0.000e+00
    169.653     8.6215   3.654826    34.6605       2761    11.5000     2.0386  0.000e+00
    169.593     8.6213   3.654875    34.6612       2762    11.5042     2.0386  0.000e+00
    169.525     8.6213   3.654807    34.6606       2763    11.5083     2.0389  0.000e+00
    169.455     8.6213   3.654850    34.6611       2764    11.5125     2.0385  0.000e+00
    169.379     8.6211   3.654764    34.6603       2765    11.5167     2.0380  0.000e+00
    169.300     8.6208   3.654739    34.6605       2766    11.5208     2.0388  0.000e+00
    169.225     8.6203   3.654721    34.6607       2767    11.5250     2.0379  0.000e+00
    169.137     8.6202   3.654739    34.6611       2768    11.5292     2.0382  0.000e+00
    169.056     8.6200   3.654782    34.6618       2769    11.5333     2.0389  0.000e+00
    168.968     8.6203   3.654807    34.6618       2770    11.5375     2.0383  0.000e+00
    168.881     8.6208   3.654807    34.6613       2771    11.5417     2.0388  0.000e+00
    168.791     8.6213   3.654807    34.6609       2772    11.5458     2.0381  0.000e+00
    168.703     8.6214   3.654825    34.6611       2773    11.5500     2.0383  0.000e+00
    168.619     8.6216   3.654874    34.6614       2774    11.5542     2.0373  0.000e+00
    168.540     8.6218   3.654918    34.6617       2775    11.5583     2.0375  0.000e+00
    168.468     8.6223   3.654917    34.6613       2776    11.5625     2.0379  0.000e+00
    168.408     8.6228   3.654936    34.6610       2777    11.5667     2.0372  0.000e+00
    168.347     8.6231   3.654893    34.6603       2778    11.5708     2.0381  0.000e+00
    168.297     8.6233   3.654887    34.6600       2779    11.5750     2.0376  0.000e+00
    168.259     8.6230   3.654917    34.6607       2780    11.5792     2.0376  0.000e+00
    168.229     8.6228   3.654917    34.6608       2781    11.5833     2.0377  0.000e+00
    168.209     8.6228   3.654960    34.6613       2782    11.5875     2.0378  0.000e+00
    168.200     8.6230   3.654960    34.6611       2783    11.5917     2.0377  0.000e+00
    168.200     8.6233   3.654917    34.6604       2784    11.5958     2.0386  0.000e+00
    168.202     8.6231   3.654893    34.6603       2785    11.6000     2.0383  0.000e+00
    168.209     8.6231   3.654917    34.6605       2786    11.6042     2.0373  0.000e+00
    168.216     8.6230   3.654917    34.6607       2787    11.6083     2.0377  0.000e+00
    168.223     8.6231   3.654936    34.6608       2788    11.6125     2.0364  0.000e+00
    168.223     8.6228   3.654936    34.6610       2789    11.6167     2.0364  0.000e+00
    168.211     8.6228   3.654936    34.6610       2790    11.6208     2.0366  0.000e+00
    168.196     8.6228   3.654911    34.6608       2791    11.6250     2.0359  0.000e+00
    168.171     8.6226   3.654936    34.6613       2792    11.6292     2.0369  0.000e+00
    168.146     8.6226   3.655028    34.6623       2793    11.6333     2.0360  0.000e+00
    168.106     8.6232   3.655046    34.6619       2794    11.6375     2.0361  0.000e+00
    168.067     8.6237   3.654874    34.6596       2795    11.6417     2.0367  0.000e+00
    168.015     8.6233   3.654807    34.6593       2796    11.6458     2.0359  0.000e+00
    167.950     8.6225   3.654874    34.6608       2797    11.6500     2.0372  0.000e+00
    167.890     8.6222   3.654917    34.6616       2798    11.6542     2.0373  0.000e+00
    167.820     8.6225   3.655028    34.6625       2799    11.6583     2.0373  0.000e+00
    167.739     8.6231   3.654764    34.6591       2800    11.6625     2.0372  0.000e+00
    167.646     8.6231   3.654936    34.6611       2801    11.6667     2.0367  0.000e+00
    167.551     8.6229   3.655028    34.6623       2802    11.6708     2.0363  0.000e+00
    167.452     8.6237   3.654911    34.6603       2803    11.6750     2.0350  0.000e+00
    167.347     8.6240   3.655003    34.6610       2804    11.6792     2.0350  0.000e+00
    167.247     8.6240   3.655114    34.6623       2805    11.6833     2.0350  0.000e+00
    167.141     8.6248   3.655114    34.6615       2806    11.6875     2.0345  0.000e+00
    167.034     8.6256   3.655114    34.6608       2807    11.6917     2.0352  0.000e+00
    166.934     8.6261   3.655114    34.6603       2808    11.6958     2.0360  0.000e+00
    166.828     8.6265   3.655114    34.6599       2809    11.7000     2.0365  0.000e+00
    166.729     8.6266   3.655138    34.6602       2810    11.7042     2.0361  0.000e+00
    166.635     8.6268   3.655224    34.6610       2811    11.7083     2.0364  0.000e+00
    166.551     8.6275   3.655224    34.6603       2812    11.7125     2.0376  0.000e+00
    166.477     8.6281   3.655206    34.6595       2813    11.7167     2.0379  0.000e+00
    166.410     8.6285   3.655292    34.6601       2814    11.7208     2.0383  0.000e+00
    166.346     8.6294   3.655335    34.6597       2815    11.7250     2.0379  0.000e+00
    166.292     8.6306   3.655384    34.6591       2816    11.7292     2.0373  0.000e+00
    166.245     8.6314   3.655445    34.6589       2817    11.7333     2.0378  0.000e+00
    166.198     8.6325   3.655427    34.6577       2818    11.7375     2.0386  0.000e+00
    166.162     8.6341   3.655359    34.6555       2819    11.7417     2.0375  0.000e+00
    166.132     8.6353   3.655402    34.6547       2820    11.7458     2.0377  0.000e+00
    166.103     8.6364   3.655359    34.6532       2821    11.7500     2.0384  0.000e+00
    166.076     8.6369   3.655335    34.6525       2822    11.7542     2.0384  0.000e+00
    166.051     8.6375   3.655273    34.6512       2823    11.7583     2.0385  0.000e+00
    166.024     8.6379   3.655248    34.6506       2824    11.7625     2.0393  0.000e+00
    166.000     8.6384   3.655181    34.6494       2825    11.7667     2.0387  0.000e+00
    165.975     8.6388   3.655138    34.6486       2826    11.7708     2.0396  0.000e+00
    165.948     8.6393   3.655144    34.6482       2827    11.7750     2.0392  0.000e+00
    165.921     8.6397   3.655095    34.6473       2828    11.7792     2.0389  0.000e+00
    165.887     8.6399   3.655070    34.6469       2829    11.7833     2.0396  0.000e+00
    165.846     8.6405   3.655070    34.6462       2830    11.7875     2.0399  0.000e+00
    165.803     8.6407   3.655138    34.6468       2831    11.7917     2.0407  0.000e+00
    165.750     8.6411   3.655181    34.6469       2832    11.7958     2.0400  0.000e+00
    165.697     8.6413   3.655273    34.6477       2833    11.8000     2.0399  0.000e+00
    165.634     8.6415   3.655316    34.6479       2834    11.8042     2.0394  0.000e+00
    165.569     8.6414   3.655224    34.6472       2835    11.8083     2.0389  0.000e+00
    165.497     8.6417   3.655070    34.6453       2836    11.8125     2.0397  0.000e+00
    165.416     8.6422   3.654805    34.6420       2837    11.8167     2.0398  0.000e+00
    165.337     8.6436   3.654627    34.6388       2838    11.8208     2.0396  0.000e+00
    165.252     8.6461   3.654572    34.6358       2839    11.8250     2.0407  0.000e+00
    165.168     8.6481   3.654559    34.6337       2840    11.8292     2.0393  0.000e+00
    165.080     8.6505   3.654559    34.6315       2841    11.8333     2.0401  0.000e+00
    164.995     8.6528   3.654424    34.6278       2842    11.8375     2.0403  0.000e+00
    164.918     8.6551   3.654295    34.6243       2843    11.8417     2.0398  0.000e+00
    164.844     8.6569   3.654227    34.6218       2844    11.8458     2.0395  0.000e+00
    164.776     8.6581   3.654227    34.6206       2845    11.8500     2.0395  0.000e+00
    164.713     8.6588   3.654227    34.6200       2846    11.8542     2.0409  0.000e+00
    164.659     8.6592   3.654227    34.6197       2847    11.8583     2.0415  0.000e+00
    164.607     8.6592   3.654184    34.6193       2848    11.8625     2.0424  0.000e+00
    164.560     8.6595   3.654184    34.6189       2849    11.8667     2.0425  0.000e+00
    164.511     8.6596   3.654184    34.6189       2850    11.8708     2.0434  0.000e+00
    164.465     8.6595   3.654202    34.6192       2851    11.8750     2.0442  0.000e+00
    164.413     8.6595   3.654190    34.6190       2852    11.8792     2.0441  0.000e+00
    164.364     8.6597   3.654159    34.6186       2853    11.8833     2.0447  0.000e+00
    164.310     8.6598   3.654141    34.6183       2854    11.8875     2.0449  0.000e+00
    164.247     8.6598   3.654159    34.6186       2855    11.8917     2.0463  0.000e+00
    164.184     8.6598   3.654159    34.6186       2856    11.8958     2.0455  0.000e+00
    164.121     8.6598   3.654006    34.6170       2857    11.9000     2.0451  0.000e+00
    164.055     8.6599   3.653913    34.6159       2858    11.9042     2.0451  0.000e+00
    163.986     8.6602   3.653760    34.6141       2859    11.9083     2.0461  0.000e+00
    163.914     8.6605   3.653649    34.6126       2860    11.9125     2.0447  0.000e+00
    163.848     8.6611   3.653538    34.6109       2861    11.9167     2.0450  0.000e+00
    163.780     8.6615   3.653471    34.6099       2862    11.9208     2.0445  0.000e+00
    163.711     8.6619   3.653428    34.6091       2863    11.9250     2.0450  0.000e+00
    163.641     8.6620   3.653317    34.6078       2864    11.9292     2.0454  0.000e+00
    163.571     8.6624   3.653010    34.6042       2865    11.9333     2.0451  0.000e+00
    163.503     8.6628   3.652788    34.6015       2866    11.9375     2.0462  0.000e+00
    163.427     8.6636   3.652721    34.6001       2867    11.9417     2.0458  0.000e+00
    163.352     8.6639   3.652788    34.6005       2868    11.9458     2.0460  0.000e+00
    163.285     8.6643   3.652831    34.6006       2869    11.9500     2.0458  0.000e+00
    163.211     8.6644   3.652518    34.5972       2870    11.9542     2.0458  0.000e+00
    163.136     8.6647   3.652321    34.5948       2871    11.9583     2.0465  0.000e+00
    163.064     8.6654   3.652143    34.5923       2872    11.9625     2.0488  0.000e+00
    162.986     8.6663   3.652118    34.5912       2873    11.9667     2.0463  0.000e+00
    162.913     8.6670   3.652075    34.5901       2874    11.9708     2.0488  0.000e+00
    162.837     8.6672   3.652143    34.5907       2875    11.9750     2.0493  0.000e+00
    162.763     8.6676   3.652100    34.5899       2876    11.9792     2.0484  0.000e+00
    162.697     8.6676   3.652032    34.5892       2877    11.9833     2.0506  0.000e+00
    162.621     8.6678   3.652069    34.5895       2878    11.9875     2.0506  0.000e+00
    162.542     8.6678   3.651940    34.5881       2879    11.9917     2.0510  0.000e+00
    162.467     8.6681   3.651829    34.5866       2880    11.9958     2.0516  0.000e+00
    162.386     8.6684   3.651786    34.5860       2881    12.0000     2.0511  0.000e+00
    162.308     8.6689   3.651700    34.5846       2882    12.0042     2.0514  0.000e+00
    162.229     8.6690   3.651589    34.5834       2883    12.0083     2.0513  0.000e+00
    162.157     8.6693   3.651632    34.5836       2884    12.0125     2.0522  0.000e+00
    162.086     8.6694   3.651608    34.5833       2885    12.0167     2.0517  0.000e+00
    162.015     8.6695   3.651632    34.5835       2886    12.0208     2.0516  0.000e+00
