PC2305/sbe102.cnv
* Sea-Bird SBE 19plus V2 Data File:
* FileName = C:\cruise\data\sbe102.hex
* Software Version Seasave V 7.26.7.121
* Temperature SN = 7142
* Conductivity SN = 7142
* System UpLoad Time = Nov 05 2023 22:07:15
** Cruise: PC2205
** Program: ECOMON
# nquan = 8
# nvalues = 1484                                  
# units = specified
# name 0 = depSM: Depth [salt water, m], lat = 40.00
# name 1 = tv290C: Temperature [ITS-90, deg C]
# name 2 = c0S/m: Conductivity [S/m]
# name 3 = sal00: Salinity, Practical [PSU]
# name 4 = scan: Scan Count
# name 5 = timeM: Time, Elapsed [minutes]
# name 6 = sbeox0V: Oxygen raw, SBE 43 [V]
# name 7 = flag:  0.000e+00
# span 0 =     -0.062,     57.973                 
# span 1 =    12.6942,    13.8576                 
# span 2 =   0.000211,   3.851288                 
# span 3 =     0.0075,    32.1370                 
# span 4 =         11,       1494                 
# span 5 =     0.0417,     6.2208                 
# span 6 =     2.4469,     3.0264                 
# span 7 = 0.0000e+00, 0.0000e+00                 
# interval = seconds: 0.25
# start_time = Nov 05 2023 22:07:15 [System UTC, header]
# bad_flag = -9.990e-29
*END*
[from data line 360]
     28.161    12.7491   3.769234    32.0984        371     1.5417     2.6758  0.000e+00
     28.299    12.7491   3.769203    32.0980        372     1.5458     2.6739  0.000e+00
     28.432    12.7488   3.769128    32.0975        373     1.5500     2.6736  0.000e+00
     28.574    12.7483   3.769222    32.0988        374     1.5542     2.6735  0.000e+00
     28.723    12.7484   3.769178    32.0982        375     1.5583     2.6722  0.000e+00
     28.871    12.7481   3.769147    32.0981        376     1.5625     2.6696  0.000e+00
     29.022    12.7481   3.769222    32.0987        377     1.5667     2.6699  0.000e+00
     29.171    12.7486   3.769154    32.0976        378     1.5708     2.6686  0.000e+00
     29.318    12.7487   3.769147    32.0974        379     1.5750     2.6681  0.000e+00
     29.475    12.7483   3.769042    32.0967        380     1.5792     2.6679  0.000e+00
     29.629    12.7480   3.768886    32.0954        381     1.5833     2.6670  0.000e+00
     29.789    12.7464   3.768513    32.0931        382     1.5875     2.6675  0.000e+00
     29.949    12.7438   3.768444    32.0946        383     1.5917     2.6640  0.000e+00
     30.109    12.7413   3.768382    32.0962        384     1.5958     2.6683  0.000e+00
     30.262    12.7393   3.768146    32.0955        385     1.6000     2.6623  0.000e+00
     30.411    12.7373   3.768003    32.0958        386     1.6042     2.6640  0.000e+00
     30.560    12.7350   3.768115    32.0987        387     1.6083     2.6620  0.000e+00
     30.698    12.7342   3.768003    32.0983        388     1.6125     2.6625  0.000e+00
     30.826    12.7332   3.767636    32.0956        389     1.6167     2.6621  0.000e+00
     30.948    12.7310   3.767175    32.0931        390     1.6208     2.6626  0.000e+00
     31.058    12.7272   3.766945    32.0941        391     1.6250     2.6627  0.000e+00
     31.168    12.7230   3.766858    32.0968        392     1.6292     2.6626  0.000e+00
     31.266    12.7198   3.766734    32.0983        393     1.6333     2.6622  0.000e+00
     31.367    12.7176   3.766628    32.0992        394     1.6375     2.6627  0.000e+00
     31.462    12.7158   3.766690    32.1012        395     1.6417     2.6609  0.000e+00
     31.565    12.7146   3.766628    32.1016        396     1.6458     2.6617  0.000e+00
     31.669    12.7141   3.766578    32.1015        397     1.6500     2.6632  0.000e+00
     31.780    12.7136   3.766603    32.1022        398     1.6542     2.6573  0.000e+00
     31.903    12.7131   3.766647    32.1029        399     1.6583     2.6578  0.000e+00
     32.032    12.7133   3.766722    32.1034        400     1.6625     2.6539  0.000e+00
     32.172    12.7136   3.766759    32.1034        401     1.6667     2.6530  0.000e+00
     32.318    12.7141   3.766859    32.1039        402     1.6708     2.6520  0.000e+00
     32.478    12.7147   3.766877    32.1035        403     1.6750     2.6514  0.000e+00
     32.638    12.7155   3.767151    32.1054        404     1.6792     2.6509  0.000e+00
     32.808    12.7171   3.767089    32.1034        405     1.6833     2.6496  0.000e+00
     32.981    12.7181   3.766908    32.1008        406     1.6875     2.6485  0.000e+00
     33.153    12.7180   3.766834    32.1000        407     1.6917     2.6491  0.000e+00
     33.331    12.7171   3.766722    32.0997        408     1.6958     2.6493  0.000e+00
     33.502    12.7158   3.766672    32.1003        409     1.7000     2.6497  0.000e+00
     33.662    12.7147   3.766722    32.1016        410     1.7042     2.6501  0.000e+00
     33.826    12.7144   3.766741    32.1020        411     1.7083     2.6500  0.000e+00
     33.975    12.7141   3.766716    32.1019        412     1.7125     2.6511  0.000e+00
     34.119    12.7139   3.766697    32.1019        413     1.7167     2.6516  0.000e+00
     34.252    12.7136   3.766648    32.1015        414     1.7208     2.6514  0.000e+00
     34.377    12.7133   3.766517    32.1006        415     1.7250     2.6514  0.000e+00
     34.501    12.7126   3.766417    32.1002        416     1.7292     2.6508  0.000e+00
     34.627    12.7114   3.766399    32.1009        417     1.7333     2.6524  0.000e+00
     34.757    12.7105   3.766430    32.1020        418     1.7375     2.6512  0.000e+00
     34.884    12.7101   3.766418    32.1021        419     1.7417     2.6517  0.000e+00
     35.023    12.7097   3.766405    32.1023        420     1.7458     2.6518  0.000e+00
     35.159    12.7096   3.766374    32.1020        421     1.7500     2.6507  0.000e+00
     35.299    12.7092   3.766331    32.1019        422     1.7542     2.6509  0.000e+00
     35.454    12.7088   3.766405    32.1029        423     1.7583     2.6514  0.000e+00
     35.605    12.7087   3.766418    32.1030        424     1.7625     2.6523  0.000e+00
     35.759    12.7088   3.766511    32.1037        425     1.7667     2.6507  0.000e+00
     35.916    12.7094   3.766406    32.1022        426     1.7708     2.6516  0.000e+00
     36.065    12.7093   3.766375    32.1019        427     1.7750     2.6516  0.000e+00
     36.212    12.7090   3.766331    32.1017        428     1.7792     2.6511  0.000e+00
     36.354    12.7087   3.766256    32.1012        429     1.7833     2.6508  0.000e+00
     36.491    12.7078   3.766238    32.1017        430     1.7875     2.6514  0.000e+00
     36.620    12.7072   3.766213    32.1019        431     1.7917     2.6519  0.000e+00
     36.743    12.7067   3.766232    32.1025        432     1.7958     2.6520  0.000e+00
     36.868    12.7063   3.766263    32.1030        433     1.8000     2.6511  0.000e+00
     36.996    12.7063   3.766232    32.1028        434     1.8042     2.6514  0.000e+00
     37.122    12.7064   3.766195    32.1022        435     1.8083     2.6500  0.000e+00
     37.257    12.7062   3.766213    32.1025        436     1.8125     2.6485  0.000e+00
     37.384    12.7060   3.766213    32.1027        437     1.8167     2.6483  0.000e+00
     37.524    12.7059   3.766170    32.1023        438     1.8208     2.6478  0.000e+00
     37.665    12.7057   3.766145    32.1022        439     1.8250     2.6472  0.000e+00
     37.801    12.7054   3.766164    32.1025        440     1.8292     2.6480  0.000e+00
     37.947    12.7053   3.766195    32.1028        441     1.8333     2.6484  0.000e+00
     38.091    12.7053   3.766214    32.1029        442     1.8375     2.6491  0.000e+00
     38.231    12.7055   3.766164    32.1023        443     1.8417     2.6490  0.000e+00
     38.376    12.7053   3.766145    32.1022        444     1.8458     2.6493  0.000e+00
     38.516    12.7048   3.766077    32.1019        445     1.8500     2.6490  0.000e+00
     38.662    12.7044   3.766102    32.1024        446     1.8542     2.6488  0.000e+00
     38.811    12.7041   3.766077    32.1024        447     1.8583     2.6491  0.000e+00
     38.964    12.7040   3.766077    32.1024        448     1.8625     2.6494  0.000e+00
     39.113    12.7038   3.766102    32.1028        449     1.8667     2.6491  0.000e+00
     39.257    12.7037   3.766121    32.1030        450     1.8708     2.6491  0.000e+00
     39.406    12.7037   3.766077    32.1025        451     1.8750     2.6488  0.000e+00
     39.554    12.7037   3.766052    32.1022        452     1.8792     2.6498  0.000e+00
     39.703    12.7035   3.766077    32.1026        453     1.8833     2.6491  0.000e+00
     39.852    12.7033   3.766146    32.1033        454     1.8875     2.6485  0.000e+00
     40.003    12.7036   3.766264    32.1042        455     1.8917     2.6488  0.000e+00
     40.148    12.7041   3.766264    32.1037        456     1.8958     2.6485  0.000e+00
     40.296    12.7043   3.766258    32.1033        457     1.9000     2.6474  0.000e+00
     40.447    12.7048   3.766264    32.1030        458     1.9042     2.6471  0.000e+00
     40.600    12.7049   3.766264    32.1028        459     1.9083     2.6472  0.000e+00
     40.756    12.7049   3.766233    32.1024        460     1.9125     2.6478  0.000e+00
     40.907    12.7046   3.766239    32.1027        461     1.9167     2.6467  0.000e+00
     41.058    12.7046   3.766233    32.1025        462     1.9208     2.6477  0.000e+00
     41.205    12.7046   3.766196    32.1022        463     1.9250     2.6457  0.000e+00
     41.363    12.7043   3.766196    32.1024        464     1.9292     2.6456  0.000e+00
     41.516    12.7041   3.766233    32.1028        465     1.9333     2.6462  0.000e+00
     41.667    12.7040   3.766265    32.1031        466     1.9375     2.6460  0.000e+00
     41.820    12.7043   3.766265    32.1028        467     1.9417     2.6457  0.000e+00
     41.967    12.7042   3.766234    32.1025        468     1.9458     2.6461  0.000e+00
     42.111    12.7041   3.766265    32.1028        469     1.9500     2.6476  0.000e+00
     42.257    12.7043   3.766284    32.1028        470     1.9542     2.6473  0.000e+00
     42.408    12.7042   3.766346    32.1034        471     1.9583     2.6472  0.000e+00
     42.548    12.7044   3.766333    32.1031        472     1.9625     2.6479  0.000e+00
     42.679    12.7046   3.766309    32.1026        473     1.9667     2.6470  0.000e+00
     42.817    12.7048   3.766302    32.1024        474     1.9708     2.6458  0.000e+00
     42.945    12.7046   3.766240    32.1018        475     1.9750     2.6460  0.000e+00
     43.073    12.7041   3.766259    32.1024        476     1.9792     2.6457  0.000e+00
     43.206    12.7040   3.766240    32.1023        477     1.9833     2.6462  0.000e+00
     43.326    12.7038   3.766265    32.1027        478     1.9875     2.6463  0.000e+00
     43.457    12.7036   3.766278    32.1029        479     1.9917     2.6459  0.000e+00
     43.578    12.7037   3.766284    32.1028        480     1.9958     2.6453  0.000e+00
     43.705    12.7037   3.766197    32.1019        481     2.0000     2.6451  0.000e+00
     43.840    12.7033   3.766166    32.1019        482     2.0042     2.6463  0.000e+00
     43.982    12.7028   3.766054    32.1012        483     2.0083     2.6454  0.000e+00
     44.128    12.7023   3.766216    32.1031        484     2.0125     2.6463  0.000e+00
     44.277    12.7021   3.766259    32.1037        485     2.0167     2.6461  0.000e+00
     44.430    12.7025   3.766284    32.1035        486     2.0208     2.6469  0.000e+00
     44.591    12.7028   3.766303    32.1034        487     2.0250     2.6479  0.000e+00
     44.762    12.7031   3.766284    32.1028        488     2.0292     2.6476  0.000e+00
     44.938    12.7032   3.766266    32.1025        489     2.0333     2.6482  0.000e+00
     45.116    12.7032   3.766260    32.1024        490     2.0375     2.6470  0.000e+00
     45.300    12.7029   3.766241    32.1024        491     2.0417     2.6459  0.000e+00
     45.476    12.7028   3.766266    32.1026        492     2.0458     2.6447  0.000e+00
     45.652    12.7026   3.766260    32.1026        493     2.0500     2.6443  0.000e+00
     45.826    12.7024   3.766241    32.1026        494     2.0542     2.6451  0.000e+00
     45.995    12.7026   3.766266    32.1026        495     2.0583     2.6437  0.000e+00
     46.155    12.7024   3.766260    32.1026        496     2.0625     2.6427  0.000e+00
     46.315    12.7023   3.766266    32.1027        497     2.0667     2.6423  0.000e+00
     46.461    12.7022   3.766266    32.1027        498     2.0708     2.6413  0.000e+00
     46.599    12.7023   3.766217    32.1021        499     2.0750     2.6410  0.000e+00
     46.734    12.7021   3.766148    32.1016        500     2.0792     2.6410  0.000e+00
     46.865    12.7014   3.766018    32.1009        501     2.0833     2.6414  0.000e+00
     46.994    12.7003   3.765968    32.1013        502     2.0875     2.6427  0.000e+00
     47.127    12.6993   3.765943    32.1018        503     2.0917     2.6440  0.000e+00
     47.253    12.6985   3.765906    32.1022        504     2.0958     2.6418  0.000e+00
     47.377    12.6980   3.765943    32.1029        505     2.1000     2.6404  0.000e+00
     47.512    12.6976   3.765918    32.1029        506     2.1042     2.6415  0.000e+00
     47.650    12.6976   3.765950    32.1031        507     2.1083     2.6408  0.000e+00
     47.787    12.6974   3.765943    32.1032        508     2.1125     2.6401  0.000e+00
     47.933    12.6973   3.765943    32.1033        509     2.1167     2.6405  0.000e+00
     48.082    12.6973   3.765975    32.1035        510     2.1208     2.6411  0.000e+00
     48.233    12.6974   3.765944    32.1030        511     2.1250     2.6423  0.000e+00
     48.387    12.6974   3.765968    32.1032        512     2.1292     2.6423  0.000e+00
     48.546    12.6973   3.765950    32.1031        513     2.1333     2.6428  0.000e+00
     48.704    12.6970   3.765919    32.1029        514     2.1375     2.6444  0.000e+00
     48.849    12.6968   3.765931    32.1032        515     2.1417     2.6447  0.000e+00
     48.989    12.6968   3.765919    32.1030        516     2.1458     2.6452  0.000e+00
     49.126    12.6966   3.765894    32.1029        517     2.1500     2.6462  0.000e+00
     49.257    12.6964   3.765888    32.1029        518     2.1542     2.6450  0.000e+00
     49.380    12.6963   3.765894    32.1031        519     2.1583     2.6452  0.000e+00
     49.500    12.6962   3.765969    32.1038        520     2.1625     2.6451  0.000e+00
     49.615    12.6963   3.765994    32.1039        521     2.1667     2.6443  0.000e+00
     49.723    12.6965   3.766013    32.1038        522     2.1708     2.6447  0.000e+00
     49.843    12.6968   3.766037    32.1038        523     2.1750     2.6447  0.000e+00
     49.964    12.6970   3.766037    32.1036        524     2.1792     2.6448  0.000e+00
     50.088    12.6971   3.766056    32.1036        525     2.1833     2.6439  0.000e+00
     50.224    12.6970   3.766038    32.1034        526     2.1875     2.6432  0.000e+00
     50.361    12.6974   3.766081    32.1035        527     2.1917     2.6428  0.000e+00
     50.501    12.6975   3.766106    32.1035        528     2.1958     2.6414  0.000e+00
     50.663    12.6977   3.766063    32.1029        529     2.2000     2.6410  0.000e+00
     50.834    12.6975   3.766038    32.1028        530     2.2042     2.6401  0.000e+00
     51.010    12.6972   3.766038    32.1030        531     2.2083     2.6386  0.000e+00
     51.197    12.6971   3.766038    32.1030        532     2.2125     2.6398  0.000e+00
     51.384    12.6968   3.766038    32.1032        533     2.2167     2.6401  0.000e+00
     51.569    12.6968   3.766082    32.1035        534     2.2208     2.6414  0.000e+00
     51.756    12.6969   3.766082    32.1034        535     2.2250     2.6415  0.000e+00
     51.948    12.6968   3.766082    32.1033        536     2.2292     2.6427  0.000e+00
     52.137    12.6970   3.766107    32.1033        537     2.2333     2.6435  0.000e+00
     52.320    12.6970   3.766125    32.1035        538     2.2375     2.6437  0.000e+00
     52.505    12.6970   3.766107    32.1032        539     2.2417     2.6433  0.000e+00
     52.687    12.6970   3.766126    32.1033        540     2.2458     2.6422  0.000e+00
     52.854    12.6971   3.766126    32.1031        541     2.2500     2.6424  0.000e+00
     53.017    12.6968   3.766151    32.1036        542     2.2542     2.6421  0.000e+00
     53.181    12.6970   3.766151    32.1034        543     2.2583     2.6421  0.000e+00
     53.348    12.6970   3.766151    32.1033        544     2.2625     2.6416  0.000e+00
     53.501    12.6972   3.766151    32.1031        545     2.2667     2.6419  0.000e+00
     53.654    12.6972   3.766170    32.1032        546     2.2708     2.6424  0.000e+00
     53.803    12.6971   3.766126    32.1028        547     2.2750     2.6414  0.000e+00
     53.950    12.6971   3.766201    32.1034        548     2.2792     2.6413  0.000e+00
     54.099    12.6971   3.766195    32.1033        549     2.2833     2.6420  0.000e+00
