PC2305/sbe124.cnv
* Sea-Bird SBE 19plus V2 Data File:
* FileName = C:\cruise\data\sbe124.hex
* Software Version Seasave V 7.26.7.121
* Temperature SN = 7142
* Conductivity SN = 7142
* System UpLoad Time = Nov 08 2023 00:58:01
** Cruise: PC2205
** Program: ECOMON
# nquan = 8
# nvalues = 3781                                  
# units = specified
# name 0 = depSM: Depth [salt water, m], lat = 40.00
# name 1 = tv290C: Temperature [ITS-90, deg C]
# name 2 = c0S/m: Conductivity [S/m]
# name 3 = sal00: Salinity, Practical [PSU]
# name 4 = scan: Scan Count
# name 5 = timeM: Time, Elapsed [minutes]
# name 6 = sbeox0V: Oxygen raw, SBE 43 [V]
# name 7 = flag:  0.000e+00
# span 0 =     -0.179,    204.104                 
# span 1 =     7.6328,    13.1541                 
# span 2 =   0.000228,   3.748781                 
# span 3 =     0.0073,    34.8407                 
# span 4 =         11,       3791                 
# span 5 =     0.0417,    15.7917                 
# span 6 =     1.9233,     2.8544                 
# span 7 = 0.0000e+00, 0.0000e+00                 
# interval = seconds: 0.25
# start_time = Nov 08 2023 00:58:01 [System UTC, header]
# bad_flag = -9.990e-29
*END*
[from data line 360]
     44.095    10.0730   3.584997    32.6312        371     1.5417     2.3048  0.000e+00
     44.280    10.0501   3.583222    32.6339        372     1.5458     2.3034  0.000e+00
     44.476    10.0212   3.581728    32.6448        373     1.5500     2.3026  0.000e+00
     44.686     9.9938   3.578198    32.6336        374     1.5542     2.3009  0.000e+00
     44.911     9.9617   3.567014    32.5491        375     1.5583     2.3003  0.000e+00
     45.137     9.8966   3.562425    32.5611        376     1.5625     2.2968  0.000e+00
     45.364     9.8224   3.560856    32.6121        377     1.5667     2.2937  0.000e+00
     45.597     9.7674   3.558600    32.6388        378     1.5708     2.2900  0.000e+00
     45.826     9.7263   3.556599    32.6557        379     1.5750     2.2872  0.000e+00
     46.045     9.6923   3.555116    32.6712        380     1.5792     2.2848  0.000e+00
     46.257     9.6642   3.553062    32.6757        381     1.5833     2.2782  0.000e+00
     46.464     9.6389   3.550509    32.6725        382     1.5875     2.2728  0.000e+00
     46.650     9.6106   3.548170    32.6742        383     1.5917     2.2689  0.000e+00
     46.818     9.5817   3.547788    32.6966        384     1.5958     2.2633  0.000e+00
     46.969     9.5611   3.544702    32.6837        385     1.6000     2.2591  0.000e+00
     47.111     9.5360   3.542250    32.6813        386     1.6042     2.2549  0.000e+00
     47.236     9.5070   3.540046    32.6850        387     1.6083     2.2514  0.000e+00
     47.355     9.4780   3.539252    32.7033        388     1.6125     2.2474  0.000e+00
     47.475     9.4549   3.536903    32.7002        389     1.6167     2.2439  0.000e+00
     47.598     9.4319   3.534792    32.6995        390     1.6208     2.2397  0.000e+00
     47.731     9.4055   3.532409    32.6990        391     1.6250     2.2368  0.000e+00
     47.882     9.3765   3.532494    32.7263        392     1.6292     2.2334  0.000e+00
     48.036     9.3581   3.532367    32.7418        393     1.6333     2.2294  0.000e+00
     48.200     9.3484   3.531833    32.7451        394     1.6375     2.2265  0.000e+00
     48.376     9.3405   3.529918    32.7325        395     1.6417     2.2249  0.000e+00
     48.559     9.3281   3.526311    32.7066        396     1.6458     2.2231  0.000e+00
     48.762     9.3023   3.522960    32.6956        397     1.6500     2.2201  0.000e+00
     48.973     9.2688   3.519121    32.6865        398     1.6542     2.2146  0.000e+00
     49.196     9.2289   3.517105    32.7021        399     1.6583     2.2152  0.000e+00
     49.422     9.1914   3.515544    32.7203        400     1.6625     2.2130  0.000e+00
     49.654     9.1605   3.513420    32.7266        401     1.6667     2.2092  0.000e+00
     49.886     9.1322   3.511369    32.7312        402     1.6708     2.2071  0.000e+00
     50.112     9.1052   3.509615    32.7377        403     1.6750     2.2052  0.000e+00
     50.337     9.0803   3.508472    32.7486        404     1.6792     2.2024  0.000e+00
     50.547     9.0581   3.507607    32.7600        405     1.6833     2.1998  0.000e+00
     50.745     9.0395   3.507414    32.7751        406     1.6875     2.1966  0.000e+00
     50.923     9.0278   3.506749    32.7789        407     1.6917     2.1931  0.000e+00
     51.088     9.0180   3.504923    32.7688        408     1.6958     2.1917  0.000e+00
     51.234     9.0052   3.504524    32.7764        409     1.7000     2.1895  0.000e+00
     51.356     8.9922   3.501810    32.7601        410     1.7042     2.1858  0.000e+00
     51.471     8.9729   3.495123    32.7083        411     1.7083     2.1837  0.000e+00
     51.581     8.9340   3.493819    32.7305        412     1.7125     2.1804  0.000e+00
     51.696     8.8961   3.493185    32.7588        413     1.7167     2.1771  0.000e+00
     51.807     8.8712   3.491465    32.7638        414     1.7208     2.1746  0.000e+00
     51.933     8.8507   3.490391    32.7715        415     1.7250     2.1722  0.000e+00
     52.068     8.8345   3.489413    32.7762        416     1.7292     2.1701  0.000e+00
     52.206     8.8191   3.488611    32.7820        417     1.7333     2.1676  0.000e+00
     52.357     8.8071   3.488188    32.7886        418     1.7375     2.1659  0.000e+00
     52.521     8.7968   3.486988    32.7856        419     1.7417     2.1637  0.000e+00
     52.697     8.7868   3.486071    32.7852        420     1.7458     2.1614  0.000e+00
     52.880     8.7756   3.484243    32.7764        421     1.7500     2.1611  0.000e+00
     53.076     8.7619   3.484123    32.7876        422     1.7542     2.1575  0.000e+00
     53.281     8.7510   3.482296    32.7786        423     1.7583     2.1565  0.000e+00
     53.491     8.7380   3.480662    32.7734        424     1.7625     2.1545  0.000e+00
     53.707     8.7217   3.478805    32.7689        425     1.7667     2.1527  0.000e+00
     53.925     8.7032   3.477588    32.7732        426     1.7708     2.1503  0.000e+00
     54.142     8.6862   3.475913    32.7713        427     1.7750     2.1483  0.000e+00
     54.347     8.6686   3.474919    32.7772        428     1.7792     2.1470  0.000e+00
     54.550     8.6522   3.473780    32.7803        429     1.7833     2.1445  0.000e+00
     54.741     8.6385   3.472841    32.7831        430     1.7875     2.1430  0.000e+00
     54.920     8.6256   3.471956    32.7857        431     1.7917     2.1412  0.000e+00
     55.098     8.6146   3.470065    32.7760        432     1.7958     2.1411  0.000e+00
     55.267     8.6002   3.466856    32.7556        433     1.8000     2.1395  0.000e+00
     55.422     8.5781   3.466435    32.7715        434     1.8042     2.1376  0.000e+00
     55.569     8.5581   3.463396    32.7582        435     1.8083     2.1359  0.000e+00
     55.715     8.5364   3.457874    32.7202        436     1.8125     2.1343  0.000e+00
     55.862     8.5001   3.455872    32.7327        437     1.8167     2.1334  0.000e+00
     56.010     8.4628   3.453510    32.7425        438     1.8208     2.1314  0.000e+00
     56.161     8.4322   3.453462    32.7703        439     1.8250     2.1294  0.000e+00
     56.313     8.4127   3.455236    32.8070        440     1.8292     2.1276  0.000e+00
     56.473     8.4081   3.455248    32.8114        441     1.8333     2.1264  0.000e+00
     56.649     8.4094   3.453751    32.7944        442     1.8375     2.1242  0.000e+00
     56.833     8.4054   3.452663    32.7865        443     1.8417     2.1230  0.000e+00
     57.030     8.3962   3.450951    32.7769        444     1.8458     2.1214  0.000e+00
     57.235     8.3832   3.450050    32.7794        445     1.8500     2.1190  0.000e+00
     57.447     8.3693   3.449131    32.7826        446     1.8542     2.1173  0.000e+00
     57.672     8.3567   3.448734    32.7899        447     1.8583     2.1153  0.000e+00
     57.900     8.3467   3.448488    32.7966        448     1.8625     2.1141  0.000e+00
     58.138     8.3393   3.448218    32.8005        449     1.8667     2.1120  0.000e+00
     58.371     8.3333   3.448158    32.8054        450     1.8708     2.1115  0.000e+00
     58.601     8.3290   3.448279    32.8106        451     1.8750     2.1110  0.000e+00
     58.821     8.3267   3.448375    32.8136        452     1.8792     2.1099  0.000e+00
     59.036     8.3259   3.448074    32.8111        453     1.8833     2.1092  0.000e+00
     59.243     8.3242   3.448093    32.8128        454     1.8875     2.1078  0.000e+00
     59.435     8.3221   3.448447    32.8184        455     1.8917     2.1086  0.000e+00
     59.628     8.3226   3.448075    32.8139        456     1.8958     2.1068  0.000e+00
     59.811     8.3222   3.447744    32.8107        457     1.9000     2.1060  0.000e+00
     59.985     8.3196   3.447787    32.8135        458     1.9042     2.1042  0.000e+00
     60.158     8.3174   3.447528    32.8127        459     1.9083     2.1049  0.000e+00
     60.331     8.3152   3.447330    32.8126        460     1.9125     2.1039  0.000e+00
     60.505     8.3124   3.447204    32.8138        461     1.9167     2.1045  0.000e+00
     60.686     8.3103   3.446976    32.8133        462     1.9208     2.1022  0.000e+00
     60.866     8.3077   3.446916    32.8150        463     1.9250     2.1058  0.000e+00
     61.055     8.3051   3.446772    32.8158        464     1.9292     2.1035  0.000e+00
     61.242     8.3031   3.446856    32.8185        465     1.9333     2.1018  0.000e+00
     61.441     8.3019   3.446550    32.8163        466     1.9375     2.1018  0.000e+00
     61.645     8.3000   3.446316    32.8154        467     1.9417     2.1012  0.000e+00
     61.857     8.2973   3.446400    32.8188        468     1.9458     2.0988  0.000e+00
     62.074     8.2948   3.446418    32.8212        469     1.9500     2.1009  0.000e+00
     62.295     8.2929   3.446226    32.8208        470     1.9542     2.1009  0.000e+00
     62.520     8.2894   3.446172    32.8235        471     1.9583     2.0994  0.000e+00
     62.743     8.2854   3.446274    32.8282        472     1.9625     2.0986  0.000e+00
     62.967     8.2822   3.446358    32.8319        473     1.9667     2.0971  0.000e+00
     63.181     8.2796   3.446377    32.8344        474     1.9708     2.0976  0.000e+00
     63.386     8.2776   3.446575    32.8383        475     1.9750     2.0963  0.000e+00
     63.573     8.2768   3.446629    32.8395        476     1.9792     2.0964  0.000e+00
     63.755     8.2764   3.446551    32.8390        477     1.9833     2.0958  0.000e+00
     63.922     8.2756   3.446401    32.8381        478     1.9875     2.0958  0.000e+00
     64.077     8.2736   3.446161    32.8373        479     1.9917     2.0968  0.000e+00
     64.217     8.2702   3.446005    32.8388        480     1.9958     2.0968  0.000e+00
     64.362     8.2663   3.446317    32.8457        481     2.0000     2.0960  0.000e+00
     64.513     8.2646   3.447879    32.8638        482     2.0042     2.0965  0.000e+00
     64.657     8.2651   3.450252    32.8884        483     2.0083     2.0965  0.000e+00
     64.824     8.2709   3.451472    32.8957        484     2.0125     2.0960  0.000e+00
     64.999     8.2798   3.450835    32.8806        485     2.0167     2.0961  0.000e+00
     65.182     8.2831   3.452301    32.8929        486     2.0208     2.0967  0.000e+00
     65.374     8.2879   3.457122    32.9394        487     2.0250     2.0960  0.000e+00
     65.583     8.3010   3.459906    32.9565        488     2.0292     2.0956  0.000e+00
     65.800     8.3165   3.460869    32.9520        489     2.0333     2.0944  0.000e+00
     66.027     8.3284   3.462301    32.9559        490     2.0375     2.0950  0.000e+00
     66.270     8.3368   3.463185    32.9572        491     2.0417     2.0945  0.000e+00
     66.527     8.3440   3.464756    32.9669        492     2.0458     2.0949  0.000e+00
     66.796     8.3520   3.466279    32.9754        493     2.0500     2.0950  0.000e+00
     67.060     8.3608   3.467212    32.9770        494     2.0542     2.0938  0.000e+00
     67.334     8.3688   3.469198    32.9903        495     2.0583     2.0929  0.000e+00
     67.594     8.3782   3.469969    32.9895        496     2.0625     2.0919  0.000e+00
     67.839     8.3862   3.471595    32.9991        497     2.0667     2.0911  0.000e+00
     68.064     8.3940   3.474559    33.0229        498     2.0708     2.0905  0.000e+00
     68.270     8.4046   3.475607    33.0240        499     2.0750     2.0903  0.000e+00
     68.506     8.4154   3.476505    33.0232        500     2.0792     2.0892  0.000e+00
     68.729     8.4235   3.478157    33.0330        501     2.0833     2.0879  0.000e+00
     68.937     8.4319   3.480857    33.0535        502     2.0875     2.0874  0.000e+00
     69.119     8.4395   3.483855    33.0779        503     2.0917     2.0867  0.000e+00
     69.270     8.4483   3.484838    33.0799        504     2.0958     2.0857  0.000e+00
     69.397     8.4574   3.488452    33.1094        505     2.1000     2.0850  0.000e+00
     69.518     8.4686   3.491832    33.1345        506     2.1042     2.0859  0.000e+00
     69.633     8.4837   3.492230    33.1245        507     2.1083     2.0858  0.000e+00
     69.750     8.4949   3.493172    33.1238        508     2.1125     2.0847  0.000e+00
     69.881     8.5037   3.493788    33.1220        509     2.1167     2.0842  0.000e+00
     70.028     8.5100   3.491053    33.0872        510     2.1208     2.0836  0.000e+00
     70.186     8.5092   3.488874    33.0649        511     2.1250     2.0840  0.000e+00
     70.355     8.5020   3.492882    33.1139        512     2.1292     2.0820  0.000e+00
     70.535     8.5026   3.495515    33.1409        513     2.1333     2.0811  0.000e+00
     70.722     8.5109   3.496844    33.1470        514     2.1375     2.0803  0.000e+00
     70.932     8.5208   3.498040    33.1502        515     2.1417     2.0799  0.000e+00
     71.148     8.5298   3.498692    33.1486        516     2.1458     2.0792  0.000e+00
     71.378     8.5366   3.498789    33.1430        517     2.1500     2.0783  0.000e+00
     71.621     8.5417   3.499115    33.1416        518     2.1542     2.0785  0.000e+00
     71.871     8.5449   3.499369    33.1411        519     2.1583     2.0771  0.000e+00
     72.121     8.5475   3.499623    33.1413        520     2.1625     2.0760  0.000e+00
     72.361     8.5494   3.499786    33.1411        521     2.1667     2.0752  0.000e+00
     72.604     8.5508   3.499871    33.1405        522     2.1708     2.0726  0.000e+00
     72.841     8.5518   3.499913    33.1399        523     2.1750     2.0718  0.000e+00
     73.073     8.5524   3.499961    33.1398        524     2.1792     2.0712  0.000e+00
     73.294     8.5527   3.499980    33.1395        525     2.1833     2.0706  0.000e+00
     73.512     8.5526   3.500040    33.1403        526     2.1875     2.0700  0.000e+00
     73.713     8.5525   3.500185    33.1417        527     2.1917     2.0694  0.000e+00
     73.898     8.5529   3.500379    33.1433        528     2.1958     2.0689  0.000e+00
     74.076     8.5534   3.500548    33.1446        529     2.2000     2.0677  0.000e+00
     74.245     8.5542   3.500626    33.1446        530     2.2042     2.0675  0.000e+00
     74.403     8.5547   3.500735    33.1452        531     2.2083     2.0666  0.000e+00
     74.556     8.5550   3.500820    33.1457        532     2.2125     2.0657  0.000e+00
     74.709     8.5553   3.500633    33.1434        533     2.2167     2.0661  0.000e+00
     74.867     8.5546   3.500161    33.1390        534     2.2208     2.0647  0.000e+00
     75.034     8.5514   3.499769    33.1378        535     2.2250     2.0638  0.000e+00
     75.212     8.5465   3.499600    33.1405        536     2.2292     2.0640  0.000e+00
     75.392     8.5418   3.499147    33.1400        537     2.2333     2.0636  0.000e+00
     75.577     8.5368   3.498506    33.1379        538     2.2375     2.0631  0.000e+00
     75.768     8.5304   3.498422    33.1430        539     2.2417     2.0625  0.000e+00
     75.969     8.5251   3.497020    33.1331        540     2.2458     2.0616  0.000e+00
     76.183     8.5170   3.495450    33.1240        541     2.2500     2.0617  0.000e+00
     76.404     8.5057   3.494315    33.1226        542     2.2542     2.0617  0.000e+00
     76.625     8.4930   3.492957    33.1202        543     2.2583     2.0612  0.000e+00
     76.854     8.4807   3.492275    33.1244        544     2.2625     2.0592  0.000e+00
     77.089     8.4698   3.491774    33.1292        545     2.2667     2.0588  0.000e+00
     77.326     8.4611   3.490265    33.1214        546     2.2708     2.0567  0.000e+00
     77.564     8.4516   3.488201    33.1084        547     2.2750     2.0577  0.000e+00
     77.796     8.4381   3.484364    33.0806        548     2.2792     2.0578  0.000e+00
     78.024     8.4161   3.482091    33.0771        549     2.2833     2.0570  0.000e+00
