PC2305/sbe126.cnv
* Sea-Bird SBE 19plus V2 Data File:
* FileName = C:\cruise\data\sbe126.hex
* Software Version Seasave V 7.26.7.121
* Temperature SN = 7142
* Conductivity SN = 7142
* System UpLoad Time = Nov 08 2023 03:36:03
** Cruise: PC2205
** Program: ECOMON
# nquan = 8
# nvalues = 3247                                  
# units = specified
# name 0 = depSM: Depth [salt water, m], lat = 40.00
# name 1 = tv290C: Temperature [ITS-90, deg C]
# name 2 = c0S/m: Conductivity [S/m]
# name 3 = sal00: Salinity, Practical [PSU]
# name 4 = scan: Scan Count
# name 5 = timeM: Time, Elapsed [minutes]
# name 6 = sbeox0V: Oxygen raw, SBE 43 [V]
# name 7 = flag:  0.000e+00
# span 0 =     -0.170,    181.826                 
# span 1 =     7.3160,    13.0672                 
# span 2 =   0.000194,   3.768894                 
# span 3 =     0.0071,    34.4473                 
# span 4 =         11,       3257                 
# span 5 =     0.0417,    13.5667                 
# span 6 =     1.9284,     2.9624                 
# span 7 = 0.0000e+00, 0.0000e+00                 
# interval = seconds: 0.25
# start_time = Nov 08 2023 03:36:03 [System UTC, header]
# bad_flag = -9.990e-29
*END*
[from data line 1618]
    145.779     7.9729   3.508329    33.7456       1629     6.7833     1.9715  0.000e+00
    145.756     7.9726   3.508220    33.7447       1630     6.7875     1.9715  0.000e+00
    145.718     7.9721   3.508172    33.7447       1631     6.7917     1.9715  0.000e+00
    145.653     7.9716   3.508118    33.7447       1632     6.7958     1.9719  0.000e+00
    145.576     7.9711   3.507924    33.7430       1633     6.8000     1.9719  0.000e+00
    145.486     7.9708   3.506841    33.7319       1634     6.8042     1.9725  0.000e+00
    145.369     7.9699   3.505475    33.7181       1635     6.8083     1.9729  0.000e+00
    145.234     7.9678   3.504695    33.7119       1636     6.8125     1.9725  0.000e+00
    145.085     7.9654   3.503933    33.7062       1637     6.8167     1.9725  0.000e+00
    144.918     7.9624   3.502893    33.6980       1638     6.8208     1.9734  0.000e+00
    144.743     7.9575   3.501316    33.6859       1639     6.8250     1.9735  0.000e+00
    144.560     7.9505   3.499757    33.6760       1640     6.8292     1.9737  0.000e+00
    144.384     7.9420   3.498977    33.6760       1641     6.8333     1.9738  0.000e+00
    144.222     7.9356   3.498705    33.6793       1642     6.8375     1.9742  0.000e+00
    144.078     7.9328   3.498494    33.6798       1643     6.8417     1.9739  0.000e+00
    143.947     7.9312   3.498579    33.6823       1644     6.8458     1.9741  0.000e+00
    143.839     7.9306   3.498579    33.6830       1645     6.8500     1.9746  0.000e+00
    143.753     7.9310   3.498494    33.6817       1646     6.8542     1.9740  0.000e+00
    143.697     7.9310   3.498446    33.6812       1647     6.8583     1.9747  0.000e+00
    143.659     7.9310   3.498409    33.6809       1648     6.8625     1.9743  0.000e+00
    143.620     7.9313   3.498452    33.6811       1649     6.8667     1.9742  0.000e+00
    143.594     7.9317   3.498512    33.6814       1650     6.8708     1.9730  0.000e+00
    143.573     7.9326   3.498554    33.6809       1651     6.8750     1.9742  0.000e+00
    143.548     7.9334   3.498578    33.6804       1652     6.8792     1.9737  0.000e+00
    143.528     7.9341   3.498578    33.6797       1653     6.8833     1.9739  0.000e+00
    143.495     7.9348   3.498578    33.6791       1654     6.8875     1.9739  0.000e+00
    143.456     7.9353   3.498536    33.6782       1655     6.8917     1.9737  0.000e+00
    143.398     7.9356   3.498470    33.6771       1656     6.8958     1.9753  0.000e+00
    143.332     7.9359   3.498312    33.6753       1657     6.9000     1.9759  0.000e+00
    143.238     7.9356   3.497926    33.6714       1658     6.9042     1.9750  0.000e+00
    143.130     7.9351   3.497503    33.6675       1659     6.9083     1.9750  0.000e+00
    143.008     7.9340   3.497249    33.6659       1660     6.9125     1.9748  0.000e+00
    142.868     7.9328   3.497146    33.6660       1661     6.9167     1.9745  0.000e+00
    142.712     7.9321   3.496367    33.6583       1662     6.9208     1.9745  0.000e+00
    142.550     7.9301   3.495268    33.6487       1663     6.9250     1.9755  0.000e+00
    142.379     7.9258   3.494863    33.6485       1664     6.9292     1.9747  0.000e+00
    142.219     7.9223   3.494700    33.6502       1665     6.9333     1.9747  0.000e+00
    142.062     7.9208   3.494724    33.6520       1666     6.9375     1.9757  0.000e+00
    141.920     7.9207   3.494748    33.6524       1667     6.9417     1.9755  0.000e+00
    141.789     7.9210   3.495105    33.6560       1668     6.9458     1.9767  0.000e+00
    141.676     7.9224   3.495080    33.6544       1669     6.9500     1.9773  0.000e+00
    141.584     7.9245   3.495080    33.6525       1670     6.9542     1.9779  0.000e+00
    141.500     7.9261   3.495062    33.6508       1671     6.9583     1.9784  0.000e+00
    141.429     7.9269   3.495080    33.6502       1672     6.9625     1.9791  0.000e+00
    141.363     7.9278   3.495129    33.6499       1673     6.9667     1.9786  0.000e+00
    141.309     7.9283   3.495141    33.6496       1674     6.9708     1.9785  0.000e+00
    141.259     7.9291   3.495123    33.6486       1675     6.9750     1.9794  0.000e+00
    141.215     7.9299   3.495104    33.6477       1676     6.9792     1.9799  0.000e+00
    141.172     7.9304   3.494978    33.6459       1677     6.9833     1.9792  0.000e+00
    141.131     7.9305   3.494784    33.6438       1678     6.9875     1.9795  0.000e+00
    141.081     7.9304   3.494555    33.6414       1679     6.9917     1.9801  0.000e+00
    141.019     7.9297   3.494259    33.6389       1680     6.9958     1.9807  0.000e+00
    140.949     7.9290   3.494114    33.6381       1681     7.0000     1.9801  0.000e+00
    140.861     7.9280   3.493975    33.6376       1682     7.0042     1.9812  0.000e+00
    140.771     7.9272   3.493776    33.6363       1683     7.0083     1.9805  0.000e+00
    140.660     7.9265   3.492327    33.6215       1684     7.0125     1.9816  0.000e+00
    140.532     7.9236   3.490359    33.6033       1685     7.0167     1.9821  0.000e+00
    140.397     7.9187   3.489405    33.5979       1686     7.0208     1.9825  0.000e+00
    140.253     7.9132   3.487764    33.5857       1687     7.0250     1.9822  0.000e+00
    140.115     7.9071   3.485929    33.5719       1688     7.0292     1.9818  0.000e+00
    139.982     7.9002   3.484222    33.5604       1689     7.0333     1.9815  0.000e+00
    139.858     7.8926   3.482419    33.5484       1690     7.0375     1.9818  0.000e+00
    139.737     7.8846   3.481303    33.5442       1691     7.0417     1.9810  0.000e+00
    139.630     7.8777   3.480719    33.5447       1692     7.0458     1.9818  0.000e+00
    139.529     7.8723   3.480532    33.5478       1693     7.0500     1.9828  0.000e+00
    139.441     7.8691   3.480116    33.5465       1694     7.0542     1.9824  0.000e+00
    139.362     7.8668   3.479887    33.5463       1695     7.0583     1.9825  0.000e+00
    139.283     7.8648   3.479447    33.5436       1696     7.0625     1.9827  0.000e+00
    139.211     7.8629   3.479169    33.5424       1697     7.0667     1.9828  0.000e+00
    139.148     7.8612   3.478735    33.5394       1698     7.0708     1.9815  0.000e+00
    139.078     7.8591   3.478337    33.5372       1699     7.0750     1.9818  0.000e+00
    139.015     7.8570   3.478229    33.5381       1700     7.0792     1.9813  0.000e+00
    138.952     7.8552   3.478060    33.5381       1701     7.0833     1.9819  0.000e+00
    138.887     7.8537   3.477897    33.5378       1702     7.0875     1.9809  0.000e+00
    138.822     7.8525   3.477457    33.5343       1703     7.0917     1.9810  0.000e+00
    138.748     7.8508   3.476993    33.5309       1704     7.0958     1.9807  0.000e+00
    138.677     7.8488   3.476445    33.5271       1705     7.1000     1.9812  0.000e+00
    138.594     7.8463   3.475993    33.5246       1706     7.1042     1.9806  0.000e+00
    138.509     7.8435   3.475553    33.5226       1707     7.1083     1.9799  0.000e+00
    138.416     7.8408   3.475089    33.5203       1708     7.1125     1.9804  0.000e+00
    138.311     7.8378   3.473800    33.5094       1709     7.1167     1.9802  0.000e+00
    138.202     7.8332   3.472962    33.5049       1710     7.1208     1.9797  0.000e+00
    138.081     7.8279   3.472258    33.5025       1711     7.1250     1.9796  0.000e+00
    137.963     7.8225   3.471143    33.4957       1712     7.1292     1.9789  0.000e+00
    137.837     7.8174   3.471378    33.5032       1713     7.1333     1.9800  0.000e+00
    137.709     7.8141   3.470396    33.4959       1714     7.1375     1.9790  0.000e+00
    137.578     7.8106   3.470101    33.4962       1715     7.1417     1.9801  0.000e+00
    137.450     7.8075   3.469867    33.4967       1716     7.1458     1.9793  0.000e+00
    137.330     7.8054   3.470270    33.5031       1717     7.1500     1.9800  0.000e+00
    137.204     7.8046   3.469601    33.4968       1718     7.1542     1.9793  0.000e+00
    137.085     7.8035   3.469716    33.4991       1719     7.1583     1.9795  0.000e+00
    136.963     7.8027   3.469848    33.5014       1720     7.1625     1.9793  0.000e+00
    136.841     7.8025   3.469276    33.4954       1721     7.1667     1.9792  0.000e+00
    136.729     7.8013   3.469077    33.4946       1722     7.1708     1.9788  0.000e+00
    136.619     7.7995   3.468644    33.4917       1723     7.1750     1.9790  0.000e+00
    136.503     7.7976   3.468403    33.4909       1724     7.1792     1.9786  0.000e+00
    136.397     7.7957   3.468367    33.4925       1725     7.1833     1.9784  0.000e+00
    136.294     7.7945   3.468554    33.4956       1726     7.1875     1.9784  0.000e+00
    136.199     7.7948   3.468578    33.4957       1727     7.1917     1.9781  0.000e+00
    136.109     7.7950   3.468644    33.4962       1728     7.1958     1.9787  0.000e+00
    136.031     7.7953   3.468686    33.4964       1729     7.2000     1.9787  0.000e+00
    135.956     7.7956   3.468704    33.4964       1730     7.2042     1.9777  0.000e+00
    135.895     7.7957   3.468620    33.4954       1731     7.2083     1.9784  0.000e+00
    135.828     7.7956   3.468529    33.4945       1732     7.2125     1.9780  0.000e+00
    135.767     7.7954   3.468433    33.4938       1733     7.2167     1.9782  0.000e+00
    135.704     7.7949   3.467963    33.4892       1734     7.2208     1.9788  0.000e+00
    135.640     7.7939   3.467638    33.4867       1735     7.2250     1.9788  0.000e+00
    135.571     7.7920   3.467163    33.4834       1736     7.2292     1.9778  0.000e+00
    135.499     7.7899   3.467108    33.4849       1737     7.2333     1.9782  0.000e+00
    135.417     7.7883   3.467181    33.4873       1738     7.2375     1.9771  0.000e+00
    135.334     7.7873   3.466801    33.4842       1739     7.2417     1.9776  0.000e+00
    135.246     7.7861   3.466428    33.4814       1740     7.2458     1.9777  0.000e+00
    135.150     7.7844   3.466555    33.4844       1741     7.2500     1.9766  0.000e+00
    135.046     7.7835   3.466585    33.4857       1742     7.2542     1.9761  0.000e+00
    134.933     7.7829   3.464659    33.4656       1743     7.2583     1.9758  0.000e+00
    134.818     7.7782   3.463347    33.4561       1744     7.2625     1.9761  0.000e+00
    134.703     7.7710   3.463100    33.4604       1745     7.2667     1.9761  0.000e+00
    134.581     7.7656   3.462306    33.4571       1746     7.2708     1.9754  0.000e+00
    134.467     7.7607   3.461836    33.4568       1747     7.2750     1.9754  0.000e+00
    134.359     7.7566   3.461409    33.4562       1748     7.2792     1.9745  0.000e+00
    134.257     7.7531   3.460748    33.4525       1749     7.2833     1.9747  0.000e+00
    134.162     7.7492   3.459936    33.4476       1750     7.2875     1.9754  0.000e+00
    134.072     7.7444   3.458420    33.4360       1751     7.2917     1.9751  0.000e+00
    133.991     7.7371   3.457386    33.4319       1752     7.2958     1.9751  0.000e+00
    133.912     7.7303   3.456255    33.4263       1753     7.3000     1.9742  0.000e+00
    133.842     7.7235   3.455119    33.4206       1754     7.3042     1.9750  0.000e+00
    133.773     7.7166   3.454097    33.4163       1755     7.3083     1.9745  0.000e+00
    133.703     7.7100   3.453538    33.4166       1756     7.3125     1.9740  0.000e+00
    133.633     7.7045   3.453262    33.4190       1757     7.3167     1.9741  0.000e+00
    133.552     7.7004   3.452727    33.4172       1758     7.3208     1.9731  0.000e+00
    133.453     7.6968   3.450587    33.3977       1759     7.3250     1.9728  0.000e+00
    133.351     7.6887   3.446515    33.3617       1760     7.3292     1.9719  0.000e+00
    133.230     7.6713   3.442066    33.3306       1761     7.3333     1.9709  0.000e+00
    133.095     7.6472   3.437997    33.3100       1762     7.3375     1.9706  0.000e+00
    132.946     7.6221   3.435562    33.3078       1763     7.3417     1.9693  0.000e+00
    132.788     7.6002   3.431993    33.2904       1764     7.3458     1.9683  0.000e+00
    132.613     7.5781   3.428930    33.2786       1765     7.3500     1.9678  0.000e+00
    132.434     7.5569   3.424688    33.2532       1766     7.3542     1.9675  0.000e+00
    132.261     7.5325   3.422005    33.2477       1767     7.3583     1.9659  0.000e+00
    132.097     7.5094   3.416114    33.2063       1768     7.3625     1.9647  0.000e+00
    131.941     7.4822   3.413625    33.2056       1769     7.3667     1.9635  0.000e+00
    131.794     7.4562   3.412435    33.2176       1770     7.3708     1.9616  0.000e+00
    131.662     7.4384   3.411944    33.2294       1771     7.3750     1.9603  0.000e+00
    131.551     7.4275   3.411837    33.2387       1772     7.3792     1.9581  0.000e+00
    131.452     7.4216   3.411795    33.2440       1773     7.3833     1.9561  0.000e+00
    131.371     7.4187   3.411550    33.2442       1774     7.3875     1.9538  0.000e+00
    131.306     7.4168   3.411304    33.2433       1775     7.3917     1.9531  0.000e+00
    131.251     7.4153   3.410981    33.2413       1776     7.3958     1.9512  0.000e+00
    131.200     7.4138   3.410700    33.2398       1777     7.4000     1.9493  0.000e+00
    131.150     7.4122   3.410425    33.2383       1778     7.4042     1.9487  0.000e+00
    131.096     7.4104   3.410012    33.2356       1779     7.4083     1.9464  0.000e+00
    131.037     7.4088   3.409588    33.2326       1780     7.4125     1.9453  0.000e+00
    130.974     7.4064   3.409091    33.2295       1781     7.4167     1.9435  0.000e+00
    130.896     7.4036   3.408487    33.2257       1782     7.4208     1.9425  0.000e+00
    130.806     7.4004   3.408021    33.2237       1783     7.4250     1.9412  0.000e+00
    130.708     7.3971   3.407698    33.2234       1784     7.4292     1.9400  0.000e+00
    130.598     7.3945   3.407483    33.2237       1785     7.4333     1.9398  0.000e+00
    130.485     7.3923   3.407399    33.2249       1786     7.4375     1.9397  0.000e+00
    130.361     7.3909   3.407381    33.2261       1787     7.4417     1.9384  0.000e+00
    130.240     7.3903   3.407268    33.2255       1788     7.4458     1.9379  0.000e+00
    130.125     7.3896   3.407118    33.2247       1789     7.4500     1.9386  0.000e+00
    130.022     7.3889   3.406903    33.2230       1790     7.4542     1.9378  0.000e+00
    129.933     7.3881   3.406646    33.2211       1791     7.4583     1.9385  0.000e+00
    129.844     7.3869   3.406431    33.2199       1792     7.4625     1.9387  0.000e+00
    129.767     7.3858   3.406281    33.2194       1793     7.4667     1.9389  0.000e+00
    129.690     7.3848   3.406174    33.2192       1794     7.4708     1.9390  0.000e+00
    129.613     7.3839   3.406078    33.2191       1795     7.4750     1.9375  0.000e+00
    129.532     7.3834   3.406024    33.2190       1796     7.4792     1.9389  0.000e+00
    129.449     7.3827   3.405958    33.2190       1797     7.4833     1.9381  0.000e+00
    129.354     7.3825   3.405892    33.2186       1798     7.4875     1.9383  0.000e+00
    129.253     7.3820   3.405701    33.2170       1799     7.4917     1.9390  0.000e+00
    129.136     7.3813   3.405623    33.2169       1800     7.4958     1.9381  0.000e+00
    129.014     7.3806   3.405486    33.2161       1801     7.5000     1.9385  0.000e+00
    128.875     7.3801   3.405360    33.2153       1802     7.5042     1.9371  0.000e+00
    128.726     7.3796   3.405103    33.2130       1803     7.5083     1.9374  0.000e+00
    128.570     7.3795   3.405097    33.2132       1804     7.5125     1.9383  0.000e+00
    128.404     7.3793   3.404888    33.2112       1805     7.5167     1.9377  0.000e+00
    128.233     7.3790   3.404565    33.2081       1806     7.5208     1.9379  0.000e+00
    128.063     7.3786   3.404458    33.2074       1807     7.5250     1.9367  0.000e+00
