PC2305/sbe169.cnv
* Sea-Bird SBE 19plus V2 Data File:
* FileName = C:\cruise\data\sbe169.hex
* Software Version Seasave V 7.26.7.121
* Temperature SN = 7142
* Conductivity SN = 7142
* System UpLoad Time = Nov 13 2023 12:41:59
** Cruise: PC2205
** Program: ECOMON
# nquan = 8
# nvalues = 1400                                  
# units = specified
# name 0 = depSM: Depth [salt water, m], lat = 40.00
# name 1 = tv290C: Temperature [ITS-90, deg C]
# name 2 = c0S/m: Conductivity [S/m]
# name 3 = sal00: Salinity, Practical [PSU]
# name 4 = scan: Scan Count
# name 5 = timeM: Time, Elapsed [minutes]
# name 6 = sbeox0V: Oxygen raw, SBE 43 [V]
# name 7 = flag:  0.000e+00
# span 0 =      0.010,     44.029                 
# span 1 =     6.3030,    13.2465                 
# span 2 =   0.000200,   3.797060                 
# span 3 =     0.0036,    32.8227                 
# span 4 =         11,       1410                 
# span 5 =     0.0417,     5.8708                 
# span 6 =     2.1509,     3.1112                 
# span 7 = 0.0000e+00, 0.0000e+00                 
# interval = seconds: 0.25
# start_time = Nov 13 2023 12:41:59 [System UTC, header]
# bad_flag = -9.990e-29
*END*
[from data line 899]
     17.619    13.2327   3.795367    31.9401        910     3.7875     2.6208  0.000e+00
     17.581    13.2334   3.795629    31.9420        911     3.7917     2.6195  0.000e+00
     17.554    13.2348   3.795654    31.9410        912     3.7958     2.6179  0.000e+00
     17.504    13.2361   3.795792    31.9412        913     3.8000     2.6176  0.000e+00
     17.463    13.2371   3.795816    31.9407        914     3.8042     2.6197  0.000e+00
     17.412    13.2381   3.795835    31.9400        915     3.8083     2.6219  0.000e+00
     17.371    13.2385   3.795679    31.9382        916     3.8125     2.6237  0.000e+00
     17.317    13.2380   3.795392    31.9360        917     3.8167     2.6259  0.000e+00
     17.279    13.2366   3.795261    31.9360        918     3.8208     2.6289  0.000e+00
     17.227    13.2350   3.795105    31.9359        919     3.8250     2.6296  0.000e+00
     17.182    13.2336   3.795005    31.9361        920     3.8292     2.6309  0.000e+00
     17.134    13.2321   3.794868    31.9361        921     3.8333     2.6318  0.000e+00
     17.085    13.2309   3.794855    31.9370        922     3.8375     2.6326  0.000e+00
     17.053    13.2301   3.794793    31.9371        923     3.8417     2.6332  0.000e+00
     17.013    13.2293   3.794811    31.9380        924     3.8458     2.6356  0.000e+00
     16.984    13.2292   3.795005    31.9399        925     3.8500     2.6371  0.000e+00
     16.949    13.2298   3.795055    31.9399        926     3.8542     2.6389  0.000e+00
     16.914    13.2307   3.795098    31.9395        927     3.8583     2.6401  0.000e+00
     16.880    13.2311   3.795098    31.9392        928     3.8625     2.6405  0.000e+00
     16.846    13.2313   3.795123    31.9393        929     3.8667     2.6415  0.000e+00
     16.812    13.2316   3.795117    31.9390        930     3.8708     2.6415  0.000e+00
     16.771    13.2317   3.795080    31.9386        931     3.8750     2.6391  0.000e+00
     16.731    13.2317   3.795098    31.9388        932     3.8792     2.6382  0.000e+00
     16.686    13.2316   3.795080    31.9387        933     3.8833     2.6352  0.000e+00
     16.645    13.2315   3.795005    31.9381        934     3.8875     2.6325  0.000e+00
     16.602    13.2313   3.795030    31.9385        935     3.8917     2.6310  0.000e+00
     16.566    13.2313   3.794992    31.9382        936     3.8958     2.6292  0.000e+00
     16.517    13.2310   3.795005    31.9385        937     3.9000     2.6285  0.000e+00
     16.479    13.2308   3.794967    31.9384        938     3.9042     2.6272  0.000e+00
     16.440    13.2307   3.794955    31.9384        939     3.9083     2.6249  0.000e+00
     16.393    13.2305   3.794992    31.9389        940     3.9125     2.6236  0.000e+00
     16.352    13.2305   3.795005    31.9390        941     3.9167     2.6212  0.000e+00
     16.310    13.2307   3.794936    31.9383        942     3.9208     2.6195  0.000e+00
     16.267    13.2305   3.794811    31.9373        943     3.9250     2.6217  0.000e+00
     16.219    13.2300   3.794774    31.9374        944     3.9292     2.6218  0.000e+00
     16.174    13.2293   3.794636    31.9367        945     3.9333     2.6212  0.000e+00
     16.136    13.2286   3.794655    31.9375        946     3.9375     2.6208  0.000e+00
     16.105    13.2281   3.794661    31.9380        947     3.9417     2.6202  0.000e+00
     16.073    13.2279   3.794630    31.9378        948     3.9458     2.6223  0.000e+00
     16.039    13.2277   3.794611    31.9378        949     3.9500     2.6250  0.000e+00
     16.001    13.2276   3.794661    31.9384        950     3.9542     2.6270  0.000e+00
     15.967    13.2277   3.794774    31.9394        951     3.9583     2.6316  0.000e+00
     15.931    13.2280   3.794767    31.9391        952     3.9625     2.6339  0.000e+00
     15.888    13.2283   3.794699    31.9382        953     3.9667     2.6343  0.000e+00
     15.859    13.2284   3.794724    31.9384        954     3.9708     2.6357  0.000e+00
     15.821    13.2284   3.794561    31.9369        955     3.9750     2.6350  0.000e+00
     15.784    13.2278   3.794536    31.9372        956     3.9792     2.6348  0.000e+00
     15.746    13.2273   3.794393    31.9363        957     3.9833     2.6344  0.000e+00
     15.706    13.2265   3.794305    31.9361        958     3.9875     2.6336  0.000e+00
     15.672    13.2256   3.794349    31.9373        959     3.9917     2.6320  0.000e+00
     15.635    13.2252   3.794399    31.9381        960     3.9958     2.6318  0.000e+00
     15.591    13.2252   3.794324    31.9375        961     4.0000     2.6298  0.000e+00
     15.559    13.2249   3.794193    31.9365        962     4.0042     2.6278  0.000e+00
     15.519    13.2242   3.794143    31.9366        963     4.0083     2.6265  0.000e+00
     15.496    13.2236   3.794106    31.9368        964     4.0125     2.6257  0.000e+00
     15.458    13.2231   3.794124    31.9373        965     4.0167     2.6234  0.000e+00
     15.424    13.2230   3.794174    31.9379        966     4.0208     2.6231  0.000e+00
     15.401    13.2228   3.794143    31.9378        967     4.0250     2.6212  0.000e+00
     15.358    13.2227   3.794106    31.9376        968     4.0292     2.6212  0.000e+00
     15.334    13.2225   3.794074    31.9375        969     4.0333     2.6213  0.000e+00
     15.300    13.2224   3.794099    31.9378        970     4.0375     2.6215  0.000e+00
     15.273    13.2221   3.794106    31.9381        971     4.0417     2.6224  0.000e+00
     15.239    13.2220   3.794099    31.9381        972     4.0458     2.6217  0.000e+00
     15.214    13.2217   3.794062    31.9380        973     4.0500     2.6226  0.000e+00
     15.176    13.2217   3.794049    31.9380        974     4.0542     2.6212  0.000e+00
     15.137    13.2215   3.794062    31.9382        975     4.0583     2.6210  0.000e+00
     15.108    13.2215   3.794049    31.9381        976     4.0625     2.6204  0.000e+00
     15.063    13.2214   3.794006    31.9379        977     4.0667     2.6219  0.000e+00
     15.029    13.2211   3.793993    31.9380        978     4.0708     2.6249  0.000e+00
     14.986    13.2209   3.794049    31.9387        979     4.0750     2.6270  0.000e+00
     14.951    13.2209   3.794081    31.9390        980     4.0792     2.6286  0.000e+00
     14.921    13.2214   3.794006    31.9379        981     4.0833     2.6320  0.000e+00
     14.878    13.2211   3.793906    31.9372        982     4.0875     2.6331  0.000e+00
     14.845    13.2205   3.793775    31.9365        983     4.0917     2.6332  0.000e+00
     14.809    13.2199   3.793868    31.9379        984     4.0958     2.6325  0.000e+00
     14.779    13.2196   3.793862    31.9381        985     4.1000     2.6329  0.000e+00
     14.748    13.2196   3.793962    31.9391        986     4.1042     2.6355  0.000e+00
     14.716    13.2198   3.793993    31.9392        987     4.1083     2.6360  0.000e+00
     14.678    13.2201   3.793750    31.9367        988     4.1125     2.6375  0.000e+00
     14.640    13.2195   3.793531    31.9352        989     4.1167     2.6378  0.000e+00
     14.608    13.2185   3.793706    31.9376        990     4.1208     2.6395  0.000e+00
     14.576    13.2181   3.793438    31.9355        991     4.1250     2.6382  0.000e+00
     14.543    13.2171   3.793263    31.9347        992     4.1292     2.6378  0.000e+00
     14.506    13.2156   3.793238    31.9358        993     4.1333     2.6369  0.000e+00
     14.471    13.2146   3.793244    31.9366        994     4.1375     2.6372  0.000e+00
     14.443    13.2140   3.793263    31.9374        995     4.1417     2.6391  0.000e+00
     14.405    13.2135   3.793144    31.9366        996     4.1458     2.6387  0.000e+00
     14.364    13.2132   3.793375    31.9391        997     4.1500     2.6382  0.000e+00
     14.335    13.2134   3.793126    31.9366        998     4.1542     2.6379  0.000e+00
     14.301    13.2127   3.792820    31.9343        999     4.1583     2.6358  0.000e+00
     14.267    13.2111   3.792820    31.9357       1000     4.1625     2.6347  0.000e+00
     14.240    13.2100   3.792845    31.9368       1001     4.1667     2.6328  0.000e+00
     14.211    13.2094   3.792963    31.9385       1002     4.1708     2.6345  0.000e+00
     14.178    13.2095   3.792870    31.9375       1003     4.1750     2.6365  0.000e+00
     14.150    13.2092   3.792576    31.9350       1004     4.1792     2.6377  0.000e+00
     14.128    13.2078   3.792495    31.9355       1005     4.1833     2.6382  0.000e+00
     14.096    13.2065   3.792801    31.9394       1006     4.1875     2.6371  0.000e+00
     14.063    13.2069   3.792895    31.9400       1007     4.1917     2.6373  0.000e+00
     14.031    13.2079   3.792863    31.9389       1008     4.1958     2.6386  0.000e+00
     14.002    13.2084   3.792913    31.9390       1009     4.2000     2.6395  0.000e+00
     13.972    13.2087   3.792938    31.9389       1010     4.2042     2.6414  0.000e+00
     13.945    13.2092   3.792994    31.9390       1011     4.2083     2.6427  0.000e+00
     13.902    13.2098   3.793306    31.9415       1012     4.2125     2.6428  0.000e+00
     13.873    13.2115   3.793462    31.9415       1013     4.2167     2.6417  0.000e+00
     13.839    13.2134   3.793681    31.9420       1014     4.2208     2.6395  0.000e+00
     13.801    13.2153   3.793662    31.9402       1015     4.2250     2.6378  0.000e+00
     13.770    13.2169   3.793612    31.9385       1016     4.2292     2.6358  0.000e+00
     13.738    13.2174   3.793612    31.9380       1017     4.2333     2.6357  0.000e+00
     13.698    13.2176   3.793550    31.9373       1018     4.2375     2.6362  0.000e+00
     13.664    13.2173   3.793493    31.9370       1019     4.2417     2.6386  0.000e+00
     13.627    13.2171   3.793837    31.9404       1020     4.2458     2.6400  0.000e+00
     13.607    13.2178   3.793912    31.9405       1021     4.2500     2.6404  0.000e+00
     13.574    13.2187   3.794417    31.9446       1022     4.2542     2.6378  0.000e+00
     13.544    13.2214   3.795235    31.9500       1023     4.2583     2.6363  0.000e+00
     13.515    13.2257   3.795491    31.9487       1024     4.2625     2.6347  0.000e+00
     13.495    13.2298   3.795322    31.9437       1025     4.2667     2.6336  0.000e+00
     13.470    13.2313   3.794723    31.9368       1026     4.2708     2.6314  0.000e+00
     13.445    13.2297   3.794392    31.9352       1027     4.2750     2.6308  0.000e+00
     13.416    13.2272   3.794448    31.9378       1028     4.2792     2.6295  0.000e+00
     13.389    13.2254   3.794367    31.9385       1029     4.2833     2.6282  0.000e+00
     13.362    13.2246   3.794585    31.9412       1030     4.2875     2.6283  0.000e+00
     13.321    13.2252   3.794723    31.9420       1031     4.2917     2.6287  0.000e+00
     13.287    13.2260   3.794854    31.9426       1032     4.2958     2.6295  0.000e+00
     13.244    13.2268   3.794748    31.9409       1033     4.3000     2.6308  0.000e+00
     13.211    13.2267   3.793949    31.9336       1034     4.3042     2.6314  0.000e+00
     13.172    13.2241   3.794654    31.9424       1035     4.3083     2.6305  0.000e+00
     13.134    13.2249   3.795721    31.9518       1036     4.3125     2.6303  0.000e+00
     13.096    13.2294   3.795422    31.9452       1037     4.3167     2.6299  0.000e+00
     13.048    13.2313   3.794772    31.9375       1038     4.3208     2.6289  0.000e+00
     13.012    13.2307   3.795390    31.9438       1039     4.3250     2.6295  0.000e+00
     12.971    13.2314   3.795303    31.9424       1040     4.3292     2.6286  0.000e+00
     12.922    13.2318   3.795191    31.9410       1041     4.3333     2.6274  0.000e+00
     12.881    13.2316   3.795234    31.9416       1042     4.3375     2.6277  0.000e+00
     12.841    13.2316   3.795253    31.9419       1043     4.3417     2.6257  0.000e+00
     12.800    13.2319   3.795397    31.9429       1044     4.3458     2.6272  0.000e+00
     12.764    13.2326   3.795328    31.9417       1045     4.3500     2.6280  0.000e+00
     12.737    13.2326   3.794947    31.9382       1046     4.3542     2.6280  0.000e+00
     12.695    13.2317   3.795328    31.9425       1047     4.3583     2.6296  0.000e+00
     12.665    13.2318   3.795390    31.9430       1048     4.3625     2.6311  0.000e+00
     12.636    13.2328   3.795209    31.9405       1049     4.3667     2.6334  0.000e+00
     12.602    13.2318   3.794435    31.9341       1050     4.3708     2.6369  0.000e+00
     12.579    13.2290   3.794491    31.9370       1051     4.3750     2.6378  0.000e+00
     12.553    13.2267   3.793980    31.9341       1052     4.3792     2.6379  0.000e+00
     12.530    13.2232   3.793418    31.9318       1053     4.3833     2.6373  0.000e+00
     12.501    13.2191   3.793168    31.9329       1054     4.3875     2.6347  0.000e+00
     12.476    13.2155   3.793150    31.9358       1055     4.3917     2.6315  0.000e+00
     12.447    13.2135   3.793562    31.9413       1056     4.3958     2.6279  0.000e+00
     12.415    13.2140   3.793680    31.9420       1057     4.4000     2.6254  0.000e+00
     12.377    13.2149   3.793418    31.9389       1058     4.4042     2.6242  0.000e+00
     12.347    13.2144   3.793237    31.9376       1059     4.4083     2.6240  0.000e+00
     12.313    13.2132   3.793131    31.9376       1060     4.4125     2.6255  0.000e+00
     12.271    13.2119   3.793144    31.9388       1061     4.4167     2.6285  0.000e+00
     12.223    13.2109   3.793287    31.9410       1062     4.4208     2.6331  0.000e+00
     12.181    13.2111   3.793705    31.9449       1063     4.4250     2.6354  0.000e+00
     12.147    13.2129   3.794211    31.9481       1064     4.4292     2.6372  0.000e+00
     12.095    13.2162   3.794261    31.9458       1065     4.4333     2.6379  0.000e+00
     12.054    13.2188   3.794030    31.9415       1066     4.4375     2.6400  0.000e+00
     12.005    13.2199   3.794304    31.9431       1067     4.4417     2.6416  0.000e+00
     11.966    13.2212   3.794048    31.9397       1068     4.4458     2.6447  0.000e+00
     11.928    13.2215   3.794279    31.9415       1069     4.4500     2.6446  0.000e+00
     11.883    13.2226   3.794373    31.9415       1070     4.4542     2.6451  0.000e+00
     11.854    13.2238   3.794373    31.9405       1071     4.4583     2.6457  0.000e+00
     11.825    13.2246   3.794435    31.9404       1072     4.4625     2.6440  0.000e+00
     11.802    13.2253   3.794791    31.9432       1073     4.4667     2.6424  0.000e+00
     11.779    13.2263   3.794566    31.9403       1074     4.4708     2.6411  0.000e+00
     11.757    13.2265   3.794192    31.9366       1075     4.4750     2.6427  0.000e+00
     11.736    13.2254   3.794791    31.9432       1076     4.4792     2.6425  0.000e+00
     11.725    13.2263   3.795234    31.9465       1077     4.4833     2.6399  0.000e+00
     11.703    13.2287   3.795371    31.9458       1078     4.4875     2.6397  0.000e+00
     11.694    13.2308   3.795234    31.9428       1079     4.4917     2.6362  0.000e+00
     11.667    13.2318   3.795115    31.9409       1080     4.4958     2.6320  0.000e+00
     11.633    13.2316   3.795146    31.9414       1081     4.5000     2.6286  0.000e+00
     11.602    13.2313   3.795140    31.9415       1082     4.5042     2.6256  0.000e+00
     11.559    13.2312   3.795190    31.9421       1083     4.5083     2.6231  0.000e+00
     11.522    13.2316   3.795209    31.9420       1084     4.5125     2.6219  0.000e+00
     11.471    13.2318   3.795302    31.9427       1085     4.5167     2.6212  0.000e+00
     11.430    13.2321   3.795190    31.9414       1086     4.5208     2.6210  0.000e+00
     11.385    13.2324   3.795371    31.9429       1087     4.5250     2.6232  0.000e+00
     11.345    13.2327   3.795252    31.9415       1088     4.5292     2.6232  0.000e+00
