HB2304/ctd023.cnv
* Sea-Bird SBE 9 Data File:
* FileName = C:\cruise\data\ctd023.hex
* Software Version Seasave V 7.26.7.121
* Temperature SN = 4591
* Conductivity SN = 3741
* Number of Bytes Per Scan = 37
* Number of Voltage Words = 4
* Number of Scans Averaged by the Deck Unit = 1
* NMEA Latitude = 37 11.17 N
* NMEA Longitude = 074 31.99 W
* NMEA UTC (Time) = Sep 17 2023  06:21:47
* NMEA baud rate = 4800
** Ship: Bigelow HB2304
** Program:  Fall Bottom Trawl Survey
** Chief Scientist: John Galbraith
# nquan = 7
# nvalues = 432                         
# units = specified
# name 0 = depSM: Depth [salt water, m]
# name 1 = t090C: Temperature [ITS-90, deg C]
# name 2 = c0S/m: Conductivity [S/m]
# name 3 = sal00: Salinity, Practical [PSU]
# name 4 = scan: Scan Count
# name 5 = timeM: Time, Elapsed [minutes]
# name 6 = flag: flag
# span 0 =      1.000,    217.000       
# span 1 =     9.9196,    25.6083       
# span 2 =   3.620937,   5.305374       
# span 3 =    33.0755,    35.8965       
# span 4 =        -33,      12783       
# span 5 =    -0.0234,     8.8762       
# span 6 = 0.0000e+00, 0.0000e+00       
# interval = meters: 1                  
# start_time = Sep 17 2023 06:21:47 [NMEA time, header]
# bad_flag = -9.990e-29
*END*
      2.000    25.5319   5.287672    34.4487        -33    -0.0234 0.0000e+00
      3.000    25.5444   5.289188    34.4501         74     0.0507 0.0000e+00
      4.000    25.5395   5.288905    34.4513        210     0.1448 0.0000e+00
      5.000    25.5332   5.288294    34.4514        306     0.2117 0.0000e+00
      6.000    25.5325   5.288291    34.4516        329     0.2275 0.0000e+00
      7.000    25.5334   5.288240    34.4502        346     0.2396 0.0000e+00
      8.000    25.5331   5.288176    34.4497        360     0.2496 0.0000e+00
      9.000    25.5315   5.287924    34.4487        375     0.2600 0.0000e+00
     10.000    25.5356   5.288287    34.4479        393     0.2724 0.0000e+00
     11.000    25.5405   5.288911    34.4485        432     0.2994 0.0000e+00
     12.000    25.5337   5.288340    34.4492        489     0.3386 0.0000e+00
     13.000    25.5401   5.288907    34.4481        514     0.3565 0.0000e+00
     14.000    25.5485   5.290000    34.4495        538     0.3730 0.0000e+00
     15.000    25.5663   5.293831    34.4637        562     0.3896 0.0000e+00
     16.000    25.6083   5.305374    34.5161        585     0.4054 0.0000e+00
     17.000    25.5237   5.297933    34.5254        606     0.4200 0.0000e+00
     18.000    25.3818   5.279768    34.4995        625     0.4331 0.0000e+00
     19.000    25.0279   5.233128    34.4245        643     0.4459 0.0000e+00
     20.000    24.8206   5.218294    34.4725        664     0.4601 0.0000e+00
     21.000    24.5369   5.201173    34.5624        694     0.4816 0.0000e+00
     22.000    24.1254   5.172451    34.6649        745     0.5168 0.0000e+00
     23.000    23.2267   5.094664    34.7766        782     0.5427 0.0000e+00
     24.000    21.8370   4.938924    34.6707        805     0.5581 0.0000e+00
     25.000    20.7145   4.795650    34.4349        823     0.5705 0.0000e+00
     26.000    19.2559   4.641935    34.3695        840     0.5824 0.0000e+00
     27.000    16.8317   4.392713    34.2848        858     0.5952 0.0000e+00
     28.000    15.6529   4.269521    34.2108        879     0.6101 0.0000e+00
     29.000    15.1413   4.207329    34.0957        904     0.6271 0.0000e+00
     30.000    14.1542   4.102845    34.0032        931     0.6459 0.0000e+00
     31.000    12.7149   3.939492    33.7447        967     0.6710 0.0000e+00
     32.000    11.5075   3.798358    33.4674       1016     0.7051 0.0000e+00
     33.000    11.1965   3.761518    33.3852       1048     0.7270 0.0000e+00
     34.000    11.0160   3.740975    33.3452       1067     0.7399 0.0000e+00
     35.000    10.9103   3.728325    33.3150       1082     0.7507 0.0000e+00
     36.000    10.8192   3.718038    33.2950       1097     0.7611 0.0000e+00
     37.000    10.7497   3.710209    33.2797       1113     0.7725 0.0000e+00
     38.000    10.5395   3.689062    33.2592       1133     0.7863 0.0000e+00
     39.000    10.4073   3.673023    33.2183       1160     0.8048 0.0000e+00
     40.000    10.3277   3.663684    33.1965       1199     0.8318 0.0000e+00
     41.000    10.2264   3.653375    33.1847       1249     0.8666 0.0000e+00
     42.000    10.1710   3.648013    33.1807       1282     0.8896 0.0000e+00
     43.000    10.1483   3.646772    33.1885       1303     0.9042 0.0000e+00
     44.000    10.1039   3.642293    33.1834       1320     0.9163 0.0000e+00
     45.000    10.0820   3.639765    33.1775       1337     0.9277 0.0000e+00
     46.000    10.0655   3.637660    33.1708       1354     0.9398 0.0000e+00
     47.000    10.0585   3.636651    33.1666       1374     0.9537 0.0000e+00
     48.000    10.0245   3.633083    33.1610       1397     0.9695 0.0000e+00
     49.000     9.9888   3.629234    33.1543       1428     0.9911 0.0000e+00
     50.000     9.9701   3.626622    33.1444       1483     1.0289 0.0000e+00
     51.000     9.9746   3.626684    33.1405       1515     1.0517 0.0000e+00
     52.000     9.9741   3.626574    33.1394       1537     1.0666 0.0000e+00
     53.000     9.9722   3.626300    33.1379       1557     1.0803 0.0000e+00
     54.000     9.9710   3.626044    33.1359       1575     1.0933 0.0000e+00
     55.000     9.9702   3.625851    33.1343       1593     1.1059 0.0000e+00
     56.000     9.9690   3.625697    33.1334       1611     1.1184 0.0000e+00
     57.000     9.9660   3.625338    33.1320       1631     1.1320 0.0000e+00
     58.000     9.9602   3.624771    33.1311       1658     1.1506 0.0000e+00
     59.000     9.9639   3.625342    33.1331       1706     1.1842 0.0000e+00
     60.000     9.9729   3.626364    33.1348       1748     1.2129 0.0000e+00
     61.000     9.9743   3.626462    33.1340       1775     1.2318 0.0000e+00
     62.000     9.9781   3.626835    33.1339       1800     1.2491 0.0000e+00
     63.000     9.9816   3.627277    33.1347       1822     1.2649 0.0000e+00
     64.000     9.9850   3.627676    33.1353       1843     1.2789 0.0000e+00
     65.000     9.9867   3.627904    33.1355       1861     1.2919 0.0000e+00
     66.000     9.9906   3.628415    33.1368       1880     1.3050 0.0000e+00
     67.000     9.9931   3.628835    33.1382       1901     1.3193 0.0000e+00
     68.000     9.9941   3.628966    33.1382       1923     1.3348 0.0000e+00
     69.000     9.9997   3.629892    33.1421       1948     1.3520 0.0000e+00
     70.000    10.0048   3.631197    33.1502       2004     1.3908 0.0000e+00
     71.000    10.0061   3.631370    33.1503       2059     1.4290 0.0000e+00
     72.000    10.0120   3.632084    33.1517       2076     1.4411 0.0000e+00
     73.000    10.0127   3.633020    33.1601       2092     1.4519 0.0000e+00
     74.000    10.0148   3.633742    33.1651       2107     1.4625 0.0000e+00
     75.000     9.9939   3.632406    33.1703       2124     1.4742 0.0000e+00
     76.000     9.9377   3.627134    33.1678       2144     1.4884 0.0000e+00
     77.000     9.9301   3.626813    33.1711       2170     1.5062 0.0000e+00
     78.000     9.9447   3.628967    33.1791       2201     1.5278 0.0000e+00
     79.000     9.9474   3.629593    33.1826       2232     1.5492 0.0000e+00
     80.000     9.9639   3.631424    33.1855       2258     1.5672 0.0000e+00
     81.000     9.9925   3.635463    33.1999       2287     1.5875 0.0000e+00
     82.000    10.0019   3.637029    33.2067       2337     1.6219 0.0000e+00
     83.000    10.0213   3.639465    33.2132       2372     1.6465 0.0000e+00
     84.000    10.0403   3.641523    33.2161       2389     1.6586 0.0000e+00
     85.000    10.0633   3.644490    33.2247       2404     1.6687 0.0000e+00
     86.000    10.0780   3.646240    33.2286       2418     1.6784 0.0000e+00
     87.000    10.0995   3.649041    33.2368       2433     1.6892 0.0000e+00
     88.000    10.1155   3.651526    33.2468       2453     1.7031 0.0000e+00
     89.000    10.1280   3.654779    33.2678       2489     1.7276 0.0000e+00
     90.000    10.1800   3.662084    33.2935       2542     1.7644 0.0000e+00
     91.000    10.2277   3.670431    33.3336       2576     1.7881 0.0000e+00
     92.000    10.2554   3.674628    33.3502       2602     1.8064 0.0000e+00
     93.000    10.2690   3.676619    33.3573       2624     1.8214 0.0000e+00
     94.000    10.3097   3.681829    33.3721       2642     1.8344 0.0000e+00
     95.000    10.3190   3.683223    33.3772       2660     1.8466 0.0000e+00
     96.000    10.3367   3.685130    33.3797       2679     1.8596 0.0000e+00
     97.000    10.4010   3.692921    33.3987       2703     1.8761 0.0000e+00
     98.000    10.4264   3.696955    33.4155       2743     1.9045 0.0000e+00
     99.000    10.4337   3.698609    33.4251       2788     1.9352 0.0000e+00
    100.000    10.4453   3.700229    33.4302       2812     1.9520 0.0000e+00
    101.000    10.4962   3.706129    33.4424       2831     1.9653 0.0000e+00
    102.000    10.5405   3.711170    33.4519       2850     1.9782 0.0000e+00
    103.000    10.5991   3.718478    33.4710       2870     1.9927 0.0000e+00
    104.000    10.7072   3.730796    33.4947       2898     2.0121 0.0000e+00
    105.000    10.8638   3.750068    33.5433       2945     2.0445 0.0000e+00
    106.000    10.9308   3.758386    33.5643       2986     2.0726 0.0000e+00
    107.000    10.9808   3.764511    33.5790       3007     2.0872 0.0000e+00
    108.000    11.0031   3.767347    33.5864       3023     2.0983 0.0000e+00
    109.000    11.1158   3.779296    33.6014       3036     2.1080 0.0000e+00
    110.000    11.2639   3.798625    33.6569       3050     2.1173 0.0000e+00
    111.000    11.4857   3.825058    33.7145       3064     2.1273 0.0000e+00
    112.000    11.5806   3.841537    33.7894       3084     2.1410 0.0000e+00
    113.000    11.5598   3.841170    33.8044       3184     2.2103 0.0000e+00
    114.000    11.3680   3.822454    33.7951       3216     2.2329 0.0000e+00
    115.000    11.3076   3.815282    33.7792       3231     2.2427 0.0000e+00
    116.000    11.1374   3.797763    33.7615       3244     2.2519 0.0000e+00
    117.000    11.0791   3.790086    33.7385       3256     2.2605 0.0000e+00
    118.000    11.3957   3.821315    33.7564       3269     2.2693 0.0000e+00
    119.000    11.8940   3.886759    33.9426       3283     2.2792 0.0000e+00
    120.000    12.1542   3.919221    34.0204       3303     2.2930 0.0000e+00
    121.000    12.4205   3.955872    34.1318       3357     2.3304 0.0000e+00
    122.000    12.2969   3.943580    34.1253       3408     2.3663 0.0000e+00
    123.000    12.0875   3.922192    34.1087       3433     2.3831 0.0000e+00
    124.000    11.8941   3.899632    34.0658       3455     2.3984 0.0000e+00
    125.000    11.8580   3.896087    34.0638       3478     2.4143 0.0000e+00
    126.000    11.9407   3.904825    34.0728       3504     2.4327 0.0000e+00
    127.000    12.0850   3.922538    34.1127       3533     2.4526 0.0000e+00
    128.000    12.3587   3.953681    34.1637       3557     2.4697 0.0000e+00
    129.000    12.5259   3.979243    34.2573       3578     2.4843 0.0000e+00
    130.000    12.4386   3.970012    34.2476       3600     2.4994 0.0000e+00
    131.000    12.5033   3.980204    34.2863       3625     2.5166 0.0000e+00
    132.000    12.4850   3.980962    34.3098       3651     2.5344 0.0000e+00
    133.000    12.6249   3.997547    34.3410       3674     2.5510 0.0000e+00
    134.000    12.8713   4.030298    34.4292       3704     2.5718 0.0000e+00
    135.000    13.1510   4.073500    34.5854       3763     2.6126 0.0000e+00
    136.000    13.0856   4.064465    34.5586       3799     2.6375 0.0000e+00
    137.000    13.1201   4.069441    34.5740       3818     2.6507 0.0000e+00
    138.000    13.2450   4.084323    34.6009       3834     2.6621 0.0000e+00
    139.000    13.6732   4.140390    34.7393       3850     2.6731 0.0000e+00
    140.000    14.1375   4.207925    34.9483       3866     2.6844 0.0000e+00
    141.000    14.2812   4.231080    35.0325       3883     2.6962 0.0000e+00
    142.000    14.4901   4.267567    35.1798       3902     2.7093 0.0000e+00
    143.000    14.3409   4.254103    35.1906       3933     2.7305 0.0000e+00
    144.000    14.2273   4.243532    35.1957       4018     2.7898 0.0000e+00
    145.000    14.3488   4.263212    35.2667       4033     2.8001 0.0000e+00
    146.000    14.5380   4.296125    35.3980       4049     2.8109 0.0000e+00
    147.000    14.5553   4.299690    35.4147       4064     2.8215 0.0000e+00
    148.000    14.5812   4.304210    35.4322       4082     2.8340 0.0000e+00
    149.000    14.5998   4.307620    35.4463       4110     2.8532 0.0000e+00
    150.000    14.6443   4.315585    35.4786       4147     2.8789 0.0000e+00
    151.000    14.6849   4.322331    35.5031       4171     2.8961 0.0000e+00
    152.000    14.7074   4.327208    35.5270       4193     2.9111 0.0000e+00
    153.000    14.7106   4.329002    35.5401       4219     2.9292 0.0000e+00
    154.000    14.6895   4.329177    35.5607       4250     2.9509 0.0000e+00
    155.000    14.6483   4.326309    35.5715       4278     2.9705 0.0000e+00
    156.000    14.6484   4.326659    35.5742       4302     2.9870 0.0000e+00
    157.000    14.6542   4.328676    35.5871       4325     3.0029 0.0000e+00
    158.000    14.6725   4.332262    35.6029       4352     3.0213 0.0000e+00
    159.000    14.6771   4.334438    35.6183       4389     3.0474 0.0000e+00
    160.000    14.6746   4.334606    35.6217       4425     3.0720 0.0000e+00
    161.000    14.6857   4.336278    35.6266       4446     3.0869 0.0000e+00
    162.000    14.7155   4.339989    35.6329       4463     3.0988 0.0000e+00
    163.000    14.7137   4.341714    35.6500       4479     3.1100 0.0000e+00
    164.000    14.7331   4.345654    35.6680       4497     3.1219 0.0000e+00
    165.000    14.6971   4.341378    35.6613       4521     3.1386 0.0000e+00
    166.000    14.6944   4.341815    35.6674       4570     3.1730 0.0000e+00
    167.000    14.6964   4.342880    35.6750       4616     3.2045 0.0000e+00
    168.000    14.6861   4.342937    35.6845       4641     3.2225 0.0000e+00
    169.000    14.6693   4.342345    35.6941       4662     3.2370 0.0000e+00
    170.000    14.7276   4.351221    35.7217       4680     3.2496 0.0000e+00
    171.000    14.8460   4.372085    35.8043       4698     3.2615 0.0000e+00
    172.000    14.8552   4.379518    35.8636       4716     3.2740 0.0000e+00
    173.000    14.6149   4.359051    35.8965       4737     3.2887 0.0000e+00
    174.000    14.4707   4.341746    35.8697       4766     3.3087 0.0000e+00
    175.000    14.4248   4.336260    35.8610       4802     3.3338 0.0000e+00
    176.000    14.3911   4.332969    35.8613       4843     3.3623 0.0000e+00
    177.000    14.3369   4.327283    35.8584       4877     3.3864 0.0000e+00
    178.000    14.2790   4.320699    35.8505       4902     3.4033 0.0000e+00
    179.000    14.2307   4.315592    35.8474       4922     3.4177 0.0000e+00
    180.000    14.1940   4.311524    35.8433       4943     3.4318 0.0000e+00
    181.000    14.1298   4.304657    35.8385       4965     3.4472 0.0000e+00
    182.000    14.0924   4.300091    35.8303       4989     3.4638 0.0000e+00
    183.000    14.0387   4.294382    35.8266       5011     3.4792 0.0000e+00
    184.000    13.9706   4.287366    35.8240       5031     3.4933 0.0000e+00
    185.000    13.8994   4.279088    35.8124       5055     3.5101 0.0000e+00
    186.000    13.7679   4.264242    35.7953       5105     3.5443 0.0000e+00
    187.000    13.6906   4.255241    35.7825       5152     3.5769 0.0000e+00
    188.000    13.5957   4.244105    35.7659       5172     3.5909 0.0000e+00
    189.000    13.5668   4.240357    35.7571       5188     3.6024 0.0000e+00
    190.000    13.5210   4.235578    35.7544       5204     3.6134 0.0000e+00
    191.000    13.3993   4.222118    35.7407       5222     3.6255 0.0000e+00
    192.000    13.2857   4.209755    35.7295       5244     3.6407 0.0000e+00
    193.000    13.1862   4.198275    35.7135       5272     3.6606 0.0000e+00
    194.000    13.1120   4.189366    35.6980       5306     3.6838 0.0000e+00
    195.000    12.9449   4.172003    35.6890       5339     3.7070 0.0000e+00
    196.000    12.7061   4.144501    35.6501       5369     3.7277 0.0000e+00
    197.000    12.6338   4.135913    35.6353       5399     3.7485 0.0000e+00
    198.000    12.5594   4.127943    35.6284       5431     3.7708 0.0000e+00
    199.000    12.4428   4.115209    35.6154       5459     3.7899 0.0000e+00
    200.000    12.3947   4.109589    35.6062       5480     3.8045 0.0000e+00
    201.000    12.3716   4.106780    35.6004       5498     3.8170 0.0000e+00
    202.000    12.2960   4.099719    35.6033       5515     3.8293 0.0000e+00
    203.000    12.0126   4.070379    35.5867       5535     3.8430 0.0000e+00
    204.000    11.9378   4.059718    35.5534       5563     3.8625 0.0000e+00
    205.000    11.9263   4.058245    35.5495       5600     3.8883 0.0000e+00
    206.000    11.8141   4.046450    35.5406       5631     3.9096 0.0000e+00
