HB2304/ctd054.cnv
* Sea-Bird SBE 9 Data File:
* FileName = C:\cruise\data\ctd054.hex
* Software Version Seasave V 7.26.7.121
* Temperature SN = 4591
* Conductivity SN = 3741
* Number of Bytes Per Scan = 37
* Number of Voltage Words = 4
* Number of Scans Averaged by the Deck Unit = 1
* NMEA Latitude = 36 07.20 N
* NMEA Longitude = 075 09.49 W
* NMEA UTC (Time) = Sep 21 2023  07:21:27
* NMEA baud rate = 4800
** Ship: Bigelow HB2304
** Program:  Fall Bottom Trawl Survey
** Chief Scientist: John Galbraith
# nquan = 7
# nvalues = 50                          
# units = specified
# name 0 = depSM: Depth [salt water, m]
# name 1 = t090C: Temperature [ITS-90, deg C]
# name 2 = c0S/m: Conductivity [S/m]
# name 3 = sal00: Salinity, Practical [PSU]
# name 4 = scan: Scan Count
# name 5 = timeM: Time, Elapsed [minutes]
# name 6 = flag: flag
# span 0 =      2.000,     27.000       
# span 1 =    23.7957,    24.2521       
# span 2 =   4.848010,   4.890081       
# span 3 =    32.1591,    32.7702       
# span 4 =        188,       2904       
# span 5 =     0.1297,     2.0163       
# span 6 = 0.0000e+00, 0.0000e+00       
# interval = meters: 1                  
# start_time = Sep 21 2023 07:21:27 [NMEA time, header]
# bad_flag = -9.990e-29
*END*
      3.000    24.2424   4.848700    32.1609        188     0.1297 0.0000e+00
      4.000    24.2369   4.848212    32.1609        408     0.2827 0.0000e+00
      5.000    24.2388   4.848428    32.1609        490     0.3395 0.0000e+00
      6.000    24.2350   4.848117    32.1610        547     0.3790 0.0000e+00
      7.000    24.2334   4.848010    32.1611        570     0.3954 0.0000e+00
      8.000    24.2392   4.848560    32.1607        597     0.4138 0.0000e+00
      9.000    24.2366   4.848368    32.1608        626     0.4337 0.0000e+00
     10.000    24.2366   4.848428    32.1609        653     0.4530 0.0000e+00
     11.000    24.2385   4.848585    32.1604        679     0.4711 0.0000e+00
     12.000    24.2428   4.849034    32.1604        706     0.4893 0.0000e+00
     13.000    24.2420   4.849042    32.1607        733     0.5084 0.0000e+00
     14.000    24.2409   4.848991    32.1609        760     0.5270 0.0000e+00
     15.000    24.2443   4.849773    32.1639        785     0.5447 0.0000e+00
     16.000    24.2521   4.854154    32.1906        810     0.5616 0.0000e+00
     17.000    24.2509   4.858025    32.2199        834     0.5785 0.0000e+00
     18.000    24.2346   4.861202    32.2549        861     0.5970 0.0000e+00
     19.000    24.2081   4.863931    32.2940        889     0.6169 0.0000e+00
     20.000    24.1883   4.865643    32.3207        918     0.6368 0.0000e+00
     21.000    24.1407   4.867246    32.3668        946     0.6562 0.0000e+00
     22.000    24.0982   4.869999    32.4178        974     0.6760 0.0000e+00
     23.000    24.0728   4.881030    32.5183       1004     0.6962 0.0000e+00
     24.000    24.0649   4.883579    32.5428       1031     0.7155 0.0000e+00
     25.000    24.0674   4.888217    32.5753       1058     0.7343 0.0000e+00
     26.000    23.9111   4.887411    32.6833       1087     0.7538 0.0000e+00
     27.000    23.7957   4.887737    32.7702       1111     0.7707 0.0000e+00
     26.000    23.8281   4.890081    32.7644       1774     1.2315 0.0000e+00
     25.000    23.8930   4.886524    32.6902       1879     1.3041 0.0000e+00
     24.000    24.0287   4.886413    32.5904       1908     1.3246 0.0000e+00
     23.000    24.0496   4.883285    32.5521       1936     1.3440 0.0000e+00
     22.000    24.0650   4.880351    32.5192       1965     1.3640 0.0000e+00
     21.000    24.0932   4.870820    32.4279       1993     1.3834 0.0000e+00
     20.000    24.1458   4.866171    32.3554       2021     1.4028 0.0000e+00
     19.000    24.1806   4.864861    32.3208       2047     1.4208 0.0000e+00
     18.000    24.2034   4.863093    32.2915       2073     1.4389 0.0000e+00
     17.000    24.2246   4.860700    32.2587       2101     1.4582 0.0000e+00
     16.000    24.2409   4.858577    32.2315       2128     1.4774 0.0000e+00
     15.000    24.2461   4.855313    32.2038       2153     1.4946 0.0000e+00
     14.000    24.2438   4.852547    32.1852       2176     1.5107 0.0000e+00
     13.000    24.2421   4.850708    32.1730       2200     1.5271 0.0000e+00
     12.000    24.2418   4.849702    32.1661       2226     1.5449 0.0000e+00
     11.000    24.2418   4.848721    32.1591       2252     1.5634 0.0000e+00
     10.000    24.2412   4.848872    32.1609       2277     1.5806 0.0000e+00
      9.000    24.2422   4.849070    32.1620       2301     1.5974 0.0000e+00
      8.000    24.2426   4.848939    32.1611       2327     1.6156 0.0000e+00
      7.000    24.2416   4.848899    32.1618       2355     1.6349 0.0000e+00
      6.000    24.2422   4.848776    32.1608       2381     1.6530 0.0000e+00
      5.000    24.2426   4.848793    32.1609       2406     1.6703 0.0000e+00
      4.000    24.2437   4.848828    32.1606       2433     1.6888 0.0000e+00
      3.000    24.2434   4.848804    32.1610       2461     1.7080 0.0000e+00
      2.000    24.2450   4.848839    32.1604       2904     2.0163 0.0000e+00
