HB2304/ctd013.cnv
* Sea-Bird SBE 9 Data File:
* FileName = C:\cruise\data\ctd013.hex
* Software Version Seasave V 7.26.7.121
* Temperature SN = 4591
* Conductivity SN = 3741
* Number of Bytes Per Scan = 37
* Number of Voltage Words = 4
* Number of Scans Averaged by the Deck Unit = 1
* NMEA Latitude = 37 55.74 N
* NMEA Longitude = 074 22.24 W
* NMEA UTC (Time) = Sep 13 2023  08:35:13
* NMEA baud rate = 4800
** Ship: Bigelow HB2304
** Program:  Fall Bottom Trawl Survey
** Chief Scientist: John Galbraith
# nquan = 7
# nvalues = 109                         
# units = specified
# name 0 = depSM: Depth [salt water, m]
# name 1 = t090C: Temperature [ITS-90, deg C]
# name 2 = c0S/m: Conductivity [S/m]
# name 3 = sal00: Salinity, Practical [PSU]
# name 4 = scan: Scan Count
# name 5 = timeM: Time, Elapsed [minutes]
# name 6 = flag: flag
# span 0 =      1.000,     56.000       
# span 1 =    10.2559,    25.6257       
# span 2 =   3.637877,   4.879585       
# span 3 =    31.3530,    33.3027       
# span 4 =        170,       4022       
# span 5 =     0.1177,     2.7925       
# span 6 = 0.0000e+00, 0.0000e+00       
# interval = meters: 1                  
# start_time = Sep 13 2023 08:35:13 [NMEA time, header]
# bad_flag = -9.990e-29
*END*
      3.000    25.6257   4.879585    31.4147        170     0.1177 0.0000e+00
      4.000    25.6178   4.879305    31.4179        303     0.2098 0.0000e+00
      5.000    25.5916   4.877807    31.4248        338     0.2341 0.0000e+00
      6.000    25.5670   4.876564    31.4325        375     0.2598 0.0000e+00
      7.000    25.5445   4.877619    31.4554        401     0.2776 0.0000e+00
      8.000    24.8098   4.854043    31.7958        425     0.2946 0.0000e+00
      9.000    24.1105   4.806619    31.9408        450     0.3120 0.0000e+00
     10.000    23.8294   4.800162    32.0939        476     0.3297 0.0000e+00
     11.000    23.8934   4.842500    32.3644        501     0.3474 0.0000e+00
     12.000    23.8240   4.862949    32.5680        527     0.3651 0.0000e+00
     13.000    23.7334   4.865555    32.6537        553     0.3833 0.0000e+00
     14.000    23.7132   4.868321    32.6890        580     0.4019 0.0000e+00
     15.000    23.7091   4.873638    32.7318        606     0.4199 0.0000e+00
     16.000    22.8253   4.784554    32.7095        631     0.4375 0.0000e+00
     17.000    20.2049   4.513812    32.5647        657     0.4558 0.0000e+00
     18.000    18.0628   4.297758    32.4612        684     0.4746 0.0000e+00
     19.000    16.7912   4.189373    32.5532        712     0.4937 0.0000e+00
     20.000    15.9545   4.144651    32.8476        741     0.5140 0.0000e+00
     21.000    15.7407   4.146477    33.0408        770     0.5339 0.0000e+00
     22.000    15.7034   4.159160    33.1847        794     0.5509 0.0000e+00
     23.000    15.1415   4.119392    33.3027        816     0.5662 0.0000e+00
     24.000    14.1375   4.014348    33.2031        838     0.5811 0.0000e+00
     25.000    12.8600   3.881827    33.0716        860     0.5965 0.0000e+00
     26.000    12.5027   3.840247    32.9885        884     0.6134 0.0000e+00
     27.000    12.4941   3.838939    32.9830        913     0.6333 0.0000e+00
     28.000    12.3766   3.835190    33.0499        945     0.6557 0.0000e+00
     29.000    12.1422   3.817815    33.0894        978     0.6786 0.0000e+00
     30.000    11.9404   3.801843    33.1134       1010     0.7010 0.0000e+00
     31.000    11.7861   3.785667    33.0931       1037     0.7196 0.0000e+00
     32.000    11.6453   3.773517    33.0998       1058     0.7339 0.0000e+00
     33.000    11.2691   3.740190    33.1092       1076     0.7468 0.0000e+00
     34.000    11.0613   3.720544    33.1016       1096     0.7605 0.0000e+00
     35.000    10.7915   3.695736    33.0982       1120     0.7771 0.0000e+00
     36.000    10.5065   3.668086    33.0797       1150     0.7983 0.0000e+00
     37.000    10.4096   3.656295    33.0489       1185     0.8224 0.0000e+00
     38.000    10.4110   3.655410    33.0383       1215     0.8433 0.0000e+00
     39.000    10.3894   3.653077    33.0340       1241     0.8610 0.0000e+00
     40.000    10.3715   3.651344    33.0323       1266     0.8787 0.0000e+00
     41.000    10.3537   3.649532    33.0299       1290     0.8954 0.0000e+00
     42.000    10.3484   3.648808    33.0269       1312     0.9104 0.0000e+00
     43.000    10.3449   3.648250    33.0241       1334     0.9259 0.0000e+00
     44.000    10.3422   3.647846    33.0220       1362     0.9449 0.0000e+00
     45.000    10.3398   3.647304    33.0182       1398     0.9701 0.0000e+00
     46.000    10.3362   3.646686    33.0149       1435     0.9957 0.0000e+00
     47.000    10.3296   3.645927    33.0128       1461     1.0137 0.0000e+00
     48.000    10.3183   3.644936    33.0127       1482     1.0283 0.0000e+00
     49.000    10.3107   3.644169    33.0113       1502     1.0420 0.0000e+00
     50.000    10.3038   3.643432    33.0098       1521     1.0558 0.0000e+00
     51.000    10.2967   3.642739    33.0088       1543     1.0711 0.0000e+00
     52.000    10.2919   3.642403    33.0094       1568     1.0883 0.0000e+00
     53.000    10.2764   3.641199    33.0109       1595     1.1066 0.0000e+00
     54.000    10.2600   3.639857    33.0118       1627     1.1292 0.0000e+00
     55.000    10.2574   3.639294    33.0080       1697     1.1777 0.0000e+00
     56.000    10.2559   3.638463    33.0006       1873     1.3001 0.0000e+00
     55.000    10.2591   3.637877    32.9922       2194     1.5232 0.0000e+00
     54.000    10.2594   3.637910    32.9927       2222     1.5421 0.0000e+00
     53.000    10.2652   3.638184    32.9907       2243     1.5572 0.0000e+00
     52.000    10.2768   3.638918    32.9879       2265     1.5723 0.0000e+00
     51.000    10.2898   3.639794    32.9854       2286     1.5868 0.0000e+00
     50.000    10.2970   3.640226    32.9836       2306     1.6009 0.0000e+00
     49.000    10.3036   3.640631    32.9822       2328     1.6156 0.0000e+00
     48.000    10.3130   3.641424    32.9820       2352     1.6324 0.0000e+00
     47.000    10.3246   3.642238    32.9802       2379     1.6514 0.0000e+00
     46.000    10.3330   3.642847    32.9791       2407     1.6710 0.0000e+00
     45.000    10.3374   3.643143    32.9786       2435     1.6899 0.0000e+00
     44.000    10.3399   3.643190    32.9772       2461     1.7083 0.0000e+00
     43.000    10.3426   3.643435    32.9777       2493     1.7306 0.0000e+00
     42.000    10.3451   3.643529    32.9768       2529     1.7553 0.0000e+00
     41.000    10.3487   3.643714    32.9758       2555     1.7737 0.0000e+00
     40.000    10.3530   3.643942    32.9747       2578     1.7895 0.0000e+00
     39.000    10.3700   3.644964    32.9700       2599     1.8041 0.0000e+00
     38.000    10.3873   3.646172    32.9668       2618     1.8176 0.0000e+00
     37.000    10.4045   3.647517    32.9652       2637     1.8307 0.0000e+00
     36.000    10.4136   3.648271    32.9650       2657     1.8441 0.0000e+00
     35.000    10.5701   3.661201    32.9535       2679     1.8595 0.0000e+00
     34.000    10.7861   3.681974    32.9665       2705     1.8778 0.0000e+00
     33.000    11.0736   3.707140    32.9583       2734     1.8982 0.0000e+00
     32.000    11.2306   3.721220    32.9572       2765     1.9194 0.0000e+00
     31.000    11.5644   3.751345    32.9555       2801     1.9443 0.0000e+00
     30.000    11.7733   3.771377    32.9658       2839     1.9707 0.0000e+00
     29.000    11.8757   3.780785    32.9669       2866     1.9899 0.0000e+00
     28.000    12.1161   3.800774    32.9484       2890     2.0063 0.0000e+00
     27.000    12.3289   3.810047    32.8509       2911     2.0211 0.0000e+00
     26.000    12.4243   3.816098    32.8260       2929     2.0334 0.0000e+00
     25.000    12.5191   3.819731    32.7783       2946     2.0450 0.0000e+00
     24.000    13.1320   3.868135    32.7064       2963     2.0572 0.0000e+00
     23.000    14.5086   4.011675    32.8612       2985     2.0721 0.0000e+00
     22.000    15.1910   4.092642    33.0202       3013     2.0920 0.0000e+00
     21.000    15.5364   4.109514    32.8823       3046     2.1147 0.0000e+00
     20.000    15.6073   4.111336    32.8396       3079     2.1372 0.0000e+00
     19.000    16.1242   4.117876    32.4719       3109     2.1581 0.0000e+00
     18.000    16.8170   4.157385    32.2557       3138     2.1783 0.0000e+00
     17.000    18.6358   4.299980    32.0295       3170     2.2005 0.0000e+00
     16.000    20.4384   4.483731    32.1453       3197     2.2193 0.0000e+00
     15.000    22.5535   4.719772    32.4155       3218     2.2339 0.0000e+00
     14.000    23.3479   4.807325    32.4972       3237     2.2472 0.0000e+00
     13.000    23.4808   4.815077    32.4587       3256     2.2607 0.0000e+00
     12.000    23.7746   4.813740    32.2348       3278     2.2757 0.0000e+00
     11.000    23.8205   4.782407    31.9673       3303     2.2928 0.0000e+00
     10.000    24.3716   4.802903    31.7274       3329     2.3114 0.0000e+00
      9.000    25.2185   4.847616    31.4628       3358     2.3312 0.0000e+00
      8.000    25.4676   4.856481    31.3553       3386     2.3506 0.0000e+00
      7.000    25.4849   4.859158    31.3630       3412     2.3686 0.0000e+00
      6.000    25.5526   4.864182    31.3530       3440     2.3883 0.0000e+00
      5.000    25.5844   4.867686    31.3568       3473     2.4114 0.0000e+00
      4.000    25.6020   4.870588    31.3659       3533     2.4528 0.0000e+00
      3.000    25.5951   4.871432    31.3770       3603     2.5014 0.0000e+00
      2.000    25.6122   4.875595    31.3956       3843     2.6682 0.0000e+00
      1.000    25.6030   4.875876    31.4042       4022     2.7925 0.0000e+00
