HB2304/ctd016.cnv
* Sea-Bird SBE 9 Data File:
* FileName = C:\cruise\data\ctd016.hex
* Software Version Seasave V 7.26.7.121
* Temperature SN = 4591
* Conductivity SN = 3741
* Number of Bytes Per Scan = 37
* Number of Voltage Words = 4
* Number of Scans Averaged by the Deck Unit = 1
* NMEA Latitude = 37 37.22 N
* NMEA Longitude = 074 15.20 W
* NMEA UTC (Time) = Sep 13 2023  15:54:47
* NMEA baud rate = 4800
** Ship: Bigelow HB2304
** Program:  Fall Bottom Trawl Survey
** Chief Scientist: John Galbraith
# nquan = 7
# nvalues = 480                         
# units = specified
# name 0 = depSM: Depth [salt water, m]
# name 1 = t090C: Temperature [ITS-90, deg C]
# name 2 = c0S/m: Conductivity [S/m]
# name 3 = sal00: Salinity, Practical [PSU]
# name 4 = scan: Scan Count
# name 5 = timeM: Time, Elapsed [minutes]
# name 6 = flag: flag
# span 0 =      3.000,    243.000       
# span 1 =     9.6809,    28.5470       
# span 2 =   3.721709,   5.818705       
# span 3 =    33.5420,    36.2834       
# span 4 =        138,      15302       
# span 5 =     0.0952,    10.6259       
# span 6 = 0.0000e+00, 0.0000e+00       
# interval = meters: 1                  
# start_time = Sep 13 2023 15:54:47 [NMEA time, header]
# bad_flag = -9.990e-29
*END*
[from data line 411]
     71.000    12.5980   4.020058    34.6084      12837     8.9140 0.0000e+00
     70.000    12.7013   4.030916    34.6181      12856     8.9273 0.0000e+00
     69.000    12.7670   4.033130    34.5795      12877     8.9414 0.0000e+00
     68.000    12.8597   4.041143    34.5717      12899     8.9573 0.0000e+00
     67.000    12.9642   4.053806    34.5974      12925     8.9751 0.0000e+00
     66.000    12.8171   4.041394    34.6139      12953     8.9942 0.0000e+00
     65.000    13.1904   4.069801    34.5439      12983     9.0149 0.0000e+00
     64.000    13.2150   4.068850    34.5130      13013     9.0364 0.0000e+00
     63.000    13.3154   4.075960    34.4895      13042     9.0563 0.0000e+00
     62.000    13.0842   4.045552    34.4116      13072     9.0774 0.0000e+00
     61.000    12.8875   4.015155    34.3012      13106     9.1010 0.0000e+00
     60.000    12.2536   3.938173    34.1381      13133     9.1194 0.0000e+00
     59.000    12.1545   3.910643    33.9630      13153     9.1336 0.0000e+00
     58.000    11.7979   3.889105    34.0791      13173     9.1469 0.0000e+00
     57.000    11.1098   3.794245    33.7778      13192     9.1608 0.0000e+00
     56.000    11.4257   3.814521    33.6896      13215     9.1763 0.0000e+00
     55.000    11.3738   3.806008    33.6534      13242     9.1948 0.0000e+00
     54.000    11.4558   3.817032    33.6877      13272     9.2162 0.0000e+00
     53.000    12.2304   3.875722    33.5595      13303     9.2378 0.0000e+00
     52.000    12.5788   3.926279    33.7339      13330     9.2564 0.0000e+00
     51.000    12.8334   3.952938    33.7614      13353     9.2725 0.0000e+00
     50.000    12.9525   3.978626    33.8995      13377     9.2889 0.0000e+00
     49.000    13.2644   4.004556    33.8658      13405     9.3084 0.0000e+00
     48.000    15.4437   4.230390    34.0328      13435     9.3291 0.0000e+00
     47.000    16.4657   4.373189    34.4208      13461     9.3474 0.0000e+00
     46.000    17.5648   4.528672    34.8308      13486     9.3646 0.0000e+00
     45.000    18.2664   4.622008    35.0288      13513     9.3834 0.0000e+00
     44.000    19.8942   4.832700    35.4070      13540     9.4021 0.0000e+00
     43.000    19.7947   4.850243    35.6381      13567     9.4206 0.0000e+00
     42.000    20.2517   4.903289    35.6864      13595     9.4405 0.0000e+00
     41.000    21.0222   4.988849    35.7324      13626     9.4621 0.0000e+00
     40.000    21.3999   5.037272    35.8044      13657     9.4831 0.0000e+00
     39.000    22.2161   5.141624    35.9537      13686     9.5035 0.0000e+00
     38.000    22.4217   5.168794    35.9972      13715     9.5239 0.0000e+00
     37.000    22.5566   5.188658    36.0415      13746     9.5452 0.0000e+00
     36.000    22.6153   5.197171    36.0598      13777     9.5668 0.0000e+00
     35.000    22.6919   5.205638    36.0630      13805     9.5858 0.0000e+00
     34.000    22.8068   5.218862    36.0715      13829     9.6024 0.0000e+00
     33.000    23.0314   5.244824    36.0885      13854     9.6198 0.0000e+00
     32.000    23.1554   5.259989    36.1043      13882     9.6395 0.0000e+00
     31.000    23.2282   5.269921    36.1215      13911     9.6596 0.0000e+00
     30.000    23.2816   5.275096    36.1180      13939     9.6792 0.0000e+00
     29.000    23.3522   5.282565    36.1181      13966     9.6978 0.0000e+00
     28.000    23.7460   5.317899    36.0678      13992     9.7158 0.0000e+00
     27.000    24.2802   5.376814    36.0828      14018     9.7341 0.0000e+00
     26.000    24.7165   5.423993    36.0869      14044     9.7522 0.0000e+00
     25.000    25.1720   5.466740    36.0424      14070     9.7700 0.0000e+00
     24.000    25.5720   5.504547    36.0047      14094     9.7868 0.0000e+00
     23.000    25.8777   5.537752    36.0075      14117     9.8026 0.0000e+00
     22.000    26.2204   5.573833    36.0020      14139     9.8183 0.0000e+00
     21.000    26.3484   5.591683    36.0319      14164     9.8352 0.0000e+00
     20.000    26.7985   5.638372    36.0185      14192     9.8547 0.0000e+00
     19.000    27.1164   5.673329    36.0230      14223     9.8764 0.0000e+00
     18.000    27.4843   5.711192    36.0093      14252     9.8967 0.0000e+00
     17.000    27.7696   5.740073    35.9950      14277     9.9137 0.0000e+00
     16.000    28.0833   5.772865    35.9865      14299     9.9295 0.0000e+00
     15.000    28.3690   5.800904    35.9658      14323     9.9456 0.0000e+00
     14.000    28.4965   5.806060    35.9053      14349     9.9636 0.0000e+00
     13.000    28.5299   5.796394    35.8129      14377     9.9837 0.0000e+00
     12.000    28.4605   5.780715    35.7562      14407    10.0041 0.0000e+00
     11.000    28.4219   5.770675    35.7156      14434    10.0227 0.0000e+00
     10.000    28.4003   5.759107    35.6514      14457    10.0392 0.0000e+00
      9.000    28.3594   5.749606    35.6162      14479    10.0540 0.0000e+00
      8.000    28.2983   5.730803    35.5310      14499    10.0684 0.0000e+00
      7.000    28.2498   5.710370    35.4248      14522    10.0842 0.0000e+00
      6.000    28.2128   5.697656    35.3639      15084    10.4741 0.0000e+00
      5.000    28.1758   5.683311    35.2915      15234    10.5786 0.0000e+00
      4.000    28.1007   5.659083    35.1782      15262    10.5983 0.0000e+00
      3.000    27.8125   5.582669    34.8562      15302    10.6259 0.0000e+00
