HB2304/ctd037.cnv
* Sea-Bird SBE 9 Data File:
* FileName = C:\cruise\data\ctd037.hex
* Software Version Seasave V 7.26.7.121
* Temperature SN = 4591
* Conductivity SN = 3741
* Number of Bytes Per Scan = 37
* Number of Voltage Words = 4
* Number of Scans Averaged by the Deck Unit = 1
* NMEA Latitude = 35 20.32 N
* NMEA Longitude = 075 20.74 W
* NMEA UTC (Time) = Sep 19 2023  04:53:59
* NMEA baud rate = 4800
** Ship: Bigelow HB2304
** Program:  Fall Bottom Trawl Survey
** Chief Scientist: John Galbraith
# nquan = 7
# nvalues = 39                          
# units = specified
# name 0 = depSM: Depth [salt water, m]
# name 1 = t090C: Temperature [ITS-90, deg C]
# name 2 = c0S/m: Conductivity [S/m]
# name 3 = sal00: Salinity, Practical [PSU]
# name 4 = scan: Scan Count
# name 5 = timeM: Time, Elapsed [minutes]
# name 6 = flag: flag
# span 0 =      1.000,     21.000       
# span 1 =    25.8341,    27.2443       
# span 2 =   5.114707,   5.531570       
# span 3 =    32.9658,    34.9136       
# span 4 =        299,       2220       
# span 5 =     0.2073,     1.5412       
# span 6 = 0.0000e+00, 0.0000e+00       
# interval = meters: 1                  
# start_time = Sep 19 2023 04:53:59 [NMEA time, header]
# bad_flag = -9.990e-29
*END*
      3.000    25.8386   5.115322    32.9673        299     0.2073 0.0000e+00
      4.000    25.8341   5.114707    32.9658        576     0.3992 0.0000e+00
      5.000    25.8710   5.120228    32.9788        574     0.3977 0.0000e+00
      6.000    25.9097   5.127454    33.0028        594     0.4115 0.0000e+00
      7.000    25.9775   5.141314    33.0538        615     0.4261 0.0000e+00
      8.000    26.0121   5.151418    33.1014        640     0.4440 0.0000e+00
      9.000    26.1223   5.178927    33.2198        675     0.4678 0.0000e+00
     10.000    26.2949   5.224068    33.4193        711     0.4929 0.0000e+00
     11.000    26.4111   5.258137    33.5791        738     0.5121 0.0000e+00
     12.000    26.5411   5.294802    33.7469        760     0.5270 0.0000e+00
     13.000    26.6313   5.326112    33.9048        780     0.5407 0.0000e+00
     14.000    26.7335   5.367319    34.1241        801     0.5555 0.0000e+00
     15.000    26.7550   5.379666    34.1963        827     0.5737 0.0000e+00
     16.000    26.7599   5.384015    34.2235        856     0.5941 0.0000e+00
     17.000    26.7703   5.389937    34.2578        883     0.6125 0.0000e+00
     18.000    26.9686   5.449708    34.5372        909     0.6306 0.0000e+00
     19.000    27.1488   5.503869    34.7885        943     0.6539 0.0000e+00
     20.000    27.2203   5.524100    34.8787       1000     0.6937 0.0000e+00
     21.000    27.2443   5.531570    34.9136       1097     0.7611 0.0000e+00
     20.000    27.2223   5.526096    34.8914       1351     0.9373 0.0000e+00
     19.000    27.1765   5.515420    34.8500       1454     1.0088 0.0000e+00
     18.000    27.0666   5.486890    34.7293       1479     1.0263 0.0000e+00
     17.000    26.9269   5.445863    34.5411       1503     1.0431 0.0000e+00
     16.000    26.7849   5.397330    34.3001       1527     1.0596 0.0000e+00
     15.000    26.7623   5.385672    34.2338       1554     1.0784 0.0000e+00
     14.000    26.7577   5.381502    34.2077       1583     1.0989 0.0000e+00
     13.000    26.7206   5.367144    34.1327       1610     1.1177 0.0000e+00
     12.000    26.6187   5.326315    33.9157       1638     1.1365 0.0000e+00
     11.000    26.5063   5.291010    33.7455       1664     1.1547 0.0000e+00
     10.000    26.3733   5.252879    33.5692       1687     1.1709 0.0000e+00
      9.000    26.2768   5.223779    33.4306       1708     1.1856 0.0000e+00
      8.000    26.1260   5.185802    33.2670       1729     1.2000 0.0000e+00
      7.000    26.0233   5.157403    33.1368       1755     1.2183 0.0000e+00
      6.000    25.8959   5.128772    33.0223       1797     1.2473 0.0000e+00
      5.000    25.8633   5.121762    32.9954       1830     1.2701 0.0000e+00
      4.000    25.8473   5.118324    32.9824       1853     1.2858 0.0000e+00
      3.000    25.8375   5.115636    32.9703       2076     1.4407 0.0000e+00
      2.000    25.8430   5.116298    32.9714       2176     1.5107 0.0000e+00
      1.000    25.8418   5.116324    32.9728       2220     1.5412 0.0000e+00
