HB2304/ctd011.cnv
* Sea-Bird SBE 9 Data File:
* FileName = C:\cruise\data\ctd011.hex
* Software Version Seasave V 7.26.7.121
* Temperature SN = 4591
* Conductivity SN = 3741
* Number of Bytes Per Scan = 37
* Number of Voltage Words = 4
* Number of Scans Averaged by the Deck Unit = 1
* NMEA Latitude = 38 32.30 N
* NMEA Longitude = 073 58.81 W
* NMEA UTC (Time) = Sep 12 2023  12:19:28
* NMEA baud rate = 4800
** Ship: Bigelow HB2304
** Program:  Fall Bottom Trawl Survey
** Chief Scientist: John Galbraith
# nquan = 7
# nvalues = 94                          
# units = specified
# name 0 = depSM: Depth [salt water, m]
# name 1 = t090C: Temperature [ITS-90, deg C]
# name 2 = c0S/m: Conductivity [S/m]
# name 3 = sal00: Salinity, Practical [PSU]
# name 4 = scan: Scan Count
# name 5 = timeM: Time, Elapsed [minutes]
# name 6 = flag: flag
# span 0 =      2.000,     49.000       
# span 1 =    10.3515,    24.8735       
# span 2 =   3.641212,   5.048365       
# span 3 =    32.1435,    34.2880       
# span 4 =        177,       3322       
# span 5 =     0.1219,     2.3060       
# span 6 = 0.0000e+00, 0.0000e+00       
# interval = meters: 1                  
# start_time = Sep 12 2023 12:19:28 [NMEA time, header]
# bad_flag = -9.990e-29
*END*
      3.000    24.6764   4.923478    32.4026        177     0.1219 0.0000e+00
      4.000    24.6689   4.918766    32.3729        340     0.2357 0.0000e+00
      5.000    24.5103   4.933367    32.5951        364     0.2518 0.0000e+00
      6.000    24.4021   4.928934    32.6405        386     0.2676 0.0000e+00
      7.000    24.2648   4.904017    32.5548        410     0.2842 0.0000e+00
      8.000    24.2544   4.898199    32.5188        434     0.3004 0.0000e+00
      9.000    24.2911   4.897476    32.4865        458     0.3172 0.0000e+00
     10.000    24.2097   4.884413    32.4480        484     0.3355 0.0000e+00
     11.000    24.1932   4.883423    32.4523        514     0.3559 0.0000e+00
     12.000    24.1452   4.881875    32.4753        544     0.3774 0.0000e+00
     13.000    23.8125   4.892639    32.7993        573     0.3973 0.0000e+00
     14.000    23.7674   4.937506    33.1698        600     0.4158 0.0000e+00
     15.000    24.0025   5.000231    33.4653        626     0.4342 0.0000e+00
     16.000    24.0085   5.041778    33.7730        653     0.4528 0.0000e+00
     17.000    23.8061   5.048365    33.9763        679     0.4709 0.0000e+00
     18.000    23.4293   5.017229    34.0287        703     0.4877 0.0000e+00
     19.000    23.2370   4.994787    34.0054        727     0.5041 0.0000e+00
     20.000    23.3211   5.012402    34.0747        752     0.5215 0.0000e+00
     21.000    23.0818   5.002790    34.1862        778     0.5398 0.0000e+00
     22.000    22.9927   4.996817    34.2094        806     0.5588 0.0000e+00
     23.000    22.8859   4.992486    34.2591        833     0.5776 0.0000e+00
     24.000    22.6334   4.970699    34.2880        861     0.5974 0.0000e+00
     25.000    22.4284   4.946876    34.2639        892     0.6186 0.0000e+00
     26.000    21.6931   4.864877    34.2019        921     0.6389 0.0000e+00
     27.000    19.9622   4.671002    34.0312        950     0.6589 0.0000e+00
     28.000    18.9246   4.544392    33.8316        978     0.6781 0.0000e+00
     29.000    18.3300   4.477854    33.7605       1003     0.6959 0.0000e+00
     30.000    17.0606   4.341979    33.6499       1028     0.7129 0.0000e+00
     31.000    15.2679   4.152789    33.4914       1051     0.7293 0.0000e+00
     32.000    13.7527   3.987722    33.2856       1075     0.7458 0.0000e+00
     33.000    12.4290   3.844552    33.0912       1101     0.7639 0.0000e+00
     34.000    11.8187   3.778389    32.9920       1128     0.7827 0.0000e+00
     35.000    11.6037   3.757516    32.9792       1156     0.8019 0.0000e+00
     36.000    11.3591   3.736063    32.9866       1186     0.8231 0.0000e+00
     37.000    11.1409   3.714619    32.9701       1218     0.8450 0.0000e+00
     38.000    10.8172   3.681952    32.9365       1247     0.8654 0.0000e+00
     39.000    10.6344   3.668087    32.9625       1273     0.8836 0.0000e+00
     40.000    10.5624   3.662469    32.9710       1300     0.9021 0.0000e+00
     41.000    10.5150   3.659219    32.9808       1327     0.9209 0.0000e+00
     42.000    10.4546   3.653952    32.9822       1353     0.9389 0.0000e+00
     43.000    10.4135   3.650515    32.9845       1378     0.9561 0.0000e+00
     44.000    10.3776   3.647646    32.9879       1401     0.9724 0.0000e+00
     45.000    10.3691   3.646654    32.9852       1426     0.9897 0.0000e+00
     46.000    10.3604   3.645666    32.9827       1455     1.0099 0.0000e+00
     47.000    10.3563   3.644924    32.9785       1486     1.0312 0.0000e+00
     48.000    10.3563   3.644460    32.9733       1517     1.0529 0.0000e+00
     49.000    10.3515   3.644064    32.9734       1544     1.0718 0.0000e+00
     48.000    10.3597   3.641540    32.9409       1873     1.3002 0.0000e+00
     47.000    10.3588   3.641274    32.9394       1942     1.3476 0.0000e+00
     46.000    10.3614   3.641212    32.9369       1977     1.3726 0.0000e+00
     45.000    10.3652   3.641274    32.9345       2006     1.3924 0.0000e+00
     44.000    10.3782   3.641743    32.9279       2032     1.4106 0.0000e+00
     43.000    10.4244   3.644096    32.9102       2055     1.4266 0.0000e+00
     42.000    10.4732   3.647474    32.9004       2078     1.4422 0.0000e+00
     41.000    10.5352   3.651677    32.8870       2101     1.4586 0.0000e+00
     40.000    10.5806   3.654106    32.8708       2127     1.4761 0.0000e+00
     39.000    10.6886   3.658910    32.8221       2152     1.4937 0.0000e+00
     38.000    10.8403   3.669560    32.7925       2175     1.5100 0.0000e+00
     37.000    11.1775   3.699076    32.7839       2200     1.5272 0.0000e+00
     36.000    11.4868   3.728452    32.7983       2229     1.5471 0.0000e+00
     35.000    11.6972   3.743913    32.7636       2258     1.5677 0.0000e+00
     34.000    12.1514   3.781737    32.7310       2285     1.5862 0.0000e+00
     33.000    13.4301   3.902961    32.7724       2310     1.6032 0.0000e+00
     32.000    15.3413   4.099981    32.9533       2335     1.6207 0.0000e+00
     31.000    16.7797   4.263378    33.2007       2362     1.6393 0.0000e+00
     30.000    17.6793   4.364140    33.3289       2388     1.6577 0.0000e+00
     29.000    18.5022   4.461382    33.4812       2414     1.6754 0.0000e+00
     28.000    18.9521   4.514699    33.5621       2438     1.6927 0.0000e+00
     27.000    20.0881   4.632137    33.6140       2464     1.7102 0.0000e+00
     26.000    21.9260   4.850652    33.9063       2490     1.7284 0.0000e+00
     25.000    22.4807   4.928120    34.0773       2518     1.7477 0.0000e+00
     24.000    22.7632   4.960244    34.1057       2547     1.7680 0.0000e+00
     23.000    22.9268   4.973629    34.0820       2578     1.7895 0.0000e+00
     22.000    23.1172   4.987540    34.0415       2605     1.8085 0.0000e+00
     21.000    23.2235   4.990042    33.9789       2630     1.8255 0.0000e+00
     20.000    23.3990   4.994131    33.8755       2655     1.8428 0.0000e+00
     19.000    23.8367   5.036717    33.8643       2681     1.8614 0.0000e+00
     18.000    23.9890   5.029852    33.6973       2708     1.8802 0.0000e+00
     17.000    24.0079   5.004683    33.4941       2735     1.8985 0.0000e+00
     16.000    23.7975   4.938149    33.1516       2763     1.9179 0.0000e+00
     15.000    23.6944   4.898192    32.9276       2792     1.9380 0.0000e+00
     14.000    23.8279   4.878104    32.6783       2821     1.9580 0.0000e+00
     13.000    24.0843   4.868912    32.4226       2850     1.9781 0.0000e+00
     12.000    24.3049   4.872847    32.2926       2878     1.9978 0.0000e+00
     11.000    24.3761   4.871955    32.2350       2907     2.0181 0.0000e+00
     10.000    24.4973   4.878362    32.1958       2935     2.0372 0.0000e+00
      9.000    24.6388   4.887492    32.1623       2959     2.0539 0.0000e+00
      8.000    24.7277   4.894046    32.1475       2982     2.0700 0.0000e+00
      7.000    24.7761   4.898160    32.1435       3006     2.0868 0.0000e+00
      6.000    24.8175   4.902292    32.1447       3032     2.1049 0.0000e+00
      5.000    24.8386   4.904704    32.1477       3060     2.1246 0.0000e+00
      4.000    24.8261   4.905244    32.1609       3088     2.1438 0.0000e+00
      3.000    24.7880   4.903752    32.1774       3121     2.1666 0.0000e+00
      2.000    24.8735   4.911229    32.1717       3322     2.3060 0.0000e+00
