HB2304/ctd007.cnv
* Sea-Bird SBE 9 Data File:
* FileName = C:\cruise\data\ctd007.hex
* Software Version Seasave V 7.26.7.121
* Temperature SN = 4591
* Conductivity SN = 3741
* Number of Bytes Per Scan = 37
* Number of Voltage Words = 4
* Number of Scans Averaged by the Deck Unit = 1
* NMEA Latitude = 38 31.96 N
* NMEA Longitude = 073 19.44 W
* NMEA UTC (Time) = Sep 11 2023  21:53:52
* NMEA baud rate = 4800
** Ship: Bigelow HB2304
** Program:  Fall Bottom Trawl Survey
** Chief Scientist: John Galbraith
# nquan = 7
# nvalues = 224                         
# units = specified
# name 0 = depSM: Depth [salt water, m]
# name 1 = t090C: Temperature [ITS-90, deg C]
# name 2 = c0S/m: Conductivity [S/m]
# name 3 = sal00: Salinity, Practical [PSU]
# name 4 = scan: Scan Count
# name 5 = timeM: Time, Elapsed [minutes]
# name 6 = flag: flag
# span 0 =      1.000,    114.000       
# span 1 =    12.4365,    26.4686       
# span 2 =   3.990309,   5.326153       
# span 3 =    33.9968,    35.6435       
# span 4 =        273,      10304       
# span 5 =     0.1891,     7.1547       
# span 6 = 0.0000e+00, 0.0000e+00       
# interval = meters: 1                  
# start_time = Sep 11 2023 21:53:52 [NMEA time, header]
# bad_flag = -9.990e-29
*END*
      4.000    25.9731   5.283611    34.0874        273     0.1891 0.0000e+00
      5.000    25.9613   5.282773    34.0899        498     0.3448 0.0000e+00
      6.000    25.9418   5.280601    34.0883        606     0.4202 0.0000e+00
      7.000    25.9269   5.281459    34.1053        661     0.4585 0.0000e+00
      8.000    25.8581   5.283177    34.1688        692     0.4799 0.0000e+00
      9.000    25.8001   5.291150    34.2699        845     0.5864 0.0000e+00
     10.000    25.6336   5.291368    34.3964        910     0.6313 0.0000e+00
     11.000    25.4620   5.282133    34.4582        942     0.6533 0.0000e+00
     12.000    25.3760   5.273914    34.4628        968     0.6714 0.0000e+00
     13.000    25.3193   5.270023    34.4769        991     0.6873 0.0000e+00
     14.000    25.2499   5.261865    34.4693       1014     0.7038 0.0000e+00
     15.000    25.1866   5.261304    34.5130       1042     0.7226 0.0000e+00
     16.000    25.1702   5.270944    34.5963       1072     0.7437 0.0000e+00
     17.000    25.1859   5.276453    34.6247       1101     0.7641 0.0000e+00
     18.000    25.2038   5.284117    34.6672       1128     0.7828 0.0000e+00
     19.000    25.3944   5.326153    34.8305       1157     0.8029 0.0000e+00
     20.000    25.2157   5.316716    34.8980       1188     0.8242 0.0000e+00
     21.000    24.9238   5.283812    34.8794       1214     0.8425 0.0000e+00
     22.000    24.8716   5.279699    34.8888       1236     0.8573 0.0000e+00
     23.000    24.8350   5.276888    34.8960       1256     0.8714 0.0000e+00
     24.000    24.7805   5.271709    34.8993       1278     0.8868 0.0000e+00
     25.000    24.7243   5.266606    34.9046       1305     0.9055 0.0000e+00
     26.000    24.6078   5.256541    34.9196       1336     0.9273 0.0000e+00
     27.000    24.4653   5.240600    34.9109       1367     0.9489 0.0000e+00
     28.000    24.4371   5.238463    34.9165       1395     0.9684 0.0000e+00
     29.000    24.4529   5.242214    34.9320       1421     0.9862 0.0000e+00
     30.000    24.4444   5.245071    34.9596       1447     1.0039 0.0000e+00
     31.000    24.3452   5.238779    34.9896       1473     1.0224 0.0000e+00
     32.000    24.0494   5.220268    35.0819       1500     1.0412 0.0000e+00
     33.000    23.4489   5.171518    35.1861       1526     1.0589 0.0000e+00
     34.000    22.5592   5.075054    35.1540       1550     1.0755 0.0000e+00
     35.000    22.1042   5.025740    35.1358       1574     1.0923 0.0000e+00
     36.000    21.7831   4.989749    35.1126       1599     1.1097 0.0000e+00
     37.000    21.4852   4.956036    35.0878       1625     1.1278 0.0000e+00
     38.000    21.0700   4.912142    35.0769       1653     1.1472 0.0000e+00
     39.000    20.7870   4.879311    35.0455       1684     1.1685 0.0000e+00
     40.000    20.4421   4.841434    35.0234       1714     1.1895 0.0000e+00
     41.000    19.9035   4.783340    34.9959       1740     1.2078 0.0000e+00
     42.000    19.1748   4.700477    34.9202       1763     1.2235 0.0000e+00
     43.000    18.2766   4.603373    34.8618       1783     1.2377 0.0000e+00
     44.000    17.5283   4.511581    34.7157       1805     1.2525 0.0000e+00
     45.000    17.1430   4.468355    34.6718       1830     1.2704 0.0000e+00
     46.000    16.5904   4.409551    34.6343       1863     1.2928 0.0000e+00
     47.000    15.7491   4.324797    34.6150       1893     1.3138 0.0000e+00
     48.000    15.3052   4.277010    34.5751       1918     1.3314 0.0000e+00
     49.000    15.0617   4.255289    34.5929       1942     1.3477 0.0000e+00
     50.000    14.9733   4.255469    34.6725       1966     1.3644 0.0000e+00
     51.000    14.8329   4.248381    34.7325       1993     1.3837 0.0000e+00
     52.000    14.5013   4.222614    34.7924       2025     1.4056 0.0000e+00
     53.000    14.1955   4.188517    34.7520       2052     1.4241 0.0000e+00
     54.000    14.1659   4.183781    34.7343       2073     1.4386 0.0000e+00
     55.000    14.0273   4.169357    34.7248       2093     1.4531 0.0000e+00
     56.000    13.6981   4.131565    34.6690       2118     1.4704 0.0000e+00
     57.000    13.4995   4.110205    34.6480       2150     1.4924 0.0000e+00
     58.000    13.1995   4.077613    34.6126       2180     1.5134 0.0000e+00
     59.000    12.7928   4.035428    34.5820       2205     1.5309 0.0000e+00
     60.000    12.4365   3.995648    34.5266       2230     1.5482 0.0000e+00
     61.000    12.4503   3.995395    34.5111       2258     1.5674 0.0000e+00
     62.000    12.4705   3.997165    34.5091       2288     1.5884 0.0000e+00
     63.000    12.4978   4.000102    34.5119       2315     1.6071 0.0000e+00
     64.000    12.5266   4.003774    34.5204       2339     1.6235 0.0000e+00
     65.000    12.5695   4.009232    34.5331       2362     1.6394 0.0000e+00
     66.000    12.6056   4.013881    34.5442       2386     1.6564 0.0000e+00
     67.000    12.5763   4.011552    34.5484       2415     1.6761 0.0000e+00
     68.000    12.5624   4.009943    34.5452       2443     1.6959 0.0000e+00
     69.000    12.7420   4.034511    34.6155       2469     1.7140 0.0000e+00
     70.000    12.8646   4.053644    34.6858       2495     1.7319 0.0000e+00
     71.000    12.9988   4.071600    34.7335       2523     1.7513 0.0000e+00
     72.000    13.1670   4.093738    34.7894       2555     1.7737 0.0000e+00
     73.000    13.3070   4.114786    34.8602       2587     1.7957 0.0000e+00
     74.000    13.3648   4.123196    34.8864       2613     1.8137 0.0000e+00
     75.000    13.4247   4.133506    34.9285       2635     1.8292 0.0000e+00
     76.000    13.5187   4.146996    34.9692       2658     1.8452 0.0000e+00
     77.000    13.6247   4.162525    35.0179       2684     1.8634 0.0000e+00
     78.000    13.7351   4.177777    35.0596       2713     1.8835 0.0000e+00
     79.000    13.8707   4.197889    35.1234       2740     1.9021 0.0000e+00
     80.000    13.9335   4.206795    35.1488       2764     1.9186 0.0000e+00
     81.000    14.0530   4.223284    35.1929       2788     1.9356 0.0000e+00
     82.000    14.1546   4.238213    35.2386       2815     1.9541 0.0000e+00
     83.000    14.2530   4.253659    35.2917       2844     1.9742 0.0000e+00
     84.000    14.2953   4.262978    35.3391       2873     1.9946 0.0000e+00
     85.000    14.3043   4.265433    35.3532       2903     2.0152 0.0000e+00
     86.000    14.3298   4.270319    35.3747       2932     2.0355 0.0000e+00
     87.000    14.3601   4.275580    35.3953       2961     2.0552 0.0000e+00
     88.000    14.3804   4.278816    35.4063       2988     2.0741 0.0000e+00
     89.000    14.4142   4.283844    35.4215       3014     2.0925 0.0000e+00
     90.000    14.4255   4.286260    35.4331       3040     2.1103 0.0000e+00
     91.000    14.4301   4.288742    35.4513       3063     2.1266 0.0000e+00
     92.000    14.4160   4.287392    35.4514       3745     2.5999 0.0000e+00
     93.000    14.3757   4.283401    35.4510       3946     2.7393 0.0000e+00
     94.000    14.3167   4.276911    35.4445       3969     2.7556 0.0000e+00
     95.000    14.2554   4.272236    35.4570       3996     2.7746 0.0000e+00
     96.000    14.2323   4.270674    35.4633       4027     2.7961 0.0000e+00
     97.000    14.2137   4.269604    35.4700       4061     2.8197 0.0000e+00
     98.000    14.1966   4.267917    35.4697       4093     2.8414 0.0000e+00
     99.000    14.1578   4.264001    35.4685       4124     2.8630 0.0000e+00
    100.000    14.1092   4.261867    35.4930       4179     2.9011 0.0000e+00
    101.000    14.1281   4.265458    35.5086       4243     2.9458 0.0000e+00
    102.000    14.1426   4.267556    35.5144       4287     2.9767 0.0000e+00
    103.000    14.1550   4.269489    35.5205       4325     3.0030 0.0000e+00
    104.000    14.1632   4.270684    35.5237       4354     3.0228 0.0000e+00
    105.000    14.1660   4.271214    35.5255       4381     3.0414 0.0000e+00
    106.000    14.1623   4.271919    35.5351       4416     3.0656 0.0000e+00
    107.000    14.1416   4.271277    35.5479       4473     3.1057 0.0000e+00
    108.000    14.1290   4.271245    35.5587       4525     3.1417 0.0000e+00
    109.000    14.1022   4.271256    35.5832       4580     3.1796 0.0000e+00
    110.000    14.0741   4.272469    35.6200       4629     3.2138 0.0000e+00
    111.000    14.0700   4.273761    35.6355       4658     3.2341 0.0000e+00
    112.000    14.0210   4.269799    35.6435       4688     3.2548 0.0000e+00
    113.000    13.9198   4.259305    35.6387       4726     3.2813 0.0000e+00
    114.000    13.8705   4.253771    35.6322       4761     3.3055 0.0000e+00
    113.000    13.9237   4.258518    35.6278       5565     3.8642 0.0000e+00
    112.000    13.9402   4.259689    35.6238       6301     4.3748 0.0000e+00
    111.000    14.0181   4.267663    35.6266       6322     4.3896 0.0000e+00
    110.000    14.0557   4.271396    35.6271       6355     4.4124 0.0000e+00
    109.000    14.0639   4.271563    35.6215       6389     4.4363 0.0000e+00
    108.000    14.0876   4.270518    35.5902       6421     4.4586 0.0000e+00
    107.000    14.1104   4.270427    35.5687       6447     4.4765 0.0000e+00
    106.000    14.1212   4.270407    35.5589       6470     4.4921 0.0000e+00
    105.000    14.1394   4.270545    35.5439       6491     4.5072 0.0000e+00
    104.000    14.1421   4.270648    35.5428       6517     4.5250 0.0000e+00
    103.000    14.1458   4.270596    35.5393       6548     4.5464 0.0000e+00
    102.000    14.1573   4.269889    35.5225       6576     4.5658 0.0000e+00
    101.000    14.1507   4.268947    35.5203       6599     4.5817 0.0000e+00
    100.000    14.1443   4.267985    35.5176       6620     4.5969 0.0000e+00
     99.000    14.1353   4.266369    35.5112       6645     4.6141 0.0000e+00
     98.000    14.1453   4.263999    35.4805       6677     4.6363 0.0000e+00
     97.000    14.1642   4.264271    35.4659       6710     4.6588 0.0000e+00
     96.000    14.1809   4.265674    35.4641       6735     4.6767 0.0000e+00
     95.000    14.1962   4.266877    35.4617       6758     4.6923 0.0000e+00
     94.000    14.2081   4.267729    35.4590       6780     4.7075 0.0000e+00
     93.000    14.2399   4.269261    35.4444       6803     4.7238 0.0000e+00
     92.000    14.2880   4.273213    35.4374       6831     4.7430 0.0000e+00
     91.000    14.3506   4.279529    35.4389       6862     4.7645 0.0000e+00
     90.000    14.3777   4.282130    35.4387       6890     4.7841 0.0000e+00
     89.000    14.4040   4.284586    35.4377       6914     4.8010 0.0000e+00
     88.000    14.4036   4.284088    35.4339       6938     4.8171 0.0000e+00
     87.000    14.4112   4.284638    35.4324       6963     4.8349 0.0000e+00
     86.000    14.3963   4.282435    35.4261       6991     4.8543 0.0000e+00
     85.000    14.3774   4.278893    35.4110       7019     4.8733 0.0000e+00
     84.000    14.3324   4.272046    35.3892       7043     4.8901 0.0000e+00
     83.000    14.3152   4.267969    35.3676       7065     4.9058 0.0000e+00
     82.000    14.3197   4.268764    35.3713       7089     4.9221 0.0000e+00
     81.000    14.2731   4.260005    35.3331       7115     4.9402 0.0000e+00
     80.000    14.1840   4.245936    35.2843       7144     4.9604 0.0000e+00
     79.000    14.0733   4.229935    35.2372       7174     4.9815 0.0000e+00
     78.000    13.9592   4.213409    35.1880       7204     5.0022 0.0000e+00
     77.000    13.8575   4.199654    35.1529       7232     5.0213 0.0000e+00
     76.000    13.7639   4.185552    35.1070       7257     5.0386 0.0000e+00
     75.000    13.6564   4.169346    35.0538       7280     5.0546 0.0000e+00
     74.000    13.5886   4.159405    35.0229       7303     5.0708 0.0000e+00
     73.000    13.4942   4.145557    34.9793       7329     5.0887 0.0000e+00
     72.000    13.3965   4.129431    34.9172       7356     5.1073 0.0000e+00
     71.000    13.3241   4.119972    34.8944       7380     5.1240 0.0000e+00
     70.000    13.2620   4.106188    34.8213       7402     5.1393 0.0000e+00
     69.000    13.0597   4.083847    34.7950       7425     5.1553 0.0000e+00
     68.000    12.9664   4.068158    34.7317       7452     5.1746 0.0000e+00
     67.000    12.6746   4.027799    34.6141       7487     5.1986 0.0000e+00
     66.000    12.6228   4.015642    34.5454       7518     5.2205 0.0000e+00
     65.000    12.6482   4.016716    34.5328       7544     5.2384 0.0000e+00
     64.000    12.6309   4.014831    34.5310       7571     5.2573 0.0000e+00
     63.000    12.5966   4.009650    34.5131       7601     5.2776 0.0000e+00
     62.000    12.5533   4.003258    34.4918       7631     5.2987 0.0000e+00
     61.000    12.5175   3.998238    34.4767       7661     5.3195 0.0000e+00
     60.000    12.4871   3.994465    34.4688       7689     5.3388 0.0000e+00
     59.000    12.4575   3.990309    34.4564       7716     5.3579 0.0000e+00
     58.000    12.5481   3.996429    34.4326       7746     5.3783 0.0000e+00
     57.000    12.9630   4.037844    34.4505       7777     5.4002 0.0000e+00
     56.000    13.2201   4.068093    34.5045       7810     5.4233 0.0000e+00
     55.000    13.4649   4.092845    34.5167       7844     5.4463 0.0000e+00
     54.000    13.6906   4.116533    34.5357       7871     5.4654 0.0000e+00
     53.000    13.7951   4.130134    34.5692       7897     5.4830 0.0000e+00
     52.000    13.9607   4.148426    34.5912       7923     5.5012 0.0000e+00
     51.000    14.1289   4.166284    34.6064       7950     5.5198 0.0000e+00
     50.000    14.4069   4.193813    34.6123       7974     5.5372 0.0000e+00
     49.000    14.6878   4.219319    34.5965       7997     5.5529 0.0000e+00
     48.000    14.8388   4.228283    34.5448       8020     5.5686 0.0000e+00
     47.000    15.0755   4.239067    34.4342       8044     5.5851 0.0000e+00
     46.000    15.3954   4.265265    34.3906       8069     5.6029 0.0000e+00
     45.000    16.1867   4.341591    34.3846       8095     5.6209 0.0000e+00
     44.000    16.9852   4.424292    34.4241       8121     5.6390 0.0000e+00
     43.000    17.2964   4.463713    34.5009       8149     5.6582 0.0000e+00
     42.000    17.9983   4.540028    34.5600       8178     5.6787 0.0000e+00
     41.000    18.9215   4.642422    34.6485       8207     5.6986 0.0000e+00
     40.000    19.5596   4.713667    34.7087       8233     5.7167 0.0000e+00
     39.000    20.0615   4.772336    34.7756       8257     5.7336 0.0000e+00
     38.000    20.4253   4.816937    34.8391       8281     5.7497 0.0000e+00
     37.000    20.4988   4.825830    34.8514       8304     5.7662 0.0000e+00
     36.000    20.9357   4.874033    34.8820       8330     5.7838 0.0000e+00
     35.000    21.1194   4.895659    34.9056       8356     5.8020 0.0000e+00
     34.000    21.5328   4.942102    34.9394       8381     5.8197 0.0000e+00
     33.000    21.4269   4.933995    34.9616       8405     5.8363 0.0000e+00
     32.000    21.6051   4.954060    34.9763       8430     5.8532 0.0000e+00
     31.000    22.1912   5.006077    34.9127       8457     5.8724 0.0000e+00
     30.000    22.5590   5.046376    34.9331       8489     5.8942 0.0000e+00
     29.000    23.4033   5.131378    34.9168       8518     5.9147 0.0000e+00
     28.000    23.7040   5.160660    34.9032       8543     5.9320 0.0000e+00
     27.000    23.8688   5.175915    34.8898       8566     5.9480 0.0000e+00
     26.000    24.2046   5.206258    34.8565       8590     5.9649 0.0000e+00
     25.000    24.3559   5.221589    34.8541       8618     5.9839 0.0000e+00
     24.000    24.4863   5.233450    34.8419       8646     6.0031 0.0000e+00
     23.000    24.5829   5.243657    34.8436       8671     6.0206 0.0000e+00
     22.000    24.6957   5.254126    34.8346       8695     6.0376 0.0000e+00
     21.000    24.7367   5.257128    34.8256       8722     6.0560 0.0000e+00
     20.000    24.8139   5.265122    34.8257       8752     6.0770 0.0000e+00
