HB2304/ctd095.cnv
* Sea-Bird SBE 9 Data File:
* FileName = C:\cruise\data\ctd095.hex
* Software Version Seasave V 7.26.7.121
* Temperature SN = 4591
* Conductivity SN = 3741
* Number of Bytes Per Scan = 37
* Number of Voltage Words = 4
* Number of Scans Averaged by the Deck Unit = 1
* NMEA Latitude = 39 12.54 N
* NMEA Longitude = 072 31.41 W
* NMEA UTC (Time) = Oct 10 2023  00:49:26
* NMEA baud rate = 4800
** Ship: Bigelow HB2304
** Program:  Fall Bottom Trawl Survey
** Chief Scientist: John Galbraith
# nquan = 7
# nvalues = 351                         
# units = specified
# name 0 = depSM: Depth [salt water, m]
# name 1 = t090C: Temperature [ITS-90, deg C]
# name 2 = c0S/m: Conductivity [S/m]
# name 3 = sal00: Salinity, Practical [PSU]
# name 4 = scan: Scan Count
# name 5 = timeM: Time, Elapsed [minutes]
# name 6 = flag: flag
# span 0 =      3.000,    178.000       
# span 1 =    10.4853,    19.7678       
# span 2 =   3.697814,   4.638933       
# span 3 =    33.2116,    35.5450       
# span 4 =        329,      12068       
# span 5 =     0.2280,     8.3798       
# span 6 = 0.0000e+00, 0.0000e+00       
# interval = meters: 1                  
# start_time = Oct 10 2023 00:49:26 [NMEA time, header]
# bad_flag = -9.990e-29
*END*
[from data line 206]
    147.000    13.0593   4.134164    35.2413       7345     5.1000 0.0000e+00
    146.000    13.0679   4.133595    35.2283       7377     5.1224 0.0000e+00
    145.000    13.0725   4.133760    35.2261       7405     5.1416 0.0000e+00
    144.000    13.0702   4.132112    35.2129       7429     5.1584 0.0000e+00
    143.000    13.0597   4.129682    35.1999       7452     5.1745 0.0000e+00
    142.000    13.0605   4.128817    35.1914       7476     5.1909 0.0000e+00
    141.000    13.0628   4.128342    35.1852       7499     5.2072 0.0000e+00
    140.000    13.0650   4.127739    35.1777       7522     5.2230 0.0000e+00
    139.000    13.0665   4.127199    35.1717       7546     5.2394 0.0000e+00
    138.000    13.0627   4.125614    35.1605       7576     5.2604 0.0000e+00
    137.000    13.0560   4.124081    35.1525       7620     5.2913 0.0000e+00
    136.000    13.0555   4.123373    35.1467       7667     5.3233 0.0000e+00
    135.000    13.0413   4.120073    35.1289       7698     5.3451 0.0000e+00
    134.000    13.0085   4.112802    35.0903       7723     5.3623 0.0000e+00
    133.000    13.0052   4.110848    35.0752       7746     5.3785 0.0000e+00
    132.000    13.0217   4.110234    35.0545       7773     5.3974 0.0000e+00
    131.000    13.0413   4.110745    35.0417       7804     5.4186 0.0000e+00
    130.000    13.0441   4.110763    35.0396       7831     5.4374 0.0000e+00
    129.000    13.0373   4.108905    35.0287       7858     5.4562 0.0000e+00
    128.000    13.0288   4.106518    35.0142       7893     5.4807 0.0000e+00
    127.000    12.9714   4.097505    34.9818       7929     5.5054 0.0000e+00
    126.000    12.9906   4.098441    34.9734       7954     5.5230 0.0000e+00
    125.000    13.0091   4.100566    34.9770       7976     5.5384 0.0000e+00
    124.000    12.9523   4.093087    34.9585       8001     5.5554 0.0000e+00
    123.000    12.9271   4.088824    34.9416       8031     5.5763 0.0000e+00
    122.000    12.8719   4.081788    34.9257       8060     5.5963 0.0000e+00
    121.000    12.8557   4.078346    34.9082       8082     5.6119 0.0000e+00
    120.000    12.8122   4.072907    34.8968       8105     5.6277 0.0000e+00
    119.000    12.6552   4.051682    34.8388       8142     5.6534 0.0000e+00
    118.000    12.5900   4.042352    34.8099       8182     5.6811 0.0000e+00
    117.000    12.5569   4.037582    34.7950       8205     5.6970 0.0000e+00
    116.000    12.5305   4.033799    34.7835       8227     5.7123 0.0000e+00
    115.000    12.5109   4.030876    34.7739       8257     5.7333 0.0000e+00
    114.000    12.4905   4.027725    34.7628       8293     5.7580 0.0000e+00
    113.000    12.4605   4.023971    34.7548       8316     5.7741 0.0000e+00
    112.000    12.3839   4.013656    34.7266       8335     5.7874 0.0000e+00
    111.000    12.3303   4.005592    34.6986       8356     5.8023 0.0000e+00
    110.000    12.2879   3.999426    34.6787       8394     5.8283 0.0000e+00
    109.000    12.2681   3.996061    34.6649       8438     5.8588 0.0000e+00
    108.000    12.2539   3.994158    34.6600       8463     5.8763 0.0000e+00
    107.000    12.2331   3.990898    34.6481       8487     5.8932 0.0000e+00
    106.000    12.2282   3.989945    34.6438       8516     5.9130 0.0000e+00
    105.000    12.2099   3.987705    34.6395       8546     5.9342 0.0000e+00
    104.000    12.1685   3.981498    34.6181       8571     5.9513 0.0000e+00
    103.000    12.1559   3.979287    34.6087       8593     5.9668 0.0000e+00
    102.000    12.1504   3.978319    34.6048       8618     5.9840 0.0000e+00
    101.000    12.1480   3.977795    34.6024       8649     6.0053 0.0000e+00
    100.000    12.1455   3.977329    34.6006       8681     6.0276 0.0000e+00
     99.000    12.1364   3.975963    34.5962       8711     6.0483 0.0000e+00
     98.000    12.1268   3.974255    34.5890       8744     6.0716 0.0000e+00
     97.000    12.1167   3.972322    34.5799       8780     6.0965 0.0000e+00
     96.000    12.1111   3.971487    34.5775       8807     6.1152 0.0000e+00
     95.000    12.1055   3.970538    34.5739       8829     6.1303 0.0000e+00
     94.000    12.1017   3.969825    34.5709       8850     6.1450 0.0000e+00
     93.000    12.0968   3.968982    34.5676       8876     6.1634 0.0000e+00
     92.000    12.0936   3.968159    34.5630       8912     6.1884 0.0000e+00
     91.000    12.0932   3.967716    34.5596       8940     6.2079 0.0000e+00
     90.000    12.1165   3.968337    34.5444       8963     6.2234 0.0000e+00
     89.000    12.0831   3.961062    34.5051       8989     6.2417 0.0000e+00
     88.000    11.9711   3.943946    34.4424       9024     6.2660 0.0000e+00
     87.000    11.9444   3.939711    34.4263       9053     6.2863 0.0000e+00
     86.000    11.9307   3.937759    34.4202       9078     6.3036 0.0000e+00
     85.000    11.9127   3.935296    34.4133       9108     6.3245 0.0000e+00
     84.000    11.8974   3.933293    34.4084       9141     6.3474 0.0000e+00
     83.000    11.8761   3.930015    34.3965       9166     6.3646 0.0000e+00
     82.000    11.7954   3.919172    34.3655       9188     6.3800 0.0000e+00
     81.000    11.6926   3.902587    34.2986       9214     6.3981 0.0000e+00
     80.000    11.6194   3.891032    34.2533       9247     6.4208 0.0000e+00
     79.000    11.5884   3.885467    34.2278       9276     6.4408 0.0000e+00
     78.000    11.5767   3.883689    34.2216       9299     6.4566 0.0000e+00
     77.000    11.5453   3.879061    34.2055       9325     6.4748 0.0000e+00
     76.000    11.5199   3.874885    34.1884       9362     6.5004 0.0000e+00
     75.000    11.4996   3.872042    34.1795       9392     6.5212 0.0000e+00
     74.000    11.4603   3.866261    34.1594       9413     6.5361 0.0000e+00
     73.000    11.4298   3.861433    34.1404       9434     6.5510 0.0000e+00
     72.000    11.3807   3.854997    34.1227       9461     6.5693 0.0000e+00
     71.000    11.3126   3.845218    34.0896       9494     6.5925 0.0000e+00
     70.000    11.2561   3.837336    34.0643       9526     6.6145 0.0000e+00
     69.000    11.1751   3.826464    34.0319       9552     6.6325 0.0000e+00
     68.000    11.1420   3.821323    34.0120       9578     6.6508 0.0000e+00
     67.000    11.0992   3.815399    33.9932       9608     6.6712 0.0000e+00
     66.000    10.7797   3.769796    33.8345       9635     6.6902 0.0000e+00
     65.000    10.5655   3.724832    33.5824       9658     6.7063 0.0000e+00
     64.000    10.5347   3.710890    33.4712       9682     6.7229 0.0000e+00
     63.000    10.5434   3.697814    33.3325       9711     6.7430 0.0000e+00
     62.000    10.9602   3.731463    33.2891       9741     6.7640 0.0000e+00
     61.000    11.2506   3.758743    33.2967       9767     6.7821 0.0000e+00
     60.000    11.6239   3.788417    33.2526       9794     6.8009 0.0000e+00
     59.000    12.0959   3.827529    33.2116       9826     6.8229 0.0000e+00
     58.000    12.6924   3.886099    33.2462       9857     6.8443 0.0000e+00
     57.000    12.9666   3.916739    33.2965       9881     6.8612 0.0000e+00
     56.000    13.5769   3.975228    33.3129       9904     6.8771 0.0000e+00
     55.000    13.9613   4.014027    33.3404       9929     6.8947 0.0000e+00
     54.000    14.5154   4.070387    33.3811       9955     6.9122 0.0000e+00
     53.000    14.7773   4.100065    33.4272       9978     6.9286 0.0000e+00
     52.000    14.9808   4.121920    33.4516      10004     6.9463 0.0000e+00
     51.000    16.3640   4.259597    33.5059      10036     6.9684 0.0000e+00
     50.000    17.0731   4.344055    33.6507      10068     6.9908 0.0000e+00
     49.000    17.2471   4.365911    33.6949      10092     7.0076 0.0000e+00
     48.000    17.3415   4.375212    33.6968      10113     7.0219 0.0000e+00
     47.000    17.7432   4.415253    33.7069      10134     7.0370 0.0000e+00
     46.000    18.0249   4.447158    33.7462      10165     7.0582 0.0000e+00
     45.000    18.0999   4.455986    33.7596      10201     7.0830 0.0000e+00
     44.000    18.2570   4.472600    33.7711      10225     7.1002 0.0000e+00
     43.000    18.4801   4.494688    33.7742      10247     7.1154 0.0000e+00
     42.000    18.9085   4.540136    33.8046      10272     7.1325 0.0000e+00
     41.000    19.0164   4.551043    33.8077      10301     7.1526 0.0000e+00
     40.000    19.2204   4.572415    33.8194      10331     7.1739 0.0000e+00
     39.000    19.4938   4.602121    33.8433      10361     7.1944 0.0000e+00
     38.000    19.5663   4.609980    33.8496      10388     7.2132 0.0000e+00
     37.000    19.5700   4.605425    33.8095      10414     7.2314 0.0000e+00
     36.000    19.5707   4.604553    33.8021      10441     7.2498 0.0000e+00
     35.000    19.5702   4.604899    33.8057      10466     7.2676 0.0000e+00
     34.000    19.5718   4.605181    33.8070      10490     7.2842 0.0000e+00
     33.000    19.5745   4.605665    33.8092      10514     7.3010 0.0000e+00
     32.000    19.5755   4.606063    33.8120      10541     7.3194 0.0000e+00
     31.000    19.5787   4.606663    33.8147      10571     7.3404 0.0000e+00
     30.000    19.5780   4.606764    33.8165      10607     7.3655 0.0000e+00
     29.000    19.5772   4.606891    33.8185      10640     7.3883 0.0000e+00
     28.000    19.5759   4.606812    33.8193      10665     7.4052 0.0000e+00
     27.000    19.5772   4.606974    33.8199      10688     7.4217 0.0000e+00
     26.000    19.5782   4.607168    33.8211      10716     7.4408 0.0000e+00
     25.000    19.5789   4.607385    33.8226      10746     7.4617 0.0000e+00
     24.000    19.5775   4.607364    33.8239      10772     7.4800 0.0000e+00
     23.000    19.5784   4.607499    33.8247      10795     7.4958 0.0000e+00
     22.000    19.5780   4.607452    33.8250      10818     7.5118 0.0000e+00
     21.000    19.5775   4.607398    33.8253      10845     7.5304 0.0000e+00
     20.000    19.5799   4.607612    33.8255      10874     7.5504 0.0000e+00
     19.000    19.5795   4.607588    33.8260      10903     7.5707 0.0000e+00
     18.000    19.5779   4.607499    33.8269      10936     7.5936 0.0000e+00
     17.000    19.5766   4.607476    33.8281      10967     7.6153 0.0000e+00
     16.000    19.5768   4.607512    33.8286      10993     7.6334 0.0000e+00
     15.000    19.5765   4.607459    33.8287      11019     7.6516 0.0000e+00
     14.000    19.5771   4.607521    33.8291      11049     7.6725 0.0000e+00
     13.000    19.5755   4.607565    33.8311      11080     7.6937 0.0000e+00
     12.000    19.5739   4.607462    33.8319      11106     7.7116 0.0000e+00
     11.000    19.5736   4.607411    33.8321      11128     7.7271 0.0000e+00
     10.000    19.5742   4.607461    33.8324      11150     7.7423 0.0000e+00
      9.000    19.5750   4.607581    33.8331      11175     7.7596 0.0000e+00
      8.000    19.5747   4.607475    33.8328      11202     7.7785 0.0000e+00
      7.000    19.5725   4.607910    33.8385      11660     8.0966 0.0000e+00
      6.000    19.5668   4.607481    33.8399      11967     8.3099 0.0000e+00
      5.000    19.5687   4.607578    33.8395      11987     8.3233 0.0000e+00
      4.000    19.5705   4.607781    33.8401      12016     8.3436 0.0000e+00
      3.000    19.5724   4.608064    33.8413      12068     8.3798 0.0000e+00
