HB2304/ctd081.cnv
* Sea-Bird SBE 9 Data File:
* FileName = C:\cruise\data\ctd081.hex
* Software Version Seasave V 7.26.7.121
* Temperature SN = 4591
* Conductivity SN = 3741
* Number of Bytes Per Scan = 37
* Number of Voltage Words = 4
* Number of Scans Averaged by the Deck Unit = 1
* NMEA Latitude = 40 37.27 N
* NMEA Longitude = 073 02.86 W
* NMEA UTC (Time) = Oct 08 2023  00:12:30
* NMEA baud rate = 4800
** Ship: Bigelow HB2304
** Program:  Fall Bottom Trawl Survey
** Chief Scientist: John Galbraith
# nquan = 7
# nvalues = 32                          
# units = specified
# name 0 = depSM: Depth [salt water, m]
# name 1 = t090C: Temperature [ITS-90, deg C]
# name 2 = c0S/m: Conductivity [S/m]
# name 3 = sal00: Salinity, Practical [PSU]
# name 4 = scan: Scan Count
# name 5 = timeM: Time, Elapsed [minutes]
# name 6 = flag: flag
# span 0 =      2.000,     18.000       
# span 1 =    17.8443,    18.8437       
# span 2 =   4.163027,   4.224980       
# span 3 =    31.2374,    31.5037       
# span 4 =        -32,       3013       
# span 5 =    -0.0228,     2.0918       
# span 6 = 0.0000e+00, 0.0000e+00       
# interval = meters: 1                  
# start_time = Oct 08 2023 00:12:30 [NMEA time, header]
# bad_flag = -9.990e-29
*END*
      3.000    18.8422   4.222964    31.2390        -32    -0.0228 0.0000e+00
      4.000    18.8397   4.222901    31.2400        365     0.2526 0.0000e+00
      5.000    18.8411   4.223203    31.2411        594     0.4115 0.0000e+00
      6.000    18.8407   4.223312    31.2419        621     0.4303 0.0000e+00
      7.000    18.8403   4.223293    31.2418        675     0.4679 0.0000e+00
      8.000    18.8404   4.223318    31.2416        720     0.4995 0.0000e+00
      9.000    18.8422   4.224311    31.2481        764     0.5297 0.0000e+00
     10.000    18.8437   4.224844    31.2510        815     0.5656 0.0000e+00
     11.000    18.8357   4.224980    31.2578        897     0.6225 0.0000e+00
     12.000    18.7929   4.223350    31.2763        961     0.6668 0.0000e+00
     13.000    18.6343   4.212345    31.3049        996     0.6910 0.0000e+00
     14.000    18.3541   4.191719    31.3461       1037     0.7193 0.0000e+00
     15.000    17.9615   4.168230    31.4496       1102     0.7645 0.0000e+00
     16.000    17.8443   4.163985    31.5037       1175     0.8150 0.0000e+00
     17.000    17.8513   4.164375    31.5013       1241     0.8613 0.0000e+00
     18.000    17.8531   4.164166    31.4978       1373     0.9528 0.0000e+00
     17.000    17.8497   4.163027    31.4911       2072     1.4385 0.0000e+00
     16.000    17.8616   4.164155    31.4918       2603     1.8071 0.0000e+00
     15.000    17.8578   4.163709    31.4913       2643     1.8344 0.0000e+00
     14.000    18.0947   4.171737    31.3773       2670     1.8533 0.0000e+00
     13.000    18.3797   4.188947    31.3038       2700     1.8745 0.0000e+00
     12.000    18.6489   4.208174    31.2597       2732     1.8968 0.0000e+00
     11.000    18.7522   4.217670    31.2605       2764     1.9187 0.0000e+00
     10.000    18.7604   4.218083    31.2581       2791     1.9375 0.0000e+00
      9.000    18.8083   4.221313    31.2489       2815     1.9544 0.0000e+00
      8.000    18.8235   4.222596    31.2483       2839     1.9705 0.0000e+00
      7.000    18.8324   4.222863    31.2442       2861     1.9858 0.0000e+00
      6.000    18.8354   4.222771    31.2415       2882     2.0007 0.0000e+00
      5.000    18.8372   4.222644    31.2394       2903     2.0154 0.0000e+00
      4.000    18.8410   4.223091    31.2406       2925     2.0306 0.0000e+00
      3.000    18.8404   4.222739    31.2385       2965     2.0583 0.0000e+00
      2.000    18.8361   4.222169    31.2374       3013     2.0918 0.0000e+00
