HB2304/ctd083.cnv
* Sea-Bird SBE 9 Data File:
* FileName = C:\cruise\data\ctd083.hex
* Software Version Seasave V 7.26.7.121
* Temperature SN = 4591
* Conductivity SN = 3741
* Number of Bytes Per Scan = 37
* Number of Voltage Words = 4
* Number of Scans Averaged by the Deck Unit = 1
* NMEA Latitude = 40 28.05 N
* NMEA Longitude = 073 45.10 W
* NMEA UTC (Time) = Oct 08 2023  10:38:58
* NMEA baud rate = 4800
** Ship: Bigelow HB2304
** Program:  Fall Bottom Trawl Survey
** Chief Scientist: John Galbraith
# nquan = 7
# nvalues = 47                          
# units = specified
# name 0 = depSM: Depth [salt water, m]
# name 1 = t090C: Temperature [ITS-90, deg C]
# name 2 = c0S/m: Conductivity [S/m]
# name 3 = sal00: Salinity, Practical [PSU]
# name 4 = scan: Scan Count
# name 5 = timeM: Time, Elapsed [minutes]
# name 6 = flag: flag
# span 0 =      2.000,     25.000       
# span 1 =    18.4255,    18.6622       
# span 2 =   4.129012,   4.248201       
# span 3 =    30.6905,    31.7588       
# span 4 =        116,       2523       
# span 5 =     0.0802,     1.7514       
# span 6 = 0.0000e+00, 0.0000e+00       
# interval = meters: 1                  
# start_time = Oct 08 2023 10:38:58 [NMEA time, header]
# bad_flag = -9.990e-29
*END*
      2.000    18.5375   4.129411    30.6939        116     0.0802 0.0000e+00
      3.000    18.5393   4.129653    30.6942        368     0.2548 0.0000e+00
      4.000    18.5403   4.129646    30.6931        386     0.2677 0.0000e+00
      5.000    18.5472   4.130688    30.6962        416     0.2881 0.0000e+00
      6.000    18.5375   4.129407    30.6925        445     0.3083 0.0000e+00
      7.000    18.5364   4.129103    30.6905        475     0.3293 0.0000e+00
      8.000    18.5458   4.130339    30.6934        512     0.3547 0.0000e+00
      9.000    18.5498   4.131285    30.6979        553     0.3834 0.0000e+00
     10.000    18.5480   4.131125    30.6976        599     0.4152 0.0000e+00
     11.000    18.5507   4.131493    30.6984        641     0.4447 0.0000e+00
     12.000    18.5439   4.130722    30.6967        672     0.4657 0.0000e+00
     13.000    18.5936   4.146999    30.7940        697     0.4831 0.0000e+00
     14.000    18.6622   4.192290    31.1173        720     0.4994 0.0000e+00
     15.000    18.5566   4.220945    31.4348        743     0.5153 0.0000e+00
     16.000    18.5340   4.229998    31.5269        768     0.5325 0.0000e+00
     17.000    18.5278   4.234295    31.5670        798     0.5537 0.0000e+00
     18.000    18.5220   4.238440    31.6056        834     0.5787 0.0000e+00
     19.000    18.4804   4.245742    31.6981        873     0.6054 0.0000e+00
     20.000    18.4526   4.247826    31.7365        913     0.6332 0.0000e+00
     21.000    18.4504   4.247595    31.7360        945     0.6555 0.0000e+00
     22.000    18.4445   4.247411    31.7386        972     0.6741 0.0000e+00
     23.000    18.4391   4.247483    31.7430        998     0.6923 0.0000e+00
     24.000    18.4292   4.247899    31.7538       1033     0.7164 0.0000e+00
     25.000    18.4255   4.248201    31.7588       1129     0.7831 0.0000e+00
     24.000    18.4349   4.247528    31.7463       1147     0.7958 0.0000e+00
     23.000    18.4438   4.247081    31.7361       1818     1.2620 0.0000e+00
     22.000    18.4496   4.247292    31.7337       1985     1.3780 0.0000e+00
     21.000    18.4515   4.247388    31.7334       2009     1.3945 0.0000e+00
     20.000    18.4566   4.247615    31.7317       2033     1.4114 0.0000e+00
     19.000    18.4630   4.247152    31.7232       2054     1.4260 0.0000e+00
     18.000    18.4744   4.246795    31.7118       2075     1.4401 0.0000e+00
     17.000    18.5135   4.241751    31.6401       2098     1.4564 0.0000e+00
     16.000    18.5296   4.233843    31.5622       2130     1.4787 0.0000e+00
     15.000    18.5352   4.230634    31.5316       2163     1.5015 0.0000e+00
     14.000    18.5761   4.216123    31.3803       2188     1.5186 0.0000e+00
     13.000    18.6398   4.185873    31.0814       2211     1.5347 0.0000e+00
     12.000    18.6354   4.171631    30.9671       2237     1.5526 0.0000e+00
     11.000    18.6060   4.153591    30.8401       2268     1.5742 0.0000e+00
     10.000    18.5902   4.145899    30.7885       2297     1.5942 0.0000e+00
      9.000    18.5778   4.140007    30.7493       2322     1.6119 0.0000e+00
      8.000    18.5665   4.135762    30.7230       2348     1.6299 0.0000e+00
      7.000    18.5573   4.133402    30.7105       2375     1.6486 0.0000e+00
      6.000    18.5389   4.129688    30.6938       2403     1.6679 0.0000e+00
      5.000    18.5434   4.130498    30.6975       2434     1.6894 0.0000e+00
      4.000    18.5410   4.130386    30.6987       2461     1.7082 0.0000e+00
      3.000    18.5374   4.129663    30.6957       2483     1.7237 0.0000e+00
      2.000    18.5350   4.129012    30.6924       2523     1.7514 0.0000e+00
