HB2304/ctd085.cnv
* Sea-Bird SBE 9 Data File:
* FileName = C:\cruise\data\ctd085.hex
* Software Version Seasave V 7.26.7.121
* Temperature SN = 4591
* Conductivity SN = 3741
* Number of Bytes Per Scan = 37
* Number of Voltage Words = 4
* Number of Scans Averaged by the Deck Unit = 1
* NMEA Latitude = 40 30.15 N
* NMEA Longitude = 073 16.19 W
* NMEA UTC (Time) = Oct 08 2023  20:41:39
* NMEA baud rate = 4800
** Ship: Bigelow HB2304
** Program:  Fall Bottom Trawl Survey
** Chief Scientist: John Galbraith
# nquan = 7
# nvalues = 37                          
# units = specified
# name 0 = depSM: Depth [salt water, m]
# name 1 = t090C: Temperature [ITS-90, deg C]
# name 2 = c0S/m: Conductivity [S/m]
# name 3 = sal00: Salinity, Practical [PSU]
# name 4 = scan: Scan Count
# name 5 = timeM: Time, Elapsed [minutes]
# name 6 = flag: flag
# span 0 =      3.000,     21.000       
# span 1 =    18.0881,    18.1847       
# span 2 =   4.208895,   4.235244       
# span 3 =    31.6968,    31.8385       
# span 4 =       -123,       2727       
# span 5 =    -0.0860,     1.8928       
# span 6 = 0.0000e+00, 0.0000e+00       
# interval = meters: 1                  
# start_time = Oct 08 2023 20:41:39 [NMEA time, header]
# bad_flag = -9.990e-29
*END*
      3.000    18.0881   4.208895    31.6980       -123    -0.0860 0.0000e+00
      4.000    18.0904   4.209102    31.6976        260     0.1796 0.0000e+00
      5.000    18.0938   4.209373    31.6970        448     0.3105 0.0000e+00
      6.000    18.0962   4.209681    31.6973        510     0.3537 0.0000e+00
      7.000    18.0960   4.209644    31.6968        543     0.3764 0.0000e+00
      8.000    18.0938   4.209488    31.6969        585     0.4056 0.0000e+00
      9.000    18.0961   4.210086    31.6997        619     0.4292 0.0000e+00
     10.000    18.1037   4.212354    31.7126        646     0.4480 0.0000e+00
     11.000    18.1139   4.216414    31.7385        698     0.4843 0.0000e+00
     12.000    18.1207   4.220155    31.7643        757     0.5248 0.0000e+00
     13.000    18.1305   4.223878    31.7876        796     0.5519 0.0000e+00
     14.000    18.1383   4.226092    31.7998        857     0.5941 0.0000e+00
     15.000    18.1438   4.227308    31.8054        888     0.6161 0.0000e+00
     16.000    18.1564   4.229866    31.8167        925     0.6417 0.0000e+00
     17.000    18.1656   4.231785    31.8253        985     0.6832 0.0000e+00
     18.000    18.1698   4.232590    31.8285       1039     0.7207 0.0000e+00
     19.000    18.1656   4.231923    31.8258       1078     0.7482 0.0000e+00
     20.000    18.1788   4.234076    31.8333       1133     0.7860 0.0000e+00
     21.000    18.1847   4.235244    31.8381       1244     0.8633 0.0000e+00
     20.000    18.1828   4.235070    31.8385       2247     1.5601 0.0000e+00
     19.000    18.1708   4.232839    31.8295       2287     1.5872 0.0000e+00
     18.000    18.1681   4.232375    31.8280       2311     1.6041 0.0000e+00
     17.000    18.1660   4.231917    31.8262       2338     1.6231 0.0000e+00
     16.000    18.1610   4.231072    31.8233       2363     1.6401 0.0000e+00
     15.000    18.1563   4.230068    31.8188       2384     1.6551 0.0000e+00
     14.000    18.1551   4.229830    31.8181       2405     1.6697 0.0000e+00
     13.000    18.1406   4.226928    31.8054       2428     1.6852 0.0000e+00
     12.000    18.1264   4.223325    31.7864       2454     1.7032 0.0000e+00
     11.000    18.1210   4.220773    31.7696       2482     1.7229 0.0000e+00
     10.000    18.1171   4.218801    31.7564       2511     1.7429 0.0000e+00
      9.000    18.1128   4.216440    31.7402       2538     1.7622 0.0000e+00
      8.000    18.1075   4.214314    31.7268       2563     1.7794 0.0000e+00
      7.000    18.1026   4.212122    31.7125       2589     1.7971 0.0000e+00
      6.000    18.1005   4.211243    31.7071       2619     1.8183 0.0000e+00
      5.000    18.0990   4.211012    31.7066       2647     1.8373 0.0000e+00
      4.000    18.0937   4.210087    31.7033       2667     1.8516 0.0000e+00
      3.000    18.0923   4.209626    31.7009       2727     1.8928 0.0000e+00
