HB2304/ctd087.cnv
* Sea-Bird SBE 9 Data File:
* FileName = C:\cruise\data\ctd087.hex
* Software Version Seasave V 7.26.7.121
* Temperature SN = 4591
* Conductivity SN = 3741
* Number of Bytes Per Scan = 37
* Number of Voltage Words = 4
* Number of Scans Averaged by the Deck Unit = 1
* NMEA Latitude = 40 22.81 N
* NMEA Longitude = 073 29.33 W
* NMEA UTC (Time) = Oct 09 2023  01:02:53
* NMEA baud rate = 4800
** Ship: Bigelow HB2304
** Program:  Fall Bottom Trawl Survey
** Chief Scientist: John Galbraith
# nquan = 7
# nvalues = 42                          
# units = specified
# name 0 = depSM: Depth [salt water, m]
# name 1 = t090C: Temperature [ITS-90, deg C]
# name 2 = c0S/m: Conductivity [S/m]
# name 3 = sal00: Salinity, Practical [PSU]
# name 4 = scan: Scan Count
# name 5 = timeM: Time, Elapsed [minutes]
# name 6 = flag: flag
# span 0 =      2.000,     23.000       
# span 1 =    18.2653,    18.3604       
# span 2 =   4.194148,   4.219216       
# span 3 =    31.4326,    31.5677       
# span 4 =        143,       2943       
# span 5 =     0.0987,     2.0428       
# span 6 = 0.0000e+00, 0.0000e+00       
# interval = meters: 1                  
# start_time = Oct 09 2023 01:02:53 [NMEA time, header]
# bad_flag = -9.990e-29
*END*
      3.000    18.2760   4.195159    31.4382        143     0.0987 0.0000e+00
      4.000    18.2687   4.194643    31.4392        363     0.2515 0.0000e+00
      5.000    18.2697   4.194689    31.4384        416     0.2881 0.0000e+00
      6.000    18.2703   4.194742    31.4381        478     0.3312 0.0000e+00
      7.000    18.2699   4.194785    31.4384        548     0.3801 0.0000e+00
      8.000    18.2754   4.195157    31.4370        609     0.4223 0.0000e+00
      9.000    18.2812   4.195640    31.4362        655     0.4541 0.0000e+00
     10.000    18.2787   4.195571    31.4372        706     0.4897 0.0000e+00
     11.000    18.2777   4.195547    31.4374        746     0.5172 0.0000e+00
     12.000    18.2781   4.195618    31.4374        805     0.5584 0.0000e+00
     13.000    18.2811   4.195845    31.4366        845     0.5865 0.0000e+00
     14.000    18.2841   4.196119    31.4363        892     0.6187 0.0000e+00
     15.000    18.2841   4.196157    31.4363        939     0.6511 0.0000e+00
     16.000    18.2845   4.196286    31.4367        985     0.6836 0.0000e+00
     17.000    18.2867   4.196602    31.4373       1020     0.7078 0.0000e+00
     18.000    18.2858   4.196638    31.4379       1074     0.7450 0.0000e+00
     19.000    18.2895   4.197130    31.4389       1133     0.7859 0.0000e+00
     20.000    18.2903   4.197553    31.4414       1176     0.8160 0.0000e+00
     21.000    18.2921   4.198158    31.4448       1224     0.8493 0.0000e+00
     22.000    18.3128   4.203367    31.4721       1588     1.1019 0.0000e+00
     23.000    18.3604   4.219216    31.5677       2220     1.5411 0.0000e+00
     22.000    18.3058   4.202441    31.4697       2179     1.5126 0.0000e+00
     21.000    18.2801   4.195963    31.4356       2451     1.7012 0.0000e+00
     20.000    18.2794   4.195793    31.4350       2474     1.7172 0.0000e+00
     19.000    18.2799   4.195752    31.4347       2501     1.7360 0.0000e+00
     18.000    18.2808   4.195738    31.4342       2527     1.7545 0.0000e+00
     17.000    18.2798   4.195622    31.4344       2550     1.7704 0.0000e+00
     16.000    18.2884   4.196169    31.4327       2571     1.7847 0.0000e+00
     15.000    18.2884   4.196250    31.4337       2592     1.7991 0.0000e+00
     14.000    18.2863   4.196004    31.4336       2616     1.8158 0.0000e+00
     13.000    18.2859   4.195909    31.4335       2645     1.8363 0.0000e+00
     12.000    18.2880   4.195963    31.4326       2676     1.8576 0.0000e+00
     11.000    18.2916   4.196255    31.4326       2701     1.8751 0.0000e+00
     10.000    18.2774   4.195274    31.4357       2726     1.8924 0.0000e+00
      9.000    18.2702   4.194589    31.4358       2755     1.9125 0.0000e+00
      8.000    18.2694   4.194484    31.4359       2783     1.9320 0.0000e+00
      7.000    18.2682   4.194338    31.4360       2806     1.9480 0.0000e+00
      6.000    18.2667   4.194333    31.4374       2829     1.9638 0.0000e+00
      5.000    18.2653   4.194148    31.4373       2855     1.9817 0.0000e+00
      4.000    18.2658   4.194299    31.4385       2882     2.0005 0.0000e+00
      3.000    18.2674   4.194514    31.4394       2904     2.0160 0.0000e+00
      2.000    18.2674   4.194492    31.4396       2943     2.0428 0.0000e+00
