HB2304/ctd030.cnv
* Sea-Bird SBE 9 Data File:
* FileName = C:\cruise\data\ctd030.hex
* Software Version Seasave V 7.26.7.121
* Temperature SN = 4591
* Conductivity SN = 3741
* Number of Bytes Per Scan = 37
* Number of Voltage Words = 4
* Number of Scans Averaged by the Deck Unit = 1
* NMEA Latitude = 36 21.55 N
* NMEA Longitude = 074 51.42 W
* NMEA UTC (Time) = Sep 18 2023  05:34:18
* NMEA baud rate = 4800
** Ship: Bigelow HB2304
** Program:  Fall Bottom Trawl Survey
** Chief Scientist: John Galbraith
# nquan = 7
# nvalues = 136                         
# units = specified
# name 0 = depSM: Depth [salt water, m]
# name 1 = t090C: Temperature [ITS-90, deg C]
# name 2 = c0S/m: Conductivity [S/m]
# name 3 = sal00: Salinity, Practical [PSU]
# name 4 = scan: Scan Count
# name 5 = timeM: Time, Elapsed [minutes]
# name 6 = flag: flag
# span 0 =      1.000,     69.000       
# span 1 =    11.6667,    24.1598       
# span 2 =   3.766696,   4.782715       
# span 3 =    31.6369,    33.0850       
# span 4 =        -41,       4493       
# span 5 =    -0.0291,     3.1196       
# span 6 = 0.0000e+00, 0.0000e+00       
# interval = meters: 1                  
# start_time = Sep 18 2023 05:34:18 [NMEA time, header]
# bad_flag = -9.990e-29
*END*
      2.000    24.1593   4.782358    31.7277        -41    -0.0291 0.0000e+00
      3.000    24.1585   4.782328    31.7278         97     0.0665 0.0000e+00
      4.000    24.1576   4.782293    31.7278        161     0.1112 0.0000e+00
      5.000    24.1574   4.782288    31.7276        197     0.1362 0.0000e+00
      6.000    24.1575   4.782343    31.7277        242     0.1672 0.0000e+00
      7.000    24.1570   4.782303    31.7274        268     0.1855 0.0000e+00
      8.000    24.1591   4.782523    31.7273        311     0.2153 0.0000e+00
      9.000    24.1592   4.782609    31.7275        346     0.2397 0.0000e+00
     10.000    24.1598   4.782715    31.7276        370     0.2562 0.0000e+00
     11.000    24.1552   4.782487    31.7289        395     0.2737 0.0000e+00
     12.000    24.1039   4.779273    31.7411        425     0.2944 0.0000e+00
     13.000    23.9606   4.774335    31.8060        451     0.3124 0.0000e+00
     14.000    23.8833   4.770313    31.8308        473     0.3277 0.0000e+00
     15.000    23.8726   4.770410    31.8389        499     0.3456 0.0000e+00
     16.000    23.8718   4.772183    31.8524        533     0.3692 0.0000e+00
     17.000    23.6196   4.757611    31.9240        562     0.3894 0.0000e+00
     18.000    19.7901   4.465515    32.4988        584     0.4048 0.0000e+00
     19.000    15.7289   4.129263    32.8979        607     0.4212 0.0000e+00
     20.000    15.1312   4.071580    32.8815        637     0.4419 0.0000e+00
     21.000    14.8272   4.036561    32.8204        671     0.4656 0.0000e+00
     22.000    14.8105   4.031276    32.7860        699     0.4849 0.0000e+00
     23.000    14.8054   4.028863    32.7681        723     0.5015 0.0000e+00
     24.000    14.7535   4.022996    32.7581        749     0.5195 0.0000e+00
     25.000    14.7020   4.017184    32.7483        779     0.5401 0.0000e+00
     26.000    14.6599   4.012098    32.7371        806     0.5593 0.0000e+00
     27.000    14.5356   4.000029    32.7315        830     0.5757 0.0000e+00
     28.000    14.4410   3.991639    32.7344        855     0.5933 0.0000e+00
     29.000    14.3762   3.985897    32.7362        885     0.6141 0.0000e+00
     30.000    14.3574   3.983406    32.7289        914     0.6341 0.0000e+00
     31.000    14.3484   3.982063    32.7238        940     0.6519 0.0000e+00
     32.000    14.3443   3.981227    32.7193        967     0.6706 0.0000e+00
     33.000    14.3432   3.980800    32.7159        995     0.6904 0.0000e+00
     34.000    14.3454   3.980671    32.7124       1022     0.7087 0.0000e+00
     35.000    14.3459   3.980527    32.7103       1046     0.7258 0.0000e+00
     36.000    14.3527   3.981302    32.7113       1074     0.7451 0.0000e+00
     37.000    14.3407   3.982648    32.7333       1106     0.7673 0.0000e+00
     38.000    14.2740   3.977168    32.7391       1132     0.7854 0.0000e+00
     39.000    14.2329   3.973836    32.7430       1153     0.7997 0.0000e+00
     40.000    14.2171   3.972090    32.7400       1174     0.8149 0.0000e+00
     41.000    14.2067   3.970881    32.7373       1204     0.8355 0.0000e+00
     42.000    14.2013   3.970030    32.7337       1235     0.8568 0.0000e+00
     43.000    14.1958   3.969443    32.7325       1258     0.8729 0.0000e+00
     44.000    14.1770   3.967631    32.7315       1284     0.8909 0.0000e+00
     45.000    14.1618   3.966087    32.7297       1321     0.9163 0.0000e+00
     46.000    14.1574   3.965519    32.7278       1352     0.9382 0.0000e+00
     47.000    14.1539   3.965107    32.7266       1372     0.9524 0.0000e+00
     48.000    14.1506   3.964786    32.7261       1393     0.9664 0.0000e+00
     49.000    14.1432   3.964179    32.7263       1415     0.9817 0.0000e+00
     50.000    14.1409   3.964266    32.7287       1442     1.0005 0.0000e+00
     51.000    14.1551   3.966931    32.7408       1471     1.0209 0.0000e+00
     52.000    14.1678   3.968790    32.7468       1496     1.0384 0.0000e+00
     53.000    14.1505   3.970557    32.7773       1521     1.0554 0.0000e+00
     54.000    14.1090   3.971223    32.8183       1554     1.0784 0.0000e+00
     55.000    14.0962   3.971599    32.8323       1590     1.1032 0.0000e+00
     56.000    14.1099   3.973968    32.8421       1613     1.1195 0.0000e+00
     57.000    14.1215   3.975802    32.8487       1634     1.1338 0.0000e+00
     58.000    14.1391   3.978149    32.8549       1656     1.1496 0.0000e+00
     59.000    14.1795   3.982925    32.8641       1685     1.1692 0.0000e+00
     60.000    14.2207   3.988575    32.8806       1712     1.1883 0.0000e+00
     61.000    14.2378   3.991472    32.8923       1733     1.2025 0.0000e+00
     62.000    14.2113   3.990512    32.9056       1753     1.2164 0.0000e+00
     63.000    13.2405   3.913894    33.0275       1781     1.2363 0.0000e+00
     64.000    12.0801   3.813173    33.0850       1823     1.2656 0.0000e+00
     65.000    11.8029   3.785585    33.0629       1850     1.2842 0.0000e+00
     66.000    11.6945   3.773217    33.0385       1874     1.3004 0.0000e+00
     67.000    11.6876   3.771590    33.0284       1903     1.3211 0.0000e+00
     68.000    11.6722   3.769748    33.0236       1962     1.3616 0.0000e+00
     69.000    11.6667   3.768702    33.0179       2032     1.4103 0.0000e+00
     68.000    11.6702   3.767514    33.0036       2255     1.5650 0.0000e+00
     67.000    11.6738   3.766696    32.9929       2509     1.7419 0.0000e+00
     66.000    11.6875   3.767466    32.9886       2530     1.7563 0.0000e+00
     65.000    11.7288   3.770938    32.9862       2553     1.7723 0.0000e+00
     64.000    11.8688   3.782291    32.9729       2575     1.7874 0.0000e+00
     63.000    12.7047   3.846194    32.8533       2598     1.8035 0.0000e+00
     62.000    14.0634   3.964636    32.7930       2629     1.8251 0.0000e+00
     61.000    14.2127   3.984558    32.8501       2667     1.8514 0.0000e+00
     60.000    14.1890   3.981946    32.8466       2693     1.8696 0.0000e+00
     59.000    14.1611   3.978004    32.8345       2714     1.8841 0.0000e+00
     58.000    14.1539   3.977015    32.8319       2735     1.8985 0.0000e+00
     57.000    14.1275   3.974059    32.8276       2757     1.9138 0.0000e+00
     56.000    14.0992   3.970269    32.8171       2780     1.9302 0.0000e+00
     55.000    14.0910   3.968125    32.8048       2807     1.9485 0.0000e+00
     54.000    14.1077   3.967613    32.7862       2839     1.9708 0.0000e+00
     53.000    14.1397   3.967276    32.7563       2872     1.9939 0.0000e+00
     52.000    14.1651   3.966600    32.7289       2900     2.0133 0.0000e+00
     51.000    14.1582   3.964847    32.7190       2924     2.0298 0.0000e+00
     50.000    14.1448   3.962625    32.7103       2945     2.0447 0.0000e+00
     49.000    14.1405   3.961083    32.7002       2966     2.0589 0.0000e+00
     48.000    14.1472   3.961506    32.6988       2988     2.0740 0.0000e+00
     47.000    14.1530   3.962028    32.6990       3012     2.0908 0.0000e+00
     46.000    14.1579   3.962542    32.7000       3040     2.1102 0.0000e+00
     45.000    14.1607   3.962854    32.7010       3072     2.1323 0.0000e+00
     44.000    14.1732   3.963836    32.6998       3101     2.1529 0.0000e+00
     43.000    14.1928   3.965646    32.7002       3129     2.1724 0.0000e+00
     42.000    14.1984   3.966302    32.7019       3157     2.1916 0.0000e+00
     41.000    14.2090   3.967308    32.7025       3180     2.2075 0.0000e+00
     40.000    14.2308   3.969364    32.7033       3200     2.2214 0.0000e+00
     39.000    14.2531   3.970736    32.6975       3220     2.2354 0.0000e+00
     38.000    14.3202   3.975742    32.6870       3243     2.2517 0.0000e+00
     37.000    14.3484   3.976907    32.6743       3272     2.2718 0.0000e+00
     36.000    14.3501   3.976949    32.6736       3303     2.2933 0.0000e+00
     35.000    14.3439   3.976137    32.6718       3330     2.3116 0.0000e+00
     34.000    14.3373   3.975211    32.6692       3356     2.3300 0.0000e+00
     33.000    14.3362   3.975015    32.6688       3387     2.3516 0.0000e+00
     32.000    14.3363   3.974957    32.6685       3414     2.3701 0.0000e+00
     31.000    14.3432   3.975622    32.6692       3434     2.3840 0.0000e+00
     30.000    14.3443   3.975775    32.6701       3453     2.3975 0.0000e+00
     29.000    14.3675   3.977580    32.6674       3478     2.4147 0.0000e+00
     28.000    14.4083   3.980790    32.6627       3510     2.4367 0.0000e+00
     27.000    14.4907   3.986855    32.6491       3535     2.4539 0.0000e+00
     26.000    14.5520   3.991733    32.6424       3556     2.4689 0.0000e+00
     25.000    14.6789   4.003550    32.6437       3585     2.4889 0.0000e+00
     24.000    14.7394   4.010091    32.6527       3620     2.5130 0.0000e+00
     23.000    14.7891   4.014878    32.6549       3645     2.5304 0.0000e+00
     22.000    14.8264   4.018876    32.6603       3665     2.5445 0.0000e+00
     21.000    14.8402   4.020357    32.6625       3687     2.5596 0.0000e+00
     20.000    15.0536   4.038600    32.6492       3715     2.5789 0.0000e+00
     19.000    15.2967   4.061906    32.6566       3744     2.5991 0.0000e+00
     18.000    16.6175   4.143809    32.3011       3767     2.6156 0.0000e+00
     17.000    21.4488   4.517146    31.6572       3791     2.6318 0.0000e+00
     16.000    23.7397   4.732362    31.6487       3819     2.6517 0.0000e+00
     15.000    23.8379   4.749315    31.7060       3851     2.6735 0.0000e+00
     14.000    23.8400   4.751666    31.7224       3877     2.6917 0.0000e+00
     13.000    23.9859   4.758281    31.6684       3901     2.7086 0.0000e+00
     12.000    24.1082   4.765665    31.6369       3929     2.7280 0.0000e+00
     11.000    24.1265   4.769169    31.6503       3960     2.7493 0.0000e+00
     10.000    24.1242   4.770105    31.6591       3985     2.7665 0.0000e+00
      9.000    24.1337   4.771428    31.6625       4007     2.7821 0.0000e+00
      8.000    24.1402   4.772881    31.6690       4034     2.8006 0.0000e+00
      7.000    24.1449   4.774048    31.6747       4069     2.8249 0.0000e+00
      6.000    24.1414   4.774520    31.6809       4097     2.8445 0.0000e+00
      5.000    24.1415   4.774854    31.6837       4119     2.8594 0.0000e+00
      4.000    24.1460   4.775388    31.6847       4140     2.8746 0.0000e+00
      3.000    24.1481   4.776148    31.6892       4173     2.8969 0.0000e+00
      2.000    24.1387   4.777854    31.7088       4417     3.0667 0.0000e+00
      1.000    24.1374   4.777791    31.7096       4493     3.1196 0.0000e+00
