HB2304/ctd086.cnv
* Sea-Bird SBE 9 Data File:
* FileName = C:\cruise\data\ctd086.hex
* Software Version Seasave V 7.26.7.121
* Temperature SN = 4591
* Conductivity SN = 3741
* Number of Bytes Per Scan = 37
* Number of Voltage Words = 4
* Number of Scans Averaged by the Deck Unit = 1
* NMEA Latitude = 40 25.60 N
* NMEA Longitude = 073 23.52 W
* NMEA UTC (Time) = Oct 08 2023  23:03:38
* NMEA baud rate = 4800
** Ship: Bigelow HB2304
** Program:  Fall Bottom Trawl Survey
** Chief Scientist: John Galbraith
# nquan = 7
# nvalues = 39                          
# units = specified
# name 0 = depSM: Depth [salt water, m]
# name 1 = t090C: Temperature [ITS-90, deg C]
# name 2 = c0S/m: Conductivity [S/m]
# name 3 = sal00: Salinity, Practical [PSU]
# name 4 = scan: Scan Count
# name 5 = timeM: Time, Elapsed [minutes]
# name 6 = flag: flag
# span 0 =      2.000,     22.000       
# span 1 =    18.1668,    18.2760       
# span 2 =   4.139645,   4.238562       
# span 3 =    31.0521,    31.7948       
# span 4 =        339,       2585       
# span 5 =     0.2346,     1.7942       
# span 6 = 0.0000e+00, 0.0000e+00       
# interval = meters: 1                  
# start_time = Oct 08 2023 23:03:38 [NMEA time, header]
# bad_flag = -9.990e-29
*END*
      4.000    18.1729   4.139645    31.0521        339     0.2346 0.0000e+00
      5.000    18.1845   4.141332    31.0571        448     0.3107 0.0000e+00
      6.000    18.1779   4.140402    31.0540        487     0.3378 0.0000e+00
      7.000    18.1827   4.141082    31.0557        547     0.3794 0.0000e+00
      8.000    18.1963   4.143534    31.0655        598     0.4146 0.0000e+00
      9.000    18.1984   4.144068    31.0681        647     0.4489 0.0000e+00
     10.000    18.1990   4.144209    31.0684        681     0.4724 0.0000e+00
     11.000    18.2094   4.146743    31.0815        708     0.4911 0.0000e+00
     12.000    18.2116   4.147436    31.0852        737     0.5109 0.0000e+00
     13.000    18.2170   4.149460    31.0977        773     0.5363 0.0000e+00
     14.000    18.2283   4.154004    31.1268        810     0.5618 0.0000e+00
     15.000    18.2378   4.165847    31.2182        848     0.5880 0.0000e+00
     16.000    18.2339   4.179866    31.3381        888     0.6157 0.0000e+00
     17.000    18.2149   4.198057    31.5045        920     0.6379 0.0000e+00
     18.000    18.2032   4.204519    31.5673        950     0.6588 0.0000e+00
     19.000    18.2017   4.204817    31.5705        984     0.6824 0.0000e+00
     20.000    18.2084   4.208430    31.5954       1022     0.7090 0.0000e+00
     21.000    18.2485   4.225162    31.7042       1055     0.7319 0.0000e+00
     22.000    18.2760   4.238562    31.7948       1109     0.7695 0.0000e+00
     21.000    18.2719   4.236664    31.7825       2068     1.4354 0.0000e+00
     20.000    18.2537   4.228993    31.7326       2099     1.4571 0.0000e+00
     19.000    18.2108   4.210926    31.6148       2118     1.4704 0.0000e+00
     18.000    18.2027   4.204815    31.5701       2141     1.4864 0.0000e+00
     17.000    18.2047   4.204365    31.5652       2168     1.5047 0.0000e+00
     16.000    18.2190   4.196289    31.4869       2196     1.5243 0.0000e+00
     15.000    18.2378   4.176155    31.3044       2224     1.5434 0.0000e+00
     14.000    18.2412   4.167382    31.2288       2250     1.5616 0.0000e+00
     13.000    18.2334   4.159421    31.1685       2274     1.5782 0.0000e+00
     12.000    18.2182   4.151968    31.1181       2296     1.5939 0.0000e+00
     11.000    18.2127   4.148086    31.0902       2322     1.6115 0.0000e+00
     10.000    18.2029   4.145320    31.0748       2350     1.6311 0.0000e+00
      9.000    18.1972   4.143981    31.0682       2376     1.6496 0.0000e+00
      8.000    18.1923   4.142894    31.0632       2402     1.6676 0.0000e+00
      7.000    18.1905   4.142524    31.0619       2427     1.6850 0.0000e+00
      6.000    18.1890   4.142301    31.0614       2451     1.7017 0.0000e+00
      5.000    18.1887   4.142173    31.0610       2483     1.7234 0.0000e+00
      4.000    18.1894   4.142127    31.0604       2516     1.7466 0.0000e+00
      3.000    18.1850   4.141264    31.0568       2538     1.7618 0.0000e+00
      2.000    18.1668   4.139792    31.0587       2585     1.7942 0.0000e+00
