HB2304/ctd005.cnv
* Sea-Bird SBE 9 Data File:
* FileName = C:\cruise\data\ctd005.hex
* Software Version Seasave V 7.26.7.121
* Temperature SN = 4591
* Conductivity SN = 3741
* Number of Bytes Per Scan = 37
* Number of Voltage Words = 4
* Number of Scans Averaged by the Deck Unit = 1
* NMEA Latitude = 38 36.64 N
* NMEA Longitude = 073 15.83 W
* NMEA UTC (Time) = Sep 11 2023  17:51:16
* NMEA baud rate = 4800
** Ship: Bigelow HB2304
** Program:  Fall Bottom Trawl Survey
** Chief Scientist: John Galbraith
# nquan = 7
# nvalues = 209                         
# units = specified
# name 0 = depSM: Depth [salt water, m]
# name 1 = t090C: Temperature [ITS-90, deg C]
# name 2 = c0S/m: Conductivity [S/m]
# name 3 = sal00: Salinity, Practical [PSU]
# name 4 = scan: Scan Count
# name 5 = timeM: Time, Elapsed [minutes]
# name 6 = flag: flag
# span 0 =      1.000,    106.000       
# span 1 =    11.5804,    26.2400       
# span 2 =   3.862886,   5.364151       
# span 3 =    33.4329,    35.4347       
# span 4 =        217,      11101       
# span 5 =     0.1499,     7.7082       
# span 6 = 0.0000e+00, 0.0000e+00       
# interval = meters: 1                  
# start_time = Sep 11 2023 17:51:16 [NMEA time, header]
# bad_flag = -9.990e-29
*END*
      3.000    25.9778   5.248768    33.8317        217     0.1499 0.0000e+00
      4.000    25.8937   5.241552    33.8412        495     0.3432 0.0000e+00
      5.000    25.8220   5.233174    33.8331        537     0.3720 0.0000e+00
      6.000    25.7804   5.229249    33.8350        569     0.3945 0.0000e+00
      7.000    25.7596   5.227963    33.8408        595     0.4123 0.0000e+00
      8.000    25.7590   5.233366    33.8803        617     0.4279 0.0000e+00
      9.000    25.9385   5.278853    34.0771        641     0.4444 0.0000e+00
     10.000    25.9198   5.290310    34.1740        668     0.4635 0.0000e+00
     11.000    25.9057   5.295082    34.2188        697     0.4833 0.0000e+00
     12.000    25.8934   5.296815    34.2403        722     0.5004 0.0000e+00
     13.000    25.8879   5.307832    34.3242        744     0.5159 0.0000e+00
     14.000    25.6918   5.330943    34.6404        766     0.5315 0.0000e+00
     15.000    25.5700   5.342514    34.8177        793     0.5497 0.0000e+00
     16.000    25.6421   5.364151    34.9207        825     0.5722 0.0000e+00
     17.000    25.5309   5.356985    34.9531        855     0.5934 0.0000e+00
     18.000    25.3466   5.344590    35.0035        881     0.6113 0.0000e+00
     19.000    25.0109   5.302767    34.9532        906     0.6285 0.0000e+00
     20.000    24.9038   5.290483    34.9447        931     0.6461 0.0000e+00
     21.000    24.7673   5.272752    34.9183        958     0.6646 0.0000e+00
     22.000    24.7214   5.266476    34.9068        985     0.6831 0.0000e+00
     23.000    24.5448   5.249905    34.9199       1009     0.7003 0.0000e+00
     24.000    24.5027   5.258967    35.0203       1033     0.7166 0.0000e+00
     25.000    24.5172   5.271449    35.1021       1056     0.7326 0.0000e+00
     26.000    24.0951   5.242018    35.2122       1082     0.7506 0.0000e+00
     27.000    23.3365   5.157819    35.1729       1115     0.7734 0.0000e+00
     28.000    22.4929   5.057011    35.0686       1146     0.7952 0.0000e+00
     29.000    21.5455   4.945743    34.9573       1173     0.8138 0.0000e+00
     30.000    18.7469   4.611911    34.5402       1198     0.8313 0.0000e+00
     31.000    17.2051   4.423176    34.2315       1222     0.8482 0.0000e+00
     32.000    16.4699   4.335390    34.0910       1246     0.8643 0.0000e+00
     33.000    16.0818   4.294404    34.0611       1269     0.8803 0.0000e+00
     34.000    15.5418   4.242933    34.0666       1294     0.8981 0.0000e+00
     35.000    16.0114   4.312603    34.2824       1324     0.9186 0.0000e+00
     36.000    16.8166   4.420824    34.5409       1352     0.9380 0.0000e+00
     37.000    17.2298   4.487445    34.7660       1375     0.9543 0.0000e+00
     38.000    17.1966   4.488508    34.8035       1398     0.9701 0.0000e+00
     39.000    17.1680   4.486520    34.8105       1423     0.9877 0.0000e+00
     40.000    17.1391   4.484533    34.8178       1453     1.0087 0.0000e+00
     41.000    16.9776   4.468266    34.8154       1485     1.0308 0.0000e+00
     42.000    16.4346   4.409004    34.7663       1514     1.0507 0.0000e+00
     43.000    15.5114   4.306001    34.6566       1539     1.0680 0.0000e+00
     44.000    15.0293   4.246101    34.5401       1564     1.0852 0.0000e+00
     45.000    15.2333   4.279828    34.6653       1591     1.1042 0.0000e+00
     46.000    15.1368   4.278426    34.7377       1619     1.1239 0.0000e+00
     47.000    14.8205   4.243364    34.6993       1643     1.1406 0.0000e+00
     48.000    14.7177   4.232157    34.6880       1663     1.1542 0.0000e+00
     49.000    14.4225   4.202580    34.6795       1681     1.1670 0.0000e+00
     50.000    13.8086   4.130115    34.5579       1700     1.1799 0.0000e+00
     51.000    13.0109   4.036700    34.3977       1725     1.1971 0.0000e+00
     52.000    12.4361   3.966598    34.2499       1776     1.2324 0.0000e+00
     53.000    11.8878   3.900230    34.1082       1814     1.2588 0.0000e+00
     54.000    12.1936   3.935135    34.1671       1835     1.2735 0.0000e+00
     55.000    12.3945   3.958307    34.2071       1854     1.2866 0.0000e+00
     56.000    12.5394   3.975882    34.2439       1876     1.3019 0.0000e+00
     57.000    12.8374   4.011224    34.3108       1903     1.3212 0.0000e+00
     58.000    13.0448   4.037554    34.3731       1934     1.3420 0.0000e+00
     59.000    13.0854   4.042558    34.3833       1957     1.3587 0.0000e+00
     60.000    13.1700   4.053046    34.4057       1977     1.3722 0.0000e+00
     61.000    13.0317   4.045091    34.4552       1996     1.3853 0.0000e+00
     62.000    12.4385   3.981649    34.3888       2016     1.3993 0.0000e+00
     63.000    12.1063   3.942561    34.3151       2042     1.4170 0.0000e+00
     64.000    12.3282   3.966597    34.3437       2079     1.4430 0.0000e+00
     65.000    12.8278   4.028950    34.4856       2124     1.4742 0.0000e+00
     66.000    13.0370   4.055045    34.5430       2156     1.4964 0.0000e+00
     67.000    13.2325   4.081183    34.6126       2180     1.5132 0.0000e+00
     68.000    13.2911   4.089810    34.6404       2202     1.5283 0.0000e+00
     69.000    13.4470   4.110860    34.6969       2224     1.5436 0.0000e+00
     70.000    13.5395   4.123867    34.7349       2246     1.5593 0.0000e+00
     71.000    13.5404   4.124700    34.7415       2269     1.5749 0.0000e+00
     72.000    13.5368   4.124576    34.7431       2292     1.5908 0.0000e+00
     73.000    13.6951   4.144132    34.7824       2315     1.6069 0.0000e+00
     74.000    13.8857   4.172316    34.8728       2339     1.6236 0.0000e+00
     75.000    14.0991   4.201955    34.9547       2367     1.6430 0.0000e+00
     76.000    14.1923   4.217460    35.0139       2400     1.6658 0.0000e+00
     77.000    14.1677   4.216284    35.0249       2436     1.6910 0.0000e+00
     78.000    13.7462   4.170342    34.9796       2475     1.7183 0.0000e+00
     79.000    13.5213   4.143388    34.9315       2505     1.7387 0.0000e+00
     80.000    13.5646   4.147715    34.9323       2528     1.7545 0.0000e+00
     81.000    13.7027   4.164272    34.9612       2548     1.7690 0.0000e+00
     82.000    13.9178   4.190674    35.0116       2568     1.7825 0.0000e+00
     83.000    14.2463   4.233510    35.1107       2588     1.7964 0.0000e+00
     84.000    14.3649   4.252129    35.1750       2609     1.8110 0.0000e+00
     85.000    14.3830   4.256455    35.1982       2631     1.8267 0.0000e+00
     86.000    14.4383   4.264311    35.2201       2658     1.8454 0.0000e+00
     87.000    14.5118   4.275453    35.2556       2690     1.8677 0.0000e+00
     88.000    14.5511   4.282167    35.2814       2722     1.8899 0.0000e+00
     89.000    14.5761   4.286508    35.2983       2753     1.9112 0.0000e+00
     90.000    14.5854   4.288668    35.3093       2789     1.9363 0.0000e+00
     91.000    14.5882   4.290626    35.3243       2825     1.9610 0.0000e+00
     92.000    14.6380   4.301077    35.3748       2851     1.9791 0.0000e+00
     93.000    14.6630   4.307596    35.4116       2872     1.9938 0.0000e+00
     94.000    14.6526   4.307070    35.4158       2892     2.0078 0.0000e+00
     95.000    14.6485   4.306928    35.4179       2912     2.0217 0.0000e+00
     96.000    14.6060   4.303336    35.4232       2934     2.0369 0.0000e+00
     97.000    14.6002   4.303116    35.4260       2958     2.0533 0.0000e+00
     98.000    14.5850   4.302589    35.4346       2983     2.0706 0.0000e+00
     99.000    14.5585   4.300014    35.4347       3022     2.0980 0.0000e+00
    100.000    14.5571   4.299870    35.4342       3152     2.1880 0.0000e+00
    101.000    14.5427   4.298359    35.4330       3206     2.2254 0.0000e+00
    102.000    14.4775   4.291427    35.4282       3274     2.2728 0.0000e+00
    103.000    14.4479   4.288128    35.4244       3439     2.3876 0.0000e+00
    104.000    14.4008   4.283370    35.4231       3580     2.4853 0.0000e+00
    105.000    14.3091   4.274828    35.4275       3646     2.5312 0.0000e+00
    106.000    14.2083   4.264796    35.4265       3745     2.6002 0.0000e+00
    105.000    14.3563   4.278311    35.4166       5014     3.4810 0.0000e+00
    104.000    14.3804   4.280555    35.4157       5623     3.9042 0.0000e+00
    103.000    14.4193   4.284217    35.4144       5616     3.8994 0.0000e+00
    102.000    14.4482   4.287316    35.4170       5644     3.9187 0.0000e+00
    101.000    14.4951   4.291918    35.4170       5670     3.9367 0.0000e+00
    100.000    14.5210   4.295044    35.4227       5697     3.9555 0.0000e+00
     99.000    14.5435   4.297506    35.4252       5727     3.9762 0.0000e+00
     98.000    14.5701   4.300240    35.4266       5754     3.9953 0.0000e+00
     97.000    14.5978   4.303215    35.4292       5778     4.0115 0.0000e+00
     96.000    14.6162   4.304779    35.4272       5798     4.0260 0.0000e+00
     95.000    14.6188   4.304597    35.4235       5821     4.0414 0.0000e+00
     94.000    14.6459   4.306607    35.4177       5847     4.0600 0.0000e+00
     93.000    14.6568   4.307625    35.4175       5877     4.0808 0.0000e+00
     92.000    14.6617   4.307898    35.4160       5903     4.0990 0.0000e+00
     91.000    14.6699   4.308318    35.4128       5927     4.1154 0.0000e+00
     90.000    14.6552   4.305781    35.4033       5951     4.1320 0.0000e+00
     89.000    14.6016   4.294206    35.3460       5977     4.1501 0.0000e+00
     88.000    14.5864   4.289739    35.3191       6006     4.1703 0.0000e+00
     87.000    14.5651   4.285727    35.3019       6035     4.1905 0.0000e+00
     86.000    14.5327   4.280878    35.2871       6060     4.2078 0.0000e+00
     85.000    14.4563   4.270590    35.2621       6083     4.2234 0.0000e+00
     84.000    14.4183   4.264282    35.2389       6106     4.2397 0.0000e+00
     83.000    14.3585   4.255648    35.2138       6132     4.2578 0.0000e+00
     82.000    14.1616   4.230318    35.1587       6160     4.2768 0.0000e+00
     81.000    13.8840   4.193180    35.0664       6186     4.2951 0.0000e+00
     80.000    13.6738   4.165133    34.9961       6210     4.3118 0.0000e+00
     79.000    13.5683   4.149697    34.9479       6233     4.3278 0.0000e+00
     78.000    13.5856   4.148356    34.9199       6258     4.3453 0.0000e+00
     77.000    14.0270   4.195878    34.9627       6287     4.3654 0.0000e+00
     76.000    14.1665   4.215251    35.0168       6316     4.3857 0.0000e+00
     75.000    13.9903   4.192475    34.9654       6343     4.4040 0.0000e+00
     74.000    13.8688   4.173779    34.9018       6369     4.4220 0.0000e+00
     73.000    13.7287   4.156333    34.8663       6396     4.4407 0.0000e+00
     72.000    13.4652   4.120845    34.7731       6422     4.4591 0.0000e+00
     71.000    13.3694   4.104753    34.7092       6446     4.4757 0.0000e+00
     70.000    13.3578   4.103466    34.7080       6468     4.4913 0.0000e+00
     69.000    13.2350   4.088078    34.6748       6491     4.5069 0.0000e+00
     68.000    12.9904   4.057478    34.6078       6515     4.5233 0.0000e+00
     67.000    12.8345   4.035190    34.5382       6540     4.5411 0.0000e+00
     66.000    12.8722   4.037893    34.5300       6569     4.5608 0.0000e+00
     65.000    13.0192   4.054643    34.5559       6601     4.5831 0.0000e+00
     64.000    12.6870   4.018727    34.5164       6632     4.6049 0.0000e+00
     63.000    12.1695   3.950966    34.3387       6658     4.6230 0.0000e+00
     62.000    12.0726   3.935058    34.2737       6681     4.6388 0.0000e+00
     61.000    12.4284   3.967315    34.2603       6704     4.6547 0.0000e+00
     60.000    12.9960   4.028996    34.3349       6729     4.6721 0.0000e+00
     59.000    13.0438   4.036048    34.3592       6758     4.6921 0.0000e+00
     58.000    12.9160   4.021538    34.3375       6786     4.7120 0.0000e+00
     57.000    12.6391   3.990150    34.2895       6811     4.7291 0.0000e+00
     56.000    12.4656   3.966741    34.2232       6833     4.7446 0.0000e+00
     55.000    12.3050   3.948726    34.1963       6855     4.7595 0.0000e+00
     54.000    12.0536   3.919249    34.1409       6876     4.7745 0.0000e+00
     53.000    11.5804   3.862886    34.0244       6900     4.7912 0.0000e+00
     52.000    11.8524   3.880179    33.9445       6930     4.8121 0.0000e+00
     51.000    12.3847   3.944343    34.0832       6967     4.8374 0.0000e+00
     50.000    12.8100   3.987112    34.1074       7003     4.8625 0.0000e+00
     49.000    14.0665   4.136740    34.3882       7037     4.8859 0.0000e+00
     48.000    14.5382   4.196464    34.5203       7068     4.9078 0.0000e+00
     47.000    14.7667   4.223328    34.5638       7099     4.9294 0.0000e+00
     46.000    14.8516   4.231014    34.5591       7131     4.9514 0.0000e+00
     45.000    15.1293   4.257056    34.5508       7163     4.9734 0.0000e+00
     44.000    15.0165   4.234660    34.4473       7193     4.9943 0.0000e+00
     43.000    15.3317   4.260126    34.4009       7224     5.0159 0.0000e+00
     42.000    16.3470   4.372377    34.5184       7262     5.0425 0.0000e+00
     41.000    17.0093   4.455924    34.6803       7309     5.0747 0.0000e+00
     40.000    17.1355   4.472975    34.7204       7351     5.1040 0.0000e+00
     39.000    17.2154   4.481949    34.7299       7388     5.1298 0.0000e+00
     38.000    17.2305   4.482546    34.7225       7424     5.1552 0.0000e+00
     37.000    17.2155   4.477379    34.6910       7466     5.1837 0.0000e+00
     36.000    17.1977   4.472631    34.6654       7517     5.2192 0.0000e+00
     35.000    16.7747   4.416771    34.5421       7580     5.2633 0.0000e+00
     34.000    15.4797   4.235368    34.0534       7659     5.3180 0.0000e+00
     33.000    15.6058   4.222498    33.8286       7714     5.3563 0.0000e+00
     32.000    16.1538   4.277928    33.8541       7765     5.3916 0.0000e+00
     31.000    16.6903   4.332249    33.8765       7820     5.4302 0.0000e+00
     30.000    17.3921   4.409344    33.9553       7907     5.4904 0.0000e+00
     29.000    19.6730   4.665243    34.2107       7967     5.5322 0.0000e+00
     28.000    22.2727   5.000738    34.8103       8034     5.5787 0.0000e+00
     27.000    22.8931   5.080125    34.9280       8081     5.6112 0.0000e+00
     26.000    23.5964   5.166533    35.0329       8151     5.6595 0.0000e+00
     25.000    24.4678   5.261691    35.0678       8240     5.7217 0.0000e+00
     24.000    24.5017   5.258587    35.0182       8287     5.7545 0.0000e+00
     23.000    24.6215   5.261892    34.9499       8343     5.7931 0.0000e+00
     22.000    24.5821   5.242996    34.8396       8414     5.8425 0.0000e+00
     21.000    24.7103   5.255655    34.8351       8479     5.8873 0.0000e+00
     20.000    24.7687   5.263678    34.8499       8552     5.9385 0.0000e+00
     19.000    24.8472   5.274399    34.8693       8653     6.0080 0.0000e+00
     18.000    24.9904   5.290369    34.8775       8786     6.1008 0.0000e+00
     17.000    25.3630   5.337660    34.9401       8926     6.1977 0.0000e+00
     16.000    25.6031   5.357185    34.8996       9044     6.2798 0.0000e+00
     15.000    25.6134   5.351946    34.8536       9133     6.3417 0.0000e+00
     14.000    25.6577   5.343147    34.7556       9234     6.4119 0.0000e+00
     13.000    25.7860   5.318119    34.4760       9304     6.4606 0.0000e+00
     12.000    25.9042   5.302309    34.2722       9383     6.5153 0.0000e+00
     11.000    25.9014   5.295064    34.2219       9461     6.5697 0.0000e+00
     10.000    25.9055   5.288565    34.1719       9542     6.6259 0.0000e+00
      9.000    25.9673   5.291076    34.1444       9612     6.6744 0.0000e+00
      8.000    25.9894   5.290031    34.1206       9684     6.7241 0.0000e+00
      7.000    25.9024   5.270454    34.0436       9753     6.7720 0.0000e+00
      6.000    25.7985   5.242673    33.9192       9844     6.8351 0.0000e+00
      5.000    25.7727   5.230401    33.8495       9899     6.8736 0.0000e+00
