HB2304/ctd041.cnv
* Sea-Bird SBE 9 Data File:
* FileName = C:\cruise\data\ctd041.hex
* Software Version Seasave V 7.26.7.121
* Temperature SN = 4591
* Conductivity SN = 3741
* Number of Bytes Per Scan = 37
* Number of Voltage Words = 4
* Number of Scans Averaged by the Deck Unit = 1
* NMEA Latitude = 34 48.95 N
* NMEA Longitude = 075 48.64 W
* NMEA UTC (Time) = Sep 19 2023  14:56:20
* NMEA baud rate = 4800
** Ship: Bigelow HB2304
** Program:  Fall Bottom Trawl Survey
** Chief Scientist: John Galbraith
# nquan = 7
# nvalues = 57                          
# units = specified
# name 0 = depSM: Depth [salt water, m]
# name 1 = t090C: Temperature [ITS-90, deg C]
# name 2 = c0S/m: Conductivity [S/m]
# name 3 = sal00: Salinity, Practical [PSU]
# name 4 = scan: Scan Count
# name 5 = timeM: Time, Elapsed [minutes]
# name 6 = flag: flag
# span 0 =      1.000,     30.000       
# span 1 =    27.1118,    27.1541       
# span 2 =   5.663204,   5.667732       
# span 3 =    35.9521,    35.9584       
# span 4 =        147,       2954       
# span 5 =     0.1015,     2.0504       
# span 6 = 0.0000e+00, 0.0000e+00       
# interval = meters: 1                  
# start_time = Sep 19 2023 14:56:20 [NMEA time, header]
# bad_flag = -9.990e-29
*END*
      3.000    27.1535   5.667531    35.9578        147     0.1015 0.0000e+00
      4.000    27.1541   5.667678    35.9581        280     0.1940 0.0000e+00
      5.000    27.1541   5.667732    35.9581        323     0.2233 0.0000e+00
      6.000    27.1465   5.666993    35.9584        355     0.2462 0.0000e+00
      7.000    27.1438   5.666698    35.9581        380     0.2632 0.0000e+00
      8.000    27.1379   5.666073    35.9579        403     0.2794 0.0000e+00
      9.000    27.1415   5.666497    35.9578        430     0.2978 0.0000e+00
     10.000    27.1387   5.666217    35.9576        462     0.3204 0.0000e+00
     11.000    27.1288   5.665144    35.9573        494     0.3424 0.0000e+00
     12.000    27.1267   5.664873    35.9567        517     0.3587 0.0000e+00
     13.000    27.1234   5.664494    35.9562        538     0.3729 0.0000e+00
     14.000    27.1195   5.664031    35.9556        560     0.3882 0.0000e+00
     15.000    27.1231   5.664455    35.9556        587     0.4069 0.0000e+00
     16.000    27.1236   5.664638    35.9562        617     0.4277 0.0000e+00
     17.000    27.1202   5.664227    35.9555        643     0.4459 0.0000e+00
     18.000    27.1208   5.664317    35.9554        668     0.4629 0.0000e+00
     19.000    27.1218   5.664492    35.9556        695     0.4816 0.0000e+00
     20.000    27.1211   5.664465    35.9556        724     0.5023 0.0000e+00
     21.000    27.1205   5.664429    35.9555        753     0.5220 0.0000e+00
     22.000    27.1211   5.664560    35.9556        777     0.5390 0.0000e+00
     23.000    27.1200   5.664485    35.9556        800     0.5551 0.0000e+00
     24.000    27.1198   5.664451    35.9552        824     0.5717 0.0000e+00
     25.000    27.1208   5.664622    35.9554        850     0.5892 0.0000e+00
     26.000    27.1164   5.664083    35.9547        878     0.6087 0.0000e+00
     27.000    27.1151   5.663906    35.9540        907     0.6295 0.0000e+00
     28.000    27.1169   5.664203    35.9544        936     0.6490 0.0000e+00
     29.000    27.1184   5.664485    35.9550        961     0.6667 0.0000e+00
     30.000    27.1118   5.663414    35.9521       1478     1.0255 0.0000e+00
     29.000    27.1175   5.664335    35.9546       1880     1.3052 0.0000e+00
     28.000    27.1193   5.664585    35.9553       1908     1.3246 0.0000e+00
     27.000    27.1187   5.664495    35.9555       1943     1.3485 0.0000e+00
     26.000    27.1178   5.664341    35.9554       1974     1.3701 0.0000e+00
     25.000    27.1147   5.663825    35.9544       1998     1.3867 0.0000e+00
     24.000    27.1135   5.663549    35.9536       2018     1.4005 0.0000e+00
     23.000    27.1129   5.663396    35.9533       2037     1.4137 0.0000e+00
     22.000    27.1125   5.663254    35.9530       2057     1.4277 0.0000e+00
     21.000    27.1124   5.663204    35.9530       2080     1.4437 0.0000e+00
     20.000    27.1131   5.663251    35.9531       2107     1.4625 0.0000e+00
     19.000    27.1134   5.663253    35.9532       2137     1.4830 0.0000e+00
     18.000    27.1140   5.663289    35.9533       2166     1.5034 0.0000e+00
     17.000    27.1156   5.663475    35.9537       2194     1.5228 0.0000e+00
     16.000    27.1175   5.663720    35.9543       2222     1.5421 0.0000e+00
     15.000    27.1195   5.663954    35.9547       2249     1.5609 0.0000e+00
     14.000    27.1219   5.664234    35.9552       2273     1.5779 0.0000e+00
     13.000    27.1232   5.664395    35.9557       2295     1.5933 0.0000e+00
     12.000    27.1234   5.664376    35.9557       2317     1.6086 0.0000e+00
     11.000    27.1260   5.664615    35.9557       2341     1.6250 0.0000e+00
     10.000    27.1296   5.665042    35.9563       2367     1.6429 0.0000e+00
      9.000    27.1326   5.665410    35.9569       2393     1.6612 0.0000e+00
      8.000    27.1355   5.665692    35.9570       2419     1.6794 0.0000e+00
      7.000    27.1387   5.666057    35.9574       2447     1.6986 0.0000e+00
      6.000    27.1403   5.666163    35.9573       2477     1.7197 0.0000e+00
      5.000    27.1413   5.666254    35.9575       2507     1.7401 0.0000e+00
      4.000    27.1440   5.666480    35.9573       2532     1.7577 0.0000e+00
      3.000    27.1480   5.666887    35.9574       2555     1.7739 0.0000e+00
      2.000    27.1513   5.667193    35.9574       2814     1.9532 0.0000e+00
      1.000    27.1504   5.667019    35.9572       2954     2.0504 0.0000e+00
