HB2304/ctd094.cnv
* Sea-Bird SBE 9 Data File:
* FileName = C:\cruise\data\ctd094.hex
* Software Version Seasave V 7.26.7.121
* Temperature SN = 4591
* Conductivity SN = 3741
* Number of Bytes Per Scan = 37
* Number of Voltage Words = 4
* Number of Scans Averaged by the Deck Unit = 1
* NMEA Latitude = 39 24.93 N
* NMEA Longitude = 072 44.73 W
* NMEA UTC (Time) = Oct 09 2023  22:02:57
* NMEA baud rate = 4800
** Ship: Bigelow HB2304
** Program:  Fall Bottom Trawl Survey
** Chief Scientist: John Galbraith
# nquan = 7
# nvalues = 148                         
# units = specified
# name 0 = depSM: Depth [salt water, m]
# name 1 = t090C: Temperature [ITS-90, deg C]
# name 2 = c0S/m: Conductivity [S/m]
# name 3 = sal00: Salinity, Practical [PSU]
# name 4 = scan: Scan Count
# name 5 = timeM: Time, Elapsed [minutes]
# name 6 = flag: flag
# span 0 =      3.000,     77.000       
# span 1 =    10.1734,    17.9141       
# span 2 =   3.610316,   4.349947       
# span 3 =    32.5525,    33.3039       
# span 4 =        268,       5397       
# span 5 =     0.1857,     3.7475       
# span 6 = 0.0000e+00, 0.0000e+00       
# interval = meters: 1                  
# start_time = Oct 09 2023 22:02:57 [NMEA time, header]
# bad_flag = -9.990e-29
*END*
      4.000    17.6165   4.297189    32.8184        268     0.1857 0.0000e+00
      5.000    17.6187   4.297459    32.8186        497     0.3447 0.0000e+00
      6.000    17.6264   4.298264    32.8189        526     0.3645 0.0000e+00
      7.000    17.6329   4.299104    32.8204        552     0.3824 0.0000e+00
      8.000    17.6345   4.299347    32.8208        581     0.4028 0.0000e+00
      9.000    17.6336   4.299306    32.8208        608     0.4218 0.0000e+00
     10.000    17.6347   4.299462    32.8209        637     0.4416 0.0000e+00
     11.000    17.6332   4.299392    32.8211        666     0.4621 0.0000e+00
     12.000    17.6321   4.299280    32.8207        692     0.4795 0.0000e+00
     13.000    17.6350   4.299627    32.8210        714     0.4950 0.0000e+00
     14.000    17.6328   4.299333    32.8199        741     0.5136 0.0000e+00
     15.000    17.6325   4.299338    32.8198        774     0.5370 0.0000e+00
     16.000    17.6382   4.300280    32.8229        801     0.5558 0.0000e+00
     17.000    17.6352   4.299888    32.8216        822     0.5699 0.0000e+00
     18.000    17.6359   4.300040    32.8219        842     0.5842 0.0000e+00
     19.000    17.6348   4.299885    32.8212        870     0.6034 0.0000e+00
     20.000    17.6323   4.299544    32.8199        902     0.6256 0.0000e+00
     21.000    17.6333   4.299686    32.8199        926     0.6424 0.0000e+00
     22.000    17.6389   4.300654    32.8233        950     0.6591 0.0000e+00
     23.000    17.6552   4.303572    32.8347        980     0.6801 0.0000e+00
     24.000    17.6642   4.305184    32.8408       1010     0.7005 0.0000e+00
     25.000    17.6849   4.309032    32.8565       1034     0.7174 0.0000e+00
     26.000    17.6856   4.309294    32.8578       1058     0.7338 0.0000e+00
     27.000    17.6876   4.309631    32.8588       1083     0.7511 0.0000e+00
     28.000    17.6924   4.310463    32.8616       1112     0.7715 0.0000e+00
     29.000    17.7065   4.313046    32.8718       1143     0.7930 0.0000e+00
     30.000    17.7177   4.315247    32.8812       1168     0.8101 0.0000e+00
     31.000    17.7237   4.316308    32.8850       1189     0.8252 0.0000e+00
     32.000    17.7510   4.321212    32.9043       1213     0.8414 0.0000e+00
     33.000    17.7729   4.325373    32.9217       1244     0.8632 0.0000e+00
     34.000    17.7839   4.327168    32.9276       1277     0.8859 0.0000e+00
     35.000    17.8060   4.331353    32.9450       1301     0.9025 0.0000e+00
     36.000    17.8202   4.333786    32.9538       1322     0.9174 0.0000e+00
     37.000    17.8326   4.335928    32.9617       1349     0.9359 0.0000e+00
     38.000    17.8443   4.337876    32.9684       1382     0.9588 0.0000e+00
     39.000    17.8656   4.341310    32.9800       1409     0.9774 0.0000e+00
     40.000    17.8782   4.343467    32.9877       1431     0.9932 0.0000e+00
     41.000    17.8931   4.345949    32.9964       1457     1.0113 0.0000e+00
     42.000    17.9117   4.349054    33.0073       1489     1.0331 0.0000e+00
     43.000    17.9141   4.349947    33.0127       1519     1.0539 0.0000e+00
     44.000    17.8545   4.344534    33.0146       1545     1.0720 0.0000e+00
     45.000    17.5213   4.310041    32.9904       1568     1.0880 0.0000e+00
     46.000    17.3090   4.290495    32.9953       1591     1.1040 0.0000e+00
     47.000    17.2009   4.279929    32.9923       1617     1.1220 0.0000e+00
     48.000    17.1196   4.272266    32.9923       1645     1.1414 0.0000e+00
     49.000    17.1493   4.276904    33.0077       1672     1.1608 0.0000e+00
     50.000    16.9063   4.255402    33.0204       1703     1.1818 0.0000e+00
     51.000    16.6092   4.225248    33.0023       1737     1.2052 0.0000e+00
     52.000    16.4135   4.205094    32.9872       1767     1.2264 0.0000e+00
     53.000    16.0548   4.170046    32.9756       1790     1.2426 0.0000e+00
     54.000    15.3093   4.095985    32.9380       1810     1.2561 0.0000e+00
     55.000    14.3111   3.998289    32.8943       1828     1.2690 0.0000e+00
     56.000    12.5000   3.834956    32.9261       1848     1.2830 0.0000e+00
     57.000    10.8694   3.685445    32.9156       1874     1.3007 0.0000e+00
     58.000    10.5411   3.651064    32.8681       1909     1.3249 0.0000e+00
     59.000    10.4763   3.643393    32.8493       1944     1.3493 0.0000e+00
     60.000    10.4408   3.640056    32.8473       1974     1.3702 0.0000e+00
     61.000    10.3587   3.632622    32.8464       2001     1.3890 0.0000e+00
     62.000    10.2903   3.626325    32.8444       2028     1.4073 0.0000e+00
     63.000    10.2363   3.620813    32.8372       2051     1.4238 0.0000e+00
     64.000    10.2099   3.618432    32.8367       2073     1.4389 0.0000e+00
     65.000    10.1812   3.615771    32.8354       2094     1.4536 0.0000e+00
     66.000    10.1741   3.614889    32.8325       2117     1.4694 0.0000e+00
     67.000    10.1735   3.614735    32.8310       2143     1.4878 0.0000e+00
     68.000    10.1734   3.614502    32.8283       2175     1.5095 0.0000e+00
     69.000    10.1745   3.614416    32.8260       2204     1.5297 0.0000e+00
     70.000    10.1794   3.615916    32.8363       2231     1.5488 0.0000e+00
     71.000    10.1893   3.617789    32.8458       2263     1.5712 0.0000e+00
     72.000    10.2003   3.619065    32.8483       2294     1.5922 0.0000e+00
     73.000    10.2107   3.623599    32.8841       2317     1.6082 0.0000e+00
     74.000    10.2296   3.630230    32.9335       2340     1.6241 0.0000e+00
     75.000    10.2484   3.638628    33.0007       2365     1.6419 0.0000e+00
     76.000    10.3591   3.664445    33.1596       2391     1.6597 0.0000e+00
     77.000    10.4955   3.691202    33.3039       3659     2.5401 0.0000e+00
     76.000    10.3960   3.671668    33.1987       3480     2.4159 0.0000e+00
     75.000    10.2777   3.646705    33.0555       3508     2.4354 0.0000e+00
     74.000    10.2412   3.633359    32.9546       3538     2.4563 0.0000e+00
     73.000    10.2283   3.628677    32.9194       3562     2.4726 0.0000e+00
     72.000    10.2136   3.622519    32.8711       3583     2.4873 0.0000e+00
     71.000    10.1991   3.616927    32.8282       3605     2.5025 0.0000e+00
     70.000    10.1846   3.614174    32.8140       3631     2.5209 0.0000e+00
     69.000    10.1778   3.612160    32.8003       3664     2.5439 0.0000e+00
     68.000    10.1762   3.611112    32.7916       3693     2.5641 0.0000e+00
     67.000    10.1758   3.610907    32.7902       3715     2.5793 0.0000e+00
     66.000    10.1754   3.610490    32.7868       3738     2.5954 0.0000e+00
     65.000    10.1778   3.610316    32.7833       3772     2.6191 0.0000e+00
     64.000    10.1896   3.611151    32.7815       3805     2.6420 0.0000e+00
     63.000    10.2118   3.612492    32.7755       3825     2.6555 0.0000e+00
     62.000    10.2397   3.614530    32.7712       3842     2.6672 0.0000e+00
     61.000    10.3120   3.620051    32.7620       3862     2.6813 0.0000e+00
     60.000    10.4392   3.630162    32.7495       3894     2.7035 0.0000e+00
     59.000    10.4812   3.632693    32.7376       3924     2.7241 0.0000e+00
     58.000    10.5441   3.637559    32.7302       3947     2.7402 0.0000e+00
     57.000    10.8746   3.661573    32.6742       3975     2.7594 0.0000e+00
     56.000    12.5751   3.802601    32.5525       4008     2.7828 0.0000e+00
     55.000    13.9582   3.932473    32.5882       4036     2.8017 0.0000e+00
     54.000    15.0877   4.045728    32.6719       4058     2.8171 0.0000e+00
     53.000    15.6715   4.109164    32.7543       4078     2.8312 0.0000e+00
     52.000    15.9916   4.145231    32.8093       4098     2.8451 0.0000e+00
     51.000    16.4168   4.188045    32.8355       4120     2.8603 0.0000e+00
     50.000    16.8924   4.236963    32.8719       4146     2.8782 0.0000e+00
     49.000    17.1957   4.270828    32.9174       4179     2.9011 0.0000e+00
     48.000    17.2909   4.279525    32.9151       4211     2.9234 0.0000e+00
     47.000    17.4570   4.294819    32.9116       4237     2.9417 0.0000e+00
     46.000    17.7769   4.326498    32.9233       4261     2.9583 0.0000e+00
     45.000    17.8909   4.340661    32.9519       4284     2.9743 0.0000e+00
     44.000    17.8986   4.342312    32.9601       4307     2.9901 0.0000e+00
     43.000    17.8754   4.339420    32.9546       4330     3.0060 0.0000e+00
     42.000    17.8749   4.339273    32.9541       4354     3.0227 0.0000e+00
     41.000    17.8783   4.339694    32.9553       4379     3.0405 0.0000e+00
     40.000    17.8592   4.337223    32.9502       4406     3.0592 0.0000e+00
     39.000    17.8509   4.336088    32.9476       4432     3.0773 0.0000e+00
     38.000    17.8318   4.333374    32.9403       4458     3.0949 0.0000e+00
     37.000    17.8224   4.331891    32.9356       4483     3.1128 0.0000e+00
     36.000    17.8185   4.331284    32.9340       4511     3.1319 0.0000e+00
     35.000    17.7909   4.326863    32.9191       4538     3.1506 0.0000e+00
     34.000    17.7726   4.323432    32.9050       4562     3.1677 0.0000e+00
     33.000    17.7637   4.321844    32.8991       4585     3.1833 0.0000e+00
     32.000    17.7450   4.318624    32.8872       4609     3.1997 0.0000e+00
     31.000    17.7321   4.316118    32.8766       4638     3.2204 0.0000e+00
     30.000    17.7237   4.314698    32.8716       4672     3.2435 0.0000e+00
     29.000    17.7166   4.313465    32.8673       4696     3.2605 0.0000e+00
     28.000    17.6974   4.310270    32.8559       4717     3.2753 0.0000e+00
     27.000    17.6896   4.308544    32.8479       4740     3.2908 0.0000e+00
     26.000    17.6865   4.308032    32.8463       4766     3.3090 0.0000e+00
     25.000    17.6841   4.307613    32.8450       4797     3.3306 0.0000e+00
     24.000    17.6801   4.306970    32.8432       4825     3.3503 0.0000e+00
     23.000    17.6770   4.306355    32.8408       4850     3.3673 0.0000e+00
     22.000    17.6748   4.306113    32.8409       4872     3.3829 0.0000e+00
     21.000    17.6692   4.305070    32.8369       4897     3.3998 0.0000e+00
     20.000    17.6696   4.305106    32.8373       4925     3.4193 0.0000e+00
     19.000    17.6652   4.304426    32.8354       4956     3.4409 0.0000e+00
     18.000    17.6551   4.302920    32.8311       4982     3.4591 0.0000e+00
     17.000    17.6431   4.300789    32.8228       5005     3.4747 0.0000e+00
     16.000    17.6427   4.300575    32.8218       5027     3.4905 0.0000e+00
     15.000    17.6428   4.300574    32.8220       5052     3.5079 0.0000e+00
     14.000    17.6418   4.300438    32.8220       5083     3.5295 0.0000e+00
     13.000    17.6396   4.300143    32.8216       5114     3.5509 0.0000e+00
     12.000    17.6404   4.300239    32.8222       5139     3.5681 0.0000e+00
     11.000    17.6417   4.300396    32.8228       5160     3.5827 0.0000e+00
     10.000    17.6423   4.300482    32.8235       5181     3.5973 0.0000e+00
      9.000    17.6408   4.300274    32.8233       5208     3.6157 0.0000e+00
      8.000    17.6405   4.300176    32.8230       5241     3.6387 0.0000e+00
      7.000    17.6403   4.300187    32.8237       5270     3.6593 0.0000e+00
      6.000    17.6365   4.299726    32.8231       5294     3.6757 0.0000e+00
      5.000    17.6352   4.299526    32.8228       5316     3.6907 0.0000e+00
      4.000    17.6319   4.298458    32.8168       5337     3.7058 0.0000e+00
      3.000    17.6209   4.297794    32.8203       5397     3.7475 0.0000e+00
