HB2304/ctd084.cnv
* Sea-Bird SBE 9 Data File:
* FileName = C:\cruise\data\ctd084.hex
* Software Version Seasave V 7.26.7.121
* Temperature SN = 4591
* Conductivity SN = 3741
* Number of Bytes Per Scan = 37
* Number of Voltage Words = 4
* Number of Scans Averaged by the Deck Unit = 1
* NMEA Latitude = 40 11.92 N
* NMEA Longitude = 073 49.51 W
* NMEA UTC (Time) = Oct 08 2023  13:38:11
* NMEA baud rate = 4800
** Ship: Bigelow HB2304
** Program:  Fall Bottom Trawl Survey
** Chief Scientist: John Galbraith
# nquan = 7
# nvalues = 44                          
# units = specified
# name 0 = depSM: Depth [salt water, m]
# name 1 = t090C: Temperature [ITS-90, deg C]
# name 2 = c0S/m: Conductivity [S/m]
# name 3 = sal00: Salinity, Practical [PSU]
# name 4 = scan: Scan Count
# name 5 = timeM: Time, Elapsed [minutes]
# name 6 = flag: flag
# span 0 =      2.000,     24.000       
# span 1 =    18.4417,    18.8073       
# span 2 =   4.169134,   4.310445       
# span 3 =    31.0922,    32.2050       
# span 4 =        164,       2175       
# span 5 =     0.1129,     1.5094       
# span 6 = 0.0000e+00, 0.0000e+00       
# interval = meters: 1                  
# start_time = Oct 08 2023 13:38:11 [NMEA time, header]
# bad_flag = -9.990e-29
*END*
      3.000    18.4588   4.171466    31.1017        164     0.1129 0.0000e+00
      4.000    18.4587   4.171540    31.1020        273     0.1887 0.0000e+00
      5.000    18.4557   4.171017    31.0996        300     0.2080 0.0000e+00
      6.000    18.4508   4.170600    31.0995        323     0.2236 0.0000e+00
      7.000    18.4549   4.170948    31.0989        344     0.2380 0.0000e+00
      8.000    18.4586   4.171420    31.0998        368     0.2549 0.0000e+00
      9.000    18.4487   4.170157    31.0964        400     0.2768 0.0000e+00
     10.000    18.4425   4.169134    31.0922        432     0.2993 0.0000e+00
     11.000    18.4447   4.169457    31.0929        459     0.3182 0.0000e+00
     12.000    18.4460   4.169747    31.0940        485     0.3359 0.0000e+00
     13.000    18.4587   4.172941    31.1106        511     0.3541 0.0000e+00
     14.000    18.6536   4.226873    31.4102        538     0.3730 0.0000e+00
     15.000    18.7902   4.292751    31.8517        563     0.3902 0.0000e+00
     16.000    18.7826   4.310445    32.0039        585     0.4057 0.0000e+00
     17.000    18.6877   4.305564    32.0365        608     0.4217 0.0000e+00
     18.000    18.6145   4.298467    32.0339        634     0.4394 0.0000e+00
     19.000    18.5595   4.292769    32.0288        661     0.4586 0.0000e+00
     20.000    18.5549   4.292810    32.0324        690     0.4782 0.0000e+00
     21.000    18.5689   4.296058    32.0482        718     0.4980 0.0000e+00
     22.000    18.5239   4.301676    32.1297        747     0.5181 0.0000e+00
     23.000    18.5151   4.308810    32.1958        776     0.5382 0.0000e+00
     24.000    18.5106   4.309538    32.2050        796     0.5522 0.0000e+00
     23.000    18.5124   4.309532    32.2039       1449     1.0052 0.0000e+00
     22.000    18.5159   4.308243    32.1908       1537     1.0670 0.0000e+00
     21.000    18.5314   4.301136    32.1198       1567     1.0877 0.0000e+00
     20.000    18.5638   4.295547    32.0483       1596     1.1073 0.0000e+00
     19.000    18.5512   4.292370    32.0319       1622     1.1256 0.0000e+00
     18.000    18.6025   4.296095    32.0235       1646     1.1421 0.0000e+00
     17.000    18.6995   4.306361    32.0339       1668     1.1577 0.0000e+00
     16.000    18.7378   4.307816    32.0167       1691     1.1733 0.0000e+00
     15.000    18.8073   4.309637    31.9784       1715     1.1901 0.0000e+00
     14.000    18.7317   4.268222    31.6935       1742     1.2089 0.0000e+00
     13.000    18.5122   4.192468    31.2324       1770     1.2284 0.0000e+00
     12.000    18.4470   4.171334    31.1065       1798     1.2476 0.0000e+00
     11.000    18.4451   4.170836    31.1041       1825     1.2664 0.0000e+00
     10.000    18.4418   4.169658    31.0971       1851     1.2850 0.0000e+00
      9.000    18.4423   4.169598    31.0965       1877     1.3027 0.0000e+00
      8.000    18.4417   4.169556    31.0970       1902     1.3202 0.0000e+00
      7.000    18.4451   4.169594    31.0951       1928     1.3385 0.0000e+00
      6.000    18.4561   4.171017    31.0990       1959     1.3595 0.0000e+00
      5.000    18.4553   4.171009    31.0998       1990     1.3812 0.0000e+00
      4.000    18.4542   4.171086    31.1017       2046     1.4198 0.0000e+00
      3.000    18.4576   4.171501    31.1029       2133     1.4806 0.0000e+00
      2.000    18.4541   4.171047    31.1020       2175     1.5094 0.0000e+00
