HB2304/ctd051.cnv
* Sea-Bird SBE 9 Data File:
* FileName = C:\cruise\data\ctd051.hex
* Software Version Seasave V 7.26.7.121
* Temperature SN = 4591
* Conductivity SN = 3741
* Number of Bytes Per Scan = 37
* Number of Voltage Words = 4
* Number of Scans Averaged by the Deck Unit = 1
* NMEA Latitude = 35 21.26 N
* NMEA Longitude = 074 55.85 W
* NMEA UTC (Time) = Sep 20 2023  17:02:24
* NMEA baud rate = 4800
** Ship: Bigelow HB2304
** Program:  Fall Bottom Trawl Survey
** Chief Scientist: John Galbraith
# nquan = 7
# nvalues = 219                         
# units = specified
# name 0 = depSM: Depth [salt water, m]
# name 1 = t090C: Temperature [ITS-90, deg C]
# name 2 = c0S/m: Conductivity [S/m]
# name 3 = sal00: Salinity, Practical [PSU]
# name 4 = scan: Scan Count
# name 5 = timeM: Time, Elapsed [minutes]
# name 6 = flag: flag
# span 0 =      1.000,    111.000       
# span 1 =    19.8141,    28.4753       
# span 2 =   4.946809,   5.810568       
# span 3 =    35.9222,    36.4771       
# span 4 =       -342,       8498       
# span 5 =    -0.2381,     5.9007       
# span 6 = 0.0000e+00, 0.0000e+00       
# interval = meters: 1                  
# start_time = Sep 20 2023 17:02:24 [NMEA time, header]
# bad_flag = -9.990e-29
*END*
      3.000    28.4313   5.806393    35.9604       -342    -0.2381 0.0000e+00
      4.000    28.3085   5.792309    35.9549        544     0.3770 0.0000e+00
      5.000    28.2114   5.780910    35.9487        449     0.3113 0.0000e+00
      6.000    28.1665   5.775457    35.9442        489     0.3389 0.0000e+00
      7.000    28.1474   5.773250    35.9430        526     0.3644 0.0000e+00
      8.000    28.1281   5.770962    35.9414        693     0.4803 0.0000e+00
      9.000    28.1259   5.770702    35.9409        734     0.5088 0.0000e+00
     10.000    28.1200   5.770138    35.9411        769     0.5333 0.0000e+00
     11.000    28.1159   5.769760    35.9413        796     0.5523 0.0000e+00
     12.000    28.1095   5.769072    35.9410        821     0.5692 0.0000e+00
     13.000    28.1064   5.768776    35.9410        845     0.5860 0.0000e+00
     14.000    28.0977   5.767862    35.9409        873     0.6055 0.0000e+00
     15.000    28.0950   5.767544    35.9404        904     0.6272 0.0000e+00
     16.000    28.0920   5.767248    35.9403        931     0.6455 0.0000e+00
     17.000    28.0892   5.766969    35.9402        954     0.6617 0.0000e+00
     18.000    28.0849   5.766573    35.9403        978     0.6787 0.0000e+00
     19.000    28.0752   5.765546    35.9402       1006     0.6978 0.0000e+00
     20.000    28.0717   5.765152    35.9398       1034     0.7174 0.0000e+00
     21.000    28.0709   5.765088    35.9397       1060     0.7356 0.0000e+00
     22.000    28.0656   5.764557    35.9397       1086     0.7535 0.0000e+00
     23.000    28.0640   5.764382    35.9394       1114     0.7726 0.0000e+00
     24.000    28.0642   5.764428    35.9392       1141     0.7920 0.0000e+00
     25.000    28.0642   5.764474    35.9393       1168     0.8105 0.0000e+00
     26.000    28.0626   5.764318    35.9391       1193     0.8278 0.0000e+00
     27.000    28.0621   5.764304    35.9391       1218     0.8452 0.0000e+00
     28.000    28.0618   5.764328    35.9391       1244     0.8635 0.0000e+00
     29.000    28.0615   5.764294    35.9389       1272     0.8825 0.0000e+00
     30.000    28.0612   5.764317    35.9389       1299     0.9014 0.0000e+00
     31.000    28.0612   5.764338    35.9388       1326     0.9201 0.0000e+00
     32.000    28.0604   5.764317    35.9389       1354     0.9398 0.0000e+00
     33.000    28.0580   5.764051    35.9385       1383     0.9595 0.0000e+00
     34.000    28.0579   5.764079    35.9386       1408     0.9769 0.0000e+00
     35.000    28.0556   5.763886    35.9386       1431     0.9928 0.0000e+00
     36.000    28.0536   5.763646    35.9382       1455     1.0097 0.0000e+00
     37.000    28.0523   5.763538    35.9381       1482     1.0287 0.0000e+00
     38.000    28.0516   5.763493    35.9380       1512     1.0493 0.0000e+00
     39.000    28.0513   5.763514    35.9381       1541     1.0697 0.0000e+00
     40.000    28.0497   5.763400    35.9382       1569     1.0887 0.0000e+00
     41.000    28.0487   5.763356    35.9383       1595     1.1069 0.0000e+00
     42.000    28.0475   5.763262    35.9383       1621     1.1247 0.0000e+00
     43.000    28.0444   5.762998    35.9385       1646     1.1422 0.0000e+00
     44.000    28.0437   5.762964    35.9385       1671     1.1600 0.0000e+00
     45.000    28.0434   5.762990    35.9386       1697     1.1778 0.0000e+00
     46.000    28.0411   5.763112    35.9409       1723     1.1958 0.0000e+00
     47.000    28.0391   5.763351    35.9438       1749     1.2140 0.0000e+00
     48.000    28.0272   5.763302    35.9523       1776     1.2324 0.0000e+00
     49.000    28.0076   5.762538    35.9616       1803     1.2516 0.0000e+00
     50.000    27.9743   5.760946    35.9755       1833     1.2723 0.0000e+00
     51.000    27.8989   5.755335    35.9933       1863     1.2929 0.0000e+00
     52.000    27.7425   5.743253    36.0275       1889     1.3110 0.0000e+00
     53.000    27.5218   5.723791    36.0590       1912     1.3274 0.0000e+00
     54.000    27.3905   5.711297    36.0712       1937     1.3441 0.0000e+00
     55.000    27.3293   5.705008    36.0734       1964     1.3630 0.0000e+00
     56.000    27.3008   5.701940    36.0732       1992     1.3829 0.0000e+00
     57.000    27.2704   5.699019    36.0756       2019     1.4013 0.0000e+00
     58.000    27.1790   5.690494    36.0851       2043     1.4182 0.0000e+00
     59.000    27.1444   5.687046    36.0870       2068     1.4357 0.0000e+00
     60.000    27.1023   5.682904    36.0897       2097     1.4556 0.0000e+00
     61.000    27.0881   5.681367    36.0894       2127     1.4763 0.0000e+00
     62.000    27.0462   5.677606    36.0947       2154     1.4951 0.0000e+00
     63.000    26.9067   5.665476    36.1158       2181     1.5137 0.0000e+00
     64.000    26.6062   5.637115    36.1456       2210     1.5341 0.0000e+00
     65.000    26.2458   5.602235    36.1752       2239     1.5543 0.0000e+00
     66.000    26.1364   5.589425    36.1677       2265     1.5726 0.0000e+00
     67.000    26.0770   5.583317    36.1696       2290     1.5899 0.0000e+00
     68.000    26.0073   5.576538    36.1747       2316     1.6077 0.0000e+00
     69.000    25.9193   5.567723    36.1796       2343     1.6264 0.0000e+00
     70.000    25.8613   5.561934    36.1826       2371     1.6456 0.0000e+00
     71.000    25.7913   5.555299    36.1891       2399     1.6654 0.0000e+00
     72.000    25.7501   5.550831    36.1886       2427     1.6848 0.0000e+00
     73.000    25.6805   5.544640    36.1980       2453     1.7026 0.0000e+00
     74.000    25.6257   5.539225    36.2013       2477     1.7193 0.0000e+00
     75.000    25.4552   5.524513    36.2282       2503     1.7373 0.0000e+00
     76.000    25.0302   5.486310    36.2844       2536     1.7602 0.0000e+00
     77.000    24.5825   5.441683    36.3109       2570     1.7842 0.0000e+00
     78.000    24.5203   5.435060    36.3111       2596     1.8024 0.0000e+00
     79.000    24.4108   5.424393    36.3191       2618     1.8175 0.0000e+00
     80.000    24.3104   5.415246    36.3312       2640     1.8324 0.0000e+00
     81.000    24.0781   5.393491    36.3552       2662     1.8483 0.0000e+00
     82.000    23.8724   5.373674    36.3721       2689     1.8664 0.0000e+00
     83.000    23.7373   5.360083    36.3787       2717     1.8859 0.0000e+00
     84.000    23.6285   5.349266    36.3849       2747     1.9071 0.0000e+00
     85.000    23.4773   5.333990    36.3917       2778     1.9288 0.0000e+00
     86.000    23.3679   5.322727    36.3948       2806     1.9479 0.0000e+00
     87.000    23.3141   5.316512    36.3910       2830     1.9644 0.0000e+00
     88.000    23.2513   5.310213    36.3940       2853     1.9805 0.0000e+00
     89.000    23.2039   5.305375    36.3954       2878     1.9977 0.0000e+00
     90.000    23.0602   5.292048    36.4109       2907     2.0178 0.0000e+00
     91.000    22.9118   5.277123    36.4179       2937     2.0386 0.0000e+00
     92.000    22.8239   5.268378    36.4226       2962     2.0565 0.0000e+00
     93.000    22.5837   5.243588    36.4291       2987     2.0737 0.0000e+00
     94.000    22.3819   5.223313    36.4386       3015     2.0931 0.0000e+00
     95.000    22.0243   5.186524    36.4486       3045     2.1138 0.0000e+00
     96.000    21.7267   5.155970    36.4570       3071     2.1317 0.0000e+00
     97.000    21.3057   5.113819    36.4771       3095     2.1487 0.0000e+00
     98.000    20.9658   5.076563    36.4668       3122     2.1673 0.0000e+00
     99.000    20.8070   5.057773    36.4503       3153     2.1886 0.0000e+00
    100.000    20.6818   5.044633    36.4507       3183     2.2097 0.0000e+00
    101.000    20.5727   5.031808    36.4397       3209     2.2278 0.0000e+00
    102.000    20.4585   5.020090    36.4421       3232     2.2439 0.0000e+00
    103.000    20.3575   5.008760    36.4362       3255     2.2598 0.0000e+00
    104.000    20.3257   5.004757    36.4305       3280     2.2771 0.0000e+00
    105.000    20.3010   5.002009    36.4289       3309     2.2970 0.0000e+00
    106.000    20.2823   4.999927    36.4277       3342     2.3200 0.0000e+00
    107.000    20.2754   4.999208    36.4274       3373     2.3416 0.0000e+00
    108.000    20.2337   4.995760    36.4347       3400     2.3605 0.0000e+00
    109.000    19.9915   4.971384    36.4435       3427     2.3795 0.0000e+00
    110.000    19.8428   4.954145    36.4299       3456     2.3994 0.0000e+00
    111.000    19.8377   4.951048    36.4084       3475     2.4126 0.0000e+00
    110.000    19.8141   4.946809    36.3941       4300     2.9856 0.0000e+00
    109.000    19.9610   4.961641    36.3896       4714     3.2729 0.0000e+00
    108.000    20.1715   4.983538    36.3881       4735     3.2872 0.0000e+00
    107.000    20.2611   4.993681    36.3944       4767     3.3097 0.0000e+00
    106.000    20.2812   4.995574    36.3929       4794     3.3287 0.0000e+00
    105.000    20.2896   4.996161    36.3909       4818     3.3454 0.0000e+00
    104.000    20.3145   4.998357    36.3878       4842     3.3616 0.0000e+00
    103.000    20.3794   5.004043    36.3787       4868     3.3797 0.0000e+00
    102.000    20.5132   5.018587    36.3827       4898     3.4010 0.0000e+00
    101.000    20.5998   5.027465    36.3811       4930     3.4229 0.0000e+00
    100.000    20.7050   5.038552    36.3814       4959     3.4427 0.0000e+00
     99.000    20.7389   5.043088    36.3896       4984     3.4607 0.0000e+00
     98.000    20.8811   5.055928    36.3723       5010     3.4786 0.0000e+00
     97.000    21.3434   5.100675    36.3396       5036     3.4966 0.0000e+00
     96.000    21.6990   5.139529    36.3495       5061     3.5142 0.0000e+00
     95.000    22.0001   5.170337    36.3408       5087     3.5319 0.0000e+00
     94.000    22.3198   5.203385    36.3339       5115     3.5515 0.0000e+00
     93.000    22.5435   5.228692    36.3460       5146     3.5730 0.0000e+00
     92.000    22.7047   5.244710    36.3374       5173     3.5919 0.0000e+00
     91.000    22.9731   5.272424    36.3306       5197     3.6086 0.0000e+00
     90.000    23.1453   5.290370    36.3275       5223     3.6261 0.0000e+00
     89.000    23.2307   5.299913    36.3311       5253     3.6476 0.0000e+00
     88.000    23.2871   5.306332    36.3345       5289     3.6720 0.0000e+00
     87.000    23.3319   5.311015    36.3340       5318     3.6926 0.0000e+00
     86.000    23.3770   5.315592    36.3324       5343     3.7094 0.0000e+00
     85.000    23.4764   5.324981    36.3232       5366     3.7254 0.0000e+00
     84.000    23.6329   5.340315    36.3127       5389     3.7419 0.0000e+00
     83.000    23.7454   5.351814    36.3088       5417     3.7609 0.0000e+00
     82.000    23.9267   5.368731    36.2900       5451     3.7848 0.0000e+00
     81.000    24.1352   5.388534    36.2710       5488     3.8104 0.0000e+00
     80.000    24.2982   5.404478    36.2597       5516     3.8299 0.0000e+00
     79.000    24.4194   5.416259    36.2507       5540     3.8467 0.0000e+00
     78.000    24.5179   5.425815    36.2434       5566     3.8645 0.0000e+00
     77.000    24.6709   5.438606    36.2164       5594     3.8844 0.0000e+00
     76.000    25.3448   5.500265    36.1363       5623     3.9041 0.0000e+00
     75.000    25.5143   5.519983    36.1476       5650     3.9227 0.0000e+00
     74.000    25.5832   5.527520    36.1488       5678     3.9421 0.0000e+00
     73.000    25.6289   5.532503    36.1496       5707     3.9627 0.0000e+00
     72.000    25.6632   5.536167    36.1497       5736     3.9825 0.0000e+00
     71.000    25.6926   5.539346    36.1500       5762     4.0007 0.0000e+00
     70.000    25.7106   5.541343    36.1508       5788     4.0186 0.0000e+00
     69.000    25.7831   5.547576    36.1395       5816     4.0380 0.0000e+00
     68.000    25.9403   5.562366    36.1240       5847     4.0595 0.0000e+00
     67.000    26.0685   5.575225    36.1172       5876     4.0796 0.0000e+00
     66.000    26.1229   5.581188    36.1182       5901     4.0970 0.0000e+00
     65.000    26.1880   5.587527    36.1135       5925     4.1140 0.0000e+00
     64.000    26.3618   5.603367    36.0926       5952     4.1326 0.0000e+00
     63.000    26.6308   5.629729    36.0733       5980     4.1522 0.0000e+00
     62.000    26.8940   5.654548    36.0474       6006     4.1704 0.0000e+00
     61.000    27.1006   5.675808    36.0399       6031     4.1873 0.0000e+00
     60.000    27.1755   5.683724    36.0389       6056     4.2052 0.0000e+00
     59.000    27.2385   5.690172    36.0365       6085     4.2247 0.0000e+00
     58.000    27.2642   5.693290    36.0392       6113     4.2446 0.0000e+00
     57.000    27.2823   5.695172    36.0389       6140     4.2631 0.0000e+00
     56.000    27.3123   5.698308    36.0385       6165     4.2802 0.0000e+00
     55.000    27.3384   5.701106    36.0385       6188     4.2969 0.0000e+00
     54.000    27.3597   5.703402    36.0387       6214     4.3145 0.0000e+00
     53.000    27.3994   5.707103    36.0348       6242     4.3344 0.0000e+00
     52.000    27.6651   5.728391    35.9818       6271     4.3545 0.0000e+00
     51.000    27.8446   5.744793    35.9605       6299     4.3733 0.0000e+00
     50.000    27.9326   5.752209    35.9458       6324     4.3912 0.0000e+00
     49.000    27.9809   5.756562    35.9399       6349     4.4083 0.0000e+00
     48.000    28.0208   5.759434    35.9299       6374     4.4260 0.0000e+00
     47.000    28.0360   5.760266    35.9245       6402     4.4449 0.0000e+00
     46.000    28.0385   5.760174    35.9223       6429     4.4637 0.0000e+00
     45.000    28.0424   5.760552    35.9222       6453     4.4803 0.0000e+00
     44.000    28.0488   5.761343    35.9232       6476     4.4965 0.0000e+00
     43.000    28.0506   5.761592    35.9239       6502     4.5147 0.0000e+00
     42.000    28.0516   5.761809    35.9249       6534     4.5368 0.0000e+00
     41.000    28.0532   5.762066    35.9258       6565     4.5584 0.0000e+00
     40.000    28.0545   5.762279    35.9267       6591     4.5762 0.0000e+00
     39.000    28.0555   5.762435    35.9273       6615     4.5930 0.0000e+00
     38.000    28.0568   5.762633    35.9280       6641     4.6113 0.0000e+00
     37.000    28.0582   5.762847    35.9288       6670     4.6310 0.0000e+00
     36.000    28.0589   5.762995    35.9296       6695     4.6485 0.0000e+00
     35.000    28.0591   5.763020    35.9299       6718     4.6643 0.0000e+00
     34.000    28.0599   5.763085    35.9301       6741     4.6808 0.0000e+00
     33.000    28.0599   5.763112    35.9306       6769     4.7003 0.0000e+00
     32.000    28.0597   5.763109    35.9310       6803     4.7236 0.0000e+00
     31.000    28.0610   5.763256    35.9313       6838     4.7477 0.0000e+00
     30.000    28.0625   5.763412    35.9316       6868     4.7685 0.0000e+00
     29.000    28.0626   5.763435    35.9319       6894     4.7870 0.0000e+00
     28.000    28.0626   5.763440    35.9323       6919     4.8045 0.0000e+00
     27.000    28.0649   5.763618    35.9321       6946     4.8227 0.0000e+00
     26.000    28.0661   5.763750    35.9324       6978     4.8450 0.0000e+00
     25.000    28.0663   5.763775    35.9328       7014     4.8704 0.0000e+00
     24.000    28.0672   5.763834    35.9328       7047     4.8928 0.0000e+00
     23.000    28.0709   5.764193    35.9328       7075     4.9124 0.0000e+00
     22.000    28.0719   5.764305    35.9331       7102     4.9310 0.0000e+00
     21.000    28.0754   5.764603    35.9329       7126     4.9481 0.0000e+00
     20.000    28.0766   5.764750    35.9333       7153     4.9665 0.0000e+00
     19.000    28.0768   5.764700    35.9331       7183     4.9878 0.0000e+00
     18.000    28.0774   5.764757    35.9333       7213     5.0083 0.0000e+00
     17.000    28.0778   5.764753    35.9334       7239     5.0263 0.0000e+00
     16.000    28.0776   5.764678    35.9332       7264     5.0435 0.0000e+00
     15.000    28.0797   5.764800    35.9328       7290     5.0619 0.0000e+00
