HB2304/ctd034.cnv
* Sea-Bird SBE 9 Data File:
* FileName = C:\cruise\data\ctd034.hex
* Software Version Seasave V 7.26.7.121
* Temperature SN = 4591
* Conductivity SN = 3741
* Number of Bytes Per Scan = 37
* Number of Voltage Words = 4
* Number of Scans Averaged by the Deck Unit = 1
* NMEA Latitude = 36 02.64 N
* NMEA Longitude = 074 48.09 W
* NMEA UTC (Time) = Sep 18 2023  16:35:34
* NMEA baud rate = 4800
** Ship: Bigelow HB2304
** Program:  Fall Bottom Trawl Survey
** Chief Scientist: John Galbraith
# nquan = 7
# nvalues = 309                         
# units = specified
# name 0 = depSM: Depth [salt water, m]
# name 1 = t090C: Temperature [ITS-90, deg C]
# name 2 = c0S/m: Conductivity [S/m]
# name 3 = sal00: Salinity, Practical [PSU]
# name 4 = scan: Scan Count
# name 5 = timeM: Time, Elapsed [minutes]
# name 6 = flag: flag
# span 0 =      3.000,    157.000       
# span 1 =    12.0127,    29.2169       
# span 2 =   3.867444,   5.872719       
# span 3 =    32.7345,    36.0135       
# span 4 =         37,      10866       
# span 5 =     0.0248,     7.5454       
# span 6 = 0.0000e+00, 0.0000e+00       
# interval = meters: 1                  
# start_time = Sep 18 2023 16:35:34 [NMEA time, header]
# bad_flag = -9.990e-29
*END*
      3.000    24.6147   4.970424    32.7941         37     0.0248 0.0000e+00
      4.000    24.6008   4.962761    32.7472        264     0.1824 0.0000e+00
      5.000    24.6020   4.961198    32.7345        404     0.2797 0.0000e+00
      6.000    24.5986   4.963190    32.7514        416     0.2880 0.0000e+00
      7.000    24.6022   4.966511    32.7730        438     0.3037 0.0000e+00
      8.000    24.6154   4.977520    32.8446        598     0.4148 0.0000e+00
      9.000    24.8199   5.043700    33.1832        667     0.4626 0.0000e+00
     10.000    25.5867   5.193767    33.7174        693     0.4807 0.0000e+00
     11.000    26.5128   5.361327    34.2446        718     0.4981 0.0000e+00
     12.000    26.9482   5.436927    34.4628        751     0.5209 0.0000e+00
     13.000    27.4623   5.526247    34.7153        785     0.5443 0.0000e+00
     14.000    28.1903   5.660354    35.1170        810     0.5620 0.0000e+00
     15.000    28.7708   5.773623    35.4732        832     0.5773 0.0000e+00
     16.000    29.1493   5.851058    35.7254        853     0.5919 0.0000e+00
     17.000    29.2169   5.872719    35.8238        877     0.6084 0.0000e+00
     18.000    29.1769   5.870108    35.8355        909     0.6304 0.0000e+00
     19.000    29.0751   5.858014    35.8281        947     0.6567 0.0000e+00
     20.000    29.0255   5.854361    35.8398        974     0.6756 0.0000e+00
     21.000    28.9946   5.850665    35.8372        993     0.6891 0.0000e+00
     22.000    29.0028   5.855294    35.8627       1011     0.7014 0.0000e+00
     23.000    28.9912   5.857885    35.8890       1031     0.7155 0.0000e+00
     24.000    28.9243   5.853482    35.9086       1072     0.7438 0.0000e+00
     25.000    28.8907   5.852266    35.9253       1116     0.7744 0.0000e+00
     26.000    28.8282   5.847768    35.9410       1136     0.7882 0.0000e+00
     27.000    28.5413   5.814615    35.9271       1153     0.7998 0.0000e+00
     28.000    28.4542   5.804990    35.9257       1170     0.8116 0.0000e+00
     29.000    28.2900   5.787957    35.9309       1190     0.8258 0.0000e+00
     30.000    28.1180   5.767639    35.9190       1226     0.8505 0.0000e+00
     31.000    27.6802   5.705967    35.8177       1273     0.8836 0.0000e+00
     32.000    27.4164   5.663785    35.7199       1297     0.8999 0.0000e+00
     33.000    27.2571   5.637839    35.6567       1315     0.9127 0.0000e+00
     34.000    27.1516   5.621643    35.6216       1336     0.9270 0.0000e+00
     35.000    27.0861   5.611450    35.5985       1368     0.9496 0.0000e+00
     36.000    27.0794   5.612177    35.6086       1404     0.9745 0.0000e+00
     37.000    27.0263   5.604578    35.5946       1425     0.9889 0.0000e+00
     38.000    27.0008   5.601426    35.5912       1444     1.0022 0.0000e+00
     39.000    26.9852   5.599590    35.5897       1467     1.0180 0.0000e+00
     40.000    26.8424   5.583071    35.5805       1500     1.0410 0.0000e+00
     41.000    26.7550   5.573038    35.5753       1542     1.0698 0.0000e+00
     42.000    26.4892   5.538415    35.5298       1573     1.0916 0.0000e+00
     43.000    25.9752   5.464924    35.3923       1594     1.1064 0.0000e+00
     44.000    25.6736   5.419653    35.2944       1613     1.1197 0.0000e+00
     45.000    25.3828   5.381368    35.2378       1634     1.1339 0.0000e+00
     46.000    24.3432   5.239789    34.9932       1662     1.1538 0.0000e+00
     47.000    24.1195   5.204226    34.9008       1704     1.1827 0.0000e+00
     48.000    24.0832   5.204318    34.9295       1739     1.2069 0.0000e+00
     49.000    24.1427   5.224252    35.0330       1759     1.2208 0.0000e+00
     50.000    24.1296   5.223145    35.0346       1774     1.2314 0.0000e+00
     51.000    24.1281   5.224365    35.0446       1789     1.2413 0.0000e+00
     52.000    24.0877   5.225293    35.0831       1806     1.2536 0.0000e+00
     53.000    23.7896   5.208689    35.1921       1882     1.3062 0.0000e+00
     54.000    23.1244   5.121671    35.0553       1914     1.3282 0.0000e+00
     55.000    23.5100   5.196785    35.3221       1925     1.3359 0.0000e+00
     56.000    24.2181   5.362346    36.0135       1936     1.3440 0.0000e+00
     57.000    22.6980   5.186321    35.8983       1950     1.3533 0.0000e+00
     58.000    20.4052   4.895156    35.4754       1989     1.3802 0.0000e+00
     59.000    18.3679   4.626321    34.9755       2046     1.4201 0.0000e+00
     60.000    16.8332   4.438112    34.6629       2062     1.4312 0.0000e+00
     61.000    13.5987   4.046858    33.9588       2079     1.4427 0.0000e+00
     62.000    13.2820   3.996988    33.7742       2099     1.4572 0.0000e+00
     63.000    13.1633   3.978681    33.7066       2140     1.4853 0.0000e+00
     64.000    13.1558   3.973528    33.6641       2177     1.5108 0.0000e+00
     65.000    13.1471   3.970867    33.6461       2195     1.5236 0.0000e+00
     66.000    13.1261   3.967432    33.6319       2212     1.5356 0.0000e+00
     67.000    13.0345   3.957634    33.6200       2235     1.5513 0.0000e+00
     68.000    12.9968   3.952518    33.6046       2282     1.5840 0.0000e+00
     69.000    12.9781   3.949995    33.5967       2317     1.6084 0.0000e+00
     70.000    12.9575   3.948359    33.5992       2335     1.6205 0.0000e+00
     71.000    12.9243   3.944901    33.5954       2350     1.6310 0.0000e+00
     72.000    12.9151   3.944388    33.5982       2365     1.6419 0.0000e+00
     73.000    13.0061   3.958574    33.6515       2387     1.6566 0.0000e+00
     74.000    13.0075   3.967807    33.7375       2461     1.7080 0.0000e+00
     75.000    12.9743   3.965680    33.7465       2485     1.7247 0.0000e+00
     76.000    12.9619   3.965372    33.7542       2499     1.7348 0.0000e+00
     77.000    12.9212   3.961708    33.7552       2512     1.7436 0.0000e+00
     78.000    12.8400   3.954043    33.7544       2525     1.7528 0.0000e+00
     79.000    12.7936   3.949380    33.7510       2545     1.7664 0.0000e+00
     80.000    12.7826   3.947712    33.7445       2609     1.8108 0.0000e+00
     81.000    12.7822   3.947195    33.7396       2643     1.8350 0.0000e+00
     82.000    12.7803   3.946733    33.7365       2662     1.8481 0.0000e+00
     83.000    12.7865   3.947362    33.7365       2680     1.8601 0.0000e+00
     84.000    12.7894   3.947637    33.7361       2699     1.8736 0.0000e+00
     85.000    12.7760   3.946320    33.7350       2725     1.8919 0.0000e+00
     86.000    12.6941   3.936944    33.7184       2756     1.9135 0.0000e+00
     87.000    12.6730   3.934360    33.7121       2786     1.9340 0.0000e+00
     88.000    12.6370   3.929658    33.6989       2816     1.9551 0.0000e+00
     89.000    12.6484   3.930516    33.6966       2847     1.9766 0.0000e+00
     90.000    12.6003   3.926209    33.6980       2873     1.9947 0.0000e+00
     91.000    12.4737   3.912865    33.6830       2895     2.0096 0.0000e+00
     92.000    12.2861   3.894541    33.6747       2916     2.0246 0.0000e+00
     93.000    12.2198   3.889353    33.6839       2946     2.0448 0.0000e+00
     94.000    12.1398   3.882378    33.6880       2990     2.0754 0.0000e+00
     95.000    12.1126   3.881564    33.7043       3017     2.0946 0.0000e+00
     96.000    12.0605   3.884507    33.7794       3034     2.1065 0.0000e+00
     97.000    12.1081   3.891271    33.8015       3050     2.1173 0.0000e+00
     98.000    12.2853   3.914191    33.8623       3068     2.1296 0.0000e+00
     99.000    12.3829   3.928866    33.9151       3105     2.1557 0.0000e+00
    100.000    12.4047   3.932577    33.9308       3154     2.1899 0.0000e+00
    101.000    12.4280   3.936063    33.9429       3176     2.2049 0.0000e+00
    102.000    12.4409   3.937745    33.9470       3194     2.2176 0.0000e+00
    103.000    12.4496   3.938881    33.9496       3212     2.2300 0.0000e+00
    104.000    12.5262   3.947149    33.9593       3235     2.2458 0.0000e+00
    105.000    12.8710   3.992548    34.0821       3274     2.2726 0.0000e+00
    106.000    13.7667   4.103543    34.3228       3306     2.2950 0.0000e+00
    107.000    14.2116   4.172309    34.5649       3327     2.3100 0.0000e+00
    108.000    14.2355   4.177782    34.5938       3348     2.3245 0.0000e+00
    109.000    14.2567   4.181321    34.6072       3373     2.3417 0.0000e+00
    110.000    14.3171   4.189533    34.6285       3410     2.3672 0.0000e+00
    111.000    14.4295   4.205109    34.6712       3443     2.3905 0.0000e+00
    112.000    14.5679   4.222804    34.7098       3464     2.4049 0.0000e+00
    113.000    14.7173   4.243484    34.7656       3481     2.4170 0.0000e+00
    114.000    14.9366   4.273276    34.8416       3501     2.4303 0.0000e+00
    115.000    14.9464   4.286262    34.9509       3528     2.4495 0.0000e+00
    116.000    14.8323   4.278186    34.9791       3571     2.4790 0.0000e+00
    117.000    14.8069   4.281704    35.0337       3601     2.5003 0.0000e+00
    118.000    14.8407   4.295938    35.1332       3624     2.5156 0.0000e+00
    119.000    14.9790   4.319534    35.2236       3644     2.5301 0.0000e+00
    120.000    15.0894   4.344789    35.3538       3668     2.5467 0.0000e+00
    121.000    15.1428   4.359685    35.4408       3703     2.5708 0.0000e+00
    122.000    15.2273   4.375439    35.5071       3735     2.5934 0.0000e+00
    123.000    15.3122   4.390063    35.5625       3756     2.6080 0.0000e+00
    124.000    15.3677   4.401462    35.6151       3775     2.6207 0.0000e+00
    125.000    15.4268   4.413614    35.6712       3795     2.6345 0.0000e+00
    126.000    15.4247   4.418618    35.7180       3823     2.6543 0.0000e+00
    127.000    15.5004   4.431050    35.7613       3864     2.6823 0.0000e+00
    128.000    15.4701   4.430385    35.7825       3896     2.7046 0.0000e+00
    129.000    15.4686   4.430093    35.7808       3921     2.7221 0.0000e+00
    130.000    15.4747   4.431723    35.7895       3943     2.7374 0.0000e+00
    131.000    15.4700   4.431335    35.7899       3964     2.7518 0.0000e+00
    132.000    15.4787   4.432726    35.7942       3986     2.7674 0.0000e+00
    133.000    15.5335   4.442321    35.8306       4016     2.7883 0.0000e+00
    134.000    15.5966   4.454092    35.8791       4053     2.8136 0.0000e+00
    135.000    15.6334   4.462750    35.9233       4080     2.8329 0.0000e+00
    136.000    15.6412   4.464931    35.9355       4104     2.8492 0.0000e+00
    137.000    15.6616   4.468726    35.9507       4127     2.8653 0.0000e+00
    138.000    15.6799   4.471857    35.9619       4153     2.8836 0.0000e+00
    139.000    15.6807   4.472920    35.9702       4187     2.9066 0.0000e+00
    140.000    15.6794   4.473170    35.9733       4221     2.9304 0.0000e+00
    141.000    15.6769   4.473609    35.9792       4247     2.9485 0.0000e+00
    142.000    15.6673   4.473137    35.9832       4269     2.9637 0.0000e+00
    143.000    15.6485   4.471496    35.9852       4291     2.9791 0.0000e+00
    144.000    15.5640   4.463392    35.9888       4318     2.9981 0.0000e+00
    145.000    15.4786   4.454726    35.9880       4350     3.0201 0.0000e+00
    146.000    15.3630   4.442756    35.9850       4382     3.0425 0.0000e+00
    147.000    15.2469   4.430371    35.9785       4413     3.0636 0.0000e+00
    148.000    15.1534   4.419933    35.9689       4438     3.0814 0.0000e+00
    149.000    15.0991   4.414018    35.9645       4461     3.0972 0.0000e+00
    150.000    14.9630   4.400117    35.9622       4483     3.1122 0.0000e+00
    151.000    14.7092   4.372065    35.9385       4507     3.1292 0.0000e+00
    152.000    14.5552   4.353754    35.9116       4544     3.1549 0.0000e+00
    153.000    14.5049   4.347303    35.8982       4585     3.1835 0.0000e+00
    154.000    14.4529   4.341838    35.8954       4608     3.1993 0.0000e+00
    155.000    14.3286   4.328058    35.8825       4626     3.2118 0.0000e+00
    156.000    14.2050   4.314159    35.8677       4645     3.2252 0.0000e+00
    157.000    13.9863   4.287939    35.8263       4693     3.2584 0.0000e+00
    156.000    14.2423   4.314593    35.8372       5543     3.8485 0.0000e+00
    155.000    14.3170   4.323276    35.8490       5937     4.1225 0.0000e+00
    154.000    14.4063   4.332788    35.8547       5900     4.0962 0.0000e+00
    153.000    14.4646   4.339862    35.8667       5918     4.1093 0.0000e+00
    152.000    14.5035   4.344025    35.8696       5935     4.1207 0.0000e+00
    151.000    14.5834   4.352001    35.8698       5950     4.1313 0.0000e+00
    150.000    14.7552   4.370483    35.8818       5969     4.1442 0.0000e+00
    149.000    15.0684   4.405967    35.9191       6009     4.1724 0.0000e+00
    148.000    15.1717   4.418752    35.9414       6060     4.2074 0.0000e+00
    147.000    15.2192   4.423629    35.9426       6080     4.2213 0.0000e+00
    146.000    15.3149   4.433108    35.9415       6097     4.2335 0.0000e+00
    145.000    15.4183   4.444831    35.9536       6117     4.2474 0.0000e+00
    144.000    15.5559   4.459266    35.9589       6146     4.2677 0.0000e+00
    143.000    15.6079   4.465418    35.9674       6177     4.2890 0.0000e+00
    142.000    15.6281   4.467940    35.9721       6203     4.3067 0.0000e+00
    141.000    15.6461   4.469940    35.9741       6226     4.3229 0.0000e+00
    140.000    15.6656   4.471864    35.9741       6251     4.3400 0.0000e+00
    139.000    15.6755   4.472667    35.9727       6278     4.3588 0.0000e+00
    138.000    15.6807   4.472766    35.9693       6303     4.3762 0.0000e+00
    137.000    15.6653   4.470411    35.9625       6328     4.3939 0.0000e+00
    136.000    15.6322   4.465347    35.9474       6358     4.4145 0.0000e+00
    135.000    15.5939   4.458146    35.9177       6384     4.4329 0.0000e+00
    134.000    15.5801   4.455087    35.9031       6407     4.4489 0.0000e+00
    133.000    15.5741   4.453597    35.8956       6433     4.4665 0.0000e+00
    132.000    15.5701   4.452510    35.8898       6467     4.4901 0.0000e+00
    131.000    15.5708   4.452261    35.8873       6497     4.5113 0.0000e+00
    130.000    15.5727   4.452215    35.8856       6519     4.5267 0.0000e+00
    129.000    15.5685   4.451537    35.8837       6539     4.5402 0.0000e+00
    128.000    15.5354   4.445993    35.8642       6559     4.5539 0.0000e+00
    127.000    15.5100   4.437498    35.8108       6585     4.5723 0.0000e+00
    126.000    15.4509   4.421417    35.7195       6623     4.5988 0.0000e+00
    125.000    15.4101   4.412990    35.6807       6652     4.6188 0.0000e+00
    124.000    15.3284   4.396950    35.6099       6675     4.6345 0.0000e+00
    123.000    15.2454   4.381418    35.5445       6700     4.6518 0.0000e+00
    122.000    15.0947   4.355490    35.4457       6728     4.6717 0.0000e+00
    121.000    15.0298   4.338583    35.3508       6755     4.6901 0.0000e+00
    120.000    14.9572   4.322682    35.2717       6779     4.7066 0.0000e+00
    119.000    14.8837   4.303625    35.1643       6804     4.7243 0.0000e+00
    118.000    14.8870   4.289444    35.0321       6833     4.7441 0.0000e+00
    117.000    14.9289   4.288285    34.9842       6861     4.7642 0.0000e+00
    116.000    15.0073   4.291098    34.9401       6889     4.7830 0.0000e+00
    115.000    14.8720   4.271439    34.8822       6913     4.7999 0.0000e+00
    114.000    14.6337   4.239672    34.8050       6937     4.8170 0.0000e+00
    113.000    14.4065   4.207380    34.7119       6967     4.8377 0.0000e+00
    112.000    14.3484   4.198321    34.6808       6998     4.8588 0.0000e+00
    111.000    14.3224   4.194559    34.6698       7024     4.8768 0.0000e+00
    110.000    14.2793   4.188736    34.6550       7050     4.8948 0.0000e+00
    109.000    14.2591   4.185634    34.6449       7076     4.9131 0.0000e+00
    108.000    14.2323   4.182184    34.6374       7103     4.9319 0.0000e+00
    107.000    14.1141   4.167518    34.6079       7129     4.9498 0.0000e+00
