HB2304/ctd040.cnv
* Sea-Bird SBE 9 Data File:
* FileName = C:\cruise\data\ctd040.hex
* Software Version Seasave V 7.26.7.121
* Temperature SN = 4591
* Conductivity SN = 3741
* Number of Bytes Per Scan = 37
* Number of Voltage Words = 4
* Number of Scans Averaged by the Deck Unit = 1
* NMEA Latitude = 34 56.78 N
* NMEA Longitude = 075 47.64 W
* NMEA UTC (Time) = Sep 19 2023  13:14:17
* NMEA baud rate = 4800
** Ship: Bigelow HB2304
** Program:  Fall Bottom Trawl Survey
** Chief Scientist: John Galbraith
# nquan = 7
# nvalues = 43                          
# units = specified
# name 0 = depSM: Depth [salt water, m]
# name 1 = t090C: Temperature [ITS-90, deg C]
# name 2 = c0S/m: Conductivity [S/m]
# name 3 = sal00: Salinity, Practical [PSU]
# name 4 = scan: Scan Count
# name 5 = timeM: Time, Elapsed [minutes]
# name 6 = flag: flag
# span 0 =      1.000,     23.000       
# span 1 =    26.6003,    26.6051       
# span 2 =   5.586585,   5.587618       
# span 3 =    35.8015,    35.8033       
# span 4 =        209,       3282       
# span 5 =     0.1445,     2.2786       
# span 6 = 0.0000e+00, 0.0000e+00       
# interval = meters: 1                  
# start_time = Sep 19 2023 13:14:17 [NMEA time, header]
# bad_flag = -9.990e-29
*END*
      3.000    26.6047   5.586675    35.8015        209     0.1445 0.0000e+00
      4.000    26.6036   5.586702    35.8022        465     0.3222 0.0000e+00
      5.000    26.6050   5.586855    35.8019        482     0.3340 0.0000e+00
      6.000    26.6040   5.586804    35.8020        510     0.3535 0.0000e+00
      7.000    26.6042   5.586864    35.8020        538     0.3730 0.0000e+00
      8.000    26.6045   5.586944    35.8020        566     0.3920 0.0000e+00
      9.000    26.6042   5.586993    35.8023        594     0.4120 0.0000e+00
     10.000    26.6037   5.587003    35.8025        621     0.4306 0.0000e+00
     11.000    26.6035   5.587053    35.8026        644     0.4463 0.0000e+00
     12.000    26.6030   5.587062    35.8028        665     0.4612 0.0000e+00
     13.000    26.6023   5.587049    35.8029        689     0.4777 0.0000e+00
     14.000    26.6019   5.587035    35.8028        718     0.4979 0.0000e+00
     15.000    26.6027   5.587157    35.8028        750     0.5202 0.0000e+00
     16.000    26.6035   5.587269    35.8026        778     0.5393 0.0000e+00
     17.000    26.6038   5.587354    35.8027        802     0.5560 0.0000e+00
     18.000    26.6028   5.587330    35.8030        825     0.5723 0.0000e+00
     19.000    26.6018   5.587284    35.8031        849     0.5891 0.0000e+00
     20.000    26.6003   5.587170    35.8031        875     0.6068 0.0000e+00
     21.000    26.6018   5.587335    35.8028        902     0.6256 0.0000e+00
     22.000    26.6046   5.587618    35.8024        930     0.6453 0.0000e+00
     23.000    26.6034   5.587562    35.8026        944     0.6546 0.0000e+00
     22.000    26.6010   5.587322    35.8030       1513     1.0503 0.0000e+00
     21.000    26.6010   5.587264    35.8030       1745     1.2114 0.0000e+00
     20.000    26.6003   5.587175    35.8032       1803     1.2512 0.0000e+00
     19.000    26.6004   5.587129    35.8030       1842     1.2784 0.0000e+00
     18.000    26.6008   5.587110    35.8030       1877     1.3029 0.0000e+00
     17.000    26.6006   5.587054    35.8030       1917     1.3303 0.0000e+00
     16.000    26.6005   5.586997    35.8029       1970     1.3673 0.0000e+00
     15.000    26.6010   5.587018    35.8030       2250     1.5616 0.0000e+00
     14.000    26.6012   5.587023    35.8032       2566     1.7812 0.0000e+00
     13.000    26.6013   5.586992    35.8033       2589     1.7972 0.0000e+00
     12.000    26.6011   5.586920    35.8032       2612     1.8134 0.0000e+00
     11.000    26.6009   5.586831    35.8031       2636     1.8297 0.0000e+00
     10.000    26.6007   5.586765    35.8030       2660     1.8463 0.0000e+00
      9.000    26.6024   5.586875    35.8028       2685     1.8636 0.0000e+00
      8.000    26.6030   5.586887    35.8028       2712     1.8827 0.0000e+00
      7.000    26.6037   5.586916    35.8028       2743     1.9042 0.0000e+00
      6.000    26.6032   5.586842    35.8029       2773     1.9251 0.0000e+00
      5.000    26.6012   5.586616    35.8032       2798     1.9422 0.0000e+00
      4.000    26.6018   5.586585    35.8028       2819     1.9567 0.0000e+00
      3.000    26.6032   5.586672    35.8026       2838     1.9701 0.0000e+00
      2.000    26.6049   5.586826    35.8027       3197     2.2198 0.0000e+00
      1.000    26.6051   5.586858    35.8032       3282     2.2786 0.0000e+00
