HB2304/ctd042.cnv
* Sea-Bird SBE 9 Data File:
* FileName = C:\cruise\data\ctd042.hex
* Software Version Seasave V 7.26.7.121
* Temperature SN = 4591
* Conductivity SN = 3741
* Number of Bytes Per Scan = 37
* Number of Voltage Words = 4
* Number of Scans Averaged by the Deck Unit = 1
* NMEA Latitude = 34 42.92 N
* NMEA Longitude = 075 44.01 W
* NMEA UTC (Time) = Sep 19 2023  16:25:56
* NMEA baud rate = 4800
** Ship: Bigelow HB2304
** Program:  Fall Bottom Trawl Survey
** Chief Scientist: John Galbraith
# nquan = 7
# nvalues = 77                          
# units = specified
# name 0 = depSM: Depth [salt water, m]
# name 1 = t090C: Temperature [ITS-90, deg C]
# name 2 = c0S/m: Conductivity [S/m]
# name 3 = sal00: Salinity, Practical [PSU]
# name 4 = scan: Scan Count
# name 5 = timeM: Time, Elapsed [minutes]
# name 6 = flag: flag
# span 0 =      3.000,     41.000       
# span 1 =    27.3035,    28.0748       
# span 2 =   5.699963,   5.768010       
# span 3 =    35.9628,    36.0781       
# span 4 =        279,       3739       
# span 5 =     0.1931,     2.5957       
# span 6 = 0.0000e+00, 0.0000e+00       
# interval = meters: 1                  
# start_time = Sep 19 2023 16:25:56 [NMEA time, header]
# bad_flag = -9.990e-29
*END*
      3.000    28.0748   5.768010    35.9628        279     0.1931 0.0000e+00
      4.000    28.0696   5.767752    35.9646        515     0.3566 0.0000e+00
      5.000    28.0580   5.766736    35.9661        523     0.3624 0.0000e+00
      6.000    28.0076   5.762173    35.9722        549     0.3804 0.0000e+00
      7.000    27.9539   5.757395    35.9792        577     0.3998 0.0000e+00
      8.000    27.9286   5.755137    35.9824        605     0.4198 0.0000e+00
      9.000    27.9070   5.753545    35.9873        633     0.4390 0.0000e+00
     10.000    27.9031   5.753163    35.9873        658     0.4562 0.0000e+00
     11.000    27.9026   5.753146    35.9873        681     0.4725 0.0000e+00
     12.000    27.8935   5.752637    35.9903        707     0.4901 0.0000e+00
     13.000    27.8525   5.750270    36.0047        734     0.5094 0.0000e+00
     14.000    27.8398   5.749207    36.0066        763     0.5289 0.0000e+00
     15.000    27.8395   5.749185    36.0064        788     0.5466 0.0000e+00
     16.000    27.8436   5.749497    36.0052        812     0.5633 0.0000e+00
     17.000    27.8435   5.749520    36.0051        837     0.5804 0.0000e+00
     18.000    27.8412   5.749448    36.0061        864     0.5994 0.0000e+00
     19.000    27.8232   5.748229    36.0110        893     0.6195 0.0000e+00
     20.000    27.8170   5.747648    36.0113        921     0.6390 0.0000e+00
     21.000    27.8171   5.747756    36.0117        947     0.6567 0.0000e+00
     22.000    27.8133   5.747499    36.0125        969     0.6725 0.0000e+00
     23.000    27.7981   5.746366    36.0158        993     0.6886 0.0000e+00
     24.000    27.8012   5.746525    36.0143       1019     0.7069 0.0000e+00
     25.000    27.7975   5.746258    36.0149       1050     0.7283 0.0000e+00
     26.000    27.7950   5.746150    36.0157       1080     0.7491 0.0000e+00
     27.000    27.7687   5.744174    36.0217       1103     0.7651 0.0000e+00
     28.000    27.7589   5.743650    36.0251       1124     0.7797 0.0000e+00
     29.000    27.7047   5.739425    36.0366       1147     0.7956 0.0000e+00
     30.000    27.6136   5.730901    36.0459       1177     0.8166 0.0000e+00
     31.000    27.5850   5.727880    36.0462       1211     0.8401 0.0000e+00
     32.000    27.5913   5.728288    36.0440       1237     0.8586 0.0000e+00
     33.000    27.5531   5.725217    36.0513       1258     0.8732 0.0000e+00
     34.000    27.4970   5.720015    36.0572       1280     0.8880 0.0000e+00
     35.000    27.4837   5.718508    36.0565       1306     0.9062 0.0000e+00
     36.000    27.4443   5.714930    36.0611       1336     0.9273 0.0000e+00
     37.000    27.4390   5.714163    36.0594       1365     0.9472 0.0000e+00
     38.000    27.4388   5.714130    36.0590       1390     0.9643 0.0000e+00
     39.000    27.4168   5.712307    36.0628       1412     0.9798 0.0000e+00
     40.000    27.3876   5.709543    36.0653       1436     0.9968 0.0000e+00
     41.000    27.3264   5.704746    36.0781       1460     1.0133 0.0000e+00
     40.000    27.3035   5.699963    36.0620       2696     1.8714 0.0000e+00
     39.000    27.3266   5.702748    36.0643       2781     1.9304 0.0000e+00
     38.000    27.3700   5.706620    36.0587       2802     1.9454 0.0000e+00
     37.000    27.4040   5.709633    36.0542       2829     1.9640 0.0000e+00
     36.000    27.4681   5.715623    36.0477       2855     1.9822 0.0000e+00
     35.000    27.4834   5.717350    36.0485       2880     1.9995 0.0000e+00
     34.000    27.4867   5.717614    36.0481       2905     2.0166 0.0000e+00
     33.000    27.5111   5.719788    36.0450       2929     2.0333 0.0000e+00
     32.000    27.5468   5.723128    36.0416       2953     2.0503 0.0000e+00
     31.000    27.5667   5.724994    36.0398       2980     2.0685 0.0000e+00
     30.000    27.5956   5.727488    36.0356       3006     2.0868 0.0000e+00
     29.000    27.6550   5.732668    36.0269       3034     2.1061 0.0000e+00
     28.000    27.7149   5.738161    36.0201       3061     2.1253 0.0000e+00
     27.000    27.7463   5.741280    36.0183       3087     2.1430 0.0000e+00
     26.000    27.7550   5.742127    36.0180       3110     2.1594 0.0000e+00
     25.000    27.7548   5.742195    36.0189       3133     2.1747 0.0000e+00
     24.000    27.7573   5.742379    36.0186       3155     2.1905 0.0000e+00
     23.000    27.7620   5.742694    36.0176       3182     2.2093 0.0000e+00
     22.000    27.7769   5.743735    36.0138       3213     2.2306 0.0000e+00
     21.000    27.7933   5.745008    36.0105       3240     2.2495 0.0000e+00
     20.000    27.8021   5.745796    36.0096       3264     2.2660 0.0000e+00
     19.000    27.8094   5.746286    36.0078       3288     2.2826 0.0000e+00
     18.000    27.8152   5.746800    36.0073       3314     2.3004 0.0000e+00
     17.000    27.8147   5.746809    36.0081       3340     2.3184 0.0000e+00
     16.000    27.8196   5.747100    36.0067       3365     2.3362 0.0000e+00
     15.000    27.8352   5.748240    36.0031       3391     2.3545 0.0000e+00
     14.000    27.8432   5.748819    36.0013       3419     2.3735 0.0000e+00
     13.000    27.8480   5.749092    35.9999       3444     2.3910 0.0000e+00
     12.000    27.8538   5.749430    35.9981       3467     2.4069 0.0000e+00
     11.000    27.8628   5.749955    35.9952       3490     2.4227 0.0000e+00
     10.000    27.8651   5.750085    35.9947       3514     2.4398 0.0000e+00
      9.000    27.8710   5.750358    35.9925       3543     2.4598 0.0000e+00
      8.000    27.8927   5.751609    35.9850       3574     2.4811 0.0000e+00
      7.000    27.9078   5.752651    35.9810       3599     2.4987 0.0000e+00
      6.000    27.9121   5.752907    35.9798       3620     2.5135 0.0000e+00
      5.000    27.9140   5.753037    35.9796       3642     2.5287 0.0000e+00
      4.000    27.9335   5.754314    35.9741       3670     2.5476 0.0000e+00
      3.000    28.0086   5.761124    35.9649       3739     2.5957 0.0000e+00
