HB2304/ctd004.cnv
* Sea-Bird SBE 9 Data File:
* FileName = C:\cruise\data\ctd004.hex
* Software Version Seasave V 7.26.7.121
* Temperature SN = 4591
* Conductivity SN = 3741
* Number of Bytes Per Scan = 37
* Number of Voltage Words = 4
* Number of Scans Averaged by the Deck Unit = 1
* NMEA Latitude = 38 46.37 N
* NMEA Longitude = 073 02.08 W
* NMEA UTC (Time) = Sep 11 2023  09:32:17
* NMEA baud rate = 4800
** Ship: Bigelow HB2304
** Program:  Fall Bottom Trawl Survey
** Chief Scientist: John Galbraith
# nquan = 7
# nvalues = 482                         
# units = specified
# name 0 = depSM: Depth [salt water, m]
# name 1 = t090C: Temperature [ITS-90, deg C]
# name 2 = c0S/m: Conductivity [S/m]
# name 3 = sal00: Salinity, Practical [PSU]
# name 4 = scan: Scan Count
# name 5 = timeM: Time, Elapsed [minutes]
# name 6 = flag: flag
# span 0 =      3.000,    244.000       
# span 1 =     9.7147,    25.6741       
# span 2 =   3.606120,   5.378428       
# span 3 =    33.0602,    35.7288       
# span 4 =        265,      15201       
# span 5 =     0.1836,    10.5559       
# span 6 = 0.0000e+00, 0.0000e+00       
# interval = meters: 1                  
# start_time = Sep 11 2023 09:32:17 [NMEA time, header]
# bad_flag = -9.990e-29
*END*
[from data line 411]
     73.000    11.8324   3.915595    34.3004      13113     9.1057 0.0000e+00
     72.000    11.8177   3.911339    34.2727      13138     9.1233 0.0000e+00
     71.000    11.8219   3.910058    34.2567      13170     9.1451 0.0000e+00
     70.000    11.8650   3.914038    34.2564      13198     9.1645 0.0000e+00
     69.000    11.8685   3.914278    34.2559      13223     9.1817 0.0000e+00
     68.000    11.8454   3.910718    34.2430      13253     9.2026 0.0000e+00
     67.000    11.7844   3.898432    34.1794      13288     9.2270 0.0000e+00
     66.000    11.8008   3.897780    34.1584      13313     9.2446 0.0000e+00
     65.000    11.7407   3.888296    34.1213      13334     9.2594 0.0000e+00
     64.000    11.7064   3.883669    34.1080      13357     9.2750 0.0000e+00
     63.000    11.6425   3.874833    34.0806      13384     9.2938 0.0000e+00
     62.000    11.5479   3.860275    34.0250      13411     9.3125 0.0000e+00
     61.000    11.5404   3.856049    33.9908      13433     9.3276 0.0000e+00
     60.000    11.5867   3.859749    33.9851      13452     9.3412 0.0000e+00
     59.000    11.6399   3.864283    33.9812      13473     9.3554 0.0000e+00
     58.000    11.5177   3.850265    33.9561      13500     9.3742 0.0000e+00
     57.000    11.3333   3.823483    33.8620      13536     9.3994 0.0000e+00
     56.000    11.4980   3.836318    33.8379      13565     9.4196 0.0000e+00
     55.000    11.4919   3.835904    33.8399      13588     9.4351 0.0000e+00
     54.000    11.4268   3.825414    33.7967      13610     9.4506 0.0000e+00
     53.000    11.4807   3.828891    33.7820      13637     9.4692 0.0000e+00
     52.000    11.4845   3.828725    33.7773      13670     9.4922 0.0000e+00
     51.000    11.1343   3.791749    33.7331      13700     9.5129 0.0000e+00
     50.000    10.7841   3.748704    33.6270      13721     9.5280 0.0000e+00
     49.000    10.5892   3.719237    33.5116      13739     9.5406 0.0000e+00
     48.000    10.4944   3.704541    33.4515      13757     9.5527 0.0000e+00
     47.000    10.3506   3.685650    33.3939      13777     9.5663 0.0000e+00
     46.000    10.0617   3.650956    33.3089      13804     9.5857 0.0000e+00
     45.000     9.7997   3.614694    33.1819      13845     9.6140 0.0000e+00
     44.000     9.8100   3.614124    33.1670      13873     9.6333 0.0000e+00
     43.000     9.7542   3.607849    33.1547      13893     9.6472 0.0000e+00
     42.000     9.7479   3.606120    33.1433      13913     9.6608 0.0000e+00
     41.000     9.7997   3.606888    33.1040      13937     9.6781 0.0000e+00
     40.000    10.1475   3.633891    33.0602      13977     9.7054 0.0000e+00
     39.000    10.4274   3.661443    33.0835      14009     9.7280 0.0000e+00
     38.000    10.6466   3.683739    33.1084      14029     9.7418 0.0000e+00
     37.000    10.7967   3.698366    33.1189      14047     9.7540 0.0000e+00
     36.000    11.6179   3.776440    33.1504      14065     9.7669 0.0000e+00
     35.000    12.4752   3.869052    33.2841      14088     9.7827 0.0000e+00
     34.000    13.2518   3.961336    33.4759      14116     9.8024 0.0000e+00
     33.000    14.7705   4.128773    33.7021      14146     9.8229 0.0000e+00
     32.000    15.1796   4.186972    33.8770      14173     9.8416 0.0000e+00
     31.000    15.5636   4.229679    33.9303      14199     9.8600 0.0000e+00
     30.000    16.0863   4.287098    33.9939      14226     9.8785 0.0000e+00
     29.000    17.0206   4.398697    34.1771      14253     9.8969 0.0000e+00
     28.000    17.7075   4.467746    34.1927      14278     9.9147 0.0000e+00
     27.000    18.1666   4.508251    34.1540      14304     9.9329 0.0000e+00
     26.000    19.1352   4.613104    34.2314      14332     9.9518 0.0000e+00
     25.000    19.7561   4.695658    34.4041      14359     9.9709 0.0000e+00
     24.000    21.1033   4.853024    34.5813      14384     9.9883 0.0000e+00
     23.000    22.0616   4.964671    34.6942      14406    10.0033 0.0000e+00
     22.000    22.8731   5.070666    34.8724      14426    10.0175 0.0000e+00
     21.000    23.1377   5.110560    34.9699      14447    10.0322 0.0000e+00
     20.000    23.4019   5.135235    34.9504      14474    10.0508 0.0000e+00
     19.000    23.3656   5.113523    34.8133      14510    10.0754 0.0000e+00
     18.000    23.4461   5.087682    34.5528      14540    10.0964 0.0000e+00
     17.000    23.5217   5.111767    34.6778      14563    10.1123 0.0000e+00
     16.000    23.8004   5.144687    34.7101      14585    10.1275 0.0000e+00
     15.000    24.5662   5.235314    34.7960      14608    10.1440 0.0000e+00
     14.000    25.2352   5.326060    34.9539      14636    10.1630 0.0000e+00
     13.000    25.2439   5.337481    35.0319      14664    10.1825 0.0000e+00
     12.000    25.3313   5.343374    35.0083      14690    10.2009 0.0000e+00
     11.000    25.3772   5.350303    35.0242      14716    10.2187 0.0000e+00
     10.000    25.3915   5.347411    34.9922      14740    10.2358 0.0000e+00
      9.000    25.4531   5.346184    34.9361      14763    10.2512 0.0000e+00
      8.000    25.4600   5.339165    34.8795      14796    10.2746 0.0000e+00
      7.000    25.0977   5.191358    34.0661      14865    10.3225 0.0000e+00
      6.000    24.8669   5.087626    33.4742      14911    10.3542 0.0000e+00
      5.000    24.8803   5.071264    33.3437      14945    10.3779 0.0000e+00
      4.000    24.9771   5.079317    33.3320      14987    10.4069 0.0000e+00
      3.000    25.0477   5.084313    33.3170      15201    10.5559 0.0000e+00
