HB2304/ctd020.cnv
* Sea-Bird SBE 9 Data File:
* FileName = C:\cruise\data\ctd020.hex
* Software Version Seasave V 7.26.7.121
* Temperature SN = 4591
* Conductivity SN = 3741
* Number of Bytes Per Scan = 37
* Number of Voltage Words = 4
* Number of Scans Averaged by the Deck Unit = 1
* NMEA Latitude = 37 15.25 N
* NMEA Longitude = 075 28.87 W
* NMEA UTC (Time) = Sep 14 2023  08:28:57
* NMEA baud rate = 4800
** Ship: Bigelow HB2304
** Program:  Fall Bottom Trawl Survey
** Chief Scientist: John Galbraith
# nquan = 7
# nvalues = 40                          
# units = specified
# name 0 = depSM: Depth [salt water, m]
# name 1 = t090C: Temperature [ITS-90, deg C]
# name 2 = c0S/m: Conductivity [S/m]
# name 3 = sal00: Salinity, Practical [PSU]
# name 4 = scan: Scan Count
# name 5 = timeM: Time, Elapsed [minutes]
# name 6 = flag: flag
# span 0 =      3.000,     23.000       
# span 1 =    19.2809,    25.7615       
# span 2 =   4.374882,   4.900215       
# span 3 =    29.8667,    32.3902       
# span 4 =        138,       1781       
# span 5 =     0.0948,     1.2362       
# span 6 = 0.0000e+00, 0.0000e+00       
# interval = meters: 1                  
# start_time = Sep 14 2023 08:28:57 [NMEA time, header]
# bad_flag = -9.990e-29
*END*
      4.000    25.5154   4.728699    30.4029        138     0.0948 0.0000e+00
      5.000    25.5329   4.720639    30.3330        197     0.1363 0.0000e+00
      6.000    25.2952   4.738733    30.6226        229     0.1585 0.0000e+00
      7.000    25.0252   4.763704    30.9862        252     0.1740 0.0000e+00
      8.000    24.4420   4.769749    31.4354        275     0.1904 0.0000e+00
      9.000    24.0525   4.765544    31.6764        304     0.2105 0.0000e+00
     10.000    24.1320   4.793595    31.8277        338     0.2337 0.0000e+00
     11.000    24.6322   4.900215    32.2604        367     0.2538 0.0000e+00
     12.000    24.5446   4.897083    32.2997        392     0.2712 0.0000e+00
     13.000    24.4774   4.889511    32.2916        415     0.2877 0.0000e+00
     14.000    24.2875   4.870772    32.2891        438     0.3038 0.0000e+00
     15.000    23.9782   4.838592    32.2724        461     0.3193 0.0000e+00
     16.000    23.8212   4.822968    32.2689        483     0.3350 0.0000e+00
     17.000    23.6268   4.807331    32.2924        508     0.3522 0.0000e+00
     18.000    23.2632   4.773508    32.3018        538     0.3727 0.0000e+00
     19.000    22.6933   4.720220    32.3141        571     0.3960 0.0000e+00
     20.000    21.2333   4.590026    32.3902        604     0.4186 0.0000e+00
     21.000    19.5824   4.424135    32.3193        630     0.4370 0.0000e+00
     22.000    19.2809   4.387523    32.2524        652     0.4519 0.0000e+00
     23.000    19.2834   4.385673    32.2349        670     0.4643 0.0000e+00
     22.000    19.2955   4.374882    32.1373       1190     0.8257 0.0000e+00
     21.000    19.3301   4.381246    32.1632       1181     0.8193 0.0000e+00
     20.000    19.7611   4.416124    32.1172       1197     0.8308 0.0000e+00
     19.000    21.0114   4.527881    32.0667       1219     0.8459 0.0000e+00
     18.000    22.0034   4.627264    32.1073       1240     0.8606 0.0000e+00
     17.000    22.9258   4.719529    32.1386       1262     0.8759 0.0000e+00
     16.000    23.2461   4.754600    32.1719       1288     0.8937 0.0000e+00
     15.000    23.8399   4.811615    32.1706       1321     0.9168 0.0000e+00
     14.000    24.0037   4.830145    32.1913       1356     0.9412 0.0000e+00
     13.000    24.2638   4.856142    32.1978       1384     0.9603 0.0000e+00
     12.000    24.4111   4.875131    32.2332       1409     0.9777 0.0000e+00
     11.000    24.5040   4.885444    32.2431       1433     0.9941 0.0000e+00
     10.000    24.5045   4.881284    32.2122       1456     1.0101 0.0000e+00
      9.000    24.1260   4.791753    31.8191       1478     1.0260 0.0000e+00
      8.000    24.4081   4.789567    31.6035       1501     1.0416 0.0000e+00
      7.000    24.5583   4.798008    31.5605       1525     1.0581 0.0000e+00
      6.000    24.5993   4.798395    31.5349       1555     1.0794 0.0000e+00
      5.000    24.9602   4.772542    31.0962       1593     1.1054 0.0000e+00
      4.000    25.3230   4.745723    30.6549       1624     1.1270 0.0000e+00
      3.000    25.7615   4.676251    29.8667       1781     1.2362 0.0000e+00
