HB2304/ctd091.cnv
* Sea-Bird SBE 9 Data File:
* FileName = C:\cruise\data\ctd091.hex
* Software Version Seasave V 7.26.7.121
* Temperature SN = 4591
* Conductivity SN = 3741
* Number of Bytes Per Scan = 37
* Number of Voltage Words = 4
* Number of Scans Averaged by the Deck Unit = 1
* NMEA Latitude = 39 42.68 N
* NMEA Longitude = 073 38.03 W
* NMEA UTC (Time) = Oct 09 2023  14:39:52
* NMEA baud rate = 4800
** Ship: Bigelow HB2304
** Program:  Fall Bottom Trawl Survey
** Chief Scientist: John Galbraith
# nquan = 7
# nvalues = 58                          
# units = specified
# name 0 = depSM: Depth [salt water, m]
# name 1 = t090C: Temperature [ITS-90, deg C]
# name 2 = c0S/m: Conductivity [S/m]
# name 3 = sal00: Salinity, Practical [PSU]
# name 4 = scan: Scan Count
# name 5 = timeM: Time, Elapsed [minutes]
# name 6 = flag: flag
# span 0 =      2.000,     31.000       
# span 1 =    18.7227,    18.8421       
# span 2 =   4.338281,   4.366393       
# span 3 =    32.2856,    32.4171       
# span 4 =        186,       2764       
# span 5 =     0.1285,     1.9188       
# span 6 = 0.0000e+00, 0.0000e+00       
# interval = meters: 1                  
# start_time = Oct 09 2023 14:39:52 [NMEA time, header]
# bad_flag = -9.990e-29
*END*
      3.000    18.7227   4.338281    32.2860        186     0.1285 0.0000e+00
      4.000    18.7234   4.338329    32.2856        398     0.2758 0.0000e+00
      5.000    18.7230   4.338568    32.2875        421     0.2914 0.0000e+00
      6.000    18.7266   4.339797    32.2946        449     0.3112 0.0000e+00
      7.000    18.7277   4.340226    32.2969        478     0.3313 0.0000e+00
      8.000    18.7280   4.340226    32.2963        501     0.3471 0.0000e+00
      9.000    18.7299   4.340896    32.3001        522     0.3617 0.0000e+00
     10.000    18.7332   4.341651    32.3035        544     0.3774 0.0000e+00
     11.000    18.7381   4.343313    32.3131        571     0.3958 0.0000e+00
     12.000    18.7411   4.344552    32.3206        601     0.4166 0.0000e+00
     13.000    18.7439   4.345343    32.3247        629     0.4360 0.0000e+00
     14.000    18.7459   4.346006    32.3283        654     0.4531 0.0000e+00
     15.000    18.7499   4.347056    32.3336        681     0.4722 0.0000e+00
     16.000    18.7536   4.347978    32.3380        713     0.4942 0.0000e+00
     17.000    18.7592   4.349268    32.3439        739     0.5123 0.0000e+00
     18.000    18.7704   4.351566    32.3540        760     0.5269 0.0000e+00
     19.000    18.7897   4.355545    32.3715        781     0.5415 0.0000e+00
     20.000    18.7892   4.355077    32.3677        805     0.5581 0.0000e+00
     21.000    18.8040   4.358225    32.3820        831     0.5763 0.0000e+00
     22.000    18.8111   4.359643    32.3878        865     0.5997 0.0000e+00
     23.000    18.8245   4.362643    32.4019        901     0.6247 0.0000e+00
     24.000    18.8246   4.362699    32.4019        932     0.6467 0.0000e+00
     25.000    18.8277   4.363401    32.4050        961     0.6668 0.0000e+00
     26.000    18.8339   4.364747    32.4109        990     0.6870 0.0000e+00
     27.000    18.8339   4.364785    32.4109       1018     0.7060 0.0000e+00
     28.000    18.8340   4.364846    32.4110       1039     0.7210 0.0000e+00
     29.000    18.8345   4.364972    32.4113       1058     0.7342 0.0000e+00
     30.000    18.8363   4.365325    32.4125       1079     0.7486 0.0000e+00
     31.000    18.8412   4.366080    32.4146       1095     0.7595 0.0000e+00
     30.000    18.8419   4.366347    32.4166       1569     1.0891 0.0000e+00
     29.000    18.8421   4.366393    32.4171       2047     1.4211 0.0000e+00
     28.000    18.8421   4.366336    32.4170       2069     1.4363 0.0000e+00
     27.000    18.8414   4.366225    32.4170       2098     1.4563 0.0000e+00
     26.000    18.8392   4.365812    32.4156       2125     1.4747 0.0000e+00
     25.000    18.8338   4.364835    32.4121       2147     1.4903 0.0000e+00
     24.000    18.8294   4.363836    32.4076       2168     1.5048 0.0000e+00
     23.000    18.8263   4.363173    32.4049       2191     1.5205 0.0000e+00
     22.000    18.8194   4.361757    32.3989       2220     1.5412 0.0000e+00
     21.000    18.8115   4.359940    32.3903       2253     1.5640 0.0000e+00
     20.000    18.8085   4.359265    32.3874       2280     1.5827 0.0000e+00
     19.000    18.7956   4.356798    32.3773       2304     1.5990 0.0000e+00
     18.000    18.7888   4.355308    32.3706       2327     1.6152 0.0000e+00
     17.000    18.7791   4.353369    32.3625       2353     1.6332 0.0000e+00
     16.000    18.7640   4.350138    32.3478       2379     1.6515 0.0000e+00
     15.000    18.7579   4.348646    32.3405       2403     1.6680 0.0000e+00
     14.000    18.7529   4.347564    32.3358       2424     1.6828 0.0000e+00
     13.000    18.7499   4.346838    32.3325       2445     1.6975 0.0000e+00
     12.000    18.7447   4.345226    32.3235       2471     1.7151 0.0000e+00
     11.000    18.7408   4.343751    32.3146       2500     1.7357 0.0000e+00
     10.000    18.7396   4.343249    32.3117       2529     1.7555 0.0000e+00
      9.000    18.7387   4.342969    32.3104       2559     1.7764 0.0000e+00
      8.000    18.7352   4.341862    32.3043       2591     1.7985 0.0000e+00
      7.000    18.7317   4.340914    32.2995       2614     1.8145 0.0000e+00
      6.000    18.7330   4.341247    32.3016       2634     1.8282 0.0000e+00
      5.000    18.7307   4.340696    32.2991       2657     1.8443 0.0000e+00
      4.000    18.7304   4.340572    32.2987       2687     1.8652 0.0000e+00
      3.000    18.7248   4.339037    32.2907       2713     1.8836 0.0000e+00
      2.000    18.7248   4.338946    32.2903       2764     1.9188 0.0000e+00
