HB2304/ctd024.cnv
* Sea-Bird SBE 9 Data File:
* FileName = C:\cruise\data\ctd024.hex
* Software Version Seasave V 7.26.7.121
* Temperature SN = 4591
* Conductivity SN = 3741
* Number of Bytes Per Scan = 37
* Number of Voltage Words = 4
* Number of Scans Averaged by the Deck Unit = 1
* NMEA Latitude = 37 00.64 N
* NMEA Longitude = 074 37.03 W
* NMEA UTC (Time) = Sep 17 2023  09:54:15
* NMEA baud rate = 4800
** Ship: Bigelow HB2304
** Program:  Fall Bottom Trawl Survey
** Chief Scientist: John Galbraith
# nquan = 7
# nvalues = 465                         
# units = specified
# name 0 = depSM: Depth [salt water, m]
# name 1 = t090C: Temperature [ITS-90, deg C]
# name 2 = c0S/m: Conductivity [S/m]
# name 3 = sal00: Salinity, Practical [PSU]
# name 4 = scan: Scan Count
# name 5 = timeM: Time, Elapsed [minutes]
# name 6 = flag: flag
# span 0 =      1.000,    234.000       
# span 1 =     9.9132,    26.3415       
# span 2 =   3.615842,   5.517599       
# span 3 =    32.9875,    36.1158       
# span 4 =         95,      13287       
# span 5 =     0.0650,     9.2265       
# span 6 = 0.0000e+00, 0.0000e+00       
# interval = meters: 1                  
# start_time = Sep 17 2023 09:54:15 [NMEA time, header]
# bad_flag = -9.990e-29
*END*
[from data line 411]
     54.000    10.1098   3.632261    33.0720      11591     8.0484 0.0000e+00
     53.000    10.1302   3.633537    33.0667      11618     8.0670 0.0000e+00
     52.000    10.1411   3.633091    33.0526      11660     8.0963 0.0000e+00
     51.000    10.1307   3.630929    33.0407      11696     8.1214 0.0000e+00
     50.000    10.1360   3.630549    33.0325      11719     8.1378 0.0000e+00
     49.000    10.1544   3.631695    33.0277      11741     8.1529 0.0000e+00
     48.000    10.1948   3.633505    33.0096      11763     8.1682 0.0000e+00
     47.000    10.2451   3.636614    32.9958      11787     8.1844 0.0000e+00
     46.000    10.2990   3.640618    32.9875      11811     8.2013 0.0000e+00
     45.000    10.3941   3.649934    32.9955      11835     8.2182 0.0000e+00
     44.000    10.6165   3.670078    32.9964      11858     8.2341 0.0000e+00
     43.000    10.9901   3.708505    33.0424      11881     8.2498 0.0000e+00
     42.000    11.2588   3.736542    33.0786      11906     8.2672 0.0000e+00
     41.000    11.5365   3.764932    33.1090      11935     8.2873 0.0000e+00
     40.000    11.9608   3.810209    33.1721      11965     8.3082 0.0000e+00
     39.000    12.1396   3.832342    33.2278      11995     8.3289 0.0000e+00
     38.000    12.4951   3.867977    33.2556      12024     8.3496 0.0000e+00
     37.000    13.0749   3.927165    33.3082      12050     8.3671 0.0000e+00
     36.000    14.2231   4.043012    33.3882      12071     8.3820 0.0000e+00
     35.000    15.8167   4.213569    33.5672      12092     8.3963 0.0000e+00
     34.000    16.6671   4.322919    33.8133      12113     8.4110 0.0000e+00
     33.000    17.1132   4.375277    33.8939      12136     8.4271 0.0000e+00
     32.000    17.7713   4.450548    33.9904      12164     8.4462 0.0000e+00
     31.000    18.7940   4.578008    34.2180      12193     8.4665 0.0000e+00
     30.000    20.0472   4.733002    34.4682      12220     8.4857 0.0000e+00
     29.000    20.8051   4.831875    34.6519      12249     8.5052 0.0000e+00
     28.000    22.7772   5.049743    34.7833      12277     8.5252 0.0000e+00
     27.000    24.2536   5.231266    35.0057      12302     8.5423 0.0000e+00
     26.000    25.0905   5.338389    35.1532      12324     8.5576 0.0000e+00
     25.000    25.3209   5.369865    35.2076      12346     8.5731 0.0000e+00
     24.000    25.8018   5.424096    35.2340      12372     8.5908 0.0000e+00
     23.000    26.1530   5.476521    35.3460      12399     8.6100 0.0000e+00
     22.000    26.1905   5.485787    35.3848      12425     8.6280 0.0000e+00
     21.000    26.2309   5.492273    35.4011      12450     8.6452 0.0000e+00
     20.000    26.2773   5.499260    35.4164      12475     8.6625 0.0000e+00
     19.000    26.2874   5.501350    35.4241      12501     8.6803 0.0000e+00
     18.000    26.2871   5.498870    35.4067      12527     8.6989 0.0000e+00
     17.000    26.2753   5.494623    35.3852      12554     8.7174 0.0000e+00
     16.000    26.2819   5.495373    35.3859      12579     8.7350 0.0000e+00
     15.000    26.2854   5.495461    35.3842      12604     8.7520 0.0000e+00
     14.000    26.2854   5.494450    35.3771      12629     8.7694 0.0000e+00
     13.000    26.3085   5.497105    35.3790      12658     8.7893 0.0000e+00
     12.000    26.3153   5.496829    35.3720      12686     8.8089 0.0000e+00
     11.000    26.2978   5.492509    35.3545      12709     8.8250 0.0000e+00
     10.000    26.1694   5.464615    35.2509      12731     8.8402 0.0000e+00
      9.000    25.7309   5.363673    34.8509      12755     8.8571 0.0000e+00
      8.000    25.4792   5.298866    34.5689      12784     8.8774 0.0000e+00
      7.000    25.4568   5.293816    34.5492      12813     8.8972 0.0000e+00
      6.000    25.4436   5.291982    34.5460      12836     8.9134 0.0000e+00
      5.000    25.4306   5.289306    34.5366      12858     8.9284 0.0000e+00
      4.000    25.4223   5.287817    34.5322      12881     8.9441 0.0000e+00
      3.000    25.4111   5.286083    34.5283      13056     9.0659 0.0000e+00
      2.000    25.4005   5.285357    34.5314      13259     9.2072 0.0000e+00
      1.000    25.4002   5.285238    34.5311      13287     9.2265 0.0000e+00
