HB2304/ctd047.cnv
* Sea-Bird SBE 9 Data File:
* FileName = C:\cruise\data\ctd047.hex
* Software Version Seasave V 7.26.7.121
* Temperature SN = 4591
* Conductivity SN = 3741
* Number of Bytes Per Scan = 37
* Number of Voltage Words = 4
* Number of Scans Averaged by the Deck Unit = 1
* NMEA Latitude = 34 53.99 N
* NMEA Longitude = 075 19.15 W
* NMEA UTC (Time) = Sep 20 2023  06:05:25
* NMEA baud rate = 4800
** Ship: Bigelow HB2304
** Program:  Fall Bottom Trawl Survey
** Chief Scientist: John Galbraith
# nquan = 7
# nvalues = 733                         
# units = specified
# name 0 = depSM: Depth [salt water, m]
# name 1 = t090C: Temperature [ITS-90, deg C]
# name 2 = c0S/m: Conductivity [S/m]
# name 3 = sal00: Salinity, Practical [PSU]
# name 4 = scan: Scan Count
# name 5 = timeM: Time, Elapsed [minutes]
# name 6 = flag: flag
# span 0 =      1.000,    368.000       
# span 1 =     7.9030,    29.0482       
# span 2 =   3.644856,   5.866284       
# span 3 =    35.1433,    36.7872       
# span 4 =        126,      21024       
# span 5 =     0.0868,    14.5995       
# span 6 = 0.0000e+00, 0.0000e+00       
# interval = meters: 1                  
# start_time = Sep 20 2023 06:05:25 [NMEA time, header]
# bad_flag = -9.990e-29
*END*
[from data line 411]
    322.000    11.0377   3.961027    35.3872      12223     8.4877 0.0000e+00
    321.000    11.0999   3.967976    35.3972      12248     8.5051 0.0000e+00
    320.000    11.1942   3.977636    35.4032      12279     8.5262 0.0000e+00
    319.000    11.2855   3.988811    35.4271      12311     8.5489 0.0000e+00
    318.000    11.2995   3.990664    35.4325      12339     8.5683 0.0000e+00
    317.000    11.3041   3.991382    35.4357      12363     8.5850 0.0000e+00
    316.000    11.3164   3.992600    35.4364      12387     8.6013 0.0000e+00
    315.000    11.3474   3.995993    35.4408      12412     8.6184 0.0000e+00
    314.000    11.3820   3.999614    35.4440      12437     8.6362 0.0000e+00
    313.000    11.4570   4.007188    35.4475      12465     8.6557 0.0000e+00
    312.000    11.5468   4.017221    35.4611      12497     8.6779 0.0000e+00
    311.000    11.5556   4.018631    35.4671      12525     8.6975 0.0000e+00
    310.000    11.5652   4.019514    35.4670      12546     8.7116 0.0000e+00
    309.000    11.5761   4.020657    35.4684      12564     8.7240 0.0000e+00
    308.000    11.5828   4.021314    35.4689      12583     8.7373 0.0000e+00
    307.000    11.6035   4.023135    35.4675      12608     8.7547 0.0000e+00
    306.000    11.6453   4.027264    35.4687      12642     8.7787 0.0000e+00
    305.000    11.6926   4.032043    35.4710      12677     8.8026 0.0000e+00
    304.000    11.7234   4.035542    35.4765      12704     8.8214 0.0000e+00
    303.000    11.7509   4.038430    35.4790      12728     8.8380 0.0000e+00
    302.000    11.7776   4.041500    35.4841      12753     8.8557 0.0000e+00
    301.000    11.7963   4.043693    35.4882      12782     8.8758 0.0000e+00
    300.000    11.8041   4.044624    35.4904      12809     8.8946 0.0000e+00
    299.000    11.8154   4.045813    35.4917      12830     8.9091 0.0000e+00
    298.000    11.8387   4.048097    35.4923      12848     8.9214 0.0000e+00
    297.000    11.8801   4.052358    35.4951      12865     8.9334 0.0000e+00
    296.000    11.9272   4.057426    35.5003      12884     8.9468 0.0000e+00
    295.000    11.9853   4.063806    35.5078      12916     8.9687 0.0000e+00
    294.000    12.0312   4.069220    35.5175      12962     9.0010 0.0000e+00
    293.000    12.0509   4.071453    35.5210      12992     9.0216 0.0000e+00
    292.000    12.0797   4.074548    35.5243      13015     9.0373 0.0000e+00
    291.000    12.1107   4.077866    35.5276      13035     9.0513 0.0000e+00
    290.000    12.1595   4.082897    35.5306      13055     9.0650 0.0000e+00
    289.000    12.2486   4.092318    35.5382      13076     9.0798 0.0000e+00
    288.000    12.3190   4.100835    35.5545      13101     9.0973 0.0000e+00
    287.000    12.3533   4.104977    35.5627      13129     9.1167 0.0000e+00
    286.000    12.3640   4.106516    35.5678      13156     9.1356 0.0000e+00
    285.000    12.3704   4.107266    35.5694      13182     9.1536 0.0000e+00
    284.000    12.3887   4.109140    35.5707      13210     9.1727 0.0000e+00
    283.000    12.4234   4.113092    35.5765      13237     9.1917 0.0000e+00
    282.000    12.4486   4.115776    35.5791      13263     9.2099 0.0000e+00
    281.000    12.4859   4.119768    35.5828      13288     9.2271 0.0000e+00
    280.000    12.5124   4.122867    35.5881      13311     9.2431 0.0000e+00
    279.000    12.5379   4.125644    35.5913      13334     9.2587 0.0000e+00
    278.000    12.5715   4.129383    35.5960      13359     9.2767 0.0000e+00
    277.000    12.5856   4.131146    35.6001      13392     9.2995 0.0000e+00
    276.000    12.6125   4.133982    35.6025      13423     9.3206 0.0000e+00
    275.000    12.6313   4.136172    35.6062      13448     9.3381 0.0000e+00
    274.000    12.6503   4.138165    35.6080      13474     9.3564 0.0000e+00
    273.000    12.6787   4.141459    35.6132      13501     9.3751 0.0000e+00
    272.000    12.7033   4.144005    35.6149      13525     9.3918 0.0000e+00
    271.000    12.7457   4.148698    35.6205      13549     9.4080 0.0000e+00
    270.000    12.7593   4.150509    35.6254      13574     9.4257 0.0000e+00
    269.000    12.7826   4.152992    35.6278      13601     9.4441 0.0000e+00
    268.000    12.8025   4.155325    35.6318      13627     9.4623 0.0000e+00
    267.000    12.8277   4.157977    35.6339      13656     9.4824 0.0000e+00
    266.000    12.8802   4.163842    35.6411      13688     9.5046 0.0000e+00
    265.000    12.9075   4.167044    35.6465      13718     9.5254 0.0000e+00
    264.000    12.9464   4.171168    35.6497      13744     9.5438 0.0000e+00
    263.000    12.9991   4.177068    35.6570      13768     9.5605 0.0000e+00
    262.000    13.0457   4.182109    35.6617      13792     9.5772 0.0000e+00
    261.000    13.1321   4.191525    35.6707      13817     9.5947 0.0000e+00
    260.000    13.2373   4.203525    35.6866      13845     9.6142 0.0000e+00
    259.000    13.3445   4.215415    35.6994      13876     9.6351 0.0000e+00
    258.000    13.4062   4.222887    35.7128      13902     9.6536 0.0000e+00
    257.000    13.4639   4.229499    35.7218      13926     9.6699 0.0000e+00
    256.000    13.5065   4.234273    35.7275      13952     9.6882 0.0000e+00
    255.000    13.6189   4.246762    35.7407      13988     9.7134 0.0000e+00
    254.000    13.6912   4.255445    35.7553      14022     9.7367 0.0000e+00
    253.000    13.7569   4.262467    35.7605      14045     9.7529 0.0000e+00
    252.000    13.8108   4.268784    35.7699      14065     9.7669 0.0000e+00
    251.000    13.8660   4.274948    35.7767      14087     9.7816 0.0000e+00
    250.000    13.9011   4.279424    35.7864      14111     9.7983 0.0000e+00
    249.000    13.9358   4.283356    35.7914      14141     9.8196 0.0000e+00
    248.000    14.0144   4.292085    35.8002      14179     9.8462 0.0000e+00
    247.000    14.0651   4.298245    35.8110      14212     9.8688 0.0000e+00
    246.000    14.1141   4.303773    35.8174      14236     9.8858 0.0000e+00
    245.000    14.1299   4.305826    35.8223      14260     9.9018 0.0000e+00
    244.000    14.2024   4.313256    35.8246      14284     9.9185 0.0000e+00
    243.000    14.2608   4.320205    35.8355      14310     9.9368 0.0000e+00
    242.000    14.3678   4.331849    35.8448      14338     9.9562 0.0000e+00
    241.000    14.4722   4.343874    35.8599      14366     9.9754 0.0000e+00
    240.000    14.5595   4.353953    35.8727      14394     9.9952 0.0000e+00
    239.000    14.5988   4.359114    35.8844      14423    10.0150 0.0000e+00
    238.000    14.6229   4.361655    35.8860      14448    10.0328 0.0000e+00
    237.000    14.6818   4.368482    35.8949      14473    10.0499 0.0000e+00
    236.000    14.7443   4.375387    35.9012      14502    10.0703 0.0000e+00
    235.000    14.8651   4.388972    35.9150      14537    10.0942 0.0000e+00
    234.000    14.9060   4.394460    35.9281      14564    10.1135 0.0000e+00
    233.000    14.9145   4.395686    35.9318      14589    10.1304 0.0000e+00
    232.000    14.9200   4.396422    35.9340      14614    10.1479 0.0000e+00
    231.000    14.9325   4.397913    35.9365      14642    10.1673 0.0000e+00
    230.000    14.9414   4.399087    35.9395      14671    10.1873 0.0000e+00
    229.000    14.9483   4.399948    35.9414      14697    10.2056 0.0000e+00
    228.000    14.9531   4.400581    35.9432      14721    10.2222 0.0000e+00
    227.000    14.9841   4.403578    35.9425      14745    10.2386 0.0000e+00
    226.000    15.0540   4.411714    35.9530      14772    10.2573 0.0000e+00
    225.000    15.1219   4.419455    35.9617      14806    10.2813 0.0000e+00
    224.000    15.1691   4.425167    35.9708      14839    10.3041 0.0000e+00
    223.000    15.2098   4.429913    35.9771      14865    10.3222 0.0000e+00
    222.000    15.2552   4.435006    35.9822      14888    10.3385 0.0000e+00
    221.000    15.3403   4.444181    35.9879      14912    10.3551 0.0000e+00
    220.000    15.4681   4.458244    35.9988      14940    10.3742 0.0000e+00
    219.000    15.5692   4.470672    36.0191      14969    10.3941 0.0000e+00
    218.000    15.5982   4.474345    36.0262      14994    10.4119 0.0000e+00
    217.000    15.6894   4.483488    36.0258      15018    10.4284 0.0000e+00
    216.000    15.8899   4.505563    36.0418      15045    10.4470 0.0000e+00
    215.000    16.0169   4.521194    36.0668      15079    10.4710 0.0000e+00
    214.000    16.0790   4.528529    36.0763      15114    10.4953 0.0000e+00
    213.000    16.1657   4.538397    36.0861      15139    10.5123 0.0000e+00
    212.000    16.2110   4.543961    36.0950      15160    10.5268 0.0000e+00
    211.000    16.2556   4.549009    36.0998      15181    10.5417 0.0000e+00
    210.000    16.3261   4.556739    36.1051      15206    10.5589 0.0000e+00
    209.000    16.4206   4.567906    36.1191      15237    10.5808 0.0000e+00
    208.000    16.5101   4.578893    36.1360      15272    10.6045 0.0000e+00
    207.000    16.5727   4.586775    36.1495      15297    10.6222 0.0000e+00
    206.000    16.6134   4.591796    36.1575      15319    10.6372 0.0000e+00
    205.000    16.6950   4.601404    36.1690      15342    10.6536 0.0000e+00
    204.000    16.8144   4.615946    36.1898      15372    10.6744 0.0000e+00
    203.000    16.8836   4.624634    36.2043      15408    10.6991 0.0000e+00
    202.000    16.9384   4.631550    36.2160      15437    10.7195 0.0000e+00
    201.000    16.9877   4.637110    36.2208      15462    10.7368 0.0000e+00
    200.000    17.1080   4.650664    36.2316      15488    10.7548 0.0000e+00
    199.000    17.3206   4.675912    36.2614      15516    10.7745 0.0000e+00
    198.000    17.4312   4.690281    36.2878      15543    10.7932 0.0000e+00
    197.000    17.5589   4.705124    36.3026      15566    10.8088 0.0000e+00
    196.000    17.6417   4.715601    36.3197      15586    10.8227 0.0000e+00
    195.000    17.6631   4.718080    36.3223      15607    10.8375 0.0000e+00
    194.000    17.6780   4.719565    36.3222      15634    10.8564 0.0000e+00
    193.000    17.6949   4.721029    36.3202      15672    10.8823 0.0000e+00
    192.000    17.7045   4.721935    36.3198      15709    10.9081 0.0000e+00
    191.000    17.7103   4.722561    36.3204      15737    10.9276 0.0000e+00
    190.000    17.7155   4.723095    36.3208      15761    10.9443 0.0000e+00
    189.000    17.7277   4.724019    36.3183      15785    10.9609 0.0000e+00
    188.000    17.7531   4.725950    36.3126      15811    10.9790 0.0000e+00
    187.000    17.8073   4.730546    36.3044      15837    10.9975 0.0000e+00
    186.000    17.9229   4.743091    36.3097      15861    11.0138 0.0000e+00
    185.000    18.0202   4.753474    36.3128      15883    11.0293 0.0000e+00
    184.000    18.0818   4.760242    36.3165      15907    11.0459 0.0000e+00
    183.000    18.1703   4.769923    36.3212      15935    11.0654 0.0000e+00
    182.000    18.2597   4.780190    36.3300      15968    11.0879 0.0000e+00
    181.000    18.3030   4.785804    36.3401      15999    11.1098 0.0000e+00
    180.000    18.3342   4.789183    36.3416      16027    11.1290 0.0000e+00
    179.000    18.3656   4.792339    36.3410      16053    11.1469 0.0000e+00
    178.000    18.3984   4.795989    36.3436      16078    11.1645 0.0000e+00
    177.000    18.4303   4.799602    36.3464      16105    11.1832 0.0000e+00
    176.000    18.4585   4.802907    36.3500      16134    11.2032 0.0000e+00
    175.000    18.4813   4.805630    36.3533      16161    11.2224 0.0000e+00
    174.000    18.5017   4.807765    36.3539      16186    11.2393 0.0000e+00
    173.000    18.5254   4.810556    36.3570      16207    11.2542 0.0000e+00
    172.000    18.5466   4.813112    36.3604      16228    11.2689 0.0000e+00
    171.000    18.5804   4.816796    36.3622      16252    11.2857 0.0000e+00
    170.000    18.6054   4.819867    36.3665      16286    11.3087 0.0000e+00
    169.000    18.6313   4.822774    36.3687      16325    11.3360 0.0000e+00
    168.000    18.6522   4.825308    36.3721      16353    11.3554 0.0000e+00
    167.000    18.6967   4.829794    36.3713      16374    11.3702 0.0000e+00
    166.000    18.7367   4.834244    36.3740      16394    11.3842 0.0000e+00
    165.000    18.7956   4.841914    36.3873      16417    11.4003 0.0000e+00
    164.000    19.0178   4.867859    36.4108      16448    11.4216 0.0000e+00
    163.000    19.2631   4.902322    36.4850      16480    11.4439 0.0000e+00
    162.000    19.3343   4.911304    36.4981      16506    11.4617 0.0000e+00
    161.000    19.4543   4.924489    36.5034      16529    11.4776 0.0000e+00
    160.000    19.5683   4.939821    36.5316      16551    11.4933 0.0000e+00
    159.000    19.6019   4.945404    36.5490      16576    11.5106 0.0000e+00
    158.000    19.6563   4.952305    36.5592      16606    11.5312 0.0000e+00
    157.000    19.7081   4.958970    36.5697      16636    11.5519 0.0000e+00
    156.000    19.7478   4.962945    36.5683      16660    11.5690 0.0000e+00
    155.000    19.8072   4.969741    36.5731      16685    11.5864 0.0000e+00
    154.000    19.8740   4.976690    36.5728      16716    11.6075 0.0000e+00
    153.000    19.9530   4.985266    36.5751      16748    11.6300 0.0000e+00
    152.000    19.9941   4.989922    36.5781      16774    11.6482 0.0000e+00
    151.000    20.0179   4.992949    36.5828      16798    11.6643 0.0000e+00
    150.000    20.0260   4.993780    36.5829      16819    11.6794 0.0000e+00
    149.000    20.0414   4.995511    36.5841      16840    11.6940 0.0000e+00
    148.000    20.0875   5.000334    36.5841      16863    11.7094 0.0000e+00
    147.000    20.1431   5.006502    36.5870      16888    11.7269 0.0000e+00
    146.000    20.2645   5.019239    36.5865      16918    11.7480 0.0000e+00
    145.000    20.3558   5.030218    36.5978      16953    11.7722 0.0000e+00
    144.000    20.4539   5.041952    36.6092      16986    11.7950 0.0000e+00
    143.000    20.5100   5.047724    36.6082      17012    11.8133 0.0000e+00
    142.000    20.5363   5.050579    36.6091      17036    11.8298 0.0000e+00
    141.000    20.5921   5.056195    36.6071      17059    11.8460 0.0000e+00
    140.000    20.7021   5.066083    36.5930      17082    11.8618 0.0000e+00
    139.000    20.7486   5.071937    36.6009      17104    11.8769 0.0000e+00
    138.000    20.7902   5.075529    36.5946      17126    11.8923 0.0000e+00
    137.000    20.8480   5.080717    36.5872      17150    11.9092 0.0000e+00
    136.000    20.9232   5.089375    36.5931      17179    11.9288 0.0000e+00
    135.000    21.0279   5.102476    36.6096      17211    11.9517 0.0000e+00
    134.000    21.2281   5.123637    36.6089      17246    11.9754 0.0000e+00
    133.000    21.2797   5.130601    36.6211      17275    11.9961 0.0000e+00
    132.000    21.3137   5.134585    36.6244      17300    12.0129 0.0000e+00
    131.000    21.3446   5.138241    36.6277      17321    12.0274 0.0000e+00
    130.000    21.3710   5.141938    36.6352      17341    12.0414 0.0000e+00
    129.000    21.3882   5.144468    36.6411      17363    12.0567 0.0000e+00
    128.000    21.4927   5.156221    36.6464      17389    12.0750 0.0000e+00
    127.000    21.6305   5.173835    36.6700      17419    12.0957 0.0000e+00
    126.000    21.7019   5.181891    36.6738      17448    12.1160 0.0000e+00
    125.000    21.8441   5.197121    36.6744      17475    12.1348 0.0000e+00
    124.000    21.9596   5.209978    36.6788      17500    12.1518 0.0000e+00
    123.000    21.9730   5.213036    36.6920      17524    12.1687 0.0000e+00
    122.000    22.0420   5.217630    36.6702      17550    12.1866 0.0000e+00
    121.000    22.1327   5.229690    36.6892      17578    12.2063 0.0000e+00
    120.000    22.2042   5.237312    36.6892      17606    12.2254 0.0000e+00
    119.000    22.2335   5.239329    36.6807      17633    12.2445 0.0000e+00
