HB2304/ctd098.cnv
* Sea-Bird SBE 9 Data File:
* FileName = C:\cruise\data\ctd098.hex
* Software Version Seasave V 7.26.7.121
* Temperature SN = 4591
* Conductivity SN = 3741
* Number of Bytes Per Scan = 37
* Number of Voltage Words = 4
* Number of Scans Averaged by the Deck Unit = 1
* NMEA Latitude = 39 30.43 N
* NMEA Longitude = 072 25.12 W
* NMEA UTC (Time) = Oct 10 2023  11:36:30
* NMEA baud rate = 4800
** Ship: Bigelow HB2304
** Program:  Fall Bottom Trawl Survey
** Chief Scientist: John Galbraith
# nquan = 7
# nvalues = 258                         
# units = specified
# name 0 = depSM: Depth [salt water, m]
# name 1 = t090C: Temperature [ITS-90, deg C]
# name 2 = c0S/m: Conductivity [S/m]
# name 3 = sal00: Salinity, Practical [PSU]
# name 4 = scan: Scan Count
# name 5 = timeM: Time, Elapsed [minutes]
# name 6 = flag: flag
# span 0 =      2.000,    131.000       
# span 1 =     9.8582,    21.0065       
# span 2 =   3.610505,   4.852059       
# span 3 =    32.7799,    35.4062       
# span 4 =        159,       7853       
# span 5 =     0.1097,     5.4531       
# span 6 = 0.0000e+00, 0.0000e+00       
# interval = meters: 1                  
# start_time = Oct 10 2023 11:36:30 [NMEA time, header]
# bad_flag = -9.990e-29
*END*
      3.000    18.3371   4.416353    33.2461        159     0.1097 0.0000e+00
      4.000    18.3375   4.416389    33.2457        320     0.2216 0.0000e+00
      5.000    18.3362   4.416309    33.2457        353     0.2442 0.0000e+00
      6.000    18.3360   4.416336    33.2457        375     0.2599 0.0000e+00
      7.000    18.3355   4.416293    33.2454        395     0.2739 0.0000e+00
      8.000    18.3365   4.416451    33.2456        418     0.2899 0.0000e+00
      9.000    18.3382   4.416664    33.2456        446     0.3088 0.0000e+00
     10.000    18.3379   4.416706    33.2459        472     0.3272 0.0000e+00
     11.000    18.3374   4.416682    33.2457        499     0.3459 0.0000e+00
     12.000    18.3381   4.416800    33.2458        528     0.3657 0.0000e+00
     13.000    18.3352   4.416547    33.2456        557     0.3863 0.0000e+00
     14.000    18.3350   4.416549    33.2454        585     0.4057 0.0000e+00
     15.000    18.3363   4.416726    33.2455        611     0.4236 0.0000e+00
     16.000    18.3411   4.417305    33.2462        635     0.4406 0.0000e+00
     17.000    18.3453   4.417758    33.2462        660     0.4576 0.0000e+00
     18.000    18.3546   4.419000    33.2487        684     0.4745 0.0000e+00
     19.000    18.3555   4.419212    33.2494        709     0.4915 0.0000e+00
     20.000    18.3476   4.418339    33.2481        733     0.5085 0.0000e+00
     21.000    18.3489   4.418403    33.2472        757     0.5253 0.0000e+00
     22.000    18.3483   4.418399    33.2473        781     0.5417 0.0000e+00
     23.000    18.3489   4.418566    33.2479        807     0.5599 0.0000e+00
     24.000    18.3540   4.419379    33.2503        844     0.5851 0.0000e+00
     25.000    18.3441   4.418033    33.2466        879     0.6100 0.0000e+00
     26.000    18.3465   4.418414    33.2475        904     0.6272 0.0000e+00
     27.000    18.3648   4.420578    33.2505        925     0.6418 0.0000e+00
     28.000    18.3972   4.425384    33.2644        945     0.6558 0.0000e+00
     29.000    18.4363   4.430484    33.2753        966     0.6701 0.0000e+00
     30.000    18.5377   4.445015    33.3148        990     0.6865 0.0000e+00
     31.000    18.6683   4.463752    33.3657       1018     0.7063 0.0000e+00
     32.000    18.8611   4.492447    33.4491       1049     0.7279 0.0000e+00
     33.000    19.0684   4.523058    33.5358       1077     0.7473 0.0000e+00
     34.000    19.3833   4.570237    33.6713       1102     0.7645 0.0000e+00
     35.000    19.7025   4.621832    33.8377       1126     0.7812 0.0000e+00
     36.000    19.9737   4.666396    33.9829       1152     0.7992 0.0000e+00
     37.000    20.3870   4.736862    34.2211       1181     0.8197 0.0000e+00
     38.000    20.6922   4.791514    34.4155       1211     0.8404 0.0000e+00
     39.000    20.9841   4.845128    34.6095       1238     0.8592 0.0000e+00
     40.000    21.0065   4.852059    34.6465       1262     0.8754 0.0000e+00
     41.000    20.6603   4.814063    34.6219       1283     0.8903 0.0000e+00
     42.000    19.7497   4.698045    34.4218       1305     0.9053 0.0000e+00
     43.000    18.0431   4.504923    34.2177       1328     0.9218 0.0000e+00
     44.000    15.0276   4.149931    33.6660       1356     0.9411 0.0000e+00
     45.000    12.7824   3.900509    33.3074       1386     0.9619 0.0000e+00
     46.000    11.8610   3.795156    33.1121       1414     0.9813 0.0000e+00
     47.000    10.8329   3.699986    33.0976       1442     1.0008 0.0000e+00
     48.000    10.4024   3.657625    33.0640       1473     1.0220 0.0000e+00
     49.000    10.3627   3.650813    33.0310       1499     1.0403 0.0000e+00
     50.000    10.3582   3.649041    33.0169       1521     1.0554 0.0000e+00
     51.000    10.2319   3.639788    33.0380       1542     1.0705 0.0000e+00
     52.000    10.0830   3.627809    33.0522       1568     1.0884 0.0000e+00
     53.000    10.0549   3.624729    33.0462       1597     1.1085 0.0000e+00
     54.000    10.0469   3.623419    33.0398       1624     1.1272 0.0000e+00
     55.000    10.0368   3.622345    33.0377       1648     1.1436 0.0000e+00
     56.000    10.0300   3.621433    33.0343       1670     1.1590 0.0000e+00
     57.000    10.0233   3.620656    33.0320       1693     1.1750 0.0000e+00
     58.000    10.0105   3.619530    33.0318       1720     1.1941 0.0000e+00
     59.000    10.0004   3.618532    33.0305       1757     1.2195 0.0000e+00
     60.000     9.9909   3.617813    33.0314       1791     1.2432 0.0000e+00
     61.000     9.9879   3.617558    33.0312       1817     1.2613 0.0000e+00
     62.000     9.9810   3.617309    33.0345       1839     1.2762 0.0000e+00
     63.000     9.9724   3.616891    33.0377       1857     1.2891 0.0000e+00
     64.000     9.9698   3.616760    33.0382       1876     1.3022 0.0000e+00
     65.000     9.9701   3.616894    33.0389       1899     1.3184 0.0000e+00
     66.000     9.9332   3.615271    33.0557       1932     1.3410 0.0000e+00
     67.000     9.9079   3.613554    33.0610       1967     1.3650 0.0000e+00
     68.000     9.8949   3.613812    33.0750       1995     1.3849 0.0000e+00
     69.000     9.8838   3.613458    33.0812       2023     1.4039 0.0000e+00
     70.000     9.8763   3.613047    33.0834       2050     1.4227 0.0000e+00
     71.000     9.8591   3.612233    33.0905       2076     1.4412 0.0000e+00
     72.000     9.8582   3.612393    33.0925       2100     1.4579 0.0000e+00
     73.000     9.8585   3.612427    33.0921       2122     1.4732 0.0000e+00
     74.000     9.8585   3.612467    33.0921       2145     1.4885 0.0000e+00
     75.000     9.8582   3.612572    33.0929       2168     1.5051 0.0000e+00
     76.000     9.8654   3.614647    33.1071       2197     1.5252 0.0000e+00
     77.000     9.8776   3.618377    33.1334       2234     1.5508 0.0000e+00
     78.000     9.8835   3.619914    33.1432       2266     1.5731 0.0000e+00
     79.000     9.8845   3.620520    33.1480       2291     1.5901 0.0000e+00
     80.000     9.8856   3.621418    33.1557       2314     1.6065 0.0000e+00
     81.000     9.8867   3.623217    33.1725       2340     1.6246 0.0000e+00
     82.000     9.8897   3.624143    33.1788       2366     1.6427 0.0000e+00
     83.000     9.8977   3.625521    33.1850       2389     1.6584 0.0000e+00
     84.000     9.9227   3.628784    33.1947       2410     1.6730 0.0000e+00
     85.000     9.9486   3.633435    33.2178       2434     1.6893 0.0000e+00
     86.000     9.9602   3.635794    33.2307       2467     1.7126 0.0000e+00
     87.000     9.9746   3.638086    33.2403       2505     1.7389 0.0000e+00
     88.000    10.0018   3.642837    33.2631       2530     1.7561 0.0000e+00
     89.000    10.0222   3.646637    33.2826       2551     1.7709 0.0000e+00
     90.000    10.0334   3.648955    33.2952       2577     1.7888 0.0000e+00
     91.000    10.0614   3.654667    33.3270       2611     1.8123 0.0000e+00
     92.000    10.0759   3.658407    33.3511       2641     1.8332 0.0000e+00
     93.000    10.0922   3.661423    33.3663       2663     1.8488 0.0000e+00
     94.000    10.1038   3.664929    33.3907       2683     1.8628 0.0000e+00
     95.000    10.1054   3.665557    33.3951       2704     1.8770 0.0000e+00
     96.000    10.1054   3.665715    33.3963       2727     1.8933 0.0000e+00
     97.000    10.1054   3.665917    33.3979       2759     1.9150 0.0000e+00
     98.000    10.1100   3.667656    33.4108       2796     1.9410 0.0000e+00
     99.000    10.1317   3.671992    33.4343       2824     1.9602 0.0000e+00
    100.000    10.1528   3.675098    33.4459       2846     1.9755 0.0000e+00
    101.000    10.1682   3.677451    33.4550       2870     1.9926 0.0000e+00
    102.000    10.1920   3.680594    33.4645       2907     2.0179 0.0000e+00
    103.000    10.2500   3.687941    33.4848       2940     2.0413 0.0000e+00
    104.000    10.3213   3.698546    33.5257       2962     2.0563 0.0000e+00
    105.000    10.3605   3.704482    33.5489       2981     2.0695 0.0000e+00
    106.000    10.4138   3.712515    33.5802       3001     2.0832 0.0000e+00
    107.000    10.4865   3.721783    33.6059       3023     2.0987 0.0000e+00
    108.000    10.8294   3.769110    33.7633       3049     2.1165 0.0000e+00
    109.000    10.9129   3.782899    33.8234       3081     2.1386 0.0000e+00
    110.000    10.9305   3.786146    33.8391       3118     2.1644 0.0000e+00
    111.000    10.9311   3.786400    33.8406       3146     2.1841 0.0000e+00
    112.000    11.0136   3.795621    33.8558       3171     2.2012 0.0000e+00
    113.000    11.1235   3.812087    33.9176       3198     2.2200 0.0000e+00
    114.000    11.2326   3.824268    33.9372       3227     2.2401 0.0000e+00
    115.000    11.4800   3.855316    34.0156       3252     2.2580 0.0000e+00
    116.000    12.3361   3.970615    34.3530       3276     2.2740 0.0000e+00
    117.000    12.6156   4.016288    34.5362       3300     2.2912 0.0000e+00
    118.000    12.8538   4.052525    34.6643       3331     2.3125 0.0000e+00
    119.000    13.0282   4.084144    34.8055       3361     2.3337 0.0000e+00
    120.000    13.0237   4.085124    34.8185       3385     2.3497 0.0000e+00
    121.000    13.0435   4.089844    34.8448       3406     2.3644 0.0000e+00
    122.000    13.0349   4.090146    34.8552       3429     2.3803 0.0000e+00
    123.000    13.0235   4.091128    34.8746       3457     2.3998 0.0000e+00
    124.000    12.9651   4.085612    34.8753       3494     2.4254 0.0000e+00
    125.000    13.2066   4.119696    34.9767       3529     2.4501 0.0000e+00
    126.000    13.5967   4.176653    35.1555       3554     2.4671 0.0000e+00
    127.000    13.6813   4.203997    35.3346       3576     2.4830 0.0000e+00
    128.000    13.5998   4.200341    35.3751       3602     2.5005 0.0000e+00
    129.000    13.5729   4.199692    35.3935       3629     2.5192 0.0000e+00
    130.000    13.5638   4.199531    35.4000       3655     2.5376 0.0000e+00
    131.000    13.5479   4.198665    35.4062       3684     2.5575 0.0000e+00
    130.000    13.5710   4.200662    35.4040       4123     2.8625 0.0000e+00
    129.000    13.5781   4.201197    35.4028       4487     3.1156 0.0000e+00
    128.000    13.5794   4.201244    35.4025       4536     3.1491 0.0000e+00
    127.000    13.5882   4.201608    35.3982       4558     3.1647 0.0000e+00
    126.000    13.6598   4.204652    35.3610       4581     3.1809 0.0000e+00
    125.000    13.4072   4.162513    35.1970       4608     3.1994 0.0000e+00
    124.000    13.0615   4.106840    34.9887       4639     3.2205 0.0000e+00
    123.000    13.0249   4.094836    34.9087       4669     3.2416 0.0000e+00
    122.000    13.0470   4.096596    34.9055       4694     3.2590 0.0000e+00
    121.000    13.0440   4.094354    34.8873       4715     3.2736 0.0000e+00
    120.000    13.0489   4.094001    34.8799       4735     3.2872 0.0000e+00
    119.000    13.0182   4.088993    34.8609       4757     3.3026 0.0000e+00
    118.000    12.7367   4.046687    34.7160       4785     3.3222 0.0000e+00
    117.000    12.4837   4.009881    34.5956       4817     3.3446 0.0000e+00
    116.000    11.9601   3.934218    34.3454       4847     3.3651 0.0000e+00
    115.000    11.5930   3.883309    34.1865       4874     3.3843 0.0000e+00
    114.000    11.4434   3.859969    34.0955       4901     3.4029 0.0000e+00
    113.000    11.2721   3.838205    34.0391       4927     3.4205 0.0000e+00
    112.000    11.1360   3.818283    33.9680       4951     3.4377 0.0000e+00
    111.000    11.0371   3.804790    33.9258       4977     3.4553 0.0000e+00
    110.000    10.9690   3.795393    33.8956       5003     3.4733 0.0000e+00
    109.000    10.9055   3.786047    33.8616       5028     3.4909 0.0000e+00
    108.000    10.8954   3.784189    33.8529       5053     3.5086 0.0000e+00
    107.000    10.8851   3.782602    33.8470       5080     3.5269 0.0000e+00
    106.000    10.8397   3.776499    33.8285       5107     3.5459 0.0000e+00
    105.000    10.6193   3.747421    33.7416       5134     3.5646 0.0000e+00
    104.000    10.5125   3.730475    33.6707       5162     3.5840 0.0000e+00
    103.000    10.4227   3.717121    33.6197       5190     3.6035 0.0000e+00
    102.000    10.3509   3.705771    33.5721       5216     3.6215 0.0000e+00
    101.000    10.2929   3.697332    33.5410       5240     3.6383 0.0000e+00
    100.000    10.2203   3.687059    33.5047       5265     3.6558 0.0000e+00
     99.000    10.1838   3.681402    33.4815       5293     3.6753 0.0000e+00
     98.000    10.1658   3.678626    33.4705       5323     3.6958 0.0000e+00
     97.000    10.1479   3.675967    33.4605       5351     3.7155 0.0000e+00
     96.000    10.1276   3.672327    33.4428       5378     3.7342 0.0000e+00
     95.000    10.1152   3.668935    33.4204       5402     3.7510 0.0000e+00
     94.000    10.1124   3.667696    33.4108       5424     3.7657 0.0000e+00
     93.000    10.1121   3.667375    33.4083       5444     3.7800 0.0000e+00
     92.000    10.1094   3.666739    33.4048       5468     3.7963 0.0000e+00
     91.000    10.0957   3.663261    33.3826       5502     3.8204 0.0000e+00
     90.000    10.0839   3.660120    33.3620       5540     3.8467 0.0000e+00
     89.000    10.0735   3.657626    33.3468       5565     3.8636 0.0000e+00
     88.000    10.0472   3.651957    33.3139       5586     3.8785 0.0000e+00
     87.000    10.0255   3.648054    33.2948       5611     3.8955 0.0000e+00
     86.000     9.9885   3.641254    33.2602       5640     3.9161 0.0000e+00
     85.000     9.9689   3.637428    33.2397       5668     3.9352 0.0000e+00
     84.000     9.9526   3.634301    33.2234       5690     3.9509 0.0000e+00
     83.000     9.9193   3.629207    33.2027       5710     3.9648 0.0000e+00
     82.000     9.9048   3.626677    33.1907       5730     3.9783 0.0000e+00
     81.000     9.8965   3.625093    33.1826       5751     3.9928 0.0000e+00
     80.000     9.8883   3.623384    33.1733       5784     4.0158 0.0000e+00
     79.000     9.8785   3.619419    33.1423       5839     4.0543 0.0000e+00
     78.000     9.8865   3.620013    33.1414       5865     4.0719 0.0000e+00
     77.000     9.8857   3.619336    33.1357       5882     4.0841 0.0000e+00
     76.000     9.8830   3.618643    33.1316       5898     4.0954 0.0000e+00
     75.000     9.8735   3.615934    33.1132       5917     4.1081 0.0000e+00
     74.000     9.8610   3.612260    33.0877       5942     4.1260 0.0000e+00
     73.000     9.8584   3.610664    33.0742       5977     4.1502 0.0000e+00
     72.000     9.8599   3.610631    33.0730       6002     4.1675 0.0000e+00
     71.000     9.8604   3.610532    33.0720       6021     4.1808 0.0000e+00
     70.000     9.8632   3.610505    33.0695       6041     4.1945 0.0000e+00
     69.000     9.8753   3.610714    33.0610       6071     4.2150 0.0000e+00
     68.000     9.8988   3.611256    33.0454       6114     4.2449 0.0000e+00
     67.000     9.9102   3.610951    33.0323       6141     4.2638 0.0000e+00
     66.000     9.9278   3.611665    33.0240       6163     4.2792 0.0000e+00
     65.000     9.9630   3.613608    33.0120       6188     4.2969 0.0000e+00
     64.000     9.9700   3.613819    33.0081       6218     4.3174 0.0000e+00
     63.000     9.9686   3.613473    33.0064       6243     4.3344 0.0000e+00
     62.000     9.9750   3.613244    32.9987       6262     4.3480 0.0000e+00
     61.000     9.9822   3.613465    32.9948       6281     4.3609 0.0000e+00
     60.000     9.9867   3.613477    32.9913       6301     4.3750 0.0000e+00
     59.000     9.9954   3.613624    32.9852       6327     4.3933 0.0000e+00
     58.000    10.0015   3.613743    32.9813       6360     4.4156 0.0000e+00
     57.000    10.0117   3.614154    32.9766       6390     4.4367 0.0000e+00
     56.000    10.0234   3.614762    32.9726       6418     4.4562 0.0000e+00
     55.000    10.0310   3.615192    32.9704       6446     4.4757 0.0000e+00
