HB2304/ctd048.cnv
* Sea-Bird SBE 9 Data File:
* FileName = C:\cruise\data\ctd048.hex
* Software Version Seasave V 7.26.7.121
* Temperature SN = 4591
* Conductivity SN = 3741
* Number of Bytes Per Scan = 37
* Number of Voltage Words = 4
* Number of Scans Averaged by the Deck Unit = 1
* NMEA Latitude = 34 54.01 N
* NMEA Longitude = 075 26.74 W
* NMEA UTC (Time) = Sep 20 2023  09:15:21
* NMEA baud rate = 4800
** Ship: Bigelow HB2304
** Program:  Fall Bottom Trawl Survey
** Chief Scientist: John Galbraith
# nquan = 7
# nvalues = 187                         
# units = specified
# name 0 = depSM: Depth [salt water, m]
# name 1 = t090C: Temperature [ITS-90, deg C]
# name 2 = c0S/m: Conductivity [S/m]
# name 3 = sal00: Salinity, Practical [PSU]
# name 4 = scan: Scan Count
# name 5 = timeM: Time, Elapsed [minutes]
# name 6 = flag: flag
# span 0 =      1.000,     95.000       
# span 1 =    20.8509,    28.6543       
# span 2 =   5.059485,   5.812619       
# span 3 =    35.6982,    36.4702       
# span 4 =        146,       6376       
# span 5 =     0.1007,     4.4271       
# span 6 = 0.0000e+00, 0.0000e+00       
# interval = meters: 1                  
# start_time = Sep 20 2023 09:15:21 [NMEA time, header]
# bad_flag = -9.990e-29
*END*
      3.000    28.6200   5.791710    35.7153        146     0.1007 0.0000e+00
      4.000    28.6406   5.793796    35.7140        315     0.2180 0.0000e+00
      5.000    28.6419   5.794041    35.7145        342     0.2368 0.0000e+00
      6.000    28.6441   5.794303    35.7143        371     0.2569 0.0000e+00
      7.000    28.6345   5.793560    35.7161        398     0.2760 0.0000e+00
      8.000    28.6388   5.793866    35.7147        424     0.2934 0.0000e+00
      9.000    28.6346   5.793539    35.7153        447     0.3096 0.0000e+00
     10.000    28.6404   5.794245    35.7155        470     0.3260 0.0000e+00
     11.000    28.6370   5.794103    35.7168        498     0.3452 0.0000e+00
     12.000    28.6363   5.794266    35.7182        529     0.3666 0.0000e+00
     13.000    28.6314   5.793823    35.7185        559     0.3875 0.0000e+00
     14.000    28.6308   5.793630    35.7173        586     0.4062 0.0000e+00
     15.000    28.6386   5.794384    35.7164        612     0.4243 0.0000e+00
     16.000    28.6416   5.794935    35.7176        638     0.4422 0.0000e+00
     17.000    28.6428   5.795036    35.7171        663     0.4599 0.0000e+00
     18.000    28.6411   5.794969    35.7176        688     0.4773 0.0000e+00
     19.000    28.6414   5.795037    35.7176        714     0.4950 0.0000e+00
     20.000    28.6422   5.795170    35.7177        741     0.5137 0.0000e+00
     21.000    28.6424   5.795223    35.7175        768     0.5326 0.0000e+00
     22.000    28.6512   5.796314    35.7182        793     0.5502 0.0000e+00
     23.000    28.6496   5.796249    35.7186        818     0.5673 0.0000e+00
     24.000    28.6515   5.796472    35.7185        845     0.5862 0.0000e+00
     25.000    28.6535   5.796921    35.7198        877     0.6082 0.0000e+00
     26.000    28.6535   5.797116    35.7208        909     0.6303 0.0000e+00
     27.000    28.6491   5.796662    35.7207        933     0.6476 0.0000e+00
     28.000    28.6369   5.795182    35.7193        956     0.6629 0.0000e+00
     29.000    28.6369   5.795126    35.7186        978     0.6787 0.0000e+00
     30.000    28.6340   5.794824    35.7184       1005     0.6971 0.0000e+00
     31.000    28.6296   5.794458    35.7188       1034     0.7176 0.0000e+00
     32.000    28.6202   5.793469    35.7187       1060     0.7357 0.0000e+00
     33.000    28.6117   5.792685    35.7194       1084     0.7521 0.0000e+00
     34.000    28.5916   5.791714    35.7274       1109     0.7697 0.0000e+00
     35.000    28.5720   5.790691    35.7348       1140     0.7911 0.0000e+00
     36.000    28.5722   5.791052    35.7369       1173     0.8136 0.0000e+00
     37.000    28.5771   5.792582    35.7435       1199     0.8321 0.0000e+00
     38.000    28.5788   5.793971    35.7516       1222     0.8482 0.0000e+00
     39.000    28.5768   5.799159    35.7889       1246     0.8643 0.0000e+00
     40.000    28.5003   5.795979    35.8242       1272     0.8824 0.0000e+00
     41.000    28.3831   5.785260    35.8378       1301     0.9028 0.0000e+00
     42.000    28.3585   5.787576    35.8723       1328     0.9218 0.0000e+00
     43.000    28.3661   5.796451    35.9283       1351     0.9376 0.0000e+00
     44.000    28.3670   5.804993    35.9871       1374     0.9531 0.0000e+00
     45.000    28.3588   5.812619    36.0464       1399     0.9710 0.0000e+00
     46.000    28.1942   5.804883    36.1175       1433     0.9944 0.0000e+00
     47.000    28.1128   5.796810    36.1228       1466     1.0172 0.0000e+00
     48.000    27.9447   5.776618    36.1092       1491     1.0344 0.0000e+00
     49.000    27.8612   5.767569    36.1092       1512     1.0496 0.0000e+00
     50.000    27.8685   5.773656    36.1462       1536     1.0659 0.0000e+00
     51.000    27.8220   5.772359    36.1727       1563     1.0846 0.0000e+00
     52.000    27.6441   5.753916    36.1789       1591     1.1041 0.0000e+00
     53.000    27.5043   5.739944    36.1875       1616     1.1216 0.0000e+00
     54.000    27.3877   5.729051    36.1999       1640     1.1384 0.0000e+00
     55.000    27.2411   5.713548    36.2028       1667     1.1568 0.0000e+00
     56.000    27.2098   5.712513    36.2194       1697     1.1780 0.0000e+00
     57.000    27.0897   5.703150    36.2456       1726     1.1978 0.0000e+00
     58.000    26.8337   5.678120    36.2654       1751     1.2153 0.0000e+00
     59.000    26.4990   5.642364    36.2694       1777     1.2336 0.0000e+00
     60.000    26.2504   5.615702    36.2712       1809     1.2554 0.0000e+00
     61.000    26.1129   5.600454    36.2684       1840     1.2770 0.0000e+00
     62.000    25.9485   5.585391    36.2881       1866     1.2948 0.0000e+00
     63.000    25.6888   5.559077    36.3009       1889     1.3114 0.0000e+00
     64.000    25.6231   5.551109    36.2942       1914     1.3287 0.0000e+00
     65.000    25.4084   5.530073    36.3099       1940     1.3469 0.0000e+00
     66.000    25.1822   5.508253    36.3290       1966     1.3646 0.0000e+00
     67.000    24.9531   5.485497    36.3433       1992     1.3829 0.0000e+00
     68.000    24.8936   5.479395    36.3453       2025     1.4053 0.0000e+00
     69.000    24.7451   5.468175    36.3810       2064     1.4329 0.0000e+00
     70.000    24.5158   5.446555    36.4039       2095     1.4544 0.0000e+00
     71.000    24.4121   5.436804    36.4143       2118     1.4704 0.0000e+00
     72.000    24.2742   5.422940    36.4215       2141     1.4862 0.0000e+00
     73.000    24.0626   5.400745    36.4256       2169     1.5053 0.0000e+00
     74.000    23.8262   5.375192    36.4242       2201     1.5278 0.0000e+00
     75.000    23.6796   5.358929    36.4199       2227     1.5460 0.0000e+00
     76.000    23.4933   5.338736    36.4181       2249     1.5609 0.0000e+00
     77.000    23.3108   5.318876    36.4155       2271     1.5765 0.0000e+00
     78.000    23.1453   5.300745    36.4119       2303     1.5988 0.0000e+00
     79.000    23.0348   5.288451    36.4079       2344     1.6271 0.0000e+00
     80.000    22.9644   5.280668    36.4056       2373     1.6469 0.0000e+00
     81.000    22.7918   5.262677    36.4088       2396     1.6630 0.0000e+00
     82.000    22.6223   5.244734    36.4097       2420     1.6799 0.0000e+00
     83.000    22.4840   5.231133    36.4183       2447     1.6987 0.0000e+00
     84.000    21.8423   5.169400    36.4702       2474     1.7172 0.0000e+00
     85.000    21.6012   5.141522    36.4521       2499     1.7345 0.0000e+00
     86.000    21.4802   5.128729    36.4521       2525     1.7531 0.0000e+00
     87.000    21.3250   5.112490    36.4536       2556     1.7743 0.0000e+00
     88.000    21.2744   5.107469    36.4560       2586     1.7953 0.0000e+00
     89.000    21.0411   5.083454    36.4614       2612     1.8133 0.0000e+00
     90.000    21.0154   5.079940    36.4546       2636     1.8298 0.0000e+00
     91.000    20.9599   5.074425    36.4571       2662     1.8476 0.0000e+00
     92.000    20.8932   5.067462    36.4576       2690     1.8677 0.0000e+00
     93.000    20.8711   5.064797    36.4545       2720     1.8881 0.0000e+00
     94.000    20.8685   5.063899    36.4491       2780     1.9298 0.0000e+00
     95.000    20.8722   5.061458    36.4258       3539     2.4572 0.0000e+00
     94.000    20.8509   5.059485    36.4284       3887     2.6987 0.0000e+00
     93.000    20.8575   5.060455    36.4310       3628     2.5185 0.0000e+00
     92.000    20.9199   5.065772    36.4211       3649     2.5335 0.0000e+00
     91.000    20.9648   5.070573    36.4218       3673     2.5499 0.0000e+00
     90.000    20.9663   5.070877    36.4234       3700     2.5687 0.0000e+00
     89.000    21.0058   5.073965    36.4149       3729     2.5888 0.0000e+00
     88.000    21.3566   5.105645    36.3715       3755     2.6068 0.0000e+00
     87.000    21.5246   5.124695    36.3819       3779     2.6233 0.0000e+00
     86.000    21.6774   5.140598    36.3799       3805     2.6415 0.0000e+00
     85.000    21.6873   5.142102    36.3839       3837     2.6642 0.0000e+00
     84.000    21.8263   5.155898    36.3766       3870     2.6865 0.0000e+00
     83.000    21.8515   5.159223    36.3821       3893     2.7029 0.0000e+00
     82.000    21.9094   5.164619    36.3764       3913     2.7168 0.0000e+00
     81.000    22.4936   5.216484    36.2961       3934     2.7312 0.0000e+00
     80.000    22.9380   5.267386    36.3243       3958     2.7481 0.0000e+00
     79.000    23.1202   5.288530    36.3378       3989     2.7697 0.0000e+00
     78.000    23.2307   5.300706    36.3410       4019     2.7902 0.0000e+00
     77.000    23.3665   5.315466    36.3432       4043     2.8068 0.0000e+00
     76.000    23.5220   5.331791    36.3411       4065     2.8225 0.0000e+00
     75.000    23.6873   5.350115    36.3461       4092     2.8411 0.0000e+00
     74.000    23.8617   5.369374    36.3507       4127     2.8653 0.0000e+00
     73.000    24.0103   5.385579    36.3530       4156     2.8856 0.0000e+00
     72.000    24.1789   5.402482    36.3442       4178     2.9004 0.0000e+00
     71.000    24.3372   5.420451    36.3518       4197     2.9142 0.0000e+00
     70.000    24.3944   5.424839    36.3388       4219     2.9295 0.0000e+00
     69.000    24.6093   5.446112    36.3251       4250     2.9505 0.0000e+00
     68.000    24.8398   5.465907    36.2878       4281     2.9723 0.0000e+00
     67.000    24.8723   5.468700    36.2829       4304     2.9881 0.0000e+00
     66.000    24.9589   5.475093    36.2613       4324     3.0022 0.0000e+00
     65.000    25.3142   5.508687    36.2268       4347     3.0179 0.0000e+00
     64.000    25.5758   5.536306    36.2227       4381     3.0414 0.0000e+00
     63.000    25.6566   5.547019    36.2377       4421     3.0696 0.0000e+00
     62.000    25.7745   5.558196    36.2266       4448     3.0882 0.0000e+00
     61.000    25.9448   5.575193    36.2167       4470     3.1034 0.0000e+00
     60.000    26.0509   5.585433    36.2079       4491     3.1178 0.0000e+00
     59.000    26.1926   5.598606    36.1926       4512     3.1329 0.0000e+00
     58.000    26.3806   5.619606    36.1976       4538     3.1507 0.0000e+00
     57.000    26.5210   5.634533    36.1959       4566     3.1703 0.0000e+00
     56.000    26.7008   5.653118    36.1897       4592     3.1885 0.0000e+00
     55.000    26.9706   5.680747    36.1783       4617     3.2057 0.0000e+00
     54.000    27.1385   5.698059    36.1720       4646     3.2254 0.0000e+00
     53.000    27.1700   5.699238    36.1563       4682     3.2510 0.0000e+00
     52.000    27.1946   5.698070    36.1291       4714     3.2730 0.0000e+00
     51.000    27.4025   5.720334    36.1272       4736     3.2885 0.0000e+00
     50.000    27.5688   5.736256    36.1123       4756     3.3023 0.0000e+00
     49.000    27.7806   5.758366    36.1061       4778     3.3173 0.0000e+00
     48.000    27.8699   5.766202    36.0932       4805     3.3359 0.0000e+00
     47.000    27.8812   5.763503    36.0657       4836     3.3574 0.0000e+00
     46.000    28.0325   5.780556    36.0702       4864     3.3768 0.0000e+00
     45.000    28.2001   5.797483    36.0614       4888     3.3938 0.0000e+00
     44.000    28.3207   5.802243    36.0031       4913     3.4114 0.0000e+00
     43.000    28.3448   5.798220    35.9568       4944     3.4329 0.0000e+00
     42.000    28.3337   5.792105    35.9228       4978     3.4563 0.0000e+00
     41.000    28.3203   5.788160    35.9056       5005     3.4747 0.0000e+00
     40.000    28.3261   5.782947    35.8651       5026     3.4898 0.0000e+00
     39.000    28.3680   5.781219    35.8215       5048     3.5047 0.0000e+00
     38.000    28.4812   5.789970    35.7974       5073     3.5223 0.0000e+00
     37.000    28.5742   5.797451    35.7796       5103     3.5430 0.0000e+00
     36.000    28.5710   5.797045    35.7794       5130     3.5617 0.0000e+00
     35.000    28.5673   5.794625    35.7657       5153     3.5776 0.0000e+00
     34.000    28.5583   5.787441    35.7227       5176     3.5937 0.0000e+00
     33.000    28.5558   5.785428    35.7110       5203     3.6128 0.0000e+00
     32.000    28.5630   5.784623    35.7002       5237     3.6362 0.0000e+00
     31.000    28.5895   5.787150    35.6982       5268     3.6577 0.0000e+00
     30.000    28.6346   5.793052    35.7056       5293     3.6750 0.0000e+00
     29.000    28.6438   5.794561    35.7095       5315     3.6905 0.0000e+00
     28.000    28.6462   5.794982    35.7109       5337     3.7057 0.0000e+00
     27.000    28.6461   5.795007    35.7115       5360     3.7216 0.0000e+00
     26.000    28.6465   5.795140    35.7124       5386     3.7393 0.0000e+00
     25.000    28.6452   5.794968    35.7125       5413     3.7586 0.0000e+00
     24.000    28.6444   5.794937    35.7132       5441     3.7775 0.0000e+00
     23.000    28.6398   5.794448    35.7135       5468     3.7965 0.0000e+00
     22.000    28.6413   5.794540    35.7133       5496     3.8158 0.0000e+00
     21.000    28.6468   5.795185    35.7139       5523     3.8347 0.0000e+00
     20.000    28.6472   5.795230    35.7143       5549     3.8526 0.0000e+00
     19.000    28.6474   5.795256    35.7146       5574     3.8704 0.0000e+00
     18.000    28.6463   5.795146    35.7150       5600     3.8879 0.0000e+00
     17.000    28.6467   5.795156    35.7151       5624     3.9048 0.0000e+00
     16.000    28.6482   5.795385    35.7158       5648     3.9212 0.0000e+00
     15.000    28.6470   5.795322    35.7165       5673     3.9386 0.0000e+00
     14.000    28.6466   5.795299    35.7170       5701     3.9583 0.0000e+00
     13.000    28.6459   5.795193    35.7171       5731     3.9789 0.0000e+00
     12.000    28.6476   5.795341    35.7171       5757     3.9974 0.0000e+00
     11.000    28.6479   5.795317    35.7171       5781     4.0136 0.0000e+00
     10.000    28.6465   5.795167    35.7174       5804     4.0297 0.0000e+00
      9.000    28.6481   5.795339    35.7176       5828     4.0466 0.0000e+00
      8.000    28.6501   5.795548    35.7179       5855     4.0654 0.0000e+00
      7.000    28.6508   5.795623    35.7182       5883     4.0847 0.0000e+00
      6.000    28.6498   5.795451    35.7180       5908     4.1024 0.0000e+00
      5.000    28.6498   5.795443    35.7183       5933     4.1196 0.0000e+00
      4.000    28.6492   5.795388    35.7186       5959     4.1377 0.0000e+00
      3.000    28.6514   5.795690    35.7194       6116     4.2467 0.0000e+00
      2.000    28.6543   5.796113    35.7205       6334     4.3977 0.0000e+00
      1.000    28.6490   5.795671    35.7216       6376     4.4271 0.0000e+00
