HB2304/ctd008.cnv
* Sea-Bird SBE 9 Data File:
* FileName = C:\cruise\data\ctd008.hex
* Software Version Seasave V 7.26.7.121
* Temperature SN = 4591
* Conductivity SN = 3741
* Number of Bytes Per Scan = 37
* Number of Voltage Words = 4
* Number of Scans Averaged by the Deck Unit = 1
* NMEA Latitude = 38 18.83 N
* NMEA Longitude = 073 36.14 W
* NMEA UTC (Time) = Sep 12 2023  03:09:28
* NMEA baud rate = 4800
** Ship: Bigelow HB2304
** Program:  Fall Bottom Trawl Survey
** Chief Scientist: John Galbraith
# nquan = 7
# nvalues = 365                         
# units = specified
# name 0 = depSM: Depth [salt water, m]
# name 1 = t090C: Temperature [ITS-90, deg C]
# name 2 = c0S/m: Conductivity [S/m]
# name 3 = sal00: Salinity, Practical [PSU]
# name 4 = scan: Scan Count
# name 5 = timeM: Time, Elapsed [minutes]
# name 6 = flag: flag
# span 0 =      1.000,    184.000       
# span 1 =    12.2697,    26.0096       
# span 2 =   3.996791,   5.281129       
# span 3 =    33.5151,    36.0387       
# span 4 =         93,      12672       
# span 5 =     0.0636,     8.7992       
# span 6 = 0.0000e+00, 0.0000e+00       
# interval = meters: 1                  
# start_time = Sep 12 2023 03:09:28 [NMEA time, header]
# bad_flag = -9.990e-29
*END*
[from data line 206]
    159.000    13.3032   4.201848    35.6524       7333     5.0914 0.0000e+00
    158.000    13.2962   4.201097    35.6522       7356     5.1078 0.0000e+00
    157.000    13.2940   4.200767    35.6516       7378     5.1227 0.0000e+00
    156.000    13.3212   4.203182    35.6494       7400     5.1381 0.0000e+00
    155.000    13.3819   4.209399    35.6520       7425     5.1557 0.0000e+00
    154.000    13.4482   4.216023    35.6531       7454     5.1755 0.0000e+00
    153.000    13.4967   4.220928    35.6546       7481     5.1946 0.0000e+00
    152.000    13.5526   4.226683    35.6572       7506     5.2117 0.0000e+00
    151.000    13.5991   4.231772    35.6622       7529     5.2280 0.0000e+00
    150.000    13.6175   4.234004    35.6665       7556     5.2463 0.0000e+00
    149.000    13.6247   4.235013    35.6697       7587     5.2679 0.0000e+00
    148.000    13.6254   4.235200    35.6713       7617     5.2889 0.0000e+00
    147.000    13.6280   4.235444    35.6716       7642     5.3064 0.0000e+00
    146.000    13.6481   4.237517    35.6728       7666     5.3229 0.0000e+00
    145.000    13.6518   4.237751    35.6720       7692     5.3411 0.0000e+00
    144.000    13.6454   4.236375    35.6654       7721     5.3614 0.0000e+00
    143.000    13.6727   4.237365    35.6497       7749     5.3808 0.0000e+00
    142.000    13.6808   4.237923    35.6479       7774     5.3977 0.0000e+00
    141.000    13.6800   4.237721    35.6471       7796     5.4132 0.0000e+00
    140.000    13.6824   4.237496    35.6432       7819     5.4293 0.0000e+00
    139.000    13.6984   4.237977    35.6333       7846     5.4481 0.0000e+00
    138.000    13.6867   4.236214    35.6280       7877     5.4695 0.0000e+00
    137.000    13.6249   4.227141    35.6005       7905     5.4888 0.0000e+00
    136.000    13.6171   4.223649    35.5753       7929     5.5056 0.0000e+00
    135.000    13.6136   4.222701    35.5700       7954     5.5231 0.0000e+00
    134.000    13.5897   4.218896    35.5569       7983     5.5430 0.0000e+00
    133.000    13.5510   4.213222    35.5397       8013     5.5640 0.0000e+00
    132.000    13.5596   4.213642    35.5361       8041     5.5834 0.0000e+00
    131.000    13.5686   4.214827    35.5394       8067     5.6012 0.0000e+00
    130.000    13.5647   4.214252    35.5380       8092     5.6186 0.0000e+00
    129.000    13.5539   4.212113    35.5282       8117     5.6364 0.0000e+00
    128.000    13.5582   4.212298    35.5265       8147     5.6571 0.0000e+00
    127.000    13.5773   4.214258    35.5276       8181     5.6808 0.0000e+00
    126.000    13.5848   4.215108    35.5291       8220     5.7073 0.0000e+00
    125.000    13.5940   4.216212    35.5314       8255     5.7320 0.0000e+00
    124.000    13.5961   4.216346    35.5311       8289     5.7559 0.0000e+00
    123.000    13.6087   4.217819    35.5337       8320     5.7770 0.0000e+00
    122.000    13.6226   4.219099    35.5332       8348     5.7965 0.0000e+00
    121.000    13.6955   4.227683    35.5467       8376     5.8160 0.0000e+00
    120.000    13.7654   4.236265    35.5629       8405     5.8361 0.0000e+00
    119.000    13.8755   4.247745    35.5690       8431     5.8545 0.0000e+00
    118.000    14.0140   4.265235    35.6047       8456     5.8719 0.0000e+00
    117.000    14.1191   4.278236    35.6292       8482     5.8897 0.0000e+00
    116.000    14.1904   4.287641    35.6512       8511     5.9095 0.0000e+00
    115.000    14.2297   4.292524    35.6608       8540     5.9299 0.0000e+00
    114.000    14.2341   4.292601    35.6579       8567     5.9488 0.0000e+00
    113.000    14.2462   4.293203    35.6527       8592     5.9657 0.0000e+00
    112.000    14.3005   4.298412    35.6514       8615     5.9821 0.0000e+00
    111.000    14.3190   4.300112    35.6505       8641     6.0000 0.0000e+00
    110.000    14.2948   4.296460    35.6393       8671     6.0207 0.0000e+00
    109.000    14.2778   4.293648    35.6294       8702     6.0422 0.0000e+00
    108.000    14.2756   4.293052    35.6263       8729     6.0614 0.0000e+00
    107.000    14.2798   4.293305    35.6252       8755     6.0792 0.0000e+00
    106.000    14.2874   4.294227    35.6272       8781     6.0970 0.0000e+00
    105.000    14.2891   4.294539    35.6289       8808     6.1158 0.0000e+00
    104.000    14.2888   4.294474    35.6290       8834     6.1341 0.0000e+00
    103.000    14.2986   4.294963    35.6250       8859     6.1512 0.0000e+00
    102.000    14.3296   4.297761    35.6227       8882     6.1671 0.0000e+00
    101.000    14.3926   4.304213    35.6249       8905     6.1832 0.0000e+00
    100.000    14.4561   4.311999    35.6389       8931     6.2017 0.0000e+00
     99.000    14.4928   4.316306    35.6454       8965     6.2249 0.0000e+00
     98.000    14.5872   4.326967    35.6574       9000     6.2492 0.0000e+00
     97.000    14.7563   4.348081    35.6970       9030     6.2703 0.0000e+00
     96.000    14.8362   4.358321    35.7181       9056     6.2882 0.0000e+00
     95.000    15.0186   4.379163    35.7422       9079     6.3044 0.0000e+00
     94.000    15.4679   4.433196    35.8237       9101     6.3194 0.0000e+00
     93.000    15.7727   4.473141    35.9072       9123     6.3348 0.0000e+00
     92.000    15.9520   4.497967    35.9677       9148     6.3522 0.0000e+00
     91.000    16.0337   4.509199    35.9944       9179     6.3736 0.0000e+00
     90.000    16.1281   4.521121    36.0158       9212     6.3967 0.0000e+00
     89.000    16.1567   4.524083    36.0167       9241     6.4165 0.0000e+00
     88.000    16.1825   4.524700    35.9992       9266     6.4344 0.0000e+00
     87.000    16.2020   4.526447    35.9975       9293     6.4528 0.0000e+00
     86.000    16.2487   4.530167    35.9888       9321     6.4723 0.0000e+00
     85.000    16.2699   4.528675    35.9567       9348     6.4913 0.0000e+00
     84.000    16.2818   4.529492    35.9537       9374     6.5092 0.0000e+00
     83.000    16.3101   4.531951    35.9504       9401     6.5275 0.0000e+00
     82.000    16.3966   4.541280    35.9555       9430     6.5478 0.0000e+00
     81.000    16.5012   4.553802    35.9726       9467     6.5734 0.0000e+00
     80.000    16.5564   4.558652    35.9662       9508     6.6023 0.0000e+00
     79.000    16.4925   4.545969    35.9119       9543     6.6261 0.0000e+00
     78.000    16.5084   4.546322    35.9011       9570     6.6448 0.0000e+00
     77.000    16.4855   4.543250    35.8949       9595     6.6622 0.0000e+00
     76.000    16.3547   4.525266    35.8535       9621     6.6803 0.0000e+00
     75.000    16.2774   4.513958    35.8230       9650     6.7009 0.0000e+00
     74.000    16.2354   4.507831    35.8067       9684     6.7240 0.0000e+00
     73.000    16.2165   4.504876    35.7978       9715     6.7459 0.0000e+00
     72.000    16.1980   4.502382    35.7927       9745     6.7664 0.0000e+00
     71.000    16.0891   4.488922    35.7711       9774     6.7869 0.0000e+00
     70.000    15.6461   4.430080    35.6435       9804     6.8075 0.0000e+00
     69.000    15.2026   4.370087    35.5024       9832     6.8268 0.0000e+00
     68.000    14.8288   4.319418    35.3796       9856     6.8439 0.0000e+00
     67.000    14.4824   4.273966    35.2769       9878     6.8592 0.0000e+00
     66.000    14.0839   4.223553    35.1732       9901     6.8750 0.0000e+00
     65.000    13.6899   4.166862    35.0039       9928     6.8941 0.0000e+00
     64.000    13.6116   4.153527    34.9507       9962     6.9173 0.0000e+00
     63.000    13.5689   4.145927    34.9187       9992     6.9385 0.0000e+00
     62.000    13.4050   4.125281    34.8743      10019     6.9571 0.0000e+00
     61.000    13.1547   4.090858    34.7780      10047     6.9763 0.0000e+00
     60.000    12.9581   4.065447    34.7169      10077     6.9970 0.0000e+00
     59.000    12.6573   4.025714    34.6133      10105     7.0166 0.0000e+00
     58.000    12.4927   4.001229    34.5297      10130     7.0343 0.0000e+00
     57.000    12.4911   3.996791    34.4888      10153     7.0502 0.0000e+00
     56.000    12.6104   4.006531    34.4735      10176     7.0659 0.0000e+00
     55.000    13.0078   4.049320    34.5198      10200     7.0827 0.0000e+00
     54.000    13.0789   4.059025    34.5478      10227     7.1014 0.0000e+00
     53.000    12.9519   4.040807    34.4906      10258     7.1230 0.0000e+00
     52.000    12.8620   4.025933    34.4311      10291     7.1460 0.0000e+00
     51.000    12.7945   4.016957    34.4072      10323     7.1681 0.0000e+00
     50.000    12.7452   4.003629    34.3251      10350     7.1871 0.0000e+00
     49.000    13.2045   4.049746    34.3477      10375     7.2038 0.0000e+00
     48.000    14.2234   4.165201    34.5126      10398     7.2199 0.0000e+00
     47.000    14.5020   4.204406    34.6262      10423     7.2373 0.0000e+00
     46.000    14.5747   4.211094    34.6231      10453     7.2581 0.0000e+00
     45.000    14.7135   4.226040    34.6369      10484     7.2797 0.0000e+00
     44.000    14.8755   4.241529    34.6348      10513     7.2999 0.0000e+00
     43.000    14.9062   4.244804    34.6378      10541     7.3197 0.0000e+00
     42.000    14.9586   4.249565    34.6350      10572     7.3408 0.0000e+00
     41.000    15.0463   4.254049    34.5985      10603     7.3624 0.0000e+00
     40.000    15.1828   4.264295    34.5712      10634     7.3837 0.0000e+00
     39.000    15.2781   4.273125    34.5675      10665     7.4057 0.0000e+00
     38.000    15.4194   4.283456    34.5368      10696     7.4274 0.0000e+00
     37.000    15.6847   4.304379    34.4926      10724     7.4466 0.0000e+00
     36.000    15.9512   4.331595    34.5036      10750     7.4647 0.0000e+00
     35.000    16.3712   4.371585    34.4939      10778     7.4840 0.0000e+00
     34.000    16.8617   4.422690    34.5201      10809     7.5053 0.0000e+00
     33.000    17.6887   4.501904    34.4995      10837     7.5248 0.0000e+00
     32.000    18.4645   4.585144    34.5536      10862     7.5426 0.0000e+00
     31.000    18.8383   4.626347    34.5871      10887     7.5596 0.0000e+00
     30.000    19.4339   4.687764    34.6026      10912     7.5774 0.0000e+00
     29.000    20.0575   4.753343    34.6271      10941     7.5974 0.0000e+00
     28.000    20.7074   4.821728    34.6502      10972     7.6184 0.0000e+00
     27.000    21.0483   4.848769    34.5908      11000     7.6384 0.0000e+00
     26.000    21.2422   4.845955    34.4122      11028     7.6579 0.0000e+00
     25.000    21.5558   4.859170    34.2665      11055     7.6764 0.0000e+00
     24.000    21.8753   4.897345    34.3140      11082     7.6949 0.0000e+00
     23.000    22.3082   4.940291    34.3078      11109     7.7141 0.0000e+00
     22.000    23.1517   5.037442    34.3971      11136     7.7328 0.0000e+00
     21.000    23.6494   5.097051    34.4646      11162     7.7504 0.0000e+00
     20.000    24.0347   5.144035    34.5216      11185     7.7666 0.0000e+00
     19.000    24.2426   5.166353    34.5291      11209     7.7831 0.0000e+00
     18.000    24.5283   5.194222    34.5180      11236     7.8019 0.0000e+00
     17.000    24.8478   5.228772    34.5304      11269     7.8251 0.0000e+00
     16.000    25.0448   5.247609    34.5197      11302     7.8478 0.0000e+00
     15.000    25.0976   5.251908    34.5115      11326     7.8649 0.0000e+00
     14.000    25.1580   5.254486    34.4848      11348     7.8800 0.0000e+00
     13.000    25.1853   5.251189    34.4400      11371     7.8958 0.0000e+00
     12.000    25.2427   5.249960    34.3877      11398     7.9143 0.0000e+00
     11.000    25.4379   5.260808    34.3200      11428     7.9357 0.0000e+00
     10.000    25.5852   5.266208    34.2490      11457     7.9558 0.0000e+00
      9.000    25.7637   5.269712    34.1411      11484     7.9740 0.0000e+00
      8.000    25.9033   5.273839    34.0672      11510     7.9925 0.0000e+00
      7.000    26.0090   5.275912    34.0040      12029     8.3530 0.0000e+00
      6.000    25.9964   5.262353    33.9154      12263     8.5152 0.0000e+00
      5.000    25.9866   5.258194    33.8929      12271     8.5211 0.0000e+00
      4.000    25.9857   5.259193    33.9010      12298     8.5394 0.0000e+00
      3.000    25.9854   5.255110    33.8720      12324     8.5579 0.0000e+00
      2.000    25.9865   5.248743    33.8254      12611     8.7567 0.0000e+00
      1.000    26.0096   5.208161    33.5151      12672     8.7992 0.0000e+00
