HB2304/ctd096.cnv
* Sea-Bird SBE 9 Data File:
* FileName = C:\cruise\data\ctd096.hex
* Software Version Seasave V 7.26.7.121
* Temperature SN = 4591
* Conductivity SN = 3741
* Number of Bytes Per Scan = 37
* Number of Voltage Words = 4
* Number of Scans Averaged by the Deck Unit = 1
* NMEA Latitude = 39 20.36 N
* NMEA Longitude = 072 24.70 W
* NMEA UTC (Time) = Oct 10 2023  06:38:41
* NMEA baud rate = 4800
** Ship: Bigelow HB2304
** Program:  Fall Bottom Trawl Survey
** Chief Scientist: John Galbraith
# nquan = 7
# nvalues = 273                         
# units = specified
# name 0 = depSM: Depth [salt water, m]
# name 1 = t090C: Temperature [ITS-90, deg C]
# name 2 = c0S/m: Conductivity [S/m]
# name 3 = sal00: Salinity, Practical [PSU]
# name 4 = scan: Scan Count
# name 5 = timeM: Time, Elapsed [minutes]
# name 6 = flag: flag
# span 0 =      3.000,    139.000       
# span 1 =    11.1882,    20.8049       
# span 2 =   3.771266,   4.796993       
# span 3 =    32.4834,    35.6498       
# span 4 =         82,       8969       
# span 5 =     0.0560,     6.2278       
# span 6 = 0.0000e+00, 0.0000e+00       
# interval = meters: 1                  
# start_time = Oct 10 2023 06:38:41 [NMEA time, header]
# bad_flag = -9.990e-29
*END*
      3.000    16.6376   4.166330    32.4834         82     0.0560 0.0000e+00
      4.000    16.6418   4.166771    32.4835        188     0.1296 0.0000e+00
      5.000    16.6551   4.168395    32.4865        228     0.1576 0.0000e+00
      6.000    16.6525   4.168216    32.4867        257     0.1775 0.0000e+00
      7.000    16.6459   4.167389    32.4844        278     0.1922 0.0000e+00
      8.000    16.6465   4.167418    32.4839        298     0.2065 0.0000e+00
      9.000    16.6464   4.167454    32.4839        322     0.2226 0.0000e+00
     10.000    16.6492   4.167836    32.4845        347     0.2404 0.0000e+00
     11.000    16.6503   4.168112    32.4857        375     0.2595 0.0000e+00
     12.000    16.6504   4.168173    32.4858        403     0.2793 0.0000e+00
     13.000    16.6501   4.168190    32.4858        433     0.2998 0.0000e+00
     14.000    16.6503   4.168221    32.4855        462     0.3201 0.0000e+00
     15.000    16.6491   4.168105    32.4851        489     0.3386 0.0000e+00
     16.000    16.6482   4.167990    32.4845        513     0.3557 0.0000e+00
     17.000    16.6482   4.168044    32.4846        538     0.3732 0.0000e+00
     18.000    16.6494   4.168244    32.4850        564     0.3908 0.0000e+00
     19.000    16.6493   4.168255    32.4849        588     0.4075 0.0000e+00
     20.000    16.6495   4.168338    32.4850        610     0.4229 0.0000e+00
     21.000    16.6495   4.168369    32.4849        633     0.4390 0.0000e+00
     22.000    16.6498   4.168443    32.4849        663     0.4594 0.0000e+00
     23.000    16.6503   4.168549    32.4851        696     0.4824 0.0000e+00
     24.000    16.6515   4.168758    32.4856        721     0.5000 0.0000e+00
     25.000    16.6520   4.168897    32.4860        743     0.5154 0.0000e+00
     26.000    16.6519   4.168914    32.4859        769     0.5332 0.0000e+00
     27.000    16.6522   4.168986    32.4859        802     0.5565 0.0000e+00
     28.000    16.6496   4.168737    32.4854        834     0.5783 0.0000e+00
     29.000    16.6498   4.168807    32.4855        856     0.5937 0.0000e+00
     30.000    16.6507   4.168907    32.4853        875     0.6070 0.0000e+00
     31.000    16.6758   4.171993    32.4914        896     0.6213 0.0000e+00
     32.000    17.3341   4.254836    32.6722        921     0.6392 0.0000e+00
     33.000    18.4124   4.414790    33.1611        953     0.6614 0.0000e+00
     34.000    18.9394   4.493464    33.3936        982     0.6810 0.0000e+00
     35.000    19.6343   4.596805    33.6864       1006     0.6977 0.0000e+00
     36.000    20.3665   4.714732    34.0583       1032     0.7158 0.0000e+00
     37.000    20.6767   4.772998    34.2793       1064     0.7382 0.0000e+00
     38.000    20.7052   4.781123    34.3214       1094     0.7589 0.0000e+00
     39.000    20.7245   4.787425    34.3562       1116     0.7741 0.0000e+00
     40.000    20.7163   4.788856    34.3740       1134     0.7867 0.0000e+00
     41.000    20.6885   4.788535    34.3935       1152     0.7995 0.0000e+00
     42.000    20.5414   4.774600    34.3999       1176     0.8163 0.0000e+00
     43.000    20.3594   4.754419    34.3841       1224     0.8496 0.0000e+00
     44.000    20.1654   4.732779    34.3658       1261     0.8751 0.0000e+00
     45.000    20.1360   4.730378    34.3698       1280     0.8881 0.0000e+00
     46.000    19.8087   4.710247    34.4725       1298     0.9008 0.0000e+00
     47.000    18.7913   4.598864    34.3897       1319     0.9150 0.0000e+00
     48.000    16.4726   4.333127    34.0613       1343     0.9319 0.0000e+00
     49.000    15.5553   4.222171    33.8630       1367     0.9489 0.0000e+00
     50.000    14.2264   4.084882    33.7655       1389     0.9639 0.0000e+00
     51.000    12.3549   3.896771    33.6507       1412     0.9796 0.0000e+00
     52.000    11.8116   3.839051    33.5811       1447     1.0041 0.0000e+00
     53.000    11.5455   3.809573    33.5334       1492     1.0351 0.0000e+00
     54.000    11.4166   3.797221    33.5284       1520     1.0547 0.0000e+00
     55.000    11.4205   3.798258    33.5347       1545     1.0725 0.0000e+00
     56.000    11.4179   3.799043    33.5444       1570     1.0898 0.0000e+00
     57.000    11.2271   3.781776    33.5471       1591     1.1045 0.0000e+00
     58.000    11.2245   3.780779    33.5392       1609     1.1168 0.0000e+00
     59.000    11.4505   3.814879    33.6690       1626     1.1287 0.0000e+00
     60.000    11.5857   3.839222    33.7846       1646     1.1423 0.0000e+00
     61.000    11.6061   3.843699    33.8095       1674     1.1618 0.0000e+00
     62.000    11.6108   3.845890    33.8262       1711     1.1872 0.0000e+00
     63.000    11.6072   3.847943    33.8492       1743     1.2099 0.0000e+00
     64.000    11.6385   3.857028    33.9092       1782     1.2367 0.0000e+00
     65.000    11.8233   3.883867    34.0023       1819     1.2627 0.0000e+00
     66.000    12.2096   3.929605    34.0934       1842     1.2784 0.0000e+00
     67.000    12.5370   3.975876    34.2412       1860     1.2909 0.0000e+00
     68.000    12.6825   3.996345    34.3048       1877     1.3028 0.0000e+00
     69.000    12.7501   4.006677    34.3417       1896     1.3157 0.0000e+00
     70.000    12.7857   4.012450    34.3641       1917     1.3307 0.0000e+00
     71.000    13.0784   4.050712    34.4617       1944     1.3491 0.0000e+00
     72.000    13.5135   4.114072    34.6654       1974     1.3705 0.0000e+00
     73.000    13.6741   4.137852    34.7427       2007     1.3932 0.0000e+00
     74.000    13.8690   4.164584    34.8156       2042     1.4175 0.0000e+00
     75.000    14.1148   4.200500    34.9270       2076     1.4413 0.0000e+00
     76.000    14.1921   4.214526    34.9869       2105     1.4611 0.0000e+00
     77.000    14.2481   4.223598    35.0197       2128     1.4774 0.0000e+00
     78.000    14.3148   4.234255    35.0576       2150     1.4927 0.0000e+00
     79.000    14.3394   4.238404    35.0733       2174     1.5089 0.0000e+00
     80.000    14.3671   4.242838    35.0888       2198     1.5260 0.0000e+00
     81.000    14.3732   4.244273    35.0960       2222     1.5423 0.0000e+00
     82.000    14.3976   4.248137    35.1092       2245     1.5581 0.0000e+00
     83.000    14.4309   4.253804    35.1309       2271     1.5762 0.0000e+00
     84.000    14.4694   4.260818    35.1603       2302     1.5982 0.0000e+00
     85.000    14.4760   4.262233    35.1670       2331     1.6181 0.0000e+00
     86.000    14.4839   4.263713    35.1731       2356     1.6352 0.0000e+00
     87.000    14.5034   4.267264    35.1878       2384     1.6547 0.0000e+00
     88.000    14.5535   4.276440    35.2264       2416     1.6774 0.0000e+00
     89.000    14.5930   4.284139    35.2610       2442     1.6954 0.0000e+00
     90.000    14.6328   4.290920    35.2869       2465     1.7109 0.0000e+00
     91.000    14.6981   4.305258    35.3589       2491     1.7294 0.0000e+00
     92.000    14.7181   4.312328    35.4054       2533     1.7582 0.0000e+00
     93.000    14.7341   4.314936    35.4143       2562     1.7788 0.0000e+00
     94.000    14.7179   4.315701    35.4357       2580     1.7909 0.0000e+00
     95.000    14.6650   4.311062    35.4409       2596     1.8019 0.0000e+00
     96.000    14.5692   4.301502    35.4399       2615     1.8151 0.0000e+00
     97.000    14.3920   4.281395    35.4158       2642     1.8341 0.0000e+00
     98.000    14.3441   4.276747    35.4162       2672     1.8550 0.0000e+00
     99.000    14.1209   4.252481    35.3952       2694     1.8703 0.0000e+00
    100.000    14.0200   4.238783    35.3597       2715     1.8847 0.0000e+00
    101.000    14.0429   4.241688    35.3654       2764     1.9187 0.0000e+00
    102.000    14.1683   4.261428    35.4336       2825     1.9611 0.0000e+00
    103.000    14.2040   4.267935    35.4609       2840     1.9716 0.0000e+00
    104.000    14.2183   4.270213    35.4685       2854     1.9814 0.0000e+00
    105.000    14.2332   4.272620    35.4768       2868     1.9912 0.0000e+00
    106.000    14.2507   4.276274    35.4942       2885     2.0027 0.0000e+00
    107.000    14.2762   4.280523    35.5098       2908     2.0184 0.0000e+00
    108.000    14.2941   4.283492    35.5205       2937     2.0386 0.0000e+00
    109.000    14.2991   4.284817    35.5277       2961     2.0552 0.0000e+00
    110.000    14.2913   4.284362    35.5303       2983     2.0712 0.0000e+00
    111.000    14.2812   4.283470    35.5309       3029     2.1026 0.0000e+00
    112.000    14.2669   4.282334    35.5330       3076     2.1352 0.0000e+00
    113.000    14.2904   4.288387    35.5672       3093     2.1472 0.0000e+00
    114.000    14.3001   4.291544    35.5871       3109     2.1586 0.0000e+00
    115.000    14.3012   4.291759    35.5877       3128     2.1715 0.0000e+00
    116.000    14.3007   4.292213    35.5920       3156     2.1911 0.0000e+00
    117.000    14.2948   4.292084    35.5958       3195     2.2181 0.0000e+00
    118.000    14.2933   4.292036    35.5963       3223     2.2376 0.0000e+00
    119.000    14.2889   4.291924    35.5989       3247     2.2542 0.0000e+00
    120.000    14.2709   4.290338    35.6004       3271     2.2712 0.0000e+00
    121.000    14.2560   4.288973    35.6010       3297     2.2888 0.0000e+00
    122.000    14.2216   4.286839    35.6125       3322     2.3066 0.0000e+00
    123.000    14.1944   4.285849    35.6280       3349     2.3249 0.0000e+00
    124.000    14.1616   4.283061    35.6319       3376     2.3437 0.0000e+00
    125.000    14.1214   4.279200    35.6327       3404     2.3630 0.0000e+00
    126.000    14.0933   4.276704    35.6350       3432     2.3829 0.0000e+00
    127.000    14.0721   4.274866    35.6371       3460     2.4022 0.0000e+00
    128.000    14.0657   4.274391    35.6381       3484     2.4188 0.0000e+00
    129.000    13.9645   4.265656    35.6498       3508     2.4354 0.0000e+00
    130.000    13.7915   4.246355    35.6292       3540     2.4578 0.0000e+00
    131.000    13.7238   4.238490    35.6178       3579     2.4849 0.0000e+00
    132.000    13.6774   4.233173    35.6106       3606     2.5037 0.0000e+00
    133.000    13.6454   4.229613    35.6064       3630     2.5201 0.0000e+00
    134.000    13.6251   4.227298    35.6030       3654     2.5370 0.0000e+00
    135.000    13.6081   4.225525    35.6017       3678     2.5532 0.0000e+00
    136.000    13.6003   4.224684    35.6006       3699     2.5678 0.0000e+00
    137.000    13.5917   4.223779    35.5997       3718     2.5815 0.0000e+00
    138.000    13.5889   4.223476    35.5991       3740     2.5962 0.0000e+00
    139.000    13.5885   4.223357    35.5979       3774     2.6200 0.0000e+00
    138.000    13.5900   4.223379    35.5971       3817     2.6501 0.0000e+00
    137.000    13.5932   4.223183    35.5927       4751     3.2983 0.0000e+00
    136.000    13.5922   4.222987    35.5922       5413     3.7583 0.0000e+00
    135.000    13.5948   4.223138    35.5916       5381     3.7359 0.0000e+00
    134.000    13.6015   4.223720    35.5913       5400     3.7495 0.0000e+00
    133.000    13.6151   4.224877    35.5900       5418     3.7616 0.0000e+00
    132.000    13.6333   4.226754    35.5912       5437     3.7748 0.0000e+00
    131.000    13.6917   4.232555    35.5919       5460     3.7913 0.0000e+00
    130.000    13.7628   4.240572    35.6016       5489     3.8112 0.0000e+00
    129.000    13.9110   4.255368    35.6032       5522     3.8339 0.0000e+00
    128.000    14.0614   4.272314    35.6227       5563     3.8625 0.0000e+00
    127.000    14.0557   4.271988    35.6254       5596     3.8857 0.0000e+00
    126.000    14.0678   4.272934    35.6234       5618     3.9006 0.0000e+00
    125.000    14.0902   4.274687    35.6195       5636     3.9132 0.0000e+00
    124.000    14.1310   4.278149    35.6145       5655     3.9262 0.0000e+00
    123.000    14.1635   4.281440    35.6155       5675     3.9405 0.0000e+00
    122.000    14.1939   4.284249    35.6140       5699     3.9567 0.0000e+00
    121.000    14.2177   4.284883    35.5983       5722     3.9733 0.0000e+00
    120.000    14.2473   4.286822    35.5895       5745     3.9892 0.0000e+00
    119.000    14.2616   4.288284    35.5902       5770     4.0059 0.0000e+00
    118.000    14.2753   4.289592    35.5902       5799     4.0261 0.0000e+00
    117.000    14.2865   4.290511    35.5888       5833     4.0503 0.0000e+00
    116.000    14.2956   4.291318    35.5883       5862     4.0704 0.0000e+00
    115.000    14.3014   4.291883    35.5887       5887     4.0872 0.0000e+00
    114.000    14.3034   4.291843    35.5869       5914     4.1062 0.0000e+00
    113.000    14.2992   4.291346    35.5866       5948     4.1300 0.0000e+00
    112.000    14.2859   4.289109    35.5785       5975     4.1485 0.0000e+00
    111.000    14.2755   4.286259    35.5620       5995     4.1623 0.0000e+00
    110.000    14.2708   4.282505    35.5319       6013     4.1749 0.0000e+00
    109.000    14.2822   4.283164    35.5279       6032     4.1882 0.0000e+00
    108.000    14.2941   4.284236    35.5273       6054     4.2033 0.0000e+00
    107.000    14.2998   4.284526    35.5252       6077     4.2196 0.0000e+00
    106.000    14.2925   4.283256    35.5205       6101     4.2360 0.0000e+00
    105.000    14.2780   4.281014    35.5135       6126     4.2531 0.0000e+00
    104.000    14.2618   4.277929    35.5002       6155     4.2735 0.0000e+00
    103.000    14.2358   4.273356    35.4820       6194     4.3008 0.0000e+00
    102.000    14.2198   4.270462    35.4703       6229     4.3252 0.0000e+00
    101.000    14.1931   4.266965    35.4627       6257     4.3446 0.0000e+00
    100.000    14.0747   4.248408    35.3992       6282     4.3621 0.0000e+00
     99.000    14.0263   4.238805    35.3546       6305     4.3779 0.0000e+00
     98.000    14.0633   4.241552    35.3467       6326     4.3921 0.0000e+00
     97.000    14.2138   4.258219    35.3641       6346     4.4063 0.0000e+00
     96.000    14.3867   4.278094    35.3905       6368     4.4216 0.0000e+00
     95.000    14.5348   4.294270    35.4049       6392     4.4379 0.0000e+00
     94.000    14.6488   4.307739    35.4255       6415     4.4542 0.0000e+00
     93.000    14.7110   4.313606    35.4231       6438     4.4704 0.0000e+00
     92.000    14.7318   4.314325    35.4112       6464     4.4883 0.0000e+00
     91.000    14.7241   4.312047    35.3977       6497     4.5108 0.0000e+00
     90.000    14.6518   4.296657    35.3224       6539     4.5403 0.0000e+00
     89.000    14.6124   4.288333    35.2821       6580     4.5687 0.0000e+00
     88.000    14.5881   4.284383    35.2682       6605     4.5860 0.0000e+00
     87.000    14.5721   4.281623    35.2578       6624     4.5992 0.0000e+00
     86.000    14.5418   4.276415    35.2377       6640     4.6107 0.0000e+00
     85.000    14.5005   4.268578    35.2034       6657     4.6222 0.0000e+00
     84.000    14.4846   4.265195    35.1870       6675     4.6349 0.0000e+00
     83.000    14.4543   4.260260    35.1693       6699     4.6511 0.0000e+00
     82.000    14.4205   4.253815    35.1409       6729     4.6725 0.0000e+00
     81.000    14.3972   4.249825    35.1256       6762     4.6949 0.0000e+00
     80.000    14.3821   4.247306    35.1165       6794     4.7172 0.0000e+00
     79.000    14.3592   4.243669    35.1040       6827     4.7400 0.0000e+00
     78.000    14.3339   4.239786    35.0915       6856     4.7606 0.0000e+00
     77.000    14.2974   4.234568    35.0767       6881     4.7774 0.0000e+00
     76.000    14.2284   4.224280    35.0443       6903     4.7928 0.0000e+00
     75.000    14.1271   4.208741    34.9925       6926     4.8089 0.0000e+00
     74.000    13.8717   4.172817    34.8901       6952     4.8269 0.0000e+00
     73.000    13.5563   4.130507    34.7806       6978     4.8450 0.0000e+00
     72.000    13.1562   4.073165    34.6039       7002     4.8615 0.0000e+00
     71.000    12.8955   4.035835    34.4869       7024     4.8773 0.0000e+00
