HB2304/ctd025.cnv
* Sea-Bird SBE 9 Data File:
* FileName = C:\cruise\data\ctd025.hex
* Software Version Seasave V 7.26.7.121
* Temperature SN = 4591
* Conductivity SN = 3741
* Number of Bytes Per Scan = 37
* Number of Voltage Words = 4
* Number of Scans Averaged by the Deck Unit = 1
* NMEA Latitude = 36 46.02 N
* NMEA Longitude = 074 45.58 W
* NMEA UTC (Time) = Sep 17 2023  17:16:28
* NMEA baud rate = 4800
** Ship: Bigelow HB2304
** Program:  Fall Bottom Trawl Survey
** Chief Scientist: John Galbraith
# nquan = 7
# nvalues = 135                         
# units = specified
# name 0 = depSM: Depth [salt water, m]
# name 1 = t090C: Temperature [ITS-90, deg C]
# name 2 = c0S/m: Conductivity [S/m]
# name 3 = sal00: Salinity, Practical [PSU]
# name 4 = scan: Scan Count
# name 5 = timeM: Time, Elapsed [minutes]
# name 6 = flag: flag
# span 0 =      3.000,     70.000       
# span 1 =    11.6325,    25.5676       
# span 2 =   3.749492,   5.374764       
# span 3 =    32.8078,    43.5509       
# span 4 =       -497,       5434       
# span 5 =    -0.3455,     3.7728       
# span 6 = 0.0000e+00, 0.0000e+00       
# interval = meters: 1                  
# start_time = Sep 17 2023 17:16:28 [NMEA time, header]
# bad_flag = -9.990e-29
*END*
      3.000    23.9677   4.938707    33.0334       -497    -0.3455 0.0000e+00
      4.000    23.9427   4.933695    33.0139       1185     0.8225 0.0000e+00
      5.000    23.9389   4.933615    33.0159       1009     0.6998 0.0000e+00
      6.000    23.9385   4.933688    33.0164       1038     0.7202 0.0000e+00
      7.000    23.9375   4.933774    33.0175       1071     0.7433 0.0000e+00
      8.000    24.4951   5.057165    33.5198       1105     0.7663 0.0000e+00
      9.000    25.4132   5.306612    34.6759       1137     0.7886 0.0000e+00
     10.000    25.5630   5.347047    34.8579       1164     0.8078 0.0000e+00
     11.000    25.5676   5.358333    34.9368       1188     0.8246 0.0000e+00
     12.000    25.5370   5.360141    34.9732       1212     0.8413 0.0000e+00
     13.000    25.5221   5.362608    35.0025       1239     0.8594 0.0000e+00
     14.000    25.4977   5.362429    35.0196       1268     0.8799 0.0000e+00
     15.000    25.5171   5.367112    35.0388       1297     0.9000 0.0000e+00
     16.000    25.5304   5.374764    35.0845       1322     0.9174 0.0000e+00
     17.000    25.4215   5.363448    35.0849       1344     0.9329 0.0000e+00
     18.000    25.0242   5.320804    35.0770       1366     0.9479 0.0000e+00
     19.000    23.3495   5.119802    34.8724       1388     0.9634 0.0000e+00
     20.000    22.7241   5.028565    34.6660       1414     0.9811 0.0000e+00
     21.000    22.4958   4.997003    34.6018       1447     1.0039 0.0000e+00
     22.000    22.3774   4.980671    34.5683       1482     1.0288 0.0000e+00
     23.000    21.7880   4.918303    34.5488       1510     1.0483 0.0000e+00
     24.000    17.9067   4.484988    34.1633       1533     1.0640 0.0000e+00
     25.000    16.5741   4.292354    33.6273       1555     1.0789 0.0000e+00
     26.000    16.1537   4.239937    33.5204       1577     1.0943 0.0000e+00
     27.000    15.8384   4.201642    33.4470       1601     1.1113 0.0000e+00
     28.000    15.2380   4.138985    33.3951       1629     1.1307 0.0000e+00
     29.000    13.4733   3.954813    33.2220       1658     1.1510 0.0000e+00
     30.000    12.7919   3.876056    33.0747       1685     1.1694 0.0000e+00
     31.000    12.5860   3.851491    33.0208       1710     1.1867 0.0000e+00
     32.000    12.5371   3.843649    32.9883       1735     1.2043 0.0000e+00
     33.000    12.4736   3.836302    32.9733       1762     1.2226 0.0000e+00
     34.000    12.2800   3.816635    32.9543       1789     1.2416 0.0000e+00
     35.000    12.1561   3.804223    32.9434       1817     1.2609 0.0000e+00
     36.000    12.0487   3.791887    32.9186       1844     1.2798 0.0000e+00
     37.000    11.9870   3.784751    32.9036       1871     1.2985 0.0000e+00
     38.000    11.9649   3.781401    32.8902       1896     1.3162 0.0000e+00
     39.000    11.9534   3.780712    32.8933       1919     1.3322 0.0000e+00
     40.000    11.9596   3.782131    32.9011       1942     1.3476 0.0000e+00
     41.000    11.9016   3.777290    32.9051       1965     1.3639 0.0000e+00
     42.000    11.8662   3.773080    32.8950       1994     1.3839 0.0000e+00
     43.000    11.8720   3.773539    32.8939       2029     1.4086 0.0000e+00
     44.000    11.8674   3.773127    32.8936       2061     1.4305 0.0000e+00
     45.000    11.8566   3.771805    32.8899       2084     1.4467 0.0000e+00
     46.000    11.8282   3.769030    32.8876       2105     1.4610 0.0000e+00
     47.000    11.8224   3.768145    32.8837       2126     1.4758 0.0000e+00
     48.000    11.8198   3.767826    32.8825       2150     1.4923 0.0000e+00
     49.000    11.8153   3.767316    32.8810       2179     1.5128 0.0000e+00
     50.000    11.8085   3.766637    32.8801       2211     1.5351 0.0000e+00
     51.000    11.8003   3.765808    32.8788       2238     1.5537 0.0000e+00
     52.000    11.7966   3.765399    32.8777       2263     1.5711 0.0000e+00
     53.000    11.7966   3.765216    32.8755       2289     1.5886 0.0000e+00
     54.000    11.7960   3.765114    32.8747       2313     1.6057 0.0000e+00
     55.000    11.7932   3.764864    32.8742       2337     1.6225 0.0000e+00
     56.000    11.7910   3.764592    32.8731       2364     1.6411 0.0000e+00
     57.000    11.7847   3.763936    32.8719       2394     1.6620 0.0000e+00
     58.000    11.7823   3.763690    32.8712       2422     1.6813 0.0000e+00
     59.000    11.7813   3.763495    32.8698       2447     1.6989 0.0000e+00
     60.000    11.7809   3.763356    32.8683       2474     1.7170 0.0000e+00
     61.000    11.7818   3.763365    32.8673       2501     1.7359 0.0000e+00
     62.000    11.7820   3.763368    32.8667       2526     1.7538 0.0000e+00
     63.000    11.7799   3.763160    32.8661       2551     1.7711 0.0000e+00
     64.000    11.7789   3.763112    32.8661       2577     1.7890 0.0000e+00
     65.000    11.7651   3.762000    32.8670       2603     1.8069 0.0000e+00
     66.000    11.7595   3.761384    32.8656       2628     1.8246 0.0000e+00
     67.000    11.7472   3.760459    32.8670       2656     1.8438 0.0000e+00
     68.000    11.7213   3.758127    32.8668       2687     1.8656 0.0000e+00
     69.000    11.7176   3.757683    32.8654       2720     1.8882 0.0000e+00
     70.000    11.6325   3.749492    32.8605       3326     2.3091 0.0000e+00
     69.000    11.6972   3.754420    32.8516       3693     2.5638 0.0000e+00
     68.000    11.6999   3.755011    32.8555       3700     2.5691 0.0000e+00
     67.000    11.7027   3.754931    32.8526       3725     2.5859 0.0000e+00
     66.000    11.7252   3.756773    32.8510       3748     2.6021 0.0000e+00
     65.000    11.7453   3.758508    32.8505       3771     2.6183 0.0000e+00
     64.000    11.7640   3.759983    32.8488       3795     2.6349 0.0000e+00
     63.000    11.7692   3.760260    32.8473       3819     2.6517 0.0000e+00
     62.000    11.7737   3.760590    32.8470       3846     2.6702 0.0000e+00
     61.000    11.7840   3.761417    32.8464       3876     2.6911 0.0000e+00
     60.000    11.7975   3.762636    32.8467       3908     2.7131 0.0000e+00
     59.000    11.8019   3.763022    32.8470       3936     2.7329 0.0000e+00
     58.000    11.8017   3.762813    32.8455       3961     2.7498 0.0000e+00
     57.000    11.8108   3.763546    32.8451       3983     2.7652 0.0000e+00
     56.000    11.8138   3.763965    32.8469       4005     2.7806 0.0000e+00
     55.000    11.8166   3.764135    32.8465       4029     2.7972 0.0000e+00
     54.000    11.8145   3.763943    32.8469       4054     2.8145 0.0000e+00
     53.000    11.8226   3.764481    32.8454       4079     2.8319 0.0000e+00
     52.000    11.8230   3.764408    32.8447       4104     2.8491 0.0000e+00
     51.000    11.8255   3.764509    32.8440       4129     2.8668 0.0000e+00
     50.000    11.8296   3.764764    32.8432       4157     2.8859 0.0000e+00
     49.000    11.8381   3.765389    32.8422       4186     2.9059 0.0000e+00
     48.000    11.8446   3.765871    32.8416       4214     2.9254 0.0000e+00
     47.000    11.8412   3.765261    32.8391       4240     2.9436 0.0000e+00
     46.000    11.8451   3.765459    32.8380       4265     2.9610 0.0000e+00
     45.000    11.8512   3.765893    32.8372       4289     2.9776 0.0000e+00
     44.000    11.8578   3.766269    32.8355       4312     2.9935 0.0000e+00
     43.000    11.8700   3.766966    32.8319       4334     3.0090 0.0000e+00
     42.000    11.8806   3.767615    32.8293       4357     3.0247 0.0000e+00
     41.000    11.8873   3.768010    32.8276       4381     3.0418 0.0000e+00
     40.000    11.9038   3.768956    32.8227       4410     3.0617 0.0000e+00
     39.000    11.9153   3.769674    32.8199       4443     3.0844 0.0000e+00
     38.000    11.9288   3.770554    32.8170       4472     3.1050 0.0000e+00
     37.000    11.9515   3.771898    32.8104       4498     3.1229 0.0000e+00
     36.000    12.0127   3.777482    32.8110       4522     3.1394 0.0000e+00
     35.000    12.0421   3.779784    32.8078       4544     3.1547 0.0000e+00
     34.000    12.1427   3.788893    32.8078       4566     3.1699 0.0000e+00
     33.000    12.2745   3.801511    32.8142       4589     3.1861 0.0000e+00
     32.000    12.4355   3.816084    32.8135       4614     3.2035 0.0000e+00
     31.000    12.5295   3.826402    32.8305       4640     3.2216 0.0000e+00
     30.000    12.6064   3.834308    32.8393       4666     3.2397 0.0000e+00
     29.000    13.0202   3.872371    32.8412       4695     3.2599 0.0000e+00
     28.000    14.1578   3.983107    32.8955       4729     3.2830 0.0000e+00
     27.000    15.0192   4.082669    33.0732       4757     3.3029 0.0000e+00
     26.000    15.6087   4.145520    33.1409       4780     3.3191 0.0000e+00
     25.000    15.8296   4.172894    33.1996       4803     3.3344 0.0000e+00
     24.000    16.2464   4.217094    33.2419       4825     3.3498 0.0000e+00
     23.000    12.4407   4.455159    43.5509       4847     3.3651 0.0000e+00
     22.000    21.1061   4.793445    34.2043       4869     3.3806 0.0000e+00
     21.000    22.1342   4.918858    34.2784       4894     3.3982 0.0000e+00
     20.000    22.4042   4.959091    34.3797       4926     3.4199 0.0000e+00
     19.000    22.5929   4.984321    34.4272       4957     3.4419 0.0000e+00
     18.000    22.8146   5.013892    34.4820       4983     3.4600 0.0000e+00
     17.000    24.1301   5.169006    34.6363       5007     3.4767 0.0000e+00
     16.000    25.0744   5.298174    34.8711       5031     3.4931 0.0000e+00
     15.000    25.3072   5.331110    34.9354       5054     3.5091 0.0000e+00
     14.000    25.4191   5.346324    34.9617       5078     3.5257 0.0000e+00
     13.000    25.4290   5.344799    34.9431       5105     3.5444 0.0000e+00
     12.000    25.4749   5.347496    34.9280       5134     3.5646 0.0000e+00
     11.000    25.4926   5.347503    34.9148       5160     3.5829 0.0000e+00
     10.000    25.5256   5.347157    34.8873       5185     3.5998 0.0000e+00
      9.000    25.4999   5.334492    34.8143       5209     3.6164 0.0000e+00
      8.000    25.1011   5.252291    34.5124       5233     3.6333 0.0000e+00
      7.000    24.1064   4.984773    33.2737       5257     3.6501 0.0000e+00
      6.000    23.9822   4.940123    33.0323       5282     3.6675 0.0000e+00
      5.000    23.9611   4.934632    33.0070       5311     3.6874 0.0000e+00
      4.000    23.9642   4.933215    32.9945       5345     3.7113 0.0000e+00
      3.000    23.9646   4.933515    32.9967       5434     3.7728 0.0000e+00
