HB2304/ctd010.cnv
* Sea-Bird SBE 9 Data File:
* FileName = C:\cruise\data\ctd010.hex
* Software Version Seasave V 7.26.7.121
* Temperature SN = 4591
* Conductivity SN = 3741
* Number of Bytes Per Scan = 37
* Number of Voltage Words = 4
* Number of Scans Averaged by the Deck Unit = 1
* NMEA Latitude = 38 19.05 N
* NMEA Longitude = 073 56.02 W
* NMEA UTC (Time) = Sep 12 2023  09:50:04
* NMEA baud rate = 4800
** Ship: Bigelow HB2304
** Program:  Fall Bottom Trawl Survey
** Chief Scientist: John Galbraith
# nquan = 7
# nvalues = 131                         
# units = specified
# name 0 = depSM: Depth [salt water, m]
# name 1 = t090C: Temperature [ITS-90, deg C]
# name 2 = c0S/m: Conductivity [S/m]
# name 3 = sal00: Salinity, Practical [PSU]
# name 4 = scan: Scan Count
# name 5 = timeM: Time, Elapsed [minutes]
# name 6 = flag: flag
# span 0 =      1.000,     67.000       
# span 1 =     9.9058,    25.4381       
# span 2 =   3.612284,   4.951223       
# span 3 =    32.0213,    33.8585       
# span 4 =        125,       4611       
# span 5 =     0.0863,     3.2012       
# span 6 = 0.0000e+00, 0.0000e+00       
# interval = meters: 1                  
# start_time = Sep 12 2023 09:50:04 [NMEA time, header]
# bad_flag = -9.990e-29
*END*
      3.000    25.1812   4.930603    32.0948        125     0.0863 0.0000e+00
      4.000    25.1859   4.931355    32.0966        291     0.2017 0.0000e+00
      5.000    25.0916   4.926834    32.1304        329     0.2275 0.0000e+00
      6.000    23.1193   4.760497    32.3121        360     0.2492 0.0000e+00
      7.000    21.9389   4.659103    32.4062        387     0.2680 0.0000e+00
      8.000    21.0423   4.593128    32.5645        413     0.2864 0.0000e+00
      9.000    20.6643   4.581118    32.7581        443     0.3066 0.0000e+00
     10.000    20.1830   4.540235    32.8013        473     0.3276 0.0000e+00
     11.000    20.1745   4.542582    32.8264        500     0.3463 0.0000e+00
     12.000    20.2676   4.578337    33.0426        524     0.3634 0.0000e+00
     13.000    19.5390   4.502833    33.0000        549     0.3808 0.0000e+00
     14.000    18.9171   4.439969    32.9739        576     0.3990 0.0000e+00
     15.000    18.3824   4.389768    32.9816        602     0.4171 0.0000e+00
     16.000    18.4974   4.439070    33.3020        626     0.4342 0.0000e+00
     17.000    18.5225   4.470861    33.5487        650     0.4509 0.0000e+00
     18.000    18.4223   4.460706    33.5447        675     0.4682 0.0000e+00
     19.000    18.3589   4.464985    33.6322        701     0.4865 0.0000e+00
     20.000    17.8996   4.447083    33.8585        730     0.5060 0.0000e+00
     21.000    15.1707   4.161678    33.6549        759     0.5262 0.0000e+00
     22.000    13.2318   3.931127    33.2144        787     0.5460 0.0000e+00
     23.000    12.6130   3.862953    33.1096        814     0.5645 0.0000e+00
     24.000    12.0224   3.803866    33.0627        840     0.5826 0.0000e+00
     25.000    11.8024   3.781828    33.0438        865     0.5998 0.0000e+00
     26.000    11.7255   3.777048    33.0652        889     0.6165 0.0000e+00
     27.000    11.2343   3.734306    33.0849        913     0.6331 0.0000e+00
     28.000    10.8827   3.701183    33.0732        938     0.6506 0.0000e+00
     29.000    10.9409   3.712944    33.1370        965     0.6694 0.0000e+00
     30.000    10.6388   3.683399    33.1156        994     0.6899 0.0000e+00
     31.000    10.5729   3.675002    33.0910       1023     0.7095 0.0000e+00
     32.000    10.5695   3.673784    33.0814       1048     0.7269 0.0000e+00
     33.000    10.5621   3.672321    33.0730       1072     0.7441 0.0000e+00
     34.000    10.5599   3.672081    33.0721       1099     0.7625 0.0000e+00
     35.000    10.4597   3.666078    33.1025       1128     0.7829 0.0000e+00
     36.000    10.1976   3.641122    33.0894       1157     0.8031 0.0000e+00
     37.000    10.1204   3.631839    33.0656       1183     0.8208 0.0000e+00
     38.000    10.1009   3.629387    33.0581       1207     0.8374 0.0000e+00
     39.000    10.0481   3.623719    33.0484       1231     0.8539 0.0000e+00
     40.000    10.0044   3.618711    33.0371       1256     0.8712 0.0000e+00
     41.000     9.9945   3.617458    33.0330       1281     0.8892 0.0000e+00
     42.000     9.9874   3.616758    33.0320       1307     0.9071 0.0000e+00
     43.000     9.9851   3.616577    33.0317       1334     0.9256 0.0000e+00
     44.000     9.9829   3.616421    33.0317       1362     0.9452 0.0000e+00
     45.000     9.9789   3.616072    33.0314       1390     0.9649 0.0000e+00
     46.000     9.9776   3.615840    33.0297       1420     0.9855 0.0000e+00
     47.000     9.9776   3.615656    33.0275       1449     1.0058 0.0000e+00
     48.000     9.9776   3.615558    33.0260       1475     1.0236 0.0000e+00
     49.000     9.9785   3.615592    33.0251       1498     1.0398 0.0000e+00
     50.000     9.9788   3.615599    33.0244       1521     1.0557 0.0000e+00
     51.000     9.9802   3.615702    33.0237       1545     1.0725 0.0000e+00
     52.000     9.9864   3.616470    33.0255       1571     1.0903 0.0000e+00
     53.000     9.9888   3.616958    33.0278       1598     1.1088 0.0000e+00
     54.000    10.0542   3.624553    33.0447       1625     1.1276 0.0000e+00
     55.000    10.1014   3.632132    33.0778       1651     1.1458 0.0000e+00
     56.000    10.1067   3.633304    33.0845       1677     1.1637 0.0000e+00
     57.000    10.1327   3.636574    33.0934       1704     1.1828 0.0000e+00
     58.000    10.1286   3.636932    33.1003       1735     1.2044 0.0000e+00
     59.000    10.0551   3.630787    33.1048       1768     1.2269 0.0000e+00
     60.000     9.9971   3.625351    33.1023       1795     1.2461 0.0000e+00
     61.000     9.9423   3.621311    33.1111       1818     1.2621 0.0000e+00
     62.000     9.9058   3.619205    33.1227       1840     1.2769 0.0000e+00
     63.000     9.9409   3.624937    33.1483       1861     1.2916 0.0000e+00
     64.000    10.0042   3.634649    33.1884       1883     1.3068 0.0000e+00
     65.000    10.0336   3.638901    33.2042       1908     1.3240 0.0000e+00
     66.000    10.0410   3.640127    33.2094       1938     1.3450 0.0000e+00
     67.000    10.0446   3.640294    33.2073       2263     1.5709 0.0000e+00
     66.000    10.0375   3.639044    33.2016       2586     1.7950 0.0000e+00
     65.000    10.0412   3.639483    33.2031       2577     1.7889 0.0000e+00
     64.000    10.0322   3.638302    33.1999       2601     1.8057 0.0000e+00
     63.000     9.9780   3.631111    33.1770       2629     1.8253 0.0000e+00
     62.000     9.9241   3.621643    33.1307       2654     1.8426 0.0000e+00
     61.000     9.9181   3.618593    33.1056       2678     1.8587 0.0000e+00
     60.000     9.9725   3.621581    33.0866       2701     1.8747 0.0000e+00
     59.000    10.0176   3.625253    33.0830       2725     1.8915 0.0000e+00
     58.000    10.0788   3.630417    33.0798       2751     1.9097 0.0000e+00
     57.000    10.1352   3.635840    33.0837       2778     1.9287 0.0000e+00
     56.000    10.1306   3.635244    33.0823       2806     1.9478 0.0000e+00
     55.000    10.1019   3.631692    33.0730       2832     1.9662 0.0000e+00
     54.000    10.0768   3.628213    33.0611       2858     1.9838 0.0000e+00
     53.000    10.0303   3.621564    33.0366       2882     2.0008 0.0000e+00
     52.000     9.9985   3.616577    33.0155       2906     2.0171 0.0000e+00
     51.000     9.9891   3.614963    33.0081       2928     2.0330 0.0000e+00
     50.000     9.9817   3.613845    33.0040       2953     2.0500 0.0000e+00
     49.000     9.9795   3.613330    33.0012       2981     2.0695 0.0000e+00
     48.000     9.9791   3.613154    33.0003       3011     2.0900 0.0000e+00
     47.000     9.9787   3.613033    32.9998       3037     2.1083 0.0000e+00
     46.000     9.9785   3.612892    32.9991       3061     2.1250 0.0000e+00
     45.000     9.9790   3.612736    32.9974       3084     2.1412 0.0000e+00
     44.000     9.9783   3.612634    32.9974       3109     2.1583 0.0000e+00
     43.000     9.9798   3.612582    32.9961       3135     2.1763 0.0000e+00
     42.000     9.9838   3.612585    32.9929       3160     2.1941 0.0000e+00
     41.000     9.9862   3.612415    32.9894       3185     2.2111 0.0000e+00
     40.000     9.9892   3.612284    32.9857       3210     2.2285 0.0000e+00
     39.000    10.0002   3.612890    32.9823       3236     2.2468 0.0000e+00
     38.000    10.0235   3.614856    32.9814       3264     2.2661 0.0000e+00
     37.000    10.0745   3.619831    32.9858       3292     2.2856 0.0000e+00
     36.000    10.1227   3.624748    32.9921       3318     2.3036 0.0000e+00
     35.000    10.1613   3.628384    32.9942       3343     2.3206 0.0000e+00
     34.000    10.2768   3.638930    32.9960       3367     2.3374 0.0000e+00
     33.000    10.4758   3.657032    32.9979       3391     2.3543 0.0000e+00
     32.000    10.5481   3.663964    33.0023       3416     2.3715 0.0000e+00
     31.000    10.6027   3.667911    32.9929       3442     2.3894 0.0000e+00
     30.000    10.6120   3.668126    32.9871       3467     2.4073 0.0000e+00
     29.000    10.6060   3.667264    32.9843       3493     2.4249 0.0000e+00
     28.000    10.6735   3.672057    32.9717       3518     2.4426 0.0000e+00
     27.000    10.8955   3.692964    32.9803       3545     2.4612 0.0000e+00
     26.000    10.9465   3.688731    32.8929       3573     2.4807 0.0000e+00
     25.000    11.5123   3.737003    32.8640       3600     2.4994 0.0000e+00
     24.000    11.8367   3.766698    32.8667       3626     2.5175 0.0000e+00
     23.000    12.0095   3.781231    32.8555       3652     2.5356 0.0000e+00
     22.000    12.3647   3.808173    32.8037       3678     2.5532 0.0000e+00
     21.000    13.0419   3.877505    32.8741       3703     2.5705 0.0000e+00
     20.000    13.8511   3.956731    32.9174       3727     2.5876 0.0000e+00
     19.000    16.2897   4.210342    33.1446       3751     2.6044 0.0000e+00
     18.000    17.9739   4.407741    33.4632       3776     2.6214 0.0000e+00
     17.000    18.2885   4.428492    33.3827       3800     2.6385 0.0000e+00
     16.000    18.4288   4.439534    33.3621       3825     2.6557 0.0000e+00
     15.000    18.5107   4.438376    33.2863       3853     2.6749 0.0000e+00
     14.000    18.3259   4.366687    32.8334       3885     2.6970 0.0000e+00
     13.000    18.9516   4.418167    32.7659       3916     2.7187 0.0000e+00
     12.000    19.8617   4.511405    32.8169       3943     2.7376 0.0000e+00
     11.000    20.3219   4.566864    32.9080       3967     2.7543 0.0000e+00
     10.000    20.2235   4.538478    32.7555       3990     2.7701 0.0000e+00
      9.000    20.4014   4.537270    32.6088       4013     2.7860 0.0000e+00
      8.000    20.7734   4.560051    32.5065       4036     2.8022 0.0000e+00
      7.000    21.4473   4.586793    32.2097       4060     2.8190 0.0000e+00
      6.000    22.5653   4.676314    32.0755       4086     2.8370 0.0000e+00
      5.000    23.0115   4.723925    32.1134       4114     2.8560 0.0000e+00
      4.000    23.2825   4.749269    32.1086       4141     2.8749 0.0000e+00
      3.000    24.0690   4.813164    32.0213       4168     2.8936 0.0000e+00
      2.000    25.4381   4.951223    32.0649       4510     3.1310 0.0000e+00
      1.000    25.1795   4.926784    32.0687       4611     3.2012 0.0000e+00
