HB2304/ctd055.cnv
* Sea-Bird SBE 9 Data File:
* FileName = C:\cruise\data\ctd055.hex
* Software Version Seasave V 7.26.7.121
* Temperature SN = 4591
* Conductivity SN = 3741
* Number of Bytes Per Scan = 37
* Number of Voltage Words = 4
* Number of Scans Averaged by the Deck Unit = 1
* NMEA Latitude = 36 15.43 N
* NMEA Longitude = 075 39.65 W
* NMEA UTC (Time) = Sep 21 2023  10:55:35
* NMEA baud rate = 4800
** Ship: Bigelow HB2304
** Program:  Fall Bottom Trawl Survey
** Chief Scientist: John Galbraith
# nquan = 7
# nvalues = 31                          
# units = specified
# name 0 = depSM: Depth [salt water, m]
# name 1 = t090C: Temperature [ITS-90, deg C]
# name 2 = c0S/m: Conductivity [S/m]
# name 3 = sal00: Salinity, Practical [PSU]
# name 4 = scan: Scan Count
# name 5 = timeM: Time, Elapsed [minutes]
# name 6 = flag: flag
# span 0 =      1.000,     17.000       
# span 1 =    23.5752,    24.2306       
# span 2 =   4.469972,   4.752982       
# span 3 =    29.8084,    31.5506       
# span 4 =        252,       2799       
# span 5 =     0.1745,     1.9433       
# span 6 = 0.0000e+00, 0.0000e+00       
# interval = meters: 1                  
# start_time = Sep 21 2023 10:55:35 [NMEA time, header]
# bad_flag = -9.990e-29
*END*
      3.000    24.0437   4.603121    30.4788        252     0.1745 0.0000e+00
      4.000    24.1036   4.620745    30.5681        585     0.4057 0.0000e+00
      5.000    24.2265   4.659086    30.7670        646     0.4479 0.0000e+00
      6.000    24.2274   4.660175    30.7741        719     0.4987 0.0000e+00
      7.000    24.2251   4.660085    30.7748        770     0.5338 0.0000e+00
      8.000    24.2225   4.660063    30.7761        814     0.5649 0.0000e+00
      9.000    24.2243   4.660590    30.7785        862     0.5980 0.0000e+00
     10.000    24.2259   4.662046    30.7878        904     0.6268 0.0000e+00
     11.000    24.2302   4.681429    30.9278        937     0.6497 0.0000e+00
     12.000    24.2129   4.715775    31.1935        969     0.6722 0.0000e+00
     13.000    24.1873   4.742153    31.4064       1007     0.6986 0.0000e+00
     14.000    24.1682   4.752611    31.4970       1050     0.7282 0.0000e+00
     15.000    24.1451   4.750918    31.5004       1093     0.7580 0.0000e+00
     16.000    24.1383   4.751574    31.5098       1131     0.7845 0.0000e+00
     17.000    24.0948   4.752982    31.5506       1995     1.3848 0.0000e+00
     16.000    24.1261   4.751989    31.5215       2160     1.4992 0.0000e+00
     15.000    24.1431   4.750842    31.5013       2102     1.4591 0.0000e+00
     14.000    24.1612   4.751655    31.4948       2124     1.4741 0.0000e+00
     13.000    24.1796   4.748002    31.4551       2149     1.4914 0.0000e+00
     12.000    24.2042   4.727403    31.2856       2180     1.5131 0.0000e+00
     11.000    24.2260   4.693774    31.0219       2214     1.5366 0.0000e+00
     10.000    24.2279   4.681317    30.9288       2242     1.5559 0.0000e+00
      9.000    24.2272   4.669949    30.8456       2266     1.5726 0.0000e+00
      8.000    24.2245   4.663137    30.7974       2288     1.5884 0.0000e+00
      7.000    24.2258   4.661124    30.7819       2312     1.6050 0.0000e+00
      6.000    24.2291   4.660827    30.7778       2338     1.6230 0.0000e+00
      5.000    24.2306   4.660718    30.7762       2364     1.6412 0.0000e+00
      4.000    24.2305   4.659765    30.7696       2389     1.6584 0.0000e+00
      3.000    24.0883   4.616185    30.5446       2548     1.7687 0.0000e+00
      2.000    23.8237   4.532083    30.1026       2779     1.9291 0.0000e+00
      1.000    23.5752   4.469972    29.8084       2799     1.9433 0.0000e+00
