HB2304/ctd021.cnv
* Sea-Bird SBE 9 Data File:
* FileName = C:\cruise\data\ctd021.hex
* Software Version Seasave V 7.26.7.121
* Temperature SN = 4591
* Conductivity SN = 3741
* Number of Bytes Per Scan = 37
* Number of Voltage Words = 4
* Number of Scans Averaged by the Deck Unit = 1
* NMEA Latitude = 36 46.15 N
* NMEA Longitude = 075 40.23 W
* NMEA UTC (Time) = Sep 14 2023  12:35:59
* NMEA baud rate = 4800
** Ship: Bigelow HB2304
** Program:  Fall Bottom Trawl Survey
** Chief Scientist: John Galbraith
# nquan = 7
# nvalues = 33                          
# units = specified
# name 0 = depSM: Depth [salt water, m]
# name 1 = t090C: Temperature [ITS-90, deg C]
# name 2 = c0S/m: Conductivity [S/m]
# name 3 = sal00: Salinity, Practical [PSU]
# name 4 = scan: Scan Count
# name 5 = timeM: Time, Elapsed [minutes]
# name 6 = flag: flag
# span 0 =      1.000,     18.000       
# span 1 =    22.7502,    25.6009       
# span 2 =   4.654966,   4.823649       
# span 3 =    31.0054,    31.7985       
# span 4 =        107,       2750       
# span 5 =     0.0733,     1.9092       
# span 6 = 0.0000e+00, 0.0000e+00       
# interval = meters: 1                  
# start_time = Sep 14 2023 12:35:59 [NMEA time, header]
# bad_flag = -9.990e-29
*END*
      3.000    25.5986   4.822896    31.0249        107     0.0733 0.0000e+00
      4.000    25.6004   4.823436    31.0272        454     0.3144 0.0000e+00
      5.000    25.6009   4.823649    31.0281        505     0.3499 0.0000e+00
      6.000    25.5999   4.823628    31.0284        560     0.3884 0.0000e+00
      7.000    25.5966   4.823627    31.0303        612     0.4243 0.0000e+00
      8.000    25.5817   4.823071    31.0362        639     0.4428 0.0000e+00
      9.000    25.5814   4.823103    31.0364        664     0.4602 0.0000e+00
     10.000    25.4266   4.816030    31.0905        697     0.4831 0.0000e+00
     11.000    25.0185   4.796834    31.2322        746     0.5173 0.0000e+00
     12.000    22.9438   4.676431    31.7985        786     0.5450 0.0000e+00
     13.000    22.8553   4.664598    31.7726        815     0.5651 0.0000e+00
     14.000    22.8320   4.661691    31.7669        842     0.5837 0.0000e+00
     15.000    22.8048   4.659707    31.7712        875     0.6071 0.0000e+00
     16.000    22.7723   4.658481    31.7850        928     0.6436 0.0000e+00
     17.000    22.7502   4.657611    31.7941        987     0.6847 0.0000e+00
     18.000    22.7543   4.656315    31.7809       1302     0.9035 0.0000e+00
     17.000    22.7522   4.654966    31.7725       1921     1.3332 0.0000e+00
     16.000    22.7713   4.655303    31.7615       2020     1.4024 0.0000e+00
     15.000    22.8064   4.655655    31.7391       2046     1.4199 0.0000e+00
     14.000    22.8297   4.656673    31.7303       2069     1.4358 0.0000e+00
     13.000    22.8498   4.657953    31.7258       2090     1.4508 0.0000e+00
     12.000    22.9026   4.660339    31.7062       2113     1.4667 0.0000e+00
     11.000    24.4358   4.738874    31.2105       2138     1.4838 0.0000e+00
     10.000    25.3968   4.802765    31.0148       2163     1.5015 0.0000e+00
      9.000    25.5221   4.813215    31.0054       2191     1.5208 0.0000e+00
      8.000    25.5563   4.816900    31.0090       2224     1.5439 0.0000e+00
      7.000    25.5632   4.818196    31.0139       2256     1.5658 0.0000e+00
      6.000    25.5761   4.819046    31.0116       2282     1.5840 0.0000e+00
      5.000    25.5857   4.819870    31.0113       2308     1.6021 0.0000e+00
      4.000    25.5854   4.820252    31.0145       2332     1.6185 0.0000e+00
      3.000    25.5865   4.820359    31.0148       2352     1.6326 0.0000e+00
      2.000    25.5999   4.822556    31.0218       2684     1.8630 0.0000e+00
      1.000    25.5955   4.822362    31.0237       2750     1.9092 0.0000e+00
