HB2304/ctd072.cnv
* Sea-Bird SBE 9 Data File:
* FileName = C:\cruise\data\ctd072.hex
* Software Version Seasave V 7.26.7.121
* Temperature SN = 4591
* Conductivity SN = 3741
* Number of Bytes Per Scan = 37
* Number of Voltage Words = 4
* Number of Scans Averaged by the Deck Unit = 1
* NMEA Latitude = 41 14.69 N
* NMEA Longitude = 071 31.86 W
* NMEA UTC (Time) = Oct 06 2023  05:22:09
* NMEA baud rate = 4800
** Ship: Bigelow HB2304
** Program:  Fall Bottom Trawl Survey
** Chief Scientist: John Galbraith
# nquan = 7
# nvalues = 36                          
# units = specified
# name 0 = depSM: Depth [salt water, m]
# name 1 = t090C: Temperature [ITS-90, deg C]
# name 2 = c0S/m: Conductivity [S/m]
# name 3 = sal00: Salinity, Practical [PSU]
# name 4 = scan: Scan Count
# name 5 = timeM: Time, Elapsed [minutes]
# name 6 = flag: flag
# span 0 =      2.000,     20.000       
# span 1 =    17.1754,    18.0178       
# span 2 =   4.105215,   4.133429       
# span 3 =    31.1181,    31.5247       
# span 4 =        146,       2036       
# span 5 =     0.1004,     1.4130       
# span 6 = 0.0000e+00, 0.0000e+00       
# interval = meters: 1                  
# start_time = Oct 06 2023 05:22:09 [NMEA time, header]
# bad_flag = -9.990e-29
*END*
      3.000    18.0178   4.133429    31.1181        146     0.1004 0.0000e+00
      4.000    17.8345   4.126856    31.2022        277     0.1917 0.0000e+00
      5.000    17.7038   4.121604    31.2577        306     0.2116 0.0000e+00
      6.000    17.5457   4.114332    31.3173        331     0.2295 0.0000e+00
      7.000    17.5032   4.112512    31.3342        357     0.2469 0.0000e+00
      8.000    17.4718   4.111679    31.3511        383     0.2651 0.0000e+00
      9.000    17.4228   4.110368    31.3775        410     0.2840 0.0000e+00
     10.000    17.3752   4.109680    31.4082        436     0.3023 0.0000e+00
     11.000    17.3616   4.109437    31.4162        460     0.3188 0.0000e+00
     12.000    17.3517   4.109301    31.4224        483     0.3350 0.0000e+00
     13.000    17.3288   4.108988    31.4372        508     0.3524 0.0000e+00
     14.000    17.3066   4.108514    31.4500        535     0.3709 0.0000e+00
     15.000    17.2938   4.108206    31.4569        564     0.3912 0.0000e+00
     16.000    17.2811   4.107905    31.4639        595     0.4122 0.0000e+00
     17.000    17.2717   4.107716    31.4693        621     0.4308 0.0000e+00
     18.000    17.2536   4.107292    31.4794        646     0.4478 0.0000e+00
     19.000    17.1754   4.105509    31.5247        670     0.4645 0.0000e+00
     20.000    17.1946   4.105215    31.5068       1230     0.8533 0.0000e+00
     19.000    17.2159   4.105848    31.4960       1540     1.0686 0.0000e+00
     18.000    17.2334   4.106262    31.4863       1560     1.0824 0.0000e+00
     17.000    17.2443   4.106440    31.4797       1587     1.1012 0.0000e+00
     16.000    17.2469   4.106502    31.4785       1613     1.1192 0.0000e+00
     15.000    17.2568   4.106619    31.4722       1638     1.1367 0.0000e+00
     14.000    17.2833   4.107056    31.4557       1663     1.1545 0.0000e+00
     13.000    17.2834   4.107104    31.4564       1690     1.1733 0.0000e+00
     12.000    17.3269   4.107681    31.4279       1718     1.1921 0.0000e+00
     11.000    17.3378   4.107857    31.4213       1743     1.2099 0.0000e+00
     10.000    17.3604   4.108033    31.4056       1768     1.2267 0.0000e+00
      9.000    17.3884   4.108333    31.3868       1791     1.2428 0.0000e+00
      8.000    17.4623   4.109591    31.3406       1813     1.2584 0.0000e+00
      7.000    17.5026   4.110613    31.3186       1838     1.2754 0.0000e+00
      6.000    17.5643   4.112649    31.2887       1864     1.2940 0.0000e+00
      5.000    17.7162   4.118637    31.2230       1890     1.3120 0.0000e+00
      4.000    17.8376   4.124110    31.1767       1919     1.3316 0.0000e+00
      3.000    17.8491   4.125579    31.1806       1950     1.3533 0.0000e+00
      2.000    17.8462   4.125599    31.1834       2036     1.4130 0.0000e+00
