HB2304/ctd027.cnv
* Sea-Bird SBE 9 Data File:
* FileName = C:\cruise\data\ctd027.hex
* Software Version Seasave V 7.26.7.121
* Temperature SN = 4591
* Conductivity SN = 3741
* Number of Bytes Per Scan = 37
* Number of Voltage Words = 4
* Number of Scans Averaged by the Deck Unit = 1
* NMEA Latitude = 36 30.51 N
* NMEA Longitude = 074 46.30 W
* NMEA UTC (Time) = Sep 17 2023  21:37:45
* NMEA baud rate = 4800
** Ship: Bigelow HB2304
** Program:  Fall Bottom Trawl Survey
** Chief Scientist: John Galbraith
# nquan = 7
# nvalues = 174                         
# units = specified
# name 0 = depSM: Depth [salt water, m]
# name 1 = t090C: Temperature [ITS-90, deg C]
# name 2 = c0S/m: Conductivity [S/m]
# name 3 = sal00: Salinity, Practical [PSU]
# name 4 = scan: Scan Count
# name 5 = timeM: Time, Elapsed [minutes]
# name 6 = flag: flag
# span 0 =      2.000,     89.000       
# span 1 =    11.0017,    23.7628       
# span 2 =   3.700718,   4.855490       
# span 3 =    32.1423,    33.4146       
# span 4 =        187,       6222       
# span 5 =     0.1294,     4.3204       
# span 6 = 0.0000e+00, 0.0000e+00       
# interval = meters: 1                  
# start_time = Sep 17 2023 21:37:45 [NMEA time, header]
# bad_flag = -9.990e-29
*END*
      3.000    23.6939   4.805527    32.2344        187     0.1294 0.0000e+00
      4.000    23.6587   4.808457    32.2816        398     0.2755 0.0000e+00
      5.000    23.6217   4.810291    32.3222        429     0.2969 0.0000e+00
      6.000    23.3832   4.824801    32.6061        453     0.3137 0.0000e+00
      7.000    23.3625   4.824488    32.6187        475     0.3291 0.0000e+00
      8.000    23.3515   4.824009    32.6228        499     0.3455 0.0000e+00
      9.000    23.3441   4.823091    32.6211        525     0.3640 0.0000e+00
     10.000    23.3191   4.819902    32.6150        553     0.3836 0.0000e+00
     11.000    23.2876   4.816484    32.6120        581     0.4029 0.0000e+00
     12.000    23.2704   4.826270    32.6987        607     0.4210 0.0000e+00
     13.000    23.2512   4.830609    32.7456        632     0.4382 0.0000e+00
     14.000    23.1750   4.838085    32.8589        656     0.4551 0.0000e+00
     15.000    22.9078   4.831637    33.0093        683     0.4739 0.0000e+00
     16.000    22.7972   4.831137    33.0885        715     0.4956 0.0000e+00
     17.000    22.9010   4.855490    33.1965        745     0.5166 0.0000e+00
     18.000    22.4709   4.841343    33.4146        771     0.5345 0.0000e+00
     19.000    21.3678   4.725009    33.3543        794     0.5505 0.0000e+00
     20.000    18.5389   4.441019    33.2836        816     0.5659 0.0000e+00
     21.000    17.1860   4.312052    33.2896        841     0.5833 0.0000e+00
     22.000    16.1196   4.187465    33.0873        870     0.6035 0.0000e+00
     23.000    15.5048   4.115976    32.9651        898     0.6231 0.0000e+00
     24.000    15.7040   4.135179    32.9695        925     0.6413 0.0000e+00
     25.000    15.7672   4.150373    33.0517        950     0.6591 0.0000e+00
     26.000    15.4640   4.119239    33.0277        976     0.6768 0.0000e+00
     27.000    14.6890   4.042349    32.9865       1003     0.6961 0.0000e+00
     28.000    13.9223   3.958533    32.8708       1032     0.7158 0.0000e+00
     29.000    13.8399   3.949113    32.8536       1057     0.7336 0.0000e+00
     30.000    13.7476   3.939961    32.8474       1082     0.7510 0.0000e+00
     31.000    13.6445   3.929117    32.8345       1109     0.7691 0.0000e+00
     32.000    13.4304   3.908834    32.8287       1135     0.7878 0.0000e+00
     33.000    13.0380   3.871655    32.8174       1162     0.8063 0.0000e+00
     34.000    12.5599   3.826183    32.8006       1187     0.8238 0.0000e+00
     35.000    12.5488   3.823139    32.7809       1211     0.8402 0.0000e+00
     36.000    12.5637   3.824260    32.7781       1236     0.8575 0.0000e+00
     37.000    12.5240   3.820835    32.7796       1265     0.8780 0.0000e+00
     38.000    12.4282   3.812071    32.7790       1297     0.8999 0.0000e+00
     39.000    12.4744   3.817341    32.7886       1325     0.9193 0.0000e+00
     40.000    12.5672   3.827479    32.8042       1349     0.9361 0.0000e+00
     41.000    12.7460   3.847727    32.8409       1371     0.9517 0.0000e+00
     42.000    12.8999   3.869714    32.9153       1395     0.9679 0.0000e+00
     43.000    12.8345   3.865615    32.9329       1421     0.9863 0.0000e+00
     44.000    12.7945   3.878844    33.0932       1450     1.0063 0.0000e+00
     45.000    11.7925   3.778719    33.0138       1479     1.0262 0.0000e+00
     46.000    11.6358   3.758641    32.9570       1505     1.0443 0.0000e+00
     47.000    11.5666   3.751186    32.9452       1528     1.0607 0.0000e+00
     48.000    11.5405   3.747723    32.9342       1552     1.0774 0.0000e+00
     49.000    11.5341   3.746571    32.9282       1579     1.0962 0.0000e+00
     50.000    11.5318   3.745978    32.9240       1609     1.1164 0.0000e+00
     51.000    11.5322   3.745739    32.9208       1638     1.1366 0.0000e+00
     52.000    11.5309   3.745478    32.9191       1663     1.1543 0.0000e+00
     53.000    11.5311   3.745465    32.9183       1686     1.1704 0.0000e+00
     54.000    11.5290   3.745571    32.9208       1710     1.1866 0.0000e+00
     55.000    11.5085   3.744032    32.9235       1735     1.2040 0.0000e+00
     56.000    11.4936   3.742328    32.9197       1762     1.2226 0.0000e+00
     57.000    11.4710   3.741216    32.9285       1791     1.2427 0.0000e+00
     58.000    11.4416   3.738614    32.9287       1819     1.2624 0.0000e+00
     59.000    11.4373   3.738913    32.9350       1844     1.2801 0.0000e+00
     60.000    11.4133   3.737428    32.9414       1869     1.2974 0.0000e+00
     61.000    11.3943   3.737513    32.9588       1896     1.3161 0.0000e+00
     62.000    11.3347   3.732490    32.9622       1924     1.3358 0.0000e+00
     63.000    11.3396   3.732920    32.9616       1950     1.3538 0.0000e+00
     64.000    11.3369   3.732911    32.9635       1974     1.3699 0.0000e+00
     65.000    11.3118   3.730990    32.9667       1997     1.3862 0.0000e+00
     66.000    11.2815   3.728391    32.9677       2024     1.4049 0.0000e+00
     67.000    11.2477   3.725064    32.9648       2054     1.4260 0.0000e+00
     68.000    11.2135   3.721818    32.9629       2085     1.4471 0.0000e+00
     69.000    11.2054   3.720838    32.9600       2113     1.4664 0.0000e+00
     70.000    11.1955   3.719991    32.9602       2138     1.4840 0.0000e+00
     71.000    11.1528   3.716199    32.9605       2163     1.5011 0.0000e+00
     72.000    11.0311   3.704993    32.9583       2188     1.5187 0.0000e+00
     73.000    11.0130   3.703033    32.9548       2216     1.5382 0.0000e+00
     74.000    11.0173   3.703355    32.9536       2244     1.5577 0.0000e+00
     75.000    11.0234   3.703989    32.9540       2269     1.5748 0.0000e+00
     76.000    11.0289   3.704559    32.9543       2293     1.5916 0.0000e+00
     77.000    11.0487   3.706813    32.9584       2318     1.6088 0.0000e+00
     78.000    11.0366   3.706404    32.9648       2345     1.6281 0.0000e+00
     79.000    11.0252   3.705186    32.9625       2379     1.6516 0.0000e+00
     80.000    11.0610   3.709991    32.9776       2410     1.6732 0.0000e+00
     81.000    11.0790   3.712465    32.9854       2435     1.6903 0.0000e+00
     82.000    11.0862   3.713733    32.9911       2458     1.7064 0.0000e+00
     83.000    11.0887   3.714121    32.9923       2481     1.7224 0.0000e+00
     84.000    11.0924   3.715045    32.9976       2507     1.7399 0.0000e+00
     85.000    11.0723   3.714345    33.0084       2553     1.7724 0.0000e+00
     86.000    11.0598   3.713886    33.0146       2588     1.7968 0.0000e+00
     87.000    11.0575   3.714925    33.0265       2613     1.8136 0.0000e+00
     88.000    11.0619   3.716702    33.0397       2638     1.8312 0.0000e+00
     89.000    11.1422   3.732554    33.1237       3152     2.1882 0.0000e+00
     88.000    11.2420   3.750244    33.2090       3764     2.6133 0.0000e+00
     87.000    11.2301   3.748406    33.2020       3761     2.6112 0.0000e+00
     86.000    11.1794   3.740054    33.1657       3788     2.6300 0.0000e+00
     85.000    11.0963   3.724656    33.0887       3813     2.6474 0.0000e+00
     84.000    11.0673   3.717330    33.0428       3836     2.6631 0.0000e+00
     83.000    11.0633   3.715250    33.0262       3859     2.6789 0.0000e+00
     82.000    11.0676   3.713539    33.0059       3885     2.6972 0.0000e+00
     81.000    11.0793   3.713381    32.9943       3916     2.7186 0.0000e+00
     80.000    11.0815   3.712996    32.9889       3946     2.7399 0.0000e+00
     79.000    11.0806   3.712635    32.9865       3972     2.7579 0.0000e+00
     78.000    11.0819   3.712441    32.9839       3996     2.7745 0.0000e+00
     77.000    11.0599   3.709215    32.9722       4021     2.7915 0.0000e+00
     76.000    11.0459   3.706301    32.9563       4048     2.8102 0.0000e+00
     75.000    11.0498   3.706422    32.9544       4075     2.8293 0.0000e+00
     74.000    11.0266   3.703926    32.9510       4100     2.8468 0.0000e+00
     73.000    11.0017   3.700718    32.9420       4125     2.8638 0.0000e+00
     72.000    11.0169   3.701311    32.9346       4151     2.8820 0.0000e+00
     71.000    11.1061   3.708876    32.9300       4179     2.9016 0.0000e+00
     70.000    11.1619   3.714608    32.9371       4206     2.9205 0.0000e+00
     69.000    11.1801   3.716239    32.9374       4231     2.9378 0.0000e+00
     68.000    11.1907   3.717211    32.9379       4257     2.9554 0.0000e+00
     67.000    11.2101   3.719064    32.9392       4282     2.9733 0.0000e+00
     66.000    11.2386   3.721703    32.9402       4309     2.9913 0.0000e+00
     65.000    11.2856   3.726213    32.9430       4336     3.0101 0.0000e+00
     64.000    11.3055   3.728011    32.9434       4364     3.0295 0.0000e+00
     63.000    11.3154   3.728748    32.9422       4391     3.0486 0.0000e+00
     62.000    11.3188   3.729069    32.9428       4416     3.0661 0.0000e+00
     61.000    11.3109   3.728065    32.9403       4439     3.0822 0.0000e+00
     60.000    11.3182   3.728125    32.9348       4462     3.0979 0.0000e+00
     59.000    11.3792   3.732755    32.9264       4487     3.1155 0.0000e+00
     58.000    11.4182   3.734729    32.9114       4517     3.1358 0.0000e+00
     57.000    11.4340   3.735296    32.9034       4548     3.1575 0.0000e+00
     56.000    11.4416   3.735666    32.9006       4575     3.1766 0.0000e+00
     55.000    11.4791   3.738162    32.8921       4598     3.1926 0.0000e+00
     54.000    11.4867   3.738799    32.8921       4620     3.2077 0.0000e+00
     53.000    11.5034   3.739993    32.8894       4643     3.2233 0.0000e+00
     52.000    11.5214   3.741494    32.8885       4667     3.2405 0.0000e+00
     51.000    11.5264   3.741452    32.8841       4696     3.2601 0.0000e+00
     50.000    11.5292   3.741607    32.8835       4726     3.2813 0.0000e+00
     49.000    11.5313   3.741752    32.8834       4753     3.3002 0.0000e+00
     48.000    11.5347   3.741986    32.8832       4776     3.3162 0.0000e+00
     47.000    11.5386   3.742316    32.8834       4799     3.3316 0.0000e+00
     46.000    11.5490   3.743251    32.8837       4822     3.3477 0.0000e+00
     45.000    11.5859   3.746455    32.8827       4848     3.3660 0.0000e+00
     44.000    11.6960   3.756020    32.8788       4878     3.3869 0.0000e+00
     43.000    12.3612   3.819155    32.9032       4908     3.4077 0.0000e+00
     42.000    12.8748   3.870486    32.9446       4933     3.4247 0.0000e+00
     41.000    12.8144   3.857766    32.8768       4955     3.4400 0.0000e+00
     40.000    12.7604   3.849408    32.8448       4976     3.4548 0.0000e+00
     39.000    12.6059   3.829254    32.7879       4999     3.4709 0.0000e+00
     38.000    12.5087   3.816799    32.7540       5027     3.4900 0.0000e+00
     37.000    12.4552   3.809898    32.7350       5060     3.5129 0.0000e+00
     36.000    12.4302   3.805425    32.7144       5088     3.5325 0.0000e+00
     35.000    12.5379   3.813725    32.7005       5110     3.5480 0.0000e+00
     34.000    12.5540   3.816102    32.7096       5131     3.5627 0.0000e+00
     33.000    12.5422   3.814572    32.7056       5153     3.5781 0.0000e+00
     32.000    12.5718   3.815358    32.6878       5179     3.5955 0.0000e+00
     31.000    13.1279   3.862763    32.6568       5210     3.6171 0.0000e+00
     30.000    13.4524   3.896874    32.6987       5239     3.6378 0.0000e+00
     29.000    13.6419   3.916260    32.7177       5263     3.6544 0.0000e+00
     28.000    13.7932   3.930045    32.7170       5286     3.6700 0.0000e+00
     27.000    13.9191   3.942420    32.7248       5309     3.6862 0.0000e+00
     26.000    14.4570   3.990924    32.7147       5336     3.7049 0.0000e+00
     25.000    15.3345   4.084663    32.8270       5367     3.7261 0.0000e+00
     24.000    15.5158   4.108218    32.8866       5393     3.7444 0.0000e+00
     23.000    15.7692   4.132464    32.8917       5415     3.7595 0.0000e+00
     22.000    16.2234   4.183954    32.9701       5435     3.7739 0.0000e+00
     21.000    16.4343   4.208098    33.0080       5459     3.7903 0.0000e+00
     20.000    16.5263   4.217857    33.0177       5488     3.8106 0.0000e+00
     19.000    17.3862   4.292850    32.9615       5519     3.8323 0.0000e+00
     18.000    18.4366   4.394079    32.9735       5547     3.8515 0.0000e+00
     17.000    20.2863   4.557692    32.8574       5571     3.8681 0.0000e+00
     16.000    22.0800   4.763161    33.1066       5594     3.8838 0.0000e+00
     15.000    22.6592   4.819566    33.1042       5618     3.9005 0.0000e+00
     14.000    22.7860   4.823383    33.0380       5644     3.9188 0.0000e+00
     13.000    22.7919   4.811923    32.9460       5672     3.9384 0.0000e+00
     12.000    23.1045   4.812984    32.7208       5700     3.9575 0.0000e+00
     11.000    23.1990   4.811638    32.6407       5725     3.9747 0.0000e+00
     10.000    23.2458   4.805568    32.5604       5748     3.9908 0.0000e+00
      9.000    23.2992   4.808474    32.5433       5772     4.0078 0.0000e+00
      8.000    23.3230   4.812059    32.5533       5800     4.0269 0.0000e+00
      7.000    23.3414   4.812651    32.5446       5830     4.0477 0.0000e+00
      6.000    23.3809   4.812721    32.5163       5858     4.0671 0.0000e+00
      5.000    23.4400   4.811060    32.4607       5881     4.0830 0.0000e+00
      4.000    23.5593   4.805290    32.3301       5902     4.0980 0.0000e+00
      3.000    23.6089   4.802696    32.2748       5927     4.1150 0.0000e+00
      2.000    23.7628   4.799893    32.1423       6222     4.3204 0.0000e+00
