HB2304/ctd003.cnv
* Sea-Bird SBE 9 Data File:
* FileName = C:\cruise\data\ctd003.hex
* Software Version Seasave V 7.26.7.121
* Temperature SN = 4591
* Conductivity SN = 3741
* Number of Bytes Per Scan = 37
* Number of Voltage Words = 4
* Number of Scans Averaged by the Deck Unit = 1
* NMEA Latitude = 38 49.70 N
* NMEA Longitude = 072 59.92 W
* NMEA UTC (Time) = Sep 10 2023  20:28:37
* NMEA baud rate = 4800
** Ship: Bigelow HB2304
** Program:  Fall Bottom Trawl Survey
** Chief Scientist: John Galbraith
# nquan = 7
# nvalues = 239                         
# units = specified
# name 0 = depSM: Depth [salt water, m]
# name 1 = t090C: Temperature [ITS-90, deg C]
# name 2 = c0S/m: Conductivity [S/m]
# name 3 = sal00: Salinity, Practical [PSU]
# name 4 = scan: Scan Count
# name 5 = timeM: Time, Elapsed [minutes]
# name 6 = flag: flag
# span 0 =      3.000,    122.000       
# span 1 =    11.0374,    25.0621       
# span 2 =   3.742519,   5.296941       
# span 3 =    33.2909,    35.4575       
# span 4 =         83,      11318       
# span 5 =     0.0567,     7.8591       
# span 6 = 0.0000e+00, 0.0000e+00       
# interval = meters: 1                  
# start_time = Sep 10 2023 20:28:37 [NMEA time, header]
# bad_flag = -9.990e-29
*END*
      3.000    24.9321   5.109900    33.5911         83     0.0567 0.0000e+00
      4.000    24.9239   5.121128    33.6798        254     0.1755 0.0000e+00
      5.000    24.9295   5.133614    33.7676        285     0.1973 0.0000e+00
      6.000    24.8366   5.134231    33.8415        330     0.2282 0.0000e+00
      7.000    24.7153   5.137737    33.9583        374     0.2593 0.0000e+00
      8.000    24.7724   5.156739    34.0560        539     0.3733 0.0000e+00
      9.000    24.6765   5.177884    34.2856        569     0.3943 0.0000e+00
     10.000    24.7310   5.204042    34.4382        602     0.4172 0.0000e+00
     11.000    25.0091   5.257711    34.6232        633     0.4391 0.0000e+00
     12.000    25.0621   5.279000    34.7399        659     0.4566 0.0000e+00
     13.000    25.0149   5.277517    34.7650        682     0.4728 0.0000e+00
     14.000    25.0021   5.276953    34.7703        706     0.4896 0.0000e+00
     15.000    24.9229   5.270105    34.7802        735     0.5096 0.0000e+00
     16.000    24.7603   5.256599    34.8050        767     0.5319 0.0000e+00
     17.000    24.6346   5.252497    34.8715        794     0.5509 0.0000e+00
     18.000    24.4215   5.232943    34.8904        818     0.5672 0.0000e+00
     19.000    24.2494   5.224846    34.9636        842     0.5840 0.0000e+00
     20.000    24.3893   5.270628    35.1978        868     0.6018 0.0000e+00
     21.000    24.4647   5.296941    35.3358        892     0.6188 0.0000e+00
     22.000    24.4462   5.296399    35.3460        916     0.6355 0.0000e+00
     23.000    24.2859   5.276861    35.3253        943     0.6545 0.0000e+00
     24.000    23.5020   5.180453    35.2145        974     0.6757 0.0000e+00
     25.000    22.6389   5.065093    35.0154       1001     0.6944 0.0000e+00
     26.000    22.3285   5.024704    34.9497       1025     0.7114 0.0000e+00
     27.000    22.3217   5.028572    34.9851       1051     0.7293 0.0000e+00
     28.000    21.9316   4.985743    34.9628       1080     0.7492 0.0000e+00
     29.000    20.5205   4.816294    34.7578       1109     0.7692 0.0000e+00
     30.000    18.1774   4.546716    34.4683       1134     0.7866 0.0000e+00
     31.000    16.7077   4.371550    34.2045       1158     0.8032 0.0000e+00
     32.000    16.1445   4.298798    34.0466       1183     0.8209 0.0000e+00
     33.000    15.4034   4.219090    33.9723       1209     0.8388 0.0000e+00
     34.000    14.2901   4.095818    33.8180       1233     0.8556 0.0000e+00
     35.000    13.5188   4.008969    33.6884       1258     0.8729 0.0000e+00
     36.000    12.8211   3.936171    33.6182       1286     0.8924 0.0000e+00
     37.000    12.1822   3.867031    33.5258       1318     0.9143 0.0000e+00
     38.000    11.9267   3.838227    33.4755       1347     0.9347 0.0000e+00
     39.000    11.5746   3.801445    33.4333       1373     0.9524 0.0000e+00
     40.000    11.1194   3.753143    33.3691       1396     0.9691 0.0000e+00
     41.000    11.0374   3.742519    33.3379       1419     0.9847 0.0000e+00
     42.000    11.4094   3.786309    33.4329       1442     1.0004 0.0000e+00
     43.000    11.6060   3.809186    33.4791       1467     1.0180 0.0000e+00
     44.000    12.3135   3.886894    33.5950       1497     1.0389 0.0000e+00
     45.000    13.0290   3.979402    33.8405       1529     1.0611 0.0000e+00
     46.000    12.9355   3.978135    33.9116       1558     1.0812 0.0000e+00
     47.000    12.7825   3.959562    33.8716       1583     1.0988 0.0000e+00
     48.000    12.6462   3.946446    33.8682       1607     1.1153 0.0000e+00
     49.000    12.4212   3.924407    33.8589       1631     1.1320 0.0000e+00
     50.000    12.3733   3.919586    33.8554       1655     1.1485 0.0000e+00
     51.000    12.3955   3.924031    33.8776       1678     1.1645 0.0000e+00
     52.000    12.5657   3.949492    33.9683       1702     1.1815 0.0000e+00
     53.000    12.4922   3.944836    33.9895       1733     1.2026 0.0000e+00
     54.000    12.4910   3.946752    34.0087       1768     1.2271 0.0000e+00
     55.000    12.6251   3.965248    34.0644       1796     1.2462 0.0000e+00
     56.000    12.5485   3.960167    34.0846       1817     1.2610 0.0000e+00
     57.000    12.4399   3.949107    34.0764       1838     1.2758 0.0000e+00
     58.000    12.3434   3.940022    34.0760       1863     1.2934 0.0000e+00
     59.000    11.5713   3.857709    33.9794       1894     1.3148 0.0000e+00
     60.000    11.4153   3.828734    33.8377       2947     2.0461 0.0000e+00
     61.000    11.4540   3.839787    33.9102       3188     2.2135 0.0000e+00
     62.000    11.2474   3.819379    33.8982       3207     2.2263 0.0000e+00
     63.000    11.1398   3.808816    33.8922       3242     2.2506 0.0000e+00
     64.000    11.1580   3.811489    33.9014       3273     2.2724 0.0000e+00
     65.000    11.2366   3.821082    33.9236       3298     2.2894 0.0000e+00
     66.000    11.3327   3.833162    33.9541       3320     2.3048 0.0000e+00
     67.000    11.4339   3.848387    34.0107       3345     2.3221 0.0000e+00
     68.000    11.6482   3.874814    34.0729       3373     2.3417 0.0000e+00
     69.000    11.6782   3.882419    34.1194       3400     2.3606 0.0000e+00
     70.000    11.7094   3.887985    34.1449       3424     2.3773 0.0000e+00
     71.000    11.6630   3.884593    34.1539       3449     2.3947 0.0000e+00
     72.000    11.6346   3.882465    34.1588       3480     2.4161 0.0000e+00
     73.000    11.7215   3.895018    34.2013       3512     2.4382 0.0000e+00
     74.000    11.7464   3.898702    34.2140       3540     2.4574 0.0000e+00
     75.000    11.8197   3.908569    34.2425       3567     2.4762 0.0000e+00
     76.000    11.9287   3.923093    34.2835       3594     2.4950 0.0000e+00
     77.000    12.0621   3.942323    34.3474       3618     2.5118 0.0000e+00
     78.000    12.0609   3.945523    34.3793       3640     2.5269 0.0000e+00
     79.000    12.0514   3.945094    34.3834       3662     2.5422 0.0000e+00
     80.000    12.0826   3.951683    34.4182       3687     2.5597 0.0000e+00
     81.000    12.0987   3.955004    34.4352       3718     2.5812 0.0000e+00
     82.000    12.1013   3.955552    34.4378       3750     2.6032 0.0000e+00
     83.000    12.1078   3.956539    34.4409       3776     2.6216 0.0000e+00
     84.000    12.1248   3.959020    34.4489       3802     2.6399 0.0000e+00
     85.000    12.1444   3.961814    34.4575       3831     2.6597 0.0000e+00
     86.000    12.1974   3.968913    34.4771       3858     2.6784 0.0000e+00
     87.000    12.2377   3.974865    34.4972       3882     2.6950 0.0000e+00
     88.000    12.2536   3.977608    34.5087       3906     2.7117 0.0000e+00
     89.000    12.2728   3.980198    34.5156       3934     2.7315 0.0000e+00
     90.000    12.3332   3.988502    34.5398       3967     2.7542 0.0000e+00
     91.000    12.4565   4.005253    34.5875       3995     2.7738 0.0000e+00
     92.000    12.5698   4.021421    34.6384       4019     2.7899 0.0000e+00
     93.000    12.6924   4.038824    34.6923       4040     2.8051 0.0000e+00
     94.000    12.8214   4.057729    34.7543       4063     2.8211 0.0000e+00
     95.000    12.8748   4.065740    34.7812       4089     2.8390 0.0000e+00
     96.000    12.8989   4.069408    34.7937       4119     2.8601 0.0000e+00
     97.000    13.0060   4.082939    34.8238       4151     2.8819 0.0000e+00
     98.000    13.5646   4.148541    34.9313       4178     2.9010 0.0000e+00
     99.000    14.3643   4.263606    35.2757       4204     2.9189 0.0000e+00
    100.000    14.3748   4.270578    35.3301       4230     2.9369 0.0000e+00
    101.000    14.3748   4.272177    35.3445       4258     2.9560 0.0000e+00
    102.000    14.3780   4.273557    35.3539       4285     2.9752 0.0000e+00
    103.000    14.3858   4.275408    35.3635       4310     2.9925 0.0000e+00
    104.000    14.3932   4.277178    35.3727       4334     3.0093 0.0000e+00
    105.000    14.4231   4.282183    35.3912       4361     3.0277 0.0000e+00
    106.000    14.4658   4.289525    35.4196       4390     3.0482 0.0000e+00
    107.000    14.4706   4.291438    35.4326       4419     3.0679 0.0000e+00
    108.000    14.4676   4.291736    35.4377       4444     3.0856 0.0000e+00
    109.000    14.4412   4.290103    35.4463       4469     3.1030 0.0000e+00
    110.000    14.3276   4.279911    35.4556       4495     3.1208 0.0000e+00
    111.000    14.2732   4.274043    35.4507       4520     3.1385 0.0000e+00
    112.000    14.2469   4.271139    35.4474       4546     3.1563 0.0000e+00
    113.000    14.2365   4.270224    35.4481       4575     3.1763 0.0000e+00
    114.000    14.2099   4.267599    35.4477       4606     3.1980 0.0000e+00
    115.000    14.1678   4.263171    35.4448       4636     3.2186 0.0000e+00
    116.000    14.1262   4.259210    35.4458       4661     3.2363 0.0000e+00
    117.000    14.0812   4.254645    35.4442       4684     3.2521 0.0000e+00
    118.000    14.0700   4.253095    35.4397       4707     3.2682 0.0000e+00
    119.000    14.0684   4.253088    35.4407       4735     3.2875 0.0000e+00
    120.000    14.0715   4.253477    35.4411       4769     3.3110 0.0000e+00
    121.000    14.0718   4.253747    35.4429       4799     3.3322 0.0000e+00
    122.000    14.0508   4.253285    35.4575       4996     3.4689 0.0000e+00
    121.000    14.0554   4.252932    35.4503       7506     5.2117 0.0000e+00
    120.000    14.0657   4.253271    35.4445       7388     5.1299 0.0000e+00
    119.000    14.0667   4.253198    35.4433       7421     5.1526 0.0000e+00
    118.000    14.0663   4.252954    35.4418       7446     5.1699 0.0000e+00
    117.000    14.0664   4.252723    35.4400       7469     5.1863 0.0000e+00
    116.000    14.0740   4.253295    35.4387       7494     5.2034 0.0000e+00
    115.000    14.0844   4.254282    35.4388       7519     5.2208 0.0000e+00
    114.000    14.1018   4.255960    35.4388       7545     5.2386 0.0000e+00
    113.000    14.1327   4.258672    35.4360       7571     5.2568 0.0000e+00
    112.000    14.1340   4.259775    35.4456       7598     5.2760 0.0000e+00
    111.000    14.2013   4.265844    35.4406       7627     5.2960 0.0000e+00
    110.000    14.2263   4.268585    35.4435       7654     5.3143 0.0000e+00
    109.000    14.2585   4.271795    35.4442       7677     5.3305 0.0000e+00
    108.000    14.2767   4.273797    35.4465       7699     5.3460 0.0000e+00
    107.000    14.3186   4.277851    35.4460       7722     5.3621 0.0000e+00
    106.000    14.3825   4.283812    35.4431       7749     5.3809 0.0000e+00
    105.000    14.3897   4.284665    35.4449       7784     5.4051 0.0000e+00
    104.000    14.4068   4.286026    35.4421       7818     5.4282 0.0000e+00
    103.000    14.4196   4.286404    35.4343       7842     5.4453 0.0000e+00
    102.000    14.4250   4.286426    35.4300       7864     5.4606 0.0000e+00
    101.000    14.4081   4.283296    35.4169       7887     5.4761 0.0000e+00
    100.000    14.3953   4.280308    35.4014       7911     5.4934 0.0000e+00
     99.000    14.3867   4.278261    35.3908       7939     5.5126 0.0000e+00
     98.000    14.3567   4.276037    35.3980       7966     5.5315 0.0000e+00
     97.000    14.1856   4.250023    35.3138       7991     5.5486 0.0000e+00
     96.000    14.1309   4.242060    35.2902       8015     5.5651 0.0000e+00
     95.000    13.5335   4.171315    35.1763       8041     5.5830 0.0000e+00
     94.000    13.4047   4.141038    35.0099       8070     5.6032 0.0000e+00
     93.000    13.3098   4.133904    35.0302       8099     5.6239 0.0000e+00
     92.000    13.1654   4.114059    34.9750       8126     5.6427 0.0000e+00
     91.000    12.8370   4.065838    34.8187       8152     5.6601 0.0000e+00
     90.000    12.6949   4.044890    34.7493       8179     5.6791 0.0000e+00
     89.000    12.5779   4.026799    34.6840       8209     5.7002 0.0000e+00
     88.000    12.5877   4.029158    34.6980       8237     5.7195 0.0000e+00
     87.000    12.4161   4.003457    34.6092       8262     5.7366 0.0000e+00
     86.000    12.3249   3.991229    34.5756       8286     5.7533 0.0000e+00
     85.000    12.2956   3.983682    34.5300       8310     5.7705 0.0000e+00
     84.000    12.3025   3.984256    34.5297       8337     5.7888 0.0000e+00
     83.000    12.2659   3.980161    34.5242       8366     5.8088 0.0000e+00
     82.000    12.2203   3.974317    34.5101       8394     5.8283 0.0000e+00
     81.000    12.1490   3.963976    34.4760       8418     5.8450 0.0000e+00
     80.000    12.1474   3.963033    34.4688       8441     5.8614 0.0000e+00
     79.000    12.1229   3.959495    34.4575       8471     5.8819 0.0000e+00
     78.000    12.1016   3.955861    34.4423       8504     5.9048 0.0000e+00
     77.000    12.0959   3.952875    34.4189       8529     5.9222 0.0000e+00
     76.000    12.0727   3.948705    34.4002       8551     5.9372 0.0000e+00
     75.000    11.9595   3.932184    34.3442       8574     5.9532 0.0000e+00
     74.000    11.9756   3.932855    34.3362       8604     5.9740 0.0000e+00
     73.000    11.9311   3.926875    34.3194       8639     5.9984 0.0000e+00
     72.000    11.8017   3.909680    34.2712       8668     6.0186 0.0000e+00
     71.000    11.7320   3.897534    34.2171       8692     6.0355 0.0000e+00
     70.000    11.7405   3.896808    34.2026       8714     6.0509 0.0000e+00
     69.000    11.7329   3.894343    34.1859       8737     6.0667 0.0000e+00
     68.000    11.7288   3.892233    34.1695       8763     6.0845 0.0000e+00
     67.000    11.6694   3.883702    34.1410       8791     6.1045 0.0000e+00
     66.000    11.5420   3.867090    34.0957       8820     6.1244 0.0000e+00
     65.000    11.4618   3.855604    34.0570       8848     6.1436 0.0000e+00
     64.000    11.4010   3.845709    34.0159       8874     6.1617 0.0000e+00
     63.000    11.3803   3.842690    34.0057       8899     6.1794 0.0000e+00
     62.000    11.3048   3.831264    33.9628       8926     6.1976 0.0000e+00
     61.000    11.3391   3.830283    33.9220       8953     6.2167 0.0000e+00
     60.000    11.4231   3.837310    33.9146       8982     6.2369 0.0000e+00
     59.000    11.7040   3.863374    33.9136       9011     6.2571 0.0000e+00
     58.000    11.9249   3.887453    33.9475       9038     6.2755 0.0000e+00
     57.000    11.9957   3.896363    33.9701       9061     6.2919 0.0000e+00
     56.000    12.0843   3.904929    33.9731       9085     6.3083 0.0000e+00
     55.000    12.2498   3.924249    34.0101       9110     6.3254 0.0000e+00
     54.000    12.4363   3.939066    33.9843       9136     6.3437 0.0000e+00
     53.000    12.4632   3.940841    33.9774       9163     6.3627 0.0000e+00
     52.000    12.5024   3.942405    33.9575       9191     6.3819 0.0000e+00
     51.000    12.4865   3.938301    33.9327       9220     6.4024 0.0000e+00
     50.000    12.4226   3.927670    33.8887       9250     6.4228 0.0000e+00
     49.000    12.4114   3.921878    33.8435       9276     6.4409 0.0000e+00
     48.000    12.4493   3.924633    33.8362       9301     6.4581 0.0000e+00
     47.000    12.4732   3.927914    33.8466       9327     6.4763 0.0000e+00
     46.000    12.6008   3.936982    33.8193       9355     6.4957 0.0000e+00
     45.000    12.7694   3.953459    33.8259       9384     6.5158 0.0000e+00
     44.000    12.8138   3.958093    33.8308       9413     6.5358 0.0000e+00
     43.000    12.7989   3.954741    33.8125       9440     6.5546 0.0000e+00
     42.000    12.7225   3.944930    33.7877       9465     6.5719 0.0000e+00
     41.000    12.6140   3.932090    33.7626       9490     6.5897 0.0000e+00
     40.000    12.3471   3.902051    33.7141       9520     6.6104 0.0000e+00
     39.000    11.7743   3.836077    33.5916       9554     6.6338 0.0000e+00
     38.000    11.6357   3.810711    33.4695       9585     6.6557 0.0000e+00
     37.000    11.4425   3.781839    33.3611       9614     6.6758 0.0000e+00
