HB2304/ctd089.cnv
* Sea-Bird SBE 9 Data File:
* FileName = C:\cruise\data\ctd089.hex
* Software Version Seasave V 7.26.7.121
* Temperature SN = 4591
* Conductivity SN = 3741
* Number of Bytes Per Scan = 37
* Number of Voltage Words = 4
* Number of Scans Averaged by the Deck Unit = 1
* NMEA Latitude = 39 53.55 N
* NMEA Longitude = 073 51.79 W
* NMEA UTC (Time) = Oct 09 2023  06:20:46
* NMEA baud rate = 4800
** Ship: Bigelow HB2304
** Program:  Fall Bottom Trawl Survey
** Chief Scientist: John Galbraith
# nquan = 7
# nvalues = 41                          
# units = specified
# name 0 = depSM: Depth [salt water, m]
# name 1 = t090C: Temperature [ITS-90, deg C]
# name 2 = c0S/m: Conductivity [S/m]
# name 3 = sal00: Salinity, Practical [PSU]
# name 4 = scan: Scan Count
# name 5 = timeM: Time, Elapsed [minutes]
# name 6 = flag: flag
# span 0 =      2.000,     22.000       
# span 1 =    18.7264,    18.9087       
# span 2 =   4.215666,   4.320811       
# span 3 =    31.2597,    31.9916       
# span 4 =        -35,       1997       
# span 5 =    -0.0247,     1.3858       
# span 6 = 0.0000e+00, 0.0000e+00       
# interval = meters: 1                  
# start_time = Oct 09 2023 06:20:46 [NMEA time, header]
# bad_flag = -9.990e-29
*END*
      2.000    18.7353   4.215666    31.2597        -35    -0.0247 0.0000e+00
      3.000    18.7365   4.215923    31.2606        117     0.0807 0.0000e+00
      4.000    18.7384   4.216189    31.2611        167     0.1152 0.0000e+00
      5.000    18.7382   4.216256    31.2614        202     0.1396 0.0000e+00
      6.000    18.7431   4.216774    31.2616        234     0.1616 0.0000e+00
      7.000    18.7394   4.216483    31.2617        263     0.1822 0.0000e+00
      8.000    18.7488   4.217415    31.2619        294     0.2032 0.0000e+00
      9.000    18.7479   4.217438    31.2625        322     0.2226 0.0000e+00
     10.000    18.7462   4.217353    31.2627        345     0.2390 0.0000e+00
     11.000    18.7477   4.217583    31.2632        366     0.2535 0.0000e+00
     12.000    18.7467   4.217483    31.2627        387     0.2682 0.0000e+00
     13.000    18.7470   4.217528    31.2626        411     0.2848 0.0000e+00
     14.000    18.7503   4.218093    31.2644        440     0.3045 0.0000e+00
     15.000    18.7549   4.219240    31.2700        469     0.3252 0.0000e+00
     16.000    18.7696   4.222722    31.2875        498     0.3448 0.0000e+00
     17.000    18.7906   4.228510    31.3191        527     0.3652 0.0000e+00
     18.000    18.8536   4.268455    31.6009        557     0.3861 0.0000e+00
     19.000    18.9037   4.311205    31.9156        584     0.4052 0.0000e+00
     20.000    18.9087   4.319395    31.9792        610     0.4230 0.0000e+00
     21.000    18.9082   4.320112    31.9851        636     0.4409 0.0000e+00
     22.000    18.9068   4.320811    31.9916       1140     0.7912 0.0000e+00
     21.000    18.9076   4.320567    31.9894       1514     1.0505 0.0000e+00
     20.000    18.9078   4.320194    31.9865       1522     1.0561 0.0000e+00
     19.000    18.9081   4.319794    31.9833       1550     1.0760 0.0000e+00
     18.000    18.9046   4.314737    31.9445       1577     1.0944 0.0000e+00
     17.000    18.8686   4.284844    31.7253       1602     1.1119 0.0000e+00
     16.000    18.8094   4.243255    31.4270       1628     1.1296 0.0000e+00
     15.000    18.7694   4.226364    31.3180       1653     1.1470 0.0000e+00
     14.000    18.7366   4.218662    31.2794       1677     1.1637 0.0000e+00
     13.000    18.7271   4.216391    31.2682       1701     1.1803 0.0000e+00
     12.000    18.7264   4.215799    31.2642       1725     1.1973 0.0000e+00
     11.000    18.7336   4.216187    31.2623       1749     1.2140 0.0000e+00
     10.000    18.7343   4.216326    31.2632       1775     1.2321 0.0000e+00
      9.000    18.7375   4.216572    31.2632       1803     1.2514 0.0000e+00
      8.000    18.7420   4.216958    31.2633       1831     1.2706 0.0000e+00
      7.000    18.7430   4.217056    31.2637       1858     1.2895 0.0000e+00
      6.000    18.7414   4.216844    31.2635       1884     1.3074 0.0000e+00
      5.000    18.7399   4.216580    31.2628       1909     1.3248 0.0000e+00
      4.000    18.7384   4.216450    31.2632       1935     1.3429 0.0000e+00
      3.000    18.7381   4.216444    31.2637       1959     1.3595 0.0000e+00
      2.000    18.7375   4.216290    31.2632       1997     1.3858 0.0000e+00
