HB2304/ctd036.cnv
* Sea-Bird SBE 9 Data File:
* FileName = C:\cruise\data\ctd036.hex
* Software Version Seasave V 7.26.7.121
* Temperature SN = 4591
* Conductivity SN = 3741
* Number of Bytes Per Scan = 37
* Number of Voltage Words = 4
* Number of Scans Averaged by the Deck Unit = 1
* NMEA Latitude = 35 37.40 N
* NMEA Longitude = 075 16.41 W
* NMEA UTC (Time) = Sep 19 2023  02:22:02
* NMEA baud rate = 4800
** Ship: Bigelow HB2304
** Program:  Fall Bottom Trawl Survey
** Chief Scientist: John Galbraith
# nquan = 7
# nvalues = 42                          
# units = specified
# name 0 = depSM: Depth [salt water, m]
# name 1 = t090C: Temperature [ITS-90, deg C]
# name 2 = c0S/m: Conductivity [S/m]
# name 3 = sal00: Salinity, Practical [PSU]
# name 4 = scan: Scan Count
# name 5 = timeM: Time, Elapsed [minutes]
# name 6 = flag: flag
# span 0 =      2.000,     23.000       
# span 1 =    24.8671,    27.1701       
# span 2 =   4.882827,   5.524292       
# span 3 =    31.9672,    34.9259       
# span 4 =         51,       2583       
# span 5 =     0.0348,     1.7928       
# span 6 = 0.0000e+00, 0.0000e+00       
# interval = meters: 1                  
# start_time = Sep 19 2023 02:22:02 [NMEA time, header]
# bad_flag = -9.990e-29
*END*
      3.000    24.8743   4.883798    31.9695         51     0.0348 0.0000e+00
      4.000    24.8671   4.882827    31.9672        445     0.3082 0.0000e+00
      5.000    24.8948   4.887215    31.9795        426     0.2953 0.0000e+00
      6.000    24.9200   4.892487    32.0000        462     0.3202 0.0000e+00
      7.000    24.9887   4.910288    32.0814        506     0.3504 0.0000e+00
      8.000    25.0229   4.921331    32.1377        530     0.3670 0.0000e+00
      9.000    25.0413   4.926340    32.1610        547     0.3792 0.0000e+00
     10.000    25.0780   4.937108    32.2133        568     0.3936 0.0000e+00
     11.000    25.1175   4.949395    32.2748        616     0.4271 0.0000e+00
     12.000    25.1610   4.959666    32.3185        657     0.4553 0.0000e+00
     13.000    25.2262   4.978670    32.4105        675     0.4680 0.0000e+00
     14.000    25.3042   4.997704    32.4933        698     0.4839 0.0000e+00
     15.000    25.3558   5.012806    32.5662        739     0.5123 0.0000e+00
     16.000    25.3729   5.019495    32.6024        780     0.5408 0.0000e+00
     17.000    25.3652   5.027530    32.6662        805     0.5584 0.0000e+00
     18.000    25.4084   5.057984    32.8567        829     0.5752 0.0000e+00
     19.000    25.8726   5.161856    33.2737        873     0.6053 0.0000e+00
     20.000    26.4326   5.299765    33.8592        919     0.6376 0.0000e+00
     21.000    26.9333   5.448561    34.5542        946     0.6565 0.0000e+00
     22.000    27.0926   5.501616    34.8136        972     0.6743 0.0000e+00
     23.000    27.1701   5.524292    34.9168        996     0.6913 0.0000e+00
     22.000    27.1267   5.520965    34.9259       1909     1.3251 0.0000e+00
     21.000    27.0894   5.506800    34.8533       1950     1.3535 0.0000e+00
     20.000    26.8982   5.457860    34.6471       1991     1.3819 0.0000e+00
     19.000    26.3424   5.294861    33.8900       2022     1.4032 0.0000e+00
     18.000    25.5389   5.108472    33.1292       2062     1.4313 0.0000e+00
     17.000    25.4276   5.052250    32.8014       2099     1.4571 0.0000e+00
     16.000    25.3843   5.035039    32.7075       2122     1.4732 0.0000e+00
     15.000    25.3734   5.022034    32.6208       2145     1.4887 0.0000e+00
     14.000    25.3494   5.013703    32.5776       2176     1.5105 0.0000e+00
     13.000    25.2024   4.976611    32.4125       2221     1.5420 0.0000e+00
     12.000    25.1805   4.967768    32.3639       2252     1.5634 0.0000e+00
     11.000    25.1715   4.965618    32.3549       2273     1.5775 0.0000e+00
     10.000    25.1378   4.957367    32.3189       2296     1.5937 0.0000e+00
      9.000    25.0669   4.936817    32.2195       2333     1.6194 0.0000e+00
      8.000    25.0466   4.929623    32.1815       2364     1.6412 0.0000e+00
      7.000    25.0079   4.918294    32.1264       2385     1.6555 0.0000e+00
      6.000    24.9580   4.906019    32.0722       2405     1.6693 0.0000e+00
      5.000    24.8905   4.888869    31.9946       2443     1.6958 0.0000e+00
      4.000    24.8931   4.888049    31.9871       2489     1.7281 0.0000e+00
      3.000    24.8985   4.889426    31.9937       2514     1.7454 0.0000e+00
      2.000    24.8860   4.887052    31.9854       2583     1.7928 0.0000e+00
