HB2304/ctd022.cnv
* Sea-Bird SBE 9 Data File:
* FileName = C:\cruise\data\ctd022.hex
* Software Version Seasave V 7.26.7.121
* Temperature SN = 4591
* Conductivity SN = 3741
* Number of Bytes Per Scan = 37
* Number of Voltage Words = 4
* Number of Scans Averaged by the Deck Unit = 1
* NMEA Latitude = 37 03.99 N
* NMEA Longitude = 074 46.00 W
* NMEA UTC (Time) = Sep 17 2023  03:55:36
* NMEA baud rate = 4800
** Ship: Bigelow HB2304
** Program:  Fall Bottom Trawl Survey
** Chief Scientist: John Galbraith
# nquan = 7
# nvalues = 163                         
# units = specified
# name 0 = depSM: Depth [salt water, m]
# name 1 = t090C: Temperature [ITS-90, deg C]
# name 2 = c0S/m: Conductivity [S/m]
# name 3 = sal00: Salinity, Practical [PSU]
# name 4 = scan: Scan Count
# name 5 = timeM: Time, Elapsed [minutes]
# name 6 = flag: flag
# span 0 =      1.000,     83.000       
# span 1 =    11.2016,    23.8864       
# span 2 =   3.714163,   4.980249       
# span 3 =    32.3104,    33.8871       
# span 4 =         -9,       7268       
# span 5 =    -0.0070,     5.0468       
# span 6 = 0.0000e+00, 0.0000e+00       
# interval = meters: 1                  
# start_time = Sep 17 2023 03:55:36 [NMEA time, header]
# bad_flag = -9.990e-29
*END*
      3.000    23.6475   4.820219    32.3785         -9    -0.0070 0.0000e+00
      4.000    23.6403   4.819502    32.3781        118     0.0810 0.0000e+00
      5.000    23.6370   4.819091    32.3772        211     0.1459 0.0000e+00
      6.000    23.6470   4.819914    32.3757        224     0.1551 0.0000e+00
      7.000    23.6564   4.821404    32.3798        239     0.1652 0.0000e+00
      8.000    23.6508   4.820743    32.3786        254     0.1757 0.0000e+00
      9.000    23.6506   4.820722    32.3782        272     0.1885 0.0000e+00
     10.000    23.6569   4.821602    32.3799        303     0.2097 0.0000e+00
     11.000    23.6758   4.824589    32.3883        360     0.2490 0.0000e+00
     12.000    23.6669   4.823380    32.3854        392     0.2715 0.0000e+00
     13.000    23.6657   4.823257    32.3851        410     0.2843 0.0000e+00
     14.000    23.6590   4.822420    32.3834        426     0.2955 0.0000e+00
     15.000    23.7964   4.845944    32.4593        442     0.3063 0.0000e+00
     16.000    23.8864   4.980249    33.4024        460     0.3187 0.0000e+00
     17.000    23.2595   4.956832    33.6997        485     0.3363 0.0000e+00
     18.000    21.5632   4.799392    33.7902        530     0.3672 0.0000e+00
     19.000    20.9352   4.749150    33.8871        569     0.3942 0.0000e+00
     20.000    19.2446   4.574998    33.8273        592     0.4104 0.0000e+00
     21.000    17.9477   4.418087    33.5720        611     0.4239 0.0000e+00
     22.000    16.7646   4.283090    33.3876        630     0.4367 0.0000e+00
     23.000    15.6953   4.163336    33.2271        649     0.4501 0.0000e+00
     24.000    13.6561   3.941721    32.9433        672     0.4662 0.0000e+00
     25.000    13.1800   3.886708    32.8397        706     0.4899 0.0000e+00
     26.000    12.9818   3.863940    32.7962        747     0.5179 0.0000e+00
     27.000    13.0404   3.873609    32.8362        775     0.5374 0.0000e+00
     28.000    12.4646   3.839705    33.0157        797     0.5528 0.0000e+00
     29.000    11.9922   3.792705    32.9793        818     0.5675 0.0000e+00
     30.000    11.8956   3.780448    32.9456        840     0.5824 0.0000e+00
     31.000    11.8336   3.773726    32.9348        862     0.5977 0.0000e+00
     32.000    11.7383   3.764207    32.9262        884     0.6129 0.0000e+00
     33.000    11.6558   3.755901    32.9179        906     0.6285 0.0000e+00
     34.000    11.6350   3.752851    32.9063        934     0.6477 0.0000e+00
     35.000    11.6118   3.749613    32.8948        985     0.6830 0.0000e+00
     36.000    11.5502   3.743130    32.8857       1028     0.7129 0.0000e+00
     37.000    11.5224   3.740281    32.8821       1048     0.7269 0.0000e+00
     38.000    11.5176   3.739434    32.8777       1064     0.7379 0.0000e+00
     39.000    11.5240   3.739954    32.8767       1078     0.7476 0.0000e+00
     40.000    11.5287   3.740390    32.8763       1091     0.7571 0.0000e+00
     41.000    11.5364   3.741139    32.8764       1106     0.7671 0.0000e+00
     42.000    11.5461   3.742452    32.8802       1123     0.7789 0.0000e+00
     43.000    11.5503   3.742752    32.8789       1165     0.8083 0.0000e+00
     44.000    11.5525   3.742408    32.8732       1249     0.8666 0.0000e+00
     45.000    11.5416   3.741411    32.8727       1265     0.8779 0.0000e+00
     46.000    11.5232   3.739878    32.8736       1281     0.8888 0.0000e+00
     47.000    11.5015   3.737853    32.8726       1295     0.8987 0.0000e+00
     48.000    11.4966   3.737135    32.8696       1309     0.9083 0.0000e+00
     49.000    11.4965   3.737056    32.8684       1324     0.9185 0.0000e+00
     50.000    11.4963   3.736988    32.8675       1340     0.9298 0.0000e+00
     51.000    11.4885   3.736188    32.8662       1360     0.9436 0.0000e+00
     52.000    11.4864   3.735780    32.8636       1391     0.9650 0.0000e+00
     53.000    11.4602   3.733080    32.8600       1462     1.0146 0.0000e+00
     54.000    11.4626   3.733053    32.8572       1499     1.0405 0.0000e+00
     55.000    11.4497   3.731841    32.8564       1517     1.0527 0.0000e+00
     56.000    11.4434   3.731062    32.8539       1533     1.0638 0.0000e+00
     57.000    11.4288   3.730085    32.8569       1548     1.0742 0.0000e+00
     58.000    11.4110   3.728185    32.8537       1564     1.0853 0.0000e+00
     59.000    11.4072   3.727858    32.8534       1582     1.0980 0.0000e+00
     60.000    11.4012   3.727305    32.8529       1605     1.1138 0.0000e+00
     61.000    11.4014   3.727249    32.8518       1633     1.1333 0.0000e+00
     62.000    11.3946   3.726696    32.8520       1667     1.1567 0.0000e+00
     63.000    11.3908   3.726298    32.8510       1707     1.1850 0.0000e+00
     64.000    11.3856   3.725889    32.8511       1744     1.2106 0.0000e+00
     65.000    11.3799   3.725465    32.8516       1773     1.2304 0.0000e+00
     66.000    11.3740   3.725137    32.8532       1799     1.2486 0.0000e+00
     67.000    11.3641   3.724536    32.8557       1822     1.2648 0.0000e+00
     68.000    11.3557   3.724122    32.8587       1842     1.2783 0.0000e+00
     69.000    11.3505   3.723831    32.8600       1859     1.2904 0.0000e+00
     70.000    11.3052   3.721382    32.8759       1876     1.3023 0.0000e+00
     71.000    11.2785   3.719264    32.8784       1895     1.3155 0.0000e+00
     72.000    11.2656   3.718285    32.8799       1921     1.3332 0.0000e+00
     73.000    11.2618   3.717893    32.8789       1958     1.3589 0.0000e+00
     74.000    11.2613   3.717826    32.8784       1998     1.3867 0.0000e+00
     75.000    11.2543   3.717366    32.8796       2039     1.4150 0.0000e+00
     76.000    11.2301   3.715806    32.8854       2074     1.4399 0.0000e+00
     77.000    11.2050   3.714163    32.8912       2097     1.4552 0.0000e+00
     78.000    11.2052   3.714333    32.8922       2114     1.4673 0.0000e+00
     79.000    11.2316   3.717529    32.8998       2130     1.4784 0.0000e+00
     80.000    11.2598   3.721837    32.9166       2146     1.4896 0.0000e+00
     81.000    11.2600   3.722099    32.9186       2164     1.5017 0.0000e+00
     82.000    11.2635   3.722775    32.9216       2183     1.5154 0.0000e+00
     83.000    11.2016   3.717052    32.9202       3108     2.1578 0.0000e+00
     82.000    11.2593   3.721445    32.9123       3489     2.4225 0.0000e+00
     81.000    11.2639   3.722027    32.9144       3501     2.4305 0.0000e+00
     80.000    11.2634   3.721911    32.9141       3755     2.6066 0.0000e+00
     79.000    11.2593   3.721256    32.9118       3995     2.7734 0.0000e+00
     78.000    11.2351   3.718211    32.9038       4063     2.8208 0.0000e+00
     77.000    11.2196   3.715875    32.8950       4082     2.8341 0.0000e+00
     76.000    11.2142   3.714700    32.8887       4105     2.8498 0.0000e+00
     75.000    11.2209   3.714570    32.8819       4204     2.9189 0.0000e+00
     74.000    11.2367   3.715464    32.8770       4317     2.9973 0.0000e+00
     73.000    11.2492   3.716063    32.8722       4367     3.0317 0.0000e+00
     72.000    11.2681   3.717181    32.8667       4552     3.1606 0.0000e+00
     71.000    11.2750   3.717636    32.8655       4659     3.2348 0.0000e+00
     70.000    11.3033   3.719681    32.8608       4949     3.4362 0.0000e+00
     69.000    11.3115   3.720119    32.8583       5153     3.5777 0.0000e+00
     68.000    11.3167   3.720356    32.8564       5165     3.5861 0.0000e+00
     67.000    11.3184   3.720538    32.8571       5212     3.6188 0.0000e+00
     66.000    11.3196   3.720589    32.8569       5284     3.6687 0.0000e+00
     65.000    11.3269   3.720890    32.8538       5299     3.6792 0.0000e+00
     64.000    11.3479   3.721754    32.8440       5314     3.6895 0.0000e+00
     63.000    11.3727   3.723274    32.8374       5327     3.6989 0.0000e+00
     62.000    11.3754   3.723522    32.8378       5341     3.7083 0.0000e+00
     61.000    11.3804   3.723805    32.8366       5356     3.7190 0.0000e+00
     60.000    11.3813   3.723906    32.8372       5380     3.7352 0.0000e+00
     59.000    11.3877   3.723936    32.8322       5441     3.7775 0.0000e+00
     58.000    11.4104   3.725759    32.8304       5473     3.8003 0.0000e+00
     57.000    11.4268   3.727358    32.8320       5491     3.8127 0.0000e+00
     56.000    11.4405   3.728684    32.8332       5509     3.8252 0.0000e+00
     55.000    11.4488   3.729369    32.8330       5529     3.8388 0.0000e+00
     54.000    11.4556   3.729957    32.8331       5551     3.8541 0.0000e+00
     53.000    11.4660   3.731011    32.8346       5575     3.8709 0.0000e+00
     52.000    11.4726   3.731733    32.8362       5602     3.8894 0.0000e+00
     51.000    11.4808   3.732633    32.8382       5634     3.9118 0.0000e+00
     50.000    11.4839   3.733009    32.8396       5669     3.9358 0.0000e+00
     49.000    11.4850   3.733104    32.8399       5694     3.9532 0.0000e+00
     48.000    11.4861   3.733172    32.8401       5713     3.9665 0.0000e+00
     47.000    11.4872   3.733201    32.8398       5730     3.9785 0.0000e+00
     46.000    11.4902   3.733360    32.8391       5747     3.9904 0.0000e+00
     45.000    11.4943   3.733687    32.8391       5767     4.0040 0.0000e+00
     44.000    11.5168   3.735484    32.8372       5800     4.0270 0.0000e+00
     43.000    11.5470   3.737945    32.8348       5852     4.0631 0.0000e+00
     42.000    11.5534   3.738593    32.8360       5879     4.0817 0.0000e+00
     41.000    11.5581   3.738915    32.8353       5898     4.0954 0.0000e+00
     40.000    11.5592   3.738916    32.8348       5918     4.1088 0.0000e+00
     39.000    11.5625   3.739171    32.8348       5938     4.1233 0.0000e+00
     38.000    11.5510   3.737825    32.8322       5961     4.1389 0.0000e+00
     37.000    11.5446   3.736960    32.8299       5984     4.1546 0.0000e+00
     36.000    11.5409   3.736041    32.8246       6006     4.1702 0.0000e+00
     35.000    11.5655   3.737448    32.8170       6030     4.1865 0.0000e+00
     34.000    11.6046   3.741086    32.8183       6055     4.2041 0.0000e+00
     33.000    11.6238   3.742960    32.8201       6083     4.2234 0.0000e+00
     32.000    11.6393   3.744199    32.8188       6117     4.2473 0.0000e+00
     31.000    11.7067   3.749680    32.8131       6157     4.2749 0.0000e+00
     30.000    11.8103   3.758870    32.8114       6189     4.2973 0.0000e+00
     29.000    11.9176   3.768418    32.8099       6211     4.3127 0.0000e+00
     28.000    12.1243   3.784992    32.7889       6229     4.3252 0.0000e+00
     27.000    12.6478   3.828629    32.7503       6245     4.3362 0.0000e+00
     26.000    12.9012   3.845961    32.6958       6260     4.3466 0.0000e+00
     25.000    12.9722   3.846974    32.6444       6275     4.3570 0.0000e+00
     24.000    13.2339   3.867884    32.6168       6291     4.3680 0.0000e+00
     23.000    13.6248   3.904251    32.6226       6312     4.3830 0.0000e+00
     22.000    18.0519   4.371868    33.1177       6401     4.4443 0.0000e+00
     21.000    18.2525   4.408702    33.2434       6423     4.4600 0.0000e+00
     20.000    19.6122   4.554967    33.3665       6439     4.4710 0.0000e+00
     19.000    20.6076   4.672100    33.5287       6454     4.4810 0.0000e+00
     18.000    20.9259   4.703667    33.5313       6469     4.4916 0.0000e+00
     17.000    22.0763   4.810836    33.4810       6487     4.5043 0.0000e+00
     16.000    23.2455   4.905984    33.3229       6513     4.5220 0.0000e+00
     15.000    23.6141   4.853773    32.6519       6542     4.5425 0.0000e+00
     14.000    23.4405   4.801441    32.3848       6569     4.5612 0.0000e+00
     13.000    23.4852   4.800680    32.3467       6597     4.5805 0.0000e+00
     12.000    23.5465   4.803037    32.3201       6630     4.6035 0.0000e+00
     11.000    23.5614   4.803570    32.3135       6662     4.6259 0.0000e+00
     10.000    23.5851   4.805402    32.3104       6689     4.6445 0.0000e+00
      9.000    23.5925   4.806786    32.3157       6713     4.6611 0.0000e+00
      8.000    23.5995   4.808322    32.3224       6736     4.6770 0.0000e+00
      7.000    23.5989   4.808453    32.3242       6757     4.6919 0.0000e+00
      6.000    23.5751   4.807159    32.3321       6777     4.7059 0.0000e+00
      5.000    23.6022   4.809301    32.3288       6799     4.7208 0.0000e+00
      4.000    23.6002   4.809507    32.3321       6824     4.7385 0.0000e+00
      3.000    23.5998   4.809831    32.3352       6854     4.7591 0.0000e+00
      2.000    23.6109   4.811922    32.3431       7015     4.8706 0.0000e+00
      1.000    23.6161   4.814064    32.3558       7268     5.0468 0.0000e+00
