HB2304/ctd050.cnv
* Sea-Bird SBE 9 Data File:
* FileName = C:\cruise\data\ctd050.hex
* Software Version Seasave V 7.26.7.121
* Temperature SN = 4591
* Conductivity SN = 3741
* Number of Bytes Per Scan = 37
* Number of Voltage Words = 4
* Number of Scans Averaged by the Deck Unit = 1
* NMEA Latitude = 35 14.73 N
* NMEA Longitude = 075 04.57 W
* NMEA UTC (Time) = Sep 20 2023  14:56:12
* NMEA baud rate = 4800
** Ship: Bigelow HB2304
** Program:  Fall Bottom Trawl Survey
** Chief Scientist: John Galbraith
# nquan = 7
# nvalues = 151                         
# units = specified
# name 0 = depSM: Depth [salt water, m]
# name 1 = t090C: Temperature [ITS-90, deg C]
# name 2 = c0S/m: Conductivity [S/m]
# name 3 = sal00: Salinity, Practical [PSU]
# name 4 = scan: Scan Count
# name 5 = timeM: Time, Elapsed [minutes]
# name 6 = flag: flag
# span 0 =      1.000,     77.000       
# span 1 =    22.2068,    28.0376       
# span 2 =   5.199998,   5.764686       
# span 3 =    35.9486,    36.4437       
# span 4 =        152,       5743       
# span 5 =     0.1051,     3.9874       
# span 6 = 0.0000e+00, 0.0000e+00       
# interval = meters: 1                  
# start_time = Sep 20 2023 14:56:12 [NMEA time, header]
# bad_flag = -9.990e-29
*END*
      3.000    28.0299   5.763204    35.9632        152     0.1051 0.0000e+00
      4.000    28.0324   5.763797    35.9652        350     0.2427 0.0000e+00
      5.000    28.0339   5.763992    35.9651        384     0.2657 0.0000e+00
      6.000    28.0330   5.763942    35.9652        411     0.2845 0.0000e+00
      7.000    28.0357   5.764282    35.9652        438     0.3034 0.0000e+00
      8.000    28.0365   5.764532    35.9660        466     0.3226 0.0000e+00
      9.000    28.0376   5.764686    35.9660        492     0.3413 0.0000e+00
     10.000    28.0301   5.763837    35.9654        519     0.3597 0.0000e+00
     11.000    28.0000   5.759591    35.9582        545     0.3780 0.0000e+00
     12.000    27.9925   5.758509    35.9560        572     0.3966 0.0000e+00
     13.000    27.9926   5.758522    35.9558        599     0.4152 0.0000e+00
     14.000    27.9894   5.758176    35.9554        625     0.4335 0.0000e+00
     15.000    27.9733   5.756916    35.9585        651     0.4512 0.0000e+00
     16.000    27.9725   5.756818    35.9582        676     0.4686 0.0000e+00
     17.000    27.9703   5.756697    35.9587        700     0.4857 0.0000e+00
     18.000    27.9625   5.756217    35.9609        725     0.5027 0.0000e+00
     19.000    27.9469   5.755232    35.9656        750     0.5199 0.0000e+00
     20.000    27.9382   5.754624    35.9677        776     0.5381 0.0000e+00
     21.000    27.9389   5.754705    35.9674        806     0.5590 0.0000e+00
     22.000    27.9344   5.754474    35.9689        838     0.5814 0.0000e+00
     23.000    27.9332   5.754377    35.9688        866     0.6005 0.0000e+00
     24.000    27.9278   5.754164    35.9712        889     0.6168 0.0000e+00
     25.000    27.9117   5.753203    35.9764        911     0.6323 0.0000e+00
     26.000    27.9127   5.753286    35.9759        935     0.6484 0.0000e+00
     27.000    27.9141   5.753527    35.9763        961     0.6664 0.0000e+00
     28.000    27.9132   5.753452    35.9761        988     0.6855 0.0000e+00
     29.000    27.9113   5.753298    35.9762       1016     0.7048 0.0000e+00
     30.000    27.9134   5.753433    35.9753       1045     0.7251 0.0000e+00
     31.000    27.9140   5.753517    35.9750       1074     0.7450 0.0000e+00
     32.000    27.9148   5.753632    35.9749       1099     0.7627 0.0000e+00
     33.000    27.9145   5.753684    35.9752       1123     0.7791 0.0000e+00
     34.000    27.9189   5.753976    35.9736       1148     0.7967 0.0000e+00
     35.000    27.9180   5.754021    35.9743       1176     0.8157 0.0000e+00
     36.000    27.9163   5.753953    35.9748       1202     0.8343 0.0000e+00
     37.000    27.9104   5.753657    35.9770       1228     0.8518 0.0000e+00
     38.000    27.9043   5.753297    35.9787       1253     0.8698 0.0000e+00
     39.000    27.8977   5.752980    35.9813       1281     0.8891 0.0000e+00
     40.000    27.8802   5.752132    35.9884       1311     0.9097 0.0000e+00
     41.000    27.8622   5.751205    35.9953       1340     0.9297 0.0000e+00
     42.000    27.7753   5.744641    36.0152       1368     0.9492 0.0000e+00
     43.000    27.6013   5.729224    36.0395       1394     0.9675 0.0000e+00
     44.000    27.3700   5.706753    36.0577       1419     0.9844 0.0000e+00
     45.000    27.2892   5.698070    36.0580       1443     1.0012 0.0000e+00
     46.000    27.2424   5.693090    36.0584       1468     1.0184 0.0000e+00
     47.000    27.1902   5.688287    36.0641       1493     1.0361 0.0000e+00
     48.000    27.1177   5.681328    36.0703       1520     1.0550 0.0000e+00
     49.000    27.0724   5.677264    36.0759       1549     1.0747 0.0000e+00
     50.000    27.0041   5.670748    36.0820       1577     1.0943 0.0000e+00
     51.000    26.8926   5.661037    36.0987       1606     1.1146 0.0000e+00
     52.000    26.6705   5.640995    36.1272       1636     1.1354 0.0000e+00
     53.000    26.5097   5.625093    36.1377       1666     1.1560 0.0000e+00
     54.000    26.3007   5.606464    36.1663       1692     1.1745 0.0000e+00
     55.000    26.0315   5.579573    36.1821       1716     1.1909 0.0000e+00
     56.000    25.9790   5.574412    36.1855       1739     1.2068 0.0000e+00
     57.000    25.8240   5.559814    36.2008       1763     1.2237 0.0000e+00
     58.000    25.6498   5.543804    36.2211       1790     1.2425 0.0000e+00
     59.000    25.2507   5.506588    36.2640       1819     1.2625 0.0000e+00
     60.000    25.0154   5.484455    36.2877       1845     1.2806 0.0000e+00
     61.000    24.5369   5.439983    36.3403       1871     1.2984 0.0000e+00
     62.000    24.0897   5.395280    36.3657       1899     1.3182 0.0000e+00
     63.000    23.9555   5.380708    36.3641       1929     1.3390 0.0000e+00
     64.000    23.7029   5.356612    36.3868       1956     1.3580 0.0000e+00
     65.000    23.6026   5.345463    36.3835       1981     1.3751 0.0000e+00
     66.000    23.5818   5.342621    36.3785       2006     1.3927 0.0000e+00
     67.000    23.5419   5.338757    36.3812       2034     1.4116 0.0000e+00
     68.000    23.3472   5.320415    36.4004       2061     1.4306 0.0000e+00
     69.000    23.2716   5.311870    36.3965       2086     1.4479 0.0000e+00
     70.000    23.2455   5.308861    36.3945       2110     1.4645 0.0000e+00
     71.000    23.2118   5.305390    36.3953       2135     1.4823 0.0000e+00
     72.000    23.1376   5.298315    36.4016       2164     1.5022 0.0000e+00
     73.000    22.7257   5.259744    36.4437       2193     1.5223 0.0000e+00
     74.000    22.4531   5.229146    36.4318       2219     1.5402 0.0000e+00
     75.000    22.4047   5.223070    36.4243       2243     1.5571 0.0000e+00
     76.000    22.3568   5.218161    36.4254       2268     1.5743 0.0000e+00
     77.000    22.2068   5.199998    36.4079       2768     1.9217 0.0000e+00
     76.000    22.2557   5.201897    36.3822       3442     2.3896 0.0000e+00
     75.000    22.3312   5.210589    36.3877       3464     2.4050 0.0000e+00
     74.000    22.3362   5.211181    36.3886       3493     2.4247 0.0000e+00
     73.000    22.4164   5.218461    36.3789       3518     2.4421 0.0000e+00
     72.000    22.5585   5.231240    36.3608       3543     2.4600 0.0000e+00
     71.000    22.6953   5.246855    36.3692       3572     2.4798 0.0000e+00
     70.000    22.7438   5.251963    36.3691       3600     2.4993 0.0000e+00
     69.000    22.9738   5.273121    36.3430       3625     2.5166 0.0000e+00
     68.000    22.9926   5.277470    36.3616       3648     2.5326 0.0000e+00
     67.000    23.1172   5.287726    36.3383       3672     2.5495 0.0000e+00
     66.000    23.1744   5.293735    36.3378       3699     2.5679 0.0000e+00
     65.000    23.2369   5.301310    36.3450       3726     2.5870 0.0000e+00
     64.000    23.3684   5.313521    36.3311       3751     2.6045 0.0000e+00
     63.000    23.5183   5.328406    36.3225       3775     2.6212 0.0000e+00
     62.000    23.5394   5.331096    36.3263       3801     2.6387 0.0000e+00
     61.000    23.7325   5.348483    36.3014       3828     2.6573 0.0000e+00
     60.000    23.9263   5.364568    36.2661       3854     2.6754 0.0000e+00
     59.000    24.3424   5.402197    36.2137       3879     2.6931 0.0000e+00
     58.000    24.5064   5.422035    36.2309       3906     2.7115 0.0000e+00
     57.000    25.1885   5.478814    36.1084       3933     2.7306 0.0000e+00
     56.000    25.8603   5.546798    36.0769       3959     2.7485 0.0000e+00
     55.000    26.1351   5.576634    36.0789       3982     2.7647 0.0000e+00
     54.000    26.1789   5.583204    36.0927       4004     2.7802 0.0000e+00
     53.000    26.4444   5.605053    36.0436       4028     2.7966 0.0000e+00
     52.000    26.8058   5.641822    36.0276       4054     2.8149 0.0000e+00
     51.000    26.9234   5.655124    36.0322       4082     2.8343 0.0000e+00
     50.000    27.0479   5.666843    36.0199       4109     2.8525 0.0000e+00
     49.000    27.1120   5.673495    36.0182       4133     2.8697 0.0000e+00
     48.000    27.1771   5.679854    36.0136       4158     2.8865 0.0000e+00
     47.000    27.2456   5.687348    36.0145       4183     2.9040 0.0000e+00
     46.000    27.2743   5.690386    36.0144       4210     2.9226 0.0000e+00
     45.000    27.3425   5.696914    36.0085       4236     2.9410 0.0000e+00
     44.000    27.4734   5.709465    35.9973       4261     2.9580 0.0000e+00
     43.000    27.5576   5.718070    35.9940       4284     2.9741 0.0000e+00
     42.000    27.7735   5.737135    35.9635       4307     2.9902 0.0000e+00
     41.000    27.8457   5.744897    35.9634       4333     3.0082 0.0000e+00
     40.000    27.8828   5.747936    35.9568       4363     3.0288 0.0000e+00
     39.000    27.8909   5.748843    35.9573       4391     3.0485 0.0000e+00
     38.000    27.8961   5.749465    35.9580       4417     3.0665 0.0000e+00
     37.000    27.8988   5.750026    35.9602       4442     3.0841 0.0000e+00
     36.000    27.8994   5.750349    35.9623       4466     3.1009 0.0000e+00
     35.000    27.9012   5.750681    35.9636       4491     3.1180 0.0000e+00
     34.000    27.9031   5.751028    35.9649       4516     3.1357 0.0000e+00
     33.000    27.8996   5.750827    35.9664       4543     3.1542 0.0000e+00
     32.000    27.8984   5.750794    35.9674       4570     3.1728 0.0000e+00
     31.000    27.8994   5.750990    35.9683       4596     3.1907 0.0000e+00
     30.000    27.9035   5.751592    35.9698       4619     3.2073 0.0000e+00
     29.000    27.9068   5.751992    35.9704       4643     3.2237 0.0000e+00
     28.000    27.9077   5.752144    35.9711       4670     3.2421 0.0000e+00
     27.000    27.9109   5.752469    35.9712       4700     3.2631 0.0000e+00
     26.000    27.9157   5.752794    35.9701       4729     3.2833 0.0000e+00
     25.000    27.9177   5.752991    35.9703       4754     3.3010 0.0000e+00
     24.000    27.9219   5.753209    35.9689       4778     3.3175 0.0000e+00
     23.000    27.9253   5.753365    35.9678       4802     3.3341 0.0000e+00
     22.000    27.9270   5.753421    35.9671       4827     3.3514 0.0000e+00
     21.000    27.9367   5.753958    35.9639       4852     3.3687 0.0000e+00
     20.000    27.9475   5.754407    35.9591       4876     3.3857 0.0000e+00
     19.000    27.9575   5.754828    35.9547       4902     3.4032 0.0000e+00
     18.000    27.9637   5.755174    35.9527       4930     3.4231 0.0000e+00
     17.000    27.9658   5.755332    35.9525       4961     3.4444 0.0000e+00
     16.000    27.9673   5.755446    35.9524       4990     3.4643 0.0000e+00
     15.000    27.9798   5.756296    35.9492       5015     3.4817 0.0000e+00
     14.000    27.9860   5.756845    35.9486       5037     3.4973 0.0000e+00
     13.000    27.9915   5.757395    35.9487       5059     3.5128 0.0000e+00
     12.000    27.9937   5.757651    35.9491       5084     3.5296 0.0000e+00
     11.000    27.9964   5.757960    35.9495       5109     3.5475 0.0000e+00
     10.000    28.0046   5.759028    35.9511       5137     3.5664 0.0000e+00
      9.000    28.0106   5.759800    35.9522       5164     3.5854 0.0000e+00
      8.000    28.0169   5.760666    35.9538       5189     3.6029 0.0000e+00
      7.000    28.0206   5.761260    35.9555       5213     3.6195 0.0000e+00
      6.000    28.0194   5.761070    35.9553       5239     3.6376 0.0000e+00
      5.000    28.0197   5.761131    35.9559       5269     3.6587 0.0000e+00
      4.000    28.0202   5.761175    35.9561       5299     3.6788 0.0000e+00
      3.000    28.0204   5.761524    35.9587       5330     3.7006 0.0000e+00
      2.000    28.0121   5.760857    35.9607       5593     3.8836 0.0000e+00
      1.000    27.9964   5.759287    35.9619       5743     3.9874 0.0000e+00
