HB2304/ctd099.cnv
* Sea-Bird SBE 9 Data File:
* FileName = C:\cruise\data\ctd099.hex
* Software Version Seasave V 7.26.7.121
* Temperature SN = 4591
* Conductivity SN = 3741
* Number of Bytes Per Scan = 37
* Number of Voltage Words = 4
* Number of Scans Averaged by the Deck Unit = 1
* NMEA Latitude = 39 48.76 N
* NMEA Longitude = 072 41.95 W
* NMEA UTC (Time) = Oct 10 2023  18:05:59
* NMEA baud rate = 4800
** Ship: Bigelow HB2304
** Program:  Fall Bottom Trawl Survey
** Chief Scientist: John Galbraith
# nquan = 7
# nvalues = 97                          
# units = specified
# name 0 = depSM: Depth [salt water, m]
# name 1 = t090C: Temperature [ITS-90, deg C]
# name 2 = c0S/m: Conductivity [S/m]
# name 3 = sal00: Salinity, Practical [PSU]
# name 4 = scan: Scan Count
# name 5 = timeM: Time, Elapsed [minutes]
# name 6 = flag: flag
# span 0 =      3.000,     51.000       
# span 1 =    11.7522,    17.9105       
# span 2 =   3.731398,   4.314391       
# span 3 =    32.1624,    32.9071       
# span 4 =        -69,       5763       
# span 5 =    -0.0489,     4.0016       
# span 6 = 0.0000e+00, 0.0000e+00       
# interval = meters: 1                  
# start_time = Oct 10 2023 18:05:59 [NMEA time, header]
# bad_flag = -9.990e-29
*END*
      3.000    17.4935   4.209300    32.1673        -69    -0.0489 0.0000e+00
      4.000    17.4741   4.208181    32.1727        267     0.1850 0.0000e+00
      5.000    17.4808   4.208657    32.1712        340     0.2354 0.0000e+00
      6.000    17.4796   4.208872    32.1736        385     0.2668 0.0000e+00
      7.000    17.3698   4.198459    32.1714        430     0.2981 0.0000e+00
      8.000    17.3635   4.198234    32.1741        464     0.3215 0.0000e+00
      9.000    17.3261   4.194372    32.1705        483     0.3346 0.0000e+00
     10.000    17.3137   4.193322    32.1710        501     0.3470 0.0000e+00
     11.000    17.2995   4.192349    32.1736        521     0.3614 0.0000e+00
     12.000    17.2872   4.191439    32.1752        547     0.3795 0.0000e+00
     13.000    17.2796   4.191121    32.1782        579     0.4016 0.0000e+00
     14.000    17.2749   4.191047    32.1809        612     0.4241 0.0000e+00
     15.000    17.2700   4.191121    32.1851        638     0.4423 0.0000e+00
     16.000    17.2669   4.191474    32.1902        660     0.4579 0.0000e+00
     17.000    17.2636   4.191921    32.1963        681     0.4724 0.0000e+00
     18.000    17.2606   4.192281    32.2014        703     0.4873 0.0000e+00
     19.000    17.2580   4.192742    32.2071        727     0.5043 0.0000e+00
     20.000    17.2561   4.193405    32.2139        759     0.5265 0.0000e+00
     21.000    17.2570   4.194240    32.2200        795     0.5514 0.0000e+00
     22.000    17.2603   4.195563    32.2283        825     0.5725 0.0000e+00
     23.000    17.2762   4.198034    32.2365        850     0.5893 0.0000e+00
     24.000    17.3053   4.201854    32.2457        869     0.6030 0.0000e+00
     25.000    17.3850   4.213407    32.2807        888     0.6157 0.0000e+00
     26.000    17.4340   4.221019    32.3064        907     0.6295 0.0000e+00
     27.000    17.4692   4.226141    32.3218        936     0.6491 0.0000e+00
     28.000    17.5280   4.234692    32.3475        974     0.6760 0.0000e+00
     29.000    17.6532   4.253813    32.4103       1003     0.6960 0.0000e+00
     30.000    17.7522   4.272220    32.4875       1025     0.7108 0.0000e+00
     31.000    17.8292   4.287140    32.5523       1045     0.7253 0.0000e+00
     32.000    17.9043   4.306570    32.6567       1069     0.7419 0.0000e+00
     33.000    17.9105   4.314391    32.7177       1098     0.7620 0.0000e+00
     34.000    17.8477   4.312456    32.7513       1130     0.7838 0.0000e+00
     35.000    17.8017   4.308585    32.7550       1158     0.8034 0.0000e+00
     36.000    17.5652   4.290120    32.7879       1183     0.8212 0.0000e+00
     37.000    17.2814   4.263884    32.7924       1209     0.8386 0.0000e+00
     38.000    16.8673   4.229815    32.8349       1234     0.8564 0.0000e+00
     39.000    16.4144   4.186789    32.8310       1259     0.8736 0.0000e+00
     40.000    15.9694   4.145908    32.8381       1281     0.8891 0.0000e+00
     41.000    15.2799   4.086213    32.8803       1303     0.9039 0.0000e+00
     42.000    14.5102   4.017562    32.9071       1327     0.9207 0.0000e+00
     43.000    13.8223   3.947857    32.8512       1360     0.9434 0.0000e+00
     44.000    13.1564   3.884442    32.8308       1396     0.9690 0.0000e+00
     45.000    12.1933   3.787538    32.7459       1422     0.9867 0.0000e+00
     46.000    11.9523   3.761083    32.7012       1443     1.0014 0.0000e+00
     47.000    11.8689   3.750913    32.6755       1465     1.0165 0.0000e+00
     48.000    11.8124   3.744253    32.6601       1491     1.0349 0.0000e+00
     49.000    11.7715   3.739212    32.6466       1522     1.0559 0.0000e+00
     50.000    11.7525   3.736740    32.6388       1548     1.0740 0.0000e+00
     51.000    11.7522   3.735153    32.6232       1635     1.1349 0.0000e+00
     50.000    11.7707   3.731398    32.5710       2957     2.0526 0.0000e+00
     49.000    11.8137   3.737039    32.5884       2889     2.0053 0.0000e+00
     48.000    11.8803   3.743472    32.5930       2950     2.0478 0.0000e+00
     47.000    11.9432   3.748990    32.5918       3023     2.0987 0.0000e+00
     46.000    12.4820   3.792910    32.5453       3050     2.1172 0.0000e+00
     45.000    13.6387   3.907552    32.6319       3081     2.1392 0.0000e+00
     44.000    14.6374   4.010476    32.7347       3153     2.1891 0.0000e+00
     43.000    15.4672   4.080912    32.6758       3210     2.2288 0.0000e+00
     42.000    15.9532   4.126321    32.6776       3242     2.2505 0.0000e+00
     41.000    16.5030   4.179541    32.6941       3273     2.2725 0.0000e+00
     40.000    17.1966   4.246153    32.7074       3337     2.3164 0.0000e+00
     39.000    17.3936   4.265507    32.7148       3410     2.3670 0.0000e+00
     38.000    17.6623   4.289041    32.6997       3431     2.3823 0.0000e+00
     37.000    17.7927   4.302103    32.7064       3460     2.4024 0.0000e+00
     36.000    17.8902   4.312021    32.7128       3544     2.4604 0.0000e+00
     35.000    17.8929   4.310808    32.7007       3585     2.4888 0.0000e+00
     34.000    17.8940   4.305224    32.6528       3618     2.5119 0.0000e+00
     33.000    17.8107   4.284126    32.5409       3671     2.5488 0.0000e+00
     32.000    17.7593   4.276120    32.5143       3721     2.5831 0.0000e+00
     31.000    17.6671   4.259378    32.4459       3768     2.6157 0.0000e+00
     30.000    17.5088   4.232635    32.3446       3847     2.6705 0.0000e+00
     29.000    17.4698   4.226641    32.3248       3897     2.7054 0.0000e+00
     28.000    17.4566   4.225032    32.3220       3965     2.7529 0.0000e+00
     27.000    17.3782   4.214046    32.2909       4034     2.8006 0.0000e+00
     26.000    17.3337   4.206875    32.2653       4065     2.8223 0.0000e+00
     25.000    17.2843   4.199476    32.2417       4169     2.8947 0.0000e+00
     24.000    17.2669   4.196773    32.2327       4218     2.9286 0.0000e+00
     23.000    17.2590   4.195087    32.2249       4273     2.9665 0.0000e+00
     22.000    17.2571   4.193963    32.2172       4338     3.0117 0.0000e+00
     21.000    17.2554   4.193408    32.2141       4372     3.0353 0.0000e+00
     20.000    17.2564   4.192454    32.2055       5279     3.6654 0.0000e+00
     19.000    17.2581   4.192246    32.2027       5295     3.6766 0.0000e+00
     18.000    17.2601   4.191975    32.1992       5330     3.7004 0.0000e+00
     17.000    17.2627   4.191638    32.1946       5360     3.7212 0.0000e+00
     16.000    17.2640   4.191376    32.1916       5384     3.7381 0.0000e+00
     15.000    17.2668   4.191031    32.1868       5406     3.7535 0.0000e+00
     14.000    17.2706   4.190795    32.1822       5429     3.7696 0.0000e+00
     13.000    17.2739   4.190621    32.1784       5456     3.7879 0.0000e+00
     12.000    17.2777   4.190667    32.1762       5482     3.8064 0.0000e+00
     11.000    17.2859   4.190895    32.1719       5506     3.8228 0.0000e+00
     10.000    17.2896   4.191106    32.1711       5529     3.8386 0.0000e+00
      9.000    17.3064   4.192021    32.1660       5552     3.8549 0.0000e+00
      8.000    17.3443   4.195082    32.1624       5578     3.8731 0.0000e+00
      7.000    17.3873   4.199230    32.1641       5610     3.8950 0.0000e+00
      6.000    17.3801   4.199457    32.1721       5641     3.9167 0.0000e+00
      5.000    17.4512   4.205250    32.1656       5664     3.9329 0.0000e+00
      4.000    17.4511   4.205258    32.1661       5688     3.9494 0.0000e+00
      3.000    17.4928   4.209485    32.1694       5763     4.0016 0.0000e+00
