HB2304/ctd014.cnv
* Sea-Bird SBE 9 Data File:
* FileName = C:\cruise\data\ctd014.hex
* Software Version Seasave V 7.26.7.121
* Temperature SN = 4591
* Conductivity SN = 3741
* Number of Bytes Per Scan = 37
* Number of Voltage Words = 4
* Number of Scans Averaged by the Deck Unit = 1
* NMEA Latitude = 37 56.29 N
* NMEA Longitude = 074 06.63 W
* NMEA UTC (Time) = Sep 13 2023  10:43:13
* NMEA baud rate = 4800
** Ship: Bigelow HB2304
** Program:  Fall Bottom Trawl Survey
** Chief Scientist: John Galbraith
# nquan = 7
# nvalues = 215                         
# units = specified
# name 0 = depSM: Depth [salt water, m]
# name 1 = t090C: Temperature [ITS-90, deg C]
# name 2 = c0S/m: Conductivity [S/m]
# name 3 = sal00: Salinity, Practical [PSU]
# name 4 = scan: Scan Count
# name 5 = timeM: Time, Elapsed [minutes]
# name 6 = flag: flag
# span 0 =      1.000,    109.000       
# span 1 =    10.7097,    25.3124       
# span 2 =   3.722755,   5.252155       
# span 3 =    31.4928,    34.7000       
# span 4 =        114,       6552       
# span 5 =     0.0786,     4.5494       
# span 6 = 0.0000e+00, 0.0000e+00       
# interval = meters: 1                  
# start_time = Sep 13 2023 10:43:13 [NMEA time, header]
# bad_flag = -9.990e-29
*END*
      3.000    25.0910   4.862066    31.6584        114     0.0786 0.0000e+00
      4.000    25.1699   4.859515    31.5844        220     0.1518 0.0000e+00
      5.000    24.7494   4.949295    32.5403        239     0.1650 0.0000e+00
      6.000    24.9266   5.072336    33.3168        267     0.1846 0.0000e+00
      7.000    25.0042   5.135460    33.7248        299     0.2069 0.0000e+00
      8.000    25.0542   5.155254    33.8331        330     0.2285 0.0000e+00
      9.000    25.2748   5.208579    34.0600        357     0.2469 0.0000e+00
     10.000    25.2567   5.219657    34.1547        382     0.2647 0.0000e+00
     11.000    25.1930   5.222436    34.2230        409     0.2830 0.0000e+00
     12.000    25.0366   5.227492    34.3784        434     0.3010 0.0000e+00
     13.000    24.9698   5.239440    34.5175        459     0.3178 0.0000e+00
     14.000    24.8859   5.234302    34.5432        483     0.3344 0.0000e+00
     15.000    24.9170   5.241872    34.5753        508     0.3523 0.0000e+00
     16.000    24.9191   5.246643    34.6087        536     0.3712 0.0000e+00
     17.000    24.8964   5.252155    34.6668        562     0.3892 0.0000e+00
     18.000    24.4739   5.212974    34.7000        586     0.4060 0.0000e+00
     19.000    24.0082   5.157798    34.6464        610     0.4232 0.0000e+00
     20.000    23.6394   5.115477    34.6127        637     0.4419 0.0000e+00
     21.000    23.3175   5.077497    34.5746        667     0.4624 0.0000e+00
     22.000    22.9615   5.034705    34.5253        697     0.4832 0.0000e+00
     23.000    21.9491   4.922479    34.4523        725     0.5030 0.0000e+00
     24.000    20.8813   4.792412    34.2748        751     0.5209 0.0000e+00
     25.000    19.9924   4.682284    34.1012        774     0.5366 0.0000e+00
     26.000    19.3070   4.603280    34.0090        795     0.5514 0.0000e+00
     27.000    18.3572   4.494029    33.8756        818     0.5670 0.0000e+00
     28.000    17.4896   4.457027    34.2853        843     0.5846 0.0000e+00
     29.000    16.8865   4.404535    34.3421        872     0.6047 0.0000e+00
     30.000    16.6904   4.381194    34.3055        902     0.6254 0.0000e+00
     31.000    16.6128   4.371697    34.2884        930     0.6451 0.0000e+00
     32.000    16.1471   4.322696    34.2559        958     0.6648 0.0000e+00
     33.000    15.7101   4.270080    34.1649        986     0.6843 0.0000e+00
     34.000    15.5947   4.258712    34.1626       1012     0.7019 0.0000e+00
     35.000    14.9560   4.188212    34.0815       1035     0.7182 0.0000e+00
     36.000    14.6258   4.150744    34.0280       1058     0.7342 0.0000e+00
     37.000    13.6769   4.047637    33.9096       1082     0.7508 0.0000e+00
     38.000    13.3149   4.001656    33.7991       1108     0.7688 0.0000e+00
     39.000    13.1042   3.977939    33.7620       1136     0.7883 0.0000e+00
     40.000    12.5678   3.932203    33.8046       1166     0.8091 0.0000e+00
     41.000    10.8088   3.746298    33.5838       1195     0.8293 0.0000e+00
     42.000    10.7097   3.730076    33.5126       1222     0.8480 0.0000e+00
     43.000    10.8879   3.751129    33.5591       1246     0.8643 0.0000e+00
     44.000    10.7951   3.741402    33.5466       1267     0.8793 0.0000e+00
     45.000    10.8210   3.742655    33.5349       1290     0.8949 0.0000e+00
     46.000    10.8240   3.742736    33.5325       1316     0.9132 0.0000e+00
     47.000    10.8106   3.740856    33.5256       1349     0.9359 0.0000e+00
     48.000    10.7992   3.739060    33.5177       1380     0.9578 0.0000e+00
     49.000    11.0783   3.770697    33.5763       1408     0.9768 0.0000e+00
     50.000    11.5613   3.833782    33.7575       1432     0.9940 0.0000e+00
     51.000    11.8636   3.875421    33.8891       1456     1.0103 0.0000e+00
     52.000    11.9058   3.886297    33.9563       1479     1.0267 0.0000e+00
     53.000    11.7915   3.875298    33.9529       1503     1.0430 0.0000e+00
     54.000    11.6807   3.863892    33.9421       1527     1.0596 0.0000e+00
     55.000    11.5593   3.850736    33.9239       1554     1.0782 0.0000e+00
     56.000    11.5966   3.854710    33.9283       1587     1.1013 0.0000e+00
     57.000    11.5699   3.852996    33.9355       1618     1.1229 0.0000e+00
     58.000    11.2086   3.816400    33.9061       1643     1.1403 0.0000e+00
     59.000    11.0660   3.799644    33.8709       1665     1.1557 0.0000e+00
     60.000    11.0131   3.792928    33.8526       1685     1.1697 0.0000e+00
     61.000    11.0057   3.791998    33.8497       1707     1.1844 0.0000e+00
     62.000    10.9979   3.791446    33.8509       1734     1.2037 0.0000e+00
     63.000    10.9962   3.791748    33.8550       1772     1.2301 0.0000e+00
     64.000    11.0197   3.795711    33.8723       1810     1.2566 0.0000e+00
     65.000    11.0710   3.802846    33.8954       1838     1.2760 0.0000e+00
     66.000    11.0871   3.804715    33.8987       1859     1.2905 0.0000e+00
     67.000    11.1601   3.813906    33.9222       1879     1.3040 0.0000e+00
     68.000    11.2389   3.825177    33.9607       1899     1.3181 0.0000e+00
     69.000    11.2541   3.827395    33.9682       1921     1.3331 0.0000e+00
     70.000    11.3539   3.841026    34.0104       1944     1.3495 0.0000e+00
     71.000    11.3738   3.844478    34.0257       1974     1.3700 0.0000e+00
     72.000    11.3847   3.846120    34.0315       2013     1.3969 0.0000e+00
     73.000    11.4021   3.848244    34.0359       2046     1.4202 0.0000e+00
     74.000    11.4518   3.854971    34.0561       2074     1.4397 0.0000e+00
     75.000    11.4658   3.857613    34.0687       2101     1.4580 0.0000e+00
     76.000    11.4443   3.855844    34.0706       2125     1.4747 0.0000e+00
     77.000    11.4488   3.856538    34.0729       2149     1.4916 0.0000e+00
     78.000    11.4533   3.857239    34.0752       2175     1.5097 0.0000e+00
     79.000    11.4932   3.862083    34.0857       2197     1.5253 0.0000e+00
     80.000    11.5819   3.874097    34.1217       2217     1.5390 0.0000e+00
     81.000    11.6688   3.886367    34.1616       2237     1.5526 0.0000e+00
     82.000    11.7168   3.894284    34.1945       2259     1.5679 0.0000e+00
     83.000    11.7377   3.897683    34.2081       2289     1.5889 0.0000e+00
     84.000    11.8140   3.908886    34.2469       2337     1.6222 0.0000e+00
     85.000    11.9668   3.930488    34.3166       2380     1.6524 0.0000e+00
     86.000    12.0514   3.942861    34.3586       2407     1.6708 0.0000e+00
     87.000    12.1145   3.951979    34.3887       2427     1.6847 0.0000e+00
     88.000    12.1346   3.955202    34.4011       2444     1.6967 0.0000e+00
     89.000    12.1704   3.960213    34.4163       2461     1.7080 0.0000e+00
     90.000    12.2462   3.970791    34.4486       2477     1.7192 0.0000e+00
     91.000    12.3024   3.981436    34.4994       2494     1.7313 0.0000e+00
     92.000    12.3024   3.983986    34.5237       2515     1.7459 0.0000e+00
     93.000    12.3177   3.987992    34.5479       2550     1.7701 0.0000e+00
     94.000    12.3291   3.991352    34.5694       2607     1.8100 0.0000e+00
     95.000    12.3478   3.995341    34.5903       2640     1.8328 0.0000e+00
     96.000    12.3697   3.999502    34.6098       2664     1.8492 0.0000e+00
     97.000    12.3792   4.001296    34.6180       2686     1.8648 0.0000e+00
     98.000    12.3897   4.003194    34.6262       2707     1.8794 0.0000e+00
     99.000    12.4015   4.005486    34.6370       2727     1.8931 0.0000e+00
    100.000    12.4005   4.005734    34.6399       2747     1.9070 0.0000e+00
    101.000    12.3999   4.005709    34.6398       2770     1.9226 0.0000e+00
    102.000    12.4006   4.005884    34.6404       2795     1.9405 0.0000e+00
    103.000    12.4012   4.006059    34.6411       2826     1.9615 0.0000e+00
    104.000    12.4005   4.006140    34.6421       2858     1.9840 0.0000e+00
    105.000    12.4008   4.006561    34.6454       2887     2.0044 0.0000e+00
    106.000    12.4007   4.006689    34.6463       2914     2.0230 0.0000e+00
    107.000    12.3998   4.006785    34.6477       2940     2.0409 0.0000e+00
    108.000    12.4006   4.006967    34.6483       3045     2.1140 0.0000e+00
    109.000    12.4039   4.007593    34.6508       3400     2.3606 0.0000e+00
    108.000    12.4058   4.007720    34.6507       3507     2.4346 0.0000e+00
    107.000    12.4042   4.007408    34.6497       3521     2.4442 0.0000e+00
    106.000    12.4037   4.007269    34.6492       3541     2.4585 0.0000e+00
    105.000    12.4036   4.007195    34.6490       3562     2.4729 0.0000e+00
    104.000    12.4031   4.007047    34.6484       3583     2.4874 0.0000e+00
    103.000    12.4036   4.006931    34.6473       3604     2.5024 0.0000e+00
    102.000    12.4039   4.006816    34.6463       3627     2.5182 0.0000e+00
    101.000    12.4048   4.006801    34.6458       3652     2.5351 0.0000e+00
    100.000    12.4049   4.006774    34.6459       3679     2.5542 0.0000e+00
     99.000    12.4039   4.006527    34.6449       3710     2.5760 0.0000e+00
     98.000    12.4041   4.006408    34.6439       3742     2.5980 0.0000e+00
     97.000    12.4007   4.005633    34.6400       3775     2.6208 0.0000e+00
     96.000    12.3932   4.004186    34.6335       3807     2.6432 0.0000e+00
     95.000    12.3817   4.002165    34.6250       3833     2.6613 0.0000e+00
     94.000    12.3665   3.999697    34.6156       3855     2.6765 0.0000e+00
     93.000    12.3439   3.995253    34.5940       3877     2.6913 0.0000e+00
     92.000    12.3382   3.993238    34.5801       3899     2.7066 0.0000e+00
     91.000    12.3178   3.988605    34.5546       3920     2.7214 0.0000e+00
     90.000    12.3098   3.985280    34.5302       3940     2.7354 0.0000e+00
     89.000    12.2706   3.978447    34.5006       3961     2.7503 0.0000e+00
     88.000    12.2222   3.970974    34.4733       3987     2.7678 0.0000e+00
     87.000    12.1555   3.960376    34.4325       4016     2.7881 0.0000e+00
     86.000    12.1562   3.958958    34.4185       4051     2.8125 0.0000e+00
     85.000    12.0649   3.949537    34.4114       4090     2.8396 0.0000e+00
     84.000    11.9026   3.925089    34.3235       4121     2.8610 0.0000e+00
     83.000    11.8102   3.910903    34.2706       4145     2.8777 0.0000e+00
     82.000    11.7775   3.904129    34.2350       4166     2.8924 0.0000e+00
     81.000    11.7650   3.903216    34.2379       4186     2.9064 0.0000e+00
     80.000    11.6938   3.892784    34.2018       4206     2.9202 0.0000e+00
     79.000    11.6344   3.884744    34.1783       4226     2.9342 0.0000e+00
     78.000    11.5115   3.867209    34.1197       4249     2.9503 0.0000e+00
     77.000    11.4727   3.860458    34.0895       4278     2.9703 0.0000e+00
     76.000    11.4654   3.858155    34.0740       4309     2.9913 0.0000e+00
     75.000    11.4259   3.852253    34.0526       4336     3.0101 0.0000e+00
     74.000    11.4065   3.849419    34.0430       4363     3.0289 0.0000e+00
     73.000    11.3766   3.845124    34.0287       4393     3.0503 0.0000e+00
     72.000    11.3636   3.842939    34.0196       4426     3.0726 0.0000e+00
     71.000    11.3693   3.843349    34.0188       4453     3.0916 0.0000e+00
     70.000    11.3656   3.843236    34.0215       4476     3.1075 0.0000e+00
     69.000    11.3298   3.838251    34.0058       4497     3.1224 0.0000e+00
     68.000    11.3056   3.834423    33.9906       4519     3.1373 0.0000e+00
     67.000    11.2803   3.830817    33.9788       4541     3.1525 0.0000e+00
     66.000    11.2039   3.821414    33.9566       4564     3.1688 0.0000e+00
     65.000    11.1126   3.807860    33.9068       4590     3.1870 0.0000e+00
     64.000    11.0518   3.799313    33.8785       4618     3.2061 0.0000e+00
     63.000    11.0169   3.792078    33.8392       4645     3.2250 0.0000e+00
     62.000    11.0376   3.793161    33.8314       4675     3.2460 0.0000e+00
     61.000    11.0570   3.794593    33.8282       4707     3.2680 0.0000e+00
     60.000    11.1145   3.800492    33.8343       4733     3.2860 0.0000e+00
     59.000    11.1603   3.805080    33.8380       4755     3.3016 0.0000e+00
     58.000    11.2198   3.810900    33.8414       4777     3.3169 0.0000e+00
     57.000    11.4378   3.832443    33.8544       4800     3.3329 0.0000e+00
     56.000    11.6044   3.851874    33.8933       4826     3.3505 0.0000e+00
     55.000    11.5993   3.851806    33.8978       4853     3.3696 0.0000e+00
     54.000    11.5698   3.848552    33.8933       4881     3.3888 0.0000e+00
     53.000    11.5511   3.844356    33.8696       4905     3.4057 0.0000e+00
     52.000    11.7672   3.864543    33.8703       4927     3.4210 0.0000e+00
     51.000    12.0143   3.892759    33.9206       4950     3.4368 0.0000e+00
     50.000    12.1004   3.903629    33.9483       4977     3.4556 0.0000e+00
     49.000    11.8687   3.876735    33.8981       5008     3.4769 0.0000e+00
     48.000    11.6349   3.846535    33.8165       5035     3.4956 0.0000e+00
     47.000    11.4371   3.819898    33.7360       5058     3.5121 0.0000e+00
     46.000    11.0761   3.773772    33.6104       5083     3.5290 0.0000e+00
     45.000    10.8383   3.740098    33.4936       5107     3.5461 0.0000e+00
     44.000    10.7819   3.731611    33.4610       5131     3.5625 0.0000e+00
     43.000    10.7649   3.728599    33.4469       5155     3.5795 0.0000e+00
     42.000    10.7749   3.728423    33.4364       5181     3.5971 0.0000e+00
     41.000    10.7345   3.722755    33.4171       5208     3.6161 0.0000e+00
     40.000    11.0125   3.741981    33.3553       5240     3.6380 0.0000e+00
     39.000    12.6219   3.902983    33.4766       5271     3.6597 0.0000e+00
     38.000    13.0908   3.958775    33.5929       5297     3.6775 0.0000e+00
     37.000    13.2813   3.978013    33.6065       5318     3.6924 0.0000e+00
     36.000    13.5583   4.006127    33.6266       5338     3.7061 0.0000e+00
     35.000    14.3270   4.086782    33.7023       5357     3.7197 0.0000e+00
     34.000    15.0559   4.168908    33.8193       5379     3.7345 0.0000e+00
     33.000    15.9618   4.273530    33.9786       5405     3.7525 0.0000e+00
     32.000    16.2897   4.313876    34.0557       5439     3.7764 0.0000e+00
     31.000    16.4755   4.337524    34.1057       5474     3.8009 0.0000e+00
     30.000    16.5117   4.343499    34.1276       5502     3.8200 0.0000e+00
     29.000    16.7126   4.364407    34.1400       5526     3.8368 0.0000e+00
     28.000    17.0054   4.393955    34.1491       5548     3.8521 0.0000e+00
     27.000    17.3498   4.418423    34.0705       5569     3.8666 0.0000e+00
     26.000    18.2147   4.461734    33.7208       5590     3.8813 0.0000e+00
     25.000    19.0474   4.533824    33.6447       5615     3.8987 0.0000e+00
     24.000    20.0796   4.659488    33.8453       5646     3.9199 0.0000e+00
     23.000    21.1753   4.790393    34.0240       5678     3.9424 0.0000e+00
     22.000    22.3415   4.934231    34.2347       5706     3.9620 0.0000e+00
     21.000    22.7182   4.980125    34.2954       5731     3.9789 0.0000e+00
     20.000    23.3798   5.059958    34.3922       5753     3.9946 0.0000e+00
     19.000    23.8455   5.115172    34.4504       5776     4.0103 0.0000e+00
     18.000    24.4988   5.190422    34.5122       5800     4.0268 0.0000e+00
     17.000    24.7326   5.215810    34.5224       5825     4.0445 0.0000e+00
     16.000    24.8340   5.222045    34.4914       5853     4.0638 0.0000e+00
     15.000    24.8329   5.218535    34.4665       5880     4.0829 0.0000e+00
     14.000    24.9403   5.222014    34.4106       5907     4.1015 0.0000e+00
     13.000    24.9633   5.214383    34.3369       5935     4.1208 0.0000e+00
     12.000    24.9898   5.210641    34.2894       5962     4.1397 0.0000e+00
     11.000    25.1139   5.207993    34.1762       5986     4.1562 0.0000e+00
