HB2304/ctd067.cnv
* Sea-Bird SBE 9 Data File:
* FileName = C:\cruise\data\ctd067.hex
* Software Version Seasave V 7.26.7.121
* Temperature SN = 4591
* Conductivity SN = 3741
* Number of Bytes Per Scan = 37
* Number of Voltage Words = 4
* Number of Scans Averaged by the Deck Unit = 1
* NMEA Latitude = 39 05.87 N
* NMEA Longitude = 074 20.73 W
* NMEA UTC (Time) = Sep 25 2023  01:46:16
* NMEA baud rate = 4800
** Ship: Bigelow HB2304
** Program:  Fall Bottom Trawl Survey
** Chief Scientist: John Galbraith
# nquan = 7
# nvalues = 34                          
# units = specified
# name 0 = depSM: Depth [salt water, m]
# name 1 = t090C: Temperature [ITS-90, deg C]
# name 2 = c0S/m: Conductivity [S/m]
# name 3 = sal00: Salinity, Practical [PSU]
# name 4 = scan: Scan Count
# name 5 = timeM: Time, Elapsed [minutes]
# name 6 = flag: flag
# span 0 =      2.000,     19.000       
# span 1 =    20.0001,    20.3143       
# span 2 =   4.409217,   4.433961       
# span 3 =    31.7442,    31.9177       
# span 4 =        230,       3193       
# span 5 =     0.1592,     2.2163       
# span 6 = 0.0000e+00, 0.0000e+00       
# interval = meters: 1                  
# start_time = Sep 25 2023 01:46:16 [NMEA time, header]
# bad_flag = -9.990e-29
*END*
      3.000    20.2972   4.423276    31.7742        230     0.1592 0.0000e+00
      4.000    20.2909   4.424489    31.7884        422     0.2920 0.0000e+00
      5.000    20.2888   4.424478    31.7896        481     0.3330 0.0000e+00
      6.000    20.3004   4.424422    31.7800        557     0.3861 0.0000e+00
      7.000    20.3100   4.424883    31.7762        587     0.4070 0.0000e+00
      8.000    20.2855   4.425658    31.8005        641     0.4442 0.0000e+00
      9.000    20.2692   4.428088    31.8319        701     0.4859 0.0000e+00
     10.000    20.2387   4.428903    31.8612        759     0.5261 0.0000e+00
     11.000    20.1882   4.426686    31.8810        807     0.5597 0.0000e+00
     12.000    20.1688   4.428979    31.9138        871     0.6044 0.0000e+00
     13.000    20.1164   4.423159    31.9062        916     0.6351 0.0000e+00
     14.000    20.0824   4.418982    31.8979        955     0.6624 0.0000e+00
     15.000    20.0551   4.415720    31.8919       1051     0.7294 0.0000e+00
     16.000    20.0157   4.411203    31.8850       1086     0.7537 0.0000e+00
     17.000    20.0010   4.409933    31.8855       1116     0.7743 0.0000e+00
     18.000    20.0031   4.410481    31.8880       1189     0.8252 0.0000e+00
     19.000    20.0066   4.411122    31.8902       1426     0.9897 0.0000e+00
     18.000    20.0045   4.410627    31.8881       2149     1.4914 0.0000e+00
     17.000    20.0023   4.410154    31.8862       2464     1.7104 0.0000e+00
     16.000    20.0001   4.409561    31.8835       2505     1.7388 0.0000e+00
     15.000    20.0016   4.409217    31.8799       2539     1.7626 0.0000e+00
     14.000    20.0285   4.411863    31.8812       2568     1.7824 0.0000e+00
     13.000    20.0651   4.416116    31.8882       2596     1.8018 0.0000e+00
     12.000    20.0994   4.420047    31.8943       2628     1.8245 0.0000e+00
     11.000    20.1258   4.423418    31.9019       2670     1.8531 0.0000e+00
     10.000    20.1403   4.425254    31.9061       2713     1.8837 0.0000e+00
      9.000    20.1555   4.426854    31.9078       2737     1.8999 0.0000e+00
      8.000    20.1728   4.428679    31.9098       2756     1.9129 0.0000e+00
      7.000    20.2040   4.432564    31.9177       2774     1.9258 0.0000e+00
      6.000    20.2226   4.433961    31.9153       2799     1.9428 0.0000e+00
      5.000    20.2099   4.432874    31.9164       2835     1.9678 0.0000e+00
      4.000    20.2153   4.429855    31.8885       2868     1.9911 0.0000e+00
      3.000    20.2621   4.425115    31.8154       2894     2.0089 0.0000e+00
      2.000    20.3143   4.421106    31.7442       3193     2.2163 0.0000e+00
