HB2304/ctd018.cnv
* Sea-Bird SBE 9 Data File:
* FileName = C:\cruise\data\ctd018.hex
* Software Version Seasave V 7.26.7.121
* Temperature SN = 4591
* Conductivity SN = 3741
* Number of Bytes Per Scan = 37
* Number of Voltage Words = 4
* Number of Scans Averaged by the Deck Unit = 1
* NMEA Latitude = 37 35.74 N
* NMEA Longitude = 074 26.95 W
* NMEA UTC (Time) = Sep 13 2023  19:12:32
* NMEA baud rate = 4800
** Ship: Bigelow HB2304
** Program:  Fall Bottom Trawl Survey
** Chief Scientist: John Galbraith
# nquan = 7
# nvalues = 129                         
# units = specified
# name 0 = depSM: Depth [salt water, m]
# name 1 = t090C: Temperature [ITS-90, deg C]
# name 2 = c0S/m: Conductivity [S/m]
# name 3 = sal00: Salinity, Practical [PSU]
# name 4 = scan: Scan Count
# name 5 = timeM: Time, Elapsed [minutes]
# name 6 = flag: flag
# span 0 =      3.000,     67.000       
# span 1 =    10.2043,    27.3703       
# span 2 =   3.663234,   5.511587       
# span 3 =    33.2343,    35.6196       
# span 4 =         87,       4922       
# span 5 =     0.0596,     3.4176       
# span 6 = 0.0000e+00, 0.0000e+00       
# interval = meters: 1                  
# start_time = Sep 13 2023 19:12:32 [NMEA time, header]
# bad_flag = -9.990e-29
*END*
      3.000    26.7007   5.305760    33.7119         87     0.0596 0.0000e+00
      4.000    26.9238   5.352950    33.8838        211     0.1461 0.0000e+00
      5.000    26.9171   5.457333    34.6337        261     0.1806 0.0000e+00
      6.000    27.1103   5.495993    34.7650        307     0.2125 0.0000e+00
      7.000    26.8892   5.511300    35.0393        338     0.2341 0.0000e+00
      8.000    25.6857   5.335811    34.6820        362     0.2504 0.0000e+00
      9.000    24.9648   5.234753    34.4876        381     0.2638 0.0000e+00
     10.000    25.2031   5.305602    34.8288        399     0.2763 0.0000e+00
     11.000    25.1282   5.310013    34.9189        417     0.2887 0.0000e+00
     12.000    25.0673   5.302811    34.9122        436     0.3022 0.0000e+00
     13.000    25.0161   5.296836    34.9072        460     0.3187 0.0000e+00
     14.000    24.8958   5.283666    34.9022        493     0.3416 0.0000e+00
     15.000    24.8354   5.279444    34.9172        530     0.3671 0.0000e+00
     16.000    24.6030   5.262066    34.9678        558     0.3870 0.0000e+00
     17.000    24.2925   5.232060    34.9849        583     0.4043 0.0000e+00
     18.000    24.2843   5.251440    35.1367        609     0.4220 0.0000e+00
     19.000    24.3715   5.285105    35.3210        637     0.4417 0.0000e+00
     20.000    24.5822   5.341070    35.5742        667     0.4627 0.0000e+00
     21.000    23.6610   5.250260    35.6196        695     0.4819 0.0000e+00
     22.000    21.7052   4.990974    35.1892        718     0.4980 0.0000e+00
     23.000    20.5087   4.825817    34.8478        738     0.5120 0.0000e+00
     24.000    19.0549   4.659009    34.6782        758     0.5258 0.0000e+00
     25.000    17.5193   4.470487    34.3757        780     0.5411 0.0000e+00
     26.000    16.7320   4.380330    34.2638        808     0.5601 0.0000e+00
     27.000    15.5367   4.254850    34.1798        845     0.5860 0.0000e+00
     28.000    14.1893   4.102674    33.9724        883     0.6122 0.0000e+00
     29.000    13.7551   4.049817    33.8644        909     0.6306 0.0000e+00
     30.000    12.9675   3.973660    33.8461        930     0.6452 0.0000e+00
     31.000    12.1183   3.875961    33.6723        949     0.6583 0.0000e+00
     32.000    11.9577   3.856226    33.6251        968     0.6715 0.0000e+00
     33.000    11.8611   3.843675    33.5898        990     0.6865 0.0000e+00
     34.000    11.8224   3.838155    33.5706       1015     0.7045 0.0000e+00
     35.000    11.7827   3.832196    33.5479       1048     0.7273 0.0000e+00
     36.000    11.7479   3.827285    33.5310       1084     0.7523 0.0000e+00
     37.000    11.6488   3.816114    33.5109       1114     0.7732 0.0000e+00
     38.000    11.2902   3.779504    33.4756       1141     0.7915 0.0000e+00
     39.000    10.9789   3.745845    33.4250       1165     0.8084 0.0000e+00
     40.000    10.7814   3.723618    33.3834       1188     0.8246 0.0000e+00
     41.000    10.6140   3.705135    33.3510       1212     0.8410 0.0000e+00
     42.000    10.4651   3.691500    33.3499       1237     0.8582 0.0000e+00
     43.000    10.3371   3.678373    33.3347       1262     0.8757 0.0000e+00
     44.000    10.2485   3.670691    33.3381       1286     0.8924 0.0000e+00
     45.000    10.2289   3.669981    33.3486       1309     0.9081 0.0000e+00
     46.000    10.2274   3.672141    33.3712       1331     0.9234 0.0000e+00
     47.000    10.2285   3.672599    33.3744       1355     0.9400 0.0000e+00
     48.000    10.2742   3.677575    33.3823       1387     0.9628 0.0000e+00
     49.000    10.2901   3.679307    33.3847       1432     0.9935 0.0000e+00
     50.000    10.2690   3.677792    33.3883       1466     1.0173 0.0000e+00
     51.000    10.2470   3.675548    33.3854       1492     1.0352 0.0000e+00
     52.000    10.2077   3.671982    33.3851       1514     1.0504 0.0000e+00
     53.000    10.2043   3.671586    33.3838       1534     1.0643 0.0000e+00
     54.000    10.2054   3.671819    33.3847       1553     1.0776 0.0000e+00
     55.000    10.2103   3.672388    33.3855       1572     1.0910 0.0000e+00
     56.000    10.2319   3.675326    33.3949       1592     1.1051 0.0000e+00
     57.000    10.2584   3.679563    33.4129       1615     1.1206 0.0000e+00
     58.000    10.2623   3.680442    33.4177       1642     1.1394 0.0000e+00
     59.000    10.2621   3.680362    33.4166       1680     1.1658 0.0000e+00
     60.000    10.2618   3.680162    33.4144       1723     1.1960 0.0000e+00
     61.000    10.2617   3.680038    33.4129       1756     1.2189 0.0000e+00
     62.000    10.2638   3.680215    33.4123       1781     1.2363 0.0000e+00
     63.000    10.2775   3.681937    33.4166       1802     1.2508 0.0000e+00
     64.000    10.2872   3.683476    33.4228       1822     1.2645 0.0000e+00
     65.000    10.2926   3.684189    33.4245       1842     1.2785 0.0000e+00
     66.000    10.2976   3.684842    33.4261       1864     1.2936 0.0000e+00
     67.000    10.3053   3.685922    33.4294       1877     1.3028 0.0000e+00
     66.000    10.3046   3.685522    33.4265       2002     1.3899 0.0000e+00
     65.000    10.3203   3.686551    33.4228       2858     1.9839 0.0000e+00
     64.000    10.3157   3.685757    33.4196       3328     2.3106 0.0000e+00
     63.000    10.2976   3.683420    33.4131       3346     2.3232 0.0000e+00
     62.000    10.2810   3.680870    33.4030       3377     2.3444 0.0000e+00
     61.000    10.2753   3.679976    33.3998       3406     2.3644 0.0000e+00
     60.000    10.2684   3.678905    33.3957       3433     2.3836 0.0000e+00
     59.000    10.2634   3.678009    33.3917       3461     2.4031 0.0000e+00
     58.000    10.2629   3.677819    33.3906       3488     2.4216 0.0000e+00
     57.000    10.2622   3.677582    33.3894       3511     2.4377 0.0000e+00
     56.000    10.2615   3.677418    33.3887       3532     2.4522 0.0000e+00
     55.000    10.2516   3.675909    33.3831       3552     2.4660 0.0000e+00
     54.000    10.2355   3.673207    33.3711       3573     2.4805 0.0000e+00
     53.000    10.2145   3.669969    33.3581       3595     2.4961 0.0000e+00
     52.000    10.2070   3.668503    33.3506       3621     2.5136 0.0000e+00
     51.000    10.2073   3.667992    33.3456       3652     2.5357 0.0000e+00
     50.000    10.2470   3.671061    33.3405       3694     2.5645 0.0000e+00
     49.000    10.2705   3.673135    33.3404       3727     2.5877 0.0000e+00
     48.000    10.2966   3.675012    33.3358       3750     2.6034 0.0000e+00
     47.000    10.2865   3.673488    33.3302       3769     2.6167 0.0000e+00
     46.000    10.2542   3.669497    33.3199       3788     2.6298 0.0000e+00
     45.000    10.2390   3.666779    33.3069       3808     2.6438 0.0000e+00
     44.000    10.2316   3.663234    33.2783       3831     2.6596 0.0000e+00
     43.000    10.3001   3.666032    33.2442       3856     2.6773 0.0000e+00
     42.000    10.4509   3.678702    33.2343       3883     2.6958 0.0000e+00
     41.000    10.5364   3.686634    33.2363       3910     2.7144 0.0000e+00
     40.000    10.6243   3.694762    33.2382       3936     2.7327 0.0000e+00
     39.000    10.7566   3.706904    33.2395       3963     2.7513 0.0000e+00
     38.000    10.9312   3.725998    33.2716       3992     2.7718 0.0000e+00
     37.000    11.2534   3.758468    33.3017       4025     2.7943 0.0000e+00
     36.000    11.5731   3.792817    33.3515       4055     2.8154 0.0000e+00
     35.000    11.6940   3.807949    33.3911       4081     2.8336 0.0000e+00
     34.000    11.7557   3.814717    33.4021       4105     2.8497 0.0000e+00
     33.000    11.7834   3.818030    33.4100       4126     2.8643 0.0000e+00
     32.000    11.8174   3.821265    33.4113       4146     2.8785 0.0000e+00
     31.000    11.9192   3.831523    33.4202       4167     2.8928 0.0000e+00
     30.000    12.1051   3.848778    33.4213       4189     2.9081 0.0000e+00
     29.000    12.9386   3.929887    33.4567       4213     2.9251 0.0000e+00
     28.000    13.6831   4.013273    33.5869       4242     2.9450 0.0000e+00
     27.000    14.3615   4.085989    33.6680       4274     2.9675 0.0000e+00
     26.000    15.6759   4.223553    33.7803       4305     2.9888 0.0000e+00
     25.000    16.5183   4.321983    33.9349       4332     3.0078 0.0000e+00
     24.000    16.9025   4.362456    33.9637       4358     3.0256 0.0000e+00
     23.000    17.5948   4.433490    33.9952       4384     3.0438 0.0000e+00
     22.000    19.3604   4.637201    34.2460       4411     3.0626 0.0000e+00
     21.000    20.4108   4.773434    34.5038       4437     3.0804 0.0000e+00
     20.000    21.9915   4.966147    34.7622       4460     3.0962 0.0000e+00
     19.000    23.7373   5.202322    35.1957       4480     3.1106 0.0000e+00
     18.000    24.2338   5.263711    35.2690       4500     3.1244 0.0000e+00
     17.000    24.1653   5.229110    35.0624       4520     3.1385 0.0000e+00
     16.000    24.1423   5.196829    34.8373       4545     3.1556 0.0000e+00
     15.000    24.4585   5.224916    34.8025       4582     3.1811 0.0000e+00
     14.000    24.6820   5.250364    34.8198       4619     3.2067 0.0000e+00
     13.000    24.8242   5.262807    34.8028       4645     3.2251 0.0000e+00
     12.000    24.9334   5.273878    34.8011       4668     3.2410 0.0000e+00
     11.000    25.0525   5.286853    34.8058       4690     3.2561 0.0000e+00
     10.000    25.0926   5.291890    34.8125       4711     3.2712 0.0000e+00
      9.000    25.0859   5.278167    34.7163       4734     3.2869 0.0000e+00
      8.000    24.9095   5.214618    34.3812       4759     3.3045 0.0000e+00
      7.000    26.1356   5.362358    34.5336       4787     3.3236 0.0000e+00
      6.000    27.3703   5.511587    34.6811       4816     3.3437 0.0000e+00
      5.000    26.8138   5.344385    33.9040       4846     3.3646 0.0000e+00
      4.000    26.6968   5.306941    33.7226       4875     3.3850 0.0000e+00
      3.000    26.6818   5.293405    33.6370       4922     3.4176 0.0000e+00
