HB2304/ctd061.cnv
* Sea-Bird SBE 9 Data File:
* FileName = C:\cruise\data\ctd061.hex
* Software Version Seasave V 7.26.7.121
* Temperature SN = 4591
* Conductivity SN = 3741
* Number of Bytes Per Scan = 37
* Number of Voltage Words = 4
* Number of Scans Averaged by the Deck Unit = 1
* NMEA Latitude = 37 50.12 N
* NMEA Longitude = 075 06.76 W
* NMEA UTC (Time) = Sep 22 2023  02:48:06
* NMEA baud rate = 4800
** Ship: Bigelow HB2304
** Program:  Fall Bottom Trawl Survey
** Chief Scientist: John Galbraith
# nquan = 7
# nvalues = 33                          
# units = specified
# name 0 = depSM: Depth [salt water, m]
# name 1 = t090C: Temperature [ITS-90, deg C]
# name 2 = c0S/m: Conductivity [S/m]
# name 3 = sal00: Salinity, Practical [PSU]
# name 4 = scan: Scan Count
# name 5 = timeM: Time, Elapsed [minutes]
# name 6 = flag: flag
# span 0 =      2.000,     19.000       
# span 1 =    23.3299,    23.4193       
# span 2 =   4.669021,   4.677847       
# span 3 =    31.4640,    31.4698       
# span 4 =        354,       2770       
# span 5 =     0.2450,     1.9232       
# span 6 = 0.0000e+00, 0.0000e+00       
# interval = meters: 1                  
# start_time = Sep 22 2023 02:48:06 [NMEA time, header]
# bad_flag = -9.990e-29
*END*
      4.000    23.4134   4.676820    31.4676        354     0.2450 0.0000e+00
      5.000    23.4141   4.676851    31.4670        541     0.3752 0.0000e+00
      6.000    23.4100   4.676488    31.4668        584     0.4046 0.0000e+00
      7.000    23.4090   4.676406    31.4667        625     0.4334 0.0000e+00
      8.000    23.4067   4.676303    31.4672        677     0.4696 0.0000e+00
      9.000    23.4064   4.676330    31.4674        732     0.5079 0.0000e+00
     10.000    23.4062   4.676254    31.4666        785     0.5445 0.0000e+00
     11.000    23.4049   4.676215    31.4670        820     0.5688 0.0000e+00
     12.000    23.4028   4.675959    31.4662        854     0.5923 0.0000e+00
     13.000    23.4030   4.676017    31.4662        915     0.6348 0.0000e+00
     14.000    23.4056   4.676358    31.4666        979     0.6789 0.0000e+00
     15.000    23.3928   4.675098    31.4659       1018     0.7063 0.0000e+00
     16.000    23.3832   4.674262    31.4661       1058     0.7344 0.0000e+00
     17.000    23.3808   4.674067    31.4661       1112     0.7716 0.0000e+00
     18.000    23.3724   4.673530    31.4677       1171     0.8127 0.0000e+00
     19.000    23.3417   4.670429    31.4659       1885     1.3084 0.0000e+00
     18.000    23.3299   4.669021    31.4640       2314     1.6060 0.0000e+00
     17.000    23.3413   4.670122    31.4645       2206     1.5311 0.0000e+00
     16.000    23.3451   4.670558    31.4653       2249     1.5608 0.0000e+00
     15.000    23.3765   4.673351    31.4643       2291     1.5905 0.0000e+00
     14.000    23.3869   4.674522    31.4661       2324     1.6132 0.0000e+00
     13.000    23.3912   4.674889    31.4661       2351     1.6316 0.0000e+00
     12.000    23.3976   4.675423    31.4659       2375     1.6487 0.0000e+00
     11.000    23.4137   4.677155    31.4678       2398     1.6643 0.0000e+00
     10.000    23.4190   4.677744    31.4687       2417     1.6777 0.0000e+00
      9.000    23.4193   4.677847    31.4696       2435     1.6900 0.0000e+00
      8.000    23.4167   4.677110    31.4662       2452     1.7022 0.0000e+00
      7.000    23.4179   4.677629    31.4695       2473     1.7163 0.0000e+00
      6.000    23.4147   4.677309    31.4698       2499     1.7349 0.0000e+00
      5.000    23.4059   4.676236    31.4682       2535     1.7599 0.0000e+00
      4.000    23.4057   4.676177    31.4682       2576     1.7883 0.0000e+00
      3.000    23.4048   4.676162    31.4691       2603     1.8070 0.0000e+00
      2.000    23.4026   4.675878    31.4688       2770     1.9232 0.0000e+00
