HB2304/ctd043.cnv
* Sea-Bird SBE 9 Data File:
* FileName = C:\cruise\data\ctd043.hex
* Software Version Seasave V 7.26.7.121
* Temperature SN = 4591
* Conductivity SN = 3741
* Number of Bytes Per Scan = 37
* Number of Voltage Words = 4
* Number of Scans Averaged by the Deck Unit = 1
* NMEA Latitude = 34 35.10 N
* NMEA Longitude = 075 46.99 W
* NMEA UTC (Time) = Sep 19 2023  18:08:52
* NMEA baud rate = 4800
** Ship: Bigelow HB2304
** Program:  Fall Bottom Trawl Survey
** Chief Scientist: John Galbraith
# nquan = 7
# nvalues = 118                         
# units = specified
# name 0 = depSM: Depth [salt water, m]
# name 1 = t090C: Temperature [ITS-90, deg C]
# name 2 = c0S/m: Conductivity [S/m]
# name 3 = sal00: Salinity, Practical [PSU]
# name 4 = scan: Scan Count
# name 5 = timeM: Time, Elapsed [minutes]
# name 6 = flag: flag
# span 0 =      3.000,     62.000       
# span 1 =    25.9745,    29.2091       
# span 2 =   5.584633,   5.856195       
# span 3 =    35.6824,    36.2823       
# span 4 =        172,       4494       
# span 5 =     0.1186,     3.1203       
# span 6 = 0.0000e+00, 0.0000e+00       
# interval = meters: 1                  
# start_time = Sep 19 2023 18:08:52 [NMEA time, header]
# bad_flag = -9.990e-29
*END*
      4.000    29.1113   5.843417    35.7048        172     0.1186 0.0000e+00
      5.000    29.0770   5.839165    35.7008        303     0.2096 0.0000e+00
      6.000    29.0495   5.835180    35.6936        326     0.2259 0.0000e+00
      7.000    29.0319   5.833080    35.6919        351     0.2433 0.0000e+00
      8.000    29.0031   5.829673    35.6896        376     0.2605 0.0000e+00
      9.000    28.9865   5.827946    35.6898        404     0.2796 0.0000e+00
     10.000    28.9669   5.826213    35.6922        432     0.2996 0.0000e+00
     11.000    28.9461   5.824384    35.6948        459     0.3181 0.0000e+00
     12.000    28.9284   5.822874    35.6974        484     0.3356 0.0000e+00
     13.000    28.9055   5.820812    35.6999        510     0.3532 0.0000e+00
     14.000    28.8864   5.819052    35.7017        536     0.3717 0.0000e+00
     15.000    28.8801   5.818360    35.7014        563     0.3901 0.0000e+00
     16.000    28.8730   5.817867    35.7030        588     0.4078 0.0000e+00
     17.000    28.8699   5.817675    35.7037        614     0.4257 0.0000e+00
     18.000    28.8673   5.817599    35.7048        641     0.4446 0.0000e+00
     19.000    28.8671   5.817779    35.7059        669     0.4636 0.0000e+00
     20.000    28.8665   5.817984    35.7075        694     0.4816 0.0000e+00
     21.000    28.8674   5.818287    35.7086        720     0.4992 0.0000e+00
     22.000    28.8687   5.818615    35.7096        746     0.5172 0.0000e+00
     23.000    28.8703   5.819236    35.7124        772     0.5355 0.0000e+00
     24.000    28.8623   5.821138    35.7313        799     0.5539 0.0000e+00
     25.000    28.8449   5.824799    35.7694        825     0.5725 0.0000e+00
     26.000    28.8444   5.825202    35.7723        853     0.5915 0.0000e+00
     27.000    28.8335   5.824710    35.7767        880     0.6101 0.0000e+00
     28.000    28.8366   5.823264    35.7642        906     0.6282 0.0000e+00
     29.000    28.8423   5.824253    35.7664        932     0.6462 0.0000e+00
     30.000    28.7547   5.822470    35.8197        957     0.6640 0.0000e+00
     31.000    28.6724   5.822581    35.8821        983     0.6820 0.0000e+00
     32.000    28.6738   5.824019    35.8908       1008     0.6996 0.0000e+00
     33.000    28.6801   5.828595    35.9175       1033     0.7169 0.0000e+00
     34.000    28.6835   5.831316    35.9336       1061     0.7359 0.0000e+00
     35.000    28.6938   5.835580    35.9552       1090     0.7561 0.0000e+00
     36.000    28.6972   5.838423    35.9721       1115     0.7733 0.0000e+00
     37.000    28.6914   5.838190    35.9745       1137     0.7890 0.0000e+00
     38.000    28.6774   5.837715    35.9815       1163     0.8072 0.0000e+00
     39.000    28.6487   5.837532    36.0018       1198     0.8312 0.0000e+00
     40.000    28.6040   5.834745    36.0159       1229     0.8525 0.0000e+00
     41.000    28.5754   5.833012    36.0253       1250     0.8676 0.0000e+00
     42.000    28.5476   5.833425    36.0489       1270     0.8813 0.0000e+00
     43.000    28.4870   5.835518    36.1094       1291     0.8962 0.0000e+00
     44.000    28.4474   5.833266    36.1235       1318     0.9146 0.0000e+00
     45.000    28.2999   5.820616    36.1473       1351     0.9373 0.0000e+00
     46.000    27.9253   5.783365    36.1724       1380     0.9580 0.0000e+00
     47.000    27.8193   5.770598    36.1635       1404     0.9746 0.0000e+00
     48.000    27.7864   5.768151    36.1712       1427     0.9904 0.0000e+00
     49.000    27.7302   5.763258    36.1796       1452     1.0079 0.0000e+00
     50.000    27.6035   5.751802    36.1959       1480     1.0274 0.0000e+00
     51.000    27.4733   5.739837    36.2113       1509     1.0473 0.0000e+00
     52.000    27.3187   5.723383    36.2137       1536     1.0659 0.0000e+00
     53.000    27.2385   5.714492    36.2122       1559     1.0821 0.0000e+00
     54.000    27.1047   5.700783    36.2179       1580     1.0967 0.0000e+00
     55.000    26.9997   5.689250    36.2166       1603     1.1124 0.0000e+00
     56.000    26.9096   5.681686    36.2323       1634     1.1337 0.0000e+00
     57.000    26.8124   5.673370    36.2482       1672     1.1607 0.0000e+00
     58.000    26.5851   5.652888    36.2782       1701     1.1807 0.0000e+00
     59.000    26.2598   5.618194    36.2823       1722     1.1951 0.0000e+00
     60.000    26.0206   5.591729    36.2779       1740     1.2078 0.0000e+00
     61.000    25.9745   5.584633    36.2623       1758     1.2201 0.0000e+00
     62.000    25.9943   5.587157    36.2646       1765     1.2249 0.0000e+00
     61.000    26.0070   5.587747    36.2593       1804     1.2522 0.0000e+00
     60.000    26.0458   5.589300    36.2403       2531     1.7572 0.0000e+00
     59.000    26.1384   5.597878    36.2301       2957     2.0526 0.0000e+00
     58.000    26.4289   5.627700    36.2185       2983     2.0706 0.0000e+00
     57.000    26.7171   5.658946    36.2188       3018     2.0955 0.0000e+00
     56.000    26.8184   5.668940    36.2118       3052     2.1186 0.0000e+00
     55.000    26.9033   5.675626    36.1940       3081     2.1387 0.0000e+00
     54.000    26.9640   5.680606    36.1827       3104     2.1545 0.0000e+00
     53.000    27.0498   5.689515    36.1801       3127     2.1705 0.0000e+00
     52.000    27.1904   5.703933    36.1744       3152     2.1879 0.0000e+00
     51.000    27.3617   5.721506    36.1672       3178     2.2064 0.0000e+00
     50.000    27.4969   5.735766    36.1644       3205     2.2250 0.0000e+00
     49.000    27.6314   5.748102    36.1484       3230     2.2426 0.0000e+00
     48.000    27.7182   5.756817    36.1435       3254     2.2593 0.0000e+00
     47.000    27.7722   5.761892    36.1382       3279     2.2763 0.0000e+00
     46.000    27.8078   5.764954    36.1327       3307     2.2956 0.0000e+00
     45.000    27.8944   5.772352    36.1187       3336     2.3157 0.0000e+00
     44.000    28.1438   5.794706    36.0852       3361     2.3330 0.0000e+00
     43.000    28.4048   5.822099    36.0783       3383     2.3486 0.0000e+00
     42.000    28.4326   5.825191    36.0790       3407     2.3650 0.0000e+00
     41.000    28.4992   5.827802    36.0468       3434     2.3841 0.0000e+00
     40.000    28.5426   5.827723    36.0136       3464     2.4046 0.0000e+00
     39.000    28.5770   5.829312    35.9989       3488     2.4216 0.0000e+00
     38.000    28.6038   5.831464    35.9938       3509     2.4360 0.0000e+00
     37.000    28.6243   5.832209    35.9837       3530     2.4510 0.0000e+00
     36.000    28.6483   5.833351    35.9738       3560     2.4712 0.0000e+00
     35.000    28.6773   5.834672    35.9614       3594     2.4951 0.0000e+00
     34.000    28.6516   5.827548    35.9315       3621     2.5138 0.0000e+00
     33.000    28.6572   5.823168    35.8971       3643     2.5290 0.0000e+00
     32.000    28.6662   5.817641    35.8522       3663     2.5431 0.0000e+00
     31.000    28.6862   5.817484    35.8363       3684     2.5579 0.0000e+00
     30.000    28.7359   5.820558    35.8205       3709     2.5751 0.0000e+00
     29.000    28.7922   5.822123    35.7893       3741     2.5969 0.0000e+00
     28.000    28.8247   5.821190    35.7587       3772     2.6191 0.0000e+00
     27.000    28.8315   5.820917    35.7520       3797     2.6364 0.0000e+00
     26.000    28.8421   5.820514    35.7416       3819     2.6515 0.0000e+00
     25.000    28.8601   5.818737    35.7161       3841     2.6668 0.0000e+00
     24.000    28.8630   5.817769    35.7074       3865     2.6835 0.0000e+00
     23.000    28.8657   5.817549    35.7042       3891     2.7014 0.0000e+00
     22.000    28.8651   5.817530    35.7048       3918     2.7204 0.0000e+00
     21.000    28.8655   5.817527    35.7048       3946     2.7394 0.0000e+00
     20.000    28.8663   5.817683    35.7056       3972     2.7575 0.0000e+00
     19.000    28.8664   5.817662    35.7056       3999     2.7766 0.0000e+00
     18.000    28.8665   5.816786    35.6998       4028     2.7968 0.0000e+00
     17.000    28.8688   5.816764    35.6982       4053     2.8138 0.0000e+00
     16.000    28.8745   5.817165    35.6970       4073     2.8280 0.0000e+00
     15.000    28.8826   5.817754    35.6953       4094     2.8420 0.0000e+00
     14.000    28.8936   5.818638    35.6935       4117     2.8581 0.0000e+00
     13.000    28.9244   5.821427    35.6901       4149     2.8805 0.0000e+00
     12.000    28.9421   5.823069    35.6884       4182     2.9032 0.0000e+00
     11.000    28.9569   5.824307    35.6863       4206     2.9203 0.0000e+00
     10.000    28.9700   5.825358    35.6840       4228     2.9356 0.0000e+00
      9.000    28.9929   5.827561    35.6824       4252     2.9522 0.0000e+00
      8.000    29.0260   5.831224    35.6833       4281     2.9721 0.0000e+00
      7.000    29.0534   5.834585    35.6863       4309     2.9916 0.0000e+00
      6.000    29.0924   5.839776    35.6932       4332     3.0077 0.0000e+00
      5.000    29.1168   5.843743    35.7027       4353     3.0224 0.0000e+00
      4.000    29.1608   5.848608    35.7036       4376     3.0385 0.0000e+00
      3.000    29.2091   5.856195    35.7201       4494     3.1203 0.0000e+00
