HB2304/ctd044.cnv
* Sea-Bird SBE 9 Data File:
* FileName = C:\cruise\data\ctd044.hex
* Software Version Seasave V 7.26.7.121
* Temperature SN = 4591
* Conductivity SN = 3741
* Number of Bytes Per Scan = 37
* Number of Voltage Words = 4
* Number of Scans Averaged by the Deck Unit = 1
* NMEA Latitude = 34 26.63 N
* NMEA Longitude = 075 45.73 W
* NMEA UTC (Time) = Sep 19 2023  20:04:42
* NMEA baud rate = 4800
** Ship: Bigelow HB2304
** Program:  Fall Bottom Trawl Survey
** Chief Scientist: John Galbraith
# nquan = 7
# nvalues = 534                         
# units = specified
# name 0 = depSM: Depth [salt water, m]
# name 1 = t090C: Temperature [ITS-90, deg C]
# name 2 = c0S/m: Conductivity [S/m]
# name 3 = sal00: Salinity, Practical [PSU]
# name 4 = scan: Scan Count
# name 5 = timeM: Time, Elapsed [minutes]
# name 6 = flag: flag
# span 0 =      3.000,    270.000       
# span 1 =    11.9953,    28.6594       
# span 2 =   4.065021,   5.820331       
# span 3 =    35.5213,    36.5241       
# span 4 =        287,      17579       
# span 5 =     0.1989,    12.2073       
# span 6 = 0.0000e+00, 0.0000e+00       
# interval = meters: 1                  
# start_time = Sep 19 2023 20:04:42 [NMEA time, header]
# bad_flag = -9.990e-29
*END*
[from data line 206]
    210.000    15.3593   4.450821    36.0352       6047     4.1989 0.0000e+00
    211.000    15.2383   4.436616    36.0169       6073     4.2168 0.0000e+00
    212.000    15.1951   4.432090    36.0149       6098     4.2341 0.0000e+00
    213.000    15.1531   4.427472    36.0111       6127     4.2539 0.0000e+00
    214.000    15.1471   4.426413    36.0065       6160     4.2767 0.0000e+00
    215.000    15.1476   4.426308    36.0047       6190     4.2979 0.0000e+00
    216.000    15.1361   4.425047    36.0033       6215     4.3152 0.0000e+00
    217.000    15.1250   4.423815    36.0019       6239     4.3321 0.0000e+00
    218.000    15.0886   4.419706    35.9975       6267     4.3512 0.0000e+00
    219.000    15.0814   4.418672    35.9943       6296     4.3714 0.0000e+00
    220.000    15.0568   4.415822    35.9905       6322     4.3893 0.0000e+00
    221.000    15.0487   4.414939    35.9895       6344     4.4051 0.0000e+00
    222.000    14.9877   4.408485    35.9862       6368     4.4213 0.0000e+00
    223.000    14.9317   4.401657    35.9748       6395     4.4401 0.0000e+00
    224.000    14.9281   4.401023    35.9720       6429     4.4636 0.0000e+00
    225.000    14.8891   4.396830    35.9691       6463     4.4878 0.0000e+00
    226.000    14.8227   4.388903    35.9572       6491     4.5069 0.0000e+00
    227.000    14.7191   4.377147    35.9444       6515     4.5236 0.0000e+00
    228.000    14.6220   4.365825    35.9295       6539     4.5401 0.0000e+00
    229.000    14.5485   4.356756    35.9134       6564     4.5576 0.0000e+00
    230.000    14.4937   4.350289    35.9039       6590     4.5758 0.0000e+00
    231.000    14.4624   4.346570    35.8981       6618     4.5952 0.0000e+00
    232.000    14.4015   4.339726    35.8907       6647     4.6154 0.0000e+00
    233.000    14.3591   4.334805    35.8840       6676     4.6354 0.0000e+00
    234.000    14.2908   4.326981    35.8744       6704     4.6550 0.0000e+00
    235.000    14.2382   4.320911    35.8663       6731     4.6735 0.0000e+00
    236.000    14.1620   4.312382    35.8574       6757     4.6917 0.0000e+00
    237.000    14.0544   4.300321    35.8446       6785     4.7110 0.0000e+00
    238.000    13.9386   4.287054    35.8279       6815     4.7317 0.0000e+00
    239.000    13.9092   4.283185    35.8187       6844     4.7520 0.0000e+00
    240.000    13.8947   4.281347    35.8146       6870     4.7699 0.0000e+00
    241.000    13.8941   4.281126    35.8127       6892     4.7857 0.0000e+00
    242.000    13.8819   4.279860    35.8118       6915     4.8012 0.0000e+00
    243.000    13.8470   4.276038    35.8080       6941     4.8194 0.0000e+00
    244.000    13.8129   4.272115    35.8026       6974     4.8420 0.0000e+00
    245.000    13.7862   4.269055    35.7983       7007     4.8653 0.0000e+00
    246.000    13.7566   4.265888    35.7958       7036     4.8852 0.0000e+00
    247.000    13.6853   4.258158    35.7894       7060     4.9024 0.0000e+00
    248.000    13.6256   4.251052    35.7778       7086     4.9199 0.0000e+00
    249.000    13.5866   4.246750    35.7733       7114     4.9393 0.0000e+00
    250.000    13.5399   4.241358    35.7657       7141     4.9585 0.0000e+00
    251.000    13.5174   4.238565    35.7599       7166     4.9756 0.0000e+00
    252.000    13.4962   4.236377    35.7587       7190     4.9924 0.0000e+00
    253.000    13.4690   4.233010    35.7519       7217     5.0111 0.0000e+00
    254.000    13.4635   4.232438    35.7512       7247     5.0320 0.0000e+00
    255.000    13.4454   4.230436    35.7488       7277     5.0526 0.0000e+00
    256.000    13.4141   4.226810    35.7434       7303     5.0712 0.0000e+00
    257.000    13.3452   4.219845    35.7415       7329     5.0890 0.0000e+00
    258.000    13.3080   4.214933    35.7295       7356     5.1078 0.0000e+00
    259.000    13.2430   4.208428    35.7283       7385     5.1280 0.0000e+00
    260.000    13.0386   4.187422    35.7199       7413     5.1469 0.0000e+00
    261.000    12.7109   4.150903    35.6788       7438     5.1644 0.0000e+00
    262.000    12.5279   4.130100    35.6511       7463     5.1819 0.0000e+00
    263.000    12.3360   4.108106    35.6198       7491     5.2016 0.0000e+00
    264.000    12.2820   4.101080    35.6026       7523     5.2235 0.0000e+00
    265.000    12.2415   4.096415    35.5953       7551     5.2432 0.0000e+00
    266.000    12.1693   4.088677    35.5881       7576     5.2603 0.0000e+00
    267.000    12.1338   4.083960    35.5755       7600     5.2768 0.0000e+00
    268.000    12.1469   4.085222    35.5750       7624     5.2940 0.0000e+00
    269.000    12.0963   4.080530    35.5769       7652     5.3133 0.0000e+00
    270.000    11.9953   4.065021    35.5213       9540     6.6240 0.0000e+00
    269.000    12.0534   4.072924    35.5435       9297     6.4555 0.0000e+00
    268.000    12.0429   4.071492    35.5400       9248     6.4216 0.0000e+00
    267.000    12.0954   4.076836    35.5426       9269     6.4360 0.0000e+00
    266.000    12.1312   4.081037    35.5500       9291     6.4513 0.0000e+00
    265.000    12.2004   4.088219    35.5546       9320     6.4716 0.0000e+00
    264.000    12.2785   4.097517    35.5712       9607     6.6706 0.0000e+00
    263.000    12.3041   4.100041    35.5719       9680     6.7215 0.0000e+00
    262.000    12.4294   4.112901    35.5782       9713     6.7442 0.0000e+00
    261.000    12.4979   4.121159    35.5936       9739     6.7622 0.0000e+00
    260.000    12.5680   4.128255    35.5963       9764     6.7798 0.0000e+00
    259.000    12.9605   4.168596    35.6139       9793     6.7998 0.0000e+00
    258.000    13.2825   4.206709    35.6753       9821     6.8191 0.0000e+00
    257.000    13.3487   4.215245    35.6947       9843     6.8349 0.0000e+00
    256.000    13.3875   4.220114    35.7049       9864     6.8495 0.0000e+00
    255.000    13.4322   4.225259    35.7122       9887     6.8650 0.0000e+00
    254.000    13.4524   4.227946    35.7191       9913     6.8833 0.0000e+00
    253.000    13.4792   4.230994    35.7232       9945     6.9057 0.0000e+00
    252.000    13.5094   4.234710    35.7306       9978     6.9286 0.0000e+00
    251.000    13.5183   4.235918    35.7341      10008     6.9490 0.0000e+00
    250.000    13.5327   4.237544    35.7364      10034     6.9673 0.0000e+00
    249.000    13.5451   4.238860    35.7377      10058     6.9839 0.0000e+00
    248.000    13.5801   4.242624    35.7409      10081     7.0002 0.0000e+00
    247.000    13.6444   4.249472    35.7457      10106     7.0173 0.0000e+00
    246.000    13.7146   4.257506    35.7563      10132     7.0357 0.0000e+00
    245.000    13.7581   4.262727    35.7652      10159     7.0545 0.0000e+00
    244.000    13.8020   4.267573    35.7701      10186     7.0727 0.0000e+00
    243.000    13.8227   4.270201    35.7759      10211     7.0905 0.0000e+00
    242.000    13.8746   4.275751    35.7801      10238     7.1087 0.0000e+00
    241.000    13.9030   4.279251    35.7868      10265     7.1277 0.0000e+00
    240.000    13.9189   4.281144    35.7902      10295     7.1484 0.0000e+00
    239.000    13.9241   4.281850    35.7923      10324     7.1689 0.0000e+00
    238.000    13.9300   4.282490    35.7932      10350     7.1869 0.0000e+00
    237.000    13.9670   4.286059    35.7927      10375     7.2043 0.0000e+00
    236.000    14.0566   4.295875    35.8015      10401     7.2221 0.0000e+00
    235.000    14.1350   4.304711    35.8114      10428     7.2408 0.0000e+00
    234.000    14.2203   4.314695    35.8256      10454     7.2593 0.0000e+00
    233.000    14.2954   4.323236    35.8357      10479     7.2767 0.0000e+00
    232.000    14.3624   4.331025    35.8463      10504     7.2939 0.0000e+00
    231.000    14.4048   4.336245    35.8558      10529     7.3109 0.0000e+00
    230.000    14.4700   4.343366    35.8618      10554     7.3285 0.0000e+00
    229.000    14.5195   4.349263    35.8709      10584     7.3491 0.0000e+00
    228.000    14.5825   4.356626    35.8811      10617     7.3722 0.0000e+00
    227.000    14.6461   4.364006    35.8908      10646     7.3921 0.0000e+00
    226.000    14.6991   4.370289    35.9002      10669     7.4082 0.0000e+00
    225.000    14.7367   4.374920    35.9085      10690     7.4232 0.0000e+00
    224.000    14.8236   4.384637    35.9180      10714     7.4394 0.0000e+00
    223.000    14.9106   4.395412    35.9371      10744     7.4607 0.0000e+00
    222.000    14.9435   4.399511    35.9448      10780     7.4852 0.0000e+00
    221.000    14.9656   4.402280    35.9502      10806     7.5032 0.0000e+00
    220.000    14.9806   4.403944    35.9521      10826     7.5175 0.0000e+00
    219.000    15.0010   4.406441    35.9565      10847     7.5317 0.0000e+00
    218.000    15.0230   4.408955    35.9596      10870     7.5477 0.0000e+00
    217.000    15.0645   4.413432    35.9628      10898     7.5676 0.0000e+00
    216.000    15.1136   4.419300    35.9716      10931     7.5905 0.0000e+00
    215.000    15.1302   4.421426    35.9762      10962     7.6115 0.0000e+00
    214.000    15.1345   4.421994    35.9778      10988     7.6300 0.0000e+00
    213.000    15.1437   4.422834    35.9775      11014     7.6477 0.0000e+00
    212.000    15.1857   4.427062    35.9778      11039     7.6653 0.0000e+00
    211.000    15.2733   4.435062    35.9706      11065     7.6836 0.0000e+00
    210.000    15.5194   4.460539    35.9767      11091     7.7015 0.0000e+00
    209.000    15.6950   4.481794    36.0086      11116     7.7188 0.0000e+00
    208.000    15.7770   4.491777    36.0242      11141     7.7361 0.0000e+00
    207.000    15.8247   4.497301    36.0307      11167     7.7543 0.0000e+00
    206.000    15.8445   4.500063    36.0379      11195     7.7733 0.0000e+00
    205.000    15.8734   4.503358    36.0416      11223     7.7934 0.0000e+00
    204.000    15.9135   4.508038    36.0475      11255     7.8150 0.0000e+00
    203.000    15.9476   4.511934    36.0518      11283     7.8347 0.0000e+00
    202.000    15.9857   4.516385    36.0573      11308     7.8519 0.0000e+00
    201.000    16.0104   4.519146    36.0600      11333     7.8694 0.0000e+00
    200.000    16.0213   4.520677    36.0643      11361     7.8890 0.0000e+00
    199.000    16.0345   4.522137    36.0657      11391     7.9095 0.0000e+00
    198.000    16.0472   4.523654    36.0681      11420     7.9296 0.0000e+00
    197.000    16.0643   4.525442    36.0690      11448     7.9496 0.0000e+00
    196.000    16.0990   4.529170    36.0712      11477     7.9698 0.0000e+00
    195.000    16.1590   4.535572    36.0742      11508     7.9907 0.0000e+00
    194.000    16.2391   4.544587    36.0823      11541     8.0138 0.0000e+00
    193.000    16.2913   4.550668    36.0895      11575     8.0378 0.0000e+00
    192.000    16.3230   4.554333    36.0938      11606     8.0592 0.0000e+00
    191.000    16.3748   4.560196    36.0994      11633     8.0780 0.0000e+00
    190.000    16.4423   4.567423    36.1029      11660     8.0968 0.0000e+00
    189.000    16.4887   4.572934    36.1101      11689     8.1164 0.0000e+00
    188.000    16.5300   4.577659    36.1150      11717     8.1360 0.0000e+00
    187.000    16.5553   4.580730    36.1198      11742     8.1536 0.0000e+00
    186.000    16.5752   4.582966    36.1220      11768     8.1715 0.0000e+00
    185.000    16.5981   4.585499    36.1241      11796     8.1909 0.0000e+00
    184.000    16.6356   4.589547    36.1264      11825     8.2111 0.0000e+00
    183.000    16.6633   4.592765    36.1301      11852     8.2298 0.0000e+00
    182.000    16.6966   4.596392    36.1326      11878     8.2480 0.0000e+00
    181.000    16.8031   4.606969    36.1302      11905     8.2670 0.0000e+00
    180.000    16.9039   4.618497    36.1412      11933     8.2861 0.0000e+00
    179.000    17.0737   4.636262    36.1448      11959     8.3039 0.0000e+00
    178.000    17.1885   4.649646    36.1592      11982     8.3204 0.0000e+00
    177.000    17.2871   4.661173    36.1718      12007     8.3372 0.0000e+00
    176.000    17.3126   4.665381    36.1860      12034     8.3560 0.0000e+00
    175.000    17.3654   4.671018    36.1882      12063     8.3764 0.0000e+00
    174.000    17.3995   4.675402    36.1963      12092     8.3962 0.0000e+00
    173.000    17.4404   4.679944    36.1995      12117     8.4136 0.0000e+00
    172.000    17.4650   4.683098    36.2053      12140     8.4297 0.0000e+00
    171.000    17.4969   4.686558    36.2073      12165     8.4470 0.0000e+00
    170.000    17.5330   4.690856    36.2127      12195     8.4680 0.0000e+00
    169.000    17.5669   4.694028    36.2103      12224     8.4879 0.0000e+00
    168.000    17.7493   4.713071    36.2127      12248     8.5049 0.0000e+00
    167.000    17.8176   4.722195    36.2310      12271     8.5207 0.0000e+00
    166.000    17.8728   4.729406    36.2444      12294     8.5366 0.0000e+00
    165.000    17.9361   4.736333    36.2481      12320     8.5550 0.0000e+00
    164.000    18.0724   4.751303    36.2560      12351     8.5764 0.0000e+00
    163.000    18.2048   4.766670    36.2706      12380     8.5968 0.0000e+00
    162.000    18.2678   4.773884    36.2768      12408     8.6156 0.0000e+00
    161.000    18.3362   4.781798    36.2842      12433     8.6335 0.0000e+00
    160.000    18.3570   4.784471    36.2889      12459     8.6511 0.0000e+00
    159.000    18.4139   4.790203    36.2878      12484     8.6688 0.0000e+00
    158.000    18.4701   4.796548    36.2926      12508     8.6855 0.0000e+00
    157.000    18.5384   4.803981    36.2959      12531     8.7011 0.0000e+00
    156.000    18.5792   4.809550    36.3075      12554     8.7171 0.0000e+00
    155.000    18.6585   4.818492    36.3138      12580     8.7352 0.0000e+00
    154.000    18.7158   4.825727    36.3250      12612     8.7576 0.0000e+00
    153.000    18.7785   4.833353    36.3346      12646     8.7814 0.0000e+00
    152.000    18.8674   4.842996    36.3382      12673     8.8003 0.0000e+00
    151.000    19.0138   4.859096    36.3456      12698     8.8171 0.0000e+00
    150.000    19.1886   4.878673    36.3572      12720     8.8329 0.0000e+00
    149.000    19.3755   4.898984    36.3640      12742     8.8482 0.0000e+00
    148.000    19.5249   4.917130    36.3853      12766     8.8644 0.0000e+00
    147.000    19.6816   4.933458    36.3849      12790     8.8814 0.0000e+00
    146.000    19.9107   4.958618    36.3945      12817     8.8999 0.0000e+00
    145.000    19.9252   4.961555    36.4065      12846     8.9202 0.0000e+00
    144.000    20.0802   4.975946    36.3913      12875     8.9400 0.0000e+00
    143.000    20.2068   4.990101    36.3986      12902     8.9591 0.0000e+00
    142.000    20.2909   4.999850    36.4063      12930     8.9786 0.0000e+00
    141.000    20.3580   5.007048    36.4078      12958     8.9980 0.0000e+00
    140.000    20.3951   5.011288    36.4108      12985     9.0167 0.0000e+00
    139.000    20.4438   5.016248    36.4098      13009     9.0335 0.0000e+00
    138.000    20.4878   5.020175    36.4043      13032     9.0495 0.0000e+00
    137.000    20.5282   5.024146    36.4023      13056     9.0659 0.0000e+00
    136.000    20.5967   5.030936    36.3992      13081     9.0832 0.0000e+00
    135.000    20.7225   5.045068    36.4066      13106     9.1008 0.0000e+00
    134.000    20.8053   5.055602    36.4215      13133     9.1191 0.0000e+00
    133.000    20.8232   5.058289    36.4282      13162     9.1397 0.0000e+00
    132.000    20.8549   5.062583    36.4363      13194     9.1616 0.0000e+00
    131.000    20.8908   5.067057    36.4421      13222     9.1811 0.0000e+00
    130.000    20.9429   5.074113    36.4550      13245     9.1974 0.0000e+00
    129.000    21.0050   5.080024    36.4500      13267     9.2127 0.0000e+00
    128.000    21.0599   5.085848    36.4505      13291     9.2293 0.0000e+00
    127.000    21.1278   5.092125    36.4435      13320     9.2496 0.0000e+00
