HB2304/ctd017.cnv
* Sea-Bird SBE 9 Data File:
* FileName = C:\cruise\data\ctd017.hex
* Software Version Seasave V 7.26.7.121
* Temperature SN = 4591
* Conductivity SN = 3741
* Number of Bytes Per Scan = 37
* Number of Voltage Words = 4
* Number of Scans Averaged by the Deck Unit = 1
* NMEA Latitude = 37 35.22 N
* NMEA Longitude = 074 21.47 W
* NMEA UTC (Time) = Sep 13 2023  17:35:03
* NMEA baud rate = 4800
** Ship: Bigelow HB2304
** Program:  Fall Bottom Trawl Survey
** Chief Scientist: John Galbraith
# nquan = 7
# nvalues = 179                         
# units = specified
# name 0 = depSM: Depth [salt water, m]
# name 1 = t090C: Temperature [ITS-90, deg C]
# name 2 = c0S/m: Conductivity [S/m]
# name 3 = sal00: Salinity, Practical [PSU]
# name 4 = scan: Scan Count
# name 5 = timeM: Time, Elapsed [minutes]
# name 6 = flag: flag
# span 0 =      3.000,     92.000       
# span 1 =    10.0946,    28.8082       
# span 2 =   3.648145,   5.855539       
# span 3 =    33.2435,    36.0718       
# span 4 =        123,       7063       
# span 5 =     0.0849,     4.9041       
# span 6 = 0.0000e+00, 0.0000e+00       
# interval = meters: 1                  
# start_time = Sep 13 2023 17:35:03 [NMEA time, header]
# bad_flag = -9.990e-29
*END*
      3.000    26.5907   5.276184    33.5802        123     0.0849 0.0000e+00
      4.000    26.6369   5.292536    33.6632        280     0.1940 0.0000e+00
      5.000    26.8703   5.345030    33.8674        301     0.2086 0.0000e+00
      6.000    27.0663   5.396563    34.0903        330     0.2287 0.0000e+00
      7.000    28.6123   5.772465    35.5849        361     0.2499 0.0000e+00
      8.000    28.7844   5.846891    35.9734        391     0.2706 0.0000e+00
      9.000    28.7623   5.850292    36.0134        418     0.2899 0.0000e+00
     10.000    28.7548   5.853880    36.0437        445     0.3085 0.0000e+00
     11.000    28.6831   5.850144    36.0718        470     0.3258 0.0000e+00
     12.000    28.4389   5.819691    36.0448        492     0.3413 0.0000e+00
     13.000    27.6546   5.713602    35.8967        513     0.3552 0.0000e+00
     14.000    26.9459   5.609339    35.6974        532     0.3687 0.0000e+00
     15.000    26.6291   5.560108    35.5870        552     0.3828 0.0000e+00
     16.000    25.9202   5.461676    35.4196        577     0.3997 0.0000e+00
     17.000    25.5330   5.401079    35.2754        613     0.4253 0.0000e+00
     18.000    25.1272   5.344360    35.1716        660     0.4576 0.0000e+00
     19.000    24.4633   5.258156    35.0463        690     0.4784 0.0000e+00
     20.000    23.5273   5.135555    34.8532        711     0.4931 0.0000e+00
     21.000    23.5024   5.140551    34.9104        729     0.5056 0.0000e+00
     22.000    24.0141   5.236960    35.2389        747     0.5180 0.0000e+00
     23.000    24.2057   5.292730    35.5086        767     0.5322 0.0000e+00
     24.000    24.2213   5.307341    35.6061        797     0.5527 0.0000e+00
     25.000    24.3516   5.336518    35.7220        837     0.5806 0.0000e+00
     26.000    23.8352   5.286015    35.7526        869     0.6026 0.0000e+00
     27.000    23.1327   5.195369    35.6255        890     0.6173 0.0000e+00
     28.000    22.6376   5.132021    35.5361        908     0.6299 0.0000e+00
     29.000    21.9318   5.042890    35.4130        926     0.6425 0.0000e+00
     30.000    19.6434   4.776437    35.1554        948     0.6573 0.0000e+00
     31.000    17.5893   4.524000    34.7717        979     0.6790 0.0000e+00
     32.000    15.5502   4.280820    34.4003       1020     0.7078 0.0000e+00
     33.000    13.1519   4.013873    34.0598       1051     0.7289 0.0000e+00
     34.000    12.0888   3.888172    33.8150       1073     0.7443 0.0000e+00
     35.000    11.1489   3.776858    33.5793       1093     0.7585 0.0000e+00
     36.000    10.7075   3.733105    33.5473       1116     0.7745 0.0000e+00
     37.000    10.5318   3.710381    33.4807       1150     0.7982 0.0000e+00
     38.000    10.2691   3.682447    33.4407       1190     0.8258 0.0000e+00
     39.000    10.1254   3.665248    33.3986       1217     0.8442 0.0000e+00
     40.000    10.1184   3.662277    33.3745       1236     0.8575 0.0000e+00
     41.000    10.1093   3.660304    33.3624       1252     0.8688 0.0000e+00
     42.000    10.0960   3.658437    33.3553       1268     0.8796 0.0000e+00
     43.000    10.0946   3.658136    33.3531       1284     0.8910 0.0000e+00
     44.000    10.1046   3.659168    33.3539       1304     0.9049 0.0000e+00
     45.000    10.1136   3.660275    33.3564       1341     0.9305 0.0000e+00
     46.000    10.1285   3.661206    33.3516       1403     0.9735 0.0000e+00
     47.000    10.1401   3.662480    33.3534       1434     0.9952 0.0000e+00
     48.000    10.1482   3.663230    33.3531       1456     1.0106 0.0000e+00
     49.000    10.1750   3.666430    33.3604       1476     1.0241 0.0000e+00
     50.000    10.1854   3.667984    33.3661       1494     1.0370 0.0000e+00
     51.000    10.1930   3.669202    33.3710       1513     1.0503 0.0000e+00
     52.000    10.2025   3.670554    33.3755       1535     1.0650 0.0000e+00
     53.000    10.2196   3.672951    33.3836       1560     1.0826 0.0000e+00
     54.000    10.2485   3.677304    33.4005       1588     1.1024 0.0000e+00
     55.000    10.2468   3.676809    33.3966       1617     1.1220 0.0000e+00
     56.000    10.2731   3.680326    33.4075       1645     1.1415 0.0000e+00
     57.000    10.3309   3.689560    33.4471       1673     1.1611 0.0000e+00
     58.000    10.3516   3.692977    33.4620       1700     1.1802 0.0000e+00
     59.000    10.3563   3.693664    33.4642       1729     1.1997 0.0000e+00
     60.000    10.3596   3.693998    33.4641       1757     1.2195 0.0000e+00
     61.000    10.3639   3.694575    33.4655       1784     1.2381 0.0000e+00
     62.000    10.3752   3.695892    33.4679       1809     1.2554 0.0000e+00
     63.000    10.4290   3.702598    33.4855       1833     1.2721 0.0000e+00
     64.000    10.5547   3.719393    33.5382       1858     1.2895 0.0000e+00
     65.000    10.6526   3.734178    33.5959       1886     1.3088 0.0000e+00
     66.000    10.7567   3.752247    33.6805       1916     1.3297 0.0000e+00
     67.000    10.7886   3.757724    33.7054       1946     1.3504 0.0000e+00
     68.000    10.8176   3.762392    33.7249       1974     1.3698 0.0000e+00
     69.000    10.8728   3.770419    33.7537       1999     1.3873 0.0000e+00
     70.000    11.0105   3.788936    33.8107       2022     1.4038 0.0000e+00
     71.000    11.1222   3.806049    33.8775       2046     1.4202 0.0000e+00
     72.000    11.1786   3.814368    33.9075       2069     1.4361 0.0000e+00
     73.000    11.2206   3.820350    33.9276       2091     1.4512 0.0000e+00
     74.000    11.2860   3.828589    33.9484       2113     1.4669 0.0000e+00
     75.000    11.4389   3.848808    34.0067       2142     1.4865 0.0000e+00
     76.000    11.5059   3.857986    34.0350       2185     1.5165 0.0000e+00
     77.000    11.7376   3.886219    34.0986       2223     1.5430 0.0000e+00
     78.000    11.8519   3.901765    34.1450       2248     1.5606 0.0000e+00
     79.000    12.1613   3.946524    34.2961       2271     1.5761 0.0000e+00
     80.000    12.1905   3.953069    34.3324       2294     1.5925 0.0000e+00
     81.000    12.1953   3.954330    34.3399       2322     1.6115 0.0000e+00
     82.000    12.2311   3.959028    34.3520       2351     1.6316 0.0000e+00
     83.000    12.2647   3.963694    34.3659       2374     1.6479 0.0000e+00
     84.000    12.3692   3.979088    34.4184       2393     1.6609 0.0000e+00
     85.000    12.5942   4.014238    34.5500       2409     1.6724 0.0000e+00
     86.000    12.5932   4.019385    34.5999       2426     1.6842 0.0000e+00
     87.000    12.8340   4.056052    34.7295       2446     1.6982 0.0000e+00
     88.000    12.9687   4.079804    34.8320       2496     1.7324 0.0000e+00
     89.000    13.1514   4.107257    34.9249       2570     1.7842 0.0000e+00
     90.000    13.2220   4.119053    34.9715       2601     1.8057 0.0000e+00
     91.000    13.3422   4.137815    35.0382       2641     1.8334 0.0000e+00
     92.000    13.3908   4.149593    35.1045       3708     2.5746 0.0000e+00
     91.000    13.3526   4.141455    35.0632       3691     2.5625 0.0000e+00
     90.000    13.3056   4.134380    35.0399       3760     2.6103 0.0000e+00
     89.000    13.2793   4.129937    35.0224       4069     2.8253 0.0000e+00
     88.000    13.1508   4.112186    34.9727       4061     2.8197 0.0000e+00
     87.000    12.9821   4.087430    34.8929       4084     2.8353 0.0000e+00
     86.000    12.7744   4.055449    34.7790       4106     2.8506 0.0000e+00
     85.000    12.6380   4.030033    34.6614       4127     2.8653 0.0000e+00
     84.000    12.5188   4.010106    34.5799       4150     2.8812 0.0000e+00
     83.000    12.3064   3.976710    34.4535       4173     2.8974 0.0000e+00
     82.000    12.2233   3.961543    34.3835       4197     2.9140 0.0000e+00
     81.000    12.2113   3.959081    34.3711       4222     2.9316 0.0000e+00
     80.000    12.1877   3.955703    34.3606       4250     2.9508 0.0000e+00
     79.000    12.1706   3.952876    34.3493       4284     2.9740 0.0000e+00
     78.000    12.1640   3.951492    34.3424       4324     3.0018 0.0000e+00
     77.000    12.1237   3.946367    34.3301       4359     3.0266 0.0000e+00
     76.000    11.8509   3.908683    34.2145       4385     3.0441 0.0000e+00
     75.000    11.6711   3.885241    34.1510       4404     3.0579 0.0000e+00
     74.000    11.5087   3.862882    34.0815       4422     3.0703 0.0000e+00
     73.000    11.3980   3.848370    34.0410       4440     3.0824 0.0000e+00
     72.000    11.2775   3.831751    33.9884       4458     3.0948 0.0000e+00
     71.000    11.1888   3.819470    33.9491       4477     3.1085 0.0000e+00
     70.000    11.1192   3.808793    33.9079       4500     3.1244 0.0000e+00
     69.000    10.9625   3.787243    33.8386       4531     3.1459 0.0000e+00
     68.000    10.8635   3.770947    33.7679       4577     3.1777 0.0000e+00
     67.000    10.8748   3.771742    33.7659       4614     3.2035 0.0000e+00
     66.000    10.8398   3.766756    33.7489       4637     3.2196 0.0000e+00
     65.000    10.8111   3.762090    33.7292       4659     3.2344 0.0000e+00
     64.000    10.7210   3.748495    33.6768       4682     3.2504 0.0000e+00
     63.000    10.5879   3.726868    33.5831       4708     3.2685 0.0000e+00
     62.000    10.4734   3.710110    33.5206       4735     3.2872 0.0000e+00
     61.000    10.4167   3.701827    33.4899       4759     3.3041 0.0000e+00
     60.000    10.3735   3.695424    33.4656       4781     3.3193 0.0000e+00
     59.000    10.3669   3.693841    33.4562       4802     3.3342 0.0000e+00
     58.000    10.3605   3.692729    33.4513       4826     3.3504 0.0000e+00
     57.000    10.3490   3.690800    33.4429       4854     3.3699 0.0000e+00
     56.000    10.3293   3.687589    33.4291       4885     3.3916 0.0000e+00
     55.000    10.3077   3.683853    33.4117       4915     3.4122 0.0000e+00
     54.000    10.2794   3.679480    33.3940       4941     3.4308 0.0000e+00
     53.000    10.2283   3.671392    33.3597       4968     3.4490 0.0000e+00
     52.000    10.2089   3.668010    33.3438       4996     3.4685 0.0000e+00
     51.000    10.2006   3.666410    33.3358       5027     3.4901 0.0000e+00
     50.000    10.1934   3.665058    33.3291       5056     3.5107 0.0000e+00
     49.000    10.1837   3.663311    33.3208       5081     3.5277 0.0000e+00
     48.000    10.1849   3.663131    33.3184       5102     3.5426 0.0000e+00
     47.000    10.1798   3.662325    33.3153       5123     3.5572 0.0000e+00
     46.000    10.1643   3.660206    33.3085       5147     3.5733 0.0000e+00
     45.000    10.1403   3.656482    33.2934       5176     3.5935 0.0000e+00
     44.000    10.1264   3.654055    33.2820       5213     3.6194 0.0000e+00
     43.000    10.1153   3.652004    33.2718       5246     3.6426 0.0000e+00
     42.000    10.1066   3.650383    33.2639       5272     3.6602 0.0000e+00
     41.000    10.0988   3.649014    33.2576       5295     3.6763 0.0000e+00
     40.000    10.0979   3.648522    33.2539       5319     3.6929 0.0000e+00
     39.000    10.0993   3.648145    33.2492       5345     3.7111 0.0000e+00
     38.000    10.1085   3.648525    33.2450       5373     3.7306 0.0000e+00
     37.000    10.1564   3.652671    33.2435       5402     3.7505 0.0000e+00
     36.000    10.3916   3.674491    33.2488       5432     3.7719 0.0000e+00
     35.000    10.5414   3.689420    33.2624       5466     3.7949 0.0000e+00
     34.000    10.8204   3.715062    33.2650       5497     3.8169 0.0000e+00
     33.000    11.1124   3.742848    33.2768       5522     3.8343 0.0000e+00
     32.000    11.6620   3.794098    33.2855       5543     3.8486 0.0000e+00
     31.000    12.5406   3.880980    33.3427       5562     3.8618 0.0000e+00
     30.000    15.1638   4.163504    33.6748       5582     3.8759 0.0000e+00
     29.000    17.7109   4.460052    34.1190       5608     3.8938 0.0000e+00
     28.000    20.7528   4.833107    34.7008       5643     3.9180 0.0000e+00
     27.000    22.0281   5.012090    35.0926       5677     3.9415 0.0000e+00
     26.000    22.6934   5.100739    35.2480       5708     3.9629 0.0000e+00
     25.000    23.4449   5.200438    35.4133       5747     3.9902 0.0000e+00
     24.000    24.1037   5.287070    35.5469       5783     4.0153 0.0000e+00
     23.000    24.0867   5.284596    35.5419       5804     4.0300 0.0000e+00
     22.000    24.0917   5.262722    35.3727       5821     4.0418 0.0000e+00
     21.000    24.1498   5.256582    35.2806       5837     4.0526 0.0000e+00
     20.000    23.8343   5.208568    35.1666       5853     4.0637 0.0000e+00
     19.000    23.3132   5.094107    34.7056       5871     4.0763 0.0000e+00
     18.000    24.1983   5.187459    34.7214       5897     4.0941 0.0000e+00
     17.000    25.1348   5.320089    34.9860       5947     4.1290 0.0000e+00
     16.000    25.6028   5.393399    35.1655       6002     4.1674 0.0000e+00
     15.000    26.0609   5.452941    35.2479       6030     4.1867 0.0000e+00
     14.000    26.7599   5.549003    35.4066       6050     4.2008 0.0000e+00
     13.000    27.6703   5.676787    35.6240       6068     4.2131 0.0000e+00
     12.000    28.0796   5.748411    35.8186       6085     4.2249 0.0000e+00
     11.000    28.3905   5.789581    35.8713       6103     4.2374 0.0000e+00
     10.000    28.6153   5.825120    35.9493       6124     4.2522 0.0000e+00
      9.000    28.7138   5.838553    35.9685       6154     4.2731 0.0000e+00
      8.000    28.7038   5.837578    35.9697       6192     4.2993 0.0000e+00
      7.000    28.7673   5.847281    35.9893       6343     4.4040 0.0000e+00
      6.000    28.8082   5.855539    36.0160       6784     4.7101 0.0000e+00
      5.000    28.7796   5.851975    36.0132       6932     4.8131 0.0000e+00
      4.000    28.7353   5.840163    35.9649       6960     4.8324 0.0000e+00
      3.000    28.5712   5.792398    35.7562       7063     4.9041 0.0000e+00
