HB2304/ctd009.cnv
* Sea-Bird SBE 9 Data File:
* FileName = C:\cruise\data\ctd009.hex
* Software Version Seasave V 7.26.7.121
* Temperature SN = 4591
* Conductivity SN = 3741
* Number of Bytes Per Scan = 37
* Number of Voltage Words = 4
* Number of Scans Averaged by the Deck Unit = 1
* NMEA Latitude = 38 22.31 N
* NMEA Longitude = 073 42.02 W
* NMEA UTC (Time) = Sep 12 2023  05:34:35
* NMEA baud rate = 4800
** Ship: Bigelow HB2304
** Program:  Fall Bottom Trawl Survey
** Chief Scientist: John Galbraith
# nquan = 7
# nvalues = 207                         
# units = specified
# name 0 = depSM: Depth [salt water, m]
# name 1 = t090C: Temperature [ITS-90, deg C]
# name 2 = c0S/m: Conductivity [S/m]
# name 3 = sal00: Salinity, Practical [PSU]
# name 4 = scan: Scan Count
# name 5 = timeM: Time, Elapsed [minutes]
# name 6 = flag: flag
# span 0 =      1.000,    105.000       
# span 1 =     9.9422,    25.6258       
# span 2 =   3.621001,   5.234926       
# span 3 =    31.8460,    34.8372       
# span 4 =        177,       7041       
# span 5 =     0.1226,     4.8886       
# span 6 = 0.0000e+00, 0.0000e+00       
# interval = meters: 1                  
# start_time = Sep 12 2023 05:34:35 [NMEA time, header]
# bad_flag = -9.990e-29
*END*
      3.000    25.6043   4.950269    31.9400        177     0.1226 0.0000e+00
      4.000    25.5546   4.951458    31.9832        404     0.2800 0.0000e+00
      5.000    25.1518   5.002409    32.6404        424     0.2937 0.0000e+00
      6.000    25.1540   5.087720    33.2630        447     0.3098 0.0000e+00
      7.000    25.0972   5.072955    33.1963        472     0.3272 0.0000e+00
      8.000    24.8440   5.133334    33.8285        498     0.3451 0.0000e+00
      9.000    24.7734   5.157598    34.0613        524     0.3632 0.0000e+00
     10.000    24.8927   5.185109    34.1747        550     0.3813 0.0000e+00
     11.000    24.9050   5.197443    34.2563        576     0.3995 0.0000e+00
     12.000    24.9770   5.218967    34.3607        604     0.4185 0.0000e+00
     13.000    25.0307   5.234926    34.4376        632     0.4383 0.0000e+00
     14.000    24.1083   5.140534    34.4387        662     0.4592 0.0000e+00
     15.000    21.3487   4.827156    34.1800        691     0.4789 0.0000e+00
     16.000    20.7869   4.745286    33.9754        717     0.4969 0.0000e+00
     17.000    20.4367   4.701534    33.9025        741     0.5137 0.0000e+00
     18.000    19.8674   4.642532    33.8799        764     0.5299 0.0000e+00
     19.000    18.3496   4.486559    33.8203        787     0.5459 0.0000e+00
     20.000    16.9954   4.340873    33.6984        811     0.5628 0.0000e+00
     21.000    16.5080   4.288758    33.6532        839     0.5816 0.0000e+00
     22.000    16.2772   4.281354    33.7831        869     0.6027 0.0000e+00
     23.000    15.5324   4.199977    33.6936        899     0.6237 0.0000e+00
     24.000    14.6967   4.107833    33.5788        927     0.6430 0.0000e+00
     25.000    13.0055   3.944316    33.5337        953     0.6611 0.0000e+00
     26.000    11.2631   3.749409    33.2083        978     0.6788 0.0000e+00
     27.000    10.8260   3.703642    33.1492       1004     0.6965 0.0000e+00
     28.000    10.3842   3.657713    33.0902       1029     0.7142 0.0000e+00
     29.000    10.3964   3.657451    33.0760       1054     0.7313 0.0000e+00
     30.000    10.3876   3.658253    33.0916       1078     0.7482 0.0000e+00
     31.000    10.2763   3.648666    33.0960       1104     0.7659 0.0000e+00
     32.000    10.1878   3.640506    33.0939       1133     0.7864 0.0000e+00
     33.000    10.1454   3.637498    33.1018       1166     0.8092 0.0000e+00
     34.000    10.1091   3.635566    33.1150       1196     0.8295 0.0000e+00
     35.000    10.0808   3.632930    33.1137       1221     0.8469 0.0000e+00
     36.000    10.0457   3.630033    33.1160       1244     0.8631 0.0000e+00
     37.000    10.0201   3.629189    33.1305       1267     0.8789 0.0000e+00
     38.000    10.0079   3.628350    33.1327       1291     0.8958 0.0000e+00
     39.000     9.9934   3.627521    33.1371       1318     0.9144 0.0000e+00
     40.000     9.9684   3.627057    33.1549       1347     0.9350 0.0000e+00
     41.000     9.9594   3.627505    33.1673       1379     0.9567 0.0000e+00
     42.000     9.9476   3.627850    33.1812       1409     0.9775 0.0000e+00
     43.000     9.9493   3.627771    33.1784       1437     0.9971 0.0000e+00
     44.000     9.9539   3.628613    33.1823       1463     1.0151 0.0000e+00
     45.000     9.9501   3.628727    33.1865       1487     1.0317 0.0000e+00
     46.000     9.9473   3.630639    33.2081       1509     1.0474 0.0000e+00
     47.000     9.9434   3.632230    33.2274       1532     1.0630 0.0000e+00
     48.000     9.9422   3.633583    33.2418       1556     1.0796 0.0000e+00
     49.000     9.9422   3.633934    33.2449       1582     1.0981 0.0000e+00
     50.000     9.9449   3.635236    33.2552       1613     1.1192 0.0000e+00
     51.000     9.9479   3.637036    33.2703       1645     1.1415 0.0000e+00
     52.000     9.9488   3.637131    33.2700       1679     1.1651 0.0000e+00
     53.000     9.9490   3.637049    33.2685       1711     1.1872 0.0000e+00
     54.000     9.9496   3.636987    33.2669       1736     1.2050 0.0000e+00
     55.000     9.9522   3.637313    33.2674       1759     1.2205 0.0000e+00
     56.000     9.9513   3.637162    33.2662       1779     1.2345 0.0000e+00
     57.000     9.9519   3.637156    33.2652       1798     1.2479 0.0000e+00
     58.000     9.9534   3.637369    33.2655       1818     1.2620 0.0000e+00
     59.000     9.9560   3.637692    33.2660       1842     1.2786 0.0000e+00
     60.000     9.9540   3.637399    33.2644       1875     1.3016 0.0000e+00
     61.000     9.9514   3.636896    33.2612       1918     1.3311 0.0000e+00
     62.000     9.9556   3.637409    33.2621       1952     1.3546 0.0000e+00
     63.000     9.9583   3.637736    33.2624       1979     1.3736 0.0000e+00
     64.000     9.9610   3.638060    33.2629       2005     1.3916 0.0000e+00
     65.000     9.9601   3.637978    33.2624       2029     1.4084 0.0000e+00
     66.000     9.9578   3.637619    33.2604       2051     1.4238 0.0000e+00
     67.000     9.9619   3.638182    33.2619       2073     1.4388 0.0000e+00
     68.000     9.9613   3.638128    33.2615       2095     1.4545 0.0000e+00
     69.000     9.9626   3.638259    33.2612       2121     1.4721 0.0000e+00
     70.000     9.9626   3.638279    33.2609       2150     1.4926 0.0000e+00
     71.000     9.9614   3.638027    33.2590       2183     1.5150 0.0000e+00
     72.000     9.9660   3.638591    33.2601       2216     1.5384 0.0000e+00
     73.000     9.9715   3.639269    33.2614       2248     1.5604 0.0000e+00
     74.000     9.9749   3.639769    33.2629       2275     1.5795 0.0000e+00
     75.000     9.9778   3.640179    33.2640       2301     1.5973 0.0000e+00
     76.000     9.9791   3.640372    33.2643       2326     1.6146 0.0000e+00
     77.000     9.9797   3.640474    33.2643       2352     1.6326 0.0000e+00
     78.000     9.9997   3.643104    33.2722       2379     1.6515 0.0000e+00
     79.000    10.0238   3.646549    33.2846       2406     1.6704 0.0000e+00
     80.000    10.0886   3.655426    33.3146       2433     1.6889 0.0000e+00
     81.000    10.1628   3.667195    33.3651       2459     1.7068 0.0000e+00
     82.000    10.1885   3.670886    33.3784       2484     1.7245 0.0000e+00
     83.000    10.3195   3.689928    33.4496       2511     1.7433 0.0000e+00
     84.000    10.3894   3.701107    33.4976       2543     1.7651 0.0000e+00
     85.000    10.4363   3.707785    33.5212       2576     1.7879 0.0000e+00
     86.000    10.6724   3.739608    33.6228       2604     1.8077 0.0000e+00
     87.000    11.0230   3.787866    33.7809       2630     1.8260 0.0000e+00
     88.000    11.3452   3.834849    33.9495       2659     1.8462 0.0000e+00
     89.000    11.5641   3.865756    34.0522       2690     1.8677 0.0000e+00
     90.000    11.6452   3.878849    34.1057       2719     1.8877 0.0000e+00
     91.000    11.7077   3.886674    34.1244       2744     1.9049 0.0000e+00
     92.000    12.0096   3.923948    34.2105       2767     1.9211 0.0000e+00
     93.000    12.1589   3.944494    34.2727       2791     1.9373 0.0000e+00
     94.000    12.2373   3.956046    34.3123       2817     1.9556 0.0000e+00
     95.000    12.1934   3.953893    34.3313       2849     1.9775 0.0000e+00
     96.000    12.3807   3.977908    34.3912       2882     2.0008 0.0000e+00
     97.000    12.4904   3.995503    34.4598       2914     2.0228 0.0000e+00
     98.000    12.5922   4.009891    34.5044       2946     2.0451 0.0000e+00
     99.000    12.7321   4.032467    34.5923       2978     2.0672 0.0000e+00
    100.000    12.7783   4.045639    34.6755       3005     2.0860 0.0000e+00
    101.000    12.8573   4.061224    34.7516       3029     2.1027 0.0000e+00
    102.000    12.9224   4.071884    34.7931       3052     2.1184 0.0000e+00
    103.000    12.9430   4.076578    34.8185       3075     2.1345 0.0000e+00
    104.000    12.9464   4.077943    34.8280       3100     2.1519 0.0000e+00
    105.000    12.9464   4.078493    34.8329       3118     2.1648 0.0000e+00
    104.000    12.9465   4.078596    34.8341       3180     2.2074 0.0000e+00
    103.000    12.9463   4.078856    34.8372       3724     2.5856 0.0000e+00
    102.000    12.9381   4.077251    34.8299       3840     2.6658 0.0000e+00
    101.000    12.8733   4.067327    34.7952       3871     2.6875 0.0000e+00
    100.000    12.7588   4.045328    34.6905       3905     2.7110 0.0000e+00
     99.000    12.7398   4.037234    34.6309       3938     2.7339 0.0000e+00
     98.000    12.6078   4.018615    34.5739       3969     2.7552 0.0000e+00
     97.000    12.4900   3.999181    34.4956       4001     2.7781 0.0000e+00
     96.000    12.3514   3.980924    34.4472       4034     2.8010 0.0000e+00
     95.000    12.2067   3.960013    34.3784       4061     2.8192 0.0000e+00
     94.000    12.2447   3.961705    34.3603       4086     2.8365 0.0000e+00
     93.000    12.1894   3.953888    34.3358       4114     2.8560 0.0000e+00
     92.000    12.1074   3.943471    34.3105       4149     2.8808 0.0000e+00
     91.000    12.0324   3.933126    34.2793       4180     2.9018 0.0000e+00
     90.000    11.9441   3.923158    34.2638       4202     2.9172 0.0000e+00
     89.000    11.7316   3.896479    34.1993       4222     2.9309 0.0000e+00
     88.000    11.6457   3.883996    34.1565       4242     2.9450 0.0000e+00
     87.000    11.4873   3.863836    34.1048       4265     2.9612 0.0000e+00
     86.000    11.1892   3.823331    33.9803       4291     2.9789 0.0000e+00
     85.000    10.8969   3.780860    33.8284       4318     2.9980 0.0000e+00
     84.000    10.5954   3.738155    33.6800       4349     3.0194 0.0000e+00
     83.000    10.4447   3.713648    33.5734       4386     3.0453 0.0000e+00
     82.000    10.4116   3.707561    33.5430       4419     3.0684 0.0000e+00
     81.000    10.3786   3.702503    33.5229       4446     3.0866 0.0000e+00
     80.000    10.2715   3.687448    33.4703       4469     3.1026 0.0000e+00
     79.000    10.1918   3.675101    33.4193       4493     3.1194 0.0000e+00
     78.000    10.0818   3.658447    33.3523       4519     3.1378 0.0000e+00
     77.000    10.0440   3.651581    33.3180       4547     3.1573 0.0000e+00
     76.000    10.0248   3.648537    33.3052       4575     3.1763 0.0000e+00
     75.000     9.9893   3.643407    33.2862       4601     3.1947 0.0000e+00
     74.000     9.9765   3.641123    33.2752       4628     3.2134 0.0000e+00
     73.000     9.9747   3.640638    33.2725       4658     3.2337 0.0000e+00
     72.000     9.9739   3.640364    33.2709       4689     3.2555 0.0000e+00
     71.000     9.9720   3.639974    33.2690       4720     3.2769 0.0000e+00
     70.000     9.9640   3.638802    33.2650       4747     3.2957 0.0000e+00
     69.000     9.9573   3.637676    33.2601       4772     3.3129 0.0000e+00
     68.000     9.9569   3.637469    33.2588       4795     3.3295 0.0000e+00
     67.000     9.9553   3.637170    33.2577       4821     3.3475 0.0000e+00
     66.000     9.9538   3.636816    33.2560       4851     3.3678 0.0000e+00
     65.000     9.9543   3.636795    33.2557       4885     3.3914 0.0000e+00
     64.000     9.9551   3.636795    33.2555       4917     3.4139 0.0000e+00
     63.000     9.9555   3.636757    33.2551       4943     3.4323 0.0000e+00
     62.000     9.9554   3.636689    33.2550       4967     3.4486 0.0000e+00
     61.000     9.9546   3.636506    33.2543       4990     3.4648 0.0000e+00
     60.000     9.9540   3.636323    33.2535       5015     3.4817 0.0000e+00
     59.000     9.9534   3.636173    33.2529       5040     3.4995 0.0000e+00
     58.000     9.9524   3.635933    33.2518       5068     3.5190 0.0000e+00
     57.000     9.9528   3.635919    33.2518       5099     3.5405 0.0000e+00
     56.000     9.9535   3.635978    33.2521       5131     3.5627 0.0000e+00
     55.000     9.9530   3.635851    33.2518       5161     3.5830 0.0000e+00
     54.000     9.9518   3.635566    33.2504       5188     3.6021 0.0000e+00
     53.000     9.9507   3.635312    33.2493       5215     3.6210 0.0000e+00
     52.000     9.9501   3.635145    33.2486       5242     3.6394 0.0000e+00
     51.000     9.9493   3.634924    33.2476       5266     3.6564 0.0000e+00
     50.000     9.9491   3.634823    33.2471       5289     3.6724 0.0000e+00
     49.000     9.9479   3.633869    33.2390       5313     3.6887 0.0000e+00
     48.000     9.9430   3.631101    33.2158       5339     3.7068 0.0000e+00
     47.000     9.9429   3.630487    33.2101       5370     3.7282 0.0000e+00
     46.000     9.9428   3.629627    33.2019       5402     3.7508 0.0000e+00
     45.000     9.9483   3.628410    33.1849       5430     3.7704 0.0000e+00
     44.000     9.9539   3.626970    33.1655       5454     3.7868 0.0000e+00
     43.000     9.9511   3.624821    33.1467       5478     3.8032 0.0000e+00
     42.000     9.9543   3.624561    33.1416       5504     3.8215 0.0000e+00
     41.000     9.9524   3.623951    33.1375       5534     3.8424 0.0000e+00
     40.000     9.9505   3.623399    33.1341       5565     3.8637 0.0000e+00
     39.000     9.9528   3.623125    33.1297       5593     3.8837 0.0000e+00
     38.000     9.9673   3.621866    33.1040       5619     3.9012 0.0000e+00
     37.000     9.9686   3.621097    33.0955       5642     3.9174 0.0000e+00
     36.000     9.9899   3.621001    33.0754       5666     3.9340 0.0000e+00
     35.000    10.0032   3.621159    33.0653       5691     3.9512 0.0000e+00
     34.000    10.0053   3.621260    33.0648       5716     3.9689 0.0000e+00
     33.000    10.0075   3.621334    33.0641       5742     3.9870 0.0000e+00
     32.000    10.0286   3.621621    33.0481       5770     4.0065 0.0000e+00
     31.000    10.0614   3.622423    33.0267       5803     4.0294 0.0000e+00
     30.000    10.1058   3.625492    33.0177       5835     4.0513 0.0000e+00
     29.000    10.1637   3.626509    32.9757       5861     4.0693 0.0000e+00
     28.000    10.2653   3.633012    32.9494       5884     4.0852 0.0000e+00
     27.000    10.3901   3.643251    32.9398       5906     4.1009 0.0000e+00
     26.000    10.4789   3.645367    32.8812       5929     4.1168 0.0000e+00
     25.000    10.9264   3.684653    32.8709       5954     4.1338 0.0000e+00
     24.000    11.7783   3.765661    32.9074       5981     4.1525 0.0000e+00
     23.000    13.7793   3.966951    33.0707       6012     4.1742 0.0000e+00
     22.000    14.9271   4.097684    33.2895       6043     4.1957 0.0000e+00
     21.000    15.6076   4.173530    33.3939       6070     4.2143 0.0000e+00
     20.000    16.4030   4.262355    33.5103       6095     4.2322 0.0000e+00
     19.000    16.7285   4.295930    33.5321       6121     4.2498 0.0000e+00
     18.000    17.3496   4.340172    33.3993       6146     4.2675 0.0000e+00
     17.000    18.4263   4.445397    33.4119       6171     4.2848 0.0000e+00
     16.000    20.0994   4.626876    33.5670       6196     4.3021 0.0000e+00
     15.000    20.5744   4.686038    33.6683       6222     4.3200 0.0000e+00
     14.000    21.0852   4.744372    33.7316       6249     4.3390 0.0000e+00
     13.000    23.1941   4.977874    33.9086       6277     4.3580 0.0000e+00
     12.000    24.7443   5.177117    34.2272       6305     4.3778 0.0000e+00
     11.000    24.8769   5.196806    34.2730       6333     4.3975 0.0000e+00
     10.000    24.8115   5.179541    34.1949       6359     4.4152 0.0000e+00
      9.000    24.8122   5.168452    34.1124       6382     4.4312 0.0000e+00
      8.000    24.8014   5.159844    34.0571       6404     4.4466 0.0000e+00
      7.000    24.7932   5.145564    33.9577       6427     4.4626 0.0000e+00
      6.000    24.9554   5.112056    33.5889       6454     4.4811 0.0000e+00
      5.000    25.0667   5.082395    33.2885       6496     4.5103 0.0000e+00
      4.000    25.0720   5.069805    33.1923       6565     4.5582 0.0000e+00
      3.000    25.4181   4.969030    32.2084       6758     4.6921 0.0000e+00
