HB2304/ctd090.cnv
* Sea-Bird SBE 9 Data File:
* FileName = C:\cruise\data\ctd090.hex
* Software Version Seasave V 7.26.7.121
* Temperature SN = 4591
* Conductivity SN = 3741
* Number of Bytes Per Scan = 37
* Number of Voltage Words = 4
* Number of Scans Averaged by the Deck Unit = 1
* NMEA Latitude = 39 35.56 N
* NMEA Longitude = 073 52.90 W
* NMEA UTC (Time) = Oct 09 2023  12:20:55
* NMEA baud rate = 4800
** Ship: Bigelow HB2304
** Program:  Fall Bottom Trawl Survey
** Chief Scientist: John Galbraith
# nquan = 7
# nvalues = 40                          
# units = specified
# name 0 = depSM: Depth [salt water, m]
# name 1 = t090C: Temperature [ITS-90, deg C]
# name 2 = c0S/m: Conductivity [S/m]
# name 3 = sal00: Salinity, Practical [PSU]
# name 4 = scan: Scan Count
# name 5 = timeM: Time, Elapsed [minutes]
# name 6 = flag: flag
# span 0 =      2.000,     22.000       
# span 1 =    18.5288,    18.9789       
# span 2 =   4.231894,   4.382094       
# span 3 =    31.5428,    32.4436       
# span 4 =        158,       2103       
# span 5 =     0.1093,     1.4594       
# span 6 = 0.0000e+00, 0.0000e+00       
# interval = meters: 1                  
# start_time = Oct 09 2023 12:20:55 [NMEA time, header]
# bad_flag = -9.990e-29
*END*
      3.000    18.5430   4.232847    31.5482        158     0.1093 0.0000e+00
      4.000    18.5388   4.232163    31.5453        286     0.1980 0.0000e+00
      5.000    18.5403   4.232170    31.5439        320     0.2217 0.0000e+00
      6.000    18.5376   4.231938    31.5437        345     0.2387 0.0000e+00
      7.000    18.5435   4.232452    31.5431        365     0.2526 0.0000e+00
      8.000    18.5436   4.232459    31.5428        385     0.2670 0.0000e+00
      9.000    18.5446   4.232661    31.5433        411     0.2847 0.0000e+00
     10.000    18.5426   4.232487    31.5431        440     0.3047 0.0000e+00
     11.000    18.5408   4.232507    31.5443        471     0.3263 0.0000e+00
     12.000    18.5431   4.232751    31.5442        499     0.3461 0.0000e+00
     13.000    18.5451   4.233253    31.5465        525     0.3639 0.0000e+00
     14.000    18.5754   4.237885    31.5615        552     0.3825 0.0000e+00
     15.000    18.6510   4.256454    31.6574        580     0.4020 0.0000e+00
     16.000    18.6589   4.261322    31.6915        604     0.4188 0.0000e+00
     17.000    18.6597   4.259660    31.6767        624     0.4326 0.0000e+00
     18.000    18.8498   4.318554    32.0183        644     0.4462 0.0000e+00
     19.000    18.9682   4.374100    32.3858        670     0.4647 0.0000e+00
     20.000    18.9788   4.381292    32.4367        706     0.4897 0.0000e+00
     21.000    18.9789   4.381399    32.4372        734     0.5091 0.0000e+00
     22.000    18.9785   4.381981    32.4420       1156     0.8023 0.0000e+00
     21.000    18.9780   4.382094    32.4436       1578     1.0950 0.0000e+00
     20.000    18.9775   4.381964    32.4433       1555     1.0795 0.0000e+00
     19.000    18.9773   4.381904    32.4433       1583     1.0983 0.0000e+00
     18.000    18.9782   4.381896    32.4429       1611     1.1184 0.0000e+00
     17.000    18.9746   4.380626    32.4356       1636     1.1357 0.0000e+00
     16.000    18.8903   4.346332    32.2177       1658     1.1508 0.0000e+00
     15.000    18.7254   4.287609    31.8588       1681     1.1664 0.0000e+00
     14.000    18.6397   4.258488    31.6834       1707     1.1846 0.0000e+00
     13.000    18.5932   4.245016    31.6075       1733     1.2030 0.0000e+00
     12.000    18.6159   4.252705    31.6544       1757     1.2193 0.0000e+00
     11.000    18.6224   4.255093    31.6695       1780     1.2353 0.0000e+00
     10.000    18.6079   4.250293    31.6411       1808     1.2549 0.0000e+00
      9.000    18.5991   4.246887    31.6199       1840     1.2773 0.0000e+00
      8.000    18.5933   4.245718    31.6150       1867     1.2962 0.0000e+00
      7.000    18.5729   4.239225    31.5769       1889     1.3114 0.0000e+00
      6.000    18.5702   4.238001    31.5691       1912     1.3274 0.0000e+00
      5.000    18.5642   4.236632    31.5627       1943     1.3485 0.0000e+00
      4.000    18.5571   4.235261    31.5571       1975     1.3709 0.0000e+00
      3.000    18.5295   4.231987    31.5513       2051     1.4239 0.0000e+00
      2.000    18.5288   4.231894    31.5514       2103     1.4594 0.0000e+00
