HB2304/ctd006.cnv
* Sea-Bird SBE 9 Data File:
* FileName = C:\cruise\data\ctd006.hex
* Software Version Seasave V 7.26.7.121
* Temperature SN = 4591
* Conductivity SN = 3741
* Number of Bytes Per Scan = 37
* Number of Voltage Words = 4
* Number of Scans Averaged by the Deck Unit = 1
* NMEA Latitude = 38 33.73 N
* NMEA Longitude = 073 13.46 W
* NMEA UTC (Time) = Sep 11 2023  19:38:52
* NMEA baud rate = 4800
** Ship: Bigelow HB2304
** Program:  Fall Bottom Trawl Survey
** Chief Scientist: John Galbraith
# nquan = 7
# nvalues = 439                         
# units = specified
# name 0 = depSM: Depth [salt water, m]
# name 1 = t090C: Temperature [ITS-90, deg C]
# name 2 = c0S/m: Conductivity [S/m]
# name 3 = sal00: Salinity, Practical [PSU]
# name 4 = scan: Scan Count
# name 5 = timeM: Time, Elapsed [minutes]
# name 6 = flag: flag
# span 0 =      1.000,    221.000       
# span 1 =    11.1140,    26.8014       
# span 2 =   3.966860,   5.368420       
# span 3 =    34.0843,    35.7456       
# span 4 =       -365,      15177       
# span 5 =    -0.2539,    10.5387       
# span 6 = 0.0000e+00, 0.0000e+00       
# interval = meters: 1                  
# start_time = Sep 11 2023 19:38:52 [NMEA time, header]
# bad_flag = -9.990e-29
*END*
      3.000    26.0605   5.297634    34.1243       -365    -0.2539 0.0000e+00
      4.000    26.0739   5.299303    34.1262        632     0.4383 0.0000e+00
      5.000    26.0360   5.297291    34.1395        534     0.3702 0.0000e+00
      6.000    26.0131   5.295517    34.1434        554     0.3838 0.0000e+00
      7.000    25.9941   5.293467    34.1423        583     0.4042 0.0000e+00
      8.000    25.9733   5.291305    34.1418        640     0.4438 0.0000e+00
      9.000    25.9382   5.287392    34.1393        752     0.5217 0.0000e+00
     10.000    25.9102   5.284313    34.1376        861     0.5970 0.0000e+00
     11.000    25.9064   5.285535    34.1490        880     0.6104 0.0000e+00
     12.000    25.7549   5.293930    34.3233        903     0.6261 0.0000e+00
     13.000    25.4905   5.284371    34.4525        931     0.6457 0.0000e+00
     14.000    25.1111   5.272614    34.6545        964     0.6690 0.0000e+00
     15.000    25.0806   5.268554    34.6475        993     0.6887 0.0000e+00
     16.000    24.9385   5.253964    34.6481       1017     0.7052 0.0000e+00
     17.000    24.7653   5.236851    34.6538       1042     0.7226 0.0000e+00
     18.000    24.6634   5.230157    34.6822       1069     0.7416 0.0000e+00
     19.000    24.6594   5.229301    34.6785       1098     0.7618 0.0000e+00
     20.000    24.6547   5.228451    34.6755       1124     0.7799 0.0000e+00
     21.000    24.6434   5.227216    34.6746       1148     0.7964 0.0000e+00
     22.000    24.6504   5.229634    34.6870       1173     0.8142 0.0000e+00
     23.000    24.6741   5.236653    34.7208       1202     0.8339 0.0000e+00
     24.000    24.6957   5.242121    34.7445       1229     0.8526 0.0000e+00
     25.000    24.7412   5.251721    34.7805       1252     0.8689 0.0000e+00
     26.000    24.8082   5.269719    34.8624       1277     0.8860 0.0000e+00
     27.000    24.7448   5.268124    34.8993       1308     0.9075 0.0000e+00
     28.000    24.7183   5.266475    34.9073       1341     0.9305 0.0000e+00
     29.000    24.6894   5.265842    34.9247       1366     0.9482 0.0000e+00
     30.000    24.6343   5.261589    34.9354       1388     0.9633 0.0000e+00
     31.000    24.6202   5.262763    34.9548       1411     0.9795 0.0000e+00
     32.000    24.5523   5.279243    35.1308       1439     0.9984 0.0000e+00
     33.000    24.0597   5.224983    35.1090       1469     1.0192 0.0000e+00
     34.000    23.9453   5.209944    35.0850       1497     1.0391 0.0000e+00
     35.000    23.8039   5.193625    35.0725       1523     1.0567 0.0000e+00
     36.000    23.5964   5.170093    35.0572       1545     1.0721 0.0000e+00
     37.000    23.1058   5.115973    35.0317       1568     1.0879 0.0000e+00
     38.000    22.0627   5.002487    34.9857       1597     1.1082 0.0000e+00
     39.000    21.0989   4.919290    35.1094       1631     1.1320 0.0000e+00
     40.000    20.0643   4.797528    34.9790       1659     1.1516 0.0000e+00
     41.000    19.8236   4.766111    34.9211       1683     1.1678 0.0000e+00
     42.000    19.6624   4.747597    34.9027       1706     1.1841 0.0000e+00
     43.000    19.2079   4.703177    34.9146       1731     1.2016 0.0000e+00
     44.000    18.4115   4.620486    34.8927       1758     1.2203 0.0000e+00
     45.000    17.4676   4.519228    34.8328       1784     1.2381 0.0000e+00
     46.000    16.4627   4.401802    34.6771       1807     1.2541 0.0000e+00
     47.000    16.2238   4.373385    34.6332       1829     1.2697 0.0000e+00
     48.000    16.0927   4.356701    34.5990       1855     1.2872 0.0000e+00
     49.000    15.7075   4.316361    34.5753       1885     1.3082 0.0000e+00
     50.000    15.4698   4.293172    34.5753       1919     1.3319 0.0000e+00
     51.000    15.0449   4.254890    34.6032       1950     1.3532 0.0000e+00
     52.000    14.8292   4.231227    34.5785       1975     1.3708 0.0000e+00
     53.000    14.7436   4.222060    34.5704       1997     1.3864 0.0000e+00
     54.000    14.5279   4.202090    34.5788       2018     1.4009 0.0000e+00
     55.000    14.2895   4.180699    34.5942       2041     1.4166 0.0000e+00
     56.000    14.2661   4.179323    34.6021       2069     1.4363 0.0000e+00
     57.000    14.2351   4.177720    34.6146       2098     1.4562 0.0000e+00
     58.000    14.2313   4.184004    34.6758       2119     1.4707 0.0000e+00
     59.000    14.3439   4.204297    34.7619       2137     1.4834 0.0000e+00
     60.000    14.3994   4.218070    34.8388       2161     1.4998 0.0000e+00
     61.000    14.3670   4.217604    34.8634       2211     1.5344 0.0000e+00
     62.000    14.3658   4.218487    34.8722       2249     1.5612 0.0000e+00
     63.000    14.3520   4.217347    34.8737       2268     1.5746 0.0000e+00
     64.000    14.3450   4.216423    34.8710       2287     1.5876 0.0000e+00
     65.000    14.3143   4.213835    34.8744       2307     1.6013 0.0000e+00
     66.000    14.2124   4.205752    34.8912       2332     1.6185 0.0000e+00
     67.000    14.1011   4.198544    34.9246       2362     1.6399 0.0000e+00
     68.000    14.2323   4.218322    34.9889       2391     1.6595 0.0000e+00
     69.000    14.6055   4.272858    35.1541       2411     1.6738 0.0000e+00
     70.000    14.6204   4.281416    35.2190       2430     1.6867 0.0000e+00
     71.000    14.5687   4.276298    35.2184       2453     1.7025 0.0000e+00
     72.000    14.6183   4.283926    35.2432       2499     1.7350 0.0000e+00
     73.000    14.4255   4.265144    35.2447       2543     1.7649 0.0000e+00
     74.000    14.0372   4.218622    35.1668       2563     1.7789 0.0000e+00
     75.000    14.0236   4.216284    35.1571       2583     1.7929 0.0000e+00
     76.000    14.0752   4.222232    35.1649       2607     1.8099 0.0000e+00
     77.000    14.2052   4.242754    35.2367       2637     1.8306 0.0000e+00
     78.000    14.3196   4.261106    35.3020       2662     1.8483 0.0000e+00
     79.000    14.4069   4.273838    35.3397       2683     1.8623 0.0000e+00
     80.000    14.4847   4.285431    35.3754       2701     1.8751 0.0000e+00
     81.000    14.5265   4.291256    35.3906       2722     1.8896 0.0000e+00
     82.000    14.5614   4.296735    35.4089       2752     1.9103 0.0000e+00
     83.000    14.5841   4.300342    35.4210       2793     1.9387 0.0000e+00
     84.000    14.6117   4.304900    35.4374       2824     1.9604 0.0000e+00
     85.000    14.6240   4.307303    35.4478       2852     1.9797 0.0000e+00
     86.000    14.6232   4.310109    35.4740       2881     1.9998 0.0000e+00
     87.000    14.5321   4.303812    35.4989       2907     2.0182 0.0000e+00
     88.000    14.4278   4.293082    35.4949       2931     2.0350 0.0000e+00
     89.000    14.3815   4.287567    35.4860       2956     2.0522 0.0000e+00
     90.000    14.4030   4.290489    35.4928       2983     2.0706 0.0000e+00
     91.000    14.4731   4.300035    35.5164       3009     2.0887 0.0000e+00
     92.000    14.5042   4.305457    35.5375       3032     2.1047 0.0000e+00
     93.000    14.4968   4.305407    35.5435       3054     2.1203 0.0000e+00
     94.000    14.5069   4.307475    35.5529       3079     2.1378 0.0000e+00
     95.000    14.4942   4.307025    35.5600       3121     2.1665 0.0000e+00
     96.000    14.4684   4.304577    35.5607       3166     2.1976 0.0000e+00
     97.000    14.4612   4.304200    35.5634       3194     2.2173 0.0000e+00
     98.000    14.4492   4.303384    35.5664       3221     2.2364 0.0000e+00
     99.000    14.4399   4.302852    35.5697       3251     2.2568 0.0000e+00
    100.000    14.4433   4.304261    35.5791       3279     2.2764 0.0000e+00
    101.000    14.4457   4.306147    35.5940       3304     2.2936 0.0000e+00
    102.000    14.4509   4.308170    35.6074       3330     2.3120 0.0000e+00
    103.000    14.4539   4.309519    35.6168       3358     2.3310 0.0000e+00
    104.000    14.4571   4.310864    35.6259       3382     2.3482 0.0000e+00
    105.000    14.4716   4.314065    35.6417       3406     2.3646 0.0000e+00
    106.000    14.5120   4.320921    35.6674       3437     2.3861 0.0000e+00
    107.000    14.5236   4.323204    35.6774       3471     2.4098 0.0000e+00
    108.000    14.5208   4.323200    35.6795       3496     2.4268 0.0000e+00
    109.000    14.5162   4.322827    35.6800       3518     2.4421 0.0000e+00
    110.000    14.5150   4.322789    35.6803       3542     2.4589 0.0000e+00
    111.000    14.5123   4.322685    35.6814       3572     2.4801 0.0000e+00
    112.000    14.5086   4.323493    35.6919       3604     2.5021 0.0000e+00
    113.000    14.4745   4.321302    35.7026       3628     2.5189 0.0000e+00
    114.000    14.4087   4.313770    35.6932       3649     2.5332 0.0000e+00
    115.000    14.3901   4.311360    35.6876       3670     2.5480 0.0000e+00
    116.000    14.3845   4.310547    35.6848       3701     2.5694 0.0000e+00
    117.000    14.3635   4.308433    35.6842       3739     2.5957 0.0000e+00
    118.000    14.3475   4.307029    35.6854       3766     2.6147 0.0000e+00
    119.000    14.3404   4.306529    35.6869       3790     2.6310 0.0000e+00
    120.000    14.3390   4.306505    35.6876       3815     2.6483 0.0000e+00
    121.000    14.3343   4.306492    35.6914       3842     2.6672 0.0000e+00
    122.000    14.3089   4.304027    35.6915       3868     2.6856 0.0000e+00
    123.000    14.3020   4.303718    35.6946       3893     2.7026 0.0000e+00
    124.000    14.2770   4.302155    35.7028       3917     2.7191 0.0000e+00
    125.000    14.2333   4.297957    35.7038       3941     2.7362 0.0000e+00
    126.000    14.2026   4.294541    35.7000       3970     2.7561 0.0000e+00
    127.000    14.1622   4.290604    35.7004       3999     2.7762 0.0000e+00
    128.000    14.1954   4.295842    35.7180       4024     2.7941 0.0000e+00
    129.000    14.2083   4.297853    35.7243       4053     2.8137 0.0000e+00
    130.000    14.2229   4.300055    35.7309       4085     2.8364 0.0000e+00
    131.000    14.1938   4.297283    35.7316       4113     2.8558 0.0000e+00
    132.000    14.1639   4.294043    35.7287       4137     2.8720 0.0000e+00
    133.000    14.1297   4.290726    35.7290       4160     2.8882 0.0000e+00
    134.000    14.0763   4.285005    35.7249       4187     2.9069 0.0000e+00
    135.000    14.0553   4.282551    35.7210       4218     2.9286 0.0000e+00
    136.000    14.0472   4.282249    35.7252       4245     2.9475 0.0000e+00
    137.000    14.0097   4.278414    35.7238       4268     2.9630 0.0000e+00
    138.000    14.0068   4.278242    35.7244       4290     2.9787 0.0000e+00
    139.000    14.0131   4.280840    35.7425       4318     2.9979 0.0000e+00
    140.000    13.9985   4.279357    35.7418       4349     3.0194 0.0000e+00
    141.000    13.9883   4.278802    35.7456       4374     3.0365 0.0000e+00
    142.000    13.9539   4.275288    35.7443       4396     3.0522 0.0000e+00
    143.000    13.7861   4.256189    35.7210       4424     3.0717 0.0000e+00
    144.000    13.6428   4.238002    35.6831       4458     3.0955 0.0000e+00
    145.000    13.5821   4.230111    35.6650       4485     3.1141 0.0000e+00
    146.000    13.5561   4.226899    35.6585       4509     3.1304 0.0000e+00
    147.000    13.5162   4.222076    35.6498       4536     3.1493 0.0000e+00
    148.000    13.4972   4.219607    35.6438       4568     3.1719 0.0000e+00
    149.000    13.4924   4.218996    35.6420       4597     3.1918 0.0000e+00
    150.000    13.4775   4.217422    35.6406       4620     3.2074 0.0000e+00
    151.000    13.4395   4.213522    35.6389       4641     3.2225 0.0000e+00
    152.000    13.4082   4.210000    35.6343       4666     3.2398 0.0000e+00
    153.000    13.3847   4.207788    35.6349       4693     3.2586 0.0000e+00
    154.000    13.3737   4.206910    35.6364       4718     3.2756 0.0000e+00
    155.000    13.3374   4.203386    35.6366       4741     3.2918 0.0000e+00
    156.000    13.2820   4.197525    35.6324       4768     3.3103 0.0000e+00
    157.000    13.2334   4.192269    35.6276       4803     3.3349 0.0000e+00
    158.000    13.2056   4.189329    35.6253       4839     3.3596 0.0000e+00
    159.000    13.1817   4.187159    35.6266       4865     3.3779 0.0000e+00
    160.000    13.1719   4.186719    35.6312       4889     3.3947 0.0000e+00
    161.000    13.1369   4.183574    35.6336       4915     3.4127 0.0000e+00
    162.000    13.0821   4.177618    35.6279       4942     3.4313 0.0000e+00
    163.000    12.9966   4.168325    35.6190       4966     3.4478 0.0000e+00
    164.000    12.8669   4.153991    35.6035       4988     3.4630 0.0000e+00
    165.000    12.7888   4.144962    35.5900       5010     3.4787 0.0000e+00
    166.000    12.7728   4.142934    35.5852       5035     3.4959 0.0000e+00
    167.000    12.7729   4.142778    35.5831       5063     3.5151 0.0000e+00
    168.000    12.7772   4.143225    35.5829       5093     3.5363 0.0000e+00
    169.000    12.7745   4.142965    35.5826       5124     3.5574 0.0000e+00
    170.000    12.7743   4.143116    35.5838       5152     3.5770 0.0000e+00
    171.000    12.7538   4.141185    35.5841       5184     3.5993 0.0000e+00
    172.000    12.7414   4.139728    35.5814       5219     3.6234 0.0000e+00
    173.000    12.7486   4.140351    35.5802       5243     3.6403 0.0000e+00
    174.000    12.7840   4.144899    35.5900       5262     3.6536 0.0000e+00
    175.000    12.7704   4.143560    35.5896       5282     3.6670 0.0000e+00
    176.000    12.7700   4.143497    35.5889       5305     3.6834 0.0000e+00
    177.000    12.7733   4.143913    35.5893       5335     3.7042 0.0000e+00
    178.000    12.7769   4.144422    35.5904       5362     3.7231 0.0000e+00
    179.000    12.7865   4.145222    35.5886       5385     3.7387 0.0000e+00
    180.000    12.8333   4.151168    35.6011       5408     3.7545 0.0000e+00
    181.000    12.8296   4.151645    35.6088       5439     3.7765 0.0000e+00
    182.000    12.6178   4.128756    35.5881       5482     3.8062 0.0000e+00
    183.000    12.6129   4.127119    35.5765       5511     3.8264 0.0000e+00
    184.000    12.6012   4.125682    35.5732       5533     3.8413 0.0000e+00
    185.000    12.6077   4.126174    35.5714       5555     3.8568 0.0000e+00
    186.000    12.6026   4.125792    35.5721       5581     3.8750 0.0000e+00
    187.000    12.5234   4.117365    35.5652       5609     3.8946 0.0000e+00
    188.000    12.4950   4.114188    35.5610       5635     3.9124 0.0000e+00
    189.000    12.5061   4.116768    35.5750       5658     3.9286 0.0000e+00
    190.000    12.5022   4.117274    35.5831       5682     3.9452 0.0000e+00
    191.000    12.5004   4.117138    35.5830       5707     3.9624 0.0000e+00
    192.000    12.4984   4.116996    35.5832       5733     3.9806 0.0000e+00
    193.000    12.4955   4.116899    35.5845       5760     3.9995 0.0000e+00
    194.000    12.4783   4.115324    35.5851       5788     4.0188 0.0000e+00
    195.000    12.4020   4.107328    35.5796       5821     4.0419 0.0000e+00
    196.000    12.3754   4.104121    35.5732       5857     4.0666 0.0000e+00
    197.000    12.3664   4.103112    35.5716       5884     4.0856 0.0000e+00
    198.000    12.3596   4.102368    35.5704       5910     4.1032 0.0000e+00
    199.000    12.3496   4.101293    35.5690       5935     4.1211 0.0000e+00
    200.000    12.3315   4.099531    35.5686       5960     4.1381 0.0000e+00
    201.000    12.3103   4.097198    35.5657       5982     4.1532 0.0000e+00
    202.000    12.2742   4.093591    35.5645       6002     4.1675 0.0000e+00
    203.000    12.2383   4.089683    35.5601       6024     4.1828 0.0000e+00
    204.000    12.1719   4.082825    35.5560       6050     4.2010 0.0000e+00
    205.000    12.0832   4.073319    35.5473       6081     4.2225 0.0000e+00
    206.000    12.0331   4.067448    35.5373       6111     4.2432 0.0000e+00
    207.000    11.9684   4.061094    35.5364       6140     4.2631 0.0000e+00
