HB2304/ctd049.cnv
* Sea-Bird SBE 9 Data File:
* FileName = C:\cruise\data\ctd049.hex
* Software Version Seasave V 7.26.7.121
* Temperature SN = 4591
* Conductivity SN = 3741
* Number of Bytes Per Scan = 37
* Number of Voltage Words = 4
* Number of Scans Averaged by the Deck Unit = 1
* NMEA Latitude = 34 57.48 N
* NMEA Longitude = 075 20.37 W
* NMEA UTC (Time) = Sep 20 2023  11:38:50
* NMEA baud rate = 4800
** Ship: Bigelow HB2304
** Program:  Fall Bottom Trawl Survey
** Chief Scientist: John Galbraith
# nquan = 7
# nvalues = 265                         
# units = specified
# name 0 = depSM: Depth [salt water, m]
# name 1 = t090C: Temperature [ITS-90, deg C]
# name 2 = c0S/m: Conductivity [S/m]
# name 3 = sal00: Salinity, Practical [PSU]
# name 4 = scan: Scan Count
# name 5 = timeM: Time, Elapsed [minutes]
# name 6 = flag: flag
# span 0 =      1.000,    134.000       
# span 1 =    18.7762,    28.4105       
# span 2 =   4.842776,   5.788420       
# span 3 =    35.6587,    36.6028       
# span 4 =         54,       8722       
# span 5 =     0.0366,     6.0562       
# span 6 = 0.0000e+00, 0.0000e+00       
# interval = meters: 1                  
# start_time = Sep 20 2023 11:38:50 [NMEA time, header]
# bad_flag = -9.990e-29
*END*
      3.000    28.4012   5.762750    35.6783         54     0.0366 0.0000e+00
      4.000    28.3966   5.762086    35.6768        223     0.1541 0.0000e+00
      5.000    28.3997   5.762552    35.6774        242     0.1677 0.0000e+00
      6.000    28.3958   5.762291    35.6782        268     0.1852 0.0000e+00
      7.000    28.3951   5.762119    35.6772        294     0.2033 0.0000e+00
      8.000    28.3957   5.762109    35.6764        321     0.2220 0.0000e+00
      9.000    28.3955   5.762204    35.6769        346     0.2398 0.0000e+00
     10.000    28.3929   5.762027    35.6774        372     0.2573 0.0000e+00
     11.000    28.3974   5.762520    35.6772        398     0.2759 0.0000e+00
     12.000    28.3950   5.762293    35.6771        428     0.2963 0.0000e+00
     13.000    28.3989   5.762713    35.6767        458     0.3174 0.0000e+00
     14.000    28.4019   5.763173    35.6774        486     0.3366 0.0000e+00
     15.000    28.4001   5.763024    35.6774        510     0.3538 0.0000e+00
     16.000    28.3995   5.762990    35.6773        534     0.3700 0.0000e+00
     17.000    28.3976   5.762840    35.6774        557     0.3863 0.0000e+00
     18.000    28.4003   5.763164    35.6773        582     0.4037 0.0000e+00
     19.000    28.3986   5.763065    35.6776        610     0.4226 0.0000e+00
     20.000    28.3994   5.763183    35.6775        637     0.4416 0.0000e+00
     21.000    28.4030   5.763570    35.6772        666     0.4615 0.0000e+00
     22.000    28.4049   5.763825    35.6773        697     0.4836 0.0000e+00
     23.000    28.4029   5.763685    35.6775        728     0.5048 0.0000e+00
     24.000    28.4025   5.763725    35.6778        753     0.5222 0.0000e+00
     25.000    28.4034   5.763864    35.6778        776     0.5384 0.0000e+00
     26.000    28.4022   5.763858    35.6783        800     0.5545 0.0000e+00
     27.000    28.4018   5.763834    35.6782        824     0.5713 0.0000e+00
     28.000    28.4009   5.763764    35.6780        849     0.5890 0.0000e+00
     29.000    28.4007   5.763767    35.6779        877     0.6083 0.0000e+00
     30.000    28.4014   5.763885    35.6779        906     0.6288 0.0000e+00
     31.000    28.4011   5.763898    35.6780        935     0.6487 0.0000e+00
     32.000    28.4010   5.763940    35.6780        963     0.6680 0.0000e+00
     33.000    28.4009   5.763972    35.6780        991     0.6877 0.0000e+00
     34.000    28.4008   5.764017    35.6781       1020     0.7075 0.0000e+00
     35.000    28.4021   5.764718    35.6817       1046     0.7259 0.0000e+00
     36.000    28.4056   5.769052    35.7090       1071     0.7428 0.0000e+00
     37.000    28.4105   5.771776    35.7241       1095     0.7594 0.0000e+00
     38.000    28.3773   5.788420    35.8653       1120     0.7774 0.0000e+00
     39.000    28.2111   5.788302    35.9903       1148     0.7964 0.0000e+00
     40.000    28.2062   5.787887    35.9909       1174     0.8148 0.0000e+00
     41.000    28.1451   5.784532    36.0136       1201     0.8333 0.0000e+00
     42.000    27.8829   5.765563    36.0805       1229     0.8528 0.0000e+00
     43.000    27.7457   5.755823    36.1169       1259     0.8737 0.0000e+00
     44.000    27.3969   5.730949    36.2094       1288     0.8937 0.0000e+00
     45.000    27.0938   5.702345    36.2404       1313     0.9111 0.0000e+00
     46.000    26.8653   5.679011    36.2508       1336     0.9272 0.0000e+00
     47.000    26.8119   5.672827    36.2478       1362     0.9450 0.0000e+00
     48.000    26.7840   5.669632    36.2463       1392     0.9657 0.0000e+00
     49.000    26.7065   5.661798    36.2502       1420     0.9857 0.0000e+00
     50.000    26.5887   5.649143    36.2508       1446     1.0032 0.0000e+00
     51.000    26.5438   5.643653    36.2460       1469     1.0198 0.0000e+00
     52.000    26.5338   5.642347    36.2441       1494     1.0368 0.0000e+00
     53.000    26.4804   5.637394    36.2498       1521     1.0558 0.0000e+00
     54.000    26.2741   5.617375    36.2666       1552     1.0768 0.0000e+00
     55.000    26.0740   5.597020    36.2760       1580     1.0966 0.0000e+00
     56.000    25.9335   5.584498    36.2954       1606     1.1146 0.0000e+00
     57.000    25.7900   5.570074    36.3032       1633     1.1331 0.0000e+00
     58.000    25.5894   5.548261    36.3020       1661     1.1531 0.0000e+00
     59.000    25.3395   5.520576    36.2967       1690     1.1729 0.0000e+00
     60.000    25.2150   5.508424    36.3059       1715     1.1906 0.0000e+00
     61.000    25.0597   5.491339    36.3031       1739     1.2072 0.0000e+00
     62.000    24.9111   5.475458    36.3038       1764     1.2243 0.0000e+00
     63.000    24.7991   5.463797    36.3065       1792     1.2437 0.0000e+00
     64.000    24.7330   5.456463    36.3046       1822     1.2646 0.0000e+00
     65.000    24.6735   5.449719    36.3017       1852     1.2852 0.0000e+00
     66.000    24.5122   5.434628    36.3183       1882     1.3061 0.0000e+00
     67.000    24.3327   5.417014    36.3308       1910     1.3260 0.0000e+00
     68.000    24.2007   5.403865    36.3383       1935     1.3433 0.0000e+00
     69.000    24.0945   5.393860    36.3486       1959     1.3596 0.0000e+00
     70.000    24.0329   5.386863    36.3454       1984     1.3771 0.0000e+00
     71.000    24.0079   5.384020    36.3438       2012     1.3964 0.0000e+00
     72.000    23.9565   5.378290    36.3419       2040     1.4163 0.0000e+00
     73.000    23.9389   5.376154    36.3396       2069     1.4360 0.0000e+00
     74.000    23.9135   5.373455    36.3395       2097     1.4558 0.0000e+00
     75.000    23.8312   5.365615    36.3467       2126     1.4756 0.0000e+00
     76.000    23.7630   5.358331    36.3466       2153     1.4941 0.0000e+00
     77.000    23.7347   5.355241    36.3458       2179     1.5125 0.0000e+00
     78.000    23.7242   5.354045    36.3449       2208     1.5325 0.0000e+00
     79.000    23.7208   5.353650    36.3444       2237     1.5527 0.0000e+00
     80.000    23.6897   5.350779    36.3475       2264     1.5713 0.0000e+00
     81.000    23.6727   5.348895    36.3468       2288     1.5882 0.0000e+00
     82.000    23.6441   5.346057    36.3482       2311     1.6042 0.0000e+00
     83.000    23.5865   5.341116    36.3572       2335     1.6209 0.0000e+00
     84.000    23.4343   5.326841    36.3725       2363     1.6403 0.0000e+00
     85.000    23.3568   5.319147    36.3768       2394     1.6620 0.0000e+00
     86.000    23.2969   5.312756    36.3766       2425     1.6831 0.0000e+00
     87.000    23.2775   5.310889    36.3779       2454     1.7034 0.0000e+00
     88.000    23.2272   5.306064    36.3819       2482     1.7226 0.0000e+00
     89.000    23.2160   5.304742    36.3806       2507     1.7406 0.0000e+00
     90.000    23.2038   5.303687    36.3822       2533     1.7583 0.0000e+00
     91.000    23.1681   5.300247    36.3847       2558     1.7759 0.0000e+00
     92.000    23.1521   5.299014    36.3881       2583     1.7931 0.0000e+00
     93.000    23.0459   5.289603    36.4028       2608     1.8101 0.0000e+00
     94.000    22.9472   5.280038    36.4102       2632     1.8274 0.0000e+00
     95.000    22.8751   5.273852    36.4216       2658     1.8451 0.0000e+00
     96.000    22.8251   5.269034    36.4254       2686     1.8645 0.0000e+00
     97.000    22.8319   5.275969    36.4734       2717     1.8860 0.0000e+00
     98.000    22.6855   5.261840    36.4850       2747     1.9069 0.0000e+00
     99.000    22.5029   5.240469    36.4701       2774     1.9258 0.0000e+00
    100.000    22.3605   5.223363    36.4548       2802     1.9451 0.0000e+00
    101.000    22.3588   5.222734    36.4509       2830     1.9647 0.0000e+00
    102.000    22.4092   5.234187    36.4983       2856     1.9829 0.0000e+00
    103.000    22.4051   5.240656    36.5522       2880     1.9991 0.0000e+00
    104.000    22.3499   5.235558    36.5582       2902     2.0143 0.0000e+00
    105.000    22.3237   5.234480    36.5714       2923     2.0295 0.0000e+00
    106.000    22.2903   5.234940    36.6028       2948     2.0463 0.0000e+00
    107.000    22.0299   5.204176    36.5792       2976     2.0660 0.0000e+00
    108.000    21.7153   5.167018    36.5503       3007     2.0875 0.0000e+00
    109.000    21.4236   5.131091    36.5109       3036     2.1079 0.0000e+00
    110.000    21.2759   5.113913    36.4985       3064     2.1271 0.0000e+00
    111.000    21.0853   5.092077    36.4851       3091     2.1461 0.0000e+00
    112.000    20.9759   5.078975    36.4726       3119     2.1652 0.0000e+00
    113.000    20.8557   5.065064    36.4626       3146     2.1839 0.0000e+00
    114.000    20.7729   5.055621    36.4566       3171     2.2014 0.0000e+00
    115.000    20.7000   5.047428    36.4523       3194     2.2174 0.0000e+00
    116.000    20.6177   5.038170    36.4474       3216     2.2330 0.0000e+00
    117.000    20.5023   5.025152    36.4401       3240     2.2491 0.0000e+00
    118.000    20.3724   5.011910    36.4436       3265     2.2666 0.0000e+00
    119.000    20.2461   4.998406    36.4416       3292     2.2851 0.0000e+00
    120.000    20.1761   4.990687    36.4384       3318     2.3035 0.0000e+00
    121.000    20.0731   4.980232    36.4412       3344     2.3217 0.0000e+00
    122.000    19.9253   4.965201    36.4451       3371     2.3400 0.0000e+00
    123.000    19.8404   4.956223    36.4443       3398     2.3592 0.0000e+00
    124.000    19.7505   4.947728    36.4519       3427     2.3793 0.0000e+00
    125.000    19.6781   4.940926    36.4581       3457     2.3997 0.0000e+00
    126.000    19.6683   4.939577    36.4551       3484     2.4188 0.0000e+00
    127.000    19.6182   4.935632    36.4656       3508     2.4358 0.0000e+00
    128.000    19.6040   4.934196    36.4657       3531     2.4512 0.0000e+00
    129.000    19.5482   4.929092    36.4716       3552     2.4662 0.0000e+00
    130.000    19.4657   4.920419    36.4711       3575     2.4817 0.0000e+00
    131.000    19.3427   4.908341    36.4776       3599     2.4987 0.0000e+00
    132.000    19.1205   4.884540    36.4729       3625     2.5167 0.0000e+00
    133.000    18.9918   4.869868    36.4624       3653     2.5359 0.0000e+00
    134.000    18.7762   4.842776    36.4236       4142     2.8757 0.0000e+00
    133.000    18.9034   4.855077    36.4156       4478     3.1092 0.0000e+00
    132.000    19.0249   4.868514    36.4223       4503     3.1267 0.0000e+00
    131.000    19.1553   4.881839    36.4201       4536     3.1494 0.0000e+00
    130.000    19.2544   4.893148    36.4283       4560     3.1661 0.0000e+00
    129.000    19.4211   4.910104    36.4244       4584     3.1827 0.0000e+00
    128.000    19.4480   4.913659    36.4310       4607     3.1987 0.0000e+00
    127.000    19.5549   4.924592    36.4290       4630     3.2149 0.0000e+00
    126.000    19.5732   4.926897    36.4326       4656     3.2326 0.0000e+00
    125.000    19.6168   4.930771    36.4272       4685     3.2526 0.0000e+00
    124.000    19.6557   4.933981    36.4204       4716     3.2744 0.0000e+00
    123.000    19.7005   4.938153    36.4163       4747     3.2959 0.0000e+00
    122.000    19.7550   4.942849    36.4082       4775     3.3152 0.0000e+00
    121.000    19.8015   4.948054    36.4113       4855     3.3710 0.0000e+00
    120.000    20.1379   4.982051    36.4005       5137     3.5664 0.0000e+00
    119.000    20.1182   4.981706    36.4150       5316     3.6908 0.0000e+00
    118.000    20.1240   4.980811    36.4031       5344     3.7101 0.0000e+00
    117.000    20.2510   4.992966    36.3935       5368     3.7269 0.0000e+00
    116.000    20.3729   5.004558    36.3838       5394     3.7453 0.0000e+00
    115.000    20.4477   5.014702    36.4026       5423     3.7652 0.0000e+00
    114.000    20.5718   5.026367    36.3914       5448     3.7828 0.0000e+00
    113.000    20.5825   5.031025    36.4205       5471     3.7985 0.0000e+00
    112.000    20.6421   5.035051    36.4025       5493     3.8141 0.0000e+00
    111.000    20.8110   5.052459    36.3994       5518     3.8310 0.0000e+00
    110.000    20.9123   5.065781    36.4211       5547     3.8515 0.0000e+00
    109.000    21.2194   5.096290    36.4054       5579     3.8733 0.0000e+00
    108.000    21.4495   5.124893    36.4397       5603     3.8902 0.0000e+00
    107.000    21.6850   5.153427    36.4681       5624     3.9047 0.0000e+00
    106.000    21.9713   5.184352    36.4721       5645     3.9196 0.0000e+00
    105.000    22.2113   5.216558    36.5248       5671     3.9374 0.0000e+00
    104.000    22.2974   5.224414    36.5146       5700     3.9576 0.0000e+00
    103.000    22.3500   5.229261    36.5089       5725     3.9748 0.0000e+00
    102.000    22.3737   5.227436    36.4750       5746     3.9895 0.0000e+00
    101.000    22.3217   5.215938    36.4286       5767     4.0043 0.0000e+00
    100.000    22.3494   5.216699    36.4117       5793     4.0221 0.0000e+00
     99.000    22.4974   5.232251    36.4102       5824     4.0436 0.0000e+00
     98.000    22.6522   5.250725    36.4260       5853     4.0637 0.0000e+00
     97.000    22.7989   5.266751    36.4290       5879     4.0819 0.0000e+00
     96.000    22.8358   5.265336    36.3877       5904     4.0991 0.0000e+00
     95.000    22.8817   5.268532    36.3748       5926     4.1146 0.0000e+00
     94.000    22.9025   5.270690    36.3746       5946     4.1288 0.0000e+00
     93.000    22.9513   5.274843    36.3667       5967     4.1429 0.0000e+00
     92.000    23.0655   5.285354    36.3540       5990     4.1589 0.0000e+00
     91.000    23.1020   5.289575    36.3568       6015     4.1766 0.0000e+00
     90.000    23.1422   5.293363    36.3533       6041     4.1945 0.0000e+00
     89.000    23.1727   5.296573    36.3532       6067     4.2125 0.0000e+00
     88.000    23.2172   5.300632    36.3481       6094     4.2312 0.0000e+00
     87.000    23.2565   5.304602    36.3467       6122     4.2509 0.0000e+00
     86.000    23.2874   5.307721    36.3456       6151     4.2708 0.0000e+00
     85.000    23.3550   5.313630    36.3358       6178     4.2899 0.0000e+00
     84.000    23.4321   5.321510    36.3333       6203     4.3072 0.0000e+00
     83.000    23.4640   5.324487    36.3303       6226     4.3226 0.0000e+00
     82.000    23.5763   5.334582    36.3159       6246     4.3368 0.0000e+00
     81.000    23.6232   5.339727    36.3172       6267     4.3511 0.0000e+00
     80.000    23.6585   5.343408    36.3167       6291     4.3679 0.0000e+00
     79.000    23.6748   5.345309    36.3183       6319     4.3875 0.0000e+00
     78.000    23.7040   5.348275    36.3173       6346     4.4062 0.0000e+00
     77.000    23.7215   5.350070    36.3171       6370     4.4232 0.0000e+00
     76.000    23.7276   5.350722    36.3175       6395     4.4403 0.0000e+00
     75.000    23.7365   5.351632    36.3174       6422     4.4590 0.0000e+00
     74.000    23.7539   5.353358    36.3167       6449     4.4781 0.0000e+00
     73.000    23.7957   5.357226    36.3124       6476     4.4965 0.0000e+00
     72.000    23.8875   5.366201    36.3061       6502     4.5146 0.0000e+00
     71.000    23.9254   5.370576    36.3089       6528     4.5328 0.0000e+00
     70.000    23.9600   5.373893    36.3062       6555     4.5514 0.0000e+00
     69.000    23.9989   5.378417    36.3093       6582     4.5701 0.0000e+00
     68.000    24.0371   5.381796    36.3041       6606     4.5871 0.0000e+00
     67.000    24.1708   5.394685    36.2934       6628     4.6022 0.0000e+00
     66.000    24.3016   5.406205    36.2747       6649     4.6170 0.0000e+00
     65.000    24.4976   5.424773    36.2563       6674     4.6341 0.0000e+00
     64.000    24.6495   5.440680    36.2535       6702     4.6534 0.0000e+00
     63.000    24.7668   5.452938    36.2512       6728     4.6718 0.0000e+00
     62.000    24.9000   5.466163    36.2433       6754     4.6896 0.0000e+00
     61.000    25.0661   5.484181    36.2446       6785     4.7112 0.0000e+00
