HB2304/ctd071.cnv
* Sea-Bird SBE 9 Data File:
* FileName = C:\cruise\data\ctd071.hex
* Software Version Seasave V 7.26.7.121
* Temperature SN = 4591
* Conductivity SN = 3741
* Number of Bytes Per Scan = 37
* Number of Voltage Words = 4
* Number of Scans Averaged by the Deck Unit = 1
* NMEA Latitude = 41 07.77 N
* NMEA Longitude = 071 31.86 W
* NMEA UTC (Time) = Oct 06 2023  03:37:10
* NMEA baud rate = 4800
** Ship: Bigelow HB2304
** Program:  Fall Bottom Trawl Survey
** Chief Scientist: John Galbraith
# nquan = 7
# nvalues = 50                          
# units = specified
# name 0 = depSM: Depth [salt water, m]
# name 1 = t090C: Temperature [ITS-90, deg C]
# name 2 = c0S/m: Conductivity [S/m]
# name 3 = sal00: Salinity, Practical [PSU]
# name 4 = scan: Scan Count
# name 5 = timeM: Time, Elapsed [minutes]
# name 6 = flag: flag
# span 0 =      2.000,     27.000       
# span 1 =    16.7682,    18.2646       
# span 2 =   4.070178,   4.161669       
# span 3 =    31.0985,    31.5702       
# span 4 =        164,       2592       
# span 5 =     0.1130,     1.7991       
# span 6 = 0.0000e+00, 0.0000e+00       
# interval = meters: 1                  
# start_time = Oct 06 2023 03:37:10 [NMEA time, header]
# bad_flag = -9.990e-29
*END*
      3.000    18.2646   4.154403    31.1063        164     0.1130 0.0000e+00
      4.000    18.2569   4.154069    31.1091        355     0.2456 0.0000e+00
      5.000    18.2485   4.153255    31.1082        380     0.2632 0.0000e+00
      6.000    18.2365   4.152934    31.1144        407     0.2816 0.0000e+00
      7.000    17.9860   4.138621    31.1845        431     0.2988 0.0000e+00
      8.000    17.8823   4.143286    31.3027        455     0.3150 0.0000e+00
      9.000    17.8932   4.157968    31.4177        481     0.3334 0.0000e+00
     10.000    17.8774   4.161669    31.4608        510     0.3538 0.0000e+00
     11.000    17.7246   4.155446    31.5259        540     0.3742 0.0000e+00
     12.000    17.4946   4.139559    31.5691        569     0.3942 0.0000e+00
     13.000    17.4191   4.132825    31.5702        597     0.4140 0.0000e+00
     14.000    17.3911   4.130076    31.5682        624     0.4324 0.0000e+00
     15.000    17.3521   4.126425    31.5671        648     0.4492 0.0000e+00
     16.000    17.2616   4.118309    31.5680        671     0.4652 0.0000e+00
     17.000    17.1697   4.109486    31.5640        694     0.4816 0.0000e+00
     18.000    17.0455   4.098938    31.5702        720     0.4990 0.0000e+00
     19.000    16.8818   4.083140    31.5623        747     0.5184 0.0000e+00
     20.000    16.8379   4.078242    31.5542        777     0.5392 0.0000e+00
     21.000    16.8029   4.074877    31.5522        807     0.5597 0.0000e+00
     22.000    16.7896   4.073340    31.5490        835     0.5789 0.0000e+00
     23.000    16.7837   4.072701    31.5478        861     0.5974 0.0000e+00
     24.000    16.7779   4.072002    31.5460        889     0.6164 0.0000e+00
     25.000    16.7706   4.071345    31.5457        917     0.6362 0.0000e+00
     26.000    16.7707   4.071219    31.5442        944     0.6552 0.0000e+00
     27.000    16.7839   4.072135    31.5413       1059     0.7346 0.0000e+00
     26.000    16.7682   4.070178    31.5372       1974     1.3704 0.0000e+00
     25.000    16.7864   4.071724    31.5365       1934     1.3424 0.0000e+00
     24.000    16.7853   4.071736    31.5379       1963     1.3627 0.0000e+00
     23.000    16.7813   4.071309    31.5377       1990     1.3809 0.0000e+00
     22.000    16.7959   4.072489    31.5368       2016     1.3991 0.0000e+00
     21.000    16.8002   4.072998    31.5382       2041     1.4168 0.0000e+00
     20.000    16.7961   4.072562    31.5380       2065     1.4333 0.0000e+00
     19.000    16.8022   4.072992    31.5372       2087     1.4489 0.0000e+00
     18.000    16.8108   4.073693    31.5369       2109     1.4642 0.0000e+00
     17.000    16.8330   4.075815    31.5381       2134     1.4811 0.0000e+00
     16.000    16.9500   4.086419    31.5381       2164     1.5024 0.0000e+00
     15.000    17.0442   4.093115    31.5224       2199     1.5267 0.0000e+00
     14.000    17.2047   4.109786    31.5402       2228     1.5466 0.0000e+00
     13.000    17.2628   4.115372    31.5430       2251     1.5625 0.0000e+00
     12.000    17.2325   4.112796    31.5450       2272     1.5771 0.0000e+00
     11.000    17.3287   4.117829    31.5134       2293     1.5918 0.0000e+00
     10.000    17.6580   4.140715    31.4529       2315     1.6071 0.0000e+00
      9.000    17.7916   4.150271    31.4310       2338     1.6232 0.0000e+00
      8.000    17.8490   4.149653    31.3820       2363     1.6401 0.0000e+00
      7.000    17.9340   4.136950    31.2103       2391     1.6598 0.0000e+00
      6.000    18.1890   4.146734    31.0985       2425     1.6830 0.0000e+00
      5.000    18.2287   4.150475    31.1000       2452     1.7020 0.0000e+00
      4.000    18.2409   4.151525    31.0999       2477     1.7192 0.0000e+00
      3.000    18.2455   4.151941    31.1003       2513     1.7442 0.0000e+00
      2.000    18.2456   4.152248    31.1031       2592     1.7991 0.0000e+00
