HB2304/ctd012.cnv
* Sea-Bird SBE 9 Data File:
* FileName = C:\cruise\data\ctd012.hex
* Software Version Seasave V 7.26.7.121
* Temperature SN = 4591
* Conductivity SN = 3741
* Number of Bytes Per Scan = 37
* Number of Voltage Words = 4
* Number of Scans Averaged by the Deck Unit = 1
* NMEA Latitude = 37 55.52 N
* NMEA Longitude = 074 36.04 W
* NMEA UTC (Time) = Sep 13 2023  06:32:14
* NMEA baud rate = 4800
** Ship: Bigelow HB2304
** Program:  Fall Bottom Trawl Survey
** Chief Scientist: John Galbraith
# nquan = 7
# nvalues = 81                          
# units = specified
# name 0 = depSM: Depth [salt water, m]
# name 1 = t090C: Temperature [ITS-90, deg C]
# name 2 = c0S/m: Conductivity [S/m]
# name 3 = sal00: Salinity, Practical [PSU]
# name 4 = scan: Scan Count
# name 5 = timeM: Time, Elapsed [minutes]
# name 6 = flag: flag
# span 0 =      1.000,     42.000       
# span 1 =    12.7293,    25.6392       
# span 2 =   3.823655,   4.853650       
# span 3 =    30.9819,    32.6816       
# span 4 =        129,       3500       
# span 5 =     0.0888,     2.4298       
# span 6 = 0.0000e+00, 0.0000e+00       
# interval = meters: 1                  
# start_time = Sep 13 2023 06:32:14 [NMEA time, header]
# bad_flag = -9.990e-29
*END*
      3.000    25.6270   4.853650    31.2270        129     0.0888 0.0000e+00
      4.000    25.6255   4.853636    31.2276        273     0.1887 0.0000e+00
      5.000    25.6255   4.853581    31.2269        314     0.2171 0.0000e+00
      6.000    25.6243   4.853420    31.2263        359     0.2483 0.0000e+00
      7.000    25.6197   4.853056    31.2265        385     0.2670 0.0000e+00
      8.000    25.5683   4.848038    31.2252        408     0.2823 0.0000e+00
      9.000    25.3553   4.827348    31.2213        429     0.2972 0.0000e+00
     10.000    24.7065   4.765265    31.2157        452     0.3131 0.0000e+00
     11.000    23.9245   4.690420    31.2067        477     0.3304 0.0000e+00
     12.000    23.4518   4.639824    31.1599        505     0.3500 0.0000e+00
     13.000    23.3285   4.630257    31.1745        533     0.3696 0.0000e+00
     14.000    23.2357   4.624440    31.1958        559     0.3878 0.0000e+00
     15.000    22.9693   4.619170    31.3446        588     0.4079 0.0000e+00
     16.000    21.7431   4.536085    31.5912        619     0.4294 0.0000e+00
     17.000    19.5571   4.398492    32.1315        647     0.4485 0.0000e+00
     18.000    17.1953   4.214273    32.4424        673     0.4670 0.0000e+00
     19.000    15.6240   4.076601    32.5168        698     0.4843 0.0000e+00
     20.000    15.3446   4.051541    32.5235        720     0.4991 0.0000e+00
     21.000    15.0285   4.022346    32.5233        740     0.5134 0.0000e+00
     22.000    14.9064   4.020246    32.6057        764     0.5296 0.0000e+00
     23.000    14.7421   4.013473    32.6815        791     0.5488 0.0000e+00
     24.000    14.3535   3.976405    32.6704        822     0.5702 0.0000e+00
     25.000    13.9226   3.937297    32.6752        853     0.5913 0.0000e+00
     26.000    13.8189   3.927214    32.6697        878     0.6092 0.0000e+00
     27.000    13.5250   3.901486    32.6807        904     0.6268 0.0000e+00
     28.000    13.2388   3.875395    32.6816        932     0.6464 0.0000e+00
     29.000    13.1865   3.869432    32.6700        958     0.6647 0.0000e+00
     30.000    13.1359   3.864776    32.6693        982     0.6816 0.0000e+00
     31.000    13.0677   3.858316    32.6667       1007     0.6983 0.0000e+00
     32.000    13.0340   3.855219    32.6662       1030     0.7148 0.0000e+00
     33.000    12.9510   3.848101    32.6701       1053     0.7305 0.0000e+00
     34.000    12.9032   3.843432    32.6668       1076     0.7467 0.0000e+00
     35.000    12.8883   3.841655    32.6624       1105     0.7668 0.0000e+00
     36.000    12.8686   3.839648    32.6600       1139     0.7902 0.0000e+00
     37.000    12.8176   3.835265    32.6621       1170     0.8121 0.0000e+00
     38.000    12.7922   3.832538    32.6578       1199     0.8319 0.0000e+00
     39.000    12.7690   3.830410    32.6572       1224     0.8493 0.0000e+00
     40.000    12.7660   3.829801    32.6537       1247     0.8655 0.0000e+00
     41.000    12.7536   3.827608    32.6431       1428     0.9906 0.0000e+00
     42.000    12.7293   3.823655    32.6262       1797     1.2472 0.0000e+00
     41.000    12.7533   3.825887    32.6271       1868     1.2964 0.0000e+00
     40.000    12.7626   3.825988    32.6204       2190     1.5201 0.0000e+00
     39.000    12.7672   3.826297    32.6198       2209     1.5333 0.0000e+00
     38.000    12.7706   3.826483    32.6190       2234     1.5505 0.0000e+00
     37.000    12.7797   3.827042    32.6169       2256     1.5663 0.0000e+00
     36.000    12.8116   3.829373    32.6118       2278     1.5810 0.0000e+00
     35.000    12.8439   3.831909    32.6084       2298     1.5955 0.0000e+00
     34.000    12.8798   3.834705    32.6043       2319     1.6095 0.0000e+00
     33.000    12.9042   3.836485    32.6006       2337     1.6223 0.0000e+00
     32.000    12.9655   3.841114    32.5920       2355     1.6347 0.0000e+00
     31.000    13.0119   3.845488    32.5938       2376     1.6492 0.0000e+00
     30.000    13.0779   3.850307    32.5829       2408     1.6713 0.0000e+00
     29.000    13.1611   3.857518    32.5798       2460     1.7078 0.0000e+00
     28.000    13.1659   3.858109    32.5816       2503     1.7372 0.0000e+00
     27.000    13.2153   3.861657    32.5730       2523     1.7514 0.0000e+00
     26.000    13.3905   3.871983    32.5204       2540     1.7632 0.0000e+00
     25.000    13.6066   3.892334    32.5267       2557     1.7751 0.0000e+00
     24.000    13.7701   3.907637    32.5304       2576     1.7883 0.0000e+00
     23.000    14.0271   3.927294    32.4951       2596     1.8020 0.0000e+00
     22.000    14.4332   3.962963    32.4811       2616     1.8163 0.0000e+00
     21.000    14.6698   3.983535    32.4711       2639     1.8320 0.0000e+00
     20.000    14.9759   3.995552    32.3256       2669     1.8529 0.0000e+00
     19.000    15.2547   4.019204    32.3085       2704     1.8769 0.0000e+00
     18.000    15.4148   4.030947    32.2825       2735     1.8983 0.0000e+00
     17.000    16.9538   4.137640    31.9766       2763     1.9179 0.0000e+00
     16.000    18.5880   4.272079    31.8359       2789     1.9361 0.0000e+00
     15.000    20.6458   4.414457    31.4404       2814     1.9534 0.0000e+00
     14.000    21.9398   4.510540    31.2503       2838     1.9703 0.0000e+00
     13.000    22.8299   4.574575    31.1057       2862     1.9866 0.0000e+00
     12.000    23.2210   4.599162    31.0161       2886     2.0032 0.0000e+00
     11.000    23.5972   4.629645    30.9819       2911     2.0207 0.0000e+00
     10.000    24.6626   4.730762    30.9930       2936     2.0384 0.0000e+00
      9.000    25.3214   4.803094    31.0689       2961     2.0558 0.0000e+00
      8.000    25.4945   4.827250    31.1257       2987     2.0733 0.0000e+00
      7.000    25.5455   4.833743    31.1380       3010     2.0897 0.0000e+00
      6.000    25.5649   4.837153    31.1496       3032     2.1048 0.0000e+00
      5.000    25.5982   4.840858    31.1539       3056     2.1213 0.0000e+00
      4.000    25.6107   4.843569    31.1652       3092     2.1466 0.0000e+00
      3.000    25.5997   4.844053    31.1765       3137     2.1778 0.0000e+00
      2.000    25.6392   4.851879    31.2062       3427     2.3789 0.0000e+00
      1.000    25.6294   4.850975    31.2066       3500     2.4298 0.0000e+00
