HB2304/ctd059.cnv
* Sea-Bird SBE 9 Data File:
* FileName = C:\cruise\data\ctd059.hex
* Software Version Seasave V 7.26.7.121
* Temperature SN = 4591
* Conductivity SN = 3741
* Number of Bytes Per Scan = 37
* Number of Voltage Words = 4
* Number of Scans Averaged by the Deck Unit = 1
* NMEA Latitude = 37 30.64 N
* NMEA Longitude = 075 24.30 W
* NMEA UTC (Time) = Sep 21 2023  22:53:21
* NMEA baud rate = 4800
** Ship: Bigelow HB2304
** Program:  Fall Bottom Trawl Survey
** Chief Scientist: John Galbraith
# nquan = 7
# nvalues = 33                          
# units = specified
# name 0 = depSM: Depth [salt water, m]
# name 1 = t090C: Temperature [ITS-90, deg C]
# name 2 = c0S/m: Conductivity [S/m]
# name 3 = sal00: Salinity, Practical [PSU]
# name 4 = scan: Scan Count
# name 5 = timeM: Time, Elapsed [minutes]
# name 6 = flag: flag
# span 0 =      3.000,     19.000       
# span 1 =    24.0302,    24.1268       
# span 2 =   4.787940,   4.797234       
# span 3 =    31.8559,    31.8603       
# span 4 =        -10,       2915       
# span 5 =    -0.0079,     2.0234       
# span 6 = 0.0000e+00, 0.0000e+00       
# interval = meters: 1                  
# start_time = Sep 21 2023 22:53:21 [NMEA time, header]
# bad_flag = -9.990e-29
*END*
      3.000    24.1216   4.796415    31.8587        -10    -0.0079 0.0000e+00
      4.000    24.1236   4.796695    31.8590        347     0.2406 0.0000e+00
      5.000    24.1224   4.796615    31.8590        398     0.2759 0.0000e+00
      6.000    24.1253   4.796932    31.8589        443     0.3073 0.0000e+00
      7.000    24.1259   4.797027    31.8590        498     0.3451 0.0000e+00
      8.000    24.1268   4.797166    31.8590        572     0.3962 0.0000e+00
      9.000    24.1256   4.797143    31.8594        622     0.4311 0.0000e+00
     10.000    24.1250   4.797131    31.8595        673     0.4668 0.0000e+00
     11.000    24.1257   4.797234    31.8594        732     0.5075 0.0000e+00
     12.000    24.1247   4.797177    31.8594        792     0.5491 0.0000e+00
     13.000    24.1162   4.796445    31.8597        849     0.5889 0.0000e+00
     14.000    24.1149   4.796323    31.8594        911     0.6319 0.0000e+00
     15.000    24.1191   4.796785    31.8596        965     0.6691 0.0000e+00
     16.000    24.1051   4.795548    31.8601       1022     0.7089 0.0000e+00
     17.000    24.0862   4.793721    31.8596       1080     0.7490 0.0000e+00
     18.000    24.0677   4.792081    31.8603       1129     0.7834 0.0000e+00
     19.000    24.0302   4.787940    31.8559       1973     1.3697 0.0000e+00
     18.000    24.0579   4.790727    31.8573       2382     1.6537 0.0000e+00
     17.000    24.0657   4.791441    31.8573       2348     1.6295 0.0000e+00
     16.000    24.0829   4.793006    31.8570       2388     1.6575 0.0000e+00
     15.000    24.0926   4.794067    31.8582       2429     1.6861 0.0000e+00
     14.000    24.0993   4.794701    31.8585       2468     1.7129 0.0000e+00
     13.000    24.1072   4.795464    31.8589       2506     1.7394 0.0000e+00
     12.000    24.1107   4.795764    31.8589       2540     1.7635 0.0000e+00
     11.000    24.1137   4.796001    31.8588       2577     1.7889 0.0000e+00
     10.000    24.1162   4.796265    31.8593       2615     1.8152 0.0000e+00
      9.000    24.1174   4.796311    31.8590       2650     1.8394 0.0000e+00
      8.000    24.1151   4.796003    31.8588       2683     1.8626 0.0000e+00
      7.000    24.1144   4.795932    31.8590       2718     1.8866 0.0000e+00
      6.000    24.1133   4.795778    31.8589       2764     1.9185 0.0000e+00
      5.000    24.1173   4.796104    31.8588       2816     1.9546 0.0000e+00
      4.000    24.1177   4.796172    31.8593       2844     1.9743 0.0000e+00
      3.000    24.1167   4.795932    31.8586       2915     2.0234 0.0000e+00
