HB2304/ctd065.cnv
* Sea-Bird SBE 9 Data File:
* FileName = C:\cruise\data\ctd065.hex
* Software Version Seasave V 7.26.7.121
* Temperature SN = 4591
* Conductivity SN = 3741
* Number of Bytes Per Scan = 37
* Number of Voltage Words = 4
* Number of Scans Averaged by the Deck Unit = 1
* NMEA Latitude = 38 39.52 N
* NMEA Longitude = 074 50.47 W
* NMEA UTC (Time) = Sep 24 2023  19:07:16
* NMEA baud rate = 4800
** Ship: Bigelow HB2304
** Program:  Fall Bottom Trawl Survey
** Chief Scientist: John Galbraith
# nquan = 7
# nvalues = 40                          
# units = specified
# name 0 = depSM: Depth [salt water, m]
# name 1 = t090C: Temperature [ITS-90, deg C]
# name 2 = c0S/m: Conductivity [S/m]
# name 3 = sal00: Salinity, Practical [PSU]
# name 4 = scan: Scan Count
# name 5 = timeM: Time, Elapsed [minutes]
# name 6 = flag: flag
# span 0 =      2.000,     22.000       
# span 1 =    21.3193,    21.6684       
# span 2 =   4.414633,   4.441523       
# span 3 =    30.9102,    30.9502       
# span 4 =         69,       2644       
# span 5 =     0.0472,     1.8352       
# span 6 = 0.0000e+00, 0.0000e+00       
# interval = meters: 1                  
# start_time = Sep 24 2023 19:07:16 [NMEA time, header]
# bad_flag = -9.990e-29
*END*
      3.000    21.6607   4.440705    30.9120         69     0.0472 0.0000e+00
      4.000    21.6652   4.441117    30.9117        362     0.2508 0.0000e+00
      5.000    21.6684   4.441523    30.9123        375     0.2594 0.0000e+00
      6.000    21.6602   4.441019    30.9139        426     0.2953 0.0000e+00
      7.000    21.6397   4.439436    30.9160        487     0.3372 0.0000e+00
      8.000    21.6397   4.439457    30.9158        533     0.3695 0.0000e+00
      9.000    21.6344   4.439137    30.9168        583     0.4045 0.0000e+00
     10.000    21.6194   4.438090    30.9191        620     0.4297 0.0000e+00
     11.000    21.6091   4.437312    30.9202        667     0.4624 0.0000e+00
     12.000    21.5098   4.429958    30.9337        720     0.4993 0.0000e+00
     13.000    21.4872   4.427969    30.9341        749     0.5192 0.0000e+00
     14.000    21.4609   4.425913    30.9367        777     0.5392 0.0000e+00
     15.000    21.4524   4.425189    30.9368        817     0.5669 0.0000e+00
     16.000    21.3863   4.420250    30.9454        862     0.5981 0.0000e+00
     17.000    21.3422   4.416835    30.9501        908     0.6299 0.0000e+00
     18.000    21.3226   4.415076    30.9502        957     0.6638 0.0000e+00
     19.000    21.3214   4.414891    30.9493        997     0.6919 0.0000e+00
     20.000    21.3218   4.414918    30.9489       1030     0.7147 0.0000e+00
     21.000    21.3215   4.414897    30.9486       1077     0.7473 0.0000e+00
     22.000    21.3193   4.414671    30.9481       1263     0.8762 0.0000e+00
     21.000    21.3209   4.414633    30.9470       1893     1.3136 0.0000e+00
     20.000    21.3262   4.415035    30.9466       1980     1.3742 0.0000e+00
     19.000    21.3287   4.415190    30.9464       2045     1.4191 0.0000e+00
     18.000    21.3298   4.415259    30.9464       2066     1.4344 0.0000e+00
     17.000    21.3323   4.415362    30.9458       2084     1.4463 0.0000e+00
     16.000    21.3515   4.416073    30.9378       2100     1.4580 0.0000e+00
     15.000    21.3889   4.419242    30.9360       2123     1.4736 0.0000e+00
     14.000    21.4398   4.423332    30.9316       2173     1.5086 0.0000e+00
     13.000    21.4740   4.426045    30.9286       2223     1.5429 0.0000e+00
     12.000    21.5035   4.427990    30.9229       2247     1.5598 0.0000e+00
     11.000    21.5811   4.433948    30.9140       2269     1.5750 0.0000e+00
     10.000    21.6074   4.436297    30.9138       2297     1.5945 0.0000e+00
      9.000    21.6511   4.439823    30.9102       2347     1.6290 0.0000e+00
      8.000    21.6497   4.439875    30.9119       2376     1.6495 0.0000e+00
      7.000    21.6560   4.440272    30.9108       2394     1.6620 0.0000e+00
      6.000    21.6571   4.440398    30.9113       2413     1.6747 0.0000e+00
      5.000    21.6589   4.440535    30.9114       2446     1.6977 0.0000e+00
      4.000    21.6575   4.440455    30.9121       2498     1.7343 0.0000e+00
      3.000    21.6571   4.440405    30.9123       2579     1.7901 0.0000e+00
      2.000    21.6579   4.440494    30.9127       2644     1.8352 0.0000e+00
