HB2304/ctd080.cnv
* Sea-Bird SBE 9 Data File:
* FileName = C:\cruise\data\ctd080.hex
* Software Version Seasave V 7.26.7.121
* Temperature SN = 4591
* Conductivity SN = 3741
* Number of Bytes Per Scan = 37
* Number of Voltage Words = 4
* Number of Scans Averaged by the Deck Unit = 1
* NMEA Latitude = 40 43.02 N
* NMEA Longitude = 072 31.56 W
* NMEA UTC (Time) = Oct 07 2023  18:08:36
* NMEA baud rate = 4800
** Ship: Bigelow HB2304
** Program:  Fall Bottom Trawl Survey
** Chief Scientist: John Galbraith
# nquan = 7
# nvalues = 52                          
# units = specified
# name 0 = depSM: Depth [salt water, m]
# name 1 = t090C: Temperature [ITS-90, deg C]
# name 2 = c0S/m: Conductivity [S/m]
# name 3 = sal00: Salinity, Practical [PSU]
# name 4 = scan: Scan Count
# name 5 = timeM: Time, Elapsed [minutes]
# name 6 = flag: flag
# span 0 =      3.000,     29.000       
# span 1 =    17.1805,    18.2394       
# span 2 =   4.125941,   4.194720       
# span 3 =    31.4514,    31.6932       
# span 4 =       -578,       3607       
# span 5 =    -0.4021,     2.5043       
# span 6 = 0.0000e+00, 0.0000e+00       
# interval = meters: 1                  
# start_time = Oct 07 2023 18:08:36 [NMEA time, header]
# bad_flag = -9.990e-29
*END*
      4.000    18.2355   4.194063    31.4597       -578    -0.4021 0.0000e+00
      5.000    18.2394   4.194720    31.4619        750     0.5199 0.0000e+00
      6.000    18.2363   4.194489    31.4620        558     0.3870 0.0000e+00
      7.000    18.2276   4.193807    31.4626        643     0.4457 0.0000e+00
      8.000    18.2295   4.194016    31.4626        752     0.5212 0.0000e+00
      9.000    18.2297   4.194037    31.4623        778     0.5397 0.0000e+00
     10.000    18.2327   4.194358    31.4622        817     0.5668 0.0000e+00
     11.000    18.2306   4.194275    31.4629        869     0.6031 0.0000e+00
     12.000    18.2123   4.192728    31.4636        940     0.6519 0.0000e+00
     13.000    18.1889   4.192438    31.4787        999     0.6931 0.0000e+00
     14.000    18.0157   4.186173    31.5591       1025     0.7111 0.0000e+00
     15.000    17.6256   4.157410    31.6178       1050     0.7285 0.0000e+00
     16.000    17.5553   4.150728    31.6155       1092     0.7579 0.0000e+00
     17.000    17.5375   4.150683    31.6286       1152     0.7992 0.0000e+00
     18.000    17.5252   4.152571    31.6539       1193     0.8280 0.0000e+00
     19.000    17.4660   4.148422    31.6644       1258     0.8732 0.0000e+00
     20.000    17.3730   4.140591    31.6699       1306     0.9062 0.0000e+00
     21.000    17.3759   4.141396    31.6742       1332     0.9247 0.0000e+00
     22.000    17.3756   4.141531    31.6752       1366     0.9479 0.0000e+00
     23.000    17.3117   4.136684    31.6834       1428     0.9912 0.0000e+00
     24.000    17.2432   4.131264    31.6904       1473     1.0223 0.0000e+00
     25.000    17.2101   4.128598    31.6932       1526     1.0593 0.0000e+00
     26.000    17.1897   4.126743    31.6929       1599     1.1095 0.0000e+00
     27.000    17.1870   4.126492    31.6925       1629     1.1305 0.0000e+00
     28.000    17.1850   4.126322    31.6923       1657     1.1503 0.0000e+00
     29.000    17.1805   4.125941    31.6922       1717     1.1916 0.0000e+00
     28.000    17.1849   4.126160    31.6910       1777     1.2334 0.0000e+00
     27.000    17.1853   4.125942    31.6892       2383     1.6544 0.0000e+00
     26.000    17.1878   4.126014    31.6881       2830     1.9647 0.0000e+00
     25.000    17.1948   4.126531    31.6875       2908     2.0185 0.0000e+00
     24.000    17.2170   4.128099    31.6838       2942     2.0425 0.0000e+00
     23.000    17.2428   4.129867    31.6791       2963     2.0569 0.0000e+00
     22.000    17.3134   4.134704    31.6655       2981     2.0696 0.0000e+00
     21.000    17.3533   4.138365    31.6660       3000     2.0824 0.0000e+00
     20.000    17.3753   4.140181    31.6646       3021     2.0972 0.0000e+00
     19.000    17.3814   4.139785    31.6568       3048     2.1157 0.0000e+00
     18.000    17.4723   4.146809    31.6461       3079     2.1373 0.0000e+00
     17.000    17.5179   4.150418    31.6416       3112     2.1605 0.0000e+00
     16.000    17.5309   4.148797    31.6180       3143     2.1819 0.0000e+00
     15.000    17.5447   4.147885    31.5999       3168     2.1992 0.0000e+00
     14.000    17.5879   4.149774    31.5827       3190     2.2148 0.0000e+00
     13.000    17.8752   4.170795    31.5384       3214     2.2310 0.0000e+00
     12.000    18.0702   4.183338    31.4940       3238     2.2477 0.0000e+00
     11.000    18.1150   4.184944    31.4734       3259     2.2625 0.0000e+00
     10.000    18.1351   4.186214    31.4689       3278     2.2760 0.0000e+00
      9.000    18.1674   4.187996    31.4594       3300     2.2908 0.0000e+00
      8.000    18.2270   4.192445    31.4514       3336     2.3162 0.0000e+00
      7.000    18.2321   4.193200    31.4541       3379     2.3462 0.0000e+00
      6.000    18.2277   4.192863    31.4550       3401     2.3614 0.0000e+00
      5.000    18.2245   4.192656    31.4561       3420     2.3745 0.0000e+00
      4.000    18.2242   4.192624    31.4564       3440     2.3882 0.0000e+00
      3.000    18.2268   4.193205    31.4596       3607     2.5043 0.0000e+00
