HB2304/ctd053.cnv
* Sea-Bird SBE 9 Data File:
* FileName = C:\cruise\data\ctd053.hex
* Software Version Seasave V 7.26.7.121
* Temperature SN = 4591
* Conductivity SN = 3741
* Number of Bytes Per Scan = 37
* Number of Voltage Words = 4
* Number of Scans Averaged by the Deck Unit = 1
* NMEA Latitude = 35 54.99 N
* NMEA Longitude = 075 20.16 W
* NMEA UTC (Time) = Sep 21 2023  01:48:23
* NMEA baud rate = 4800
** Ship: Bigelow HB2304
** Program:  Fall Bottom Trawl Survey
** Chief Scientist: John Galbraith
# nquan = 7
# nvalues = 41                          
# units = specified
# name 0 = depSM: Depth [salt water, m]
# name 1 = t090C: Temperature [ITS-90, deg C]
# name 2 = c0S/m: Conductivity [S/m]
# name 3 = sal00: Salinity, Practical [PSU]
# name 4 = scan: Scan Count
# name 5 = timeM: Time, Elapsed [minutes]
# name 6 = flag: flag
# span 0 =      3.000,     23.000       
# span 1 =    24.3407,    24.5763       
# span 2 =   4.810923,   4.880364       
# span 3 =    31.6516,    32.2677       
# span 4 =        237,       3276       
# span 5 =     0.1636,     2.2745       
# span 6 = 0.0000e+00, 0.0000e+00       
# interval = meters: 1                  
# start_time = Sep 21 2023 01:48:23 [NMEA time, header]
# bad_flag = -9.990e-29
*END*
      3.000    24.5717   4.811612    31.6525        237     0.1636 0.0000e+00
      4.000    24.5737   4.811878    31.6527        531     0.3680 0.0000e+00
      5.000    24.5735   4.811959    31.6532        609     0.4225 0.0000e+00
      6.000    24.5763   4.812179    31.6526        652     0.4518 0.0000e+00
      7.000    24.5756   4.812156    31.6525        697     0.4831 0.0000e+00
      8.000    24.5757   4.812188    31.6524        752     0.5216 0.0000e+00
      9.000    24.5716   4.811950    31.6533        795     0.5513 0.0000e+00
     10.000    24.5699   4.811788    31.6529        833     0.5777 0.0000e+00
     11.000    24.5665   4.812225    31.6583        878     0.6089 0.0000e+00
     12.000    24.5005   4.812851    31.7091        926     0.6421 0.0000e+00
     13.000    24.4812   4.815065    31.7388        966     0.6704 0.0000e+00
     14.000    24.4763   4.815890    31.7480       1010     0.7010 0.0000e+00
     15.000    24.4767   4.817697    31.7608       1064     0.7383 0.0000e+00
     16.000    24.4740   4.822266    31.7961       1110     0.7698 0.0000e+00
     17.000    24.4182   4.834946    31.9291       1146     0.7949 0.0000e+00
     18.000    24.3909   4.837866    31.9698       1182     0.8200 0.0000e+00
     19.000    24.3558   4.843027    32.0328       1237     0.8581 0.0000e+00
     20.000    24.3407   4.847413    32.0758       1303     0.9042 0.0000e+00
     21.000    24.3634   4.858577    32.1420       1343     0.9320 0.0000e+00
     22.000    24.3995   4.874597    32.2345       1381     0.9586 0.0000e+00
     23.000    24.4124   4.880364    32.2677       1409     0.9780 0.0000e+00
     22.000    24.4088   4.879187    32.2618       2443     1.6961 0.0000e+00
     21.000    24.3806   4.866952    32.1917       2580     1.7910 0.0000e+00
     20.000    24.3586   4.857387    32.1369       2617     1.8168 0.0000e+00
     19.000    24.3520   4.848271    32.0743       2644     1.8353 0.0000e+00
     18.000    24.3776   4.840583    31.9995       2669     1.8526 0.0000e+00
     17.000    24.3918   4.836941    31.9626       2693     1.8694 0.0000e+00
     16.000    24.4259   4.833769    31.9153       2718     1.8865 0.0000e+00
     15.000    24.4678   4.820563    31.7882       2744     1.9050 0.0000e+00
     14.000    24.4788   4.816381    31.7499       2772     1.9241 0.0000e+00
     13.000    24.4812   4.816144    31.7467       2797     1.9417 0.0000e+00
     12.000    24.4811   4.815975    31.7458       2820     1.9576 0.0000e+00
     11.000    24.5011   4.814106    31.7182       2843     1.9737 0.0000e+00
     10.000    24.5307   4.812021    31.6823       2869     1.9919 0.0000e+00
      9.000    24.5653   4.811917    31.6575       2899     2.0127 0.0000e+00
      8.000    24.5635   4.811987    31.6595       2928     2.0324 0.0000e+00
      7.000    24.5700   4.811821    31.6540       2953     2.0503 0.0000e+00
      6.000    24.5695   4.811513    31.6524       2978     2.0673 0.0000e+00
      5.000    24.5678   4.811200    31.6516       3001     2.0837 0.0000e+00
      4.000    24.5651   4.810923    31.6517       3025     2.1001 0.0000e+00
      3.000    24.5760   4.812008    31.6523       3276     2.2745 0.0000e+00
