HB2304/ctd078.cnv
* Sea-Bird SBE 9 Data File:
* FileName = C:\cruise\data\ctd078.hex
* Software Version Seasave V 7.26.7.121
* Temperature SN = 4591
* Conductivity SN = 3741
* Number of Bytes Per Scan = 37
* Number of Voltage Words = 4
* Number of Scans Averaged by the Deck Unit = 1
* NMEA Latitude = 40 50.26 N
* NMEA Longitude = 072 21.90 W
* NMEA UTC (Time) = Oct 07 2023  14:43:44
* NMEA baud rate = 4800
** Ship: Bigelow HB2304
** Program:  Fall Bottom Trawl Survey
** Chief Scientist: John Galbraith
# nquan = 7
# nvalues = 37                          
# units = specified
# name 0 = depSM: Depth [salt water, m]
# name 1 = t090C: Temperature [ITS-90, deg C]
# name 2 = c0S/m: Conductivity [S/m]
# name 3 = sal00: Salinity, Practical [PSU]
# name 4 = scan: Scan Count
# name 5 = timeM: Time, Elapsed [minutes]
# name 6 = flag: flag
# span 0 =      2.000,     20.000       
# span 1 =    18.2588,    18.4856       
# span 2 =   4.165603,   4.177367       
# span 3 =    31.1282,    31.1985       
# span 4 =        -24,       2161       
# span 5 =    -0.0175,     1.5000       
# span 6 = 0.0000e+00, 0.0000e+00       
# interval = meters: 1                  
# start_time = Oct 07 2023 14:43:44 [NMEA time, header]
# bad_flag = -9.990e-29
*END*
      2.000    18.4809   4.176813    31.1297        -24    -0.0175 0.0000e+00
      3.000    18.4856   4.177367    31.1305         69     0.0471 0.0000e+00
      4.000    18.4797   4.176932    31.1310        121     0.0837 0.0000e+00
      5.000    18.4778   4.176822    31.1312        272     0.1879 0.0000e+00
      6.000    18.4703   4.176292    31.1321        380     0.2630 0.0000e+00
      7.000    18.4676   4.176101    31.1322        403     0.2792 0.0000e+00
      8.000    18.4703   4.176291    31.1314        476     0.3301 0.0000e+00
      9.000    18.4698   4.176373    31.1321        515     0.3571 0.0000e+00
     10.000    18.4653   4.176011    31.1322        532     0.3687 0.0000e+00
     11.000    18.4598   4.175836    31.1345        548     0.3797 0.0000e+00
     12.000    18.4402   4.174392    31.1370        564     0.3910 0.0000e+00
     13.000    18.4242   4.173202    31.1389        582     0.4036 0.0000e+00
     14.000    18.4105   4.172355    31.1419        602     0.4175 0.0000e+00
     15.000    18.3823   4.171690    31.1573        624     0.4330 0.0000e+00
     16.000    18.3378   4.170077    31.1772        650     0.4507 0.0000e+00
     17.000    18.3190   4.169112    31.1831        688     0.4772 0.0000e+00
     18.000    18.2963   4.167782    31.1889        777     0.5391 0.0000e+00
     19.000    18.2952   4.167612    31.1879       1093     0.7583 0.0000e+00
     20.000    18.2588   4.165603    31.1985       1613     1.1195 0.0000e+00
     19.000    18.2846   4.166869    31.1898       1400     0.9716 0.0000e+00
     18.000    18.3220   4.168982    31.1794       1541     1.0692 0.0000e+00
     17.000    18.3178   4.168700    31.1806       1661     1.1529 0.0000e+00
     16.000    18.3246   4.168963    31.1779       1685     1.1691 0.0000e+00
     15.000    18.3542   4.170103    31.1653       1713     1.1889 0.0000e+00
     14.000    18.3862   4.170997    31.1489       1744     1.2102 0.0000e+00
     13.000    18.4097   4.171810    31.1383       1769     1.2278 0.0000e+00
     12.000    18.4309   4.173127    31.1335       1793     1.2442 0.0000e+00
     11.000    18.4381   4.173720    31.1334       1817     1.2613 0.0000e+00
     10.000    18.4415   4.173917    31.1327       1843     1.2791 0.0000e+00
      9.000    18.4529   4.174664    31.1307       1866     1.2952 0.0000e+00
      8.000    18.4648   4.175638    31.1301       1886     1.3094 0.0000e+00
      7.000    18.4768   4.176459    31.1282       1907     1.3236 0.0000e+00
      6.000    18.4837   4.177144    31.1290       1937     1.3443 0.0000e+00
      5.000    18.4806   4.176922    31.1299       1985     1.3777 0.0000e+00
      4.000    18.4798   4.176833    31.1301       2046     1.4199 0.0000e+00
      3.000    18.4822   4.177003    31.1300       2107     1.4624 0.0000e+00
      2.000    18.4833   4.177109    31.1304       2161     1.5000 0.0000e+00
