HB2304/ctd097.cnv
* Sea-Bird SBE 9 Data File:
* FileName = C:\cruise\data\ctd097.hex
* Software Version Seasave V 7.26.7.121
* Temperature SN = 4591
* Conductivity SN = 3741
* Number of Bytes Per Scan = 37
* Number of Voltage Words = 4
* Number of Scans Averaged by the Deck Unit = 1
* NMEA Latitude = 39 29.86 N
* NMEA Longitude = 072 27.25 W
* NMEA UTC (Time) = Oct 10 2023  09:12:15
* NMEA baud rate = 4800
** Ship: Bigelow HB2304
** Program:  Fall Bottom Trawl Survey
** Chief Scientist: John Galbraith
# nquan = 7
# nvalues = 222                         
# units = specified
# name 0 = depSM: Depth [salt water, m]
# name 1 = t090C: Temperature [ITS-90, deg C]
# name 2 = c0S/m: Conductivity [S/m]
# name 3 = sal00: Salinity, Practical [PSU]
# name 4 = scan: Scan Count
# name 5 = timeM: Time, Elapsed [minutes]
# name 6 = flag: flag
# span 0 =      2.000,    113.000       
# span 1 =     9.8648,    20.9320       
# span 2 =   3.605409,   4.837864       
# span 3 =    32.7959,    35.2037       
# span 4 =        -18,       7593       
# span 5 =    -0.0132,     5.2724       
# span 6 = 0.0000e+00, 0.0000e+00       
# interval = meters: 1                  
# start_time = Oct 10 2023 09:12:15 [NMEA time, header]
# bad_flag = -9.990e-29
*END*
      3.000    18.3002   4.412338    33.2421        -18    -0.0132 0.0000e+00
      4.000    18.3015   4.412491    33.2420        153     0.1055 0.0000e+00
      5.000    18.3023   4.412620    33.2421        231     0.1598 0.0000e+00
      6.000    18.3046   4.412684    33.2404        267     0.1845 0.0000e+00
      7.000    18.3053   4.412799    33.2405        295     0.2040 0.0000e+00
      8.000    18.3054   4.412822    33.2402        315     0.2183 0.0000e+00
      9.000    18.3061   4.412983    33.2406        335     0.2321 0.0000e+00
     10.000    18.3055   4.412916    33.2402        362     0.2504 0.0000e+00
     11.000    18.3049   4.412767    33.2391        403     0.2792 0.0000e+00
     12.000    18.3046   4.412786    33.2391        435     0.3016 0.0000e+00
     13.000    18.3016   4.412503    33.2387        455     0.3156 0.0000e+00
     14.000    18.3018   4.412535    33.2385        473     0.3279 0.0000e+00
     15.000    18.3019   4.412618    33.2388        494     0.3421 0.0000e+00
     16.000    18.3038   4.412822    33.2386        530     0.3676 0.0000e+00
     17.000    18.3065   4.413333    33.2403        573     0.3976 0.0000e+00
     18.000    18.3055   4.413336    33.2408        596     0.4130 0.0000e+00
     19.000    18.3039   4.413300    33.2414        614     0.4254 0.0000e+00
     20.000    18.3033   4.413271    33.2414        631     0.4378 0.0000e+00
     21.000    18.3044   4.413420    33.2414        652     0.4521 0.0000e+00
     22.000    18.3037   4.413327    33.2408        680     0.4717 0.0000e+00
     23.000    18.3026   4.413013    33.2386        718     0.4981 0.0000e+00
     24.000    18.3029   4.412994    33.2379        753     0.5222 0.0000e+00
     25.000    18.3027   4.413304    33.2403        776     0.5380 0.0000e+00
     26.000    18.3049   4.413665    33.2412        795     0.5513 0.0000e+00
     27.000    18.3070   4.414041    33.2423        816     0.5656 0.0000e+00
     28.000    18.3083   4.414256    33.2427        850     0.5898 0.0000e+00
     29.000    18.3044   4.413796    33.2416        894     0.6204 0.0000e+00
     30.000    18.3071   4.414104    33.2417        915     0.6347 0.0000e+00
     31.000    18.3494   4.419226    33.2502        931     0.6462 0.0000e+00
     32.000    18.6336   4.455577    33.3249        948     0.6573 0.0000e+00
     33.000    19.3336   4.558197    33.6123        966     0.6702 0.0000e+00
     34.000    19.6619   4.614060    33.8070        999     0.6930 0.0000e+00
     35.000    19.8386   4.643436    33.9049       1049     0.7277 0.0000e+00
     36.000    20.1132   4.688320    34.0490       1071     0.7429 0.0000e+00
     37.000    20.3204   4.720706    34.1442       1088     0.7550 0.0000e+00
     38.000    20.6674   4.779900    34.3419       1107     0.7680 0.0000e+00
     39.000    20.8977   4.825194    34.5196       1135     0.7876 0.0000e+00
     40.000    20.9320   4.837864    34.5932       1176     0.8163 0.0000e+00
     41.000    20.5769   4.799932    34.5760       1200     0.8326 0.0000e+00
     42.000    18.9457   4.623903    34.4696       1218     0.8450 0.0000e+00
     43.000    16.2972   4.310184    34.0074       1238     0.8591 0.0000e+00
     44.000    12.5139   3.881658    33.3586       1271     0.8822 0.0000e+00
     45.000    11.1014   3.719287    33.0494       1309     0.9082 0.0000e+00
     46.000    10.6968   3.685138    33.0734       1330     0.9228 0.0000e+00
     47.000    10.2715   3.648498    33.0915       1347     0.9348 0.0000e+00
     48.000    10.1577   3.637682    33.0858       1365     0.9472 0.0000e+00
     49.000    10.0892   3.630967    33.0799       1395     0.9680 0.0000e+00
     50.000     9.9947   3.621764    33.0726       1452     1.0075 0.0000e+00
     51.000     9.9495   3.617787    33.0730       1472     1.0217 0.0000e+00
     52.000     9.9396   3.616385    33.0674       1490     1.0340 0.0000e+00
     53.000     9.9326   3.615368    33.0631       1511     1.0489 0.0000e+00
     54.000     9.9301   3.614463    33.0557       1548     1.0746 0.0000e+00
     55.000     9.9291   3.613689    33.0483       1581     1.0974 0.0000e+00
     56.000     9.9280   3.613121    33.0431       1599     1.1098 0.0000e+00
     57.000     9.9241   3.612607    33.0409       1616     1.1215 0.0000e+00
     58.000     9.9245   3.612633    33.0405       1636     1.1352 0.0000e+00
     59.000     9.9175   3.612274    33.0427       1674     1.1620 0.0000e+00
     60.000     9.8865   3.609797    33.0455       1724     1.1963 0.0000e+00
     61.000     9.8648   3.607890    33.0455       1747     1.2122 0.0000e+00
     62.000     9.8703   3.608708    33.0483       1766     1.2259 0.0000e+00
     63.000     9.8755   3.609682    33.0530       1786     1.2398 0.0000e+00
     64.000     9.8792   3.610404    33.0565       1809     1.2557 0.0000e+00
     65.000     9.8768   3.610702    33.0613       1840     1.2772 0.0000e+00
     66.000     9.8761   3.611005    33.0646       1884     1.3076 0.0000e+00
     67.000     9.8713   3.610871    33.0672       1912     1.3271 0.0000e+00
     68.000     9.8703   3.611613    33.0752       1932     1.3411 0.0000e+00
     69.000     9.8730   3.613650    33.0931       1952     1.3552 0.0000e+00
     70.000     9.8763   3.614954    33.1028       1978     1.3731 0.0000e+00
     71.000     9.8786   3.615897    33.1099       2012     1.3963 0.0000e+00
     72.000     9.8792   3.616544    33.1155       2041     1.4165 0.0000e+00
     73.000     9.8787   3.616931    33.1194       2064     1.4323 0.0000e+00
     74.000     9.8784   3.617198    33.1220       2087     1.4484 0.0000e+00
     75.000     9.8787   3.617662    33.1260       2120     1.4712 0.0000e+00
     76.000     9.8827   3.619530    33.1409       2162     1.5008 0.0000e+00
     77.000     9.8943   3.622001    33.1550       2188     1.5187 0.0000e+00
     78.000     9.8972   3.622694    33.1589       2208     1.5324 0.0000e+00
     79.000     9.9003   3.623304    33.1619       2228     1.5468 0.0000e+00
     80.000     9.9121   3.625562    33.1735       2258     1.5670 0.0000e+00
     81.000     9.9235   3.627111    33.1784       2291     1.5900 0.0000e+00
     82.000     9.9639   3.633802    33.2088       2316     1.6077 0.0000e+00
     83.000     9.9959   3.640071    33.2427       2340     1.6243 0.0000e+00
     84.000    10.0256   3.645239    33.2674       2366     1.6423 0.0000e+00
     85.000    10.0502   3.649019    33.2827       2396     1.6633 0.0000e+00
     86.000    10.1218   3.657919    33.3067       2426     1.6839 0.0000e+00
     87.000    10.2841   3.682197    33.4024       2450     1.7008 0.0000e+00
     88.000    10.4178   3.701698    33.4756       2473     1.7169 0.0000e+00
     89.000    10.4410   3.707295    33.5102       2507     1.7405 0.0000e+00
     90.000    10.4510   3.710191    33.5296       2549     1.7694 0.0000e+00
     91.000    10.4548   3.712781    33.5518       2575     1.7878 0.0000e+00
     92.000    10.4452   3.712424    33.5566       2597     1.8028 0.0000e+00
     93.000    10.4415   3.712163    33.5570       2618     1.8173 0.0000e+00
     94.000    10.4410   3.712194    33.5573       2641     1.8333 0.0000e+00
     95.000    10.4788   3.717073    33.5711       2669     1.8529 0.0000e+00
     96.000    10.6045   3.734770    33.6324       2697     1.8724 0.0000e+00
     97.000    10.8229   3.768308    33.7662       2721     1.8886 0.0000e+00
     98.000    10.9973   3.793393    33.8546       2743     1.9044 0.0000e+00
     99.000    11.5150   3.873332    34.1671       2780     1.9296 0.0000e+00
    100.000    11.7637   3.911964    34.3165       2830     1.9648 0.0000e+00
    101.000    12.3344   3.992917    34.5763       2859     1.9845 0.0000e+00
    102.000    12.5473   4.030948    34.7465       2878     1.9981 0.0000e+00
    103.000    12.6413   4.045973    34.8038       2896     2.0104 0.0000e+00
    104.000    12.7232   4.059588    34.8583       2915     2.0238 0.0000e+00
    105.000    12.8244   4.074799    34.9100       2940     2.0412 0.0000e+00
    106.000    12.8976   4.087164    34.9602       2971     2.0626 0.0000e+00
    107.000    12.9416   4.094270    34.9870       3000     2.0829 0.0000e+00
    108.000    12.9842   4.101712    35.0182       3030     2.1038 0.0000e+00
    109.000    13.0231   4.108361    35.0452       3065     2.1279 0.0000e+00
    110.000    13.1007   4.120559    35.0892       3098     2.1508 0.0000e+00
    111.000    13.1883   4.134369    35.1391       3124     2.1689 0.0000e+00
    112.000    13.2487   4.145230    35.1858       3187     2.2123 0.0000e+00
    113.000    13.2561   4.147887    35.2037       3337     2.3167 0.0000e+00
    112.000    13.2508   4.147065    35.2013       3525     2.4473 0.0000e+00
    111.000    13.1849   4.137385    35.1708       4187     2.9068 0.0000e+00
    110.000    13.1286   4.129441    35.1479       4344     3.0162 0.0000e+00
    109.000    13.0037   4.109304    35.0721       4374     3.0369 0.0000e+00
    108.000    12.9241   4.096013    35.0194       4400     3.0547 0.0000e+00
    107.000    12.8794   4.088212    34.9866       4424     3.0712 0.0000e+00
    106.000    12.8534   4.083709    34.9681       4445     3.0863 0.0000e+00
    105.000    12.8282   4.079864    34.9551       4466     3.1007 0.0000e+00
    104.000    12.7672   4.071900    34.9357       4490     3.1171 0.0000e+00
    103.000    12.6786   4.058276    34.8874       4522     3.1395 0.0000e+00
    102.000    12.6160   4.048514    34.8520       4557     3.1640 0.0000e+00
    101.000    12.5450   4.038231    34.8192       4582     3.1813 0.0000e+00
    100.000    12.1811   3.991688    34.7062       4603     3.1959 0.0000e+00
     99.000    11.5510   3.890808    34.3056       4626     3.2121 0.0000e+00
     98.000    11.1941   3.836975    34.1052       4657     3.2336 0.0000e+00
     97.000    10.7673   3.770863    33.8431       4687     3.2541 0.0000e+00
     96.000    10.5035   3.726658    33.6441       4710     3.2703 0.0000e+00
     95.000    10.4653   3.719619    33.6091       4730     3.2842 0.0000e+00
     94.000    10.4536   3.717201    33.5960       4749     3.2973 0.0000e+00
     93.000    10.4470   3.716036    33.5908       4771     3.3124 0.0000e+00
     92.000    10.4417   3.714803    33.5838       4811     3.3405 0.0000e+00
     91.000    10.4587   3.715182    33.5723       4850     3.3671 0.0000e+00
     90.000    10.4565   3.713234    33.5552       4870     3.3810 0.0000e+00
     89.000    10.4434   3.709355    33.5286       4889     3.3942 0.0000e+00
     88.000    10.3593   3.698230    33.4945       4914     3.4116 0.0000e+00
     87.000    10.1982   3.673017    33.3887       4950     3.4370 0.0000e+00
     86.000    10.1349   3.663083    33.3469       4978     3.4565 0.0000e+00
     85.000    10.0769   3.654959    33.3184       4999     3.4707 0.0000e+00
     84.000    10.0482   3.650499    33.3000       5020     3.4855 0.0000e+00
     83.000    10.0004   3.642910    33.2673       5055     3.5096 0.0000e+00
     82.000     9.9495   3.633097    33.2149       5096     3.5380 0.0000e+00
     81.000     9.9396   3.631043    33.2036       5117     3.5529 0.0000e+00
     80.000     9.9203   3.627450    33.1852       5135     3.5653 0.0000e+00
     79.000     9.9150   3.626438    33.1802       5153     3.5780 0.0000e+00
     78.000     9.9007   3.623794    33.1669       5177     3.5948 0.0000e+00
     77.000     9.8939   3.621987    33.1552       5218     3.6229 0.0000e+00
     76.000     9.8902   3.620834    33.1473       5251     3.6458 0.0000e+00
     75.000     9.8812   3.618238    33.1296       5273     3.6612 0.0000e+00
     74.000     9.8796   3.616902    33.1179       5297     3.6775 0.0000e+00
     73.000     9.8792   3.616225    33.1119       5332     3.7022 0.0000e+00
     72.000     9.8795   3.615366    33.1032       5517     3.8307 0.0000e+00
     71.000     9.8796   3.615167    33.1015       5721     3.9725 0.0000e+00
     70.000     9.8789   3.614410    33.0949       5745     3.9888 0.0000e+00
     69.000     9.8774   3.613369    33.0862       5782     4.0144 0.0000e+00
     68.000     9.8740   3.611382    33.0695       5818     4.0398 0.0000e+00
     67.000     9.8730   3.609335    33.0500       5843     4.0570 0.0000e+00
     66.000     9.8736   3.608744    33.0439       5865     4.0721 0.0000e+00
     65.000     9.8755   3.608391    33.0390       5887     4.0877 0.0000e+00
     64.000     9.8683   3.606568    33.0275       5915     4.1070 0.0000e+00
     63.000     9.8779   3.606937    33.0228       5949     4.1309 0.0000e+00
     62.000     9.8794   3.606714    33.0197       5982     4.1536 0.0000e+00
     61.000     9.8772   3.605409    33.0088       6008     4.1714 0.0000e+00
     60.000     9.8962   3.606399    33.0020       6030     4.1866 0.0000e+00
     59.000     9.9033   3.606590    32.9979       6051     4.2016 0.0000e+00
     58.000     9.9085   3.606838    32.9961       6080     4.2216 0.0000e+00
     57.000     9.9129   3.606978    32.9940       6121     4.2498 0.0000e+00
     56.000     9.9184   3.607189    32.9916       6147     4.2679 0.0000e+00
     55.000     9.9223   3.607428    32.9908       6166     4.2812 0.0000e+00
     54.000     9.9250   3.607613    32.9907       6184     4.2936 0.0000e+00
     53.000     9.9301   3.607987    32.9903       6204     4.3079 0.0000e+00
     52.000     9.9352   3.608427    32.9906       6245     4.3364 0.0000e+00
     51.000     9.9380   3.608617    32.9904       6292     4.3690 0.0000e+00
     50.000     9.9457   3.609044    32.9881       6311     4.3822 0.0000e+00
     49.000     9.9853   3.611184    32.9742       6328     4.3940 0.0000e+00
     48.000    10.0496   3.615264    32.9573       6347     4.4068 0.0000e+00
     47.000    10.1148   3.619629    32.9426       6371     4.4238 0.0000e+00
     46.000    10.1628   3.622785    32.9313       6404     4.4463 0.0000e+00
     45.000    10.2662   3.629348    32.9041       6435     4.4681 0.0000e+00
     44.000    10.6586   3.656375    32.8215       6463     4.4876 0.0000e+00
     43.000    11.0975   3.693554    32.7982       6492     4.5073 0.0000e+00
     42.000    11.7511   3.752461    32.7959       6521     4.5281 0.0000e+00
     41.000    14.3067   4.001437    32.9282       6550     4.5476 0.0000e+00
     40.000    16.8781   4.306400    33.4903       6574     4.5645 0.0000e+00
     39.000    19.2450   4.590902    33.9503       6596     4.5801 0.0000e+00
     38.000    20.4624   4.754543    34.3029       6621     4.5971 0.0000e+00
     37.000    20.8621   4.810890    34.4342       6653     4.6194 0.0000e+00
     36.000    20.8521   4.812492    34.4556       6688     4.6439 0.0000e+00
     35.000    20.6821   4.787622    34.3934       6712     4.6606 0.0000e+00
     34.000    20.3920   4.737799    34.2259       6732     4.6745 0.0000e+00
     33.000    20.0524   4.680262    34.0334       6756     4.6907 0.0000e+00
     32.000    19.6007   4.607348    33.8021       6789     4.7140 0.0000e+00
     31.000    19.3029   4.559413    33.6482       6825     4.7388 0.0000e+00
     30.000    19.0699   4.525952    33.5597       6849     4.7557 0.0000e+00
     29.000    18.6340   4.465508    33.4087       6870     4.7702 0.0000e+00
     28.000    18.3637   4.421450    33.2584       6890     4.7842 0.0000e+00
     27.000    18.3253   4.414959    33.2352       6913     4.8002 0.0000e+00
     26.000    18.3139   4.413034    33.2286       6943     4.8211 0.0000e+00
     25.000    18.3099   4.412265    33.2257       6978     4.8449 0.0000e+00
     24.000    18.3103   4.412374    33.2267       7004     4.8632 0.0000e+00
     23.000    18.3046   4.411710    33.2261       7026     4.8782 0.0000e+00
     22.000    18.3038   4.411588    33.2260       7047     4.8930 0.0000e+00
     21.000    18.3039   4.411629    33.2267       7071     4.9100 0.0000e+00
     20.000    18.3066   4.411831    33.2265       7102     4.9312 0.0000e+00
     19.000    18.3078   4.411970    33.2271       7131     4.9514 0.0000e+00
