HB2304/ctd001.cnv
* Sea-Bird SBE 9 Data File:
* FileName = C:\cruise\data\ctd001.hex
* Software Version Seasave V 7.26.7.121
* Temperature SN = 4591
* Conductivity SN = 3741
* Number of Bytes Per Scan = 37
* Number of Voltage Words = 4
* Number of Scans Averaged by the Deck Unit = 1
* NMEA Latitude = 39 01.98 N
* NMEA Longitude = 073 18.50 W
* NMEA UTC (Time) = Sep 10 2023  15:54:26
* NMEA baud rate = 4800
** Ship: Bigelow HB2304
** Program:  Fall Bottom Trawl Survey
** Chief Scientist: John Galbraith
# nquan = 7
# nvalues = 133                         
# units = specified
# name 0 = depSM: Depth [salt water, m]
# name 1 = t090C: Temperature [ITS-90, deg C]
# name 2 = c0S/m: Conductivity [S/m]
# name 3 = sal00: Salinity, Practical [PSU]
# name 4 = scan: Scan Count
# name 5 = timeM: Time, Elapsed [minutes]
# name 6 = flag: flag
# span 0 =      1.000,     70.000       
# span 1 =     9.9171,    24.6392       
# span 2 =   3.608998,   4.839556       
# span 3 =    31.7816,    33.1193       
# span 4 =         93,       6447       
# span 5 =     0.0640,     4.4766       
# span 6 = 0.0000e+00, 0.0000e+00       
# interval = meters: 1                  
# start_time = Sep 10 2023 15:54:26 [NMEA time, header]
# bad_flag = -9.990e-29
*END*
      3.000    24.6107   4.839289    31.8288         93     0.0640 0.0000e+00
      4.000    24.6054   4.839556    31.8343        241     0.1664 0.0000e+00
      5.000    24.0806   4.807616    31.9708        270     0.1868 0.0000e+00
      6.000    23.7062   4.785259    32.0724        294     0.2038 0.0000e+00
      7.000    23.3243   4.758077    32.1440        321     0.2221 0.0000e+00
      8.000    22.9486   4.733835    32.2340        348     0.2410 0.0000e+00
      9.000    22.7206   4.726529    32.3456        373     0.2583 0.0000e+00
     10.000    22.7138   4.747769    32.5131        397     0.2753 0.0000e+00
     11.000    22.6103   4.749515    32.6032        425     0.2943 0.0000e+00
     12.000    22.4116   4.734809    32.6379        454     0.3144 0.0000e+00
     13.000    22.3215   4.729485    32.6640        481     0.3330 0.0000e+00
     14.000    22.2174   4.722021    32.6841        504     0.3495 0.0000e+00
     15.000    21.4585   4.653990    32.7261        528     0.3659 0.0000e+00
     16.000    20.5390   4.576014    32.8115        554     0.3844 0.0000e+00
     17.000    19.2167   4.454050    32.8509        583     0.4044 0.0000e+00
     18.000    17.3461   4.271620    32.8127        610     0.4228 0.0000e+00
     19.000    16.4248   4.182014    32.7880        634     0.4393 0.0000e+00
     20.000    14.8546   4.029151    32.7295        658     0.4563 0.0000e+00
     21.000    13.7784   3.925186    32.6872        686     0.4758 0.0000e+00
     22.000    13.0861   3.860761    32.6773        715     0.4959 0.0000e+00
     23.000    12.5920   3.811088    32.6332        740     0.5133 0.0000e+00
     24.000    12.2603   3.778917    32.6131        763     0.5295 0.0000e+00
     25.000    11.9683   3.758216    32.6682        789     0.5470 0.0000e+00
     26.000    11.9575   3.768167    32.7736        817     0.5669 0.0000e+00
     27.000    11.8166   3.757518    32.7940        846     0.5866 0.0000e+00
     28.000    11.5461   3.736121    32.8242        870     0.6038 0.0000e+00
     29.000    11.3944   3.723564    32.8354        894     0.6203 0.0000e+00
     30.000    11.2718   3.715799    32.8678        921     0.6387 0.0000e+00
     31.000    11.1208   3.702947    32.8755        950     0.6593 0.0000e+00
     32.000    10.9789   3.691431    32.8881        978     0.6782 0.0000e+00
     33.000    10.9192   3.686235    32.8896       1001     0.6943 0.0000e+00
     34.000    10.9386   3.689206    32.9013       1025     0.7109 0.0000e+00
     35.000    10.8698   3.684459    32.9154       1052     0.7296 0.0000e+00
     36.000    10.7815   3.677993    32.9300       1080     0.7491 0.0000e+00
     37.000    10.8096   3.684453    32.9687       1105     0.7667 0.0000e+00
     38.000    10.7276   3.678170    32.9796       1129     0.7834 0.0000e+00
     39.000    10.5770   3.663911    32.9726       1154     0.8010 0.0000e+00
     40.000    10.5032   3.656448    32.9641       1182     0.8203 0.0000e+00
     41.000    10.4512   3.650860    32.9547       1210     0.8399 0.0000e+00
     42.000    10.4068   3.646286    32.9485       1236     0.8578 0.0000e+00
     43.000    10.3786   3.643481    32.9455       1261     0.8752 0.0000e+00
     44.000    10.3693   3.642506    32.9437       1288     0.8937 0.0000e+00
     45.000    10.3492   3.641216    32.9484       1315     0.9125 0.0000e+00
     46.000    10.2994   3.638113    32.9619       1340     0.9301 0.0000e+00
     47.000    10.2440   3.634684    32.9772       1364     0.9467 0.0000e+00
     48.000    10.1900   3.631226    32.9910       1389     0.9638 0.0000e+00
     49.000    10.1725   3.629640    32.9904       1417     0.9832 0.0000e+00
     50.000    10.1591   3.628564    32.9913       1446     1.0037 0.0000e+00
     51.000    10.1286   3.626331    32.9961       1473     1.0226 0.0000e+00
     52.000    10.1035   3.624486    32.9999       1498     1.0399 0.0000e+00
     53.000    10.0783   3.622768    33.0050       1523     1.0569 0.0000e+00
     54.000    10.0095   3.619672    33.0359       1548     1.0746 0.0000e+00
     55.000     9.9667   3.617786    33.0555       1575     1.0929 0.0000e+00
     56.000     9.9534   3.617222    33.0615       1600     1.1107 0.0000e+00
     57.000     9.9509   3.616996    33.0611       1625     1.1279 0.0000e+00
     58.000     9.9369   3.616363    33.0670       1652     1.1465 0.0000e+00
     59.000     9.9326   3.616047    33.0672       1681     1.1667 0.0000e+00
     60.000     9.9306   3.615897    33.0671       1710     1.1865 0.0000e+00
     61.000     9.9292   3.615780    33.0668       1736     1.2048 0.0000e+00
     62.000     9.9293   3.615735    33.0658       1761     1.2222 0.0000e+00
     63.000     9.9296   3.615707    33.0648       1785     1.2385 0.0000e+00
     64.000     9.9301   3.615707    33.0638       1809     1.2554 0.0000e+00
     65.000     9.9312   3.615735    33.0627       1837     1.2749 0.0000e+00
     66.000     9.9322   3.615788    33.0618       1868     1.2964 0.0000e+00
     67.000     9.9327   3.615798    33.0611       1895     1.3153 0.0000e+00
     68.000     9.9333   3.615809    33.0602       1918     1.3314 0.0000e+00
     70.000     9.9518   3.622414    33.1193       1916     1.3302 0.0000e+00
     66.000     9.9171   3.608998    32.9983       4036     2.8023 0.0000e+00
     65.000     9.9326   3.614469    33.0486       4136     2.8714 0.0000e+00
     64.000     9.9316   3.614352    33.0488       4159     2.8877 0.0000e+00
     63.000     9.9305   3.614238    33.0490       4185     2.9056 0.0000e+00
     62.000     9.9298   3.614118    33.0489       4212     2.9246 0.0000e+00
     61.000     9.9294   3.614038    33.0489       4239     2.9431 0.0000e+00
     60.000     9.9300   3.613911    33.0475       4266     2.9616 0.0000e+00
     59.000     9.9306   3.613845    33.0467       4294     2.9814 0.0000e+00
     58.000     9.9325   3.613859    33.0456       4322     3.0009 0.0000e+00
     57.000     9.9382   3.614006    33.0423       4347     3.0184 0.0000e+00
     56.000     9.9484   3.614339    33.0368       4372     3.0356 0.0000e+00
     55.000     9.9662   3.614879    33.0265       4399     3.0539 0.0000e+00
     54.000    10.0216   3.616651    32.9942       4426     3.0732 0.0000e+00
     53.000    10.0810   3.619580    32.9702       4456     3.0941 0.0000e+00
     52.000    10.0998   3.620862    32.9665       4483     3.1128 0.0000e+00
     51.000    10.1268   3.622550    32.9595       4507     3.1294 0.0000e+00
     50.000    10.1457   3.623896    32.9563       4530     3.1448 0.0000e+00
     49.000    10.1605   3.624907    32.9536       4552     3.1605 0.0000e+00
     48.000    10.1740   3.625799    32.9507       4577     3.1780 0.0000e+00
     47.000    10.2244   3.628783    32.9355       4607     3.1988 0.0000e+00
     46.000    10.2658   3.631248    32.9232       4636     3.2189 0.0000e+00
     45.000    10.3091   3.633396    32.9061       4662     3.2366 0.0000e+00
     44.000    10.3539   3.636452    32.8966       4687     3.2541 0.0000e+00
     43.000    10.3686   3.637490    32.8943       4715     3.2736 0.0000e+00
     42.000    10.3843   3.638746    32.8931       4743     3.2933 0.0000e+00
     41.000    10.3963   3.639712    32.8924       4768     3.3107 0.0000e+00
     40.000    10.4286   3.642543    32.8921       4791     3.3263 0.0000e+00
     39.000    10.4914   3.647891    32.8894       4813     3.3419 0.0000e+00
     38.000    10.6268   3.660334    32.8923       4838     3.3592 0.0000e+00
     37.000    10.7492   3.672056    32.8995       4868     3.3799 0.0000e+00
     36.000    10.7938   3.675400    32.8931       4898     3.4005 0.0000e+00
     35.000    10.7901   3.670345    32.8466       4923     3.4182 0.0000e+00
     34.000    10.8895   3.677364    32.8277       4948     3.4353 0.0000e+00
     33.000    10.9174   3.679680    32.8262       4974     3.4533 0.0000e+00
     32.000    10.9235   3.677289    32.7974       5000     3.4717 0.0000e+00
     31.000    11.0548   3.686604    32.7728       5025     3.4891 0.0000e+00
     30.000    11.1841   3.696549    32.7562       5049     3.5054 0.0000e+00
     29.000    11.3332   3.706225    32.7195       5073     3.5221 0.0000e+00
     28.000    11.4471   3.714117    32.6964       5099     3.5404 0.0000e+00
     27.000    11.7149   3.733698    32.6519       5127     3.5595 0.0000e+00
     26.000    11.9286   3.751189    32.6346       5154     3.5784 0.0000e+00
     25.000    11.9682   3.745939    32.5496       5180     3.5965 0.0000e+00
     24.000    12.2357   3.757953    32.4331       5205     3.6138 0.0000e+00
     23.000    12.5101   3.781444    32.4213       5229     3.6305 0.0000e+00
     22.000    12.9664   3.820253    32.3981       5253     3.6474 0.0000e+00
     21.000    13.7270   3.888535    32.3908       5279     3.6653 0.0000e+00
     20.000    14.7652   3.978468    32.3458       5306     3.6837 0.0000e+00
     19.000    16.3795   4.134407    32.4080       5332     3.7018 0.0000e+00
     18.000    17.7201   4.257795    32.3945       5357     3.7195 0.0000e+00
     17.000    19.7564   4.460322    32.4809       5383     3.7374 0.0000e+00
     16.000    20.7555   4.550949    32.4448       5409     3.7557 0.0000e+00
     15.000    21.7947   4.653109    32.4652       5435     3.7736 0.0000e+00
     14.000    21.9633   4.674251    32.5039       5460     3.7912 0.0000e+00
     13.000    21.9187   4.673108    32.5287       5486     3.8089 0.0000e+00
     12.000    22.1202   4.690738    32.5150       5512     3.8273 0.0000e+00
     11.000    22.4575   4.716164    32.4602       5539     3.8456 0.0000e+00
     10.000    22.4699   4.713037    32.4274       5563     3.8625 0.0000e+00
      9.000    22.5492   4.700772    32.2744       5587     3.8792 0.0000e+00
      8.000    22.5882   4.702168    32.2567       5615     3.8983 0.0000e+00
      7.000    22.8293   4.715351    32.1808       5644     3.9189 0.0000e+00
      6.000    23.4762   4.750522    31.9780       5670     3.9370 0.0000e+00
      5.000    24.1437   4.795554    31.8359       5693     3.9529 0.0000e+00
      4.000    24.1623   4.798598    31.8456       5716     3.9689 0.0000e+00
      3.000    24.5921   4.835819    31.8165       6142     4.2643 0.0000e+00
      2.000    24.5412   4.831147    31.8182       6430     4.4649 0.0000e+00
      1.000    24.6392   4.835533    31.7816       6447     4.4766 0.0000e+00
