HB2304/ctd031.cnv
* Sea-Bird SBE 9 Data File:
* FileName = C:\cruise\data\ctd031.hex
* Software Version Seasave V 7.26.7.121
* Temperature SN = 4591
* Conductivity SN = 3741
* Number of Bytes Per Scan = 37
* Number of Voltage Words = 4
* Number of Scans Averaged by the Deck Unit = 1
* NMEA Latitude = 36 20.54 N
* NMEA Longitude = 074 47.21 W
* NMEA UTC (Time) = Sep 18 2023  07:19:15
* NMEA baud rate = 4800
** Ship: Bigelow HB2304
** Program:  Fall Bottom Trawl Survey
** Chief Scientist: John Galbraith
# nquan = 7
# nvalues = 308                         
# units = specified
# name 0 = depSM: Depth [salt water, m]
# name 1 = t090C: Temperature [ITS-90, deg C]
# name 2 = c0S/m: Conductivity [S/m]
# name 3 = sal00: Salinity, Practical [PSU]
# name 4 = scan: Scan Count
# name 5 = timeM: Time, Elapsed [minutes]
# name 6 = flag: flag
# span 0 =      2.000,    156.000       
# span 1 =    10.5884,    24.0984       
# span 2 =   3.667865,   4.781324       
# span 3 =    29.6072,    52.6301       
# span 4 =         59,       9770       
# span 5 =     0.0406,     6.7839       
# span 6 = 0.0000e+00, 0.0000e+00       
# interval = meters: 1                  
# start_time = Sep 18 2023 07:19:15 [NMEA time, header]
# bad_flag = -9.990e-29
*END*
[from data line 206]
    103.000    10.8727   3.707084    33.1083       6471     4.4933 0.0000e+00
    102.000    10.8729   3.706766    33.1053       6498     4.5116 0.0000e+00
    101.000    10.8727   3.706485    33.1032       6525     4.5303 0.0000e+00
    100.000    10.8693   3.705664    33.0985       6554     4.5506 0.0000e+00
     99.000    10.8648   3.704696    33.0934       6583     4.5705 0.0000e+00
     98.000    10.8510   3.702723    33.0867       6606     4.5868 0.0000e+00
     97.000    10.8490   3.702140    33.0831       6627     4.6017 0.0000e+00
     96.000    10.8438   3.701254    33.0794       6648     4.6162 0.0000e+00
     95.000    10.8398   3.700485    33.0758       6675     4.6345 0.0000e+00
     94.000    10.8434   3.700690    33.0751       6713     4.6611 0.0000e+00
     93.000    10.8314   3.699036    33.0699       6752     4.6883 0.0000e+00
     92.000    10.7968   3.695268    33.0640       6779     4.7067 0.0000e+00
     91.000    10.7463   3.689244    33.0501       6798     4.7202 0.0000e+00
     90.000    10.7337   3.687255    33.0420       6815     4.7320 0.0000e+00
     89.000    10.7123   3.684960    33.0389       6833     4.7447 0.0000e+00
     88.000    10.6974   3.682862    33.0318       6858     4.7617 0.0000e+00
     87.000    10.6798   3.680533    33.0249       6903     4.7932 0.0000e+00
     86.000    10.6469   3.677178    33.0216       6937     4.8166 0.0000e+00
     85.000    10.6281   3.673937    33.0067       6961     4.8334 0.0000e+00
     84.000    10.6280   3.673543    33.0033       6989     4.8530 0.0000e+00
     83.000    10.6249   3.672989    33.0010       7024     4.8771 0.0000e+00
     82.000    10.6261   3.673014    33.0006       7056     4.8992 0.0000e+00
     81.000    10.6105   3.671403    32.9990       7079     4.9150 0.0000e+00
     80.000    10.5937   3.669161    32.9921       7098     4.9282 0.0000e+00
     79.000    10.5925   3.668745    32.9895       7118     4.9423 0.0000e+00
     78.000    10.5969   3.669065    32.9892       7150     4.9645 0.0000e+00
     77.000    10.5927   3.668460    32.9873       7196     4.9966 0.0000e+00
     76.000    10.5926   3.668306    32.9864       7225     5.0168 0.0000e+00
     75.000    10.5884   3.667865    32.9862       7254     5.0368 0.0000e+00
     74.000    10.5905   3.667928    32.9854       7288     5.0602 0.0000e+00
     73.000    10.5907   3.667918    32.9855       7315     5.0791 0.0000e+00
     72.000    10.5948   3.668142    32.9845       7336     5.0939 0.0000e+00
     71.000    10.6452   3.673174    32.9897       7360     5.1107 0.0000e+00
     70.000    10.6733   3.676442    32.9974       7407     5.1434 0.0000e+00
     69.000    10.6671   3.675716    32.9961       7443     5.1679 0.0000e+00
     68.000    10.6601   3.674696    32.9927       7465     5.1836 0.0000e+00
     67.000    10.6439   3.671293    32.9738       7490     5.2005 0.0000e+00
     66.000    10.6787   3.673377    32.9637       7531     5.2292 0.0000e+00
     65.000    10.7140   3.676100    32.9594       7569     5.2552 0.0000e+00
     64.000    10.7670   3.680477    32.9557       7596     5.2744 0.0000e+00
     63.000    10.8934   3.690683    32.9440       7632     5.2990 0.0000e+00
     62.000    11.0211   3.701580    32.9378       7667     5.3238 0.0000e+00
     61.000    11.1251   3.710226    32.9306       7694     5.3422 0.0000e+00
     60.000    11.2140   3.716718    32.9156       7723     5.3628 0.0000e+00
     59.000    11.3634   3.730960    32.9228       7763     5.3905 0.0000e+00
     58.000    11.3945   3.733869    32.9241       7799     5.4151 0.0000e+00
     57.000    11.4163   3.735989    32.9259       7831     5.4375 0.0000e+00
     56.000    11.4580   3.738740    32.9162       7868     5.4630 0.0000e+00
     55.000    11.9336   3.774642    32.8452       7904     5.4880 0.0000e+00
     54.000    12.2498   3.795693    32.7711       7943     5.5155 0.0000e+00
     53.000    12.3510   3.805518    32.7774       7979     5.5406 0.0000e+00
     52.000    12.4613   3.815571    32.7778       8016     5.5663 0.0000e+00
     51.000    12.5586   3.824812    32.7817       8067     5.6011 0.0000e+00
     50.000    12.6586   3.833592    32.7788       8099     5.6238 0.0000e+00
     49.000    12.7219   3.840540    32.7903       8127     5.6434 0.0000e+00
     48.000    12.7642   3.845196    32.7982       8172     5.6743 0.0000e+00
     47.000    12.8618   3.854023    32.7977       8227     5.7125 0.0000e+00
     46.000    13.0354   3.868847    32.7880       8257     5.7333 0.0000e+00
     45.000    13.2105   3.881477    32.7562       8293     5.7580 0.0000e+00
     44.000    13.2606   3.879828    32.6979       8332     5.7857 0.0000e+00
     43.000    13.3231   3.885716    32.6999       8369     5.8113 0.0000e+00
     42.000    13.3392   3.887508    32.7034       8403     5.8349 0.0000e+00
     41.000    13.3444   3.888154    32.7053       8447     5.8654 0.0000e+00
     40.000    13.3524   3.888828    32.7051       8496     5.8992 0.0000e+00
     39.000    13.3873   3.891314    32.6989       8525     5.9195 0.0000e+00
     38.000    13.4768   3.898157    32.6866       8553     5.9386 0.0000e+00
     37.000    13.7632   3.922637    32.6703       8592     5.9662 0.0000e+00
     36.000    13.8389   3.930878    32.6826       8637     5.9969 0.0000e+00
     35.000    13.8465   3.931827    32.6854       8667     6.0177 0.0000e+00
     34.000    13.8501   3.932400    32.6880       8700     6.0410 0.0000e+00
     33.000    13.8511   3.932667    32.6900       8745     6.0724 0.0000e+00
     32.000    13.8519   3.932869    32.6916       8787     6.1013 0.0000e+00
     31.000    13.8510   3.932771    32.6919       8817     6.1219 0.0000e+00
     30.000    13.8523   3.932944    32.6927       8843     6.1400 0.0000e+00
     29.000    13.8541   3.933112    32.6931       8868     6.1578 0.0000e+00
     28.000    14.1695   3.959656    32.6707       8918     6.1921 0.0000e+00
     27.000    14.4315   3.982609    32.6602       8964     6.2240 0.0000e+00
     26.000    14.5024   3.988785    32.6572       8985     6.2388 0.0000e+00
     25.000    14.5565   3.993294    32.6532       9006     6.2537 0.0000e+00
     24.000    14.6164   3.997839    32.6446       9038     6.2755 0.0000e+00
     23.000    14.6467   4.000195    32.6410       9078     6.3033 0.0000e+00
     22.000    14.6619   4.001463    32.6402       9111     6.3261 0.0000e+00
     21.000    14.9696   4.026568    32.6102       9140     6.3468 0.0000e+00
     20.000    16.4947   4.179454    32.7073       9171     6.3678 0.0000e+00
     19.000    18.0948   4.335800    32.7556       9201     6.3892 0.0000e+00
     18.000    18.9415   4.420216    32.7891       9229     6.4083 0.0000e+00
     17.000    15.6523   4.508077    52.6301       9260     6.4302 0.0000e+00
     16.000    23.2544   4.689162    29.6072       9309     6.4642 0.0000e+00
     15.000    23.6057   4.752654    31.8970       9338     6.4840 0.0000e+00
     14.000    23.6649   4.764963    31.9473       9359     6.4989 0.0000e+00
     13.000    23.7327   4.767922    31.9211       9389     6.5192 0.0000e+00
     12.000    23.8429   4.769285    31.8526       9433     6.5500 0.0000e+00
     11.000    23.8895   4.769520    31.8214       9457     6.5669 0.0000e+00
     10.000    23.9539   4.769542    31.7759       9478     6.5814 0.0000e+00
      9.000    24.0213   4.770984    31.7390       9525     6.6141 0.0000e+00
      8.000    24.0516   4.771831    31.7241       9573     6.6472 0.0000e+00
      7.000    24.0571   4.772328    31.7241       9590     6.6592 0.0000e+00
      6.000    24.0633   4.772587    31.7219       9606     6.6702 0.0000e+00
      5.000    24.0750   4.773381    31.7199       9640     6.6940 0.0000e+00
      4.000    24.0736   4.773940    31.7253       9694     6.7313 0.0000e+00
      3.000    24.0702   4.773979    31.7283       9715     6.7461 0.0000e+00
      2.000    24.0785   4.774846    31.7292       9770     6.7839 0.0000e+00
