HB2304/ctd032.cnv
* Sea-Bird SBE 9 Data File:
* FileName = C:\cruise\data\ctd032.hex
* Software Version Seasave V 7.26.7.121
* Temperature SN = 4591
* Conductivity SN = 3741
* Number of Bytes Per Scan = 37
* Number of Voltage Words = 4
* Number of Scans Averaged by the Deck Unit = 1
* NMEA Latitude = 36 07.52 N
* NMEA Longitude = 074 48.14 W
* NMEA UTC (Time) = Sep 18 2023  12:22:47
* NMEA baud rate = 4800
** Ship: Bigelow HB2304
** Program:  Fall Bottom Trawl Survey
** Chief Scientist: John Galbraith
# nquan = 7
# nvalues = 250                         
# units = specified
# name 0 = depSM: Depth [salt water, m]
# name 1 = t090C: Temperature [ITS-90, deg C]
# name 2 = c0S/m: Conductivity [S/m]
# name 3 = sal00: Salinity, Practical [PSU]
# name 4 = scan: Scan Count
# name 5 = timeM: Time, Elapsed [minutes]
# name 6 = flag: flag
# span 0 =      1.000,    127.000       
# span 1 =    11.9754,    26.9418       
# span 2 =   3.788671,   5.524184       
# span 3 =    32.3048,    36.0151       
# span 4 =        155,       8568       
# span 5 =     0.1070,     5.9495       
# span 6 = 0.0000e+00, 0.0000e+00       
# interval = meters: 1                  
# start_time = Sep 18 2023 12:22:47 [NMEA time, header]
# bad_flag = -9.990e-29
*END*
      4.000    24.3076   4.876187    32.3179        155     0.1070 0.0000e+00
      5.000    24.3069   4.876182    32.3180        291     0.2016 0.0000e+00
      6.000    24.3040   4.876026    32.3187        345     0.2388 0.0000e+00
      7.000    24.3017   4.875905    32.3191        381     0.2639 0.0000e+00
      8.000    24.3028   4.876030    32.3190        404     0.2799 0.0000e+00
      9.000    24.3036   4.876128    32.3188        425     0.2947 0.0000e+00
     10.000    24.2968   4.875837    32.3212        449     0.3114 0.0000e+00
     11.000    24.2790   4.874720    32.3254        485     0.3364 0.0000e+00
     12.000    24.2750   4.874512    32.3265        528     0.3656 0.0000e+00
     13.000    24.2420   4.872901    32.3381        552     0.3829 0.0000e+00
     14.000    24.1790   4.870624    32.3664        574     0.3978 0.0000e+00
     15.000    23.9857   4.866106    32.4728        598     0.4149 0.0000e+00
     16.000    23.4566   4.843283    32.6887        633     0.4386 0.0000e+00
     17.000    23.2010   4.827008    32.7542        667     0.4626 0.0000e+00
     18.000    23.1342   4.820349    32.7529        698     0.4844 0.0000e+00
     19.000    23.0642   4.816905    32.7784        729     0.5055 0.0000e+00
     20.000    22.8838   4.795610    32.7499        757     0.5250 0.0000e+00
     21.000    22.7403   4.780602    32.7417        789     0.5470 0.0000e+00
     22.000    22.7540   4.785887    32.7717        820     0.5691 0.0000e+00
     23.000    22.7606   4.787740    32.7807        845     0.5863 0.0000e+00
     24.000    22.7652   4.788083    32.7795        868     0.6022 0.0000e+00
     25.000    22.7635   4.787990    32.7798        895     0.6211 0.0000e+00
     26.000    23.9238   4.975517    33.3320        935     0.6487 0.0000e+00
     27.000    25.7628   5.279044    34.2021        977     0.6777 0.0000e+00
     28.000    26.7151   5.463815    34.8248       1001     0.6942 0.0000e+00
     29.000    26.9418   5.509221    34.9790       1019     0.7070 0.0000e+00
     30.000    26.9235   5.518443    35.0585       1041     0.7224 0.0000e+00
     31.000    26.9029   5.524184    35.1148       1096     0.7607 0.0000e+00
     32.000    26.7372   5.509845    35.1373       1131     0.7850 0.0000e+00
     33.000    26.1494   5.462270    35.2422       1146     0.7954 0.0000e+00
     34.000    25.8577   5.450391    35.3801       1162     0.8061 0.0000e+00
     35.000    25.5994   5.428268    35.4181       1185     0.8222 0.0000e+00
     36.000    25.3586   5.397624    35.3797       1251     0.8683 0.0000e+00
     37.000    25.3035   5.391306    35.3756       1278     0.8871 0.0000e+00
     38.000    25.3192   5.394909    35.3896       1298     0.9010 0.0000e+00
     39.000    25.2529   5.388997    35.3974       1321     0.9169 0.0000e+00
     40.000    24.5806   5.303681    35.2883       1353     0.9386 0.0000e+00
     41.000    23.6572   5.180246    35.0830       1388     0.9630 0.0000e+00
     42.000    22.4063   5.003893    34.7193       1417     0.9834 0.0000e+00
     43.000    21.4419   4.876785    34.4904       1446     1.0036 0.0000e+00
     44.000    20.6687   4.769521    34.2551       1479     1.0263 0.0000e+00
     45.000    20.3953   4.729100    34.1491       1511     1.0483 0.0000e+00
     46.000    20.3059   4.716386    34.1179       1538     1.0671 0.0000e+00
     47.000    20.2058   4.702943    34.0892       1564     1.0857 0.0000e+00
     48.000    19.9440   4.672124    34.0495       1596     1.1079 0.0000e+00
     49.000    18.7578   4.536038    33.8899       1633     1.1335 0.0000e+00
     50.000    17.8411   4.420965    33.6738       1662     1.1533 0.0000e+00
     51.000    17.5252   4.380525    33.5888       1685     1.1697 0.0000e+00
     52.000    17.4547   4.371032    33.5653       1711     1.1878 0.0000e+00
     53.000    17.1045   4.329616    33.4983       1748     1.2129 0.0000e+00
     54.000    16.9725   4.312002    33.4552       1789     1.2416 0.0000e+00
     55.000    16.9845   4.313259    33.4557       1819     1.2626 0.0000e+00
     56.000    16.9992   4.314657    33.4553       1842     1.2788 0.0000e+00
     57.000    17.0288   4.318772    33.4659       1864     1.2935 0.0000e+00
     58.000    17.0401   4.320841    33.4741       1890     1.3118 0.0000e+00
     59.000    17.1032   4.328333    33.4862       1938     1.3452 0.0000e+00
     60.000    17.2394   4.344735    33.5145       1970     1.3676 0.0000e+00
     61.000    17.6495   4.397111    33.6235       1989     1.3808 0.0000e+00
     62.000    18.0779   4.463348    33.8339       2011     1.3958 0.0000e+00
     63.000    18.0986   4.467950    33.8555       2049     1.4220 0.0000e+00
     64.000    18.1076   4.470015    33.8652       2091     1.4514 0.0000e+00
     65.000    18.0858   4.468890    33.8733       2118     1.4698 0.0000e+00
     66.000    17.5022   4.405864    33.8193       2143     1.4877 0.0000e+00
     67.000    16.9671   4.337290    33.6743       2169     1.5058 0.0000e+00
     68.000    16.1326   4.245161    33.5670       2196     1.5245 0.0000e+00
     69.000    15.3313   4.145429    33.3576       2224     1.5440 0.0000e+00
     70.000    14.6527   4.068972    33.2436       2257     1.5669 0.0000e+00
     71.000    14.1578   4.010949    33.1360       2294     1.5921 0.0000e+00
     72.000    14.2691   4.028733    33.2036       2323     1.6127 0.0000e+00
     73.000    13.6992   3.983602    33.2774       2351     1.6320 0.0000e+00
     74.000    12.6093   3.866706    33.1276       2380     1.6524 0.0000e+00
     75.000    12.2119   3.824389    33.0717       2408     1.6715 0.0000e+00
     76.000    12.0161   3.800316    33.0121       2433     1.6887 0.0000e+00
     77.000    11.9754   3.794939    32.9957       2457     1.7054 0.0000e+00
     78.000    12.0153   3.798832    32.9976       2485     1.7253 0.0000e+00
     79.000    12.0774   3.805220    33.0041       2529     1.7559 0.0000e+00
     80.000    12.1225   3.810300    33.0129       2562     1.7784 0.0000e+00
     81.000    12.1546   3.815218    33.0316       2582     1.7921 0.0000e+00
     82.000    12.1248   3.814087    33.0466       2601     1.8055 0.0000e+00
     83.000    12.0520   3.807915    33.0509       2632     1.8272 0.0000e+00
     84.000    12.0120   3.803551    33.0438       2674     1.8565 0.0000e+00
     85.000    12.0031   3.802422    33.0402       2697     1.8720 0.0000e+00
     86.000    12.0025   3.802220    33.0385       2715     1.8844 0.0000e+00
     87.000    12.0160   3.803897    33.0422       2736     1.8993 0.0000e+00
     88.000    12.0608   3.810240    33.0635       2781     1.9304 0.0000e+00
     89.000    12.0749   3.812652    33.0739       2827     1.9625 0.0000e+00
     90.000    12.0780   3.813329    33.0773       2850     1.9782 0.0000e+00
     91.000    12.0773   3.813278    33.0770       2872     1.9934 0.0000e+00
     92.000    12.0767   3.813186    33.0763       2896     2.0107 0.0000e+00
     93.000    12.0860   3.814465    33.0800       2925     2.0309 0.0000e+00
     94.000    12.1121   3.818905    33.0993       2953     2.0500 0.0000e+00
     95.000    12.1478   3.822861    33.1055       2978     2.0676 0.0000e+00
     96.000    12.2528   3.834845    33.1276       3007     2.0878 0.0000e+00
     97.000    12.5387   3.867681    33.1897       3045     2.1137 0.0000e+00
     98.000    12.8597   3.904818    33.2602       3077     2.1365 0.0000e+00
     99.000    13.3263   3.965953    33.4278       3101     2.1525 0.0000e+00
    100.000    13.4323   3.982320    33.4881       3126     2.1699 0.0000e+00
    101.000    13.5309   3.997194    33.5405       3173     2.2027 0.0000e+00
    102.000    13.6511   4.014719    33.5984       3207     2.2267 0.0000e+00
    103.000    13.5064   4.007965    33.6621       3224     2.2384 0.0000e+00
    104.000    13.3599   3.999301    33.7097       3240     2.2493 0.0000e+00
    105.000    13.5589   4.044584    33.9580       3259     2.2623 0.0000e+00
    106.000    13.7110   4.081038    34.1636       3306     2.2953 0.0000e+00
    107.000    13.8319   4.114493    34.3676       3352     2.3270 0.0000e+00
    108.000    13.8412   4.129696    34.5008       3370     2.3399 0.0000e+00
    109.000    13.8744   4.139170    34.5589       3389     2.3531 0.0000e+00
    110.000    13.9382   4.150998    34.6113       3420     2.3746 0.0000e+00
    111.000    13.9853   4.159378    34.6465       3471     2.4098 0.0000e+00
    112.000    14.3635   4.217699    34.8463       3501     2.4304 0.0000e+00
    113.000    14.4830   4.236706    34.9136       3522     2.4454 0.0000e+00
    114.000    15.5017   4.379979    35.3019       3543     2.4601 0.0000e+00
    115.000    15.7860   4.443774    35.6222       3569     2.4780 0.0000e+00
    116.000    15.8303   4.459605    35.7240       3606     2.5034 0.0000e+00
    117.000    15.9223   4.475560    35.7835       3644     2.5299 0.0000e+00
    118.000    16.0942   4.509829    35.9343       3671     2.5488 0.0000e+00
    119.000    16.1093   4.515968    35.9751       3696     2.5659 0.0000e+00
    120.000    16.0942   4.515184    35.9813       3725     2.5864 0.0000e+00
    121.000    16.0419   4.510172    35.9835       3769     2.6168 0.0000e+00
    122.000    16.0302   4.509245    35.9854       3804     2.6412 0.0000e+00
    123.000    16.0303   4.510101    35.9926       3826     2.6562 0.0000e+00
    124.000    16.0097   4.509962    36.0097       3846     2.6704 0.0000e+00
    125.000    15.9600   4.505034    36.0103       3874     2.6896 0.0000e+00
    126.000    15.9321   4.502162    36.0095       3961     2.7499 0.0000e+00
    127.000    15.9359   4.502366    36.0073       4039     2.8044 0.0000e+00
    126.000    15.9307   4.502163    36.0108       4038     2.8034 0.0000e+00
    125.000    15.9539   4.504946    36.0151       4486     3.1143 0.0000e+00
    124.000    15.9548   4.504725    36.0127       4623     3.2099 0.0000e+00
    123.000    15.9697   4.506280    36.0135       4644     3.2244 0.0000e+00
    122.000    16.0197   4.509997    36.0017       4670     3.2421 0.0000e+00
    121.000    16.0396   4.511061    35.9935       4694     3.2592 0.0000e+00
    120.000    16.0730   4.514568    35.9950       4720     3.2773 0.0000e+00
    119.000    16.1031   4.517755    35.9966       4752     3.2992 0.0000e+00
    118.000    16.1044   4.516803    35.9874       4788     3.3245 0.0000e+00
    117.000    16.0487   4.506724    35.9481       4817     3.3441 0.0000e+00
    116.000    15.8775   4.475131    35.8206       4839     3.3597 0.0000e+00
    115.000    15.8106   4.459781    35.7438       4861     3.3750 0.0000e+00
    114.000    15.7451   4.440472    35.6298       4886     3.3926 0.0000e+00
    113.000    14.8559   4.307171    35.2226       4916     3.4134 0.0000e+00
    112.000    14.4519   4.240482    34.9769       4949     3.4359 0.0000e+00
    111.000    14.1521   4.194845    34.8256       4980     3.4578 0.0000e+00
    110.000    13.9903   4.164380    34.6890       5008     3.4772 0.0000e+00
    109.000    13.9079   4.150087    34.6305       5034     3.4954 0.0000e+00
    108.000    13.8351   4.135597    34.5613       5063     3.5156 0.0000e+00
    107.000    13.8649   4.128723    34.4708       5092     3.5357 0.0000e+00
    106.000    13.7650   4.100903    34.3010       5118     3.5534 0.0000e+00
    105.000    13.6411   4.069324    34.1167       5141     3.5697 0.0000e+00
    104.000    13.4797   4.033707    33.9268       5165     3.5863 0.0000e+00
    103.000    13.4532   4.007067    33.7007       5191     3.6039 0.0000e+00
    102.000    13.6376   4.018956    33.6499       5219     3.6233 0.0000e+00
    101.000    13.5223   4.000971    33.5834       5251     3.6459 0.0000e+00
    100.000    13.4286   3.985735    33.5234       5293     3.6750 0.0000e+00
     99.000    13.3632   3.977757    33.5063       5325     3.6972 0.0000e+00
     98.000    13.0264   3.938923    33.4368       5347     3.7127 0.0000e+00
     97.000    12.6987   3.894449    33.3041       5368     3.7269 0.0000e+00
     96.000    12.4611   3.866181    33.2443       5388     3.7413 0.0000e+00
     95.000    12.2343   3.838071    33.1754       5413     3.7586 0.0000e+00
     94.000    12.1376   3.824118    33.1270       5450     3.7838 0.0000e+00
     93.000    12.1288   3.821648    33.1114       5480     3.8046 0.0000e+00
     92.000    12.1057   3.818422    33.1011       5500     3.8187 0.0000e+00
     91.000    12.0826   3.814323    33.0824       5520     3.8329 0.0000e+00
     90.000    12.0729   3.812574    33.0746       5563     3.8627 0.0000e+00
     89.000    12.0784   3.812571    33.0700       5609     3.8942 0.0000e+00
     88.000    12.0756   3.812116    33.0686       5627     3.9071 0.0000e+00
     87.000    12.0535   3.808654    33.0551       5644     3.9190 0.0000e+00
     86.000    12.0253   3.804379    33.0391       5662     3.9315 0.0000e+00
     85.000    12.0093   3.801664    33.0275       5689     3.9501 0.0000e+00
     84.000    12.0093   3.800732    33.0188       5734     3.9811 0.0000e+00
     83.000    12.0286   3.802254    33.0169       5763     4.0011 0.0000e+00
     82.000    12.0773   3.806470    33.0150       5783     4.0149 0.0000e+00
     81.000    12.1241   3.810294    33.0110       5802     4.0287 0.0000e+00
     80.000    12.1366   3.809663    32.9943       5827     4.0457 0.0000e+00
     79.000    12.0889   3.802851    32.9710       5864     4.0715 0.0000e+00
     78.000    12.0482   3.797784    32.9585       5902     4.0980 0.0000e+00
     77.000    11.9980   3.791757    32.9449       5928     4.1156 0.0000e+00
     76.000    11.9789   3.788671    32.9323       5949     4.1305 0.0000e+00
     75.000    12.0354   3.792874    32.9235       5970     4.1451 0.0000e+00
     74.000    12.5645   3.842596    32.9365       5996     4.1631 0.0000e+00
     73.000    13.4945   3.940396    33.0520       6037     4.1914 0.0000e+00
     72.000    14.0935   4.003365    33.1210       6073     4.2166 0.0000e+00
     71.000    14.2214   4.015525    33.1235       6094     4.2316 0.0000e+00
     70.000    14.4316   4.024986    33.0309       6114     4.2451 0.0000e+00
     69.000    15.0901   4.094781    33.1062       6134     4.2593 0.0000e+00
     68.000    15.7240   4.166109    33.2110       6162     4.2784 0.0000e+00
     67.000    17.0278   4.326806    33.5339       6212     4.3130 0.0000e+00
     66.000    17.5628   4.387819    33.6144       6245     4.3362 0.0000e+00
     65.000    18.0452   4.451785    33.7617       6265     4.3500 0.0000e+00
     64.000    18.1257   4.463836    33.7979       6285     4.3641 0.0000e+00
     63.000    18.1390   4.466545    33.8102       6310     4.3814 0.0000e+00
     62.000    18.1521   4.469158    33.8219       6345     4.4054 0.0000e+00
     61.000    17.9905   4.452473    33.8140       6381     4.4304 0.0000e+00
     60.000    17.4189   4.367340    33.5604       6411     4.4511 0.0000e+00
     59.000    17.2152   4.340438    33.4978       6436     4.4689 0.0000e+00
     58.000    17.0863   4.321618    33.4425       6462     4.4870 0.0000e+00
     57.000    17.0707   4.318573    33.4295       6493     4.5084 0.0000e+00
     56.000    17.0465   4.315372    33.4222       6528     4.5326 0.0000e+00
     55.000    17.0112   4.310363    33.4084       6558     4.5537 0.0000e+00
     54.000    16.9838   4.305480    33.3892       6584     4.5714 0.0000e+00
     53.000    17.0753   4.313808    33.3858       6609     4.5887 0.0000e+00
     52.000    17.4647   4.358060    33.4456       6641     4.6109 0.0000e+00
     51.000    17.5425   4.369211    33.4775       6681     4.6389 0.0000e+00
     50.000    17.7702   4.392490    33.4893       6709     4.6586 0.0000e+00
     49.000    18.1743   4.437604    33.5411       6732     4.6746 0.0000e+00
     48.000    19.3195   4.569439    33.7100       6759     4.6927 0.0000e+00
     47.000    20.0631   4.667758    33.9180       6793     4.7167 0.0000e+00
     46.000    20.1984   4.688400    33.9774       6828     4.7406 0.0000e+00
