HB2304/ctd026.cnv
* Sea-Bird SBE 9 Data File:
* FileName = C:\cruise\data\ctd026.hex
* Software Version Seasave V 7.26.7.121
* Temperature SN = 4591
* Conductivity SN = 3741
* Number of Bytes Per Scan = 37
* Number of Voltage Words = 4
* Number of Scans Averaged by the Deck Unit = 1
* NMEA Latitude = 36 32.06 N
* NMEA Longitude = 074 44.38 W
* NMEA UTC (Time) = Sep 17 2023  19:21:16
* NMEA baud rate = 4800
** Ship: Bigelow HB2304
** Program:  Fall Bottom Trawl Survey
** Chief Scientist: John Galbraith
# nquan = 7
# nvalues = 400                         
# units = specified
# name 0 = depSM: Depth [salt water, m]
# name 1 = t090C: Temperature [ITS-90, deg C]
# name 2 = c0S/m: Conductivity [S/m]
# name 3 = sal00: Salinity, Practical [PSU]
# name 4 = scan: Scan Count
# name 5 = timeM: Time, Elapsed [minutes]
# name 6 = flag: flag
# span 0 =      2.000,    202.000       
# span 1 =    10.0866,    23.9172       
# span 2 =   3.645440,   4.833487       
# span 3 =    32.2301,    35.9440       
# span 4 =        486,      13565       
# span 5 =     0.3368,     9.4192       
# span 6 = 0.0000e+00, 0.0000e+00       
# interval = meters: 1                  
# start_time = Sep 17 2023 19:21:16 [NMEA time, header]
# bad_flag = -9.990e-29
*END*
[from data line 206]
    195.000    12.2112   4.087025    35.5635       7517     5.2191 0.0000e+00
    194.000    12.2226   4.088229    35.5649       7541     5.2358 0.0000e+00
    193.000    12.2567   4.091650    35.5662       7565     5.2531 0.0000e+00
    192.000    12.3296   4.099093    35.5697       7592     5.2716 0.0000e+00
    191.000    12.4392   4.111320    35.5847       7621     5.2918 0.0000e+00
    190.000    12.4968   4.117611    35.5914       7650     5.3119 0.0000e+00
    189.000    12.5719   4.125995    35.6018       7675     5.3294 0.0000e+00
    188.000    12.6513   4.134634    35.6105       7699     5.3456 0.0000e+00
    187.000    12.7000   4.140170    35.6181       7722     5.3621 0.0000e+00
    186.000    12.7565   4.146485    35.6260       7748     5.3798 0.0000e+00
    185.000    12.8242   4.153867    35.6335       7775     5.3988 0.0000e+00
    184.000    12.8936   4.161734    35.6438       7805     5.4196 0.0000e+00
    183.000    12.9777   4.170767    35.6515       7837     5.4415 0.0000e+00
    182.000    13.1109   4.185497    35.6673       7865     5.4608 0.0000e+00
    181.000    13.3199   4.207657    35.6823       7889     5.4779 0.0000e+00
    180.000    13.5177   4.230143    35.7104       7913     5.4945 0.0000e+00
    179.000    13.6258   4.243118    35.7323       7936     5.5105 0.0000e+00
    178.000    13.6521   4.246886    35.7437       7960     5.5269 0.0000e+00
    177.000    13.6955   4.251381    35.7459       7985     5.5444 0.0000e+00
    176.000    13.7910   4.261546    35.7527       8012     5.5630 0.0000e+00
    175.000    13.9158   4.275918    35.7717       8040     5.5828 0.0000e+00
    174.000    13.9977   4.285344    35.7841       8070     5.6034 0.0000e+00
    173.000    14.0777   4.294494    35.7955       8098     5.6231 0.0000e+00
    172.000    14.1161   4.299244    35.8047       8125     5.6415 0.0000e+00
    171.000    14.1676   4.304990    35.8108       8151     5.6599 0.0000e+00
    170.000    14.1848   4.307293    35.8167       8179     5.6790 0.0000e+00
    169.000    14.2224   4.311303    35.8195       8206     5.6976 0.0000e+00
    168.000    14.2667   4.316497    35.8271       8231     5.7156 0.0000e+00
    167.000    14.3070   4.320772    35.8299       8257     5.7332 0.0000e+00
    166.000    14.3560   4.326558    35.8385       8281     5.7500 0.0000e+00
    165.000    14.3846   4.329973    35.8441       8305     5.7664 0.0000e+00
    164.000    14.4208   4.333999    35.8484       8329     5.7834 0.0000e+00
    163.000    14.4777   4.340210    35.8536       8357     5.8025 0.0000e+00
    162.000    14.5105   4.344104    35.8597       8387     5.8236 0.0000e+00
    161.000    14.5632   4.349752    35.8635       8418     5.8454 0.0000e+00
    160.000    14.6221   4.356023    35.8674       8447     5.8656 0.0000e+00
    159.000    14.7016   4.365043    35.8775       8473     5.8835 0.0000e+00
    158.000    14.7754   4.373179    35.8847       8498     5.9005 0.0000e+00
    157.000    14.8676   4.383371    35.8937       8522     5.9177 0.0000e+00
    156.000    14.9132   4.388457    35.8988       8548     5.9356 0.0000e+00
    155.000    14.9435   4.391963    35.9034       8575     5.9542 0.0000e+00
    154.000    14.9817   4.396402    35.9093       8601     5.9721 0.0000e+00
    153.000    15.0173   4.400398    35.9135       8625     5.9892 0.0000e+00
    152.000    15.0823   4.406836    35.9131       8650     6.0060 0.0000e+00
    151.000    15.1977   4.419047    35.9189       8676     6.0245 0.0000e+00
    150.000    15.2845   4.427975    35.9210       8710     6.0477 0.0000e+00
    149.000    15.3413   4.433594    35.9204       8745     6.0719 0.0000e+00
    148.000    15.4162   4.439646    35.9073       8771     6.0905 0.0000e+00
    147.000    15.4919   4.444939    35.8865       8793     6.1057 0.0000e+00
    146.000    15.5218   4.446783    35.8763       8814     6.1201 0.0000e+00
    145.000    15.5797   4.449821    35.8514       8836     6.1356 0.0000e+00
    144.000    15.6058   4.451609    35.8443       8862     6.1531 0.0000e+00
    143.000    15.6297   4.452055    35.8269       8892     6.1742 0.0000e+00
    142.000    15.5826   4.442742    35.7861       8926     6.1981 0.0000e+00
    141.000    15.5399   4.435065    35.7560       8958     6.2200 0.0000e+00
    140.000    15.5151   4.430336    35.7362       8984     6.2379 0.0000e+00
    139.000    15.4973   4.426517    35.7182       9007     6.2540 0.0000e+00
    138.000    15.4958   4.426187    35.7170       9028     6.2689 0.0000e+00
    137.000    15.4921   4.425563    35.7151       9051     6.2844 0.0000e+00
    136.000    15.4925   4.425595    35.7155       9080     6.3051 0.0000e+00
    135.000    15.4938   4.425717    35.7157       9116     6.3298 0.0000e+00
    134.000    15.5075   4.426994    35.7153       9154     6.3560 0.0000e+00
    133.000    15.5436   4.430192    35.7118       9195     6.3846 0.0000e+00
    132.000    15.5475   4.429809    35.7053       9233     6.4111 0.0000e+00
    131.000    15.5557   4.428558    35.6870       9262     6.4313 0.0000e+00
    130.000    15.5726   4.427708    35.6643       9285     6.4472 0.0000e+00
    129.000    15.5573   4.424134    35.6463       9306     6.4620 0.0000e+00
    128.000    15.5454   4.421744    35.6359       9328     6.4771 0.0000e+00
    127.000    15.5181   4.416939    35.6176       9355     6.4961 0.0000e+00
    126.000    15.4734   4.409807    35.5941       9389     6.5194 0.0000e+00
    125.000    15.4155   4.401896    35.5753       9424     6.5438 0.0000e+00
    124.000    15.3366   4.391040    35.5488       9453     6.5638 0.0000e+00
    123.000    15.2649   4.379471    35.5092       9477     6.5809 0.0000e+00
    122.000    15.0883   4.350804    35.4086       9501     6.5974 0.0000e+00
    121.000    14.9634   4.321064    35.2508       9526     6.6147 0.0000e+00
    120.000    14.8334   4.302646    35.2002       9553     6.6330 0.0000e+00
    119.000    14.2734   4.218281    34.9297       9581     6.6526 0.0000e+00
    118.000    13.9735   4.168214    34.7365       9609     6.6723 0.0000e+00
    117.000    13.0768   4.056931    34.5020       9634     6.6895 0.0000e+00
    116.000    12.2532   3.938362    34.1162       9656     6.7050 0.0000e+00
    115.000    11.6857   3.860054    33.8735       9678     6.7205 0.0000e+00
    114.000    11.5622   3.839828    33.7885       9704     6.7383 0.0000e+00
    113.000    11.4734   3.824735    33.7217       9736     6.7606 0.0000e+00
    112.000    11.3032   3.802670    33.6602       9772     6.7852 0.0000e+00
    111.000    11.1470   3.782643    33.6053       9800     6.8051 0.0000e+00
    110.000    11.1070   3.777859    33.5948       9824     6.8216 0.0000e+00
    109.000    11.1016   3.776204    33.5838       9847     6.8373 0.0000e+00
    108.000    10.9299   3.756427    33.5447       9869     6.8530 0.0000e+00
    107.000    10.8342   3.744246    33.5115       9892     6.8691 0.0000e+00
    106.000    10.7246   3.729967    33.4696       9917     6.8860 0.0000e+00
    105.000    10.6809   3.724934    33.4598       9944     6.9052 0.0000e+00
    104.000    10.6193   3.717443    33.4417       9976     6.9269 0.0000e+00
    103.000    10.5063   3.702690    33.3976      10007     6.9483 0.0000e+00
    102.000    10.3207   3.677833    33.3182      10035     6.9683 0.0000e+00
    101.000    10.1956   3.662129    33.2748      10061     6.9860 0.0000e+00
    100.000    10.1238   3.651940    33.2380      10084     7.0022 0.0000e+00
     99.000    10.1185   3.650060    33.2243      10108     7.0187 0.0000e+00
     98.000    10.1649   3.651321    33.1950      10133     7.0363 0.0000e+00
     97.000    10.2187   3.654578    33.1791      10159     7.0544 0.0000e+00
     96.000    10.2500   3.656094    33.1663      10186     7.0728 0.0000e+00
     95.000    10.2829   3.658634    33.1622      10213     7.0917 0.0000e+00
     94.000    10.3323   3.662918    33.1608      10241     7.1111 0.0000e+00
     93.000    10.5346   3.680718    33.1558      10269     7.1305 0.0000e+00
     92.000    10.9615   3.721765    33.1786      10297     7.1497 0.0000e+00
     91.000    11.0358   3.726263    33.1566      10324     7.1685 0.0000e+00
     90.000    11.0121   3.718670    33.1032      10350     7.1870 0.0000e+00
     89.000    10.9907   3.713476    33.0713      10376     7.2050 0.0000e+00
     88.000    10.9892   3.711044    33.0490      10403     7.2235 0.0000e+00
     87.000    10.9786   3.707338    33.0223      10432     7.2437 0.0000e+00
     86.000    10.9719   3.704707    33.0027      10460     7.2633 0.0000e+00
     85.000    10.9818   3.704063    32.9878      10488     7.2828 0.0000e+00
     84.000    10.9894   3.704202    32.9828      10517     7.3030 0.0000e+00
     83.000    10.9809   3.702883    32.9778      10547     7.3235 0.0000e+00
     82.000    10.9704   3.701304    32.9720      10576     7.3439 0.0000e+00
     81.000    10.9649   3.700613    32.9705      10607     7.3653 0.0000e+00
     80.000    10.9509   3.698860    32.9661      10642     7.3897 0.0000e+00
     79.000    10.9412   3.697674    32.9635      10676     7.4132 0.0000e+00
     78.000    10.9359   3.696953    32.9616      10703     7.4317 0.0000e+00
     77.000    10.9303   3.696316    32.9607      10727     7.4487 0.0000e+00
     76.000    10.9198   3.695025    32.9577      10751     7.4652 0.0000e+00
     75.000    10.9143   3.694233    32.9552      10775     7.4819 0.0000e+00
     74.000    10.9107   3.693736    32.9540      10800     7.4991 0.0000e+00
     73.000    10.9089   3.693330    32.9520      10825     7.5168 0.0000e+00
     72.000    10.9020   3.692255    32.9480      10853     7.5361 0.0000e+00
     71.000    10.9006   3.691791    32.9450      10885     7.5581 0.0000e+00
     70.000    10.9002   3.691662    32.9445      10919     7.5821 0.0000e+00
     69.000    10.8995   3.691451    32.9435      10953     7.6057 0.0000e+00
     68.000    10.8969   3.691010    32.9419      10984     7.6270 0.0000e+00
     67.000    10.8937   3.690564    32.9407      11009     7.6442 0.0000e+00
     66.000    10.8914   3.690014    32.9378      11030     7.6589 0.0000e+00
     65.000    10.8951   3.689989    32.9346      11050     7.6729 0.0000e+00
     64.000    10.8993   3.690152    32.9329      11071     7.6873 0.0000e+00
     63.000    10.9077   3.690517    32.9295      11094     7.7033 0.0000e+00
     62.000    10.9161   3.691121    32.9283      11121     7.7225 0.0000e+00
     61.000    10.9271   3.691921    32.9268      11158     7.7478 0.0000e+00
     60.000    10.9315   3.692265    32.9267      11198     7.7757 0.0000e+00
     59.000    10.9331   3.692362    32.9267      11232     7.7990 0.0000e+00
     58.000    10.9355   3.692505    32.9264      11258     7.8174 0.0000e+00
     57.000    10.9435   3.692990    32.9245      11279     7.8320 0.0000e+00
     56.000    10.9583   3.694157    32.9232      11297     7.8446 0.0000e+00
     55.000    10.9757   3.695451    32.9208      11315     7.8570 0.0000e+00
     54.000    11.0178   3.698770    32.9164      11334     7.8701 0.0000e+00
     53.000    11.0847   3.705401    32.9225      11355     7.8847 0.0000e+00
     52.000    11.1408   3.710936    32.9274      11379     7.9017 0.0000e+00
     51.000    11.2539   3.720119    32.9173      11411     7.9233 0.0000e+00
     50.000    11.3504   3.727128    32.9006      11453     7.9531 0.0000e+00
     49.000    11.3703   3.728649    32.8983      11490     7.9783 0.0000e+00
     48.000    11.3705   3.728633    32.8984      11515     7.9959 0.0000e+00
     47.000    11.3510   3.727171    32.9018      11536     8.0105 0.0000e+00
     46.000    11.3779   3.728598    32.8923      11555     8.0236 0.0000e+00
     45.000    11.3849   3.729238    32.8927      11573     8.0364 0.0000e+00
     44.000    11.3916   3.729711    32.8918      11593     8.0502 0.0000e+00
     43.000    11.3936   3.729873    32.8921      11616     8.0661 0.0000e+00
     42.000    11.4049   3.730616    32.8897      11643     8.0848 0.0000e+00
     41.000    11.4077   3.730887    32.8904      11673     8.1057 0.0000e+00
     40.000    11.4205   3.731867    32.8890      11703     8.1263 0.0000e+00
     39.000    11.4309   3.732814    32.8894      11731     8.1455 0.0000e+00
     38.000    11.4396   3.733693    32.8908      11758     8.1646 0.0000e+00
     37.000    11.4457   3.734344    32.8921      11786     8.1842 0.0000e+00
     36.000    11.4572   3.735611    32.8948      11814     8.2033 0.0000e+00
     35.000    11.4597   3.735544    32.8923      11840     8.2212 0.0000e+00
     34.000    11.4745   3.736703    32.8909      11863     8.2377 0.0000e+00
     33.000    11.5316   3.742032    32.8927      11885     8.2529 0.0000e+00
     32.000    11.8708   3.769989    32.8650      11906     8.2675 0.0000e+00
     31.000    12.7715   3.858006    32.9207      11927     8.2821 0.0000e+00
     30.000    13.6056   3.948753    33.0518      11950     8.2981 0.0000e+00
     29.000    13.7483   3.966649    33.0951      11977     8.3170 0.0000e+00
     28.000    14.6368   4.061475    33.2052      12010     8.3398 0.0000e+00
     27.000    15.8557   4.207212    33.4825      12045     8.3640 0.0000e+00
     26.000    17.3674   4.345388    33.4259      12074     8.3840 0.0000e+00
     25.000    17.7346   4.401434    33.6043      12098     8.4006 0.0000e+00
     24.000    18.4331   4.457131    33.5033      12120     8.4160 0.0000e+00
     23.000    19.7518   4.602064    33.6400      12143     8.4319 0.0000e+00
     22.000    20.7725   4.668971    33.3727      12169     8.4499 0.0000e+00
     21.000    20.7772   4.595952    32.7859      12197     8.4695 0.0000e+00
     20.000    21.4835   4.650172    32.6755      12223     8.4878 0.0000e+00
     19.000    21.9125   4.700827    32.7479      12247     8.5041 0.0000e+00
     18.000    22.8527   4.779014    32.6467      12270     8.5202 0.0000e+00
     17.000    23.1017   4.800779    32.6283      12295     8.5376 0.0000e+00
     16.000    23.1097   4.801514    32.6283      12324     8.5576 0.0000e+00
     15.000    23.1469   4.799137    32.5830      12354     8.5787 0.0000e+00
     14.000    23.1798   4.793430    32.5156      12383     8.5986 0.0000e+00
     13.000    23.2488   4.794144    32.4706      12411     8.6183 0.0000e+00
     12.000    23.3770   4.800227    32.4228      12439     8.6374 0.0000e+00
     11.000    23.4540   4.804051    32.3956      12464     8.6549 0.0000e+00
     10.000    23.4788   4.805653    32.3898      12488     8.6714 0.0000e+00
      9.000    23.5292   4.807519    32.3674      12510     8.6870 0.0000e+00
      8.000    23.5487   4.808320    32.3595      12533     8.7028 0.0000e+00
      7.000    23.5766   4.809284    32.3467      12557     8.7197 0.0000e+00
      6.000    23.7677   4.818316    32.2759      13422     9.3204 0.0000e+00
      5.000    23.7989   4.818115    32.2521      13429     9.3252 0.0000e+00
      4.000    23.8353   4.818976    32.2325      13463     9.3484 0.0000e+00
      3.000    23.8424   4.819304    32.2301      13502     9.3759 0.0000e+00
      2.000    23.8497   4.819990    32.2302      13565     9.4192 0.0000e+00
