HB2304/ctd015.cnv
* Sea-Bird SBE 9 Data File:
* FileName = C:\cruise\data\ctd015.hex
* Software Version Seasave V 7.26.7.121
* Temperature SN = 4591
* Conductivity SN = 3741
* Number of Bytes Per Scan = 37
* Number of Voltage Words = 4
* Number of Scans Averaged by the Deck Unit = 1
* NMEA Latitude = 37 38.92 N
* NMEA Longitude = 074 12.27 W
* NMEA UTC (Time) = Sep 13 2023  14:01:49
* NMEA baud rate = 4800
** Ship: Bigelow HB2304
** Program:  Fall Bottom Trawl Survey
** Chief Scientist: John Galbraith
# nquan = 7
# nvalues = 827                         
# units = specified
# name 0 = depSM: Depth [salt water, m]
# name 1 = t090C: Temperature [ITS-90, deg C]
# name 2 = c0S/m: Conductivity [S/m]
# name 3 = sal00: Salinity, Practical [PSU]
# name 4 = scan: Scan Count
# name 5 = timeM: Time, Elapsed [minutes]
# name 6 = flag: flag
# span 0 =      1.000,    415.000       
# span 1 =     6.4716,    28.7895       
# span 2 =   3.505228,   5.841897       
# span 3 =    34.5200,    36.3626       
# span 4 =       -105,      24636       
# span 5 =    -0.0738,    17.1080       
# span 6 = 0.0000e+00, 0.0000e+00       
# interval = meters: 1                  
# start_time = Sep 13 2023 14:01:49 [NMEA time, header]
# bad_flag = -9.990e-29
*END*
[from data line 206]
    209.000    10.2513   3.874595    35.3285       5783     4.0154 0.0000e+00
    210.000    10.2465   3.874111    35.3278       5806     4.0310 0.0000e+00
    211.000    10.2387   3.873293    35.3265       5829     4.0471 0.0000e+00
    212.000    10.2310   3.872527    35.3258       5855     4.0653 0.0000e+00
    213.000    10.1857   3.868186    35.3252       5884     4.0855 0.0000e+00
    214.000    10.1331   3.862724    35.3203       5916     4.1076 0.0000e+00
    215.000    10.0646   3.855706    35.3149       5946     4.1288 0.0000e+00
    216.000    10.0271   3.851625    35.3094       5978     4.1506 0.0000e+00
    217.000     9.9934   3.848084    35.3056       6010     4.1731 0.0000e+00
    218.000     9.9811   3.846713    35.3030       6035     4.1905 0.0000e+00
    219.000     9.9751   3.846057    35.3017       6055     4.2043 0.0000e+00
    220.000     9.9423   3.843168    35.3037       6073     4.2168 0.0000e+00
    221.000     9.8932   3.837962    35.2978       6092     4.2298 0.0000e+00
    222.000     9.8763   3.836192    35.2957       6113     4.2444 0.0000e+00
    223.000     9.8426   3.832826    35.2936       6138     4.2616 0.0000e+00
    224.000     9.8189   3.830257    35.2899       6168     4.2824 0.0000e+00
    225.000     9.8039   3.828638    35.2876       6205     4.3084 0.0000e+00
    226.000     9.7714   3.825373    35.2853       6250     4.3399 0.0000e+00
    227.000     9.7379   3.821983    35.2828       6280     4.3601 0.0000e+00
    228.000     9.7099   3.819545    35.2846       6300     4.3745 0.0000e+00
    229.000     9.5746   3.806455    35.2817       6319     4.3873 0.0000e+00
    230.000     9.5438   3.802453    35.2701       6337     4.4002 0.0000e+00
    231.000     9.5366   3.801558    35.2675       6358     4.4143 0.0000e+00
    232.000     9.5125   3.799387    35.2682       6382     4.4310 0.0000e+00
    233.000     9.4594   3.793991    35.2640       6411     4.4514 0.0000e+00
    234.000     9.3975   3.787806    35.2603       6444     4.4741 0.0000e+00
    235.000     9.3778   3.785419    35.2544       6473     4.4946 0.0000e+00
    236.000     9.3648   3.784111    35.2532       6500     4.5135 0.0000e+00
    237.000     9.3551   3.783000    35.2507       6530     4.5338 0.0000e+00
    238.000     9.3479   3.782294    35.2499       6560     4.5545 0.0000e+00
    239.000     9.3248   3.780093    35.2494       6584     4.5713 0.0000e+00
    240.000     9.3065   3.778240    35.2477       6605     4.5862 0.0000e+00
    241.000     9.2952   3.776983    35.2452       6631     4.6038 0.0000e+00
    242.000     9.2856   3.776001    35.2440       6663     4.6261 0.0000e+00
    243.000     9.2825   3.775625    35.2426       6691     4.6455 0.0000e+00
    244.000     9.2779   3.775188    35.2421       6712     4.6605 0.0000e+00
    245.000     9.2768   3.775028    35.2411       6732     4.6742 0.0000e+00
    246.000     9.2554   3.773236    35.2431       6753     4.6888 0.0000e+00
    247.000     9.2233   3.769778    35.2382       6780     4.7079 0.0000e+00
    248.000     9.2110   3.768424    35.2357       6821     4.7364 0.0000e+00
    249.000     9.1879   3.766215    35.2351       6859     4.7623 0.0000e+00
    250.000     9.1604   3.763552    35.2339       6883     4.7791 0.0000e+00
    251.000     9.1349   3.760903    35.2309       6902     4.7924 0.0000e+00
    252.000     9.1189   3.759416    35.2307       6920     4.8050 0.0000e+00
    253.000     9.0774   3.755384    35.2290       6941     4.8192 0.0000e+00
    254.000     9.0495   3.752311    35.2240       6970     4.8397 0.0000e+00
    255.000     9.0323   3.750425    35.2208       7008     4.8659 0.0000e+00
    256.000     9.0161   3.748840    35.2198       7038     4.8870 0.0000e+00
    257.000     8.9918   3.746494    35.2187       7062     4.9033 0.0000e+00
    258.000     8.9699   3.744435    35.2183       7083     4.9180 0.0000e+00
    259.000     8.9040   3.738359    35.2193       7104     4.9326 0.0000e+00
    260.000     8.8595   3.733559    35.2124       7127     4.9484 0.0000e+00
    261.000     8.8430   3.731884    35.2107       7155     4.9678 0.0000e+00
    262.000     8.8208   3.729566    35.2079       7191     4.9931 0.0000e+00
    263.000     8.7557   3.723729    35.2105       7227     5.0179 0.0000e+00
    264.000     8.6926   3.717164    35.2034       7254     5.0365 0.0000e+00
    265.000     8.6716   3.715086    35.2019       7277     5.0525 0.0000e+00
    266.000     8.6456   3.712436    35.1992       7298     5.0675 0.0000e+00
    267.000     8.6405   3.711798    35.1970       7320     5.0829 0.0000e+00
    268.000     8.6315   3.710987    35.1969       7345     5.1003 0.0000e+00
    269.000     8.5764   3.705862    35.1971       7376     5.1215 0.0000e+00
    270.000     8.5377   3.701774    35.1918       7406     5.1421 0.0000e+00
    271.000     8.5196   3.700203    35.1927       7428     5.1577 0.0000e+00
    272.000     8.4685   3.695148    35.1895       7447     5.1708 0.0000e+00
    273.000     8.4422   3.692575    35.1880       7466     5.1843 0.0000e+00
    274.000     8.4284   3.690997    35.1844       7493     5.2025 0.0000e+00
    275.000     8.4242   3.690430    35.1821       7538     5.2343 0.0000e+00
    276.000     8.4227   3.690235    35.1810       7582     5.2646 0.0000e+00
    277.000     8.4169   3.689709    35.1808       7609     5.2832 0.0000e+00
    278.000     8.3939   3.687720    35.1821       7629     5.2972 0.0000e+00
    279.000     8.3798   3.686144    35.1789       7647     5.3097 0.0000e+00
    280.000     8.3465   3.683493    35.1834       7665     5.3220 0.0000e+00
    281.000     8.2922   3.678110    35.1799       7683     5.3350 0.0000e+00
    282.000     8.2883   3.677384    35.1755       7704     5.3496 0.0000e+00
    283.000     8.2873   3.677199    35.1741       7731     5.3681 0.0000e+00
    284.000     8.2854   3.677030    35.1736       7764     5.3909 0.0000e+00
    285.000     8.2739   3.675928    35.1729       7798     5.4147 0.0000e+00
    286.000     8.2537   3.674089    35.1730       7832     5.4381 0.0000e+00
    287.000     8.2234   3.671243    35.1724       7860     5.4575 0.0000e+00
    288.000     8.1920   3.668251    35.1714       7883     5.4739 0.0000e+00
    289.000     8.1644   3.665484    35.1689       7907     5.4906 0.0000e+00
    290.000     8.1529   3.664294    35.1672       7938     5.5115 0.0000e+00
    291.000     8.1299   3.662014    35.1654       7970     5.5343 0.0000e+00
    292.000     8.1240   3.661443    35.1647       7995     5.5517 0.0000e+00
    293.000     8.1146   3.660498    35.1635       8016     5.5658 0.0000e+00
    294.000     8.1107   3.660175    35.1634       8035     5.5790 0.0000e+00
    295.000     8.0957   3.658748    35.1627       8054     5.5926 0.0000e+00
    296.000     8.0851   3.657744    35.1621       8077     5.6081 0.0000e+00
    297.000     8.0722   3.656451    35.1606       8103     5.6267 0.0000e+00
    298.000     8.0665   3.655887    35.1599       8132     5.6466 0.0000e+00
    299.000     8.0624   3.655444    35.1588       8162     5.6672 0.0000e+00
    300.000     8.0652   3.655649    35.1576       8202     5.6952 0.0000e+00
    301.000     8.0753   3.656632    35.1576       8256     5.7323 0.0000e+00
    302.000     8.0751   3.656676    35.1578       8284     5.7519 0.0000e+00
    303.000     8.0729   3.656484    35.1574       8301     5.7639 0.0000e+00
    304.000     8.0655   3.655957    35.1587       8315     5.7738 0.0000e+00
    305.000     8.0585   3.655202    35.1571       8328     5.7829 0.0000e+00
    306.000     8.0545   3.654874    35.1571       8342     5.7921 0.0000e+00
    307.000     8.0478   3.654317    35.1574       8356     5.8023 0.0000e+00
    308.000     8.0451   3.653954    35.1558       8375     5.8152 0.0000e+00
    309.000     8.0402   3.653554    35.1558       8406     5.8370 0.0000e+00
    310.000     8.0354   3.653044    35.1547       8487     5.8931 0.0000e+00
    311.000     8.0350   3.653029    35.1544       8525     5.9194 0.0000e+00
    312.000     8.0318   3.652839    35.1551       8544     5.9328 0.0000e+00
    313.000     8.0239   3.652085    35.1545       8561     5.9444 0.0000e+00
    314.000     8.0230   3.652017    35.1541       8576     5.9551 0.0000e+00
    315.000     8.0219   3.651896    35.1535       8592     5.9659 0.0000e+00
    316.000     8.0242   3.652197    35.1539       8610     5.9785 0.0000e+00
    317.000     8.0107   3.650973    35.1538       8640     5.9993 0.0000e+00
    318.000     8.0048   3.650356    35.1527       8683     6.0295 0.0000e+00
    319.000     8.0102   3.650848    35.1520       8711     6.0483 0.0000e+00
    320.000     7.9339   3.644802    35.1631       8732     6.0635 0.0000e+00
    321.000     7.7941   3.631146    35.1561       8756     6.0802 0.0000e+00
    322.000     7.7523   3.626690    35.1496       8785     6.1000 0.0000e+00
    323.000     7.7153   3.622979    35.1462       8815     6.1212 0.0000e+00
    324.000     7.6891   3.620533    35.1457       8844     6.1411 0.0000e+00
    325.000     7.6668   3.618189    35.1424       8871     6.1599 0.0000e+00
    326.000     7.6437   3.615947    35.1408       8900     6.1795 0.0000e+00
    327.000     7.6348   3.615052    35.1397       8929     6.2002 0.0000e+00
    328.000     7.6210   3.613648    35.1378       8959     6.2208 0.0000e+00
    329.000     7.6088   3.612547    35.1377       8986     6.2399 0.0000e+00
    330.000     7.5865   3.610500    35.1376       9010     6.2563 0.0000e+00
    331.000     7.5740   3.609185    35.1354       9031     6.2709 0.0000e+00
    332.000     7.5603   3.607982    35.1357       9052     6.2855 0.0000e+00
    333.000     7.5156   3.604074    35.1379       9074     6.3008 0.0000e+00
    334.000     7.4629   3.599114    35.1367       9099     6.3182 0.0000e+00
    335.000     7.3764   3.590703    35.1322       9134     6.3427 0.0000e+00
    336.000     7.3486   3.587691    35.1269       9179     6.3738 0.0000e+00
    337.000     7.3331   3.586194    35.1258       9211     6.3961 0.0000e+00
    338.000     7.3237   3.585355    35.1257       9234     6.4122 0.0000e+00
    339.000     7.2987   3.582983    35.1246       9255     6.4261 0.0000e+00
    340.000     7.2865   3.581750    35.1230       9275     6.4404 0.0000e+00
    341.000     7.2704   3.580293    35.1229       9298     6.4562 0.0000e+00
    342.000     7.2412   3.577590    35.1225       9322     6.4729 0.0000e+00
    343.000     7.2253   3.576007    35.1208       9345     6.4887 0.0000e+00
    344.000     7.1892   3.572718    35.1210       9367     6.5045 0.0000e+00
    345.000     7.1651   3.570267    35.1180       9399     6.5264 0.0000e+00
    346.000     7.1406   3.567812    35.1156       9450     6.5615 0.0000e+00
    347.000     7.0871   3.563070    35.1174       9490     6.5895 0.0000e+00
    348.000     7.0539   3.559628    35.1128       9517     6.6082 0.0000e+00
    349.000     7.0503   3.559151    35.1108       9537     6.6225 0.0000e+00
    350.000     7.0399   3.558328    35.1118       9555     6.6349 0.0000e+00
    351.000     7.0163   3.556172    35.1116       9572     6.6467 0.0000e+00
    352.000     7.0029   3.554853    35.1102       9590     6.6588 0.0000e+00
    353.000     6.9915   3.553721    35.1088       9609     6.6720 0.0000e+00
    354.000     6.9883   3.553324    35.1073       9632     6.6879 0.0000e+00
    355.000     6.9838   3.552868    35.1063       9663     6.7095 0.0000e+00
    356.000     6.9833   3.552810    35.1057       9701     6.7358 0.0000e+00
    357.000     6.9666   3.551271    35.1052       9741     6.7637 0.0000e+00
    358.000     6.9628   3.550869    35.1042       9782     6.7926 0.0000e+00
    359.000     6.9633   3.550867    35.1032       9815     6.8156 0.0000e+00
    360.000     6.9616   3.550745    35.1031       9842     6.8341 0.0000e+00
    361.000     6.9612   3.550735    35.1028       9863     6.8485 0.0000e+00
    362.000     6.9619   3.550820    35.1026       9881     6.8608 0.0000e+00
    363.000     6.9622   3.550910    35.1028       9897     6.8721 0.0000e+00
    364.000     6.9565   3.550429    35.1028       9913     6.8835 0.0000e+00
    365.000     6.9524   3.550028    35.1020       9931     6.8957 0.0000e+00
    366.000     6.9518   3.549979    35.1016       9952     6.9104 0.0000e+00
    367.000     6.9353   3.548596    35.1026       9985     6.9335 0.0000e+00
    368.000     6.9277   3.547814    35.1012      10037     6.9697 0.0000e+00
    369.000     6.9274   3.547773    35.1006      10084     7.0022 0.0000e+00
    370.000     6.9317   3.548155    35.1000      10114     7.0231 0.0000e+00
    371.000     6.9352   3.548565    35.1004      10135     7.0377 0.0000e+00
    372.000     6.9324   3.548333    35.1003      10153     7.0501 0.0000e+00
    373.000     6.9325   3.548407    35.1005      10170     7.0618 0.0000e+00
    374.000     6.9280   3.548083    35.1009      10188     7.0744 0.0000e+00
    375.000     6.9236   3.547631    35.1000      10210     7.0893 0.0000e+00
    376.000     6.9252   3.547562    35.0970      10238     7.1090 0.0000e+00
    377.000     6.9250   3.547852    35.0999      10273     7.1335 0.0000e+00
    378.000     6.9226   3.547726    35.1006      10303     7.1539 0.0000e+00
    379.000     6.9040   3.546186    35.1020      10328     7.1717 0.0000e+00
    380.000     6.8257   3.539166    35.1039      10361     7.1947 0.0000e+00
    381.000     6.7815   3.534490    35.0968      10402     7.2228 0.0000e+00
    382.000     6.7776   3.534045    35.0952      10429     7.2419 0.0000e+00
    383.000     6.7800   3.534308    35.0952      10451     7.2568 0.0000e+00
    384.000     6.7781   3.534100    35.0943      10471     7.2709 0.0000e+00
    385.000     6.7792   3.534223    35.0942      10492     7.2854 0.0000e+00
    386.000     6.7808   3.534382    35.0938      10515     7.3014 0.0000e+00
    387.000     6.7824   3.534576    35.0938      10543     7.3210 0.0000e+00
    388.000     6.7837   3.534739    35.0937      10578     7.3451 0.0000e+00
    389.000     6.7698   3.533531    35.0940      10609     7.3666 0.0000e+00
    390.000     6.7677   3.533287    35.0930      10633     7.3832 0.0000e+00
    391.000     6.7574   3.532494    35.0943      10655     7.3988 0.0000e+00
    392.000     6.7355   3.530429    35.0933      10681     7.4164 0.0000e+00
    393.000     6.7328   3.530072    35.0915      10712     7.4379 0.0000e+00
    394.000     6.7323   3.530004    35.0908      10745     7.4612 0.0000e+00
    395.000     6.7416   3.530846    35.0901      10774     7.4815 0.0000e+00
    396.000     6.7222   3.529382    35.0933      10799     7.4983 0.0000e+00
    397.000     6.7034   3.527491    35.0910      10821     7.5137 0.0000e+00
    398.000     6.6855   3.526208    35.0945      10845     7.5306 0.0000e+00
    399.000     6.6419   3.521879    35.0906      10878     7.5533 0.0000e+00
    400.000     6.6171   3.519733    35.0916      10914     7.5783 0.0000e+00
    401.000     6.6091   3.518671    35.0876      10941     7.5973 0.0000e+00
    402.000     6.6215   3.519770    35.0866      10963     7.6123 0.0000e+00
    403.000     6.6187   3.519767    35.0889      10982     7.6256 0.0000e+00
    404.000     6.6294   3.520693    35.0877      11001     7.6391 0.0000e+00
    405.000     6.5692   3.515548    35.0917      11025     7.6554 0.0000e+00
    406.000     6.5544   3.513736    35.0861      11061     7.6804 0.0000e+00
    407.000     6.5479   3.513169    35.0861      11100     7.7079 0.0000e+00
    408.000     6.5432   3.512748    35.0856      11129     7.7281 0.0000e+00
    409.000     6.5348   3.511976    35.0852      11154     7.7454 0.0000e+00
    410.000     6.5311   3.511684    35.0852      11179     7.7623 0.0000e+00
    411.000     6.5265   3.511096    35.0829      11206     7.7810 0.0000e+00
    412.000     6.5226   3.511023    35.0855      11237     7.8026 0.0000e+00
