HB2304/ctd029.cnv
* Sea-Bird SBE 9 Data File:
* FileName = C:\cruise\data\ctd029.hex
* Software Version Seasave V 7.26.7.121
* Temperature SN = 4591
* Conductivity SN = 3741
* Number of Bytes Per Scan = 37
* Number of Voltage Words = 4
* Number of Scans Averaged by the Deck Unit = 1
* NMEA Latitude = 36 22.30 N
* NMEA Longitude = 075 00.64 W
* NMEA UTC (Time) = Sep 18 2023  04:02:31
* NMEA baud rate = 4800
** Ship: Bigelow HB2304
** Program:  Fall Bottom Trawl Survey
** Chief Scientist: John Galbraith
# nquan = 7
# nvalues = 70                          
# units = specified
# name 0 = depSM: Depth [salt water, m]
# name 1 = t090C: Temperature [ITS-90, deg C]
# name 2 = c0S/m: Conductivity [S/m]
# name 3 = sal00: Salinity, Practical [PSU]
# name 4 = scan: Scan Count
# name 5 = timeM: Time, Elapsed [minutes]
# name 6 = flag: flag
# span 0 =      2.000,     37.000       
# span 1 =    18.8742,    24.1815       
# span 2 =   4.405490,   4.826568       
# span 3 =    31.8805,    32.7465       
# span 4 =         91,       2793       
# span 5 =     0.0624,     1.9391       
# span 6 = 0.0000e+00, 0.0000e+00       
# interval = meters: 1                  
# start_time = Sep 18 2023 04:02:31 [NMEA time, header]
# bad_flag = -9.990e-29
*END*
      3.000    24.1584   4.824278    32.0396         91     0.0624 0.0000e+00
      4.000    24.1755   4.825892    32.0391        230     0.1590 0.0000e+00
      5.000    24.1815   4.826568    32.0395        247     0.1709 0.0000e+00
      6.000    24.1651   4.824963    32.0390        272     0.1884 0.0000e+00
      7.000    24.1611   4.824585    32.0388        302     0.2091 0.0000e+00
      8.000    24.1598   4.824504    32.0388        328     0.2271 0.0000e+00
      9.000    24.1599   4.824528    32.0386        351     0.2432 0.0000e+00
     10.000    24.1624   4.824754    32.0382        378     0.2615 0.0000e+00
     11.000    24.1600   4.824542    32.0380        408     0.2824 0.0000e+00
     12.000    24.0756   4.816324    32.0370        436     0.3024 0.0000e+00
     13.000    24.0325   4.810970    32.0277        467     0.3233 0.0000e+00
     14.000    23.9305   4.800751    32.0244        496     0.3434 0.0000e+00
     15.000    23.5615   4.771234    32.0688        519     0.3600 0.0000e+00
     16.000    21.3657   4.605783    32.4167        542     0.3754 0.0000e+00
     17.000    21.0447   4.589621    32.5319        567     0.3928 0.0000e+00
     18.000    20.6600   4.563080    32.6140        597     0.4139 0.0000e+00
     19.000    20.4581   4.545438    32.6274        627     0.4347 0.0000e+00
     20.000    20.3723   4.537893    32.6325        653     0.4529 0.0000e+00
     21.000    20.2823   4.528575    32.6265        678     0.4703 0.0000e+00
     22.000    20.1796   4.517335    32.6148        706     0.4894 0.0000e+00
     23.000    20.0236   4.499473    32.5906        737     0.5111 0.0000e+00
     24.000    19.6627   4.459504    32.5450        768     0.5327 0.0000e+00
     25.000    19.7665   4.475075    32.5910        795     0.5511 0.0000e+00
     26.000    19.7642   4.476758    32.6062        819     0.5682 0.0000e+00
     27.000    19.7588   4.476193    32.6055        845     0.5861 0.0000e+00
     28.000    19.7376   4.473562    32.6002        871     0.6044 0.0000e+00
     29.000    19.6647   4.466346    32.5977        896     0.6213 0.0000e+00
     30.000    19.4633   4.454742    32.6594        921     0.6386 0.0000e+00
     31.000    19.3219   4.451816    32.7459        950     0.6589 0.0000e+00
     32.000    19.1237   4.433022    32.7465        982     0.6811 0.0000e+00
     33.000    19.0971   4.429522    32.7382       1013     0.7026 0.0000e+00
     34.000    19.0721   4.425959    32.7281       1042     0.7228 0.0000e+00
     35.000    19.0599   4.424232    32.7231       1068     0.7409 0.0000e+00
     36.000    19.0431   4.422472    32.7215       1091     0.7569 0.0000e+00
     37.000    18.8742   4.405490    32.7137       1427     0.9906 0.0000e+00
     36.000    19.0476   4.420514    32.7017       1562     1.0840 0.0000e+00
     35.000    19.0541   4.421334    32.7037       1588     1.1020 0.0000e+00
     34.000    19.0707   4.423418    32.7082       1616     1.1217 0.0000e+00
     33.000    19.0805   4.424361    32.7086       1643     1.1402 0.0000e+00
     32.000    19.2070   4.435917    32.7049       1669     1.1581 0.0000e+00
     31.000    19.3823   4.449756    32.6816       1695     1.1761 0.0000e+00
     30.000    19.5496   4.452410    32.5731       1719     1.1929 0.0000e+00
     29.000    19.7034   4.465530    32.5609       1741     1.2083 0.0000e+00
     28.000    19.7599   4.473056    32.5787       1765     1.2252 0.0000e+00
     27.000    19.7476   4.471328    32.5746       1793     1.2447 0.0000e+00
     26.000    19.7453   4.470832    32.5727       1820     1.2632 0.0000e+00
     25.000    19.7406   4.461283    32.4988       1844     1.2799 0.0000e+00
     24.000    20.0994   4.499605    32.5328       1872     1.2994 0.0000e+00
     23.000    20.2237   4.515173    32.5630       1901     1.3191 0.0000e+00
     22.000    20.2825   4.521053    32.5655       1925     1.3360 0.0000e+00
     21.000    20.4219   4.532761    32.5528       1949     1.3528 0.0000e+00
     20.000    20.6082   4.547090    32.5251       1976     1.3716 0.0000e+00
     19.000    20.9602   4.570849    32.4464       2001     1.3890 0.0000e+00
     18.000    21.1413   4.582154    32.3991       2024     1.4050 0.0000e+00
     17.000    21.3798   4.578895    32.1954       2048     1.4217 0.0000e+00
     16.000    23.5446   4.744675    31.8805       2078     1.4422 0.0000e+00
     15.000    23.9415   4.790114    31.9368       2107     1.4628 0.0000e+00
     14.000    24.0107   4.800014    31.9614       2135     1.4818 0.0000e+00
     13.000    24.0651   4.807261    31.9767       2163     1.5011 0.0000e+00
     12.000    24.0926   4.811232    31.9869       2191     1.5206 0.0000e+00
     11.000    24.1297   4.816099    31.9969       2217     1.5391 0.0000e+00
     10.000    24.1465   4.818418    32.0024       2243     1.5570 0.0000e+00
      9.000    24.1606   4.820373    32.0072       2271     1.5765 0.0000e+00
      8.000    24.1617   4.820974    32.0112       2300     1.5968 0.0000e+00
      7.000    24.1651   4.821591    32.0136       2325     1.6142 0.0000e+00
      6.000    24.1662   4.821833    32.0150       2350     1.6313 0.0000e+00
      5.000    24.1656   4.821552    32.0136       2380     1.6518 0.0000e+00
      4.000    24.1618   4.820711    32.0104       2410     1.6732 0.0000e+00
      3.000    24.1562   4.822752    32.0298       2621     1.8194 0.0000e+00
      2.000    24.1562   4.822565    32.0287       2793     1.9391 0.0000e+00
