HB2304/ctd088.cnv
* Sea-Bird SBE 9 Data File:
* FileName = C:\cruise\data\ctd088.hex
* Software Version Seasave V 7.26.7.121
* Temperature SN = 4591
* Conductivity SN = 3741
* Number of Bytes Per Scan = 37
* Number of Voltage Words = 4
* Number of Scans Averaged by the Deck Unit = 1
* NMEA Latitude = 40 01.79 N
* NMEA Longitude = 073 36.17 W
* NMEA UTC (Time) = Oct 09 2023  04:09:22
* NMEA baud rate = 4800
** Ship: Bigelow HB2304
** Program:  Fall Bottom Trawl Survey
** Chief Scientist: John Galbraith
# nquan = 7
# nvalues = 64                          
# units = specified
# name 0 = depSM: Depth [salt water, m]
# name 1 = t090C: Temperature [ITS-90, deg C]
# name 2 = c0S/m: Conductivity [S/m]
# name 3 = sal00: Salinity, Practical [PSU]
# name 4 = scan: Scan Count
# name 5 = timeM: Time, Elapsed [minutes]
# name 6 = flag: flag
# span 0 =      2.000,     34.000       
# span 1 =    17.6169,    18.0627       
# span 2 =   4.232465,   4.255388       
# span 3 =    32.0965,    32.2557       
# span 4 =         40,       2884       
# span 5 =     0.0271,     2.0023       
# span 6 = 0.0000e+00, 0.0000e+00       
# interval = meters: 1                  
# start_time = Oct 09 2023 04:09:22 [NMEA time, header]
# bad_flag = -9.990e-29
*END*
      2.000    18.0441   4.252580    32.1003         40     0.0271 0.0000e+00
      3.000    18.0427   4.252528    32.1006        146     0.1008 0.0000e+00
      4.000    18.0432   4.252626    32.1007        190     0.1312 0.0000e+00
      5.000    18.0438   4.252710    32.1006        231     0.1595 0.0000e+00
      6.000    18.0494   4.253218    32.1001        258     0.1783 0.0000e+00
      7.000    18.0492   4.253275    32.1004        286     0.1978 0.0000e+00
      8.000    18.0480   4.253212    32.1005        316     0.2189 0.0000e+00
      9.000    18.0480   4.253244    32.1004        347     0.2405 0.0000e+00
     10.000    18.0564   4.254009    32.0999        373     0.2581 0.0000e+00
     11.000    18.0606   4.254586    32.1011        395     0.2738 0.0000e+00
     12.000    18.0601   4.254592    32.1012        420     0.2913 0.0000e+00
     13.000    18.0616   4.254790    32.1014        451     0.3126 0.0000e+00
     14.000    18.0620   4.254861    32.1013        482     0.3341 0.0000e+00
     15.000    18.0612   4.254895    32.1019        507     0.3515 0.0000e+00
     16.000    18.0574   4.254557    32.1016        529     0.3670 0.0000e+00
     17.000    18.0566   4.254468    32.1011        554     0.3843 0.0000e+00
     18.000    18.0566   4.254505    32.1011        584     0.4049 0.0000e+00
     19.000    18.0577   4.254787    32.1023        612     0.4242 0.0000e+00
     20.000    18.0587   4.254912    32.1022        635     0.4404 0.0000e+00
     21.000    18.0587   4.254979    32.1024        658     0.4564 0.0000e+00
     22.000    18.0576   4.254974    32.1029        683     0.4736 0.0000e+00
     23.000    18.0577   4.255034    32.1030        710     0.4926 0.0000e+00
     24.000    18.0586   4.255149    32.1029        741     0.5137 0.0000e+00
     25.000    18.0584   4.255159    32.1028        772     0.5356 0.0000e+00
     26.000    18.0584   4.255222    32.1030        801     0.5556 0.0000e+00
     27.000    18.0580   4.255388    32.1043        825     0.5722 0.0000e+00
     28.000    18.0523   4.255216    32.1069        848     0.5879 0.0000e+00
     29.000    18.0454   4.254964    32.1099        872     0.6051 0.0000e+00
     30.000    18.0423   4.254876    32.1112        898     0.6227 0.0000e+00
     31.000    18.0193   4.253941    32.1211        922     0.6393 0.0000e+00
     32.000    17.9301   4.250247    32.1597        948     0.6573 0.0000e+00
     33.000    17.6904   4.237742    32.2427        976     0.6771 0.0000e+00
     34.000    17.6169   4.232465    32.2557        991     0.6872 0.0000e+00
     33.000    17.6536   4.233892    32.2391       1458     1.0120 0.0000e+00
     32.000    17.6942   4.234929    32.2162       2108     1.4635 0.0000e+00
     31.000    17.8466   4.242929    32.1640       2132     1.4797 0.0000e+00
     30.000    17.9461   4.248321    32.1315       2156     1.4965 0.0000e+00
     29.000    18.0280   4.252460    32.1024       2183     1.5152 0.0000e+00
     28.000    18.0516   4.253978    32.0971       2208     1.5328 0.0000e+00
     27.000    18.0535   4.254046    32.0965       2233     1.5499 0.0000e+00
     26.000    18.0561   4.254293    32.0969       2259     1.5683 0.0000e+00
     25.000    18.0568   4.254425    32.0979       2289     1.5887 0.0000e+00
     24.000    18.0575   4.254501    32.0983       2316     1.6077 0.0000e+00
     23.000    18.0524   4.254082    32.0991       2340     1.6246 0.0000e+00
     22.000    18.0532   4.254120    32.0992       2365     1.6416 0.0000e+00
     21.000    18.0520   4.254002    32.0995       2392     1.6601 0.0000e+00
     20.000    18.0506   4.253856    32.0997       2419     1.6789 0.0000e+00
     19.000    18.0481   4.253629    32.1001       2444     1.6967 0.0000e+00
     18.000    18.0486   4.253602    32.0998       2466     1.7116 0.0000e+00
     17.000    18.0494   4.253665    32.1001       2486     1.7256 0.0000e+00
     16.000    18.0502   4.253711    32.1001       2511     1.7431 0.0000e+00
     15.000    18.0498   4.253684    32.1006       2544     1.7659 0.0000e+00
     14.000    18.0504   4.253644    32.1002       2571     1.7844 0.0000e+00
     13.000    18.0564   4.254111    32.0997       2594     1.8004 0.0000e+00
     12.000    18.0602   4.254441    32.0999       2622     1.8203 0.0000e+00
     11.000    18.0595   4.254383    32.1003       2655     1.8432 0.0000e+00
     10.000    18.0605   4.254404    32.1001       2681     1.8608 0.0000e+00
      9.000    18.0627   4.254561    32.1000       2703     1.8760 0.0000e+00
      8.000    18.0620   4.254496    32.1003       2724     1.8910 0.0000e+00
      7.000    18.0606   4.254332    32.1004       2747     1.9068 0.0000e+00
      6.000    18.0499   4.253435    32.1016       2772     1.9245 0.0000e+00
      5.000    18.0434   4.252792    32.1016       2803     1.9455 0.0000e+00
      4.000    18.0461   4.252989    32.1015       2835     1.9679 0.0000e+00
      3.000    18.0478   4.253143    32.1018       2884     2.0023 0.0000e+00
