HB2304/ctd074.cnv
* Sea-Bird SBE 9 Data File:
* FileName = C:\cruise\data\ctd074.hex
* Software Version Seasave V 7.26.7.121
* Temperature SN = 4591
* Conductivity SN = 3741
* Number of Bytes Per Scan = 37
* Number of Voltage Words = 4
* Number of Scans Averaged by the Deck Unit = 1
* NMEA Latitude = 40 29.32 N
* NMEA Longitude = 072 09.08 W
* NMEA UTC (Time) = Oct 07 2023  02:37:55
* NMEA baud rate = 4800
** Ship: Bigelow HB2304
** Program:  Fall Bottom Trawl Survey
** Chief Scientist: John Galbraith
# nquan = 7
# nvalues = 100                         
# units = specified
# name 0 = depSM: Depth [salt water, m]
# name 1 = t090C: Temperature [ITS-90, deg C]
# name 2 = c0S/m: Conductivity [S/m]
# name 3 = sal00: Salinity, Practical [PSU]
# name 4 = scan: Scan Count
# name 5 = timeM: Time, Elapsed [minutes]
# name 6 = flag: flag
# span 0 =      2.000,     52.000       
# span 1 =    12.8584,    17.5381       
# span 2 =   3.812907,   4.226353       
# span 3 =    32.0603,    32.5035       
# span 4 =         17,       4094       
# span 5 =     0.0109,     2.8424       
# span 6 = 0.0000e+00, 0.0000e+00       
# interval = meters: 1                  
# start_time = Oct 07 2023 02:37:55 [NMEA time, header]
# bad_flag = -9.990e-29
*END*
      2.000    17.5378   4.208771    32.1280         17     0.0109 0.0000e+00
      3.000    17.5373   4.208737    32.1278         38     0.0260 0.0000e+00
      4.000    17.5365   4.208703    32.1278        262     0.1813 0.0000e+00
      5.000    17.5354   4.208649    32.1279        457     0.3163 0.0000e+00
      6.000    17.5378   4.208916    32.1279        493     0.3418 0.0000e+00
      7.000    17.5347   4.208672    32.1279        524     0.3630 0.0000e+00
      8.000    17.5325   4.208440    32.1272        550     0.3810 0.0000e+00
      9.000    17.5335   4.208579    32.1273        584     0.4047 0.0000e+00
     10.000    17.5342   4.208705    32.1275        634     0.4398 0.0000e+00
     11.000    17.4928   4.204913    32.1276        665     0.4611 0.0000e+00
     12.000    17.4444   4.199476    32.1192        693     0.4806 0.0000e+00
     13.000    17.3332   4.188629    32.1142        730     0.5061 0.0000e+00
     14.000    17.1622   4.171672    32.1043        767     0.5317 0.0000e+00
     15.000    16.9834   4.153978    32.0940        793     0.5497 0.0000e+00
     16.000    16.9005   4.145572    32.0873        817     0.5667 0.0000e+00
     17.000    16.9097   4.147513    32.0963        848     0.5880 0.0000e+00
     18.000    16.8858   4.145214    32.0951        896     0.6215 0.0000e+00
     19.000    16.8843   4.145983    32.1027        939     0.6516 0.0000e+00
     20.000    16.8884   4.148642    32.1219        972     0.6744 0.0000e+00
     21.000    16.8839   4.148913    32.1275       1009     0.6999 0.0000e+00
     22.000    16.8791   4.149218    32.1336       1044     0.7245 0.0000e+00
     23.000    16.8795   4.150239    32.1418       1071     0.7431 0.0000e+00
     24.000    16.8731   4.151084    32.1539       1097     0.7612 0.0000e+00
     25.000    16.8661   4.151006    32.1584       1130     0.7842 0.0000e+00
     26.000    16.8880   4.154630    32.1719       1177     0.8164 0.0000e+00
     27.000    16.9517   4.163950    32.2010       1217     0.8447 0.0000e+00
     28.000    16.9738   4.167561    32.2142       1245     0.8641 0.0000e+00
     29.000    17.0102   4.173542    32.2362       1266     0.8785 0.0000e+00
     30.000    17.0379   4.179680    32.2666       1284     0.8910 0.0000e+00
     31.000    17.0615   4.185631    32.2986       1302     0.9038 0.0000e+00
     32.000    17.0843   4.191508    32.3306       1327     0.9209 0.0000e+00
     33.000    17.0988   4.195688    32.3546       1364     0.9463 0.0000e+00
     34.000    17.1092   4.199790    32.3812       1394     0.9676 0.0000e+00
     35.000    17.2103   4.213764    32.4199       1416     0.9826 0.0000e+00
     36.000    17.2986   4.226353    32.4567       1436     0.9963 0.0000e+00
     37.000    17.1578   4.218665    32.5035       1459     1.0123 0.0000e+00
     38.000    16.1740   4.114604    32.3948       1502     1.0427 0.0000e+00
     39.000    15.4282   4.039568    32.3403       1543     1.0710 0.0000e+00
     40.000    14.7595   3.976863    32.3281       1563     1.0847 0.0000e+00
     41.000    14.3898   3.935122    32.2557       1579     1.0961 0.0000e+00
     42.000    14.3318   3.928769    32.2456       1596     1.1073 0.0000e+00
     43.000    14.3069   3.926097    32.2415       1613     1.1196 0.0000e+00
     44.000    14.2839   3.923910    32.2403       1634     1.1338 0.0000e+00
     45.000    14.2485   3.920505    32.2383       1665     1.1552 0.0000e+00
     46.000    14.1941   3.914886    32.2318       1735     1.2043 0.0000e+00
     47.000    14.1035   3.907311    32.2375       1772     1.2300 0.0000e+00
     48.000    13.9536   3.896080    32.2592       1793     1.2445 0.0000e+00
     49.000    13.8184   3.885623    32.2758       1812     1.2578 0.0000e+00
     50.000    13.6397   3.872391    32.3032       1831     1.2711 0.0000e+00
     51.000    13.2611   3.845211    32.3699       1858     1.2896 0.0000e+00
     52.000    12.8584   3.812907    32.4091       1889     1.3108 0.0000e+00
     51.000    13.1683   3.833813    32.3419       1898     1.3171 0.0000e+00
     50.000    13.6111   3.865210    32.2605       2476     1.7187 0.0000e+00
     49.000    13.6346   3.865179    32.2409       2903     2.0155 0.0000e+00
     48.000    13.7879   3.876675    32.2189       2911     2.0205 0.0000e+00
     47.000    13.9255   3.886842    32.1979       2929     2.0336 0.0000e+00
     46.000    14.0896   3.900513    32.1870       2951     2.0485 0.0000e+00
     45.000    14.2114   3.911316    32.1849       2980     2.0686 0.0000e+00
     44.000    14.2663   3.916642    32.1884       3024     2.0991 0.0000e+00
     43.000    14.2962   3.919253    32.1878       3059     2.1237 0.0000e+00
     42.000    14.3032   3.919858    32.1879       3081     2.1388 0.0000e+00
     41.000    14.3256   3.921313    32.1830       3100     2.1519 0.0000e+00
     40.000    14.4018   3.926559    32.1679       3120     2.1657 0.0000e+00
     39.000    14.9062   3.970787    32.1523       3142     2.1812 0.0000e+00
     38.000    15.7942   4.056785    32.1941       3168     2.1990 0.0000e+00
     37.000    16.7905   4.160714    32.2982       3195     2.2177 0.0000e+00
     36.000    17.2202   4.212693    32.4024       3220     2.2354 0.0000e+00
     35.000    17.2095   4.211373    32.4000       3244     2.2522 0.0000e+00
     34.000    17.1161   4.198915    32.3681       3267     2.2682 0.0000e+00
     33.000    17.0884   4.192363    32.3343       3290     2.2841 0.0000e+00
     32.000    17.0745   4.187059    32.3001       3329     2.3110 0.0000e+00
     31.000    17.0481   4.181313    32.2721       3381     2.3475 0.0000e+00
     30.000    17.0373   4.178816    32.2596       3398     2.3591 0.0000e+00
     29.000    17.0173   4.175223    32.2450       3411     2.3683 0.0000e+00
     28.000    16.9915   4.169943    32.2205       3424     2.3768 0.0000e+00
     27.000    16.9658   4.165868    32.2063       3436     2.3852 0.0000e+00
     26.000    16.9189   4.159349    32.1879       3450     2.3950 0.0000e+00
     25.000    16.8751   4.150976    32.1510       3488     2.4216 0.0000e+00
     24.000    16.8791   4.149361    32.1342       3550     2.4646 0.0000e+00
     23.000    16.8799   4.148840    32.1294       3572     2.4797 0.0000e+00
     22.000    16.8736   4.147106    32.1198       3596     2.4963 0.0000e+00
     21.000    16.8774   4.146656    32.1132       3620     2.5129 0.0000e+00
     20.000    16.8804   4.146638    32.1110       3640     2.5269 0.0000e+00
     19.000    16.8859   4.146297    32.1041       3657     2.5387 0.0000e+00
     18.000    16.8772   4.143150    32.0842       3673     2.5503 0.0000e+00
     17.000    16.8939   4.143778    32.0767       3692     2.5633 0.0000e+00
     16.000    16.9132   4.144201    32.0653       3720     2.5828 0.0000e+00
     15.000    17.0471   4.155948    32.0603       3767     2.6153 0.0000e+00
     14.000    17.1656   4.167329    32.0643       3799     2.6378 0.0000e+00
     13.000    17.2941   4.180266    32.0736       3821     2.6530 0.0000e+00
     12.000    17.4157   4.192769    32.0846       3841     2.6668 0.0000e+00
     11.000    17.5155   4.203980    32.1017       3862     2.6814 0.0000e+00
     10.000    17.5314   4.206493    32.1109       3888     2.6996 0.0000e+00
      9.000    17.5316   4.206875    32.1143       3919     2.7209 0.0000e+00
      8.000    17.5280   4.206651    32.1156       3945     2.7388 0.0000e+00
      7.000    17.5306   4.206918    32.1162       3967     2.7540 0.0000e+00
      6.000    17.5331   4.207181    32.1168       3990     2.7701 0.0000e+00
      5.000    17.5342   4.207367    32.1178       4017     2.7886 0.0000e+00
      4.000    17.5351   4.207501    32.1187       4042     2.8064 0.0000e+00
      3.000    17.5381   4.208059    32.1214       4094     2.8424 0.0000e+00
