HB2304/ctd033.cnv
* Sea-Bird SBE 9 Data File:
* FileName = C:\cruise\data\ctd033.hex
* Software Version Seasave V 7.26.7.121
* Temperature SN = 4591
* Conductivity SN = 3741
* Number of Bytes Per Scan = 37
* Number of Voltage Words = 4
* Number of Scans Averaged by the Deck Unit = 1
* NMEA Latitude = 36 06.98 N
* NMEA Longitude = 074 46.98 W
* NMEA UTC (Time) = Sep 18 2023  14:46:10
* NMEA baud rate = 4800
** Ship: Bigelow HB2304
** Program:  Fall Bottom Trawl Survey
** Chief Scientist: John Galbraith
# nquan = 7
# nvalues = 488                         
# units = specified
# name 0 = depSM: Depth [salt water, m]
# name 1 = t090C: Temperature [ITS-90, deg C]
# name 2 = c0S/m: Conductivity [S/m]
# name 3 = sal00: Salinity, Practical [PSU]
# name 4 = scan: Scan Count
# name 5 = timeM: Time, Elapsed [minutes]
# name 6 = flag: flag
# span 0 =      1.000,    246.000       
# span 1 =    10.5251,    26.9346       
# span 2 =   3.812693,   5.573640       
# span 3 =    32.8243,    36.0850       
# span 4 =        193,      15136       
# span 5 =     0.1332,    10.5102       
# span 6 = 0.0000e+00, 0.0000e+00       
# interval = meters: 1                  
# start_time = Sep 18 2023 14:46:10 [NMEA time, header]
# bad_flag = -9.990e-29
*END*
[from data line 206]
    210.000    12.2532   4.094987    35.5945       5825     4.0444 0.0000e+00
    211.000    12.1724   4.086248    35.5858       5852     4.0631 0.0000e+00
    212.000    11.9775   4.065370    35.5672       5879     4.0821 0.0000e+00
    213.000    11.8992   4.055860    35.5485       5906     4.1007 0.0000e+00
    214.000    11.8659   4.051810    35.5401       5932     4.1186 0.0000e+00
    215.000    11.8614   4.050967    35.5357       5956     4.1353 0.0000e+00
    216.000    11.8513   4.049834    35.5337       5980     4.1521 0.0000e+00
    217.000    11.8482   4.049314    35.5311       6006     4.1701 0.0000e+00
    218.000    11.8281   4.047217    35.5293       6033     4.1887 0.0000e+00
    219.000    11.7915   4.043404    35.5264       6060     4.2075 0.0000e+00
    220.000    11.7170   4.035296    35.5175       6089     4.2275 0.0000e+00
    221.000    11.6952   4.032728    35.5126       6119     4.2488 0.0000e+00
    222.000    11.6424   4.026805    35.5043       6148     4.2685 0.0000e+00
    223.000    11.6451   4.026787    35.5012       6173     4.2858 0.0000e+00
    224.000    11.6433   4.026541    35.5000       6196     4.3018 0.0000e+00
    225.000    11.6473   4.026909    35.4994       6219     4.3179 0.0000e+00
    226.000    11.5769   4.020086    35.4990       6244     4.3351 0.0000e+00
    227.000    11.4841   4.009646    35.4843       6271     4.3542 0.0000e+00
    228.000    11.4416   4.004871    35.4773       6300     4.3743 0.0000e+00
    229.000    11.3348   3.993917    35.4708       6328     4.3940 0.0000e+00
    230.000    11.2407   3.983646    35.4588       6355     4.4126 0.0000e+00
    231.000    11.1877   3.977514    35.4484       6382     4.4311 0.0000e+00
    232.000    11.1902   3.977522    35.4455       6410     4.4507 0.0000e+00
    233.000    11.1876   3.977070    35.4431       6437     4.4694 0.0000e+00
    234.000    11.1510   3.973533    35.4426       6461     4.4864 0.0000e+00
    235.000    11.1420   3.972241    35.4380       6485     4.5028 0.0000e+00
    236.000    11.1001   3.968144    35.4370       6510     4.5202 0.0000e+00
    237.000    11.0486   3.962653    35.4313       6536     4.5383 0.0000e+00
    238.000    11.0218   3.960102    35.4312       6562     4.5566 0.0000e+00
    239.000    10.9139   3.948457    35.4183       6590     4.5754 0.0000e+00
    240.000    10.8896   3.945817    35.4149       6620     4.5969 0.0000e+00
    241.000    10.8292   3.939572    35.4101       6651     4.6182 0.0000e+00
    242.000    10.7878   3.934869    35.4024       6677     4.6362 0.0000e+00
    243.000    10.7796   3.933853    35.3997       6701     4.6525 0.0000e+00
    244.000    10.7626   3.932184    35.3989       6724     4.6687 0.0000e+00
    245.000    10.7266   3.928115    35.3924       6778     4.7066 0.0000e+00
    246.000    10.5251   3.906385    35.3679       6977     4.8448 0.0000e+00
    245.000    10.6765   3.921780    35.3770       7058     4.9005 0.0000e+00
    244.000    10.7030   3.924564    35.3799       7163     4.9739 0.0000e+00
    243.000    10.7471   3.929184    35.3842       7232     5.0217 0.0000e+00
    242.000    10.7699   3.931556    35.3865       7516     5.2186 0.0000e+00
    241.000    10.7955   3.934049    35.3872       7856     5.4549 0.0000e+00
    240.000    10.8083   3.935440    35.3893       7899     5.4850 0.0000e+00
    239.000    10.8613   3.940628    35.3906       7982     5.5420 0.0000e+00
    238.000    10.9119   3.946192    35.3980       8049     5.5892 0.0000e+00
    237.000    11.0058   3.956428    35.4104       8439     5.8597 0.0000e+00
    236.000    11.0220   3.957591    35.4069       8810     6.1176 0.0000e+00
    235.000    11.0248   3.958298    35.4117       8813     6.1194 0.0000e+00
    234.000    11.0295   3.958590    35.4106       8831     6.1322 0.0000e+00
    233.000    11.0589   3.961422    35.4109       8853     6.1471 0.0000e+00
    232.000    11.1074   3.966459    35.4150       8880     6.1662 0.0000e+00
    231.000    11.1835   3.974299    35.4204       8914     6.1892 0.0000e+00
    230.000    11.2018   3.976928    35.4294       8945     6.2108 0.0000e+00
    229.000    11.2307   3.979351    35.4262       8972     6.2299 0.0000e+00
    228.000    11.2779   3.984186    35.4293       8999     6.2488 0.0000e+00
    227.000    11.3859   3.995165    35.4351       9028     6.2684 0.0000e+00
    226.000    11.4675   4.004247    35.4473       9055     6.2873 0.0000e+00
    225.000    11.4958   4.008072    35.4584       9078     6.3033 0.0000e+00
    224.000    11.5330   4.011823    35.4603       9098     6.3175 0.0000e+00
    223.000    11.5454   4.013338    35.4638       9118     6.3312 0.0000e+00
    222.000    11.5979   4.019155    35.4715       9141     6.3473 0.0000e+00
    221.000    11.6394   4.023771    35.4777       9170     6.3671 0.0000e+00
    220.000    11.6764   4.028242    35.4869       9200     6.3883 0.0000e+00
    219.000    11.7154   4.031950    35.4865       9228     6.4078 0.0000e+00
    218.000    11.7661   4.037526    35.4934       9256     6.4274 0.0000e+00
    217.000    11.7813   4.039392    35.4976       9287     6.4485 0.0000e+00
    216.000    11.8134   4.042974    35.5026       9318     6.4704 0.0000e+00
    215.000    11.8234   4.044042    35.5040       9345     6.4888 0.0000e+00
    214.000    11.8366   4.045551    35.5067       9365     6.5031 0.0000e+00
    213.000    11.8432   4.046139    35.5066       9383     6.5154 0.0000e+00
    212.000    11.8539   4.047150    35.5068       9401     6.5279 0.0000e+00
    211.000    11.8763   4.049466    35.5085       9422     6.5421 0.0000e+00
    210.000    11.9229   4.054319    35.5121       9451     6.5622 0.0000e+00
    209.000    12.1448   4.077742    35.5301       9494     6.5925 0.0000e+00
    208.000    12.2380   4.089314    35.5547       9529     6.6165 0.0000e+00
    207.000    12.3556   4.100956    35.5566       9554     6.6338 0.0000e+00
    206.000    12.4318   4.109364    35.5662       9576     6.6493 0.0000e+00
    205.000    12.5458   4.121735    35.5784       9597     6.6640 0.0000e+00
    204.000    12.6570   4.134198    35.5938       9618     6.6785 0.0000e+00
    203.000    12.7415   4.143665    35.6056       9639     6.6934 0.0000e+00
    202.000    12.8335   4.154189    35.6204       9664     6.7106 0.0000e+00
    201.000    12.8865   4.161921    35.6450       9695     6.7321 0.0000e+00
    200.000    13.0056   4.173284    35.6419       9728     6.7550 0.0000e+00
    199.000    13.0820   4.183052    35.6638       9755     6.7738 0.0000e+00
    198.000    13.1787   4.193548    35.6734       9779     6.7904 0.0000e+00
    197.000    13.2791   4.202912    35.6686       9805     6.8082 0.0000e+00
    196.000    13.4391   4.222636    35.7061       9837     6.8309 0.0000e+00
    195.000    13.4932   4.228993    35.7161       9867     6.8513 0.0000e+00
    194.000    13.5236   4.232086    35.7173       9887     6.8654 0.0000e+00
    193.000    13.5297   4.233731    35.7276       9905     6.8779 0.0000e+00
    192.000    13.5305   4.233961    35.7294       9925     6.8916 0.0000e+00
    191.000    13.5546   4.236172    35.7282       9952     6.9102 0.0000e+00
    190.000    13.5755   4.239023    35.7360       9984     6.9328 0.0000e+00
    189.000    13.5830   4.239988    35.7385      10013     6.9531 0.0000e+00
    188.000    13.6488   4.246310    35.7370      10042     6.9727 0.0000e+00
    187.000    13.6870   4.251893    35.7543      10072     6.9938 0.0000e+00
    186.000    13.7510   4.257838    35.7510      10099     7.0122 0.0000e+00
    185.000    13.8426   4.268642    35.7674      10121     7.0280 0.0000e+00
    184.000    13.8509   4.270222    35.7749      10143     7.0432 0.0000e+00
    183.000    13.8514   4.270327    35.7758      10166     7.0587 0.0000e+00
    182.000    13.8504   4.270729    35.7810      10189     7.0752 0.0000e+00
    181.000    13.8710   4.272439    35.7783      10216     7.0936 0.0000e+00
    180.000    13.8758   4.273258    35.7819      10245     7.1136 0.0000e+00
    179.000    13.8809   4.274017    35.7846      10275     7.1350 0.0000e+00
    178.000    13.8806   4.273955    35.7848      10306     7.1562 0.0000e+00
    177.000    13.8767   4.273625    35.7858      10332     7.1745 0.0000e+00
    176.000    13.8710   4.272955    35.7852      10355     7.1904 0.0000e+00
    175.000    13.8753   4.273379    35.7856      10378     7.2065 0.0000e+00
    174.000    13.8829   4.274245    35.7871      10404     7.2243 0.0000e+00
    173.000    13.8967   4.275851    35.7897      10432     7.2437 0.0000e+00
    172.000    13.9034   4.276548    35.7904      10458     7.2617 0.0000e+00
    171.000    13.9111   4.277450    35.7922      10481     7.2778 0.0000e+00
    170.000    13.9159   4.277952    35.7928      10504     7.2939 0.0000e+00
    169.000    13.9614   4.282457    35.7930      10531     7.3122 0.0000e+00
    168.000    14.0742   4.294793    35.8037      10559     7.3321 0.0000e+00
    167.000    14.2908   4.317340    35.8129      10587     7.3517 0.0000e+00
    166.000    14.4492   4.337254    35.8514      10614     7.3704 0.0000e+00
    165.000    14.4895   4.342572    35.8637      10641     7.3887 0.0000e+00
    164.000    14.5750   4.352199    35.8739      10667     7.4070 0.0000e+00
    163.000    14.5793   4.353827    35.8855      10692     7.4242 0.0000e+00
    162.000    14.6068   4.356559    35.8856      10717     7.4414 0.0000e+00
    161.000    14.6166   4.357850    35.8889      10743     7.4596 0.0000e+00
    160.000    14.6396   4.360453    35.8921      10770     7.4786 0.0000e+00
    159.000    14.6470   4.361852    35.8986      10799     7.4986 0.0000e+00
    158.000    14.6772   4.364815    35.8984      10827     7.5180 0.0000e+00
    157.000    14.7116   4.368991    35.9055      10851     7.5350 0.0000e+00
    156.000    14.7212   4.370339    35.9095      10873     7.5502 0.0000e+00
    155.000    14.7247   4.371012    35.9129      10894     7.5648 0.0000e+00
    154.000    14.7422   4.373015    35.9155      10916     7.5801 0.0000e+00
    153.000    14.7652   4.375934    35.9215      10944     7.5991 0.0000e+00
    152.000    14.8225   4.381640    35.9215      10979     7.6235 0.0000e+00
    151.000    14.9800   4.399764    35.9430      11010     7.6448 0.0000e+00
    150.000    15.0196   4.404518    35.9504      11038     7.6647 0.0000e+00
    149.000    15.0353   4.407115    35.9601      11071     7.6872 0.0000e+00
    148.000    15.1067   4.414098    35.9587      11095     7.7043 0.0000e+00
    147.000    15.1182   4.416377    35.9693      11113     7.7170 0.0000e+00
    146.000    15.2320   4.427112    35.9629      11130     7.7287 0.0000e+00
    145.000    15.2666   4.432580    35.9814      11149     7.7415 0.0000e+00
    144.000    15.2940   4.436472    35.9920      11172     7.7579 0.0000e+00
    143.000    15.3414   4.441253    35.9924      11203     7.7789 0.0000e+00
    142.000    15.3913   4.446625    35.9959      11235     7.8016 0.0000e+00
    141.000    15.4164   4.450422    36.0077      11268     7.8244 0.0000e+00
    140.000    15.4214   4.451087    36.0096      11297     7.8443 0.0000e+00
    139.000    15.4229   4.451159    36.0093      11322     7.8622 0.0000e+00
    138.000    15.4433   4.453534    36.0125      11349     7.8805 0.0000e+00
    137.000    15.4629   4.455689    36.0144      11375     7.8984 0.0000e+00
    136.000    15.4821   4.457721    36.0157      11397     7.9142 0.0000e+00
    135.000    15.5321   4.462748    36.0158      11418     7.9283 0.0000e+00
    134.000    15.6369   4.472899    36.0121      11438     7.9426 0.0000e+00
    133.000    15.6674   4.476635    36.0184      11463     7.9595 0.0000e+00
    132.000    15.8779   4.497074    36.0107      11493     7.9806 0.0000e+00
    131.000    16.1229   4.525608    36.0439      11524     8.0018 0.0000e+00
    130.000    16.2940   4.542765    36.0421      11553     8.0224 0.0000e+00
    129.000    16.3430   4.546496    36.0314      11583     8.0433 0.0000e+00
    128.000    16.3121   4.542212    36.0217      11610     8.0617 0.0000e+00
    127.000    16.3492   4.544262    36.0068      11632     8.0771 0.0000e+00
    126.000    16.3597   4.545440    36.0081      11653     8.0916 0.0000e+00
    125.000    16.3644   4.544681    35.9975      11675     8.1071 0.0000e+00
    124.000    16.3842   4.543794    35.9722      11701     8.1252 0.0000e+00
    123.000    16.4996   4.550690    35.9297      11731     8.1457 0.0000e+00
    122.000    16.4650   4.543847    35.9006      11760     8.1658 0.0000e+00
    121.000    16.4287   4.535565    35.8603      11787     8.1845 0.0000e+00
    120.000    16.4024   4.531478    35.8481      11813     8.2026 0.0000e+00
    119.000    16.3665   4.521801    35.7949      11838     8.2202 0.0000e+00
    118.000    16.3185   4.506802    35.7052      11862     8.2366 0.0000e+00
    117.000    16.2673   4.496504    35.6599      11885     8.2525 0.0000e+00
    116.000    16.1083   4.470470    35.5710      11909     8.2697 0.0000e+00
    115.000    15.8030   4.422703    35.4176      11937     8.2887 0.0000e+00
    114.000    15.5405   4.373738    35.2128      11968     8.3104 0.0000e+00
    113.000    15.1795   4.323663    35.0832      12000     8.3326 0.0000e+00
    112.000    14.8985   4.280798    34.9451      12025     8.3498 0.0000e+00
    111.000    14.5922   4.240412    34.8503      12045     8.3639 0.0000e+00
    110.000    14.1669   4.179550    34.6708      12065     8.3780 0.0000e+00
    109.000    13.7627   4.122913    34.5073      12089     8.3945 0.0000e+00
    108.000    13.1863   4.044696    34.2912      12118     8.4146 0.0000e+00
    107.000    12.8529   3.989133    34.0649      12150     8.4365 0.0000e+00
    106.000    12.7452   3.972355    34.0022      12180     8.4574 0.0000e+00
    105.000    12.6018   3.936802    33.7918      12205     8.4748 0.0000e+00
    104.000    12.7827   3.945415    33.7125      12226     8.4898 0.0000e+00
    103.000    12.9299   3.960025    33.7207      12248     8.5046 0.0000e+00
    102.000    13.0785   3.970093    33.6844      12271     8.5211 0.0000e+00
    101.000    13.1596   3.975440    33.6634      12299     8.5404 0.0000e+00
    100.000    13.1745   3.975996    33.6560      12329     8.5612 0.0000e+00
     99.000    13.2011   3.973983    33.6138      12359     8.5821 0.0000e+00
     98.000    13.2027   3.972279    33.5966      12387     8.6013 0.0000e+00
     97.000    13.1717   3.968695    33.5907      12412     8.6188 0.0000e+00
     96.000    13.1610   3.965419    33.5696      12436     8.6354 0.0000e+00
     95.000    13.1373   3.962195    33.5605      12459     8.6512 0.0000e+00
     94.000    13.0238   3.947788    33.5250      12481     8.6664 0.0000e+00
     93.000    12.9632   3.938242    33.4885      12502     8.6815 0.0000e+00
     92.000    12.9784   3.937486    33.4684      12527     8.6983 0.0000e+00
     91.000    13.0165   3.939944    33.4584      12554     8.7173 0.0000e+00
     90.000    13.0909   3.947502    33.4647      12585     8.7388 0.0000e+00
     89.000    13.1527   3.952264    33.4556      12618     8.7618 0.0000e+00
     88.000    12.8842   3.920248    33.3893      12650     8.7837 0.0000e+00
     87.000    12.5244   3.872485    33.2524      12676     8.8019 0.0000e+00
     86.000    12.4141   3.856440    33.1967      12698     8.8175 0.0000e+00
     85.000    12.4050   3.854436    33.1859      12719     8.8319 0.0000e+00
     84.000    12.3493   3.847418    33.1682      12739     8.8459 0.0000e+00
     83.000    12.3401   3.845341    33.1568      12760     8.8604 0.0000e+00
     82.000    12.2413   3.831955    33.1158      12785     8.8776 0.0000e+00
     81.000    12.1642   3.819430    33.0637      12815     8.8984 0.0000e+00
     80.000    12.1528   3.815967    33.0408      12844     8.9189 0.0000e+00
     79.000    12.1477   3.814885    33.0353      12872     8.9381 0.0000e+00
