HB2304/ctd019.cnv
* Sea-Bird SBE 9 Data File:
* FileName = C:\cruise\data\ctd019.hex
* Software Version Seasave V 7.26.7.121
* Temperature SN = 4591
* Conductivity SN = 3741
* Number of Bytes Per Scan = 37
* Number of Voltage Words = 4
* Number of Scans Averaged by the Deck Unit = 1
* NMEA Latitude = 37 42.72 N
* NMEA Longitude = 074 36.85 W
* NMEA UTC (Time) = Sep 13 2023  21:39:16
* NMEA baud rate = 4800
** Ship: Bigelow HB2304
** Program:  Fall Bottom Trawl Survey
** Chief Scientist: John Galbraith
# nquan = 7
# nvalues = 102                         
# units = specified
# name 0 = depSM: Depth [salt water, m]
# name 1 = t090C: Temperature [ITS-90, deg C]
# name 2 = c0S/m: Conductivity [S/m]
# name 3 = sal00: Salinity, Practical [PSU]
# name 4 = scan: Scan Count
# name 5 = timeM: Time, Elapsed [minutes]
# name 6 = flag: flag
# span 0 =      2.000,     53.000       
# span 1 =    11.2257,    25.7247       
# span 2 =   3.715267,   5.138067       
# span 3 =    31.3923,    39.4829       
# span 4 =         35,       3852       
# span 5 =     0.0233,     2.6745       
# span 6 = 0.0000e+00, 0.0000e+00       
# interval = meters: 1                  
# start_time = Sep 13 2023 21:39:16 [NMEA time, header]
# bad_flag = -9.990e-29
*END*
      3.000    25.3980   4.932243    31.9539         35     0.0233 0.0000e+00
      4.000    25.4483   4.918460    31.8184        213     0.1474 0.0000e+00
      5.000    25.4379   4.920804    31.8424        275     0.1906 0.0000e+00
      6.000    25.4453   4.926148    31.8757        301     0.2082 0.0000e+00
      7.000    25.4283   4.926469    31.8896        324     0.2246 0.0000e+00
      8.000    25.4299   4.932543    31.9323        352     0.2436 0.0000e+00
      9.000    25.4418   4.941680    31.9899        383     0.2655 0.0000e+00
     10.000    25.3932   4.953954    32.1130        412     0.2851 0.0000e+00
     11.000    25.3633   4.994520    32.4291        437     0.3025 0.0000e+00
     12.000    25.2204   5.050731    32.9418        460     0.3185 0.0000e+00
     13.000    25.0352   5.048804    33.0621        481     0.3336 0.0000e+00
     14.000    24.6893   5.059268    33.3937        503     0.3486 0.0000e+00
     15.000    24.3695   5.074313    33.7446        527     0.3651 0.0000e+00
     16.000    23.9101   5.044970    33.8716        555     0.3844 0.0000e+00
     17.000    23.9805   5.070462    34.0095        586     0.4062 0.0000e+00
     18.000    24.0947   5.114522    34.2536        618     0.4282 0.0000e+00
     19.000    24.1113   5.138067    34.4178        648     0.4492 0.0000e+00
     20.000    23.5891   5.093635    34.4856        677     0.4692 0.0000e+00
     21.000    22.9782   5.007607    34.3039        705     0.4887 0.0000e+00
     22.000    20.5644   4.752858    34.2019        729     0.5053 0.0000e+00
     23.000    16.2480   4.234412    33.3941        748     0.5188 0.0000e+00
     24.000    13.9927   4.006992    33.2545        766     0.5312 0.0000e+00
     25.000    12.7474   3.856359    32.9284        785     0.5448 0.0000e+00
     26.000    12.6022   3.835954    32.8603        810     0.5619 0.0000e+00
     27.000    12.4824   3.822188    32.8330        845     0.5860 0.0000e+00
     28.000    12.4029   3.813022    32.8143        884     0.6135 0.0000e+00
     29.000    12.3882   3.809888    32.7967        913     0.6332 0.0000e+00
     30.000    12.3191   3.803307    32.7936        935     0.6489 0.0000e+00
     31.000    12.2118   3.793639    32.7942        956     0.6634 0.0000e+00
     32.000    12.1282   3.786145    32.7949        978     0.6783 0.0000e+00
     33.000    12.1128   3.784805    32.7951       1002     0.6953 0.0000e+00
     34.000    12.1075   3.789705    32.8466       1033     0.7164 0.0000e+00
     35.000    11.8495   3.769529    32.8782       1066     0.7395 0.0000e+00
     36.000    11.6749   3.751909    32.8608       1095     0.7599 0.0000e+00
     37.000    11.5969   3.744771    32.8599       1121     0.7775 0.0000e+00
     38.000    11.5348   3.740254    32.8704       1143     0.7933 0.0000e+00
     39.000    11.5056   3.736981    32.8639       1164     0.8079 0.0000e+00
     40.000    11.4965   3.735877    32.8607       1185     0.8221 0.0000e+00
     41.000    11.4579   3.732974    32.8661       1207     0.8376 0.0000e+00
     42.000    11.4232   3.730247    32.8699       1237     0.8582 0.0000e+00
     43.000    11.3890   3.727607    32.8739       1275     0.8847 0.0000e+00
     44.000    11.3566   3.724922    32.8760       1309     0.9085 0.0000e+00
     45.000    11.3518   3.724209    32.8728       1336     0.9269 0.0000e+00
     46.000    11.3469   3.723676    32.8716       1358     0.9422 0.0000e+00
     47.000    11.3444   3.723287    32.8695       1379     0.9572 0.0000e+00
     48.000    11.3386   3.722733    32.8688       1404     0.9745 0.0000e+00
     49.000    11.3259   3.721561    32.8682       1437     0.9975 0.0000e+00
     50.000    11.3092   3.720359    32.8708       1467     1.0182 0.0000e+00
     51.000    11.2583   3.717469    32.8873       1491     1.0351 0.0000e+00
     52.000    11.2262   3.715415    32.8953       1515     1.0513 0.0000e+00
     53.000    11.2257   3.715588    32.8970       1528     1.0601 0.0000e+00
     52.000    11.2319   3.715481    32.8909       1572     1.0910 0.0000e+00
     51.000    11.2670   3.715397    32.8591       2115     1.4684 0.0000e+00
     50.000    11.2813   3.715267    32.8455       2545     1.7668 0.0000e+00
     49.000    11.3136   3.717181    32.8361       2584     1.7937 0.0000e+00
     48.000    11.3284   3.718186    32.8332       2606     1.8090 0.0000e+00
     47.000    11.3388   3.718980    32.8322       2630     1.8260 0.0000e+00
     46.000    11.3453   3.719445    32.8314       2660     1.8467 0.0000e+00
     45.000    11.3534   3.719961    32.8297       2694     1.8699 0.0000e+00
     44.000    11.3567   3.720119    32.8288       2722     1.8898 0.0000e+00
     43.000    11.3641   3.720529    32.8266       2746     1.9064 0.0000e+00
     42.000    11.3986   3.722401    32.8147       2768     1.9214 0.0000e+00
     41.000    11.4326   3.724586    32.8064       2788     1.9356 0.0000e+00
     40.000    11.4732   3.727281    32.7972       2810     1.9510 0.0000e+00
     39.000    11.5015   3.729521    32.7945       2834     1.9677 0.0000e+00
     38.000    11.5285   3.731429    32.7897       2859     1.9848 0.0000e+00
     37.000    11.5981   3.735772    32.7709       2884     2.0024 0.0000e+00
     36.000    11.6725   3.742438    32.7707       2912     2.0216 0.0000e+00
     35.000    11.7780   3.750597    32.7574       2944     2.0440 0.0000e+00
     34.000    12.0329   3.772589    32.7468       2980     2.0689 0.0000e+00
     33.000    12.1305   3.780971    32.7425       3008     2.0882 0.0000e+00
     32.000    12.1131   3.775867    32.7090       3030     2.1034 0.0000e+00
     31.000    12.1130   3.773326    32.6850       3051     2.1178 0.0000e+00
     30.000    12.1626   3.775961    32.6675       3072     2.1329 0.0000e+00
     29.000    12.2898   3.786298    32.6563       3096     2.1490 0.0000e+00
     28.000    12.3764   3.793885    32.6540       3120     2.1658 0.0000e+00
     27.000    12.4043   3.796491    32.6552       3145     2.1836 0.0000e+00
     26.000    12.4414   3.798782    32.6453       3172     2.2021 0.0000e+00
     25.000    12.5348   3.804717    32.6212       3201     2.2224 0.0000e+00
     24.000    12.6340   3.812629    32.6111       3235     2.2460 0.0000e+00
     23.000    12.7575   3.823139    32.6047       3266     2.2672 0.0000e+00
     22.000    13.6039   3.891821    32.5244       3290     2.2839 0.0000e+00
     21.000    15.7095   4.107894    32.7241       3312     2.2992 0.0000e+00
     20.000    17.9064   4.330321    32.8543       3335     2.3153 0.0000e+00
     19.000    19.1015   4.851509    39.4829       3360     2.3328 0.0000e+00
     18.000    23.4150   5.025499    34.0558       3388     2.3524 0.0000e+00
     17.000    23.8331   5.081875    34.2089       3418     2.3731 0.0000e+00
     16.000    23.8713   5.069976    34.0900       3446     2.3925 0.0000e+00
     15.000    23.8770   5.047869    33.9189       3470     2.4089 0.0000e+00
     14.000    24.0331   5.030795    33.6725       3491     2.4238 0.0000e+00
     13.000    24.8141   5.050996    33.2415       3514     2.4396 0.0000e+00
     12.000    25.3477   5.007202    32.5324       3542     2.4589 0.0000e+00
     11.000    25.3783   4.964080    32.1968       3571     2.4792 0.0000e+00
     10.000    25.3638   4.939357    32.0276       3598     2.4977 0.0000e+00
      9.000    25.3410   4.917537    31.8854       3625     2.5167 0.0000e+00
      8.000    25.3334   4.914564    31.8694       3653     2.5358 0.0000e+00
      7.000    25.3353   4.911914    31.8490       3678     2.5534 0.0000e+00
      6.000    25.3946   4.903688    31.7482       3703     2.5709 0.0000e+00
      5.000    25.5214   4.895156    31.5987       3736     2.5940 0.0000e+00
      4.000    25.6580   4.885867    31.4375       3767     2.6150 0.0000e+00
      3.000    25.6787   4.885181    31.4187       3790     2.6313 0.0000e+00
      2.000    25.7247   4.885864    31.3923       3852     2.6745 0.0000e+00
