HB2304/ctd070.cnv
* Sea-Bird SBE 9 Data File:
* FileName = C:\cruise\data\ctd070.hex
* Software Version Seasave V 7.26.7.121
* Temperature SN = 4591
* Conductivity SN = 3741
* Number of Bytes Per Scan = 37
* Number of Voltage Words = 4
* Number of Scans Averaged by the Deck Unit = 1
* NMEA Latitude = 41 05.77 N
* NMEA Longitude = 071 37.19 W
* NMEA UTC (Time) = Oct 05 2023  20:31:58
* NMEA baud rate = 4800
** Ship: Bigelow HB2304
** Program:  Fall Bottom Trawl Survey
** Chief Scientist: John Galbraith
# nquan = 7
# nvalues = 52                          
# units = specified
# name 0 = depSM: Depth [salt water, m]
# name 1 = t090C: Temperature [ITS-90, deg C]
# name 2 = c0S/m: Conductivity [S/m]
# name 3 = sal00: Salinity, Practical [PSU]
# name 4 = scan: Scan Count
# name 5 = timeM: Time, Elapsed [minutes]
# name 6 = flag: flag
# span 0 =      3.000,     29.000       
# span 1 =    16.2793,    18.0522       
# span 2 =   4.040259,   4.186911       
# span 3 =    31.5051,    31.7055       
# span 4 =        321,       4948       
# span 5 =     0.2224,     3.4351       
# span 6 = 0.0000e+00, 0.0000e+00       
# interval = meters: 1                  
# start_time = Oct 05 2023 20:31:58 [NMEA time, header]
# bad_flag = -9.990e-29
*END*
      4.000    17.7279   4.156850    31.5376        321     0.2224 0.0000e+00
      5.000    17.6622   4.151839    31.5457        525     0.3638 0.0000e+00
      6.000    17.4459   4.131969    31.5445        578     0.4008 0.0000e+00
      7.000    17.2674   4.115876    31.5459        674     0.4674 0.0000e+00
      8.000    17.1322   4.103848    31.5481        716     0.4963 0.0000e+00
      9.000    16.9243   4.085026    31.5487        759     0.5262 0.0000e+00
     10.000    16.7384   4.068610    31.5527        808     0.5606 0.0000e+00
     11.000    16.6407   4.060205    31.5565        869     0.6028 0.0000e+00
     12.000    16.5677   4.054185    31.5614        926     0.6426 0.0000e+00
     13.000    16.5148   4.049544    31.5625        955     0.6626 0.0000e+00
     14.000    16.4894   4.047752    31.5666        979     0.6790 0.0000e+00
     15.000    16.4692   4.046566    31.5719       1007     0.6983 0.0000e+00
     16.000    16.4498   4.045373    31.5765       1065     0.7387 0.0000e+00
     17.000    16.4358   4.044660    31.5810       1116     0.7740 0.0000e+00
     18.000    16.4221   4.043928    31.5851       1145     0.7944 0.0000e+00
     19.000    16.4123   4.043572    31.5894       1173     0.8139 0.0000e+00
     20.000    16.4070   4.043504    31.5926       1202     0.8337 0.0000e+00
     21.000    16.3990   4.043195    31.5959       1234     0.8563 0.0000e+00
     22.000    16.3588   4.041381    31.6115       1276     0.8853 0.0000e+00
     23.000    16.3358   4.040259    31.6196       1317     0.9139 0.0000e+00
     24.000    16.3293   4.041316    31.6336       1347     0.9349 0.0000e+00
     25.000    16.3293   4.043590    31.6531       1376     0.9545 0.0000e+00
     26.000    16.3257   4.044528    31.6638       1405     0.9750 0.0000e+00
     27.000    16.3077   4.045588    31.6870       1437     0.9975 0.0000e+00
     28.000    16.2957   4.045759    31.6977       1478     1.0259 0.0000e+00
     29.000    16.2918   4.045733    31.7002       1506     1.0450 0.0000e+00
     28.000    16.2793   4.045169    31.7055       3781     2.6252 0.0000e+00
     27.000    16.2889   4.045050    31.6972       4047     2.8096 0.0000e+00
     26.000    16.2975   4.044639    31.6871       4091     2.8399 0.0000e+00
     25.000    16.3068   4.044112    31.6755       4119     2.8596 0.0000e+00
     24.000    16.3202   4.043549    31.6603       4142     2.8759 0.0000e+00
     23.000    16.3286   4.042713    31.6467       4166     2.8921 0.0000e+00
     22.000    16.3449   4.040623    31.6159       4195     2.9127 0.0000e+00
     21.000    16.3836   4.041541    31.5936       4236     2.9411 0.0000e+00
     20.000    16.3958   4.042290    31.5909       4275     2.9682 0.0000e+00
     19.000    16.4026   4.042555    31.5882       4306     2.9897 0.0000e+00
     18.000    16.4141   4.042741    31.5811       4333     3.0086 0.0000e+00
     17.000    16.4271   4.043215    31.5753       4360     3.0272 0.0000e+00
     16.000    16.4453   4.044051    31.5685       4392     3.0493 0.0000e+00
     15.000    16.4693   4.045190    31.5598       4433     3.0777 0.0000e+00
     14.000    16.4824   4.045918    31.5562       4468     3.1020 0.0000e+00
     13.000    16.5002   4.046875    31.5508       4494     3.1201 0.0000e+00
     12.000    16.5360   4.049413    31.5449       4517     3.1363 0.0000e+00
     11.000    16.6092   4.054970    31.5359       4542     3.1533 0.0000e+00
     10.000    16.7926   4.069647    31.5191       4576     3.1768 0.0000e+00
      9.000    17.0747   4.094098    31.5091       4616     3.2045 0.0000e+00
      8.000    17.1488   4.102543    31.5240       4648     3.2269 0.0000e+00
      7.000    17.2989   4.114004    31.5053       4676     3.2467 0.0000e+00
      6.000    17.5941   4.141827    31.5132       4705     3.2663 0.0000e+00
      5.000    17.5631   4.139378    31.5168       4734     3.2868 0.0000e+00
      4.000    17.9161   4.170230    31.5051       4768     3.3107 0.0000e+00
      3.000    18.0522   4.186911    31.5410       4948     3.4351 0.0000e+00
