HB2304/ctd082.cnv
* Sea-Bird SBE 9 Data File:
* FileName = C:\cruise\data\ctd082.hex
* Software Version Seasave V 7.26.7.121
* Temperature SN = 4591
* Conductivity SN = 3741
* Number of Bytes Per Scan = 37
* Number of Voltage Words = 4
* Number of Scans Averaged by the Deck Unit = 1
* NMEA Latitude = 40 28.27 N
* NMEA Longitude = 073 42.17 W
* NMEA UTC (Time) = Oct 08 2023  05:49:22
* NMEA baud rate = 4800
** Ship: Bigelow HB2304
** Program:  Fall Bottom Trawl Survey
** Chief Scientist: John Galbraith
# nquan = 7
# nvalues = 36                          
# units = specified
# name 0 = depSM: Depth [salt water, m]
# name 1 = t090C: Temperature [ITS-90, deg C]
# name 2 = c0S/m: Conductivity [S/m]
# name 3 = sal00: Salinity, Practical [PSU]
# name 4 = scan: Scan Count
# name 5 = timeM: Time, Elapsed [minutes]
# name 6 = flag: flag
# span 0 =      2.000,     20.000       
# span 1 =    18.5010,    18.6731       
# span 2 =   4.155610,   4.254415       
# span 3 =    30.8290,    31.7528       
# span 4 =          6,       2013       
# span 5 =     0.0036,     1.3970       
# span 6 = 0.0000e+00, 0.0000e+00       
# interval = meters: 1                  
# start_time = Oct 08 2023 05:49:22 [NMEA time, header]
# bad_flag = -9.990e-29
*END*
      3.000    18.6494   4.156920    30.8379          6     0.0036 0.0000e+00
      4.000    18.6477   4.156725    30.8373        207     0.1431 0.0000e+00
      5.000    18.6473   4.156854    30.8382        285     0.1973 0.0000e+00
      6.000    18.6492   4.156958    30.8374        300     0.2075 0.0000e+00
      7.000    18.6522   4.157111    30.8361        319     0.2211 0.0000e+00
      8.000    18.6532   4.157442    30.8377        349     0.2419 0.0000e+00
      9.000    18.6565   4.157558    30.8359        383     0.2655 0.0000e+00
     10.000    18.6567   4.157667    30.8363        413     0.2862 0.0000e+00
     11.000    18.6578   4.157823    30.8365        441     0.3056 0.0000e+00
     12.000    18.6630   4.158877    30.8409        469     0.3247 0.0000e+00
     13.000    18.6603   4.158524    30.8397        499     0.3458 0.0000e+00
     14.000    18.6731   4.164257    30.8772        530     0.3672 0.0000e+00
     15.000    18.6679   4.175942    30.9774        557     0.3862 0.0000e+00
     16.000    18.6145   4.216567    31.3541        580     0.4023 0.0000e+00
     17.000    18.5469   4.239095    31.5924        602     0.4174 0.0000e+00
     18.000    18.5138   4.246920    31.6825        626     0.4339 0.0000e+00
     19.000    18.5010   4.251566    31.7307        657     0.4557 0.0000e+00
     20.000    18.5028   4.254415    31.7528        698     0.4838 0.0000e+00
     19.000    18.5014   4.253737    31.7485       1253     0.8691 0.0000e+00
     18.000    18.5039   4.252555    31.7371       1512     1.0493 0.0000e+00
     17.000    18.5220   4.245783    31.6671       1538     1.0674 0.0000e+00
     16.000    18.5506   4.238613    31.5858       1561     1.0834 0.0000e+00
     15.000    18.6416   4.205343    31.2408       1582     1.0976 0.0000e+00
     14.000    18.6589   4.163710    30.8833       1602     1.1115 0.0000e+00
     13.000    18.6541   4.158142    30.8412       1622     1.1257 0.0000e+00
     12.000    18.6542   4.157683    30.8376       1647     1.1428 0.0000e+00
     11.000    18.6501   4.156715    30.8330       1677     1.1637 0.0000e+00
     10.000    18.6461   4.155826    30.8290       1714     1.1896 0.0000e+00
      9.000    18.6465   4.156062    30.8310       1758     1.2203 0.0000e+00
      8.000    18.6502   4.156944    30.8358       1794     1.2454 0.0000e+00
      7.000    18.6487   4.156915    30.8371       1826     1.2672 0.0000e+00
      6.000    18.6418   4.155758    30.8330       1851     1.2848 0.0000e+00
      5.000    18.6410   4.155610    30.8327       1872     1.2992 0.0000e+00
      4.000    18.6484   4.156900    30.8382       1893     1.3137 0.0000e+00
      3.000    18.6487   4.156972    30.8389       1931     1.3402 0.0000e+00
      2.000    18.6484   4.156842    30.8383       2013     1.3970 0.0000e+00
