HB2304/ctd046.cnv
* Sea-Bird SBE 9 Data File:
* FileName = C:\cruise\data\ctd046.hex
* Software Version Seasave V 7.26.7.121
* Temperature SN = 4591
* Conductivity SN = 3741
* Number of Bytes Per Scan = 37
* Number of Voltage Words = 4
* Number of Scans Averaged by the Deck Unit = 1
* NMEA Latitude = 34 39.58 N
* NMEA Longitude = 075 37.56 W
* NMEA UTC (Time) = Sep 20 2023  02:43:46
* NMEA baud rate = 4800
** Ship: Bigelow HB2304
** Program:  Fall Bottom Trawl Survey
** Chief Scientist: John Galbraith
# nquan = 7
# nvalues = 319                         
# units = specified
# name 0 = depSM: Depth [salt water, m]
# name 1 = t090C: Temperature [ITS-90, deg C]
# name 2 = c0S/m: Conductivity [S/m]
# name 3 = sal00: Salinity, Practical [PSU]
# name 4 = scan: Scan Count
# name 5 = timeM: Time, Elapsed [minutes]
# name 6 = flag: flag
# span 0 =      3.000,    162.000       
# span 1 =    17.3787,    28.5309       
# span 2 =   4.684472,   5.794670       
# span 3 =    35.6543,    36.5290       
# span 4 =        177,      11350       
# span 5 =     0.1222,     7.8810       
# span 6 = 0.0000e+00, 0.0000e+00       
# interval = meters: 1                  
# start_time = Sep 20 2023 02:43:46 [NMEA time, header]
# bad_flag = -9.990e-29
*END*
[from data line 206]
    115.000    21.3865   5.119752    36.4495       7507     5.2127 0.0000e+00
    114.000    21.3995   5.121366    36.4517       7528     5.2271 0.0000e+00
    113.000    21.4016   5.121796    36.4537       7549     5.2419 0.0000e+00
    112.000    21.4139   5.122990    36.4532       7574     5.2593 0.0000e+00
    111.000    21.4489   5.126191    36.4494       7603     5.2790 0.0000e+00
    110.000    21.6090   5.141106    36.4332       7629     5.2971 0.0000e+00
    109.000    21.8800   5.166898    36.4098       7655     5.3151 0.0000e+00
    108.000    22.0311   5.182095    36.4032       7686     5.3367 0.0000e+00
    107.000    22.1117   5.191202    36.4078       7724     5.3633 0.0000e+00
    106.000    22.1961   5.200782    36.4129       7761     5.3890 0.0000e+00
    105.000    22.3099   5.212402    36.4092       7791     5.4098 0.0000e+00
    104.000    22.4474   5.228133    36.4180       7819     5.4295 0.0000e+00
    103.000    22.5495   5.240623    36.4309       7849     5.4501 0.0000e+00
    102.000    22.5819   5.242089    36.4157       7879     5.4706 0.0000e+00
    101.000    22.6089   5.242425    36.3961       7905     5.4887 0.0000e+00
    100.000    22.6179   5.242814    36.3920       7930     5.5063 0.0000e+00
     99.000    22.6227   5.242671    36.3872       7959     5.5263 0.0000e+00
     98.000    22.6704   5.246077    36.3744       7990     5.5482 0.0000e+00
     97.000    22.7502   5.253172    36.3637       8021     5.5697 0.0000e+00
     96.000    22.8373   5.261705    36.3582       8052     5.5913 0.0000e+00
     95.000    22.9354   5.271112    36.3503       8082     5.6115 0.0000e+00
     94.000    23.0275   5.279842    36.3421       8107     5.6294 0.0000e+00
     93.000    23.1423   5.291132    36.3349       8132     5.6463 0.0000e+00
     92.000    23.2940   5.304951    36.3168       8158     5.6644 0.0000e+00
     91.000    23.4682   5.323070    36.3132       8187     5.6849 0.0000e+00
     90.000    23.5009   5.327453    36.3203       8217     5.7054 0.0000e+00
     89.000    23.5245   5.329974    36.3206       8243     5.7234 0.0000e+00
     88.000    23.6003   5.337294    36.3149       8266     5.7394 0.0000e+00
     87.000    23.7173   5.348246    36.3032       8289     5.7556 0.0000e+00
     86.000    23.8709   5.363048    36.2909       8318     5.7755 0.0000e+00
     85.000    24.0069   5.378225    36.2958       8355     5.8014 0.0000e+00
     84.000    24.0367   5.381935    36.3001       8388     5.8242 0.0000e+00
     83.000    24.0675   5.385605    36.3032       8411     5.8405 0.0000e+00
     82.000    24.1138   5.390328    36.3017       8433     5.8558 0.0000e+00
     81.000    24.1656   5.396436    36.3062       8456     5.8719 0.0000e+00
     80.000    24.1845   5.398813    36.3091       8483     5.8900 0.0000e+00
     79.000    24.1892   5.399591    36.3115       8510     5.9087 0.0000e+00
     78.000    24.2126   5.401846    36.3099       8535     5.9265 0.0000e+00
     77.000    24.2578   5.406353    36.3077       8560     5.9439 0.0000e+00
     76.000    24.3052   5.410851    36.3035       8586     5.9621 0.0000e+00
     75.000    24.3687   5.416223    36.2929       8615     5.9821 0.0000e+00
     74.000    24.4513   5.424390    36.2879       8645     6.0031 0.0000e+00
     73.000    24.5151   5.430589    36.2833       8674     6.0227 0.0000e+00
     72.000    24.5753   5.436813    36.2817       8700     6.0412 0.0000e+00
     71.000    24.5857   5.438152    36.2837       8726     6.0589 0.0000e+00
     70.000    24.5961   5.439000    36.2820       8750     6.0755 0.0000e+00
     69.000    24.6609   5.444428    36.2708       8773     6.0917 0.0000e+00
     68.000    24.7959   5.458273    36.2660       8797     6.1086 0.0000e+00
     67.000    24.9050   5.469236    36.2606       8824     6.1270 0.0000e+00
     66.000    25.0334   5.482982    36.2603       8853     6.1471 0.0000e+00
     65.000    25.1267   5.493620    36.2650       8881     6.1667 0.0000e+00
     64.000    25.1929   5.500837    36.2659       8906     6.1843 0.0000e+00
     63.000    25.2881   5.510002    36.2581       8931     6.2011 0.0000e+00
     62.000    25.4050   5.522237    36.2556       8957     6.2196 0.0000e+00
     61.000    25.5763   5.540798    36.2564       8989     6.2415 0.0000e+00
     60.000    25.6576   5.549250    36.2544       9019     6.2624 0.0000e+00
     59.000    25.7093   5.554666    36.2534       9043     6.2793 0.0000e+00
     58.000    25.7545   5.558829    36.2485       9065     6.2945 0.0000e+00
     57.000    25.8728   5.568391    36.2251       9088     6.3104 0.0000e+00
     56.000    26.1677   5.598580    36.2130       9114     6.3287 0.0000e+00
     55.000    26.3020   5.613686    36.2175       9142     6.3482 0.0000e+00
     54.000    26.3306   5.617576    36.2236       9167     6.3656 0.0000e+00
     53.000    26.4111   5.624068    36.2077       9190     6.3814 0.0000e+00
     52.000    26.4980   5.631969    36.1970       9214     6.3976 0.0000e+00
     51.000    26.8037   5.658331    36.1485       9240     6.4161 0.0000e+00
     50.000    26.9305   5.672592    36.1525       9271     6.4377 0.0000e+00
     49.000    26.9434   5.674609    36.1573       9302     6.4593 0.0000e+00
     48.000    26.9553   5.675961    36.1580       9330     6.4782 0.0000e+00
     47.000    26.9743   5.677902    36.1574       9354     6.4950 0.0000e+00
     46.000    27.0300   5.683194    36.1524       9377     6.5111 0.0000e+00
     45.000    27.1654   5.696357    36.1418       9401     6.5277 0.0000e+00
     44.000    27.2643   5.707097    36.1421       9425     6.5448 0.0000e+00
     43.000    27.3656   5.715818    36.1261       9450     6.5616 0.0000e+00
     42.000    27.5308   5.730958    36.1065       9473     6.5778 0.0000e+00
     41.000    27.7732   5.751681    36.0670       9498     6.5948 0.0000e+00
     40.000    27.9538   5.766715    36.0349       9526     6.6147 0.0000e+00
     39.000    28.1314   5.778987    35.9858       9557     6.6360 0.0000e+00
     38.000    28.3541   5.788098    35.8805       9588     6.6576 0.0000e+00
     37.000    28.4702   5.788870    35.7983       9617     6.6780 0.0000e+00
     36.000    28.5259   5.780316    35.6969       9648     6.6996 0.0000e+00
     35.000    28.5307   5.776066    35.6640       9682     6.7232 0.0000e+00
     34.000    28.5301   5.774866    35.6564       9716     6.7462 0.0000e+00
     33.000    28.5282   5.774315    35.6543       9746     6.7673 0.0000e+00
     32.000    28.5274   5.774273    35.6549       9775     6.7873 0.0000e+00
     31.000    28.5282   5.774515    35.6563       9802     6.8064 0.0000e+00
     30.000    28.5276   5.774485    35.6568       9832     6.8271 0.0000e+00
     29.000    28.5267   5.774315    35.6566       9863     6.8486 0.0000e+00
     28.000    28.5278   5.774718    35.6589       9893     6.8691 0.0000e+00
     27.000    28.5229   5.774092    35.6586       9919     6.8874 0.0000e+00
     26.000    28.5256   5.774346    35.6586       9945     6.9056 0.0000e+00
     25.000    28.5249   5.774261    35.6589       9977     6.9279 0.0000e+00
     24.000    28.5234   5.774169    35.6596      10013     6.9525 0.0000e+00
     23.000    28.5244   5.774304    35.6601      10038     6.9704 0.0000e+00
     22.000    28.5259   5.774465    35.6604      10060     6.9853 0.0000e+00
     21.000    28.5243   5.774319    35.6609      10081     6.9998 0.0000e+00
     20.000    28.5232   5.774182    35.6610      10105     7.0165 0.0000e+00
     19.000    28.5227   5.774136    35.6614      10135     7.0377 0.0000e+00
     18.000    28.5215   5.773981    35.6615      10168     7.0606 0.0000e+00
     17.000    28.5215   5.773969    35.6617      10197     7.0805 0.0000e+00
     16.000    28.5214   5.773967    35.6621      10223     7.0987 0.0000e+00
     15.000    28.5198   5.773781    35.6623      10249     7.1170 0.0000e+00
     14.000    28.5208   5.773842    35.6623      10277     7.1363 0.0000e+00
     13.000    28.5206   5.773860    35.6629      10306     7.1560 0.0000e+00
     12.000    28.5221   5.773921    35.6624      10333     7.1753 0.0000e+00
     11.000    28.5215   5.773869    35.6629      10359     7.1928 0.0000e+00
     10.000    28.5227   5.774008    35.6632      10383     7.2096 0.0000e+00
      9.000    28.5235   5.774086    35.6634      10409     7.2280 0.0000e+00
      8.000    28.5233   5.774029    35.6635      10439     7.2488 0.0000e+00
      7.000    28.5252   5.774216    35.6637      10466     7.2672 0.0000e+00
      6.000    28.5129   5.773204    35.6662      11159     7.7487 0.0000e+00
      5.000    28.5196   5.773891    35.6662      11181     7.7637 0.0000e+00
      4.000    28.5191   5.773797    35.6662      11211     7.7851 0.0000e+00
      3.000    28.5114   5.773079    35.6674      11350     7.8810 0.0000e+00
