HB2304/ctd045.cnv
* Sea-Bird SBE 9 Data File:
* FileName = C:\cruise\data\ctd045.hex
* Software Version Seasave V 7.26.7.121
* Temperature SN = 4591
* Conductivity SN = 3741
* Number of Bytes Per Scan = 37
* Number of Voltage Words = 4
* Number of Scans Averaged by the Deck Unit = 1
* NMEA Latitude = 34 33.29 N
* NMEA Longitude = 075 40.52 W
* NMEA UTC (Time) = Sep 20 2023  00:20:44
* NMEA baud rate = 4800
** Ship: Bigelow HB2304
** Program:  Fall Bottom Trawl Survey
** Chief Scientist: John Galbraith
# nquan = 7
# nvalues = 517                         
# units = specified
# name 0 = depSM: Depth [salt water, m]
# name 1 = t090C: Temperature [ITS-90, deg C]
# name 2 = c0S/m: Conductivity [S/m]
# name 3 = sal00: Salinity, Practical [PSU]
# name 4 = scan: Scan Count
# name 5 = timeM: Time, Elapsed [minutes]
# name 6 = flag: flag
# span 0 =      3.000,    261.000       
# span 1 =    12.1407,    28.7170       
# span 2 =   4.082374,   5.804083       
# span 3 =    35.5566,    36.5108       
# span 4 =        100,      16828       
# span 5 =     0.0690,    11.6855       
# span 6 = 0.0000e+00, 0.0000e+00       
# interval = meters: 1                  
# start_time = Sep 20 2023 00:20:44 [NMEA time, header]
# bad_flag = -9.990e-29
*END*
      3.000    28.7046   5.802206    35.7247        100     0.0690 0.0000e+00
      4.000    28.7027   5.802287    35.7264        325     0.2251 0.0000e+00
      5.000    28.7060   5.802582    35.7257        346     0.2397 0.0000e+00
      6.000    28.7066   5.802703    35.7258        381     0.2636 0.0000e+00
      7.000    28.7064   5.802712    35.7256        416     0.2880 0.0000e+00
      8.000    28.7035   5.802300    35.7247        572     0.3965 0.0000e+00
      9.000    28.7031   5.802258    35.7244        604     0.4189 0.0000e+00
     10.000    28.7042   5.802395    35.7242        632     0.4384 0.0000e+00
     11.000    28.7036   5.802375    35.7242        660     0.4579 0.0000e+00
     12.000    28.7005   5.802110    35.7244        688     0.4770 0.0000e+00
     13.000    28.6970   5.801718    35.7240        713     0.4945 0.0000e+00
     14.000    28.6963   5.801666    35.7239        738     0.5115 0.0000e+00
     15.000    28.6979   5.801871    35.7238        764     0.5296 0.0000e+00
     16.000    28.6998   5.802121    35.7238        792     0.5494 0.0000e+00
     17.000    28.7008   5.802300    35.7240        821     0.5695 0.0000e+00
     18.000    28.6995   5.802239    35.7243        848     0.5881 0.0000e+00
     19.000    28.6976   5.801998    35.7237        872     0.6048 0.0000e+00
     20.000    28.6990   5.802223    35.7239        895     0.6211 0.0000e+00
     21.000    28.6991   5.802274    35.7239        921     0.6391 0.0000e+00
     22.000    28.6991   5.802377    35.7243        952     0.6601 0.0000e+00
     23.000    28.6991   5.802355    35.7239        983     0.6819 0.0000e+00
     24.000    28.6984   5.802285    35.7236       1010     0.7007 0.0000e+00
     25.000    28.6982   5.802333    35.7238       1033     0.7166 0.0000e+00
     26.000    28.6882   5.801858    35.7277       1054     0.7313 0.0000e+00
     27.000    28.6688   5.800002    35.7291       1076     0.7462 0.0000e+00
     28.000    28.6646   5.799467    35.7283       1100     0.7634 0.0000e+00
     29.000    28.6569   5.798395    35.7263       1132     0.7853 0.0000e+00
     30.000    28.6531   5.797956    35.7258       1167     0.8099 0.0000e+00
     31.000    28.6453   5.797004    35.7247       1196     0.8300 0.0000e+00
     32.000    28.6453   5.797359    35.7269       1221     0.8475 0.0000e+00
     33.000    28.5772   5.799452    35.7925       1246     0.8644 0.0000e+00
     34.000    28.4243   5.801875    35.9247       1270     0.8811 0.0000e+00
     35.000    28.3273   5.797828    35.9699       1294     0.8977 0.0000e+00
     36.000    28.2228   5.791141    36.0023       1317     0.9140 0.0000e+00
     37.000    28.1835   5.788591    36.0141       1342     0.9312 0.0000e+00
     38.000    28.1583   5.787892    36.0281       1370     0.9506 0.0000e+00
     39.000    28.1316   5.786062    36.0353       1400     0.9717 0.0000e+00
     40.000    28.0463   5.779582    36.0547       1428     0.9910 0.0000e+00
     41.000    27.9037   5.768305    36.0842       1452     1.0079 0.0000e+00
     42.000    27.7722   5.757715    36.1102       1477     1.0251 0.0000e+00
     43.000    27.4854   5.733167    36.1570       1508     1.0467 0.0000e+00
     44.000    27.3992   5.724284    36.1602       1543     1.0709 0.0000e+00
     45.000    27.3547   5.719995    36.1637       1568     1.0882 0.0000e+00
     46.000    27.3039   5.715376    36.1699       1587     1.1016 0.0000e+00
     47.000    27.1386   5.700582    36.1922       1606     1.1144 0.0000e+00
     48.000    26.8702   5.675442    36.2207       1628     1.1297 0.0000e+00
     49.000    26.7524   5.662385    36.2184       1661     1.1524 0.0000e+00
     50.000    26.7143   5.657730    36.2144       1698     1.1785 0.0000e+00
     51.000    26.6781   5.654098    36.2162       1726     1.1979 0.0000e+00
     52.000    26.5878   5.645267    36.2229       1749     1.2137 0.0000e+00
     53.000    26.4777   5.634370    36.2301       1771     1.2292 0.0000e+00
     54.000    26.4259   5.628714    36.2294       1795     1.2459 0.0000e+00
     55.000    26.3546   5.622256    36.2384       1822     1.2644 0.0000e+00
     56.000    26.1431   5.600786    36.2485       1850     1.2838 0.0000e+00
     57.000    26.0202   5.588312    36.2543       1876     1.3022 0.0000e+00
     58.000    25.9373   5.579049    36.2518       1901     1.3192 0.0000e+00
     59.000    25.8208   5.567707    36.2607       1925     1.3363 0.0000e+00
     60.000    25.7616   5.560891    36.2574       1952     1.3550 0.0000e+00
     61.000    25.7285   5.557373    36.2575       1983     1.3764 0.0000e+00
     62.000    25.6547   5.550080    36.2621       2013     1.3974 0.0000e+00
     63.000    25.4270   5.529538    36.2918       2040     1.4158 0.0000e+00
     64.000    25.0750   5.494372    36.3124       2064     1.4326 0.0000e+00
     65.000    24.9198   5.477415    36.3104       2087     1.4486 0.0000e+00
     66.000    24.7891   5.463812    36.3137       2110     1.4648 0.0000e+00
     67.000    24.6823   5.453390    36.3215       2135     1.4819 0.0000e+00
     68.000    24.5777   5.442092    36.3208       2161     1.4999 0.0000e+00
     69.000    24.5374   5.437358    36.3175       2190     1.5202 0.0000e+00
     70.000    24.4370   5.427640    36.3253       2221     1.5414 0.0000e+00
     71.000    24.3855   5.422056    36.3246       2248     1.5606 0.0000e+00
     72.000    24.2858   5.412939    36.3364       2275     1.5795 0.0000e+00
     73.000    24.0741   5.392597    36.3543       2304     1.5994 0.0000e+00
     74.000    24.0130   5.385300    36.3484       2332     1.6186 0.0000e+00
     75.000    23.9923   5.383106    36.3482       2356     1.6356 0.0000e+00
     76.000    23.9295   5.376967    36.3525       2378     1.6507 0.0000e+00
     77.000    23.8051   5.364750    36.3608       2400     1.6661 0.0000e+00
     78.000    23.6651   5.350931    36.3696       2426     1.6838 0.0000e+00
     79.000    23.5469   5.338872    36.3740       2456     1.7051 0.0000e+00
     80.000    23.4793   5.331813    36.3751       2487     1.7261 0.0000e+00
     81.000    23.4146   5.324886    36.3747       2512     1.7440 0.0000e+00
     82.000    23.3725   5.320632    36.3763       2536     1.7607 0.0000e+00
     83.000    23.2851   5.312105    36.3823       2561     1.7780 0.0000e+00
     84.000    23.2638   5.309286    36.3779       2590     1.7980 0.0000e+00
     85.000    23.1993   5.303389    36.3853       2621     1.8193 0.0000e+00
     86.000    23.1376   5.297010    36.3866       2649     1.8389 0.0000e+00
     87.000    23.1193   5.295171    36.3873       2675     1.8573 0.0000e+00
     88.000    23.0443   5.288518    36.3975       2700     1.8745 0.0000e+00
     89.000    22.9744   5.281437    36.4002       2724     1.8911 0.0000e+00
     90.000    22.8899   5.273379    36.4074       2748     1.9077 0.0000e+00
     91.000    22.8046   5.264597    36.4097       2773     1.9253 0.0000e+00
     92.000    22.7402   5.258180    36.4129       2801     1.9442 0.0000e+00
     93.000    22.6739   5.251503    36.4157       2829     1.9637 0.0000e+00
     94.000    22.6250   5.246363    36.4160       2856     1.9827 0.0000e+00
     95.000    22.5657   5.240695    36.4208       2883     2.0014 0.0000e+00
     96.000    22.4489   5.229303    36.4288       2912     2.0212 0.0000e+00
     97.000    22.3946   5.223026    36.4246       2941     2.0415 0.0000e+00
     98.000    22.3644   5.219750    36.4238       2969     2.0608 0.0000e+00
     99.000    22.2735   5.210853    36.4297       2994     2.0786 0.0000e+00
    100.000    22.1113   5.195423    36.4440       3018     2.0953 0.0000e+00
    101.000    21.9545   5.178511    36.4419       3043     2.1124 0.0000e+00
    102.000    21.9119   5.173741    36.4396       3070     2.1315 0.0000e+00
    103.000    21.8836   5.171245    36.4433       3099     2.1515 0.0000e+00
    104.000    21.8704   5.170553    36.4486       3126     2.1705 0.0000e+00
    105.000    21.8211   5.166417    36.4570       3153     2.1890 0.0000e+00
    106.000    21.7589   5.160421    36.4617       3181     2.2082 0.0000e+00
    107.000    21.7032   5.154484    36.4611       3207     2.2261 0.0000e+00
    108.000    21.6499   5.149660    36.4675       3231     2.2429 0.0000e+00
    109.000    21.5028   5.135484    36.4787       3255     2.2596 0.0000e+00
    110.000    21.3671   5.120336    36.4725       3281     2.2779 0.0000e+00
    111.000    21.2337   5.105718    36.4683       3312     2.2994 0.0000e+00
    112.000    21.1337   5.096238    36.4770       3345     2.3225 0.0000e+00
    113.000    21.0190   5.085873    36.4910       3374     2.3424 0.0000e+00
    114.000    20.9291   5.077989    36.5040       3398     2.3593 0.0000e+00
    115.000    20.8623   5.071804    36.5108       3421     2.3750 0.0000e+00
    116.000    20.8154   5.066847    36.5105       3444     2.3912 0.0000e+00
    117.000    20.7752   5.062236    36.5072       3470     2.4088 0.0000e+00
    118.000    20.6935   5.053558    36.5067       3497     2.4276 0.0000e+00
    119.000    20.5996   5.043408    36.5045       3524     2.4469 0.0000e+00
    120.000    20.5230   5.035262    36.5038       3552     2.4658 0.0000e+00
    121.000    20.4674   5.028670    36.4975       3578     2.4837 0.0000e+00
    122.000    20.3875   5.020800    36.5018       3604     2.5018 0.0000e+00
    123.000    20.3315   5.014849    36.5011       3632     2.5219 0.0000e+00
    124.000    20.2633   5.008349    36.5064       3663     2.5432 0.0000e+00
    125.000    20.1469   4.995434    36.5008       3691     2.5624 0.0000e+00
    126.000    20.0844   4.987800    36.4919       3716     2.5799 0.0000e+00
    127.000    20.0563   4.983960    36.4843       3743     2.5984 0.0000e+00
    128.000    20.0280   4.980348    36.4787       3772     2.6186 0.0000e+00
    129.000    19.9891   4.975675    36.4736       3798     2.6370 0.0000e+00
    130.000    19.9430   4.970000    36.4664       3820     2.6524 0.0000e+00
    131.000    19.8842   4.963730    36.4653       3841     2.6667 0.0000e+00
    132.000    19.7734   4.952322    36.4669       3864     2.6824 0.0000e+00
    133.000    19.6783   4.941775    36.4620       3893     2.7029 0.0000e+00
    134.000    19.5971   4.932595    36.4562       3929     2.7275 0.0000e+00
    135.000    19.5033   4.922012    36.4496       3957     2.7471 0.0000e+00
    136.000    19.4769   4.919812    36.4540       3981     2.7638 0.0000e+00
    137.000    19.3357   4.905402    36.4569       4006     2.7814 0.0000e+00
    138.000    19.2390   4.894641    36.4513       4035     2.8015 0.0000e+00
    139.000    19.1539   4.884949    36.4444       4065     2.8225 0.0000e+00
    140.000    18.9463   4.863616    36.4471       4091     2.8402 0.0000e+00
    141.000    18.7502   4.839521    36.4162       4113     2.8557 0.0000e+00
    142.000    18.7132   4.834663    36.4074       4135     2.8709 0.0000e+00
    143.000    18.6812   4.830515    36.4002       4160     2.8879 0.0000e+00
    144.000    18.6441   4.825888    36.3934       4189     2.9083 0.0000e+00
    145.000    18.6334   4.824165    36.3878       4220     2.9299 0.0000e+00
    146.000    18.5512   4.815771    36.3888       4247     2.9486 0.0000e+00
    147.000    18.5004   4.809384    36.3792       4271     2.9651 0.0000e+00
    148.000    18.4714   4.806255    36.3779       4296     2.9824 0.0000e+00
    149.000    18.4428   4.803110    36.3760       4324     3.0019 0.0000e+00
    150.000    18.3818   4.797000    36.3776       4353     3.0223 0.0000e+00
    151.000    18.2322   4.780317    36.3675       4380     3.0408 0.0000e+00
    152.000    18.1693   4.771545    36.3480       4405     3.0582 0.0000e+00
    153.000    18.1529   4.769278    36.3427       4431     3.0762 0.0000e+00
    154.000    18.1313   4.767207    36.3438       4458     3.0954 0.0000e+00
    155.000    17.9997   4.751392    36.3248       4485     3.1140 0.0000e+00
    156.000    17.9874   4.749295    36.3173       4510     3.1315 0.0000e+00
    157.000    17.9639   4.746184    36.3111       4538     3.1504 0.0000e+00
    158.000    17.9555   4.744977    36.3078       4567     3.1708 0.0000e+00
    159.000    17.9458   4.743898    36.3068       4594     3.1896 0.0000e+00
    160.000    17.9150   4.740216    36.3022       4617     3.2058 0.0000e+00
    161.000    17.8777   4.735555    36.2949       4641     3.2221 0.0000e+00
    162.000    17.8643   4.733578    36.2894       4668     3.2410 0.0000e+00
    163.000    17.8602   4.733090    36.2885       4699     3.2623 0.0000e+00
    164.000    17.8268   4.729097    36.2835       4727     3.2819 0.0000e+00
    165.000    17.7905   4.725126    36.2812       4752     3.2991 0.0000e+00
    166.000    17.6463   4.708914    36.2694       4776     3.3161 0.0000e+00
    167.000    17.4300   4.684870    36.2539       4803     3.3347 0.0000e+00
    168.000    17.2696   4.666888    36.2408       4832     3.3546 0.0000e+00
    169.000    17.0181   4.638540    36.2186       4860     3.3742 0.0000e+00
    170.000    16.9074   4.625599    36.2044       4886     3.3921 0.0000e+00
    171.000    16.8231   4.615391    36.1902       4910     3.4088 0.0000e+00
    172.000    16.7301   4.605292    36.1848       4934     3.4258 0.0000e+00
    173.000    16.6286   4.593945    36.1759       4961     3.4443 0.0000e+00
    174.000    16.5394   4.584120    36.1693       4991     3.4650 0.0000e+00
    175.000    16.4000   4.569269    36.1635       5022     3.4868 0.0000e+00
    176.000    16.2617   4.553197    36.1458       5049     3.5057 0.0000e+00
    177.000    16.1870   4.544254    36.1335       5073     3.5219 0.0000e+00
    178.000    16.1144   4.536462    36.1296       5095     3.5376 0.0000e+00
    179.000    16.0394   4.527142    36.1141       5118     3.5538 0.0000e+00
    180.000    16.0134   4.524187    36.1109       5143     3.5708 0.0000e+00
    181.000    15.9211   4.513924    36.1027       5170     3.5894 0.0000e+00
    182.000    15.8153   4.501653    36.0886       5200     3.6101 0.0000e+00
    183.000    15.7611   4.495002    36.0779       5228     3.6302 0.0000e+00
    184.000    15.6756   4.485748    36.0722       5255     3.6487 0.0000e+00
    185.000    15.5843   4.474995    36.0583       5282     3.6672 0.0000e+00
    186.000    15.5417   4.469773    36.0496       5310     3.6870 0.0000e+00
    187.000    15.5291   4.468020    36.0449       5340     3.7074 0.0000e+00
    188.000    15.5078   4.465506    36.0413       5367     3.7265 0.0000e+00
    189.000    15.4858   4.463045    36.0388       5392     3.7436 0.0000e+00
    190.000    15.4492   4.458956    36.0349       5415     3.7594 0.0000e+00
    191.000    15.4196   4.455398    36.0293       5436     3.7746 0.0000e+00
    192.000    15.3908   4.452208    36.0264       5458     3.7899 0.0000e+00
    193.000    15.3686   4.449433    36.0212       5483     3.8071 0.0000e+00
    194.000    15.2795   4.440125    36.0179       5514     3.8282 0.0000e+00
    195.000    15.2014   4.430830    36.0047       5547     3.8512 0.0000e+00
    196.000    15.1521   4.424910    35.9957       5575     3.8710 0.0000e+00
    197.000    15.0560   4.415424    35.9971       5601     3.8890 0.0000e+00
    198.000    14.8667   4.393331    35.9689       5628     3.9079 0.0000e+00
    199.000    14.8140   4.386856    35.9577       5657     3.9277 0.0000e+00
    200.000    14.8020   4.385040    35.9516       5683     3.9460 0.0000e+00
    201.000    14.7472   4.379110    35.9473       5707     3.9623 0.0000e+00
    202.000    14.7254   4.376630    35.9443       5729     3.9777 0.0000e+00
    203.000    14.6328   4.366407    35.9353       5752     3.9940 0.0000e+00
    204.000    14.6084   4.363018    35.9262       5780     4.0132 0.0000e+00
    205.000    14.6051   4.362410    35.9232       5809     4.0335 0.0000e+00
    206.000    14.5997   4.361702    35.9213       5835     4.0512 0.0000e+00
    207.000    14.5866   4.360260    35.9197       5859     4.0678 0.0000e+00
