HB2304/ctd052.cnv
* Sea-Bird SBE 9 Data File:
* FileName = C:\cruise\data\ctd052.hex
* Software Version Seasave V 7.26.7.121
* Temperature SN = 4591
* Conductivity SN = 3741
* Number of Bytes Per Scan = 37
* Number of Voltage Words = 4
* Number of Scans Averaged by the Deck Unit = 1
* NMEA Latitude = 35 39.83 N
* NMEA Longitude = 074 48.56 W
* NMEA UTC (Time) = Sep 20 2023  20:27:40
* NMEA baud rate = 4800
** Ship: Bigelow HB2304
** Program:  Fall Bottom Trawl Survey
** Chief Scientist: John Galbraith
# nquan = 7
# nvalues = 296                         
# units = specified
# name 0 = depSM: Depth [salt water, m]
# name 1 = t090C: Temperature [ITS-90, deg C]
# name 2 = c0S/m: Conductivity [S/m]
# name 3 = sal00: Salinity, Practical [PSU]
# name 4 = scan: Scan Count
# name 5 = timeM: Time, Elapsed [minutes]
# name 6 = flag: flag
# span 0 =      1.000,    150.000       
# span 1 =    13.0053,    28.3731       
# span 2 =   3.974001,   5.760981       
# span 3 =    33.7437,    36.1373       
# span 4 =        156,       9951       
# span 5 =     0.1077,     6.9100       
# span 6 = 0.0000e+00, 0.0000e+00       
# interval = meters: 1                  
# start_time = Sep 20 2023 20:27:40 [NMEA time, header]
# bad_flag = -9.990e-29
*END*
      4.000    28.3731   5.760981    35.6868        156     0.1077 0.0000e+00
      5.000    28.3677   5.760379    35.6864        272     0.1881 0.0000e+00
      6.000    28.3569   5.759036    35.6849        332     0.2301 0.0000e+00
      7.000    28.3382   5.757085    35.6850        445     0.3086 0.0000e+00
      8.000    28.3135   5.754137    35.6827        552     0.3824 0.0000e+00
      9.000    28.3008   5.752674    35.6818        581     0.4030 0.0000e+00
     10.000    28.2900   5.751518    35.6815        611     0.4235 0.0000e+00
     11.000    28.2819   5.750571    35.6807        640     0.4438 0.0000e+00
     12.000    28.2769   5.750054    35.6806        669     0.4637 0.0000e+00
     13.000    28.2702   5.750534    35.6887        695     0.4817 0.0000e+00
     14.000    28.2682   5.751784    35.6987        719     0.4987 0.0000e+00
     15.000    28.2690   5.754026    35.7134        743     0.5156 0.0000e+00
     16.000    28.2693   5.754522    35.7164        769     0.5333 0.0000e+00
     17.000    28.2622   5.757869    35.7449        796     0.5521 0.0000e+00
     18.000    28.2358   5.758844    35.7714        824     0.5716 0.0000e+00
     19.000    28.2192   5.758893    35.7841        852     0.5907 0.0000e+00
     20.000    28.1921   5.758666    35.8027        878     0.6087 0.0000e+00
     21.000    28.1404   5.756942    35.8296        903     0.6262 0.0000e+00
     22.000    28.1218   5.756762    35.8421        928     0.6440 0.0000e+00
     23.000    28.0792   5.754422    35.8578        955     0.6624 0.0000e+00
     24.000    28.0439   5.752911    35.8737        981     0.6804 0.0000e+00
     25.000    28.0286   5.752230    35.8803       1005     0.6975 0.0000e+00
     26.000    28.0259   5.751896    35.8797       1030     0.7144 0.0000e+00
     27.000    28.0149   5.750996    35.8814       1055     0.7321 0.0000e+00
     28.000    28.0100   5.752064    35.8924       1082     0.7508 0.0000e+00
     29.000    28.0036   5.752801    35.9022       1110     0.7705 0.0000e+00
     30.000    27.9953   5.752223    35.9041       1139     0.7904 0.0000e+00
     31.000    27.9904   5.752250    35.9077       1167     0.8094 0.0000e+00
     32.000    27.9875   5.752323    35.9101       1192     0.8269 0.0000e+00
     33.000    27.9854   5.752513    35.9128       1217     0.8444 0.0000e+00
     34.000    27.9827   5.752558    35.9148       1243     0.8627 0.0000e+00
     35.000    27.9788   5.752353    35.9161       1269     0.8805 0.0000e+00
     36.000    27.9434   5.749870    35.9253       1292     0.8964 0.0000e+00
     37.000    27.8616   5.742764    35.9374       1314     0.9115 0.0000e+00
     38.000    27.7832   5.735160    35.9434       1336     0.9274 0.0000e+00
     39.000    27.6858   5.726107    35.9537       1365     0.9474 0.0000e+00
     40.000    27.5870   5.717463    35.9679       1400     0.9713 0.0000e+00
     41.000    27.4175   5.705061    36.0100       1430     0.9924 0.0000e+00
     42.000    27.1640   5.685616    36.0669       1455     1.0099 0.0000e+00
     43.000    27.0637   5.676005    36.0756       1479     1.0263 0.0000e+00
     44.000    26.9416   5.664372    36.0866       1503     1.0431 0.0000e+00
     45.000    26.8622   5.656078    36.0885       1528     1.0607 0.0000e+00
     46.000    26.7896   5.648973    36.0937       1555     1.0793 0.0000e+00
     47.000    26.7111   5.641397    36.0999       1582     1.0976 0.0000e+00
     48.000    26.6191   5.633556    36.1149       1607     1.1154 0.0000e+00
     49.000    26.6052   5.632127    36.1151       1633     1.1332 0.0000e+00
     50.000    26.5873   5.630559    36.1174       1659     1.1512 0.0000e+00
     51.000    26.5726   5.628949    36.1169       1685     1.1693 0.0000e+00
     52.000    26.5685   5.628572    36.1171       1711     1.1877 0.0000e+00
     53.000    26.5535   5.627430    36.1203       1738     1.2062 0.0000e+00
     54.000    26.4894   5.621115    36.1245       1764     1.2247 0.0000e+00
     55.000    26.1270   5.583787    36.1373       1791     1.2427 0.0000e+00
     56.000    24.5131   5.388821    35.9742       1816     1.2606 0.0000e+00
     57.000    22.8737   5.175120    35.6687       1842     1.2787 0.0000e+00
     58.000    22.0672   5.065267    35.4685       1869     1.2969 0.0000e+00
     59.000    21.3406   4.973778    35.3399       1894     1.3148 0.0000e+00
     60.000    20.4201   4.857778    35.1672       1920     1.3325 0.0000e+00
     61.000    19.3221   4.724014    34.9826       1946     1.3510 0.0000e+00
     62.000    17.6360   4.508764    34.5919       1974     1.3704 0.0000e+00
     63.000    16.8412   4.412061    34.4333       2001     1.3888 0.0000e+00
     64.000    15.9801   4.310030    34.2754       2025     1.4058 0.0000e+00
     65.000    15.5575   4.260674    34.2002       2050     1.4231 0.0000e+00
     66.000    14.7046   4.168923    34.1130       2077     1.4419 0.0000e+00
     67.000    14.1668   4.104349    33.9921       2107     1.4627 0.0000e+00
     68.000    14.0287   4.087597    33.9584       2136     1.4829 0.0000e+00
     69.000    14.0275   4.085897    33.9432       2162     1.5010 0.0000e+00
     70.000    14.0252   4.084913    33.9358       2186     1.5177 0.0000e+00
     71.000    13.9590   4.078979    33.9387       2211     1.5345 0.0000e+00
     72.000    13.8539   4.068774    33.9362       2236     1.5523 0.0000e+00
     73.000    13.7386   4.057190    33.9298       2263     1.5708 0.0000e+00
     74.000    13.5702   4.039263    33.9110       2291     1.5901 0.0000e+00
     75.000    13.2948   4.008862    33.8695       2319     1.6099 0.0000e+00
     76.000    13.1368   3.989589    33.8278       2347     1.6290 0.0000e+00
     77.000    13.0751   3.980932    33.8005       2373     1.6476 0.0000e+00
     78.000    13.0533   3.978312    33.7946       2401     1.6664 0.0000e+00
     79.000    13.0208   3.975016    33.7920       2428     1.6854 0.0000e+00
     80.000    13.0053   3.974001    33.7957       2454     1.7037 0.0000e+00
     81.000    13.0609   3.982267    33.8241       2480     1.7212 0.0000e+00
     82.000    13.2219   4.002924    33.8755       2504     1.7385 0.0000e+00
     83.000    13.4339   4.029144    33.9333       2530     1.7564 0.0000e+00
     84.000    13.6611   4.060810    34.0278       2557     1.7747 0.0000e+00
     85.000    13.7870   4.077154    34.0682       2584     1.7937 0.0000e+00
     86.000    13.9395   4.097743    34.1242       2613     1.8141 0.0000e+00
     87.000    13.8707   4.096882    34.1770       2643     1.8346 0.0000e+00
     88.000    13.8485   4.095304    34.1816       2669     1.8527 0.0000e+00
     89.000    13.8054   4.091074    34.1801       2693     1.8691 0.0000e+00
     90.000    14.0398   4.125796    34.2940       2716     1.8857 0.0000e+00
     91.000    14.0417   4.133764    34.3660       2742     1.9038 0.0000e+00
     92.000    13.9630   4.125914    34.3629       2772     1.9243 0.0000e+00
     93.000    14.1933   4.155919    34.4349       2802     1.9449 0.0000e+00
     94.000    14.4650   4.196886    34.5706       2828     1.9629 0.0000e+00
     95.000    14.9768   4.266800    34.7529       2852     1.9801 0.0000e+00
     96.000    15.9048   4.417659    35.2890       2878     1.9981 0.0000e+00
     97.000    16.1877   4.463920    35.4493       2906     2.0172 0.0000e+00
     98.000    16.3940   4.504695    35.6268       2933     2.0365 0.0000e+00
     99.000    16.4584   4.520535    35.7093       2960     2.0547 0.0000e+00
    100.000    16.4799   4.526443    35.7419       2985     2.0723 0.0000e+00
    101.000    16.4815   4.528355    35.7569       3011     2.0904 0.0000e+00
    102.000    16.4807   4.529662    35.7689       3039     2.1099 0.0000e+00
    103.000    16.4993   4.533293    35.7839       3069     2.1308 0.0000e+00
    104.000    16.5489   4.542582    35.8212       3098     2.1505 0.0000e+00
    105.000    16.5934   4.551239    35.8575       3122     2.1677 0.0000e+00
    106.000    16.6043   4.553678    35.8688       3146     2.1837 0.0000e+00
    107.000    16.6120   4.555378    35.8765       3169     2.1998 0.0000e+00
    108.000    16.6481   4.562802    35.9093       3194     2.2174 0.0000e+00
    109.000    16.5985   4.570840    36.0245       3224     2.2381 0.0000e+00
    110.000    16.1044   4.529775    36.1064       3257     2.2612 0.0000e+00
    111.000    15.4732   4.460827    36.0622       3287     2.2819 0.0000e+00
    112.000    14.9896   4.402951    35.9795       3312     2.2993 0.0000e+00
    113.000    14.8457   4.387397    35.9693       3335     2.3155 0.0000e+00
    114.000    14.6072   4.362249    35.9579       3360     2.3325 0.0000e+00
    115.000    14.3211   4.328577    35.9113       3386     2.3504 0.0000e+00
    116.000    14.2652   4.320840    35.8909       3412     2.3685 0.0000e+00
    117.000    14.2283   4.316179    35.8814       3437     2.3863 0.0000e+00
    118.000    14.2017   4.312986    35.8760       3465     2.4055 0.0000e+00
    119.000    14.1450   4.306004    35.8633       3496     2.4272 0.0000e+00
    120.000    14.1287   4.303946    35.8588       3529     2.4500 0.0000e+00
    121.000    14.0682   4.297714    35.8566       3557     2.4697 0.0000e+00
    122.000    13.9663   4.285722    35.8390       3581     2.4862 0.0000e+00
    123.000    13.9531   4.283694    35.8319       3604     2.5020 0.0000e+00
    124.000    13.9494   4.283048    35.8289       3628     2.5188 0.0000e+00
    125.000    13.9355   4.281567    35.8276       3654     2.5367 0.0000e+00
    126.000    13.9138   4.278795    35.8213       3679     2.5540 0.0000e+00
    127.000    13.9218   4.279535    35.8204       3703     2.5708 0.0000e+00
    128.000    13.9274   4.280000    35.8191       3731     2.5902 0.0000e+00
    129.000    13.9280   4.280097    35.8190       3765     2.6137 0.0000e+00
    130.000    13.9239   4.279513    35.8170       3798     2.6366 0.0000e+00
    131.000    13.9281   4.279948    35.8167       3825     2.6553 0.0000e+00
    132.000    13.9119   4.278369    35.8166       3849     2.6721 0.0000e+00
    133.000    13.8776   4.274641    35.8132       3873     2.6889 0.0000e+00
    134.000    13.8587   4.272176    35.8073       3898     2.7064 0.0000e+00
    135.000    13.8568   4.271917    35.8062       3924     2.7240 0.0000e+00
    136.000    13.8248   4.268717    35.8056       3949     2.7416 0.0000e+00
    137.000    13.7907   4.264740    35.7997       3975     2.7595 0.0000e+00
    138.000    13.7908   4.264379    35.7958       4002     2.7784 0.0000e+00
    139.000    13.7615   4.261374    35.7945       4031     2.7983 0.0000e+00
    140.000    13.7567   4.260674    35.7920       4058     2.8177 0.0000e+00
    141.000    13.7014   4.255025    35.7901       4085     2.8360 0.0000e+00
    142.000    13.6522   4.249190    35.7807       4111     2.8543 0.0000e+00
    143.000    13.6336   4.246774    35.7749       4138     2.8731 0.0000e+00
    144.000    13.6397   4.247345    35.7741       4166     2.8926 0.0000e+00
    145.000    13.6493   4.248331    35.7740       4194     2.9116 0.0000e+00
    146.000    13.4993   4.232933    35.7687       4220     2.9296 0.0000e+00
    147.000    13.4600   4.227919    35.7577       4244     2.9468 0.0000e+00
    148.000    13.3602   4.217285    35.7501       4270     2.9644 0.0000e+00
    149.000    13.2751   4.207323    35.7350       4297     2.9834 0.0000e+00
    150.000    13.2051   4.199135    35.7226       4324     3.0023 0.0000e+00
    149.000    13.2965   4.207589    35.7175       5241     3.6389 0.0000e+00
    148.000    13.3154   4.209499    35.7183       5304     3.6826 0.0000e+00
    147.000    13.3282   4.211054    35.7214       5336     3.7049 0.0000e+00
    146.000    13.3618   4.214057    35.7188       5363     3.7233 0.0000e+00
    145.000    13.6220   4.240775    35.7283       5386     3.7399 0.0000e+00
    144.000    13.7299   4.254868    35.7607       5411     3.7569 0.0000e+00
    143.000    13.7596   4.258933    35.7716       5438     3.7756 0.0000e+00
    142.000    13.7826   4.261893    35.7783       5467     3.7957 0.0000e+00
    141.000    13.8280   4.266371    35.7785       5496     3.8157 0.0000e+00
    140.000    13.8694   4.271550    35.7889       5523     3.8345 0.0000e+00
    139.000    13.8582   4.270627    35.7912       5548     3.8522 0.0000e+00
    138.000    13.8816   4.272791    35.7900       5572     3.8689 0.0000e+00
    137.000    13.9194   4.277100    35.7956       5596     3.8857 0.0000e+00
    136.000    13.9384   4.279288    35.7987       5621     3.9026 0.0000e+00
    135.000    13.9480   4.280649    35.8030       5646     3.9203 0.0000e+00
    134.000    13.9696   4.282867    35.8041       5673     3.9388 0.0000e+00
    133.000    13.9883   4.285156    35.8085       5700     3.9578 0.0000e+00
    132.000    13.9845   4.284894    35.8100       5727     3.9766 0.0000e+00
    131.000    13.9842   4.284766    35.8095       5754     3.9952 0.0000e+00
    130.000    13.9738   4.283713    35.8098       5781     4.0140 0.0000e+00
    129.000    13.9730   4.283465    35.8086       5808     4.0330 0.0000e+00
    128.000    13.9788   4.284119    35.8098       5835     4.0511 0.0000e+00
    127.000    13.9679   4.283080    35.8107       5859     4.0683 0.0000e+00
    126.000    13.9629   4.282322    35.8087       5883     4.0847 0.0000e+00
    125.000    13.9610   4.282125    35.8090       5908     4.1021 0.0000e+00
    124.000    13.9795   4.284063    35.8103       5936     4.1213 0.0000e+00
    123.000    13.9832   4.284356    35.8100       5965     4.1414 0.0000e+00
    122.000    13.9975   4.286242    35.8148       5992     4.1607 0.0000e+00
    121.000    13.9921   4.285456    35.8129       6018     4.1788 0.0000e+00
    120.000    14.0497   4.290752    35.8092       6044     4.1965 0.0000e+00
    119.000    14.1762   4.305084    35.8257       6069     4.2136 0.0000e+00
    118.000    14.2275   4.311509    35.8382       6093     4.2304 0.0000e+00
    117.000    14.2333   4.312453    35.8420       6117     4.2474 0.0000e+00
    116.000    14.2405   4.313281    35.8436       6143     4.2652 0.0000e+00
    115.000    14.3135   4.320470    35.8430       6170     4.2838 0.0000e+00
    114.000    14.4111   4.331130    35.8518       6197     4.3029 0.0000e+00
    113.000    14.5760   4.349404    35.8686       6227     4.3233 0.0000e+00
    112.000    14.8212   4.375259    35.8808       6256     4.3439 0.0000e+00
    111.000    15.0094   4.395490    35.8934       6283     4.3626 0.0000e+00
    110.000    15.4270   4.438808    35.9054       6307     4.3792 0.0000e+00
    109.000    15.8926   4.492459    35.9652       6331     4.3959 0.0000e+00
    108.000    16.3839   4.540532    35.9499       6357     4.4140 0.0000e+00
    107.000    16.6452   4.562887    35.9131       6385     4.4336 0.0000e+00
    106.000    16.6137   4.556066    35.8815       6412     4.4524 0.0000e+00
    105.000    16.5765   4.549596    35.8581       6436     4.4691 0.0000e+00
    104.000    16.5546   4.545419    35.8412       6459     4.4851 0.0000e+00
    103.000    16.5428   4.542550    35.8269       6484     4.5024 0.0000e+00
    102.000    16.5052   4.535193    35.7958       6514     4.5226 0.0000e+00
    101.000    16.5252   4.534571    35.7728       6545     4.5446 0.0000e+00
    100.000    16.5262   4.534660    35.7731       6574     4.5649 0.0000e+00
     99.000    16.4861   4.528434    35.7544       6601     4.5831 0.0000e+00
     98.000    16.4668   4.524658    35.7386       6626     4.6006 0.0000e+00
     97.000    16.4334   4.518532    35.7147       6651     4.6180 0.0000e+00
     96.000    16.3235   4.497554    35.6273       6676     4.6354 0.0000e+00
     95.000    16.0556   4.455766    35.4954       6700     4.6521 0.0000e+00
     94.000    15.3258   4.345168    35.1545       6724     4.6687 0.0000e+00
     93.000    14.6479   4.234403    34.7524       6750     4.6868 0.0000e+00
     92.000    14.3502   4.188932    34.6005       6781     4.7086 0.0000e+00
