HB2304/ctd073.cnv
* Sea-Bird SBE 9 Data File:
* FileName = C:\cruise\data\ctd073.hex
* Software Version Seasave V 7.26.7.121
* Temperature SN = 4591
* Conductivity SN = 3741
* Number of Bytes Per Scan = 37
* Number of Voltage Words = 4
* Number of Scans Averaged by the Deck Unit = 1
* NMEA Latitude = 41 05.40 N
* NMEA Longitude = 071 42.89 W
* NMEA UTC (Time) = Oct 06 2023  08:00:47
* NMEA baud rate = 4800
** Ship: Bigelow HB2304
** Program:  Fall Bottom Trawl Survey
** Chief Scientist: John Galbraith
# nquan = 7
# nvalues = 96                          
# units = specified
# name 0 = depSM: Depth [salt water, m]
# name 1 = t090C: Temperature [ITS-90, deg C]
# name 2 = c0S/m: Conductivity [S/m]
# name 3 = sal00: Salinity, Practical [PSU]
# name 4 = scan: Scan Count
# name 5 = timeM: Time, Elapsed [minutes]
# name 6 = flag: flag
# span 0 =      2.000,     50.000       
# span 1 =    16.3333,    17.9506       
# span 2 =   4.058156,   4.125069       
# span 3 =    31.0114,    31.7723       
# span 4 =        177,       3774       
# span 5 =     0.1223,     2.6200       
# span 6 = 0.0000e+00, 0.0000e+00       
# interval = meters: 1                  
# start_time = Oct 06 2023 08:00:47 [NMEA time, header]
# bad_flag = -9.990e-29
*END*
      3.000    17.8240   4.125069    31.1955        177     0.1223 0.0000e+00
      4.000    17.8130   4.124948    31.2025        349     0.2418 0.0000e+00
      5.000    17.7703   4.123084    31.2192        358     0.2478 0.0000e+00
      6.000    17.6154   4.114850    31.2680        377     0.2614 0.0000e+00
      7.000    17.5575   4.112510    31.2924        401     0.2777 0.0000e+00
      8.000    17.5109   4.111204    31.3169        429     0.2973 0.0000e+00
      9.000    17.4829   4.110401    31.3313        456     0.3161 0.0000e+00
     10.000    17.4669   4.110111    31.3408        480     0.3329 0.0000e+00
     11.000    17.4568   4.110019    31.3475        504     0.3495 0.0000e+00
     12.000    17.4550   4.110011    31.3485        531     0.3678 0.0000e+00
     13.000    17.4483   4.109991    31.3531        560     0.3882 0.0000e+00
     14.000    17.4334   4.109547    31.3605        590     0.4091 0.0000e+00
     15.000    17.4279   4.109279    31.3622        617     0.4279 0.0000e+00
     16.000    17.4195   4.109354    31.3689        642     0.4450 0.0000e+00
     17.000    17.3998   4.108814    31.3792        666     0.4618 0.0000e+00
     18.000    17.3928   4.108652    31.3829        691     0.4795 0.0000e+00
     19.000    17.3853   4.108399    31.3862        718     0.4980 0.0000e+00
     20.000    17.2833   4.103800    31.4258        744     0.5162 0.0000e+00
     21.000    17.1734   4.098052    31.4617        770     0.5338 0.0000e+00
     22.000    17.0244   4.090574    31.5135        794     0.5505 0.0000e+00
     23.000    16.9730   4.087324    31.5254        817     0.5666 0.0000e+00
     24.000    16.9339   4.084736    31.5334        842     0.5842 0.0000e+00
     25.000    16.9206   4.084427    31.5408        874     0.6060 0.0000e+00
     26.000    16.9005   4.083242    31.5460        908     0.6299 0.0000e+00
     27.000    16.8424   4.080361    31.5664        936     0.6495 0.0000e+00
     28.000    16.8178   4.079201    31.5753        959     0.6653 0.0000e+00
     29.000    16.7792   4.078197    31.5967        980     0.6799 0.0000e+00
     30.000    16.7534   4.077715    31.6124       1002     0.6950 0.0000e+00
     31.000    16.7263   4.077661    31.6330       1026     0.7115 0.0000e+00
     32.000    16.7122   4.077076    31.6387       1051     0.7295 0.0000e+00
     33.000    16.6626   4.075972    31.6679       1080     0.7490 0.0000e+00
     34.000    16.6356   4.074468    31.6758       1109     0.7698 0.0000e+00
     35.000    16.6146   4.074174    31.6895       1137     0.7891 0.0000e+00
     36.000    16.5984   4.073226    31.6938       1163     0.8068 0.0000e+00
     37.000    16.5878   4.072626    31.6966       1189     0.8249 0.0000e+00
     38.000    16.5647   4.071547    31.7052       1216     0.8437 0.0000e+00
     39.000    16.5291   4.069810    31.7179       1244     0.8629 0.0000e+00
     40.000    16.4916   4.067938    31.7311       1269     0.8809 0.0000e+00
     41.000    16.3976   4.063179    31.7639       1293     0.8973 0.0000e+00
     42.000    16.3782   4.061512    31.7644       1315     0.9126 0.0000e+00
     43.000    16.3807   4.061538    31.7623       1338     0.9283 0.0000e+00
     44.000    16.3781   4.061327    31.7622       1363     0.9461 0.0000e+00
     45.000    16.3676   4.060757    31.7652       1395     0.9679 0.0000e+00
     46.000    16.3608   4.060263    31.7660       1426     0.9899 0.0000e+00
     47.000    16.3695   4.060767    31.7631       1455     1.0096 0.0000e+00
     48.000    16.3418   4.059347    31.7723       1482     1.0285 0.0000e+00
     49.000    16.3460   4.059189    31.7673       1937     1.3447 0.0000e+00
     50.000    16.3333   4.058156    31.7680       2856     1.9824 0.0000e+00
     49.000    16.3408   4.058669    31.7669       2483     1.7233 0.0000e+00
     48.000    16.3422   4.058710    31.7664       2511     1.7429 0.0000e+00
     47.000    16.3432   4.058720    31.7661       2532     1.7577 0.0000e+00
     46.000    16.3531   4.059158    31.7624       2556     1.7740 0.0000e+00
     45.000    16.3712   4.060120    31.7568       2580     1.7911 0.0000e+00
     44.000    16.4141   4.062345    31.7425       2606     1.8087 0.0000e+00
     43.000    16.4456   4.064240    31.7343       2633     1.8276 0.0000e+00
     42.000    16.4720   4.065590    31.7254       2661     1.8475 0.0000e+00
     41.000    16.4863   4.066414    31.7216       2689     1.8670 0.0000e+00
     40.000    16.4982   4.066963    31.7173       2717     1.8859 0.0000e+00
     39.000    16.5313   4.068544    31.7052       2742     1.9033 0.0000e+00
     38.000    16.5584   4.069800    31.6950       2763     1.9183 0.0000e+00
     37.000    16.5933   4.071512    31.6826       2784     1.9324 0.0000e+00
     36.000    16.6058   4.072216    31.6791       2805     1.9475 0.0000e+00
     35.000    16.6276   4.073025    31.6693       2833     1.9664 0.0000e+00
     34.000    16.6438   4.073536    31.6613       2867     1.9905 0.0000e+00
     33.000    16.6565   4.074303    31.6582       2899     2.0123 0.0000e+00
     32.000    16.6848   4.075327    31.6452       2924     2.0296 0.0000e+00
     31.000    16.7222   4.076289    31.6243       2946     2.0449 0.0000e+00
     30.000    16.7504   4.077013    31.6088       2967     2.0600 0.0000e+00
     29.000    16.7661   4.076409    31.5915       2990     2.0756 0.0000e+00
     28.000    16.8142   4.077353    31.5623       3014     2.0926 0.0000e+00
     27.000    16.8496   4.078831    31.5476       3041     2.1108 0.0000e+00
     26.000    16.8805   4.080339    31.5367       3069     2.1308 0.0000e+00
     25.000    16.9146   4.081948    31.5241       3099     2.1516 0.0000e+00
     24.000    16.9643   4.084701    31.5093       3125     2.1696 0.0000e+00
     23.000    17.0163   4.087501    31.4931       3149     2.1862 0.0000e+00
     22.000    17.0695   4.090406    31.4769       3174     2.2038 0.0000e+00
     21.000    17.1211   4.092643    31.4561       3201     2.2223 0.0000e+00
     20.000    17.2617   4.099000    31.4015       3226     2.2396 0.0000e+00
     19.000    17.3455   4.104010    31.3796       3249     2.2555 0.0000e+00
     18.000    17.3665   4.105527    31.3767       3271     2.2711 0.0000e+00
     17.000    17.3901   4.106511    31.3671       3296     2.2880 0.0000e+00
     16.000    17.3968   4.106950    31.3660       3322     2.3065 0.0000e+00
     15.000    17.4052   4.107275    31.3627       3349     2.3249 0.0000e+00
     14.000    17.4157   4.107493    31.3567       3375     2.3433 0.0000e+00
     13.000    17.4171   4.107639    31.3573       3405     2.3640 0.0000e+00
     12.000    17.4223   4.107818    31.3551       3436     2.3854 0.0000e+00
     11.000    17.4281   4.107920    31.3518       3460     2.4020 0.0000e+00
     10.000    17.4589   4.108336    31.3319       3481     2.4165 0.0000e+00
      9.000    17.5464   4.110472    31.2829       3501     2.4305 0.0000e+00
      8.000    17.6315   4.112784    31.2375       3522     2.4454 0.0000e+00
      7.000    17.7268   4.118146    31.2101       3547     2.4627 0.0000e+00
      6.000    17.7865   4.122624    31.2025       3583     2.4872 0.0000e+00
      5.000    17.7933   4.122881    31.1999       3614     2.5093 0.0000e+00
      4.000    17.8209   4.123804    31.1868       3636     2.5241 0.0000e+00
      3.000    17.9016   4.120393    31.0969       3671     2.5486 0.0000e+00
      2.000    17.9506   4.114617    31.0114       3774     2.6200 0.0000e+00
