HB2304/ctd075.cnv
* Sea-Bird SBE 9 Data File:
* FileName = C:\cruise\data\ctd075.hex
* Software Version Seasave V 7.26.7.121
* Temperature SN = 4591
* Conductivity SN = 3741
* Number of Bytes Per Scan = 37
* Number of Voltage Words = 4
* Number of Scans Averaged by the Deck Unit = 1
* NMEA Latitude = 40 31.91 N
* NMEA Longitude = 072 03.41 W
* NMEA UTC (Time) = Oct 07 2023  04:07:36
* NMEA baud rate = 4800
** Ship: Bigelow HB2304
** Program:  Fall Bottom Trawl Survey
** Chief Scientist: John Galbraith
# nquan = 7
# nvalues = 104                         
# units = specified
# name 0 = depSM: Depth [salt water, m]
# name 1 = t090C: Temperature [ITS-90, deg C]
# name 2 = c0S/m: Conductivity [S/m]
# name 3 = sal00: Salinity, Practical [PSU]
# name 4 = scan: Scan Count
# name 5 = timeM: Time, Elapsed [minutes]
# name 6 = flag: flag
# span 0 =      2.000,     54.000       
# span 1 =    13.5834,    17.6683       
# span 2 =   3.880747,   4.200386       
# span 3 =    31.9276,    32.4264       
# span 4 =        185,       4154       
# span 5 =     0.1278,     2.8838       
# span 6 = 0.0000e+00, 0.0000e+00       
# interval = meters: 1                  
# start_time = Oct 07 2023 04:07:36 [NMEA time, header]
# bad_flag = -9.990e-29
*END*
      3.000    17.6061   4.195852    31.9639        185     0.1278 0.0000e+00
      4.000    17.6176   4.197081    31.9649        463     0.3210 0.0000e+00
      5.000    17.6193   4.197324    31.9653        477     0.3303 0.0000e+00
      6.000    17.5607   4.192874    31.9732        496     0.3435 0.0000e+00
      7.000    17.4738   4.185436    31.9779        513     0.3554 0.0000e+00
      8.000    17.4343   4.181543    31.9755        534     0.3700 0.0000e+00
      9.000    17.3835   4.177071    31.9771        570     0.3953 0.0000e+00
     10.000    17.3187   4.171587    31.9810        610     0.4230 0.0000e+00
     11.000    17.2047   4.162265    31.9909        635     0.4405 0.0000e+00
     12.000    16.9392   4.140490    32.0140        657     0.4556 0.0000e+00
     13.000    16.7407   4.121739    32.0096        679     0.4708 0.0000e+00
     14.000    16.5331   4.102316    32.0065        702     0.4866 0.0000e+00
     15.000    16.3916   4.086790    31.9841        724     0.5023 0.0000e+00
     16.000    16.3524   4.082211    31.9752        746     0.5174 0.0000e+00
     17.000    16.3243   4.078919    31.9686        770     0.5337 0.0000e+00
     18.000    16.2938   4.075511    31.9629        807     0.5598 0.0000e+00
     19.000    16.2746   4.073326    31.9588        852     0.5906 0.0000e+00
     20.000    16.2591   4.071707    31.9567        874     0.6065 0.0000e+00
     21.000    16.2449   4.070293    31.9553        892     0.6185 0.0000e+00
     22.000    16.2417   4.069911    31.9542        907     0.6295 0.0000e+00
     23.000    16.2388   4.070023    31.9571        925     0.6416 0.0000e+00
     24.000    16.2301   4.069288    31.9573        949     0.6580 0.0000e+00
     25.000    16.2148   4.067684    31.9552        985     0.6837 0.0000e+00
     26.000    16.2157   4.067694    31.9542       1022     0.7089 0.0000e+00
     27.000    16.2160   4.067683    31.9535       1054     0.7313 0.0000e+00
     28.000    16.2202   4.068046    31.9529       1081     0.7499 0.0000e+00
     29.000    16.2551   4.072978    31.9677       1101     0.7641 0.0000e+00
     30.000    16.2614   4.074010    31.9713       1119     0.7766 0.0000e+00
     31.000    16.2792   4.076652    31.9798       1138     0.7894 0.0000e+00
     32.000    16.2750   4.076740    31.9836       1159     0.8041 0.0000e+00
     33.000    16.2723   4.076597    31.9842       1189     0.8247 0.0000e+00
     34.000    16.2250   4.072256    31.9837       1227     0.8517 0.0000e+00
     35.000    16.1415   4.063549    31.9741       1260     0.8742 0.0000e+00
     36.000    16.0818   4.057640    31.9699       1286     0.8923 0.0000e+00
     37.000    16.0467   4.054652    31.9715       1309     0.9083 0.0000e+00
     38.000    15.9760   4.049310    31.9811       1331     0.9236 0.0000e+00
     39.000    15.8964   4.042874    31.9882       1353     0.9391 0.0000e+00
     40.000    15.8154   4.036501    31.9970       1377     0.9554 0.0000e+00
     41.000    15.7156   4.028714    32.0085       1402     0.9730 0.0000e+00
     42.000    15.6134   4.020773    32.0206       1430     0.9924 0.0000e+00
     43.000    15.5524   4.015334    32.0213       1459     1.0124 0.0000e+00
     44.000    15.5269   4.013090    32.0218       1488     1.0325 0.0000e+00
     45.000    15.4812   4.010204    32.0328       1516     1.0520 0.0000e+00
     46.000    15.4217   4.005834    32.0420       1541     1.0691 0.0000e+00
     47.000    15.2741   3.995102    32.0661       1565     1.0860 0.0000e+00
     48.000    14.9907   3.975340    32.1206       1592     1.1049 0.0000e+00
     49.000    14.7862   3.958540    32.1369       1620     1.1244 0.0000e+00
     50.000    14.6396   3.946524    32.1487       1644     1.1410 0.0000e+00
     51.000    14.6058   3.943449    32.1484       1666     1.1562 0.0000e+00
     52.000    14.5781   3.941444    32.1527       1688     1.1719 0.0000e+00
     53.000    14.4873   3.944158    32.2525       1714     1.1895 0.0000e+00
     54.000    13.5834   3.880747    32.4264       2502     1.7367 0.0000e+00
     53.000    14.3005   3.930821    32.2862       2829     1.9640 0.0000e+00
     52.000    14.5450   3.940236    32.1691       2805     1.9476 0.0000e+00
     51.000    14.5684   3.937997    32.1297       2826     1.9616 0.0000e+00
     50.000    14.5853   3.939057    32.1258       2847     1.9765 0.0000e+00
     49.000    14.6002   3.939963    32.1221       2872     1.9937 0.0000e+00
     48.000    14.6289   3.942112    32.1183       2901     2.0137 0.0000e+00
     47.000    14.6642   3.944390    32.1102       2932     2.0352 0.0000e+00
     46.000    14.9508   3.964258    32.0543       2962     2.0566 0.0000e+00
     45.000    14.9958   3.969034    32.0608       2990     2.0756 0.0000e+00
     44.000    15.1905   3.982216    32.0202       3015     2.0929 0.0000e+00
     43.000    15.4135   3.998830    31.9873       3039     2.1095 0.0000e+00
     42.000    15.4608   4.003310    31.9892       3060     2.1245 0.0000e+00
     41.000    15.4885   4.006226    31.9930       3080     2.1380 0.0000e+00
     40.000    15.5622   4.011490    31.9803       3100     2.1518 0.0000e+00
     39.000    15.5999   4.015192    31.9831       3123     2.1683 0.0000e+00
     38.000    15.5880   4.014125    31.9836       3153     2.1887 0.0000e+00
     37.000    15.6815   4.021656    31.9750       3184     2.2107 0.0000e+00
     36.000    15.7697   4.027377    31.9548       3219     2.2345 0.0000e+00
     35.000    15.9498   4.042498    31.9433       3251     2.2569 0.0000e+00
     34.000    16.0296   4.049561    31.9416       3273     2.2723 0.0000e+00
     33.000    16.0671   4.053384    31.9454       3291     2.2849 0.0000e+00
     32.000    16.1755   4.063816    31.9503       3308     2.2967 0.0000e+00
     31.000    16.2019   4.067202    31.9591       3326     2.3092 0.0000e+00
     30.000    16.2342   4.070238    31.9601       3348     2.3242 0.0000e+00
     29.000    16.2492   4.072257    31.9661       3383     2.3485 0.0000e+00
     28.000    16.2524   4.072680    31.9677       3428     2.3796 0.0000e+00
     27.000    16.2418   4.070724    31.9594       3454     2.3978 0.0000e+00
     26.000    16.2318   4.069535    31.9574       3473     2.4108 0.0000e+00
     25.000    16.2180   4.067172    31.9481       3489     2.4225 0.0000e+00
     24.000    16.2158   4.066505    31.9444       3507     2.4346 0.0000e+00
     23.000    16.2148   4.066323    31.9440       3528     2.4493 0.0000e+00
     22.000    16.2165   4.066331    31.9430       3568     2.4769 0.0000e+00
     21.000    16.2166   4.066279    31.9429       3608     2.5047 0.0000e+00
     20.000    16.2260   4.066997    31.9420       3628     2.5189 0.0000e+00
     19.000    16.2317   4.067223    31.9398       3646     2.5311 0.0000e+00
     18.000    16.2444   4.068393    31.9402       3664     2.5434 0.0000e+00
     17.000    16.2614   4.069777    31.9391       3684     2.5576 0.0000e+00
     16.000    16.2608   4.069951    31.9414       3713     2.5776 0.0000e+00
     15.000    16.2753   4.071334    31.9423       3751     2.6043 0.0000e+00
     14.000    16.3151   4.074335    31.9370       3781     2.6249 0.0000e+00
     13.000    16.3530   4.078832    31.9463       3804     2.6407 0.0000e+00
     12.000    16.5433   4.094164    31.9281       3825     2.6552 0.0000e+00
     11.000    16.6990   4.111730    31.9569       3846     2.6701 0.0000e+00
     10.000    16.9589   4.132209    31.9276       3870     2.6866 0.0000e+00
      9.000    17.0809   4.145775    31.9481       3896     2.7049 0.0000e+00
      8.000    17.0715   4.146424    31.9615       3923     2.7233 0.0000e+00
      7.000    17.1317   4.149789    31.9432       3949     2.7416 0.0000e+00
      6.000    17.3328   4.167491    31.9362       3977     2.7614 0.0000e+00
      5.000    17.5428   4.187446    31.9414       4006     2.7815 0.0000e+00
      4.000    17.5601   4.189867    31.9488       4034     2.8005 0.0000e+00
      3.000    17.6216   4.195269    31.9467       4057     2.8169 0.0000e+00
      2.000    17.6683   4.200386    31.9538       4154     2.8838 0.0000e+00
