HB2304/ctd058.cnv
* Sea-Bird SBE 9 Data File:
* FileName = C:\cruise\data\ctd058.hex
* Software Version Seasave V 7.26.7.121
* Temperature SN = 4591
* Conductivity SN = 3741
* Number of Bytes Per Scan = 37
* Number of Voltage Words = 4
* Number of Scans Averaged by the Deck Unit = 1
* NMEA Latitude = 37 26.30 N
* NMEA Longitude = 075 24.80 W
* NMEA UTC (Time) = Sep 21 2023  21:42:19
* NMEA baud rate = 4800
** Ship: Bigelow HB2304
** Program:  Fall Bottom Trawl Survey
** Chief Scientist: John Galbraith
# nquan = 7
# nvalues = 35                          
# units = specified
# name 0 = depSM: Depth [salt water, m]
# name 1 = t090C: Temperature [ITS-90, deg C]
# name 2 = c0S/m: Conductivity [S/m]
# name 3 = sal00: Salinity, Practical [PSU]
# name 4 = scan: Scan Count
# name 5 = timeM: Time, Elapsed [minutes]
# name 6 = flag: flag
# span 0 =      3.000,     20.000       
# span 1 =    24.1487,    24.2411       
# span 2 =   4.804677,   4.814871       
# span 3 =    31.8953,    31.9088       
# span 4 =        -66,       2349       
# span 5 =    -0.0467,     1.6305       
# span 6 = 0.0000e+00, 0.0000e+00       
# interval = meters: 1                  
# start_time = Sep 21 2023 21:42:19 [NMEA time, header]
# bad_flag = -9.990e-29
*END*
      3.000    24.2392   4.814421    31.9086        -66    -0.0467 0.0000e+00
      4.000    24.2403   4.814580    31.9087        346     0.2395 0.0000e+00
      5.000    24.2399   4.814595    31.9088        438     0.3037 0.0000e+00
      6.000    24.2385   4.814457    31.9085        523     0.3623 0.0000e+00
      7.000    24.2397   4.814437    31.9072        598     0.4148 0.0000e+00
      8.000    24.2408   4.814584    31.9072        625     0.4337 0.0000e+00
      9.000    24.2407   4.814697    31.9078        652     0.4520 0.0000e+00
     10.000    24.2403   4.814664    31.9075        680     0.4712 0.0000e+00
     11.000    24.2404   4.814710    31.9075        710     0.4924 0.0000e+00
     12.000    24.2398   4.814695    31.9076        747     0.5178 0.0000e+00
     13.000    24.2400   4.814755    31.9076        788     0.5464 0.0000e+00
     14.000    24.2411   4.814871    31.9074        824     0.5712 0.0000e+00
     15.000    24.2393   4.814811    31.9079        853     0.5916 0.0000e+00
     16.000    24.2351   4.814253    31.9065        887     0.6153 0.0000e+00
     17.000    24.2284   4.813646    31.9064        922     0.6398 0.0000e+00
     18.000    24.1814   4.808840    31.9039        951     0.6600 0.0000e+00
     19.000    24.1498   4.804691    31.8953        986     0.6837 0.0000e+00
     20.000    24.1487   4.804677    31.8957        998     0.6927 0.0000e+00
     19.000    24.1671   4.806443    31.8960       1450     1.0064 0.0000e+00
     18.000    24.2272   4.813415    31.9052       1818     1.2618 0.0000e+00
     17.000    24.2308   4.813894    31.9065       1882     1.3066 0.0000e+00
     16.000    24.2325   4.814099    31.9071       1915     1.3294 0.0000e+00
     15.000    24.2329   4.814096    31.9071       1939     1.3459 0.0000e+00
     14.000    24.2327   4.814117    31.9077       1961     1.3613 0.0000e+00
     13.000    24.2288   4.813781    31.9083       1984     1.3770 0.0000e+00
     12.000    24.2261   4.813495    31.9084       2007     1.3928 0.0000e+00
     11.000    24.2244   4.813290    31.9084       2033     1.4112 0.0000e+00
     10.000    24.2207   4.812823    31.9079       2070     1.4366 0.0000e+00
      9.000    24.2269   4.813216    31.9067       2103     1.4598 0.0000e+00
      8.000    24.2282   4.813088    31.9051       2131     1.4789 0.0000e+00
      7.000    24.2286   4.813325    31.9068       2162     1.5005 0.0000e+00
      6.000    24.2285   4.813286    31.9069       2203     1.5290 0.0000e+00
      5.000    24.2280   4.813201    31.9070       2231     1.5488 0.0000e+00
      4.000    24.2276   4.813227    31.9078       2254     1.5648 0.0000e+00
      3.000    24.2292   4.813331    31.9077       2349     1.6305 0.0000e+00
