HB2304/ctd093.cnv
* Sea-Bird SBE 9 Data File:
* FileName = C:\cruise\data\ctd093.hex
* Software Version Seasave V 7.26.7.121
* Temperature SN = 4591
* Conductivity SN = 3741
* Number of Bytes Per Scan = 37
* Number of Voltage Words = 4
* Number of Scans Averaged by the Deck Unit = 1
* NMEA Latitude = 39 25.92 N
* NMEA Longitude = 072 59.00 W
* NMEA UTC (Time) = Oct 09 2023  19:58:24
* NMEA baud rate = 4800
** Ship: Bigelow HB2304
** Program:  Fall Bottom Trawl Survey
** Chief Scientist: John Galbraith
# nquan = 7
# nvalues = 114                         
# units = specified
# name 0 = depSM: Depth [salt water, m]
# name 1 = t090C: Temperature [ITS-90, deg C]
# name 2 = c0S/m: Conductivity [S/m]
# name 3 = sal00: Salinity, Practical [PSU]
# name 4 = scan: Scan Count
# name 5 = timeM: Time, Elapsed [minutes]
# name 6 = flag: flag
# span 0 =      3.000,     60.000       
# span 1 =    11.8022,    18.2488       
# span 2 =   3.757034,   4.418622       
# span 3 =    32.7834,    33.3447       
# span 4 =        217,       4657       
# span 5 =     0.1498,     3.2334       
# span 6 = 0.0000e+00, 0.0000e+00       
# interval = meters: 1                  
# start_time = Oct 09 2023 19:58:24 [NMEA time, header]
# bad_flag = -9.990e-29
*END*
      4.000    17.8320   4.318471    32.8258        217     0.1498 0.0000e+00
      5.000    17.8336   4.318734    32.8263        398     0.2755 0.0000e+00
      6.000    17.8327   4.318678    32.8262        445     0.3084 0.0000e+00
      7.000    17.8356   4.319096    32.8271        469     0.3253 0.0000e+00
      8.000    17.8334   4.318981    32.8276        516     0.3575 0.0000e+00
      9.000    17.8315   4.318857    32.8276        560     0.3879 0.0000e+00
     10.000    17.8332   4.318969    32.8269        593     0.4113 0.0000e+00
     11.000    17.8368   4.319339    32.8267        641     0.4448 0.0000e+00
     12.000    17.8389   4.319680    32.8276        675     0.4679 0.0000e+00
     13.000    17.8409   4.320114    32.8293        713     0.4944 0.0000e+00
     14.000    17.8396   4.320090    32.8298        760     0.5274 0.0000e+00
     15.000    17.8504   4.322867    32.8444        783     0.5428 0.0000e+00
     16.000    17.8891   4.328148    32.8576        804     0.5574 0.0000e+00
     17.000    17.9333   4.335075    32.8804        828     0.5745 0.0000e+00
     18.000    17.9370   4.335846    32.8836        861     0.5974 0.0000e+00
     19.000    17.9363   4.335884    32.8842        894     0.6203 0.0000e+00
     20.000    17.9370   4.336101    32.8850        917     0.6363 0.0000e+00
     21.000    17.9428   4.336991    32.8875        938     0.6506 0.0000e+00
     22.000    17.9506   4.338242    32.8915        961     0.6667 0.0000e+00
     23.000    17.9646   4.340227    32.8967        991     0.6878 0.0000e+00
     24.000    17.9717   4.341253    32.8993       1021     0.7085 0.0000e+00
     25.000    17.9767   4.342120    32.9023       1044     0.7245 0.0000e+00
     26.000    17.9773   4.342271    32.9027       1067     0.7403 0.0000e+00
     27.000    17.9761   4.342282    32.9034       1094     0.7590 0.0000e+00
     28.000    17.9513   4.339390    32.8985       1126     0.7813 0.0000e+00
     29.000    17.9479   4.339237    32.8996       1153     0.8002 0.0000e+00
     30.000    18.0534   4.355764    32.9541       1176     0.8162 0.0000e+00
     31.000    18.2249   4.387021    33.0795       1200     0.8324 0.0000e+00
     32.000    18.2458   4.397700    33.1523       1227     0.8514 0.0000e+00
     33.000    18.2398   4.400403    33.1796       1258     0.8729 0.0000e+00
     34.000    18.2371   4.403717    33.2094       1285     0.8916 0.0000e+00
     35.000    18.2437   4.410374    33.2598       1307     0.9070 0.0000e+00
     36.000    18.2263   4.418622    33.3432       1328     0.9218 0.0000e+00
     37.000    17.9581   4.391543    33.3321       1354     0.9398 0.0000e+00
     38.000    17.7881   4.375342    33.3329       1388     0.9630 0.0000e+00
     39.000    17.4490   4.344228    33.3447       1415     0.9820 0.0000e+00
     40.000    16.8781   4.288946    33.3386       1437     0.9971 0.0000e+00
     41.000    16.6161   4.258466    33.2903       1459     1.0125 0.0000e+00
     42.000    16.5251   4.249002    33.2829       1487     1.0320 0.0000e+00
     43.000    16.4018   4.235400    33.2661       1520     1.0548 0.0000e+00
     44.000    16.1029   4.204637    33.2445       1549     1.0748 0.0000e+00
     45.000    15.8618   4.178410    33.2140       1573     1.0918 0.0000e+00
     46.000    15.4255   4.137083    33.2121       1596     1.1074 0.0000e+00
     47.000    14.6557   4.058843    33.1578       1618     1.1226 0.0000e+00
     48.000    14.2979   4.016333    33.0745       1643     1.1401 0.0000e+00
     49.000    14.1087   3.995978    33.0488       1673     1.1613 0.0000e+00
     50.000    14.0177   3.984892    33.0242       1704     1.1824 0.0000e+00
     51.000    13.5950   3.947948    33.0443       1733     1.2028 0.0000e+00
     52.000    12.7382   3.859762    32.9577       1762     1.2231 0.0000e+00
     53.000    12.4822   3.833944    32.9349       1791     1.2427 0.0000e+00
     54.000    12.1170   3.796937    32.8995       1817     1.2609 0.0000e+00
     55.000    11.9056   3.773521    32.8590       1849     1.2833 0.0000e+00
     56.000    11.8350   3.764993    32.8382       1888     1.3105 0.0000e+00
     57.000    11.8205   3.762803    32.8293       1916     1.3302 0.0000e+00
     58.000    11.8086   3.761141    32.8232       1947     1.3515 0.0000e+00
     59.000    11.8022   3.759942    32.8168       1990     1.3810 0.0000e+00
     60.000    11.8112   3.757523    32.7849       2776     1.9272 0.0000e+00
     59.000    11.8080   3.757115    32.7842       3229     2.2415 0.0000e+00
     58.000    11.8073   3.757034    32.7845       3213     2.2303 0.0000e+00
     57.000    11.8098   3.757175    32.7840       3235     2.2458 0.0000e+00
     56.000    11.8330   3.759174    32.7834       3258     2.2615 0.0000e+00
     55.000    11.8689   3.762545    32.7849       3285     2.2805 0.0000e+00
     54.000    11.9294   3.767852    32.7836       3314     2.3009 0.0000e+00
     53.000    12.1882   3.792244    32.7922       3338     2.3172 0.0000e+00
     52.000    12.4557   3.818223    32.8080       3360     2.3325 0.0000e+00
     51.000    12.9112   3.858253    32.7931       3385     2.3498 0.0000e+00
     50.000    13.8243   3.949805    32.8649       3410     2.3675 0.0000e+00
     49.000    14.0269   3.974683    32.9223       3433     2.3836 0.0000e+00
     48.000    14.1711   3.989671    32.9377       3457     2.3999 0.0000e+00
     47.000    14.4548   4.017772    32.9542       3484     2.4186 0.0000e+00
     46.000    15.0927   4.082932    33.0061       3512     2.4383 0.0000e+00
     45.000    15.6175   4.137591    33.0556       3538     2.4559 0.0000e+00
     44.000    15.9256   4.170946    33.0947       3560     2.4718 0.0000e+00
     43.000    16.2744   4.208460    33.1355       3584     2.4882 0.0000e+00
     42.000    16.4567   4.229851    33.1721       3609     2.5053 0.0000e+00
     41.000    16.5534   4.241247    33.1919       3636     2.5243 0.0000e+00
     40.000    16.7644   4.261648    33.1954       3668     2.5464 0.0000e+00
     39.000    17.3362   4.316932    33.2028       3695     2.5649 0.0000e+00
     38.000    17.6261   4.347872    33.2310       3716     2.5797 0.0000e+00
     37.000    17.8560   4.371551    33.2455       3737     2.5948 0.0000e+00
     36.000    18.0391   4.389511    33.2492       3763     2.6125 0.0000e+00
     35.000    18.2283   4.410417    33.2726       3791     2.6316 0.0000e+00
     34.000    18.2133   4.399940    33.1968       3816     2.6495 0.0000e+00
     33.000    18.2217   4.396440    33.1608       3841     2.6665 0.0000e+00
     32.000    18.2340   4.394715    33.1367       3868     2.6854 0.0000e+00
     31.000    18.2488   4.392760    33.1086       3898     2.7060 0.0000e+00
     30.000    18.1732   4.376889    33.0361       3923     2.7233 0.0000e+00
     29.000    18.0432   4.355923    32.9641       3945     2.7388 0.0000e+00
     28.000    17.9512   4.338543    32.8914       3970     2.7560 0.0000e+00
     27.000    17.9547   4.337703    32.8818       3998     2.7759 0.0000e+00
     26.000    17.9656   4.339202    32.8862       4026     2.7953 0.0000e+00
     25.000    17.9682   4.339509    32.8870       4053     2.8137 0.0000e+00
     24.000    17.9697   4.339545    32.8865       4079     2.8318 0.0000e+00
     23.000    17.9734   4.340024    32.8879       4104     2.8496 0.0000e+00
     22.000    17.9771   4.340418    32.8886       4129     2.8667 0.0000e+00
     21.000    17.9791   4.340663    32.8894       4153     2.8833 0.0000e+00
     20.000    17.9748   4.340120    32.8887       4179     2.9012 0.0000e+00
     19.000    17.9704   4.339521    32.8875       4205     2.9197 0.0000e+00
     18.000    17.9644   4.338589    32.8848       4231     2.9372 0.0000e+00
     17.000    17.9586   4.337669    32.8820       4256     2.9548 0.0000e+00
     16.000    17.9485   4.336186    32.8780       4285     2.9748 0.0000e+00
     15.000    17.9161   4.331710    32.8665       4313     2.9944 0.0000e+00
     14.000    17.8797   4.326437    32.8514       4337     3.0108 0.0000e+00
     13.000    17.8563   4.322156    32.8343       4359     3.0267 0.0000e+00
     12.000    17.8532   4.321828    32.8343       4385     3.0448 0.0000e+00
     11.000    17.8326   4.318779    32.8254       4416     3.0659 0.0000e+00
     10.000    17.8316   4.318497    32.8242       4443     3.0849 0.0000e+00
      9.000    17.8312   4.318382    32.8239       4466     3.1006 0.0000e+00
      8.000    17.8318   4.318389    32.8238       4487     3.1155 0.0000e+00
      7.000    17.8331   4.318502    32.8241       4511     3.1322 0.0000e+00
      6.000    17.8334   4.318661    32.8255       4543     3.1540 0.0000e+00
      5.000    17.8345   4.318772    32.8260       4573     3.1753 0.0000e+00
      4.000    17.8358   4.318925    32.8266       4597     3.1920 0.0000e+00
      3.000    17.8367   4.319026    32.8270       4657     3.2334 0.0000e+00
