HB2304/ctd076.cnv
* Sea-Bird SBE 9 Data File:
* FileName = C:\cruise\data\ctd076.hex
* Software Version Seasave V 7.26.7.121
* Temperature SN = 4591
* Conductivity SN = 3741
* Number of Bytes Per Scan = 37
* Number of Voltage Words = 4
* Number of Scans Averaged by the Deck Unit = 1
* NMEA Latitude = 40 59.11 N
* NMEA Longitude = 071 54.70 W
* NMEA UTC (Time) = Oct 07 2023  08:55:50
* NMEA baud rate = 4800
** Ship: Bigelow HB2304
** Program:  Fall Bottom Trawl Survey
** Chief Scientist: John Galbraith
# nquan = 7
# nvalues = 34                          
# units = specified
# name 0 = depSM: Depth [salt water, m]
# name 1 = t090C: Temperature [ITS-90, deg C]
# name 2 = c0S/m: Conductivity [S/m]
# name 3 = sal00: Salinity, Practical [PSU]
# name 4 = scan: Scan Count
# name 5 = timeM: Time, Elapsed [minutes]
# name 6 = flag: flag
# span 0 =      2.000,     19.000       
# span 1 =    18.2539,    18.3493       
# span 2 =   4.097805,   4.100965       
# span 3 =    30.5803,    30.6632       
# span 4 =        -71,       2952       
# span 5 =    -0.0497,     2.0492       
# span 6 = 0.0000e+00, 0.0000e+00       
# interval = meters: 1                  
# start_time = Oct 07 2023 08:55:50 [NMEA time, header]
# bad_flag = -9.990e-29
*END*
      3.000    18.3354   4.097848    30.5819        -71    -0.0497 0.0000e+00
      4.000    18.3356   4.097805    30.5810        868     0.6019 0.0000e+00
      5.000    18.3357   4.097877    30.5812        966     0.6700 0.0000e+00
      6.000    18.3358   4.097933    30.5813        995     0.6900 0.0000e+00
      7.000    18.3362   4.097986    30.5811       1036     0.7191 0.0000e+00
      8.000    18.3365   4.098019    30.5809       1076     0.7465 0.0000e+00
      9.000    18.3365   4.098069    30.5809       1103     0.7649 0.0000e+00
     10.000    18.3366   4.098064    30.5804       1121     0.7777 0.0000e+00
     11.000    18.3365   4.098102    30.5805       1137     0.7891 0.0000e+00
     12.000    18.3326   4.098205    30.5839       1155     0.8017 0.0000e+00
     13.000    18.3273   4.098312    30.5884       1203     0.8344 0.0000e+00
     14.000    18.3312   4.098313    30.5852       1270     0.8813 0.0000e+00
     15.000    18.3210   4.098513    30.5941       1291     0.8960 0.0000e+00
     16.000    18.3185   4.098607    30.5964       1310     0.9094 0.0000e+00
     17.000    18.3162   4.098805    30.5995       1331     0.9233 0.0000e+00
     18.000    18.2956   4.099863    30.6233       1357     0.9415 0.0000e+00
     19.000    18.2539   4.100965    30.6632       1385     0.9609 0.0000e+00
     18.000    18.2921   4.099979    30.6269       1496     1.0383 0.0000e+00
     17.000    18.3133   4.098867    30.6021       2355     1.6350 0.0000e+00
     16.000    18.3106   4.098830    30.6042       2538     1.7621 0.0000e+00
     15.000    18.3158   4.098469    30.5976       2569     1.7833 0.0000e+00
     14.000    18.3207   4.098232    30.5923       2598     1.8037 0.0000e+00
     13.000    18.3240   4.098126    30.5894       2658     1.8453 0.0000e+00
     12.000    18.3252   4.098041    30.5881       2684     1.8632 0.0000e+00
     11.000    18.3297   4.098054    30.5852       2703     1.8764 0.0000e+00
     10.000    18.3376   4.098205    30.5809       2720     1.8883 0.0000e+00
      9.000    18.3393   4.098306    30.5808       2738     1.9004 0.0000e+00
      8.000    18.3427   4.098511    30.5803       2759     1.9149 0.0000e+00
      7.000    18.3459   4.098768    30.5804       2792     1.9385 0.0000e+00
      6.000    18.3493   4.099062    30.5806       2831     1.9652 0.0000e+00
      5.000    18.3476   4.098890    30.5808       2853     1.9806 0.0000e+00
      4.000    18.3461   4.098733    30.5810       2871     1.9929 0.0000e+00
      3.000    18.3439   4.098475    30.5808       2891     2.0068 0.0000e+00
      2.000    18.3413   4.098225    30.5809       2952     2.0492 0.0000e+00
