HB2304/ctd035.cnv
* Sea-Bird SBE 9 Data File:
* FileName = C:\cruise\data\ctd035.hex
* Software Version Seasave V 7.26.7.121
* Temperature SN = 4591
* Conductivity SN = 3741
* Number of Bytes Per Scan = 37
* Number of Voltage Words = 4
* Number of Scans Averaged by the Deck Unit = 1
* NMEA Latitude = 35 51.92 N
* NMEA Longitude = 074 55.90 W
* NMEA UTC (Time) = Sep 18 2023  19:04:53
* NMEA baud rate = 4800
** Ship: Bigelow HB2304
** Program:  Fall Bottom Trawl Survey
** Chief Scientist: John Galbraith
# nquan = 7
# nvalues = 118                         
# units = specified
# name 0 = depSM: Depth [salt water, m]
# name 1 = t090C: Temperature [ITS-90, deg C]
# name 2 = c0S/m: Conductivity [S/m]
# name 3 = sal00: Salinity, Practical [PSU]
# name 4 = scan: Scan Count
# name 5 = timeM: Time, Elapsed [minutes]
# name 6 = flag: flag
# span 0 =      1.000,     61.000       
# span 1 =    14.9455,    27.2038       
# span 2 =   4.146540,   5.577413       
# span 3 =    32.8523,    95.5296       
# span 4 =        168,       4862       
# span 5 =     0.1163,     3.3758       
# span 6 = 0.0000e+00, 0.0000e+00       
# interval = meters: 1                  
# start_time = Sep 18 2023 19:04:53 [NMEA time, header]
# bad_flag = -9.990e-29
*END*
      4.000    24.7867   5.005112    32.9246        168     0.1163 0.0000e+00
      5.000    24.7856   5.005095    32.9250        311     0.2152 0.0000e+00
      6.000    24.7870   5.004999    32.9230        342     0.2365 0.0000e+00
      7.000    24.7820   5.005016    32.9264        372     0.2577 0.0000e+00
      8.000    24.7433   5.002340    32.9347        399     0.2761 0.0000e+00
      9.000    24.7286   5.000948    32.9348        432     0.2994 0.0000e+00
     10.000    24.7107   4.999226    32.9348        469     0.3247 0.0000e+00
     11.000    24.7105   4.999140    32.9341        490     0.3396 0.0000e+00
     12.000    24.7112   4.999206    32.9337        508     0.3519 0.0000e+00
     13.000    24.7102   4.999148    32.9338        528     0.3659 0.0000e+00
     14.000    24.6873   4.997077    32.9349        561     0.3885 0.0000e+00
     15.000    24.5968   4.988125    32.9345        596     0.4134 0.0000e+00
     16.000    24.4221   4.969912    32.9272        621     0.4307 0.0000e+00
     17.000    24.3148   4.957752    32.9152        644     0.4467 0.0000e+00
     18.000    23.9545   4.925525    32.9397        669     0.4639 0.0000e+00
     19.000    23.6215   4.906460    33.0429        698     0.4838 0.0000e+00
     20.000    23.7698   4.933302    33.1344        735     0.5095 0.0000e+00
     21.000    24.0767   4.981504    33.2672        765     0.5304 0.0000e+00
     22.000    24.7215   5.093733    33.6223        786     0.5451 0.0000e+00
     23.000    25.4089   5.213148    33.9880        808     0.5603 0.0000e+00
     24.000    25.8106   5.290028    34.2491        834     0.5782 0.0000e+00
     25.000    26.0006   5.324203    34.3547        863     0.5985 0.0000e+00
     26.000    26.4868   5.418127    34.6685        894     0.6204 0.0000e+00
     27.000    26.7856   5.475096    34.8527        933     0.6475 0.0000e+00
     28.000    26.9706   5.511995    34.9774        960     0.6663 0.0000e+00
     29.000    27.0867   5.534624    35.0512        979     0.6790 0.0000e+00
     30.000    27.1304   5.545940    35.0987        996     0.6906 0.0000e+00
     31.000    27.1883   5.563779    35.1817       1017     0.7055 0.0000e+00
     32.000    27.2038   5.571742    35.2265       1069     0.7414 0.0000e+00
     33.000    27.1876   5.572755    35.2457       1107     0.7680 0.0000e+00
     34.000    27.1517   5.571808    35.2658       1125     0.7805 0.0000e+00
     35.000    27.1048   5.571532    35.2991       1142     0.7926 0.0000e+00
     36.000    27.0206   5.577413    35.4049       1163     0.8070 0.0000e+00
     37.000    26.1632   5.509052    35.5698       1196     0.8301 0.0000e+00
     38.000    24.0627   5.243898    35.2459       1234     0.8565 0.0000e+00
     39.000    18.8049   4.586379    34.2544       1257     0.8723 0.0000e+00
     40.000    16.5284   4.281479    33.5620       1280     0.8885 0.0000e+00
     41.000    16.2502   4.236831    33.4062       1310     0.9090 0.0000e+00
     42.000    16.1773   4.224423    33.3576       1341     0.9302 0.0000e+00
     43.000    16.1368   4.216556    33.3217       1367     0.9483 0.0000e+00
     44.000    16.2545   4.234442    33.3804       1391     0.9651 0.0000e+00
     45.000    16.1761   4.235731    33.4573       1416     0.9829 0.0000e+00
     46.000    16.1243   4.236987    33.5117       1447     1.0043 0.0000e+00
     47.000    16.1137   4.241041    33.5561       1479     1.0265 0.0000e+00
     48.000    16.1313   4.245932    33.5841       1505     1.0443 0.0000e+00
     49.000    16.1826   4.254724    33.6179       1527     1.0598 0.0000e+00
     50.000    16.3057   4.275264    33.6946       1548     1.0742 0.0000e+00
     51.000    16.4348   4.301673    33.8174       1571     1.0906 0.0000e+00
     52.000    16.4252   4.306305    33.8659       1605     1.1136 0.0000e+00
     53.000    16.3369   4.300064    33.8855       1645     1.1419 0.0000e+00
     54.000    16.3304   4.299011    33.8814       1671     1.1600 0.0000e+00
     55.000    16.3193   4.297743    33.8793       1694     1.1757 0.0000e+00
     56.000    16.1405   4.281244    33.8855       1718     1.1923 0.0000e+00
     57.000    15.9153   4.258186    33.8729       1745     1.2109 0.0000e+00
     58.000    15.5001   4.216023    33.8519       1772     1.2295 0.0000e+00
     59.000    15.2012   4.182177    33.8044       1796     1.2462 0.0000e+00
     60.000    15.0109   4.159252    33.7610       1818     1.2621 0.0000e+00
     61.000    14.9880   4.157324    33.7629       1830     1.2704 0.0000e+00
     60.000    14.9455   4.146540    33.7021       2669     1.8524 0.0000e+00
     59.000    15.1192   4.163562    33.7069       3280     2.2769 0.0000e+00
     58.000    15.3821   4.189837    33.7181       3314     2.3005 0.0000e+00
     57.000    15.9162   4.244509    33.7504       3335     2.3150 0.0000e+00
     56.000    16.1147   4.268867    33.7979       3363     2.3350 0.0000e+00
     55.000    16.1290   4.271755    33.8117       3397     2.3584 0.0000e+00
     54.000    16.1434   4.273005    33.8108       3421     2.3752 0.0000e+00
     53.000    16.3202   4.289609    33.8076       3441     2.3888 0.0000e+00
     52.000    16.4686   4.303411    33.8037       3462     2.4035 0.0000e+00
     51.000    16.3241   4.275559    33.6812       3490     2.4227 0.0000e+00
     50.000    16.1894   4.250199    33.5719       3521     2.4444 0.0000e+00
     49.000    16.1916   4.246367    33.5366       3549     2.4637 0.0000e+00
     48.000    16.1796   4.239351    33.4852       3576     2.4827 0.0000e+00
     47.000    16.1338   4.226582    33.4114       3602     2.5009 0.0000e+00
     46.000    16.1740   4.226416    33.3765       3624     2.5159 0.0000e+00
     45.000    16.2416   4.231182    33.3622       3643     2.5291 0.0000e+00
     44.000    16.2873   4.233627    33.3458       3663     2.5429 0.0000e+00
     43.000    16.1924   4.213984    33.2525       3687     2.5598 0.0000e+00
     42.000    16.1606   4.205725    33.2066       3723     2.5847 0.0000e+00
     41.000    16.2208   4.212132    33.2133       3759     2.6098 0.0000e+00
     40.000    16.2833   4.218951    33.2215       3784     2.6272 0.0000e+00
     39.000    16.7975   4.273603    33.2719       3806     2.6426 0.0000e+00
     38.000    18.4720   4.446571    33.3715       3828     2.6574 0.0000e+00
     37.000    17.0861   5.090291    95.5296       3854     2.6756 0.0000e+00
     36.000    25.1748   5.358094    36.8657       3880     2.6939 0.0000e+00
     35.000    26.7336   5.522824    35.2319       3908     2.7135 0.0000e+00
     34.000    27.0291   5.551156    35.2113       3942     2.7370 0.0000e+00
     33.000    27.0846   5.551097    35.1691       3971     2.7569 0.0000e+00
     32.000    27.1174   5.554926    35.1719       3994     2.7727 0.0000e+00
     31.000    27.1662   5.560558    35.1755       4014     2.7871 0.0000e+00
     30.000    27.1856   5.560947    35.1640       4036     2.8020 0.0000e+00
     29.000    27.1584   5.550949    35.1136       4063     2.8209 0.0000e+00
     28.000    27.0993   5.534939    35.0443       4099     2.8456 0.0000e+00
     27.000    27.0223   5.521549    35.0071       4132     2.8688 0.0000e+00
     26.000    26.8736   5.497319    34.9461       4155     2.8850 0.0000e+00
     25.000    26.4166   5.416404    34.7092       4176     2.8990 0.0000e+00
     24.000    25.8934   5.314410    34.3643       4198     2.9147 0.0000e+00
     23.000    25.6014   5.259809    34.1858       4229     2.9358 0.0000e+00
     22.000    24.8037   5.125212    33.7939       4258     2.9560 0.0000e+00
     21.000    24.0230   4.986881    33.3474       4282     2.9731 0.0000e+00
     20.000    23.6394   4.915997    33.1013       4319     2.9985 0.0000e+00
     19.000    23.7008   4.903715    32.9633       4355     3.0236 0.0000e+00
     18.000    24.1337   4.931510    32.8523       4376     3.0380 0.0000e+00
     17.000    24.3428   4.954999    32.8742       4394     3.0510 0.0000e+00
     16.000    24.4845   4.971126    32.8905       4415     3.0656 0.0000e+00
     15.000    24.5453   4.978493    32.9009       4444     3.0858 0.0000e+00
     14.000    24.6004   4.984852    32.9080       4491     3.1180 0.0000e+00
     13.000    24.6103   4.986464    32.9129       4528     3.1441 0.0000e+00
     12.000    24.6211   4.987146    32.9104       4549     3.1583 0.0000e+00
     11.000    24.6801   4.993091    32.9116       4567     3.1710 0.0000e+00
     10.000    24.7279   4.997552    32.9099       4588     3.1856 0.0000e+00
      9.000    24.7605   5.000743    32.9100       4626     3.2117 0.0000e+00
      8.000    24.7707   5.001802    32.9107       4665     3.2388 0.0000e+00
      7.000    24.7744   5.002245    32.9115       4688     3.2546 0.0000e+00
      6.000    24.7725   5.002133    32.9124       4707     3.2678 0.0000e+00
      5.000    24.7695   5.001792    32.9124       4727     3.2821 0.0000e+00
      4.000    24.7778   5.002432    32.9113       4770     3.3116 0.0000e+00
      3.000    24.7798   5.002575    32.9112       4813     3.3414 0.0000e+00
      2.000    24.7797   5.002575    32.9116       4829     3.3530 0.0000e+00
      1.000    24.7784   5.002571    32.9128       4862     3.3758 0.0000e+00
