HB2304/ctd056.cnv
* Sea-Bird SBE 9 Data File:
* FileName = C:\cruise\data\ctd056.hex
* Software Version Seasave V 7.26.7.121
* Temperature SN = 4591
* Conductivity SN = 3741
* Number of Bytes Per Scan = 37
* Number of Voltage Words = 4
* Number of Scans Averaged by the Deck Unit = 1
* NMEA Latitude = 36 22.99 N
* NMEA Longitude = 075 40.24 W
* NMEA UTC (Time) = Sep 21 2023  12:49:32
* NMEA baud rate = 4800
** Ship: Bigelow HB2304
** Program:  Fall Bottom Trawl Survey
** Chief Scientist: John Galbraith
# nquan = 7
# nvalues = 37                          
# units = specified
# name 0 = depSM: Depth [salt water, m]
# name 1 = t090C: Temperature [ITS-90, deg C]
# name 2 = c0S/m: Conductivity [S/m]
# name 3 = sal00: Salinity, Practical [PSU]
# name 4 = scan: Scan Count
# name 5 = timeM: Time, Elapsed [minutes]
# name 6 = flag: flag
# span 0 =      1.000,     20.000       
# span 1 =    23.6742,    24.0535       
# span 2 =   4.524664,   4.754910       
# span 3 =    30.1281,    31.8439       
# span 4 =        -18,       2720       
# span 5 =    -0.0135,     1.8879       
# span 6 = 0.0000e+00, 0.0000e+00       
# interval = meters: 1                  
# start_time = Sep 21 2023 12:49:32 [NMEA time, header]
# bad_flag = -9.990e-29
*END*
      3.000    23.7240   4.533556    30.1804        -18    -0.0135 0.0000e+00
      4.000    23.7426   4.537246    30.1949        455     0.3151 0.0000e+00
      5.000    23.9631   4.613215    30.6081        392     0.2713 0.0000e+00
      6.000    24.0535   4.646661    30.7938        428     0.2964 0.0000e+00
      7.000    24.0508   4.646891    30.7971        456     0.3160 0.0000e+00
      8.000    24.0497   4.646957    30.7980        484     0.3353 0.0000e+00
      9.000    24.0483   4.646942    30.7986        517     0.3584 0.0000e+00
     10.000    24.0468   4.647004    30.7998        551     0.3821 0.0000e+00
     11.000    24.0503   4.647680    30.8021        582     0.4033 0.0000e+00
     12.000    24.0535   4.649750    30.8149        611     0.4234 0.0000e+00
     13.000    23.9960   4.687722    31.1364        639     0.4429 0.0000e+00
     14.000    23.8700   4.715587    31.4318        667     0.4626 0.0000e+00
     15.000    23.7730   4.732590    31.6272        698     0.4839 0.0000e+00
     16.000    23.7395   4.744472    31.7396        740     0.5130 0.0000e+00
     17.000    23.7274   4.745991    31.7593        796     0.5520 0.0000e+00
     18.000    23.6862   4.744519    31.7774        838     0.5812 0.0000e+00
     19.000    23.6799   4.746856    31.7992        869     0.6025 0.0000e+00
     20.000    23.7013   4.754910    31.8439       1131     0.7848 0.0000e+00
     19.000    23.6786   4.746348    31.7963       1659     1.1514 0.0000e+00
     18.000    23.6742   4.745469    31.7932       1932     1.3407 0.0000e+00
     17.000    23.6790   4.744355    31.7817       1955     1.3570 0.0000e+00
     16.000    23.7093   4.743272    31.7522       1986     1.3785 0.0000e+00
     15.000    23.7228   4.741836    31.7321       2011     1.3956 0.0000e+00
     14.000    23.7258   4.736916    31.6934       2034     1.4119 0.0000e+00
     13.000    23.9017   4.706782    31.3445       2062     1.4315 0.0000e+00
     12.000    24.0315   4.656317    30.8788       2097     1.4555 0.0000e+00
     11.000    24.0338   4.649715    30.8285       2128     1.4769 0.0000e+00
     10.000    24.0343   4.648611    30.8203       2152     1.4938 0.0000e+00
      9.000    24.0379   4.647650    30.8110       2175     1.5100 0.0000e+00
      8.000    24.0417   4.646752    30.8020       2202     1.5283 0.0000e+00
      7.000    24.0455   4.646593    30.7985       2232     1.5495 0.0000e+00
      6.000    24.0465   4.646581    30.7980       2261     1.5694 0.0000e+00
      5.000    24.0464   4.646247    30.7960       2285     1.5863 0.0000e+00
      4.000    24.0243   4.640324    30.7675       2309     1.6024 0.0000e+00
      3.000    23.7190   4.530376    30.1605       2508     1.7411 0.0000e+00
      2.000    23.7094   4.527312    30.1441       2679     1.8599 0.0000e+00
      1.000    23.7044   4.524664    30.1281       2720     1.8879 0.0000e+00
