HB2304/ctd002.cnv
* Sea-Bird SBE 9 Data File:
* FileName = C:\cruise\data\ctd002.hex
* Software Version Seasave V 7.26.7.121
* Temperature SN = 4591
* Conductivity SN = 3741
* Number of Bytes Per Scan = 37
* Number of Voltage Words = 4
* Number of Scans Averaged by the Deck Unit = 1
* NMEA Latitude = 38 50.98 N
* NMEA Longitude = 073 13.17 W
* NMEA UTC (Time) = Sep 10 2023  18:10:21
* NMEA baud rate = 4800
** Ship: Bigelow HB2304
** Program:  Fall Bottom Trawl Survey
** Chief Scientist: John Galbraith
# nquan = 7
# nvalues = 142                         
# units = specified
# name 0 = depSM: Depth [salt water, m]
# name 1 = t090C: Temperature [ITS-90, deg C]
# name 2 = c0S/m: Conductivity [S/m]
# name 3 = sal00: Salinity, Practical [PSU]
# name 4 = scan: Scan Count
# name 5 = timeM: Time, Elapsed [minutes]
# name 6 = flag: flag
# span 0 =      1.000,     73.000       
# span 1 =    -1.8383,    25.7322       
# span 2 =   3.606659,   5.048198       
# span 3 =    31.9263,    40.8688       
# span 4 =        191,       5267       
# span 5 =     0.1318,     3.6572       
# span 6 = 0.0000e+00, 0.0000e+00       
# interval = meters: 1                  
# start_time = Sep 10 2023 18:10:21 [NMEA time, header]
# bad_flag = -9.990e-29
*END*
      4.000    25.4798   4.941762    31.9652        191     0.1318 0.0000e+00
      5.000    25.0941   4.905375    31.9715        261     0.1805 0.0000e+00
      6.000    25.0439   4.901433    31.9779        297     0.2053 0.0000e+00
      7.000    25.0502   4.901167    31.9712        394     0.2728 0.0000e+00
      8.000    24.7835   4.939953    32.4468        504     0.3493 0.0000e+00
      9.000    24.5732   4.966338    32.7924        530     0.3673 0.0000e+00
     10.000    24.2649   5.011574    33.3565        558     0.3869 0.0000e+00
     11.000    24.0831   5.048198    33.7662        586     0.4065 0.0000e+00
     12.000    23.9177   5.028932    33.7462        614     0.4259 0.0000e+00
     13.000    23.7356   5.006072    33.7116        641     0.4447 0.0000e+00
     14.000    23.2974   4.966083    33.7415        667     0.4628 0.0000e+00
     15.000    23.2268   4.977983    33.8861        693     0.4808 0.0000e+00
     16.000    23.1198   4.985038    34.0224        720     0.4990 0.0000e+00
     17.000    22.6608   4.944561    34.0666        746     0.5174 0.0000e+00
     18.000    22.2568   4.910121    34.1149        773     0.5359 0.0000e+00
     19.000    21.6721   4.845868    34.0707        798     0.5537 0.0000e+00
     20.000    20.0540   4.644966    33.7482        823     0.5708 0.0000e+00
     21.000    18.2576   4.445435    33.5439        848     0.5885 0.0000e+00
     22.000    15.1394   4.111330    33.2294        875     0.6072 0.0000e+00
     23.000    13.1818   3.917223    33.1259        902     0.6260 0.0000e+00
     24.000    12.3146   3.831493    33.0707        928     0.6436 0.0000e+00
     25.000    11.8532   3.785506    33.0344        953     0.6610 0.0000e+00
     26.000    11.5235   3.754307    33.0231        979     0.6795 0.0000e+00
     27.000    11.3089   3.738914    33.0635       1007     0.6989 0.0000e+00
     28.000    11.0307   3.713949    33.0663       1034     0.7172 0.0000e+00
     29.000    10.7484   3.685587    33.0387       1059     0.7344 0.0000e+00
     30.000    10.5608   3.670883    33.0611       1084     0.7519 0.0000e+00
     31.000    10.4093   3.655689    33.0457       1111     0.7710 0.0000e+00
     32.000    10.2403   3.641339    33.0544       1139     0.7900 0.0000e+00
     33.000    10.2201   3.639862    33.0575       1164     0.8073 0.0000e+00
     34.000    10.1923   3.638221    33.0658       1187     0.8235 0.0000e+00
     35.000    10.1866   3.637717    33.0654       1211     0.8404 0.0000e+00
     36.000    10.1584   3.634810    33.0614       1238     0.8591 0.0000e+00
     37.000    10.1109   3.630279    33.0584       1267     0.8794 0.0000e+00
     38.000    10.0751   3.627123    33.0587       1295     0.8988 0.0000e+00
     39.000    10.0765   3.628466    33.0706       1321     0.9163 0.0000e+00
     40.000    10.0848   3.629760    33.0757       1345     0.9335 0.0000e+00
     41.000    10.0827   3.629840    33.0780       1372     0.9518 0.0000e+00
     42.000    10.0653   3.628764    33.0825       1399     0.9706 0.0000e+00
     43.000    10.0487   3.627477    33.0842       1424     0.9883 0.0000e+00
     44.000    10.0282   3.627195    33.0997       1449     1.0055 0.0000e+00
     45.000    10.0237   3.627162    33.1030       1475     1.0234 0.0000e+00
     46.000     9.9974   3.624773    33.1024       1502     1.0421 0.0000e+00
     47.000     9.9725   3.622785    33.1046       1528     1.0606 0.0000e+00
     48.000     9.9257   3.618234    33.1007       1554     1.0784 0.0000e+00
     49.000     9.8858   3.613935    33.0932       1579     1.0960 0.0000e+00
     50.000     9.9153   3.617837    33.1054       1605     1.1141 0.0000e+00
     51.000     9.8851   3.616113    33.1151       1633     1.1332 0.0000e+00
     52.000     9.8339   3.612177    33.1216       1659     1.1512 0.0000e+00
     53.000     9.8160   3.610702    33.1225       1683     1.1684 0.0000e+00
     54.000     9.7908   3.609101    33.1289       1708     1.1856 0.0000e+00
     55.000     9.7775   3.608589    33.1354       1735     1.2039 0.0000e+00
     56.000     9.7697   3.608786    33.1442       1762     1.2227 0.0000e+00
     57.000     9.7673   3.609343    33.1516       1788     1.2412 0.0000e+00
     58.000     9.7507   3.608682    33.1598       1813     1.2584 0.0000e+00
     59.000     9.7237   3.608090    33.1781       1838     1.2755 0.0000e+00
     60.000     9.7135   3.607783    33.1840       1863     1.2933 0.0000e+00
     61.000     9.7123   3.608135    33.1882       1891     1.3126 0.0000e+00
     62.000     9.7128   3.608713    33.1932       1920     1.3329 0.0000e+00
     63.000     9.7172   3.609235    33.1941       1947     1.3512 0.0000e+00
     64.000     9.7230   3.610060    33.1967       1971     1.3679 0.0000e+00
     65.000     9.7492   3.614089    33.2132       1995     1.3846 0.0000e+00
     66.000     9.7606   3.615522    33.2169       2022     1.4032 0.0000e+00
     67.000     9.7785   3.617950    33.2248       2051     1.4233 0.0000e+00
     68.000     9.7936   3.619826    33.2295       2079     1.4434 0.0000e+00
     69.000     9.8190   3.623240    33.2405       2107     1.4624 0.0000e+00
     70.000     9.8532   3.627967    33.2567       2133     1.4806 0.0000e+00
     71.000     9.8821   3.632753    33.2784       2158     1.4980 0.0000e+00
     72.000     9.9390   3.641258    33.3121       2182     1.5149 0.0000e+00
     73.000    10.0231   3.653248    33.3560       2201     1.5281 0.0000e+00
     72.000    10.0144   3.653156    33.3635       3250     2.2563 0.0000e+00
     71.000     9.9280   3.641121    33.3213       3213     2.2303 0.0000e+00
     70.000     9.9022   3.635819    33.2915       3229     2.2419 0.0000e+00
     69.000     9.8805   3.632001    33.2731       3254     2.2588 0.0000e+00
     68.000     9.8622   3.629424    33.2642       3279     2.2764 0.0000e+00
     67.000     9.8511   3.627166    33.2518       3306     2.2953 0.0000e+00
     66.000     9.8414   3.625769    33.2470       3334     2.3145 0.0000e+00
     65.000     9.7967   3.619997    33.2298       3361     2.3331 0.0000e+00
     64.000     9.7820   3.617548    33.2188       3386     2.3508 0.0000e+00
     63.000     9.7560   3.613593    33.2028       3411     2.3678 0.0000e+00
     62.000     9.7484   3.612316    33.1972       3435     2.3849 0.0000e+00
     61.000     9.7421   3.611320    33.1933       3461     2.4026 0.0000e+00
     60.000     9.7319   3.609479    33.1843       3487     2.4210 0.0000e+00
     59.000     9.7291   3.608553    33.1778       3514     2.4395 0.0000e+00
     58.000     9.7293   3.607767    33.1701       3540     2.4573 0.0000e+00
     57.000     9.7425   3.607278    33.1533       3565     2.4749 0.0000e+00
     56.000     9.7556   3.607434    33.1433       3590     2.4923 0.0000e+00
     55.000     9.7643   3.607144    33.1329       3615     2.5095 0.0000e+00
     54.000     9.7718   3.606782    33.1227       3639     2.5263 0.0000e+00
     53.000     9.7854   3.606659    33.1095       3664     2.5435 0.0000e+00
     52.000     9.7989   3.607181    33.1027       3690     2.5616 0.0000e+00
     51.000     9.8207   3.608201    33.0935       3717     2.5803 0.0000e+00
     50.000     9.8705   3.611522    33.0822       3743     2.5985 0.0000e+00
     49.000     9.8928   3.612905    33.0762       3768     2.6159 0.0000e+00
     48.000     9.8817   3.610656    33.0639       3792     2.6327 0.0000e+00
     47.000     9.9183   3.613055    33.0553       3816     2.6496 0.0000e+00
     46.000     9.9436   3.615647    33.0590       3842     2.6675 0.0000e+00
     45.000     9.9815   3.618826    33.0570       3870     2.6867 0.0000e+00
     44.000    10.0004   3.620302    33.0551       3898     2.7062 0.0000e+00
     43.000    10.0186   3.621171    33.0477       3923     2.7239 0.0000e+00
     42.000    10.0351   3.621437    33.0358       3947     2.7404 0.0000e+00
     41.000    10.0495   3.622368    33.0325       3971     2.7572 0.0000e+00
     40.000    10.0695   3.622965    33.0207       3996     2.7746 0.0000e+00
     39.000    10.0716   3.622718    33.0168       4021     2.7917 0.0000e+00
     38.000    10.0695   3.621092    33.0027       4045     2.8085 0.0000e+00
     37.000    10.0818   3.620931    32.9903       4071     2.8264 0.0000e+00
     36.000    10.1203   3.623223    32.9788       4100     2.8466 0.0000e+00
     35.000    10.1601   3.626241    32.9736       4128     2.8662 0.0000e+00
     34.000    10.1692   3.626713    32.9705       4153     2.8834 0.0000e+00
     33.000    10.1894   3.627446    32.9600       4176     2.8994 0.0000e+00
     32.000    10.2079   3.627510    32.9443       4200     2.9158 0.0000e+00
     31.000    10.3099   3.633580    32.9133       4226     2.9337 0.0000e+00
     30.000    10.4556   3.644919    32.8959       4253     2.9531 0.0000e+00
     29.000    10.5935   3.655799    32.8810       4280     2.9717 0.0000e+00
     28.000    10.8604   3.677219    32.8549       4304     2.9885 0.0000e+00
     27.000    11.1034   3.697192    32.8359       4328     3.0051 0.0000e+00
     26.000    11.4523   3.724561    32.7952       4354     3.0228 0.0000e+00
     25.000    11.4397   3.725190    32.8130       4382     3.0422 0.0000e+00
     24.000    12.0704   3.776538    32.7572       4409     3.0612 0.0000e+00
     23.000    13.2661   3.878731    32.6919       4434     3.0782 0.0000e+00
     22.000    14.7043   4.000000    32.5929       4456     3.0940 0.0000e+00
     21.000    16.6346   4.236048    33.0903       4480     3.1107 0.0000e+00
     20.000    -1.8383   4.414670    40.8688       4508     3.1297 0.0000e+00
     19.000    19.6973   4.619261    34.1753       4536     3.1493 0.0000e+00
     18.000    21.8957   4.823329    33.7189       4560     3.1663 0.0000e+00
     17.000    22.3634   4.872762    33.7414       4584     3.1823 0.0000e+00
     16.000    22.4700   4.872337    33.6559       4608     3.1993 0.0000e+00
     15.000    22.9230   4.910830    33.6050       4636     3.2186 0.0000e+00
     14.000    23.3630   4.946865    33.5452       4664     3.2384 0.0000e+00
     13.000    23.5292   4.964309    33.5519       4690     3.2563 0.0000e+00
     12.000    23.7025   4.986993    33.5927       4714     3.2728 0.0000e+00
     11.000    23.8259   5.004284    33.6303       4738     3.2898 0.0000e+00
     10.000    23.9677   5.017140    33.6203       4765     3.3083 0.0000e+00
      9.000    24.1537   4.997623    33.3352       4793     3.3276 0.0000e+00
      8.000    24.4764   4.938904    32.6607       4819     3.3455 0.0000e+00
      7.000    24.6457   4.885417    32.1427       4842     3.3620 0.0000e+00
      6.000    24.6259   4.889869    32.1901       4866     3.3784 0.0000e+00
      5.000    24.7385   4.886909    32.0883       4891     3.3961 0.0000e+00
      4.000    24.6544   4.895488    32.2117       4920     3.4157 0.0000e+00
      3.000    25.2095   4.916846    31.9751       5061     3.5138 0.0000e+00
      2.000    25.7082   4.958400    31.9263       5233     3.6334 0.0000e+00
      1.000    25.7322   4.961786    31.9343       5267     3.6572 0.0000e+00
