HB2304/ctd026.cnv
* Sea-Bird SBE 9 Data File:
* FileName = C:\cruise\data\ctd026.hex
* Software Version Seasave V 7.26.7.121
* Temperature SN = 4591
* Conductivity SN = 3741
* Number of Bytes Per Scan = 37
* Number of Voltage Words = 4
* Number of Scans Averaged by the Deck Unit = 1
* NMEA Latitude = 36 32.06 N
* NMEA Longitude = 074 44.38 W
* NMEA UTC (Time) = Sep 17 2023  19:21:16
* NMEA baud rate = 4800
** Ship: Bigelow HB2304
** Program:  Fall Bottom Trawl Survey
** Chief Scientist: John Galbraith
# nquan = 7
# nvalues = 400                         
# units = specified
# name 0 = depSM: Depth [salt water, m]
# name 1 = t090C: Temperature [ITS-90, deg C]
# name 2 = c0S/m: Conductivity [S/m]
# name 3 = sal00: Salinity, Practical [PSU]
# name 4 = scan: Scan Count
# name 5 = timeM: Time, Elapsed [minutes]
# name 6 = flag: flag
# span 0 =      2.000,    202.000       
# span 1 =    10.0866,    23.9172       
# span 2 =   3.645440,   4.833487       
# span 3 =    32.2301,    35.9440       
# span 4 =        486,      13565       
# span 5 =     0.3368,     9.4192       
# span 6 = 0.0000e+00, 0.0000e+00       
# interval = meters: 1                  
# start_time = Sep 17 2023 19:21:16 [NMEA time, header]
# bad_flag = -9.990e-29
*END*
      3.000    23.8937   4.827989    32.2580        486     0.3368 0.0000e+00
      4.000    23.9172   4.829147    32.2493        809     0.5611 0.0000e+00
      5.000    23.8995   4.827752    32.2514        832     0.5773 0.0000e+00
      6.000    23.8783   4.826205    32.2549        858     0.5949 0.0000e+00
      7.000    23.8011   4.822939    32.2861        883     0.6125 0.0000e+00
      8.000    23.6568   4.819197    32.3626        909     0.6303 0.0000e+00
      9.000    23.6590   4.818909    32.3585        936     0.6491 0.0000e+00
     10.000    23.6750   4.819016    32.3473        963     0.6679 0.0000e+00
     11.000    23.6615   4.818843    32.3556       1200     0.8328 0.0000e+00
     12.000    23.6076   4.818152    32.3894       1231     0.8541 0.0000e+00
     13.000    23.5545   4.815942    32.4112       1261     0.8749 0.0000e+00
     14.000    23.3949   4.814300    32.5155       1289     0.8943 0.0000e+00
     15.000    23.3374   4.816422    32.5736       1316     0.9129 0.0000e+00
     16.000    23.3463   4.827933    32.6539       1341     0.9307 0.0000e+00
     17.000    23.3447   4.833487    32.6969       1366     0.9482 0.0000e+00
     18.000    23.2119   4.828543    32.7576       1392     0.9660 0.0000e+00
     19.000    22.4041   4.762486    32.8550       1417     0.9834 0.0000e+00
     20.000    21.8998   4.712911    32.8511       1442     1.0004 0.0000e+00
     21.000    21.3418   4.660019    32.8608       1466     1.0175 0.0000e+00
     22.000    20.5402   4.595450    32.9645       1491     1.0350 0.0000e+00
     23.000    21.2535   4.747460    33.6205       1518     1.0531 0.0000e+00
     24.000    20.6370   4.738335    34.0355       1547     1.0733 0.0000e+00
     25.000    19.1277   4.574262    33.9154       1578     1.0953 0.0000e+00
     26.000    18.4088   4.492675    33.8220       1608     1.1159 0.0000e+00
     27.000    17.6869   4.414904    33.7581       1635     1.1344 0.0000e+00
     28.000    16.8906   4.337642    33.7545       1659     1.1512 0.0000e+00
     29.000    15.0255   4.136562    33.5542       1681     1.1663 0.0000e+00
     30.000    14.5572   4.079296    33.4361       1702     1.1812 0.0000e+00
     31.000    14.0601   4.026413    33.3788       1725     1.1969 0.0000e+00
     32.000    13.0706   3.925722    33.2995       1750     1.2147 0.0000e+00
     33.000    11.8205   3.793018    33.1328       1778     1.2342 0.0000e+00
     34.000    11.6618   3.772112    33.0704       1808     1.2551 0.0000e+00
     35.000    11.5430   3.757098    33.0292       1839     1.2766 0.0000e+00
     36.000    11.4879   3.749521    33.0037       1867     1.2960 0.0000e+00
     37.000    11.4365   3.743568    32.9908       1892     1.3134 0.0000e+00
     38.000    11.4389   3.743051    32.9831       1916     1.3301 0.0000e+00
     39.000    11.4142   3.740169    32.9765       1941     1.3470 0.0000e+00
     40.000    11.4065   3.738598    32.9675       1966     1.3644 0.0000e+00
     41.000    11.4060   3.738021    32.9619       1992     1.3824 0.0000e+00
     42.000    11.4055   3.737581    32.9575       2018     1.4005 0.0000e+00
     43.000    11.4059   3.737204    32.9531       2043     1.4181 0.0000e+00
     44.000    11.4059   3.736847    32.9492       2067     1.4350 0.0000e+00
     45.000    11.4056   3.736631    32.9468       2091     1.4517 0.0000e+00
     46.000    11.4057   3.736473    32.9448       2118     1.4702 0.0000e+00
     47.000    11.4061   3.736337    32.9427       2150     1.4921 0.0000e+00
     48.000    11.4065   3.736253    32.9411       2183     1.5151 0.0000e+00
     49.000    11.4063   3.736153    32.9399       2212     1.5352 0.0000e+00
     50.000    11.3926   3.737320    32.9631       2234     1.5510 0.0000e+00
     51.000    11.3294   3.732435    32.9711       2254     1.5648 0.0000e+00
     52.000    11.2573   3.726626    32.9780       2274     1.5786 0.0000e+00
     53.000    11.1100   3.713621    32.9812       2296     1.5938 0.0000e+00
     54.000    11.0392   3.706333    32.9721       2322     1.6118 0.0000e+00
     55.000    10.9755   3.699672    32.9629       2355     1.6345 0.0000e+00
     56.000    10.9663   3.698425    32.9583       2390     1.6590 0.0000e+00
     57.000    10.9495   3.696855    32.9574       2417     1.6781 0.0000e+00
     58.000    10.9350   3.695479    32.9563       2440     1.6935 0.0000e+00
     59.000    10.9270   3.694636    32.9548       2461     1.7081 0.0000e+00
     60.000    10.9242   3.694277    32.9532       2484     1.7242 0.0000e+00
     61.000    10.9237   3.694122    32.9517       2511     1.7429 0.0000e+00
     62.000    10.9226   3.693898    32.9500       2541     1.7639 0.0000e+00
     63.000    10.9187   3.693553    32.9497       2569     1.7836 0.0000e+00
     64.000    10.9018   3.692096    32.9500       2595     1.8015 0.0000e+00
     65.000    10.8948   3.691495    32.9499       2620     1.8189 0.0000e+00
     66.000    10.8886   3.691127    32.9514       2646     1.8368 0.0000e+00
     67.000    10.8872   3.691363    32.9546       2673     1.8552 0.0000e+00
     68.000    10.8930   3.692153    32.9568       2699     1.8734 0.0000e+00
     69.000    10.8946   3.692344    32.9568       2726     1.8925 0.0000e+00
     70.000    10.8949   3.692377    32.9565       2757     1.9137 0.0000e+00
     71.000    10.8946   3.692391    32.9564       2785     1.9337 0.0000e+00
     72.000    10.8939   3.692320    32.9559       2810     1.9507 0.0000e+00
     73.000    10.8966   3.692690    32.9567       2833     1.9666 0.0000e+00
     74.000    10.9012   3.693464    32.9599       2857     1.9833 0.0000e+00
     75.000    10.9039   3.693975    32.9620       2883     2.0017 0.0000e+00
     76.000    10.9050   3.694122    32.9621       2913     2.0224 0.0000e+00
     77.000    10.9060   3.694252    32.9620       2943     2.0431 0.0000e+00
     78.000    10.9059   3.694238    32.9615       2969     2.0613 0.0000e+00
     79.000    10.9064   3.694301    32.9613       2993     2.0776 0.0000e+00
     80.000    10.9099   3.694705    32.9617       3016     2.0938 0.0000e+00
     81.000    10.9148   3.695294    32.9627       3042     2.1121 0.0000e+00
     82.000    10.9446   3.698618    32.9685       3074     2.1338 0.0000e+00
     83.000    10.9609   3.700638    32.9734       3107     2.1570 0.0000e+00
     84.000    10.9620   3.700821    32.9739       3135     2.1765 0.0000e+00
     85.000    10.9847   3.703316    32.9778       3159     2.1931 0.0000e+00
     86.000    10.9790   3.703793    32.9872       3182     2.2087 0.0000e+00
     87.000    10.9661   3.703526    32.9957       3205     2.2247 0.0000e+00
     88.000    10.9709   3.705933    33.0148       3230     2.2422 0.0000e+00
     89.000    10.9809   3.709080    33.0366       3258     2.2615 0.0000e+00
     90.000    10.9949   3.712391    33.0564       3287     2.2822 0.0000e+00
     91.000    11.0051   3.714862    33.0713       3317     2.3027 0.0000e+00
     92.000    11.0271   3.722495    33.1267       3345     2.3222 0.0000e+00
     93.000    10.9475   3.721581    33.1890       3372     2.3409 0.0000e+00
     94.000    10.6643   3.699165    33.2221       3399     2.3596 0.0000e+00
     95.000    10.3706   3.668713    33.1837       3425     2.3781 0.0000e+00
     96.000    10.3227   3.663193    33.1714       3450     2.3955 0.0000e+00
     97.000    10.2612   3.657054    33.1653       3474     2.4121 0.0000e+00
     98.000    10.2322   3.654937    33.1700       3499     2.4289 0.0000e+00
     99.000    10.2021   3.653104    33.1785       3527     2.4484 0.0000e+00
    100.000    10.0920   3.645440    33.2013       3558     2.4704 0.0000e+00
    101.000    10.0866   3.645619    33.2077       3588     2.4912 0.0000e+00
    102.000    10.1084   3.648706    33.2185       3615     2.5097 0.0000e+00
    103.000    10.1231   3.650351    33.2212       3639     2.5266 0.0000e+00
    104.000    10.2662   3.666394    33.2518       3664     2.5437 0.0000e+00
    105.000    10.5428   3.702138    33.3578       3690     2.5621 0.0000e+00
    106.000    10.6361   3.715946    33.4105       3717     2.5809 0.0000e+00
    107.000    10.6690   3.720480    33.4253       3745     2.6002 0.0000e+00
    108.000    10.7020   3.724519    33.4350       3775     2.6209 0.0000e+00
    109.000    10.7512   3.729966    33.4441       3804     2.6407 0.0000e+00
    110.000    10.8187   3.738047    33.4625       3830     2.6588 0.0000e+00
    111.000    10.9087   3.748773    33.4867       3854     2.6757 0.0000e+00
    112.000    11.0189   3.761992    33.5170       3878     2.6925 0.0000e+00
    113.000    11.1519   3.778309    33.5570       3903     2.7097 0.0000e+00
    114.000    11.2742   3.793552    33.5957       3930     2.7282 0.0000e+00
    115.000    11.3847   3.808389    33.6409       3959     2.7486 0.0000e+00
    116.000    11.5140   3.825725    33.6932       3991     2.7706 0.0000e+00
    117.000    11.8581   3.866200    33.7752       4021     2.7920 0.0000e+00
    118.000    13.0314   4.020379    34.1957       4050     2.8120 0.0000e+00
    119.000    13.7048   4.118986    34.5188       4076     2.8297 0.0000e+00
    120.000    13.9803   4.158109    34.6352       4099     2.8456 0.0000e+00
    121.000    14.4792   4.230474    34.8561       4120     2.8608 0.0000e+00
    122.000    14.9166   4.301097    35.1102       4143     2.8764 0.0000e+00
    123.000    14.9602   4.314011    35.1884       4168     2.8935 0.0000e+00
    124.000    15.2513   4.368799    35.4241       4196     2.9130 0.0000e+00
    125.000    15.3499   4.386027    35.4910       4227     2.9346 0.0000e+00
    126.000    15.3837   4.392106    35.5151       4260     2.9574 0.0000e+00
    127.000    15.4577   4.402273    35.5397       4291     2.9794 0.0000e+00
    128.000    15.4995   4.409290    35.5649       4319     2.9984 0.0000e+00
    129.000    15.5389   4.416216    35.5915       4343     3.0151 0.0000e+00
    130.000    15.5704   4.422810    35.6222       4365     3.0305 0.0000e+00
    131.000    15.5667   4.426122    35.6550       4387     3.0456 0.0000e+00
    132.000    15.5339   4.425571    35.6793       4410     3.0618 0.0000e+00
    133.000    15.5440   4.428294    35.6944       4436     3.0796 0.0000e+00
    134.000    15.4932   4.423474    35.6964       4463     3.0987 0.0000e+00
    135.000    15.4774   4.421708    35.6944       4492     3.1188 0.0000e+00
    136.000    15.4796   4.422265    35.6971       4523     3.1404 0.0000e+00
    137.000    15.4815   4.422916    35.7008       4556     3.1630 0.0000e+00
    138.000    15.4780   4.422595    35.7007       4585     3.1832 0.0000e+00
    139.000    15.4926   4.424968    35.7084       4609     3.1998 0.0000e+00
    140.000    15.5537   4.436211    35.7542       4631     3.2155 0.0000e+00
    141.000    15.5820   4.441654    35.7772       4655     3.2320 0.0000e+00
    142.000    15.6670   4.454955    35.8196       4681     3.2503 0.0000e+00
    143.000    15.6498   4.454386    35.8297       4710     3.2700 0.0000e+00
    144.000    15.5689   4.449699    35.8606       4737     3.2890 0.0000e+00
    145.000    15.5314   4.447246    35.8721       4762     3.3064 0.0000e+00
    146.000    15.4968   4.445404    35.8867       4787     3.3234 0.0000e+00
    147.000    15.4424   4.443598    35.9196       4815     3.3428 0.0000e+00
    148.000    15.3684   4.438108    35.9371       4847     3.3655 0.0000e+00
    149.000    15.3192   4.433706    35.9417       4879     3.3873 0.0000e+00
    150.000    15.2736   4.429226    35.9424       4904     3.4046 0.0000e+00
    151.000    15.2479   4.426860    35.9440       4925     3.4195 0.0000e+00
    152.000    15.1847   4.420414    35.9429       4946     3.4340 0.0000e+00
    153.000    15.1242   4.414229    35.9416       4969     3.4502 0.0000e+00
    154.000    15.0412   4.405661    35.9393       4999     3.4709 0.0000e+00
    155.000    14.9711   4.397587    35.9296       5035     3.4955 0.0000e+00
    156.000    14.9302   4.393188    35.9264       5067     3.5182 0.0000e+00
    157.000    14.9011   4.389705    35.9209       5095     3.5375 0.0000e+00
    158.000    14.8448   4.384161    35.9215       5119     3.5540 0.0000e+00
    159.000    14.7224   4.370636    35.9098       5141     3.5693 0.0000e+00
    160.000    14.6436   4.362219    35.9046       5163     3.5847 0.0000e+00
    161.000    14.5242   4.348928    35.8920       5187     3.6013 0.0000e+00
    162.000    14.4866   4.344411    35.8846       5215     3.6206 0.0000e+00
    163.000    14.4542   4.340625    35.8792       5246     3.6425 0.0000e+00
    164.000    14.4221   4.336888    35.8739       5275     3.6625 0.0000e+00
    165.000    14.3953   4.333967    35.8712       5301     3.6808 0.0000e+00
    166.000    14.3437   4.328311    35.8662       5328     3.6993 0.0000e+00
    167.000    14.2782   4.320704    35.8560       5356     3.7186 0.0000e+00
    168.000    14.2511   4.317596    35.8518       5384     3.7385 0.0000e+00
    169.000    14.2372   4.315899    35.8485       5413     3.7586 0.0000e+00
    170.000    14.2285   4.314817    35.8461       5439     3.7767 0.0000e+00
    171.000    14.2229   4.314139    35.8446       5463     3.7934 0.0000e+00
    172.000    14.1981   4.311700    35.8445       5488     3.8103 0.0000e+00
    173.000    14.1348   4.304658    35.8373       5513     3.8279 0.0000e+00
    174.000    14.0165   4.291912    35.8280       5538     3.8451 0.0000e+00
    175.000    13.9339   4.282742    35.8188       5563     3.8624 0.0000e+00
    176.000    13.7951   4.266956    35.7997       5591     3.8818 0.0000e+00
    177.000    13.7840   4.265166    35.7929       5622     3.9034 0.0000e+00
    178.000    13.7385   4.260265    35.7889       5654     3.9257 0.0000e+00
    179.000    13.6489   4.250427    35.7796       5685     3.9473 0.0000e+00
    180.000    13.6092   4.245703    35.7718       5712     3.9659 0.0000e+00
    181.000    13.5194   4.236457    35.7681       5735     3.9823 0.0000e+00
    182.000    13.2806   4.211176    35.7522       5758     3.9980 0.0000e+00
    183.000    12.9769   4.176801    35.7100       5781     4.0137 0.0000e+00
    184.000    12.8988   4.167123    35.6906       5804     4.0296 0.0000e+00
    185.000    12.8497   4.161068    35.6784       5829     4.0472 0.0000e+00
    186.000    12.8118   4.156637    35.6713       5859     4.0682 0.0000e+00
    187.000    12.7680   4.151474    35.6627       5891     4.0902 0.0000e+00
    188.000    12.6935   4.143564    35.6566       5919     4.1099 0.0000e+00
    189.000    12.6139   4.134348    35.6426       5947     4.1292 0.0000e+00
    190.000    12.5635   4.128569    35.6342       5975     4.1485 0.0000e+00
    191.000    12.5093   4.122596    35.6274       6002     4.1676 0.0000e+00
    192.000    12.4153   4.112406    35.6175       6030     4.1871 0.0000e+00
    193.000    12.3769   4.107595    35.6069       6059     4.2066 0.0000e+00
    194.000    12.3255   4.102052    35.6014       6085     4.2247 0.0000e+00
    195.000    12.2734   4.096182    35.5935       6108     4.2409 0.0000e+00
    196.000    12.2493   4.093332    35.5882       6130     4.2564 0.0000e+00
    197.000    12.2079   4.088863    35.5837       6153     4.2721 0.0000e+00
    198.000    12.1671   4.084264    35.5772       6176     4.2885 0.0000e+00
    199.000    12.1478   4.081917    35.5724       6205     4.3087 0.0000e+00
    200.000    12.1359   4.080413    35.5686       6243     4.3350 0.0000e+00
    201.000    12.1527   4.081812    35.5657       6278     4.3590 0.0000e+00
    202.000    12.1371   4.079436    35.5570       7036     4.8853 0.0000e+00
    201.000    12.1496   4.080585    35.5568       7408     5.1440 0.0000e+00
    200.000    12.1495   4.080632    35.5578       7376     5.1213 0.0000e+00
    199.000    12.1531   4.080927    35.5576       7414     5.1481 0.0000e+00
    198.000    12.1602   4.081635    35.5582       7444     5.1690 0.0000e+00
    197.000    12.1686   4.082456    35.5588       7470     5.1865 0.0000e+00
