HB2304/ctd057.cnv
* Sea-Bird SBE 9 Data File:
* FileName = C:\cruise\data\ctd057.hex
* Software Version Seasave V 7.26.7.121
* Temperature SN = 4591
* Conductivity SN = 3741
* Number of Bytes Per Scan = 37
* Number of Voltage Words = 4
* Number of Scans Averaged by the Deck Unit = 1
* NMEA Latitude = 36 34.38 N
* NMEA Longitude = 075 40.07 W
* NMEA UTC (Time) = Sep 21 2023  14:34:55
* NMEA baud rate = 4800
** Ship: Bigelow HB2304
** Program:  Fall Bottom Trawl Survey
** Chief Scientist: John Galbraith
# nquan = 7
# nvalues = 29                          
# units = specified
# name 0 = depSM: Depth [salt water, m]
# name 1 = t090C: Temperature [ITS-90, deg C]
# name 2 = c0S/m: Conductivity [S/m]
# name 3 = sal00: Salinity, Practical [PSU]
# name 4 = scan: Scan Count
# name 5 = timeM: Time, Elapsed [minutes]
# name 6 = flag: flag
# span 0 =      3.000,     17.000       
# span 1 =    23.7766,    24.0631       
# span 2 =   4.686076,   4.740498       
# span 3 =    31.0882,    31.6831       
# span 4 =        250,       2021       
# span 5 =     0.1729,     1.4025       
# span 6 = 0.0000e+00, 0.0000e+00       
# interval = meters: 1                  
# start_time = Sep 21 2023 14:34:55 [NMEA time, header]
# bad_flag = -9.990e-29
*END*
      3.000    24.0476   4.687838    31.1041        250     0.1729 0.0000e+00
      4.000    24.0513   4.686076    31.0882        431     0.2988 0.0000e+00
      5.000    24.0477   4.689989    31.1194        463     0.3209 0.0000e+00
      6.000    24.0497   4.691793    31.1311        495     0.3428 0.0000e+00
      7.000    24.0457   4.696164    31.1661        525     0.3641 0.0000e+00
      8.000    24.0541   4.696356    31.1613        555     0.3846 0.0000e+00
      9.000    24.0453   4.702538    31.2131        584     0.4047 0.0000e+00
     10.000    23.9874   4.716180    31.3547        618     0.4286 0.0000e+00
     11.000    23.9183   4.730185    31.5074        660     0.4575 0.0000e+00
     12.000    23.8898   4.734103    31.5565        701     0.4859 0.0000e+00
     13.000    23.8645   4.736048    31.5886        742     0.5148 0.0000e+00
     14.000    23.8236   4.737248    31.6263        785     0.5443 0.0000e+00
     15.000    23.8160   4.737480    31.6331        825     0.5722 0.0000e+00
     16.000    23.7821   4.739521    31.6722        868     0.6019 0.0000e+00
     17.000    23.7766   4.740498    31.6831        896     0.6215 0.0000e+00
     16.000    23.7790   4.740207    31.6795       1509     1.0474 0.0000e+00
     15.000    23.7965   4.738185    31.6522       1649     1.1444 0.0000e+00
     14.000    23.8089   4.737318    31.6372       1678     1.1643 0.0000e+00
     13.000    23.8239   4.736844    31.6233       1703     1.1820 0.0000e+00
     12.000    23.8657   4.735335    31.5827       1728     1.1991 0.0000e+00
     11.000    23.8834   4.733632    31.5578       1752     1.2161 0.0000e+00
     10.000    23.9040   4.732520    31.5352       1776     1.2328 0.0000e+00
      9.000    23.9684   4.718782    31.3878       1801     1.2497 0.0000e+00
      8.000    24.0248   4.711173    31.2918       1825     1.2669 0.0000e+00
      7.000    24.0543   4.708497    31.2516       1852     1.2854 0.0000e+00
      6.000    24.0631   4.706710    31.2325       1880     1.3049 0.0000e+00
      5.000    24.0564   4.704132    31.2184       1908     1.3245 0.0000e+00
      4.000    24.0579   4.696386    31.1601       1936     1.3435 0.0000e+00
      3.000    24.0614   4.692181    31.1267       2021     1.4025 0.0000e+00
