HB2304/ctd092.cnv
* Sea-Bird SBE 9 Data File:
* FileName = C:\cruise\data\ctd092.hex
* Software Version Seasave V 7.26.7.121
* Temperature SN = 4591
* Conductivity SN = 3741
* Number of Bytes Per Scan = 37
* Number of Voltage Words = 4
* Number of Scans Averaged by the Deck Unit = 1
* NMEA Latitude = 39 31.17 N
* NMEA Longitude = 073 03.38 W
* NMEA UTC (Time) = Oct 09 2023  18:28:40
* NMEA baud rate = 4800
** Ship: Bigelow HB2304
** Program:  Fall Bottom Trawl Survey
** Chief Scientist: John Galbraith
# nquan = 7
# nvalues = 122                         
# units = specified
# name 0 = depSM: Depth [salt water, m]
# name 1 = t090C: Temperature [ITS-90, deg C]
# name 2 = c0S/m: Conductivity [S/m]
# name 3 = sal00: Salinity, Practical [PSU]
# name 4 = scan: Scan Count
# name 5 = timeM: Time, Elapsed [minutes]
# name 6 = flag: flag
# span 0 =      3.000,     64.000       
# span 1 =    12.1413,    18.2828       
# span 2 =   3.793369,   4.418168       
# span 3 =    32.8404,    33.4011       
# span 4 =        300,       5325       
# span 5 =     0.2074,     3.6969       
# span 6 = 0.0000e+00, 0.0000e+00       
# interval = meters: 1                  
# start_time = Oct 09 2023 18:28:40 [NMEA time, header]
# bad_flag = -9.990e-29
*END*
      4.000    18.2754   4.379488    32.9850        300     0.2074 0.0000e+00
      5.000    18.2734   4.379367    32.9853        519     0.3600 0.0000e+00
      6.000    18.2756   4.379757    32.9864        554     0.3837 0.0000e+00
      7.000    18.2769   4.380246    32.9891        573     0.3971 0.0000e+00
      8.000    18.2786   4.380650    32.9908        597     0.4141 0.0000e+00
      9.000    18.2777   4.380620    32.9909        633     0.4386 0.0000e+00
     10.000    18.2799   4.382350    33.0034        663     0.4596 0.0000e+00
     11.000    18.2802   4.383159    33.0096        687     0.4766 0.0000e+00
     12.000    18.2779   4.383188    33.0114        716     0.4964 0.0000e+00
     13.000    18.2530   4.382389    33.0243        749     0.5194 0.0000e+00
     14.000    18.2400   4.381444    33.0264        789     0.5473 0.0000e+00
     15.000    18.2343   4.381050    33.0273        831     0.5760 0.0000e+00
     16.000    18.2243   4.380293    33.0287        868     0.6018 0.0000e+00
     17.000    18.1817   4.377061    33.0354        908     0.6301 0.0000e+00
     18.000    18.1335   4.372481    33.0352        942     0.6535 0.0000e+00
     19.000    18.1249   4.371491    33.0335        966     0.6699 0.0000e+00
     20.000    18.1149   4.370354    33.0315        991     0.6872 0.0000e+00
     21.000    18.1089   4.369626    33.0299       1026     0.7121 0.0000e+00
     22.000    18.1026   4.368881    33.0283       1061     0.7363 0.0000e+00
     23.000    18.1157   4.371961    33.0434       1087     0.7542 0.0000e+00
     24.000    18.1575   4.380386    33.0805       1117     0.7749 0.0000e+00
     25.000    18.1743   4.386001    33.1139       1153     0.7997 0.0000e+00
     26.000    18.1835   4.399915    33.2236       1182     0.8201 0.0000e+00
     27.000    18.2341   4.418168    33.3362       1209     0.8388 0.0000e+00
     28.000    18.0609   4.404761    33.3635       1244     0.8632 0.0000e+00
     29.000    17.8186   4.382444    33.3717       1278     0.8869 0.0000e+00
     30.000    17.6585   4.368120    33.3804       1304     0.9046 0.0000e+00
     31.000    17.3849   4.343065    33.3906       1335     0.9264 0.0000e+00
     32.000    16.9877   4.306282    33.4011       1377     0.9556 0.0000e+00
     33.000    16.8590   4.291171    33.3764       1409     0.9776 0.0000e+00
     34.000    16.7471   4.278869    33.3620       1436     0.9967 0.0000e+00
     35.000    16.4926   4.253092    33.3485       1471     1.0207 0.0000e+00
     36.000    15.6855   4.172317    33.3113       1512     1.0490 0.0000e+00
     37.000    15.2563   4.125509    33.2549       1553     1.0778 0.0000e+00
     38.000    14.8941   4.086524    33.2102       1589     1.1025 0.0000e+00
     39.000    14.6392   4.060194    33.1877       1616     1.1216 0.0000e+00
     40.000    14.2797   4.023496    33.1591       1639     1.1377 0.0000e+00
     41.000    13.9092   3.984676    33.1190       1664     1.1548 0.0000e+00
     42.000    13.3779   3.930414    33.0720       1695     1.1762 0.0000e+00
     43.000    12.6352   3.853983    32.9963       1730     1.2005 0.0000e+00
     44.000    12.3454   3.821312    32.9375       1765     1.2249 0.0000e+00
     45.000    12.2637   3.811044    32.9103       1811     1.2568 0.0000e+00
     46.000    12.2400   3.807840    32.8999       1847     1.2822 0.0000e+00
     47.000    12.2386   3.807246    32.8949       1870     1.2979 0.0000e+00
     48.000    12.2298   3.806116    32.8914       1895     1.3154 0.0000e+00
     49.000    12.2203   3.804821    32.8868       1929     1.3392 0.0000e+00
     50.000    12.2106   3.803431    32.8816       1967     1.3656 0.0000e+00
     51.000    12.2016   3.802252    32.8777       1994     1.3838 0.0000e+00
     52.000    12.1912   3.800957    32.8740       2024     1.4047 0.0000e+00
     53.000    12.1891   3.800491    32.8710       2066     1.4337 0.0000e+00
     54.000    12.1879   3.800147    32.8683       2099     1.4572 0.0000e+00
     55.000    12.1857   3.799872    32.8671       2128     1.4772 0.0000e+00
     56.000    12.1844   3.799578    32.8650       2161     1.5001 0.0000e+00
     57.000    12.1778   3.798802    32.8629       2195     1.5237 0.0000e+00
     58.000    12.1736   3.798192    32.8603       2231     1.5483 0.0000e+00
     59.000    12.1755   3.798381    32.8601       2265     1.5721 0.0000e+00
     60.000    12.1574   3.796287    32.8554       2311     1.6041 0.0000e+00
     61.000    12.1593   3.796390    32.8543       2372     1.6467 0.0000e+00
     62.000    12.1436   3.793863    32.8433       2974     2.0646 0.0000e+00
     63.000    12.1424   3.793565    32.8411       3563     2.4739 0.0000e+00
     64.000    12.1432   3.793614    32.8404       3809     2.6442 0.0000e+00
     63.000    12.1423   3.793568    32.8412       3669     2.5472 0.0000e+00
     62.000    12.1413   3.793369    32.8405       3698     2.5674 0.0000e+00
     61.000    12.1481   3.794069    32.8417       3726     2.5866 0.0000e+00
     60.000    12.1558   3.794736    32.8418       3751     2.6042 0.0000e+00
     59.000    12.1734   3.796564    32.8444       3777     2.6222 0.0000e+00
     58.000    12.1930   3.798627    32.8474       3809     2.6447 0.0000e+00
     57.000    12.1950   3.798974    32.8495       3843     2.6679 0.0000e+00
     56.000    12.1878   3.798167    32.8484       3873     2.6886 0.0000e+00
     55.000    12.1994   3.799316    32.8497       3901     2.7082 0.0000e+00
     54.000    12.2018   3.799520    32.8500       3928     2.7270 0.0000e+00
     53.000    12.2105   3.800384    32.8511       3953     2.7443 0.0000e+00
     52.000    12.2158   3.800950    32.8523       3976     2.7603 0.0000e+00
     51.000    12.2126   3.800596    32.8522       4000     2.7768 0.0000e+00
     50.000    12.2209   3.801321    32.8523       4027     2.7959 0.0000e+00
     49.000    12.2347   3.802717    32.8540       4056     2.8161 0.0000e+00
     48.000    12.2369   3.802970    32.8549       4082     2.8338 0.0000e+00
     47.000    12.2403   3.803237    32.8549       4106     2.8508 0.0000e+00
     46.000    12.2445   3.803637    32.8555       4134     2.8700 0.0000e+00
     45.000    12.2483   3.803921    32.8553       4164     2.8907 0.0000e+00
     44.000    12.3194   3.809754    32.8494       4193     2.9114 0.0000e+00
     43.000    12.7412   3.848021    32.8470       4218     2.9288 0.0000e+00
     42.000    13.2350   3.900608    32.9162       4240     2.9438 0.0000e+00
     41.000    13.5655   3.932393    32.9288       4261     2.9586 0.0000e+00
     40.000    14.2042   3.998857    32.9969       4287     2.9763 0.0000e+00
     39.000    14.4935   4.032059    33.0551       4317     2.9976 0.0000e+00
     38.000    14.7063   4.053874    33.0734       4345     3.0165 0.0000e+00
     37.000    15.0536   4.089162    33.0990       4369     3.0331 0.0000e+00
     36.000    15.4463   4.129466    33.1302       4396     3.0519 0.0000e+00
     35.000    15.9372   4.181786    33.1845       4426     3.0731 0.0000e+00
     34.000    16.3654   4.225245    33.2106       4452     3.0913 0.0000e+00
     33.000    16.7494   4.265487    33.2438       4476     3.1075 0.0000e+00
     32.000    16.9010   4.283835    33.2782       4503     3.1260 0.0000e+00
     31.000    17.0818   4.301667    33.2836       4533     3.1475 0.0000e+00
     30.000    17.4103   4.330966    33.2660       4560     3.1657 0.0000e+00
     29.000    17.6149   4.353049    33.2877       4581     3.1803 0.0000e+00
     28.000    17.7378   4.365868    33.2970       4602     3.1949 0.0000e+00
     27.000    18.0499   4.392076    33.2654       4627     3.2124 0.0000e+00
     26.000    18.2220   4.409452    33.2729       4656     3.2323 0.0000e+00
     25.000    18.1663   4.393296    33.1820       4684     3.2522 0.0000e+00
     24.000    18.1598   4.379662    33.0724       4717     3.2750 0.0000e+00
     23.000    18.1435   4.376330    33.0579       4752     3.2993 0.0000e+00
     22.000    18.1070   4.369365    33.0288       4779     3.3182 0.0000e+00
     21.000    18.0861   4.363919    33.0000       4802     3.3340 0.0000e+00
     20.000    18.0917   4.364325    32.9993       4825     3.3498 0.0000e+00
     19.000    18.1046   4.366041    33.0037       4849     3.3666 0.0000e+00
     18.000    18.1115   4.367070    33.0073       4875     3.3848 0.0000e+00
     17.000    18.1191   4.368013    33.0094       4900     3.4024 0.0000e+00
     16.000    18.1316   4.369398    33.0114       4925     3.4193 0.0000e+00
     15.000    18.1741   4.373156    33.0092       4948     3.4353 0.0000e+00
     14.000    18.2236   4.377790    33.0088       4974     3.4537 0.0000e+00
     13.000    18.2359   4.379011    33.0096       5008     3.4773 0.0000e+00
     12.000    18.2526   4.380340    33.0077       5040     3.4996 0.0000e+00
     11.000    18.2732   4.381550    33.0016       5065     3.5165 0.0000e+00
     10.000    18.2812   4.382103    33.0003       5087     3.5322 0.0000e+00
      9.000    18.2828   4.382291    33.0010       5115     3.5516 0.0000e+00
      8.000    18.2813   4.382302    33.0025       5149     3.5749 0.0000e+00
      7.000    18.2797   4.382249    33.0037       5173     3.5917 0.0000e+00
      6.000    18.2790   4.382189    33.0041       5191     3.6041 0.0000e+00
      5.000    18.2785   4.381833    33.0019       5210     3.6174 0.0000e+00
      4.000    18.2782   4.381567    33.0003       5235     3.6350 0.0000e+00
      3.000    18.2778   4.381690    33.0020       5325     3.6969 0.0000e+00
