HB2304/ctd136.cnv
* Sea-Bird SBE 9 Data File:
* FileName = C:\cruise\data\ctd136.hex
* Software Version Seasave V 7.26.7.121
* Temperature SN = 4591
* Conductivity SN = 3741
* Number of Bytes Per Scan = 37
* Number of Voltage Words = 4
* Number of Scans Averaged by the Deck Unit = 1
* NMEA Latitude = 41 23.39 N
* NMEA Longitude = 066 53.75 W
* NMEA UTC (Time) = Oct 20 2023  04:50:14
* NMEA baud rate = 4800
** Ship: Bigelow HB2304
** Program:  Fall Bottom Trawl Survey
** Chief Scientist: John Galbraith
# nquan = 7
# nvalues = 126                         
# units = specified
# name 0 = depSM: Depth [salt water, m]
# name 1 = t090C: Temperature [ITS-90, deg C]
# name 2 = c0S/m: Conductivity [S/m]
# name 3 = sal00: Salinity, Practical [PSU]
# name 4 = scan: Scan Count
# name 5 = timeM: Time, Elapsed [minutes]
# name 6 = flag: flag
# span 0 =      2.000,     65.000       
# span 1 =    12.9413,    14.0573       
# span 2 =   3.794508,   3.881403       
# span 3 =    32.0430,    32.1658       
# span 4 =        123,       4408       
# span 5 =     0.0849,     3.0601       
# span 6 = 0.0000e+00, 0.0000e+00       
# interval = meters: 1                  
# start_time = Oct 20 2023 04:50:14 [NMEA time, header]
# bad_flag = -9.990e-29
*END*
      3.000    14.0560   3.880878    32.0512        123     0.0849 0.0000e+00
      4.000    14.0561   3.880956    32.0514        240     0.1658 0.0000e+00
      5.000    14.0527   3.880704    32.0516        271     0.1872 0.0000e+00
      6.000    14.0526   3.880689    32.0511        298     0.2061 0.0000e+00
      7.000    14.0533   3.880808    32.0513        322     0.2233 0.0000e+00
      8.000    14.0531   3.880843    32.0514        346     0.2398 0.0000e+00
      9.000    14.0533   3.880897    32.0513        371     0.2568 0.0000e+00
     10.000    14.0542   3.881019    32.0512        395     0.2738 0.0000e+00
     11.000    14.0538   3.880981    32.0509        420     0.2912 0.0000e+00
     12.000    14.0544   3.881105    32.0511        449     0.3110 0.0000e+00
     13.000    14.0552   3.881197    32.0509        479     0.3318 0.0000e+00
     14.000    14.0559   3.881403    32.0518        505     0.3500 0.0000e+00
     15.000    14.0502   3.881142    32.0538        530     0.3675 0.0000e+00
     16.000    14.0351   3.880053    32.0560        557     0.3861 0.0000e+00
     17.000    14.0164   3.878730    32.0589        584     0.4049 0.0000e+00
     18.000    13.9841   3.876393    32.0640        609     0.4221 0.0000e+00
     19.000    13.9392   3.873228    32.0718        633     0.4386 0.0000e+00
     20.000    13.8697   3.868160    32.0827        657     0.4553 0.0000e+00
     21.000    13.8176   3.864146    32.0887        682     0.4726 0.0000e+00
     22.000    13.7946   3.862193    32.0895        707     0.4902 0.0000e+00
     23.000    13.7691   3.859536    32.0859        734     0.5089 0.0000e+00
     24.000    13.7646   3.859110    32.0853        765     0.5308 0.0000e+00
     25.000    13.7670   3.859552    32.0869        797     0.5531 0.0000e+00
     26.000    13.7432   3.857895    32.0911        824     0.5713 0.0000e+00
     27.000    13.7236   3.856335    32.0928        848     0.5879 0.0000e+00
     28.000    13.7225   3.856600    32.0957        871     0.6045 0.0000e+00
     29.000    13.6855   3.854130    32.1034        895     0.6208 0.0000e+00
     30.000    13.6675   3.852934    32.1070        917     0.6361 0.0000e+00
     31.000    13.6416   3.851367    32.1138        940     0.6517 0.0000e+00
     32.000    13.5925   3.847812    32.1216        966     0.6703 0.0000e+00
     33.000    13.4457   3.836293    32.1374       1000     0.6935 0.0000e+00
     34.000    13.2458   3.820305    32.1562       1032     0.7163 0.0000e+00
     35.000    13.1799   3.814209    32.1544       1059     0.7345 0.0000e+00
     36.000    13.1366   3.810936    32.1598       1082     0.7504 0.0000e+00
     37.000    13.0732   3.805576    32.1627       1104     0.7661 0.0000e+00
     38.000    13.0680   3.804912    32.1605       1128     0.7829 0.0000e+00
     39.000    13.0677   3.804792    32.1592       1156     0.8020 0.0000e+00
     40.000    13.0459   3.803115    32.1616       1186     0.8227 0.0000e+00
     41.000    13.0168   3.800804    32.1641       1212     0.8409 0.0000e+00
     42.000    12.9918   3.798762    32.1657       1234     0.8565 0.0000e+00
     43.000    12.9850   3.798178    32.1655       1256     0.8716 0.0000e+00
     44.000    12.9786   3.797577    32.1649       1279     0.8877 0.0000e+00
     45.000    12.9751   3.797316    32.1650       1307     0.9067 0.0000e+00
     46.000    12.9686   3.796738    32.1647       1338     0.9286 0.0000e+00
     47.000    12.9609   3.796149    32.1653       1371     0.9513 0.0000e+00
     48.000    12.9455   3.794862    32.1658       1402     0.9727 0.0000e+00
     49.000    12.9444   3.794743    32.1652       1426     0.9895 0.0000e+00
     50.000    12.9445   3.794787    32.1651       1446     1.0035 0.0000e+00
     51.000    12.9537   3.795455    32.1632       1465     1.0170 0.0000e+00
     52.000    12.9531   3.795512    32.1639       1487     1.0321 0.0000e+00
     53.000    12.9488   3.795157    32.1638       1513     1.0501 0.0000e+00
     54.000    12.9487   3.795152    32.1635       1544     1.0718 0.0000e+00
     55.000    12.9467   3.795024    32.1635       1576     1.0938 0.0000e+00
     56.000    12.9462   3.794987    32.1632       1605     1.1138 0.0000e+00
     57.000    12.9464   3.795038    32.1631       1631     1.1318 0.0000e+00
     58.000    12.9476   3.795151    32.1628       1655     1.1486 0.0000e+00
     59.000    12.9478   3.795192    32.1625       1678     1.1643 0.0000e+00
     60.000    12.9482   3.795270    32.1625       1701     1.1805 0.0000e+00
     61.000    12.9469   3.795206    32.1626       1727     1.1988 0.0000e+00
     62.000    12.9457   3.795130    32.1625       1757     1.2191 0.0000e+00
     63.000    12.9464   3.795212    32.1624       1786     1.2393 0.0000e+00
     64.000    12.9468   3.795274    32.1621       1812     1.2579 0.0000e+00
     65.000    12.9478   3.795372    32.1619       1829     1.2696 0.0000e+00
     64.000    12.9413   3.794582    32.1603       2739     1.9015 0.0000e+00
     63.000    12.9446   3.794867    32.1606       2805     1.9472 0.0000e+00
     62.000    12.9442   3.794773    32.1604       2822     1.9587 0.0000e+00
     61.000    12.9441   3.794715    32.1604       2845     1.9751 0.0000e+00
     60.000    12.9453   3.794771    32.1603       2872     1.9938 0.0000e+00
     59.000    12.9443   3.794653    32.1605       2903     2.0153 0.0000e+00
     58.000    12.9442   3.794576    32.1602       2930     2.0339 0.0000e+00
     57.000    12.9450   3.794620    32.1603       2952     2.0491 0.0000e+00
     56.000    12.9463   3.794680    32.1602       2972     2.0629 0.0000e+00
     55.000    12.9456   3.794612    32.1605       2992     2.0774 0.0000e+00
     54.000    12.9452   3.794510    32.1603       3018     2.0953 0.0000e+00
     53.000    12.9460   3.794540    32.1604       3054     2.1199 0.0000e+00
     52.000    12.9461   3.794520    32.1605       3086     2.1427 0.0000e+00
     51.000    12.9464   3.794508    32.1604       3110     2.1590 0.0000e+00
     50.000    12.9478   3.794576    32.1603       3131     2.1734 0.0000e+00
     49.000    12.9488   3.794621    32.1604       3152     2.1881 0.0000e+00
     48.000    12.9495   3.794624    32.1602       3175     2.2041 0.0000e+00
     47.000    12.9525   3.794823    32.1599       3201     2.2224 0.0000e+00
     46.000    12.9538   3.794894    32.1599       3230     2.2424 0.0000e+00
     45.000    12.9551   3.794953    32.1597       3258     2.2619 0.0000e+00
     44.000    12.9565   3.795005    32.1594       3283     2.2791 0.0000e+00
     43.000    12.9587   3.795175    32.1595       3306     2.2953 0.0000e+00
     42.000    12.9590   3.795105    32.1591       3331     2.3124 0.0000e+00
     41.000    12.9732   3.796153    32.1572       3358     2.3312 0.0000e+00
     40.000    12.9917   3.797523    32.1549       3388     2.3520 0.0000e+00
     39.000    13.0033   3.798399    32.1537       3417     2.3720 0.0000e+00
     38.000    13.0320   3.800514    32.1497       3441     2.3889 0.0000e+00
     37.000    13.0502   3.801977    32.1484       3463     2.4043 0.0000e+00
     36.000    13.0839   3.804493    32.1439       3485     2.4191 0.0000e+00
     35.000    13.1126   3.806696    32.1408       3506     2.4344 0.0000e+00
     34.000    13.1277   3.808063    32.1412       3530     2.4510 0.0000e+00
     33.000    13.1640   3.810707    32.1357       3557     2.4698 0.0000e+00
     32.000    13.2196   3.815192    32.1312       3589     2.4916 0.0000e+00
     31.000    13.3845   3.827340    32.1062       3622     2.5145 0.0000e+00
     30.000    13.5390   3.840678    32.1010       3650     2.5342 0.0000e+00
     29.000    13.6005   3.845712    32.0965       3674     2.5505 0.0000e+00
     28.000    13.6113   3.846696    32.0970       3694     2.5649 0.0000e+00
     27.000    13.6445   3.848824    32.0894       3714     2.5786 0.0000e+00
     26.000    13.6993   3.853087    32.0834       3735     2.5931 0.0000e+00
     25.000    13.7152   3.854181    32.0806       3759     2.6094 0.0000e+00
     24.000    13.7508   3.856751    32.0750       3788     2.6297 0.0000e+00
     23.000    13.7577   3.857571    32.0772       3823     2.6539 0.0000e+00
     22.000    13.7638   3.857984    32.0763       3852     2.6742 0.0000e+00
     21.000    13.7746   3.858857    32.0757       3876     2.6909 0.0000e+00
     20.000    13.7941   3.860513    32.0752       3898     2.7063 0.0000e+00
     19.000    13.8243   3.862802    32.0714       3920     2.7217 0.0000e+00
     18.000    13.8726   3.866359    32.0644       3943     2.7378 0.0000e+00
     17.000    13.9454   3.871496    32.0514       3968     2.7549 0.0000e+00
     16.000    14.0054   3.876214    32.0453       3995     2.7737 0.0000e+00
     15.000    14.0407   3.879114    32.0430       4023     2.7933 0.0000e+00
     14.000    14.0478   3.879846    32.0442       4050     2.8118 0.0000e+00
     13.000    14.0490   3.880067    32.0457       4075     2.8295 0.0000e+00
     12.000    14.0501   3.880207    32.0464       4100     2.8468 0.0000e+00
     11.000    14.0509   3.880277    32.0468       4125     2.8641 0.0000e+00
     10.000    14.0527   3.880408    32.0469       4151     2.8821 0.0000e+00
      9.000    14.0567   3.880729    32.0469       4178     2.9007 0.0000e+00
      8.000    14.0571   3.880729    32.0470       4204     2.9188 0.0000e+00
      7.000    14.0572   3.880696    32.0470       4228     2.9356 0.0000e+00
      6.000    14.0573   3.880710    32.0474       4253     2.9528 0.0000e+00
      5.000    14.0547   3.880487    32.0479       4280     2.9714 0.0000e+00
      4.000    14.0540   3.880386    32.0480       4306     2.9896 0.0000e+00
      3.000    14.0538   3.880361    32.0483       4331     3.0071 0.0000e+00
      2.000    14.0543   3.880433    32.0489       4408     3.0601 0.0000e+00
