HB2304/ctd186.cnv
* Sea-Bird SBE 9 Data File:
* FileName = C:\cruise\data\ctd186.hex
* Software Version Seasave V 7.26.7.121
* Temperature SN = 4591
* Conductivity SN = 3741
* Number of Bytes Per Scan = 37
* Number of Voltage Words = 4
* Number of Scans Averaged by the Deck Unit = 1
* NMEA Latitude = 42 40.78 N
* NMEA Longitude = 069 09.64 W
* NMEA UTC (Time) = Nov 12 2023 10:13:33
* NMEA baud rate = 4800
** Ship: Bigelow HB2304
** Program:  Fall Bottom Trawl Survey
** Chief Scientist: John Galbraith
# nquan = 9
# nvalues = 297                         
# units = specified
# name 0 = depSM: Depth [salt water, m]
# name 1 = t090C: Temperature [ITS-90, deg C]
# name 2 = c0S/m: Conductivity [S/m]
# name 3 = sal00: Salinity, Practical [PSU]
# name 4 = scan: Scan Count
# name 5 = timeM: Time, Elapsed [minutes]
# name 6 = sbeox0V: Oxygen raw, SBE 43 [V]
# name 7 = sbeox1V: Oxygen raw, SBE 43, 2 [V]
# name 8 = flag: flag
# span 0 =      1.000,    150.000       
# span 1 =     8.1984,    10.6626       
# span 2 =   3.474856,   3.627781       
# span 3 =    32.2182,    33.2258       
# span 4 =         80,       9568       
# span 5 =     0.0546,     6.6436       
# span 6 =     1.7078,     4.5834       
# span 7 =     1.6124,     2.2292       
# span 8 = 0.0000e+00, 0.0000e+00       
# interval = meters: 1                  
# start_time = Nov 12 2023 10:13:33 [NMEA time, header]
# bad_flag = -9.990e-29
*END*
      3.000    10.4927   3.579428    32.2182         80     0.0546     2.9550     2.2134 0.0000e+00
      4.000    10.4961   3.579802    32.2185        185     0.1276     2.9661     2.2118 0.0000e+00
      5.000    10.4985   3.580106    32.2190        216     0.1490     3.0173     2.2099 0.0000e+00
      6.000    10.4982   3.580120    32.2190        244     0.1688     3.0993     2.2098 0.0000e+00
      7.000    10.5020   3.580511    32.2191        276     0.1912     3.2368     2.2085 0.0000e+00
      8.000    10.5008   3.580467    32.2193        315     0.2178     3.4278     2.2059 0.0000e+00
      9.000    10.5020   3.580652    32.2196        355     0.2455     3.6280     2.2095 0.0000e+00
     10.000    10.4978   3.580362    32.2200        386     0.2677     3.7818     2.2137 0.0000e+00
     11.000    10.4953   3.580168    32.2199        549     0.3806     4.2384     2.2152 0.0000e+00
     12.000    10.5001   3.580601    32.2196        585     0.4055     4.2986     2.2178 0.0000e+00
     13.000    10.4983   3.580490    32.2196        611     0.4235     4.3760     2.2178 0.0000e+00
     14.000    10.5042   3.581027    32.2193        637     0.4414     4.5834     2.2164 0.0000e+00
     15.000    10.5035   3.581040    32.2196        666     0.4621     4.5664     2.2156 0.0000e+00
     16.000    10.5022   3.580985    32.2198        697     0.4837     4.0133     2.2147 0.0000e+00
     17.000    10.5009   3.580922    32.2199        723     0.5011     3.5909     2.2154 0.0000e+00
     18.000    10.5010   3.580957    32.2197        746     0.5175     3.2863     2.2178 0.0000e+00
     19.000    10.5037   3.581352    32.2208        773     0.5358     3.0319     2.2173 0.0000e+00
     20.000    10.5046   3.581528    32.2214        804     0.5576     2.8201     2.2166 0.0000e+00
     21.000    10.5026   3.581549    32.2229        833     0.5776     2.6836     2.2172 0.0000e+00
     22.000    10.5010   3.581644    32.2248        855     0.5930     2.6032     2.2167 0.0000e+00
     23.000    10.4995   3.581359    32.2228        877     0.6081     2.5429     2.2166 0.0000e+00
     24.000    10.5000   3.581573    32.2241        904     0.6273     2.4902     2.2191 0.0000e+00
     25.000    10.5005   3.581757    32.2252        938     0.6507     2.4473     2.2190 0.0000e+00
     26.000    10.5007   3.581861    32.2256        965     0.6695     2.4247     2.2173 0.0000e+00
     27.000    10.5016   3.581967    32.2254        986     0.6843     2.4091     2.2151 0.0000e+00
     28.000    10.5000   3.581901    32.2257       1008     0.6995     2.3947     2.2149 0.0000e+00
     29.000    10.5000   3.581896    32.2252       1035     0.7177     2.3777     2.2174 0.0000e+00
     30.000    10.4995   3.582020    32.2265       1065     0.7386     2.3706     2.2173 0.0000e+00
     31.000    10.4984   3.582126    32.2281       1095     0.7595     2.3773     2.2182 0.0000e+00
     32.000    10.4984   3.582276    32.2291       1122     0.7787     2.3819     2.2183 0.0000e+00
     33.000    10.4969   3.582344    32.2308       1147     0.7961     2.3788     2.2180 0.0000e+00
     34.000    10.4955   3.582355    32.2317       1172     0.8129     2.3754     2.2179 0.0000e+00
     35.000    10.5015   3.583226    32.2346       1198     0.8309     2.3764     2.2194 0.0000e+00
     36.000    10.5075   3.583985    32.2365       1225     0.8497     2.3777     2.2176 0.0000e+00
     37.000    10.5161   3.584985    32.2384       1250     0.8671     2.3756     2.2164 0.0000e+00
     38.000    10.5227   3.585926    32.2416       1274     0.8840     2.3716     2.2143 0.0000e+00
     39.000    10.5278   3.586540    32.2428       1302     0.9032     2.3686     2.2129 0.0000e+00
     40.000    10.5387   3.587756    32.2448       1332     0.9240     2.3641     2.2094 0.0000e+00
     41.000    10.5622   3.590678    32.2528       1358     0.9421     2.3594     2.2058 0.0000e+00
     42.000    10.6000   3.595580    32.2678       1381     0.9586     2.3556     2.2045 0.0000e+00
     43.000    10.6606   3.605884    32.3165       1408     0.9768     2.3525     2.2021 0.0000e+00
     44.000    10.6541   3.606724    32.3302       1436     0.9965     2.3415     2.1943 0.0000e+00
     45.000    10.6264   3.608399    32.3711       1462     1.0146     2.3147     2.1741 0.0000e+00
     46.000    10.6479   3.616490    32.4323       1486     1.0316     2.2898     2.1523 0.0000e+00
     47.000    10.6549   3.620311    32.4637       1512     1.0495     2.2681     2.1323 0.0000e+00
     48.000    10.6626   3.625024    32.5034       1541     1.0697     2.2332     2.1026 0.0000e+00
     49.000    10.6599   3.626649    32.5216       1572     1.0908     2.1910     2.0630 0.0000e+00
     50.000    10.6392   3.627781    32.5509       1597     1.1085     2.1595     2.0327 0.0000e+00
     51.000    10.6112   3.627425    32.5718       1619     1.1237     2.1375     2.0121 0.0000e+00
     52.000    10.5869   3.626951    32.5884       1641     1.1388     2.1176     1.9924 0.0000e+00
     53.000    10.5779   3.626778    32.5943       1666     1.1565     2.0999     1.9752 0.0000e+00
     54.000    10.5695   3.626615    32.5998       1700     1.1795     2.0833     1.9563 0.0000e+00
     55.000    10.5622   3.626425    32.6039       1732     1.2020     2.0704     1.9448 0.0000e+00
     56.000    10.5313   3.625671    32.6236       1757     1.2193     2.0639     1.9389 0.0000e+00
     57.000    10.4647   3.623719    32.6633       1779     1.2347     2.0585     1.9349 0.0000e+00
     58.000    10.4391   3.622837    32.6770       1803     1.2514     2.0516     1.9292 0.0000e+00
     59.000    10.4291   3.622457    32.6817       1831     1.2708     2.0428     1.9214 0.0000e+00
     60.000    10.4190   3.622181    32.6876       1859     1.2904     2.0332     1.9141 0.0000e+00
     61.000    10.4026   3.621701    32.6970       1885     1.3087     2.0275     1.9038 0.0000e+00
     62.000    10.3796   3.621095    32.7112       1912     1.3274     2.0229     1.9013 0.0000e+00
     63.000    10.3675   3.620605    32.7167       1941     1.3470     2.0178     1.8954 0.0000e+00
     64.000    10.3550   3.620166    32.7231       1967     1.3654     2.0131     1.8919 0.0000e+00
     65.000    10.3309   3.619203    32.7347       1991     1.3822     2.0094     1.8881 0.0000e+00
     66.000    10.3041   3.618185    32.7481       2017     1.3998     2.0068     1.8843 0.0000e+00
     67.000    10.2670   3.616704    32.7663       2047     1.4211     2.0006     1.8805 0.0000e+00
     68.000    10.2236   3.614560    32.7835       2079     1.4428     1.9957     1.8777 0.0000e+00
     69.000    10.2172   3.614238    32.7855       2104     1.4607     1.9934     1.8753 0.0000e+00
     70.000    10.1968   3.613460    32.7957       2129     1.4775     1.9922     1.8729 0.0000e+00
     71.000    10.1765   3.612165    32.8006       2154     1.4950     1.9878     1.8702 0.0000e+00
     72.000    10.1615   3.610657    32.7984       2182     1.5148     1.9828     1.8666 0.0000e+00
     73.000    10.1554   3.610082    32.7977       2211     1.5349     1.9793     1.8623 0.0000e+00
     74.000    10.1394   3.608809    32.7989       2237     1.5526     1.9779     1.8590 0.0000e+00
     75.000    10.1236   3.607625    32.8009       2261     1.5694     1.9766     1.8590 0.0000e+00
     76.000    10.1163   3.607159    32.8023       2288     1.5879     1.9745     1.8584 0.0000e+00
     77.000    10.1098   3.606695    32.8030       2317     1.6085     1.9731     1.8565 0.0000e+00
     78.000    10.1025   3.606190    32.8041       2347     1.6292     1.9706     1.8537 0.0000e+00
     79.000    10.0818   3.604630    32.8066       2375     1.6484     1.9690     1.8502 0.0000e+00
     80.000    10.0166   3.599206    32.8104       2399     1.6653     1.9670     1.8477 0.0000e+00
     81.000     9.9219   3.591001    32.8127       2422     1.6813     1.9644     1.8463 0.0000e+00
     82.000     9.7003   3.570602    32.8061       2449     1.7001     1.9580     1.8439 0.0000e+00
     83.000     9.6481   3.565229    32.7984       2483     1.7233     1.9423     1.8327 0.0000e+00
     84.000     9.6251   3.563706    32.8033       2511     1.7430     1.9275     1.8206 0.0000e+00
     85.000     9.5660   3.559837    32.8172       2533     1.7582     1.9188     1.8121 0.0000e+00
     86.000     9.5468   3.562778    32.8645       2554     1.7729     1.9129     1.8051 0.0000e+00
     87.000     9.4138   3.551231    32.8674       2580     1.7911     1.9065     1.8004 0.0000e+00
     88.000     9.2402   3.536853    32.8783       2614     1.8147     1.8968     1.7927 0.0000e+00
     89.000     9.1816   3.532272    32.8845       2644     1.8356     1.8857     1.7816 0.0000e+00
     90.000     9.1250   3.528330    32.8953       2668     1.8520     1.8771     1.7720 0.0000e+00
     91.000     9.0810   3.525170    32.9027       2691     1.8681     1.8694     1.7633 0.0000e+00
     92.000     9.0243   3.521262    32.9142       2718     1.8869     1.8617     1.7555 0.0000e+00
     93.000     8.8932   3.512493    32.9438       2748     1.9079     1.8519     1.7455 0.0000e+00
     94.000     8.7882   3.506033    32.9735       2776     1.9269     1.8428     1.7376 0.0000e+00
     95.000     8.7133   3.500278    32.9826       2799     1.9432     1.8355     1.7321 0.0000e+00
     96.000     8.6757   3.496933    32.9821       2823     1.9596     1.8253     1.7253 0.0000e+00
     97.000     8.6747   3.497428    32.9878       2850     1.9785     1.8155     1.7152 0.0000e+00
     98.000     8.6579   3.496394    32.9921       2881     1.9998     1.8079     1.7061 0.0000e+00
     99.000     8.6235   3.493408    32.9924       2909     2.0194     1.8031     1.6999 0.0000e+00
    100.000     8.6221   3.493079    32.9898       2934     2.0366     1.8003     1.6959 0.0000e+00
    101.000     8.6024   3.491205    32.9880       2958     2.0532     1.7976     1.6939 0.0000e+00
    102.000     8.5549   3.487514    32.9932       2983     2.0709     1.7967     1.6924 0.0000e+00
    103.000     8.5196   3.484591    32.9949       3014     2.0921     1.7938     1.6898 0.0000e+00
    104.000     8.5016   3.483490    32.9997       3046     2.1147     1.7908     1.6857 0.0000e+00
    105.000     8.5009   3.483816    33.0034       3072     2.1323     1.7893     1.6842 0.0000e+00
    106.000     8.5012   3.484191    33.0065       3093     2.1473     1.7875     1.6831 0.0000e+00
    107.000     8.5023   3.484428    33.0075       3117     2.1636     1.7850     1.6810 0.0000e+00
    108.000     8.5028   3.484601    33.0085       3145     2.1830     1.7836     1.6798 0.0000e+00
    109.000     8.5158   3.486392    33.0147       3172     2.2018     1.7825     1.6786 0.0000e+00
    110.000     8.5333   3.489429    33.0298       3196     2.2189     1.7813     1.6746 0.0000e+00
    111.000     8.5197   3.489333    33.0410       3224     2.2385     1.7802     1.6732 0.0000e+00
    112.000     8.4952   3.487464    33.0438       3258     2.2616     1.7775     1.6731 0.0000e+00
    113.000     8.4818   3.486613    33.0470       3286     2.2814     1.7745     1.6728 0.0000e+00
    114.000     8.4631   3.485455    33.0518       3310     2.2981     1.7727     1.6715 0.0000e+00
    115.000     8.4426   3.483959    33.0548       3334     2.3143     1.7723     1.6687 0.0000e+00
    116.000     8.4154   3.482229    33.0616       3359     2.3318     1.7708     1.6663 0.0000e+00
    117.000     8.3558   3.478385    33.0765       3387     2.3513     1.7681     1.6645 0.0000e+00
    118.000     8.3221   3.476426    33.0869       3415     2.3707     1.7642     1.6620 0.0000e+00
    119.000     8.3108   3.475660    33.0890       3440     2.3883     1.7602     1.6593 0.0000e+00
    120.000     8.3078   3.475581    33.0906       3466     2.4061     1.7550     1.6557 0.0000e+00
    121.000     8.3006   3.475753    33.0987       3493     2.4248     1.7506     1.6516 0.0000e+00
    122.000     8.2918   3.476132    33.1105       3520     2.4434     1.7484     1.6493 0.0000e+00
    123.000     8.2838   3.476366    33.1200       3548     2.4629     1.7464     1.6469 0.0000e+00
    124.000     8.2743   3.476514    33.1301       3577     2.4835     1.7453     1.6446 0.0000e+00
    125.000     8.2645   3.476092    33.1344       3604     2.5019     1.7443     1.6429 0.0000e+00
    126.000     8.2593   3.476494    33.1430       3627     2.5179     1.7428     1.6415 0.0000e+00
    127.000     8.2527   3.476386    33.1477       3651     2.5347     1.7418     1.6399 0.0000e+00
    128.000     8.2501   3.476646    33.1524       3680     2.5547     1.7394     1.6373 0.0000e+00
    129.000     8.2467   3.476853    33.1573       3710     2.5759     1.7349     1.6351 0.0000e+00
    130.000     8.2431   3.477051    33.1624       3736     2.5936     1.7318     1.6322 0.0000e+00
    131.000     8.2432   3.477132    33.1627       3758     2.6093     1.7304     1.6297 0.0000e+00
    132.000     8.2432   3.477182    33.1628       3782     2.6259     1.7287     1.6279 0.0000e+00
    133.000     8.2417   3.477289    33.1648       3811     2.6456     1.7275     1.6290 0.0000e+00
    134.000     8.2276   3.477834    33.1835       3841     2.6665     1.7268     1.6299 0.0000e+00
    135.000     8.2267   3.477901    33.1845       3867     2.6850     1.7259     1.6296 0.0000e+00
    136.000     8.2262   3.477970    33.1853       3893     2.7025     1.7235     1.6290 0.0000e+00
    137.000     8.2244   3.478092    33.1878       3919     2.7210     1.7218     1.6272 0.0000e+00
    138.000     8.2214   3.478194    33.1912       3948     2.7410     1.7211     1.6257 0.0000e+00
    139.000     8.2213   3.478198    33.1909       3975     2.7597     1.7196     1.6235 0.0000e+00
    140.000     8.2201   3.478277    33.1924       3999     2.7762     1.7193     1.6218 0.0000e+00
    141.000     8.2163   3.478421    33.1971       4023     2.7928     1.7195     1.6207 0.0000e+00
    142.000     8.2155   3.478446    33.1977       4050     2.8116     1.7192     1.6182 0.0000e+00
    143.000     8.2164   3.478500    33.1969       4078     2.8310     1.7197     1.6169 0.0000e+00
    144.000     8.2148   3.478667    33.1997       4104     2.8490     1.7195     1.6166 0.0000e+00
    145.000     8.2113   3.478795    33.2039       4129     2.8666     1.7188     1.6176 0.0000e+00
    146.000     8.2091   3.478785    33.2054       4156     2.8851     1.7184     1.6176 0.0000e+00
    147.000     8.2091   3.478839    33.2055       4185     2.9057     1.7177     1.6180 0.0000e+00
    148.000     8.2077   3.478949    33.2075       4215     2.9262     1.7173     1.6179 0.0000e+00
    149.000     8.2025   3.479390    33.2167       4240     2.9440     1.7174     1.6185 0.0000e+00
    150.000     8.1984   3.479927    33.2258       4766     3.3091     1.7138     1.6124 0.0000e+00
    149.000     8.2077   3.479199    33.2097       4846     3.3645     1.7156     1.6138 0.0000e+00
    148.000     8.2109   3.478967    33.2047       4856     3.3718     1.7163     1.6144 0.0000e+00
    147.000     8.2120   3.478839    33.2028       4880     3.3884     1.7166     1.6156 0.0000e+00
    146.000     8.2124   3.478752    33.2020       4908     3.4078     1.7163     1.6157 0.0000e+00
    145.000     8.2159   3.478495    33.1964       4942     3.4311     1.7156     1.6166 0.0000e+00
    144.000     8.2181   3.478329    33.1930       4969     3.4499     1.7173     1.6176 0.0000e+00
    143.000     8.2178   3.478235    33.1927       4991     3.4654     1.7186     1.6182 0.0000e+00
    142.000     8.2171   3.478165    33.1931       5014     3.4815     1.7199     1.6189 0.0000e+00
    141.000     8.2175   3.478071    33.1923       5042     3.5009     1.7193     1.6197 0.0000e+00
    140.000     8.2202   3.477971    33.1891       5073     3.5223     1.7189     1.6200 0.0000e+00
    139.000     8.2223   3.477872    33.1865       5099     3.5400     1.7196     1.6193 0.0000e+00
    138.000     8.2250   3.477695    33.1826       5121     3.5555     1.7216     1.6198 0.0000e+00
