HB2304/ctd163.cnv
* Sea-Bird SBE 9 Data File:
* FileName = C:\cruise\data\ctd163.hex
* Software Version Seasave V 7.26.7.121
* Temperature SN = 4591
* Conductivity SN = 3741
* Number of Bytes Per Scan = 37
* Number of Voltage Words = 4
* Number of Scans Averaged by the Deck Unit = 1
* NMEA Latitude = 41 56.48 N
* NMEA Longitude = 068 27.32 W
* NMEA UTC (Time) = Nov 03 2023 21:34:44
* NMEA baud rate = 4800
** Ship: Bigelow HB2304
** Program:  Fall Bottom Trawl Survey
** Chief Scientist: John Galbraith
# nquan = 9
# nvalues = 336                         
# units = specified
# name 0 = depSM: Depth [salt water, m]
# name 1 = t090C: Temperature [ITS-90, deg C]
# name 2 = c0S/m: Conductivity [S/m]
# name 3 = sal00: Salinity, Practical [PSU]
# name 4 = scan: Scan Count
# name 5 = timeM: Time, Elapsed [minutes]
# name 6 = sbeox0V: Oxygen raw, SBE 43 [V]
# name 7 = sbeox1V: Oxygen raw, SBE 43, 2 [V]
# name 8 = flag: flag
# span 0 =      2.000,    170.000       
# span 1 =     7.2159,    13.1054       
# span 2 =   3.361318,   3.772047       
# span 3 =    31.8038,    33.8708       
# span 4 =        101,      10338       
# span 5 =     0.0691,     7.1787       
# span 6 =     1.6452,     2.4296       
# span 7 =     1.5481,     2.2860       
# span 8 = 0.0000e+00, 0.0000e+00       
# interval = meters: 1                  
# start_time = Nov 03 2023 21:34:44 [NMEA time, header]
# bad_flag = -9.990e-29
*END*
[from data line 161]
    164.000     7.7760   3.498780    33.8249       4522     3.1395     1.6494     1.5531 0.0000e+00
    165.000     7.7788   3.499476    33.8291       4565     3.1693     1.6492     1.5531 0.0000e+00
    166.000     7.7815   3.500103    33.8328       4591     3.1876     1.6514     1.5530 0.0000e+00
    167.000     7.7896   3.501796    33.8427       4614     3.2033     1.6532     1.5516 0.0000e+00
    168.000     7.7968   3.503484    33.8533       4639     3.2208     1.6529     1.5514 0.0000e+00
    169.000     7.8009   3.504433    33.8591       4667     3.2400     1.6516     1.5510 0.0000e+00
    170.000     7.8081   3.506225    33.8708       5005     3.4753     1.6482     1.5491 0.0000e+00
    169.000     7.8016   3.504842    33.8628       5949     4.1308     1.6463     1.5492 0.0000e+00
    168.000     7.8049   3.505525    33.8673       5807     4.0322     1.6465     1.5492 0.0000e+00
    167.000     7.8003   3.504485    33.8612       5822     4.0427     1.6472     1.5486 0.0000e+00
    166.000     7.7923   3.502811    33.8514       5845     4.0581     1.6469     1.5485 0.0000e+00
    165.000     7.7832   3.500747    33.8385       5878     4.0813     1.6458     1.5486 0.0000e+00
    164.000     7.7796   3.499871    33.8331       5912     4.1048     1.6452     1.5493 0.0000e+00
    163.000     7.7732   3.498582    33.8259       5935     4.1205     1.6458     1.5494 0.0000e+00
    162.000     7.7681   3.497342    33.8180       5954     4.1343     1.6458     1.5498 0.0000e+00
    161.000     7.7627   3.496148    33.8108       5977     4.1497     1.6456     1.5486 0.0000e+00
    160.000     7.7415   3.491998    33.7872       6011     4.1738     1.6462     1.5481 0.0000e+00
    159.000     7.7136   3.485660    33.7466       6047     4.1983     1.6486     1.5504 0.0000e+00
    158.000     7.6938   3.481741    33.7240       6067     4.2124     1.6481     1.5506 0.0000e+00
    157.000     7.6819   3.478999    33.7065       6087     4.2266     1.6477     1.5511 0.0000e+00
    156.000     7.6625   3.474856    33.6812       6117     4.2474     1.6486     1.5534 0.0000e+00
    155.000     7.6502   3.471921    33.6619       6149     4.2696     1.6500     1.5542 0.0000e+00
    154.000     7.6440   3.470770    33.6560       6170     4.2839     1.6507     1.5539 0.0000e+00
    153.000     7.5985   3.462203    33.6080       6189     4.2974     1.6532     1.5538 0.0000e+00
    152.000     7.5144   3.442981    33.4821       6216     4.3163     1.6552     1.5543 0.0000e+00
    151.000     7.4860   3.435610    33.4303       6254     4.3424     1.6556     1.5562 0.0000e+00
    150.000     7.4795   3.433674    33.4161       6279     4.3600     1.6599     1.5597 0.0000e+00
    149.000     7.4730   3.432230    33.4073       6300     4.3746     1.6640     1.5632 0.0000e+00
    148.000     7.4697   3.431448    33.4024       6325     4.3915     1.6679     1.5686 0.0000e+00
    147.000     7.4626   3.429867    33.3927       6355     4.4126     1.6738     1.5751 0.0000e+00
    146.000     7.4383   3.424510    33.3585       6383     4.4323     1.6781     1.5777 0.0000e+00
    145.000     7.4163   3.418940    33.3199       6409     4.4497     1.6823     1.5792 0.0000e+00
    144.000     7.4055   3.416382    33.3030       6434     4.4675     1.6858     1.5823 0.0000e+00
    143.000     7.3999   3.414900    33.2929       6459     4.4845     1.6881     1.5862 0.0000e+00
    142.000     7.3960   3.414183    33.2893       6482     4.5006     1.6902     1.5893 0.0000e+00
    141.000     7.3852   3.411946    33.2759       6507     4.5177     1.6936     1.5919 0.0000e+00
    140.000     7.3747   3.409614    33.2613       6537     4.5389     1.6981     1.5934 0.0000e+00
    139.000     7.3712   3.408910    33.2574       6567     4.5599     1.7005     1.5977 0.0000e+00
    138.000     7.3628   3.407341    33.2489       6592     4.5774     1.7019     1.6017 0.0000e+00
    137.000     7.3392   3.402142    33.2157       6615     4.5931     1.7040     1.6041 0.0000e+00
    136.000     7.3226   3.397962    33.1868       6639     4.6096     1.7068     1.6048 0.0000e+00
    135.000     7.3131   3.395146    33.1658       6666     4.6288     1.7093     1.6067 0.0000e+00
    134.000     7.2915   3.390409    33.1356       6696     4.6494     1.7117     1.6097 0.0000e+00
    133.000     7.2682   3.384667    33.0960       6723     4.6680     1.7140     1.6122 0.0000e+00
    132.000     7.2568   3.381004    33.0677       6749     4.6858     1.7179     1.6140 0.0000e+00
    131.000     7.2523   3.378785    33.0484       6775     4.7039     1.7229     1.6173 0.0000e+00
    130.000     7.2525   3.377448    33.0341       6802     4.7227     1.7263     1.6218 0.0000e+00
    129.000     7.2340   3.371075    32.9830       6829     4.7416     1.7290     1.6245 0.0000e+00
    128.000     7.2194   3.366808    32.9511       6855     4.7598     1.7299     1.6256 0.0000e+00
    127.000     7.2176   3.366251    32.9473       6880     4.7768     1.7304     1.6286 0.0000e+00
    126.000     7.2170   3.366089    32.9465       6904     4.7938     1.7328     1.6317 0.0000e+00
    125.000     7.2161   3.365831    32.9451       6931     4.8127     1.7376     1.6345 0.0000e+00
    124.000     7.2159   3.365685    32.9442       6963     4.8346     1.7410     1.6366 0.0000e+00
    123.000     7.2159   3.365634    32.9441       6992     4.8550     1.7413     1.6381 0.0000e+00
    122.000     7.2163   3.365579    32.9436       7015     4.8711     1.7421     1.6394 0.0000e+00
    121.000     7.2171   3.365479    32.9423       7036     4.8851     1.7432     1.6398 0.0000e+00
    120.000     7.2182   3.365363    32.9403       7059     4.9011     1.7448     1.6406 0.0000e+00
    119.000     7.2224   3.364739    32.9301       7088     4.9214     1.7450     1.6417 0.0000e+00
    118.000     7.2237   3.363886    32.9201       7118     4.9425     1.7450     1.6421 0.0000e+00
    117.000     7.2250   3.362800    32.9075       7145     4.9612     1.7454     1.6413 0.0000e+00
    116.000     7.2359   3.362872    32.8984       7173     4.9809     1.7471     1.6417 0.0000e+00
    115.000     7.2479   3.362517    32.8836       7202     5.0005     1.7483     1.6428 0.0000e+00
    114.000     7.2581   3.362327    32.8723       7226     5.0177     1.7495     1.6433 0.0000e+00
    113.000     7.2634   3.362012    32.8644       7250     5.0343     1.7520     1.6437 0.0000e+00
    112.000     7.2633   3.361639    32.8608       7276     5.0520     1.7549     1.6458 0.0000e+00
    111.000     7.2690   3.361318    32.8525       7302     5.0701     1.7574     1.6483 0.0000e+00
    110.000     7.2999   3.362990    32.8417       7328     5.0882     1.7584     1.6504 0.0000e+00
    109.000     7.3344   3.365262    32.8341       7355     5.1073     1.7600     1.6520 0.0000e+00
    108.000     7.3771   3.367992    32.8237       7384     5.1274     1.7610     1.6527 0.0000e+00
    107.000     7.4216   3.370939    32.8139       7414     5.1476     1.7619     1.6537 0.0000e+00
    106.000     7.4320   3.371703    32.8128       7439     5.1656     1.7640     1.6546 0.0000e+00
    105.000     7.4395   3.372301    32.8126       7464     5.1823     1.7666     1.6545 0.0000e+00
    104.000     7.4470   3.372856    32.8120       7490     5.2007     1.7693     1.6548 0.0000e+00
    103.000     7.4576   3.373651    32.8110       7520     5.2217     1.7694     1.6570 0.0000e+00
    102.000     7.4734   3.374924    32.8103       7548     5.2407     1.7696     1.6577 0.0000e+00
    101.000     7.4964   3.376459    32.8056       7571     5.2573     1.7694     1.6573 0.0000e+00
    100.000     7.5508   3.380535    32.7986       7595     5.2738     1.7691     1.6585 0.0000e+00
     99.000     7.6401   3.388296    32.7984       7624     5.2939     1.7721     1.6584 0.0000e+00
     98.000     7.6669   3.390704    32.7995       7657     5.3168     1.7749     1.6587 0.0000e+00
     97.000     7.6739   3.389651    32.7821       7683     5.3350     1.7731     1.6595 0.0000e+00
     96.000     7.5899   3.379546    32.7530       7706     5.3504     1.7716     1.6592 0.0000e+00
     95.000     7.5451   3.371622    32.7104       7733     5.3692     1.7671     1.6573 0.0000e+00
     94.000     7.5521   3.371562    32.7036       7766     5.3926     1.7600     1.6511 0.0000e+00
     93.000     7.5621   3.372429    32.7040       7793     5.4111     1.7563     1.6476 0.0000e+00
     92.000     7.5816   3.373570    32.6984       7815     5.4267     1.7553     1.6456 0.0000e+00
     91.000     7.6177   3.376252    32.6938       7841     5.4445     1.7544     1.6435 0.0000e+00
     90.000     7.6371   3.378154    32.6965       7873     5.4665     1.7535     1.6452 0.0000e+00
     89.000     7.6393   3.378337    32.6969       7901     5.4858     1.7533     1.6484 0.0000e+00
     88.000     7.6725   3.381056    32.6953       7924     5.5018     1.7532     1.6448 0.0000e+00
     87.000     7.7322   3.386453    32.6977       7948     5.5188     1.7545     1.6445 0.0000e+00
     86.000     7.7964   3.391661    32.6937       7982     5.5422     1.7564     1.6480 0.0000e+00
     85.000     7.9878   3.408354    32.6933       8012     5.5631     1.7584     1.6490 0.0000e+00
     84.000     8.1014   3.419834    32.7098       8036     5.5796     1.7636     1.6527 0.0000e+00
     83.000     8.0234   3.411621    32.6957       8060     5.5969     1.7710     1.6572 0.0000e+00
     82.000     7.9478   3.400466    32.6480       8090     5.6175     1.7783     1.6629 0.0000e+00
     81.000     8.1072   3.410818    32.6100       8119     5.6374     1.7792     1.6687 0.0000e+00
     80.000     8.3884   3.437177    32.6283       8144     5.6548     1.7806     1.6672 0.0000e+00
     79.000     8.5271   3.451212    32.6481       8171     5.6736     1.7876     1.6741 0.0000e+00
     78.000     8.6313   3.461181    32.6569       8199     5.6933     1.7999     1.6834 0.0000e+00
     77.000     8.7111   3.469627    32.6721       8226     5.7118     1.8146     1.6939 0.0000e+00
     76.000     8.8013   3.477483    32.6714       8254     5.7312     1.8293     1.7068 0.0000e+00
     75.000     8.8291   3.480601    32.6788       8285     5.7528     1.8429     1.7172 0.0000e+00
     74.000     8.9167   3.487039    32.6658       8311     5.7708     1.8512     1.7290 0.0000e+00
     73.000     9.0415   3.497488    32.6601       8334     5.7869     1.8589     1.7381 0.0000e+00
     72.000     9.0994   3.501915    32.6534       8362     5.8062     1.8694     1.7448 0.0000e+00
     71.000     9.1059   3.501644    32.6451       8393     5.8281     1.8798     1.7571 0.0000e+00
     70.000     9.0955   3.500408    32.6422       8420     5.8468     1.8896     1.7655 0.0000e+00
     69.000     9.0933   3.499996    32.6404       8444     5.8632     1.8952     1.7741 0.0000e+00
     68.000     9.0945   3.500208    32.6419       8469     5.8808     1.8982     1.7780 0.0000e+00
     67.000     9.0853   3.499146    32.6399       8499     5.9017     1.9008     1.7777 0.0000e+00
     66.000     9.0773   3.497474    32.6303       8528     5.9218     1.8985     1.7800 0.0000e+00
     65.000     9.0783   3.497293    32.6280       8552     5.9384     1.8991     1.7797 0.0000e+00
     64.000     9.0776   3.497107    32.6272       8576     5.9545     1.9002     1.7769 0.0000e+00
     63.000     9.0772   3.496948    32.6263       8604     5.9744     1.9002     1.7837 0.0000e+00
     62.000     9.0804   3.496988    32.6243       8639     5.9986     1.9003     1.7837 0.0000e+00
     61.000     9.0914   3.497506    32.6200       8667     6.0177     1.9011     1.7858 0.0000e+00
     60.000     9.2394   3.507408    32.5876       8690     6.0338     1.9023     1.7855 0.0000e+00
     59.000     9.4635   3.523761    32.5523       8713     6.0499     1.9053     1.7847 0.0000e+00
     58.000     9.6934   3.541298    32.5239       8740     6.0687     1.9159     1.7922 0.0000e+00
     57.000     9.8471   3.553113    32.5059       8769     6.0888     1.9308     1.8008 0.0000e+00
     56.000     9.8841   3.556544    32.5079       8794     6.1064     1.9432     1.8083 0.0000e+00
     55.000     9.9156   3.559043    32.5053       8819     6.1238     1.9518     1.8197 0.0000e+00
     54.000     9.9572   3.562332    32.5017       8847     6.1430     1.9613     1.8323 0.0000e+00
     53.000     9.9828   3.564488    32.5009       8876     6.1631     1.9680     1.8419 0.0000e+00
     52.000    10.0201   3.567181    32.4951       8902     6.1816     1.9742     1.8504 0.0000e+00
     51.000    10.0619   3.570416    32.4907       8926     6.1980     1.9774     1.8533 0.0000e+00
     50.000    10.1216   3.574747    32.4814       8951     6.2150     1.9813     1.8580 0.0000e+00
     49.000    10.2223   3.582091    32.4656       8979     6.2347     1.9856     1.8625 0.0000e+00
     48.000    10.3785   3.593422    32.4404       9007     6.2539     1.9933     1.8656 0.0000e+00
     47.000    10.4758   3.599625    32.4164       9032     6.2716     2.0026     1.8750 0.0000e+00
     46.000    10.5616   3.605287    32.3971       9059     6.2901     2.0122     1.8839 0.0000e+00
     45.000    10.5997   3.607847    32.3892       9086     6.3090     2.0238     1.8914 0.0000e+00
     44.000    10.6389   3.610507    32.3815       9109     6.3251     2.0301     1.8990 0.0000e+00
     43.000    10.6750   3.612572    32.3705       9131     6.3401     2.0334     1.9078 0.0000e+00
     42.000    10.7617   3.618369    32.3518       9155     6.3568     2.0398     1.9097 0.0000e+00
     41.000    10.8164   3.621239    32.3324       9185     6.3775     2.0490     1.9172 0.0000e+00
     40.000    10.9240   3.621802    32.2436       9214     6.3979     2.0552     1.9217 0.0000e+00
     39.000    11.2284   3.641678    32.1734       9237     6.4138     2.0589     1.9262 0.0000e+00
     38.000    11.4643   3.658724    32.1354       9259     6.4294     2.0623     1.9313 0.0000e+00
     37.000    11.8329   3.684758    32.0700       9288     6.4492     2.0764     1.9427 0.0000e+00
     36.000    12.0003   3.698739    32.0614       9320     6.4714     2.1053     1.9625 0.0000e+00
     35.000    12.0457   3.701851    32.0528       9343     6.4873     2.1300     1.9864 0.0000e+00
     34.000    12.2289   3.713182    32.0052       9362     6.5008     2.1468     2.0013 0.0000e+00
     33.000    12.4938   3.730571    31.9461       9385     6.5164     2.1644     2.0180 0.0000e+00
     32.000    12.8321   3.752008    31.8635       9416     6.5384     2.1952     2.0460 0.0000e+00
     31.000    12.9132   3.757555    31.8479       9448     6.5602     2.2393     2.0803 0.0000e+00
     30.000    12.9649   3.761192    31.8392       9471     6.5766     2.2752     2.1113 0.0000e+00
     29.000    12.9888   3.763163    31.8380       9492     6.5909     2.2999     2.1402 0.0000e+00
     28.000    13.0429   3.765739    31.8173       9515     6.6072     2.3210     2.1642 0.0000e+00
     27.000    13.0761   3.767229    31.8038       9548     6.6300     2.3439     2.1886 0.0000e+00
     26.000    13.0736   3.767347    31.8074       9577     6.6502     2.3618     2.2059 0.0000e+00
     25.000    13.0751   3.767537    31.8084       9598     6.6644     2.3741     2.2135 0.0000e+00
     24.000    13.0771   3.767782    31.8094       9618     6.6787     2.3815     2.2241 0.0000e+00
     23.000    13.0900   3.768939    31.8098       9648     6.6994     2.3858     2.2335 0.0000e+00
     22.000    13.0896   3.769110    31.8121       9683     6.7238     2.3882     2.2389 0.0000e+00
     21.000    13.0956   3.769667    31.8128       9706     6.7396     2.3933     2.2451 0.0000e+00
     20.000    13.0952   3.769680    31.8136       9726     6.7538     2.3946     2.2450 0.0000e+00
     19.000    13.0992   3.769995    31.8136       9750     6.7702     2.3938     2.2494 0.0000e+00
     18.000    13.1002   3.770137    31.8145       9779     6.7906     2.3964     2.2479 0.0000e+00
