HB2304/ctd197.cnv
* Sea-Bird SBE 9 Data File:
* FileName = C:\cruise\data\ctd197.hex
* Software Version Seasave V 7.26.7.121
* Temperature SN = 4591
* Conductivity SN = 3741
* Number of Bytes Per Scan = 37
* Number of Voltage Words = 4
* Number of Scans Averaged by the Deck Unit = 1
* NMEA Latitude = 42 21.27 N
* NMEA Longitude = 069 24.94 W
* NMEA UTC (Time) = Nov 14 2023 07:29:58
* NMEA baud rate = 4800
** Ship: Bigelow HB2304
** Program:  Fall Bottom Trawl Survey
** Chief Scientist: John Galbraith
# nquan = 9
# nvalues = 448                         
# units = specified
# name 0 = depSM: Depth [salt water, m]
# name 1 = t090C: Temperature [ITS-90, deg C]
# name 2 = c0S/m: Conductivity [S/m]
# name 3 = sal00: Salinity, Practical [PSU]
# name 4 = scan: Scan Count
# name 5 = timeM: Time, Elapsed [minutes]
# name 6 = sbeox0V: Oxygen raw, SBE 43 [V]
# name 7 = sbeox1V: Oxygen raw, SBE 43, 2 [V]
# name 8 = flag: flag
# span 0 =      1.000,    225.000       
# span 1 =     7.3203,    11.5801       
# span 2 =   3.358627,   3.660406       
# span 3 =    32.0378,    34.2315       
# span 4 =         18,      13845       
# span 5 =     0.0120,     9.6137       
# span 6 =     1.5227,     4.0991       
# span 7 =     1.4321,     2.2593       
# span 8 = 0.0000e+00, 0.0000e+00       
# interval = meters: 1                  
# start_time = Nov 14 2023 07:29:58 [NMEA time, header]
# bad_flag = -9.990e-29
*END*
[from data line 161]
    163.000     7.7679   3.478191    33.6119       4619     3.2070     1.6022     1.5098 0.0000e+00
    164.000     7.7732   3.479025    33.6153       4645     3.2249     1.6003     1.5061 0.0000e+00
    165.000     7.7789   3.479919    33.6189       4673     3.2445     1.5987     1.5024 0.0000e+00
    166.000     7.7970   3.482565    33.6294       4702     3.2643     1.5976     1.5014 0.0000e+00
    167.000     7.8268   3.487217    33.6502       4729     3.2832     1.5976     1.5015 0.0000e+00
    168.000     7.8460   3.490278    33.6640       4756     3.3019     1.5975     1.5010 0.0000e+00
    169.000     7.8611   3.492806    33.6761       4783     3.3209     1.5974     1.5003 0.0000e+00
    170.000     7.8725   3.494679    33.6847       4810     3.3394     1.5973     1.5001 0.0000e+00
    171.000     7.8853   3.497091    33.6977       4835     3.3571     1.5955     1.4986 0.0000e+00
    172.000     7.8862   3.497795    33.7040       4862     3.3755     1.5919     1.4967 0.0000e+00
    173.000     7.8852   3.498138    33.7081       4891     3.3959     1.5883     1.4942 0.0000e+00
    174.000     7.8872   3.498544    33.7101       4921     3.4166     1.5844     1.4913 0.0000e+00
    175.000     7.8924   3.499497    33.7148       4948     3.4351     1.5806     1.4858 0.0000e+00
    176.000     7.8966   3.500278    33.7186       4972     3.4523     1.5773     1.4809 0.0000e+00
    177.000     7.9012   3.501024    33.7217       4997     3.4696     1.5744     1.4786 0.0000e+00
    178.000     7.9100   3.502489    33.7284       5023     3.4876     1.5730     1.4763 0.0000e+00
    179.000     7.9170   3.503714    33.7343       5051     3.5067     1.5720     1.4756 0.0000e+00
    180.000     7.9254   3.505132    33.7409       5079     3.5267     1.5707     1.4773 0.0000e+00
    181.000     7.9385   3.507057    33.7484       5108     3.5465     1.5703     1.4786 0.0000e+00
    182.000     7.9484   3.508618    33.7550       5135     3.5653     1.5706     1.4751 0.0000e+00
    183.000     7.9586   3.510130    33.7609       5161     3.5833     1.5696     1.4747 0.0000e+00
    184.000     7.9736   3.512634    33.7728       5187     3.6012     1.5684     1.4741 0.0000e+00
    185.000     7.9772   3.513599    33.7791       5213     3.6193     1.5675     1.4725 0.0000e+00
    186.000     7.9809   3.514323    33.7828       5240     3.6379     1.5671     1.4722 0.0000e+00
    187.000     7.9937   3.516610    33.7944       5267     3.6571     1.5657     1.4713 0.0000e+00
    188.000     7.9996   3.517671    33.7996       5295     3.6767     1.5634     1.4726 0.0000e+00
    189.000     8.0062   3.518851    33.8054       5324     3.6962     1.5612     1.4725 0.0000e+00
    190.000     8.0086   3.519287    33.8072       5350     3.7149     1.5594     1.4718 0.0000e+00
    191.000     8.0270   3.522119    33.8192       5376     3.7325     1.5581     1.4676 0.0000e+00
    192.000     8.0422   3.524801    33.8327       5401     3.7502     1.5575     1.4684 0.0000e+00
    193.000     8.0585   3.527460    33.8449       5428     3.7687     1.5563     1.4676 0.0000e+00
    194.000     8.0735   3.530182    33.8590       5455     3.7872     1.5563     1.4668 0.0000e+00
    195.000     8.1021   3.535346    33.8860       5481     3.8054     1.5566     1.4670 0.0000e+00
    196.000     8.1271   3.539653    33.9072       5507     3.8239     1.5560     1.4665 0.0000e+00
    197.000     8.1475   3.543135    33.9241       5535     3.8431     1.5540     1.4637 0.0000e+00
    198.000     8.1748   3.547820    33.9472       5563     3.8624     1.5504     1.4622 0.0000e+00
    199.000     8.2076   3.553495    33.9754       5590     3.8812     1.5481     1.4603 0.0000e+00
    200.000     8.2217   3.556020    33.9881       5617     3.9000     1.5472     1.4581 0.0000e+00
    201.000     8.2337   3.559146    34.0093       5644     3.9184     1.5473     1.4563 0.0000e+00
    202.000     8.2527   3.563325    34.0349       5671     3.9373     1.5501     1.4569 0.0000e+00
    203.000     8.2569   3.564555    34.0434       5697     3.9558     1.5594     1.4634 0.0000e+00
    204.000     8.2671   3.567021    34.0593       5723     3.9736     1.5671     1.4713 0.0000e+00
    205.000     8.2733   3.568384    34.0673       5749     3.9916     1.5708     1.4757 0.0000e+00
    206.000     8.2821   3.570180    34.0773       5777     4.0108     1.5698     1.4772 0.0000e+00
    207.000     8.2848   3.570742    34.0803       5804     4.0301     1.5646     1.4745 0.0000e+00
    208.000     8.2946   3.572568    34.0897       5830     4.0480     1.5565     1.4679 0.0000e+00
    209.000     8.2999   3.573515    34.0941       5855     4.0653     1.5490     1.4609 0.0000e+00
    210.000     8.3037   3.574255    34.0978       5881     4.0836     1.5406     1.4545 0.0000e+00
    211.000     8.3106   3.576371    34.1131       5909     4.1031     1.5320     1.4476 0.0000e+00
    212.000     8.3081   3.577690    34.1291       5937     4.1224     1.5266     1.4413 0.0000e+00
    213.000     8.3045   3.578738    34.1432       5964     4.1413     1.5239     1.4371 0.0000e+00
    214.000     8.3047   3.579044    34.1458       5992     4.1602     1.5230     1.4347 0.0000e+00
    215.000     8.3007   3.579031    34.1491       6018     4.1785     1.5243     1.4357 0.0000e+00
    216.000     8.2967   3.579145    34.1537       6043     4.1959     1.5259     1.4383 0.0000e+00
    217.000     8.2879   3.579559    34.1661       6069     4.2141     1.5272     1.4399 0.0000e+00
    218.000     8.2825   3.579822    34.1736       6098     4.2338     1.5300     1.4421 0.0000e+00
    219.000     8.2806   3.580059    34.1775       6126     4.2535     1.5339     1.4447 0.0000e+00
    220.000     8.2807   3.580619    34.1829       6152     4.2713     1.5374     1.4475 0.0000e+00
    221.000     8.2815   3.581095    34.1867       6176     4.2882     1.5400     1.4505 0.0000e+00
    222.000     8.2805   3.581250    34.1888       6201     4.3057     1.5424     1.4503 0.0000e+00
    223.000     8.2822   3.582772    34.2029       6227     4.3236     1.5443     1.4529 0.0000e+00
    224.000     8.2858   3.585640    34.2294       6253     4.3414     1.5469     1.4536 0.0000e+00
    225.000     8.2861   3.585902    34.2315       6629     4.6030     1.5633     1.4701 0.0000e+00
    224.000     8.2844   3.584667    34.2204       7093     4.9249     1.5668     1.4708 0.0000e+00
    223.000     8.2826   3.583225    34.2074       7120     4.9440     1.5665     1.4701 0.0000e+00
    222.000     8.2815   3.582051    34.1964       7146     4.9617     1.5655     1.4700 0.0000e+00
    221.000     8.2817   3.581313    34.1888       7169     4.9781     1.5629     1.4687 0.0000e+00
    220.000     8.2814   3.581023    34.1865       7194     4.9949     1.5609     1.4692 0.0000e+00
    219.000     8.2804   3.580417    34.1815       7220     5.0132     1.5580     1.4689 0.0000e+00
    218.000     8.2811   3.580082    34.1778       7245     5.0308     1.5552     1.4676 0.0000e+00
    217.000     8.2825   3.579869    34.1747       7270     5.0481     1.5527     1.4660 0.0000e+00
    216.000     8.2875   3.579597    34.1674       7296     5.0662     1.5510     1.4645 0.0000e+00
    215.000     8.2941   3.579261    34.1578       7325     5.0858     1.5503     1.4612 0.0000e+00
    214.000     8.2959   3.579144    34.1554       7352     5.1052     1.5481     1.4578 0.0000e+00
    213.000     8.3015   3.579090    34.1498       7378     5.1229     1.5449     1.4545 0.0000e+00
    212.000     8.3055   3.579035    34.1459       7403     5.1399     1.5422     1.4528 0.0000e+00
    211.000     8.3076   3.578359    34.1371       7427     5.1567     1.5395     1.4519 0.0000e+00
    210.000     8.3105   3.577160    34.1221       7451     5.1738     1.5376     1.4500 0.0000e+00
    209.000     8.3073   3.575687    34.1099       7477     5.1915     1.5352     1.4472 0.0000e+00
    208.000     8.3028   3.574368    34.1008       7504     5.2103     1.5308     1.4417 0.0000e+00
    207.000     8.2976   3.573480    34.0969       7532     5.2299     1.5263     1.4371 0.0000e+00
    206.000     8.2884   3.571934    34.0899       7559     5.2486     1.5238     1.4332 0.0000e+00
    205.000     8.2826   3.570672    34.0825       7584     5.2662     1.5227     1.4321 0.0000e+00
    204.000     8.2757   3.569434    34.0766       7608     5.2828     1.5239     1.4323 0.0000e+00
    203.000     8.2633   3.566600    34.0589       7632     5.2992     1.5274     1.4351 0.0000e+00
    202.000     8.2567   3.564781    34.0465       7656     5.3162     1.5328     1.4398 0.0000e+00
    201.000     8.2432   3.562053    34.0310       7682     5.3342     1.5429     1.4478 0.0000e+00
    200.000     8.2317   3.558797    34.0080       7708     5.3521     1.5523     1.4581 0.0000e+00
    199.000     8.2209   3.556549    33.9950       7734     5.3702     1.5612     1.4658 0.0000e+00
    198.000     8.1999   3.553154    33.9797       7761     5.3892     1.5641     1.4724 0.0000e+00
    197.000     8.1730   3.548573    33.9574       7790     5.4088     1.5602     1.4729 0.0000e+00
    196.000     8.1504   3.544486    33.9362       7816     5.4271     1.5547     1.4674 0.0000e+00
    195.000     8.1346   3.541738    33.9227       7841     5.4444     1.5509     1.4626 0.0000e+00
    194.000     8.1162   3.538806    33.9097       7866     5.4621     1.5483     1.4591 0.0000e+00
    193.000     8.0833   3.532949    33.8795       7893     5.4805     1.5463     1.4568 0.0000e+00
    192.000     8.0678   3.529814    33.8615       7918     5.4982     1.5456     1.4525 0.0000e+00
    191.000     8.0507   3.526865    33.8470       7943     5.5150     1.5465     1.4524 0.0000e+00
    190.000     8.0384   3.524802    33.8373       7967     5.5318     1.5481     1.4550 0.0000e+00
    189.000     8.0167   3.521181    33.8202       7992     5.5492     1.5495     1.4589 0.0000e+00
    188.000     8.0092   3.519766    33.8128       8017     5.5666     1.5520     1.4579 0.0000e+00
    187.000     8.0063   3.519250    33.8105       8042     5.5841     1.5534     1.4622 0.0000e+00
    186.000     8.0004   3.518231    33.8058       8068     5.6018     1.5547     1.4631 0.0000e+00
    185.000     7.9953   3.517338    33.8017       8095     5.6208     1.5555     1.4632 0.0000e+00
    184.000     7.9829   3.515173    33.7909       8126     5.6425     1.5557     1.4627 0.0000e+00
    183.000     7.9709   3.512774    33.7773       8158     5.6647     1.5551     1.4662 0.0000e+00
    182.000     7.9587   3.510721    33.7676       8190     5.6870     1.5568     1.4682 0.0000e+00
    181.000     7.9560   3.510237    33.7655       8221     5.7085     1.5600     1.4672 0.0000e+00
    180.000     7.9533   3.509829    33.7642       8249     5.7277     1.5622     1.4683 0.0000e+00
    179.000     7.9493   3.509245    33.7623       8275     5.7455     1.5633     1.4688 0.0000e+00
    178.000     7.9399   3.507840    33.7568       8300     5.7631     1.5643     1.4717 0.0000e+00
    177.000     7.9280   3.505912    33.7482       8326     5.7811     1.5639     1.4712 0.0000e+00
    176.000     7.9198   3.504443    33.7409       8352     5.7996     1.5629     1.4700 0.0000e+00
    175.000     7.9145   3.503454    33.7358       8380     5.8186     1.5618     1.4695 0.0000e+00
    174.000     7.9074   3.502307    33.7309       8407     5.8376     1.5627     1.4707 0.0000e+00
    173.000     7.8986   3.500875    33.7245       8434     5.8564     1.5637     1.4728 0.0000e+00
    172.000     7.8935   3.499927    33.7197       8461     5.8750     1.5658     1.4726 0.0000e+00
    171.000     7.8867   3.498769    33.7144       8487     5.8933     1.5669     1.4727 0.0000e+00
    170.000     7.8778   3.497235    33.7070       8513     5.9113     1.5675     1.4733 0.0000e+00
    169.000     7.8738   3.496314    33.7015       8539     5.9288     1.5676     1.4742 0.0000e+00
    168.000     7.8723   3.495840    33.6983       8563     5.9457     1.5685     1.4750 0.0000e+00
    167.000     7.8697   3.495101    33.6934       8588     5.9630     1.5698     1.4759 0.0000e+00
    166.000     7.8507   3.492026    33.6792       8614     5.9811     1.5712     1.4779 0.0000e+00
    165.000     7.8088   3.485590    33.6510       8640     5.9993     1.5733     1.4796 0.0000e+00
    164.000     7.7859   3.481807    33.6329       8666     6.0175     1.5760     1.4813 0.0000e+00
    163.000     7.7751   3.479913    33.6235       8692     6.0357     1.5789     1.4829 0.0000e+00
    162.000     7.7703   3.479093    33.6198       8718     6.0537     1.5824     1.4857 0.0000e+00
    161.000     7.7655   3.478327    33.6166       8745     6.0721     1.5858     1.4898 0.0000e+00
    160.000     7.7599   3.477436    33.6129       8772     6.0911     1.5877     1.4917 0.0000e+00
    159.000     7.7481   3.475613    33.6053       8799     6.1099     1.5889     1.4923 0.0000e+00
    158.000     7.7358   3.473497    33.5948       8826     6.1283     1.5889     1.4932 0.0000e+00
    157.000     7.7292   3.472308    33.5888       8852     6.1467     1.5911     1.4939 0.0000e+00
    156.000     7.7248   3.471463    33.5844       8878     6.1646     1.5934     1.4947 0.0000e+00
    155.000     7.7210   3.470793    33.5814       8904     6.1828     1.5958     1.4974 0.0000e+00
    154.000     7.6988   3.467561    33.5685       8932     6.2024     1.5973     1.5007 0.0000e+00
    153.000     7.6695   3.462276    33.5404       8961     6.2224     1.6000     1.5023 0.0000e+00
    152.000     7.6659   3.461254    33.5333       8990     6.2423     1.6031     1.5056 0.0000e+00
    151.000     7.6449   3.458030    33.5193       9018     6.2617     1.6064     1.5100 0.0000e+00
    150.000     7.6336   3.456081    33.5096       9044     6.2801     1.6102     1.5148 0.0000e+00
    149.000     7.6095   3.452113    33.4905       9071     6.2987     1.6138     1.5174 0.0000e+00
    148.000     7.5792   3.447016    33.4653       9100     6.3186     1.6172     1.5200 0.0000e+00
    147.000     7.5806   3.445457    33.4476       9128     6.3385     1.6202     1.5210 0.0000e+00
    146.000     7.5740   3.444152    33.4402       9157     6.3582     1.6228     1.5238 0.0000e+00
    145.000     7.5665   3.442824    33.4337       9184     6.3774     1.6227     1.5250 0.0000e+00
    144.000     7.5639   3.442066    33.4284       9212     6.3962     1.6214     1.5247 0.0000e+00
    143.000     7.5579   3.440702    33.4199       9238     6.4149     1.6209     1.5271 0.0000e+00
    142.000     7.5559   3.439270    33.4070       9266     6.4340     1.6214     1.5253 0.0000e+00
    141.000     7.5565   3.439022    33.4042       9295     6.4539     1.6225     1.5284 0.0000e+00
    140.000     7.5348   3.436534    33.3986       9324     6.4745     1.6247     1.5290 0.0000e+00
    139.000     7.4852   3.430666    33.3834       9354     6.4949     1.6267     1.5285 0.0000e+00
    138.000     7.4617   3.426949    33.3662       9382     6.5144     1.6296     1.5326 0.0000e+00
    137.000     7.4466   3.424373    33.3533       9409     6.5335     1.6364     1.5341 0.0000e+00
    136.000     7.4363   3.422561    33.3441       9437     6.5526     1.6446     1.5420 0.0000e+00
    135.000     7.4255   3.420487    33.3326       9464     6.5716     1.6515     1.5505 0.0000e+00
    134.000     7.4292   3.419373    33.3175       9492     6.5908     1.6563     1.5568 0.0000e+00
    133.000     7.4427   3.420189    33.3138       9520     6.6106     1.6597     1.5642 0.0000e+00
    132.000     7.4614   3.421778    33.3135       9550     6.6314     1.6635     1.5653 0.0000e+00
    131.000     7.4768   3.423239    33.3150       9580     6.6519     1.6651     1.5678 0.0000e+00
    130.000     7.4750   3.422856    33.3130       9607     6.6709     1.6647     1.5658 0.0000e+00
    129.000     7.4741   3.421714    33.3021       9635     6.6900     1.6632     1.5644 0.0000e+00
