HB2304/ctd139.cnv
* Sea-Bird SBE 9 Data File:
* FileName = C:\cruise\data\ctd139.hex
* Software Version Seasave V 7.26.7.121
* Temperature SN = 4591
* Conductivity SN = 3741
* Number of Bytes Per Scan = 37
* Number of Voltage Words = 4
* Number of Scans Averaged by the Deck Unit = 1
* NMEA Latitude = 40 28.03 N
* NMEA Longitude = 067 29.77 W
* NMEA UTC (Time) = Oct 21 2023  02:10:12
* NMEA baud rate = 4800
** Ship: Bigelow HB2304
** Program:  Fall Bottom Trawl Survey
** Chief Scientist: John Galbraith
# nquan = 7
# nvalues = 257                         
# units = specified
# name 0 = depSM: Depth [salt water, m]
# name 1 = t090C: Temperature [ITS-90, deg C]
# name 2 = c0S/m: Conductivity [S/m]
# name 3 = sal00: Salinity, Practical [PSU]
# name 4 = scan: Scan Count
# name 5 = timeM: Time, Elapsed [minutes]
# name 6 = flag: flag
# span 0 =      3.000,    131.000       
# span 1 =     7.9368,    14.8910       
# span 2 =   3.457603,   3.899643       
# span 3 =    31.4328,    34.5940       
# span 4 =        279,       9274       
# span 5 =     0.1931,     6.4393       
# span 6 = 0.0000e+00, 0.0000e+00       
# interval = meters: 1                  
# start_time = Oct 21 2023 02:10:12 [NMEA time, header]
# bad_flag = -9.990e-29
*END*
      3.000    14.8832   3.888252    31.4408        279     0.1931 0.0000e+00
      4.000    14.8856   3.887614    31.4328        527     0.3651 0.0000e+00
      5.000    14.8888   3.891200    31.4620        533     0.3693 0.0000e+00
      6.000    14.8910   3.894162    31.4866        553     0.3831 0.0000e+00
      7.000    14.8844   3.896346    31.5112        621     0.4305 0.0000e+00
      8.000    14.8599   3.899580    31.5598        640     0.4439 0.0000e+00
      9.000    14.8415   3.899643    31.5749        659     0.4571 0.0000e+00
     10.000    14.6007   3.898303    31.7583        678     0.4702 0.0000e+00
     11.000    14.5419   3.896527    31.7900        838     0.5815 0.0000e+00
     12.000    14.4708   3.894976    31.8338        879     0.6094 0.0000e+00
     13.000    14.4413   3.893244    31.8418        905     0.6278 0.0000e+00
     14.000    14.3471   3.889556    31.8854        930     0.6449 0.0000e+00
     15.000    14.1746   3.882285    31.9611        956     0.6630 0.0000e+00
     16.000    14.0877   3.880862    32.0196        987     0.6848 0.0000e+00
     17.000    14.0797   3.880513    32.0227       1019     0.7068 0.0000e+00
     18.000    14.0585   3.879533    32.0309       1043     0.7239 0.0000e+00
     19.000    14.0098   3.877281    32.0503       1066     0.7393 0.0000e+00
     20.000    13.9300   3.871983    32.0676       1088     0.7549 0.0000e+00
     21.000    13.8829   3.868449    32.0739       1112     0.7713 0.0000e+00
     22.000    13.8569   3.866548    32.0777       1136     0.7883 0.0000e+00
     23.000    13.8320   3.864858    32.0825       1171     0.8124 0.0000e+00
     24.000    13.8063   3.862957    32.0860       1212     0.8411 0.0000e+00
     25.000    13.7863   3.861594    32.0898       1232     0.8547 0.0000e+00
     26.000    13.7472   3.858955    32.0976       1247     0.8652 0.0000e+00
     27.000    13.7077   3.855947    32.1025       1264     0.8772 0.0000e+00
     28.000    13.6950   3.854914    32.1031       1290     0.8953 0.0000e+00
     29.000    13.6463   3.851666    32.1134       1327     0.9208 0.0000e+00
     30.000    13.3558   3.832253    32.1767       1357     0.9416 0.0000e+00
     31.000    13.0734   3.811267    32.2186       1386     0.9615 0.0000e+00
     32.000    12.8604   3.795795    32.2535       1412     0.9795 0.0000e+00
     33.000    12.7126   3.784620    32.2735       1432     0.9939 0.0000e+00
     34.000    12.3118   3.755006    32.3348       1452     1.0075 0.0000e+00
     35.000    11.7703   3.704680    32.3179       1476     1.0245 0.0000e+00
     36.000    11.1669   3.654384    32.3535       1513     1.0501 0.0000e+00
     37.000    10.7910   3.629921    32.4429       1546     1.0729 0.0000e+00
     38.000    10.6428   3.615091    32.4262       1567     1.0875 0.0000e+00
     39.000    10.5232   3.603349    32.4148       1587     1.1011 0.0000e+00
     40.000    10.3984   3.592446    32.4164       1609     1.1166 0.0000e+00
     41.000    10.3532   3.589615    32.4279       1636     1.1356 0.0000e+00
     42.000    10.3849   3.595010    32.4533       1663     1.1540 0.0000e+00
     43.000    10.2420   3.593875    32.5695       1689     1.1722 0.0000e+00
     44.000    10.0470   3.585454    32.6594       1721     1.1944 0.0000e+00
     45.000    10.0340   3.584749    32.6636       1750     1.2146 0.0000e+00
     46.000    10.0320   3.584438    32.6618       1772     1.2299 0.0000e+00
     47.000    10.0090   3.583852    32.6761       1792     1.2440 0.0000e+00
     48.000     9.9826   3.582977    32.6907       1816     1.2601 0.0000e+00
     49.000     9.9412   3.581702    32.7149       1844     1.2796 0.0000e+00
     50.000     9.9005   3.579999    32.7340       1873     1.2999 0.0000e+00
     51.000     9.8396   3.576372    32.7519       1903     1.3206 0.0000e+00
     52.000     9.7133   3.572275    32.8248       1934     1.3423 0.0000e+00
     53.000     9.6770   3.572220    32.8569       1960     1.3601 0.0000e+00
     54.000     9.6730   3.571974    32.8576       1978     1.3731 0.0000e+00
     55.000     9.6501   3.572457    32.8830       1995     1.3849 0.0000e+00
     56.000     9.6229   3.572794    32.9110       2015     1.3984 0.0000e+00
     57.000     9.5880   3.572254    32.9369       2045     1.4193 0.0000e+00
     58.000     9.5509   3.571168    32.9594       2086     1.4480 0.0000e+00
     59.000     9.5405   3.570813    32.9649       2118     1.4702 0.0000e+00
     60.000     9.5350   3.570532    32.9666       2140     1.4857 0.0000e+00
     61.000     9.5208   3.570020    32.9740       2159     1.4989 0.0000e+00
     62.000     9.4771   3.567567    32.9885       2179     1.5124 0.0000e+00
     63.000     9.4451   3.565544    32.9967       2204     1.5296 0.0000e+00
     64.000     9.4245   3.563988    32.9992       2236     1.5520 0.0000e+00
     65.000     9.4060   3.562859    33.0042       2262     1.5699 0.0000e+00
     66.000     9.3953   3.562023    33.0050       2283     1.5850 0.0000e+00
     67.000     9.3922   3.561912    33.0062       2314     1.6061 0.0000e+00
     68.000     9.3337   3.558141    33.0210       2353     1.6330 0.0000e+00
     69.000     9.3321   3.558009    33.0205       2377     1.6499 0.0000e+00
     70.000     9.2727   3.554655    33.0404       2397     1.6638 0.0000e+00
     71.000     9.1874   3.549728    33.0680       2419     1.6795 0.0000e+00
     72.000     9.0756   3.542671    33.0981       2447     1.6986 0.0000e+00
     73.000     8.9942   3.537452    33.1191       2476     1.7190 0.0000e+00
     74.000     8.9713   3.535667    33.1213       2501     1.7364 0.0000e+00
     75.000     8.9619   3.534928    33.1220       2525     1.7525 0.0000e+00
     76.000     8.9529   3.534208    33.1225       2549     1.7692 0.0000e+00
     77.000     8.9472   3.533828    33.1233       2575     1.7872 0.0000e+00
     78.000     8.7656   3.523163    33.1813       2602     1.8064 0.0000e+00
     79.000     8.4599   3.500313    33.2277       2635     1.8290 0.0000e+00
     80.000     8.4385   3.497845    33.2214       2670     1.8537 0.0000e+00
     81.000     8.4224   3.496084    33.2175       2698     1.8726 0.0000e+00
     82.000     8.4012   3.494021    33.2153       2718     1.8870 0.0000e+00
     83.000     8.3857   3.492697    33.2154       2737     1.9001 0.0000e+00
     84.000     8.3138   3.487012    33.2226       2757     1.9137 0.0000e+00
     85.000     8.1873   3.476534    33.2307       2781     1.9309 0.0000e+00
     86.000     8.0149   3.463604    33.2561       2817     1.9557 0.0000e+00
     87.000     7.9368   3.457603    33.2658       2851     1.9795 0.0000e+00
     88.000     7.9550   3.461132    33.2857       2875     1.9958 0.0000e+00
     89.000     7.9719   3.465472    33.3155       2895     2.0100 0.0000e+00
     90.000     8.2946   3.500527    33.3808       2918     2.0255 0.0000e+00
     91.000     8.6549   3.546523    33.5243       2945     2.0448 0.0000e+00
     92.000     8.7755   3.564129    33.5944       2979     2.0683 0.0000e+00
     93.000     8.7935   3.569010    33.6280       3013     2.0919 0.0000e+00
     94.000     8.7612   3.567034    33.6375       3039     2.1099 0.0000e+00
     95.000     8.7443   3.566054    33.6428       3060     2.1241 0.0000e+00
     96.000     8.8238   3.576390    33.6752       3080     2.1380 0.0000e+00
     97.000     8.8486   3.581972    33.7096       3102     2.1537 0.0000e+00
     98.000     8.8862   3.588180    33.7384       3130     2.1731 0.0000e+00
     99.000     8.9266   3.594370    33.7642       3160     2.1937 0.0000e+00
    100.000     8.9795   3.602174    33.7950       3187     2.2125 0.0000e+00
    101.000     8.9916   3.604597    33.8083       3214     2.2312 0.0000e+00
    102.000     8.9931   3.605955    33.8206       3246     2.2534 0.0000e+00
    103.000     8.9964   3.607051    33.8284       3280     2.2771 0.0000e+00
    104.000     8.9955   3.609337    33.8527       3305     2.2944 0.0000e+00
    105.000     8.9796   3.611953    33.8947       3324     2.3077 0.0000e+00
    106.000     8.9607   3.614496    33.9387       3343     2.3205 0.0000e+00
    107.000     8.9616   3.616709    33.9606       3364     2.3352 0.0000e+00
    108.000     8.9715   3.619283    33.9775       3394     2.3562 0.0000e+00
    109.000     8.9952   3.623623    33.9998       3429     2.3807 0.0000e+00
    110.000     9.0368   3.629421    34.0200       3458     2.4004 0.0000e+00
    111.000     9.1578   3.644831    34.0645       3483     2.4179 0.0000e+00
    112.000     9.5621   3.698448    34.2332       3508     2.4354 0.0000e+00
    113.000     9.7581   3.728280    34.3527       3534     2.4535 0.0000e+00
    114.000     9.8201   3.737576    34.3884       3559     2.4711 0.0000e+00
    115.000     9.9014   3.749752    34.4351       3583     2.4877 0.0000e+00
    116.000     9.9458   3.756574    34.4620       3609     2.5056 0.0000e+00
    117.000     9.9969   3.764714    34.4960       3640     2.5270 0.0000e+00
    118.000    10.0063   3.766451    34.5043       3671     2.5487 0.0000e+00
    119.000    10.0325   3.770754    34.5227       3696     2.5661 0.0000e+00
    120.000    10.0326   3.771005    34.5247       3720     2.5826 0.0000e+00
    121.000    10.0300   3.770778    34.5244       3745     2.6003 0.0000e+00
    122.000    10.0443   3.772922    34.5322       3771     2.6178 0.0000e+00
    123.000    10.0529   3.774382    34.5384       3792     2.6330 0.0000e+00
    124.000    10.0695   3.777032    34.5492       3815     2.6488 0.0000e+00
    125.000    10.0847   3.779596    34.5603       3854     2.6755 0.0000e+00
    126.000    10.0950   3.781284    34.5672       3896     2.7048 0.0000e+00
    127.000    10.1047   3.782866    34.5736       3915     2.7183 0.0000e+00
    128.000    10.1171   3.784519    34.5781       3932     2.7301 0.0000e+00
    129.000    10.1234   3.785748    34.5842       3951     2.7431 0.0000e+00
    130.000    10.1233   3.785850    34.5849       3976     2.7606 0.0000e+00
    131.000    10.1219   3.785591    34.5831       3997     2.7747 0.0000e+00
    130.000    10.1242   3.786396    34.5896       4583     3.1820 0.0000e+00
    129.000    10.1295   3.787284    34.5940       5202     3.6115 0.0000e+00
    128.000    10.1203   3.785900    34.5891       5176     3.5935 0.0000e+00
    127.000    10.1150   3.785021    34.5857       5207     3.6151 0.0000e+00
    126.000    10.1117   3.784429    34.5833       5237     3.6361 0.0000e+00
    125.000    10.1080   3.783885    34.5817       5259     3.6514 0.0000e+00
    124.000    10.1005   3.782869    34.5790       5279     3.6655 0.0000e+00
    123.000    10.0874   3.780889    34.5718       5302     3.6814 0.0000e+00
    122.000    10.0689   3.778029    34.5608       5331     3.7017 0.0000e+00
    121.000    10.0636   3.776858    34.5543       5361     3.7225 0.0000e+00
    120.000    10.0593   3.776256    34.5528       5389     3.7415 0.0000e+00
    119.000    10.0419   3.773448    34.5412       5417     3.7610 0.0000e+00
    118.000    10.0283   3.771509    34.5349       5445     3.7804 0.0000e+00
    117.000    10.0207   3.770072    34.5279       5471     3.7989 0.0000e+00
    116.000    10.0165   3.769750    34.5291       5496     3.8158 0.0000e+00
    115.000     9.9938   3.766129    34.5143       5519     3.8318 0.0000e+00
    114.000     9.9868   3.765018    34.5101       5542     3.8482 0.0000e+00
    113.000     9.9658   3.761968    34.4994       5566     3.8649 0.0000e+00
    112.000     9.9068   3.753516    34.4698       5591     3.8822 0.0000e+00
    111.000     9.8632   3.747097    34.4462       5619     3.9016 0.0000e+00
    110.000     9.7555   3.732823    34.4032       5649     3.9220 0.0000e+00
    109.000     9.4808   3.698244    34.3102       5678     3.9423 0.0000e+00
    108.000     9.2097   3.658193    34.1552       5706     3.9616 0.0000e+00
    107.000     9.1151   3.643408    34.0923       5731     3.9794 0.0000e+00
    106.000     9.1009   3.640041    34.0713       5756     3.9963 0.0000e+00
    105.000     9.0636   3.634122    34.0458       5782     4.0146 0.0000e+00
    104.000     9.0807   3.635146    34.0405       5814     4.0365 0.0000e+00
    103.000     8.9996   3.617919    33.9388       5843     4.0570 0.0000e+00
    102.000     9.0244   3.616663    33.9025       5872     4.0769 0.0000e+00
    101.000     9.0296   3.617282    33.9045       5906     4.1008 0.0000e+00
    100.000     8.9992   3.608727    33.8447       5942     4.1255 0.0000e+00
     99.000     9.0033   3.607984    33.8335       5968     4.1439 0.0000e+00
     98.000     8.9980   3.606344    33.8219       5992     4.1608 0.0000e+00
     97.000     8.9748   3.603473    33.8145       6020     4.1801 0.0000e+00
     96.000     8.9270   3.596073    33.7830       6051     4.2011 0.0000e+00
     95.000     8.8989   3.590968    33.7569       6074     4.2173 0.0000e+00
     94.000     8.8660   3.585477    33.7311       6094     4.2313 0.0000e+00
     93.000     8.8590   3.583946    33.7222       6117     4.2469 0.0000e+00
     92.000     8.7895   3.573515    33.6795       6156     4.2746 0.0000e+00
     91.000     8.7951   3.572052    33.6593       6191     4.2986 0.0000e+00
     90.000     8.8085   3.572175    33.6484       6209     4.3111 0.0000e+00
     89.000     8.7857   3.568918    33.6363       6225     4.3224 0.0000e+00
     88.000     8.7268   3.560683    33.6063       6243     4.3349 0.0000e+00
     87.000     8.6247   3.548483    33.5754       6268     4.3521 0.0000e+00
     86.000     8.2949   3.507770    33.4595       6308     4.3800 0.0000e+00
     85.000     8.0668   3.475914    33.3385       6347     4.4067 0.0000e+00
     84.000     8.0944   3.476437    33.3182       6370     4.4230 0.0000e+00
     83.000     8.1170   3.473858    33.2698       6389     4.4360 0.0000e+00
     82.000     8.2088   3.477752    33.2247       6407     4.4486 0.0000e+00
     81.000     8.2642   3.481901    33.2168       6428     4.4632 0.0000e+00
     80.000     8.3173   3.486403    33.2148       6459     4.4850 0.0000e+00
     79.000     8.3485   3.488882    33.2120       6495     4.5094 0.0000e+00
     78.000     8.4181   3.493941    33.2003       6519     4.5264 0.0000e+00
     77.000     8.4075   3.493665    33.2078       6541     4.5415 0.0000e+00
     76.000     8.4333   3.495040    33.1986       6565     4.5583 0.0000e+00
     75.000     8.4992   3.498885    33.1776       6595     4.5790 0.0000e+00
     74.000     8.8229   3.520931    33.1060       6624     4.5993 0.0000e+00
     73.000     8.9055   3.527381    33.0968       6649     4.6167 0.0000e+00
     72.000     8.9230   3.529135    33.0992       6674     4.6339 0.0000e+00
     71.000     8.9463   3.531055    33.0980       6699     4.6512 0.0000e+00
     70.000     8.9909   3.533641    33.0839       6723     4.6683 0.0000e+00
     69.000     9.1021   3.540337    33.0507       6751     4.6876 0.0000e+00
     68.000     9.2140   3.547548    33.0221       6789     4.7140 0.0000e+00
     67.000     9.3081   3.553473    32.9968       6817     4.7332 0.0000e+00
     66.000     9.3781   3.557611    32.9754       6836     4.7468 0.0000e+00
     65.000     9.4083   3.560377    32.9765       6859     4.7622 0.0000e+00
     64.000     9.4263   3.561728    32.9743       6914     4.8007 0.0000e+00
     63.000     9.4768   3.564762    32.9594       6949     4.8249 0.0000e+00
     62.000     9.4936   3.565882    32.9559       6967     4.8373 0.0000e+00
     61.000     9.4991   3.566328    32.9560       6986     4.8508 0.0000e+00
     60.000     9.5252   3.567437    32.9438       7010     4.8673 0.0000e+00
     59.000     9.5796   3.568673    32.9070       7040     4.8884 0.0000e+00
     58.000     9.6172   3.569251    32.8790       7071     4.9095 0.0000e+00
     57.000     9.6464   3.569042    32.8505       7097     4.9279 0.0000e+00
     56.000     9.6608   3.568826    32.8356       7124     4.9463 0.0000e+00
     55.000     9.6757   3.568908    32.8233       7149     4.9639 0.0000e+00
