HB2304/ctd169.cnv
* Sea-Bird SBE 9 Data File:
* FileName = C:\cruise\data\ctd169.hex
* Software Version Seasave V 7.26.7.121
* Temperature SN = 4591
* Conductivity SN = 3741
* Number of Bytes Per Scan = 37
* Number of Voltage Words = 4
* Number of Scans Averaged by the Deck Unit = 1
* NMEA Latitude = 42 34.81 N
* NMEA Longitude = 067 04.80 W
* NMEA UTC (Time) = Nov 05 2023 17:37:24
* NMEA baud rate = 4800
** Ship: Bigelow HB2304
** Program:  Fall Bottom Trawl Survey
** Chief Scientist: John Galbraith
# nquan = 9
# nvalues = 587                         
# units = specified
# name 0 = depSM: Depth [salt water, m]
# name 1 = t090C: Temperature [ITS-90, deg C]
# name 2 = c0S/m: Conductivity [S/m]
# name 3 = sal00: Salinity, Practical [PSU]
# name 4 = scan: Scan Count
# name 5 = timeM: Time, Elapsed [minutes]
# name 6 = sbeox0V: Oxygen raw, SBE 43 [V]
# name 7 = sbeox1V: Oxygen raw, SBE 43, 2 [V]
# name 8 = flag: flag
# span 0 =      3.000,    296.000       
# span 1 =     7.4017,    11.8551       
# span 2 =   3.420672,   3.707626       
# span 3 =    31.3835,    34.9579       
# span 4 =        129,      17176       
# span 5 =     0.0886,    11.9270       
# span 6 =     1.7067,     2.5033       
# span 7 =     1.6039,     2.3389       
# span 8 = 0.0000e+00, 0.0000e+00       
# interval = meters: 1                  
# start_time = Nov 05 2023 17:37:24 [NMEA time, header]
# bad_flag = -9.990e-29
*END*
      3.000    11.6728   3.599906    31.3988        129     0.0886     2.5028     2.3298 0.0000e+00
      4.000    11.5843   3.593008    31.4064        273     0.1888     2.5014     2.3313 0.0000e+00
      5.000    11.4846   3.585077    31.4135        295     0.2043     2.5033     2.3360 0.0000e+00
      6.000    11.5031   3.587776    31.4236        321     0.2224     2.5008     2.3389 0.0000e+00
      7.000    11.5909   3.601096    31.4781        353     0.2444     2.4921     2.3342 0.0000e+00
      8.000    11.7008   3.617271    31.5413        382     0.2645     2.4834     2.3271 0.0000e+00
      9.000    11.7548   3.625956    31.5791        407     0.2817     2.4818     2.3217 0.0000e+00
     10.000    11.7559   3.630787    31.6245        430     0.2978     2.4804     2.3186 0.0000e+00
     11.000    11.7875   3.641100    31.6970        454     0.3149     2.4797     2.3157 0.0000e+00
     12.000    11.8404   3.658229    31.8172        481     0.3332     2.4771     2.3174 0.0000e+00
     13.000    11.8551   3.670300    31.9209        507     0.3515     2.4752     2.3188 0.0000e+00
     14.000    11.8473   3.682607    32.0463        532     0.3690     2.4742     2.3193 0.0000e+00
     15.000    11.8213   3.686311    32.1041        558     0.3868     2.4710     2.3195 0.0000e+00
     16.000    11.7993   3.684796    32.1081        586     0.4066     2.4636     2.3151 0.0000e+00
     17.000    11.7966   3.685469    32.1165        617     0.4279     2.4527     2.3025 0.0000e+00
     18.000    11.8031   3.686794    32.1233        645     0.4474     2.4441     2.2916 0.0000e+00
     19.000    11.7783   3.687440    32.1506        669     0.4636     2.4420     2.2872 0.0000e+00
     20.000    11.7320   3.686197    32.1781        690     0.4784     2.4411     2.2830 0.0000e+00
     21.000    11.7094   3.686548    32.2007        711     0.4932     2.4362     2.2816 0.0000e+00
     22.000    11.6980   3.686467    32.2094        735     0.5097     2.4283     2.2817 0.0000e+00
     23.000    11.6756   3.684963    32.2138        765     0.5304     2.4196     2.2743 0.0000e+00
     24.000    11.6435   3.682509    32.2174        800     0.5551     2.4102     2.2641 0.0000e+00
     25.000    11.6289   3.681310    32.2180        830     0.5760     2.4084     2.2600 0.0000e+00
     26.000    11.6243   3.680996    32.2186        854     0.5923     2.4082     2.2608 0.0000e+00
     27.000    11.6189   3.680655    32.2195        875     0.6067     2.4076     2.2591 0.0000e+00
     28.000    11.6184   3.680847    32.2213        896     0.6212     2.4080     2.2564 0.0000e+00
     29.000    11.6113   3.680433    32.2231        920     0.6382     2.4085     2.2569 0.0000e+00
     30.000    11.6099   3.680342    32.2230        952     0.6607     2.4076     2.2599 0.0000e+00
     31.000    11.6038   3.679901    32.2236        986     0.6842     2.4037     2.2613 0.0000e+00
     32.000    11.6030   3.679824    32.2231       1012     0.7017     2.4029     2.2622 0.0000e+00
     33.000    11.6021   3.679802    32.2232       1033     0.7166     2.4033     2.2638 0.0000e+00
     34.000    11.5928   3.679328    32.2264       1054     0.7315     2.4033     2.2639 0.0000e+00
     35.000    11.5584   3.677001    32.2331       1080     0.7491     2.4029     2.2619 0.0000e+00
     36.000    11.5156   3.674020    32.2409       1111     0.7709     2.4043     2.2613 0.0000e+00
     37.000    11.4435   3.669365    32.2578       1142     0.7920     2.4105     2.2645 0.0000e+00
     38.000    11.4232   3.668241    32.2642       1166     0.8092     2.4134     2.2660 0.0000e+00
     39.000    11.4135   3.667808    32.2679       1189     0.8253     2.4099     2.2660 0.0000e+00
     40.000    11.4063   3.667426    32.2701       1215     0.8429     2.4024     2.2620 0.0000e+00
     41.000    11.4002   3.667167    32.2724       1243     0.8627     2.3940     2.2554 0.0000e+00
     42.000    11.3961   3.666922    32.2733       1272     0.8828     2.3906     2.2489 0.0000e+00
     43.000    11.3946   3.666834    32.2733       1298     0.9010     2.3886     2.2431 0.0000e+00
     44.000    11.3948   3.666892    32.2733       1323     0.9182     2.3863     2.2383 0.0000e+00
     45.000    11.3933   3.666887    32.2741       1347     0.9349     2.3856     2.2370 0.0000e+00
     46.000    11.3931   3.666931    32.2743       1371     0.9511     2.3871     2.2371 0.0000e+00
     47.000    11.3937   3.667195    32.2759       1393     0.9670     2.3888     2.2351 0.0000e+00
     48.000    11.3884   3.667394    32.2821       1418     0.9839     2.3889     2.2352 0.0000e+00
     49.000    11.3583   3.666883    32.3030       1450     1.0060     2.3813     2.2360 0.0000e+00
     50.000    11.2263   3.662289    32.3732       1490     1.0338     2.3679     2.2313 0.0000e+00
     51.000    10.8378   3.644435    32.5396       1519     1.0545     2.3526     2.2172 0.0000e+00
     52.000    10.6544   3.632508    32.5836       1541     1.0692     2.3281     2.2001 0.0000e+00
     53.000    10.5630   3.626735    32.6071       1559     1.0819     2.2971     2.1767 0.0000e+00
     54.000    10.5041   3.622429    32.6164       1577     1.0945     2.2663     2.1509 0.0000e+00
     55.000    10.4850   3.620718    32.6159       1598     1.1089     2.2385     2.1249 0.0000e+00
     56.000    10.4694   3.619469    32.6169       1629     1.1306     2.2103     2.0912 0.0000e+00
     57.000    10.2940   3.609969    32.6785       1675     1.1622     2.1875     2.0660 0.0000e+00
     58.000    10.1262   3.599808    32.7269       1702     1.1816     2.1775     2.0532 0.0000e+00
     59.000    10.0693   3.596695    32.7464       1722     1.1952     2.1681     2.0448 0.0000e+00
     60.000    10.0222   3.593801    32.7593       1741     1.2080     2.1574     2.0355 0.0000e+00
     61.000    10.0153   3.593317    32.7602       1762     1.2230     2.1475     2.0262 0.0000e+00
     62.000     9.9947   3.592191    32.7670       1794     1.2454     2.1391     2.0138 0.0000e+00
     63.000     9.9233   3.588525    32.7942       1835     1.2733     2.1319     2.0043 0.0000e+00
     64.000     9.8712   3.585814    32.8136       1862     1.2924     2.1293     2.0004 0.0000e+00
     65.000     9.7990   3.582104    32.8411       1883     1.3067     2.1254     1.9965 0.0000e+00
     66.000     9.7422   3.578952    32.8603       1902     1.3201     2.1204     1.9918 0.0000e+00
     67.000     9.6360   3.573727    32.9035       1923     1.3345     2.1130     1.9868 0.0000e+00
     68.000     9.5915   3.571297    32.9190       1950     1.3532     2.1006     1.9822 0.0000e+00
     69.000     9.5729   3.570484    32.9272       1988     1.3796     2.0844     1.9654 0.0000e+00
     70.000     9.5587   3.569822    32.9330       2024     1.4051     2.0761     1.9562 0.0000e+00
     71.000     9.5363   3.568957    32.9443       2049     1.4224     2.0746     1.9491 0.0000e+00
     72.000     9.4893   3.566970    32.9666       2070     1.4365     2.0730     1.9475 0.0000e+00
     73.000     9.4034   3.563002    33.0045       2089     1.4503     2.0718     1.9476 0.0000e+00
     74.000     9.2851   3.558394    33.0657       2113     1.4665     2.0678     1.9446 0.0000e+00
     75.000     9.1397   3.551972    33.1336       2145     1.4886     2.0565     1.9370 0.0000e+00
     76.000     9.0776   3.549192    33.1621       2180     1.5131     2.0398     1.9275 0.0000e+00
     77.000     8.9215   3.542461    33.2373       2208     1.5325     2.0299     1.9131 0.0000e+00
     78.000     8.9153   3.543776    33.2563       2232     1.5491     2.0242     1.9064 0.0000e+00
     79.000     8.9079   3.545135    33.2770       2256     1.5657     2.0178     1.8992 0.0000e+00
     80.000     8.8694   3.545039    33.3117       2283     1.5848     2.0109     1.8915 0.0000e+00
     81.000     8.7585   3.541665    33.3802       2316     1.6073     2.0008     1.8838 0.0000e+00
     82.000     8.7170   3.539459    33.3957       2345     1.6277     1.9897     1.8681 0.0000e+00
     83.000     8.6846   3.537297    33.4031       2369     1.6443     1.9818     1.8596 0.0000e+00
     84.000     8.6539   3.534679    33.4041       2391     1.6597     1.9745     1.8562 0.0000e+00
     85.000     8.6356   3.532878    33.4020       2414     1.6759     1.9683     1.8482 0.0000e+00
     86.000     8.6223   3.531313    33.3976       2443     1.6956     1.9622     1.8466 0.0000e+00
     87.000     8.6101   3.530116    33.3961       2478     1.7202     1.9600     1.8440 0.0000e+00
     88.000     8.5602   3.525005    33.3891       2509     1.7418     1.9594     1.8399 0.0000e+00
     89.000     8.5020   3.519609    33.3868       2533     1.7584     1.9573     1.8438 0.0000e+00
     90.000     8.4523   3.518493    33.4216       2554     1.7732     1.9541     1.8405 0.0000e+00
     91.000     8.4905   3.524440    33.4477       2577     1.7891     1.9526     1.8385 0.0000e+00
     92.000     8.5133   3.529493    33.4788       2610     1.8115     1.9522     1.8383 0.0000e+00
     93.000     8.5435   3.537409    33.5332       2650     1.8399     1.9455     1.8289 0.0000e+00
     94.000     8.5467   3.538088    33.5369       2678     1.8589     1.9418     1.8264 0.0000e+00
     95.000     8.5408   3.538823    33.5498       2698     1.8729     1.9373     1.8213 0.0000e+00
     96.000     8.4147   3.531708    33.5941       2716     1.8857     1.9334     1.8182 0.0000e+00
     97.000     7.7800   3.468221    33.5246       2736     1.8994     1.9291     1.8161 0.0000e+00
     98.000     7.8315   3.469245    33.4857       2763     1.9183     1.9137     1.8044 0.0000e+00
     99.000     8.1929   3.509698    33.5711       2805     1.9474     1.9366     1.8207 0.0000e+00
    100.000     8.2681   3.520718    33.6159       2842     1.9731     1.9492     1.8325 0.0000e+00
    101.000     8.2495   3.523954    33.6676       2866     1.9893     1.9387     1.8231 0.0000e+00
    102.000     8.1179   3.512198    33.6682       2886     2.0036     1.9296     1.8171 0.0000e+00
    103.000     7.9983   3.503307    33.6878       2908     2.0190     1.9171     1.8051 0.0000e+00
    104.000     7.7753   3.487522    33.7333       2938     2.0398     1.9089     1.7964 0.0000e+00
    105.000     7.7871   3.489403    33.7416       2973     2.0641     1.9186     1.8026 0.0000e+00
    106.000     7.8183   3.495333    33.7747       3001     2.0835     1.9402     1.8172 0.0000e+00
    107.000     7.8157   3.495708    33.7807       3026     2.1004     1.9564     1.8349 0.0000e+00
    108.000     7.8149   3.496126    33.7855       3051     2.1179     1.9649     1.8446 0.0000e+00
    109.000     7.8390   3.500348    33.8070       3078     2.1366     1.9681     1.8482 0.0000e+00
    110.000     7.8778   3.506361    33.8335       3105     2.1554     1.9692     1.8490 0.0000e+00
    111.000     7.9096   3.511413    33.8564       3131     2.1737     1.9695     1.8513 0.0000e+00
    112.000     7.9375   3.516495    33.8833       3161     2.1941     1.9700     1.8477 0.0000e+00
    113.000     7.9418   3.517421    33.8886       3198     2.2204     1.9670     1.8471 0.0000e+00
    114.000     7.9422   3.517578    33.8895       3233     2.2444     1.9623     1.8415 0.0000e+00
    115.000     7.9390   3.517216    33.8882       3256     2.2605     1.9581     1.8394 0.0000e+00
    116.000     7.9382   3.517117    33.8874       3276     2.2745     1.9553     1.8423 0.0000e+00
    117.000     7.9401   3.517425    33.8883       3297     2.2887     1.9540     1.8390 0.0000e+00
    118.000     7.9393   3.517392    33.8884       3321     2.3058     1.9530     1.8376 0.0000e+00
    119.000     7.9397   3.517521    33.8888       3354     2.3288     1.9538     1.8365 0.0000e+00
    120.000     7.9402   3.517679    33.8896       3391     2.3539     1.9553     1.8358 0.0000e+00
    121.000     7.9555   3.519391    33.8926       3421     2.3748     1.9553     1.8367 0.0000e+00
    122.000     7.9893   3.523913    33.9077       3446     2.3926     1.9547     1.8338 0.0000e+00
    123.000     8.0772   3.537012    33.9621       3471     2.4094     1.9556     1.8335 0.0000e+00
    124.000     8.1248   3.543572    33.9856       3496     2.4270     1.9557     1.8351 0.0000e+00
    125.000     8.2606   3.561240    34.0416       3525     2.4475     1.9557     1.8299 0.0000e+00
    126.000     8.3713   3.574971    34.0798       3558     2.4700     1.9543     1.8280 0.0000e+00
    127.000     8.4501   3.585272    34.1123       3588     2.4908     1.9467     1.8195 0.0000e+00
    128.000     8.5289   3.594335    34.1315       3613     2.5084     1.9319     1.8101 0.0000e+00
    129.000     8.5586   3.599136    34.1529       3636     2.5242     1.9148     1.8005 0.0000e+00
    130.000     8.5705   3.601102    34.1617       3658     2.5397     1.8965     1.7846 0.0000e+00
    131.000     8.5933   3.604373    34.1737       3684     2.5579     1.8740     1.7649 0.0000e+00
    132.000     8.6459   3.614330    34.2274       3721     2.5836     1.8515     1.7437 0.0000e+00
    133.000     8.6920   3.623950    34.2837       3758     2.6091     1.8372     1.7251 0.0000e+00
    134.000     8.7551   3.635477    34.3433       3783     2.6262     1.8288     1.7198 0.0000e+00
    135.000     8.7523   3.636237    34.3535       3804     2.6407     1.8244     1.7123 0.0000e+00
    136.000     8.7517   3.636684    34.3584       3825     2.6554     1.8201     1.7084 0.0000e+00
    137.000     8.7687   3.640294    34.3793       3851     2.6737     1.8136     1.7051 0.0000e+00
    138.000     8.7786   3.642258    34.3900       3888     2.6992     1.8069     1.6964 0.0000e+00
    139.000     8.7826   3.643016    34.3935       3923     2.7236     1.8023     1.6950 0.0000e+00
    140.000     8.7850   3.643451    34.3953       3948     2.7408     1.8013     1.6897 0.0000e+00
    141.000     8.7888   3.644180    34.3989       3971     2.7566     1.7999     1.6884 0.0000e+00
    142.000     8.7922   3.644862    34.4022       3995     2.7734     1.7983     1.6894 0.0000e+00
    143.000     8.8025   3.646976    34.4140       4023     2.7933     1.7967     1.6847 0.0000e+00
    144.000     8.8119   3.649862    34.4347       4053     2.8138     1.7949     1.6849 0.0000e+00
    145.000     8.8302   3.653741    34.4572       4080     2.8330     1.7946     1.6877 0.0000e+00
    146.000     8.8418   3.656594    34.4753       4110     2.8534     1.7944     1.6818 0.0000e+00
    147.000     8.8517   3.659480    34.4956       4141     2.8750     1.7937     1.6805 0.0000e+00
    148.000     8.8521   3.661130    34.5121       4170     2.8948     1.7920     1.6761 0.0000e+00
    149.000     8.8488   3.661617    34.5199       4195     2.9122     1.7904     1.6754 0.0000e+00
    150.000     8.8477   3.662348    34.5282       4217     2.9279     1.7873     1.6785 0.0000e+00
    151.000     8.8469   3.662742    34.5326       4241     2.9443     1.7834     1.6744 0.0000e+00
    152.000     8.8456   3.663290    34.5391       4273     2.9669     1.7810     1.6725 0.0000e+00
    153.000     8.8427   3.663854    34.5474       4317     2.9970     1.7787     1.6684 0.0000e+00
    154.000     8.8420   3.664077    34.5499       4344     3.0159     1.7774     1.6659 0.0000e+00
    155.000     8.8396   3.664491    34.5561       4363     3.0293     1.7762     1.6677 0.0000e+00
    156.000     8.8386   3.664842    34.5604       4381     3.0416     1.7752     1.6640 0.0000e+00
    157.000     8.8383   3.665212    34.5640       4400     3.0548     1.7734     1.6647 0.0000e+00
    158.000     8.8397   3.665779    34.5682       4426     3.0731     1.7733     1.6663 0.0000e+00
    159.000     8.8409   3.666286    34.5719       4474     3.1061     1.7726     1.6610 0.0000e+00
    160.000     8.8426   3.666862    34.5758       4513     3.1332     1.7736     1.6617 0.0000e+00
    161.000     8.8476   3.667946    34.5818       4536     3.1493     1.7729     1.6598 0.0000e+00
    162.000     8.8553   3.669279    34.5878       4557     3.1635     1.7727     1.6599 0.0000e+00
