HB2304/ctd114.cnv
* Sea-Bird SBE 9 Data File:
* FileName = C:\cruise\data\ctd114.hex
* Software Version Seasave V 7.26.7.121
* Temperature SN = 4591
* Conductivity SN = 3741
* Number of Bytes Per Scan = 37
* Number of Voltage Words = 4
* Number of Scans Averaged by the Deck Unit = 1
* NMEA Latitude = 39 56.28 N
* NMEA Longitude = 069 33.60 W
* NMEA UTC (Time) = Oct 13 2023  17:47:43
* NMEA baud rate = 4800
** Ship: Bigelow HB2304
** Program:  Fall Bottom Trawl Survey
** Chief Scientist: John Galbraith
# nquan = 7
# nvalues = 409                         
# units = specified
# name 0 = depSM: Depth [salt water, m]
# name 1 = t090C: Temperature [ITS-90, deg C]
# name 2 = c0S/m: Conductivity [S/m]
# name 3 = sal00: Salinity, Practical [PSU]
# name 4 = scan: Scan Count
# name 5 = timeM: Time, Elapsed [minutes]
# name 6 = flag: flag
# span 0 =      3.000,    207.000       
# span 1 =     9.2929,    17.9994       
# span 2 =   3.631962,   4.426699       
# span 3 =    32.7682,    35.4762       
# span 4 =        305,      13335       
# span 5 =     0.2108,     9.2596       
# span 6 = 0.0000e+00, 0.0000e+00       
# interval = meters: 1                  
# start_time = Oct 13 2023 17:47:43 [NMEA time, header]
# bad_flag = -9.990e-29
*END*
[from data line 206]
    205.000    10.3112   3.863126    35.1556       7106     4.9344 0.0000e+00
    204.000    10.3349   3.864999    35.1522       7146     4.9621 0.0000e+00
    203.000    10.4234   3.872532    35.1435       7185     4.9890 0.0000e+00
    202.000    10.5091   3.880360    35.1405       7212     5.0077 0.0000e+00
    201.000    10.6058   3.889364    35.1386       7231     5.0207 0.0000e+00
    200.000    10.6590   3.894510    35.1398       7248     5.0327 0.0000e+00
    199.000    10.6781   3.897400    35.1510       7267     5.0458 0.0000e+00
    198.000    10.7324   3.901723    35.1427       7291     5.0625 0.0000e+00
    197.000    10.7835   3.906658    35.1437       7324     5.0853 0.0000e+00
    196.000    10.8635   3.914906    35.1502       7369     5.1167 0.0000e+00
    195.000    11.0229   3.930912    35.1580       7403     5.1404 0.0000e+00
    194.000    11.0235   3.932406    35.1728       7422     5.1536 0.0000e+00
    193.000    11.0069   3.931014    35.1753       7438     5.1645 0.0000e+00
    192.000    11.0253   3.932221    35.1701       7453     5.1749 0.0000e+00
    191.000    11.0323   3.933170    35.1734       7469     5.1863 0.0000e+00
    190.000    11.0317   3.933334    35.1761       7491     5.2015 0.0000e+00
    189.000    11.0645   3.936568    35.1773       7536     5.2325 0.0000e+00
    188.000    11.1658   3.946284    35.1778       7581     5.2637 0.0000e+00
    187.000    11.2153   3.951684    35.1847       7604     5.2801 0.0000e+00
    186.000    11.2213   3.952225    35.1848       7627     5.2957 0.0000e+00
    185.000    11.2134   3.951354    35.1842       7650     5.3117 0.0000e+00
    184.000    11.2042   3.950258    35.1824       7673     5.3278 0.0000e+00
    183.000    11.1745   3.946763    35.1765       7696     5.3435 0.0000e+00
    182.000    11.1546   3.943949    35.1680       7717     5.3583 0.0000e+00
    181.000    11.1433   3.942418    35.1640       7738     5.3732 0.0000e+00
    180.000    11.1340   3.940721    35.1564       7763     5.3900 0.0000e+00
    179.000    11.1322   3.940254    35.1539       7795     5.4123 0.0000e+00
    178.000    11.1624   3.942389    35.1468       7832     5.4381 0.0000e+00
    177.000    11.2168   3.948137    35.1525       7863     5.4598 0.0000e+00
    176.000    11.2584   3.952933    35.1610       7892     5.4796 0.0000e+00
    175.000    11.2609   3.953601    35.1657       7917     5.4975 0.0000e+00
    174.000    11.3025   3.957380    35.1639       7945     5.5170 0.0000e+00
    173.000    11.3485   3.962581    35.1722       7973     5.5360 0.0000e+00
    172.000    11.3700   3.965673    35.1827       7996     5.5523 0.0000e+00
    171.000    11.3919   3.968118    35.1866       8021     5.5693 0.0000e+00
    170.000    11.4230   3.971338    35.1893       8049     5.5888 0.0000e+00
    169.000    11.4271   3.971993    35.1923       8085     5.6140 0.0000e+00
    168.000    11.4384   3.973278    35.1947       8123     5.6400 0.0000e+00
    167.000    11.4381   3.972767    35.1904       8150     5.6593 0.0000e+00
    166.000    11.4253   3.971149    35.1870       8172     5.6740 0.0000e+00
    165.000    11.4030   3.968508    35.1825       8191     5.6878 0.0000e+00
    164.000    11.3684   3.963604    35.1674       8212     5.7024 0.0000e+00
    163.000    11.3616   3.962780    35.1661       8235     5.7183 0.0000e+00
    162.000    11.3518   3.960689    35.1552       8259     5.7348 0.0000e+00
    161.000    11.3418   3.959623    35.1545       8285     5.7528 0.0000e+00
    160.000    11.3289   3.957654    35.1478       8318     5.7757 0.0000e+00
    159.000    11.3192   3.956350    35.1446       8356     5.8019 0.0000e+00
    158.000    11.3125   3.955367    35.1416       8382     5.8204 0.0000e+00
    157.000    11.2985   3.953241    35.1343       8404     5.8353 0.0000e+00
    156.000    11.2995   3.953297    35.1344       8427     5.8515 0.0000e+00
    155.000    11.2901   3.951980    35.1307       8458     5.8726 0.0000e+00
    154.000    11.2839   3.951055    35.1279       8485     5.8920 0.0000e+00
    153.000    11.2811   3.950607    35.1266       8506     5.9061 0.0000e+00
    152.000    11.2761   3.949811    35.1238       8524     5.9188 0.0000e+00
    151.000    11.2749   3.949488    35.1222       8544     5.9324 0.0000e+00
    150.000    11.2734   3.949228    35.1215       8571     5.9514 0.0000e+00
    149.000    11.2698   3.948677    35.1200       8610     5.9787 0.0000e+00
    148.000    11.2679   3.948346    35.1189       8646     6.0033 0.0000e+00
    147.000    11.2633   3.947669    35.1170       8674     6.0233 0.0000e+00
    146.000    11.2624   3.947202    35.1137       8700     6.0413 0.0000e+00
    145.000    11.2767   3.947839    35.1068       8722     6.0566 0.0000e+00
    144.000    11.2885   3.948498    35.1026       8742     6.0700 0.0000e+00
    143.000    11.2935   3.948795    35.1013       8760     6.0829 0.0000e+00
    142.000    11.2982   3.948977    35.0990       8780     6.0965 0.0000e+00
    141.000    11.3109   3.949689    35.0945       8805     6.1142 0.0000e+00
    140.000    11.3260   3.950950    35.0930       8853     6.1472 0.0000e+00
    139.000    11.3758   3.955697    35.0932       8892     6.1741 0.0000e+00
    138.000    11.3820   3.956468    35.0954       8914     6.1899 0.0000e+00
    137.000    11.4560   3.963255    35.0928       8941     6.2085 0.0000e+00
    136.000    11.7650   3.995842    35.1214       8971     6.2290 0.0000e+00
    135.000    11.9404   4.017180    35.1653       8998     6.2480 0.0000e+00
    134.000    12.0724   4.032081    35.1868       9024     6.2659 0.0000e+00
    133.000    12.0934   4.035072    35.1965       9053     6.2860 0.0000e+00
    132.000    12.1794   4.044348    35.2063       9085     6.3080 0.0000e+00
    131.000    12.2188   4.049520    35.2199       9112     6.3272 0.0000e+00
    130.000    12.3476   4.062427    35.2245       9136     6.3440 0.0000e+00
    129.000    12.5370   4.085051    35.2658       9161     6.3611 0.0000e+00
    128.000    12.6719   4.099960    35.2835       9189     6.3809 0.0000e+00
    127.000    12.9802   4.136744    35.3482       9220     6.4020 0.0000e+00
    126.000    13.1046   4.151845    35.3766       9246     6.4199 0.0000e+00
    125.000    13.1502   4.159630    35.4087       9268     6.4357 0.0000e+00
    124.000    13.1804   4.162166    35.4051       9292     6.4521 0.0000e+00
    123.000    13.2382   4.168475    35.4116       9320     6.4717 0.0000e+00
    122.000    13.2507   4.170094    35.4157       9348     6.4912 0.0000e+00
    121.000    13.2456   4.168850    35.4091       9373     6.5080 0.0000e+00
    120.000    13.2436   4.168804    35.4109       9395     6.5236 0.0000e+00
    119.000    13.2487   4.169242    35.4108       9419     6.5402 0.0000e+00
    118.000    13.2606   4.170532    35.4124       9446     6.5590 0.0000e+00
    117.000    13.2777   4.172065    35.4114       9474     6.5782 0.0000e+00
    116.000    13.3341   4.178077    35.4164       9502     6.5981 0.0000e+00
    115.000    13.3250   4.176933    35.4145       9531     6.6183 0.0000e+00
    114.000    13.3107   4.174904    35.4090       9557     6.6362 0.0000e+00
    113.000    13.2929   4.172477    35.4029       9581     6.6525 0.0000e+00
    112.000    13.3119   4.173913    35.3993       9605     6.6693 0.0000e+00
    111.000    13.3890   4.181569    35.4006       9631     6.6875 0.0000e+00
    110.000    13.5423   4.198072    35.4147       9657     6.7058 0.0000e+00
    109.000    13.6945   4.215312    35.4364       9681     6.7225 0.0000e+00
    108.000    13.7726   4.226585    35.4705       9704     6.7380 0.0000e+00
    107.000    13.7860   4.228472    35.4762       9727     6.7543 0.0000e+00
    106.000    13.7377   4.222993    35.4699       9755     6.7734 0.0000e+00
    105.000    13.5257   4.194244    35.3961       9787     6.7957 0.0000e+00
    104.000    13.4106   4.178704    35.3564       9819     6.8181 0.0000e+00
    103.000    13.2972   4.162696    35.3104       9844     6.8357 0.0000e+00
    102.000    13.2331   4.153734    35.2854       9865     6.8501 0.0000e+00
    101.000    13.1810   4.147722    35.2770       9886     6.8649 0.0000e+00
    100.000    12.9447   4.119252    35.2258       9911     6.8823 0.0000e+00
     99.000    12.7860   4.099334    35.1835       9939     6.9014 0.0000e+00
     98.000    11.8081   3.986743    35.0076       9964     6.9187 0.0000e+00
     97.000    10.6758   3.847377    34.6945       9987     6.9351 0.0000e+00
     96.000    10.3253   3.792023    34.4706      10013     6.9529 0.0000e+00
     95.000    10.2244   3.778932    34.4342      10041     6.9720 0.0000e+00
     94.000    10.1625   3.771002    34.4129      10067     6.9903 0.0000e+00
     93.000    10.0693   3.760335    34.3933      10093     7.0084 0.0000e+00
     92.000     9.9757   3.748250    34.3595      10121     7.0280 0.0000e+00
     91.000     9.9046   3.737821    34.3210      10151     7.0486 0.0000e+00
     90.000     9.8861   3.734499    34.3051      10177     7.0670 0.0000e+00
     89.000     9.8697   3.731508    34.2906      10203     7.0849 0.0000e+00
     88.000     9.8544   3.728816    34.2780      10232     7.1048 0.0000e+00
     87.000     9.8398   3.726347    34.2670      10265     7.1279 0.0000e+00
     86.000     9.8216   3.723030    34.2508      10297     7.1501 0.0000e+00
     85.000     9.8095   3.720052    34.2322      10329     7.1723 0.0000e+00
     84.000     9.7968   3.717333    34.2169      10361     7.1947 0.0000e+00
     83.000     9.7918   3.715084    34.1991      10392     7.2163 0.0000e+00
     82.000     9.7880   3.713656    34.1885      10419     7.2349 0.0000e+00
     81.000     9.7859   3.712706    34.1812      10442     7.2507 0.0000e+00
     80.000     9.7848   3.711954    34.1750      10465     7.2670 0.0000e+00
     79.000     9.7655   3.708629    34.1597      10494     7.2870 0.0000e+00
     78.000     9.7449   3.704210    34.1344      10522     7.3063 0.0000e+00
     77.000     9.7354   3.701614    34.1172      10545     7.3220 0.0000e+00
     76.000     9.6824   3.693735    34.0870      10568     7.3380 0.0000e+00
     75.000     9.6315   3.686131    34.0576      10598     7.3592 0.0000e+00
     74.000     9.5978   3.680687    34.0340      10630     7.3815 0.0000e+00
     73.000     9.5898   3.679203    34.0267      10654     7.3980 0.0000e+00
     72.000     9.5770   3.677165    34.0183      10675     7.4128 0.0000e+00
     71.000     9.5465   3.673035    34.0051      10700     7.4299 0.0000e+00
     70.000     9.5062   3.666868    33.9802      10731     7.4514 0.0000e+00
     69.000     9.4522   3.658686    33.9473      10762     7.4726 0.0000e+00
     68.000     9.3597   3.644579    33.8897      10787     7.4904 0.0000e+00
     67.000     9.3169   3.637670    33.8591      10809     7.5059 0.0000e+00
     66.000     9.3061   3.632341    33.8147      10831     7.5205 0.0000e+00
     65.000     9.3836   3.631962    33.7380      10854     7.5368 0.0000e+00
     64.000     9.4682   3.634920    33.6893      10885     7.5580 0.0000e+00
     63.000     9.4757   3.634642    33.6798      10918     7.5816 0.0000e+00
     62.000     9.6065   3.642248    33.6359      10947     7.6015 0.0000e+00
     61.000    10.2328   3.694918    33.5898      10974     7.6204 0.0000e+00
     60.000    10.8463   3.750290    33.5812      11004     7.6411 0.0000e+00
     59.000    11.2196   3.785122    33.5862      11031     7.6600 0.0000e+00
     58.000    11.6020   3.816583    33.5487      11053     7.6751 0.0000e+00
     57.000    11.9542   3.853188    33.5880      11072     7.6882 0.0000e+00
     56.000    12.1297   3.868790    33.5818      11092     7.7022 0.0000e+00
     55.000    12.6654   3.916364    33.5602      11120     7.7212 0.0000e+00
     54.000    12.9043   3.941154    33.5845      11163     7.7511 0.0000e+00
     53.000    12.8904   3.940931    33.5952      11198     7.7758 0.0000e+00
     52.000    12.9644   3.940049    33.5216      11223     7.7933 0.0000e+00
     51.000    12.8457   3.916735    33.4053      11247     7.8095 0.0000e+00
     50.000    12.4122   3.850260    33.1540      11270     7.8257 0.0000e+00
     49.000    12.5155   3.845197    33.0150      11295     7.8428 0.0000e+00
     48.000    13.3804   3.929839    33.0620      11322     7.8616 0.0000e+00
     47.000    13.8394   3.983548    33.1663      11349     7.8803 0.0000e+00
     46.000    14.2961   4.035288    33.2509      11379     7.9017 0.0000e+00
     45.000    14.7902   4.090254    33.3300      11418     7.9287 0.0000e+00
     44.000    15.2039   4.133255    33.3665      11445     7.9473 0.0000e+00
     43.000    15.7295   4.189922    33.4286      11466     7.9617 0.0000e+00
     42.000    15.9904   4.217963    33.4578      11490     7.9783 0.0000e+00
     41.000    16.7306   4.286642    33.4407      11522     8.0010 0.0000e+00
     40.000    17.2950   4.343509    33.4651      11552     8.0212 0.0000e+00
     39.000    17.7456   4.393642    33.5234      11574     8.0367 0.0000e+00
     38.000    17.8769   4.408096    33.5390      11596     8.0520 0.0000e+00
     37.000    17.9508   4.415949    33.5454      11622     8.0704 0.0000e+00
     36.000    17.7877   4.395195    33.5031      11655     8.0930 0.0000e+00
     35.000    17.5449   4.363757    33.4346      11684     8.1130 0.0000e+00
     34.000    17.4567   4.347907    33.3717      11708     8.1297 0.0000e+00
     33.000    17.6064   4.363094    33.3791      11733     8.1473 0.0000e+00
     32.000    17.7416   4.378907    33.4036      11766     8.1699 0.0000e+00
     31.000    17.7442   4.379612    33.4079      11798     8.1922 0.0000e+00
     30.000    17.6936   4.373047    33.3937      11820     8.2080 0.0000e+00
     29.000    17.5845   4.357725    33.3527      11841     8.2219 0.0000e+00
     28.000    17.3961   4.331345    33.2816      11862     8.2371 0.0000e+00
     27.000    17.2043   4.300968    33.1781      11894     8.2593 0.0000e+00
     26.000    17.1667   4.293502    33.1451      11933     8.2858 0.0000e+00
     25.000    17.1689   4.293698    33.1453      11959     8.3044 0.0000e+00
     24.000    17.1657   4.292361    33.1367      11983     8.3207 0.0000e+00
     23.000    17.0650   4.276828    33.0856      12006     8.3372 0.0000e+00
     22.000    16.9456   4.257421    33.0161      12030     8.3537 0.0000e+00
     21.000    16.8709   4.244338    32.9644      12054     8.3704 0.0000e+00
     20.000    16.8431   4.239177    32.9427      12080     8.3880 0.0000e+00
     19.000    16.7909   4.228425    32.8925      12107     8.4067 0.0000e+00
     18.000    16.7462   4.220052    32.8567      12133     8.4250 0.0000e+00
     17.000    16.7018   4.208558    32.7935      12159     8.4433 0.0000e+00
     16.000    16.6959   4.206929    32.7845      12189     8.4637 0.0000e+00
     15.000    16.7118   4.208028    32.7814      12220     8.4851 0.0000e+00
     14.000    16.7154   4.208350    32.7816      12247     8.5045 0.0000e+00
     13.000    16.7175   4.208422    32.7809      12272     8.5214 0.0000e+00
     12.000    16.7230   4.208550    32.7779      12298     8.5396 0.0000e+00
     11.000    16.7264   4.208477    32.7748      12329     8.5610 0.0000e+00
     10.000    16.7278   4.208497    32.7742      12358     8.5811 0.0000e+00
      9.000    16.7280   4.208412    32.7737      12385     8.6003 0.0000e+00
      8.000    16.7283   4.208381    32.7735      12413     8.6193 0.0000e+00
      7.000    16.7364   4.209372    32.7759      12897     8.9557 0.0000e+00
      6.000    16.7409   4.210104    32.7790      13307     9.2405 0.0000e+00
      5.000    16.7390   4.209804    32.7783      13271     9.2152 0.0000e+00
      4.000    16.7381   4.209751    32.7789      13291     9.2292 0.0000e+00
      3.000    16.7383   4.209659    32.7784      13335     9.2596 0.0000e+00
