HB2304/ctd199.cnv
* Sea-Bird SBE 9 Data File:
* FileName = C:\cruise\data\ctd199.hex
* Software Version Seasave V 7.26.7.121
* Temperature SN = 4591
* Conductivity SN = 3741
* Number of Bytes Per Scan = 37
* Number of Voltage Words = 4
* Number of Scans Averaged by the Deck Unit = 1
* NMEA Latitude = 42 06.93 N
* NMEA Longitude = 069 36.68 W
* NMEA UTC (Time) = Nov 14 2023 13:33:40
* NMEA baud rate = 4800
** Ship: Bigelow HB2304
** Program:  Fall Bottom Trawl Survey
** Chief Scientist: John Galbraith
# nquan = 9
# nvalues = 441                         
# units = specified
# name 0 = depSM: Depth [salt water, m]
# name 1 = t090C: Temperature [ITS-90, deg C]
# name 2 = c0S/m: Conductivity [S/m]
# name 3 = sal00: Salinity, Practical [PSU]
# name 4 = scan: Scan Count
# name 5 = timeM: Time, Elapsed [minutes]
# name 6 = sbeox0V: Oxygen raw, SBE 43 [V]
# name 7 = sbeox1V: Oxygen raw, SBE 43, 2 [V]
# name 8 = flag: flag
# span 0 =      1.000,    222.000       
# span 1 =     7.2117,    11.0927       
# span 2 =   3.355842,   3.631829       
# span 3 =    32.1102,    34.1516       
# span 4 =        126,      13634       
# span 5 =     0.0871,     9.4673       
# span 6 =     1.4943,     4.2287       
# span 7 =     1.4014,     2.2607       
# span 8 = 0.0000e+00, 0.0000e+00       
# interval = meters: 1                  
# start_time = Nov 14 2023 13:33:40 [NMEA time, header]
# bad_flag = -9.990e-29
*END*
      3.000    10.9979   3.613291    32.1103        126     0.0871     2.5876     2.2499 0.0000e+00
      4.000    11.0017   3.613651    32.1102        212     0.1464     2.6022     2.2474 0.0000e+00
      5.000    11.0105   3.614583    32.1112        246     0.1701     2.6753     2.2472 0.0000e+00
      6.000    11.0132   3.614968    32.1123        276     0.1911     2.7767     2.2494 0.0000e+00
      7.000    11.0128   3.615012    32.1126        305     0.2111     2.8946     2.2510 0.0000e+00
      8.000    11.0060   3.614397    32.1121        334     0.2310     3.0272     2.2522 0.0000e+00
      9.000    11.0076   3.614580    32.1121        360     0.2496     3.1607     2.2482 0.0000e+00
     10.000    11.0057   3.614421    32.1118        386     0.2676     3.2985     2.2509 0.0000e+00
     11.000    11.0052   3.614405    32.1116        412     0.2855     3.4424     2.2503 0.0000e+00
     12.000    11.0052   3.614434    32.1114        438     0.3036     3.5949     2.2471 0.0000e+00
     13.000    11.0044   3.614407    32.1114        591     0.4099     4.1527     2.2440 0.0000e+00
     14.000    11.0043   3.614441    32.1115        626     0.4339     4.2287     2.2515 0.0000e+00
     15.000    11.0048   3.614531    32.1115        655     0.4544     3.9775     2.2515 0.0000e+00
     16.000    11.0068   3.614779    32.1118        682     0.4727     3.5298     2.2544 0.0000e+00
     17.000    11.0091   3.615051    32.1120        709     0.4915     3.1793     2.2536 0.0000e+00
     18.000    11.0092   3.615161    32.1126        735     0.5099     2.9411     2.2516 0.0000e+00
     19.000    11.0081   3.615071    32.1122        761     0.5277     2.7683     2.2497 0.0000e+00
     20.000    11.0083   3.615138    32.1123        787     0.5457     2.6452     2.2494 0.0000e+00
     21.000    11.0041   3.614800    32.1122        814     0.5644     2.5563     2.2517 0.0000e+00
     22.000    11.0015   3.614534    32.1114        840     0.5829     2.4907     2.2540 0.0000e+00
     23.000    11.0038   3.614779    32.1114        866     0.6004     2.4414     2.2510 0.0000e+00
     24.000    11.0047   3.614935    32.1118        891     0.6177     2.4017     2.2531 0.0000e+00
     25.000    11.0034   3.614837    32.1115        916     0.6357     2.3654     2.2533 0.0000e+00
     26.000    11.0037   3.614906    32.1115        943     0.6541     2.3359     2.2506 0.0000e+00
     27.000    11.0041   3.614972    32.1114        969     0.6720     2.3212     2.2538 0.0000e+00
     28.000    11.0041   3.615032    32.1116        994     0.6895     2.3250     2.2551 0.0000e+00
     29.000    11.0038   3.615060    32.1116       1020     0.7077     2.3356     2.2557 0.0000e+00
     30.000    11.0007   3.614789    32.1112       1048     0.7270     2.3432     2.2571 0.0000e+00
     31.000    11.0029   3.615041    32.1114       1076     0.7462     2.3553     2.2510 0.0000e+00
     32.000    11.0087   3.615740    32.1129       1101     0.7642     2.3688     2.2509 0.0000e+00
     33.000    11.0439   3.619653    32.1202       1126     0.7816     2.3784     2.2513 0.0000e+00
     34.000    11.0927   3.627244    32.1520       1151     0.7984     2.3864     2.2495 0.0000e+00
     35.000    11.0707   3.630052    32.1986       1176     0.8157     2.3961     2.2494 0.0000e+00
     36.000    10.9805   3.629288    32.2697       1202     0.8338     2.3964     2.2432 0.0000e+00
     37.000    10.9568   3.630723    32.3043       1229     0.8526     2.3787     2.2212 0.0000e+00
     38.000    10.8583   3.631829    32.4018       1255     0.8708     2.3458     2.1896 0.0000e+00
     39.000    10.7767   3.630207    32.4575       1281     0.8889     2.3072     2.1536 0.0000e+00
     40.000    10.7351   3.629239    32.4844       1308     0.9074     2.2611     2.1161 0.0000e+00
     41.000    10.6586   3.627212    32.5318       1334     0.9259     2.2117     2.0738 0.0000e+00
     42.000    10.6275   3.625971    32.5467       1360     0.9440     2.1704     2.0339 0.0000e+00
     43.000    10.5962   3.624374    32.5583       1386     0.9618     2.1342     2.0010 0.0000e+00
     44.000    10.5177   3.619793    32.5822       1412     0.9796     2.1031     1.9734 0.0000e+00
     45.000    10.4397   3.614101    32.5945       1437     0.9973     2.0821     1.9535 0.0000e+00
     46.000    10.3680   3.608611    32.6032       1462     1.0147     2.0682     1.9396 0.0000e+00
     47.000    10.2913   3.602301    32.6081       1488     1.0326     2.0543     1.9272 0.0000e+00
     48.000    10.2161   3.597353    32.6255       1514     1.0507     2.0382     1.9136 0.0000e+00
     49.000    10.0748   3.587667    32.6545       1540     1.0686     2.0207     1.8980 0.0000e+00
     50.000    10.0150   3.582458    32.6553       1566     1.0867     2.0038     1.8832 0.0000e+00
     51.000     9.9728   3.579116    32.6591       1592     1.1049     1.9871     1.8706 0.0000e+00
     52.000     9.9423   3.576808    32.6628       1619     1.1236     1.9700     1.8564 0.0000e+00
     53.000     9.9392   3.576597    32.6631       1645     1.1418     1.9619     1.8453 0.0000e+00
     54.000     9.9290   3.576082    32.6666       1671     1.1594     1.9547     1.8380 0.0000e+00
     55.000     9.8770   3.572845    32.6804       1696     1.1771     1.9497     1.8327 0.0000e+00
     56.000     9.8944   3.576242    32.6987       1723     1.1955     1.9460     1.8286 0.0000e+00
     57.000     9.9155   3.580014    32.7174       1749     1.2138     1.9418     1.8254 0.0000e+00
     58.000     9.8995   3.579854    32.7299       1774     1.2315     1.9417     1.8244 0.0000e+00
     59.000     9.8702   3.578766    32.7450       1799     1.2488     1.9445     1.8253 0.0000e+00
     60.000     9.8355   3.577115    32.7593       1825     1.2663     1.9463     1.8260 0.0000e+00
     61.000     9.8008   3.574530    32.7640       1850     1.2842     1.9420     1.8248 0.0000e+00
     62.000     9.7533   3.571217    32.7730       1877     1.3024     1.9346     1.8211 0.0000e+00
     63.000     9.6779   3.564968    32.7774       1904     1.3212     1.9295     1.8147 0.0000e+00
     64.000     9.6594   3.563220    32.7760       1931     1.3405     1.9237     1.8087 0.0000e+00
     65.000     9.6415   3.561729    32.7767       1959     1.3599     1.9155     1.8030 0.0000e+00
     66.000     9.6363   3.561203    32.7756       1986     1.3782     1.9094     1.7982 0.0000e+00
     67.000     9.6288   3.560568    32.7755       2011     1.3957     1.9088     1.7947 0.0000e+00
     68.000     9.6206   3.559938    32.7761       2036     1.4135     1.9088     1.7933 0.0000e+00
     69.000     9.5745   3.556684    32.7843       2063     1.4318     1.9054     1.7912 0.0000e+00
     70.000     9.5333   3.553589    32.7898       2089     1.4500     1.9012     1.7891 0.0000e+00
     71.000     9.5040   3.551334    32.7930       2116     1.4685     1.8971     1.7848 0.0000e+00
     72.000     9.4502   3.547315    32.8006       2143     1.4877     1.8960     1.7794 0.0000e+00
     73.000     9.3879   3.542187    32.8044       2170     1.5062     1.8933     1.7774 0.0000e+00
     74.000     9.3637   3.539938    32.8030       2195     1.5236     1.8898     1.7749 0.0000e+00
     75.000     9.3180   3.536308    32.8071       2220     1.5409     1.8840     1.7728 0.0000e+00
     76.000     9.1828   3.525125    32.8152       2246     1.5592     1.8770     1.7687 0.0000e+00
     77.000     9.1048   3.518586    32.8189       2274     1.5785     1.8680     1.7606 0.0000e+00
     78.000     9.0291   3.512464    32.8247       2302     1.5981     1.8578     1.7531 0.0000e+00
     79.000     8.9109   3.503545    32.8406       2330     1.6176     1.8494     1.7456 0.0000e+00
     80.000     8.7592   3.490646    32.8460       2357     1.6363     1.8404     1.7354 0.0000e+00
     81.000     8.5457   3.470528    32.8329       2383     1.6541     1.8310     1.7276 0.0000e+00
     82.000     8.4476   3.459853    32.8114       2408     1.6716     1.8202     1.7182 0.0000e+00
     83.000     8.4452   3.459380    32.8081       2434     1.6893     1.8112     1.7084 0.0000e+00
     84.000     8.3260   3.448269    32.8015       2459     1.7071     1.8071     1.7008 0.0000e+00
     85.000     8.2104   3.437488    32.7947       2485     1.7250     1.8028     1.6945 0.0000e+00
     86.000     8.0596   3.422447    32.7756       2512     1.7437     1.7965     1.6899 0.0000e+00
     87.000     8.0222   3.418360    32.7666       2539     1.7628     1.7889     1.6837 0.0000e+00
     88.000     7.9405   3.410928    32.7635       2566     1.7814     1.7854     1.6814 0.0000e+00
     89.000     7.7173   3.390511    32.7541       2592     1.7993     1.7819     1.6778 0.0000e+00
     90.000     7.6540   3.383703    32.7402       2618     1.8177     1.7752     1.6711 0.0000e+00
     91.000     7.6340   3.382289    32.7434       2646     1.8369     1.7689     1.6664 0.0000e+00
     92.000     7.5790   3.379533    32.7650       2674     1.8566     1.7655     1.6629 0.0000e+00
     93.000     7.5495   3.377988    32.7757       2702     1.8758     1.7629     1.6587 0.0000e+00
     94.000     7.5206   3.376242    32.7836       2728     1.8937     1.7621     1.6561 0.0000e+00
     95.000     7.4928   3.374502    32.7907       2753     1.9111     1.7611     1.6547 0.0000e+00
     96.000     7.4520   3.372403    32.8062       2778     1.9286     1.7592     1.6543 0.0000e+00
     97.000     7.4528   3.372785    32.8091       2804     1.9465     1.7580     1.6543 0.0000e+00
     98.000     7.4515   3.372670    32.8086       2830     1.9645     1.7573     1.6532 0.0000e+00
     99.000     7.4397   3.371829    32.8102       2856     1.9828     1.7569     1.6521 0.0000e+00
    100.000     7.3876   3.367754    32.8149       2883     2.0014     1.7573     1.6527 0.0000e+00
    101.000     7.3467   3.364881    32.8222       2910     2.0200     1.7555     1.6523 0.0000e+00
    102.000     7.3329   3.364434    32.8299       2937     2.0387     1.7544     1.6505 0.0000e+00
    103.000     7.3247   3.364300    32.8358       2965     2.0582     1.7556     1.6488 0.0000e+00
    104.000     7.2576   3.358728    32.8385       2993     2.0778     1.7564     1.6474 0.0000e+00
    105.000     7.2227   3.356263    32.8444       3020     2.0964     1.7547     1.6457 0.0000e+00
    106.000     7.2117   3.357530    32.8681       3045     2.1137     1.7529     1.6454 0.0000e+00
    107.000     7.2254   3.361661    32.8995       3070     2.1313     1.7512     1.6456 0.0000e+00
    108.000     7.2306   3.364088    32.9204       3096     2.1492     1.7495     1.6454 0.0000e+00
    109.000     7.3142   3.373872    32.9465       3122     2.1672     1.7477     1.6437 0.0000e+00
    110.000     7.3532   3.379207    32.9667       3148     2.1855     1.7474     1.6430 0.0000e+00
    111.000     7.3607   3.380336    32.9714       3175     2.2044     1.7450     1.6406 0.0000e+00
    112.000     7.3742   3.382032    32.9764       3202     2.2233     1.7417     1.6377 0.0000e+00
    113.000     7.4042   3.386638    32.9972       3229     2.2418     1.7391     1.6340 0.0000e+00
    114.000     7.3938   3.387507    33.0160       3256     2.2601     1.7378     1.6326 0.0000e+00
    115.000     7.3994   3.390139    33.0387       3282     2.2783     1.7352     1.6305 0.0000e+00
    116.000     7.3856   3.390531    33.0556       3308     2.2968     1.7336     1.6299 0.0000e+00
    117.000     7.3391   3.387542    33.0672       3335     2.3154     1.7331     1.6297 0.0000e+00
    118.000     7.3281   3.386829    33.0694       3362     2.3337     1.7322     1.6261 0.0000e+00
    119.000     7.3320   3.387898    33.0768       3388     2.3522     1.7306     1.6262 0.0000e+00
    120.000     7.3527   3.392607    33.1076       3415     2.3708     1.7298     1.6255 0.0000e+00
    121.000     7.3937   3.399160    33.1390       3442     2.3898     1.7293     1.6223 0.0000e+00
    122.000     7.4048   3.400837    33.1460       3470     2.4089     1.7271     1.6228 0.0000e+00
    123.000     7.4384   3.406129    33.1706       3496     2.4273     1.7243     1.6190 0.0000e+00
    124.000     7.4418   3.409104    33.1991       3522     2.4448     1.7225     1.6171 0.0000e+00
    125.000     7.4482   3.410933    33.2123       3546     2.4620     1.7204     1.6176 0.0000e+00
    126.000     7.4563   3.412685    33.2229       3572     2.4800     1.7181     1.6135 0.0000e+00
    127.000     7.4656   3.414608    33.2344       3599     2.4985     1.7165     1.6118 0.0000e+00
    128.000     7.4806   3.417627    33.2522       3626     2.5172     1.7141     1.6101 0.0000e+00
    129.000     7.4982   3.422002    33.2821       3653     2.5359     1.7111     1.6070 0.0000e+00
    130.000     7.5187   3.425946    33.3045       3680     2.5547     1.7090     1.6063 0.0000e+00
    131.000     7.5447   3.431481    33.3389       3707     2.5739     1.7062     1.6051 0.0000e+00
    132.000     7.5581   3.434738    33.3607       3735     2.5931     1.7040     1.6035 0.0000e+00
    133.000     7.5721   3.437627    33.3780       3762     2.6116     1.7029     1.6051 0.0000e+00
    134.000     7.5791   3.439638    33.3924       3787     2.6293     1.7022     1.6019 0.0000e+00
    135.000     7.5905   3.441887    33.4053       3813     2.6473     1.7018     1.6007 0.0000e+00
    136.000     7.5969   3.443057    33.4113       3840     2.6659     1.7008     1.6010 0.0000e+00
    137.000     7.6057   3.444690    33.4199       3867     2.6844     1.6992     1.5955 0.0000e+00
    138.000     7.6245   3.448426    33.4417       3892     2.7023     1.6981     1.5936 0.0000e+00
    139.000     7.6414   3.451558    33.4587       3918     2.7200     1.6968     1.5944 0.0000e+00
    140.000     7.6788   3.458800    33.5002       3943     2.7378     1.6957     1.5899 0.0000e+00
    141.000     7.6972   3.462781    33.5248       3971     2.7568     1.6939     1.5886 0.0000e+00
    142.000     7.7118   3.466016    33.5451       3999     2.7763     1.6926     1.5861 0.0000e+00
    143.000     7.7229   3.467941    33.5547       4027     2.7955     1.6902     1.5837 0.0000e+00
    144.000     7.7474   3.472382    33.5783       4053     2.8141     1.6895     1.5861 0.0000e+00
    145.000     7.7574   3.474268    33.5885       4079     2.8321     1.6892     1.5834 0.0000e+00
    146.000     7.7848   3.478913    33.6116       4104     2.8496     1.6870     1.5834 0.0000e+00
    147.000     7.7946   3.480850    33.6224       4130     2.8675     1.6849     1.5855 0.0000e+00
    148.000     7.7975   3.481422    33.6253       4157     2.8861     1.6818     1.5817 0.0000e+00
    149.000     7.7993   3.481804    33.6272       4185     2.9054     1.6797     1.5792 0.0000e+00
    150.000     7.8086   3.483219    33.6329       4212     2.9244     1.6773     1.5758 0.0000e+00
    151.000     7.8213   3.485243    33.6419       4239     2.9432     1.6748     1.5726 0.0000e+00
    152.000     7.8322   3.487267    33.6526       4266     2.9618     1.6729     1.5716 0.0000e+00
    153.000     7.8363   3.488123    33.6574       4292     2.9797     1.6700     1.5667 0.0000e+00
    154.000     7.8464   3.489606    33.6631       4317     2.9974     1.6668     1.5641 0.0000e+00
    155.000     7.8664   3.492812    33.6777       4343     3.0154     1.6649     1.5657 0.0000e+00
    156.000     7.9181   3.500627    33.7111       4370     3.0343     1.6635     1.5631 0.0000e+00
    157.000     7.9427   3.504337    33.7267       4399     3.0538     1.6613     1.5634 0.0000e+00
    158.000     7.9696   3.508868    33.7486       4426     3.0729     1.6548     1.5580 0.0000e+00
    159.000     7.9824   3.511576    33.7648       4452     3.0908     1.6444     1.5486 0.0000e+00
    160.000     7.9933   3.513790    33.7775       4477     3.1084     1.6332     1.5402 0.0000e+00
    161.000     7.9955   3.514322    33.7806       4503     3.1267     1.6234     1.5296 0.0000e+00
    162.000     8.0087   3.516438    33.7900       4531     3.1456     1.6155     1.5206 0.0000e+00
