HB2304/ctd173.cnv
* Sea-Bird SBE 9 Data File:
* FileName = C:\cruise\data\ctd173.hex
* Software Version Seasave V 7.26.7.121
* Temperature SN = 4591
* Conductivity SN = 3741
* Number of Bytes Per Scan = 37
* Number of Voltage Words = 4
* Number of Scans Averaged by the Deck Unit = 1
* NMEA Latitude = 43 23.77 N
* NMEA Longitude = 070 02.97 W
* NMEA UTC (Time) = Nov 08 2023 23:53:47
* NMEA baud rate = 4800
** Ship: Bigelow HB2304
** Program:  Fall Bottom Trawl Survey
** Chief Scientist: John Galbraith
# nquan = 9
# nvalues = 251                         
# units = specified
# name 0 = depSM: Depth [salt water, m]
# name 1 = t090C: Temperature [ITS-90, deg C]
# name 2 = c0S/m: Conductivity [S/m]
# name 3 = sal00: Salinity, Practical [PSU]
# name 4 = scan: Scan Count
# name 5 = timeM: Time, Elapsed [minutes]
# name 6 = sbeox0V: Oxygen raw, SBE 43 [V]
# name 7 = sbeox1V: Oxygen raw, SBE 43, 2 [V]
# name 8 = flag: flag
# span 0 =      2.000,    127.000       
# span 1 =     8.0286,    11.6342       
# span 2 =   3.451926,   3.675336       
# span 3 =    31.5652,    33.0993       
# span 4 =         -6,       8101       
# span 5 =    -0.0048,     5.6248       
# span 6 =     1.6530,     2.4283       
# span 7 =     1.5547,     2.2738       
# span 8 = 0.0000e+00, 0.0000e+00       
# interval = meters: 1                  
# start_time = Nov 08 2023 23:53:47 [NMEA time, header]
# bad_flag = -9.990e-29
*END*
      2.000    11.3319   3.587268    31.5662         -6    -0.0048     2.4264     2.2576 0.0000e+00
      3.000    11.3168   3.585989    31.5661        197     0.1362     2.4267     2.2524 0.0000e+00
      4.000    11.3466   3.588541    31.5652        261     0.1806     2.4278     2.2601 0.0000e+00
      5.000    11.3429   3.588355    31.5661        282     0.1953     2.4283     2.2631 0.0000e+00
      6.000    11.3422   3.588314    31.5660        310     0.2147     2.4255     2.2639 0.0000e+00
      7.000    11.3413   3.588307    31.5662        339     0.2347     2.4253     2.2609 0.0000e+00
      8.000    11.3397   3.588215    31.5663        363     0.2515     2.4246     2.2582 0.0000e+00
      9.000    11.3404   3.588262    31.5657        388     0.2691     2.4206     2.2590 0.0000e+00
     10.000    11.3448   3.588696    31.5658        416     0.2881     2.4174     2.2591 0.0000e+00
     11.000    11.3434   3.588660    31.5662        442     0.3065     2.4209     2.2610 0.0000e+00
     12.000    11.3440   3.588755    31.5662        467     0.3237     2.4225     2.2658 0.0000e+00
     13.000    11.3431   3.588711    31.5662        492     0.3407     2.4201     2.2666 0.0000e+00
     14.000    11.3423   3.588718    31.5665        517     0.3587     2.4181     2.2631 0.0000e+00
     15.000    11.3443   3.588900    31.5661        546     0.3782     2.4178     2.2619 0.0000e+00
     16.000    11.3459   3.589091    31.5662        573     0.3975     2.4173     2.2659 0.0000e+00
     17.000    11.3465   3.589198    31.5663        599     0.4150     2.4162     2.2671 0.0000e+00
     18.000    11.3551   3.590381    31.5701        624     0.4329     2.4130     2.2666 0.0000e+00
     19.000    11.3569   3.590904    31.5733        653     0.4525     2.4165     2.2656 0.0000e+00
     20.000    11.3547   3.590612    31.5719        679     0.4705     2.4177     2.2653 0.0000e+00
     21.000    11.3538   3.590332    31.5695        702     0.4868     2.4139     2.2646 0.0000e+00
     22.000    11.3544   3.590390    31.5691        727     0.5043     2.4128     2.2676 0.0000e+00
     23.000    11.3545   3.590417    31.5689        756     0.5243     2.4120     2.2676 0.0000e+00
     24.000    11.3547   3.590475    31.5689        784     0.5440     2.4116     2.2705 0.0000e+00
     25.000    11.3564   3.590960    31.5718        809     0.5609     2.4141     2.2674 0.0000e+00
     26.000    11.3560   3.590733    31.5695        833     0.5776     2.4147     2.2671 0.0000e+00
     27.000    11.3568   3.591296    31.5739        860     0.5968     2.4141     2.2687 0.0000e+00
     28.000    11.3591   3.592860    31.5868        887     0.6155     2.4151     2.2663 0.0000e+00
     29.000    11.3590   3.594950    31.6069        912     0.6328     2.4161     2.2686 0.0000e+00
     30.000    11.3674   3.599518    31.6439        939     0.6511     2.4134     2.2728 0.0000e+00
     31.000    11.3917   3.608129    31.7067        967     0.6711     2.4091     2.2683 0.0000e+00
     32.000    11.3982   3.609944    31.7185        994     0.6895     2.4044     2.2665 0.0000e+00
     33.000    11.4093   3.613102    31.7394       1019     0.7070     2.3972     2.2620 0.0000e+00
     34.000    11.4239   3.617392    31.7683       1046     0.7254     2.3908     2.2539 0.0000e+00
     35.000    11.4381   3.622644    31.8070       1072     0.7438     2.3896     2.2530 0.0000e+00
     36.000    11.4503   3.628287    31.8511       1098     0.7619     2.3888     2.2452 0.0000e+00
     37.000    11.4978   3.648711    32.0090       1125     0.7805     2.3867     2.2435 0.0000e+00
     38.000    11.6063   3.668935    32.1118       1152     0.7992     2.3860     2.2469 0.0000e+00
     39.000    11.6342   3.675336    32.1495       1178     0.8172     2.3732     2.2372 0.0000e+00
     40.000    11.5905   3.674893    32.1826       1204     0.8356     2.3162     2.1958 0.0000e+00
     41.000    11.5717   3.674178    32.1916       1232     0.8548     2.2416     2.1275 0.0000e+00
     42.000    11.5258   3.672570    32.2154       1257     0.8723     2.1952     2.0755 0.0000e+00
     43.000    11.5031   3.671923    32.2284       1282     0.8896     2.1683     2.0441 0.0000e+00
     44.000    11.4691   3.670669    32.2453       1311     0.9094     2.1453     2.0233 0.0000e+00
     45.000    11.4356   3.669054    32.2584       1339     0.9291     2.1281     2.0043 0.0000e+00
     46.000    11.4288   3.668757    32.2610       1364     0.9466     2.1161     1.9951 0.0000e+00
     47.000    11.3773   3.665351    32.2722       1389     0.9640     2.1114     1.9843 0.0000e+00
     48.000    11.2692   3.658242    32.2966       1416     0.9823     2.1103     1.9805 0.0000e+00
     49.000    11.2042   3.654008    32.3115       1444     1.0019     2.1103     1.9854 0.0000e+00
     50.000    11.1945   3.653817    32.3178       1470     1.0203     2.1177     1.9919 0.0000e+00
     51.000    11.1501   3.651364    32.3322       1494     1.0371     2.1268     2.0034 0.0000e+00
     52.000    11.1222   3.650250    32.3452       1521     1.0554     2.1297     2.0099 0.0000e+00
     53.000    11.0969   3.649579    32.3604       1553     1.0776     2.1350     2.0127 0.0000e+00
     54.000    11.0624   3.648587    32.3807       1582     1.0978     2.1425     2.0153 0.0000e+00
     55.000    10.9983   3.645734    32.4085       1604     1.1132     2.1433     2.0116 0.0000e+00
     56.000    10.9651   3.643934    32.4196       1628     1.1300     2.1410     2.0121 0.0000e+00
     57.000    10.9236   3.642228    32.4390       1659     1.1512     2.1282     2.0114 0.0000e+00
     58.000    10.8668   3.638433    32.4512       1685     1.1696     2.1128     1.9997 0.0000e+00
     59.000    10.8288   3.635454    32.4549       1709     1.1862     2.1016     1.9873 0.0000e+00
     60.000    10.7593   3.630198    32.4638       1736     1.2052     2.0840     1.9706 0.0000e+00
     61.000    10.6831   3.624284    32.4722       1769     1.2278     2.0577     1.9442 0.0000e+00
     62.000    10.6125   3.618827    32.4801       1798     1.2477     2.0289     1.9215 0.0000e+00
     63.000    10.5801   3.616284    32.4832       1824     1.2657     1.9995     1.8918 0.0000e+00
     64.000    10.5663   3.615255    32.4847       1851     1.2847     1.9673     1.8595 0.0000e+00
     65.000    10.5608   3.614916    32.4858       1879     1.3042     1.9405     1.8348 0.0000e+00
     66.000    10.5404   3.613662    32.4910       1904     1.3219     1.9249     1.8149 0.0000e+00
     67.000    10.5343   3.613149    32.4909       1931     1.3403     1.9149     1.8026 0.0000e+00
     68.000    10.5316   3.612933    32.4907       1963     1.3627     1.9067     1.7908 0.0000e+00
     69.000    10.5215   3.612347    32.4934       1994     1.3837     1.9024     1.7875 0.0000e+00
     70.000    10.4990   3.610928    32.4989       2019     1.4016     1.8983     1.7865 0.0000e+00
     71.000    10.4216   3.605452    32.5127       2046     1.4200     1.8948     1.7824 0.0000e+00
     72.000    10.3584   3.599970    32.5137       2077     1.4415     1.8893     1.7805 0.0000e+00
     73.000    10.2813   3.594944    32.5318       2106     1.4620     1.8819     1.7678 0.0000e+00
     74.000    10.2346   3.591604    32.5395       2132     1.4796     1.8714     1.7578 0.0000e+00
     75.000    10.1400   3.585678    32.5643       2160     1.4990     1.8610     1.7520 0.0000e+00
     76.000    10.0654   3.580896    32.5827       2191     1.5210     1.8500     1.7407 0.0000e+00
     77.000     9.9553   3.574322    32.6149       2220     1.5409     1.8394     1.7322 0.0000e+00
     78.000     9.9679   3.578576    32.6462       2246     1.5592     1.8308     1.7242 0.0000e+00
     79.000    10.0529   3.591699    32.7019       2273     1.5775     1.8259     1.7196 0.0000e+00
     80.000    10.0164   3.588914    32.7063       2301     1.5971     1.8333     1.7226 0.0000e+00
     81.000    10.0046   3.588223    32.7095       2331     1.6183     1.8556     1.7349 0.0000e+00
     82.000    10.0024   3.590688    32.7360       2362     1.6397     1.8673     1.7481 0.0000e+00
     83.000     9.9714   3.589935    32.7560       2393     1.6611     1.8737     1.7561 0.0000e+00
     84.000     9.9415   3.588524    32.7684       2420     1.6801     1.8804     1.7616 0.0000e+00
     85.000     9.9276   3.587542    32.7706       2447     1.6984     1.8828     1.7670 0.0000e+00
     86.000     9.9178   3.586732    32.7708       2476     1.7188     1.8841     1.7676 0.0000e+00
     87.000     9.8956   3.585081    32.7737       2503     1.7375     1.8846     1.7697 0.0000e+00
     88.000     9.8795   3.584359    32.7805       2528     1.7549     1.8836     1.7682 0.0000e+00
     89.000     9.8286   3.580970    32.7919       2560     1.7773     1.8799     1.7642 0.0000e+00
     90.000     9.8384   3.583010    32.8033       2593     1.8002     1.8759     1.7670 0.0000e+00
     91.000     9.8307   3.583644    32.8164       2619     1.8181     1.8730     1.7634 0.0000e+00
     92.000     9.7881   3.580915    32.8269       2646     1.8366     1.8732     1.7601 0.0000e+00
     93.000     9.7511   3.577826    32.8286       2678     1.8590     1.8757     1.7630 0.0000e+00
     94.000     9.7458   3.577333    32.8280       2707     1.8792     1.8758     1.7637 0.0000e+00
     95.000     9.7160   3.574907    32.8300       2732     1.8964     1.8748     1.7607 0.0000e+00
     96.000     9.6752   3.571607    32.8331       2760     1.9159     1.8718     1.7596 0.0000e+00
     97.000     9.6523   3.570070    32.8378       2793     1.9389     1.8641     1.7577 0.0000e+00
     98.000     9.6403   3.570480    32.8525       2821     1.9583     1.8566     1.7506 0.0000e+00
     99.000     9.6070   3.568635    32.8636       2847     1.9761     1.8520     1.7455 0.0000e+00
    100.000     9.5710   3.565750    32.8666       2876     1.9967     1.8498     1.7425 0.0000e+00
    101.000     9.5456   3.564057    32.8720       2909     2.0193     1.8489     1.7408 0.0000e+00
    102.000     9.4055   3.553472    32.8914       2936     2.0379     1.8462     1.7398 0.0000e+00
    103.000     9.3044   3.543958    32.8858       2961     2.0558     1.8415     1.7385 0.0000e+00
    104.000     9.2220   3.537534    32.8949       2994     2.0786     1.8349     1.7341 0.0000e+00
    105.000     8.9538   3.514872    32.9070       3027     2.1012     1.8265     1.7261 0.0000e+00
    106.000     8.9486   3.513768    32.8999       3050     2.1172     1.8161     1.7184 0.0000e+00
    107.000     8.9128   3.511103    32.9048       3075     2.1345     1.8038     1.7112 0.0000e+00
    108.000     8.8812   3.509418    32.9161       3109     2.1586     1.7910     1.6978 0.0000e+00
    109.000     8.7216   3.500848    32.9744       3138     2.1786     1.7816     1.6868 0.0000e+00
    110.000     8.6355   3.493960    32.9819       3162     2.1953     1.7723     1.6782 0.0000e+00
    111.000     8.5718   3.489541    32.9945       3192     2.2157     1.7599     1.6682 0.0000e+00
    112.000     8.5088   3.484406    32.9990       3226     2.2394     1.7460     1.6553 0.0000e+00
    113.000     8.4834   3.483529    33.0130       3253     2.2581     1.7381     1.6459 0.0000e+00
    114.000     8.4436   3.481171    33.0249       3281     2.2777     1.7326     1.6376 0.0000e+00
    115.000     8.3981   3.477608    33.0295       3314     2.3008     1.7255     1.6291 0.0000e+00
    116.000     8.3436   3.474354    33.0458       3341     2.3194     1.7192     1.6224 0.0000e+00
    117.000     8.2883   3.470739    33.0591       3365     2.3358     1.7146     1.6177 0.0000e+00
    118.000     8.1708   3.462395    33.0807       3393     2.3555     1.7081     1.6122 0.0000e+00
    119.000     8.1282   3.458952    33.0838       3426     2.3787     1.6950     1.6019 0.0000e+00
    120.000     8.1071   3.457395    33.0867       3456     2.3990     1.6830     1.5909 0.0000e+00
    121.000     8.1007   3.456879    33.0868       3482     2.4171     1.6751     1.5819 0.0000e+00
    122.000     8.0959   3.456459    33.0864       3510     2.4371     1.6692     1.5752 0.0000e+00
    123.000     8.0890   3.455884    33.0863       3543     2.4595     1.6653     1.5689 0.0000e+00
    124.000     8.0812   3.455293    33.0869       3571     2.4792     1.6629     1.5646 0.0000e+00
    125.000     8.0781   3.455384    33.0903       3597     2.4972     1.6603     1.5614 0.0000e+00
    126.000     8.0595   3.454262    33.0955       3626     2.5175     1.6592     1.5611 0.0000e+00
    127.000     8.0286   3.451926    33.0993       3654     2.5370     1.6590     1.5639 0.0000e+00
    126.000     8.0563   3.453512    33.0906       3880     2.6939     1.6530     1.5548 0.0000e+00
    125.000     8.0816   3.454900    33.0819       4523     3.1402     1.6576     1.5570 0.0000e+00
    124.000     8.0834   3.454832    33.0799       4743     3.2930     1.6591     1.5547 0.0000e+00
    123.000     8.0883   3.454893    33.0764       4772     3.3129     1.6590     1.5570 0.0000e+00
    122.000     8.0948   3.455355    33.0757       4796     3.3297     1.6585     1.5606 0.0000e+00
    121.000     8.0996   3.455628    33.0745       4823     3.3486     1.6575     1.5606 0.0000e+00
    120.000     8.1062   3.455916    33.0718       4852     3.3689     1.6560     1.5615 0.0000e+00
    119.000     8.1176   3.456584    33.0687       4878     3.3865     1.6568     1.5626 0.0000e+00
    118.000     8.1371   3.457770    33.0634       4902     3.4033     1.6577     1.5636 0.0000e+00
    117.000     8.2315   3.463424    33.0349       4927     3.4211     1.6583     1.5649 0.0000e+00
    116.000     8.2974   3.468923    33.0318       4951     3.4377     1.6606     1.5650 0.0000e+00
    115.000     8.3208   3.470378    33.0257       4975     3.4539     1.6653     1.5666 0.0000e+00
    114.000     8.4117   3.476003    33.0003       5002     3.4727     1.6719     1.5729 0.0000e+00
    113.000     8.4446   3.478578    32.9971       5031     3.4931     1.6809     1.5812 0.0000e+00
    112.000     8.4824   3.481003    32.9878       5057     3.5112     1.6895     1.5885 0.0000e+00
    111.000     8.5318   3.483524    32.9687       5081     3.5278     1.6971     1.5950 0.0000e+00
    110.000     8.6191   3.489538    32.9509       5107     3.5458     1.7036     1.6006 0.0000e+00
    109.000     8.6777   3.493756    32.9409       5135     3.5653     1.7112     1.6056 0.0000e+00
    108.000     8.7504   3.499000    32.9287       5161     3.5833     1.7192     1.6106 0.0000e+00
    107.000     8.8738   3.505536    32.8829       5186     3.6006     1.7268     1.6191 0.0000e+00
    106.000     8.9155   3.508096    32.8715       5211     3.6183     1.7358     1.6277 0.0000e+00
    105.000     8.9439   3.510535    32.8711       5240     3.6384     1.7479     1.6384 0.0000e+00
    104.000     8.9745   3.512876    32.8676       5269     3.6586     1.7591     1.6486 0.0000e+00
    103.000     9.1894   3.529337    32.8405       5293     3.6749     1.7667     1.6567 0.0000e+00
    102.000     9.2793   3.537922    32.8471       5315     3.6906     1.7756     1.6648 0.0000e+00
    101.000     9.4344   3.551012    32.8400       5345     3.7110     1.7892     1.6773 0.0000e+00
    100.000     9.5452   3.560927    32.8407       5376     3.7325     1.8075     1.6918 0.0000e+00
     99.000     9.5685   3.562978    32.8410       5399     3.7485     1.8200     1.7032 0.0000e+00
     98.000     9.5970   3.565325    32.8394       5421     3.7642     1.8279     1.7132 0.0000e+00
     97.000     9.6362   3.567784    32.8291       5449     3.7833     1.8334     1.7214 0.0000e+00
     96.000     9.6530   3.567815    32.8146       5478     3.8034     1.8376     1.7283 0.0000e+00
     95.000     9.6963   3.570762    32.8057       5503     3.8206     1.8401     1.7313 0.0000e+00
     94.000     9.7435   3.574905    32.8054       5528     3.8383     1.8415     1.7324 0.0000e+00
     93.000     9.7643   3.576859    32.8068       5556     3.8579     1.8462     1.7323 0.0000e+00
