HB2304/ctd122.cnv
* Sea-Bird SBE 9 Data File:
* FileName = C:\cruise\data\ctd122.hex
* Software Version Seasave V 7.26.7.121
* Temperature SN = 4591
* Conductivity SN = 3741
* Number of Bytes Per Scan = 37
* Number of Voltage Words = 4
* Number of Scans Averaged by the Deck Unit = 1
* NMEA Latitude = 41 40.23 N
* NMEA Longitude = 068 01.47 W
* NMEA UTC (Time) = Oct 15 2023  12:12:58
* NMEA baud rate = 4800
** Ship: Bigelow HB2304
** Program:  Fall Bottom Trawl Survey
** Chief Scientist: John Galbraith
# nquan = 7
# nvalues = 50                          
# units = specified
# name 0 = depSM: Depth [salt water, m]
# name 1 = t090C: Temperature [ITS-90, deg C]
# name 2 = c0S/m: Conductivity [S/m]
# name 3 = sal00: Salinity, Practical [PSU]
# name 4 = scan: Scan Count
# name 5 = timeM: Time, Elapsed [minutes]
# name 6 = flag: flag
# span 0 =      2.000,     27.000       
# span 1 =    15.4112,    15.4197       
# span 2 =   3.987650,   3.989891       
# span 3 =    31.9023,    31.9093       
# span 4 =      -1087,       2810       
# span 5 =    -0.7560,     1.9509       
# span 6 = 0.0000e+00, 0.0000e+00       
# interval = meters: 1                  
# start_time = Oct 15 2023 12:12:58 [NMEA time, header]
# bad_flag = -9.990e-29
*END*
      3.000    15.4147   3.987722    31.9023      -1087    -0.7560 0.0000e+00
      4.000    15.4129   3.988050    31.9063       1116     0.7743 0.0000e+00
      5.000    15.4121   3.987769    31.9040        494     0.3423 0.0000e+00
      6.000    15.4112   3.987650    31.9033        520     0.3605 0.0000e+00
      7.000    15.4113   3.987667    31.9031        543     0.3762 0.0000e+00
      8.000    15.4123   3.987853    31.9035        566     0.3924 0.0000e+00
      9.000    15.4186   3.988907    31.9075        591     0.4099 0.0000e+00
     10.000    15.4188   3.989083    31.9085        619     0.4290 0.0000e+00
     11.000    15.4182   3.989054    31.9083        648     0.4495 0.0000e+00
     12.000    15.4184   3.989079    31.9080        676     0.4684 0.0000e+00
     13.000    15.4181   3.989106    31.9081        701     0.4859 0.0000e+00
     14.000    15.4183   3.989252    31.9088        726     0.5035 0.0000e+00
     15.000    15.4183   3.989281    31.9088        751     0.5210 0.0000e+00
     16.000    15.4184   3.989294    31.9084        776     0.5385 0.0000e+00
     17.000    15.4185   3.989379    31.9087        804     0.5575 0.0000e+00
     18.000    15.4184   3.989437    31.9090        833     0.5779 0.0000e+00
     19.000    15.4186   3.989488    31.9088        861     0.5973 0.0000e+00
     20.000    15.4185   3.989538    31.9090        887     0.6151 0.0000e+00
     21.000    15.4185   3.989581    31.9090        910     0.6316 0.0000e+00
     22.000    15.4188   3.989642    31.9090        933     0.6472 0.0000e+00
     23.000    15.4189   3.989693    31.9089        956     0.6634 0.0000e+00
     24.000    15.4190   3.989750    31.9090        983     0.6817 0.0000e+00
     25.000    15.4194   3.989820    31.9089       1013     0.7030 0.0000e+00
     26.000    15.4197   3.989891    31.9090       1044     0.7244 0.0000e+00
     27.000    15.4185   3.989831    31.9090       1576     1.0939 0.0000e+00
     26.000    15.4172   3.989670    31.9090       2155     1.4955 0.0000e+00
     25.000    15.4179   3.989722    31.9093       2157     1.4976 0.0000e+00
     24.000    15.4175   3.989630    31.9091       2180     1.5130 0.0000e+00
     23.000    15.4173   3.989563    31.9091       2202     1.5287 0.0000e+00
     22.000    15.4187   3.989635    31.9089       2229     1.5473 0.0000e+00
     21.000    15.4190   3.989597    31.9088       2258     1.5676 0.0000e+00
     20.000    15.4190   3.989534    31.9086       2285     1.5860 0.0000e+00
     19.000    15.4188   3.989483    31.9086       2309     1.6029 0.0000e+00
     18.000    15.4183   3.989232    31.9072       2335     1.6206 0.0000e+00
     17.000    15.4173   3.989117    31.9074       2361     1.6385 0.0000e+00
     16.000    15.4178   3.989144    31.9076       2387     1.6570 0.0000e+00
     15.000    15.4176   3.989082    31.9076       2413     1.6753 0.0000e+00
     14.000    15.4175   3.989046    31.9077       2440     1.6935 0.0000e+00
     13.000    15.4181   3.989125    31.9083       2464     1.7106 0.0000e+00
     12.000    15.4181   3.989102    31.9084       2488     1.7272 0.0000e+00
     11.000    15.4180   3.989044    31.9084       2513     1.7446 0.0000e+00
     10.000    15.4176   3.988926    31.9081       2539     1.7623 0.0000e+00
      9.000    15.4170   3.988789    31.9077       2564     1.7796 0.0000e+00
      8.000    15.4159   3.988594    31.9072       2591     1.7984 0.0000e+00
      7.000    15.4154   3.988450    31.9067       2618     1.8176 0.0000e+00
      6.000    15.4155   3.988487    31.9073       2643     1.8351 0.0000e+00
      5.000    15.4139   3.988152    31.9060       2669     1.8527 0.0000e+00
      4.000    15.4132   3.988021    31.9057       2699     1.8733 0.0000e+00
      3.000    15.4125   3.987873    31.9054       2733     1.8974 0.0000e+00
      2.000    15.4123   3.987774    31.9050       2810     1.9509 0.0000e+00
