HB2304/ctd182.cnv
* Sea-Bird SBE 9 Data File:
* FileName = C:\cruise\data\ctd182.hex
* Software Version Seasave V 7.26.7.121
* Temperature SN = 4591
* Conductivity SN = 3741
* Number of Bytes Per Scan = 37
* Number of Voltage Words = 4
* Number of Scans Averaged by the Deck Unit = 1
* NMEA Latitude = 43 56.51 N
* NMEA Longitude = 068 18.51 W
* NMEA UTC (Time) = Nov 10 2023 18:23:54
* NMEA baud rate = 4800
** Ship: Bigelow HB2304
** Program:  Fall Bottom Trawl Survey
** Chief Scientist: John Galbraith
# nquan = 9
# nvalues = 215                         
# units = specified
# name 0 = depSM: Depth [salt water, m]
# name 1 = t090C: Temperature [ITS-90, deg C]
# name 2 = c0S/m: Conductivity [S/m]
# name 3 = sal00: Salinity, Practical [PSU]
# name 4 = scan: Scan Count
# name 5 = timeM: Time, Elapsed [minutes]
# name 6 = sbeox0V: Oxygen raw, SBE 43 [V]
# name 7 = sbeox1V: Oxygen raw, SBE 43, 2 [V]
# name 8 = flag: flag
# span 0 =      3.000,    110.000       
# span 1 =    10.1343,    10.4343       
# span 2 =   3.578428,   3.623491       
# span 3 =    32.2687,    32.9251       
# span 4 =       -123,       7050       
# span 5 =    -0.0858,     4.8952       
# span 6 =     1.9457,     4.6516       
# span 7 =     1.8275,     2.2116       
# span 8 = 0.0000e+00, 0.0000e+00       
# interval = meters: 1                  
# start_time = Nov 10 2023 18:23:54 [NMEA time, header]
# bad_flag = -9.990e-29
*END*
      3.000    10.4269   3.578695    32.2692       -123    -0.0858     3.1404     2.2071 0.0000e+00
      4.000    10.4264   3.578716    32.2694        337     0.2330     3.0998     2.2090 0.0000e+00
      5.000    10.4264   3.578749    32.2693        316     0.2185     3.1804     2.2087 0.0000e+00
      6.000    10.4274   3.578864    32.2691        339     0.2344     3.2523     2.2076 0.0000e+00
      7.000    10.4277   3.578925    32.2690        366     0.2532     3.4025     2.2074 0.0000e+00
      8.000    10.4283   3.579035    32.2692        394     0.2733     3.5932     2.2098 0.0000e+00
      9.000    10.4287   3.579149    32.2695        421     0.2916     3.7693     2.2111 0.0000e+00
     10.000    10.4280   3.579120    32.2694        446     0.3092     3.9418     2.2116 0.0000e+00
     11.000    10.4279   3.579150    32.2694        471     0.3266     4.1229     2.2090 0.0000e+00
     12.000    10.4278   3.579140    32.2689        497     0.3442     4.3126     2.2067 0.0000e+00
     13.000    10.4278   3.579154    32.2687        524     0.3635     4.5212     2.2076 0.0000e+00
     14.000    10.4285   3.579283    32.2689        554     0.3844     4.6516     2.2028 0.0000e+00
     15.000    10.4286   3.579459    32.2701        582     0.4033     4.1998     2.1992 0.0000e+00
     16.000    10.4273   3.579458    32.2708        607     0.4209     3.6623     2.2001 0.0000e+00
     17.000    10.4284   3.579523    32.2700        633     0.4386     3.2930     2.2011 0.0000e+00
     18.000    10.4286   3.579580    32.2701        659     0.4569     3.0217     2.2015 0.0000e+00
     19.000    10.4189   3.579531    32.2777        685     0.4753     2.8214     2.2031 0.0000e+00
     20.000    10.4136   3.579589    32.2826        712     0.4937     2.6785     2.2053 0.0000e+00
     21.000    10.4094   3.579706    32.2870        740     0.5129     2.5714     2.2046 0.0000e+00
     22.000    10.3980   3.580071    32.3004        769     0.5333     2.4879     2.2001 0.0000e+00
     23.000    10.3945   3.580202    32.3044        795     0.5514     2.4319     2.2000 0.0000e+00
     24.000    10.3896   3.580298    32.3093        818     0.5675     2.3924     2.1925 0.0000e+00
     25.000    10.3837   3.580442    32.3155        844     0.5855     2.3564     2.1898 0.0000e+00
     26.000    10.3822   3.580503    32.3171        875     0.6069     2.3228     2.1844 0.0000e+00
     27.000    10.3785   3.580658    32.3215        902     0.6258     2.2927     2.1809 0.0000e+00
     28.000    10.3759   3.580810    32.3249        928     0.6437     2.2640     2.1782 0.0000e+00
     29.000    10.3714   3.581108    32.3314        956     0.6630     2.2531     2.1743 0.0000e+00
     30.000    10.3711   3.581192    32.3320        983     0.6816     2.2898     2.1789 0.0000e+00
     31.000    10.3688   3.581348    32.3352       1008     0.6994     2.3207     2.1757 0.0000e+00
     32.000    10.3663   3.581513    32.3387       1035     0.7182     2.3248     2.1715 0.0000e+00
     33.000    10.3654   3.581596    32.3399       1062     0.7371     2.3227     2.1723 0.0000e+00
     34.000    10.3639   3.581858    32.3435       1090     0.7560     2.3217     2.1680 0.0000e+00
     35.000    10.3631   3.582134    32.3465       1116     0.7740     2.3210     2.1661 0.0000e+00
     36.000    10.3623   3.582373    32.3492       1142     0.7920     2.3196     2.1653 0.0000e+00
     37.000    10.3634   3.582959    32.3536       1169     0.8114     2.3172     2.1569 0.0000e+00
     38.000    10.3642   3.583347    32.3564       1197     0.8302     2.3154     2.1569 0.0000e+00
     39.000    10.3655   3.583605    32.3574       1222     0.8481     2.3125     2.1570 0.0000e+00
     40.000    10.3694   3.584203    32.3595       1249     0.8664     2.3096     2.1569 0.0000e+00
     41.000    10.3744   3.585036    32.3629       1276     0.8857     2.3075     2.1564 0.0000e+00
     42.000    10.3780   3.585678    32.3657       1302     0.9038     2.3066     2.1482 0.0000e+00
     43.000    10.3809   3.586199    32.3679       1328     0.9215     2.3028     2.1456 0.0000e+00
     44.000    10.3847   3.586868    32.3709       1355     0.9402     2.2952     2.1450 0.0000e+00
     45.000    10.3910   3.587922    32.3754       1382     0.9594     2.2897     2.1396 0.0000e+00
     46.000    10.4079   3.591371    32.3946       1408     0.9773     2.2877     2.1407 0.0000e+00
     47.000    10.4095   3.593711    32.4161       1435     0.9960     2.2874     2.1398 0.0000e+00
     48.000    10.4098   3.594986    32.4282       1463     1.0154     2.2817     2.1350 0.0000e+00
     49.000    10.4110   3.595649    32.4333       1489     1.0333     2.2705     2.1303 0.0000e+00
     50.000    10.4109   3.596790    32.4444       1513     1.0500     2.2592     2.1164 0.0000e+00
     51.000    10.4146   3.598457    32.4574       1541     1.0695     2.2512     2.1052 0.0000e+00
     52.000    10.4163   3.599037    32.4613       1571     1.0902     2.2410     2.0992 0.0000e+00
     53.000    10.4171   3.599707    32.4668       1596     1.1074     2.2306     2.0899 0.0000e+00
     54.000    10.4154   3.600879    32.4797       1621     1.1250     2.2220     2.0824 0.0000e+00
     55.000    10.4116   3.604451    32.5185       1648     1.1440     2.2167     2.0762 0.0000e+00
     56.000    10.4107   3.607439    32.5488       1675     1.1622     2.2074     2.0674 0.0000e+00
     57.000    10.4229   3.613643    32.5997       1701     1.1804     2.1906     2.0607 0.0000e+00
     58.000    10.4297   3.615370    32.6105       1729     1.2001     2.1703     2.0448 0.0000e+00
     59.000    10.4317   3.615980    32.6143       1757     1.2193     2.1467     2.0230 0.0000e+00
     60.000    10.4320   3.616244    32.6164       1782     1.2367     2.1290     2.0072 0.0000e+00
     61.000    10.4323   3.616684    32.6200       1808     1.2545     2.1158     1.9956 0.0000e+00
     62.000    10.4343   3.618003    32.6310       1835     1.2740     2.1067     1.9860 0.0000e+00
     63.000    10.4317   3.619022    32.6432       1864     1.2937     2.1000     1.9775 0.0000e+00
     64.000    10.4272   3.619235    32.6489       1892     1.3133     2.0959     1.9732 0.0000e+00
     65.000    10.4160   3.618222    32.6483       1920     1.3327     2.0940     1.9687 0.0000e+00
     66.000    10.4096   3.618212    32.6536       1947     1.3514     2.0874     1.9623 0.0000e+00
     67.000    10.4083   3.618414    32.6563       1974     1.3698     2.0820     1.9596 0.0000e+00
     68.000    10.4080   3.618630    32.6583       2000     1.3885     2.0803     1.9564 0.0000e+00
     69.000    10.4077   3.618628    32.6581       2029     1.4086     2.0776     1.9547 0.0000e+00
     70.000    10.4079   3.618687    32.6582       2057     1.4278     2.0745     1.9529 0.0000e+00
     71.000    10.4087   3.618842    32.6585       2084     1.4462     2.0719     1.9500 0.0000e+00
     72.000    10.4083   3.618907    32.6591       2111     1.4652     2.0713     1.9486 0.0000e+00
     73.000    10.4039   3.618640    32.6600       2137     1.4837     2.0712     1.9466 0.0000e+00
     74.000    10.3980   3.618505    32.6634       2165     1.5031     2.0713     1.9476 0.0000e+00
     75.000    10.3957   3.618626    32.6663       2195     1.5238     2.0714     1.9506 0.0000e+00
     76.000    10.3951   3.619527    32.6754       2224     1.5439     2.0702     1.9514 0.0000e+00
     77.000    10.3908   3.620242    32.6860       2249     1.5614     2.0677     1.9496 0.0000e+00
     78.000    10.3902   3.620392    32.6876       2275     1.5793     2.0638     1.9477 0.0000e+00
     79.000    10.3902   3.620478    32.6881       2306     1.6007     2.0590     1.9415 0.0000e+00
     80.000    10.3899   3.620563    32.6888       2334     1.6202     2.0560     1.9384 0.0000e+00
     81.000    10.3896   3.620626    32.6892       2358     1.6365     2.0533     1.9357 0.0000e+00
     82.000    10.3890   3.620715    32.6902       2385     1.6559     2.0533     1.9353 0.0000e+00
     83.000    10.3863   3.620999    32.6951       2420     1.6800     2.0534     1.9337 0.0000e+00
     84.000    10.3798   3.621599    32.7065       2446     1.6979     2.0518     1.9334 0.0000e+00
     85.000    10.3782   3.621776    32.7093       2468     1.7134     2.0498     1.9311 0.0000e+00
     86.000    10.3744   3.621998    32.7144       2497     1.7332     2.0475     1.9284 0.0000e+00
     87.000    10.3666   3.622341    32.7245       2532     1.7577     2.0424     1.9230 0.0000e+00
     88.000    10.3596   3.622483    32.7318       2556     1.7743     2.0397     1.9203 0.0000e+00
     89.000    10.3428   3.622962    32.7513       2577     1.7892     2.0381     1.9182 0.0000e+00
     90.000    10.3297   3.623189    32.7650       2605     1.8085     2.0350     1.9155 0.0000e+00
     91.000    10.3161   3.623260    32.7775       2641     1.8332     2.0281     1.9071 0.0000e+00
     92.000    10.2953   3.623272    32.7959       2668     1.8523     2.0224     1.8985 0.0000e+00
     93.000    10.2710   3.623284    32.8176       2691     1.8679     2.0163     1.8952 0.0000e+00
     94.000    10.2588   3.623278    32.8281       2716     1.8853     2.0092     1.8916 0.0000e+00
     95.000    10.2545   3.623324    32.8320       2747     1.9068     1.9987     1.8856 0.0000e+00
     96.000    10.2491   3.623399    32.8372       2777     1.9280     1.9901     1.8784 0.0000e+00
     97.000    10.2484   3.623429    32.8378       2805     1.9476     1.9839     1.8748 0.0000e+00
     98.000    10.2475   3.623491    32.8387       2832     1.9661     1.9796     1.8715 0.0000e+00
     99.000    10.2453   3.623481    32.8402       2860     1.9854     1.9786     1.8664 0.0000e+00
    100.000    10.2405   3.623458    32.8439       2887     2.0042     1.9763     1.8621 0.0000e+00
    101.000    10.2065   3.623182    32.8714       2912     2.0217     1.9750     1.8608 0.0000e+00
    102.000    10.1975   3.623017    32.8775       2941     2.0418     1.9734     1.8569 0.0000e+00
    103.000    10.1974   3.623024    32.8772       2972     2.0629     1.9705     1.8530 0.0000e+00
    104.000    10.1975   3.623046    32.8768       2999     2.0818     1.9665     1.8514 0.0000e+00
    105.000    10.1973   3.623086    32.8771       3025     2.1003     1.9620     1.8475 0.0000e+00
    106.000    10.1926   3.623054    32.8805       3054     2.1203     1.9590     1.8435 0.0000e+00
    107.000    10.1902   3.623070    32.8824       3083     2.1404     1.9574     1.8392 0.0000e+00
    108.000    10.1870   3.623065    32.8848       3112     2.1604     1.9575     1.8358 0.0000e+00
    109.000    10.1722   3.622951    32.8967       3141     2.1803     1.9568     1.8366 0.0000e+00
    110.000    10.1343   3.622403    32.9251       3317     2.3025     1.9457     1.8313 0.0000e+00
    109.000    10.1716   3.622749    32.8952       3802     2.6396     1.9463     1.8275 0.0000e+00
    108.000    10.1752   3.622767    32.8926       4070     2.8256     1.9508     1.8326 0.0000e+00
    107.000    10.1780   3.622737    32.8901       4093     2.8416     1.9513     1.8316 0.0000e+00
    106.000    10.1793   3.622694    32.8890       4116     2.8579     1.9505     1.8326 0.0000e+00
    105.000    10.1801   3.622659    32.8883       4143     2.8763     1.9511     1.8333 0.0000e+00
    104.000    10.1832   3.622624    32.8856       4170     2.8952     1.9513     1.8332 0.0000e+00
    103.000    10.1857   3.622590    32.8834       4195     2.9123     1.9517     1.8352 0.0000e+00
    102.000    10.1892   3.622569    32.8805       4217     2.9276     1.9525     1.8365 0.0000e+00
    101.000    10.1903   3.622546    32.8797       4239     2.9429     1.9531     1.8377 0.0000e+00
    100.000    10.1929   3.622339    32.8757       4264     2.9602     1.9526     1.8387 0.0000e+00
     99.000    10.1968   3.622552    32.8748       4292     2.9801     1.9533     1.8403 0.0000e+00
     98.000    10.2227   3.622726    32.8535       4317     2.9972     1.9533     1.8411 0.0000e+00
     97.000    10.2434   3.622890    32.8369       4338     3.0116     1.9554     1.8411 0.0000e+00
     96.000    10.2513   3.622942    32.8307       4360     3.0274     1.9590     1.8427 0.0000e+00
     95.000    10.2523   3.622943    32.8301       4388     3.0463     1.9631     1.8472 0.0000e+00
     94.000    10.2538   3.622932    32.8292       4414     3.0645     1.9684     1.8495 0.0000e+00
     93.000    10.2544   3.622862    32.8283       4439     3.0819     1.9740     1.8512 0.0000e+00
     92.000    10.2616   3.622781    32.8215       4464     3.0995     1.9756     1.8550 0.0000e+00
     91.000    10.2710   3.622756    32.8131       4489     3.1164     1.9771     1.8535 0.0000e+00
     90.000    10.2802   3.622703    32.8048       4511     3.1322     1.9790     1.8538 0.0000e+00
     89.000    10.2944   3.622609    32.7914       4535     3.1488     1.9818     1.8606 0.0000e+00
     88.000    10.3068   3.622678    32.7814       4561     3.1665     1.9850     1.8658 0.0000e+00
     87.000    10.3120   3.622676    32.7771       4586     3.1842     1.9883     1.8705 0.0000e+00
     86.000    10.3306   3.622527    32.7593       4611     3.2014     1.9934     1.8755 0.0000e+00
     85.000    10.3540   3.622124    32.7345       4636     3.2185     1.9981     1.8791 0.0000e+00
     84.000    10.3739   3.621543    32.7112       4660     3.2355     2.0044     1.8837 0.0000e+00
     83.000    10.3814   3.621210    32.7016       4685     3.2527     2.0118     1.8904 0.0000e+00
     82.000    10.3832   3.621100    32.6993       4711     3.2707     2.0204     1.8986 0.0000e+00
     81.000    10.3846   3.620987    32.6973       4738     3.2894     2.0270     1.9069 0.0000e+00
     80.000    10.3857   3.620861    32.6955       4763     3.3066     2.0327     1.9115 0.0000e+00
     79.000    10.3865   3.620743    32.6940       4786     3.3230     2.0379     1.9161 0.0000e+00
     78.000    10.3879   3.620601    32.6918       4812     3.3411     2.0426     1.9196 0.0000e+00
     77.000    10.3880   3.620567    32.6918       4839     3.3598     2.0443     1.9213 0.0000e+00
     76.000    10.3898   3.620487    32.6898       4862     3.3757     2.0439     1.9237 0.0000e+00
     75.000    10.3930   3.620241    32.6849       4884     3.3910     2.0439     1.9265 0.0000e+00
     74.000    10.3965   3.619569    32.6755       4910     3.4089     2.0450     1.9282 0.0000e+00
     73.000    10.3965   3.618966    32.6698       4941     3.4303     2.0475     1.9293 0.0000e+00
     72.000    10.3970   3.618147    32.6616       4968     3.4491     2.0506     1.9275 0.0000e+00
     71.000    10.3971   3.617357    32.6540       4990     3.4649     2.0541     1.9294 0.0000e+00
     70.000    10.4036   3.617598    32.6511       5014     3.4815     2.0578     1.9306 0.0000e+00
     69.000    10.4053   3.617762    32.6516       5042     3.5007     2.0628     1.9357 0.0000e+00
     68.000    10.4075   3.617821    32.6506       5071     3.5211     2.0676     1.9410 0.0000e+00
     67.000    10.4117   3.618112    32.6502       5098     3.5397     2.0694     1.9425 0.0000e+00
     66.000    10.4136   3.618207    32.6499       5123     3.5569     2.0697     1.9438 0.0000e+00
     65.000    10.4168   3.618333    32.6487       5146     3.5726     2.0706     1.9454 0.0000e+00
     64.000    10.4219   3.618561    32.6469       5170     3.5898     2.0713     1.9474 0.0000e+00
     63.000    10.4325   3.618969    32.6419       5198     3.6093     2.0722     1.9488 0.0000e+00
     62.000    10.4329   3.617753    32.6298       5226     3.6283     2.0728     1.9472 0.0000e+00
     61.000    10.4322   3.617005    32.6233       5254     3.6476     2.0735     1.9461 0.0000e+00
     60.000    10.4314   3.616416    32.6186       5282     3.6677     2.0772     1.9495 0.0000e+00
     59.000    10.4303   3.616050    32.6164       5310     3.6866     2.0813     1.9525 0.0000e+00
     58.000    10.4277   3.615508    32.6137       5335     3.7042     2.0845     1.9579 0.0000e+00
