HB2304/ctd188.cnv
* Sea-Bird SBE 9 Data File:
* FileName = C:\cruise\data\ctd188.hex
* Software Version Seasave V 7.26.7.121
* Temperature SN = 4591
* Conductivity SN = 3741
* Number of Bytes Per Scan = 37
* Number of Voltage Words = 4
* Number of Scans Averaged by the Deck Unit = 1
* NMEA Latitude = 42 28.06 N
* NMEA Longitude = 069 56.33 W
* NMEA UTC (Time) = Nov 12 2023 17:16:58
* NMEA baud rate = 4800
** Ship: Bigelow HB2304
** Program:  Fall Bottom Trawl Survey
** Chief Scientist: John Galbraith
# nquan = 9
# nvalues = 320                         
# units = specified
# name 0 = depSM: Depth [salt water, m]
# name 1 = t090C: Temperature [ITS-90, deg C]
# name 2 = c0S/m: Conductivity [S/m]
# name 3 = sal00: Salinity, Practical [PSU]
# name 4 = scan: Scan Count
# name 5 = timeM: Time, Elapsed [minutes]
# name 6 = sbeox0V: Oxygen raw, SBE 43 [V]
# name 7 = sbeox1V: Oxygen raw, SBE 43, 2 [V]
# name 8 = flag: flag
# span 0 =      3.000,    163.000       
# span 1 =     7.8873,    10.9705       
# span 2 =   3.443546,   3.633245       
# span 3 =    32.0350,    33.7691       
# span 4 =        171,       9920       
# span 5 =     0.1182,     6.8882       
# span 6 =     1.5911,     3.9859       
# span 7 =     1.4956,     2.2777       
# span 8 = 0.0000e+00, 0.0000e+00       
# interval = meters: 1                  
# start_time = Nov 12 2023 17:16:58 [NMEA time, header]
# bad_flag = -9.990e-29
*END*
      4.000    10.9647   3.602805    32.0354        171     0.1182     2.7836     2.2495 0.0000e+00
      5.000    10.9633   3.602838    32.0365        287     0.1984     2.7810     2.2511 0.0000e+00
      6.000    10.9653   3.603008    32.0360        320     0.2216     2.8415     2.2498 0.0000e+00
      7.000    10.9663   3.603159    32.0361        349     0.2416     2.9472     2.2525 0.0000e+00
      8.000    10.9655   3.603165    32.0365        372     0.2577     3.0510     2.2577 0.0000e+00
      9.000    10.9643   3.603121    32.0367        395     0.2737     3.1681     2.2600 0.0000e+00
     10.000    10.9642   3.603157    32.0367        423     0.2929     3.3292     2.2627 0.0000e+00
     11.000    10.9644   3.603226    32.0368        453     0.3137     3.5118     2.2670 0.0000e+00
     12.000    10.9647   3.603308    32.0370        477     0.3307     3.6567     2.2650 0.0000e+00
     13.000    10.9645   3.603349    32.0371        500     0.3464     3.7985     2.2615 0.0000e+00
     14.000    10.9657   3.603461    32.0367        526     0.3647     3.9859     2.2605 0.0000e+00
     15.000    10.9659   3.603561    32.0371        558     0.3868     3.7003     2.2586 0.0000e+00
     16.000    10.9653   3.603558    32.0371        585     0.4054     3.3157     2.2608 0.0000e+00
     17.000    10.9656   3.603650    32.0374        607     0.4211     3.0720     2.2638 0.0000e+00
     18.000    10.9658   3.603714    32.0374        631     0.4373     2.8797     2.2647 0.0000e+00
     19.000    10.9657   3.603760    32.0375        658     0.4561     2.7150     2.2627 0.0000e+00
     20.000    10.9662   3.603834    32.0374        685     0.4753     2.5962     2.2631 0.0000e+00
     21.000    10.9671   3.603963    32.0375        711     0.4928     2.5154     2.2627 0.0000e+00
     22.000    10.9678   3.604055    32.0374        739     0.5123     2.4462     2.2654 0.0000e+00
     23.000    10.9682   3.604139    32.0374        769     0.5333     2.3905     2.2674 0.0000e+00
     24.000    10.9683   3.604195    32.0375        792     0.5496     2.3566     2.2650 0.0000e+00
     25.000    10.9682   3.604246    32.0377        812     0.5630     2.3345     2.2648 0.0000e+00
     26.000    10.9680   3.604336    32.0383        836     0.5796     2.3142     2.2641 0.0000e+00
     27.000    10.9681   3.604426    32.0387        872     0.6050     2.3027     2.2653 0.0000e+00
     28.000    10.9683   3.604495    32.0387        903     0.6261     2.3048     2.2634 0.0000e+00
     29.000    10.9680   3.604569    32.0393        923     0.6406     2.3048     2.2599 0.0000e+00
     30.000    10.9621   3.604370    32.0420        945     0.6553     2.3145     2.2576 0.0000e+00
     31.000    10.9084   3.601125    32.0565        971     0.6735     2.3392     2.2577 0.0000e+00
     32.000    10.8356   3.595262    32.0617       1002     0.6950     2.3706     2.2588 0.0000e+00
     33.000    10.8344   3.595015    32.0598       1027     0.7128     2.3849     2.2563 0.0000e+00
     34.000    10.8386   3.595462    32.0602       1050     0.7288     2.3892     2.2528 0.0000e+00
     35.000    10.8404   3.595764    32.0612       1076     0.7463     2.3926     2.2498 0.0000e+00
     36.000    10.8398   3.595779    32.0614       1106     0.7670     2.3905     2.2461 0.0000e+00
     37.000    10.8402   3.595903    32.0619       1133     0.7863     2.3928     2.2458 0.0000e+00
     38.000    10.8407   3.596050    32.0625       1157     0.8026     2.3931     2.2438 0.0000e+00
     39.000    10.8462   3.596744    32.0641       1182     0.8199     2.3941     2.2437 0.0000e+00
     40.000    10.8638   3.599274    32.0734       1211     0.8406     2.3934     2.2394 0.0000e+00
     41.000    10.8671   3.599946    32.0767       1240     0.8606     2.3870     2.2378 0.0000e+00
     42.000    10.8741   3.601441    32.0849       1263     0.8765     2.3821     2.2352 0.0000e+00
     43.000    10.8813   3.602966    32.0934       1286     0.8925     2.3809     2.2334 0.0000e+00
     44.000    10.9089   3.609074    32.1292       1315     0.9122     2.3790     2.2309 0.0000e+00
     45.000    10.9300   3.615311    32.1720       1344     0.9327     2.3745     2.2268 0.0000e+00
     46.000    10.9510   3.627136    32.2701       1368     0.9493     2.3588     2.2176 0.0000e+00
     47.000    10.9312   3.632066    32.3359       1390     0.9647     2.3389     2.2013 0.0000e+00
     48.000    10.9137   3.633245    32.3626       1416     0.9825     2.3062     2.1707 0.0000e+00
     49.000    10.8377   3.633025    32.4272       1448     1.0046     2.2500     2.1204 0.0000e+00
     50.000    10.6854   3.627352    32.5055       1477     1.0248     2.2029     2.0825 0.0000e+00
     51.000    10.6352   3.622843    32.5048       1500     1.0410     2.1707     2.0549 0.0000e+00
     52.000    10.6051   3.619752    32.5003       1524     1.0577     2.1366     2.0225 0.0000e+00
     53.000    10.5842   3.617750    32.4985       1551     1.0766     2.1055     1.9886 0.0000e+00
     54.000    10.5524   3.615670    32.5056       1578     1.0953     2.0850     1.9636 0.0000e+00
     55.000    10.5218   3.615987    32.5357       1604     1.1130     2.0702     1.9500 0.0000e+00
     56.000    10.4382   3.610366    32.5536       1631     1.1319     2.0536     1.9389 0.0000e+00
     57.000    10.3897   3.609781    32.5907       1658     1.1508     2.0417     1.9252 0.0000e+00
     58.000    10.4216   3.615967    32.6237       1683     1.1679     2.0349     1.9142 0.0000e+00
     59.000    10.4319   3.618085    32.6353       1706     1.1841     2.0277     1.9068 0.0000e+00
     60.000    10.4310   3.618669    32.6415       1732     1.2023     2.0234     1.9013 0.0000e+00
     61.000    10.4305   3.618706    32.6420       1763     1.2236     2.0235     1.8998 0.0000e+00
     62.000    10.4145   3.618307    32.6518       1792     1.2436     2.0226     1.9003 0.0000e+00
     63.000    10.4026   3.618001    32.6590       1815     1.2598     2.0220     1.8997 0.0000e+00
     64.000    10.3535   3.616786    32.6905       1839     1.2763     2.0212     1.8999 0.0000e+00
     65.000    10.3364   3.615960    32.6971       1867     1.2960     2.0181     1.8982 0.0000e+00
     66.000    10.3256   3.615162    32.6984       1897     1.3167     2.0117     1.8934 0.0000e+00
     67.000    10.3119   3.614337    32.7020       1921     1.3337     2.0074     1.8872 0.0000e+00
     68.000    10.2910   3.613237    32.7093       1946     1.3504     2.0012     1.8838 0.0000e+00
     69.000    10.1661   3.605466    32.7431       1974     1.3700     1.9972     1.8818 0.0000e+00
     70.000    10.0991   3.600046    32.7486       2003     1.3906     1.9911     1.8770 0.0000e+00
     71.000     9.9138   3.585654    32.7701       2028     1.4075     1.9852     1.8724 0.0000e+00
     72.000     9.7790   3.573157    32.7650       2051     1.4235     1.9772     1.8656 0.0000e+00
     73.000     9.6722   3.563639    32.7647       2080     1.4438     1.9615     1.8492 0.0000e+00
     74.000     9.3896   3.540433    32.7843       2112     1.4662     1.9430     1.8328 0.0000e+00
     75.000     9.2735   3.530353    32.7864       2137     1.4830     1.9276     1.8189 0.0000e+00
     76.000     9.1943   3.523512    32.7880       2158     1.4976     1.9141     1.8082 0.0000e+00
     77.000     9.1317   3.518638    32.7947       2182     1.5145     1.9000     1.7944 0.0000e+00
     78.000     9.0731   3.514021    32.8003       2215     1.5375     1.8844     1.7787 0.0000e+00
     79.000     9.0551   3.512302    32.7986       2246     1.5590     1.8707     1.7661 0.0000e+00
     80.000     9.0469   3.511943    32.8020       2269     1.5751     1.8637     1.7577 0.0000e+00
     81.000     9.0040   3.508147    32.8016       2291     1.5903     1.8598     1.7515 0.0000e+00
     82.000     8.9756   3.506999    32.8154       2317     1.6086     1.8564     1.7476 0.0000e+00
     83.000     8.9252   3.504665    32.8373       2349     1.6304     1.8504     1.7415 0.0000e+00
     84.000     8.8697   3.501022    32.8502       2375     1.6483     1.8457     1.7366 0.0000e+00
     85.000     8.8146   3.496683    32.8554       2397     1.6640     1.8403     1.7323 0.0000e+00
     86.000     8.7847   3.494235    32.8571       2423     1.6816     1.8354     1.7280 0.0000e+00
     87.000     8.7557   3.492268    32.8630       2454     1.7034     1.8286     1.7205 0.0000e+00
     88.000     8.6925   3.488122    32.8778       2483     1.7238     1.8238     1.7150 0.0000e+00
     89.000     8.6575   3.485474    32.8822       2506     1.7395     1.8195     1.7118 0.0000e+00
     90.000     8.6536   3.485069    32.8811       2527     1.7543     1.8166     1.7080 0.0000e+00
     91.000     8.6509   3.484798    32.8803       2554     1.7732     1.8131     1.7036 0.0000e+00
     92.000     8.5634   3.478813    32.8984       2589     1.7975     1.8079     1.6993 0.0000e+00
     93.000     8.4179   3.467479    32.9143       2617     1.8163     1.8038     1.6966 0.0000e+00
     94.000     8.3248   3.459765    32.9195       2639     1.8322     1.7985     1.6930 0.0000e+00
     95.000     8.2902   3.457028    32.9224       2664     1.8494     1.7930     1.6854 0.0000e+00
     96.000     8.2298   3.452827    32.9340       2691     1.8682     1.7846     1.6779 0.0000e+00
     97.000     8.1356   3.447686    32.9675       2719     1.8872     1.7771     1.6707 0.0000e+00
     98.000     8.1129   3.446830    32.9792       2746     1.9062     1.7689     1.6641 0.0000e+00
     99.000     8.0979   3.446578    32.9902       2773     1.9247     1.7601     1.6588 0.0000e+00
    100.000     8.0852   3.446353    32.9993       2798     1.9421     1.7542     1.6503 0.0000e+00
    101.000     8.0721   3.445853    33.0058       2822     1.9593     1.7496     1.6454 0.0000e+00
    102.000     8.0335   3.445047    33.0331       2850     1.9787     1.7442     1.6432 0.0000e+00
    103.000     7.9840   3.444828    33.0771       2881     2.0000     1.7392     1.6377 0.0000e+00
    104.000     7.9782   3.445096    33.0849       2909     2.0194     1.7335     1.6331 0.0000e+00
    105.000     7.9770   3.445140    33.0862       2934     2.0365     1.7274     1.6260 0.0000e+00
    106.000     7.9767   3.445152    33.0861       2957     2.0526     1.7237     1.6212 0.0000e+00
    107.000     7.9767   3.445165    33.0857       2983     2.0705     1.7215     1.6194 0.0000e+00
    108.000     7.9764   3.445216    33.0861       3014     2.0925     1.7196     1.6155 0.0000e+00
    109.000     7.9768   3.445299    33.0861       3043     2.1127     1.7191     1.6134 0.0000e+00
    110.000     7.9769   3.445373    33.0864       3066     2.1283     1.7188     1.6154 0.0000e+00
    111.000     7.9766   3.445589    33.0884       3089     2.1445     1.7185     1.6127 0.0000e+00
    112.000     7.9664   3.445841    33.1003       3118     2.1647     1.7173     1.6137 0.0000e+00
    113.000     7.9561   3.445704    33.1081       3149     2.1863     1.7166     1.6133 0.0000e+00
    114.000     7.9356   3.445212    33.1218       3174     2.2032     1.7161     1.6132 0.0000e+00
    115.000     7.9335   3.445224    33.1234       3196     2.2187     1.7148     1.6152 0.0000e+00
    116.000     7.9317   3.445338    33.1259       3223     2.2373     1.7132     1.6166 0.0000e+00
    117.000     7.9273   3.445627    33.1327       3256     2.2605     1.7115     1.6152 0.0000e+00
    118.000     7.9235   3.445921    33.1390       3285     2.2805     1.7111     1.6156 0.0000e+00
    119.000     7.9193   3.446270    33.1462       3307     2.2962     1.7103     1.6103 0.0000e+00
    120.000     7.9142   3.446749    33.1557       3330     2.3115     1.7099     1.6101 0.0000e+00
    121.000     7.9054   3.448860    33.1861       3358     2.3316     1.7090     1.6060 0.0000e+00
    122.000     7.9044   3.450578    33.2049       3393     2.3558     1.7076     1.6073 0.0000e+00
    123.000     7.9056   3.451502    33.2132       3418     2.3727     1.7067     1.6078 0.0000e+00
    124.000     7.9075   3.452078    33.2172       3437     2.3864     1.7052     1.6062 0.0000e+00
    125.000     7.9107   3.453106    33.2245       3460     2.4024     1.7041     1.6052 0.0000e+00
    126.000     7.9012   3.455520    33.2589       3499     2.4288     1.7019     1.6021 0.0000e+00
    127.000     7.8873   3.456162    33.2785       3532     2.4524     1.7011     1.6019 0.0000e+00
    128.000     7.8938   3.459734    33.3101       3551     2.4655     1.6995     1.5998 0.0000e+00
    129.000     7.8951   3.461290    33.3250       3571     2.4790     1.6979     1.5981 0.0000e+00
    130.000     7.8963   3.461901    33.3300       3599     2.4986     1.6961     1.5949 0.0000e+00
    131.000     7.8973   3.462415    33.3340       3638     2.5254     1.6903     1.5920 0.0000e+00
    132.000     7.8979   3.463187    33.3412       3663     2.5434     1.6869     1.5875 0.0000e+00
    133.000     7.8977   3.464369    33.3536       3684     2.5578     1.6840     1.5839 0.0000e+00
    134.000     7.8966   3.464658    33.3573       3708     2.5742     1.6814     1.5849 0.0000e+00
    135.000     7.9023   3.465772    33.3633       3741     2.5971     1.6800     1.5830 0.0000e+00
    136.000     7.9038   3.466342    33.3675       3774     2.6199     1.6795     1.5804 0.0000e+00
    137.000     7.9039   3.467046    33.3744       3798     2.6367     1.6776     1.5796 0.0000e+00
    138.000     7.9080   3.468657    33.3873       3820     2.6521     1.6773     1.5780 0.0000e+00
    139.000     7.9048   3.470016    33.4044       3847     2.6707     1.6773     1.5774 0.0000e+00
    140.000     7.9087   3.473440    33.4368       3878     2.6925     1.6753     1.5756 0.0000e+00
    141.000     7.9141   3.477606    33.4757       3906     2.7115     1.6738     1.5739 0.0000e+00
    142.000     7.9211   3.480430    33.4988       3930     2.7282     1.6716     1.5715 0.0000e+00
    143.000     7.9318   3.484648    33.5331       3957     2.7469     1.6675     1.5696 0.0000e+00
    144.000     7.9604   3.491537    33.5789       3988     2.7691     1.6622     1.5660 0.0000e+00
    145.000     7.9821   3.496632    33.6120       4019     2.7903     1.6567     1.5612 0.0000e+00
    146.000     7.9885   3.498432    33.6247       4045     2.8083     1.6503     1.5556 0.0000e+00
    147.000     7.9939   3.499851    33.6341       4067     2.8234     1.6446     1.5517 0.0000e+00
    148.000     8.0006   3.501616    33.6462       4089     2.8386     1.6408     1.5474 0.0000e+00
    149.000     8.0016   3.501949    33.6482       4120     2.8605     1.6365     1.5440 0.0000e+00
    150.000     8.0059   3.503287    33.6579       4157     2.8860     1.6312     1.5399 0.0000e+00
    151.000     8.0180   3.507408    33.6899       4181     2.9025     1.6287     1.5369 0.0000e+00
    152.000     8.0229   3.509152    33.7032       4201     2.9169     1.6276     1.5349 0.0000e+00
    153.000     8.0261   3.510173    33.7106       4226     2.9340     1.6245     1.5324 0.0000e+00
    154.000     8.0287   3.510950    33.7159       4262     2.9590     1.6197     1.5280 0.0000e+00
    155.000     8.0311   3.511655    33.7207       4296     2.9824     1.6172     1.5226 0.0000e+00
    156.000     8.0320   3.511962    33.7226       4318     2.9981     1.6146     1.5204 0.0000e+00
    157.000     8.0355   3.513076    33.7306       4339     3.0128     1.6118     1.5191 0.0000e+00
    158.000     8.0374   3.513649    33.7344       4364     3.0301     1.6094     1.5177 0.0000e+00
    159.000     8.0377   3.513987    33.7373       4398     3.0537     1.6065     1.5161 0.0000e+00
    160.000     8.0381   3.514333    33.7401       4427     3.0734     1.6033     1.5133 0.0000e+00
    161.000     8.0403   3.515009    33.7448       4448     3.0880     1.6030     1.5102 0.0000e+00
    162.000     8.0448   3.516305    33.7538       4472     3.1045     1.6028     1.5072 0.0000e+00
    163.000     8.0521   3.518449    33.7691       4504     3.1269     1.6016     1.5063 0.0000e+00
