HB2304/ctd133.cnv
* Sea-Bird SBE 9 Data File:
* FileName = C:\cruise\data\ctd133.hex
* Software Version Seasave V 7.26.7.121
* Temperature SN = 4591
* Conductivity SN = 3741
* Number of Bytes Per Scan = 37
* Number of Voltage Words = 4
* Number of Scans Averaged by the Deck Unit = 1
* NMEA Latitude = 41 07.25 N
* NMEA Longitude = 066 27.58 W
* NMEA UTC (Time) = Oct 19 2023  21:35:30
** Ship: Bigelow HB2304
** Program:  Fall Bottom Trawl Survey
** Chief Scientist: John Galbraith
# nquan = 7
# nvalues = 191                         
# units = specified
# name 0 = depSM: Depth [salt water, m]
# name 1 = t090C: Temperature [ITS-90, deg C]
# name 2 = c0S/m: Conductivity [S/m]
# name 3 = sal00: Salinity, Practical [PSU]
# name 4 = scan: Scan Count
# name 5 = timeM: Time, Elapsed [minutes]
# name 6 = flag: flag
# span 0 =      3.000,     98.000       
# span 1 =     8.6337,    15.5904       
# span 2 =   3.493588,   3.968570       
# span 3 =    31.5599,    33.0090       
# span 4 =       -274,       7438       
# span 5 =    -0.1914,     5.1647       
# span 6 = 0.0000e+00, 0.0000e+00       
# interval = meters: 1                  
# start_time = Oct 19 2023 21:35:30 [NMEA time, header]
# bad_flag = -9.990e-29
*END*
      3.000    15.5774   3.967141    31.5882       -274    -0.1914 0.0000e+00
      4.000    15.5726   3.967768    31.5971        298     0.2060 0.0000e+00
      5.000    15.5843   3.968570    31.5945        329     0.2276 0.0000e+00
      6.000    15.5702   3.967827    31.5988        352     0.2436 0.0000e+00
      7.000    15.4921   3.962322    31.6122        380     0.2633 0.0000e+00
      8.000    15.4684   3.960316    31.6130        428     0.2966 0.0000e+00
      9.000    15.4724   3.961018    31.6157        499     0.3461 0.0000e+00
     10.000    15.4746   3.961421    31.6171        589     0.4085 0.0000e+00
     11.000    15.4801   3.962228    31.6195        670     0.4647 0.0000e+00
     12.000    15.4436   3.959522    31.6244        704     0.4883 0.0000e+00
     13.000    15.4087   3.956231    31.6228        737     0.5109 0.0000e+00
     14.000    15.2858   3.946892    31.6381        763     0.5295 0.0000e+00
     15.000    14.8743   3.919335    31.7236        788     0.5464 0.0000e+00
     16.000    14.5716   3.895362    31.7532        813     0.5642 0.0000e+00
     17.000    14.3519   3.878253    31.7771        842     0.5842 0.0000e+00
     18.000    14.2690   3.871811    31.7860        869     0.6031 0.0000e+00
     19.000    14.0897   3.858835    31.8145        893     0.6194 0.0000e+00
     20.000    14.0042   3.851676    31.8189        915     0.6349 0.0000e+00
     21.000    13.9081   3.844987    31.8365        940     0.6519 0.0000e+00
     22.000    13.5228   3.817677    31.9036        966     0.6703 0.0000e+00
     23.000    13.1842   3.790141    31.9297        992     0.6884 0.0000e+00
     24.000    12.9525   3.770236    31.9372       1021     0.7081 0.0000e+00
     25.000    12.8469   3.760377    31.9329       1056     0.7323 0.0000e+00
     26.000    12.7804   3.754524    31.9334       1087     0.7543 0.0000e+00
     27.000    12.6292   3.743603    31.9575       1110     0.7699 0.0000e+00
     28.000    12.0698   3.703468    32.0505       1129     0.7832 0.0000e+00
     29.000    11.3247   3.651945    32.1944       1148     0.7967 0.0000e+00
     30.000    10.4022   3.584581    32.3384       1171     0.8126 0.0000e+00
     31.000    10.0215   3.555787    32.3877       1206     0.8366 0.0000e+00
     32.000     9.8638   3.544674    32.4161       1242     0.8621 0.0000e+00
     33.000     9.7243   3.536843    32.4616       1265     0.8778 0.0000e+00
     34.000     9.5598   3.526736    32.5066       1284     0.8912 0.0000e+00
     35.000     9.3999   3.518283    32.5645       1306     0.9062 0.0000e+00
     36.000     9.1781   3.507328    32.6535       1336     0.9271 0.0000e+00
     37.000     9.0227   3.502464    32.7454       1372     0.9518 0.0000e+00
     38.000     8.8941   3.499988    32.8378       1399     0.9707 0.0000e+00
     39.000     8.8882   3.501713    32.8608       1421     0.9863 0.0000e+00
     40.000     8.8878   3.501857    32.8622       1443     1.0015 0.0000e+00
     41.000     8.8868   3.501605    32.8600       1468     1.0186 0.0000e+00
     42.000     8.8870   3.501271    32.8559       1496     1.0380 0.0000e+00
     43.000     8.8861   3.501167    32.8552       1523     1.0570 0.0000e+00
     44.000     8.8841   3.501126    32.8562       1548     1.0744 0.0000e+00
     45.000     8.8769   3.500567    32.8566       1573     1.0915 0.0000e+00
     46.000     8.8568   3.499408    32.8627       1599     1.1099 0.0000e+00
     47.000     8.8415   3.499300    32.8752       1627     1.1289 0.0000e+00
     48.000     8.8214   3.499828    32.8990       1653     1.1471 0.0000e+00
     49.000     8.7753   3.499771    32.9407       1678     1.1645 0.0000e+00
     50.000     8.7654   3.499505    32.9466       1703     1.1817 0.0000e+00
     51.000     8.7604   3.499240    32.9481       1729     1.1997 0.0000e+00
     52.000     8.7570   3.499022    32.9485       1758     1.2205 0.0000e+00
     53.000     8.7522   3.498766    32.9498       1791     1.2432 0.0000e+00
     54.000     8.7510   3.498626    32.9490       1817     1.2614 0.0000e+00
     55.000     8.7502   3.498554    32.9486       1838     1.2756 0.0000e+00
     56.000     8.7479   3.498456    32.9492       1857     1.2892 0.0000e+00
     57.000     8.7444   3.498342    32.9508       1880     1.3047 0.0000e+00
     58.000     8.7411   3.498214    32.9520       1908     1.3241 0.0000e+00
     59.000     8.7393   3.498143    32.9525       1940     1.3469 0.0000e+00
     60.000     8.7373   3.498070    32.9532       1970     1.3671 0.0000e+00
     61.000     8.7346   3.497940    32.9539       1994     1.3843 0.0000e+00
     62.000     8.7327   3.497904    32.9548       2019     1.4016 0.0000e+00
     63.000     8.7296   3.497942    32.9576       2047     1.4209 0.0000e+00
     64.000     8.7296   3.497982    32.9576       2077     1.4414 0.0000e+00
     65.000     8.7292   3.498054    32.9583       2104     1.4604 0.0000e+00
     66.000     8.7289   3.498100    32.9586       2128     1.4769 0.0000e+00
     67.000     8.7276   3.498124    32.9596       2150     1.4925 0.0000e+00
     68.000     8.7256   3.498236    32.9622       2175     1.5096 0.0000e+00
     69.000     8.7219   3.498258    32.9653       2205     1.5303 0.0000e+00
     70.000     8.7144   3.498119    32.9704       2237     1.5526 0.0000e+00
     71.000     8.7043   3.497855    32.9766       2263     1.5708 0.0000e+00
     72.000     8.6927   3.497388    32.9821       2284     1.5857 0.0000e+00
     73.000     8.6686   3.496165    32.9912       2306     1.6007 0.0000e+00
     74.000     8.6538   3.495211    32.9945       2335     1.6211 0.0000e+00
     75.000     8.6484   3.494902    32.9959       2375     1.6488 0.0000e+00
     76.000     8.6454   3.494693    32.9960       2406     1.6702 0.0000e+00
     77.000     8.6437   3.494641    32.9967       2429     1.6861 0.0000e+00
     78.000     8.6422   3.494601    32.9972       2450     1.7004 0.0000e+00
     79.000     8.6404   3.494542    32.9978       2471     1.7150 0.0000e+00
     80.000     8.6399   3.494532    32.9976       2495     1.7318 0.0000e+00
     81.000     8.6409   3.494588    32.9969       2524     1.7517 0.0000e+00
     82.000     8.6382   3.494519    32.9982       2553     1.7724 0.0000e+00
     83.000     8.6362   3.494451    32.9989       2582     1.7924 0.0000e+00
     84.000     8.6363   3.494532    32.9992       2612     1.8131 0.0000e+00
     85.000     8.6357   3.494502    32.9990       2642     1.8340 0.0000e+00
     86.000     8.6354   3.494456    32.9983       2670     1.8536 0.0000e+00
     87.000     8.6354   3.494503    32.9984       2696     1.8713 0.0000e+00
     88.000     8.6353   3.494505    32.9980       2719     1.8876 0.0000e+00
     89.000     8.6355   3.494612    32.9985       2742     1.9036 0.0000e+00
     90.000     8.6350   3.494656    32.9989       2767     1.9211 0.0000e+00
     91.000     8.6349   3.494691    32.9989       2795     1.9403 0.0000e+00
     92.000     8.6349   3.494663    32.9982       2824     1.9603 0.0000e+00
     93.000     8.6348   3.494690    32.9981       2852     1.9798 0.0000e+00
     94.000     8.6344   3.494688    32.9980       2880     1.9994 0.0000e+00
     95.000     8.6360   3.495179    33.0012       2911     2.0207 0.0000e+00
     96.000     8.6372   3.495597    33.0039       2940     2.0407 0.0000e+00
     97.000     8.6393   3.496047    33.0063       3221     2.2364 0.0000e+00
     98.000     8.6419   3.496584    33.0090       4238     2.9422 0.0000e+00
     97.000     8.6401   3.495729    33.0022       4055     2.8154 0.0000e+00
     96.000     8.6403   3.495574    33.0008       4143     2.8764 0.0000e+00
     95.000     8.6402   3.495510    33.0007       4167     2.8929 0.0000e+00
     94.000     8.6385   3.495098    32.9984       4197     2.9141 0.0000e+00
     93.000     8.6372   3.494754    32.9965       4230     2.9371 0.0000e+00
     92.000     8.6366   3.494622    32.9961       4260     2.9578 0.0000e+00
     91.000     8.6360   3.494493    32.9958       4285     2.9752 0.0000e+00
     90.000     8.6363   3.494488    32.9960       4307     2.9906 0.0000e+00
     89.000     8.6362   3.494463    32.9962       4329     3.0053 0.0000e+00
     88.000     8.6361   3.494392    32.9961       4350     3.0201 0.0000e+00
     87.000     8.6359   3.494359    32.9964       4372     3.0355 0.0000e+00
     86.000     8.6357   3.494294    32.9963       4400     3.0546 0.0000e+00
     85.000     8.6350   3.494203    32.9965       4439     3.0819 0.0000e+00
     84.000     8.6349   3.494123    32.9962       4472     3.1050 0.0000e+00
     83.000     8.6350   3.494103    32.9963       4495     3.1208 0.0000e+00
     82.000     8.6351   3.494048    32.9961       4516     3.1353 0.0000e+00
     81.000     8.6355   3.493990    32.9957       4538     3.1510 0.0000e+00
     80.000     8.6367   3.493888    32.9938       4563     3.1681 0.0000e+00
     79.000     8.6350   3.493745    32.9945       4589     3.1862 0.0000e+00
     78.000     8.6337   3.493588    32.9944       4615     3.2041 0.0000e+00
     77.000     8.6345   3.493589    32.9942       4641     3.2220 0.0000e+00
     76.000     8.6414   3.493816    32.9906       4668     3.2409 0.0000e+00
     75.000     8.6491   3.494179    32.9877       4700     3.2630 0.0000e+00
     74.000     8.6578   3.494584    32.9842       4732     3.2852 0.0000e+00
     73.000     8.6729   3.495341    32.9786       4758     3.3033 0.0000e+00
     72.000     8.6779   3.495608    32.9772       4780     3.3185 0.0000e+00
     71.000     8.6960   3.496428    32.9694       4801     3.3337 0.0000e+00
     70.000     8.7133   3.497199    32.9618       4825     3.3503 0.0000e+00
     69.000     8.7239   3.497547    32.9560       4857     3.3722 0.0000e+00
     68.000     8.7278   3.497593    32.9534       4892     3.3964 0.0000e+00
     67.000     8.7292   3.497585    32.9524       4922     3.4176 0.0000e+00
     66.000     8.7320   3.497513    32.9495       4954     3.4393 0.0000e+00
     65.000     8.7345   3.497442    32.9469       4990     3.4645 0.0000e+00
     64.000     8.7355   3.497260    32.9446       5022     3.4870 0.0000e+00
     63.000     8.7362   3.497046    32.9421       5047     3.5043 0.0000e+00
     62.000     8.7364   3.496944    32.9414       5069     3.5196 0.0000e+00
     61.000     8.7365   3.496885    32.9411       5091     3.5346 0.0000e+00
     60.000     8.7372   3.496853    32.9405       5113     3.5503 0.0000e+00
     59.000     8.7393   3.496857    32.9391       5139     3.5682 0.0000e+00
     58.000     8.7422   3.496922    32.9375       5172     3.5907 0.0000e+00
     57.000     8.7459   3.497011    32.9355       5209     3.6165 0.0000e+00
     56.000     8.7504   3.497116    32.9328       5237     3.6363 0.0000e+00
     55.000     8.7562   3.497300    32.9299       5258     3.6508 0.0000e+00
     54.000     8.7600   3.497336    32.9271       5276     3.6634 0.0000e+00
     53.000     8.7608   3.497307    32.9265       5295     3.6763 0.0000e+00
     52.000     8.7623   3.497270    32.9252       5316     3.6908 0.0000e+00
     51.000     8.7659   3.497232    32.9219       5348     3.7135 0.0000e+00
     50.000     8.7680   3.497207    32.9203       5401     3.7502 0.0000e+00
     49.000     8.7736   3.497252    32.9159       5431     3.7706 0.0000e+00
     48.000     8.7857   3.497367    32.9063       5450     3.7842 0.0000e+00
     47.000     8.8020   3.497311    32.8910       5468     3.7967 0.0000e+00
     46.000     8.8439   3.496753    32.8469       5488     3.8103 0.0000e+00
     45.000     8.8848   3.497243    32.8147       5512     3.8270 0.0000e+00
     44.000     8.8909   3.497190    32.8089       5541     3.8473 0.0000e+00
     43.000     8.8937   3.496401    32.7986       5572     3.8684 0.0000e+00
     42.000     8.8939   3.495735    32.7919       5604     3.8909 0.0000e+00
     41.000     8.8950   3.495155    32.7852       5635     3.9127 0.0000e+00
     40.000     8.8972   3.494973    32.7818       5662     3.9316 0.0000e+00
     39.000     8.9169   3.494577    32.7600       5689     3.9499 0.0000e+00
     38.000     8.9985   3.495682    32.6968       5717     3.9695 0.0000e+00
     37.000     9.1587   3.499242    32.5872       5748     3.9907 0.0000e+00
     36.000     9.3729   3.508253    32.4855       5775     4.0095 0.0000e+00
     35.000     9.5212   3.515651    32.4275       5796     4.0245 0.0000e+00
     34.000     9.6817   3.523999    32.3685       5816     4.0380 0.0000e+00
     33.000     9.8688   3.534185    32.3047       5837     4.0526 0.0000e+00
     32.000    10.1426   3.551197    32.2328       5866     4.0726 0.0000e+00
     31.000    10.8841   3.600467    32.0713       5908     4.1022 0.0000e+00
     30.000    11.5942   3.652626    31.9669       5946     4.1284 0.0000e+00
     29.000    12.1184   3.690445    31.8833       5970     4.1451 0.0000e+00
     28.000    12.5879   3.725183    31.8171       5990     4.1589 0.0000e+00
     27.000    12.7474   3.740755    31.8305       6010     4.1730 0.0000e+00
     26.000    12.8682   3.751610    31.8317       6034     4.1894 0.0000e+00
     25.000    13.0782   3.768620    31.8159       6065     4.2112 0.0000e+00
     24.000    13.6030   3.809385    31.7590       6098     4.2341 0.0000e+00
     23.000    13.7980   3.826422    31.7556       6125     4.2528 0.0000e+00
     22.000    13.8858   3.833927    31.7526       6149     4.2696 0.0000e+00
     21.000    13.9799   3.840758    31.7382       6173     4.2863 0.0000e+00
     20.000    14.1320   3.852330    31.7196       6197     4.3030 0.0000e+00
     19.000    14.2450   3.861555    31.7115       6223     4.3205 0.0000e+00
     18.000    14.3424   3.868625    31.6967       6252     4.3408 0.0000e+00
     17.000    14.6313   3.888380    31.6408       6281     4.3614 0.0000e+00
     16.000    15.1026   3.922969    31.5709       6307     4.3790 0.0000e+00
     15.000    15.2838   3.937998    31.5599       6329     4.3946 0.0000e+00
     14.000    15.3432   3.944063    31.5667       6351     4.4099 0.0000e+00
     13.000    15.3969   3.949543    31.5727       6375     4.4261 0.0000e+00
     12.000    15.4127   3.952360    31.5855       6401     4.4442 0.0000e+00
     11.000    15.4479   3.955617    31.5866       6431     4.4655 0.0000e+00
     10.000    15.4484   3.955768    31.5878       6467     4.4902 0.0000e+00
      9.000    15.4490   3.955830    31.5883       6499     4.5127 0.0000e+00
      8.000    15.4484   3.955695    31.5879       6523     4.5294 0.0000e+00
      7.000    15.4788   3.959993    31.6021       7082     4.9175 0.0000e+00
      6.000    15.4756   3.959948    31.6047       7353     5.1056 0.0000e+00
      5.000    15.4854   3.960508    31.6021       7380     5.1242 0.0000e+00
      4.000    15.5250   3.963265    31.5953       7407     5.1428 0.0000e+00
      3.000    15.5904   3.968020    31.5854       7438     5.1647 0.0000e+00
