HB2304/ctd108.cnv
* Sea-Bird SBE 9 Data File:
* FileName = C:\cruise\data\ctd108.hex
* Software Version Seasave V 7.26.7.121
* Temperature SN = 4591
* Conductivity SN = 3741
* Number of Bytes Per Scan = 37
* Number of Voltage Words = 4
* Number of Scans Averaged by the Deck Unit = 1
* NMEA Latitude = 40 03.93 N
* NMEA Longitude = 070 37.80 W
* NMEA UTC (Time) = Oct 12 2023  16:43:19
* NMEA baud rate = 4800
** Ship: Bigelow HB2304
** Program:  Fall Bottom Trawl Survey
** Chief Scientist: John Galbraith
# nquan = 7
# nvalues = 243                         
# units = specified
# name 0 = depSM: Depth [salt water, m]
# name 1 = t090C: Temperature [ITS-90, deg C]
# name 2 = c0S/m: Conductivity [S/m]
# name 3 = sal00: Salinity, Practical [PSU]
# name 4 = scan: Scan Count
# name 5 = timeM: Time, Elapsed [minutes]
# name 6 = flag: flag
# span 0 =      4.000,    126.000       
# span 1 =     9.9771,    15.5377       
# span 2 =   3.678544,   4.044452       
# span 3 =    31.7621,    34.8882       
# span 4 =        191,       8303       
# span 5 =     0.1322,     5.7653       
# span 6 = 0.0000e+00, 0.0000e+00       
# interval = meters: 1                  
# start_time = Oct 12 2023 16:43:19 [NMEA time, header]
# bad_flag = -9.990e-29
*END*
      4.000    15.3904   3.976291    31.8196        191     0.1322 0.0000e+00
      5.000    15.3592   3.975629    31.8386        482     0.3340 0.0000e+00
      6.000    15.5058   3.993732    31.8808        486     0.3369 0.0000e+00
      7.000    15.5377   4.001080    31.9200        534     0.3702 0.0000e+00
      8.000    15.5177   4.000138    31.9275        584     0.4046 0.0000e+00
      9.000    15.4195   3.993010    31.9433        621     0.4306 0.0000e+00
     10.000    15.3061   3.983036    31.9460        720     0.4994 0.0000e+00
     11.000    15.3186   3.986305    31.9647        818     0.5675 0.0000e+00
     12.000    15.2992   3.984827    31.9669        859     0.5959 0.0000e+00
     13.000    15.2560   3.981329    31.9704        895     0.6210 0.0000e+00
     14.000    15.1788   3.974624    31.9730        920     0.6383 0.0000e+00
     15.000    15.1005   3.968101    31.9780        945     0.6553 0.0000e+00
     16.000    15.0175   3.960484    31.9770        971     0.6736 0.0000e+00
     17.000    14.9985   3.959514    31.9835        999     0.6934 0.0000e+00
     18.000    15.0307   3.965441    32.0100       1027     0.7127 0.0000e+00
     19.000    15.0730   3.971860    32.0327       1055     0.7318 0.0000e+00
     20.000    14.9004   3.956829    32.0385       1084     0.7520 0.0000e+00
     21.000    14.8437   3.952126    32.0423       1109     0.7695 0.0000e+00
     22.000    14.7820   3.950145    32.0747       1128     0.7829 0.0000e+00
     23.000    14.6764   3.938952    32.0599       1146     0.7950 0.0000e+00
     24.000    14.6260   3.936756    32.0812       1167     0.8097 0.0000e+00
     25.000    14.5878   3.934177    32.0889       1207     0.8375 0.0000e+00
     26.000    14.5457   3.932623    32.1093       1245     0.8640 0.0000e+00
     27.000    14.4923   3.929143    32.1214       1265     0.8780 0.0000e+00
     28.000    14.4926   3.929007    32.1195       1285     0.8916 0.0000e+00
     29.000    14.4803   3.928378    32.1237       1309     0.9087 0.0000e+00
     30.000    14.4660   3.927047    32.1230       1340     0.9300 0.0000e+00
     31.000    14.4632   3.926722    32.1220       1367     0.9483 0.0000e+00
     32.000    14.4379   3.924803    32.1250       1389     0.9638 0.0000e+00
     33.000    14.4150   3.923202    32.1290       1412     0.9802 0.0000e+00
     34.000    14.2883   3.914729    32.1565       1440     0.9996 0.0000e+00
     35.000    14.2325   3.909415    32.1539       1470     1.0201 0.0000e+00
     36.000    14.1698   3.904366    32.1594       1495     1.0374 0.0000e+00
     37.000    14.0819   3.898033    32.1742       1518     1.0535 0.0000e+00
     38.000    14.0120   3.892888    32.1848       1545     1.0720 0.0000e+00
     39.000    14.0026   3.891857    32.1828       1576     1.0936 0.0000e+00
     40.000    13.9944   3.891199    32.1832       1603     1.1128 0.0000e+00
     41.000    13.9925   3.891043    32.1829       1626     1.1284 0.0000e+00
     42.000    13.9933   3.890952    32.1810       1648     1.1435 0.0000e+00
     43.000    13.9905   3.890727    32.1809       1673     1.1613 0.0000e+00
     44.000    13.9907   3.890844    32.1815       1706     1.1842 0.0000e+00
     45.000    13.9924   3.891171    32.1826       1736     1.2050 0.0000e+00
     46.000    13.9816   3.891055    32.1902       1758     1.2202 0.0000e+00
     47.000    13.8900   3.887020    32.2294       1778     1.2343 0.0000e+00
     48.000    13.8052   3.886741    32.2976       1802     1.2510 0.0000e+00
     49.000    13.9534   3.917233    32.4542       1834     1.2729 0.0000e+00
     50.000    13.9680   3.922918    32.4940       1864     1.2940 0.0000e+00
     51.000    13.9461   3.924198    32.5239       1888     1.3106 0.0000e+00
     52.000    13.9229   3.921700    32.5200       1911     1.3261 0.0000e+00
     53.000    13.9247   3.921896    32.5200       1935     1.3432 0.0000e+00
     54.000    13.8905   3.922566    32.5547       1964     1.3634 0.0000e+00
     55.000    13.9541   3.931014    32.5785       1994     1.3842 0.0000e+00
     56.000    13.9884   3.940304    32.6349       2021     1.4027 0.0000e+00
     57.000    14.2373   3.968934    32.6869       2045     1.4197 0.0000e+00
     58.000    14.6548   4.031362    32.9042       2070     1.4365 0.0000e+00
     59.000    14.7163   4.044452    32.9708       2095     1.4540 0.0000e+00
     60.000    14.4513   4.026025    33.0276       2119     1.4710 0.0000e+00
     61.000    14.2251   4.007395    33.0495       2142     1.4871 0.0000e+00
     62.000    13.8260   3.970369    33.0495       2166     1.5036 0.0000e+00
     63.000    13.4185   3.934547    33.0671       2195     1.5234 0.0000e+00
     64.000    12.9772   3.888068    33.0128       2231     1.5485 0.0000e+00
     65.000    12.6232   3.854302    33.0009       2261     1.5693 0.0000e+00
     66.000    12.3996   3.849125    33.1482       2285     1.5862 0.0000e+00
     67.000    11.4958   3.774694    33.2301       2311     1.6041 0.0000e+00
     68.000    11.2867   3.754500    33.2193       2337     1.6223 0.0000e+00
     69.000    11.1300   3.741706    33.2339       2360     1.6379 0.0000e+00
     70.000    10.9464   3.724764    33.2316       2380     1.6520 0.0000e+00
     71.000    10.7570   3.709767    33.2538       2402     1.6674 0.0000e+00
     72.000    10.5244   3.693765    33.3052       2430     1.6865 0.0000e+00
     73.000    10.5095   3.695665    33.3375       2462     1.7090 0.0000e+00
     74.000    10.5292   3.701465    33.3773       2499     1.7350 0.0000e+00
     75.000    10.4509   3.701932    33.4533       2530     1.7561 0.0000e+00
     76.000    10.1427   3.684061    33.5568       2552     1.7713 0.0000e+00
     77.000    10.0792   3.680290    33.5770       2572     1.7853 0.0000e+00
     78.000    10.0701   3.681115    33.5934       2594     1.8007 0.0000e+00
     79.000    10.0991   3.686147    33.6171       2621     1.8192 0.0000e+00
     80.000    10.1159   3.694163    33.6823       2653     1.8414 0.0000e+00
     81.000    10.1375   3.703015    33.7516       2683     1.8625 0.0000e+00
     82.000    10.1495   3.707826    33.7888       2706     1.8786 0.0000e+00
     83.000    10.0846   3.705984    33.8303       2726     1.8922 0.0000e+00
     84.000    10.0514   3.706335    33.8645       2746     1.9065 0.0000e+00
     85.000    10.0309   3.706085    33.8807       2777     1.9281 0.0000e+00
     86.000    10.0342   3.707474    33.8912       2822     1.9590 0.0000e+00
     87.000    10.0105   3.706596    33.9041       2849     1.9779 0.0000e+00
     88.000     9.9785   3.704804    33.9153       2869     1.9915 0.0000e+00
     89.000     9.9771   3.705051    33.9188       2888     2.0047 0.0000e+00
     90.000     9.9863   3.707228    33.9318       2910     2.0203 0.0000e+00
     91.000    10.0020   3.711541    33.9607       2939     2.0406 0.0000e+00
     92.000    10.0042   3.716458    34.0082       2973     2.0637 0.0000e+00
     93.000    10.0025   3.717633    34.0213       3002     2.0838 0.0000e+00
     94.000     9.9883   3.718570    34.0438       3026     2.1005 0.0000e+00
     95.000     9.9850   3.720484    34.0660       3046     2.1149 0.0000e+00
     96.000     9.9937   3.722944    34.0824       3066     2.1288 0.0000e+00
     97.000    10.0080   3.727360    34.1135       3093     2.1471 0.0000e+00
     98.000    10.0135   3.730148    34.1362       3142     2.1813 0.0000e+00
     99.000    10.0244   3.732607    34.1506       3173     2.2025 0.0000e+00
    100.000    10.0516   3.737123    34.1704       3191     2.2153 0.0000e+00
    101.000    10.0580   3.738677    34.1797       3209     2.2275 0.0000e+00
    102.000    10.0749   3.741549    34.1925       3229     2.2416 0.0000e+00
    103.000    10.0834   3.743769    34.2066       3255     2.2598 0.0000e+00
    104.000    10.1223   3.750146    34.2343       3286     2.2811 0.0000e+00
    105.000    10.1661   3.757275    34.2649       3314     2.3005 0.0000e+00
    106.000    10.3443   3.781536    34.3420       3339     2.3179 0.0000e+00
    107.000    10.3794   3.790504    34.3991       3369     2.3389 0.0000e+00
    108.000    10.4233   3.797973    34.4326       3404     2.3630 0.0000e+00
    109.000    10.4416   3.802342    34.4590       3431     2.3821 0.0000e+00
    110.000    10.4439   3.803607    34.4692       3456     2.3992 0.0000e+00
    111.000    10.4661   3.808080    34.4928       3479     2.4151 0.0000e+00
    112.000    10.5414   3.819406    34.5353       3500     2.4297 0.0000e+00
    113.000    10.5887   3.827572    34.5723       3522     2.4454 0.0000e+00
    114.000    10.6356   3.834697    34.5991       3550     2.4647 0.0000e+00
    115.000    10.6756   3.840586    34.6199       3580     2.4857 0.0000e+00
    116.000    10.7512   3.848776    34.6301       3607     2.5041 0.0000e+00
    117.000    11.0615   3.885254    34.7009       3635     2.5239 0.0000e+00
    118.000    11.1832   3.903014    34.7624       3669     2.5470 0.0000e+00
    119.000    11.2144   3.907756    34.7796       3697     2.5669 0.0000e+00
    120.000    11.2482   3.913321    34.8024       3723     2.5850 0.0000e+00
    121.000    11.2942   3.919984    34.8247       3750     2.6033 0.0000e+00
    122.000    11.3322   3.927227    34.8601       3775     2.6206 0.0000e+00
    123.000    11.3341   3.928066    34.8662       3796     2.6358 0.0000e+00
    124.000    11.3406   3.929405    34.8728       3817     2.6499 0.0000e+00
    125.000    11.3490   3.930737    34.8776       3838     2.6649 0.0000e+00
    126.000    11.3676   3.933625    34.8882       3863     2.6818 0.0000e+00
    125.000    11.3532   3.932123    34.8874       4390     3.0481 0.0000e+00
    124.000    11.3457   3.930946    34.8833       4897     3.4000 0.0000e+00
    123.000    11.3435   3.930529    34.8817       4984     3.4601 0.0000e+00
    122.000    11.3374   3.929153    34.8743       5003     3.4736 0.0000e+00
    121.000    11.3330   3.928091    34.8683       5023     3.4875 0.0000e+00
    120.000    11.2939   3.922599    34.8513       5045     3.5026 0.0000e+00
    119.000    11.2566   3.916079    34.8223       5068     3.5189 0.0000e+00
    118.000    11.2228   3.911206    34.8064       5092     3.5358 0.0000e+00
    117.000    11.1779   3.905023    34.7878       5120     3.5550 0.0000e+00
    116.000    10.9042   3.873508    34.7329       5155     3.5794 0.0000e+00
    115.000    10.7460   3.852074    34.6687       5183     3.5985 0.0000e+00
    114.000    10.6691   3.842153    34.6423       5203     3.6124 0.0000e+00
    113.000    10.6340   3.836459    34.6188       5222     3.6254 0.0000e+00
    112.000    10.5791   3.828051    34.5867       5245     3.6415 0.0000e+00
    111.000    10.4661   3.810337    34.5156       5283     3.6678 0.0000e+00
    110.000    10.4539   3.805833    34.4821       5317     3.6916 0.0000e+00
    109.000    10.4470   3.804144    34.4721       5338     3.7064 0.0000e+00
    108.000    10.4431   3.803000    34.4646       5357     3.7194 0.0000e+00
    107.000    10.4187   3.799148    34.4493       5375     3.7322 0.0000e+00
    106.000    10.3897   3.792901    34.4140       5397     3.7472 0.0000e+00
    105.000    10.2364   3.769923    34.3267       5431     3.7705 0.0000e+00
    104.000    10.1087   3.749978    34.2455       5477     3.8031 0.0000e+00
    103.000    10.0945   3.746620    34.2251       5505     3.8224 0.0000e+00
    102.000    10.0906   3.744761    34.2103       5526     3.8367 0.0000e+00
    101.000    10.0850   3.743585    34.2042       5545     3.8503 0.0000e+00
    100.000    10.0587   3.739773    34.1907       5566     3.8647 0.0000e+00
     99.000    10.0533   3.738101    34.1792       5593     3.8837 0.0000e+00
     98.000    10.0408   3.735182    34.1617       5638     3.9149 0.0000e+00
     97.000    10.0127   3.729692    34.1328       5675     3.9404 0.0000e+00
     96.000    10.0081   3.727689    34.1171       5695     3.9542 0.0000e+00
     95.000    10.0014   3.725258    34.0992       5712     3.9662 0.0000e+00
     94.000     9.9930   3.722211    34.0765       5731     3.9791 0.0000e+00
     93.000     9.9922   3.719619    34.0512       5764     4.0021 0.0000e+00
     92.000    10.0059   3.716812    34.0102       5815     4.0378 0.0000e+00
     91.000    10.0013   3.715842    34.0051       5839     4.0541 0.0000e+00
     90.000    10.0018   3.714474    33.9911       5858     4.0674 0.0000e+00
     89.000     9.9974   3.709744    33.9475       5877     4.0805 0.0000e+00
     88.000     9.9852   3.706252    33.9238       5902     4.0977 0.0000e+00
     87.000     9.9777   3.703759    33.9059       5938     4.1226 0.0000e+00
     86.000     9.9929   3.704109    33.8958       5970     4.1450 0.0000e+00
     85.000    10.0218   3.705435    33.8826       5992     4.1605 0.0000e+00
     84.000    10.0351   3.706034    33.8767       6013     4.1752 0.0000e+00
     83.000    10.0258   3.704147    33.8666       6037     4.1915 0.0000e+00
     82.000    10.0546   3.703852    33.8371       6064     4.2107 0.0000e+00
     81.000    10.0876   3.704749    33.8158       6092     4.2299 0.0000e+00
     80.000    10.1358   3.704867    33.7724       6118     4.2478 0.0000e+00
     79.000    10.1311   3.700527    33.7332       6146     4.2675 0.0000e+00
     78.000    10.1161   3.693682    33.6782       6176     4.2883 0.0000e+00
     77.000    10.0805   3.682335    33.5965       6202     4.3064 0.0000e+00
     76.000    10.0721   3.678979    33.5706       6227     4.3235 0.0000e+00
     75.000    10.0760   3.678544    33.5631       6252     4.3406 0.0000e+00
     74.000    10.1466   3.679777    33.5107       6276     4.3577 0.0000e+00
     73.000    10.3778   3.691480    33.4161       6302     4.3759 0.0000e+00
     72.000    10.4771   3.695223    33.3631       6329     4.3942 0.0000e+00
     71.000    10.4819   3.692047    33.3273       6354     4.4116 0.0000e+00
     70.000    10.4761   3.687047    33.2828       6382     4.4311 0.0000e+00
     69.000    10.6475   3.694428    33.2010       6414     4.4534 0.0000e+00
     68.000    10.9134   3.713262    33.1481       6455     4.4817 0.0000e+00
     67.000    11.0669   3.726537    33.1416       6488     4.5049 0.0000e+00
     66.000    11.2294   3.740613    33.1348       6509     4.5196 0.0000e+00
     65.000    11.2264   3.742143    33.1530       6528     4.5329 0.0000e+00
     64.000    11.6612   3.773914    33.0759       6554     4.5507 0.0000e+00
     63.000    12.3580   3.829034    32.9929       6591     4.5765 0.0000e+00
     62.000    12.5651   3.839542    32.9122       6620     4.5963 0.0000e+00
     61.000    13.1095   3.889860    32.9159       6641     4.6114 0.0000e+00
     60.000    13.3241   3.912119    32.9399       6663     4.6261 0.0000e+00
     59.000    13.7304   3.946235    32.9089       6689     4.6442 0.0000e+00
     58.000    14.1786   3.993169    32.9597       6723     4.6681 0.0000e+00
     57.000    14.5098   4.020069    32.9246       6753     4.6886 0.0000e+00
     56.000    14.4099   4.001199    32.8372       6773     4.7031 0.0000e+00
     55.000    14.3085   3.987030    32.7937       6793     4.7167 0.0000e+00
     54.000    14.1890   3.969306    32.7327       6815     4.7319 0.0000e+00
     53.000    14.0970   3.953590    32.6664       6844     4.7521 0.0000e+00
     52.000    14.0172   3.936735    32.5791       6881     4.7777 0.0000e+00
     51.000    14.0465   3.937697    32.5636       6911     4.7985 0.0000e+00
     50.000    14.0532   3.938817    32.5687       6934     4.8143 0.0000e+00
     49.000    14.0368   3.936136    32.5582       6955     4.8292 0.0000e+00
     48.000    14.0545   3.936860    32.5503       6979     4.8457 0.0000e+00
     47.000    14.0708   3.933662    32.5075       7004     4.8632 0.0000e+00
     46.000    13.9372   3.912740    32.4275       7029     4.8809 0.0000e+00
     45.000    13.8411   3.894360    32.3390       7055     4.8990 0.0000e+00
     44.000    13.8603   3.885455    32.2410       7083     4.9180 0.0000e+00
