HB2304/ctd140.cnv
* Sea-Bird SBE 9 Data File:
* FileName = C:\cruise\data\ctd140.hex
* Software Version Seasave V 7.26.7.121
* Temperature SN = 4591
* Conductivity SN = 3741
* Number of Bytes Per Scan = 37
* Number of Voltage Words = 4
* Number of Scans Averaged by the Deck Unit = 1
* NMEA Latitude = 42 14.80 N
* NMEA Longitude = 070 06.03 W
* NMEA UTC (Time) = Oct 21 2023  17:57:08
* NMEA baud rate = 4800
** Ship: Bigelow HB2304
** Program:  Fall Bottom Trawl Survey
** Chief Scientist: John Galbraith
# nquan = 7
# nvalues = 183                         
# units = specified
# name 0 = depSM: Depth [salt water, m]
# name 1 = t090C: Temperature [ITS-90, deg C]
# name 2 = c0S/m: Conductivity [S/m]
# name 3 = sal00: Salinity, Practical [PSU]
# name 4 = scan: Scan Count
# name 5 = timeM: Time, Elapsed [minutes]
# name 6 = flag: flag
# span 0 =      2.000,     94.000       
# span 1 =     8.7054,    14.4501       
# span 2 =   3.474384,   3.860801       
# span 3 =    31.4890,    32.7194       
# span 4 =        308,       8258       
# span 5 =     0.2132,     5.7339       
# span 6 = 0.0000e+00, 0.0000e+00       
# interval = meters: 1                  
# start_time = Oct 21 2023 17:57:08 [NMEA time, header]
# bad_flag = -9.990e-29
*END*
      4.000    14.4462   3.855891    31.5012        308     0.2132 0.0000e+00
      5.000    14.4461   3.855857    31.5007        532     0.3688 0.0000e+00
      6.000    14.4465   3.855963    31.5009        559     0.3874 0.0000e+00
      7.000    14.4455   3.855581    31.4979        589     0.4081 0.0000e+00
      8.000    14.4452   3.855526    31.4973        615     0.4263 0.0000e+00
      9.000    14.4460   3.855855    31.4992        643     0.4457 0.0000e+00
     10.000    14.4467   3.856227    31.5017        670     0.4648 0.0000e+00
     11.000    14.4476   3.856594    31.5039        693     0.4808 0.0000e+00
     12.000    14.4466   3.856507    31.5035        714     0.4951 0.0000e+00
     13.000    14.4471   3.856862    31.5060        807     0.5596 0.0000e+00
     14.000    14.4427   3.856801    31.5086        922     0.6394 0.0000e+00
     15.000    14.4221   3.856965    31.5265        946     0.6563 0.0000e+00
     16.000    14.4023   3.857248    31.5448        964     0.6686 0.0000e+00
     17.000    14.3690   3.856779    31.5673        985     0.6836 0.0000e+00
     18.000    14.3312   3.856290    31.5933       1025     0.7108 0.0000e+00
     19.000    14.3099   3.857452    31.6209       1063     0.7378 0.0000e+00
     20.000    14.2648   3.860801    31.6880       1083     0.7516 0.0000e+00
     21.000    14.1811   3.858295    31.7335       1100     0.7632 0.0000e+00
     22.000    13.9378   3.845937    31.8203       1117     0.7750 0.0000e+00
     23.000    13.7301   3.829906    31.8441       1144     0.7940 0.0000e+00
     24.000    13.6439   3.821319    31.8357       1198     0.8311 0.0000e+00
     25.000    13.6003   3.817725    31.8384       1222     0.8481 0.0000e+00
     26.000    13.4695   3.809473    31.8703       1239     0.8597 0.0000e+00
     27.000    13.0578   3.784656    31.9831       1256     0.8714 0.0000e+00
     28.000    12.6036   3.754986    32.0871       1276     0.8853 0.0000e+00
     29.000    12.4039   3.739184    32.1065       1311     0.9094 0.0000e+00
     30.000    12.3378   3.733126    32.1047       1358     0.9425 0.0000e+00
     31.000    12.3013   3.729931    32.1049       1384     0.9607 0.0000e+00
     32.000    12.2445   3.726032    32.1159       1403     0.9733 0.0000e+00
     33.000    12.1704   3.721473    32.1353       1420     0.9852 0.0000e+00
     34.000    11.9417   3.705718    32.1801       1438     0.9982 0.0000e+00
     35.000    11.7278   3.689406    32.2067       1465     1.0169 0.0000e+00
     36.000    11.5579   3.675406    32.2176       1515     1.0512 0.0000e+00
     37.000    11.3793   3.663380    32.2554       1545     1.0719 0.0000e+00
     38.000    11.0253   3.635088    32.2868       1565     1.0861 0.0000e+00
     39.000    10.8929   3.621972    32.2731       1584     1.0996 0.0000e+00
     40.000    10.7658   3.610403    32.2698       1605     1.1139 0.0000e+00
     41.000    10.6780   3.601936    32.2627       1629     1.1303 0.0000e+00
     42.000    10.6354   3.597235    32.2531       1664     1.1545 0.0000e+00
     43.000    10.6089   3.594072    32.2445       1705     1.1832 0.0000e+00
     44.000    10.6021   3.593249    32.2419       1728     1.1995 0.0000e+00
     45.000    10.5743   3.590304    32.2367       1749     1.2138 0.0000e+00
     46.000    10.5592   3.588737    32.2340       1771     1.2289 0.0000e+00
     47.000    10.4751   3.581984    32.2404       1795     1.2460 0.0000e+00
     48.000    10.1464   3.554553    32.2562       1823     1.2653 0.0000e+00
     49.000    10.0035   3.542473    32.2612       1853     1.2861 0.0000e+00
     50.000     9.9031   3.534964    32.2744       1885     1.3082 0.0000e+00
     51.000     9.8652   3.532360    32.2814       1915     1.3295 0.0000e+00
     52.000     9.8399   3.530492    32.2846       1946     1.3504 0.0000e+00
     53.000     9.8025   3.527917    32.2916       1972     1.3686 0.0000e+00
     54.000     9.7201   3.521811    32.3029       1993     1.3831 0.0000e+00
     55.000     9.6700   3.517371    32.3021       2012     1.3966 0.0000e+00
     56.000     9.6375   3.515276    32.3095       2037     1.4136 0.0000e+00
     57.000     9.5906   3.512414    32.3220       2074     1.4399 0.0000e+00
     58.000     9.5476   3.509873    32.3343       2110     1.4648 0.0000e+00
     59.000     9.5124   3.507865    32.3450       2134     1.4811 0.0000e+00
     60.000     9.4662   3.505476    32.3618       2154     1.4955 0.0000e+00
     61.000     9.4241   3.503285    32.3769       2180     1.5133 0.0000e+00
     62.000     9.3742   3.500988    32.3980       2219     1.5405 0.0000e+00
     63.000     9.2444   3.495046    32.4541       2251     1.5625 0.0000e+00
     64.000     9.1894   3.491992    32.4721       2272     1.5769 0.0000e+00
     65.000     9.1175   3.489442    32.5109       2290     1.5899 0.0000e+00
     66.000     9.0733   3.487371    32.5293       2311     1.6043 0.0000e+00
     67.000     9.0485   3.486134    32.5387       2349     1.6306 0.0000e+00
     68.000     9.0219   3.484746    32.5482       2394     1.6621 0.0000e+00
     69.000     8.9919   3.483645    32.5637       2415     1.6762 0.0000e+00
     70.000     8.9533   3.482238    32.5840       2432     1.6880 0.0000e+00
     71.000     8.8681   3.479609    32.6344       2451     1.7016 0.0000e+00
     72.000     8.8358   3.478698    32.6542       2491     1.7292 0.0000e+00
     73.000     8.8222   3.478378    32.6629       2537     1.7614 0.0000e+00
     74.000     8.8215   3.478424    32.6636       2561     1.7775 0.0000e+00
     75.000     8.8225   3.478499    32.6630       2581     1.7913 0.0000e+00
     76.000     8.8242   3.478583    32.6619       2599     1.8043 0.0000e+00
     77.000     8.8240   3.478547    32.6612       2620     1.8185 0.0000e+00
     78.000     8.8244   3.478569    32.6606       2654     1.8421 0.0000e+00
     79.000     8.8268   3.478786    32.6602       2703     1.8763 0.0000e+00
     80.000     8.8264   3.478703    32.6592       2726     1.8927 0.0000e+00
     81.000     8.8268   3.478818    32.6597       2748     1.9076 0.0000e+00
     82.000     8.8254   3.478820    32.6604       2778     1.9287 0.0000e+00
     83.000     8.8224   3.478683    32.6613       2815     1.9541 0.0000e+00
     84.000     8.8223   3.478680    32.6609       2840     1.9713 0.0000e+00
     85.000     8.8255   3.478883    32.6597       2860     1.9857 0.0000e+00
     86.000     8.8209   3.478775    32.6623       2883     2.0012 0.0000e+00
     87.000     8.8046   3.477943    32.6682       2917     2.0253 0.0000e+00
     88.000     8.8022   3.477779    32.6683       2958     2.0532 0.0000e+00
     89.000     8.7848   3.477261    32.6784       2982     2.0702 0.0000e+00
     90.000     8.7526   3.476025    32.6948       3005     2.0861 0.0000e+00
     91.000     8.7183   3.474974    32.7150       3033     2.1052 0.0000e+00
     92.000     8.7081   3.474502    32.7189       3070     2.1316 0.0000e+00
     93.000     8.7070   3.474448    32.7190       3105     2.1555 0.0000e+00
     94.000     8.7054   3.474384    32.7194       3127     2.1706 0.0000e+00
     93.000     8.7118   3.474405    32.7141       3409     2.3664 0.0000e+00
     92.000     8.7185   3.474479    32.7091       3655     2.5378 0.0000e+00
     91.000     8.7222   3.474394    32.7053       4289     2.9781 0.0000e+00
     90.000     8.7266   3.474425    32.7020       4379     3.0404 0.0000e+00
     89.000     8.7481   3.475007    32.6887       4415     3.0655 0.0000e+00
     88.000     8.7633   3.475584    32.6812       4450     3.0896 0.0000e+00
     87.000     8.7740   3.475924    32.6753       4481     3.1111 0.0000e+00
     86.000     8.7833   3.476276    32.6709       4513     3.1335 0.0000e+00
     85.000     8.8093   3.477075    32.6557       4547     3.1571 0.0000e+00
     84.000     8.8375   3.478140    32.6413       4583     3.1819 0.0000e+00
     83.000     8.8366   3.478069    32.6419       4617     3.2059 0.0000e+00
     82.000     8.8358   3.478045    32.6429       4650     3.2283 0.0000e+00
     81.000     8.8368   3.478153    32.6434       4688     3.2545 0.0000e+00
     80.000     8.8358   3.478068    32.6440       4725     3.2803 0.0000e+00
     79.000     8.8389   3.478110    32.6420       4754     3.3004 0.0000e+00
     78.000     8.8402   3.478062    32.6408       4781     3.3198 0.0000e+00
     77.000     8.8400   3.478012    32.6409       4814     3.3421 0.0000e+00
     76.000     8.8360   3.477782    32.6426       4851     3.3682 0.0000e+00
     75.000     8.8289   3.477313    32.6447       4898     3.4007 0.0000e+00
     74.000     8.8319   3.477237    32.6416       4934     3.4254 0.0000e+00
     73.000     8.8379   3.477315    32.6374       4958     3.4420 0.0000e+00
     72.000     8.8472   3.477446    32.6307       4986     3.4615 0.0000e+00
     71.000     8.8627   3.477758    32.6201       5023     3.4873 0.0000e+00
     70.000     8.9114   3.478915    32.5879       5061     3.5139 0.0000e+00
     69.000     8.9856   3.481179    32.5439       5105     3.5445 0.0000e+00
     68.000     9.0023   3.481943    32.5370       5140     3.5686 0.0000e+00
     67.000     9.0310   3.483019    32.5224       5167     3.5872 0.0000e+00
     66.000     9.0507   3.484013    32.5151       5203     3.6122 0.0000e+00
     65.000     9.0594   3.484475    32.5124       5247     3.6428 0.0000e+00
     64.000     9.0759   3.485058    32.5038       5278     3.6643 0.0000e+00
     63.000     9.1581   3.488014    32.4600       5307     3.6845 0.0000e+00
     62.000     9.1914   3.489248    32.4429       5346     3.7115 0.0000e+00
     61.000     9.2961   3.494059    32.3979       5398     3.7480 0.0000e+00
     60.000     9.3712   3.497697    32.3678       5426     3.7670 0.0000e+00
     59.000     9.4227   3.500053    32.3459       5450     3.7842 0.0000e+00
     58.000     9.4952   3.503929    32.3207       5495     3.8150 0.0000e+00
     57.000     9.5117   3.505024    32.3175       5536     3.8434 0.0000e+00
     56.000     9.5485   3.506768    32.3026       5557     3.8586 0.0000e+00
     55.000     9.5984   3.509562    32.2867       5580     3.8746 0.0000e+00
     54.000     9.6527   3.513025    32.2738       5634     3.9119 0.0000e+00
     53.000     9.6795   3.515071    32.2710       5685     3.9470 0.0000e+00
     52.000     9.7258   3.518194    32.2618       5707     3.9626 0.0000e+00
     51.000     9.8036   3.524115    32.2528       5730     3.9787 0.0000e+00
     50.000     9.8366   3.526664    32.2496       5759     3.9983 0.0000e+00
     49.000     9.8661   3.528829    32.2457       5811     4.0345 0.0000e+00
     48.000     9.8952   3.530319    32.2352       5852     4.0629 0.0000e+00
     47.000     9.9680   3.534101    32.2090       5872     4.0770 0.0000e+00
     46.000    10.1083   3.544848    32.1931       5894     4.0927 0.0000e+00
     45.000    10.4986   3.577580    32.1764       5951     4.1322 0.0000e+00
     44.000    10.5805   3.586620    32.1949       5995     4.1622 0.0000e+00
     43.000    10.5985   3.588495    32.1981       6020     4.1800 0.0000e+00
     42.000    10.6211   3.590860    32.2022       6045     4.1970 0.0000e+00
     41.000    10.6504   3.593746    32.2055       6072     4.2163 0.0000e+00
     40.000    10.6742   3.596052    32.2079       6118     4.2478 0.0000e+00
     39.000    10.7212   3.600227    32.2085       6163     4.2791 0.0000e+00
     38.000    10.7826   3.605396    32.2062       6195     4.3014 0.0000e+00
     37.000    10.8953   3.614706    32.1998       6223     4.3208 0.0000e+00
     36.000    11.1588   3.635816    32.1778       6250     4.3399 0.0000e+00
     35.000    11.5385   3.667394    32.1567       6297     4.3722 0.0000e+00
     34.000    11.7122   3.680481    32.1340       6349     4.4080 0.0000e+00
     33.000    11.9120   3.695298    32.1054       6372     4.4243 0.0000e+00
     32.000    12.1183   3.710011    32.0702       6393     4.4386 0.0000e+00
     31.000    12.2277   3.718615    32.0596       6416     4.4547 0.0000e+00
     30.000    12.2972   3.724578    32.0576       6451     4.4793 0.0000e+00
     29.000    12.3393   3.728562    32.0601       6512     4.5217 0.0000e+00
     28.000    12.4705   3.736672    32.0260       6544     4.5439 0.0000e+00
     27.000    13.0830   3.773130    31.8535       6570     4.5620 0.0000e+00
     26.000    13.3964   3.795762    31.8035       6598     4.5809 0.0000e+00
     25.000    13.6480   3.817267    31.7944       6991     4.8542 0.0000e+00
     24.000    13.6284   3.815950    31.7988       7516     5.2188 0.0000e+00
     23.000    13.6745   3.820214    31.8005       7559     5.2488 0.0000e+00
     22.000    13.7510   3.826864    31.7989       7598     5.2755 0.0000e+00
     21.000    13.9085   3.838647    31.7777       7622     5.2923 0.0000e+00
     20.000    14.0494   3.846774    31.7366       7640     5.3051 0.0000e+00
     19.000    14.1688   3.853855    31.7036       7659     5.3182 0.0000e+00
     18.000    14.2158   3.855114    31.6770       7689     5.3388 0.0000e+00
     17.000    14.2985   3.854632    31.6052       7731     5.3682 0.0000e+00
     16.000    14.3140   3.853156    31.5795       7757     5.3864 0.0000e+00
     15.000    14.3524   3.853671    31.5533       7778     5.4010 0.0000e+00
     14.000    14.4032   3.854159    31.5167       7801     5.4165 0.0000e+00
     13.000    14.4430   3.855184    31.4940       7831     5.4374 0.0000e+00
     12.000    14.4456   3.855433    31.4946       7864     5.4603 0.0000e+00
     11.000    14.4475   3.855504    31.4941       7889     5.4778 0.0000e+00
     10.000    14.4490   3.855605    31.4941       7911     5.4929 0.0000e+00
      9.000    14.4492   3.855249    31.4911       7935     5.5097 0.0000e+00
      8.000    14.4501   3.855057    31.4890       7978     5.5396 0.0000e+00
      7.000    14.4493   3.855016    31.4896       8026     5.5729 0.0000e+00
      6.000    14.4491   3.854982    31.4899       8048     5.5879 0.0000e+00
      5.000    14.4486   3.854947    31.4903       8066     5.6008 0.0000e+00
      4.000    14.4489   3.854873    31.4898       8090     5.6173 0.0000e+00
      3.000    14.4479   3.854852    31.4908       8134     5.6480 0.0000e+00
      2.000    14.4458   3.854789    31.4923       8258     5.7339 0.0000e+00
