HB2304/ctd151.cnv
* Sea-Bird SBE 9 Data File:
* FileName = C:\cruise\data\ctd151.hex
* Software Version Seasave V 7.26.7.121
* Temperature SN = 4591
* Conductivity SN = 3741
* Number of Bytes Per Scan = 37
* Number of Voltage Words = 4
* Number of Scans Averaged by the Deck Unit = 1
* NMEA Latitude = 41 02.89 N
* NMEA Longitude = 070 06.08 W
* NMEA UTC (Time) = Mar 16 2004  08:58:52
* NMEA baud rate = 4800
** Ship: Bigelow HB2304
** Program:  Fall Bottom Trawl Survey
** Chief Scientist: John Galbraith
# nquan = 9
# nvalues = 34                          
# units = specified
# name 0 = depSM: Depth [salt water, m]
# name 1 = t090C: Temperature [ITS-90, deg C]
# name 2 = c0S/m: Conductivity [S/m]
# name 3 = sal00: Salinity, Practical [PSU]
# name 4 = scan: Scan Count
# name 5 = timeM: Time, Elapsed [minutes]
# name 6 = sbeox0V: Oxygen raw, SBE 43 [V]
# name 7 = sbeox1V: Oxygen raw, SBE 43, 2 [V]
# name 8 = flag: flag
# span 0 =      3.000,     20.000       
# span 1 =    15.3229,    15.3592       
# span 2 =   3.898836,   3.902857       
# span 3 =    31.1820,    31.1850       
# span 4 =        239,       2617       
# span 5 =     0.1652,     1.8166       
# span 6 =     2.4199,     2.4315       
# span 7 =     2.2764,     2.2875       
# span 8 = 0.0000e+00, 0.0000e+00       
# interval = meters: 1                  
# start_time = Mar 16 2004 08:58:52 [NMEA time, header]
# bad_flag = -9.990e-29
*END*
      4.000    15.3327   3.899648    31.1829        239     0.1652     2.4281     2.2827 0.0000e+00
      5.000    15.3294   3.899403    31.1830        383     0.2653     2.4265     2.2779 0.0000e+00
      6.000    15.3320   3.899685    31.1831        457     0.3167     2.4267     2.2832 0.0000e+00
      7.000    15.3313   3.899631    31.1829        498     0.3449     2.4263     2.2848 0.0000e+00
      8.000    15.3327   3.899809    31.1829        538     0.3728     2.4264     2.2841 0.0000e+00
      9.000    15.3322   3.899704    31.1820        599     0.4155     2.4282     2.2794 0.0000e+00
     10.000    15.3330   3.899920    31.1829        623     0.4320     2.4304     2.2791 0.0000e+00
     11.000    15.3417   3.900719    31.1828        680     0.4714     2.4271     2.2839 0.0000e+00
     12.000    15.3386   3.900532    31.1832        727     0.5041     2.4252     2.2865 0.0000e+00
     13.000    15.3373   3.900442    31.1830        758     0.5256     2.4273     2.2840 0.0000e+00
     14.000    15.3377   3.900512    31.1830        833     0.5775     2.4272     2.2872 0.0000e+00
     15.000    15.3369   3.900499    31.1832        864     0.5995     2.4263     2.2839 0.0000e+00
     16.000    15.3318   3.900060    31.1829        919     0.6376     2.4276     2.2841 0.0000e+00
     17.000    15.3358   3.900478    31.1831        966     0.6699     2.4249     2.2827 0.0000e+00
     18.000    15.3393   3.900808    31.1829       1019     0.7070     2.4199     2.2814 0.0000e+00
     19.000    15.3393   3.900865    31.1830       1057     0.7335     2.4203     2.2844 0.0000e+00
     20.000    15.3404   3.900939    31.1825       1085     0.7526     2.4225     2.2844 0.0000e+00
     19.000    15.3592   3.902857    31.1850       2031     1.4100     2.4217     2.2764 0.0000e+00
     18.000    15.3470   3.901597    31.1838       2088     1.4495     2.4204     2.2842 0.0000e+00
     17.000    15.3434   3.901253    31.1840       2104     1.4608     2.4205     2.2823 0.0000e+00
     16.000    15.3412   3.900956    31.1834       2143     1.4872     2.4235     2.2821 0.0000e+00
     15.000    15.3395   3.900768    31.1835       2172     1.5075     2.4258     2.2862 0.0000e+00
     14.000    15.3376   3.900522    31.1832       2195     1.5236     2.4219     2.2861 0.0000e+00
     13.000    15.3375   3.900459    31.1831       2215     1.5374     2.4240     2.2848 0.0000e+00
     12.000    15.3368   3.900346    31.1830       2238     1.5533     2.4266     2.2827 0.0000e+00
     11.000    15.3385   3.900443    31.1829       2272     1.5769     2.4236     2.2836 0.0000e+00
     10.000    15.3389   3.900441    31.1829       2312     1.6045     2.4247     2.2875 0.0000e+00
      9.000    15.3395   3.900448    31.1829       2335     1.6209     2.4267     2.2850 0.0000e+00
      8.000    15.3398   3.900442    31.1830       2355     1.6347     2.4275     2.2829 0.0000e+00
      7.000    15.3349   3.900038    31.1836       2376     1.6493     2.4303     2.2860 0.0000e+00
      6.000    15.3229   3.898937    31.1836       2409     1.6722     2.4312     2.2864 0.0000e+00
      5.000    15.3234   3.898836    31.1828       2469     1.7138     2.4315     2.2831 0.0000e+00
      4.000    15.3277   3.899181    31.1828       2574     1.7871     2.4254     2.2802 0.0000e+00
      3.000    15.3282   3.899185    31.1828       2617     1.8166     2.4275     2.2821 0.0000e+00
