HB2304/ctd175.cnv
* Sea-Bird SBE 9 Data File:
* FileName = C:\cruise\data\ctd175.hex
* Software Version Seasave V 7.26.7.121
* Temperature SN = 4591
* Conductivity SN = 3741
* Number of Bytes Per Scan = 37
* Number of Voltage Words = 4
* Number of Scans Averaged by the Deck Unit = 1
* NMEA Latitude = 43 09.12 N
* NMEA Longitude = 070 00.94 W
* NMEA UTC (Time) = Nov 09 2023 09:58:20
* NMEA baud rate = 4800
** Ship: Bigelow HB2304
** Program:  Fall Bottom Trawl Survey
** Chief Scientist: John Galbraith
# nquan = 9
# nvalues = 124                         
# units = specified
# name 0 = depSM: Depth [salt water, m]
# name 1 = t090C: Temperature [ITS-90, deg C]
# name 2 = c0S/m: Conductivity [S/m]
# name 3 = sal00: Salinity, Practical [PSU]
# name 4 = scan: Scan Count
# name 5 = timeM: Time, Elapsed [minutes]
# name 6 = sbeox0V: Oxygen raw, SBE 43 [V]
# name 7 = sbeox1V: Oxygen raw, SBE 43, 2 [V]
# name 8 = flag: flag
# span 0 =      2.000,     64.000       
# span 1 =    10.7630,    11.6275       
# span 2 =   3.567358,   3.674844       
# span 3 =    31.6440,    32.4670       
# span 4 =         97,       4089       
# span 5 =     0.0664,     2.8391       
# span 6 =     2.0021,     4.7267       
# span 7 =     1.8850,     2.2953       
# span 8 = 0.0000e+00, 0.0000e+00       
# interval = meters: 1                  
# start_time = Nov 09 2023 09:58:20 [NMEA time, header]
# bad_flag = -9.990e-29
*END*
      3.000    11.0126   3.567358    31.6444         97     0.0664     3.0820     2.2911 0.0000e+00
      4.000    11.0131   3.567483    31.6448        201     0.1387     3.0791     2.2928 0.0000e+00
      5.000    11.0194   3.567997    31.6440        225     0.1554     3.1152     2.2952 0.0000e+00
      6.000    11.0211   3.568234    31.6444        250     0.1730     3.1989     2.2932 0.0000e+00
      7.000    11.0130   3.567677    31.6455        277     0.1916     3.3321     2.2897 0.0000e+00
      8.000    11.0174   3.568009    31.6446        304     0.2107     3.4970     2.2915 0.0000e+00
      9.000    11.0179   3.568158    31.6452        331     0.2290     3.6664     2.2942 0.0000e+00
     10.000    11.0197   3.568343    31.6450        357     0.2469     3.8399     2.2934 0.0000e+00
     11.000    11.0205   3.568466    31.6451        382     0.2646     4.0176     2.2916 0.0000e+00
     12.000    11.0221   3.568647    31.6451        407     0.2823     4.2022     2.2902 0.0000e+00
     13.000    11.0204   3.568595    31.6457        433     0.2997     4.3888     2.2895 0.0000e+00
     14.000    11.0231   3.568889    31.6459        458     0.3172     4.6631     2.2914 0.0000e+00
     15.000    11.0264   3.569281    31.6465        484     0.3353     4.7267     2.2937 0.0000e+00
     16.000    11.0220   3.568914    31.6462        511     0.3541     4.3077     2.2942 0.0000e+00
     17.000    11.0205   3.568763    31.6456        539     0.3735     3.8042     2.2906 0.0000e+00
     18.000    11.0193   3.568654    31.6451        567     0.3930     3.4047     2.2865 0.0000e+00
     19.000    11.0285   3.569802    31.6481        594     0.4115     3.1225     2.2845 0.0000e+00
     20.000    11.0298   3.570150    31.6500        619     0.4291     2.9334     2.2845 0.0000e+00
     21.000    11.0355   3.570883    31.6519        643     0.4461     2.8010     2.2861 0.0000e+00
     22.000    11.0380   3.571325    31.6536        668     0.4631     2.7004     2.2890 0.0000e+00
     23.000    11.0379   3.571440    31.6545        694     0.4810     2.6184     2.2894 0.0000e+00
     24.000    11.0376   3.571461    31.6545        721     0.4998     2.5500     2.2911 0.0000e+00
     25.000    11.0372   3.571407    31.6539        747     0.5182     2.4927     2.2904 0.0000e+00
     26.000    11.0423   3.572198    31.6569        774     0.5366     2.4460     2.2912 0.0000e+00
     27.000    11.0550   3.574003    31.6633        801     0.5553     2.4167     2.2921 0.0000e+00
     28.000    11.0602   3.574849    31.6667        827     0.5734     2.4103     2.2902 0.0000e+00
     29.000    11.0782   3.577833    31.6801        852     0.5912     2.4182     2.2864 0.0000e+00
     30.000    11.1018   3.581903    31.6994        878     0.6092     2.4317     2.2851 0.0000e+00
     31.000    11.1471   3.589170    31.7314        905     0.6277     2.4460     2.2857 0.0000e+00
     32.000    11.2130   3.599750    31.7780        932     0.6468     2.4471     2.2853 0.0000e+00
     33.000    11.3554   3.621876    31.8714        960     0.6657     2.4461     2.2807 0.0000e+00
     34.000    11.4741   3.640856    31.9541        985     0.6832     2.4427     2.2702 0.0000e+00
     35.000    11.5796   3.657837    32.0280       1009     0.6999     2.4350     2.2579 0.0000e+00
     36.000    11.6144   3.665044    32.0677       1034     0.7170     2.4101     2.2336 0.0000e+00
     37.000    11.6275   3.672105    32.1247       1060     0.7352     2.3682     2.1987 0.0000e+00
     38.000    11.5956   3.674334    32.1736       1087     0.7543     2.3232     2.1606 0.0000e+00
     39.000    11.5294   3.674844    32.2357       1115     0.7738     2.2834     2.1306 0.0000e+00
     40.000    11.5047   3.674559    32.2540       1143     0.7930     2.2513     2.1056 0.0000e+00
     41.000    11.4926   3.674296    32.2615       1170     0.8115     2.2259     2.0807 0.0000e+00
     42.000    11.4742   3.673845    32.2728       1196     0.8296     2.2040     2.0620 0.0000e+00
     43.000    11.4183   3.671903    32.3021       1221     0.8470     2.1887     2.0494 0.0000e+00
     44.000    11.3326   3.667679    32.3354       1246     0.8645     2.1779     2.0403 0.0000e+00
     45.000    11.3120   3.666282    32.3393       1272     0.8824     2.1662     2.0307 0.0000e+00
     46.000    11.2985   3.665494    32.3430       1300     0.9017     2.1530     2.0195 0.0000e+00
     47.000    11.2893   3.664956    32.3453       1327     0.9210     2.1387     2.0073 0.0000e+00
     48.000    11.2901   3.665009    32.3447       1353     0.9389     2.1267     1.9985 0.0000e+00
     49.000    11.2771   3.664326    32.3490       1377     0.9558     2.1211     1.9943 0.0000e+00
     50.000    11.2064   3.660317    32.3712       1402     0.9731     2.1167     1.9940 0.0000e+00
     51.000    11.0922   3.653026    32.3994       1430     0.9921     2.1112     1.9922 0.0000e+00
     52.000    11.0190   3.648194    32.4158       1458     1.0117     2.1046     1.9845 0.0000e+00
     53.000    10.9416   3.643179    32.4342       1485     1.0306     2.0919     1.9693 0.0000e+00
     54.000    10.9085   3.640795    32.4394       1511     1.0485     2.0742     1.9540 0.0000e+00
     55.000    10.8981   3.640004    32.4404       1537     1.0664     2.0562     1.9430 0.0000e+00
     56.000    10.8886   3.639267    32.4410       1563     1.0849     2.0461     1.9325 0.0000e+00
     57.000    10.8812   3.638770    32.4422       1589     1.1031     2.0382     1.9263 0.0000e+00
     58.000    10.8522   3.636860    32.4485       1615     1.1205     2.0337     1.9225 0.0000e+00
     59.000    10.8181   3.634600    32.4558       1639     1.1376     2.0292     1.9179 0.0000e+00
     60.000    10.8049   3.633702    32.4582       1665     1.1554     2.0263     1.9148 0.0000e+00
     61.000    10.8029   3.633545    32.4580       1692     1.1745     2.0212     1.9116 0.0000e+00
     62.000    10.7963   3.633357    32.4616       1722     1.1950     2.0197     1.9055 0.0000e+00
     63.000    10.7840   3.632684    32.4653       1749     1.2141     2.0190     1.9021 0.0000e+00
     64.000    10.7791   3.632419    32.4667       1762     1.2227     2.0195     1.9019 0.0000e+00
     63.000    10.7630   3.630972    32.4670       2210     1.5337     2.0021     1.8863 0.0000e+00
     62.000    10.7771   3.631696    32.4621       2419     1.6790     2.0065     1.8860 0.0000e+00
     61.000    10.7924   3.632544    32.4574       2431     1.6874     2.0071     1.8850 0.0000e+00
     60.000    10.7946   3.632590    32.4563       2457     1.7054     2.0068     1.8881 0.0000e+00
     59.000    10.7999   3.632669    32.4528       2481     1.7225     2.0102     1.8916 0.0000e+00
     58.000    10.8291   3.634239    32.4429       2506     1.7393     2.0116     1.8943 0.0000e+00
     57.000    10.8551   3.636067    32.4385       2531     1.7566     2.0130     1.8948 0.0000e+00
     56.000    10.8692   3.637112    32.4368       2556     1.7742     2.0134     1.8927 0.0000e+00
     55.000    10.8795   3.637788    32.4349       2582     1.7924     2.0155     1.8945 0.0000e+00
     54.000    10.8897   3.638500    32.4333       2608     1.8105     2.0197     1.8975 0.0000e+00
     53.000    10.8989   3.639026    32.4308       2633     1.8278     2.0217     1.9021 0.0000e+00
     52.000    10.9224   3.640402    32.4241       2658     1.8450     2.0238     1.9055 0.0000e+00
     51.000    10.9644   3.643086    32.4140       2683     1.8623     2.0268     1.9079 0.0000e+00
     50.000    10.9936   3.644861    32.4061       2707     1.8794     2.0307     1.9110 0.0000e+00
     49.000    11.1661   3.654787    32.3526       2732     1.8968     2.0340     1.9132 0.0000e+00
     48.000    11.2668   3.661984    32.3354       2758     1.9149     2.0425     1.9181 0.0000e+00
     47.000    11.2750   3.662964    32.3383       2785     1.9336     2.0562     1.9307 0.0000e+00
     46.000    11.2908   3.663965    32.3347       2812     1.9523     2.0755     1.9467 0.0000e+00
     45.000    11.2924   3.664160    32.3356       2837     1.9697     2.0881     1.9578 0.0000e+00
     44.000    11.3004   3.664644    32.3338       2861     1.9864     2.0950     1.9679 0.0000e+00
     43.000    11.3071   3.665021    32.3321       2886     2.0033     2.1008     1.9766 0.0000e+00
     42.000    11.3335   3.666393    32.3228       2910     2.0204     2.1052     1.9824 0.0000e+00
     41.000    11.4004   3.669406    32.2942       2936     2.0382     2.1112     1.9879 0.0000e+00
     40.000    11.4558   3.671980    32.2715       2962     2.0564     2.1171     1.9927 0.0000e+00
     39.000    11.4779   3.672961    32.2622       2989     2.0748     2.1246     1.9995 0.0000e+00
     38.000    11.4966   3.673602    32.2525       3015     2.0930     2.1318     2.0061 0.0000e+00
     37.000    11.5243   3.673763    32.2304       3040     2.1103     2.1353     2.0113 0.0000e+00
     36.000    11.5861   3.673557    32.1751       3064     2.1273     2.1417     2.0173 0.0000e+00
     35.000    11.6175   3.672589    32.1389       3089     2.1446     2.1532     2.0242 0.0000e+00
     34.000    11.6104   3.666419    32.0854       3116     2.1631     2.1700     2.0351 0.0000e+00
     33.000    11.5778   3.659607    32.0476       3143     2.1821     2.1840     2.0481 0.0000e+00
     32.000    11.4914   3.646619    31.9962       3169     2.2003     2.1920     2.0598 0.0000e+00
     31.000    11.3648   3.626685    31.9113       3194     2.2172     2.2082     2.0761 0.0000e+00
     30.000    11.2589   3.609691    31.8368       3218     2.2338     2.2296     2.0954 0.0000e+00
     29.000    11.1706   3.594590    31.7652       3243     2.2510     2.2540     2.1166 0.0000e+00
     28.000    11.1170   3.585105    31.7187       3269     2.2694     2.2884     2.1521 0.0000e+00
     27.000    11.0823   3.579110    31.6900       3297     2.2888     2.3266     2.1926 0.0000e+00
     26.000    11.0664   3.576414    31.6776       3324     2.3077     2.3535     2.2241 0.0000e+00
     25.000    11.0595   3.575041    31.6705       3350     2.3255     2.3725     2.2458 0.0000e+00
     24.000    11.0594   3.574577    31.6664       3374     2.3427     2.3907     2.2588 0.0000e+00
     23.000    11.0555   3.573843    31.6630       3399     2.3595     2.4024     2.2649 0.0000e+00
     22.000    11.0544   3.573609    31.6620       3423     2.3765     2.4055     2.2682 0.0000e+00
     21.000    11.0524   3.573228    31.6605       3449     2.3945     2.4077     2.2756 0.0000e+00
     20.000    11.0440   3.572063    31.6566       3476     2.4131     2.4064     2.2840 0.0000e+00
     19.000    11.0442   3.571894    31.6552       3503     2.4321     2.4028     2.2850 0.0000e+00
     18.000    11.0424   3.571647    31.6547       3530     2.4504     2.3964     2.2849 0.0000e+00
     17.000    11.0415   3.571424    31.6537       3554     2.4675     2.3785     2.2870 0.0000e+00
     16.000    11.0414   3.571370    31.6537       3578     2.4837     2.3479     2.2879 0.0000e+00
     15.000    11.0404   3.571202    31.6533       3601     2.5000     2.3114     2.2905 0.0000e+00
     14.000    11.0368   3.570725    31.6521       3626     2.5173     2.2761     2.2928 0.0000e+00
     13.000    11.0368   3.570594    31.6513       3654     2.5367     2.2365     2.2940 0.0000e+00
     12.000    11.0364   3.570518    31.6513       3684     2.5573     2.1847     2.2909 0.0000e+00
     11.000    11.0348   3.570293    31.6509       3710     2.5760     2.1426     2.2914 0.0000e+00
     10.000    11.0285   3.569539    31.6493       3735     2.5928     2.1175     2.2926 0.0000e+00
      9.000    11.0271   3.569322    31.6487       3758     2.6089     2.1032     2.2921 0.0000e+00
      8.000    11.0264   3.569004    31.6466       3781     2.6252     2.1021     2.2898 0.0000e+00
      7.000    11.0256   3.569050    31.6482       3805     2.6419     2.1147     2.2893 0.0000e+00
      6.000    11.0253   3.568947    31.6479       3831     2.6597     2.1377     2.2915 0.0000e+00
      5.000    11.0262   3.568994    31.6480       3860     2.6796     2.3366     2.2948 0.0000e+00
      4.000    11.0248   3.568895    31.6486       3889     2.6998     2.6960     2.2951 0.0000e+00
      3.000    11.0141   3.567896    31.6484       3977     2.7613     2.8410     2.2920 0.0000e+00
      2.000    11.0121   3.567719    31.6488       4089     2.8391     2.8324     2.2953 0.0000e+00
