HB2304/ctd105.cnv
* Sea-Bird SBE 9 Data File:
* FileName = C:\cruise\data\ctd105.hex
* Software Version Seasave V 7.26.7.121
* Temperature SN = 4591
* Conductivity SN = 3741
* Number of Bytes Per Scan = 37
* Number of Voltage Words = 4
* Number of Scans Averaged by the Deck Unit = 1
* NMEA Latitude = 40 00.56 N
* NMEA Longitude = 070 55.75 W
* NMEA UTC (Time) = Oct 12 2023  09:36:04
* NMEA baud rate = 4800
** Ship: Bigelow HB2304
** Program:  Fall Bottom Trawl Survey
** Chief Scientist: John Galbraith
# nquan = 7
# nvalues = 532                         
# units = specified
# name 0 = depSM: Depth [salt water, m]
# name 1 = t090C: Temperature [ITS-90, deg C]
# name 2 = c0S/m: Conductivity [S/m]
# name 3 = sal00: Salinity, Practical [PSU]
# name 4 = scan: Scan Count
# name 5 = timeM: Time, Elapsed [minutes]
# name 6 = flag: flag
# span 0 =      2.000,    268.000       
# span 1 =     9.8451,    16.3340       
# span 2 =   3.652584,   4.138832       
# span 3 =    32.4727,    35.3374       
# span 4 =        122,      15081       
# span 5 =     0.0837,    10.4719       
# span 6 = 0.0000e+00, 0.0000e+00       
# interval = meters: 1                  
# start_time = Oct 12 2023 09:36:04 [NMEA time, header]
# bad_flag = -9.990e-29
*END*
[from data line 206]
    209.000    11.1261   3.949947    35.2428       5633     3.9114 0.0000e+00
    210.000    11.1191   3.949154    35.2412       5657     3.9281 0.0000e+00
    211.000    11.1183   3.949030    35.2402       5690     3.9510 0.0000e+00
    212.000    11.1807   3.955326    35.2427       5728     3.9769 0.0000e+00
    213.000    11.2039   3.958455    35.2512       5751     3.9931 0.0000e+00
    214.000    11.1723   3.955353    35.2502       5770     4.0062 0.0000e+00
    215.000    11.1513   3.953185    35.2481       5790     4.0201 0.0000e+00
    216.000    11.1156   3.948864    35.2389       5818     4.0397 0.0000e+00
    217.000    11.1133   3.948528    35.2373       5861     4.0698 0.0000e+00
    218.000    11.1171   3.949062    35.2385       5893     4.0916 0.0000e+00
    219.000    11.1160   3.949284    35.2413       5912     4.1048 0.0000e+00
    220.000    11.1089   3.948892    35.2438       5927     4.1156 0.0000e+00
    221.000    11.1009   3.948322    35.2453       5943     4.1265 0.0000e+00
    222.000    11.0953   3.948215    35.2492       5962     4.1399 0.0000e+00
    223.000    11.0919   3.947974    35.2496       6012     4.1741 0.0000e+00
    224.000    11.0815   3.947226    35.2516       6061     4.2085 0.0000e+00
    225.000    11.0781   3.946935    35.2515       6078     4.2201 0.0000e+00
    226.000    11.0780   3.946967    35.2515       6093     4.2303 0.0000e+00
    227.000    11.0733   3.946568    35.2516       6107     4.2404 0.0000e+00
    228.000    11.0664   3.946066    35.2527       6126     4.2531 0.0000e+00
    229.000    11.0574   3.945358    35.2539       6166     4.2811 0.0000e+00
    230.000    11.0530   3.945092    35.2549       6211     4.3127 0.0000e+00
    231.000    11.0439   3.944483    35.2571       6232     4.3272 0.0000e+00
    232.000    11.0436   3.944551    35.2576       6251     4.3404 0.0000e+00
    233.000    11.0405   3.944415    35.2588       6271     4.3542 0.0000e+00
    234.000    11.0550   3.947896    35.2792       6294     4.3700 0.0000e+00
    235.000    11.0713   3.950943    35.2935       6322     4.3898 0.0000e+00
    236.000    11.0741   3.951612    35.2970       6360     4.4161 0.0000e+00
    237.000    11.0781   3.952174    35.2984       6394     4.4399 0.0000e+00
    238.000    11.0812   3.952699    35.3002       6418     4.4564 0.0000e+00
    239.000    11.0870   3.953674    35.3039       6438     4.4701 0.0000e+00
    240.000    11.0931   3.954870    35.3094       6458     4.4838 0.0000e+00
    241.000    11.0926   3.955109    35.3119       6482     4.5007 0.0000e+00
    242.000    11.0945   3.956299    35.3215       6516     4.5244 0.0000e+00
    243.000    11.0952   3.956811    35.3254       6546     4.5452 0.0000e+00
    244.000    11.0962   3.956836    35.3243       6567     4.5595 0.0000e+00
    245.000    11.0968   3.957058    35.3255       6586     4.5730 0.0000e+00
    246.000    11.0943   3.957021    35.3271       6612     4.5912 0.0000e+00
    247.000    11.0894   3.956583    35.3270       6658     4.6229 0.0000e+00
    248.000    11.0806   3.955287    35.3220       6690     4.6453 0.0000e+00
    249.000    11.0700   3.954478    35.3237       6710     4.6588 0.0000e+00
    250.000    11.0635   3.954064    35.3253       6727     4.6711 0.0000e+00
    251.000    11.0420   3.952374    35.3286       6747     4.6850 0.0000e+00
    252.000    10.9621   3.944901    35.3303       6776     4.7049 0.0000e+00
    253.000    10.9179   3.940007    35.3235       6812     4.7296 0.0000e+00
    254.000    10.8716   3.935625    35.3237       6836     4.7465 0.0000e+00
    255.000    10.8427   3.932396    35.3187       6856     4.7604 0.0000e+00
    256.000    10.8088   3.929285    35.3197       6879     4.7766 0.0000e+00
    257.000    10.7569   3.923812    35.3143       6916     4.8023 0.0000e+00
    258.000    10.7370   3.921695    35.3118       6950     4.8254 0.0000e+00
    259.000    10.7288   3.920879    35.3110       6971     4.8401 0.0000e+00
    260.000    10.6947   3.917668    35.3111       6991     4.8543 0.0000e+00
    261.000    10.4923   3.898573    35.3138       7016     4.8719 0.0000e+00
    262.000    10.3365   3.883393    35.3106       7050     4.8954 0.0000e+00
    263.000    10.2642   3.875197    35.2971       7081     4.9168 0.0000e+00
    264.000    10.2223   3.871484    35.2995       7104     4.9326 0.0000e+00
    265.000    10.1563   3.865148    35.2988       7125     4.9469 0.0000e+00
    266.000    10.1068   3.860021    35.2942       7147     4.9628 0.0000e+00
    267.000    10.1037   3.859395    35.2903       7175     4.9820 0.0000e+00
    268.000     9.9640   3.844758    35.2765       7890     5.4783 0.0000e+00
    267.000    10.0814   3.856052    35.2780       7893     5.4802 0.0000e+00
    266.000    10.1099   3.858701    35.2777       8210     5.7005 0.0000e+00
    265.000    10.1165   3.859198    35.2768       8257     5.7335 0.0000e+00
    264.000    10.1468   3.861565    35.2719       8269     5.7416 0.0000e+00
    263.000    10.1931   3.865987    35.2725       8284     5.7522 0.0000e+00
    262.000    10.2225   3.868798    35.2729       8303     5.7651 0.0000e+00
    261.000    10.2594   3.872658    35.2768       8336     5.7883 0.0000e+00
    260.000    10.4559   3.890929    35.2722       8394     5.8282 0.0000e+00
    259.000    10.5247   3.897366    35.2711       8418     5.8448 0.0000e+00
    258.000    10.6116   3.906091    35.2757       8433     5.8556 0.0000e+00
    257.000    10.6473   3.909981    35.2809       8447     5.8651 0.0000e+00
    256.000    10.6806   3.913360    35.2833       8461     5.8748 0.0000e+00
    255.000    10.7064   3.916438    35.2898       8478     5.8870 0.0000e+00
    254.000    10.7733   3.923372    35.2955       8539     5.9289 0.0000e+00
    253.000    10.8212   3.928366    35.2999       8579     5.9569 0.0000e+00
    252.000    10.8181   3.928036    35.3000       8594     5.9672 0.0000e+00
    251.000    10.8484   3.930703    35.2980       8608     5.9772 0.0000e+00
    250.000    10.8743   3.933584    35.3024       8624     5.9880 0.0000e+00
    249.000    10.8984   3.936064    35.3046       8646     6.0033 0.0000e+00
    248.000    10.9706   3.942836    35.3033       8681     6.0280 0.0000e+00
    247.000    11.0315   3.949577    35.3126       8713     6.0498 0.0000e+00
    246.000    11.0468   3.950687    35.3095       8737     6.0670 0.0000e+00
    245.000    11.0489   3.951097    35.3120       8765     6.0860 0.0000e+00
    244.000    11.0820   3.953807    35.3078       8795     6.1067 0.0000e+00
    243.000    11.0869   3.954451    35.3099       8820     6.1242 0.0000e+00
    242.000    11.0880   3.954479    35.3096       8842     6.1398 0.0000e+00
    241.000    11.0879   3.954354    35.3089       8866     6.1562 0.0000e+00
    240.000    11.0855   3.953860    35.3067       8895     6.1761 0.0000e+00
    239.000    11.0845   3.953346    35.3030       8925     6.1975 0.0000e+00
    238.000    11.0791   3.952517    35.3003       8951     6.2154 0.0000e+00
    237.000    11.0757   3.952064    35.2996       8974     6.2316 0.0000e+00
    236.000    11.0718   3.951565    35.2988       8997     6.2474 0.0000e+00
    235.000    11.0633   3.950009    35.2919       9020     6.2632 0.0000e+00
    234.000    11.0498   3.947171    35.2769       9044     6.2802 0.0000e+00
    233.000    11.0450   3.944690    35.2572       9073     6.2998 0.0000e+00
    232.000    11.0470   3.944355    35.2524       9102     6.3200 0.0000e+00
    231.000    11.0468   3.944343    35.2529       9128     6.3380 0.0000e+00
    230.000    11.0465   3.944215    35.2524       9156     6.3579 0.0000e+00
    229.000    11.0484   3.944163    35.2505       9191     6.3818 0.0000e+00
    228.000    11.0524   3.944332    35.2488       9218     6.4005 0.0000e+00
    227.000    11.0535   3.944365    35.2485       9238     6.4143 0.0000e+00
    226.000    11.0538   3.944358    35.2486       9256     6.4270 0.0000e+00
    225.000    11.0610   3.944765    35.2462       9276     6.4410 0.0000e+00
    224.000    11.0721   3.945619    35.2446       9303     6.4596 0.0000e+00
    223.000    11.0763   3.945962    35.2444       9338     6.4842 0.0000e+00
    222.000    11.0812   3.946322    35.2438       9368     6.5051 0.0000e+00
    221.000    11.0914   3.946893    35.2401       9390     6.5200 0.0000e+00
    220.000    11.0962   3.947126    35.2383       9409     6.5336 0.0000e+00
    219.000    11.1038   3.947674    35.2369       9431     6.5486 0.0000e+00
    218.000    11.1085   3.948058    35.2367       9465     6.5722 0.0000e+00
    217.000    11.1077   3.947567    35.2331       9508     6.6019 0.0000e+00
    216.000    11.1081   3.947558    35.2331       9534     6.6202 0.0000e+00
    215.000    11.1097   3.947635    35.2327       9555     6.6350 0.0000e+00
    214.000    11.1116   3.947833    35.2334       9575     6.6489 0.0000e+00
    213.000    11.1143   3.948004    35.2329       9594     6.6619 0.0000e+00
    212.000    11.1144   3.947959    35.2328       9612     6.6744 0.0000e+00
    211.000    11.1151   3.947917    35.2322       9630     6.6870 0.0000e+00
    210.000    11.1154   3.947919    35.2323       9652     6.7018 0.0000e+00
    209.000    11.1941   3.956394    35.2419       9709     6.7419 0.0000e+00
    208.000    11.2545   3.963365    35.2539       9756     6.7740 0.0000e+00
    207.000    11.2901   3.967142    35.2578       9770     6.7841 0.0000e+00
    206.000    11.3106   3.969513    35.2622       9783     6.7932 0.0000e+00
    205.000    11.3284   3.972152    35.2719       9796     6.8022 0.0000e+00
    204.000    11.3327   3.972463    35.2713       9811     6.8126 0.0000e+00
    203.000    11.3363   3.972998    35.2736       9836     6.8297 0.0000e+00
    202.000    11.4007   3.979892    35.2808       9894     6.8699 0.0000e+00
    201.000    11.4426   3.985084    35.2927       9923     6.8902 0.0000e+00
    200.000    11.4478   3.985781    35.2951       9941     6.9026 0.0000e+00
    199.000    11.4447   3.985694    35.2976       9958     6.9146 0.0000e+00
    198.000    11.4486   3.986067    35.2980       9977     6.9281 0.0000e+00
    197.000    11.4230   3.982850    35.2911      10004     6.9468 0.0000e+00
    196.000    11.4294   3.983885    35.2957      10041     6.9720 0.0000e+00
    195.000    11.4763   3.987088    35.2831      10074     6.9953 0.0000e+00
    194.000    11.6598   4.006525    35.3004      10099     7.0125 0.0000e+00
    193.000    11.7192   4.013146    35.3095      10118     7.0260 0.0000e+00
    192.000    11.7363   4.014805    35.3100      10136     7.0380 0.0000e+00
    191.000    11.7595   4.017224    35.3122      10155     7.0516 0.0000e+00
    190.000    11.8089   4.021325    35.3060      10191     7.0767 0.0000e+00
    189.000    11.8420   4.023710    35.2985      10237     7.1081 0.0000e+00
    188.000    11.8450   4.023735    35.2962      10257     7.1222 0.0000e+00
    187.000    11.8528   4.023480    35.2868      10275     7.1344 0.0000e+00
    186.000    11.8707   4.023893    35.2744      10292     7.1464 0.0000e+00
    185.000    11.8819   4.024649    35.2716      10311     7.1599 0.0000e+00
    184.000    11.9057   4.026466    35.2673      10337     7.1781 0.0000e+00
    183.000    11.9590   4.031752    35.2690      10377     7.2054 0.0000e+00
    182.000    11.9730   4.033002    35.2684      10412     7.2295 0.0000e+00
    181.000    12.0075   4.035863    35.2642      10435     7.2458 0.0000e+00
    180.000    12.0025   4.035489    35.2657      10456     7.2603 0.0000e+00
    179.000    11.9755   4.032230    35.2598      10477     7.2748 0.0000e+00
    178.000    11.9389   4.027512    35.2488      10500     7.2911 0.0000e+00
    177.000    11.9338   4.026277    35.2419      10531     7.3126 0.0000e+00
    176.000    11.9224   4.024664    35.2373      10566     7.3369 0.0000e+00
    175.000    11.9221   4.023991    35.2315      10590     7.3535 0.0000e+00
    174.000    11.9358   4.025396    35.2328      10608     7.3663 0.0000e+00
    173.000    11.9424   4.026023    35.2331      10627     7.3789 0.0000e+00
    172.000    11.9445   4.026093    35.2323      10649     7.3946 0.0000e+00
    171.000    11.9438   4.025659    35.2291      10683     7.4180 0.0000e+00
    170.000    11.9442   4.025329    35.2259      10722     7.4450 0.0000e+00
    169.000    11.9413   4.024912    35.2251      10750     7.4644 0.0000e+00
    168.000    11.9573   4.025933    35.2204      10770     7.4784 0.0000e+00
    167.000    11.9825   4.028488    35.2219      10788     7.4912 0.0000e+00
    166.000    11.9988   4.030224    35.2240      10809     7.5053 0.0000e+00
    165.000    12.0064   4.031113    35.2259      10836     7.5241 0.0000e+00
    164.000    12.0167   4.032208    35.2273      10872     7.5493 0.0000e+00
    163.000    12.0169   4.032108    35.2266      10902     7.5704 0.0000e+00
    162.000    12.0187   4.031844    35.2228      10926     7.5865 0.0000e+00
    161.000    12.0162   4.031002    35.2173      10947     7.6013 0.0000e+00
    160.000    12.0058   4.029227    35.2103      10969     7.6164 0.0000e+00
    159.000    11.9774   4.024720    35.1935      10993     7.6337 0.0000e+00
    158.000    11.9423   4.019066    35.1718      11023     7.6539 0.0000e+00
    157.000    11.9223   4.015973    35.1609      11054     7.6756 0.0000e+00
    156.000    11.8964   4.012703    35.1538      11082     7.6951 0.0000e+00
    155.000    11.8772   4.009996    35.1459      11107     7.7128 0.0000e+00
    154.000    11.8800   4.010193    35.1456      11131     7.7291 0.0000e+00
    153.000    11.8730   4.009383    35.1447      11153     7.7445 0.0000e+00
    152.000    11.8330   4.005093    35.1409      11176     7.7607 0.0000e+00
    151.000    11.7212   3.990366    35.1025      11207     7.7818 0.0000e+00
    150.000    11.6461   3.979020    35.0624      11244     7.8074 0.0000e+00
    149.000    11.6635   3.979899    35.0550      11269     7.8247 0.0000e+00
    148.000    11.6591   3.979311    35.0539      11287     7.8374 0.0000e+00
    147.000    11.6625   3.979581    35.0537      11304     7.8491 0.0000e+00
    146.000    11.6636   3.979233    35.0497      11322     7.8622 0.0000e+00
    145.000    11.6537   3.977661    35.0441      11351     7.8818 0.0000e+00
    144.000    11.6511   3.976512    35.0356      11398     7.9146 0.0000e+00
    143.000    11.6641   3.977720    35.0357      11434     7.9398 0.0000e+00
    142.000    11.6763   3.978802    35.0352      11458     7.9564 0.0000e+00
    141.000    11.7005   3.981077    35.0352      11478     7.9698 0.0000e+00
    140.000    11.7063   3.981903    35.0383      11495     7.9819 0.0000e+00
    139.000    11.6801   3.978611    35.0311      11512     7.9938 0.0000e+00
    138.000    11.6349   3.972998    35.0191      11530     8.0063 0.0000e+00
    137.000    11.5851   3.966825    35.0057      11552     8.0213 0.0000e+00
    136.000    11.5253   3.958728    34.9828      11594     8.0506 0.0000e+00
    135.000    11.4992   3.954609    34.9673      11653     8.0915 0.0000e+00
    134.000    11.5087   3.955297    34.9656      11672     8.1051 0.0000e+00
    133.000    11.5265   3.956819    34.9642      11689     8.1166 0.0000e+00
    132.000    11.5449   3.958288    34.9618      11704     8.1272 0.0000e+00
    131.000    11.5584   3.959600    34.9624      11720     8.1382 0.0000e+00
    130.000    11.5759   3.961384    34.9638      11738     8.1508 0.0000e+00
    129.000    11.5859   3.962016    34.9611      11763     8.1678 0.0000e+00
    128.000    11.5974   3.962242    34.9530      11802     8.1950 0.0000e+00
    127.000    11.5958   3.961161    34.9443      11849     8.2279 0.0000e+00
    126.000    11.6342   3.963241    34.9290      11877     8.2471 0.0000e+00
    125.000    11.6954   3.968985    34.9283      11895     8.2597 0.0000e+00
    124.000    11.7471   3.973983    34.9292      11911     8.2707 0.0000e+00
