HB2304/ctd176.cnv
* Sea-Bird SBE 9 Data File:
* FileName = C:\cruise\data\ctd176.hex
* Software Version Seasave V 7.26.7.121
* Temperature SN = 4591
* Conductivity SN = 3741
* Number of Bytes Per Scan = 37
* Number of Voltage Words = 4
* Number of Scans Averaged by the Deck Unit = 1
* NMEA Latitude = 43 08.78 N
* NMEA Longitude = 069 57.82 W
* NMEA UTC (Time) = Nov 09 2023 11:53:19
* NMEA baud rate = 4800
** Ship: Bigelow HB2304
** Program:  Fall Bottom Trawl Survey
** Chief Scientist: John Galbraith
# nquan = 9
# nvalues = 295                         
# units = specified
# name 0 = depSM: Depth [salt water, m]
# name 1 = t090C: Temperature [ITS-90, deg C]
# name 2 = c0S/m: Conductivity [S/m]
# name 3 = sal00: Salinity, Practical [PSU]
# name 4 = scan: Scan Count
# name 5 = timeM: Time, Elapsed [minutes]
# name 6 = sbeox0V: Oxygen raw, SBE 43 [V]
# name 7 = sbeox1V: Oxygen raw, SBE 43, 2 [V]
# name 8 = flag: flag
# span 0 =      1.000,    149.000       
# span 1 =     7.8264,    11.6582       
# span 2 =   3.443533,   3.683397       
# span 3 =    31.5988,    33.8084       
# span 4 =        143,       9705       
# span 5 =     0.0988,     6.7392       
# span 6 =     1.5541,     4.6982       
# span 7 =     1.4661,     2.2894       
# span 8 = 0.0000e+00, 0.0000e+00       
# interval = meters: 1                  
# start_time = Nov 09 2023 11:53:19 [NMEA time, header]
# bad_flag = -9.990e-29
*END*
[from data line 161]
    134.000     7.8754   3.450819    33.2295       5310     3.6866     1.6017     1.5082 0.0000e+00
    133.000     7.8976   3.447035    33.1684       5339     3.7071     1.6138     1.5158 0.0000e+00
    132.000     7.9108   3.444346    33.1276       5369     3.7279     1.6297     1.5258 0.0000e+00
    131.000     7.9326   3.444361    33.1076       5396     3.7465     1.6431     1.5377 0.0000e+00
    130.000     7.9408   3.444048    33.0969       5420     3.7635     1.6522     1.5479 0.0000e+00
    129.000     7.9494   3.443925    33.0880       5445     3.7809     1.6601     1.5579 0.0000e+00
    128.000     7.9622   3.444262    33.0799       5471     3.7983     1.6668     1.5661 0.0000e+00
    127.000     7.9703   3.444083    33.0708       5495     3.8152     1.6723     1.5716 0.0000e+00
    126.000     7.9780   3.443533    33.0581       5520     3.8325     1.6778     1.5766 0.0000e+00
    125.000     7.9932   3.444007    33.0494       5549     3.8526     1.6820     1.5826 0.0000e+00
    124.000     8.0079   3.444949    33.0459       5583     3.8764     1.6876     1.5895 0.0000e+00
    123.000     8.0142   3.445390    33.0452       5613     3.8970     1.6919     1.5952 0.0000e+00
    122.000     8.0239   3.445920    33.0422       5639     3.9156     1.6950     1.5983 0.0000e+00
    121.000     8.0422   3.447056    33.0375       5667     3.9346     1.6968     1.5992 0.0000e+00
    120.000     8.0800   3.449950    33.0331       5694     3.9537     1.6991     1.6007 0.0000e+00
    119.000     8.1100   3.452284    33.0302       5722     3.9728     1.7017     1.6024 0.0000e+00
    118.000     8.1699   3.456745    33.0216       5752     3.9939     1.7034     1.6028 0.0000e+00
    117.000     8.1969   3.458631    33.0167       5781     4.0140     1.7045     1.6044 0.0000e+00
    116.000     8.2128   3.459271    33.0090       5807     4.0320     1.7052     1.6043 0.0000e+00
    115.000     8.2464   3.461238    32.9988       5832     4.0496     1.7061     1.6051 0.0000e+00
    114.000     8.3125   3.465436    32.9816       5860     4.0686     1.7069     1.6058 0.0000e+00
    113.000     8.4381   3.475302    32.9687       5888     4.0885     1.7103     1.6090 0.0000e+00
    112.000     8.5276   3.483350    32.9702       5915     4.1071     1.7161     1.6132 0.0000e+00
    111.000     8.6223   3.492439    32.9778       5941     4.1251     1.7228     1.6195 0.0000e+00
    110.000     8.6782   3.497854    32.9829       5969     4.1448     1.7311     1.6288 0.0000e+00
    109.000     8.7124   3.501147    32.9861       5998     4.1648     1.7411     1.6366 0.0000e+00
    108.000     8.7482   3.504000    32.9831       6024     4.1829     1.7492     1.6463 0.0000e+00
    107.000     8.8065   3.508152    32.9727       6050     4.2010     1.7550     1.6528 0.0000e+00
    106.000     8.9013   3.515816    32.9650       6079     4.2206     1.7628     1.6573 0.0000e+00
    105.000     8.8474   3.509562    32.9503       6107     4.2404     1.7694     1.6625 0.0000e+00
    104.000     8.8130   3.502919    32.9134       6135     4.2595     1.7714     1.6666 0.0000e+00
    103.000     8.9011   3.511314    32.9197       6163     4.2791     1.7690     1.6682 0.0000e+00
    102.000     8.9271   3.513916    32.9232       6192     4.2990     1.7681     1.6640 0.0000e+00
    101.000     8.8798   3.507251    32.8980       6220     4.3187     1.7701     1.6634 0.0000e+00
    100.000     8.8521   3.502137    32.8708       6247     4.3373     1.7732     1.6659 0.0000e+00
     99.000     8.8330   3.497124    32.8367       6273     4.3555     1.7730     1.6675 0.0000e+00
     98.000     8.9139   3.499856    32.7909       6300     4.3745     1.7692     1.6676 0.0000e+00
     97.000     8.9217   3.498514    32.7701       6328     4.3938     1.7681     1.6637 0.0000e+00
     96.000     8.9324   3.499160    32.7674       6355     4.4127     1.7700     1.6596 0.0000e+00
     95.000     8.9368   3.499247    32.7647       6382     4.4316     1.7717     1.6641 0.0000e+00
     94.000     8.9470   3.499985    32.7635       6411     4.4514     1.7717     1.6636 0.0000e+00
     93.000     8.9710   3.501984    32.7626       6440     4.4715     1.7716     1.6652 0.0000e+00
     92.000     9.0340   3.507795    32.7653       6468     4.4907     1.7719     1.6661 0.0000e+00
     91.000     9.0603   3.510481    32.7694       6494     4.5092     1.7735     1.6696 0.0000e+00
     90.000     9.0536   3.509286    32.7637       6522     4.5281     1.7772     1.6738 0.0000e+00
     89.000     9.0780   3.510604    32.7554       6549     4.5469     1.7821     1.6754 0.0000e+00
     88.000     9.1035   3.512458    32.7516       6576     4.5657     1.7847     1.6761 0.0000e+00
     87.000     9.1377   3.515019    32.7472       6603     4.5848     1.7878     1.6787 0.0000e+00
     86.000     9.1769   3.517599    32.7383       6631     4.6042     1.7919     1.6793 0.0000e+00
     85.000     9.2178   3.521069    32.7372       6659     4.6236     1.7967     1.6849 0.0000e+00
     84.000     9.2472   3.524176    32.7427       6686     4.6424     1.8017     1.6900 0.0000e+00
     83.000     9.2915   3.527021    32.7319       6713     4.6612     1.8062     1.6941 0.0000e+00
     82.000     9.2647   3.523056    32.7161       6741     4.6805     1.8098     1.7008 0.0000e+00
     81.000     9.2862   3.524819    32.7150       6769     4.6998     1.8109     1.7016 0.0000e+00
     80.000     9.3637   3.531976    32.7183       6796     4.7190     1.8113     1.7035 0.0000e+00
     79.000     9.3866   3.533646    32.7149       6824     4.7383     1.8132     1.7047 0.0000e+00
     78.000     9.4458   3.537154    32.6975       6852     4.7577     1.8167     1.7068 0.0000e+00
     77.000     9.5159   3.542671    32.6906       6879     4.7767     1.8199     1.7134 0.0000e+00
     76.000     9.6491   3.553535    32.6810       6906     4.7949     1.8242     1.7153 0.0000e+00
     75.000     9.7540   3.564378    32.6969       6931     4.8125     1.8330     1.7230 0.0000e+00
     74.000     9.7775   3.566491    32.6976       6958     4.8309     1.8444     1.7355 0.0000e+00
     73.000     9.7621   3.564399    32.6906       6983     4.8488     1.8545     1.7383 0.0000e+00
     72.000     9.7731   3.563435    32.6712       7009     4.8664     1.8600     1.7435 0.0000e+00
     71.000     9.9021   3.574972    32.6721       7036     4.8852     1.8649     1.7497 0.0000e+00
     70.000    10.0087   3.584896    32.6769       7064     4.9052     1.8726     1.7574 0.0000e+00
     69.000    10.1115   3.593655    32.6731       7092     4.9243     1.8827     1.7607 0.0000e+00
     68.000    10.1796   3.599539    32.6717       7117     4.9419     1.8928     1.7696 0.0000e+00
     67.000    10.2379   3.603669    32.6612       7141     4.9583     1.9048     1.7831 0.0000e+00
     66.000    10.2946   3.606633    32.6405       7165     4.9748     1.9191     1.7983 0.0000e+00
     65.000    10.3162   3.606929    32.6245       7190     4.9925     1.9381     1.8135 0.0000e+00
     64.000    10.3360   3.605892    32.5968       7217     5.0109     1.9520     1.8321 0.0000e+00
     63.000    10.3769   3.607388    32.5756       7242     5.0284     1.9557     1.8366 0.0000e+00
     62.000    10.4326   3.610476    32.5571       7268     5.0465     1.9536     1.8355 0.0000e+00
     61.000    10.4824   3.614193    32.5503       7297     5.0664     1.9479     1.8350 0.0000e+00
     60.000    10.5338   3.618747    32.5504       7324     5.0857     1.9423     1.8292 0.0000e+00
     59.000    10.5619   3.619277    32.5310       7349     5.1025     1.9429     1.8301 0.0000e+00
     58.000    10.6230   3.620744    32.4916       7372     5.1188     1.9477     1.8339 0.0000e+00
     57.000    10.6951   3.624757    32.4680       7397     5.1360     1.9518     1.8362 0.0000e+00
     56.000    10.7700   3.629498    32.4491       7424     5.1545     1.9548     1.8408 0.0000e+00
     55.000    10.8573   3.634624    32.4231       7450     5.1730     1.9608     1.8460 0.0000e+00
     54.000    10.9218   3.638731    32.4072       7476     5.1911     1.9738     1.8538 0.0000e+00
     53.000    10.9352   3.639946    32.4079       7504     5.2105     1.9923     1.8665 0.0000e+00
     52.000    10.9470   3.640927    32.4076       7532     5.2302     2.0069     1.8817 0.0000e+00
     51.000    10.9605   3.642009    32.4067       7563     5.2512     2.0167     1.8923 0.0000e+00
     50.000    10.9881   3.643855    32.4010       7594     5.2732     2.0250     1.9047 0.0000e+00
     49.000    11.0354   3.647162    32.3925       7624     5.2935     2.0322     1.9102 0.0000e+00
     48.000    11.0979   3.651812    32.3837       7649     5.3114     2.0382     1.9161 0.0000e+00
     47.000    11.1694   3.656324    32.3657       7673     5.3276     2.0448     1.9218 0.0000e+00
     46.000    11.2168   3.658569    32.3465       7697     5.3445     2.0520     1.9248 0.0000e+00
     45.000    11.2621   3.660988    32.3310       7723     5.3624     2.0626     1.9337 0.0000e+00
     44.000    11.3198   3.665364    32.3239       7748     5.3799     2.0736     1.9446 0.0000e+00
     43.000    11.3450   3.667234    32.3205       7773     5.3974     2.0840     1.9508 0.0000e+00
     42.000    11.3834   3.669501    32.3096       7799     5.4152     2.0922     1.9608 0.0000e+00
     41.000    11.4452   3.673005    32.2903       7825     5.4332     2.0960     1.9700 0.0000e+00
     40.000    11.4810   3.675509    32.2840       7850     5.4504     2.1009     1.9725 0.0000e+00
     39.000    11.5011   3.676666    32.2781       7874     5.4675     2.1060     1.9760 0.0000e+00
     38.000    11.5375   3.678887    32.2685       7902     5.4866     2.1097     1.9847 0.0000e+00
     37.000    11.5653   3.680209    32.2576       7932     5.5073     2.1155     1.9912 0.0000e+00
     36.000    11.5738   3.680731    32.2557       7960     5.5274     2.1203     1.9982 0.0000e+00
     35.000    11.5953   3.682004    32.2498       7988     5.5464     2.1230     1.9977 0.0000e+00
     34.000    11.6345   3.682246    32.2185       8014     5.5644     2.1246     2.0042 0.0000e+00
     33.000    11.6500   3.680909    32.1925       8039     5.5818     2.1294     2.0101 0.0000e+00
     32.000    11.6440   3.675887    32.1492       8064     5.5996     2.1396     2.0131 0.0000e+00
     31.000    11.5742   3.663862    32.0930       8092     5.6189     2.1510     2.0239 0.0000e+00
     30.000    11.4617   3.643457    31.9919       8121     5.6391     2.1651     2.0352 0.0000e+00
     29.000    11.4169   3.633344    31.9322       8150     5.6592     2.1942     2.0628 0.0000e+00
     28.000    11.3939   3.628654    31.9066       8177     5.6781     2.2406     2.1087 0.0000e+00
     27.000    11.3820   3.626262    31.8940       8205     5.6974     2.2863     2.1521 0.0000e+00
     26.000    11.3607   3.621865    31.8698       8235     5.7179     2.3299     2.1877 0.0000e+00
     25.000    11.3476   3.618444    31.8480       8263     5.7378     2.3559     2.2118 0.0000e+00
     24.000    11.3311   3.614734    31.8263       8292     5.7573     2.3723     2.2292 0.0000e+00
     23.000    11.2755   3.605056    31.7800       8319     5.7762     2.3834     2.2392 0.0000e+00
     22.000    11.1780   3.589374    31.7105       8345     5.7941     2.3883     2.2454 0.0000e+00
     21.000    11.0709   3.572506    31.6373       8370     5.8118     2.3913     2.2506 0.0000e+00
     20.000    11.0521   3.569202    31.6215       8397     5.8308     2.3944     2.2556 0.0000e+00
     19.000    11.0383   3.567331    31.6153       8428     5.8523     2.4001     2.2644 0.0000e+00
     18.000    11.0357   3.566754    31.6123       8460     5.8740     2.4058     2.2710 0.0000e+00
     17.000    11.0363   3.566788    31.6125       8487     5.8934     2.4117     2.2752 0.0000e+00
     16.000    11.0350   3.566509    31.6113       8514     5.9115     2.4124     2.2770 0.0000e+00
     15.000    11.0338   3.566274    31.6105       8541     5.9305     2.4069     2.2831 0.0000e+00
     14.000    11.0329   3.566122    31.6101       8570     5.9508     2.4003     2.2827 0.0000e+00
     13.000    11.0329   3.566047    31.6098       8598     5.9699     2.3814     2.2829 0.0000e+00
     12.000    11.0299   3.565732    31.6098       8623     5.9875     2.3450     2.2825 0.0000e+00
     11.000    11.0289   3.565576    31.6095       8650     6.0061     2.3105     2.2821 0.0000e+00
     10.000    11.0300   3.565597    31.6092       8680     6.0273     2.2685     2.2797 0.0000e+00
      9.000    11.0302   3.565569    31.6091       8710     6.0476     2.2285     2.2828 0.0000e+00
      8.000    11.0305   3.565548    31.6091       8734     6.0647     2.1865     2.2874 0.0000e+00
      7.000    11.0289   3.565362    31.6091       8759     6.0820     2.1456     2.2842 0.0000e+00
      6.000    11.0206   3.564516    31.6083       9399     6.5264     1.8456     2.2853 0.0000e+00
      5.000    11.0190   3.564419    31.6091       9515     6.6072     1.8551     2.2845 0.0000e+00
      4.000    11.0136   3.563880    31.6089       9557     6.6361     1.9056     2.2848 0.0000e+00
      3.000    11.0127   3.563752    31.6088       9585     6.6553     2.0774     2.2882 0.0000e+00
      2.000    11.0030   3.562858    31.6088       9638     6.6921     2.3717     2.2894 0.0000e+00
      1.000    10.9711   3.560246    31.6108       9705     6.7392     2.4359     2.2842 0.0000e+00
