HB2304/ctd161.cnv
* Sea-Bird SBE 9 Data File:
* FileName = C:\cruise\data\ctd161.hex
* Software Version Seasave V 7.26.7.121
* Temperature SN = 4591
* Conductivity SN = 3741
* Number of Bytes Per Scan = 37
* Number of Voltage Words = 4
* Number of Scans Averaged by the Deck Unit = 1
* NMEA Latitude = 41 48.18 N
* NMEA Longitude = 068 10.61 W
* NMEA UTC (Time) = Nov 03 2023 16:21:38
* NMEA baud rate = 4800
** Ship: Bigelow HB2304
** Program:  Fall Bottom Trawl Survey
** Chief Scientist: John Galbraith
# nquan = 9
# nvalues = 154                         
# units = specified
# name 0 = depSM: Depth [salt water, m]
# name 1 = t090C: Temperature [ITS-90, deg C]
# name 2 = c0S/m: Conductivity [S/m]
# name 3 = sal00: Salinity, Practical [PSU]
# name 4 = scan: Scan Count
# name 5 = timeM: Time, Elapsed [minutes]
# name 6 = sbeox0V: Oxygen raw, SBE 43 [V]
# name 7 = sbeox1V: Oxygen raw, SBE 43, 2 [V]
# name 8 = flag: flag
# span 0 =      2.000,     79.000       
# span 1 =    10.5512,    13.6165       
# span 2 =   3.597859,   3.833083       
# span 3 =    31.9649,    32.3242       
# span 4 =         84,       5008       
# span 5 =     0.0579,     3.4769       
# span 6 =     1.9519,     2.3959       
# span 7 =     1.8359,     2.2447       
# span 8 = 0.0000e+00, 0.0000e+00       
# interval = meters: 1                  
# start_time = Nov 03 2023 16:21:38 [NMEA time, header]
# bad_flag = -9.990e-29
*END*
      3.000    13.6161   3.832881    31.9745         84     0.0579     2.3959     2.2415 0.0000e+00
      4.000    13.6165   3.833010    31.9750        175     0.1208     2.3912     2.2373 0.0000e+00
      5.000    13.6165   3.833083    31.9753        199     0.1376     2.3909     2.2394 0.0000e+00
      6.000    13.6113   3.832630    31.9750        224     0.1548     2.3892     2.2442 0.0000e+00
      7.000    13.6114   3.832646    31.9747        254     0.1754     2.3889     2.2447 0.0000e+00
      8.000    13.6110   3.832651    31.9747        282     0.1949     2.3905     2.2434 0.0000e+00
      9.000    13.6104   3.832683    31.9751        308     0.2129     2.3887     2.2418 0.0000e+00
     10.000    13.6068   3.832364    31.9747        334     0.2313     2.3883     2.2411 0.0000e+00
     11.000    13.6066   3.832429    31.9751        360     0.2491     2.3844     2.2429 0.0000e+00
     12.000    13.6020   3.832037    31.9749        384     0.2661     2.3841     2.2446 0.0000e+00
     13.000    13.6041   3.832259    31.9748        411     0.2845     2.3858     2.2431 0.0000e+00
     14.000    13.6028   3.832212    31.9751        439     0.3045     2.3891     2.2408 0.0000e+00
     15.000    13.5999   3.831991    31.9750        467     0.3238     2.3859     2.2388 0.0000e+00
     16.000    13.5919   3.831411    31.9759        494     0.3422     2.3815     2.2385 0.0000e+00
     17.000    13.5887   3.831117    31.9755        521     0.3610     2.3780     2.2389 0.0000e+00
     18.000    13.5879   3.831084    31.9755        546     0.3785     2.3761     2.2392 0.0000e+00
     19.000    13.5874   3.831082    31.9755        569     0.3946     2.3751     2.2398 0.0000e+00
     20.000    13.5866   3.831058    31.9756        594     0.4118     2.3731     2.2397 0.0000e+00
     21.000    13.5826   3.830773    31.9758        622     0.4316     2.3712     2.2379 0.0000e+00
     22.000    13.5820   3.830732    31.9756        650     0.4507     2.3708     2.2364 0.0000e+00
     23.000    13.5800   3.830615    31.9758        675     0.4682     2.3694     2.2345 0.0000e+00
     24.000    13.5769   3.830407    31.9761        702     0.4867     2.3670     2.2346 0.0000e+00
     25.000    13.5717   3.830014    31.9764        731     0.5072     2.3654     2.2271 0.0000e+00
     26.000    13.5583   3.829091    31.9786        759     0.5267     2.3638     2.2274 0.0000e+00
     27.000    13.5305   3.826994    31.9819        784     0.5434     2.3619     2.2254 0.0000e+00
     28.000    13.4637   3.821900    31.9900        806     0.5589     2.3598     2.2260 0.0000e+00
     29.000    13.3938   3.816561    31.9985        829     0.5749     2.3547     2.2215 0.0000e+00
     30.000    13.3059   3.809381    32.0049        856     0.5936     2.3443     2.2091 0.0000e+00
     31.000    13.2748   3.806828    32.0067        888     0.6156     2.3257     2.1937 0.0000e+00
     32.000    13.1462   3.797211    32.0245        918     0.6370     2.3082     2.1814 0.0000e+00
     33.000    13.0314   3.788901    32.0428        943     0.6544     2.2967     2.1711 0.0000e+00
     34.000    12.9301   3.780757    32.0514        965     0.6697     2.2832     2.1591 0.0000e+00
     35.000    12.8391   3.774343    32.0675        988     0.6852     2.2674     2.1463 0.0000e+00
     36.000    12.8008   3.771021    32.0682       1013     0.7028     2.2489     2.1281 0.0000e+00
     37.000    12.7786   3.769102    32.0684       1043     0.7233     2.2324     2.1100 0.0000e+00
     38.000    12.7719   3.768418    32.0673       1074     0.7448     2.2164     2.0938 0.0000e+00
     39.000    12.7712   3.768280    32.0662       1101     0.7636     2.2107     2.0852 0.0000e+00
     40.000    12.7761   3.768512    32.0638       1124     0.7798     2.2090     2.0835 0.0000e+00
     41.000    12.7808   3.768920    32.0633       1148     0.7967     2.2088     2.0802 0.0000e+00
     42.000    12.7788   3.768743    32.0629       1177     0.8164     2.2074     2.0768 0.0000e+00
     43.000    12.7750   3.768507    32.0635       1206     0.8369     2.2042     2.0800 0.0000e+00
     44.000    12.7775   3.768559    32.0615       1232     0.8548     2.2042     2.0806 0.0000e+00
     45.000    12.7838   3.769140    32.0612       1254     0.8704     2.2047     2.0797 0.0000e+00
     46.000    12.7797   3.768837    32.0614       1277     0.8860     2.2050     2.0799 0.0000e+00
     47.000    12.7816   3.768989    32.0608       1303     0.9043     2.2045     2.0787 0.0000e+00
     48.000    12.7819   3.769012    32.0604       1338     0.9282     2.2037     2.0777 0.0000e+00
     49.000    12.7808   3.768983    32.0606       1367     0.9485     2.2035     2.0794 0.0000e+00
     50.000    12.7727   3.768463    32.0622       1390     0.9648     2.2019     2.0773 0.0000e+00
     51.000    12.6973   3.763204    32.0760       1412     0.9799     2.1992     2.0781 0.0000e+00
     52.000    12.6703   3.760692    32.0747       1435     0.9961     2.1977     2.0773 0.0000e+00
     53.000    12.6553   3.759728    32.0779       1464     1.0157     2.1952     2.0747 0.0000e+00
     54.000    12.6162   3.756375    32.0789       1495     1.0376     2.1923     2.0721 0.0000e+00
     55.000    12.6545   3.759199    32.0728       1523     1.0571     2.1912     2.0681 0.0000e+00
     56.000    12.6721   3.760618    32.0709       1546     1.0731     2.1905     2.0654 0.0000e+00
     57.000    12.6586   3.759751    32.0738       1568     1.0881     2.1908     2.0641 0.0000e+00
     58.000    12.6662   3.760223    32.0714       1592     1.1045     2.1921     2.0647 0.0000e+00
     59.000    12.6656   3.760493    32.0740       1624     1.1272     2.1926     2.0673 0.0000e+00
     60.000    12.5327   3.750623    32.0930       1659     1.1517     2.1921     2.0672 0.0000e+00
     61.000    12.4302   3.743517    32.1124       1685     1.1696     2.1869     2.0610 0.0000e+00
     62.000    12.2792   3.731653    32.1278       1707     1.1846     2.1816     2.0553 0.0000e+00
     63.000    12.1899   3.724378    32.1341       1728     1.1995     2.1737     2.0508 0.0000e+00
     64.000    12.1745   3.722848    32.1323       1752     1.2160     2.1624     2.0418 0.0000e+00
     65.000    12.1352   3.719981    32.1381       1781     1.2362     2.1518     2.0309 0.0000e+00
     66.000    11.6564   3.686647    32.2290       1816     1.2604     2.1411     2.0222 0.0000e+00
     67.000    11.1923   3.650259    32.2775       1847     1.2818     2.1176     2.0067 0.0000e+00
     68.000    11.0219   3.635804    32.2841       1871     1.2987     2.0884     1.9861 0.0000e+00
     69.000    10.9725   3.631180    32.2814       1893     1.3141     2.0620     1.9634 0.0000e+00
     70.000    10.9259   3.627628    32.2868       1916     1.3301     2.0391     1.9416 0.0000e+00
     71.000    10.8461   3.621224    32.2933       1942     1.3482     2.0201     1.9211 0.0000e+00
     72.000    10.8090   3.618097    32.2945       1976     1.3713     2.0032     1.9014 0.0000e+00
     73.000    10.7939   3.616614    32.2927       2008     1.3939     1.9928     1.8889 0.0000e+00
     74.000    10.7809   3.615479    32.2925       2035     1.4123     1.9864     1.8806 0.0000e+00
     75.000    10.7499   3.613195    32.2967       2058     1.4284     1.9834     1.8755 0.0000e+00
     76.000    10.7070   3.609970    32.3021       2080     1.4438     1.9799     1.8732 0.0000e+00
     77.000    10.6272   3.604088    32.3136       2103     1.4600     1.9760     1.8700 0.0000e+00
     78.000    10.5512   3.598443    32.3242       2132     1.4795     1.9728     1.8641 0.0000e+00
     79.000    10.5676   3.597859    32.3034       2684     1.8632     1.9519     1.8359 0.0000e+00
     78.000    10.5959   3.599555    32.2957       2971     2.0623     1.9540     1.8372 0.0000e+00
     77.000    10.6227   3.601592    32.2928       3021     2.0974     1.9543     1.8367 0.0000e+00
     76.000    10.6794   3.605567    32.2827       3046     2.1148     1.9562     1.8390 0.0000e+00
     75.000    10.7199   3.608771    32.2792       3074     2.1340     1.9600     1.8447 0.0000e+00
     74.000    10.7366   3.610071    32.2778       3101     2.1529     1.9645     1.8471 0.0000e+00
     73.000    10.7879   3.613614    32.2682       3126     2.1701     1.9688     1.8501 0.0000e+00
     72.000    10.8129   3.615632    32.2666       3152     2.1882     1.9728     1.8543 0.0000e+00
     71.000    10.8794   3.620058    32.2524       3181     2.2083     1.9756     1.8583 0.0000e+00
     70.000    10.9612   3.626439    32.2440       3207     2.2261     1.9782     1.8617 0.0000e+00
     69.000    11.0000   3.629329    32.2390       3229     2.2415     1.9822     1.8645 0.0000e+00
     68.000    11.0104   3.630567    32.2425       3251     2.2569     1.9869     1.8684 0.0000e+00
     67.000    11.0183   3.630874    32.2390       3275     2.2735     1.9911     1.8725 0.0000e+00
     66.000    11.0518   3.633422    32.2352       3302     2.2924     1.9967     1.8755 0.0000e+00
     65.000    11.2471   3.646813    32.1965       3334     2.3146     2.0008     1.8794 0.0000e+00
     64.000    11.8603   3.690567    32.0915       3362     2.3342     2.0108     1.8831 0.0000e+00
     63.000    12.1704   3.716861    32.0787       3386     2.3509     2.0356     1.8923 0.0000e+00
     62.000    12.2150   3.721254    32.0831       3409     2.3669     2.0671     1.9145 0.0000e+00
     61.000    12.3010   3.727848    32.0730       3433     2.3835     2.0968     1.9459 0.0000e+00
     60.000    12.4002   3.735912    32.0657       3458     2.4010     2.1192     1.9728 0.0000e+00
     59.000    12.4704   3.741767    32.0621       3486     2.4201     2.1357     1.9971 0.0000e+00
     58.000    12.5849   3.750377    32.0470       3515     2.4405     2.1490     2.0151 0.0000e+00
     57.000    12.6649   3.757223    32.0444       3542     2.4588     2.1589     2.0230 0.0000e+00
     56.000    12.6778   3.758739    32.0483       3564     2.4740     2.1682     2.0312 0.0000e+00
     55.000    12.6660   3.758093    32.0525       3585     2.4887     2.1758     2.0418 0.0000e+00
     54.000    12.6888   3.759642    32.0482       3609     2.5058     2.1832     2.0523 0.0000e+00
     53.000    12.7308   3.763080    32.0456       3639     2.5263     2.1883     2.0542 0.0000e+00
     52.000    12.7343   3.763627    32.0482       3670     2.5479     2.1914     2.0566 0.0000e+00
     51.000    12.7553   3.765303    32.0466       3697     2.5667     2.1927     2.0641 0.0000e+00
     50.000    12.7644   3.766079    32.0466       3720     2.5830     2.1935     2.0696 0.0000e+00
     49.000    12.7745   3.766940    32.0467       3744     2.5990     2.1976     2.0712 0.0000e+00
     48.000    12.7796   3.767426    32.0473       3767     2.6153     2.2006     2.0711 0.0000e+00
     47.000    12.7785   3.767380    32.0482       3792     2.6329     2.2000     2.0678 0.0000e+00
     46.000    12.7777   3.767381    32.0493       3822     2.6532     2.2017     2.0686 0.0000e+00
     45.000    12.7935   3.768519    32.0471       3850     2.6726     2.2018     2.0734 0.0000e+00
     44.000    12.7964   3.768861    32.0482       3873     2.6886     2.2018     2.0759 0.0000e+00
     43.000    12.7979   3.768927    32.0481       3896     2.7046     2.2040     2.0772 0.0000e+00
     42.000    12.7992   3.769092    32.0489       3923     2.7233     2.2057     2.0769 0.0000e+00
     41.000    12.8097   3.769770    32.0468       3953     2.7444     2.2054     2.0706 0.0000e+00
     40.000    12.8161   3.770328    32.0471       3979     2.7627     2.2051     2.0709 0.0000e+00
     39.000    12.8177   3.770412    32.0469       4002     2.7785     2.2053     2.0733 0.0000e+00
     38.000    12.8246   3.770917    32.0462       4025     2.7946     2.2064     2.0750 0.0000e+00
     37.000    12.8261   3.771068    32.0468       4050     2.8121     2.2063     2.0773 0.0000e+00
     36.000    12.8299   3.771197    32.0452       4078     2.8313     2.2054     2.0790 0.0000e+00
     35.000    12.8413   3.772107    32.0445       4107     2.8513     2.2064     2.0775 0.0000e+00
     34.000    12.8630   3.773501    32.0397       4131     2.8680     2.2058     2.0778 0.0000e+00
     33.000    12.9469   3.778876    32.0198       4154     2.8841     2.2079     2.0769 0.0000e+00
     32.000    13.1316   3.792471    31.9923       4182     2.9032     2.2147     2.0790 0.0000e+00
     31.000    13.2229   3.799654    31.9832       4209     2.9221     2.2293     2.0871 0.0000e+00
     30.000    13.2897   3.805281    31.9802       4232     2.9382     2.2480     2.0989 0.0000e+00
     29.000    13.3333   3.808915    31.9779       4254     2.9537     2.2628     2.1139 0.0000e+00
     28.000    13.3956   3.813819    31.9718       4282     2.9729     2.2752     2.1362 0.0000e+00
     27.000    13.4570   3.818851    31.9677       4317     2.9971     2.2936     2.1567 0.0000e+00
     26.000    13.5173   3.824015    31.9657       4345     3.0169     2.3096     2.1703 0.0000e+00
     25.000    13.5412   3.826039    31.9649       4368     3.0324     2.3215     2.1807 0.0000e+00
     24.000    13.5523   3.827100    31.9658       4387     3.0458     2.3289     2.1898 0.0000e+00
     23.000    13.5619   3.827898    31.9657       4407     3.0595     2.3361     2.1965 0.0000e+00
     22.000    13.5771   3.829280    31.9662       4430     3.0756     2.3443     2.2017 0.0000e+00
     21.000    13.5850   3.830043    31.9670       4464     3.0991     2.3541     2.2056 0.0000e+00
     20.000    13.5934   3.830865    31.9681       4501     3.1253     2.3599     2.2116 0.0000e+00
     19.000    13.5938   3.830926    31.9686       4526     3.1424     2.3630     2.2152 0.0000e+00
     18.000    13.5955   3.831060    31.9689       4546     3.1560     2.3648     2.2206 0.0000e+00
     17.000    13.5977   3.831239    31.9691       4566     3.1698     2.3671     2.2213 0.0000e+00
     16.000    13.5987   3.831333    31.9696       4588     3.1853     2.3680     2.2210 0.0000e+00
     15.000    13.5993   3.831387    31.9699       4614     3.2034     2.3689     2.2216 0.0000e+00
     14.000    13.6039   3.831776    31.9701       4644     3.2241     2.3685     2.2275 0.0000e+00
     13.000    13.6064   3.832035    31.9709       4678     3.2476     2.3711     2.2283 0.0000e+00
     12.000    13.6042   3.831832    31.9712       4706     3.2670     2.3735     2.2326 0.0000e+00
     11.000    13.6042   3.831785    31.9711       4727     3.2820     2.3759     2.2340 0.0000e+00
     10.000    13.6083   3.832120    31.9711       4747     3.2958     2.3764     2.2312 0.0000e+00
      9.000    13.6091   3.832191    31.9715       4769     3.3111     2.3774     2.2319 0.0000e+00
      8.000    13.6113   3.832377    31.9718       4797     3.3302     2.3804     2.2365 0.0000e+00
      7.000    13.6112   3.832367    31.9722       4827     3.3513     2.3840     2.2391 0.0000e+00
      6.000    13.6115   3.832354    31.9722       4854     3.3703     2.3877     2.2376 0.0000e+00
      5.000    13.6149   3.832656    31.9726       4879     3.3876     2.3872     2.2404 0.0000e+00
      4.000    13.6147   3.832645    31.9731       4914     3.4119     2.3890     2.2383 0.0000e+00
      3.000    13.6140   3.832604    31.9737       4956     3.4410     2.3908     2.2399 0.0000e+00
      2.000    13.6142   3.832512    31.9731       5008     3.4769     2.3950     2.2441 0.0000e+00
