HB2304/ctd189.cnv
* Sea-Bird SBE 9 Data File:
* FileName = C:\cruise\data\ctd189.hex
* Software Version Seasave V 7.26.7.121
* Temperature SN = 4591
* Conductivity SN = 3741
* Number of Bytes Per Scan = 37
* Number of Voltage Words = 4
* Number of Scans Averaged by the Deck Unit = 1
* NMEA Latitude = 42 40.06 N
* NMEA Longitude = 070 28.39 W
* NMEA UTC (Time) = Nov 12 2023 21:00:08
* NMEA baud rate = 4800
** Ship: Bigelow HB2304
** Program:  Fall Bottom Trawl Survey
** Chief Scientist: John Galbraith
# nquan = 9
# nvalues = 72                          
# units = specified
# name 0 = depSM: Depth [salt water, m]
# name 1 = t090C: Temperature [ITS-90, deg C]
# name 2 = c0S/m: Conductivity [S/m]
# name 3 = sal00: Salinity, Practical [PSU]
# name 4 = scan: Scan Count
# name 5 = timeM: Time, Elapsed [minutes]
# name 6 = sbeox0V: Oxygen raw, SBE 43 [V]
# name 7 = sbeox1V: Oxygen raw, SBE 43, 2 [V]
# name 8 = flag: flag
# span 0 =      2.000,     38.000       
# span 1 =    11.4069,    11.5384       
# span 2 =   3.588085,   3.596145       
# span 3 =    31.4724,    31.5186       
# span 4 =        -12,       2874       
# span 5 =    -0.0092,     1.9949       
# span 6 =     2.0665,     4.1987       
# span 7 =     2.1394,     2.2367       
# span 8 = 0.0000e+00, 0.0000e+00       
# interval = meters: 1                  
# start_time = Nov 12 2023 21:00:08 [NMEA time, header]
# bad_flag = -9.990e-29
*END*
      3.000    11.5291   3.595102    31.4740        -12    -0.0092     2.7827     2.2367 0.0000e+00
      4.000    11.5280   3.595112    31.4747        178     0.1228     2.7635     2.2285 0.0000e+00
      5.000    11.5274   3.595122    31.4749        230     0.1592     2.7951     2.2276 0.0000e+00
      6.000    11.5276   3.595172    31.4747        260     0.1797     2.8773     2.2293 0.0000e+00
      7.000    11.5292   3.595255    31.4738        286     0.1978     2.9814     2.2308 0.0000e+00
      8.000    11.5307   3.595406    31.4735        308     0.2134     3.0893     2.2318 0.0000e+00
      9.000    11.5298   3.595384    31.4737        332     0.2296     3.2178     2.2318 0.0000e+00
     10.000    11.5281   3.595308    31.4740        360     0.2490     3.3879     2.2296 0.0000e+00
     11.000    11.5280   3.595342    31.4740        389     0.2693     3.5709     2.2288 0.0000e+00
     12.000    11.5301   3.595528    31.4736        413     0.2861     3.7173     2.2298 0.0000e+00
     13.000    11.5328   3.595813    31.4736        436     0.3021     3.8587     2.2295 0.0000e+00
     14.000    11.5333   3.595915    31.4738        463     0.3208     4.0614     2.2288 0.0000e+00
     15.000    11.5343   3.596039    31.4738        494     0.3421     4.1987     2.2260 0.0000e+00
     16.000    11.5319   3.595929    31.4743        519     0.3600     3.7739     2.2270 0.0000e+00
     17.000    11.5291   3.596145    31.4784        543     0.3763     3.3649     2.2268 0.0000e+00
     18.000    11.5271   3.595998    31.4782        569     0.3941     3.0564     2.2239 0.0000e+00
     19.000    11.5228   3.595731    31.4790        596     0.4135     2.8208     2.2245 0.0000e+00
     20.000    11.5175   3.595333    31.4792        622     0.4309     2.6688     2.2261 0.0000e+00
     21.000    11.5175   3.595387    31.4793        645     0.4473     2.5691     2.2271 0.0000e+00
     22.000    11.5187   3.595601    31.4799        671     0.4653     2.4888     2.2241 0.0000e+00
     23.000    11.5186   3.595642    31.4800        699     0.4849     2.4220     2.2213 0.0000e+00
     24.000    11.5194   3.595741    31.4798        727     0.5042     2.3691     2.2220 0.0000e+00
     25.000    11.5212   3.595932    31.4798        752     0.5216     2.3439     2.2217 0.0000e+00
     26.000    11.5191   3.595848    31.4803        777     0.5386     2.3332     2.2235 0.0000e+00
     27.000    11.5134   3.595512    31.4815        803     0.5569     2.3226     2.2244 0.0000e+00
     28.000    11.4820   3.593488    31.4881        831     0.5764     2.3059     2.2224 0.0000e+00
     29.000    11.4333   3.589211    31.4875        858     0.5950     2.2762     2.2242 0.0000e+00
     30.000    11.4221   3.588925    31.4938        882     0.6116     2.2549     2.2187 0.0000e+00
     31.000    11.4156   3.588235    31.4922        905     0.6280     2.2606     2.2073 0.0000e+00
     32.000    11.4071   3.588085    31.4975        931     0.6456     2.2901     2.1943 0.0000e+00
     33.000    11.4206   3.590018    31.5045        958     0.6649     2.3162     2.1823 0.0000e+00
     34.000    11.4435   3.592718    31.5109        987     0.6846     2.3174     2.1742 0.0000e+00
     35.000    11.4643   3.595108    31.5160       1014     0.7031     2.3121     2.1668 0.0000e+00
     36.000    11.4667   3.595553    31.5180       1039     0.7208     2.3068     2.1595 0.0000e+00
     37.000    11.4422   3.593299    31.5165       1064     0.7385     2.3013     2.1554 0.0000e+00
     38.000    11.4069   3.590203    31.5159       1080     0.7495     2.2965     2.1532 0.0000e+00
     37.000    11.4368   3.591916    31.5075       1896     1.3161     2.2703     2.1418 0.0000e+00
     36.000    11.4648   3.595205    31.5161       1979     1.3734     2.2844     2.1421 0.0000e+00
     35.000    11.4713   3.595980    31.5186       1979     1.3733     2.2819     2.1428 0.0000e+00
     34.000    11.4630   3.595081    31.5173       2004     1.3912     2.2780     2.1409 0.0000e+00
     33.000    11.4476   3.593448    31.5149       2029     1.4085     2.2785     2.1398 0.0000e+00
     32.000    11.4269   3.591078    31.5099       2055     1.4261     2.2772     2.1394 0.0000e+00
     31.000    11.4166   3.589391    31.5026       2079     1.4431     2.2761     2.1410 0.0000e+00
     30.000    11.4125   3.588586    31.4987       2103     1.4596     2.2780     2.1420 0.0000e+00
     29.000    11.4221   3.588391    31.4890       2129     1.4776     2.2805     2.1478 0.0000e+00
     28.000    11.4537   3.590112    31.4793       2156     1.4967     2.2838     2.1525 0.0000e+00
     27.000    11.4911   3.593407    31.4800       2182     1.5143     2.2856     2.1574 0.0000e+00
     26.000    11.5050   3.594584    31.4801       2206     1.5313     2.2912     2.1647 0.0000e+00
     25.000    11.5094   3.595030    31.4811       2233     1.5499     2.3009     2.1778 0.0000e+00
     24.000    11.5131   3.595209    31.4800       2260     1.5687     2.3098     2.1888 0.0000e+00
     23.000    11.5122   3.595107    31.4803       2283     1.5846     2.3196     2.1933 0.0000e+00
     22.000    11.5135   3.595198    31.4804       2304     1.5996     2.3262     2.1990 0.0000e+00
     21.000    11.5141   3.595168    31.4800       2330     1.6172     2.3323     2.2049 0.0000e+00
     20.000    11.5157   3.595244    31.4798       2359     1.6375     2.3366     2.2120 0.0000e+00
     19.000    11.5157   3.595200    31.4798       2386     1.6561     2.3401     2.2155 0.0000e+00
     18.000    11.5167   3.595178    31.4792       2410     1.6729     2.3410     2.2155 0.0000e+00
     17.000    11.5152   3.595052    31.4796       2434     1.6895     2.3407     2.2169 0.0000e+00
     16.000    11.5100   3.594545    31.4795       2459     1.7067     2.3314     2.2192 0.0000e+00
     15.000    11.5074   3.594063    31.4774       2485     1.7252     2.2985     2.2165 0.0000e+00
     14.000    11.5177   3.594801    31.4762       2513     1.7443     2.2463     2.2166 0.0000e+00
     13.000    11.5240   3.595372    31.4769       2537     1.7612     2.2119     2.2160 0.0000e+00
     12.000    11.5233   3.595165    31.4759       2560     1.7774     2.1839     2.2158 0.0000e+00
     11.000    11.5223   3.594843    31.4740       2587     1.7961     2.1410     2.2198 0.0000e+00
     10.000    11.5278   3.595168    31.4729       2614     1.8148     2.0995     2.2198 0.0000e+00
      9.000    11.5313   3.595415    31.4727       2638     1.8314     2.0776     2.2199 0.0000e+00
      8.000    11.5359   3.595813    31.4731       2661     1.8475     2.0665     2.2226 0.0000e+00
      7.000    11.5384   3.595911    31.4724       2688     1.8660     2.0733     2.2249 0.0000e+00
      6.000    11.5372   3.595819    31.4729       2715     1.8845     2.0925     2.2288 0.0000e+00
      5.000    11.5310   3.595304    31.4735       2739     1.9015     2.2373     2.2324 0.0000e+00
      4.000    11.5298   3.595240    31.4744       2771     1.9236     2.5271     2.2352 0.0000e+00
      3.000    11.5299   3.595202    31.4743       2814     1.9536     2.6611     2.2360 0.0000e+00
      2.000    11.5301   3.595167    31.4743       2874     1.9949     2.6468     2.2269 0.0000e+00
