HB2304/ctd170.cnv
* Sea-Bird SBE 9 Data File:
* FileName = C:\cruise\data\ctd170.hex
* Software Version Seasave V 7.26.7.121
* Temperature SN = 4591
* Conductivity SN = 3741
* Number of Bytes Per Scan = 37
* Number of Voltage Words = 4
* Number of Scans Averaged by the Deck Unit = 1
* NMEA Latitude = 42 22.13 N
* NMEA Longitude = 066 50.47 W
* NMEA UTC (Time) = Nov 05 2023 20:47:23
* NMEA baud rate = 4800
** Ship: Bigelow HB2304
** Program:  Fall Bottom Trawl Survey
** Chief Scientist: John Galbraith
# nquan = 9
# nvalues = 660                         
# units = specified
# name 0 = depSM: Depth [salt water, m]
# name 1 = t090C: Temperature [ITS-90, deg C]
# name 2 = c0S/m: Conductivity [S/m]
# name 3 = sal00: Salinity, Practical [PSU]
# name 4 = scan: Scan Count
# name 5 = timeM: Time, Elapsed [minutes]
# name 6 = sbeox0V: Oxygen raw, SBE 43 [V]
# name 7 = sbeox1V: Oxygen raw, SBE 43, 2 [V]
# name 8 = flag: flag
# span 0 =      1.000,    331.000       
# span 1 =     7.2159,    12.0733       
# span 2 =   3.382831,   3.717274       
# span 3 =    31.3150,    34.9693       
# span 4 =         33,      18807       
# span 5 =     0.0221,    13.0598       
# span 6 =     1.7113,     2.5027       
# span 7 =     1.6063,     2.3502       
# span 8 = 0.0000e+00, 0.0000e+00       
# interval = meters: 1                  
# start_time = Nov 05 2023 20:47:23 [NMEA time, header]
# bad_flag = -9.990e-29
*END*
      2.000    11.9865   3.619404    31.3230         33     0.0221     2.5027     2.3442 0.0000e+00
      3.000    11.9862   3.619481    31.3236        322     0.2230     2.4963     2.3434 0.0000e+00
      4.000    11.9881   3.619632    31.3231        321     0.2224     2.4945     2.3410 0.0000e+00
      5.000    11.9899   3.619834    31.3231        349     0.2413     2.4942     2.3409 0.0000e+00
      6.000    11.9870   3.619685    31.3236        380     0.2630     2.4988     2.3451 0.0000e+00
      7.000    11.9828   3.619445    31.3245        409     0.2832     2.4998     2.3461 0.0000e+00
      8.000    11.9563   3.617598    31.3286        433     0.2997     2.4971     2.3471 0.0000e+00
      9.000    11.9484   3.616800    31.3272        454     0.3145     2.4989     2.3501 0.0000e+00
     10.000    11.9426   3.616442    31.3281        477     0.3307     2.5014     2.3490 0.0000e+00
     11.000    11.9079   3.614533    31.3385        506     0.3504     2.5005     2.3499 0.0000e+00
     12.000    11.8745   3.612512    31.3467        534     0.3704     2.4954     2.3464 0.0000e+00
     13.000    11.8987   3.615322    31.3531        559     0.3877     2.4938     2.3426 0.0000e+00
     14.000    11.9230   3.619001    31.3676        583     0.4041     2.4934     2.3442 0.0000e+00
     15.000    11.9443   3.622040    31.3786        610     0.4226     2.4937     2.3459 0.0000e+00
     16.000    11.9677   3.624854    31.3856        640     0.4439     2.4893     2.3394 0.0000e+00
     17.000    12.0125   3.630195    31.3988        670     0.4646     2.4886     2.3410 0.0000e+00
     18.000    12.0408   3.633582    31.4072        694     0.4815     2.4887     2.3386 0.0000e+00
     19.000    12.0542   3.635334    31.4123        715     0.4961     2.4917     2.3372 0.0000e+00
     20.000    12.0594   3.636095    31.4149        737     0.5109     2.4913     2.3407 0.0000e+00
     21.000    12.0631   3.636875    31.4189        761     0.5280     2.4839     2.3372 0.0000e+00
     22.000    12.0716   3.638832    31.4301        792     0.5491     2.4777     2.3294 0.0000e+00
     23.000    12.0733   3.640061    31.4401        822     0.5698     2.4760     2.3290 0.0000e+00
     24.000    12.0369   3.639948    31.4693        846     0.5872     2.4725     2.3242 0.0000e+00
     25.000    11.9335   3.634279    31.5016        870     0.6038     2.4643     2.3204 0.0000e+00
     26.000    11.7597   3.626406    31.5724        897     0.6224     2.4487     2.3146 0.0000e+00
     27.000    11.6543   3.619503    31.5947        926     0.6427     2.4283     2.2958 0.0000e+00
     28.000    11.5746   3.614011    31.6089        954     0.6616     2.4123     2.2790 0.0000e+00
     29.000    11.5120   3.610013    31.6230        978     0.6787     2.4063     2.2697 0.0000e+00
     30.000    11.4895   3.609653    31.6383       1002     0.6949     2.4013     2.2570 0.0000e+00
     31.000    11.4265   3.607129    31.6672       1026     0.7115     2.3957     2.2544 0.0000e+00
     32.000    11.2748   3.598141    31.7091       1051     0.7292     2.3879     2.2549 0.0000e+00
     33.000    11.2446   3.595495    31.7087       1078     0.7482     2.3754     2.2448 0.0000e+00
     34.000    11.2364   3.594795    31.7085       1108     0.7686     2.3709     2.2402 0.0000e+00
     35.000    11.1528   3.590344    31.7364       1137     0.7891     2.3701     2.2358 0.0000e+00
     36.000    10.9920   3.580931    31.7822       1163     0.8070     2.3658     2.2290 0.0000e+00
     37.000    10.9216   3.576515    31.7992       1186     0.8227     2.3603     2.2300 0.0000e+00
     38.000    10.8362   3.570703    31.8153       1208     0.8385     2.3530     2.2268 0.0000e+00
     39.000    10.8123   3.568905    31.8179       1234     0.8561     2.3459     2.2213 0.0000e+00
     40.000    10.7935   3.567420    31.8191       1262     0.8756     2.3433     2.2157 0.0000e+00
     41.000    10.7736   3.565949    31.8214       1290     0.8951     2.3425     2.2136 0.0000e+00
     42.000    10.7314   3.562974    31.8282       1318     0.9145     2.3421     2.2100 0.0000e+00
     43.000    10.6164   3.554764    31.8463       1345     0.9335     2.3412     2.2037 0.0000e+00
     44.000    10.4248   3.543231    31.8984       1371     0.9514     2.3349     2.1981 0.0000e+00
     45.000    10.0982   3.524588    31.9981       1395     0.9681     2.3249     2.1962 0.0000e+00
     46.000     9.9312   3.513870    32.0373       1420     0.9852     2.3111     2.1858 0.0000e+00
     47.000     9.7980   3.505336    32.0687       1446     1.0038     2.2993     2.1778 0.0000e+00
     48.000     9.6105   3.491784    32.0974       1474     1.0228     2.2901     2.1700 0.0000e+00
     49.000     9.5182   3.485051    32.1107       1498     1.0397     2.2830     2.1562 0.0000e+00
     50.000     9.2716   3.469259    32.1696       1521     1.0556     2.2761     2.1499 0.0000e+00
     51.000     9.0866   3.455820    32.1973       1547     1.0734     2.2635     2.1457 0.0000e+00
     52.000     8.9749   3.448374    32.2208       1578     1.0954     2.2483     2.1279 0.0000e+00
     53.000     8.8498   3.442374    32.2716       1610     1.1177     2.2378     2.1197 0.0000e+00
     54.000     8.7538   3.437575    32.3086       1636     1.1357     2.2307     2.1149 0.0000e+00
     55.000     8.5106   3.426577    32.4156       1659     1.1513     2.2255     2.1036 0.0000e+00
     56.000     8.2794   3.414561    32.5015       1680     1.1662     2.2162     2.0994 0.0000e+00
     57.000     8.2240   3.411226    32.5171       1702     1.1814     2.2070     2.0884 0.0000e+00
     58.000     8.1182   3.407193    32.5720       1726     1.1983     2.2016     2.0810 0.0000e+00
     59.000     7.9672   3.400658    32.6426       1756     1.2191     2.1942     2.0755 0.0000e+00
     60.000     7.8786   3.395740    32.6725       1792     1.2438     2.1830     2.0611 0.0000e+00
     61.000     7.7974   3.391628    32.7041       1822     1.2646     2.1716     2.0531 0.0000e+00
     62.000     7.7863   3.391176    32.7092       1845     1.2803     2.1647     2.0444 0.0000e+00
     63.000     7.7734   3.390467    32.7133       1865     1.2946     2.1616     2.0355 0.0000e+00
     64.000     7.7526   3.389288    32.7197       1888     1.3103     2.1595     2.0306 0.0000e+00
     65.000     7.7417   3.388621    32.7223       1916     1.3295     2.1573     2.0254 0.0000e+00
     66.000     7.7345   3.388274    32.7249       1947     1.3514     2.1550     2.0220 0.0000e+00
     67.000     7.7314   3.388111    32.7255       1977     1.3719     2.1540     2.0262 0.0000e+00
     68.000     7.7257   3.387881    32.7280       2003     1.3904     2.1535     2.0226 0.0000e+00
     69.000     7.7239   3.387757    32.7279       2028     1.4075     2.1530     2.0223 0.0000e+00
     70.000     7.7070   3.387237    32.7377       2051     1.4237     2.1529     2.0236 0.0000e+00
     71.000     7.6849   3.386555    32.7506       2074     1.4397     2.1507     2.0195 0.0000e+00
     72.000     7.6641   3.385886    32.7626       2101     1.4586     2.1468     2.0207 0.0000e+00
     73.000     7.6574   3.385699    32.7665       2135     1.4822     2.1460     2.0209 0.0000e+00
     74.000     7.6561   3.385588    32.7660       2165     1.5027     2.1457     2.0161 0.0000e+00
     75.000     7.6461   3.385331    32.7722       2188     1.5187     2.1442     2.0175 0.0000e+00
     76.000     7.6273   3.384923    32.7850       2210     1.5338     2.1432     2.0127 0.0000e+00
     77.000     7.5932   3.383996    32.8068       2234     1.5506     2.1418     2.0125 0.0000e+00
     78.000     7.5866   3.384070    32.8133       2263     1.5710     2.1388     2.0148 0.0000e+00
     79.000     7.5844   3.384468    32.8192       2295     1.5933     2.1332     2.0079 0.0000e+00
     80.000     7.5846   3.385450    32.8291       2324     1.6132     2.1315     2.0080 0.0000e+00
     81.000     7.5859   3.387071    32.8448       2349     1.6304     2.1307     2.0031 0.0000e+00
     82.000     7.5810   3.389884    32.8793       2373     1.6472     2.1292     1.9991 0.0000e+00
     83.000     7.5583   3.392074    32.9238       2398     1.6647     2.1267     1.9974 0.0000e+00
     84.000     7.5440   3.392461    32.9411       2424     1.6825     2.1201     1.9955 0.0000e+00
     85.000     7.5174   3.391452    32.9550       2449     1.7003     2.1144     1.9873 0.0000e+00
     86.000     7.4770   3.392074    32.9996       2476     1.7185     2.1084     1.9868 0.0000e+00
     87.000     7.4703   3.403348    33.1272       2505     1.7388     2.1013     1.9791 0.0000e+00
     88.000     7.5215   3.414800    33.2015       2535     1.7598     2.0958     1.9737 0.0000e+00
     89.000     7.3427   3.405562    33.2725       2563     1.7791     2.0875     1.9663 0.0000e+00
     90.000     7.3066   3.406655    33.3186       2589     1.7974     2.0721     1.9576 0.0000e+00
     91.000     7.3052   3.413690    33.3959       2615     1.8150     2.0631     1.9480 0.0000e+00
     92.000     7.2943   3.414429    33.4139       2639     1.8321     2.0599     1.9419 0.0000e+00
     93.000     7.2838   3.413935    33.4183       2665     1.8500     2.0549     1.9384 0.0000e+00
     94.000     7.2748   3.413299    33.4195       2696     1.8713     2.0486     1.9263 0.0000e+00
     95.000     7.2672   3.412674    33.4196       2725     1.8920     2.0447     1.9214 0.0000e+00
     96.000     7.2550   3.411702    33.4203       2748     1.9077     2.0414     1.9199 0.0000e+00
     97.000     7.2491   3.411149    33.4195       2768     1.9219     2.0402     1.9161 0.0000e+00
     98.000     7.2314   3.409631    33.4197       2793     1.9386     2.0388     1.9138 0.0000e+00
     99.000     7.2258   3.409113    33.4189       2827     1.9623     2.0382     1.9142 0.0000e+00
    100.000     7.2159   3.408550    33.4219       2859     1.9845     2.0394     1.9107 0.0000e+00
    101.000     7.2231   3.411016    33.4413       2883     2.0011     2.0388     1.9089 0.0000e+00
    102.000     7.2958   3.422398    33.4942       2906     2.0172     2.0374     1.9092 0.0000e+00
    103.000     7.3528   3.432477    33.5481       2931     2.0350     2.0371     1.9101 0.0000e+00
    104.000     7.3594   3.434126    33.5591       2960     2.0549     2.0350     1.9123 0.0000e+00
    105.000     7.3812   3.437503    33.5742       2989     2.0751     2.0307     1.9048 0.0000e+00
    106.000     7.4327   3.443508    33.5889       3015     2.0931     2.0267     1.9031 0.0000e+00
    107.000     7.5384   3.455705    33.6181       3039     2.1096     2.0246     1.9007 0.0000e+00
    108.000     7.6028   3.464553    33.6508       3063     2.1265     2.0237     1.8971 0.0000e+00
    109.000     7.6752   3.473812    33.6802       3091     2.1455     2.0215     1.8951 0.0000e+00
    110.000     7.7290   3.481421    33.7096       3119     2.1656     2.0168     1.8891 0.0000e+00
    111.000     7.7607   3.486696    33.7351       3146     2.1843     2.0100     1.8854 0.0000e+00
    112.000     7.7808   3.490316    33.7542       3172     2.2021     2.0036     1.8846 0.0000e+00
    113.000     7.8028   3.493785    33.7696       3200     2.2214     1.9968     1.8766 0.0000e+00
    114.000     7.8313   3.498459    33.7918       3229     2.2414     1.9918     1.8734 0.0000e+00
    115.000     7.8446   3.500853    33.8042       3255     2.2594     1.9889     1.8678 0.0000e+00
    116.000     7.8522   3.502729    33.8165       3279     2.2764     1.9870     1.8618 0.0000e+00
    117.000     7.8562   3.503860    33.8242       3306     2.2950     1.9850     1.8622 0.0000e+00
    118.000     7.8592   3.504854    33.8315       3335     2.3156     1.9833     1.8573 0.0000e+00
    119.000     7.8637   3.506148    33.8405       3364     2.3352     1.9814     1.8554 0.0000e+00
    120.000     7.9122   3.514210    33.8796       3389     2.3524     1.9788     1.8580 0.0000e+00
    121.000     7.9947   3.526826    33.9341       3413     2.3693     1.9776     1.8545 0.0000e+00
    122.000     8.0627   3.537404    33.9808       3439     2.3876     1.9780     1.8551 0.0000e+00
    123.000     8.1200   3.545957    34.0161       3468     2.4077     1.9768     1.8533 0.0000e+00
    124.000     8.1740   3.554052    34.0496       3496     2.4272     1.9734     1.8506 0.0000e+00
    125.000     8.2147   3.560415    34.0774       3522     2.4454     1.9700     1.8474 0.0000e+00
    126.000     8.2330   3.563156    34.0884       3547     2.4627     1.9678     1.8472 0.0000e+00
    127.000     8.2497   3.565778    34.0995       3573     2.4806     1.9652     1.8461 0.0000e+00
    128.000     8.2623   3.567946    34.1099       3603     2.5014     1.9603     1.8427 0.0000e+00
    129.000     8.2843   3.570977    34.1203       3635     2.5238     1.9565     1.8388 0.0000e+00
    130.000     8.3319   3.577477    34.1427       3662     2.5422     1.9546     1.8370 0.0000e+00
    131.000     8.3825   3.584847    34.1714       3684     2.5574     1.9543     1.8357 0.0000e+00
    132.000     8.3915   3.586522    34.1799       3706     2.5729     1.9545     1.8348 0.0000e+00
    133.000     8.3954   3.587203    34.1829       3734     2.5923     1.9487     1.8297 0.0000e+00
    134.000     8.4049   3.588640    34.1884       3768     2.6161     1.9388     1.8218 0.0000e+00
    135.000     8.4095   3.589425    34.1918       3796     2.6354     1.9338     1.8175 0.0000e+00
    136.000     8.4152   3.590331    34.1953       3818     2.6505     1.9303     1.8143 0.0000e+00
    137.000     8.4310   3.592499    34.2026       3839     2.6656     1.9289     1.8116 0.0000e+00
    138.000     8.4723   3.598547    34.2260       3866     2.6843     1.9276     1.8095 0.0000e+00
    139.000     8.5112   3.604343    34.2492       3902     2.7087     1.9276     1.8084 0.0000e+00
    140.000     8.5238   3.606275    34.2568       3933     2.7306     1.9229     1.8048 0.0000e+00
    141.000     8.5330   3.607675    34.2623       3957     2.7469     1.9156     1.7991 0.0000e+00
    142.000     8.5410   3.608982    34.2678       3978     2.7619     1.9094     1.7946 0.0000e+00
    143.000     8.5754   3.615122    34.2989       4003     2.7794     1.9046     1.7884 0.0000e+00
    144.000     8.5895   3.618383    34.3191       4034     2.8010     1.8990     1.7821 0.0000e+00
    145.000     8.5958   3.619625    34.3256       4064     2.8217     1.8932     1.7784 0.0000e+00
    146.000     8.6127   3.623076    34.3452       4089     2.8388     1.8898     1.7728 0.0000e+00
    147.000     8.6236   3.625125    34.3557       4113     2.8553     1.8880     1.7695 0.0000e+00
    148.000     8.6250   3.626161    34.3648       4139     2.8736     1.8858     1.7682 0.0000e+00
    149.000     8.6285   3.627640    34.3765       4169     2.8947     1.8844     1.7662 0.0000e+00
    150.000     8.6292   3.628287    34.3822       4200     2.9158     1.8821     1.7647 0.0000e+00
    151.000     8.6582   3.632865    34.4018       4227     2.9344     1.8797     1.7630 0.0000e+00
    152.000     8.6887   3.637771    34.4234       4251     2.9514     1.8793     1.7629 0.0000e+00
    153.000     8.6923   3.638382    34.4259       4275     2.9681     1.8798     1.7628 0.0000e+00
    154.000     8.7157   3.641483    34.4353       4301     2.9858     1.8788     1.7621 0.0000e+00
    155.000     8.7610   3.648293    34.4624       4328     3.0051     1.8776     1.7597 0.0000e+00
    156.000     8.7811   3.651719    34.4785       4357     3.0248     1.8781     1.7601 0.0000e+00
    157.000     8.7987   3.654345    34.4884       4384     3.0437     1.8786     1.7613 0.0000e+00
    158.000     8.8222   3.658606    34.5099       4411     3.0627     1.8788     1.7630 0.0000e+00
    159.000     8.8420   3.662228    34.5282       4441     3.0830     1.8788     1.7644 0.0000e+00
    160.000     8.8532   3.663716    34.5325       4469     3.1031     1.8775     1.7635 0.0000e+00
    161.000     8.8882   3.668196    34.5449       4494     3.1204     1.8759     1.7621 0.0000e+00
