HB2304/ctd111.cnv
* Sea-Bird SBE 9 Data File:
* FileName = C:\cruise\data\ctd111.hex
* Software Version Seasave V 7.26.7.121
* Temperature SN = 4591
* Conductivity SN = 3741
* Number of Bytes Per Scan = 37
* Number of Voltage Words = 4
* Number of Scans Averaged by the Deck Unit = 1
* NMEA Latitude = 40 11.40 N
* NMEA Longitude = 070 21.18 W
* NMEA UTC (Time) = Oct 12 2023  23:53:54
* NMEA baud rate = 4800
** Ship: Bigelow HB2304
** Program:  Fall Bottom Trawl Survey
** Chief Scientist: John Galbraith
# nquan = 7
# nvalues = 213                         
# units = specified
# name 0 = depSM: Depth [salt water, m]
# name 1 = t090C: Temperature [ITS-90, deg C]
# name 2 = c0S/m: Conductivity [S/m]
# name 3 = sal00: Salinity, Practical [PSU]
# name 4 = scan: Scan Count
# name 5 = timeM: Time, Elapsed [minutes]
# name 6 = flag: flag
# span 0 =      3.000,    109.000       
# span 1 =    10.0598,    15.8555       
# span 2 =   3.681554,   4.032695       
# span 3 =    31.6312,    34.3912       
# span 4 =        131,       8256       
# span 5 =     0.0900,     5.7328       
# span 6 = 0.0000e+00, 0.0000e+00       
# interval = meters: 1                  
# start_time = Oct 12 2023 23:53:54 [NMEA time, header]
# bad_flag = -9.990e-29
*END*
      3.000    15.8555   3.997179    31.6312        131     0.0900 0.0000e+00
      4.000    15.3983   3.961458    31.6810        291     0.2013 0.0000e+00
      5.000    15.2914   3.951046    31.6740        329     0.2278 0.0000e+00
      6.000    15.2133   3.944811    31.6809        358     0.2480 0.0000e+00
      7.000    15.1138   3.936972    31.6908        389     0.2697 0.0000e+00
      8.000    15.0293   3.930933    31.7047        418     0.2893 0.0000e+00
      9.000    14.9931   3.932594    31.7487        441     0.3058 0.0000e+00
     10.000    15.0135   3.941415    31.8110        513     0.3559 0.0000e+00
     11.000    15.0175   3.944430    31.8345        650     0.4507 0.0000e+00
     12.000    14.9809   3.943133    31.8522        700     0.4854 0.0000e+00
     13.000    14.9826   3.944594    31.8637        726     0.5035 0.0000e+00
     14.000    14.9926   3.947877    31.8847        747     0.5182 0.0000e+00
     15.000    15.0151   3.954270    31.9235        769     0.5333 0.0000e+00
     16.000    15.0401   3.961218    31.9651        795     0.5512 0.0000e+00
     17.000    15.0750   3.972386    32.0366        826     0.5729 0.0000e+00
     18.000    15.0805   3.979239    32.0933        856     0.5935 0.0000e+00
     19.000    15.1068   3.985067    32.1237        881     0.6108 0.0000e+00
     20.000    15.1583   3.994461    32.1655        903     0.6267 0.0000e+00
     21.000    15.1686   3.997355    32.1826        928     0.6436 0.0000e+00
     22.000    15.1706   3.997869    32.1851        955     0.6625 0.0000e+00
     23.000    15.1751   3.998716    32.1887        983     0.6822 0.0000e+00
     24.000    15.1993   4.002428    32.2017       1011     0.7017 0.0000e+00
     25.000    15.2396   4.008346    32.2213       1039     0.7208 0.0000e+00
     26.000    15.2775   4.014919    32.2486       1065     0.7386 0.0000e+00
     27.000    15.3019   4.019228    32.2669       1088     0.7546 0.0000e+00
     28.000    15.3200   4.023906    32.2934       1110     0.7701 0.0000e+00
     29.000    15.3226   4.025088    32.3015       1135     0.7873 0.0000e+00
     30.000    15.3206   4.025651    32.3078       1166     0.8091 0.0000e+00
     31.000    15.3180   4.025647    32.3095       1199     0.8318 0.0000e+00
     32.000    15.2977   4.024179    32.3127       1224     0.8490 0.0000e+00
     33.000    15.2519   4.020461    32.3167       1244     0.8635 0.0000e+00
     34.000    15.2217   4.018433    32.3231       1266     0.8784 0.0000e+00
     35.000    15.2048   4.020619    32.3563       1293     0.8973 0.0000e+00
     36.000    15.1846   4.021427    32.3798       1325     0.9195 0.0000e+00
     37.000    15.1222   4.017538    32.3961       1352     0.9383 0.0000e+00
     38.000    15.0783   4.013873    32.3991       1376     0.9547 0.0000e+00
     39.000    15.0819   4.016098    32.4157       1401     0.9721 0.0000e+00
     40.000    15.1004   4.020138    32.4364       1430     0.9920 0.0000e+00
     41.000    15.1378   4.025846    32.4563       1458     1.0121 0.0000e+00
     42.000    15.1820   4.032695    32.4809       1484     1.0296 0.0000e+00
     43.000    14.9886   4.015914    32.4898       1506     1.0455 0.0000e+00
     44.000    14.5043   3.960048    32.3864       1529     1.0614 0.0000e+00
     45.000    14.2967   3.934592    32.3270       1554     1.0784 0.0000e+00
     46.000    13.9833   3.901445    32.2844       1581     1.0976 0.0000e+00
     47.000    13.7164   3.872394    32.2398       1614     1.1200 0.0000e+00
     48.000    13.6237   3.864791    32.2469       1647     1.1428 0.0000e+00
     49.000    13.6041   3.862539    32.2421       1673     1.1612 0.0000e+00
     50.000    13.6078   3.863491    32.2474       1693     1.1753 0.0000e+00
     51.000    13.5461   3.860750    32.2736       1712     1.1882 0.0000e+00
     52.000    13.4877   3.856113    32.2792       1732     1.2023 0.0000e+00
     53.000    13.4589   3.853662    32.2804       1760     1.2216 0.0000e+00
     54.000    13.4361   3.854815    32.3101       1797     1.2470 0.0000e+00
     55.000    13.3127   3.847494    32.3458       1825     1.2666 0.0000e+00
     56.000    13.2180   3.842360    32.3779       1848     1.2823 0.0000e+00
     57.000    12.9771   3.825624    32.4256       1872     1.2991 0.0000e+00
     58.000    12.7296   3.805768    32.4495       1903     1.3205 0.0000e+00
     59.000    12.3923   3.777709    32.4725       1933     1.3420 0.0000e+00
     60.000    12.1640   3.761228    32.5119       1956     1.3574 0.0000e+00
     61.000    12.0453   3.756762    32.5718       1974     1.3705 0.0000e+00
     62.000    12.0346   3.757921    32.5920       1994     1.3842 0.0000e+00
     63.000    11.9974   3.758938    32.6339       2022     1.4032 0.0000e+00
     64.000    11.9752   3.758821    32.6518       2063     1.4320 0.0000e+00
     65.000    11.7985   3.750233    32.7232       2093     1.4525 0.0000e+00
     66.000    11.6291   3.742961    32.8015       2113     1.4669 0.0000e+00
     67.000    11.3631   3.723009    32.8416       2134     1.4813 0.0000e+00
     68.000    11.2133   3.713249    32.8786       2161     1.4998 0.0000e+00
     69.000    11.0776   3.705541    32.9234       2196     1.5242 0.0000e+00
     70.000    10.9428   3.700652    32.9955       2224     1.5436 0.0000e+00
     71.000    10.9111   3.701203    33.0291       2244     1.5578 0.0000e+00
     72.000    10.8875   3.702451    33.0623       2264     1.5715 0.0000e+00
     73.000    10.8559   3.703808    33.1039       2293     1.5914 0.0000e+00
     74.000    10.8112   3.703255    33.1384       2337     1.6223 0.0000e+00
     75.000    10.5745   3.698010    33.3007       2363     1.6405 0.0000e+00
     76.000    10.3105   3.688387    33.4457       2380     1.6524 0.0000e+00
     77.000    10.2122   3.684853    33.5001       2397     1.6642 0.0000e+00
     78.000    10.1995   3.684584    33.5087       2421     1.6806 0.0000e+00
     79.000    10.1884   3.685231    33.5250       2467     1.7124 0.0000e+00
     80.000    10.1731   3.688829    33.5751       2497     1.7333 0.0000e+00
     81.000    10.1805   3.693140    33.6115       2515     1.7459 0.0000e+00
     82.000    10.1894   3.695652    33.6283       2532     1.7577 0.0000e+00
     83.000    10.1938   3.698414    33.6517       2553     1.7719 0.0000e+00
     84.000    10.1261   3.695975    33.6894       2591     1.7987 0.0000e+00
     85.000    10.0598   3.690233    33.6924       2636     1.8300 0.0000e+00
     86.000    10.0648   3.696451    33.7505       2658     1.8451 0.0000e+00
     87.000    10.1309   3.714386    33.8705       2677     1.8581 0.0000e+00
     88.000    10.1517   3.718722    33.8946       2696     1.8719 0.0000e+00
     89.000    10.2030   3.728629    33.9467       2721     1.8892 0.0000e+00
     90.000    10.2353   3.735512    33.9857       2752     1.9107 0.0000e+00
     91.000    10.2563   3.738967    34.0006       2780     1.9302 0.0000e+00
     92.000    10.3000   3.744602    34.0163       2804     1.9466 0.0000e+00
     93.000    10.3192   3.747824    34.0304       2830     1.9644 0.0000e+00
     94.000    10.3206   3.749018    34.0408       2864     1.9879 0.0000e+00
     95.000    10.2792   3.744929    34.0377       2898     2.0119 0.0000e+00
     96.000    10.2847   3.745629    34.0392       2922     2.0288 0.0000e+00
     97.000    10.3221   3.750215    34.0501       2943     2.0429 0.0000e+00
     98.000    10.3494   3.753537    34.0576       2964     2.0575 0.0000e+00
     99.000    10.3637   3.755274    34.0613       2990     2.0756 0.0000e+00
    100.000    10.3902   3.759267    34.0764       3021     2.0974 0.0000e+00
    101.000    10.4080   3.762557    34.0925       3049     2.1165 0.0000e+00
    102.000    10.4397   3.768289    34.1202       3072     2.1328 0.0000e+00
    103.000    10.5200   3.780598    34.1685       3098     2.1506 0.0000e+00
    104.000    10.5800   3.789672    34.2031       3133     2.1751 0.0000e+00
    105.000    10.6209   3.795552    34.2234       3167     2.1984 0.0000e+00
    106.000    10.6628   3.801639    34.2448       3189     2.2138 0.0000e+00
    107.000    10.6946   3.806306    34.2614       3208     2.2271 0.0000e+00
    108.000    10.8401   3.826366    34.3255       3230     2.2421 0.0000e+00
    109.000    10.9452   3.842842    34.3912       3253     2.2586 0.0000e+00
    108.000    10.9026   3.838696    34.3901       4445     3.0864 0.0000e+00
    107.000    10.7689   3.819152    34.3205       4712     3.2716 0.0000e+00
    106.000    10.7192   3.812121    34.2971       4735     3.2878 0.0000e+00
    105.000    10.6539   3.802466    34.2619       4759     3.3040 0.0000e+00
    104.000    10.6229   3.797156    34.2380       4786     3.3227 0.0000e+00
    103.000    10.5925   3.792603    34.2213       4815     3.3428 0.0000e+00
    102.000    10.5618   3.788370    34.2080       4841     3.3610 0.0000e+00
    101.000    10.4745   3.775609    34.1617       4864     3.3773 0.0000e+00
    100.000    10.4234   3.766166    34.1149       4888     3.3935 0.0000e+00
     99.000    10.3958   3.761213    34.0913       4914     3.4118 0.0000e+00
     98.000    10.3616   3.755843    34.0695       4945     3.4334 0.0000e+00
     97.000    10.3442   3.753592    34.0635       4974     3.4537 0.0000e+00
     96.000    10.3195   3.750639    34.0573       4998     3.4703 0.0000e+00
     95.000    10.2864   3.746248    34.0443       5021     3.4862 0.0000e+00
     94.000    10.2824   3.745050    34.0364       5045     3.5027 0.0000e+00
     93.000    10.3065   3.746792    34.0319       5071     3.5208 0.0000e+00
     92.000    10.3167   3.747400    34.0289       5100     3.5408 0.0000e+00
     91.000    10.2952   3.744700    34.0222       5130     3.5616 0.0000e+00
     90.000    10.2726   3.741014    34.0065       5156     3.5800 0.0000e+00
     89.000    10.2709   3.740192    34.0002       5180     3.5968 0.0000e+00
     88.000    10.2252   3.733488    33.9755       5205     3.6140 0.0000e+00
     87.000    10.1694   3.722109    33.9129       5233     3.6333 0.0000e+00
     86.000    10.1326   3.714420    33.8697       5263     3.6545 0.0000e+00
     85.000    10.0665   3.696667    33.7515       5295     3.6764 0.0000e+00
     84.000    10.0839   3.691766    33.6860       5324     3.6967 0.0000e+00
     83.000    10.1373   3.695569    33.6754       5352     3.7157 0.0000e+00
     82.000    10.1842   3.696923    33.6460       5377     3.7332 0.0000e+00
     81.000    10.1889   3.694876    33.6213       5400     3.7496 0.0000e+00
     80.000    10.1794   3.691613    33.5975       5428     3.7688 0.0000e+00
     79.000    10.1759   3.683968    33.5238       5466     3.7954 0.0000e+00
     78.000    10.1938   3.681859    33.4863       5498     3.8174 0.0000e+00
     77.000    10.2034   3.681599    33.4753       5520     3.8326 0.0000e+00
     76.000    10.2442   3.681554    33.4376       5540     3.8466 0.0000e+00
     75.000    10.4905   3.688774    33.2849       5563     3.8626 0.0000e+00
     74.000    10.7594   3.696883    33.1218       5594     3.8840 0.0000e+00
     73.000    10.8249   3.698144    33.0755       5625     3.9056 0.0000e+00
     72.000    10.8587   3.697457    33.0386       5650     3.9227 0.0000e+00
     71.000    10.8896   3.696488    33.0016       5672     3.9382 0.0000e+00
     70.000    10.9063   3.696295    32.9850       5696     3.9547 0.0000e+00
     69.000    10.9859   3.697154    32.9226       5724     3.9743 0.0000e+00
     68.000    11.1180   3.701565    32.8484       5757     3.9970 0.0000e+00
     67.000    11.2765   3.709695    32.7877       5784     4.0162 0.0000e+00
     66.000    11.3935   3.717257    32.7586       5807     4.0318 0.0000e+00
     65.000    11.6402   3.735392    32.7182       5829     4.0473 0.0000e+00
     64.000    11.7866   3.742633    32.6603       5855     4.0655 0.0000e+00
     63.000    11.9503   3.751911    32.6072       5886     4.0870 0.0000e+00
     62.000    11.9792   3.752559    32.5885       5914     4.1066 0.0000e+00
     61.000    12.0129   3.751746    32.5517       5939     4.1238 0.0000e+00
     60.000    12.0284   3.751349    32.5347       5964     4.1411 0.0000e+00
     59.000    12.1890   3.756216    32.4425       5995     4.1627 0.0000e+00
     58.000    12.4547   3.774219    32.3857       6029     4.1861 0.0000e+00
     57.000    12.6620   3.791905    32.3763       6057     4.2054 0.0000e+00
     56.000    12.8823   3.809067    32.3506       6083     4.2235 0.0000e+00
     55.000    13.1104   3.827126    32.3268       6111     4.2433 0.0000e+00
     54.000    13.2526   3.836540    32.2947       6141     4.2637 0.0000e+00
     53.000    13.3455   3.842824    32.2751       6167     4.2820 0.0000e+00
     52.000    13.4090   3.845798    32.2496       6192     4.2991 0.0000e+00
     51.000    13.4255   3.846351    32.2412       6219     4.3177 0.0000e+00
     50.000    13.4794   3.850503    32.2348       6251     4.3402 0.0000e+00
     49.000    13.5134   3.853311    32.2326       6281     4.3612 0.0000e+00
     48.000    13.5729   3.856967    32.2169       6306     4.3783 0.0000e+00
     47.000    13.5881   3.858128    32.2153       6330     4.3954 0.0000e+00
     46.000    13.6186   3.860492    32.2120       6362     4.4173 0.0000e+00
     45.000    13.6624   3.863158    32.2003       6396     4.4410 0.0000e+00
     44.000    13.7284   3.866943    32.1803       6421     4.4583 0.0000e+00
     43.000    13.9611   3.889661    32.1957       6441     4.4725 0.0000e+00
     42.000    14.0885   3.903157    32.2137       6463     4.4874 0.0000e+00
     41.000    14.2576   3.921840    32.2444       6490     4.5062 0.0000e+00
     40.000    14.9101   3.990356    32.3254       6522     4.5287 0.0000e+00
     39.000    15.0687   4.015886    32.4247       6549     4.5471 0.0000e+00
     38.000    15.0160   4.009472    32.4110       6570     4.5617 0.0000e+00
     37.000    14.9752   4.004850    32.4036       6591     4.5763 0.0000e+00
     36.000    15.0274   4.008245    32.3913       6617     4.5946 0.0000e+00
     35.000    15.0198   4.006391    32.3813       6651     4.6179 0.0000e+00
     34.000    15.1097   4.012889    32.3657       6679     4.6375 0.0000e+00
     33.000    15.1591   4.016199    32.3551       6701     4.6530 0.0000e+00
     32.000    15.1571   4.015156    32.3477       6723     4.6682 0.0000e+00
     31.000    15.1588   4.013868    32.3351       6747     4.6850 0.0000e+00
     30.000    15.2220   4.015310    32.2964       6776     4.7046 0.0000e+00
     29.000    15.2492   4.017904    32.2975       6804     4.7241 0.0000e+00
     28.000    15.2843   4.020763    32.2947       6828     4.7411 0.0000e+00
     27.000    15.3062   4.022814    32.2954       6851     4.7569 0.0000e+00
     26.000    15.3017   4.022406    32.2958       6875     4.7737 0.0000e+00
     25.000    15.3006   4.021484    32.2889       6903     4.7930 0.0000e+00
     24.000    15.2882   4.018461    32.2724       6932     4.8133 0.0000e+00
     23.000    15.2660   4.013841    32.2496       6960     4.8323 0.0000e+00
     22.000    15.2400   4.009477    32.2323       6986     4.8506 0.0000e+00
     21.000    15.2093   4.004858    32.2165       7011     4.8680 0.0000e+00
     20.000    15.1823   3.999529    32.1912       7037     4.8859 0.0000e+00
     19.000    15.1764   3.998317    32.1856       7069     4.9080 0.0000e+00
     18.000    15.1689   3.996809    32.1785       7103     4.9322 0.0000e+00
     17.000    15.1499   3.993457    32.1645       7129     4.9499 0.0000e+00
     16.000    15.0994   3.984493    32.1258       7150     4.9646 0.0000e+00
     15.000    15.1027   3.983871    32.1179       7172     4.9798 0.0000e+00
     14.000    15.0903   3.979271    32.0871       7202     5.0004 0.0000e+00
     13.000    15.0321   3.960197    31.9636       7239     5.0267 0.0000e+00
     12.000    15.0109   3.953651    31.9224       7269     5.0473 0.0000e+00
     11.000    14.9937   3.948233    31.8881       7294     5.0647 0.0000e+00
