HB2304/ctd130.cnv
* Sea-Bird SBE 9 Data File:
* FileName = C:\cruise\data\ctd130.hex
* Software Version Seasave V 7.26.7.121
* Temperature SN = 4591
* Conductivity SN = 3741
* Number of Bytes Per Scan = 37
* Number of Voltage Words = 4
* Number of Scans Averaged by the Deck Unit = 1
* NMEA Latitude = 41 40.34 N
* NMEA Longitude = 066 06.84 W
* NMEA UTC (Time) = Oct 18 2023  23:18:53
* NMEA baud rate = 4800
** Ship: Bigelow HB2304
** Program:  Fall Bottom Trawl Survey
** Chief Scientist: John Galbraith
# nquan = 7
# nvalues = 179                         
# units = specified
# name 0 = depSM: Depth [salt water, m]
# name 1 = t090C: Temperature [ITS-90, deg C]
# name 2 = c0S/m: Conductivity [S/m]
# name 3 = sal00: Salinity, Practical [PSU]
# name 4 = scan: Scan Count
# name 5 = timeM: Time, Elapsed [minutes]
# name 6 = flag: flag
# span 0 =      1.000,     91.000       
# span 1 =     7.6332,    14.6292       
# span 2 =   3.412166,   3.890609       
# span 3 =    31.2575,    33.0691       
# span 4 =       -112,       6917       
# span 5 =    -0.0782,     4.8029       
# span 6 = 0.0000e+00, 0.0000e+00       
# interval = meters: 1                  
# start_time = Oct 18 2023 23:18:53 [NMEA time, header]
# bad_flag = -9.990e-29
*END*
      3.000    14.6279   3.846937    31.2735       -112    -0.0782 0.0000e+00
      4.000    14.6087   3.845605    31.2765        268     0.1851 0.0000e+00
      5.000    14.6025   3.845294    31.2783        371     0.2567 0.0000e+00
      6.000    14.5690   3.842617    31.2806        424     0.2935 0.0000e+00
      7.000    14.5319   3.839800    31.2846        465     0.3225 0.0000e+00
      8.000    14.4630   3.834671    31.2933        495     0.3429 0.0000e+00
      9.000    14.4618   3.838866    31.3320        521     0.3612 0.0000e+00
     10.000    14.4344   3.838536    31.3508        640     0.4438 0.0000e+00
     11.000    14.3948   3.849047    31.4782        726     0.5037 0.0000e+00
     12.000    14.4088   3.864160    31.6040        757     0.5250 0.0000e+00
     13.000    14.4684   3.884312    31.7384        789     0.5471 0.0000e+00
     14.000    14.4043   3.890149    31.8437        819     0.5682 0.0000e+00
     15.000    14.3759   3.890609    31.8709        847     0.5872 0.0000e+00
     16.000    14.3469   3.889402    31.8833        871     0.6043 0.0000e+00
     17.000    14.3177   3.887950    31.8938        897     0.6223 0.0000e+00
     18.000    14.2663   3.884745    31.9065        926     0.6422 0.0000e+00
     19.000    14.2128   3.880976    31.9158        952     0.6606 0.0000e+00
     20.000    14.1285   3.874678    31.9274        975     0.6762 0.0000e+00
     21.000    14.0548   3.868902    31.9351        996     0.6913 0.0000e+00
     22.000    13.9527   3.861064    31.9473       1021     0.7081 0.0000e+00
     23.000    13.5961   3.836498    32.0170       1052     0.7297 0.0000e+00
     24.000    12.7046   3.771077    32.1554       1086     0.7534 0.0000e+00
     25.000    12.1037   3.721631    32.1975       1111     0.7712 0.0000e+00
     26.000    11.8532   3.697993    32.1851       1132     0.7854 0.0000e+00
     27.000    11.5393   3.670551    32.1902       1152     0.7994 0.0000e+00
     28.000    11.3070   3.651334    32.2041       1175     0.8155 0.0000e+00
     29.000    10.9742   3.627554    32.2611       1209     0.8387 0.0000e+00
     30.000    10.6212   3.604702    32.3453       1246     0.8644 0.0000e+00
     31.000    10.6121   3.607099    32.3768       1270     0.8810 0.0000e+00
     32.000    10.5692   3.609250    32.4360       1288     0.8938 0.0000e+00
     33.000    10.3811   3.599704    32.5077       1306     0.9066 0.0000e+00
     34.000    10.3202   3.596236    32.5269       1328     0.9217 0.0000e+00
     35.000    10.2735   3.593587    32.5417       1358     0.9421 0.0000e+00
     36.000    10.1964   3.588386    32.5580       1393     0.9664 0.0000e+00
     37.000    10.1284   3.583527    32.5696       1426     0.9897 0.0000e+00
     38.000    10.0521   3.578069    32.5827       1455     1.0098 0.0000e+00
     39.000    10.0211   3.575466    32.5838       1478     1.0260 0.0000e+00
     40.000    10.0182   3.575044    32.5817       1499     1.0402 0.0000e+00
     41.000    10.0170   3.574926    32.5811       1519     1.0542 0.0000e+00
     42.000    10.0066   3.574311    32.5839       1541     1.0693 0.0000e+00
     43.000     9.9614   3.571474    32.5954       1568     1.0882 0.0000e+00
     44.000     9.9269   3.568829    32.5993       1604     1.1132 0.0000e+00
     45.000     9.8489   3.563677    32.6170       1639     1.1376 0.0000e+00
     46.000     9.7545   3.556885    32.6329       1663     1.1544 0.0000e+00
     47.000     9.7134   3.553362    32.6338       1683     1.1680 0.0000e+00
     48.000     9.6804   3.550949    32.6386       1702     1.1812 0.0000e+00
     49.000     9.6237   3.547113    32.6505       1725     1.1971 0.0000e+00
     50.000     9.5211   3.540231    32.6729       1763     1.2238 0.0000e+00
     51.000     9.3751   3.530245    32.7031       1806     1.2534 0.0000e+00
     52.000     9.2740   3.523458    32.7252       1828     1.2689 0.0000e+00
     53.000     9.1703   3.516310    32.7460       1846     1.2811 0.0000e+00
     54.000     9.0940   3.510824    32.7588       1863     1.2927 0.0000e+00
     55.000     9.0532   3.507477    32.7611       1882     1.3059 0.0000e+00
     56.000     9.0435   3.506441    32.7589       1910     1.3255 0.0000e+00
     57.000     9.0385   3.505779    32.7562       1951     1.3541 0.0000e+00
     58.000     9.0307   3.505118    32.7560       1983     1.3762 0.0000e+00
     59.000     9.0226   3.504424    32.7558       2007     1.3929 0.0000e+00
     60.000     9.0179   3.504056    32.7558       2029     1.4083 0.0000e+00
     61.000     9.0136   3.503644    32.7551       2052     1.4241 0.0000e+00
     62.000     9.0026   3.502909    32.7571       2077     1.4414 0.0000e+00
     63.000     8.9970   3.502419    32.7567       2104     1.4603 0.0000e+00
     64.000     8.9881   3.501796    32.7580       2133     1.4804 0.0000e+00
     65.000     8.9646   3.500243    32.7631       2161     1.5002 0.0000e+00
     66.000     8.9416   3.498768    32.7684       2188     1.5189 0.0000e+00
     67.000     8.9235   3.497521    32.7718       2213     1.5360 0.0000e+00
     68.000     8.9102   3.496741    32.7755       2237     1.5525 0.0000e+00
     69.000     8.8448   3.492664    32.7929       2262     1.5699 0.0000e+00
     70.000     8.7803   3.488244    32.8059       2290     1.5895 0.0000e+00
     71.000     8.7488   3.485763    32.8087       2323     1.6124 0.0000e+00
     72.000     8.7272   3.484178    32.8117       2355     1.6348 0.0000e+00
     73.000     8.7119   3.483163    32.8148       2380     1.6520 0.0000e+00
     74.000     8.6953   3.482104    32.8186       2400     1.6663 0.0000e+00
     75.000     8.6574   3.479969    32.8310       2420     1.6800 0.0000e+00
     76.000     8.6135   3.477322    32.8435       2442     1.6952 0.0000e+00
     77.000     8.5652   3.474210    32.8552       2470     1.7148 0.0000e+00
     78.000     8.5260   3.471694    32.8649       2505     1.7389 0.0000e+00
     79.000     8.4369   3.466122    32.8888       2534     1.7592 0.0000e+00
     80.000     8.3908   3.462893    32.8973       2559     1.7763 0.0000e+00
     81.000     8.3498   3.460080    32.9054       2585     1.7944 0.0000e+00
     82.000     8.3273   3.458344    32.9076       2614     1.8148 0.0000e+00
     83.000     8.2963   3.456231    32.9139       2641     1.8336 0.0000e+00
     84.000     8.2240   3.451712    32.9333       2664     1.8490 0.0000e+00
     85.000     8.1472   3.446372    32.9482       2685     1.8638 0.0000e+00
     86.000     8.0863   3.442434    32.9631       2709     1.8807 0.0000e+00
     87.000     7.9342   3.433319    33.0089       2738     1.9008 0.0000e+00
     88.000     7.8309   3.426512    33.0332       2768     1.9215 0.0000e+00
     89.000     7.7245   3.419762    33.0613       2795     1.9404 0.0000e+00
     90.000     7.6721   3.415911    33.0691       2821     1.9586 0.0000e+00
     91.000     7.6332   3.412166    33.0653       3356     2.3302 0.0000e+00
     90.000     7.6603   3.413526    33.0547       3789     2.6305 0.0000e+00
     89.000     7.6680   3.413898    33.0519       3867     2.6850 0.0000e+00
     88.000     7.7058   3.415799    33.0369       3901     2.7084 0.0000e+00
     87.000     7.7348   3.417752    33.0308       3922     2.7231 0.0000e+00
     86.000     7.7680   3.419242    33.0158       3941     2.7359 0.0000e+00
     85.000     7.9107   3.427492    32.9697       3960     2.7495 0.0000e+00
     84.000     7.9992   3.433425    32.9501       3984     2.7660 0.0000e+00
     83.000     8.0998   3.439858    32.9245       4012     2.7857 0.0000e+00
     82.000     8.2050   3.446898    32.9010       4041     2.8058 0.0000e+00
     81.000     8.2792   3.451540    32.8811       4071     2.8264 0.0000e+00
     80.000     8.3327   3.455889    32.8776       4102     2.8480 0.0000e+00
     79.000     8.3765   3.458787    32.8677       4129     2.8666 0.0000e+00
     78.000     8.4249   3.461778    32.8546       4151     2.8817 0.0000e+00
     77.000     8.4876   3.465962    32.8408       4170     2.8953 0.0000e+00
     76.000     8.5395   3.469294    32.8280       4191     2.9100 0.0000e+00
     75.000     8.5775   3.471781    32.8193       4221     2.9303 0.0000e+00
     74.000     8.6504   3.476523    32.8018       4257     2.9553 0.0000e+00
     73.000     8.6789   3.478271    32.7942       4282     2.9732 0.0000e+00
     72.000     8.7017   3.479927    32.7909       4303     2.9874 0.0000e+00
     71.000     8.7154   3.480924    32.7890       4324     3.0021 0.0000e+00
     70.000     8.7457   3.483032    32.7835       4352     3.0215 0.0000e+00
     69.000     8.8205   3.488086    32.7675       4389     3.0473 0.0000e+00
     68.000     8.8652   3.490986    32.7570       4418     3.0674 0.0000e+00
     67.000     8.8869   3.492638    32.7546       4438     3.0814 0.0000e+00
     66.000     8.9028   3.493605    32.7505       4457     3.0942 0.0000e+00
     65.000     8.9462   3.496462    32.7407       4476     3.1078 0.0000e+00
     64.000     8.9621   3.497760    32.7400       4502     3.1258 0.0000e+00
     63.000     8.9722   3.498590    32.7398       4540     3.1518 0.0000e+00
     62.000     8.9746   3.498826    32.7405       4572     3.1740 0.0000e+00
     61.000     8.9754   3.498907    32.7411       4596     3.1910 0.0000e+00
     60.000     8.9808   3.499238    32.7399       4619     3.2073 0.0000e+00
     59.000     9.0030   3.500734    32.7355       4643     3.2238 0.0000e+00
     58.000     9.0186   3.501877    32.7335       4667     3.2406 0.0000e+00
     57.000     9.0214   3.502164    32.7344       4692     3.2574 0.0000e+00
     56.000     9.0326   3.502894    32.7321       4717     3.2752 0.0000e+00
     55.000     9.0669   3.505182    32.7248       4745     3.2943 0.0000e+00
     54.000     9.1134   3.508368    32.7155       4775     3.3156 0.0000e+00
     53.000     9.1846   3.512915    32.6977       4805     3.3362 0.0000e+00
     52.000     9.2678   3.518390    32.6786       4828     3.3522 0.0000e+00
     51.000     9.3983   3.526587    32.6442       4848     3.3659 0.0000e+00
     50.000     9.5386   3.536317    32.6168       4868     3.3802 0.0000e+00
     49.000     9.6482   3.544197    32.5984       4894     3.3979 0.0000e+00
     48.000     9.7081   3.549039    32.5940       4929     3.4221 0.0000e+00
     47.000     9.7388   3.551570    32.5924       4963     3.4458 0.0000e+00
     46.000     9.7931   3.555191    32.5807       4989     3.4638 0.0000e+00
     45.000     9.8882   3.561448    32.5588       5011     3.4791 0.0000e+00
     44.000     9.9523   3.566321    32.5510       5032     3.4939 0.0000e+00
     43.000    10.0058   3.570277    32.5432       5057     3.5111 0.0000e+00
     42.000    10.0329   3.572148    32.5382       5088     3.5329 0.0000e+00
     41.000    10.0388   3.572583    32.5378       5120     3.5550 0.0000e+00
     40.000    10.0478   3.573179    32.5361       5146     3.5728 0.0000e+00
     39.000    10.0764   3.574934    32.5287       5168     3.5883 0.0000e+00
     38.000    10.1525   3.579883    32.5107       5190     3.6036 0.0000e+00
     37.000    10.2343   3.585313    32.4926       5216     3.6218 0.0000e+00
     36.000    10.3291   3.591155    32.4670       5261     3.6525 0.0000e+00
     35.000    10.3858   3.593751    32.4428       5301     3.6806 0.0000e+00
     34.000    10.4524   3.596389    32.4104       5323     3.6961 0.0000e+00
     33.000    10.5994   3.603204    32.3483       5342     3.7089 0.0000e+00
     32.000    10.6268   3.603211    32.3245       5360     3.7216 0.0000e+00
     31.000    10.6396   3.598213    32.2639       5381     3.7361 0.0000e+00
     30.000    11.0405   3.621030    32.1381       5410     3.7561 0.0000e+00
     29.000    11.4650   3.653007    32.0827       5455     3.7872 0.0000e+00
     28.000    11.6732   3.670991    32.0780       5496     3.8162 0.0000e+00
     27.000    11.8745   3.689768    32.0868       5522     3.8343 0.0000e+00
     26.000    12.1385   3.710168    32.0569       5543     3.8490 0.0000e+00
     25.000    12.6622   3.749382    31.9852       5565     3.8639 0.0000e+00
     24.000    13.4583   3.810333    31.8884       5591     3.8821 0.0000e+00
     23.000    13.9346   3.849849    31.8586       5624     3.9048 0.0000e+00
     22.000    14.0069   3.857147    31.8663       5655     3.9266 0.0000e+00
     21.000    14.0562   3.862643    31.8764       5682     3.9451 0.0000e+00
     20.000    14.1776   3.871358    31.8564       5708     3.9629 0.0000e+00
     19.000    14.2458   3.877087    31.8530       5738     3.9840 0.0000e+00
     18.000    14.2791   3.880376    31.8560       5775     4.0095 0.0000e+00
     17.000    14.3000   3.882037    31.8543       5804     4.0296 0.0000e+00
     16.000    14.3241   3.883364    31.8470       5827     4.0455 0.0000e+00
     15.000    14.3594   3.885222    31.8353       5846     4.0592 0.0000e+00
     14.000    14.3953   3.886435    31.8172       5866     4.0727 0.0000e+00
     13.000    14.4638   3.884212    31.7412       5887     4.0877 0.0000e+00
     12.000    14.3856   3.861037    31.5944       5916     4.1074 0.0000e+00
     11.000    14.3706   3.844019    31.4521       5951     4.1322 0.0000e+00
     10.000    14.4133   3.838027    31.3633       5982     4.1532 0.0000e+00
      9.000    14.4513   3.837327    31.3265       6006     4.1698 0.0000e+00
      8.000    14.4578   3.835647    31.3063       6028     4.1857 0.0000e+00
      7.000    14.5876   3.841754    31.2575       6537     4.5387 0.0000e+00
      6.000    14.6043   3.844780    31.2718       6789     4.7139 0.0000e+00
      5.000    14.6185   3.845999    31.2718       6816     4.7329 0.0000e+00
      4.000    14.6243   3.846464    31.2718       6843     4.7511 0.0000e+00
      3.000    14.6226   3.846424    31.2731       6869     4.7693 0.0000e+00
      2.000    14.6242   3.846456    31.2725       6892     4.7857 0.0000e+00
      1.000    14.6292   3.846831    31.2722       6917     4.8029 0.0000e+00
