HB2304/ctd126.cnv
* Sea-Bird SBE 9 Data File:
* FileName = C:\cruise\data\ctd126.hex
* Software Version Seasave V 7.26.7.121
* Temperature SN = 4591
* Conductivity SN = 3741
* Number of Bytes Per Scan = 37
* Number of Voltage Words = 4
* Number of Scans Averaged by the Deck Unit = 1
* NMEA Latitude = 42 11.21 N
* NMEA Longitude = 066 33.09 W
* NMEA UTC (Time) = Oct 17 2023  22:59:16
* NMEA baud rate = 4800
** Ship: Bigelow HB2304
** Program:  Fall Bottom Trawl Survey
** Chief Scientist: John Galbraith
# nquan = 7
# nvalues = 402                         
# units = specified
# name 0 = depSM: Depth [salt water, m]
# name 1 = t090C: Temperature [ITS-90, deg C]
# name 2 = c0S/m: Conductivity [S/m]
# name 3 = sal00: Salinity, Practical [PSU]
# name 4 = scan: Scan Count
# name 5 = timeM: Time, Elapsed [minutes]
# name 6 = flag: flag
# span 0 =      3.000,    204.000       
# span 1 =     7.4360,    13.8131       
# span 2 =   3.378350,   3.854419       
# span 3 =    31.9913,    34.8917       
# span 4 =        168,      13113       
# span 5 =     0.1162,     9.1057       
# span 6 = 0.0000e+00, 0.0000e+00       
# interval = meters: 1                  
# start_time = Oct 17 2023 22:59:16 [NMEA time, header]
# bad_flag = -9.990e-29
*END*
      4.000    13.4544   3.829643    32.0796        168     0.1162 0.0000e+00
      5.000    13.4611   3.830330    32.0799        330     0.2282 0.0000e+00
      6.000    13.4597   3.830275    32.0802        404     0.2798 0.0000e+00
      7.000    13.4627   3.830578    32.0801        457     0.3163 0.0000e+00
      8.000    13.4587   3.830264    32.0801        508     0.3523 0.0000e+00
      9.000    13.4428   3.828740    32.0789        578     0.4007 0.0000e+00
     10.000    13.4215   3.826633    32.0767        673     0.4666 0.0000e+00
     11.000    13.3700   3.821988    32.0763        744     0.5156 0.0000e+00
     12.000    13.3562   3.820769    32.0761        763     0.5295 0.0000e+00
     13.000    13.3558   3.820736    32.0758        781     0.5419 0.0000e+00
     14.000    13.3516   3.820450    32.0762        800     0.5550 0.0000e+00
     15.000    13.3429   3.819768    32.0768        825     0.5722 0.0000e+00
     16.000    13.3361   3.819245    32.0772        865     0.5997 0.0000e+00
     17.000    13.3297   3.818845    32.0785        904     0.6272 0.0000e+00
     18.000    13.3015   3.816428    32.0792        929     0.6445 0.0000e+00
     19.000    13.2795   3.814347    32.0779        949     0.6581 0.0000e+00
     20.000    13.2439   3.810961    32.0758        966     0.6700 0.0000e+00
     21.000    13.2194   3.808438    32.0724        983     0.6818 0.0000e+00
     22.000    13.1753   3.804465    32.0720       1003     0.6961 0.0000e+00
     23.000    13.0954   3.797296    32.0718       1045     0.7253 0.0000e+00
     24.000    12.8998   3.781112    32.0844       1095     0.7595 0.0000e+00
     25.000    12.4519   3.746729    32.1391       1119     0.7763 0.0000e+00
     26.000    11.9970   3.710825    32.1849       1136     0.7883 0.0000e+00
     27.000    11.6708   3.684916    32.2158       1151     0.7986 0.0000e+00
     28.000    11.4619   3.667565    32.2279       1166     0.8089 0.0000e+00
     29.000    11.2987   3.657864    32.2751       1184     0.8214 0.0000e+00
     30.000    10.9153   3.633786    32.3743       1218     0.8451 0.0000e+00
     31.000    10.6269   3.612321    32.4157       1272     0.8827 0.0000e+00
     32.000    10.5307   3.604933    32.4270       1297     0.9003 0.0000e+00
     33.000    10.4054   3.596663    32.4554       1317     0.9137 0.0000e+00
     34.000    10.1210   3.579785    32.5398       1335     0.9263 0.0000e+00
     35.000     9.9766   3.571300    32.5834       1355     0.9402 0.0000e+00
     36.000     9.9611   3.570262    32.5865       1378     0.9565 0.0000e+00
     37.000     9.9666   3.571069    32.5893       1403     0.9740 0.0000e+00
     38.000     9.9755   3.572447    32.5948       1429     0.9919 0.0000e+00
     39.000     9.9852   3.574084    32.6022       1460     1.0131 0.0000e+00
     40.000     9.9764   3.574649    32.6154       1496     1.0381 0.0000e+00
     41.000     9.8862   3.572822    32.6780       1523     1.0572 0.0000e+00
     42.000     9.8459   3.571660    32.7022       1545     1.0721 0.0000e+00
     43.000     9.8278   3.570341    32.7048       1566     1.0870 0.0000e+00
     44.000     9.7796   3.566750    32.7115       1592     1.1046 0.0000e+00
     45.000     9.7515   3.564054    32.7092       1621     1.1252 0.0000e+00
     46.000     9.7394   3.562991    32.7089       1648     1.1438 0.0000e+00
     47.000     9.7012   3.559127    32.7037       1670     1.1588 0.0000e+00
     48.000     9.6679   3.556653    32.7083       1689     1.1722 0.0000e+00
     49.000     9.1888   3.520590    32.7749       1708     1.1853 0.0000e+00
     50.000     8.6576   3.473645    32.7759       1730     1.2005 0.0000e+00
     51.000     8.5466   3.462006    32.7563       1782     1.2368 0.0000e+00
     52.000     8.5196   3.459527    32.7548       1837     1.2751 0.0000e+00
     53.000     8.4985   3.458415    32.7623       1852     1.2855 0.0000e+00
     54.000     8.4402   3.454922    32.7793       1865     1.2946 0.0000e+00
     55.000     8.2952   3.446425    32.8242       1877     1.3029 0.0000e+00
     56.000     8.1959   3.439585    32.8440       1889     1.3114 0.0000e+00
     57.000     8.1376   3.436003    32.8602       1904     1.3212 0.0000e+00
     58.000     7.9674   3.422599    32.8768       1923     1.3351 0.0000e+00
     59.000     7.7566   3.404221    32.8783       1989     1.3809 0.0000e+00
     60.000     7.5247   3.385116    32.8915       2046     1.4201 0.0000e+00
     61.000     7.4561   3.380034    32.9013       2064     1.4329 0.0000e+00
     62.000     7.4360   3.378757    32.9061       2079     1.4433 0.0000e+00
     63.000     7.5125   3.389193    32.9457       2092     1.4524 0.0000e+00
     64.000     7.6141   3.402846    32.9960       2105     1.4614 0.0000e+00
     65.000     7.6883   3.413436    33.0390       2119     1.4709 0.0000e+00
     66.000     7.6646   3.415231    33.0804       2135     1.4822 0.0000e+00
     67.000     7.5759   3.407917    33.0855       2161     1.4999 0.0000e+00
     68.000     7.5303   3.402687    33.0720       2267     1.5734 0.0000e+00
     69.000     7.4537   3.396764    33.0806       2290     1.5896 0.0000e+00
     70.000     7.5236   3.404107    33.0927       2302     1.5976 0.0000e+00
     71.000     7.5560   3.410561    33.1310       2313     1.6052 0.0000e+00
     72.000     7.5466   3.412307    33.1583       2323     1.6124 0.0000e+00
     73.000     7.5531   3.414503    33.1753       2333     1.6196 0.0000e+00
     74.000     7.5506   3.415081    33.1835       2345     1.6277 0.0000e+00
     75.000     7.5465   3.416003    33.1969       2368     1.6440 0.0000e+00
     76.000     7.5506   3.418252    33.2167       2462     1.7087 0.0000e+00
     77.000     7.5509   3.423148    33.2688       2484     1.7243 0.0000e+00
     78.000     7.5511   3.424286    33.2804       2504     1.7385 0.0000e+00
     79.000     7.5560   3.425379    33.2871       2523     1.7516 0.0000e+00
     80.000     7.6174   3.436696    33.3497       2544     1.7657 0.0000e+00
     81.000     7.6493   3.443887    33.3962       2566     1.7811 0.0000e+00
     82.000     7.6499   3.444228    33.3988       2588     1.7965 0.0000e+00
     83.000     7.6550   3.445307    33.4050       2609     1.8108 0.0000e+00
     84.000     7.6589   3.445945    33.4077       2629     1.8249 0.0000e+00
     85.000     7.6897   3.451585    33.4384       2654     1.8424 0.0000e+00
     86.000     7.7216   3.457929    33.4755       2726     1.8922 0.0000e+00
     87.000     7.7682   3.465861    33.5155       2759     1.9151 0.0000e+00
     88.000     7.8119   3.472864    33.5482       2774     1.9259 0.0000e+00
     89.000     7.9246   3.490582    33.6293       2788     1.9357 0.0000e+00
     90.000     7.9588   3.497434    33.6692       2802     1.9454 0.0000e+00
     91.000     8.0036   3.504197    33.6979       2817     1.9558 0.0000e+00
     92.000     8.0353   3.509917    33.7280       2835     1.9684 0.0000e+00
     93.000     8.0632   3.514607    33.7508       2863     1.9877 0.0000e+00
     94.000     8.0772   3.517358    33.7662       2930     2.0339 0.0000e+00
     95.000     8.0938   3.520072    33.7787       2970     2.0618 0.0000e+00
     96.000     8.1004   3.521380    33.7858       2991     2.0762 0.0000e+00
     97.000     8.1033   3.521886    33.7879       3008     2.0881 0.0000e+00
     98.000     8.1201   3.524508    33.7991       3024     2.0992 0.0000e+00
     99.000     8.1412   3.528182    33.8176       3039     2.1100 0.0000e+00
    100.000     8.1707   3.532785    33.8376       3056     2.1214 0.0000e+00
    101.000     8.1970   3.537265    33.8595       3076     2.1357 0.0000e+00
    102.000     8.2201   3.541805    33.8851       3126     2.1704 0.0000e+00
    103.000     8.2339   3.544346    33.8983       3179     2.2070 0.0000e+00
    104.000     8.2418   3.545902    33.9068       3209     2.2279 0.0000e+00
    105.000     8.2585   3.548679    33.9197       3233     2.2443 0.0000e+00
    106.000     8.2676   3.550504    33.9298       3251     2.2571 0.0000e+00
    107.000     8.2713   3.551282    33.9341       3267     2.2682 0.0000e+00
    108.000     8.2753   3.552034    33.9377       3282     2.2788 0.0000e+00
    109.000     8.2847   3.553532    33.9441       3298     2.2897 0.0000e+00
    110.000     8.3252   3.560471    33.9782       3319     2.3042 0.0000e+00
    111.000     8.3558   3.566906    34.0164       3391     2.3541 0.0000e+00
    112.000     8.3623   3.568156    34.0229       3431     2.3822 0.0000e+00
    113.000     8.3619   3.568596    34.0275       3449     2.3944 0.0000e+00
    114.000     8.3623   3.568924    34.0301       3466     2.4062 0.0000e+00
    115.000     8.3635   3.569612    34.0358       3484     2.4189 0.0000e+00
    116.000     8.3646   3.569914    34.0375       3507     2.4344 0.0000e+00
    117.000     8.3668   3.570480    34.0408       3537     2.4558 0.0000e+00
    118.000     8.3678   3.570781    34.0426       3568     2.4770 0.0000e+00
    119.000     8.3704   3.571315    34.0453       3592     2.4937 0.0000e+00
    120.000     8.3747   3.572373    34.0518       3617     2.5112 0.0000e+00
    121.000     8.3788   3.573185    34.0560       3650     2.5340 0.0000e+00
    122.000     8.3913   3.575821    34.0714       3687     2.5595 0.0000e+00
    123.000     8.3945   3.576612    34.0762       3718     2.5816 0.0000e+00
    124.000     8.4002   3.577752    34.0823       3745     2.6003 0.0000e+00
    125.000     8.4071   3.579166    34.0902       3769     2.6170 0.0000e+00
    126.000     8.4130   3.580482    34.0979       3791     2.6322 0.0000e+00
    127.000     8.4221   3.582391    34.1089       3811     2.6459 0.0000e+00
    128.000     8.4266   3.583393    34.1147       3830     2.6587 0.0000e+00
    129.000     8.4418   3.586457    34.1318       3850     2.6728 0.0000e+00
    130.000     8.4571   3.589742    34.1514       3879     2.6934 0.0000e+00
    131.000     8.4644   3.591397    34.1613       3924     2.7243 0.0000e+00
    132.000     8.4682   3.592438    34.1682       3959     2.7483 0.0000e+00
    133.000     8.4807   3.594992    34.1827       3983     2.7655 0.0000e+00
    134.000     8.5057   3.599765    34.2084       4007     2.7823 0.0000e+00
    135.000     8.5978   3.616630    34.2968       4032     2.7990 0.0000e+00
    136.000     8.6342   3.624592    34.3450       4054     2.8147 0.0000e+00
    137.000     8.6457   3.627237    34.3612       4076     2.8302 0.0000e+00
    138.000     8.6503   3.628476    34.3694       4101     2.8471 0.0000e+00
    139.000     8.6573   3.630038    34.3785       4126     2.8649 0.0000e+00
    140.000     8.6576   3.630248    34.3800       4151     2.8818 0.0000e+00
    141.000     8.6644   3.632166    34.3931       4177     2.8997 0.0000e+00
    142.000     8.6662   3.632711    34.3967       4214     2.9259 0.0000e+00
    143.000     8.6675   3.633269    34.4009       4261     2.9583 0.0000e+00
    144.000     8.6678   3.633458    34.4020       4291     2.9788 0.0000e+00
    145.000     8.6677   3.633473    34.4018       4308     2.9909 0.0000e+00
    146.000     8.6689   3.633939    34.4051       4322     3.0006 0.0000e+00
    147.000     8.6703   3.634313    34.4072       4335     3.0097 0.0000e+00
    148.000     8.6733   3.635240    34.4136       4350     3.0198 0.0000e+00
    149.000     8.6740   3.635567    34.4159       4382     3.0427 0.0000e+00
    150.000     8.6749   3.635979    34.4189       4449     3.0889 0.0000e+00
    151.000     8.6756   3.636334    34.4215       4470     3.1036 0.0000e+00
    152.000     8.6762   3.636562    34.4228       4491     3.1183 0.0000e+00
    153.000     8.6778   3.637202    34.4276       4514     3.1342 0.0000e+00
    154.000     8.6770   3.636963    34.4253       4540     3.1522 0.0000e+00
    155.000     8.6783   3.637383    34.4280       4567     3.1706 0.0000e+00
    156.000     8.6807   3.638271    34.4346       4590     3.1867 0.0000e+00
    157.000     8.6825   3.639025    34.4402       4611     3.2017 0.0000e+00
    158.000     8.6876   3.641950    34.4656       4636     3.2184 0.0000e+00
    159.000     8.7156   3.659238    34.6200       4666     3.2393 0.0000e+00
    160.000     8.7298   3.669876    34.7177       4702     3.2643 0.0000e+00
    161.000     8.7314   3.670945    34.7269       4735     3.2873 0.0000e+00
    162.000     8.7350   3.671794    34.7319       4764     3.3077 0.0000e+00
    163.000     8.7356   3.671981    34.7328       4791     3.3267 0.0000e+00
    164.000     8.7359   3.672234    34.7347       4817     3.3447 0.0000e+00
    165.000     8.7331   3.672328    34.7379       4839     3.3597 0.0000e+00
    166.000     8.7308   3.672472    34.7412       4857     3.3725 0.0000e+00
    167.000     8.7270   3.672868    34.7486       4876     3.3854 0.0000e+00
    168.000     8.7247   3.673199    34.7539       4899     3.4012 0.0000e+00
    169.000     8.7226   3.673574    34.7594       4938     3.4285 0.0000e+00
    170.000     8.7207   3.674013    34.7654       4983     3.4599 0.0000e+00
    171.000     8.7195   3.674268    34.7689       5012     3.4801 0.0000e+00
    172.000     8.7183   3.674487    34.7718       5036     3.4967 0.0000e+00
    173.000     8.7174   3.674759    34.7751       5057     3.5109 0.0000e+00
    174.000     8.7168   3.674993    34.7777       5075     3.5239 0.0000e+00
    175.000     8.7155   3.675264    34.7814       5094     3.5369 0.0000e+00
    176.000     8.7127   3.675668    34.7879       5115     3.5517 0.0000e+00
    177.000     8.7116   3.675899    34.7909       5144     3.5718 0.0000e+00
    178.000     8.7090   3.676318    34.7975       5186     3.6009 0.0000e+00
    179.000     8.7039   3.676771    34.8067       5225     3.6280 0.0000e+00
    180.000     8.6962   3.677136    34.8177       5254     3.6481 0.0000e+00
    181.000     8.6875   3.677315    34.8276       5280     3.6660 0.0000e+00
    182.000     8.6766   3.677436    34.8391       5302     3.6811 0.0000e+00
    183.000     8.6688   3.677598    34.8481       5320     3.6937 0.0000e+00
    184.000     8.6587   3.677742    34.8591       5336     3.7050 0.0000e+00
    185.000     8.6512   3.677814    34.8667       5353     3.7170 0.0000e+00
    186.000     8.6453   3.677891    34.8729       5378     3.7340 0.0000e+00
    187.000     8.6432   3.677946    34.8750       5444     3.7797 0.0000e+00
    188.000     8.6436   3.678020    34.8749       5486     3.8089 0.0000e+00
    189.000     8.6441   3.678151    34.8754       5507     3.8233 0.0000e+00
    190.000     8.6395   3.678225    34.8802       5523     3.8348 0.0000e+00
    191.000     8.6372   3.678298    34.8828       5538     3.8449 0.0000e+00
    192.000     8.6325   3.678395    34.8879       5552     3.8547 0.0000e+00
    193.000     8.6320   3.678437    34.8884       5567     3.8652 0.0000e+00
    194.000     8.6321   3.678540    34.8889       5588     3.8796 0.0000e+00
    195.000     8.6324   3.678577    34.8885       5638     3.9144 0.0000e+00
    196.000     8.6318   3.678612    34.8890       5705     3.9613 0.0000e+00
    197.000     8.6320   3.678668    34.8890       5732     3.9799 0.0000e+00
    198.000     8.6318   3.678739    34.8894       5749     3.9915 0.0000e+00
    199.000     8.6314   3.678763    34.8895       5763     4.0016 0.0000e+00
    200.000     8.6303   3.678755    34.8901       5777     4.0113 0.0000e+00
    201.000     8.6288   3.678760    34.8911       5792     4.0218 0.0000e+00
    202.000     8.6276   3.678735    34.8916       5812     4.0351 0.0000e+00
    203.000     8.6284   3.678808    34.8911       5838     4.0538 0.0000e+00
    204.000     8.6266   3.678746    34.8917       5864     4.0716 0.0000e+00
    203.000     8.6279   3.678778    34.8913       5868     4.0745 0.0000e+00
    202.000     8.6276   3.678726    34.8915       5915     4.1068 0.0000e+00
    201.000     8.6301   3.678753    34.8897       6530     4.5340 0.0000e+00
    200.000     8.6314   3.678762    34.8890       6850     4.7564 0.0000e+00
