HB2304/ctd159.cnv
* Sea-Bird SBE 9 Data File:
* FileName = C:\cruise\data\ctd159.hex
* Software Version Seasave V 7.26.7.121
* Temperature SN = 4591
* Conductivity SN = 3741
* Number of Bytes Per Scan = 37
* Number of Voltage Words = 4
* Number of Scans Averaged by the Deck Unit = 1
* NMEA Latitude = 41 19.15 N
* NMEA Longitude = 068 11.29 W
* NMEA UTC (Time) = Nov 03 2023 07:55:14
* NMEA baud rate = 4800
** Ship: Bigelow HB2304
** Program:  Fall Bottom Trawl Survey
** Chief Scientist: John Galbraith
# nquan = 9
# nvalues = 83                          
# units = specified
# name 0 = depSM: Depth [salt water, m]
# name 1 = t090C: Temperature [ITS-90, deg C]
# name 2 = c0S/m: Conductivity [S/m]
# name 3 = sal00: Salinity, Practical [PSU]
# name 4 = scan: Scan Count
# name 5 = timeM: Time, Elapsed [minutes]
# name 6 = sbeox0V: Oxygen raw, SBE 43 [V]
# name 7 = sbeox1V: Oxygen raw, SBE 43, 2 [V]
# name 8 = flag: flag
# span 0 =      3.000,     44.000       
# span 1 =    15.2003,    15.2571       
# span 2 =   3.982570,   3.989511       
# span 3 =    32.0254,    32.0312       
# span 4 =        111,       3285       
# span 5 =     0.0762,     2.2802       
# span 6 =     2.4065,     2.4287       
# span 7 =     2.2668,     2.2861       
# span 8 = 0.0000e+00, 0.0000e+00       
# interval = meters: 1                  
# start_time = Nov 03 2023 07:55:14 [NMEA time, header]
# bad_flag = -9.990e-29
*END*
      3.000    15.2352   3.985422    32.0279        111     0.0762     2.4213     2.2798 0.0000e+00
      4.000    15.2347   3.985477    32.0284        218     0.1506     2.4230     2.2843 0.0000e+00
      5.000    15.2389   3.985858    32.0279        243     0.1683     2.4214     2.2852 0.0000e+00
      6.000    15.2397   3.986033    32.0285        284     0.1964     2.4200     2.2808 0.0000e+00
      7.000    15.2408   3.986204    32.0287        324     0.2243     2.4223     2.2769 0.0000e+00
      8.000    15.2398   3.986150    32.0287        349     0.2418     2.4226     2.2784 0.0000e+00
      9.000    15.2398   3.986187    32.0287        380     0.2632     2.4225     2.2844 0.0000e+00
     10.000    15.2371   3.985958    32.0285        418     0.2898     2.4204     2.2792 0.0000e+00
     11.000    15.2348   3.985859    32.0291        448     0.3106     2.4219     2.2772 0.0000e+00
     12.000    15.2297   3.985308    32.0279        478     0.3313     2.4236     2.2792 0.0000e+00
     13.000    15.2397   3.986302    32.0283        513     0.3553     2.4223     2.2820 0.0000e+00
     14.000    15.2423   3.986685    32.0292        549     0.3805     2.4221     2.2855 0.0000e+00
     15.000    15.2452   3.986992    32.0292        581     0.4026     2.4185     2.2831 0.0000e+00
     16.000    15.2476   3.987233    32.0290        609     0.4222     2.4177     2.2795 0.0000e+00
     17.000    15.2462   3.987206    32.0295        644     0.4464     2.4175     2.2739 0.0000e+00
     18.000    15.2471   3.987355    32.0298        681     0.4722     2.4169     2.2733 0.0000e+00
     19.000    15.2453   3.987207    32.0295        711     0.4930     2.4169     2.2764 0.0000e+00
     20.000    15.2457   3.987282    32.0295        741     0.5136     2.4171     2.2771 0.0000e+00
     21.000    15.2460   3.987342    32.0295        773     0.5364     2.4177     2.2777 0.0000e+00
     22.000    15.2428   3.987090    32.0294        809     0.5609     2.4184     2.2766 0.0000e+00
     23.000    15.2383   3.986630    32.0286        843     0.5847     2.4191     2.2749 0.0000e+00
     24.000    15.2381   3.986618    32.0282        874     0.6063     2.4179     2.2755 0.0000e+00
     25.000    15.2376   3.986610    32.0282        903     0.6263     2.4177     2.2724 0.0000e+00
     26.000    15.2384   3.986727    32.0282        933     0.6473     2.4148     2.2734 0.0000e+00
     27.000    15.2427   3.987202    32.0286        971     0.6733     2.4140     2.2750 0.0000e+00
     28.000    15.2425   3.987292    32.0292       1009     0.6997     2.4130     2.2764 0.0000e+00
     29.000    15.2316   3.986157    32.0276       1041     0.7219     2.4162     2.2745 0.0000e+00
     30.000    15.2294   3.985955    32.0272       1069     0.7418     2.4165     2.2746 0.0000e+00
     31.000    15.2300   3.986026    32.0269       1096     0.7606     2.4159     2.2762 0.0000e+00
     32.000    15.2303   3.986093    32.0269       1127     0.7820     2.4165     2.2754 0.0000e+00
     33.000    15.2318   3.986264    32.0269       1166     0.8091     2.4148     2.2725 0.0000e+00
     34.000    15.2317   3.986293    32.0268       1201     0.8333     2.4135     2.2733 0.0000e+00
     35.000    15.2320   3.986358    32.0268       1235     0.8569     2.4139     2.2726 0.0000e+00
     36.000    15.2341   3.986626    32.0271       1269     0.8808     2.4150     2.2720 0.0000e+00
     37.000    15.2342   3.986665    32.0270       1297     0.8997     2.4125     2.2745 0.0000e+00
     38.000    15.2507   3.988440    32.0290       1323     0.9182     2.4134     2.2726 0.0000e+00
     39.000    15.2517   3.988695    32.0301       1356     0.9413     2.4163     2.2752 0.0000e+00
     40.000    15.2507   3.988612    32.0298       1392     0.9661     2.4148     2.2721 0.0000e+00
     41.000    15.2524   3.988880    32.0305       1427     0.9902     2.4139     2.2700 0.0000e+00
     42.000    15.2521   3.988847    32.0300       1464     1.0162     2.4105     2.2714 0.0000e+00
     43.000    15.2552   3.989238    32.0306       1497     1.0388     2.4105     2.2703 0.0000e+00
     44.000    15.2571   3.989511    32.0312       1856     1.2880     2.4065     2.2668 0.0000e+00
     43.000    15.2500   3.988721    32.0302       2171     1.5069     2.4102     2.2711 0.0000e+00
     42.000    15.2441   3.988056    32.0295       2202     1.5283     2.4075     2.2683 0.0000e+00
     41.000    15.2411   3.987671    32.0288       2226     1.5451     2.4087     2.2688 0.0000e+00
     40.000    15.2368   3.987151    32.0281       2249     1.5611     2.4110     2.2706 0.0000e+00
     39.000    15.2382   3.987192    32.0277       2272     1.5774     2.4131     2.2693 0.0000e+00
     38.000    15.2384   3.987216    32.0281       2300     1.5963     2.4149     2.2695 0.0000e+00
     37.000    15.2374   3.987064    32.0279       2328     1.6160     2.4154     2.2750 0.0000e+00
     36.000    15.2380   3.987065    32.0278       2353     1.6332     2.4131     2.2751 0.0000e+00
     35.000    15.2392   3.987169    32.0281       2376     1.6494     2.4137     2.2747 0.0000e+00
     34.000    15.2382   3.987045    32.0282       2401     1.6669     2.4133     2.2755 0.0000e+00
     33.000    15.2378   3.986960    32.0282       2428     1.6855     2.4119     2.2763 0.0000e+00
     32.000    15.2316   3.986401    32.0286       2454     1.7035     2.4134     2.2747 0.0000e+00
     31.000    15.2291   3.986043    32.0278       2480     1.7215     2.4149     2.2775 0.0000e+00
     30.000    15.2269   3.985806    32.0279       2505     1.7387     2.4144     2.2791 0.0000e+00
     29.000    15.2261   3.985596    32.0270       2528     1.7549     2.4138     2.2785 0.0000e+00
     28.000    15.2351   3.986440    32.0276       2553     1.7720     2.4141     2.2726 0.0000e+00
     27.000    15.2405   3.987021    32.0288       2580     1.7909     2.4153     2.2703 0.0000e+00
     26.000    15.2280   3.985900    32.0293       2607     1.8095     2.4152     2.2766 0.0000e+00
     25.000    15.2204   3.984925    32.0271       2632     1.8269     2.4151     2.2748 0.0000e+00
     24.000    15.2185   3.984657    32.0267       2656     1.8440     2.4140     2.2707 0.0000e+00
     23.000    15.2194   3.984617    32.0260       2682     1.8619     2.4161     2.2768 0.0000e+00
     22.000    15.2372   3.986260    32.0266       2708     1.8802     2.4166     2.2758 0.0000e+00
     21.000    15.2391   3.986738    32.0296       2733     1.8973     2.4206     2.2763 0.0000e+00
     20.000    15.2288   3.985648    32.0287       2757     1.9137     2.4219     2.2769 0.0000e+00
     19.000    15.2173   3.984486    32.0281       2782     1.9309     2.4210     2.2735 0.0000e+00
     18.000    15.2118   3.983879    32.0275       2808     1.9495     2.4200     2.2743 0.0000e+00
     17.000    15.2045   3.983071    32.0266       2835     1.9682     2.4191     2.2761 0.0000e+00
     16.000    15.2041   3.983002    32.0266       2862     1.9867     2.4181     2.2799 0.0000e+00
     15.000    15.2003   3.982570    32.0262       2888     2.0045     2.4193     2.2834 0.0000e+00
     14.000    15.2024   3.982623    32.0254       2913     2.0219     2.4198     2.2817 0.0000e+00
     13.000    15.2117   3.983422    32.0254       2938     2.0394     2.4199     2.2809 0.0000e+00
     12.000    15.2101   3.983257    32.0255       2962     2.0565     2.4190     2.2813 0.0000e+00
     11.000    15.2112   3.983322    32.0256       2987     2.0737     2.4199     2.2820 0.0000e+00
     10.000    15.2174   3.983845    32.0256       3012     2.0910     2.4196     2.2822 0.0000e+00
      9.000    15.2172   3.983795    32.0257       3037     2.1083     2.4229     2.2799 0.0000e+00
      8.000    15.2172   3.983760    32.0258       3062     2.1254     2.4241     2.2783 0.0000e+00
      7.000    15.2205   3.984010    32.0257       3088     2.1439     2.4215     2.2758 0.0000e+00
      6.000    15.2237   3.984355    32.0265       3118     2.1644     2.4232     2.2786 0.0000e+00
      5.000    15.2186   3.983864    32.0267       3148     2.1855     2.4268     2.2823 0.0000e+00
      4.000    15.2142   3.983424    32.0268       3173     2.2028     2.4287     2.2861 0.0000e+00
      3.000    15.2197   3.983899    32.0269       3285     2.2802     2.4244     2.2843 0.0000e+00
