HB2304/ctd166.cnv
* Sea-Bird SBE 9 Data File:
* FileName = C:\cruise\data\ctd166.hex
* Software Version Seasave V 7.26.7.121
* Temperature SN = 4591
* Conductivity SN = 3741
* Number of Bytes Per Scan = 37
* Number of Voltage Words = 4
* Number of Scans Averaged by the Deck Unit = 1
* NMEA Latitude = 42 07.81 N
* NMEA Longitude = 067 23.62 W
* NMEA UTC (Time) = Nov 04 2023 11:45:16
* NMEA baud rate = 4800
** Ship: Bigelow HB2304
** Program:  Fall Bottom Trawl Survey
** Chief Scientist: John Galbraith
# nquan = 9
# nvalues = 254                         
# units = specified
# name 0 = depSM: Depth [salt water, m]
# name 1 = t090C: Temperature [ITS-90, deg C]
# name 2 = c0S/m: Conductivity [S/m]
# name 3 = sal00: Salinity, Practical [PSU]
# name 4 = scan: Scan Count
# name 5 = timeM: Time, Elapsed [minutes]
# name 6 = sbeox0V: Oxygen raw, SBE 43 [V]
# name 7 = sbeox1V: Oxygen raw, SBE 43, 2 [V]
# name 8 = flag: flag
# span 0 =      1.000,    129.000       
# span 1 =     7.2923,    12.8904       
# span 2 =   3.367667,   3.759856       
# span 3 =    30.2994,    33.4090       
# span 4 =        208,       8650       
# span 5 =     0.1436,     6.0060       
# span 6 =     1.7227,     2.4031       
# span 7 =     1.6195,     2.2569       
# span 8 = 0.0000e+00, 0.0000e+00       
# interval = meters: 1                  
# start_time = Nov 04 2023 11:45:16 [NMEA time, header]
# bad_flag = -9.990e-29
*END*
[from data line 161]
     93.000     7.2941   3.373760    32.9721       5316     3.6908     1.7338     1.6310 0.0000e+00
     92.000     7.2932   3.371202    32.9457       5348     3.7134     1.7314     1.6288 0.0000e+00
     91.000     7.2941   3.369922    32.9314       5377     3.7332     1.7325     1.6265 0.0000e+00
     90.000     7.2983   3.369369    32.9220       5404     3.7518     1.7333     1.6265 0.0000e+00
     89.000     7.3039   3.368985    32.9129       5432     3.7712     1.7338     1.6296 0.0000e+00
     88.000     7.3183   3.369465    32.9049       5460     3.7910     1.7347     1.6324 0.0000e+00
     87.000     7.3260   3.368972    32.8927       5490     3.8115     1.7341     1.6322 0.0000e+00
     86.000     7.3367   3.368107    32.8737       5524     3.8353     1.7319     1.6311 0.0000e+00
     85.000     7.3385   3.367891    32.8701       5557     3.8584     1.7327     1.6288 0.0000e+00
     84.000     7.3372   3.367667    32.8694       5583     3.8762     1.7344     1.6294 0.0000e+00
     83.000     7.3432   3.367934    32.8671       5607     3.8933     1.7348     1.6319 0.0000e+00
     82.000     7.3528   3.368671    32.8664       5640     3.9160     1.7383     1.6359 0.0000e+00
     81.000     7.3781   3.370866    32.8666       5682     3.9450     1.7459     1.6418 0.0000e+00
     80.000     7.4153   3.373745    32.8629       5710     3.9644     1.7515     1.6477 0.0000e+00
     79.000     7.4345   3.375570    32.8650       5731     3.9791     1.7572     1.6508 0.0000e+00
     78.000     7.4897   3.380080    32.8619       5752     3.9936     1.7633     1.6548 0.0000e+00
     77.000     7.5281   3.383661    32.8646       5779     4.0128     1.7704     1.6592 0.0000e+00
     76.000     7.5505   3.385404    32.8627       5817     4.0391     1.7752     1.6648 0.0000e+00
     75.000     7.5625   3.386127    32.8596       5846     4.0592     1.7780     1.6696 0.0000e+00
     74.000     7.5774   3.387066    32.8562       5872     4.0771     1.7807     1.6728 0.0000e+00
     73.000     7.6268   3.389840    32.8398       5900     4.0968     1.7832     1.6761 0.0000e+00
     72.000     7.7083   3.391232    32.7784       5929     4.1169     1.7858     1.6792 0.0000e+00
     71.000     7.7746   3.395022    32.7571       5956     4.1357     1.7896     1.6816 0.0000e+00
     70.000     7.7214   3.387219    32.7239       5983     4.1545     1.7951     1.6859 0.0000e+00
     69.000     7.6891   3.382028    32.6991       6015     4.1762     1.7989     1.6903 0.0000e+00
     68.000     7.7144   3.382082    32.6764       6053     4.2030     1.7972     1.6915 0.0000e+00
     67.000     7.7335   3.382255    32.6609       6090     4.2284     1.7948     1.6877 0.0000e+00
     66.000     7.7508   3.382767    32.6506       6115     4.2457     1.7915     1.6839 0.0000e+00
     65.000     7.7838   3.384630    32.6401       6140     4.2629     1.7866     1.6788 0.0000e+00
     64.000     7.8560   3.389483    32.6249       6169     4.2832     1.7785     1.6721 0.0000e+00
     63.000     7.9721   3.396751    32.5946       6201     4.3054     1.7724     1.6683 0.0000e+00
     62.000     8.0435   3.402031    32.5848       6234     4.3282     1.7726     1.6676 0.0000e+00
     61.000     8.0620   3.402272    32.5706       6265     4.3502     1.7765     1.6699 0.0000e+00
     60.000     8.1134   3.404858    32.5507       6301     4.3748     1.7815     1.6725 0.0000e+00
     59.000     8.2175   3.412753    32.5383       6331     4.3959     1.7863     1.6759 0.0000e+00
     58.000     8.2807   3.416634    32.5213       6356     4.4129     1.7919     1.6793 0.0000e+00
     57.000     8.3269   3.419915    32.5137       6382     4.4310     1.7983     1.6835 0.0000e+00
     56.000     8.4195   3.426245    32.4954       6417     4.4558     1.8025     1.6884 0.0000e+00
     55.000     8.6400   3.442268    32.4612       6452     4.4798     1.8086     1.6920 0.0000e+00
     54.000     8.8650   3.458734    32.4275       6479     4.4984     1.8164     1.6980 0.0000e+00
     53.000     9.1990   3.482761    32.3730       6501     4.5142     1.8251     1.7023 0.0000e+00
     52.000     9.6077   3.513523    32.3202       6525     4.5306     1.8402     1.7083 0.0000e+00
     51.000     9.7744   3.529090    32.3296       6561     4.5553     1.8651     1.7285 0.0000e+00
     50.000     9.7788   3.530603    32.3414       6603     4.5844     1.8839     1.7542 0.0000e+00
     49.000     9.7889   3.531304    32.3399       6629     4.6024     1.8898     1.7651 0.0000e+00
     48.000     9.9721   3.543445    32.2995       6652     4.6190     1.8948     1.7724 0.0000e+00
     47.000    10.4065   3.574746    32.2286       6685     4.6420     1.9052     1.7806 0.0000e+00
     46.000    10.7068   3.598244    32.1985       6724     4.6686     1.9274     1.7945 0.0000e+00
     45.000    10.8652   3.609591    32.1722       6748     4.6854     1.9438     1.8096 0.0000e+00
     44.000    11.0274   3.621919    32.1524       6773     4.7028     1.9603     1.8238 0.0000e+00
     43.000    11.3981   3.649106    32.0968       6804     4.7245     1.9815     1.8421 0.0000e+00
     42.000    11.5309   3.659952    32.0879       6834     4.7452     2.0042     1.8631 0.0000e+00
     41.000    11.6629   3.669715    32.0692       6858     4.7615     2.0234     1.8820 0.0000e+00
     40.000    11.7868   3.678969    32.0524       6880     4.7770     2.0399     1.8982 0.0000e+00
     39.000    11.9498   3.690606    32.0251       6907     4.7956     2.0587     1.9206 0.0000e+00
     38.000    12.1190   3.703771    32.0072       6941     4.8193     2.0849     1.9458 0.0000e+00
     37.000    12.1446   3.706246    32.0095       6970     4.8399     2.1148     1.9697 0.0000e+00
     36.000    12.2827   3.715224    31.9779       6994     4.8562     2.1363     1.9921 0.0000e+00
     35.000    12.4569   3.727021    31.9428       7016     4.8715     2.1537     2.0116 0.0000e+00
     34.000    12.6440   3.740287    31.9106       7040     4.8882     2.1754     2.0292 0.0000e+00
     33.000    12.7195   3.746475    31.9058       7070     4.9089     2.2137     2.0583 0.0000e+00
     32.000    12.7962   3.751794    31.8918       7101     4.9308     2.2563     2.0996 0.0000e+00
     31.000    12.8002   3.752887    31.8991       7126     4.9477     2.2820     2.1326 0.0000e+00
     30.000    12.8109   3.753808    31.8992       7146     4.9619     2.2984     2.1538 0.0000e+00
     29.000    12.8064   3.753793    31.9032       7167     4.9763     2.3100     2.1682 0.0000e+00
     28.000    12.8010   3.753866    31.9089       7194     4.9954     2.3162     2.1826 0.0000e+00
     27.000    12.7981   3.753251    31.9059       7232     5.0215     2.3279     2.1914 0.0000e+00
     26.000    12.8342   3.755974    31.9016       7259     5.0400     2.3306     2.1974 0.0000e+00
     25.000    12.8280   3.755561    31.9034       7278     5.0535     2.3318     2.1945 0.0000e+00
     24.000    12.8342   3.756031    31.9029       7298     5.0673     2.3358     2.1980 0.0000e+00
     23.000    12.8463   3.756847    31.9009       7324     5.0857     2.3418     2.2060 0.0000e+00
     22.000    12.8471   3.756948    31.9015       7359     5.1100     2.3463     2.2094 0.0000e+00
     21.000    12.8422   3.756502    31.9018       7391     5.1317     2.3518     2.2086 0.0000e+00
     20.000    12.8484   3.756815    31.9000       7419     5.1510     2.3510     2.2133 0.0000e+00
     19.000    12.8490   3.756767    31.8994       7451     5.1738     2.3524     2.2133 0.0000e+00
     18.000    12.8498   3.756650    31.8981       7482     5.1948     2.3566     2.2164 0.0000e+00
     17.000    12.8520   3.756652    31.8966       7508     5.2131     2.3586     2.2203 0.0000e+00
     16.000    12.8517   3.756592    31.8967       7533     5.2302     2.3627     2.2191 0.0000e+00
     15.000    12.8511   3.756439    31.8961       7561     5.2502     2.3676     2.2225 0.0000e+00
     14.000    12.8584   3.756683    31.8927       7592     5.2712     2.3690     2.2290 0.0000e+00
     13.000    12.8613   3.756662    31.8904       7618     5.2893     2.3721     2.2324 0.0000e+00
     12.000    12.8641   3.756548    31.8874       7640     5.3049     2.3711     2.2262 0.0000e+00
     11.000    12.8698   3.756118    31.8789       7662     5.3198     2.3705     2.2278 0.0000e+00
     10.000    12.8727   3.755640    31.8724       7685     5.3364     2.3730     2.2290 0.0000e+00
      9.000    12.8842   3.755429    31.8611       7716     5.3577     2.3785     2.2323 0.0000e+00
      8.000    12.8843   3.755258    31.8598       7748     5.3801     2.3872     2.2408 0.0000e+00
      7.000    12.8821   3.755128    31.8609       7774     5.3977     2.3899     2.2410 0.0000e+00
      6.000    12.8903   3.755781    31.8605       8327     5.7820     2.4031     2.2515 0.0000e+00
      5.000    12.8866   3.755612    31.8624       8526     5.9200     2.3973     2.2515 0.0000e+00
      4.000    12.8872   3.755586    31.8620       8555     5.9405     2.3975     2.2502 0.0000e+00
      3.000    12.8867   3.755555    31.8626       8601     5.9721     2.3961     2.2532 0.0000e+00
      2.000    12.8865   3.755568    31.8633       8628     5.9910     2.3996     2.2569 0.0000e+00
      1.000    12.8859   3.586599    30.2994       8650     6.0060     2.3987     2.2561 0.0000e+00
