HB2304/ctd165.cnv
* Sea-Bird SBE 9 Data File:
* FileName = C:\cruise\data\ctd165.hex
* Software Version Seasave V 7.26.7.121
* Temperature SN = 4591
* Conductivity SN = 3741
* Number of Bytes Per Scan = 37
* Number of Voltage Words = 4
* Number of Scans Averaged by the Deck Unit = 1
* NMEA Latitude = 42 07.03 N
* NMEA Longitude = 067 34.55 W
* NMEA UTC (Time) = Nov 04 2023 09:08:11
* NMEA baud rate = 4800
** Ship: Bigelow HB2304
** Program:  Fall Bottom Trawl Survey
** Chief Scientist: John Galbraith
# nquan = 9
# nvalues = 341                         
# units = specified
# name 0 = depSM: Depth [salt water, m]
# name 1 = t090C: Temperature [ITS-90, deg C]
# name 2 = c0S/m: Conductivity [S/m]
# name 3 = sal00: Salinity, Practical [PSU]
# name 4 = scan: Scan Count
# name 5 = timeM: Time, Elapsed [minutes]
# name 6 = sbeox0V: Oxygen raw, SBE 43 [V]
# name 7 = sbeox1V: Oxygen raw, SBE 43, 2 [V]
# name 8 = flag: flag
# span 0 =      1.000,    172.000       
# span 1 =     7.2763,    12.5867       
# span 2 =   3.354373,   3.736779       
# span 3 =    31.9383,    34.2041       
# span 4 =         69,      11172       
# span 5 =     0.0472,     7.7575       
# span 6 =     1.7147,     2.3561       
# span 7 =     1.6118,     2.2204       
# span 8 = 0.0000e+00, 0.0000e+00       
# interval = meters: 1                  
# start_time = Nov 04 2023 09:08:11 [NMEA time, header]
# bad_flag = -9.990e-29
*END*
      3.000    12.5867   3.736779    31.9383         69     0.0472     2.3561     2.2204 0.0000e+00
      4.000    12.5854   3.736729    31.9386        303     0.2099     2.3548     2.2176 0.0000e+00
      5.000    12.5833   3.736620    31.9389        361     0.2501     2.3541     2.2173 0.0000e+00
      6.000    12.5818   3.736543    31.9391        391     0.2705     2.3543     2.2194 0.0000e+00
      7.000    12.5800   3.736442    31.9392        419     0.2903     2.3536     2.2190 0.0000e+00
      8.000    12.5802   3.736489    31.9391        452     0.3132     2.3551     2.2162 0.0000e+00
      9.000    12.5815   3.736673    31.9393        569     0.3946     2.3548     2.2126 0.0000e+00
     10.000    12.5746   3.736255    31.9408        660     0.4575     2.3514     2.2097 0.0000e+00
     11.000    12.5772   3.736472    31.9403        702     0.4870     2.3516     2.2100 0.0000e+00
     12.000    12.5743   3.736326    31.9410        729     0.5053     2.3498     2.2083 0.0000e+00
     13.000    12.5669   3.735907    31.9428        753     0.5219     2.3484     2.2085 0.0000e+00
     14.000    12.5590   3.735314    31.9435        778     0.5397     2.3476     2.2114 0.0000e+00
     15.000    12.5556   3.735156    31.9445        804     0.5575     2.3469     2.2054 0.0000e+00
     16.000    12.5468   3.734560    31.9459        831     0.5763     2.3440     2.2039 0.0000e+00
     17.000    12.5291   3.733391    31.9493        866     0.6004     2.3402     2.2012 0.0000e+00
     18.000    12.5147   3.732252    31.9503        896     0.6212     2.3374     2.1948 0.0000e+00
     19.000    12.5105   3.731930    31.9505        918     0.6366     2.3362     2.1917 0.0000e+00
     20.000    12.5062   3.731640    31.9510        938     0.6506     2.3346     2.1902 0.0000e+00
     21.000    12.4982   3.731012    31.9514        959     0.6651     2.3331     2.1868 0.0000e+00
     22.000    12.4932   3.730652    31.9517        985     0.6831     2.3310     2.1848 0.0000e+00
     23.000    12.4841   3.729973    31.9526       1024     0.7101     2.3283     2.1862 0.0000e+00
     24.000    12.4812   3.729828    31.9533       1058     0.7341     2.3246     2.1834 0.0000e+00
     25.000    12.4751   3.729428    31.9542       1079     0.7485     2.3231     2.1825 0.0000e+00
     26.000    12.4687   3.729035    31.9556       1099     0.7622     2.3218     2.1832 0.0000e+00
     27.000    12.4588   3.728501    31.9585       1122     0.7783     2.3201     2.1832 0.0000e+00
     28.000    12.4544   3.728251    31.9594       1149     0.7971     2.3183     2.1814 0.0000e+00
     29.000    12.4514   3.728066    31.9598       1179     0.8177     2.3115     2.1745 0.0000e+00
     30.000    12.4467   3.727887    31.9616       1212     0.8407     2.3047     2.1673 0.0000e+00
     31.000    12.4439   3.727753    31.9624       1242     0.8618     2.2986     2.1633 0.0000e+00
     32.000    12.4440   3.727793    31.9623       1265     0.8779     2.2966     2.1589 0.0000e+00
     33.000    12.4439   3.727822    31.9623       1286     0.8920     2.2969     2.1573 0.0000e+00
     34.000    12.4325   3.727306    31.9666       1308     0.9074     2.2963     2.1541 0.0000e+00
     35.000    12.4226   3.726759    31.9694       1337     0.9279     2.2918     2.1485 0.0000e+00
     36.000    12.4221   3.726743    31.9693       1371     0.9517     2.2857     2.1440 0.0000e+00
     37.000    12.4150   3.726382    31.9715       1400     0.9713     2.2847     2.1379 0.0000e+00
     38.000    12.4127   3.726264    31.9719       1425     0.9886     2.2807     2.1344 0.0000e+00
     39.000    12.4137   3.726349    31.9715       1450     1.0060     2.2766     2.1328 0.0000e+00
     40.000    12.4116   3.726249    31.9719       1479     1.0260     2.2741     2.1318 0.0000e+00
     41.000    12.4099   3.726173    31.9722       1507     1.0458     2.2729     2.1295 0.0000e+00
     42.000    12.3903   3.725216    31.9794       1531     1.0627     2.2718     2.1293 0.0000e+00
     43.000    12.3580   3.723103    31.9863       1555     1.0791     2.2694     2.1281 0.0000e+00
     44.000    12.3184   3.720734    31.9970       1581     1.0970     2.2642     2.1265 0.0000e+00
     45.000    12.2619   3.716708    32.0063       1612     1.1188     2.2526     2.1157 0.0000e+00
     46.000    12.2098   3.713205    32.0168       1647     1.1428     2.2395     2.1056 0.0000e+00
     47.000    12.1625   3.709788    32.0241       1670     1.1590     2.2326     2.1003 0.0000e+00
     48.000    12.1378   3.708138    32.0290       1688     1.1716     2.2253     2.0928 0.0000e+00
     49.000    12.0480   3.702546    32.0518       1707     1.1848     2.2175     2.0853 0.0000e+00
     50.000    11.8508   3.688708    32.0874       1739     1.2072     2.2028     2.0750 0.0000e+00
     51.000    11.6934   3.677250    32.1118       1792     1.2436     2.1647     2.0417 0.0000e+00
     52.000    11.6110   3.671316    32.1250       1811     1.2570     2.1486     2.0273 0.0000e+00
     53.000    11.5296   3.665789    32.1413       1826     1.2674     2.1370     2.0186 0.0000e+00
     54.000    11.4158   3.658015    32.1639       1841     1.2777     2.1269     2.0109 0.0000e+00
     55.000    11.3266   3.651686    32.1792       1861     1.2913     2.1137     1.9980 0.0000e+00
     56.000    11.2583   3.646205    32.1846       1903     1.3205     2.0855     1.9714 0.0000e+00
     57.000    11.2457   3.645105    32.1844       1937     1.3442     2.0656     1.9493 0.0000e+00
     58.000    11.2157   3.643047    32.1899       1955     1.3571     2.0586     1.9403 0.0000e+00
     59.000    11.2055   3.642159    32.1897       1973     1.3697     2.0530     1.9343 0.0000e+00
     60.000    11.1837   3.640674    32.1937       1997     1.3860     2.0469     1.9304 0.0000e+00
     61.000    11.1321   3.637084    32.2031       2031     1.4100     2.0394     1.9240 0.0000e+00
     62.000    11.1223   3.636181    32.2023       2061     1.4307     2.0325     1.9168 0.0000e+00
     63.000    11.1080   3.635238    32.2052       2084     1.4468     2.0276     1.9105 0.0000e+00
     64.000    11.0912   3.634044    32.2077       2107     1.4622     2.0253     1.9048 0.0000e+00
     65.000    11.0789   3.633162    32.2093       2130     1.4782     2.0257     1.9000 0.0000e+00
     66.000    11.0627   3.632000    32.2117       2156     1.4967     2.0226     1.8965 0.0000e+00
     67.000    11.0488   3.631012    32.2136       2189     1.5193     2.0159     1.8940 0.0000e+00
     68.000    11.0484   3.630911    32.2126       2219     1.5403     2.0105     1.8892 0.0000e+00
     69.000    11.0452   3.630730    32.2132       2241     1.5555     2.0075     1.8860 0.0000e+00
     70.000    11.0258   3.629406    32.2167       2261     1.5693     2.0068     1.8854 0.0000e+00
     71.000    11.0201   3.628976    32.2171       2282     1.5842     2.0037     1.8803 0.0000e+00
     72.000    11.0203   3.628965    32.2163       2311     1.6040     1.9992     1.8789 0.0000e+00
     73.000    10.9920   3.627009    32.2214       2351     1.6320     1.9973     1.8749 0.0000e+00
     74.000    10.9423   3.623624    32.2311       2382     1.6535     1.9968     1.8721 0.0000e+00
     75.000    10.6618   3.604781    32.2909       2402     1.6671     1.9952     1.8700 0.0000e+00
     76.000    10.2495   3.573383    32.3420       2419     1.6790     1.9909     1.8684 0.0000e+00
     77.000    10.1753   3.566445    32.3378       2437     1.6918     1.9778     1.8634 0.0000e+00
     78.000    10.1473   3.563569    32.3334       2469     1.7138     1.9565     1.8479 0.0000e+00
     79.000    10.1161   3.560726    32.3321       2515     1.7461     1.9354     1.8234 0.0000e+00
     80.000    10.1146   3.560415    32.3298       2539     1.7627     1.9298     1.8171 0.0000e+00
     81.000    10.1015   3.559509    32.3320       2557     1.7749     1.9270     1.8145 0.0000e+00
     82.000    10.0854   3.558195    32.3327       2574     1.7871     1.9263     1.8120 0.0000e+00
     83.000    10.0778   3.557547    32.3325       2596     1.8022     1.9251     1.8093 0.0000e+00
     84.000    10.0524   3.555773    32.3368       2630     1.8255     1.9227     1.8061 0.0000e+00
     85.000     9.9771   3.550070    32.3460       2665     1.8501     1.9193     1.8018 0.0000e+00
     86.000     9.9168   3.545752    32.3558       2690     1.8671     1.9154     1.7979 0.0000e+00
     87.000     9.7578   3.534049    32.3792       2712     1.8825     1.9124     1.7950 0.0000e+00
     88.000     9.6551   3.525819    32.3872       2735     1.8986     1.9065     1.7916 0.0000e+00
     89.000     9.5969   3.520930    32.3893       2762     1.9177     1.9009     1.7863 0.0000e+00
     90.000     9.5517   3.517268    32.3921       2791     1.9375     1.8936     1.7788 0.0000e+00
     91.000     9.4915   3.512926    32.4015       2814     1.9532     1.8865     1.7733 0.0000e+00
     92.000     9.3100   3.499351    32.4260       2833     1.9665     1.8819     1.7690 0.0000e+00
     93.000     9.1325   3.484398    32.4325       2861     1.9861     1.8755     1.7637 0.0000e+00
     94.000     8.9934   3.472466    32.4351       2922     2.0284     1.8616     1.7552 0.0000e+00
     95.000     8.7133   3.452042    32.4781       2936     2.0381     1.8631     1.7522 0.0000e+00
     96.000     8.5665   3.440092    32.4873       2948     2.0469     1.8609     1.7505 0.0000e+00
     97.000     8.4153   3.429028    32.5099       2961     2.0553     1.8563     1.7481 0.0000e+00
     98.000     8.3034   3.420573    32.5236       2975     2.0653     1.8486     1.7430 0.0000e+00
     99.000     8.2408   3.414638    32.5183       3026     2.1009     1.8207     1.7208 0.0000e+00
    100.000     8.2086   3.411906    32.5188       3076     2.1356     1.8057     1.7038 0.0000e+00
    101.000     8.1330   3.407018    32.5366       3089     2.1443     1.8057     1.7017 0.0000e+00
    102.000     8.0578   3.401354    32.5458       3102     2.1534     1.8045     1.6993 0.0000e+00
    103.000     7.9260   3.392192    32.5704       3118     2.1645     1.8016     1.6956 0.0000e+00
    104.000     7.8338   3.384580    32.5746       3148     2.1856     1.7917     1.6888 0.0000e+00
    105.000     7.7597   3.379192    32.5857       3191     2.2153     1.7807     1.6783 0.0000e+00
    106.000     7.7059   3.376327    32.6048       3215     2.2317     1.7760     1.6731 0.0000e+00
    107.000     7.6338   3.372748    32.6336       3236     2.2464     1.7715     1.6692 0.0000e+00
    108.000     7.5868   3.369995    32.6476       3261     2.2636     1.7665     1.6648 0.0000e+00
    109.000     7.5293   3.366708    32.6657       3289     2.2836     1.7615     1.6585 0.0000e+00
    110.000     7.5064   3.365104    32.6696       3318     2.3034     1.7562     1.6540 0.0000e+00
    111.000     7.4917   3.364102    32.6721       3344     2.3215     1.7518     1.6506 0.0000e+00
    112.000     7.4893   3.363915    32.6718       3367     2.3377     1.7504     1.6468 0.0000e+00
    113.000     7.4811   3.363484    32.6745       3391     2.3539     1.7494     1.6447 0.0000e+00
    114.000     7.4718   3.362877    32.6762       3418     2.3732     1.7489     1.6444 0.0000e+00
    115.000     7.4583   3.362193    32.6810       3453     2.3974     1.7477     1.6432 0.0000e+00
    116.000     7.4361   3.361029    32.6889       3483     2.4180     1.7456     1.6423 0.0000e+00
    117.000     7.4028   3.358976    32.6976       3505     2.4336     1.7445     1.6409 0.0000e+00
    118.000     7.3643   3.356019    32.7015       3526     2.4476     1.7439     1.6413 0.0000e+00
    119.000     7.3515   3.355905    32.7119       3546     2.4618     1.7431     1.6421 0.0000e+00
    120.000     7.3313   3.355757    32.7289       3574     2.4814     1.7430     1.6432 0.0000e+00
    121.000     7.3007   3.355481    32.7544       3618     2.5115     1.7450     1.6446 0.0000e+00
    122.000     7.2874   3.356314    32.7755       3646     2.5309     1.7471     1.6455 0.0000e+00
    123.000     7.2848   3.358110    32.7970       3664     2.5441     1.7481     1.6457 0.0000e+00
    124.000     7.2896   3.360489    32.8178       3684     2.5574     1.7504     1.6465 0.0000e+00
    125.000     7.3056   3.365301    32.8542       3708     2.5744     1.7531     1.6496 0.0000e+00
    126.000     7.2910   3.367025    32.8863       3742     2.5980     1.7556     1.6513 0.0000e+00
    127.000     7.3227   3.372010    32.9097       3774     2.6203     1.7551     1.6506 0.0000e+00
    128.000     7.3568   3.376706    32.9277       3799     2.6375     1.7554     1.6504 0.0000e+00
    129.000     7.3747   3.380291    32.9491       3822     2.6534     1.7563     1.6491 0.0000e+00
    130.000     7.3825   3.382695    32.9671       3848     2.6716     1.7573     1.6487 0.0000e+00
    131.000     7.3859   3.384121    32.9788       3881     2.6942     1.7590     1.6505 0.0000e+00
    132.000     7.3933   3.386475    32.9969       3911     2.7155     1.7593     1.6519 0.0000e+00
    133.000     7.4003   3.389390    33.0212       3933     2.7303     1.7590     1.6518 0.0000e+00
    134.000     7.4225   3.393852    33.0478       3952     2.7437     1.7579     1.6519 0.0000e+00
    135.000     7.4786   3.403411    33.0972       3976     2.7602     1.7578     1.6514 0.0000e+00
    136.000     7.5187   3.409706    33.1264       4014     2.7867     1.7595     1.6516 0.0000e+00
    137.000     7.5404   3.413080    33.1417       4051     2.8126     1.7617     1.6527 0.0000e+00
    138.000     7.5661   3.416873    33.1576       4077     2.8306     1.7630     1.6551 0.0000e+00
    139.000     7.6262   3.425397    33.1915       4099     2.8460     1.7628     1.6564 0.0000e+00
    140.000     7.6570   3.431171    33.2239       4120     2.8606     1.7628     1.6573 0.0000e+00
    141.000     7.6644   3.432884    33.2348       4142     2.8757     1.7630     1.6583 0.0000e+00
    142.000     7.7075   3.441259    33.2831       4167     2.8929     1.7623     1.6590 0.0000e+00
    143.000     7.8059   3.464150    33.4343       4207     2.9206     1.7625     1.6582 0.0000e+00
    144.000     7.8493   3.476058    33.5198       4246     2.9482     1.7631     1.6564 0.0000e+00
    145.000     7.8811   3.484600    33.5804       4267     2.9624     1.7609     1.6541 0.0000e+00
    146.000     7.9021   3.490246    33.6202       4286     2.9760     1.7599     1.6523 0.0000e+00
    147.000     7.9465   3.502609    33.7093       4312     2.9941     1.7569     1.6495 0.0000e+00
    148.000     7.9911   3.515060    33.7989       4349     3.0191     1.7518     1.6462 0.0000e+00
    149.000     8.0045   3.519227    33.8301       4375     3.0374     1.7482     1.6421 0.0000e+00
    150.000     8.0299   3.526043    33.8779       4396     3.0518     1.7449     1.6368 0.0000e+00
    151.000     8.0365   3.528240    33.8944       4420     3.0688     1.7413     1.6310 0.0000e+00
    152.000     8.0419   3.529925    33.9068       4460     3.0967     1.7353     1.6262 0.0000e+00
    153.000     8.0466   3.531051    33.9137       4492     3.1187     1.7298     1.6242 0.0000e+00
    154.000     8.0508   3.532379    33.9234       4512     3.1327     1.7285     1.6236 0.0000e+00
    155.000     8.0597   3.534499    33.9369       4535     3.1488     1.7283     1.6232 0.0000e+00
    156.000     8.0648   3.535668    33.9440       4570     3.1732     1.7263     1.6228 0.0000e+00
    157.000     8.0738   3.537646    33.9559       4605     3.1975     1.7263     1.6209 0.0000e+00
    158.000     8.0870   3.540903    33.9775       4630     3.2144     1.7265     1.6198 0.0000e+00
    159.000     8.0886   3.541306    33.9797       4651     3.2294     1.7263     1.6194 0.0000e+00
    160.000     8.0898   3.541539    33.9805       4677     3.2471     1.7257     1.6193 0.0000e+00
    161.000     8.0925   3.542077    33.9832       4716     3.2742     1.7246     1.6190 0.0000e+00
    162.000     8.0954   3.542695    33.9866       4750     3.2976     1.7236     1.6189 0.0000e+00
