HB2304/ctd180.cnv
* Sea-Bird SBE 9 Data File:
* FileName = C:\cruise\data\ctd180.hex
* Software Version Seasave V 7.26.7.121
* Temperature SN = 4591
* Conductivity SN = 3741
* Number of Bytes Per Scan = 37
* Number of Voltage Words = 4
* Number of Scans Averaged by the Deck Unit = 1
* NMEA Latitude = 43 49.22 N
* NMEA Longitude = 068 20.44 W
* NMEA UTC (Time) = Nov 10 2023 12:41:59
* NMEA baud rate = 4800
** Ship: Bigelow HB2304
** Program:  Fall Bottom Trawl Survey
** Chief Scientist: John Galbraith
# nquan = 9
# nvalues = 278                         
# units = specified
# name 0 = depSM: Depth [salt water, m]
# name 1 = t090C: Temperature [ITS-90, deg C]
# name 2 = c0S/m: Conductivity [S/m]
# name 3 = sal00: Salinity, Practical [PSU]
# name 4 = scan: Scan Count
# name 5 = timeM: Time, Elapsed [minutes]
# name 6 = sbeox0V: Oxygen raw, SBE 43 [V]
# name 7 = sbeox1V: Oxygen raw, SBE 43, 2 [V]
# name 8 = flag: flag
# span 0 =      1.000,    140.000       
# span 1 =     9.3067,    10.4035       
# span 2 =   3.534620,   3.619566       
# span 3 =    32.2719,    33.5400       
# span 4 =         44,      10189       
# span 5 =     0.0299,     7.0752       
# span 6 =     1.7598,     4.2089       
# span 7 =     1.6544,     2.1740       
# span 8 = 0.0000e+00, 0.0000e+00       
# interval = meters: 1                  
# start_time = Nov 10 2023 12:41:59 [NMEA time, header]
# bad_flag = -9.990e-29
*END*
[from data line 161]
    117.000     9.6516   3.613823    33.2773       6250     4.3395     1.8259     1.7189 0.0000e+00
    116.000     9.6779   3.614592    33.2613       6278     4.3591     1.8349     1.7279 0.0000e+00
    115.000     9.6970   3.615088    33.2492       6306     4.3786     1.8431     1.7345 0.0000e+00
    114.000     9.7089   3.615412    33.2419       6334     4.3979     1.8472     1.7395 0.0000e+00
    113.000     9.7403   3.615993    33.2194       6362     4.4174     1.8500     1.7420 0.0000e+00
    112.000     9.7676   3.616499    33.1998       6391     4.4377     1.8533     1.7418 0.0000e+00
    111.000     9.7937   3.616978    33.1811       6424     4.4602     1.8580     1.7459 0.0000e+00
    110.000     9.7962   3.617047    33.1799       6453     4.4804     1.8626     1.7483 0.0000e+00
    109.000     9.8157   3.617198    33.1640       6479     4.4983     1.8671     1.7503 0.0000e+00
    108.000     9.8313   3.617275    33.1509       6505     4.5168     1.8700     1.7547 0.0000e+00
    107.000     9.8443   3.617332    33.1399       6535     4.5372     1.8728     1.7592 0.0000e+00
    106.000     9.8490   3.617352    33.1362       6564     4.5574     1.8762     1.7638 0.0000e+00
    105.000     9.8521   3.617298    33.1334       6593     4.5775     1.8798     1.7676 0.0000e+00
    104.000     9.8702   3.617261    33.1168       6619     4.5957     1.8824     1.7689 0.0000e+00
    103.000     9.8825   3.617278    33.1061       6644     4.6134     1.8828     1.7725 0.0000e+00
    102.000     9.8878   3.617322    33.1021       6669     4.6307     1.8867     1.7764 0.0000e+00
    101.000     9.8936   3.617340    33.0975       6694     4.6479     1.8910     1.7796 0.0000e+00
    100.000     9.9114   3.617405    33.0822       6719     4.6653     1.8927     1.7817 0.0000e+00
     99.000     9.9231   3.617580    33.0737       6747     4.6847     1.8954     1.7858 0.0000e+00
     98.000     9.9310   3.617771    33.0689       6777     4.7055     1.8986     1.7880 0.0000e+00
     97.000     9.9372   3.617711    33.0630       6806     4.7256     1.9027     1.7945 0.0000e+00
     96.000     9.9398   3.617604    33.0600       6834     4.7450     1.9053     1.7970 0.0000e+00
     95.000     9.9406   3.617530    33.0590       6862     4.7644     1.9077     1.7985 0.0000e+00
     94.000     9.9421   3.617487    33.0576       6888     4.7825     1.9090     1.7989 0.0000e+00
     93.000     9.9495   3.617671    33.0531       6912     4.7993     1.9112     1.7993 0.0000e+00
     92.000     9.9736   3.618105    33.0359       6936     4.8160     1.9151     1.8003 0.0000e+00
     91.000    10.0000   3.617822    33.0094       6963     4.8347     1.9177     1.7982 0.0000e+00
     90.000    10.0064   3.617579    33.0015       6989     4.8531     1.9197     1.8015 0.0000e+00
     89.000    10.0127   3.617431    32.9947       7014     4.8705     1.9242     1.8096 0.0000e+00
     88.000    10.0170   3.617414    32.9911       7040     4.8882     1.9283     1.8122 0.0000e+00
     87.000    10.0279   3.617293    32.9803       7067     4.9070     1.9338     1.8195 0.0000e+00
     86.000    10.0446   3.617089    32.9635       7094     4.9259     1.9380     1.8258 0.0000e+00
     85.000    10.0669   3.616475    32.9375       7121     4.9443     1.9413     1.8270 0.0000e+00
     84.000    10.0948   3.615773    32.9054       7147     4.9627     1.9480     1.8305 0.0000e+00
     83.000    10.1141   3.615168    32.8822       7173     4.9806     1.9593     1.8338 0.0000e+00
     82.000    10.1334   3.614815    32.8615       7198     4.9979     1.9694     1.8415 0.0000e+00
     81.000    10.1421   3.614877    32.8548       7224     5.0159     1.9770     1.8564 0.0000e+00
     80.000    10.1500   3.614984    32.8490       7252     5.0352     1.9837     1.8664 0.0000e+00
     79.000    10.1703   3.615700    32.8383       7279     5.0541     1.9901     1.8723 0.0000e+00
     78.000    10.2005   3.617164    32.8262       7307     5.0735     1.9954     1.8779 0.0000e+00
     77.000    10.2327   3.618058    32.8066       7334     5.0922     1.9996     1.8783 0.0000e+00
     76.000    10.2455   3.618381    32.7987       7358     5.1094     2.0026     1.8815 0.0000e+00
     75.000    10.2534   3.618581    32.7940       7383     5.1263     2.0063     1.8841 0.0000e+00
     74.000    10.2597   3.618595    32.7888       7411     5.1456     2.0091     1.8853 0.0000e+00
     73.000    10.2614   3.618557    32.7874       7442     5.1677     2.0121     1.8901 0.0000e+00
     72.000    10.2615   3.618509    32.7872       7471     5.1876     2.0126     1.8941 0.0000e+00
     71.000    10.2607   3.618165    32.7849       7497     5.2052     2.0135     1.8941 0.0000e+00
     70.000    10.2630   3.618081    32.7825       7522     5.2230     2.0131     1.8925 0.0000e+00
     69.000    10.2635   3.618040    32.7820       7550     5.2423     2.0150     1.8927 0.0000e+00
     68.000    10.2652   3.617999    32.7805       7579     5.2625     2.0159     1.8942 0.0000e+00
     67.000    10.2679   3.617930    32.7779       7607     5.2823     2.0169     1.8960 0.0000e+00
     66.000    10.2635   3.616909    32.7719       7634     5.3009     2.0198     1.9038 0.0000e+00
     65.000    10.2759   3.617106    32.7632       7663     5.3206     2.0232     1.9025 0.0000e+00
     64.000    10.2831   3.617194    32.7580       7692     5.3407     2.0273     1.9041 0.0000e+00
     63.000    10.2864   3.617107    32.7546       7719     5.3600     2.0301     1.9079 0.0000e+00
     62.000    10.3019   3.616969    32.7397       7744     5.3772     2.0316     1.9072 0.0000e+00
     61.000    10.3189   3.616881    32.7239       7769     5.3943     2.0318     1.9102 0.0000e+00
     60.000    10.3397   3.616907    32.7059       7796     5.4129     2.0367     1.9121 0.0000e+00
     59.000    10.3518   3.616808    32.6944       7826     5.4337     2.0425     1.9141 0.0000e+00
     58.000    10.3528   3.616757    32.6934       7855     5.4542     2.0464     1.9240 0.0000e+00
     57.000    10.3544   3.616675    32.6916       7881     5.4725     2.0516     1.9251 0.0000e+00
     56.000    10.3628   3.616569    32.6835       7905     5.4889     2.0540     1.9286 0.0000e+00
     55.000    10.3742   3.616427    32.6722       7930     5.5060     2.0559     1.9320 0.0000e+00
     54.000    10.3818   3.616330    32.6649       7957     5.5247     2.0575     1.9388 0.0000e+00
     53.000    10.3892   3.615976    32.6551       7984     5.5440     2.0607     1.9376 0.0000e+00
     52.000    10.3900   3.615713    32.6522       8012     5.5632     2.0660     1.9413 0.0000e+00
     51.000    10.3903   3.615553    32.6507       8041     5.5834     2.0721     1.9446 0.0000e+00
     50.000    10.3918   3.615199    32.6463       8068     5.6024     2.0770     1.9482 0.0000e+00
     49.000    10.3929   3.615025    32.6440       8095     5.6212     2.0783     1.9517 0.0000e+00
     48.000    10.3935   3.614899    32.6426       8127     5.6430     2.0792     1.9513 0.0000e+00
     47.000    10.3951   3.614759    32.6402       8161     5.6667     2.0806     1.9540 0.0000e+00
     46.000    10.3979   3.613942    32.6299       8191     5.6876     2.0838     1.9555 0.0000e+00
     45.000    10.4035   3.608969    32.5754       8220     5.7075     2.0857     1.9611 0.0000e+00
     44.000    10.4009   3.606345    32.5519       8250     5.7282     2.0921     1.9666 0.0000e+00
     43.000    10.4005   3.605817    32.5473       8280     5.7492     2.1068     1.9755 0.0000e+00
     42.000    10.4003   3.605529    32.5450       8312     5.7717     2.1194     1.9918 0.0000e+00
     41.000    10.4001   3.605207    32.5424       8340     5.7911     2.1276     1.9994 0.0000e+00
     40.000    10.3999   3.604865    32.5396       8365     5.8083     2.1332     2.0054 0.0000e+00
     39.000    10.3995   3.604121    32.5330       8390     5.8254     2.1381     2.0131 0.0000e+00
     38.000    10.3928   3.602487    32.5230       8417     5.8441     2.1410     2.0155 0.0000e+00
     37.000    10.3903   3.601814    32.5188       8445     5.8636     2.1444     2.0166 0.0000e+00
     36.000    10.3899   3.601663    32.5181       8472     5.8829     2.1483     2.0182 0.0000e+00
     35.000    10.3813   3.600404    32.5136       8499     5.9016     2.1506     2.0232 0.0000e+00
     34.000    10.3739   3.599200    32.5086       8525     5.9196     2.1528     2.0266 0.0000e+00
     33.000    10.3748   3.599255    32.5088       8551     5.9373     2.1545     2.0225 0.0000e+00
     32.000    10.3755   3.599292    32.5090       8577     5.9555     2.1539     2.0265 0.0000e+00
     31.000    10.3668   3.597956    32.5038       8604     5.9743     2.1544     2.0315 0.0000e+00
     30.000    10.3649   3.597505    32.5014       8630     5.9927     2.1563     2.0285 0.0000e+00
     29.000    10.3608   3.596851    32.4989       8657     6.0111     2.1631     2.0295 0.0000e+00
     28.000    10.3519   3.595126    32.4900       8684     6.0297     2.1664     2.0315 0.0000e+00
     27.000    10.3499   3.594658    32.4875       8710     6.0477     2.1665     2.0360 0.0000e+00
     26.000    10.3454   3.593727    32.4826       8736     6.0662     2.1682     2.0396 0.0000e+00
     25.000    10.3337   3.591576    32.4718       8764     6.0853     2.1681     2.0394 0.0000e+00
     24.000    10.2593   3.580723    32.4297       8791     6.1042     2.1678     2.0434 0.0000e+00
     23.000    10.1845   3.568780    32.3767       8817     6.1224     2.1720     2.0455 0.0000e+00
     22.000    10.1677   3.566274    32.3667       8843     6.1406     2.1789     2.0499 0.0000e+00
     21.000    10.1484   3.564191    32.3634       8872     6.1602     2.1983     2.0689 0.0000e+00
     20.000    10.0678   3.554184    32.3349       8901     6.1805     2.2142     2.0860 0.0000e+00
     19.000    10.0125   3.547165    32.3137       8928     6.1995     2.2257     2.0985 0.0000e+00
     18.000    10.0057   3.545892    32.3074       8953     6.2169     2.2342     2.1097 0.0000e+00
     17.000     9.9891   3.543798    32.3015       8978     6.2338     2.2421     2.1176 0.0000e+00
     16.000     9.9854   3.543195    32.2990       9004     6.2519     2.2543     2.1310 0.0000e+00
     15.000     9.9764   3.541882    32.2943       9032     6.2717     2.2614     2.1381 0.0000e+00
     14.000     9.9919   3.543591    32.2982       9061     6.2918     2.2636     2.1409 0.0000e+00
     13.000     9.9742   3.541770    32.2960       9088     6.3105     2.2612     2.1491 0.0000e+00
     12.000     9.9456   3.537938    32.2831       9117     6.3306     2.2469     2.1516 0.0000e+00
     11.000     9.9456   3.537822    32.2824       9149     6.3528     2.2052     2.1562 0.0000e+00
     10.000     9.9385   3.536923    32.2801       9180     6.3740     2.1546     2.1623 0.0000e+00
      9.000     9.9321   3.536241    32.2793       9210     6.3950     2.1196     2.1629 0.0000e+00
      8.000     9.9204   3.534873    32.2764       9241     6.4168     2.0755     2.1675 0.0000e+00
      7.000     9.9191   3.534620    32.2754       9273     6.4390     2.0271     2.1683 0.0000e+00
      6.000     9.9284   3.535299    32.2744       9987     6.9348     1.8026     2.1738 0.0000e+00
      5.000     9.9284   3.535393    32.2758      10076     6.9966     1.9115     2.1740 0.0000e+00
      4.000     9.9242   3.534875    32.2747      10109     7.0193     1.9372     2.1725 0.0000e+00
      3.000     9.9237   3.534759    32.2744      10136     7.0383     1.9885     2.1685 0.0000e+00
      2.000     9.9234   3.534673    32.2742      10166     7.0593     2.1532     2.1682 0.0000e+00
      1.000     9.9237   3.534682    32.2745      10189     7.0752     2.2301     2.1715 0.0000e+00
