HB2304/ctd150.cnv
* Sea-Bird SBE 9 Data File:
* FileName = C:\cruise\data\ctd150.hex
* Software Version Seasave V 7.26.7.121
* Temperature SN = 4591
* Conductivity SN = 3741
* Number of Bytes Per Scan = 37
* Number of Voltage Words = 4
* Number of Scans Averaged by the Deck Unit = 1
* NMEA Latitude = 41 16.88 N
* NMEA Longitude = 070 35.68 W
* NMEA UTC (Time) = Mar 16 2004  00:26:06
* NMEA baud rate = 4800
** Ship: Bigelow HB2304
** Program:  Fall Bottom Trawl Survey
** Chief Scientist: John Galbraith
# nquan = 9
# nvalues = 38                          
# units = specified
# name 0 = depSM: Depth [salt water, m]
# name 1 = t090C: Temperature [ITS-90, deg C]
# name 2 = c0S/m: Conductivity [S/m]
# name 3 = sal00: Salinity, Practical [PSU]
# name 4 = scan: Scan Count
# name 5 = timeM: Time, Elapsed [minutes]
# name 6 = sbeox0V: Oxygen raw, SBE 43 [V]
# name 7 = sbeox1V: Oxygen raw, SBE 43, 2 [V]
# name 8 = flag: flag
# span 0 =      2.000,     21.000       
# span 1 =    15.5212,    15.5343       
# span 2 =   3.917860,   3.919777       
# span 3 =    31.1951,    31.2010       
# span 4 =        123,       2207       
# span 5 =     0.0847,     1.5318       
# span 6 =     2.3550,     2.3836       
# span 7 =     2.2181,     2.2456       
# span 8 = 0.0000e+00, 0.0000e+00       
# interval = meters: 1                  
# start_time = Mar 16 2004 00:26:06 [NMEA time, header]
# bad_flag = -9.990e-29
*END*
      3.000    15.5241   3.918069    31.1953        123     0.0847     2.3806     2.2360 0.0000e+00
      4.000    15.5235   3.918036    31.1951        253     0.1747     2.3790     2.2352 0.0000e+00
      5.000    15.5237   3.918111    31.1952        282     0.1948     2.3768     2.2350 0.0000e+00
      6.000    15.5222   3.918047    31.1955        309     0.2141     2.3816     2.2348 0.0000e+00
      7.000    15.5232   3.918152    31.1953        336     0.2327     2.3833     2.2379 0.0000e+00
      8.000    15.5242   3.918284    31.1953        361     0.2500     2.3832     2.2384 0.0000e+00
      9.000    15.5212   3.918097    31.1956        384     0.2662     2.3825     2.2412 0.0000e+00
     10.000    15.5255   3.918467    31.1951        409     0.2834     2.3836     2.2428 0.0000e+00
     11.000    15.5296   3.919015    31.1964        438     0.3037     2.3831     2.2438 0.0000e+00
     12.000    15.5321   3.919304    31.1966        467     0.3239     2.3834     2.2456 0.0000e+00
     13.000    15.5343   3.919704    31.1980        493     0.3417     2.3830     2.2440 0.0000e+00
     14.000    15.5313   3.919739    31.2003        519     0.3596     2.3799     2.2402 0.0000e+00
     15.000    15.5306   3.919777    31.2009        546     0.3784     2.3762     2.2348 0.0000e+00
     16.000    15.5302   3.919772    31.2008        573     0.3971     2.3700     2.2311 0.0000e+00
     17.000    15.5277   3.919589    31.2008        598     0.4143     2.3616     2.2243 0.0000e+00
     18.000    15.5265   3.919502    31.2006        622     0.4315     2.3560     2.2233 0.0000e+00
     19.000    15.5264   3.919527    31.2005        649     0.4501     2.3555     2.2218 0.0000e+00
     20.000    15.5258   3.919501    31.2004        676     0.4690     2.3572     2.2217 0.0000e+00
     21.000    15.5246   3.919442    31.2005        699     0.4845     2.3607     2.2196 0.0000e+00
     20.000    15.5257   3.919485    31.2004       1672     1.1605     2.3550     2.2181 0.0000e+00
     19.000    15.5281   3.919715    31.2009       1745     1.2114     2.3556     2.2200 0.0000e+00
     18.000    15.5278   3.919660    31.2009       1773     1.2303     2.3578     2.2219 0.0000e+00
     17.000    15.5278   3.919619    31.2009       1798     1.2478     2.3568     2.2241 0.0000e+00
     16.000    15.5280   3.919602    31.2010       1821     1.2642     2.3556     2.2228 0.0000e+00
     15.000    15.5276   3.919514    31.2009       1845     1.2805     2.3572     2.2223 0.0000e+00
     14.000    15.5278   3.919479    31.2008       1869     1.2976     2.3587     2.2199 0.0000e+00
     13.000    15.5299   3.919600    31.2007       1895     1.3155     2.3584     2.2187 0.0000e+00
     12.000    15.5321   3.919694    31.2000       1923     1.3344     2.3581     2.2188 0.0000e+00
     11.000    15.5318   3.919533    31.1993       1950     1.3535     2.3597     2.2220 0.0000e+00
     10.000    15.5308   3.919200    31.1974       1976     1.3712     2.3625     2.2237 0.0000e+00
      9.000    15.5304   3.919071    31.1970       2000     1.3884     2.3686     2.2290 0.0000e+00
      8.000    15.5305   3.919023    31.1968       2025     1.4057     2.3732     2.2344 0.0000e+00
      7.000    15.5310   3.919100    31.1975       2051     1.4237     2.3714     2.2365 0.0000e+00
      6.000    15.5298   3.918929    31.1973       2078     1.4421     2.3722     2.2404 0.0000e+00
      5.000    15.5232   3.918208    31.1965       2103     1.4599     2.3727     2.2425 0.0000e+00
      4.000    15.5218   3.917960    31.1957       2128     1.4771     2.3758     2.2434 0.0000e+00
      3.000    15.5214   3.917860    31.1955       2154     1.4954     2.3791     2.2453 0.0000e+00
      2.000    15.5221   3.917928    31.1960       2207     1.5318     2.3825     2.2382 0.0000e+00
