HB2304/ctd117.cnv
* Sea-Bird SBE 9 Data File:
* FileName = C:\cruise\data\ctd117.hex
* Software Version Seasave V 7.26.7.121
* Temperature SN = 4591
* Conductivity SN = 3741
* Number of Bytes Per Scan = 37
* Number of Voltage Words = 4
* Number of Scans Averaged by the Deck Unit = 1
* NMEA Latitude = 40 16.56 N
* NMEA Longitude = 069 03.72 W
* NMEA UTC (Time) = Oct 14 2023  02:58:54
* NMEA baud rate = 4800
** Ship: Bigelow HB2304
** Program:  Fall Bottom Trawl Survey
** Chief Scientist: John Galbraith
# nquan = 7
# nvalues = 185                         
# units = specified
# name 0 = depSM: Depth [salt water, m]
# name 1 = t090C: Temperature [ITS-90, deg C]
# name 2 = c0S/m: Conductivity [S/m]
# name 3 = sal00: Salinity, Practical [PSU]
# name 4 = scan: Scan Count
# name 5 = timeM: Time, Elapsed [minutes]
# name 6 = flag: flag
# span 0 =      2.000,     95.000       
# span 1 =     9.4907,    14.9815       
# span 2 =   3.591807,   3.955650       
# span 3 =    31.9225,    33.3068       
# span 4 =        180,       7134       
# span 5 =     0.1246,     4.9532       
# span 6 = 0.0000e+00, 0.0000e+00       
# interval = meters: 1                  
# start_time = Oct 14 2023 02:58:54 [NMEA time, header]
# bad_flag = -9.990e-29
*END*
      4.000    14.9774   3.954782    31.9631        180     0.1246 0.0000e+00
      5.000    14.9774   3.954831    31.9631        369     0.2555 0.0000e+00
      6.000    14.9784   3.954967    31.9631        415     0.2878 0.0000e+00
      7.000    14.9779   3.954966    31.9632        462     0.3201 0.0000e+00
      8.000    14.9740   3.954704    31.9636        507     0.3512 0.0000e+00
      9.000    14.9750   3.954807    31.9633        533     0.3693 0.0000e+00
     10.000    14.9775   3.955052    31.9631        612     0.4244 0.0000e+00
     11.000    14.9799   3.955300    31.9630        718     0.4977 0.0000e+00
     12.000    14.9815   3.955540    31.9634        769     0.5336 0.0000e+00
     13.000    14.9812   3.955565    31.9635        788     0.5463 0.0000e+00
     14.000    14.9810   3.955612    31.9637        806     0.5589 0.0000e+00
     15.000    14.9811   3.955650    31.9636        828     0.5741 0.0000e+00
     16.000    14.9806   3.955637    31.9635        859     0.5959 0.0000e+00
     17.000    14.9777   3.955470    31.9640        894     0.6202 0.0000e+00
     18.000    14.9759   3.955339    31.9640        922     0.6396 0.0000e+00
     19.000    14.9720   3.955118    31.9648        945     0.6556 0.0000e+00
     20.000    14.9322   3.952611    31.9744        966     0.6702 0.0000e+00
     21.000    14.6938   3.934750    32.0083        988     0.6853 0.0000e+00
     22.000    14.5591   3.922993    32.0122       1019     0.7068 0.0000e+00
     23.000    14.4737   3.917024    32.0280       1055     0.7322 0.0000e+00
     24.000    14.3760   3.910310    32.0471       1079     0.7485 0.0000e+00
     25.000    14.2548   3.902704    32.0777       1097     0.7608 0.0000e+00
     26.000    14.0133   3.885450    32.1199       1115     0.7735 0.0000e+00
     27.000    13.8805   3.874657    32.1309       1139     0.7901 0.0000e+00
     28.000    13.7177   3.861383    32.1441       1181     0.8193 0.0000e+00
     29.000    13.4965   3.845377    32.1809       1219     0.8460 0.0000e+00
     30.000    13.3188   3.834467    32.2287       1238     0.8590 0.0000e+00
     31.000    12.9841   3.815078    32.3306       1253     0.8698 0.0000e+00
     32.000    12.4290   3.773929    32.4158       1270     0.8812 0.0000e+00
     33.000    12.0619   3.747644    32.4810       1295     0.8988 0.0000e+00
     34.000    11.9202   3.742251    32.5520       1339     0.9294 0.0000e+00
     35.000    11.8569   3.737997    32.5658       1368     0.9496 0.0000e+00
     36.000    11.7830   3.732850    32.5801       1388     0.9629 0.0000e+00
     37.000    11.6980   3.725667    32.5844       1406     0.9755 0.0000e+00
     38.000    11.6522   3.721213    32.5808       1426     0.9896 0.0000e+00
     39.000    11.6251   3.718910    32.5817       1453     1.0085 0.0000e+00
     40.000    11.5002   3.708108    32.5858       1489     1.0336 0.0000e+00
     41.000    11.4354   3.702283    32.5854       1522     1.0562 0.0000e+00
     42.000    11.4334   3.702173    32.5857       1547     1.0737 0.0000e+00
     43.000    11.4347   3.703840    32.6005       1571     1.0902 0.0000e+00
     44.000    11.2373   3.688618    32.6249       1593     1.1057 0.0000e+00
     45.000    11.1161   3.679717    32.6442       1615     1.1208 0.0000e+00
     46.000    11.0991   3.682994    32.6912       1638     1.1368 0.0000e+00
     47.000    11.1851   3.694048    32.7234       1666     1.1565 0.0000e+00
     48.000    11.3292   3.717000    32.8208       1696     1.1771 0.0000e+00
     49.000    11.4721   3.744208    32.9602       1722     1.1949 0.0000e+00
     50.000    11.2026   3.724772    33.0094       1747     1.2124 0.0000e+00
     51.000    10.6729   3.672954    32.9711       1774     1.2314 0.0000e+00
     52.000    10.5976   3.662741    32.9366       1803     1.2511 0.0000e+00
     53.000    10.5157   3.655343    32.9360       1829     1.2694 0.0000e+00
     54.000    10.3191   3.637434    32.9337       1853     1.2864 0.0000e+00
     55.000    10.2378   3.629165    32.9236       1878     1.3038 0.0000e+00
     56.000    10.2107   3.626342    32.9193       1906     1.3228 0.0000e+00
     57.000    10.1899   3.624904    32.9232       1931     1.3400 0.0000e+00
     58.000    10.1526   3.622484    32.9322       1952     1.3547 0.0000e+00
     59.000    10.0957   3.618701    32.9452       1975     1.3707 0.0000e+00
     60.000    10.0359   3.615404    32.9659       2006     1.3924 0.0000e+00
     61.000    10.0201   3.615756    32.9835       2043     1.4179 0.0000e+00
     62.000    10.0310   3.617642    32.9922       2071     1.4373 0.0000e+00
     63.000    10.0510   3.621588    33.0135       2091     1.4517 0.0000e+00
     64.000    10.0304   3.623343    33.0497       2110     1.4646 0.0000e+00
     65.000     9.9949   3.620327    33.0510       2131     1.4789 0.0000e+00
     66.000     9.9833   3.619255    33.0504       2161     1.5000 0.0000e+00
     67.000     9.9617   3.618892    33.0660       2199     1.5265 0.0000e+00
     68.000     9.8795   3.614277    33.0939       2223     1.5431 0.0000e+00
     69.000     9.8659   3.613341    33.0965       2245     1.5580 0.0000e+00
     70.000     9.8046   3.609866    33.1168       2274     1.5782 0.0000e+00
     71.000     9.7582   3.606633    33.1261       2310     1.6032 0.0000e+00
     72.000     9.7370   3.605205    33.1305       2334     1.6201 0.0000e+00
     73.000     9.7111   3.603473    33.1363       2353     1.6333 0.0000e+00
     74.000     9.7001   3.602533    33.1363       2372     1.6467 0.0000e+00
     75.000     9.6693   3.600896    33.1475       2396     1.6630 0.0000e+00
     76.000     9.5902   3.595562    33.1653       2430     1.6870 0.0000e+00
     77.000     9.5687   3.593997    33.1688       2467     1.7122 0.0000e+00
     78.000     9.5688   3.594108    33.1693       2491     1.7292 0.0000e+00
     79.000     9.5651   3.594159    33.1728       2513     1.7443 0.0000e+00
     80.000     9.5612   3.594318    33.1776       2538     1.7618 0.0000e+00
     81.000     9.5617   3.594743    33.1810       2568     1.7828 0.0000e+00
     82.000     9.5678   3.595900    33.1868       2597     1.8027 0.0000e+00
     83.000     9.5688   3.596364    33.1902       2623     1.8205 0.0000e+00
     84.000     9.5651   3.596700    33.1966       2646     1.8366 0.0000e+00
     85.000     9.5627   3.597479    33.2064       2668     1.8522 0.0000e+00
     86.000     9.5580   3.598256    33.2183       2694     1.8705 0.0000e+00
     87.000     9.5376   3.597674    33.2308       2729     1.8945 0.0000e+00
     88.000     9.5264   3.598468    33.2488       2760     1.9156 0.0000e+00
     89.000     9.5352   3.600871    33.2649       2783     1.9318 0.0000e+00
     90.000     9.5392   3.601763    33.2699       2804     1.9463 0.0000e+00
     91.000     9.5408   3.602235    33.2728       2826     1.9619 0.0000e+00
     92.000     9.5396   3.602627    33.2775       2857     1.9834 0.0000e+00
     93.000     9.5292   3.602726    33.2877       2893     2.0087 0.0000e+00
     94.000     9.5198   3.602238    33.2910       3065     2.1275 0.0000e+00
     95.000     9.4907   3.601189    33.3068       3414     2.3700 0.0000e+00
     94.000     9.5133   3.601696    33.2915       3289     2.2832 0.0000e+00
     93.000     9.5307   3.602359    33.2826       3836     2.6633 0.0000e+00
     92.000     9.5374   3.602301    33.2762       4072     2.8273 0.0000e+00
     91.000     9.5407   3.601932    33.2698       4080     2.8325 0.0000e+00
     90.000     9.5397   3.601531    33.2670       4102     2.8482 0.0000e+00
     89.000     9.5372   3.601085    33.2653       4124     2.8629 0.0000e+00
     88.000     9.5331   3.600262    33.2610       4146     2.8786 0.0000e+00
     87.000     9.5302   3.598802    33.2492       4171     2.8957 0.0000e+00
     86.000     9.5368   3.597718    33.2323       4197     2.9141 0.0000e+00
     85.000     9.5565   3.597326    33.2105       4230     2.9365 0.0000e+00
     84.000     9.5593   3.596513    33.2001       4262     2.9594 0.0000e+00
     83.000     9.5641   3.595936    33.1902       4286     2.9759 0.0000e+00
     82.000     9.5650   3.595515    33.1855       4306     2.9898 0.0000e+00
     81.000     9.5598   3.594204    33.1773       4328     3.0049 0.0000e+00
     80.000     9.5563   3.593143    33.1701       4356     3.0245 0.0000e+00
     79.000     9.5542   3.592534    33.1662       4386     3.0454 0.0000e+00
     78.000     9.5536   3.592248    33.1643       4411     3.0628 0.0000e+00
     77.000     9.5543   3.592005    33.1615       4436     3.0801 0.0000e+00
     76.000     9.5552   3.591807    33.1592       4464     3.0993 0.0000e+00
     75.000     9.6364   3.595928    33.1269       4489     3.1170 0.0000e+00
     74.000     9.6883   3.599640    33.1176       4512     3.1329 0.0000e+00
     73.000     9.7003   3.600621    33.1170       4535     3.1489 0.0000e+00
     72.000     9.7268   3.602358    33.1108       4561     3.1664 0.0000e+00
     71.000     9.7827   3.605942    33.0965       4594     3.1899 0.0000e+00
     70.000     9.8493   3.609980    33.0770       4631     3.2151 0.0000e+00
     69.000     9.8603   3.610703    33.0747       4652     3.2300 0.0000e+00
     68.000     9.8728   3.611444    33.0712       4669     3.2417 0.0000e+00
     67.000     9.9266   3.614320    33.0516       4685     3.2529 0.0000e+00
     66.000     9.9635   3.616634    33.0419       4706     3.2674 0.0000e+00
     65.000    10.0112   3.619721    33.0300       4761     3.3052 0.0000e+00
     64.000    10.0573   3.622802    33.0196       4803     3.3345 0.0000e+00
     63.000    10.0677   3.621780    33.0002       4820     3.3468 0.0000e+00
     62.000    10.0467   3.618418    32.9857       4838     3.3587 0.0000e+00
     61.000    10.0300   3.615202    32.9687       4859     3.3736 0.0000e+00
     60.000    10.0506   3.613450    32.9327       4904     3.4047 0.0000e+00
     59.000    10.0966   3.615348    32.9105       4944     3.4323 0.0000e+00
     58.000    10.1269   3.617292    32.9031       4963     3.4459 0.0000e+00
     57.000    10.1550   3.619321    32.8986       4980     3.4579 0.0000e+00
     56.000    10.1846   3.621310    32.8922       5000     3.4712 0.0000e+00
     55.000    10.2144   3.623411    32.8868       5028     3.4910 0.0000e+00
     54.000    10.2681   3.627979    32.8846       5069     3.5193 0.0000e+00
     53.000    10.3034   3.631064    32.8842       5098     3.5393 0.0000e+00
     52.000    10.4178   3.639753    32.8686       5119     3.5540 0.0000e+00
     51.000    10.5502   3.652140    32.8737       5139     3.5679 0.0000e+00
     50.000    10.6138   3.659432    32.8898       5162     3.5839 0.0000e+00
     49.000    10.7534   3.671119    32.8811       5190     3.6037 0.0000e+00
     48.000    11.1963   3.713028    32.9001       5221     3.6247 0.0000e+00
     47.000    11.4784   3.743384    32.9474       5251     3.6460 0.0000e+00
     46.000    11.3920   3.730227    32.8957       5280     3.6659 0.0000e+00
     45.000    11.2935   3.711064    32.7955       5306     3.6837 0.0000e+00
     44.000    11.1585   3.690875    32.7171       5333     3.7028 0.0000e+00
     43.000    11.0870   3.679012    32.6640       5361     3.7224 0.0000e+00
     42.000    11.1151   3.677013    32.6197       5387     3.7403 0.0000e+00
     41.000    11.1643   3.677180    32.5782       5410     3.7563 0.0000e+00
     40.000    11.3065   3.687913    32.5586       5433     3.7720 0.0000e+00
     39.000    11.4213   3.698486    32.5615       5457     3.7888 0.0000e+00
     38.000    11.4327   3.698495    32.5520       5485     3.8086 0.0000e+00
     37.000    11.4501   3.699074    32.5427       5516     3.8301 0.0000e+00
     36.000    11.5218   3.704727    32.5354       5544     3.8490 0.0000e+00
     35.000    11.5964   3.711108    32.5325       5568     3.8662 0.0000e+00
     34.000    11.6123   3.712934    32.5368       5594     3.8840 0.0000e+00
     33.000    11.6259   3.713925    32.5350       5622     3.9032 0.0000e+00
     32.000    11.7022   3.719835    32.5261       5646     3.9203 0.0000e+00
     31.000    11.8262   3.731094    32.5274       5669     3.9362 0.0000e+00
     30.000    11.8384   3.731528    32.5213       5695     3.9544 0.0000e+00
     29.000    11.9344   3.734629    32.4680       5728     3.9769 0.0000e+00
     28.000    11.9792   3.734311    32.4263       5757     3.9972 0.0000e+00
     27.000    12.1335   3.739876    32.3466       5780     4.0133 0.0000e+00
     26.000    12.5458   3.767957    32.2607       5804     4.0296 0.0000e+00
     25.000    13.0931   3.808122    32.1747       5830     4.0477 0.0000e+00
     24.000    13.4328   3.831386    32.1061       5858     4.0677 0.0000e+00
     23.000    13.6128   3.845965    32.0909       5888     4.0880 0.0000e+00
     22.000    13.7407   3.856924    32.0858       5915     4.1067 0.0000e+00
     21.000    13.8658   3.865872    32.0644       5939     4.1238 0.0000e+00
     20.000    14.0625   3.879907    32.0302       5962     4.1398 0.0000e+00
     19.000    14.2776   3.895952    31.9993       5988     4.1576 0.0000e+00
     18.000    14.4073   3.905829    31.9827       6021     4.1803 0.0000e+00
     17.000    14.4844   3.911446    31.9706       6054     4.2033 0.0000e+00
     16.000    14.5896   3.918649    31.9499       6078     4.2203 0.0000e+00
     15.000    14.8113   3.935675    31.9225       6098     4.2342 0.0000e+00
     14.000    14.9367   3.947533    31.9272       6118     4.2481 0.0000e+00
     13.000    14.9676   3.950920    31.9328       6144     4.2661 0.0000e+00
     12.000    14.9761   3.952366    31.9393       6185     4.2944 0.0000e+00
     11.000    14.9640   3.951692    31.9435       6215     4.3156 0.0000e+00
     10.000    14.9683   3.952112    31.9442       6236     4.3298 0.0000e+00
      9.000    14.9708   3.952436    31.9454       6257     4.3443 0.0000e+00
      8.000    14.9742   3.952817    31.9465       6282     4.3616 0.0000e+00
      7.000    14.9756   3.954190    31.9580       6701     4.6528 0.0000e+00
      6.000    14.9769   3.954547    31.9606       7009     4.8664 0.0000e+00
      5.000    14.9763   3.954516    31.9612       7066     4.9062 0.0000e+00
      4.000    14.9755   3.954421    31.9613       7092     4.9241 0.0000e+00
      3.000    14.9762   3.954433    31.9612       7113     4.9388 0.0000e+00
      2.000    14.9773   3.954490    31.9612       7134     4.9532 0.0000e+00
