HB2304/ctd103.cnv
* Sea-Bird SBE 9 Data File:
* FileName = C:\cruise\data\ctd103.hex
* Software Version Seasave V 7.26.7.121
* Temperature SN = 4591
* Conductivity SN = 3741
* Number of Bytes Per Scan = 37
* Number of Voltage Words = 4
* Number of Scans Averaged by the Deck Unit = 1
* NMEA Latitude = 39 56.68 N
* NMEA Longitude = 071 23.34 W
* NMEA UTC (Time) = Oct 11 2023  21:42:32
* NMEA baud rate = 4800
** Ship: Bigelow HB2304
** Program:  Fall Bottom Trawl Survey
** Chief Scientist: John Galbraith
# nquan = 7
# nvalues = 511                         
# units = specified
# name 0 = depSM: Depth [salt water, m]
# name 1 = t090C: Temperature [ITS-90, deg C]
# name 2 = c0S/m: Conductivity [S/m]
# name 3 = sal00: Salinity, Practical [PSU]
# name 4 = scan: Scan Count
# name 5 = timeM: Time, Elapsed [minutes]
# name 6 = flag: flag
# span 0 =      3.000,    258.000       
# span 1 =     9.9281,    16.5261       
# span 2 =   3.631682,   4.130785       
# span 3 =    32.2641,    35.3835       
# span 4 =        180,      16179       
# span 5 =     0.1245,    11.2347       
# span 6 = 0.0000e+00, 0.0000e+00       
# interval = meters: 1                  
# start_time = Oct 11 2023 21:42:32 [NMEA time, header]
# bad_flag = -9.990e-29
*END*
[from data line 206]
    209.000    11.4699   3.995531    35.3663       6055     4.2039 0.0000e+00
    210.000    11.4670   3.995659    35.3700       6082     4.2227 0.0000e+00
    211.000    11.4626   3.995304    35.3702       6110     4.2422 0.0000e+00
    212.000    11.4420   3.994068    35.3773       6138     4.2620 0.0000e+00
    213.000    11.4250   3.992697    35.3794       6167     4.2816 0.0000e+00
    214.000    11.4089   3.991241    35.3800       6197     4.3027 0.0000e+00
    215.000    11.3910   3.989364    35.3782       6229     4.3248 0.0000e+00
    216.000    11.3411   3.985138    35.3835       6253     4.3416 0.0000e+00
    217.000    11.3097   3.981821    35.3803       6273     4.3557 0.0000e+00
    218.000    11.2446   3.975510    35.3796       6294     4.3703 0.0000e+00
    219.000    11.1423   3.965672    35.3794       6320     4.3879 0.0000e+00
    220.000    11.0703   3.957913    35.3708       6349     4.4083 0.0000e+00
    221.000    11.0467   3.955288    35.3668       6377     4.4277 0.0000e+00
    222.000    11.0403   3.954434    35.3640       6404     4.4468 0.0000e+00
    223.000    11.0384   3.954162    35.3627       6435     4.4677 0.0000e+00
    224.000    11.0355   3.953852    35.3619       6465     4.4887 0.0000e+00
    225.000    11.0212   3.952506    35.3618       6491     4.5072 0.0000e+00
    226.000    11.0008   3.950482    35.3607       6516     4.5245 0.0000e+00
    227.000    10.9825   3.948672    35.3597       6542     4.5425 0.0000e+00
    228.000    10.9804   3.948419    35.3588       6570     4.5615 0.0000e+00
    229.000    10.9878   3.949485    35.3619       6597     4.5805 0.0000e+00
    230.000    10.9809   3.949012    35.3634       6622     4.5983 0.0000e+00
    231.000    10.9722   3.948062    35.3618       6646     4.6148 0.0000e+00
    232.000    10.9713   3.947939    35.3609       6670     4.6309 0.0000e+00
    233.000    10.9702   3.947833    35.3605       6695     4.6489 0.0000e+00
    234.000    10.9709   3.947905    35.3601       6729     4.6722 0.0000e+00
    235.000    10.9718   3.948043    35.3602       6765     4.6973 0.0000e+00
    236.000    10.9724   3.948161    35.3603       6792     4.7157 0.0000e+00
    237.000    10.9721   3.948172    35.3603       6812     4.7299 0.0000e+00
    238.000    10.9720   3.948191    35.3600       6831     4.7433 0.0000e+00
    239.000    10.9722   3.948233    35.3599       6853     4.7582 0.0000e+00
    240.000    10.9724   3.948303    35.3598       6884     4.7797 0.0000e+00
    241.000    10.9744   3.948585    35.3603       6925     4.8080 0.0000e+00
    242.000    10.9757   3.948806    35.3609       6956     4.8302 0.0000e+00
    243.000    10.9755   3.948855    35.3611       6980     4.8467 0.0000e+00
    244.000    10.9800   3.949433    35.3620       7000     4.8603 0.0000e+00
    245.000    10.9792   3.949520    35.3633       7019     4.8733 0.0000e+00
    246.000    10.9773   3.949357    35.3630       7039     4.8877 0.0000e+00
    247.000    10.9773   3.949398    35.3630       7068     4.9080 0.0000e+00
    248.000    10.9789   3.949707    35.3640       7112     4.9382 0.0000e+00
    249.000    10.9787   3.949836    35.3651       7143     4.9597 0.0000e+00
    250.000    10.9789   3.949906    35.3652       7164     4.9743 0.0000e+00
    251.000    10.9798   3.950017    35.3650       7185     4.9889 0.0000e+00
    252.000    10.9714   3.949337    35.3657       7212     5.0075 0.0000e+00
    253.000    10.9533   3.947577    35.3652       7244     5.0297 0.0000e+00
    254.000    10.9516   3.947346    35.3640       7269     5.0473 0.0000e+00
    255.000    10.9483   3.947051    35.3638       7290     5.0615 0.0000e+00
    256.000    10.9453   3.946763    35.3634       7311     5.0761 0.0000e+00
    257.000    10.9349   3.945835    35.3636       7338     5.0949 0.0000e+00
    258.000    10.9119   3.943536    35.3623       7366     5.1149 0.0000e+00
    257.000    10.9337   3.945463    35.3611       7929     5.5056 0.0000e+00
    256.000    10.9440   3.946395    35.3609       8641     6.0003 0.0000e+00
    255.000    10.9455   3.946482    35.3608       8635     5.9960 0.0000e+00
    254.000    10.9489   3.946769    35.3608       8654     6.0087 0.0000e+00
    253.000    10.9525   3.947084    35.3610       8672     6.0218 0.0000e+00
    252.000    10.9638   3.948123    35.3610       8699     6.0403 0.0000e+00
    251.000    10.9751   3.949294    35.3622       8743     6.0712 0.0000e+00
    250.000    10.9775   3.949503    35.3625       8776     6.0934 0.0000e+00
    249.000    10.9795   3.949592    35.3619       8796     6.1077 0.0000e+00
    248.000    10.9810   3.949669    35.3617       8816     6.1213 0.0000e+00
    247.000    10.9804   3.949566    35.3616       8838     6.1369 0.0000e+00
    246.000    10.9802   3.949435    35.3610       8864     6.1550 0.0000e+00
    245.000    10.9820   3.949572    35.3611       8889     6.1723 0.0000e+00
    244.000    10.9874   3.950123    35.3619       8912     6.1880 0.0000e+00
    243.000    10.9847   3.949795    35.3616       8938     6.2062 0.0000e+00
    242.000    10.9827   3.949436    35.3604       8974     6.2309 0.0000e+00
    241.000    10.9806   3.949076    35.3593       9007     6.2540 0.0000e+00
    240.000    10.9795   3.946805    35.3381       9032     6.2714 0.0000e+00
    239.000    10.9781   3.948701    35.3588       9055     6.2872 0.0000e+00
    238.000    10.9770   3.948521    35.3586       9076     6.3024 0.0000e+00
    237.000    10.9762   3.948380    35.3583       9098     6.3173 0.0000e+00
    236.000    10.9744   3.948112    35.3579       9120     6.3326 0.0000e+00
    235.000    10.9734   3.947923    35.3574       9146     6.3510 0.0000e+00
    234.000    10.9726   3.947770    35.3571       9179     6.3737 0.0000e+00
    233.000    10.9721   3.947636    35.3567       9211     6.3955 0.0000e+00
    232.000    10.9754   3.947933    35.3569       9235     6.4126 0.0000e+00
    231.000    10.9816   3.948516    35.3573       9257     6.4275 0.0000e+00
    230.000    10.9846   3.948724    35.3569       9278     6.4426 0.0000e+00
    229.000    10.9821   3.948224    35.3547       9305     6.4611 0.0000e+00
    228.000    10.9887   3.948651    35.3532       9343     6.4874 0.0000e+00
    227.000    11.0085   3.950363    35.3516       9379     6.5123 0.0000e+00
    226.000    11.0169   3.951281    35.3532       9403     6.5288 0.0000e+00
    225.000    11.0225   3.951774    35.3532       9421     6.5416 0.0000e+00
    224.000    11.0296   3.952475    35.3539       9437     6.5531 0.0000e+00
    223.000    11.0347   3.953005    35.3547       9454     6.5647 0.0000e+00
    222.000    11.0382   3.953303    35.3547       9475     6.5789 0.0000e+00
    221.000    11.0744   3.956634    35.3536       9510     6.6032 0.0000e+00
    220.000    11.1728   3.965925    35.3522       9553     6.6330 0.0000e+00
    219.000    11.2470   3.973521    35.3570       9584     6.6546 0.0000e+00
    218.000    11.2905   3.978086    35.3611       9609     6.6722 0.0000e+00
    217.000    11.3274   3.981951    35.3646       9633     6.6888 0.0000e+00
    216.000    11.3780   3.986582    35.3626       9657     6.7053 0.0000e+00
    215.000    11.3972   3.988692    35.3655       9681     6.7222 0.0000e+00
    214.000    11.4168   3.990756    35.3676       9708     6.7408 0.0000e+00
    213.000    11.4352   3.992450    35.3673       9739     6.7622 0.0000e+00
    212.000    11.4525   3.993747    35.3640       9776     6.7885 0.0000e+00
    211.000    11.4531   3.992993    35.3564       9810     6.8117 0.0000e+00
    210.000    11.4567   3.993172    35.3552       9834     6.8286 0.0000e+00
    209.000    11.4583   3.993274    35.3551       9856     6.8438 0.0000e+00
    208.000    11.4580   3.992978    35.3530       9880     6.8603 0.0000e+00
    207.000    11.4575   3.992384    35.3480       9910     6.8812 0.0000e+00
    206.000    11.4584   3.992342    35.3471       9943     6.9040 0.0000e+00
    205.000    11.4566   3.991847    35.3444       9969     6.9222 0.0000e+00
    204.000    11.4464   3.990325    35.3396       9992     6.9384 0.0000e+00
    203.000    11.4427   3.989586    35.3362      10017     6.9556 0.0000e+00
    202.000    11.4540   3.990547    35.3354      10043     6.9737 0.0000e+00
    201.000    11.5199   3.997236    35.3390      10071     6.9931 0.0000e+00
    200.000    11.6127   4.007412    35.3514      10101     7.0141 0.0000e+00
    199.000    11.6138   4.007819    35.3548      10128     7.0326 0.0000e+00
    198.000    11.5787   4.003551    35.3466      10151     7.0487 0.0000e+00
    197.000    11.5293   3.997313    35.3326      10173     7.0642 0.0000e+00
    196.000    11.4631   3.988296    35.3071      10199     7.0821 0.0000e+00
    195.000    11.4285   3.983589    35.2940      10231     7.1044 0.0000e+00
    194.000    11.3814   3.977285    35.2770      10262     7.1256 0.0000e+00
    193.000    11.4010   3.978095    35.2668      10291     7.1459 0.0000e+00
    192.000    11.4396   3.982257    35.2716      10321     7.1667 0.0000e+00
    191.000    11.4499   3.983540    35.2750      10347     7.1845 0.0000e+00
    190.000    11.4337   3.981491    35.2706      10370     7.2006 0.0000e+00
    189.000    11.4274   3.980568    35.2679      10393     7.2164 0.0000e+00
    188.000    11.4342   3.981102    35.2671      10416     7.2328 0.0000e+00
    187.000    11.4364   3.981359    35.2680      10444     7.2520 0.0000e+00
    186.000    11.4338   3.980955    35.2670      10476     7.2742 0.0000e+00
    185.000    11.4324   3.980708    35.2663      10507     7.2956 0.0000e+00
    184.000    11.4304   3.980445    35.2660      10535     7.3155 0.0000e+00
    183.000    11.4282   3.980048    35.2647      10565     7.3361 0.0000e+00
    182.000    11.4309   3.980212    35.2641      10594     7.3562 0.0000e+00
    181.000    11.4386   3.980843    35.2635      10618     7.3727 0.0000e+00
    180.000    11.4443   3.981468    35.2648      10638     7.3867 0.0000e+00
    179.000    11.4493   3.981973    35.2654      10659     7.4011 0.0000e+00
    178.000    11.4570   3.982752    35.2662      10687     7.4207 0.0000e+00
    177.000    11.4669   3.983902    35.2685      10729     7.4499 0.0000e+00
    176.000    11.4825   3.985582    35.2708      10760     7.4716 0.0000e+00
    175.000    11.4935   3.986713    35.2719      10782     7.4870 0.0000e+00
    174.000    11.5271   3.990105    35.2738      10803     7.5014 0.0000e+00
    173.000    11.5686   3.994378    35.2769      10827     7.5178 0.0000e+00
    172.000    11.5793   3.996059    35.2838      10855     7.5375 0.0000e+00
    171.000    11.6214   3.999990    35.2829      10884     7.5576 0.0000e+00
    170.000    11.6378   4.001664    35.2842      10913     7.5779 0.0000e+00
    169.000    11.6616   4.003774    35.2829      10945     7.5999 0.0000e+00
    168.000    11.6978   4.007390    35.2845      10975     7.6208 0.0000e+00
    167.000    11.7222   4.009668    35.2841      10999     7.6376 0.0000e+00
    166.000    11.7511   4.012290    35.2829      11020     7.6522 0.0000e+00
    165.000    11.7680   4.014100    35.2851      11042     7.6671 0.0000e+00
    164.000    11.8011   4.016836    35.2809      11068     7.6857 0.0000e+00
    163.000    11.8231   4.019011    35.2819      11104     7.7102 0.0000e+00
    162.000    11.8233   4.018048    35.2726      11136     7.7328 0.0000e+00
    161.000    11.8119   4.016589    35.2696      11162     7.7507 0.0000e+00
    160.000    11.8257   4.017214    35.2630      11187     7.7680 0.0000e+00
    159.000    11.8517   4.019753    35.2638      11213     7.7858 0.0000e+00
    158.000    11.8632   4.021069    35.2663      11238     7.8032 0.0000e+00
    157.000    11.8719   4.021780    35.2654      11264     7.8215 0.0000e+00
    156.000    11.8836   4.022650    35.2632      11292     7.8408 0.0000e+00
    155.000    11.8528   4.018535    35.2526      11320     7.8602 0.0000e+00
    154.000    11.8129   4.013041    35.2370      11348     7.8800 0.0000e+00
    153.000    11.8174   4.012774    35.2305      11379     7.9013 0.0000e+00
    152.000    11.8575   4.017045    35.2348      11408     7.9212 0.0000e+00
    151.000    11.9527   4.026861    35.2413      11433     7.9388 0.0000e+00
    150.000    12.0440   4.037830    35.2625      11458     7.9562 0.0000e+00
    149.000    12.0772   4.041844    35.2708      11482     7.9728 0.0000e+00
    148.000    12.1051   4.045310    35.2786      11505     7.9888 0.0000e+00
    147.000    12.1199   4.046849    35.2801      11530     8.0064 0.0000e+00
    146.000    12.1793   4.053095    35.2853      11562     8.0288 0.0000e+00
    145.000    12.2126   4.056954    35.2918      11598     8.0534 0.0000e+00
    144.000    12.2764   4.063843    35.2991      11626     8.0727 0.0000e+00
    143.000    12.2997   4.066737    35.3056      11649     8.0888 0.0000e+00
    142.000    12.3307   4.069961    35.3081      11673     8.1056 0.0000e+00
    141.000    12.3842   4.076193    35.3185      11704     8.1269 0.0000e+00
    140.000    12.4217   4.080600    35.3264      11733     8.1472 0.0000e+00
    139.000    12.4545   4.083734    35.3262      11755     8.1624 0.0000e+00
    138.000    12.5183   4.090651    35.3335      11776     8.1771 0.0000e+00
    137.000    12.5564   4.094945    35.3395      11804     8.1963 0.0000e+00
    136.000    12.5499   4.092407    35.3216      11842     8.2231 0.0000e+00
    135.000    12.6222   4.099284    35.3205      11872     8.2436 0.0000e+00
    134.000    12.6777   4.107019    35.3433      11894     8.2587 0.0000e+00
    133.000    12.5381   4.089875    35.3096      11914     8.2730 0.0000e+00
    132.000    12.4098   4.072966    35.2671      11938     8.2894 0.0000e+00
    131.000    12.3317   4.061204    35.2272      11970     8.3120 0.0000e+00
    130.000    12.3774   4.063870    35.2105      12005     8.3362 0.0000e+00
    129.000    12.5342   4.080672    35.2262      12032     8.3547 0.0000e+00
    128.000    12.5716   4.086737    35.2501      12056     8.3717 0.0000e+00
    127.000    12.5521   4.084347    35.2457      12084     8.3907 0.0000e+00
    126.000    12.5053   4.078810    35.2366      12111     8.4098 0.0000e+00
    125.000    12.4876   4.074658    35.2136      12136     8.4272 0.0000e+00
    124.000    12.6919   4.097473    35.2426      12161     8.4447 0.0000e+00
    123.000    12.6993   4.099727    35.2577      12188     8.4633 0.0000e+00
    122.000    12.6818   4.096432    35.2429      12216     8.4829 0.0000e+00
    121.000    12.7133   4.099444    35.2428      12244     8.5023 0.0000e+00
    120.000    12.7037   4.098643    35.2445      12269     8.5197 0.0000e+00
    119.000    12.5063   4.075554    35.2073      12294     8.5368 0.0000e+00
    118.000    12.2883   4.046571    35.1316      12322     8.5565 0.0000e+00
    117.000    11.8334   3.989798    35.0060      12354     8.5784 0.0000e+00
    116.000    11.5871   3.957905    34.9253      12382     8.5978 0.0000e+00
    115.000    11.4303   3.933965    34.8373      12409     8.6164 0.0000e+00
    114.000    11.3687   3.923852    34.7958      12437     8.6359 0.0000e+00
    113.000    11.3047   3.913114    34.7502      12464     8.6547 0.0000e+00
    112.000    11.3303   3.913145    34.7269      12489     8.6720 0.0000e+00
    111.000    11.4224   3.920426    34.7128      12512     8.6885 0.0000e+00
    110.000    11.5263   3.932752    34.7373      12536     8.7050 0.0000e+00
    109.000    11.4205   3.919102    34.7023      12561     8.7223 0.0000e+00
    108.000    11.3535   3.909654    34.6723      12590     8.7421 0.0000e+00
    107.000    11.2709   3.896314    34.6182      12621     8.7642 0.0000e+00
    106.000    11.1825   3.883263    34.5721      12652     8.7855 0.0000e+00
    105.000    10.9316   3.854642    34.5233      12680     8.8047 0.0000e+00
    104.000    10.7658   3.828371    34.4171      12707     8.8234 0.0000e+00
