HB2304/ctd115.cnv
* Sea-Bird SBE 9 Data File:
* FileName = C:\cruise\data\ctd115.hex
* Software Version Seasave V 7.26.7.121
* Temperature SN = 4591
* Conductivity SN = 3741
* Number of Bytes Per Scan = 37
* Number of Voltage Words = 4
* Number of Scans Averaged by the Deck Unit = 1
* NMEA Latitude = 39 59.68 N
* NMEA Longitude = 069 16.63 W
* NMEA UTC (Time) = Oct 13 2023  21:42:06
* NMEA baud rate = 4800
** Ship: Bigelow HB2304
** Program:  Fall Bottom Trawl Survey
** Chief Scientist: John Galbraith
# nquan = 7
# nvalues = 306                         
# units = specified
# name 0 = depSM: Depth [salt water, m]
# name 1 = t090C: Temperature [ITS-90, deg C]
# name 2 = c0S/m: Conductivity [S/m]
# name 3 = sal00: Salinity, Practical [PSU]
# name 4 = scan: Scan Count
# name 5 = timeM: Time, Elapsed [minutes]
# name 6 = flag: flag
# span 0 =      2.000,    155.000       
# span 1 =     9.7014,    16.2778       
# span 2 =   3.595202,   4.148692       
# span 3 =    32.0213,    34.9878       
# span 4 =        161,      10684       
# span 5 =     0.1110,     7.4188       
# span 6 = 0.0000e+00, 0.0000e+00       
# interval = meters: 1                  
# start_time = Oct 13 2023 21:42:06 [NMEA time, header]
# bad_flag = -9.990e-29
*END*
      3.000    15.6825   4.025538    32.0213        161     0.1110 0.0000e+00
      4.000    15.7110   4.029482    32.0328        333     0.2308 0.0000e+00
      5.000    15.7338   4.033600    32.0504        361     0.2500 0.0000e+00
      6.000    15.7836   4.039328    32.0604        396     0.2742 0.0000e+00
      7.000    15.8150   4.044316    32.0786        451     0.3127 0.0000e+00
      8.000    15.8151   4.044341    32.0784        484     0.3354 0.0000e+00
      9.000    15.8268   4.045914    32.0825        515     0.3571 0.0000e+00
     10.000    15.8348   4.047065    32.0858        560     0.3883 0.0000e+00
     11.000    15.8228   4.045704    32.0831        693     0.4806 0.0000e+00
     12.000    15.8191   4.045146    32.0808        740     0.5132 0.0000e+00
     13.000    15.8170   4.045030    32.0811        770     0.5342 0.0000e+00
     14.000    15.8213   4.045481    32.0813        803     0.5572 0.0000e+00
     15.000    15.8287   4.046535    32.0842        835     0.5790 0.0000e+00
     16.000    15.8400   4.048063    32.0882        859     0.5955 0.0000e+00
     17.000    15.9160   4.058032    32.1143        879     0.6096 0.0000e+00
     18.000    15.9062   4.057498    32.1171        900     0.6243 0.0000e+00
     19.000    16.0343   4.075180    32.1688        926     0.6424 0.0000e+00
     20.000    16.1428   4.095558    32.2597        954     0.6619 0.0000e+00
     21.000    16.1754   4.103533    32.3029        982     0.6813 0.0000e+00
     22.000    16.0203   4.094430    32.3486       1012     0.7019 0.0000e+00
     23.000    16.2778   4.131733    32.4658       1044     0.7241 0.0000e+00
     24.000    16.2671   4.148692    32.6235       1071     0.7432 0.0000e+00
     25.000    15.5184   4.069683    32.5398       1095     0.7599 0.0000e+00
     26.000    14.8767   4.000140    32.4470       1119     0.7761 0.0000e+00
     27.000    14.5280   3.966700    32.4338       1142     0.7927 0.0000e+00
     28.000    14.7372   3.996692    32.5314       1167     0.8100 0.0000e+00
     29.000    14.8159   4.006919    32.5580       1193     0.8277 0.0000e+00
     30.000    14.4327   3.973459    32.5741       1220     0.8463 0.0000e+00
     31.000    14.1032   3.936590    32.5133       1249     0.8665 0.0000e+00
     32.000    13.7817   3.926347    32.6911       1280     0.8881 0.0000e+00
     33.000    13.7083   3.933655    32.8212       1309     0.9082 0.0000e+00
     34.000    13.8020   3.952502    32.9155       1335     0.9261 0.0000e+00
     35.000    13.7199   3.952991    32.9903       1360     0.9435 0.0000e+00
     36.000    13.5072   3.929576    32.9549       1385     0.9611 0.0000e+00
     37.000    13.3277   3.910878    32.9345       1409     0.9781 0.0000e+00
     38.000    12.6141   3.849162    32.9709       1431     0.9934 0.0000e+00
     39.000    12.3606   3.822834    32.9409       1453     1.0084 0.0000e+00
     40.000    12.2081   3.806765    32.9200       1480     1.0272 0.0000e+00
     41.000    11.9797   3.784533    32.9062       1518     1.0538 0.0000e+00
     42.000    11.7366   3.761593    32.8980       1556     1.0797 0.0000e+00
     43.000    11.5602   3.746462    32.9064       1581     1.0971 0.0000e+00
     44.000    10.9798   3.700900    32.9756       1601     1.1113 0.0000e+00
     45.000    10.4352   3.648316    32.9419       1621     1.1251 0.0000e+00
     46.000    10.3304   3.638344    32.9361       1644     1.1407 0.0000e+00
     47.000    10.2267   3.628670    32.9323       1671     1.1599 0.0000e+00
     48.000    10.2776   3.635083    32.9502       1702     1.1816 0.0000e+00
     49.000    10.2664   3.639372    33.0033       1730     1.2008 0.0000e+00
     50.000     9.9440   3.613918    33.0391       1754     1.2176 0.0000e+00
     51.000     9.7505   3.595202    33.0254       1780     1.2354 0.0000e+00
     52.000     9.7147   3.598913    33.0957       1812     1.2579 0.0000e+00
     53.000     9.7014   3.601375    33.1327       1853     1.2859 0.0000e+00
     54.000     9.8384   3.619218    33.1883       1878     1.3037 0.0000e+00
     55.000     9.8316   3.625459    33.2578       1896     1.3157 0.0000e+00
     56.000     9.8522   3.629902    33.2836       1911     1.3262 0.0000e+00
     57.000    10.2671   3.674261    33.3508       1927     1.3377 0.0000e+00
     58.000    11.0169   3.765420    33.5758       1953     1.3556 0.0000e+00
     59.000    11.3089   3.807497    33.7257       1999     1.3875 0.0000e+00
     60.000    11.3494   3.818293    33.7947       2029     1.4085 0.0000e+00
     61.000    11.4203   3.830223    33.8469       2053     1.4248 0.0000e+00
     62.000    11.4422   3.838450    33.9074       2078     1.4421 0.0000e+00
     63.000    11.5030   3.851190    33.9765       2107     1.4625 0.0000e+00
     64.000    11.5829   3.867930    34.0672       2135     1.4821 0.0000e+00
     65.000    11.6069   3.875377    34.1178       2159     1.4985 0.0000e+00
     66.000    11.6116   3.877954    34.1383       2182     1.5149 0.0000e+00
     67.000    11.6216   3.880268    34.1513       2209     1.5331 0.0000e+00
     68.000    11.6526   3.886333    34.1819       2239     1.5540 0.0000e+00
     69.000    11.6872   3.892527    34.2102       2267     1.5736 0.0000e+00
     70.000    11.9006   3.918618    34.2681       2293     1.5915 0.0000e+00
     71.000    12.2246   3.964231    34.4131       2322     1.6120 0.0000e+00
     72.000    12.3667   3.985399    34.4867       2354     1.6342 0.0000e+00
     73.000    12.4641   4.007883    34.6137       2381     1.6525 0.0000e+00
     74.000    11.5569   3.917554    34.5737       2406     1.6699 0.0000e+00
     75.000    10.9255   3.843757    34.4339       2435     1.6900 0.0000e+00
     76.000    10.8225   3.829833    34.3910       2463     1.7100 0.0000e+00
     77.000    10.7615   3.824787    34.3974       2487     1.7262 0.0000e+00
     78.000    10.6257   3.810209    34.3785       2509     1.7416 0.0000e+00
     79.000    10.4935   3.796262    34.3621       2534     1.7592 0.0000e+00
     80.000    10.2708   3.772506    34.3318       2569     1.7832 0.0000e+00
     81.000    10.1337   3.757365    34.3075       2603     1.8070 0.0000e+00
     82.000    10.0939   3.753032    34.3006       2632     1.8272 0.0000e+00
     83.000    10.1160   3.755405    34.3034       2663     1.8485 0.0000e+00
     84.000    10.1683   3.762877    34.3293       2690     1.8672 0.0000e+00
     85.000    10.1940   3.767652    34.3531       2711     1.8818 0.0000e+00
     86.000    10.2149   3.770461    34.3613       2730     1.8953 0.0000e+00
     87.000    10.2551   3.775410    34.3730       2751     1.9100 0.0000e+00
     88.000    10.2896   3.780429    34.3908       2779     1.9293 0.0000e+00
     89.000    10.3163   3.783989    34.4010       2819     1.9570 0.0000e+00
     90.000    10.3600   3.790490    34.4251       2855     1.9820 0.0000e+00
     91.000    10.3849   3.794862    34.4453       2879     1.9986 0.0000e+00
     92.000    10.3922   3.797193    34.4614       2900     2.0132 0.0000e+00
     93.000    10.3834   3.798276    34.4804       2924     2.0299 0.0000e+00
     94.000    10.3894   3.799882    34.4904       2955     2.0516 0.0000e+00
     95.000    10.3947   3.800806    34.4943       2986     2.0727 0.0000e+00
     96.000    10.4044   3.802561    34.5024       3010     2.0895 0.0000e+00
     97.000    10.4298   3.806214    34.5148       3031     2.1042 0.0000e+00
     98.000    10.4608   3.810752    34.5308       3052     2.1191 0.0000e+00
     99.000    10.4457   3.810669    34.5438       3079     2.1378 0.0000e+00
    100.000    10.4365   3.810505    34.5504       3120     2.1663 0.0000e+00
    101.000    10.4435   3.812029    34.5587       3152     2.1883 0.0000e+00
    102.000    10.3986   3.809156    34.5718       3173     2.2028 0.0000e+00
    103.000    10.3856   3.809369    34.5859       3195     2.2178 0.0000e+00
    104.000    10.3960   3.811023    34.5923       3221     2.2364 0.0000e+00
    105.000    10.4108   3.813480    34.6026       3250     2.2564 0.0000e+00
    106.000    10.3616   3.808065    34.5942       3275     2.2739 0.0000e+00
    107.000    10.6898   3.844944    34.6537       3302     2.2923 0.0000e+00
    108.000    11.0995   3.896932    34.7853       3333     2.3139 0.0000e+00
    109.000    11.2507   3.916218    34.8338       3361     2.3335 0.0000e+00
    110.000    11.5332   3.951582    34.9164       3386     2.3510 0.0000e+00
    111.000    11.6052   3.961645    34.9473       3413     2.3692 0.0000e+00
    112.000    11.6407   3.966953    34.9657       3440     2.3883 0.0000e+00
    113.000    11.6428   3.968060    34.9741       3465     2.4056 0.0000e+00
    114.000    11.6165   3.965810    34.9763       3490     2.4228 0.0000e+00
    115.000    11.5309   3.957278    34.9726       3520     2.4437 0.0000e+00
    116.000    11.4893   3.952656    34.9659       3554     2.4675 0.0000e+00
    117.000    11.5019   3.954549    34.9721       3584     2.4879 0.0000e+00
    118.000    11.5019   3.955056    34.9767       3608     2.5051 0.0000e+00
    119.000    11.4969   3.955066    34.9811       3630     2.5204 0.0000e+00
    120.000    11.4559   3.951027    34.9795       3652     2.5355 0.0000e+00
    121.000    11.4103   3.946418    34.9767       3678     2.5536 0.0000e+00
    122.000    11.3343   3.937870    34.9636       3709     2.5753 0.0000e+00
    123.000    11.3032   3.934097    34.9552       3737     2.5944 0.0000e+00
    124.000    11.2742   3.931039    34.9519       3764     2.6130 0.0000e+00
    125.000    11.2051   3.923282    34.9400       3798     2.6371 0.0000e+00
    126.000    11.1754   3.919693    34.9319       3831     2.6595 0.0000e+00
    127.000    11.1600   3.918175    34.9310       3852     2.6745 0.0000e+00
    128.000    11.1785   3.920747    34.9386       3872     2.6883 0.0000e+00
    129.000    11.2052   3.924480    34.9500       3898     2.7065 0.0000e+00
    130.000    11.2081   3.925103    34.9529       3931     2.7292 0.0000e+00
    131.000    11.2069   3.925138    34.9540       3955     2.7456 0.0000e+00
    132.000    11.2007   3.924705    34.9551       3975     2.7596 0.0000e+00
    133.000    11.1945   3.924178    34.9553       3997     2.7753 0.0000e+00
    134.000    11.1940   3.924126    34.9548       4031     2.7989 0.0000e+00
    135.000    11.1917   3.924003    34.9553       4070     2.8259 0.0000e+00
    136.000    11.1852   3.923522    34.9562       4098     2.8451 0.0000e+00
    137.000    11.1817   3.923276    34.9567       4125     2.8640 0.0000e+00
    138.000    11.1773   3.922989    34.9575       4154     2.8839 0.0000e+00
    139.000    11.1757   3.923057    34.9593       4178     2.9007 0.0000e+00
    140.000    11.1759   3.923205    34.9602       4199     2.9152 0.0000e+00
    141.000    11.1760   3.923212    34.9596       4220     2.9297 0.0000e+00
    142.000    11.1806   3.924514    34.9678       4243     2.9459 0.0000e+00
    143.000    11.1855   3.925841    34.9759       4270     2.9649 0.0000e+00
    144.000    11.1839   3.925566    34.9742       4303     2.9875 0.0000e+00
    145.000    11.1867   3.926085    34.9763       4346     3.0172 0.0000e+00
    146.000    11.1911   3.927094    34.9817       4380     3.0408 0.0000e+00
    147.000    11.1866   3.926239    34.9770       4400     3.0549 0.0000e+00
    148.000    11.1923   3.927285    34.9816       4418     3.0671 0.0000e+00
    149.000    11.1950   3.927975    34.9854       4436     3.0802 0.0000e+00
    150.000    11.1955   3.928135    34.9861       4462     3.0982 0.0000e+00
    151.000    11.1950   3.928109    34.9858       4499     3.1238 0.0000e+00
    152.000    11.1948   3.928193    34.9864       4530     3.1451 0.0000e+00
    153.000    11.1956   3.928265    34.9859       4556     3.1634 0.0000e+00
    154.000    11.1960   3.928306    34.9855       4587     3.1849 0.0000e+00
    155.000    11.1957   3.928382    34.9861       4751     3.2988 0.0000e+00
    154.000    11.1920   3.927843    34.9847       5414     3.7590 0.0000e+00
    153.000    11.1912   3.927655    34.9841       5603     3.8900 0.0000e+00
    152.000    11.1919   3.927623    34.9835       5639     3.9153 0.0000e+00
    151.000    11.1927   3.927614    34.9831       5695     3.9540 0.0000e+00
    150.000    11.1896   3.927057    34.9810       5726     3.9760 0.0000e+00
    149.000    11.1885   3.926776    34.9796       5744     3.9885 0.0000e+00
    148.000    11.1874   3.926582    34.9792       5763     4.0015 0.0000e+00
    147.000    11.1811   3.925334    34.9733       5790     4.0198 0.0000e+00
    146.000    11.1774   3.924458    34.9685       5827     4.0455 0.0000e+00
    145.000    11.1771   3.924272    34.9674       5852     4.0633 0.0000e+00
    144.000    11.1763   3.924001    34.9659       5872     4.0768 0.0000e+00
    143.000    11.1744   3.923415    34.9623       5890     4.0897 0.0000e+00
    142.000    11.1736   3.923009    34.9595       5912     4.1051 0.0000e+00
    141.000    11.1745   3.922882    34.9578       5943     4.1263 0.0000e+00
    140.000    11.1755   3.922822    34.9567       5977     4.1503 0.0000e+00
    139.000    11.1781   3.922895    34.9555       6004     4.1684 0.0000e+00
    138.000    11.1794   3.922904    34.9547       6027     4.1850 0.0000e+00
    137.000    11.1823   3.923047    34.9538       6054     4.2032 0.0000e+00
    136.000    11.1895   3.923573    34.9527       6083     4.2236 0.0000e+00
    135.000    11.1943   3.923920    34.9520       6111     4.2431 0.0000e+00
    134.000    11.1977   3.924196    34.9520       6137     4.2613 0.0000e+00
    133.000    11.1993   3.924298    34.9519       6162     4.2786 0.0000e+00
    132.000    11.2039   3.924618    34.9512       6186     4.2949 0.0000e+00
    131.000    11.2084   3.924989    34.9510       6208     4.3103 0.0000e+00
    130.000    11.2115   3.925214    34.9509       6230     4.3255 0.0000e+00
    129.000    11.2153   3.925520    34.9507       6258     4.3451 0.0000e+00
    128.000    11.2182   3.925675    34.9499       6302     4.3757 0.0000e+00
    127.000    11.1966   3.922593    34.9403       6333     4.3975 0.0000e+00
    126.000    11.1866   3.920627    34.9307       6354     4.4115 0.0000e+00
    125.000    11.1946   3.921208    34.9293       6372     4.4245 0.0000e+00
    124.000    11.1928   3.921059    34.9300       6394     4.4394 0.0000e+00
    123.000    11.1660   3.917409    34.9195       6429     4.4641 0.0000e+00
    122.000    11.1614   3.916631    34.9166       6469     4.4919 0.0000e+00
    121.000    11.1769   3.918052    34.9165       6500     4.5129 0.0000e+00
    120.000    11.2181   3.921926    34.9164       6530     4.5343 0.0000e+00
    119.000    11.4003   3.941351    34.9368       6560     4.5547 0.0000e+00
    118.000    11.5679   3.961987    34.9827       6590     4.5754 0.0000e+00
    117.000    11.5555   3.961261    34.9878       6620     4.5965 0.0000e+00
    116.000    11.5313   3.957790    34.9769       6648     4.6162 0.0000e+00
    115.000    11.5916   3.963323    34.9749       6673     4.6334 0.0000e+00
    114.000    11.6445   3.969277    34.9840       6695     4.6486 0.0000e+00
    113.000    11.6543   3.970551    34.9877       6718     4.6646 0.0000e+00
    112.000    11.6259   3.967556    34.9855       6750     4.6866 0.0000e+00
    111.000    11.5426   3.957602    34.9665       6783     4.7097 0.0000e+00
    110.000    11.4916   3.951630    34.9562       6807     4.7267 0.0000e+00
    109.000    11.3097   3.930831    34.9228       6831     4.7430 0.0000e+00
    108.000    11.2151   3.916854    34.8742       6862     4.7643 0.0000e+00
    107.000    11.0886   3.903236    34.8589       6896     4.7885 0.0000e+00
    106.000    10.6780   3.852684    34.7433       6922     4.8061 0.0000e+00
    105.000    10.4587   3.825024    34.6737       6942     4.8200 0.0000e+00
    104.000    10.3669   3.811794    34.6278       6961     4.8336 0.0000e+00
    103.000    10.3127   3.803782    34.5987       6987     4.8511 0.0000e+00
