HB2304/ctd194.cnv
* Sea-Bird SBE 9 Data File:
* FileName = C:\cruise\data\ctd194.hex
* Software Version Seasave V 7.26.7.121
* Temperature SN = 4591
* Conductivity SN = 3741
* Number of Bytes Per Scan = 37
* Number of Voltage Words = 4
* Number of Scans Averaged by the Deck Unit = 1
* NMEA Latitude = 42 06.40 N
* NMEA Longitude = 070 08.27 W
* NMEA UTC (Time) = Nov 13 2023 22:57:02
* NMEA baud rate = 4800
** Ship: Bigelow HB2304
** Program:  Fall Bottom Trawl Survey
** Chief Scientist: John Galbraith
# nquan = 9
# nvalues = 63                          
# units = specified
# name 0 = depSM: Depth [salt water, m]
# name 1 = t090C: Temperature [ITS-90, deg C]
# name 2 = c0S/m: Conductivity [S/m]
# name 3 = sal00: Salinity, Practical [PSU]
# name 4 = scan: Scan Count
# name 5 = timeM: Time, Elapsed [minutes]
# name 6 = sbeox0V: Oxygen raw, SBE 43 [V]
# name 7 = sbeox1V: Oxygen raw, SBE 43, 2 [V]
# name 8 = flag: flag
# span 0 =      3.000,     34.000       
# span 1 =    11.1638,    11.6181       
# span 2 =   3.597940,   3.601192       
# span 3 =    31.4576,    31.8018       
# span 4 =         94,       2548       
# span 5 =     0.0644,     1.7688       
# span 6 =     2.0003,     4.7919       
# span 7 =     2.1543,     2.2342       
# span 8 = 0.0000e+00, 0.0000e+00       
# interval = meters: 1                  
# start_time = Nov 13 2023 22:57:02 [NMEA time, header]
# bad_flag = -9.990e-29
*END*
      3.000    11.6181   3.601192    31.4576         94     0.0644     3.0819     2.2273 0.0000e+00
      4.000    11.5528   3.601123    31.5120        222     0.1533     3.0750     2.2333 0.0000e+00
      5.000    11.5313   3.600561    31.5244        255     0.1767     3.1037     2.2342 0.0000e+00
      6.000    11.5232   3.600379    31.5291        282     0.1951     3.1960     2.2274 0.0000e+00
      7.000    11.5123   3.600250    31.5368        310     0.2142     3.3412     2.2194 0.0000e+00
      8.000    11.5013   3.600110    31.5443        336     0.2324     3.4999     2.2188 0.0000e+00
      9.000    11.4966   3.600012    31.5470        361     0.2498     3.6628     2.2187 0.0000e+00
     10.000    11.4834   3.600090    31.5586        386     0.2675     3.8375     2.2185 0.0000e+00
     11.000    11.4577   3.600351    31.5826        412     0.2853     4.0216     2.2178 0.0000e+00
     12.000    11.4331   3.600316    31.6029        438     0.3037     4.2156     2.2126 0.0000e+00
     13.000    11.4132   3.599776    31.6142        465     0.3223     4.4123     2.2050 0.0000e+00
     14.000    11.3895   3.600251    31.6388        492     0.3408     4.6332     2.1991 0.0000e+00
     15.000    11.3725   3.600662    31.6569        518     0.3592     4.7919     2.1954 0.0000e+00
     16.000    11.3638   3.600733    31.6647        545     0.3779     4.3924     2.1899 0.0000e+00
     17.000    11.3543   3.600687    31.6719        572     0.3964     3.8102     2.1864 0.0000e+00
     18.000    11.3372   3.600503    31.6844        597     0.4137     3.4016     2.1825 0.0000e+00
     19.000    11.3226   3.600278    31.6943        621     0.4304     3.1121     2.1773 0.0000e+00
     20.000    11.3077   3.599965    31.7037        647     0.4486     2.8904     2.1732 0.0000e+00
     21.000    11.3031   3.599752    31.7051        675     0.4678     2.7333     2.1723 0.0000e+00
     22.000    11.3016   3.599478    31.7033        701     0.4861     2.6257     2.1719 0.0000e+00
     23.000    11.2868   3.598935    31.7103        727     0.5039     2.5415     2.1722 0.0000e+00
     24.000    11.2591   3.598673    31.7311        754     0.5227     2.4687     2.1743 0.0000e+00
     25.000    11.2456   3.598601    31.7416        781     0.5415     2.4152     2.1710 0.0000e+00
     26.000    11.2362   3.598670    31.7500        807     0.5596     2.3750     2.1684 0.0000e+00
     27.000    11.2281   3.598773    31.7575        833     0.5776     2.3450     2.1662 0.0000e+00
     28.000    11.2178   3.598691    31.7652        859     0.5962     2.3174     2.1638 0.0000e+00
     29.000    11.2179   3.598700    31.7648        887     0.6150     2.2916     2.1655 0.0000e+00
     30.000    11.2150   3.598696    31.7668        913     0.6330     2.2843     2.1659 0.0000e+00
     31.000    11.2043   3.598626    31.7749        938     0.6505     2.3095     2.1673 0.0000e+00
     32.000    11.1728   3.598299    31.7985        964     0.6687     2.3318     2.1652 0.0000e+00
     33.000    11.1721   3.598186    31.7975       1292     0.8964     2.3064     2.1588 0.0000e+00
     34.000    11.1638   3.597940    31.8018       2319     1.6101     2.2887     2.1543 0.0000e+00
     33.000    11.1683   3.598049    31.7995       1741     1.2084     2.2966     2.1565 0.0000e+00
     32.000    11.1694   3.598005    31.7985       1765     1.2250     2.2983     2.1574 0.0000e+00
     31.000    11.1702   3.597953    31.7978       1790     1.2421     2.2997     2.1582 0.0000e+00
     30.000    11.1841   3.598028    31.7869       1816     1.2602     2.2967     2.1596 0.0000e+00
     29.000    11.2059   3.598182    31.7700       1842     1.2785     2.2922     2.1592 0.0000e+00
     28.000    11.2137   3.598255    31.7644       1867     1.2959     2.2930     2.1574 0.0000e+00
     27.000    11.2230   3.598320    31.7575       1892     1.3129     2.2945     2.1580 0.0000e+00
     26.000    11.2305   3.598300    31.7513       1918     1.3311     2.2961     2.1607 0.0000e+00
     25.000    11.2348   3.598260    31.7475       1945     1.3498     2.2970     2.1613 0.0000e+00
     24.000    11.2421   3.598144    31.7406       1969     1.3667     2.2982     2.1585 0.0000e+00
     23.000    11.2578   3.598107    31.7271       1992     1.3829     2.2984     2.1557 0.0000e+00
     22.000    11.2791   3.598196    31.7101       2017     1.3999     2.2974     2.1580 0.0000e+00
     21.000    11.2996   3.598769    31.6985       2044     1.4187     2.2950     2.1597 0.0000e+00
     20.000    11.3030   3.599115    31.6994       2071     1.4378     2.2915     2.1636 0.0000e+00
     19.000    11.3038   3.599207    31.7000       2097     1.4553     2.2744     2.1669 0.0000e+00
     18.000    11.3177   3.599540    31.6917       2121     1.4724     2.2394     2.1698 0.0000e+00
     17.000    11.3338   3.599795    31.6808       2147     1.4903     2.2081     2.1700 0.0000e+00
     16.000    11.3497   3.599993    31.6696       2174     1.5090     2.1722     2.1703 0.0000e+00
     15.000    11.3598   3.600060    31.6619       2200     1.5270     2.1363     2.1701 0.0000e+00
     14.000    11.3696   3.599928    31.6527       2225     1.5444     2.0968     2.1700 0.0000e+00
     13.000    11.3849   3.599612    31.6369       2250     1.5621     2.0530     2.1681 0.0000e+00
     12.000    11.4018   3.598978    31.6167       2276     1.5800     2.0176     2.1698 0.0000e+00
     11.000    11.4190   3.599212    31.6046       2302     1.5976     2.0003     2.1742 0.0000e+00
     10.000    11.4379   3.599570    31.5923       2326     1.6146     2.0006     2.1763 0.0000e+00
      9.000    11.4649   3.599481    31.5689       2351     1.6317     2.0095     2.1786 0.0000e+00
      8.000    11.4863   3.599349    31.5497       2377     1.6499     2.0219     2.1824 0.0000e+00
      7.000    11.4965   3.599421    31.5422       2406     1.6699     2.1646     2.1877 0.0000e+00
      6.000    11.5032   3.599543    31.5380       2432     1.6884     2.6736     2.1911 0.0000e+00
      5.000    11.5190   3.599759    31.5271       2456     1.7047     3.0043     2.1940 0.0000e+00
      4.000    11.5255   3.599873    31.5230       2479     1.7210     3.1192     2.1978 0.0000e+00
      3.000    11.5581   3.600986    31.5066       2548     1.7688     2.9613     2.2109 0.0000e+00
