HB2304/ctd149.cnv
* Sea-Bird SBE 9 Data File:
* FileName = C:\cruise\data\ctd149.hex
* Software Version Seasave V 7.26.7.121
* Temperature SN = 4591
* Conductivity SN = 3741
* Number of Bytes Per Scan = 37
* Number of Voltage Words = 4
* Number of Scans Averaged by the Deck Unit = 1
* NMEA Latitude = 41 23.08 N
* NMEA Longitude = 071 19.96 W
* NMEA UTC (Time) = Mar 09 2004  01:11:51
* NMEA baud rate = 4800
** Ship: Bigelow HB2304
** Program:  Fall Bottom Trawl Survey
** Chief Scientist: John Galbraith
# nquan = 7
# nvalues = 51                          
# units = specified
# name 0 = depSM: Depth [salt water, m]
# name 1 = t090C: Temperature [ITS-90, deg C]
# name 2 = c0S/m: Conductivity [S/m]
# name 3 = sal00: Salinity, Practical [PSU]
# name 4 = scan: Scan Count
# name 5 = timeM: Time, Elapsed [minutes]
# name 6 = flag: flag
# span 0 =      3.000,     28.000       
# span 1 =    15.8237,    15.9628       
# span 2 =   3.966807,   4.003059       
# span 3 =    31.3791,    31.6993       
# span 4 =       -852,       3321       
# span 5 =    -0.5925,     2.3055       
# span 6 = 0.0000e+00, 0.0000e+00       
# interval = meters: 1                  
# start_time = Mar 09 2004 01:11:51 [NMEA time, header]
# bad_flag = -9.990e-29
*END*
      3.000    15.9628   3.978930    31.3855       -852    -0.5925 0.0000e+00
      4.000    15.9454   3.977559    31.3865        877     0.6087 0.0000e+00
      5.000    15.9554   3.978442    31.3861        505     0.3502 0.0000e+00
      6.000    15.9543   3.978413    31.3864        548     0.3797 0.0000e+00
      7.000    15.9564   3.978629    31.3862        591     0.4100 0.0000e+00
      8.000    15.9538   3.978425    31.3861        633     0.4390 0.0000e+00
      9.000    15.9555   3.978632    31.3862        672     0.4657 0.0000e+00
     10.000    15.9545   3.978613    31.3865        713     0.4945 0.0000e+00
     11.000    15.9522   3.978455    31.3865        755     0.5237 0.0000e+00
     12.000    15.9278   3.976296    31.3865        793     0.5502 0.0000e+00
     13.000    15.9013   3.973785    31.3851        832     0.5773 0.0000e+00
     14.000    15.8830   3.972102    31.3844        878     0.6091 0.0000e+00
     15.000    15.8722   3.971082    31.3836        926     0.6421 0.0000e+00
     16.000    15.8633   3.970198    31.3825        972     0.6742 0.0000e+00
     17.000    15.8544   3.969342    31.3816       1016     0.7046 0.0000e+00
     18.000    15.8513   3.968998    31.3807       1059     0.7346 0.0000e+00
     19.000    15.8479   3.968699    31.3804       1104     0.7662 0.0000e+00
     20.000    15.8375   3.967658    31.3791       1152     0.7996 0.0000e+00
     21.000    15.8328   3.967293    31.3793       1196     0.8297 0.0000e+00
     22.000    15.8259   3.966807    31.3801       1244     0.8633 0.0000e+00
     23.000    15.8346   3.971386    31.4132       1296     0.8995 0.0000e+00
     24.000    15.8396   3.986844    31.5451       1343     0.9318 0.0000e+00
     25.000    15.8383   3.997978    31.6440       1384     0.9605 0.0000e+00
     26.000    15.8294   4.002472    31.6903       1426     0.9896 0.0000e+00
     27.000    15.8260   4.002948    31.6969       1475     1.0238 0.0000e+00
     28.000    15.8237   4.003059    31.6993       1507     1.0459 0.0000e+00
     27.000    15.8252   4.002876    31.6969       2424     1.6827 0.0000e+00
     26.000    15.8284   4.002720    31.6934       2542     1.7642 0.0000e+00
     25.000    15.8312   4.001788    31.6832       2585     1.7944 0.0000e+00
     24.000    15.8370   3.998640    31.6512       2620     1.8184 0.0000e+00
     23.000    15.8376   3.991591    31.5889       2653     1.8416 0.0000e+00
     22.000    15.8328   3.975043    31.4472       2685     1.8639 0.0000e+00
     21.000    15.8270   3.967930    31.3895       2717     1.8858 0.0000e+00
     20.000    15.8315   3.967240    31.3802       2749     1.9081 0.0000e+00
     19.000    15.8393   3.967814    31.3794       2781     1.9308 0.0000e+00
     18.000    15.8471   3.968738    31.3817       2815     1.9545 0.0000e+00
     17.000    15.8521   3.969043    31.3809       2850     1.9787 0.0000e+00
     16.000    15.8603   3.969653    31.3801       2885     2.0024 0.0000e+00
     15.000    15.8706   3.970610    31.3807       2919     2.0262 0.0000e+00
     14.000    15.8804   3.971488    31.3810       2953     2.0499 0.0000e+00
     13.000    15.8924   3.972567    31.3814       2985     2.0723 0.0000e+00
     12.000    15.9103   3.974093    31.3810       3012     2.0912 0.0000e+00
     11.000    15.9297   3.975843    31.3814       3037     2.1080 0.0000e+00
     10.000    15.9443   3.977318    31.3832       3062     2.1254 0.0000e+00
      9.000    15.9491   3.977817    31.3842       3088     2.1436 0.0000e+00
      8.000    15.9512   3.977993    31.3844       3115     2.1623 0.0000e+00
      7.000    15.9524   3.978076    31.3846       3141     2.1808 0.0000e+00
      6.000    15.9534   3.978173    31.3850       3168     2.1990 0.0000e+00
      5.000    15.9510   3.977977    31.3855       3193     2.2168 0.0000e+00
      4.000    15.9479   3.977703    31.3860       3218     2.2339 0.0000e+00
      3.000    15.9449   3.977419    31.3861       3321     2.3055 0.0000e+00
