HB2304/ctd132.cnv
* Sea-Bird SBE 9 Data File:
* FileName = C:\cruise\data\ctd132.hex
* Software Version Seasave V 7.26.7.121
* Temperature SN = 4591
* Conductivity SN = 3741
* Number of Bytes Per Scan = 37
* Number of Voltage Words = 4
* Number of Scans Averaged by the Deck Unit = 1
* NMEA Latitude = 41 08.00 N
* NMEA Longitude = 066 20.15 W
* NMEA UTC (Time) = Oct 19 2023  19:03:07
* NMEA baud rate = 4800
** Ship: Bigelow HB2304
** Program:  Fall Bottom Trawl Survey
** Chief Scientist: John Galbraith
# nquan = 7
# nvalues = 567                         
# units = specified
# name 0 = depSM: Depth [salt water, m]
# name 1 = t090C: Temperature [ITS-90, deg C]
# name 2 = c0S/m: Conductivity [S/m]
# name 3 = sal00: Salinity, Practical [PSU]
# name 4 = scan: Scan Count
# name 5 = timeM: Time, Elapsed [minutes]
# name 6 = flag: flag
# span 0 =      3.000,    286.000       
# span 1 =     7.1075,    15.7459       
# span 2 =   3.365022,   4.064989       
# span 3 =    31.6368,    34.9886       
# span 4 =         69,      18682       
# span 5 =     0.0471,    12.9730       
# span 6 = 0.0000e+00, 0.0000e+00       
# interval = meters: 1                  
# start_time = Oct 19 2023 19:03:07 [NMEA time, header]
# bad_flag = -9.990e-29
*END*
      3.000    15.7459   3.987892    31.6368         69     0.0471 0.0000e+00
      4.000    15.6863   3.986665    31.6734        403     0.2791 0.0000e+00
      5.000    15.6454   3.987833    31.7162        437     0.3028 0.0000e+00
      6.000    15.6201   3.990393    31.7590        474     0.3287 0.0000e+00
      7.000    15.5338   3.987321    31.8008        510     0.3533 0.0000e+00
      8.000    15.4598   3.986699    31.8547        545     0.3775 0.0000e+00
      9.000    15.4616   3.990866    31.8900        579     0.4012 0.0000e+00
     10.000    15.4622   3.991773    31.8972        616     0.4271 0.0000e+00
     11.000    15.4730   3.994226    31.9100        657     0.4553 0.0000e+00
     12.000    15.4986   4.001901    31.9571        795     0.5512 0.0000e+00
     13.000    15.5236   4.007761    31.9886        836     0.5796 0.0000e+00
     14.000    15.5715   4.017878    32.0393        869     0.6028 0.0000e+00
     15.000    15.6091   4.026582    32.0858        896     0.6216 0.0000e+00
     16.000    15.6656   4.039329    32.1526        921     0.6392 0.0000e+00
     17.000    15.6978   4.047828    32.2013        947     0.6570 0.0000e+00
     18.000    15.7246   4.054329    32.2368        974     0.6757 0.0000e+00
     19.000    15.7279   4.059031    32.2754       1002     0.6949 0.0000e+00
     20.000    15.7414   4.064989    32.3168       1029     0.7139 0.0000e+00
     21.000    15.6882   4.064151    32.3526       1056     0.7328 0.0000e+00
     22.000    15.3866   4.041956    32.4023       1084     0.7519 0.0000e+00
     23.000    15.0423   4.012369    32.4211       1111     0.7710 0.0000e+00
     24.000    14.7381   3.985940    32.4346       1138     0.7897 0.0000e+00
     25.000    14.4080   3.952500    32.4055       1165     0.8085 0.0000e+00
     26.000    13.9499   3.904972    32.3529       1193     0.8281 0.0000e+00
     27.000    13.6396   3.871131    32.3007       1223     0.8483 0.0000e+00
     28.000    13.1871   3.828164    32.2820       1250     0.8677 0.0000e+00
     29.000    12.4960   3.766271    32.2861       1276     0.8853 0.0000e+00
     30.000    11.8690   3.712996    32.3151       1300     0.9022 0.0000e+00
     31.000    11.4330   3.677174    32.3460       1326     0.9203 0.0000e+00
     32.000    10.1898   3.579057    32.4713       1355     0.9406 0.0000e+00
     33.000     9.6852   3.532913    32.4568       1386     0.9616 0.0000e+00
     34.000     9.4853   3.514575    32.4494       1413     0.9804 0.0000e+00
     35.000     9.2288   3.492794    32.4576       1437     0.9975 0.0000e+00
     36.000     8.8762   3.463609    32.4762       1461     1.0137 0.0000e+00
     37.000     8.5601   3.436931    32.4870       1484     1.0300 0.0000e+00
     38.000     8.2247   3.414541    32.5603       1509     1.0473 0.0000e+00
     39.000     8.1663   3.410503    32.5713       1536     1.0661 0.0000e+00
     40.000     8.0888   3.404554    32.5796       1565     1.0863 0.0000e+00
     41.000     7.5561   3.373593    32.7468       1593     1.1058 0.0000e+00
     42.000     7.4254   3.377751    32.9147       1620     1.1240 0.0000e+00
     43.000     7.6069   3.401411    32.9973       1645     1.1417 0.0000e+00
     44.000     7.5599   3.399485    33.0207       1670     1.1592 0.0000e+00
     45.000     7.4871   3.393209    33.0218       1694     1.1760 0.0000e+00
     46.000     7.4594   3.390425    33.0176       1718     1.1925 0.0000e+00
     47.000     7.5462   3.400597    33.0443       1744     1.2101 0.0000e+00
     48.000     7.5153   3.400870    33.0762       1771     1.2292 0.0000e+00
     49.000     7.4581   3.398033    33.0996       1798     1.2482 0.0000e+00
     50.000     7.5044   3.407133    33.1533       1824     1.2661 0.0000e+00
     51.000     7.5344   3.412476    33.1818       1850     1.2837 0.0000e+00
     52.000     7.5360   3.415717    33.2149       1876     1.3020 0.0000e+00
     53.000     7.4448   3.408870    33.2276       1904     1.3218 0.0000e+00
     54.000     7.3501   3.400675    33.2292       1933     1.3415 0.0000e+00
     55.000     7.2873   3.395881    33.2370       1959     1.3595 0.0000e+00
     56.000     7.2307   3.390470    33.2321       1982     1.3759 0.0000e+00
     57.000     7.3544   3.405166    33.2723       2006     1.3921 0.0000e+00
     58.000     7.4482   3.417743    33.3180       2030     1.4091 0.0000e+00
     59.000     7.3683   3.411654    33.3284       2056     1.4272 0.0000e+00
     60.000     7.2688   3.403920    33.3398       2083     1.4459 0.0000e+00
     61.000     7.2081   3.400966    33.3657       2111     1.4651 0.0000e+00
     62.000     7.1763   3.398276    33.3666       2139     1.4851 0.0000e+00
     63.000     7.1749   3.399052    33.3760       2169     1.5059 0.0000e+00
     64.000     7.1631   3.398781    33.3839       2198     1.5255 0.0000e+00
     65.000     7.1267   3.397941    33.4095       2223     1.5431 0.0000e+00
     66.000     7.1124   3.397311    33.4160       2247     1.5599 0.0000e+00
     67.000     7.1162   3.397998    33.4194       2272     1.5770 0.0000e+00
     68.000     7.1206   3.398640    33.4216       2298     1.5955 0.0000e+00
     69.000     7.1332   3.400173    33.4257       2328     1.6157 0.0000e+00
     70.000     7.1398   3.400989    33.4277       2357     1.6363 0.0000e+00
     71.000     7.1409   3.401247    33.4290       2386     1.6561 0.0000e+00
     72.000     7.1411   3.401266    33.4285       2412     1.6745 0.0000e+00
     73.000     7.1417   3.401373    33.4286       2438     1.6921 0.0000e+00
     74.000     7.1418   3.401438    33.4287       2463     1.7098 0.0000e+00
     75.000     7.1426   3.401590    33.4291       2489     1.7280 0.0000e+00
     76.000     7.1450   3.402145    33.4323       2517     1.7473 0.0000e+00
     77.000     7.1464   3.402498    33.4344       2546     1.7672 0.0000e+00
     78.000     7.1462   3.403111    33.4408       2574     1.7865 0.0000e+00
     79.000     7.1588   3.404942    33.4480       2600     1.8047 0.0000e+00
     80.000     7.1970   3.409496    33.4602       2626     1.8227 0.0000e+00
     81.000     7.2801   3.419910    33.4926       2654     1.8426 0.0000e+00
     82.000     7.3694   3.433588    33.5542       2687     1.8652 0.0000e+00
     83.000     7.3883   3.438556    33.5893       2716     1.8852 0.0000e+00
     84.000     7.4379   3.446779    33.6299       2739     1.9011 0.0000e+00
     85.000     7.5611   3.464043    33.6968       2759     1.9156 0.0000e+00
     86.000     7.8289   3.501419    33.8393       2781     1.9308 0.0000e+00
     87.000     7.9585   3.520564    33.9185       2808     1.9492 0.0000e+00
     88.000     7.9736   3.526347    33.9654       2844     1.9745 0.0000e+00
     89.000     8.1730   3.557381    34.1027       2879     1.9986 0.0000e+00
     90.000     8.2487   3.570369    34.1671       2905     2.0166 0.0000e+00
     91.000     8.2522   3.571725    34.1776       2928     2.0325 0.0000e+00
     92.000     8.2513   3.572051    34.1815       2950     2.0481 0.0000e+00
     93.000     8.2614   3.573745    34.1892       2974     2.0647 0.0000e+00
     94.000     8.3075   3.580354    34.2142       3001     2.0836 0.0000e+00
     95.000     8.4451   3.598763    34.2752       3032     2.1047 0.0000e+00
     96.000     8.5371   3.612609    34.3319       3062     2.1255 0.0000e+00
     97.000     8.5527   3.615046    34.3420       3090     2.1448 0.0000e+00
     98.000     8.5611   3.616494    34.3486       3116     2.1634 0.0000e+00
     99.000     8.5546   3.615910    34.3484       3143     2.1820 0.0000e+00
    100.000     8.5690   3.617834    34.3542       3172     2.2017 0.0000e+00
    101.000     8.5681   3.617978    34.3561       3201     2.2221 0.0000e+00
    102.000     8.5689   3.618141    34.3566       3228     2.2409 0.0000e+00
    103.000     8.6009   3.622156    34.3674       3252     2.2576 0.0000e+00
    104.000     8.6394   3.627856    34.3896       3275     2.2736 0.0000e+00
    105.000     8.6585   3.630917    34.4029       3299     2.2903 0.0000e+00
    106.000     8.6598   3.631284    34.4050       3329     2.3110 0.0000e+00
    107.000     8.6860   3.635026    34.4184       3365     2.3363 0.0000e+00
    108.000     8.7190   3.639655    34.4347       3399     2.3596 0.0000e+00
    109.000     8.7294   3.641381    34.4423       3424     2.3774 0.0000e+00
    110.000     8.7414   3.643168    34.4489       3447     2.3932 0.0000e+00
    111.000     8.7687   3.646451    34.4565       3471     2.4098 0.0000e+00
    112.000     8.7881   3.649103    34.4650       3500     2.4299 0.0000e+00
    113.000     8.8033   3.651508    34.4750       3533     2.4528 0.0000e+00
    114.000     8.8836   3.659819    34.4837       3561     2.4724 0.0000e+00
    115.000     9.1640   3.692198    34.5498       3585     2.4888 0.0000e+00
    116.000     9.2754   3.707373    34.5994       3608     2.5050 0.0000e+00
    117.000     9.2996   3.710849    34.6116       3635     2.5234 0.0000e+00
    118.000     9.3357   3.715321    34.6226       3668     2.5469 0.0000e+00
    119.000     9.3892   3.722215    34.6419       3703     2.5709 0.0000e+00
    120.000     9.4590   3.730731    34.6621       3732     2.5908 0.0000e+00
    121.000     9.5244   3.738985    34.6837       3758     2.6087 0.0000e+00
    122.000     9.5824   3.747687    34.7171       3783     2.6264 0.0000e+00
    123.000     9.5950   3.749836    34.7266       3809     2.6447 0.0000e+00
    124.000     9.6042   3.751070    34.7301       3836     2.6631 0.0000e+00
    125.000     9.6953   3.763817    34.7729       3861     2.6808 0.0000e+00
    126.000     9.7128   3.768750    34.8062       3888     2.6993 0.0000e+00
    127.000     9.7124   3.769550    34.8144       3918     2.7201 0.0000e+00
    128.000     9.7120   3.769803    34.8169       3950     2.7427 0.0000e+00
    129.000     9.7109   3.769904    34.8186       3981     2.7640 0.0000e+00
    130.000     9.7100   3.770012    34.8201       4011     2.7844 0.0000e+00
    131.000     9.7090   3.770063    34.8211       4039     2.8045 0.0000e+00
    132.000     9.7071   3.770035    34.8222       4068     2.8243 0.0000e+00
    133.000     9.6886   3.768530    34.8241       4095     2.8429 0.0000e+00
    134.000     9.6528   3.764977    34.8217       4120     2.8603 0.0000e+00
    135.000     9.6342   3.762764    34.8164       4144     2.8769 0.0000e+00
    136.000     9.6277   3.762233    34.8168       4168     2.8934 0.0000e+00
    137.000     9.6164   3.761021    34.8148       4194     2.9118 0.0000e+00
    138.000     9.6007   3.759602    34.8149       4228     2.9354 0.0000e+00
    139.000     9.5869   3.758251    34.8138       4265     2.9613 0.0000e+00
    140.000     9.5548   3.754826    34.8091       4296     2.9827 0.0000e+00
    141.000     9.5476   3.754155    34.8087       4323     3.0016 0.0000e+00
    142.000     9.5316   3.752436    34.8060       4350     3.0200 0.0000e+00
    143.000     9.5207   3.751411    34.8056       4376     3.0384 0.0000e+00
    144.000     9.5068   3.749941    34.8034       4403     3.0567 0.0000e+00
    145.000     9.4986   3.749145    34.8026       4429     3.0748 0.0000e+00
    146.000     9.4905   3.748356    34.8019       4454     3.0922 0.0000e+00
    147.000     9.4834   3.747707    34.8016       4478     3.1093 0.0000e+00
    148.000     9.4517   3.744774    34.8015       4505     3.1275 0.0000e+00
    149.000     9.4294   3.742699    34.8012       4539     3.1512 0.0000e+00
    150.000     9.3900   3.739843    34.8095       4581     3.1805 0.0000e+00
    151.000     9.3903   3.740248    34.8128       4613     3.2026 0.0000e+00
    152.000     9.3953   3.740946    34.8148       4636     3.2188 0.0000e+00
    153.000     9.3859   3.740327    34.8170       4658     3.2339 0.0000e+00
    154.000     9.3763   3.739757    34.8200       4681     3.2499 0.0000e+00
    155.000     9.3759   3.739834    34.8206       4708     3.2689 0.0000e+00
    156.000     9.3878   3.742458    34.8359       4740     3.2909 0.0000e+00
    157.000     9.4102   3.746820    34.8588       4771     3.3125 0.0000e+00
    158.000     9.4130   3.747294    34.8606       4799     3.3318 0.0000e+00
    159.000     9.4272   3.749210    34.8661       4824     3.3494 0.0000e+00
    160.000     9.4310   3.749861    34.8686       4850     3.3676 0.0000e+00
    161.000     9.4327   3.750114    34.8692       4882     3.3897 0.0000e+00
    162.000     9.4350   3.750449    34.8699       4918     3.4148 0.0000e+00
    163.000     9.4377   3.750884    34.8713       4949     3.4359 0.0000e+00
    164.000     9.4391   3.751143    34.8722       4974     3.4532 0.0000e+00
    165.000     9.4396   3.751270    34.8726       4997     3.4693 0.0000e+00
    166.000     9.4429   3.751843    34.8749       5021     3.4864 0.0000e+00
    167.000     9.4475   3.752872    34.8805       5049     3.5059 0.0000e+00
    168.000     9.4467   3.752918    34.8813       5080     3.5270 0.0000e+00
    169.000     9.4437   3.752634    34.8809       5109     3.5475 0.0000e+00
    170.000     9.4458   3.752899    34.8811       5137     3.5669 0.0000e+00
    171.000     9.4439   3.752779    34.8812       5166     3.5866 0.0000e+00
    172.000     9.4424   3.752681    34.8812       5196     3.6076 0.0000e+00
    173.000     9.4268   3.751651    34.8853       5226     3.6283 0.0000e+00
    174.000     9.4084   3.750198    34.8876       5252     3.6466 0.0000e+00
    175.000     9.3671   3.746286    34.8868       5277     3.6638 0.0000e+00
    176.000     9.3635   3.745566    34.8824       5304     3.6824 0.0000e+00
    177.000     9.3411   3.743661    34.8839       5334     3.7037 0.0000e+00
    178.000     9.3349   3.742694    34.8795       5368     3.7268 0.0000e+00
    179.000     9.3484   3.744169    34.8812       5400     3.7493 0.0000e+00
    180.000     9.3299   3.742602    34.8825       5428     3.7690 0.0000e+00
    181.000     9.2935   3.739045    34.8805       5452     3.7856 0.0000e+00
    182.000     9.2836   3.737970    34.8785       5474     3.8005 0.0000e+00
    183.000     9.2768   3.737203    34.8767       5496     3.8163 0.0000e+00
    184.000     9.2767   3.737292    34.8773       5527     3.8372 0.0000e+00
    185.000     9.2709   3.736877    34.8782       5564     3.8632 0.0000e+00
    186.000     9.2808   3.737790    34.8775       5594     3.8840 0.0000e+00
    187.000     9.2807   3.737888    34.8782       5620     3.9018 0.0000e+00
    188.000     9.2803   3.737794    34.8771       5649     3.9221 0.0000e+00
    189.000     9.2898   3.738712    34.8769       5684     3.9467 0.0000e+00
    190.000     9.2885   3.738713    34.8777       5714     3.9672 0.0000e+00
    191.000     9.2903   3.738949    34.8779       5738     3.9839 0.0000e+00
    192.000     9.2896   3.738928    34.8779       5761     3.9998 0.0000e+00
    193.000     9.2821   3.738451    34.8798       5785     4.0169 0.0000e+00
    194.000     9.2362   3.734662    34.8847       5812     4.0356 0.0000e+00
    195.000     9.2423   3.734812    34.8799       5843     4.0569 0.0000e+00
    196.000     9.2367   3.734625    34.8830       5875     4.0792 0.0000e+00
    197.000     9.2297   3.733905    34.8818       5905     4.1001 0.0000e+00
    198.000     9.2368   3.734529    34.8809       5935     4.1207 0.0000e+00
    199.000     9.2302   3.733979    34.8811       5965     4.1413 0.0000e+00
    200.000     9.2304   3.734006    34.8807       5993     4.1613 0.0000e+00
    201.000     9.2229   3.733422    34.8815       6022     4.1814 0.0000e+00
    202.000     9.2222   3.733364    34.8811       6049     4.2002 0.0000e+00
    203.000     9.2195   3.733225    34.8818       6074     4.2171 0.0000e+00
    204.000     9.2162   3.732926    34.8815       6098     4.2341 0.0000e+00
    205.000     9.2199   3.733230    34.8805       6127     4.2539 0.0000e+00
    206.000     9.2149   3.732784    34.8802       6159     4.2766 0.0000e+00
    207.000     9.2087   3.732337    34.8812       6189     4.2973 0.0000e+00
