HB2304/ctd110.cnv
* Sea-Bird SBE 9 Data File:
* FileName = C:\cruise\data\ctd110.hex
* Software Version Seasave V 7.26.7.121
* Temperature SN = 4591
* Conductivity SN = 3741
* Number of Bytes Per Scan = 37
* Number of Voltage Words = 4
* Number of Scans Averaged by the Deck Unit = 1
* NMEA Latitude = 39 59.25 N
* NMEA Longitude = 070 25.09 W
* NMEA UTC (Time) = Oct 12 2023  20:26:00
* NMEA baud rate = 4800
** Ship: Bigelow HB2304
** Program:  Fall Bottom Trawl Survey
** Chief Scientist: John Galbraith
# nquan = 7
# nvalues = 560                         
# units = specified
# name 0 = depSM: Depth [salt water, m]
# name 1 = t090C: Temperature [ITS-90, deg C]
# name 2 = c0S/m: Conductivity [S/m]
# name 3 = sal00: Salinity, Practical [PSU]
# name 4 = scan: Scan Count
# name 5 = timeM: Time, Elapsed [minutes]
# name 6 = flag: flag
# span 0 =      3.000,    283.000       
# span 1 =     9.6143,    15.9301       
# span 2 =   3.610795,   4.140549       
# span 3 =    31.6257,    35.4520       
# span 4 =        292,      17389       
# span 5 =     0.2019,    12.0749       
# span 6 = 0.0000e+00, 0.0000e+00       
# interval = meters: 1                  
# start_time = Oct 12 2023 20:26:00 [NMEA time, header]
# bad_flag = -9.990e-29
*END*
      4.000    15.5012   3.966422    31.6425        292     0.2019 0.0000e+00
      5.000    15.4486   3.962278    31.6475        454     0.3143 0.0000e+00
      6.000    15.4232   3.960055    31.6477        478     0.3315 0.0000e+00
      7.000    15.3925   3.957247    31.6471        512     0.3546 0.0000e+00
      8.000    15.3401   3.952348    31.6452        543     0.3765 0.0000e+00
      9.000    15.2989   3.948204    31.6411        571     0.3958 0.0000e+00
     10.000    15.2536   3.943737    31.6373        610     0.4229 0.0000e+00
     11.000    15.2238   3.940785    31.6346        659     0.4571 0.0000e+00
     12.000    15.1811   3.936783    31.6329        768     0.5328 0.0000e+00
     13.000    15.0943   3.930451    31.6458        847     0.5874 0.0000e+00
     14.000    15.0053   3.926587    31.6829        882     0.6117 0.0000e+00
     15.000    15.0292   3.938957    31.7742        917     0.6358 0.0000e+00
     16.000    15.1189   3.961030    31.8991        943     0.6540 0.0000e+00
     17.000    15.1818   3.979229    32.0106        967     0.6708 0.0000e+00
     18.000    15.3521   4.008627    32.1342        994     0.6893 0.0000e+00
     19.000    15.3756   4.016198    32.1823       1023     0.7097 0.0000e+00
     20.000    15.4170   4.024685    32.2238       1049     0.7275 0.0000e+00
     21.000    15.4489   4.030508    32.2493       1071     0.7434 0.0000e+00
     22.000    15.4799   4.036661    32.2783       1095     0.7599 0.0000e+00
     23.000    15.4953   4.041869    32.3117       1124     0.7796 0.0000e+00
     24.000    15.5477   4.051536    32.3545       1152     0.7996 0.0000e+00
     25.000    15.5515   4.059401    32.4211       1177     0.8166 0.0000e+00
     26.000    15.5843   4.066836    32.4599       1200     0.8325 0.0000e+00
     27.000    15.6165   4.074516    32.5013       1227     0.8514 0.0000e+00
     28.000    15.6938   4.089555    32.5710       1260     0.8746 0.0000e+00
     29.000    15.6473   4.091804    32.6290       1288     0.8935 0.0000e+00
     30.000    15.7344   4.106251    32.6850       1309     0.9086 0.0000e+00
     31.000    15.7999   4.117033    32.7262       1331     0.9236 0.0000e+00
     32.000    15.8873   4.131848    32.7847       1357     0.9414 0.0000e+00
     33.000    15.9301   4.140549    32.8260       1388     0.9632 0.0000e+00
     34.000    15.9111   4.140465    32.8406       1418     0.9839 0.0000e+00
     35.000    15.7146   4.121922    32.8388       1442     1.0005 0.0000e+00
     36.000    15.5888   4.108492    32.8236       1462     1.0147 0.0000e+00
     37.000    15.5222   4.101459    32.8159       1482     1.0285 0.0000e+00
     38.000    15.4485   4.093310    32.8041       1506     1.0453 0.0000e+00
     39.000    15.2837   4.074683    32.7744       1546     1.0729 0.0000e+00
     40.000    14.5192   3.995288    32.6965       1584     1.0990 0.0000e+00
     41.000    13.8179   3.914790    32.5495       1605     1.1137 0.0000e+00
     42.000    13.6497   3.902430    32.5772       1623     1.1262 0.0000e+00
     43.000    13.5429   3.895614    32.6043       1641     1.1388 0.0000e+00
     44.000    13.4671   3.893095    32.6452       1661     1.1531 0.0000e+00
     45.000    13.4709   3.895308    32.6622       1689     1.1720 0.0000e+00
     46.000    13.4450   3.905480    32.7792       1725     1.1974 0.0000e+00
     47.000    12.7589   3.852007    32.8680       1761     1.2225 0.0000e+00
     48.000    12.6134   3.842375    32.9028       1786     1.2398 0.0000e+00
     49.000    12.1516   3.811194    33.0088       1806     1.2538 0.0000e+00
     50.000    11.6935   3.770962    33.0241       1827     1.2681 0.0000e+00
     51.000    11.3062   3.738585    33.0523       1853     1.2864 0.0000e+00
     52.000    10.8755   3.708890    33.1459       1886     1.3089 0.0000e+00
     53.000    10.5855   3.688334    33.2034       1912     1.3268 0.0000e+00
     54.000    10.2028   3.663794    33.3059       1931     1.3401 0.0000e+00
     55.000     9.9758   3.644634    33.3201       1949     1.3528 0.0000e+00
     56.000     9.9220   3.639406    33.3161       1972     1.3687 0.0000e+00
     57.000     9.8271   3.630337    33.3108       2016     1.3996 0.0000e+00
     58.000     9.7403   3.621214    33.2975       2056     1.4271 0.0000e+00
     59.000     9.6550   3.613976    33.3019       2076     1.4409 0.0000e+00
     60.000     9.6143   3.610795    33.3065       2093     1.4530 0.0000e+00
     61.000     9.6160   3.612373    33.3207       2112     1.4658 0.0000e+00
     62.000     9.6433   3.618458    33.3573       2135     1.4821 0.0000e+00
     63.000     9.6901   3.627220    33.4032       2168     1.5052 0.0000e+00
     64.000     9.7205   3.633096    33.4347       2199     1.5261 0.0000e+00
     65.000     9.7235   3.635702    33.4581       2221     1.5420 0.0000e+00
     66.000     9.6967   3.634614    33.4715       2245     1.5582 0.0000e+00
     67.000     9.6966   3.636758    33.4931       2273     1.5776 0.0000e+00
     68.000     9.6988   3.638414    33.5076       2304     1.5991 0.0000e+00
     69.000     9.6925   3.641118    33.5407       2333     1.6195 0.0000e+00
     70.000     9.6955   3.644851    33.5758       2361     1.6390 0.0000e+00
     71.000     9.7157   3.652056    33.6302       2387     1.6570 0.0000e+00
     72.000     9.7521   3.657950    33.6561       2411     1.6734 0.0000e+00
     73.000     9.7726   3.662028    33.6783       2433     1.6890 0.0000e+00
     74.000     9.7807   3.664434    33.6948       2456     1.7046 0.0000e+00
     75.000     9.7726   3.666351    33.7216       2481     1.7224 0.0000e+00
     76.000     9.8007   3.671108    33.7435       2515     1.7457 0.0000e+00
     77.000     9.8071   3.673005    33.7564       2551     1.7708 0.0000e+00
     78.000     9.8150   3.674435    33.7632       2576     1.7881 0.0000e+00
     79.000     9.8221   3.675594    33.7679       2595     1.8013 0.0000e+00
     80.000     9.8466   3.678428    33.7735       2612     1.8135 0.0000e+00
     81.000     9.8883   3.683532    33.7862       2633     1.8277 0.0000e+00
     82.000     9.9631   3.694153    33.8240       2670     1.8536 0.0000e+00
     83.000     9.9761   3.696321    33.8335       2719     1.8877 0.0000e+00
     84.000     9.9776   3.696536    33.8338       2742     1.9038 0.0000e+00
     85.000     9.9792   3.696819    33.8347       2761     1.9163 0.0000e+00
     86.000     9.9956   3.698917    33.8403       2778     1.9281 0.0000e+00
     87.000     9.9978   3.702241    33.8716       2795     1.9406 0.0000e+00
     88.000     9.9867   3.704053    33.9000       2820     1.9577 0.0000e+00
     89.000     9.9815   3.704712    33.9112       2866     1.9896 0.0000e+00
     90.000     9.9809   3.706899    33.9336       2900     2.0129 0.0000e+00
     91.000     9.9832   3.712983    33.9930       2917     2.0251 0.0000e+00
     92.000    10.0045   3.719476    34.0387       2933     2.0362 0.0000e+00
     93.000    10.0438   3.725809    34.0658       2952     2.0494 0.0000e+00
     94.000    10.0875   3.732774    34.0950       2990     2.0760 0.0000e+00
     95.000    10.0980   3.734435    34.1015       3036     2.1077 0.0000e+00
     96.000    10.1114   3.736281    34.1072       3056     2.1212 0.0000e+00
     97.000    10.1295   3.738760    34.1149       3073     2.1330 0.0000e+00
     98.000    10.1543   3.742495    34.1290       3091     2.1455 0.0000e+00
     99.000    10.1735   3.745511    34.1412       3115     2.1627 0.0000e+00
    100.000    10.1820   3.747250    34.1503       3153     2.1887 0.0000e+00
    101.000    10.1829   3.747724    34.1538       3188     2.2130 0.0000e+00
    102.000    10.1855   3.748187    34.1556       3211     2.2295 0.0000e+00
    103.000    10.1968   3.749647    34.1594       3232     2.2435 0.0000e+00
    104.000    10.2346   3.754053    34.1680       3253     2.2580 0.0000e+00
    105.000    10.3498   3.768460    34.2050       3278     2.2759 0.0000e+00
    106.000    10.4349   3.779610    34.2371       3310     2.2980 0.0000e+00
    107.000    10.5688   3.798734    34.3034       3342     2.3199 0.0000e+00
    108.000    10.7312   3.824456    34.4086       3370     2.3398 0.0000e+00
    109.000    10.7991   3.836658    34.4665       3398     2.3588 0.0000e+00
    110.000    10.8147   3.842008    34.5050       3422     2.3760 0.0000e+00
    111.000    10.8417   3.848997    34.5490       3444     2.3909 0.0000e+00
    112.000    10.8362   3.849007    34.5539       3464     2.4051 0.0000e+00
    113.000    10.8576   3.852130    34.5646       3487     2.4208 0.0000e+00
    114.000    10.8717   3.855618    34.5857       3524     2.4462 0.0000e+00
    115.000    10.8783   3.856869    34.5915       3569     2.4775 0.0000e+00
    116.000    10.8986   3.859719    34.6004       3590     2.4921 0.0000e+00
    117.000    10.9390   3.865058    34.6151       3605     2.5030 0.0000e+00
    118.000    10.9739   3.871466    34.6457       3620     2.5135 0.0000e+00
    119.000    10.9893   3.874531    34.6613       3639     2.5265 0.0000e+00
    120.000    10.9778   3.874533    34.6718       3683     2.5571 0.0000e+00
    121.000    10.9899   3.876308    34.6776       3728     2.5881 0.0000e+00
    122.000    11.0774   3.886156    34.6927       3747     2.6015 0.0000e+00
    123.000    11.2487   3.908880    34.7566       3765     2.6139 0.0000e+00
    124.000    11.3030   3.916762    34.7831       3785     2.6279 0.0000e+00
    125.000    11.4397   3.935153    34.8358       3809     2.6444 0.0000e+00
    126.000    11.4975   3.943811    34.8664       3839     2.6650 0.0000e+00
    127.000    11.6031   3.957504    34.9013       3874     2.6899 0.0000e+00
    128.000    11.6635   3.966439    34.9320       3905     2.7111 0.0000e+00
    129.000    11.6732   3.969406    34.9516       3927     2.7265 0.0000e+00
    130.000    11.6420   3.966898    34.9559       3949     2.7414 0.0000e+00
    131.000    11.6373   3.966441    34.9553       3974     2.7587 0.0000e+00
    132.000    11.6525   3.968880    34.9646       4006     2.7813 0.0000e+00
    133.000    11.7172   3.978850    35.0011       4039     2.8044 0.0000e+00
    134.000    11.7109   3.978572    35.0039       4064     2.8217 0.0000e+00
    135.000    11.7041   3.977984    35.0041       4085     2.8362 0.0000e+00
    136.000    11.6941   3.977096    35.0043       4106     2.8504 0.0000e+00
    137.000    11.6845   3.976402    35.0062       4129     2.8668 0.0000e+00
    138.000    11.6752   3.975868    35.0092       4162     2.8899 0.0000e+00
    139.000    11.6718   3.975607    35.0094       4201     2.9167 0.0000e+00
    140.000    11.6586   3.974372    35.0093       4225     2.9332 0.0000e+00
    141.000    11.6372   3.972083    35.0065       4244     2.9466 0.0000e+00
    142.000    11.6094   3.969174    35.0036       4265     2.9608 0.0000e+00
    143.000    11.4648   3.953836    34.9886       4297     2.9832 0.0000e+00
    144.000    11.3810   3.944620    34.9764       4338     3.0120 0.0000e+00
    145.000    11.3366   3.940403    34.9762       4361     3.0280 0.0000e+00
    146.000    11.3311   3.940122    34.9782       4379     3.0404 0.0000e+00
    147.000    11.3494   3.942110    34.9801       4398     3.0534 0.0000e+00
    148.000    11.4210   3.950557    34.9954       4422     3.0703 0.0000e+00
    149.000    11.5068   3.961948    35.0263       4459     3.0955 0.0000e+00
    150.000    11.5190   3.963248    35.0272       4491     3.1177 0.0000e+00
    151.000    11.6765   3.982403    35.0665       4513     3.1331 0.0000e+00
    152.000    11.6859   3.984949    35.0822       4535     3.1484 0.0000e+00
    153.000    11.6888   3.985646    35.0858       4566     3.1701 0.0000e+00
    154.000    11.6970   3.986689    35.0879       4605     3.1971 0.0000e+00
    155.000    11.7831   3.997357    35.1108       4629     3.2136 0.0000e+00
    156.000    11.7253   3.992201    35.1144       4647     3.2265 0.0000e+00
    157.000    11.7646   3.997067    35.1246       4666     3.2396 0.0000e+00
    158.000    11.7690   3.998883    35.1378       4690     3.2560 0.0000e+00
    159.000    11.8025   4.003557    35.1515       4722     3.2782 0.0000e+00
    160.000    11.8028   4.004622    35.1613       4754     3.3007 0.0000e+00
    161.000    11.7897   4.003219    35.1594       4782     3.3199 0.0000e+00
    162.000    11.8962   4.016214    35.1857       4807     3.3378 0.0000e+00
    163.000    11.8617   4.014728    35.2033       4832     3.3549 0.0000e+00
    164.000    11.7682   4.004450    35.1905       4857     3.3726 0.0000e+00
    165.000    11.7239   3.999387    35.1824       4886     3.3926 0.0000e+00
    166.000    11.6653   3.992996    35.1746       4918     3.4144 0.0000e+00
    167.000    11.6085   3.986876    35.1678       4945     3.4332 0.0000e+00
    168.000    11.5724   3.982535    35.1588       4967     3.4483 0.0000e+00
    169.000    11.5695   3.982026    35.1561       4987     3.4624 0.0000e+00
    170.000    11.5699   3.982144    35.1564       5009     3.4778 0.0000e+00
    171.000    11.5653   3.981866    35.1576       5042     3.5006 0.0000e+00
    172.000    11.5397   3.979361    35.1567       5087     3.5320 0.0000e+00
    173.000    11.5102   3.976469    35.1558       5112     3.5493 0.0000e+00
    174.000    11.5022   3.975932    35.1576       5130     3.5615 0.0000e+00
    175.000    11.4906   3.974676    35.1558       5146     3.5728 0.0000e+00
    176.000    11.4909   3.974708    35.1553       5164     3.5851 0.0000e+00
    177.000    11.4916   3.974791    35.1550       5188     3.6019 0.0000e+00
    178.000    11.4929   3.974896    35.1544       5234     3.6343 0.0000e+00
    179.000    11.4940   3.975129    35.1552       5275     3.6624 0.0000e+00
    180.000    11.4902   3.975005    35.1571       5297     3.6780 0.0000e+00
    181.000    11.4836   3.974574    35.1588       5317     3.6913 0.0000e+00
    182.000    11.4777   3.974215    35.1603       5336     3.7049 0.0000e+00
    183.000    11.4716   3.973771    35.1613       5359     3.7211 0.0000e+00
    184.000    11.4724   3.974002    35.1624       5389     3.7416 0.0000e+00
    185.000    11.4721   3.974104    35.1632       5419     3.7628 0.0000e+00
    186.000    11.4923   3.975924    35.1616       5445     3.7807 0.0000e+00
    187.000    11.6799   3.999258    35.2130       5468     3.7966 0.0000e+00
    188.000    11.7148   4.003237    35.2185       5492     3.8129 0.0000e+00
    189.000    12.2584   4.072445    35.3794       5519     3.8320 0.0000e+00
    190.000    12.3646   4.090289    35.4520       5554     3.8566 0.0000e+00
    191.000    12.2302   4.076733    35.4472       5593     3.8832 0.0000e+00
    192.000    12.0263   4.055078    35.4290       5620     3.9022 0.0000e+00
    193.000    11.8378   4.032471    35.3865       5640     3.9163 0.0000e+00
    194.000    11.7625   4.023908    35.3736       5659     3.9289 0.0000e+00
    195.000    11.7464   4.021680    35.3667       5677     3.9418 0.0000e+00
    196.000    11.7186   4.018631    35.3628       5699     3.9568 0.0000e+00
    197.000    11.6018   4.006643    35.3555       5729     3.9776 0.0000e+00
    198.000    11.3820   3.981504    35.3165       5769     4.0053 0.0000e+00
    199.000    11.3488   3.977256    35.3057       5798     4.0260 0.0000e+00
    200.000    11.3390   3.976186    35.3040       5822     4.0422 0.0000e+00
    201.000    11.3105   3.972869    35.2978       5846     4.0592 0.0000e+00
    202.000    11.3134   3.973076    35.2967       5875     4.0792 0.0000e+00
    203.000    11.3138   3.973134    35.2965       5905     4.1003 0.0000e+00
    204.000    11.3121   3.972971    35.2960       5932     4.1188 0.0000e+00
    205.000    11.3022   3.971817    35.2936       5955     4.1346 0.0000e+00
    206.000    11.3083   3.972565    35.2947       5975     4.1490 0.0000e+00
    207.000    11.3142   3.973200    35.2949       5997     4.1636 0.0000e+00
    208.000    11.3179   3.973650    35.2954       6021     4.1807 0.0000e+00
