HB2304/ctd116.cnv
* Sea-Bird SBE 9 Data File:
* FileName = C:\cruise\data\ctd116.hex
* Software Version Seasave V 7.26.7.121
* Temperature SN = 4591
* Conductivity SN = 3741
* Number of Bytes Per Scan = 37
* Number of Voltage Words = 4
* Number of Scans Averaged by the Deck Unit = 1
* NMEA Latitude = 40 16.91 N
* NMEA Longitude = 069 19.82 W
* NMEA UTC (Time) = Oct 14 2023  00:26:13
* NMEA baud rate = 4800
** Ship: Bigelow HB2304
** Program:  Fall Bottom Trawl Survey
** Chief Scientist: John Galbraith
# nquan = 7
# nvalues = 156                         
# units = specified
# name 0 = depSM: Depth [salt water, m]
# name 1 = t090C: Temperature [ITS-90, deg C]
# name 2 = c0S/m: Conductivity [S/m]
# name 3 = sal00: Salinity, Practical [PSU]
# name 4 = scan: Scan Count
# name 5 = timeM: Time, Elapsed [minutes]
# name 6 = flag: flag
# span 0 =      2.000,     80.000       
# span 1 =     9.7608,    15.4647       
# span 2 =   3.614152,   4.007838       
# span 3 =    31.9909,    33.2435       
# span 4 =        175,       5498       
# span 5 =     0.1208,     3.8175       
# span 6 = 0.0000e+00, 0.0000e+00       
# interval = meters: 1                  
# start_time = Oct 14 2023 00:26:13 [NMEA time, header]
# bad_flag = -9.990e-29
*END*
      3.000    15.4611   4.007279    32.0389        175     0.1208 0.0000e+00
      4.000    15.4637   4.007605    32.0394        352     0.2437 0.0000e+00
      5.000    15.4641   4.007690    32.0394        367     0.2539 0.0000e+00
      6.000    15.4640   4.007735    32.0395        390     0.2700 0.0000e+00
      7.000    15.4647   4.007838    32.0395        431     0.2984 0.0000e+00
      8.000    15.4629   4.007765    32.0399        461     0.3197 0.0000e+00
      9.000    15.4618   4.007714    32.0400        480     0.3327 0.0000e+00
     10.000    15.4588   4.007544    32.0405        498     0.3454 0.0000e+00
     11.000    15.4574   4.007351    32.0395        521     0.3609 0.0000e+00
     12.000    15.4569   4.007383    32.0399        553     0.3831 0.0000e+00
     13.000    15.4397   4.006068    32.0418        587     0.4067 0.0000e+00
     14.000    15.1905   3.985787    32.0635        613     0.4251 0.0000e+00
     15.000    15.0299   3.971780    32.0689        639     0.4428 0.0000e+00
     16.000    14.9100   3.965856    32.1136        665     0.4609 0.0000e+00
     17.000    14.6955   3.955425    32.1959        689     0.4776 0.0000e+00
     18.000    14.3334   3.931158    32.2754        711     0.4929 0.0000e+00
     19.000    14.0940   3.911370    32.2938        732     0.5078 0.0000e+00
     20.000    13.9867   3.902041    32.2974        755     0.5237 0.0000e+00
     21.000    13.9981   3.903703    32.3028        782     0.5426 0.0000e+00
     22.000    14.0556   3.911424    32.3252        818     0.5675 0.0000e+00
     23.000    13.9465   3.912437    32.4258        855     0.5927 0.0000e+00
     24.000    13.5706   3.873685    32.3840        878     0.6093 0.0000e+00
     25.000    13.4309   3.864076    32.4125        898     0.6230 0.0000e+00
     26.000    13.2464   3.849768    32.4352        919     0.6376 0.0000e+00
     27.000    13.0871   3.836519    32.4463        944     0.6551 0.0000e+00
     28.000    13.1085   3.846657    32.5229        973     0.6747 0.0000e+00
     29.000    13.2495   3.875520    32.6731        999     0.6929 0.0000e+00
     30.000    13.3215   3.893888    32.7831       1021     0.7087 0.0000e+00
     31.000    13.3791   3.911446    32.8978       1043     0.7238 0.0000e+00
     32.000    13.2765   3.903482    32.9113       1068     0.7410 0.0000e+00
     33.000    13.2816   3.913527    33.0009       1101     0.7638 0.0000e+00
     34.000    13.3897   3.942589    33.1795       1138     0.7893 0.0000e+00
     35.000    13.1772   3.929659    33.2429       1168     0.8101 0.0000e+00
     36.000    12.9391   3.907676    33.2435       1191     0.8261 0.0000e+00
     37.000    12.2187   3.839178    33.2239       1210     0.8398 0.0000e+00
     38.000    11.9537   3.805515    33.1339       1229     0.8531 0.0000e+00
     39.000    11.7548   3.784866    33.1097       1250     0.8677 0.0000e+00
     40.000    11.4416   3.752833    33.0758       1277     0.8861 0.0000e+00
     41.000    11.2053   3.728472    33.0474       1312     0.9103 0.0000e+00
     42.000    11.0077   3.710078    33.0427       1342     0.9311 0.0000e+00
     43.000    10.7201   3.683142    33.0337       1364     0.9469 0.0000e+00
     44.000    10.4004   3.651247    33.0033       1389     0.9638 0.0000e+00
     45.000    10.3078   3.643275    33.0068       1419     0.9845 0.0000e+00
     46.000    10.2495   3.637971    33.0059       1448     1.0050 0.0000e+00
     47.000    10.1938   3.633205    33.0080       1473     1.0224 0.0000e+00
     48.000    10.1747   3.632024    33.0130       1496     1.0380 0.0000e+00
     49.000    10.2073   3.637169    33.0348       1518     1.0536 0.0000e+00
     50.000    10.2243   3.643110    33.0789       1543     1.0706 0.0000e+00
     51.000    10.1082   3.634569    33.0981       1570     1.0894 0.0000e+00
     52.000     9.9610   3.621965    33.1045       1598     1.1089 0.0000e+00
     53.000     9.9288   3.618428    33.0976       1625     1.1277 0.0000e+00
     54.000     9.9232   3.617704    33.0949       1652     1.1467 0.0000e+00
     55.000     9.9182   3.617232    33.0943       1681     1.1667 0.0000e+00
     56.000     9.9137   3.616818    33.0938       1709     1.1863 0.0000e+00
     57.000     9.9084   3.616376    33.0937       1734     1.2038 0.0000e+00
     58.000     9.9053   3.616123    33.0935       1758     1.2201 0.0000e+00
     59.000     9.8998   3.616139    33.0983       1780     1.2353 0.0000e+00
     60.000     9.8965   3.616317    33.1027       1801     1.2502 0.0000e+00
     61.000     9.8924   3.616419    33.1070       1825     1.2668 0.0000e+00
     62.000     9.8544   3.616599    33.1433       1853     1.2859 0.0000e+00
     63.000     9.8188   3.616645    33.1761       1883     1.3069 0.0000e+00
     64.000     9.8027   3.616620    33.1902       1918     1.3312 0.0000e+00
     65.000     9.7922   3.616615    33.1994       1951     1.3544 0.0000e+00
     66.000     9.7832   3.616687    33.2080       1976     1.3715 0.0000e+00
     67.000     9.7780   3.616716    33.2127       1996     1.3854 0.0000e+00
     68.000     9.7743   3.616773    33.2162       2015     1.3988 0.0000e+00
     69.000     9.7723   3.616788    33.2177       2037     1.4137 0.0000e+00
     70.000     9.7697   3.616805    33.2198       2065     1.4332 0.0000e+00
     71.000     9.7701   3.616785    33.2188       2098     1.4565 0.0000e+00
     72.000     9.7704   3.616775    33.2179       2125     1.4753 0.0000e+00
     73.000     9.7695   3.616794    33.2186       2149     1.4917 0.0000e+00
     74.000     9.7694   3.616804    33.2183       2176     1.5107 0.0000e+00
     75.000     9.7683   3.616818    33.2190       2210     1.5337 0.0000e+00
     76.000     9.7673   3.616856    33.2199       2239     1.5544 0.0000e+00
     77.000     9.7662   3.616883    33.2207       2267     1.5735 0.0000e+00
     78.000     9.7636   3.616981    33.2237       2293     1.5915 0.0000e+00
     79.000     9.7629   3.617023    33.2243       2315     1.6071 0.0000e+00
     80.000     9.7608   3.617101    33.2265       2325     1.6142 0.0000e+00
     79.000     9.7626   3.616866    33.2230       2587     1.7957 0.0000e+00
     78.000     9.7637   3.616502    33.2187       3586     2.4895 0.0000e+00
     77.000     9.7639   3.616475    33.2187       3494     2.4258 0.0000e+00
     76.000     9.7642   3.616398    33.2180       3520     2.4436 0.0000e+00
     75.000     9.7646   3.616319    33.2173       3548     2.4633 0.0000e+00
     74.000     9.7660   3.616222    33.2155       3583     2.4873 0.0000e+00
     73.000     9.7681   3.616120    33.2130       3615     2.5099 0.0000e+00
     72.000     9.7684   3.616061    33.2125       3639     2.5261 0.0000e+00
     71.000     9.7686   3.616015    33.2123       3658     2.5398 0.0000e+00
     70.000     9.7698   3.615946    33.2109       3678     2.5536 0.0000e+00
     69.000     9.7707   3.615877    33.2099       3701     2.5693 0.0000e+00
     68.000     9.7730   3.615774    33.2072       3726     2.5869 0.0000e+00
     67.000     9.7760   3.615654    33.2036       3755     2.6069 0.0000e+00
     66.000     9.7765   3.615583    33.2028       3789     2.6307 0.0000e+00
     65.000     9.7802   3.615496    33.1991       3820     2.6523 0.0000e+00
     64.000     9.7911   3.615298    33.1874       3844     2.6686 0.0000e+00
     63.000     9.8000   3.615142    33.1780       3865     2.6834 0.0000e+00
     62.000     9.8104   3.615037    33.1679       3889     2.7000 0.0000e+00
     61.000     9.8429   3.614778    33.1358       3916     2.7190 0.0000e+00
     60.000     9.8751   3.614495    33.1037       3942     2.7365 0.0000e+00
     59.000     9.8882   3.614333    33.0906       3964     2.7522 0.0000e+00
     58.000     9.8918   3.614180    33.0861       3987     2.7680 0.0000e+00
     57.000     9.8955   3.614152    33.0829       4011     2.7849 0.0000e+00
     56.000     9.9084   3.614332    33.0733       4041     2.8053 0.0000e+00
     55.000     9.9118   3.614511    33.0725       4071     2.8265 0.0000e+00
     54.000     9.9158   3.614717    33.0714       4095     2.8432 0.0000e+00
     53.000     9.9184   3.614841    33.0707       4119     2.8595 0.0000e+00
     52.000     9.9239   3.615199    33.0697       4151     2.8819 0.0000e+00
     51.000     9.9976   3.620373    33.0553       4183     2.9039 0.0000e+00
     50.000    10.0924   3.627891    33.0453       4202     2.9173 0.0000e+00
     49.000    10.1657   3.634338    33.0442       4218     2.9284 0.0000e+00
     48.000    10.1456   3.631912    33.0383       4235     2.9403 0.0000e+00
     47.000    10.1544   3.628828    32.9996       4258     2.9560 0.0000e+00
     46.000    10.2002   3.629347    32.9636       4291     2.9792 0.0000e+00
     45.000    10.2339   3.632030    32.9605       4322     3.0007 0.0000e+00
     44.000    10.3197   3.637785    32.9411       4351     3.0207 0.0000e+00
     43.000    10.5555   3.655159    32.9026       4382     3.0424 0.0000e+00
     42.000    10.9108   3.687921    32.9099       4407     3.0600 0.0000e+00
     41.000    11.1201   3.710156    32.9429       4428     3.0742 0.0000e+00
     40.000    11.2596   3.723517    32.9504       4447     3.0876 0.0000e+00
     39.000    11.5219   3.747766    32.9549       4468     3.1024 0.0000e+00
     38.000    11.8033   3.779021    33.0102       4494     3.1203 0.0000e+00
     37.000    12.1559   3.811703    33.0148       4524     3.1411 0.0000e+00
     36.000    12.7675   3.875342    33.0869       4551     3.1598 0.0000e+00
     35.000    13.1004   3.910692    33.1310       4576     3.1768 0.0000e+00
     34.000    13.2378   3.921812    33.1165       4600     3.1941 0.0000e+00
     33.000    13.2812   3.909998    32.9681       4626     3.2119 0.0000e+00
     32.000    13.2297   3.898521    32.9051       4651     3.2294 0.0000e+00
     31.000    13.1985   3.886671    32.8211       4677     3.2470 0.0000e+00
     30.000    13.3062   3.895550    32.8120       4704     3.2658 0.0000e+00
     29.000    13.2473   3.881598    32.7321       4732     3.2852 0.0000e+00
     28.000    13.1364   3.857320    32.5994       4757     3.3026 0.0000e+00
     27.000    13.0938   3.834671    32.4232       4780     3.3186 0.0000e+00
     26.000    13.2022   3.841188    32.3923       4802     3.3340 0.0000e+00
     25.000    13.3687   3.852251    32.3548       4827     3.3510 0.0000e+00
     24.000    13.4859   3.861867    32.3456       4857     3.3725 0.0000e+00
     23.000    13.7105   3.879110    32.3165       4887     3.3931 0.0000e+00
     22.000    13.9598   3.899715    32.2977       4909     3.4084 0.0000e+00
     21.000    13.9322   3.894615    32.2742       4928     3.4215 0.0000e+00
     20.000    13.9233   3.892489    32.2625       4948     3.4356 0.0000e+00
     19.000    14.1979   3.913344    32.2249       4979     3.4567 0.0000e+00
     18.000    14.4969   3.935553    32.1795       5019     3.4848 0.0000e+00
     17.000    14.6669   3.944893    32.1240       5044     3.5022 0.0000e+00
     16.000    14.8734   3.955714    32.0522       5063     3.5150 0.0000e+00
     15.000    14.9658   3.961375    32.0278       5080     3.5271 0.0000e+00
     14.000    15.1338   3.972569    31.9913       5100     3.5413 0.0000e+00
     13.000    15.3641   3.993468    31.9909       5133     3.5642 0.0000e+00
     12.000    15.4304   4.001656    32.0104       5169     3.5889 0.0000e+00
     11.000    15.4240   4.001305    32.0129       5190     3.6037 0.0000e+00
     10.000    15.4442   4.003290    32.0145       5209     3.6165 0.0000e+00
      9.000    15.4436   4.003377    32.0161       5229     3.6308 0.0000e+00
      8.000    15.4581   4.004892    32.0182       5264     3.6549 0.0000e+00
      7.000    15.4504   4.004570    32.0219       5299     3.6793 0.0000e+00
      6.000    15.4493   4.004589    32.0234       5319     3.6934 0.0000e+00
      5.000    15.4460   4.004376    32.0245       5337     3.7056 0.0000e+00
      4.000    15.4506   4.004747    32.0245       5359     3.7210 0.0000e+00
      3.000    15.4609   4.005906    32.0268       5414     3.7593 0.0000e+00
      2.000    15.4468   4.004921    32.0299       5498     3.8175 0.0000e+00
