HB2304/ctd124.cnv
* Sea-Bird SBE 9 Data File:
* FileName = C:\cruise\data\ctd124.hex
* Software Version Seasave V 7.26.7.121
* Temperature SN = 4591
* Conductivity SN = 3741
* Number of Bytes Per Scan = 37
* Number of Voltage Words = 4
* Number of Scans Averaged by the Deck Unit = 1
* NMEA Latitude = 42 11.27 N
* NMEA Longitude = 067 06.43 W
* NMEA UTC (Time) = Oct 17 2023  15:53:15
* NMEA baud rate = 4800
** Ship: Bigelow HB2304
** Program:  Fall Bottom Trawl Survey
** Chief Scientist: John Galbraith
# nquan = 7
# nvalues = 338                         
# units = specified
# name 0 = depSM: Depth [salt water, m]
# name 1 = t090C: Temperature [ITS-90, deg C]
# name 2 = c0S/m: Conductivity [S/m]
# name 3 = sal00: Salinity, Practical [PSU]
# name 4 = scan: Scan Count
# name 5 = timeM: Time, Elapsed [minutes]
# name 6 = flag: flag
# span 0 =      3.000,    172.000       
# span 1 =     7.6733,    15.1282       
# span 2 =   3.425505,   3.941500       
# span 3 =    31.7142,    34.6566       
# span 4 =        110,      11610       
# span 5 =     0.0757,     8.0619       
# span 6 = 0.0000e+00, 0.0000e+00       
# interval = meters: 1                  
# start_time = Oct 17 2023 15:53:15 [NMEA time, header]
# bad_flag = -9.990e-29
*END*
      4.000    15.1040   3.939339    31.7211        110     0.0757 0.0000e+00
      5.000    15.1059   3.939560    31.7212        268     0.1854 0.0000e+00
      6.000    15.1066   3.939677    31.7213        369     0.2553 0.0000e+00
      7.000    15.1042   3.939528    31.7215        446     0.3091 0.0000e+00
      8.000    15.1137   3.940304    31.7204        465     0.3223 0.0000e+00
      9.000    15.1129   3.940360    31.7212        483     0.3345 0.0000e+00
     10.000    15.1137   3.940479    31.7213        497     0.3442 0.0000e+00
     11.000    15.1055   3.939824    31.7216        612     0.4245 0.0000e+00
     12.000    15.1069   3.939993    31.7217        815     0.5651 0.0000e+00
     13.000    15.0954   3.939382    31.7251        914     0.6341 0.0000e+00
     14.000    15.0726   3.937959    31.7304        930     0.6451 0.0000e+00
     15.000    15.0186   3.935076    31.7480        944     0.6546 0.0000e+00
     16.000    14.9510   3.930646    31.7627        956     0.6632 0.0000e+00
     17.000    14.9574   3.930750    31.7581        968     0.6712 0.0000e+00
     18.000    14.8769   3.926388    31.7839        979     0.6795 0.0000e+00
     19.000    14.7855   3.920334    31.8035        993     0.6887 0.0000e+00
     20.000    14.7419   3.917322    31.8114       1009     0.6998 0.0000e+00
     21.000    14.7041   3.915217    31.8229       1031     0.7156 0.0000e+00
     22.000    14.5748   3.907675    31.8601       1120     0.7768 0.0000e+00
     23.000    14.5303   3.905362    31.8752       1178     0.8175 0.0000e+00
     24.000    14.4351   3.899937    31.9037       1189     0.8250 0.0000e+00
     25.000    14.3777   3.896348    31.9179       1199     0.8322 0.0000e+00
     26.000    14.3423   3.894071    31.9259       1209     0.8388 0.0000e+00
     27.000    14.3028   3.891382    31.9336       1219     0.8457 0.0000e+00
     28.000    14.2712   3.889247    31.9398       1228     0.8523 0.0000e+00
     29.000    14.2483   3.887591    31.9432       1238     0.8591 0.0000e+00
     30.000    14.0825   3.876506    31.9785       1254     0.8704 0.0000e+00
     31.000    13.9783   3.867954    31.9860       1343     0.9320 0.0000e+00
     32.000    13.9205   3.864258    31.9996       1403     0.9738 0.0000e+00
     33.000    13.7684   3.853802    32.0295       1417     0.9834 0.0000e+00
     34.000    13.5587   3.837916    32.0572       1430     0.9920 0.0000e+00
     35.000    13.3448   3.821370    32.0823       1442     1.0005 0.0000e+00
     36.000    13.2653   3.814428    32.0839       1454     1.0094 0.0000e+00
     37.000    13.1981   3.809292    32.0920       1470     1.0198 0.0000e+00
     38.000    13.1129   3.803052    32.1050       1491     1.0349 0.0000e+00
     39.000    13.0461   3.797719    32.1110       1541     1.0693 0.0000e+00
     40.000    12.9318   3.790147    32.1362       1605     1.1139 0.0000e+00
     41.000    12.8191   3.783451    32.1683       1634     1.1342 0.0000e+00
     42.000    12.6980   3.775968    32.2002       1653     1.1470 0.0000e+00
     43.000    12.5922   3.769727    32.2309       1668     1.1575 0.0000e+00
     44.000    12.4671   3.761475    32.2591       1682     1.1671 0.0000e+00
     45.000    12.4008   3.756748    32.2704       1696     1.1771 0.0000e+00
     46.000    12.3486   3.752651    32.2757       1713     1.1891 0.0000e+00
     47.000    12.3264   3.750673    32.2755       1738     1.2060 0.0000e+00
     48.000    12.3039   3.748838    32.2769       1771     1.2295 0.0000e+00
     49.000    12.2301   3.743052    32.2845       1819     1.2623 0.0000e+00
     50.000    12.0649   3.731599    32.3167       1868     1.2962 0.0000e+00
     51.000    11.4659   3.686738    32.4023       1887     1.3098 0.0000e+00
     52.000    11.0131   3.651013    32.4489       1903     1.3206 0.0000e+00
     53.000    10.6678   3.624833    32.4947       1917     1.3304 0.0000e+00
     54.000    10.4517   3.608782    32.5266       1932     1.3407 0.0000e+00
     55.000    10.2878   3.595300    32.5374       1949     1.3526 0.0000e+00
     56.000    10.2050   3.588192    32.5396       1975     1.3709 0.0000e+00
     57.000    10.1596   3.583841    32.5360       2018     1.4009 0.0000e+00
     58.000    10.0693   3.577313    32.5508       2054     1.4259 0.0000e+00
     59.000     9.9779   3.570530    32.5639       2079     1.4433 0.0000e+00
     60.000     9.9785   3.570213    32.5597       2104     1.4601 0.0000e+00
     61.000     9.9801   3.570118    32.5569       2129     1.4778 0.0000e+00
     62.000     9.9824   3.570405    32.5573       2154     1.4951 0.0000e+00
     63.000     9.9824   3.570447    32.5573       2179     1.5125 0.0000e+00
     64.000     9.9823   3.570602    32.5585       2206     1.5312 0.0000e+00
     65.000     9.9817   3.570795    32.5605       2231     1.5488 0.0000e+00
     66.000     9.9759   3.571073    32.5682       2254     1.5643 0.0000e+00
     67.000     9.9742   3.570940    32.5679       2275     1.5794 0.0000e+00
     68.000     9.9634   3.570805    32.5758       2303     1.5988 0.0000e+00
     69.000     9.9561   3.570195    32.5758       2355     1.6345 0.0000e+00
     70.000     9.9258   3.567912    32.5795       2391     1.6596 0.0000e+00
     71.000     9.8913   3.564711    32.5777       2410     1.6732 0.0000e+00
     72.000     9.8955   3.564694    32.5733       2426     1.6838 0.0000e+00
     73.000     9.8808   3.563644    32.5755       2439     1.6933 0.0000e+00
     74.000     9.8741   3.563002    32.5745       2453     1.7028 0.0000e+00
     75.000     9.8799   3.563431    32.5733       2470     1.7146 0.0000e+00
     76.000     9.8382   3.560285    32.5785       2540     1.7635 0.0000e+00
     77.000     9.8460   3.560527    32.5735       2584     1.7935 0.0000e+00
     78.000     9.8461   3.560734    32.5750       2599     1.8044 0.0000e+00
     79.000     9.8156   3.558534    32.5798       2615     1.8150 0.0000e+00
     80.000     9.7748   3.554962    32.5798       2631     1.8263 0.0000e+00
     81.000     9.7602   3.553792    32.5807       2652     1.8407 0.0000e+00
     82.000     9.7418   3.552208    32.5807       2686     1.8644 0.0000e+00
     83.000     9.7386   3.552039    32.5815       2724     1.8907 0.0000e+00
     84.000     9.7339   3.552387    32.5889       2749     1.9081 0.0000e+00
     85.000     9.7347   3.552401    32.5878       2772     1.9240 0.0000e+00
     86.000     9.7352   3.552433    32.5873       2797     1.9419 0.0000e+00
     87.000     9.7359   3.552483    32.5867       2828     1.9632 0.0000e+00
     88.000     9.7362   3.552545    32.5866       2858     1.9844 0.0000e+00
     89.000     9.7348   3.552507    32.5870       2889     2.0052 0.0000e+00
     90.000     9.7349   3.552504    32.5865       2921     2.0278 0.0000e+00
     91.000     9.7084   3.551425    32.5990       2951     2.0485 0.0000e+00
     92.000     9.6985   3.550816    32.6013       2973     2.0637 0.0000e+00
     93.000     9.7026   3.551109    32.6002       2991     2.0764 0.0000e+00
     94.000     9.7068   3.551277    32.5976       3010     2.0894 0.0000e+00
     95.000     9.7096   3.551525    32.5972       3032     2.1052 0.0000e+00
     96.000     9.7055   3.551548    32.6007       3063     2.1266 0.0000e+00
     97.000     9.6920   3.551037    32.6073       3105     2.1556 0.0000e+00
     98.000     9.6693   3.549646    32.6132       3154     2.1899 0.0000e+00
     99.000     9.6512   3.548210    32.6145       3186     2.2115 0.0000e+00
    100.000     9.6393   3.547219    32.6147       3204     2.2244 0.0000e+00
    101.000     9.6226   3.546053    32.6175       3219     2.2349 0.0000e+00
    102.000     9.5689   3.542110    32.6255       3234     2.2451 0.0000e+00
    103.000     9.5211   3.537458    32.6209       3250     2.2562 0.0000e+00
    104.000     9.4839   3.534346    32.6224       3272     2.2714 0.0000e+00
    105.000     9.4704   3.532960    32.6199       3335     2.3152 0.0000e+00
    106.000     9.4666   3.533100    32.6244       3395     2.3571 0.0000e+00
    107.000     9.4613   3.533022    32.6280       3409     2.3665 0.0000e+00
    108.000     9.4568   3.533147    32.6329       3423     2.3764 0.0000e+00
    109.000     9.4557   3.533305    32.6350       3437     2.3864 0.0000e+00
    110.000     9.4605   3.534272    32.6402       3456     2.3990 0.0000e+00
    111.000     9.4827   3.536887    32.6463       3484     2.4188 0.0000e+00
    112.000     9.4615   3.536588    32.6622       3521     2.4446 0.0000e+00
    113.000     9.3169   3.528271    32.7082       3556     2.4688 0.0000e+00
    114.000     9.1642   3.517311    32.7345       3600     2.4990 0.0000e+00
    115.000     9.1373   3.515151    32.7363       3636     2.5240 0.0000e+00
    116.000     9.1302   3.514658    32.7372       3659     2.5404 0.0000e+00
    117.000     9.0965   3.512399    32.7444       3680     2.5549 0.0000e+00
    118.000     9.0510   3.509397    32.7546       3701     2.5697 0.0000e+00
    119.000     8.9809   3.504506    32.7679       3726     2.5866 0.0000e+00
    120.000     8.9046   3.499105    32.7816       3753     2.6054 0.0000e+00
    121.000     8.8747   3.496846    32.7853       3781     2.6252 0.0000e+00
    122.000     8.8217   3.492988    32.7935       3815     2.6489 0.0000e+00
    123.000     8.8010   3.491387    32.7954       3862     2.6812 0.0000e+00
    124.000     8.7663   3.489095    32.8032       3903     2.7098 0.0000e+00
    125.000     8.7374   3.486962    32.8072       3928     2.7268 0.0000e+00
    126.000     8.7224   3.485954    32.8101       3945     2.7392 0.0000e+00
    127.000     8.6957   3.484147    32.8154       3962     2.7505 0.0000e+00
    128.000     8.6723   3.482467    32.8191       3979     2.7625 0.0000e+00
    129.000     8.6514   3.480925    32.8218       4004     2.7801 0.0000e+00
    130.000     8.6304   3.479161    32.8223       4089     2.8390 0.0000e+00
    131.000     8.6023   3.477401    32.8296       4119     2.8598 0.0000e+00
    132.000     8.5820   3.476043    32.8337       4135     2.8708 0.0000e+00
    133.000     8.5310   3.472841    32.8470       4150     2.8814 0.0000e+00
    134.000     8.4999   3.470501    32.8509       4167     2.8928 0.0000e+00
    135.000     8.4615   3.467948    32.8593       4191     2.9099 0.0000e+00
    136.000     8.4092   3.464317    32.8693       4234     2.9393 0.0000e+00
    137.000     8.3419   3.459924    32.8853       4270     2.9647 0.0000e+00
    138.000     8.3083   3.458055    32.8964       4304     2.9882 0.0000e+00
    139.000     8.2842   3.456924    32.9066       4339     3.0124 0.0000e+00
    140.000     8.2414   3.455176    32.9277       4369     3.0334 0.0000e+00
    141.000     8.1795   3.452053    32.9522       4396     3.0518 0.0000e+00
    142.000     8.1375   3.449245    32.9613       4418     3.0670 0.0000e+00
    143.000     8.0637   3.444418    32.9788       4438     3.0812 0.0000e+00
    144.000     8.0154   3.440629    32.9835       4461     3.0975 0.0000e+00
    145.000     7.9850   3.438001    32.9837       4492     3.1185 0.0000e+00
    146.000     7.9340   3.434240    32.9912       4526     3.1425 0.0000e+00
    147.000     7.8559   3.429055    33.0090       4586     3.1841 0.0000e+00
    148.000     7.8101   3.427639    33.0367       4625     3.2109 0.0000e+00
    149.000     7.7736   3.426174    33.0552       4640     3.2213 0.0000e+00
    150.000     7.7246   3.425781    33.0969       4653     3.2307 0.0000e+00
    151.000     7.7049   3.426658    33.1245       4667     3.2403 0.0000e+00
    152.000     7.6978   3.427179    33.1365       4684     3.2523 0.0000e+00
    153.000     7.6922   3.428651    33.1571       4716     3.2742 0.0000e+00
    154.000     7.6918   3.430189    33.1735       4768     3.3102 0.0000e+00
    155.000     7.6882   3.430512    33.1799       4813     3.3418 0.0000e+00
    156.000     7.6763   3.430836    33.1943       4850     3.3670 0.0000e+00
    157.000     7.6733   3.432558    33.2152       4874     3.3837 0.0000e+00
    158.000     7.6744   3.436799    33.2592       4895     3.3989 0.0000e+00
    159.000     7.6763   3.439295    33.2838       4918     3.4148 0.0000e+00
    160.000     7.6991   3.445870    33.3322       4940     3.4300 0.0000e+00
    161.000     7.7736   3.460935    33.4222       4959     3.4433 0.0000e+00
    162.000     7.8225   3.471854    33.4920       4977     3.4554 0.0000e+00
    163.000     7.8911   3.486025    33.5774       4995     3.4682 0.0000e+00
    164.000     7.9551   3.500163    33.6667       5058     3.5115 0.0000e+00
    165.000     8.0888   3.525768    33.8108       5128     3.5602 0.0000e+00
    166.000     8.3787   3.585515    34.1654       5145     3.5721 0.0000e+00
    167.000     8.4686   3.604283    34.2765       5160     3.5826 0.0000e+00
    168.000     8.5392   3.629090    34.4697       5174     3.5922 0.0000e+00
    169.000     8.5543   3.641001    34.5805       5187     3.6014 0.0000e+00
    170.000     8.5581   3.646270    34.6320       5200     3.6106 0.0000e+00
    171.000     8.5594   3.648649    34.6554       5214     3.6201 0.0000e+00
    172.000     8.5553   3.648428    34.6566       5248     3.6436 0.0000e+00
    171.000     8.5258   3.640972    34.6072       5280     3.6658 0.0000e+00
    170.000     8.5068   3.631203    34.5228       5297     3.6778 0.0000e+00
    169.000     8.5489   3.645081    34.6290       5315     3.6901 0.0000e+00
    168.000     8.5550   3.643799    34.6099       5907     4.1013 0.0000e+00
    167.000     8.5472   3.637802    34.5546       6269     4.3530 0.0000e+00
    166.000     8.4946   3.620009    34.4181       6299     4.3738 0.0000e+00
    165.000     8.3461   3.589646    34.2411       6320     4.3880 0.0000e+00
    164.000     8.1245   3.539853    33.9271       6341     4.4028 0.0000e+00
    163.000     8.0011   3.513309    33.7634       6364     4.4185 0.0000e+00
    162.000     7.8904   3.489354    33.6142       6389     4.4358 0.0000e+00
    161.000     7.8072   3.470780    33.4956       6417     4.4554 0.0000e+00
    160.000     7.7601   3.460210    33.4278       6454     4.4810 0.0000e+00
    159.000     7.6856   3.441598    33.2997       6505     4.5164 0.0000e+00
    158.000     7.6874   3.439552    33.2764       6533     4.5363 0.0000e+00
    157.000     7.6796   3.436045    33.2467       6552     4.5490 0.0000e+00
    156.000     7.6776   3.432814    33.2143       6568     4.5602 0.0000e+00
    155.000     7.6858   3.431628    33.1942       6583     4.5711 0.0000e+00
    154.000     7.6916   3.430561    33.1777       6601     4.5834 0.0000e+00
    153.000     7.6955   3.427858    33.1454       6623     4.5986 0.0000e+00
    152.000     7.6993   3.427022    33.1333       6649     4.6169 0.0000e+00
    151.000     7.7234   3.425625    33.0960       6677     4.6364 0.0000e+00
    150.000     7.7709   3.425505    33.0501       6708     4.6576 0.0000e+00
    149.000     7.7874   3.425938    33.0396       6752     4.6885 0.0000e+00
    148.000     7.8133   3.426796    33.0247       6793     4.7167 0.0000e+00
    147.000     7.8578   3.427686    32.9927       6817     4.7330 0.0000e+00
    146.000     7.8846   3.428499    32.9765       6835     4.7461 0.0000e+00
    145.000     7.9439   3.432315    32.9618       6852     4.7577 0.0000e+00
    144.000     7.9875   3.436096    32.9616       6868     4.7687 0.0000e+00
    143.000     8.0140   3.438432    32.9619       6885     4.7805 0.0000e+00
    142.000     8.0951   3.443918    32.9445       6907     4.7962 0.0000e+00
    141.000     8.1724   3.449426    32.9309       6981     4.8469 0.0000e+00
    140.000     8.2090   3.450639    32.9099       7015     4.8708 0.0000e+00
    139.000     8.2522   3.452254    32.8870       7033     4.8835 0.0000e+00
    138.000     8.2772   3.453445    32.8768       7052     4.8965 0.0000e+00
    137.000     8.3251   3.456334    32.8631       7071     4.9095 0.0000e+00
    136.000     8.4123   3.462155    32.8436       7092     4.9240 0.0000e+00
